0.0 1.0 -4.433786671143025e-11 0.0 -7.450580596923828e-09 -4.433786671143025e-11 1.0 0.0 -1.1920928955078125e-07 0.0 0.0 1.0 0.0
0.1037359 0.9999911189079285 -0.002581845037639141 -0.0033287443220615387 0.0007874022703617811 0.002575284568592906 0.9999947547912598 -0.001973607810214162 -0.007066814694553614 0.0033338223583996296 0.001965017756447196 0.9999924898147583 0.6892953515052795
0.2073381 0.9999730587005615 -0.0014533567009493709 -0.007195803336799145 -0.010110958479344845 0.0014274799032136798 0.9999924898147583 -0.003599930554628372 -0.008566753007471561 0.0072009810246527195 0.0035895616747438908 0.999967634677887 1.3922476768493652
0.3110752 0.9999290704727173 -0.001680151210166514 -0.01178798172622919 -0.012443694286048412 0.0016197114018723369 0.9999855160713196 -0.005134868901222944 -0.00866828765720129 0.011796439066529274 0.005115411709994078 0.9999173283576965 2.1243746280670166
0.4146917 0.9998602271080017 -0.00029209975036792457 -0.016715198755264282 -0.0275806225836277 0.00020010668959002942 0.999984860420227 -0.005504957865923643 -0.01688801869750023 0.016716554760932922 0.005500844679772854 0.9998451471328735 2.86962628364563
0.5184302 0.9997807741165161 -0.0012471121735870838 -0.020898396149277687 -0.048897698521614075 0.0011202674359083176 0.9999809861183167 -0.006080188788473606 -0.019088920205831528 0.020905576646327972 0.0060554444789886475 0.9997631907463074 3.6375865936279297
0.6220448 0.9996799230575562 0.0008500072872266173 -0.025286272168159485 -0.07706934213638306 -0.001034552464261651 0.9999728798866272 -0.007286044303327799 -0.029776571318507195 0.025279387831687927 0.007309870328754187 0.999653697013855 4.4065446853637695
0.7257977 0.9995354413986206 0.0037090114783495665 -0.03025503270328045 -0.10568434745073318 -0.003962512593716383 0.9999575018882751 -0.008323164656758308 -0.03166263923048973 0.030222874134778976 0.008439181372523308 0.9995075464248657 5.202327251434326
0.8294199 0.999406099319458 0.0036588842049241066 -0.03426443040370941 -0.14365652203559875 -0.0038707442581653595 0.9999738335609436 -0.006118811201304197 -0.04929376021027565 0.03424113616347313 0.006247806362807751 0.9993940591812134 6.006641387939453
0.9331467 0.9992526769638062 0.0026086659636348486 -0.038565345108509064 -0.17947426438331604 -0.0027296124026179314 0.9999915361404419 -0.0030838027596473694 -0.060443006455898285 0.03855697438120842 0.003186767688021064 0.9992513060569763 6.828450679779053
1.03691 0.9991187453269958 0.0025091783609241247 -0.041898809373378754 -0.21901428699493408 -0.0025362572632730007 0.9999966025352478 -0.0005931489868089557 -0.06764024496078491 0.041897185146808624 0.0006988924578763545 0.9991216659545898 7.656406402587891
1.140497 0.9990097880363464 0.003863592864945531 -0.04432307556271553 -0.26209816336631775 -0.003925750032067299 0.9999914169311523 -0.0013153995387256145 -0.07317601144313812 0.044317618012428284 0.0014880984090268612 0.9990164041519165 8.492619514465332
1.244242 0.9989055395126343 0.0033015029039233923 -0.0466572530567646 -0.29963529109954834 -0.0033595168497413397 0.999993622303009 -0.0011650290107354522 -0.08467922359704971 0.046653106808662415 0.0013204996939748526 0.9989103078842163 9.332928657531738
1.347979 0.9988234639167786 0.000565761118195951 -0.048490606248378754 -0.3442935049533844 -0.0006640961510129273 0.9999977350234985 -0.0020118325483053923 -0.09174463152885437 0.048489365726709366 0.0020416676998138428 0.9988216161727905 10.193702697753906
1.451596 0.9987265467643738 0.0006643945816904306 -0.050445664674043655 -0.38669323921203613 -0.0007256499375216663 0.9999989867210388 -0.0011959760449826717 -0.09747407585382462 0.050444819033145905 0.0012310583842918277 0.9987260699272156 11.048380851745605
1.555212 0.9986765384674072 -0.0011019533267244697 -0.0514194518327713 -0.43842047452926636 0.0010211904300376773 0.9999982118606567 -0.0015969141386449337 -0.10277336835861206 0.05142112448811531 0.0015422914875671268 0.9986758232116699 11.922255516052246
1.65896 0.9985696077346802 0.0009757343214005232 -0.05345870926976204 -0.49364709854125977 -0.0011663653422147036 0.999993085861206 -0.003534865565598011 -0.11778013408184052 0.05345489829778671 0.00359216146171093 0.998563826084137 12.812762260437012
1.762569 0.9984936714172363 0.0015854511875659227 -0.05484648793935776 -0.5444727540016174 -0.0019323452142998576 0.9999784231185913 -0.006272363476455212 -0.12468764185905457 0.054835375398397446 0.006368895992636681 0.9984751343727112 13.70604133605957
1.866302 0.9984016418457031 0.005095574539154768 -0.05628791078925133 -0.6079085469245911 -0.00554342707619071 0.9999542236328125 -0.007803198415786028 -0.13708429038524628 0.056245576590299606 0.008102752268314362 0.9983840584754944 14.593006134033203
1.969923 0.9983252286911011 0.006052468437701464 -0.05753389745950699 -0.6634291410446167 -0.006486798170953989 0.9999518394470215 -0.007365344557911158 -0.15338148176670074 0.057486556470394135 0.007726220414042473 0.9983163475990295 15.504029273986816
2.073666 0.9982514977455139 0.00513841537758708 -0.058885157108306885 -0.7149785757064819 -0.0055076926946640015 0.9999661445617676 -0.006110575050115585 -0.16566482186317444 0.05885176360607147 0.006424212362617254 0.9982460737228394 16.416391372680664
2.177281 0.9981632828712463 0.005833909846842289 -0.06030017137527466 -0.7756893634796143 -0.006106935907155275 0.999971866607666 -0.004344490356743336 -0.18026426434516907 0.06027313321828842 0.004704760853201151 0.998170793056488 17.34417724609375
2.281017 0.9981216788291931 0.005339735187590122 -0.061030734330415726 -0.8331782817840576 -0.005609564483165741 0.9999752044677734 -0.004250731319189072 -0.19174018502235413 0.06100652366876602 0.004585102666169405 0.9981268048286438 18.268674850463867
2.384639 0.9980002045631409 0.005254564341157675 -0.06299220770597458 -0.894916832447052 -0.005587723571807146 0.9999712705612183 -0.005113889463245869 -0.20395272970199585 0.06296353042125702 0.005455643869936466 0.9980009198188782 19.207096099853516
2.48825 0.9979572892189026 0.003952831029891968 -0.06376320123672485 -0.9564661979675293 -0.004320910200476646 0.9999748468399048 -0.00563573045656085 -0.21667730808258057 0.06373932957649231 0.0058997324667871 0.9979491829872131 20.14129066467285
2.591988 0.997959315776825 0.003648938611149788 -0.06374818086624146 -1.0308783054351807 -0.003911586944013834 0.9999843835830688 -0.003995782695710659 -0.22752293944358826 0.06373260170221329 0.004236984066665173 0.9979580640792847 21.094926834106445
2.695832 0.9979153275489807 0.004934130702167749 -0.06434758752584457 -1.088111162185669 -0.004995123948901892 0.9999871850013733 -0.0007870362023822963 -0.23835767805576324 0.06434286385774612 0.0011068196035921574 0.9979272484779358 22.041812896728516
2.799367 0.9979785680770874 0.005614059045910835 -0.06330352276563644 -1.1496832370758057 -0.005427850876003504 0.9999803900718689 0.00311309564858675 -0.24816368520259857 0.06331977993249893 -0.0027632005512714386 0.9979894161224365 22.995258331298828
2.903084 0.9980835318565369 0.004192282445728779 -0.06173814833164215 -1.2121856212615967 -0.003844594117254019 0.9999760389328003 0.005749381147325039 -0.24937507510185242 0.06176077574491501 -0.005501005798578262 0.9980758428573608 23.952075958251953
3.006768 0.9981647729873657 0.00451153889298439 -0.060389354825019836 -1.2741332054138184 -0.004106097389012575 0.9999681711196899 0.0068362061865627766 -0.2596747577190399 0.0604182705283165 -0.00657569570466876 0.9981514811515808 24.93306541442871
3.110441 0.9982324242591858 0.004813091829419136 -0.05923638120293617 -1.3273628950119019 -0.004595823585987091 0.9999821782112122 0.00380351091735065 -0.2633947432041168 0.05925362929701805 -0.0035245493054389954 0.9982366561889648 25.90606689453125
3.214057 0.9983049035072327 0.006037295330315828 -0.05788722634315491 -1.3971542119979858 -0.006087548565119505 0.9999812245368958 -0.0006918408907949924 -0.2701447606086731 0.05788196250796318 0.0010430580005049706 0.9983229041099548 26.865766525268555
3.317669 0.998373806476593 0.004786944482475519 -0.056805387139320374 -1.4524073600769043 -0.005002478137612343 0.9999808073043823 -0.0036526655312627554 -0.2780908942222595 0.056786805391311646 0.0039308927953243256 0.998378574848175 27.8662052154541
3.421285 0.9984285831451416 0.002328667091205716 -0.05598961561918259 -1.50934636592865 -0.002471652813255787 0.9999938607215881 -0.002484676893800497 -0.2895314693450928 0.055983465164899826 0.002619158709421754 0.9984281659126282 28.8596134185791
3.524925 0.998409628868103 0.0005074459477327764 -0.05637391284108162 -1.560542106628418 -0.000372435461031273 0.9999970197677612 0.0024053952656686306 -0.3002127707004547 0.05637495964765549 -0.002380574122071266 0.9984068274497986 29.856931686401367
3.628545 0.9983750581741333 -0.002997560426592827 -0.056906118988990784 -1.6193478107452393 0.0033378161024302244 0.9999770522117615 0.005885147023946047 -0.3146304488182068 0.05688716098666191 -0.006065526977181435 0.9983621835708618 30.860618591308594
3.732256 0.9982739090919495 -0.010007929988205433 -0.05787082761526108 -1.6683176755905151 0.010334843769669533 0.9999322891235352 0.005352495703846216 -0.32458072900772095 0.057813335210084915 -0.005941343493759632 0.9983097314834595 31.858339309692383
3.835871 0.9981517791748047 -0.012177583761513233 -0.05953674018383026 -1.720983624458313 0.012277810834348202 0.9999237656593323 0.0013179214438423514 -0.32662343978881836 0.059516143053770065 -0.0020464672707021236 0.998225212097168 32.8580207824707
3.939488 0.9980552792549133 -0.01195407472550869 -0.0611775703728199 -1.779801368713379 0.011804887093603611 0.9999264478683472 -0.002799477893859148 -0.33045002818107605 0.06120653077960014 0.002071838825941086 0.9981229901313782 33.86796951293945
4.043107 0.9979518055915833 -0.01072000153362751 -0.06306581199169159 -1.8498228788375854 0.010519207455217838 0.9999384880065918 -0.0035150458570569754 -0.34475985169410706 0.06309962272644043 0.0028444435447454453 0.9980031251907349 34.87971878051758
4.146888 0.9979020357131958 -0.011216872371733189 -0.0637626051902771 -1.9139106273651123 0.011106240563094616 0.9999361634254456 -0.0020892424508929253 -0.353214293718338 0.06378196179866791 0.0013766963966190815 0.9979628920555115 35.90287399291992
4.25046 0.9978674650192261 -0.007733586244285107 -0.0648116022348404 -1.9954081773757935 0.007804001681506634 0.9999692440032959 0.0008333667647093534 -0.3728521168231964 0.06480314582586288 -0.0013373794499784708 0.9978971481323242 36.93362808227539
4.354202 0.9977825284004211 -0.007207143120467663 -0.06616804748773575 -2.062729597091675 0.007369169034063816 0.9999704957008362 0.0022049511317163706 -0.3865628242492676 0.06615017354488373 -0.002687665168195963 0.9978060722351074 37.95650100708008
4.45794 0.9977200031280518 -0.00628467695787549 -0.06719689816236496 -2.134981870651245 0.006621942389756441 0.9999666213989258 0.0047974903136491776 -0.39446407556533813 0.06716450303792953 -0.005231527145951986 0.9977281093597412 39.00772476196289
4.561559 0.997725248336792 -0.006846302654594183 -0.06706351786851883 -2.2077600955963135 0.007386250887066126 0.9999421834945679 0.007806642912328243 -0.39810630679130554 0.0670061931014061 -0.008284233510494232 0.997718095779419 40.03765106201172
4.665293 0.9977179765701294 -0.0008748154505155981 -0.06751243770122528 -2.293067455291748 0.0015620628837496042 0.9999476075172424 0.010127452202141285 -0.40521809458732605 0.0675000548362732 -0.010209803469479084 0.9976669549942017 41.071319580078125
4.768912 0.9977181553840637 -0.0013280311832204461 -0.06750313192605972 -2.3664512634277344 0.0019765717443078756 0.9999525547027588 0.009541681967675686 -0.4083014726638794 0.06748727709054947 -0.009653337299823761 0.9976733922958374 42.09026336669922
4.872532 0.9977222681045532 -0.0012216223403811455 -0.06744351238012314 -2.430370330810547 0.0017636201810091734 0.9999666213989258 0.007977372035384178 -0.4140525460243225 0.06743151694536209 -0.00807814858853817 0.9976911544799805 43.11180114746094
4.976146 0.9976933002471924 0.0010983396787196398 -0.06787533313035965 -2.501410961151123 -0.0007071439758874476 0.9999829530715942 0.005787204951047897 -0.42029374837875366 0.0678805485367775 -0.005725859198719263 0.9976769089698792 44.13319778442383
5.079909 0.9976276159286499 0.0005625573103316128 -0.06883855164051056 -2.572685956954956 -0.0001422431378159672 0.9999813437461853 0.00611054478213191 -0.42861804366111755 0.06884071975946426 -0.006086258217692375 0.99760901927948 45.152862548828125
5.183503 0.9975540041923523 -0.000999906100332737 -0.06989257037639618 -2.646376609802246 0.00149815424811095 0.9999738335609436 0.007076719775795937 -0.43268540501594543 0.06988365948200226 -0.007164121139794588 0.9975293278694153 46.15747833251953
5.287117 0.9974854588508606 -0.0010354025289416313 -0.07086317241191864 -2.720261335372925 0.0016046371310949326 0.9999668598175049 0.007976412773132324 -0.4383002817630768 0.07085258513689041 -0.008070065639913082 0.9974541068077087 47.19039535522461
5.390861 0.9974424242973328 0.001062213908880949 -0.07146594673395157 -2.790313959121704 -0.0007261357386596501 0.9999884963035583 0.0047284518368542194 -0.44964051246643066 0.07147017121315002 -0.004664463922381401 0.9974318146705627 48.19546890258789
5.494473 0.9974148273468018 0.001428291667252779 -0.0718436911702156 -2.87255597114563 -0.0013969891006127 0.9999988675117493 0.0004859473556280136 -0.45592114329338074 0.07184430956840515 -0.0003843270242214203 0.9974157214164734 49.19178771972656
5.598233 0.997356653213501 0.002770979655906558 -0.07260873168706894 -2.9468517303466797 -0.00284154387190938 0.9999955892562866 -0.0008685586508363485 -0.4697257876396179 0.07260601222515106 0.0010725839529186487 0.9973600506782532 50.19459533691406
5.701829 0.9973363876342773 0.00127420702483505 -0.07292888313531876 -3.0147218704223633 -0.0010610503377392888 0.9999950528144836 0.002961468882858753 -0.48246634006500244 0.07293230295181274 -0.0028761988505721092 0.9973326325416565 51.19493103027344
5.805571 0.9973613023757935 -0.000540815235581249 -0.07259608805179596 -3.0964789390563965 0.000985168619081378 0.9999809265136719 0.006085237488150597 -0.49467527866363525 0.07259140908718109 -0.00614069914445281 0.9973428845405579 52.18899917602539
5.909185 0.9973165988922119 -0.0028743427246809006 -0.07315322011709213 -3.159085988998413 0.0033687057439237833 0.9999723434448242 0.0066354223527014256 -0.5053178071975708 0.07313212007284164 -0.006864047143608332 0.9972985982894897 53.170082092285156
6.012921 0.9972832798957825 -0.006020177621394396 -0.07341670244932175 -3.2250492572784424 0.006443412508815527 0.9999639987945557 0.005529342219233513 -0.5146890878677368 0.07338077574968338 -0.005987374112010002 0.9972859621047974 54.14984893798828
6.116541 0.997266948223114 -0.00903631467372179 -0.07332829385995865 -3.305894374847412 0.009391247294843197 0.9999458193778992 0.004496968351304531 -0.525550127029419 0.07328369468450546 -0.005173320882022381 0.9972977042198181 55.13576126098633
6.220278 0.9971505403518677 -0.009914785623550415 -0.07478298991918564 -3.374469518661499 0.01032032910734415 0.9999339580535889 0.005038437899202108 -0.5299344062805176 0.0747281014919281 -0.005795867182314396 0.9971870183944702 56.1336784362793
6.323895 0.9970515966415405 -0.013047236949205399 -0.07561648637056351 -3.447205066680908 0.013784811832010746 0.9998622536659241 0.009240427985787392 -0.535564661026001 0.07548552751541138 -0.010255544446408749 0.9970940351486206 57.10724639892578
6.427659 0.9969870448112488 -0.013609351590275764 -0.0763653889298439 -3.5170252323150635 0.01473228819668293 0.9997912049293518 0.014160744845867157 -0.5401450991630554 0.07615671306848526 -0.01524311676621437 0.9969793558120728 58.07942581176758
6.531383 0.9969293475151062 -0.01235401164740324 -0.07732489705085754 -3.588468074798584 0.013673041015863419 0.9997695088386536 0.016552144661545753 -0.5403743982315063 0.07710258662700653 -0.017558589577674866 0.9968684911727905 59.06685256958008
6.634992 0.9967969059944153 -0.011472204700112343 -0.07914742082357407 -3.662715435028076 0.012500577606260777 0.9998435974121094 0.012509917840361595 -0.5409096479415894 0.07899151742458344 -0.013459236361086369 0.9967844486236572 60.021732330322266
6.738741 0.9967687726020813 -0.00933555606752634 -0.07978013902902603 -3.7458138465881348 0.009752028621733189 0.9999407529830933 0.004832207225263119 -0.5478196144104004 0.07973030209541321 -0.00559461023658514 0.9968008399009705 60.95878982543945
6.84235 0.9967151880264282 -0.008671808056533337 -0.08052089810371399 -3.831467390060425 0.008718190714716911 0.9999619722366333 0.00022448226809501648 -0.5539122819900513 0.08051589131355286 -0.0009257420897483826 0.9967528581619263 61.91132354736328
6.945963 0.9966611862182617 -0.003782796673476696 -0.0815601572394371 -3.913649082183838 0.0038842586800456047 0.9999918937683105 0.0010854024440050125 -0.564154326915741 0.08155538886785507 -0.0013985801488161087 0.9966678023338318 62.834320068359375
7.049705 0.9966000914573669 -0.001736959908157587 -0.08237301558256149 -3.9960994720458984 0.0020478193182498217 0.9999911785125732 0.0036894786171615124 -0.5789186954498291 0.08236589282751083 -0.0038456199690699577 0.9965946674346924 63.75321960449219
7.153323 0.9964893460273743 0.001844119862653315 -0.08369919657707214 -4.079134941101074 -0.0014271760592237115 0.9999862313270569 0.00504101300612092 -0.5937947630882263 0.08370735496282578 -0.004903862718492746 0.9964783191680908 64.66023254394531
7.256934 0.9964188933372498 0.0023509457241743803 -0.0845213308930397 -4.157544136047363 -0.0019260634435340762 0.9999850988388062 0.0051081120036542416 -0.6035466194152832 0.08453207463026047 -0.004927027504891157 0.9964086413383484 65.53987884521484
7.360549 0.9962494373321533 0.0041265422478318214 -0.08642919361591339 -4.238572120666504 -0.003648338606581092 0.9999772906303406 0.005690115038305521 -0.6123130917549133 0.08645069599151611 -0.005353450775146484 0.9962417483329773 66.42794799804688
7.464167 0.9961221218109131 0.005012440029531717 -0.0878385454416275 -4.318655014038086 -0.00447086850181222 0.9999698400497437 0.006361186038702726 -0.6219049692153931 0.08786777406930923 -0.0059438045136630535 0.9961144328117371 67.2866439819336
7.567786 0.9959920644760132 0.005063849501311779 -0.08929813653230667 -4.394642353057861 -0.004461735021322966 0.9999659657478333 0.006941053085029125 -0.6356624364852905 0.08933023363351822 -0.006514808628708124 0.9959806799888611 68.1363754272461
7.671396 0.9958724975585938 0.004771482199430466 -0.09063803404569626 -4.47243595123291 -0.004106173757463694 0.9999632835388184 0.007525347173213959 -0.6355788707733154 0.09067060798406601 -0.0071221087127923965 0.9958553910255432 68.97388458251953
7.775144 0.9957647323608398 0.007399421650916338 -0.09163998067378998 -4.561125755310059 -0.006448157597333193 0.9999222755432129 0.010672175325453281 -0.6467423439025879 0.09171183407306671 -0.010036068968474865 0.9957349896430969 69.79801940917969
7.878754 0.9956625699996948 0.009013454429805279 -0.09260048717260361 -4.6464643478393555 -0.00767312990501523 0.9998607635498047 0.014820124953985214 -0.6509925127029419 0.09272119402885437 -0.014045309275388718 0.9955930709838867 70.60069274902344
7.982493 0.9954698085784912 0.01207183301448822 -0.09430914372205734 -4.7233428955078125 -0.010540812276303768 0.999804675579071 0.01671537384390831 -0.6552722454071045 0.09449252486228943 -0.015645554289221764 0.9954026341438293 71.37774658203125
8.086111 0.9952886700630188 0.015073323622345924 -0.09577751159667969 -4.8078837394714355 -0.013960175216197968 0.9998272061347961 0.012281724251806736 -0.6587334871292114 0.0959460660815239 -0.010886788368225098 0.9953269362449646 72.17125701904297
8.189849 0.9951380491256714 0.015089926309883595 -0.0973273515701294 -4.883520126342773 -0.01468538399785757 0.9998801350593567 0.004871541168540716 -0.6633538007736206 0.09738921374082565 -0.003418563399463892 0.9952403903007507 72.914306640625
8.29347 0.9950392246246338 0.014066296629607677 -0.09848453849554062 -4.961155891418457 -0.014198841527104378 0.9998990297317505 -0.000645059859380126 -0.6765409708023071 0.09846552461385727 0.0020402257796376944 0.9951383471488953 73.6480941772461
8.397102 0.9949323534965515 0.01474184263497591 -0.09946057945489883 -5.035163879394531 -0.015033473260700703 0.9998846650123596 -0.0021832583006471395 -0.6785628795623779 0.09941691905260086 0.00366743141785264 0.9950390458106995 74.37115478515625
8.500847 0.9948552250862122 0.017488962039351463 -0.0997859314084053 -5.112366676330566 -0.017420729622244835 0.9998470544815063 0.0015551868127658963 -0.691196084022522 0.09979787468910217 0.00019115826580673456 0.9950077533721924 75.05974578857422
8.604438 0.9947102069854736 0.017986001446843147 -0.10113431513309479 -5.181727409362793 -0.017679020762443542 0.9998360276222229 0.003930922597646713 -0.7095733880996704 0.10118841379880905 -0.002122173085808754 0.9948650002479553 75.72518920898438
8.708175 0.9946765303611755 0.01440329197794199 -0.10203488171100616 -5.252621650695801 -0.014402607455849648 0.9998959302902222 0.0007434517028741539 -0.7202898263931274 0.10203496366739273 0.0007300740107893944 0.9947806000709534 76.38446044921875
8.811795 0.9947625994682312 0.006784335244446993 -0.10198654979467392 -5.306412696838379 -0.007270289119333029 0.9999638199806213 -0.00439393799751997 -0.7320178747177124 0.10195305943489075 0.005112397484481335 0.9947760701179504 77.0121841430664
8.915403 0.9948586225509644 0.0026389933191239834 -0.1012386605143547 -5.3590593338012695 -0.003581531113013625 0.9999517798423767 -0.00912941712886095 -0.7463094592094421 0.10120970755815506 0.00944507122039795 0.994820237159729 77.63098907470703
9.019162 0.9951946139335632 0.005029312800616026 -0.0977877676486969 -5.425588607788086 -0.005988990422338247 0.9999366998672485 -0.009522832930088043 -0.7556892037391663 0.09773367643356323 0.010062718763947487 0.9951617121696472 78.22686004638672
9.12289 0.9955988526344299 0.01010246854275465 -0.09317173808813095 -5.497485160827637 -0.010727648623287678 0.9999231696128845 -0.006211581639945507 -0.7700445652008057 0.09310182183980942 0.0071837566792964935 0.9956306219100952 78.81265258789062
9.226512 0.9960099458694458 0.008492113091051579 -0.08883799612522125 -5.539303779602051 -0.008828002028167248 0.9999553561210632 -0.003388697747141123 -0.7778506278991699 0.08880524337291718 0.004159438889473677 0.9960403442382812 79.38506317138672
9.330247 0.9965006113052368 0.00468633184209466 -0.0834546834230423 -5.567687511444092 -0.004629150498658419 0.9999889135360718 0.0008786574471741915 -0.7920419573783875 0.08345787972211838 -0.0004892584402114153 0.9965111613273621 79.93797302246094
9.433986 0.9971765875816345 0.00036029674811288714 -0.0750923827290535 -5.600894451141357 -9.341616532765329e-06 0.9999891519546509 0.004673935007303953 -0.8063801527023315 0.07509324699640274 -0.004660036880522966 0.9971655011177063 80.48941802978516
9.537749 0.9979264736175537 0.003911842592060566 -0.06424661725759506 -5.632147312164307 -0.0036352204624563456 0.9999836683273315 0.004421960096806288 -0.8151792287826538 0.06426287442445755 -0.004179239738732576 0.9979241490364075 81.02030944824219
9.641587 0.9987446665763855 0.009133498184382915 -0.0492524728178978 -5.655220031738281 -0.008962037973105907 0.999953031539917 0.0037009427323937416 -0.81778883934021 0.04928397759795189 -0.0032548934686928988 0.9987794756889343 81.53265380859375
9.745342 0.999417245388031 0.014046314172446728 -0.031110165640711784 -5.672032356262207 -0.013915164396166801 0.999893307685852 0.004428211599588394 -0.8261569738388062 0.031169051304459572 -0.00399272795766592 0.9995061159133911 82.02716064453125
9.849229 0.9998769164085388 0.012849470600485802 -0.008991146460175514 -5.66211462020874 -0.012802965007722378 0.9999043345451355 0.005210995674133301 -0.8334672451019287 0.009057248011231422 -0.005095240660011768 0.9999459981918335 82.51632690429688
9.953059 0.9998037815093994 0.009178351610898972 0.01755404844880104 -5.630433082580566 -0.009285570122301579 0.9999386072158813 0.006036191247403622 -0.8371164798736572 -0.01749757118523121 -0.006198005750775337 0.9998276829719543 82.99870300292969
10.05693 0.9988538026809692 0.008316623978316784 0.04713653773069382 -5.595807075500488 -0.008674077689647675 0.9999350905418396 0.007383936084806919 -0.8393575549125671 -0.047072067856788635 -0.007784339599311352 0.9988611340522766 83.46189880371094
10.16083 0.9967783093452454 0.007421151734888554 0.07986227422952652 -5.53061580657959 -0.00819329172372818 0.9999226927757263 0.009345043450593948 -0.8522515892982483 -0.0797867551445961 -0.009969275444746017 0.9967620968818665 83.910400390625
10.26466 0.9930896162986755 0.0071908556856215 0.11713871359825134 -5.4488677978515625 -0.008382352069020271 0.9999179840087891 0.009682193398475647 -0.8533909916877747 -0.11705948412418365 -0.010597184300422668 0.9930683970451355 84.36150360107422
10.36867 0.987324059009552 0.007332914043217897 0.15854820609092712 -5.346291542053223 -0.008946001529693604 0.9999151229858398 0.009462793357670307 -0.8554181456565857 -0.15846535563468933 -0.010761218145489693 0.9873059391975403 84.80048370361328
10.47264 0.9789764285087585 0.007496627978980541 0.20383566617965698 -5.2349395751953125 -0.00964969303458929 0.9999076128005981 0.009570883587002754 -0.8598591089248657 -0.20374508202075958 -0.011336622759699821 0.9789583683013916 85.22156524658203
10.57663 0.9673741459846497 0.009851154871284962 0.2531607747077942 -5.107110977172852 -0.012075969949364662 0.9999009370803833 0.007235725410282612 -0.8633981943130493 -0.25306442379951477 -0.010056815110147 0.967397153377533 85.62860107421875
10.68062 0.9520302414894104 0.010245971381664276 0.3058326244354248 -4.961650848388672 -0.012492804788053036 0.999907374382019 0.005390215199440718 -0.8817195892333984 -0.3057490289211273 -0.008952354080975056 0.9520699381828308 85.98107147216797
10.78461 0.9323245882987976 0.010438231751322746 0.3614721894264221 -4.777713775634766 -0.012489862740039825 0.9999163150787354 0.0033398086670786142 -0.8871786594390869 -0.3614070415496826 -0.00762852281332016 0.9323768615722656 86.35453033447266
10.88875 0.9080246686935425 0.011249059811234474 0.4187658429145813 -4.578289031982422 -0.012881810776889324 0.9999164342880249 0.0010719168931245804 -0.8859968781471252 -0.41871869564056396 -0.0063677881844341755 0.9080935716629028 86.70806121826172
10.99272 0.8789800405502319 0.01204898301512003 0.4767064154148102 -4.355495452880859 -0.013045845553278923 0.9999140501022339 -0.0012185932137072086 -0.8858850002288818 -0.47668009996414185 -0.005147916730493307 0.879061758518219 87.04487609863281
11.09659 0.845268726348877 0.010551467537879944 0.5342375040054321 -4.119720458984375 -0.010630973614752293 0.9999392628669739 -0.0029290318489074707 -0.8978697657585144 -0.5342358350753784 -0.0032036462798714638 0.8453292846679688 87.35346221923828
11.20057 0.8086669445037842 0.010938015766441822 0.588165283203125 -3.8468589782714844 -0.00995522178709507 0.999938428401947 -0.0049082874320447445 -0.9006077647209167 -0.5881825685501099 -0.0018861466087400913 0.8087258338928223 87.64928436279297
11.30431 0.7691119313240051 0.009507333859801292 0.6390434503555298 -3.5484542846679688 -0.008563092909753323 0.9999527931213379 -0.004570755176246166 -0.9038705825805664 -0.6390568017959595 -0.0019567650742828846 0.7691570520401001 87.94638061523438
11.40818 0.7258626222610474 0.009289652109146118 0.6877769231796265 -3.2563323974609375 -0.010472721420228481 0.9999420642852783 -0.002453348832204938 -0.9117900133132935 -0.6877599358558655 -0.005422101356089115 0.7259179353713989 88.20773315429688
11.51192 0.6807745695114136 0.008196171373128891 0.7324471473693848 -2.943439483642578 -0.009389271028339863 0.9999528527259827 -0.002462713746353984 -0.9148443937301636 -0.7324329018592834 -0.005200592800974846 0.6808193325996399 88.44081115722656
11.61553 0.6342456936836243 0.0068603395484387875 0.7731011509895325 -2.6173744201660156 -0.006658371537923813 0.9999719262123108 -0.0034110709093511105 -0.9258167147636414 -0.7731029391288757 -0.0029841389041393995 0.6342735886573792 88.64596557617188
11.71927 0.5876826643943787 0.0044335355050861835 0.8090793490409851 -2.2752342224121094 -0.0004634450888261199 0.9999865293502808 -0.0051430268213152885 -0.9278140068054199 -0.8090914487838745 0.0026475046761333942 0.5876768827438354 88.83308410644531
11.82277 0.5412347316741943 0.006388313602656126 0.840847373008728 -1.9293556213378906 -0.0024877595715224743 0.9999788403511047 -0.005995995365083218 -0.9378535747528076 -0.8408679366111755 0.0011534140212461352 0.5412391424179077 89.00778198242188
11.92638 0.4943000078201294 0.00961593072861433 0.8692382574081421 -1.5889930725097656 -0.006795313209295273 0.9999509453773499 -0.007197722792625427 -0.9449611902236938 -0.8692647814750671 -0.0023489121813327074 0.4943411350250244 89.15865325927734
12.03 0.44801902770996094 0.011183250695466995 0.8939540982246399 -1.2363777160644531 -0.007387745659798384 0.9999340176582336 -0.008806560188531876 -0.9611194133758545 -0.8939935564994812 -0.0026587990578264 0.44807204604148865 89.30292510986328
12.13361 0.40556269884109497 0.009133323095738888 0.9140216112136841 -0.8757400512695312 -0.0003280027594882995 0.9999514222145081 -0.009846435859799385 -0.962670087814331 -0.914067268371582 0.0036935454700142145 0.4055459797382355 89.41531372070312
12.2371 0.3661973178386688 0.0014312025159597397 0.9305360913276672 -0.5002651214599609 0.014357070438563824 0.999871015548706 -0.007187834475189447 -0.9702119827270508 -0.9304264783859253 0.0159919410943985 0.3661295175552368 89.50601196289062
12.3406 0.3312748074531555 -0.0024905987083911896 0.9435310363769531 -0.12071990966796875 0.018409477546811104 0.9998230934143066 -0.003824397921562195 -0.9781395792961121 -0.9433547258377075 0.01863684132695198 0.33126208186149597 89.59843444824219
12.44411 0.2980797588825226 0.0017861895030364394 0.9545392990112305 0.24496841430664062 0.01538316160440445 0.9998593330383301 -0.0066747888922691345 -0.9832653999328613 -0.9544171094894409 0.016673455014824867 0.29801034927368164 89.69296264648438
12.54767 0.2661629319190979 0.00966731458902359 0.9638796448707581 0.6055259704589844 0.005443044472485781 0.9999186992645264 -0.011531800031661987 -0.9894891381263733 -0.9639126658439636 0.008315776474773884 0.26608872413635254 89.80108642578125
12.65107 0.23771488666534424 0.013875218108296394 0.9712360501289368 0.9918346405029297 0.0008060160907916725 0.9998947978019714 -0.0144819226115942 -1.004726529121399 -0.97133469581604 0.004225400276482105 0.23767869174480438 89.88572692871094
12.75469 0.2120874673128128 0.015601139515638351 0.9771262407302856 1.392324447631836 0.0018805984873324633 0.9998641610145569 -0.016372371464967728 -1.0188919305801392 -0.9772489070892334 0.0053099580109119415 0.212029367685318 89.9513931274414
12.85806 0.18864929676055908 0.01676139049232006 0.9819015860557556 1.8016281127929688 0.009266378358006477 0.9997793436050415 -0.018846891820430756 -1.031439185142517 -0.9820008277893066 0.012654123827815056 0.18845239281654358 90.00413513183594
12.96167 0.16865456104278564 0.02316100150346756 0.9854031801223755 2.2321367263793945 0.01598500832915306 0.999528169631958 -0.026228878647089005 -1.0316468477249146 -0.9855457544326782 0.020175298675894737 0.16820478439331055 90.05307006835938
13.0652 0.1493668258190155 0.029981696978211403 0.9883272051811218 2.6532058715820312 0.017922349274158478 0.9992938041687012 -0.03302299231290817 -1.029411792755127 -0.988619327545166 0.02264568582177162 0.14872398972511292 90.1001205444336
13.16877 0.13159069418907166 0.03080950304865837 0.9908252954483032 3.0980539321899414 0.015239646658301353 0.9993358850479126 -0.03309811279177666 -1.042241096496582 -0.9911869764328003 0.019455229863524437 0.13103382289409637 90.15574645996094
13.27235 0.11593778431415558 0.026513027027249336 0.9929025173187256 3.5623998641967773 0.014046307653188705 0.9994999170303345 -0.028329333290457726 -1.0617715120315552 -0.9931570887565613 0.017231060191988945 0.11550741642713547 90.20738220214844
13.37588 0.10181471705436707 0.023095740005373955 0.9945352673530579 4.051164627075195 0.013905152678489685 0.9995997548103333 -0.024636873975396156 -1.0852909088134766 -0.9947062134742737 0.01633756421506405 0.10145281255245209 90.25045013427734
13.4795 0.08839809894561768 0.02083180472254753 0.9958674311637878 4.542757987976074 0.016362229362130165 0.9996160268783569 -0.022362612187862396 -1.0997774600982666 -0.9959508776664734 0.018271423876285553 0.08802331238985062 90.28515625
13.58311 0.07688309997320175 0.019888781011104584 0.9968417882919312 5.051375865936279 0.019963566213846207 0.999569833278656 -0.021482937037944794 -1.1154862642288208 -0.9968401789665222 0.02155218832194805 0.07645301520824432 90.31067657470703
13.68672 0.06659077107906342 0.020542439073324203 0.9975689053535461 5.571592807769775 0.02284121885895729 0.9994945526123047 -0.022106820717453957 -1.131148099899292 -0.9975188970565796 0.024257799610495567 0.06608794629573822 90.33751678466797
13.79034 0.0592934787273407 0.021185334771871567 0.9980157017707825 6.129203796386719 0.025497999042272568 0.9994164705276489 -0.022729935124516487 -1.1413785219192505 -0.9979149103164673 0.026795141398906708 0.058718692511320114 90.36177825927734
13.89395 0.05370181426405907 0.021658537909388542 0.9983221292495728 6.686046123504639 0.027176959440112114 0.9993627071380615 -0.023143017664551735 -1.1544526815414429 -0.9981871843338013 0.02837417833507061 0.05307897925376892 90.38367462158203
13.99767 0.0481511615216732 0.022771138697862625 0.9985804557800293 7.257688045501709 0.028001341968774796 0.999316394329071 -0.024138132110238075 -1.1711719036102295 -0.9984474778175354 0.029123878106474876 0.04748062789440155 90.40634155273438
14.1013 0.042270418256521225 0.023148156702518463 0.9988380074501038 7.853811264038086 0.028519295156002045 0.9992961883544922 -0.02436569705605507 -1.190564513206482 -0.9986991286277771 0.029516106471419334 0.041580501943826675 90.42742919921875
14.20492 0.03781704977154732 0.022950882092118263 0.9990211129188538 8.466316223144531 0.030614670366048813 0.9992402791976929 -0.024114802479743958 -1.210052490234375 -0.9988155961036682 0.031496647745370865 0.03708569332957268 90.44341278076172
14.30854 0.03495532646775246 0.02303476817905903 0.9991233944892883 9.099626541137695 0.032456327229738235 0.999180793762207 -0.024171607568860054 -1.2258105278015137 -0.9988616704940796 0.03327280282974243 0.034179069101810455 90.46255493164062
14.41227 0.0320528969168663 0.022330231964588165 0.9992367029190063 9.7461576461792 0.03324071690440178 0.9991735219955444 -0.02339509129524231 -1.2472971677780151 -0.9989331960678101 0.033965226262807846 0.03128413110971451 90.4789047241211
14.51589 0.029573246836662292 0.02200336381793022 0.9993204474449158 10.413599014282227 0.03506406769156456 0.9991194605827332 -0.023036601021885872 -1.2630689144134521 -0.9989474415779114 0.03572151064872742 0.028775682672858238 90.49581909179688
14.61968 0.02893134020268917 0.021536443382501602 0.9993494153022766 11.099184036254883 0.03964881971478462 0.9989562630653381 -0.02267581783235073 -1.2821587324142456 -0.9987948536872864 0.04027906432747841 0.02804725430905819 90.50679779052734
14.72326 0.0301789790391922 0.021295692771673203 0.9993176460266113 11.822498321533203 0.04349822178483009 0.9987979531288147 -0.02259824611246586 -1.3004117012023926 -0.9985976219177246 0.04415053874254227 0.029216378927230835 90.51705932617188
14.82686 0.03254424035549164 0.021176204085350037 0.9992460608482361 12.548291206359863 0.04492909833788872 0.9987338185310364 -0.02262863703072071 -1.3230221271514893 -0.9984599351882935 0.04563165456056595 0.03155161067843437 90.54190063476562
14.93048 0.03639555722475052 0.021213047206401825 0.9991123080253601 13.287229537963867 0.04748598486185074 0.9986085891723633 -0.02293216623365879 -1.3413869142532349 -0.9982085824012756 0.04827846586704254 0.035337597131729126 90.56831359863281
15.0341 0.040471144020557404 0.020729539915919304 0.9989656805992126 14.043909072875977 0.04777691885828972 0.998600959777832 -0.022657563909888268 -1.358276605606079 -0.9980377554893494 0.04864447936415672 0.03942413255572319 90.60357666015625
15.13784 0.04471677914261818 0.01901910826563835 0.9988186359405518 14.82417106628418 0.04948238283395767 0.9985493421554565 -0.021229293197393417 -1.3838412761688232 -0.9977735877037048 0.05037324130535126 0.043710798025131226 90.63401794433594
15.24145 0.04895908758044243 0.017170941457152367 0.9986532330513 15.615682601928711 0.04940821975469589 0.9985864758491516 -0.01959204114973545 -1.4054721593856812 -0.9975779056549072 0.05030088871717453 0.04804149642586708 90.67076110839844
15.34508 0.05301450565457344 0.01514456793665886 0.9984789490699768 16.412477493286133 0.04661707580089569 0.9987573623657227 -0.017623938620090485 -1.424562692642212 -0.9975050091743469 0.047480497509241104 0.05224262923002243 90.71653747558594
15.44881 0.05701688304543495 0.014097479172050953 0.9982736706733704 17.236417770385742 0.045801494270563126 0.9988107085227966 -0.016721032559871674 -1.4448935985565186 -0.9973220825195312 0.04667580500245094 0.05630338191986084 90.77295684814453
15.55255 0.0610085092484951 0.015241211280226707 0.9980208277702332 18.057003021240234 0.04272947460412979 0.9989268779754639 -0.01786707527935505 -1.4633675813674927 -0.9972223043441772 0.04373494163155556 0.06029178574681282 90.82701873779297
15.65617 0.06432168930768967 0.019028522074222565 0.9977477788925171 18.87978744506836 0.040851980447769165 0.9989297986030579 -0.021684665232896805 -1.4905298948287964 -0.9970926642417908 0.042154766619205475 0.06347551196813583 90.88055419921875
15.7599 0.06577013432979584 0.02409517578780651 0.99754399061203 19.716917037963867 0.03471139073371887 0.9990479946136475 -0.0264201108366251 -1.5236692428588867 -0.9972308278083801 0.036363787949085236 0.0648711696267128 90.9463882446289
15.86364 0.06587270647287369 0.027480049058794975 0.9974496364593506 20.55442237854004 0.03188453987240791 0.9990521669387817 -0.029629895463585854 -1.548034429550171 -0.9973184466362 0.033755019307136536 0.06493409723043442 91.0030517578125
15.96739 0.06591884791851044 0.026656517758965492 0.9974688291549683 21.391765594482422 0.029416674748063087 0.9991564750671387 -0.028645657002925873 -1.5834896564483643 -0.9973913431167603 0.03123050183057785 0.06507911533117294 91.06021118164062
16.07102 0.06530539691448212 0.02523369900882244 0.9975462555885315 22.227092742919922 0.026531362906098366 0.9992828965187073 -0.02701452746987343 -1.6132521629333496 -0.9975126385688782 0.028230449184775352 0.06458905339241028 91.13409423828125
16.17474 0.06548729538917542 0.024092603474855423 0.9975625276565552 23.063827514648438 0.027536071836948395 0.9992841482162476 -0.025941848754882812 -1.6460134983062744 -0.997473418712616 0.029167812317609787 0.06477697938680649 91.1854248046875
16.27845 0.06589297205209732 0.02295425906777382 0.9975625276565552 23.897689819335938 0.024925390258431435 0.9993855953216553 -0.024642620235681534 -1.683194637298584 -0.9975152611732483 0.0264884140342474 0.06528032571077347 91.24307250976562
16.38209 0.06579317152500153 0.02349305897951126 0.9975566864013672 24.751934051513672 0.023206667974591255 0.9994162917137146 -0.025067435577511787 -1.7141716480255127 -0.997563362121582 0.024799229577183723 0.06520956754684448 91.3162841796875
16.48571 0.06583248823881149 0.02396583929657936 0.9975428581237793 25.58643341064453 0.019969016313552856 0.9994795918464661 -0.02533022128045559 -1.7477647066116333 -0.9976308345794678 0.021587496623396873 0.06531964242458344 91.37828826904297
