1403638130.595097 0.9996609687805176 -0.007127779070287943 -0.025043370202183723 -0.002825787989422679 0.00648502167314291 0.9996498227119446 -0.0256539024412632 -0.015131053514778614 0.025217458605766296 0.02548280358314514 0.9993571043014526 -0.005985653027892113
1403638130.645097 0.9996770024299622 -0.0061834752559661865 -0.024649545550346375 -0.0022573715541511774 0.005279864650219679 0.9993176460266113 -0.036556314677000046 -0.01780574396252632 0.02485876902937889 0.036414358764886856 0.9990274906158447 -0.00636482797563076
1403638130.695097 0.9994781613349915 -0.01948121190071106 -0.025764988735318184 -0.0028140798676759005 0.01826532743871212 0.9987460374832153 -0.04661299288272858 -0.02429237961769104 0.02664075419306755 0.046118054538965225 0.9985806941986084 -0.008694474585354328
1403638130.745097 0.9985812306404114 -0.04284515231847763 -0.031620632857084274 -0.002085925079882145 0.04084102064371109 0.9972702264785767 -0.06151425838470459 -0.026023246347904205 0.03416990116238594 0.06013556197285652 0.9976051449775696 -0.009487002156674862
1403638130.795097 0.9973273277282715 -0.061941031366586685 -0.038748759776353836 -0.001766375731676817 0.05914457142353058 0.9958222508430481 -0.06956996023654938 -0.027571285143494606 0.04289610683917999 0.06709224730730057 0.9968243837356567 -0.010153545998036861
1403638130.845097 0.9968922734260559 -0.06619186699390411 -0.04271349683403969 -0.002763476688414812 0.06302864104509354 0.9954415559768677 -0.0715784803032875 -0.028904806822538376 0.0472567044198513 0.06866385787725449 0.9965199828147888 -0.010506517253816128
1403638130.895097 0.9964502453804016 -0.07008125633001328 -0.046642303466796875 -0.002809520810842514 0.06646251678466797 0.9949607849121094 -0.07507167011499405 -0.030328262597322464 0.051668379455804825 0.07170520722866058 0.9960867166519165 -0.010938488878309727
1403638130.945097 0.996391773223877 -0.07360197603702545 -0.04226388409733772 -0.0033911708742380142 0.06962823122739792 0.9936093688011169 -0.08883790671825409 -0.030209388583898544 0.04853244870901108 0.08557458221912384 0.9951489567756653 -0.011385070160031319
1403638130.9950972 0.9962454438209534 -0.07887797802686691 -0.03568332642316818 -0.0020643260795623064 0.07457491010427475 0.9912338256835938 -0.1090598776936531 -0.030639000236988068 0.04397294670343399 0.10598932951688766 0.9933944940567017 -0.01197277195751667
1403638131.0450969 0.9958058595657349 -0.08661182224750519 -0.029479509219527245 -0.002793977502733469 0.0822996273636818 0.9887469410896301 -0.12492521852254868 -0.028466982766985893 0.03996777907013893 0.12197510153055191 0.9917280673980713 -0.012047259137034416
1403638131.095097 0.9961879253387451 -0.08370727300643921 -0.024546105414628983 -0.0033517112024128437 0.07980911433696747 0.988179087638855 -0.1308918297290802 -0.02682572230696678 0.035212550312280655 0.12843383848667145 0.9910927414894104 -0.011477160267531872
1403638131.145097 0.9970478415489197 -0.07289136201143265 -0.02413356862962246 -0.0028587898705154657 0.06945674121379852 0.9901951551437378 -0.12119953334331512 -0.030007192865014076 0.03273134306073189 0.11916550248861313 0.9923346638679504 -0.011153585277497768
1403638131.195097 0.9981805682182312 -0.05558127909898758 -0.023371577262878418 -0.003140912391245365 0.05283789336681366 0.9930668473243713 -0.1050066351890564 -0.0273672454059124 0.029045943170785904 0.10358067601919174 0.9941967725753784 -0.010496966540813446
1403638131.245097 0.9991335272789001 -0.034661032259464264 -0.023038621991872787 -0.0015187534736469388 0.032604996114969254 0.9959059953689575 -0.08430992066860199 -0.02553040161728859 0.025866569951176643 0.0834856927394867 0.9961732029914856 -0.009660153649747372
1403638131.295097 0.9995219707489014 -0.02032422460615635 -0.023295758292078972 -0.0015124278143048286 0.018673798069357872 0.9974420666694641 -0.06899815052747726 -0.0233076810836792 0.024638505652546883 0.0685301348567009 0.9973448514938354 -0.008774042129516602
1403638131.345097 0.9996461272239685 -0.014270770363509655 -0.02244863100349903 -0.001937613356858492 0.012855601496994495 0.9979951977729797 -0.061968639492988586 -0.02102001942694187 0.023287972435355186 0.06165812164545059 0.9978256225585938 -0.007926990278065205
1403638131.395097 0.9996612668037415 -0.015680739656090736 -0.020769095048308372 -0.001295085297897458 0.01438969373703003 0.998039186000824 -0.0609159916639328 -0.019762516021728516 0.021683579310774803 0.06059650704264641 0.9979268312454224 -0.007476932369172573
1403638131.445097 0.9997002482414246 -0.01637648046016693 -0.018207114189863205 -0.0013437420129776 0.015194849111139774 0.9978823065757751 -0.06324507296085358 -0.017731541767716408 0.019204292446374893 0.06294944882392883 0.9978318810462952 -0.006597182713449001
1403638131.4950972 0.9999036192893982 -0.006652445998042822 -0.012185294181108475 -0.0008272257982753217 0.005880831275135279 0.9980401396751404 -0.06230001524090767 -0.015594241209328175 0.012575855478644371 0.06222234293818474 0.9979831576347351 -0.0065591586753726006
1403638131.5450969 0.999940037727356 -0.0034372983500361443 -0.010390232317149639 -0.0008685044012963772 0.002835652092471719 0.9983486533164978 -0.05737505480647087 -0.01276786345988512 0.010570286773145199 0.057342153042554855 0.9982986450195312 -0.005114114843308926
1403638131.595097 0.9999464154243469 -0.001094705075956881 -0.010297371074557304 0.0001082568705896847 0.000578520237468183 0.9987491369247437 -0.04999785125255585 -0.010664171539247036 0.01033922377973795 0.049989212304353714 0.9986962080001831 -0.004915408790111542
1403638131.645097 0.9999331831932068 0.004519475623965263 -0.010641035623848438 0.0002867549774236977 -0.005005327519029379 0.9989250302314758 -0.04608335345983505 -0.007480608765035868 0.010421324521303177 0.04613354057073593 0.998880922794342 -0.0039965687319636345
1403638131.695097 0.999923050403595 0.008758815936744213 -0.00879180058836937 0.0005630988162010908 -0.009159130044281483 0.9988727569580078 -0.046575404703617096 -0.004779225680977106 0.008373945020139217 0.04665234684944153 0.9988760948181152 -0.0031680893152952194
1403638131.745097 0.9998891353607178 0.012906521558761597 -0.007430579978972673 0.0007381822215393186 -0.013238828629255295 0.9988276362419128 -0.046560097485780716 -0.00208480772562325 0.006820942275226116 0.04665330797433853 0.998887836933136 -0.0018960799789056182
1403638131.795097 0.9997067451477051 0.024068763479590416 -0.0026771428529173136 0.0012871419312432408 -0.02416503056883812 0.998691201210022 -0.04507749155163765 -8.252782572526485e-05 0.0015886792680248618 0.045128971338272095 0.998979926109314 -0.0016505153616890311
1403638131.845097 0.9993987083435059 0.03450249880552292 0.0034406159538775682 0.0016044601798057556 -0.03432731702923775 0.9985233545303345 -0.04210605472326279 0.0028729746118187904 -0.00488829892128706 0.041962631046772 0.9991072416305542 -0.0006098724552430212
1403638131.895097 0.9991850256919861 0.03939022123813629 0.008799620904028416 0.0010638943640515208 -0.03902063146233559 0.9984837770462036 -0.03882749006152153 0.0052122753113508224 -0.010315706953406334 0.03845248743891716 0.9992071986198425 -0.0007840942707844079
1403638131.945097 0.9989802241325378 0.0437810905277729 0.011027258820831776 0.0014890695456415415 -0.043329473584890366 0.9983258247375488 -0.03831541910767555 0.0075319972820580006 -0.0126862907782197 0.03779854625463486 0.9992048740386963 -0.00019878571038134396
1403638131.9950972 0.9982981085777283 0.056917525827884674 0.012695999816060066 0.0012663494562730193 -0.05647314712405205 0.9978594779968262 -0.03297574818134308 0.009402007795870304 -0.014545724727213383 0.03220264986157417 0.9993755221366882 0.0010370698291808367
1403638132.0450969 0.9971306324005127 0.07491075992584229 0.01090700551867485 0.001779103302396834 -0.07463307678699493 0.99692302942276 -0.023960953578352928 0.011001946404576302 -0.01266838051378727 0.023078175261616707 0.9996534585952759 0.0008171357330866158
1403638132.095097 0.99561607837677 0.09301873296499252 0.009795240126550198 0.0018021728610619903 -0.09290733188390732 0.9956108331680298 -0.011271343566477299 0.011663300916552544 -0.010800693184137344 0.010311881080269814 0.99988853931427 0.0008617572020739317
1403638132.145097 0.9944332838058472 0.10519904643297195 0.005965737160295248 0.0025232811458408833 -0.10516785830259323 0.9944401979446411 -0.00532296160236001 0.010628356598317623 -0.006492539308965206 0.004665926564484835 0.9999679923057556 0.0012273994507268071
1403638132.195097 0.9944356679916382 0.10531382262706757 0.002557875821366906 0.0024390402249991894 -0.10528859496116638 0.9944050312042236 -0.00854808185249567 0.009433546103537083 -0.0034437954891473055 0.008231203071773052 0.99996018409729 0.0008490511681884527
1403638132.245097 0.9955631494522095 0.09403294324874878 -0.0034754907246679068 0.0022972524166107178 -0.09408678859472275 0.9953222870826721 -0.021935729309916496 0.007378860842436552 0.0013965523103252053 0.022165406495332718 0.9997533559799194 -0.0001545945997349918
1403638132.295097 0.9967983365058899 0.07922885566949844 -0.010757163166999817 0.0020609337370842695 -0.07958108186721802 0.9961166977882385 -0.03765886649489403 0.004833219572901726 0.007731722667813301 0.03839437663555145 0.9992327690124512 -0.0013458934845402837
1403638132.345097 0.997451901435852 0.06978799402713776 -0.014806265011429787 0.0013330396031960845 -0.07043997198343277 0.9962925910949707 -0.049385908991098404 0.0033302330411970615 0.011304831132292747 0.050303030759096146 0.9986699819564819 -0.002811243524774909
1403638132.395097 0.9981489777565002 0.05500287562608719 -0.02594609186053276 0.0009280798840336502 -0.05632823333144188 0.9969795346260071 -0.05346614494919777 1.498265191912651e-05 0.02292693592607975 0.05482868477702141 0.9982325434684753 -0.0043008034117519855
1403638132.445097 0.998677134513855 0.03760872036218643 -0.03506223112344742 0.00040691386675462127 -0.0397539846599102 0.9972440004348755 -0.06264097988605499 -0.004150839988142252 0.03260975331068039 0.06395198404788971 0.9974200129508972 -0.005617629271000624
1403638132.4950972 0.9989017248153687 0.012931281700730324 -0.045033931732177734 3.795869997702539e-05 -0.016502944752573967 0.9966690540313721 -0.07986462116241455 -0.008412759751081467 0.04385118931531906 0.08052010834217072 0.9957879185676575 -0.007254400290548801
1403638132.5450969 0.9985557198524475 -0.011512232013046741 -0.05248059704899788 -3.825369640253484e-05 0.006004295311868191 0.9945668578147888 -0.10392534732818604 -0.011853989213705063 0.053391892462968826 0.10346012562513351 0.9931995272636414 -0.008748860098421574
1403638132.595097 0.9977913498878479 -0.03259934112429619 -0.05787570774555206 -0.000276039179880172 0.025104539468884468 0.9917374849319458 -0.1258023977279663 -0.014864029362797737 0.06149858981370926 0.12407161295413971 0.9903656840324402 -0.009839791804552078
1403638132.645097 0.997140645980835 -0.0442664660513401 -0.061244793236255646 -0.0011068042367696762 0.035691939294338226 0.9902533888816833 -0.13462582230567932 -0.017154742032289505 0.06660730391740799 0.13205493986606598 0.9890021085739136 -0.010073297657072544
1403638132.695097 0.9968668818473816 -0.04639168083667755 -0.06406319886445999 -0.0011960957199335098 0.03805976361036301 0.991344153881073 -0.12565088272094727 -0.01899164542555809 0.06933782994747162 0.1228189617395401 0.9900040030479431 -0.01101665385067463
1403638132.745097 0.9966508746147156 -0.047586143016815186 -0.0665021762251854 -0.001960389781743288 0.03988920524716377 0.9928369522094727 -0.11262255907058716 -0.020763028413057327 0.07138506323099136 0.10959268361330032 0.9914097785949707 -0.011156823486089706
1403638132.795097 0.9965430498123169 -0.050339024513959885 -0.06609079241752625 -0.0028061310295015574 0.0430576428771019 0.9932923316955566 -0.10731546580791473 -0.022125476971268654 0.07104960829019547 0.10409875214099884 0.9920258522033691 -0.011539489962160587
1403638132.845097 0.9961374402046204 -0.05794287100434303 -0.06597515195608139 -0.0034432411193847656 0.0499659962952137 0.991906464099884 -0.11672454327344894 -0.022734252735972404 0.07220454514026642 0.11297716945409775 0.9909705519676208 -0.011836220510303974
1403638132.895097 0.9953672289848328 -0.07150701433420181 -0.06426955759525299 -0.0042720576748251915 0.0625387579202652 0.9892613887786865 -0.13210105895996094 -0.023068685084581375 0.07302554696798325 0.1274697631597519 0.9891504645347595 -0.012287793681025505
1403638132.945097 0.9944793581962585 -0.08078252524137497 -0.0669717863202095 -0.0047117797657847404 0.07041014730930328 0.9869348406791687 -0.14492128789424896 -0.023858405649662018 0.07780390232801437 0.1394057273864746 0.9871739745140076 -0.012673333287239075
1403638132.9950972 0.9940320253372192 -0.08062878251075745 -0.07348137348890305 -0.00422950042411685 0.06883492320775986 0.986150324344635 -0.15089495480060577 -0.023973625153303146 0.08463018387556076 0.14493636786937714 0.9858149886131287 -0.01219058595597744
1403638133.0450969 0.9948400855064392 -0.06584524363279343 -0.07718563079833984 -0.0042319828644394875 0.053981583565473557 0.9876905679702759 -0.14681072533130646 -0.02223149687051773 0.08590231835842133 0.1418866217136383 0.9861486554145813 -0.01165628433227539
1403638133.095097 0.9959480166435242 -0.046487778425216675 -0.07698245346546173 -0.002928928006440401 0.0356299914419651 0.989950954914093 -0.13684922456741333 -0.020588552579283714 0.08257067948579788 0.13355185091495514 0.9875960946083069 -0.011398127302527428
1403638133.145097 0.9966618418693542 -0.03594208136200905 -0.07330331951379776 -0.0022026002407073975 0.026420094072818756 0.9915558099746704 -0.12696121633052826 -0.020054643973708153 0.07724757492542267 0.12460072338581085 0.9891954660415649 -0.01149545144289732
1403638133.195097 0.9976598024368286 -0.029944851994514465 -0.06146980822086334 -0.00015991635154932737 0.02216019667685032 0.9920811057090759 -0.12362800538539886 -0.018429769203066826 0.06468506902456284 0.12197649478912354 0.9904229044914246 -0.010506913997232914
1403638133.245097 0.9984813928604126 -0.030110269784927368 -0.04613381251692772 0.0015104608610272408 0.024221131578087807 0.9920763969421387 -0.1232791468501091 -0.01692942902445793 0.04948022961616516 0.12197452783584595 0.991299033164978 -0.009777269326150417
1403638133.295097 0.9993576407432556 -0.026378124952316284 -0.024260682985186577 0.002971711801365018 0.02325504645705223 0.9923735857009888 -0.12105376273393631 -0.01570849120616913 0.027268825098872185 0.12041180580854416 0.9923494458198547 -0.009191326797008514
1403638133.345097 0.9997408986091614 -0.021944623440504074 -0.006049975752830505 0.005920479539781809 0.021128995344042778 0.993476927280426 -0.11205930262804031 -0.01401645690202713 0.008469611406326294 0.11190246045589447 0.9936830997467041 -0.008355115540325642
1403638133.395097 0.9997795224189758 -0.017139343544840813 0.012133998796343803 0.008265859447419643 0.018286099657416344 0.9946426749229431 -0.10174272954463959 -0.013032995164394379 -0.010325186885893345 0.10194216668605804 0.9947367310523987 -0.008609847165644169
1403638133.445097 0.9992653131484985 -0.013180581852793694 0.03598972409963608 0.011733650229871273 0.016521472483873367 0.9954190254211426 -0.09416934847831726 -0.011633684858679771 -0.03458365797996521 0.09469475597143173 0.9949054718017578 -0.007934526540338993
1403638133.4950972 0.9980055093765259 -0.016947459429502487 0.0608096644282341 0.012884517200291157 0.02247580699622631 0.9955593943595886 -0.09141272306442261 -0.010617594234645367 -0.058990415185689926 0.09259713441133499 0.9939546585083008 -0.008738769218325615
1403638133.5450969 0.9959969520568848 -0.028454579412937164 0.08473747968673706 0.015067086555063725 0.03602198511362076 0.9953657984733582 -0.08915857970714569 -0.009669020771980286 -0.08180782198905945 0.09185408055782318 0.9924063086509705 -0.008259492926299572
1403638133.595097 0.9941067099571228 -0.04401316121220589 0.0990685522556305 0.0191812627017498 0.05232702195644379 0.9951790571212769 -0.08294928818941116 -0.008241910487413406 -0.09494008868932724 0.08764440566301346 0.9916172623634338 -0.008354820311069489
1403638133.645097 0.9921550750732422 -0.05974351614713669 0.10981324315071106 0.021330833435058594 0.06811829656362534 0.9949170351028442 -0.07416284084320068 -0.00753851979970932 -0.10482431203126907 0.08106134831905365 0.9911816120147705 -0.008906873874366283
1403638133.695097 0.9900373816490173 -0.07124384492635727 0.12145023792982101 0.024089492857456207 0.07977396249771118 0.9945669174194336 -0.06687873601913452 -0.005293582566082478 -0.11602567881345749 0.07590101659297943 0.99034184217453 -0.009443535469472408
1403638133.745097 0.98726886510849 -0.07652322202920914 0.1394433230161667 0.026319757103919983 0.08562052249908447 0.9944925308227539 -0.06044511869549751 -0.0034408632200211287 -0.13404987752437592 0.07161476463079453 0.988383412361145 -0.00988859310746193
1403638133.795097 0.9844104647636414 -0.07807131856679916 0.1576109379529953 0.031177595257759094 0.08802852779626846 0.994473934173584 -0.05720587819814682 -0.0015286406269297004 -0.15227383375167847 0.07018831372261047 0.9858430027961731 -0.008605041541159153
1403638133.845097 0.9809963703155518 -0.07308278232812881 0.17973588407039642 0.03071555495262146 0.08340388536453247 0.9952331781387329 -0.050543494522571564 -0.0013110022991895676 -0.17518524825572968 0.06457364559173584 0.9824156165122986 -0.009567094966769218
1403638133.895097 0.9783841371536255 -0.07250414043664932 0.19366922974586487 0.03258979693055153 0.08258785307407379 0.9955899119377136 -0.04449976235628128 -0.0003207678091712296 -0.18958871066570282 0.05953257158398628 0.9800571799278259 -0.00966209638863802
1403638133.945097 0.9763341546058655 -0.07367391884326935 0.2033321112394333 0.03532510623335838 0.08426705747842789 0.9954742789268494 -0.04392967373132706 0.0013837141450494528 -0.1991754174232483 0.060024235397577286 0.9781237840652466 -0.008553750813007355
1403638133.9950972 0.9749729633331299 -0.07410401105880737 0.2096104472875595 0.03568063676357269 0.08554646372795105 0.9952694177627563 -0.046047359704971313 0.0019639339298009872 -0.20520660281181335 0.06282635033130646 0.9767000675201416 -0.007548406254500151
1403638134.0450969 0.9748391509056091 -0.07043257355690002 0.21149007976055145 0.03484255075454712 0.0816367045044899 0.9956586956977844 -0.044710565358400345 0.0015150411054491997 -0.2074228972196579 0.06085095554590225 0.9763568639755249 -0.006272445432841778
1403638134.095097 0.9760258793830872 -0.06266167759895325 0.20844024419784546 0.03419632837176323 0.07193151861429214 0.9967160820960999 -0.03718625381588936 0.00050796550931409 -0.20542560517787933 0.05128815770149231 0.9773278832435608 -0.004822505638003349
1403638134.145097 0.9774305820465088 -0.05325924605131149 0.20443323254585266 0.03346816077828407 0.061094049364328384 0.997612476348877 -0.03220176696777344 6.199724157340825e-05 -0.20223012566566467 0.04396464675664902 0.9783506989479065 -0.004421752877533436
1403638134.195097 0.9775171279907227 -0.04953775927424431 0.20495451986789703 0.03199072927236557 0.05807260051369667 0.9976689219474792 -0.035835638642311096 -0.0004708579508587718 -0.20270150899887085 0.04693219065666199 0.9781152606010437 -0.0028574697207659483
1403638134.245097 0.9767152070999146 -0.05595909804105759 0.20711322128772736 0.02990119718015194 0.06800675392150879 0.9963542222976685 -0.051508765667676926 -0.0018642317736521363 -0.2034757286310196 0.0643944963812828 0.9769600033760071 -0.0006124880164861679
1403638134.295097 0.9759308099746704 -0.0637860894203186 0.20854337513446808 0.02784670889377594 0.07854601740837097 0.9949005842208862 -0.06327058374881744 -0.0034556458704173565 -0.20344410836696625 0.07812796533107758 0.9759643077850342 0.001140078529715538
1403638134.345097 0.9754270315170288 -0.07308156043291092 0.20784892141819 0.023718910291790962 0.08775553852319717 0.9941942691802979 -0.06226580590009689 -0.004444316495209932 -0.20209167897701263 0.07897565513849258 0.9761770963668823 0.0039897155947983265
1403638134.395097 0.9760411977767944 -0.08285093307495117 0.2011949121952057 0.022322282195091248 0.09604165703058243 0.9937615394592285 -0.05669398233294487 -0.005339193157851696 -0.19524261355400085 0.07465876638889313 0.9779092073440552 0.005417427979409695
1403638134.445097 0.9761959910392761 -0.09041614085435867 0.19714494049549103 0.019051576033234596 0.10227124392986298 0.993459165096283 -0.050785042345523834 -0.006306336726993322 -0.19126367568969727 0.06973841786384583 0.9790581464767456 0.007053611800074577
1403638134.4950972 0.9758989810943604 -0.09783785790205002 0.19506072998046875 0.01569310389459133 0.10950213670730591 0.9927324056625366 -0.0499136745929718 -0.008449982851743698 -0.18875963985919952 0.0700702890753746 0.9795203804969788 0.00853942334651947
1403638134.5450969 0.9754335880279541 -0.1082211583852768 0.1918790340423584 0.01335030235350132 0.1201002225279808 0.9914320111274719 -0.05136492848396301 -0.009031550027430058 -0.1846761852502823 0.07314779609441757 0.9800735712051392 0.010175163857638836
1403638134.595097 0.9756165146827698 -0.11769546568393707 0.1852569282054901 0.01034559216350317 0.1297314614057541 0.9900663495063782 -0.05420481413602829 -0.009284733794629574 -0.17703698575496674 0.07691676914691925 0.9811940789222717 0.011494680307805538
1403638134.645097 0.9758736491203308 -0.1224168911576271 0.18078894913196564 0.007732659112662077 0.13345155119895935 0.9897860884666443 -0.05014321208000183 -0.010029299184679985 -0.17280395328998566 0.07306000590324402 0.9822429418563843 0.012459220364689827
1403638134.695097 0.9767868518829346 -0.12300508469343185 0.17537695169448853 0.005680998787283897 0.13238269090652466 0.990275502204895 -0.04276927560567856 -0.010278875008225441 -0.16841059923171997 0.06499335169792175 0.9835718870162964 0.013305292464792728
1403638134.745097 0.9780203700065613 -0.12334772199392319 0.16811197996139526 0.003606043290346861 0.13058485090732574 0.9908993244171143 -0.03265374153852463 -0.010483638383448124 -0.16255424916744232 0.05388890206813812 0.9852269887924194 0.014466454274952412
1403638134.795097 0.9791879057884216 -0.11870896071195602 0.1646192967891693 0.0002959808334708214 0.12365025281906128 0.9921228885650635 -0.020064059644937515 -0.011404888704419136 -0.16094079613685608 0.04000169783830643 0.9861531257629395 0.015044046565890312
1403638134.845097 0.9800782799720764 -0.11335925757884979 0.16308392584323883 -0.0018053790554404259 0.11729162186384201 0.9929893016815186 -0.014657527208328247 -0.011101100593805313 -0.1602790504693985 0.03349389135837555 0.9865032434463501 0.01534031517803669
1403638134.895097 0.9801933765411377 -0.10989776253700256 0.16475291550159454 -0.004969270434230566 0.11389681696891785 0.9933794140815735 -0.014996536076068878 -0.012316376902163029 -0.16201403737068176 0.033464327454566956 0.9862208962440491 0.01609480194747448
1403638134.945097 0.9801014065742493 -0.10932278633117676 0.16568011045455933 -0.007120867259800434 0.11462476849555969 0.9931482076644897 -0.022755559533834457 -0.01305738277733326 -0.16205717623233795 0.041293784976005554 0.9859170317649841 0.016315113753080368
1403638134.9950972 0.9799972176551819 -0.11001616716384888 0.1658371239900589 -0.008769907057285309 0.11629494279623032 0.9928025603294373 -0.028608646243810654 -0.01339428499341011 -0.1614960879087448 0.04732240363955498 0.9857380986213684 0.015973826870322227
1403638135.0450969 0.98078453540802 -0.10297798365354538 0.1657029241323471 -0.010623509995639324 0.10877576470375061 0.9937189221382141 -0.026278311386704445 -0.01310710422694683 -0.1619560569524765 0.0437978133559227 0.9858255982398987 0.016876989975571632
1403638135.095097 0.982014000415802 -0.09515728056430817 0.16307592391967773 -0.01224185898900032 0.09937023371458054 0.9948902726173401 -0.01785607635974884 -0.013290010392665863 -0.16054348647594452 0.03373980522155762 0.9864519238471985 0.016640963032841682
1403638135.145097 0.9834702610969543 -0.08712390065193176 0.15873193740844727 -0.013672408647835255 0.08999203145503998 0.9958822727203369 -0.010957622900605202 -0.013248161412775517 -0.1571236252784729 0.025061100721359253 0.9872609376907349 0.01654933951795101
1403638135.195097 0.9841297268867493 -0.08207197487354279 0.1573309749364853 -0.014322787523269653 0.08396042883396149 0.9964544773101807 -0.005383225157856941 -0.012545217759907246 -0.15633133053779602 0.018507368862628937 0.9875312447547913 0.01661236211657524
1403638135.245097 0.9843375086784363 -0.07857554405927658 0.15781453251838684 -0.015076777897775173 0.07958710193634033 0.9968279600143433 -9.039323776960373e-05 -0.011201593093574047 -0.15730682015419006 0.01264898106455803 0.9874687790870667 0.01770472340285778
1403638135.295097 0.9843847751617432 -0.07481299340724945 0.15934139490127563 -0.014893856830894947 0.07596506178379059 0.9971098303794861 -0.0011425692355260253 -0.010620858520269394 -0.15879537165164948 0.013229108415544033 0.9872229099273682 0.017486803233623505
1403638135.345097 0.9838913679122925 -0.07498670369386673 0.1622801274061203 -0.014367131516337395 0.0770859643816948 0.997002124786377 -0.006669257301837206 -0.009674513712525368 -0.16129352152347565 0.019071344286203384 0.9867222309112549 0.01737787388265133
1403638135.395097 0.9830226302146912 -0.0740506500005722 0.1678784042596817 -0.013559826649725437 0.07680301368236542 0.9969966411590576 -0.009952636435627937 -0.008858139626681805 -0.16663721203804016 0.022677235305309296 0.9857574701309204 0.01680167019367218
1403638135.445097 0.9820188879966736 -0.06812457740306854 0.17606253921985626 -0.012128525413572788 0.07055499404668808 0.9974790215492249 -0.007574000395834446 -0.007772897370159626 -0.17510277032852173 0.019859906286001205 0.9843498468399048 0.016786742955446243
1403638135.4950972 0.9812003374099731 -0.06304425746202469 0.18240416049957275 -0.01091126911342144 0.06454036384820938 0.9979124665260315 -0.0022716871462762356 -0.006933579221367836 -0.18188022077083588 0.014001410454511642 0.9832209944725037 0.01592576876282692
1403638135.5450969 0.9805277585983276 -0.06203842908143997 0.18632380664348602 -0.009320096112787724 0.06167059391736984 0.9980661869049072 0.007775371428579092 -0.006303367204964161 -0.1864459067583084 0.00386673491448164 0.9824576377868652 0.015237798914313316
1403638135.595097 0.9791273474693298 -0.05623011663556099 0.1953149288892746 -0.007386557757854462 0.054413679987192154 0.9984108805656433 0.014657532796263695 -0.005882946774363518 -0.19582875072956085 -0.0037237824872136116 0.9806310534477234 0.015020234510302544
1403638135.645097 0.9772252440452576 -0.056001100689172745 0.2046823501586914 -0.005291705019772053 0.054845478385686874 0.9984306693077087 0.011319189332425594 -0.0056358519941568375 -0.20499500632286072 0.00016450765542685986 0.9787630438804626 0.014266686514019966
1403638135.695097 0.9745332598686218 -0.06544375419616699 0.2144816368818283 -0.002649015048518777 0.06624846905469894 0.9977972507476807 0.0034421347081661224 -0.005483285523951054 -0.21423444151878357 0.01085460651665926 0.9767219424247742 0.012956295162439346
1403638135.745097 0.9722207188606262 -0.0788264200091362 0.2203933447599411 5.8093806728720665e-05 0.08162277936935425 0.9966567158699036 -0.003595734015107155 -0.005163243506103754 -0.21937310695648193 0.021484967321157455 0.9754044413566589 0.011751843616366386
1403638135.795097 0.9704819917678833 -0.08880872279405594 0.224227175116539 0.001985365990549326 0.0916953757405281 0.9957840442657471 -0.00247250497341156 -0.004446056205779314 -0.22306226193904877 0.02296011708676815 0.97453373670578 0.010827422142028809
1403638135.845097 0.9698086380958557 -0.08518640697002411 0.2285052388906479 0.0035301772877573967 0.08694720268249512 0.9962100982666016 0.002369408030062914 -0.0038246475160121918 -0.2278411090373993 0.017570018768310547 0.9735397696495056 0.009538614191114902
1403638135.895097 0.9691831469535828 -0.07240957766771317 0.235458642244339 0.006183255463838577 0.07133981585502625 0.9973663687705994 0.013070425018668175 -0.0018918432760983706 -0.23578496277332306 0.004129936918616295 0.9717965126037598 0.00840759091079235
1403638135.945097 0.9685566425323486 -0.06161349266767502 0.24104277789592743 0.007852399721741676 0.05704165995121002 0.9980356097221375 0.025905750691890717 -0.0014646898489445448 -0.24216537177562714 -0.01134171336889267 0.9701687693595886 0.007131039630621672
1403638135.9950972 0.966854453086853 -0.054536063224077225 0.2494359016418457 0.009624996222555637 0.04835593327879906 0.998353898525238 0.03084218129515648 -0.0015053163515403867 -0.2507072389125824 -0.0177581999450922 0.9679001569747925 0.005652185995131731
1403638136.0450969 0.964349091053009 -0.049068037420511246 0.2600443959236145 0.01216552872210741 0.044262051582336426 0.9987240433692932 0.024308843538165092 -0.002416530391201377 -0.2609054148197174 -0.011932117864489555 0.9652906060218811 0.0031531965360045433
1403638136.095097 0.9612923860549927 -0.05136306583881378 0.2707006633281708 0.014442476443946362 0.05076149106025696 0.9986681342124939 0.00922798365354538 -0.003692112397402525 -0.27081409096717834 0.004870372824370861 0.9626193642616272 0.00191568024456501
1403638136.145097 0.9585269689559937 -0.061404597014188766 0.27830854058265686 0.016852594912052155 0.06575924158096313 0.9978153705596924 -0.0063295140862464905 -0.004366007167845964 -0.2773118317127228 0.02436836063861847 0.9604709148406982 0.0003050370141863823
1403638136.195097 0.9565041661262512 -0.07131162285804749 0.28286829590797424 0.019527744501829147 0.08027821034193039 0.9965673685073853 -0.020220041275024414 -0.004762459546327591 -0.2804553806781769 0.042048707604408264 0.9589456915855408 -0.0018395301885902882
1403638136.245097 0.9539783596992493 -0.07552211731672287 0.29020974040031433 0.01958048716187477 0.08639438450336456 0.9959518909454346 -0.02481643483042717 -0.004587578121572733 -0.287160724401474 0.04874684289097786 0.9566411972045898 -0.00212735403329134
1403638136.295097 0.9511317014694214 -0.07164882868528366 0.3003580868244171 0.021969888359308243 0.08332253992557526 0.9961776733398438 -0.026221195235848427 -0.0038578135427087545 -0.297331303358078 0.04996641352772713 0.9534660577774048 -0.0031193001195788383
1403638136.345097 0.9491694569587708 -0.06600204110145569 0.3077680468559265 0.028202662244439125 0.07697287946939468 0.9967530369758606 -0.023630043491721153 -0.0022023620549589396 -0.305209219455719 0.04611872136592865 0.9511679410934448 -0.0060095228254795074
1403638136.395097 0.9473642110824585 -0.06380058079957962 0.3137367069721222 0.029702169820666313 0.07333357632160187 0.9971327185630798 -0.018665200099349022 -0.0013599054655060172 -0.31164637207984924 0.040690187364816666 0.9493265748023987 -0.007159890606999397
1403638136.445097 0.9456427693367004 -0.060097042471170425 0.3196059763431549 0.03166718780994415 0.06786053627729416 0.997607409954071 -0.013199292123317719 -0.0002666660293471068 -0.3180481195449829 0.03417045250535011 0.9474585652351379 -0.007766316644847393
1403638136.4950972 0.9437788724899292 -0.06267539411783218 0.3245815634727478 0.032766710966825485 0.06932952255010605 0.9975534081459045 -0.008964385837316513 0.0003791115595959127 -0.32322564721107483 0.030963487923145294 0.9458152055740356 -0.008294675499200821
1403638136.5450969 0.9410358667373657 -0.07560046017169952 0.3297516107559204 0.02933899126946926 0.08032727241516113 0.9967682361602783 -0.0007117826025933027 -0.0018604904180392623 -0.328632116317749 0.027157865464687347 0.9440674781799316 -0.007883550599217415
1403638136.595097 0.9403411149978638 -0.08788123726844788 0.3286876380443573 0.029037727043032646 0.09287752211093903 0.9956774711608887 0.0005013752961531281 -0.002272416837513447 -0.3273108899593353 0.03005623072385788 0.944438636302948 -0.008211294189095497
1403638136.645097 0.9420316815376282 -0.09794822335243225 0.3209087550640106 0.028132302686572075 0.10416530817747116 0.9945576190948486 -0.002218328882008791 -0.0030214437283575535 -0.31894493103027344 0.03551729395985603 0.9471075534820557 -0.008384602144360542
1403638136.695097 0.9455279111862183 -0.10410933196544647 0.3084448277950287 0.0302334763109684 0.11143412441015244 0.9937525987625122 -0.006176650989800692 -0.0017055149655789137 -0.30587485432624817 0.04021148383617401 0.9512221217155457 -0.009063118137419224
1403638136.745097 0.9490451216697693 -0.10892428457736969 0.2957175374031067 0.027796786278486252 0.11595431715250015 0.9932344555854797 -0.006284620612859726 -0.0033423732966184616 -0.29303237795829773 0.040254123508930206 0.9552547335624695 -0.00898704957216978
1403638136.795097 0.9534735083580017 -0.11595811694860458 0.278283953666687 0.02559659071266651 0.12380210310220718 0.9922489523887634 -0.010718084871768951 -0.004524256568402052 -0.2748841941356659 0.04467156156897545 0.9604390263557434 -0.008953613229095936
1403638136.845097 0.956782877445221 -0.12795285880565643 0.2611408829689026 0.021524738520383835 0.13796381652355194 0.9902293086051941 -0.020290818065404892 -0.006235255394130945 -0.2559930980205536 0.05544191226363182 0.965087354183197 -0.008247802965342999
1403638136.895097 0.9589513540267944 -0.14320942759513855 0.24475178122520447 0.018336860463023186 0.15654706954956055 0.9870202541351318 -0.03583396226167679 -0.007288435939699411 -0.23644322156906128 0.07267820835113525 0.9689232707023621 -0.007758571766316891
1403638136.945097 0.9603820443153381 -0.15672358870506287 0.23044319450855255 0.017318744212388992 0.1737348735332489 0.9832355976104736 -0.0553525909781456 -0.007063908502459526 -0.21790486574172974 0.09319564700126648 0.9715102314949036 -0.0071565620601177216
1403638136.9950972 0.9612129926681519 -0.1658741980791092 0.2203533947467804 0.015111011452972889 0.18500347435474396 0.9803075790405273 -0.06907068192958832 -0.006682708393782377 -0.20455703139305115 0.10715775936841965 0.9729715585708618 -0.006002126261591911
1403638137.0450969 0.9623916745185852 -0.16961495578289032 0.21220988035202026 0.009884455241262913 0.1891709268093109 0.9790468215942383 -0.07537613809108734 -0.005767816677689552 -0.19497846066951752 0.11268533766269684 0.9743126630783081 -0.003947049845010042
1403638137.095097 0.9647063612937927 -0.16474886238574982 0.20542550086975098 0.007988877594470978 0.18267136812210083 0.9805750250816345 -0.0714399442076683 -0.004856029991060495 -0.18966546654701233 0.10644392669200897 0.9760617613792419 -0.0025425245985388756
1403638137.145097 0.9676541090011597 -0.1547318547964096 0.19925758242607117 0.007569519802927971 0.1702030897140503 0.9833990931510925 -0.06290625780820847 -0.003182160435244441 -0.1862160861492157 0.09478573501110077 0.9779259562492371 -0.0022782282903790474
1403638137.195097 0.9708592295646667 -0.14330372214317322 0.19208471477031708 0.005939509253948927 0.1555575132369995 0.9865490198135376 -0.050229478627443314 -0.0014061322435736656 -0.18230293691158295 0.07864595949649811 0.9800920486450195 -0.0015132150147110224
1403638137.245097 0.9738543033599854 -0.12973101437091827 0.1864875853061676 0.00405880156904459 0.1388148069381714 0.9896472692489624 -0.03644997626543045 0.0009977727895602584 -0.1798282265663147 0.061384204775094986 0.9817809462547302 0.0001490692957304418
1403638137.295097 0.9762290716171265 -0.11903932690620422 0.1811251938343048 0.002571288961917162 0.12588825821876526 0.9916834831237793 -0.026757586747407913 0.003304878016933799 -0.17643363773822784 0.0489230751991272 0.9830960035324097 0.0013216028455644846
1403638137.345097 0.9776034355163574 -0.11511071771383286 0.17618553340435028 0.001352575607597828 0.12025228142738342 0.9925661087036133 -0.01875295117497444 0.005709369666874409 -0.17271719872951508 0.03951965644955635 0.9841784238815308 0.0027826845180243254
1403638137.395097 0.9784050583839417 -0.10719137638807297 0.17673054337501526 0.0003359807888045907 0.11080732941627502 0.9937843084335327 -0.01069036964327097 0.007905461825430393 -0.1744861900806427 0.03004254773259163 0.9842013120651245 0.0036436929367482662
1403638137.445097 0.9789537787437439 -0.09743668884038925 0.17931991815567017 -0.00034857337595894933 0.09887824207544327 0.9950990676879883 0.000903010368347168 0.010019250214099884 -0.17852912843227386 0.01684683747589588 0.9837904572486877 0.004689117893576622
1403638137.4950972 0.9796003699302673 -0.08338259160518646 0.18284055590629578 -0.00031216710340231657 0.08211897313594818 0.9965173602104187 0.014484886080026627 0.011156657710671425 -0.1834115833044052 0.0008252826519310474 0.9830358028411865 0.005755540914833546
1403638137.5450969 0.9799212217330933 -0.06919831037521362 0.18699195981025696 -0.0009994544088840485 0.0647256150841713 0.9974541664123535 0.029927223920822144 0.013237196020781994 -0.18858681619167328 -0.01722314953804016 0.981905460357666 0.0071437484584748745
1403638137.595097 0.9795587062835693 -0.05180737376213074 0.19437263906002045 -0.001130895223468542 0.044410962611436844 0.9981206655502319 0.04222234711050987 0.014698178507387638 -0.19619478285312653 -0.03272698447108269 0.980018675327301 0.0069547053426504135
1403638137.645097 0.9785173535346985 -0.046547502279281616 0.20084179937839508 -0.002947005210444331 0.037898462265729904 0.9981896877288818 0.046698182821273804 0.016499267891049385 -0.2026519477367401 -0.038083381950855255 0.9785100817680359 0.006899438798427582
1403638137.695097 0.9769389629364014 -0.044177379459142685 0.20889894664287567 -0.003044633660465479 0.03552600368857384 0.9983554482460022 0.044988226145505905 0.017714444547891617 -0.21054288744926453 -0.036529406905174255 0.9769019484519958 0.007561645936220884
1403638137.745097 0.9756379723548889 -0.04579514265060425 0.21455343067646027 -0.0017653527902439237 0.03781525045633316 0.9984369874000549 0.0411531999707222 0.018202053382992744 -0.2161026895046234 -0.03203723207116127 0.9758448004722595 0.008369585499167442
1403638137.795097 0.9746901988983154 -0.050040796399116516 0.21788716316223145 -0.001864930149167776 0.041483622044324875 0.9981842041015625 0.043675076216459274 0.019207103177905083 -0.21967701613903046 -0.03353092074394226 0.9749962091445923 0.008776742964982986
1403638137.845097 0.9740145802497864 -0.04806572198867798 0.22132618725299835 -0.002034283010289073 0.037855710834264755 0.9980241656303406 0.050146520137786865 0.020606009289622307 -0.22329920530319214 -0.04046498239040375 0.9739096164703369 0.009650186635553837
1403638137.895097 0.9736573696136475 -0.040920406579971313 0.2243143767118454 -0.00209547346457839 0.02721436507999897 0.9975878596305847 0.06385785341262817 0.021398935467004776 -0.2263863980770111 -0.05607109144330025 0.9724223613739014 0.009604722261428833
1403638137.945097 0.9734105467796326 -0.03202296793460846 0.22681815922260284 -0.0021087429486215115 0.014057337306439877 0.996664822101593 0.08038424700498581 0.02197922393679619 -0.22863581776618958 -0.07505841553211212 0.9706141948699951 0.010098947212100029
1403638137.9950972 0.9737476110458374 -0.025905568152666092 0.2261521965265274 -0.0023539860267192125 0.004699918907135725 0.9955794811248779 0.09380637854337692 0.022518791258335114 -0.22758261859416962 -0.09028082340955734 0.96956467628479 0.01068586390465498
1403638138.0450969 0.9740278124809265 -0.020281530916690826 0.2255183607339859 -0.0024186756927520037 -0.001639563706703484 0.9953225255012512 0.09659366309642792 0.023425647988915443 -0.22642254829406738 -0.09445467591285706 0.9694384932518005 0.010624393820762634
1403638138.095097 0.9739281535148621 -0.017534859478473663 0.22617806494235992 -0.0024713166058063507 -0.0037611008156090975 0.9956231117248535 0.09338285028934479 0.023609522730112076 -0.2268255650997162 -0.09179887920618057 0.9695994853973389 0.010787821374833584
