1403638127.295097 1.0 0.0 0.0 0.0 0.0 1.0 0.0 0.0 0.0 0.0 1.0 0.0
1403638127.345097 1.0 -0.00017888529691845179 -1.8528378859627992e-05 -7.093637395882979e-05 0.00017888430738821626 1.0 -5.308668551151641e-05 2.1372819901444018e-05 1.85378739843145e-05 5.3083371312823147e-05 1.0 -0.0003359201073180884
1403638127.395097 0.9999997615814209 -0.0006874374230392277 0.00012515412527136505 -0.000225148192839697 0.0006873979582451284 0.9999997019767761 0.00031508784741163254 7.686892058700323e-05 -0.0001253706868737936 -0.0003150017582811415 0.9999999403953552 -0.0004894497105851769
1403638127.445097 0.9999999403953552 -9.326245344709605e-05 0.0002619316801428795 -1.20725044325809e-05 9.322421828983352e-05 1.0 0.0001459810882806778 0.00011073801579186693 -0.00026194530073553324 -0.00014595665561500937 0.9999999403953552 -0.0003394393716007471
1403638127.4950972 0.9999998211860657 -0.00029613354126922786 0.0005087137687951326 -5.616413909592666e-05 0.00029650775832124054 0.9999997019767761 -0.0007357239373959601 -1.4577588444808498e-05 -0.0005084957228973508 0.0007358746370300651 0.9999995827674866 -0.0004631179035641253
1403638127.5450969 0.9999998211860657 -0.0005820447113364935 2.2206113499123603e-05 -0.00015351059846580029 0.0005820437800139189 0.9999998211860657 4.2215848225168884e-05 -9.629006672184914e-05 -2.2230680770007893e-05 -4.220291521050967e-05 1.0 -0.0005597161944024265
1403638127.595097 0.9999998807907104 -0.0005145141039974988 -2.522806971683167e-05 -7.224714499898255e-05 0.0005145184695720673 0.9999998807907104 0.0001750273659126833 -2.230913560197223e-05 2.5138011551462114e-05 -0.00017504033166915178 1.0 0.0001287045597564429
1403638127.645097 0.9999997019767761 -0.0006532598054036498 -0.00033723574597388506 -0.00011735503358067945 0.0006533626583404839 0.9999997615814209 0.0003049053193535656 -3.3863845601445064e-05 0.0003370364720467478 -0.00030512557714246213 0.9999998807907104 -9.022068843478337e-05
1403638127.695097 1.0 -0.00011140141577925533 -0.00018330279272049665 0.00010004224168369547 0.00011140058632008731 1.0 -4.521554274106165e-06 1.902836447698064e-05 0.00018330328748561442 4.501133844314609e-06 1.0 4.8829759180080146e-05
1403638127.745097 0.9999998211860657 -0.0005420855013653636 -0.00011069069296354428 -0.00022690463811159134 0.0005420997622422874 0.9999998211860657 0.0001287514896830544 0.00010272829240420833 0.00011062088015023619 -0.00012881148722954094 1.0 -0.00038957863580435514
1403638127.795097 1.0 -0.00022451877885032445 -7.385201752185822e-05 -0.0003137748863082379 0.0002245379437226802 0.9999999403953552 0.0002595327387098223 5.580263677984476e-05 7.379374437732622e-05 -0.0002595492987893522 0.9999999403953552 -0.00026980051188729703
1403638127.845097 0.9999997019767761 -0.0007853968418203294 -9.991344268200919e-05 -0.0002496819943189621 0.0007854188443161547 0.9999996423721313 0.0002202072209911421 2.0096791558898985e-05 9.974045678973198e-05 -0.00022028562671039253 1.0 -0.0003236512711737305
1403638127.895097 0.9999995231628418 -0.0009455396793782711 -0.00019931049610022455 -0.00020116478845011443 0.000945567968301475 0.9999995231628418 0.00014181814913172275 3.2470441510668024e-05 0.00019917631288990378 -0.00014200655277818441 0.9999999403953552 -0.0005162300658412278
1403638127.945097 0.9999990463256836 -0.0013110783183947206 -0.0004037952749058604 -0.00016242635319940746 0.0013111602747812867 0.9999991059303284 0.00020269713422749192 -7.111230388545664e-06 0.0004035291785839945 -0.00020322638738434762 0.9999998807907104 -0.00045778535422869027
1403638127.9950972 0.9999992847442627 -0.0011624263133853674 -0.0003478953440207988 -0.00014256511349231005 0.0011625966290012002 0.9999992251396179 0.0004898395272903144 0.00011044239363400266 0.0003473256656434387 -0.0004902436048723757 0.9999998211860657 6.551577098434791e-05
1403638128.0450969 0.9999999403953552 -0.00036807783180847764 1.4905916941643227e-05 -1.3866310837329365e-05 0.0003680680238176137 0.9999997019767761 0.0006524844211526215 6.255356129258871e-05 -1.5146077203098685e-05 -0.0006524788332171738 0.9999997615814209 -0.0002183917531510815
1403638128.095097 0.9999998211860657 -0.0006247221026569605 0.00010970934818033129 -0.00010810193634824827 0.0006245870608836412 0.9999990463256836 0.0012266587000340223 3.452171586104669e-05 -0.00011047556472476572 -0.0012265900149941444 0.9999992251396179 1.1026632819266524e-05
1403638128.145097 0.9999988675117493 -0.001514145638793707 4.1127786971628666e-05 -0.00012089815572835505 0.0015140711329877377 0.9999973177909851 0.001752801239490509 -0.00010456721065565944 -4.378167068352923e-05 -0.0017527369782328606 0.9999984502792358 0.00023690132366027683
1403638128.195097 0.9999976754188538 -0.002153584035113454 -0.00023147414322011173 -0.00038433674490079284 0.002153991023078561 0.9999961256980896 0.0017719859024509788 3.2488893339177594e-05 0.0002276571176480502 -0.0017724803183227777 0.9999983906745911 -3.95677488995716e-05
1403638128.245097 0.9999995827674866 -0.0008627886418253183 0.00023613913799636066 -0.00036773603642359376 0.0008623580797575414 0.9999979734420776 0.0018172967247664928 1.951636113517452e-05 -0.00023770661209709942 -0.0018170922994613647 0.9999983310699463 0.00016770169895607978
1403638128.295097 0.9999995827674866 -0.0008274284773506224 0.00034304161090403795 -0.00040750711923465133 0.000826896692160517 0.9999984502792358 0.001547503867186606 7.849772373447195e-05 -0.0003443215391598642 -0.0015472195809707046 0.9999987483024597 -0.00048544301535002887
1403638128.345097 0.9999993443489075 -0.0011273805284872651 4.851303674513474e-05 -0.0003123875067103654 0.0011273093987256289 0.9999983310699463 0.0014422779204323888 3.973711500293575e-06 -5.013895497540943e-05 -0.0014422222739085555 0.9999989867210388 -0.00020346192468423396
1403638128.395097 0.9999995231628418 -0.0008589892531745136 0.00043916821596212685 -0.0002121229044860229 0.0008584522875025868 0.9999988675117493 0.0012214964954182506 6.0885678976774216e-05 -0.00044021697249263525 -0.001221118844114244 0.9999991655349731 4.2127860069740564e-05
1403638128.445097 0.9999991059303284 -0.0013090799329802394 0.0002511557540856302 -0.0002448878367431462 0.0013087100815027952 0.9999980926513672 0.0014668131479993463 6.495277193607762e-05 -0.00025307544274255633 -0.0014664832269772887 0.9999988675117493 -0.00021297112107276917
1403638128.4950972 0.9999987483024597 -0.001518578501418233 0.0004609800816979259 -0.00036405044374987483 0.001517782686278224 0.9999973773956299 0.0017218977445736527 -5.473065175465308e-05 -0.00046359372208826244 -0.0017211958765983582 0.9999983906745911 0.00011279989121248946
1403638128.5450969 0.9999988675117493 -0.0014228459913283587 0.0005127923213876784 -0.0003235738258808851 0.0014219731092453003 0.9999975562095642 0.001698430860415101 -3.508416921249591e-05 -0.0005152077064849436 -0.001697699772194028 0.9999984502792358 0.00016336749831680208
1403638128.595097 0.9999985694885254 -0.0016989301657304168 0.00018026141333393753 -0.00021203095093369484 0.0016986173577606678 0.999997079372406 0.0017215663101524115 2.3831615180824883e-05 -0.00018318570801056921 -0.0017212575767189264 0.9999985098838806 -0.00011135126987937838
1403638128.645097 0.9999985694885254 -0.0016473241848871112 0.00032155949156731367 -4.5766402763547376e-05 0.001646778080612421 0.9999971985816956 0.0016914207953959703 -0.00011697272566379979 -0.0003243449318688363 -0.001690888893790543 0.9999985098838806 -0.000448947015684098
1403638128.695097 0.9999961853027344 -0.002656318712979555 0.0007777453865855932 -0.0003623398661147803 0.0026546453591436148 0.999994158744812 0.002144545316696167 -5.989055352983996e-05 -0.0007834374555386603 -0.0021424724254757166 0.9999973773956299 1.7502001355751418e-05
1403638128.745097 0.9999935626983643 -0.0033278213813900948 0.0013336320407688618 -0.0006004905444569886 0.00332330702804029 0.9999887943267822 0.003373025916516781 -0.00044145045103505254 -0.001344841904938221 -0.003368572099134326 0.9999934434890747 0.0004220782429911196
1403638128.795097 0.9999940991401672 -0.0031417456921190023 0.0013817156432196498 -0.0006311541073955595 0.003136988030746579 0.9999892115592957 0.0034320494160056114 -0.0003070513776037842 -0.0013924833619967103 -0.003427694784477353 0.9999931454658508 -0.00016128756396938115
1403638128.845097 0.9999911785125732 -0.00321063119918108 0.0027056538965553045 -0.000634805066511035 0.00320001901127398 0.9999871850013733 0.00391743378713727 -0.00042895713704638183 -0.002718196716159582 -0.003908741287887096 0.9999886751174927 0.0007333014509640634
1403638128.895097 0.999992847442627 -0.002915747696533799 0.0024169008247554302 -0.00048195221461355686 0.0029062521643936634 0.9999880790710449 0.003923000767827034 -0.00026708742370828986 -0.0024283104576170444 -0.003915948327630758 0.99998939037323 0.0004023864457849413
1403638128.945097 0.9999960064888 -0.0008674549171701074 0.0026895201299339533 -0.00011447235738160089 0.0008580993744544685 0.9999935626983643 0.003477704944089055 -0.00012552639236673713 -0.002692519687116146 -0.0034753831569105387 0.9999903440475464 -8.349848940270022e-05
1403638128.9950972 0.9999958276748657 -0.0010827480582520366 0.0026779365725815296 -0.0003397818945813924 0.0010732692899182439 0.9999931454658508 0.0035385016817599535 -0.0001377333828713745 -0.0026817494072020054 -0.00353561295196414 0.9999901652336121 -0.00029511982575058937
1403638129.0450969 0.9999977946281433 -0.0001738301507430151 0.0020999282132834196 -4.650267510442063e-05 0.0001676828833296895 0.9999957084655762 0.0029271955136209726 -0.0004258567641954869 -0.0021004281006753445 -0.0029268369544297457 0.9999935030937195 0.0006723622791469097
1403638129.095097 0.9999677538871765 0.007103079929947853 0.0037425868213176727 -9.108794620260596e-05 -0.007114004343748093 0.9999704360961914 0.002913766773417592 -0.0005424467963166535 -0.003721779678016901 -0.002940297592431307 0.9999887347221375 -0.0002565138565842062
1403638129.145097 0.9999163150787354 0.011371767148375511 0.006164907943457365 -0.0006970496033318341 -0.011383932083845139 0.9999333024024963 0.0019418122246861458 -0.001569414627738297 -0.006142415106296539 -0.002011830685660243 0.9999791383743286 -2.272673009429127e-05
1403638129.195097 0.999937117099762 0.009769219905138016 0.005505427718162537 -0.000621836690697819 -0.009754086844623089 0.9999486207962036 -0.0027689095586538315 -0.003673422383144498 -0.00553219486027956 0.0027150348760187626 0.9999809861183167 -0.0006273690378293395
1403638129.245097 0.9999681711196899 -0.007931419648230076 -0.000838541891425848 -0.0005079276743344963 0.007919460535049438 0.9998786449432373 -0.013414868153631687 -0.008141008205711842 0.0009448390919715166 0.013407801277935505 0.9999096393585205 -0.0015840596752241254
1403638129.295097 0.9991416335105896 -0.0406939797103405 -0.0077468459494411945 0.00022129074204713106 0.04041218385100365 0.9986180663108826 -0.03359520807862282 -0.014137248508632183 0.009103262796998024 0.03325331211090088 0.9994054436683655 -0.004103008657693863
1403638129.345097 0.9966357350349426 -0.08105825632810593 -0.012121133506298065 0.0020210600923746824 0.08021120727062225 0.9950339198112488 -0.05893640220165253 -0.02254570461809635 0.01683822087943554 0.05776587128639221 0.9981880784034729 -0.006771121174097061
1403638129.395097 0.9933397173881531 -0.11408384889364243 -0.01615547202527523 0.002930945251137018 0.11263304948806763 0.9909834265708923 -0.07256487756967545 -0.03098522685468197 0.024288281798362732 0.07026194781064987 0.9972327947616577 -0.010430296882987022
1403638129.445097 0.9918392300605774 -0.12622785568237305 -0.01793031394481659 0.003866442246362567 0.12470455467700958 0.9897519946098328 -0.06956882774829865 -0.03557329997420311 0.02652808465063572 0.06676509231328964 0.9974160194396973 -0.01206945814192295
1403638129.4950972 0.9931800365447998 -0.11482435464859009 -0.020218875259160995 0.0034947830718010664 0.11367309838533401 0.9922069907188416 -0.05102548748254776 -0.03764866665005684 0.02592027187347412 0.04837915301322937 0.9984927177429199 -0.013625088147819042
1403638129.5450969 0.9958174824714661 -0.08863251656293869 -0.02217831462621689 0.0027723906096071005 0.08800844103097916 0.9957348108291626 -0.027690501883625984 -0.03841478005051613 0.024537991732358932 0.025622805580496788 0.9993705153465271 -0.014437367208302021
1403638129.595097 0.9981247186660767 -0.05734577775001526 -0.02141653187572956 0.0018539890879765153 0.05715516582131386 0.9983208775520325 -0.00940939411520958 -0.03979501500725746 0.021920157596468925 0.008167676627635956 0.999726414680481 -0.015203000046312809
1403638129.645097 0.9992642402648926 -0.0330546498298645 -0.019454805180430412 0.0012203461956232786 0.03305044397711754 0.9994534850120544 -0.0005379095673561096 -0.0430687740445137 0.019461948424577713 -0.00010547786951065063 0.9998106360435486 -0.016507454216480255
1403638129.695097 0.9996396899223328 -0.021378155797719955 -0.016232004389166832 0.001022289041429758 0.021340329200029373 0.9997691512107849 -0.002500305650755763 -0.04851313680410385 0.01628170907497406 0.0021530084777623415 0.9998651146888733 -0.01824057660996914
1403638129.745097 0.9995553493499756 -0.02471178211271763 -0.016684597358107567 0.000691091176122427 0.024527905508875847 0.9996370673179626 -0.011137014254927635 -0.05555823817849159 0.016953757032752037 0.01072282437235117 0.9997987747192383 -0.020410308614373207
1403638129.795097 0.9994564652442932 -0.02689439430832863 -0.019066525623202324 0.0003547213855199516 0.026694439351558685 0.9995867609977722 -0.01066538691520691 -0.06339088827371597 0.01934548281133175 0.01015061978250742 0.9997613430023193 -0.023331169039011
1403638129.845097 0.9995067715644836 -0.02257901430130005 -0.021821154281497 -0.0007386933430097997 0.022602202370762825 0.999744176864624 0.0008165007457137108 -0.07159730046987534 0.02179713547229767 -0.001309303566813469 0.9997615218162537 -0.026370743289589882
1403638129.895097 0.9995740652084351 -0.015100883319973946 -0.024969646707177162 -0.002182579832151532 0.015449855476617813 0.9997848272323608 0.013842536136507988 -0.08168798685073853 0.024755237624049187 -0.014222420752048492 0.9995923638343811 -0.030925091356039047
1403638129.945097 0.999623715877533 -0.0069840108044445515 -0.026524268090724945 -0.0033145188353955746 0.0074853491969406605 0.9997943043708801 0.018849093466997147 -0.09474192559719086 0.0263871718198061 -0.01904054544866085 0.9994704723358154 -0.03639243543148041
1403638129.9950972 0.9995538592338562 -0.008667491376399994 -0.028581872582435608 -0.004701557569205761 0.00897985976189375 0.9999011158943176 0.010818766430020332 -0.11048184335231781 0.02848527580499649 -0.011070599779486656 0.9995328783988953 -0.041555728763341904
1403638130.0450969 0.9992977976799011 -0.021002281457185745 -0.031029602512717247 -0.005571221467107534 0.020824342966079712 0.9997648000717163 -0.006046609953045845 -0.13085414469242096 0.031149297952651978 0.005396194756031036 0.9995002150535583 -0.0492498055100441
1403638130.095097 0.9988365173339844 -0.033548373728990555 -0.034643203020095825 -0.00615299679338932 0.032799795269966125 0.9992207884788513 -0.021955078467726707 -0.15111452341079712 0.035352759063243866 0.0207932461053133 0.9991585612297058 -0.05653044581413269
1403638130.145097 0.9983716011047363 -0.040135595947504044 -0.040535446256399155 -0.006988256238400936 0.038934070616960526 0.9987910985946655 -0.030008237808942795 -0.16995185613632202 0.04169083386659622 0.028381168842315674 0.9987273812294006 -0.0625014528632164
1403638130.195097 0.9982596039772034 -0.03660532459616661 -0.046236421912908554 -0.008075465448200703 0.03523441031575203 0.9989249110221863 -0.030125265941023827 -0.18839681148529053 0.04728944972157478 0.028443722054362297 0.9984761476516724 -0.06978004425764084
1403638130.245097 0.998125433921814 -0.03262552618980408 -0.051781024783849716 -0.009072169661521912 0.031080085784196854 0.9990552067756653 -0.03037569858133793 -0.20743399858474731 0.05272312089800835 0.028709400445222855 0.9981964230537415 -0.07783829420804977
1403638130.295097 0.9976171851158142 -0.03894966095685959 -0.05694609135389328 -0.010038711130619049 0.03676019608974457 0.9985626935958862 -0.039003077894449234 -0.22772152721881866 0.05838339403271675 0.0368167944252491 0.9976150393486023 -0.08513011038303375
1403638130.345097 0.996608555316925 -0.055375028401613235 -0.06086748093366623 -0.010312935337424278 0.052224744111299515 0.9972710013389587 -0.05218341946601868 -0.24905726313591003 0.06359103322029114 0.048827651888132095 0.9967808723449707 -0.09360257536172867
1403638130.395097 0.9954570531845093 -0.0691133439540863 -0.0654880702495575 -0.010850059799849987 0.0650651752948761 0.9959497451782227 -0.06205430626869202 -0.26908114552497864 0.06951159983873367 0.05751139670610428 0.9959219694137573 -0.1015453189611435
1403638130.445097 0.9947164058685303 -0.07329671829938889 -0.07188083231449127 -0.012648720294237137 0.06863667815923691 0.9955030083656311 -0.06528976559638977 -0.2876112461090088 0.0763431042432785 0.060011126101017 0.995274007320404 -0.10841165482997894
1403638130.4950972 0.9949637651443481 -0.06384629756212234 -0.0772692859172821 -0.009139077737927437 0.05910807475447655 0.9963163733482361 -0.06212955713272095 -0.306715190410614 0.08095137774944305 0.05724941939115524 0.9950725436210632 -0.12314912676811218
1403638130.5450969 0.9958120584487915 -0.048259008675813675 -0.07765001803636551 -0.01562947779893875 0.04391270875930786 0.9974228143692017 -0.056739628314971924 -0.32140597701072693 0.0801880955696106 0.05309217423200607 0.995364785194397 -0.12484292685985565
1403638130.595097 0.9962025880813599 -0.04098844900727272 -0.07681345194578171 -0.015827219933271408 0.036662038415670395 0.99770587682724 -0.05691179633140564 -0.34043166041374207 0.07896994054317474 0.053879544138908386 0.9954198598861694 -0.1329377293586731
1403638130.645097 0.9962929487228394 -0.04144275560975075 -0.07538529485464096 -0.017897678539156914 0.03637966141104698 0.9970666766166687 -0.06733924150466919 -0.35721176862716675 0.07795488089323044 0.06434711813926697 0.9948781132698059 -0.1377294361591339
1403638130.695097 0.9955899715423584 -0.05511510744690895 -0.07591347396373749 -0.016501639038324356 0.049014538526535034 0.9955886006355286 -0.0800066739320755 -0.3778841495513916 0.07998815178871155 0.07593297958374023 0.9938994646072388 -0.15045501291751862
1403638130.745097 0.9936313629150391 -0.07870273292064667 -0.08063886314630508 -0.014838837087154388 0.0709967166185379 0.9930050373077393 -0.09434223175048828 -0.3998304605484009 0.08749978989362717 0.08801630884408951 0.9922685623168945 -0.16325747966766357
1403638130.795097 0.9912326335906982 -0.0993155762553215 -0.08714478462934494 -0.015831079334020615 0.090235635638237 0.9906229376792908 -0.10258528590202332 -0.4152069389820099 0.09651593863964081 0.09382232278585434 0.9908995628356934 -0.1684402972459793
1403638130.845097 0.9902576208114624 -0.1045583039522171 -0.0919637680053711 -0.012592699378728867 0.09467506408691406 0.9898529648780823 -0.10596155375242233 -0.4219057261943817 0.10210976004600525 0.09622257202863693 0.9901084303855896 -0.1786581575870514
1403638130.895097 0.989545464515686 -0.10808057337999344 -0.09549016505479813 -0.01383911445736885 0.09747669845819473 0.9891966581344604 -0.10949087888002396 -0.4311361014842987 0.10629238933324814 0.09903815388679504 0.9893903732299805 -0.18313241004943848
1403638130.945097 0.9894322156906128 -0.11260014772415161 -0.09135186672210693 -0.010069293901324272 0.101111501455307 0.9873785376548767 -0.12190209329128265 -0.4404798746109009 0.10392507910728455 0.11137714236974716 0.9883292317390442 -0.18651148676872253
1403638130.9950972 0.9894693493843079 -0.11868256330490112 -0.08285515755414963 -0.009246275760233402 0.10616688430309296 0.9841742515563965 -0.14187930524349213 -0.44321903586387634 0.09838251024484634 0.13158875703811646 0.9864102602005005 -0.18913787603378296
1403638131.0450969 0.9892612099647522 -0.12440815567970276 -0.07671284675598145 -0.010498243384063244 0.11116158217191696 0.9812018871307373 -0.15775278210639954 -0.4475027918815613 0.09489654004573822 0.1475311815738678 0.9844943284988403 -0.18946760892868042
1403638131.095097 0.989888608455658 -0.12214811146259308 -0.07211357355117798 -0.009099685586988926 0.10921443998813629 0.9807255268096924 -0.16201743483543396 -0.44846948981285095 0.09051376581192017 0.1525033414363861 0.9841493964195251 -0.1886856108903885
1403638131.145097 0.9909825325012207 -0.11331447958946228 -0.07150798290967941 -0.012542419135570526 0.10129360854625702 0.9828993678092957 -0.15378053486347198 -0.43836310505867004 0.08771072328090668 0.14515052735805511 0.9855141639709473 -0.18558566272258759
1403638131.195097 0.9928497672080994 -0.09519508481025696 -0.07202046364545822 -0.01119924709200859 0.08478305488824844 0.9870856404304504 -0.13591772317886353 -0.4300096035003662 0.08402907848358154 0.12883982062339783 0.9880988597869873 -0.18171805143356323
1403638131.245097 0.994781494140625 -0.07278873771429062 -0.07149551808834076 -0.010405146516859531 0.06411711126565933 0.9910739660263062 -0.11688169836997986 -0.3999655544757843 0.07936503738164902 0.11168766766786575 0.9905691742897034 -0.16991481184959412
1403638131.295097 0.9956764578819275 -0.05805046856403351 -0.07251522690057755 -0.010188082233071327 0.050550080835819244 0.9935709238052368 -0.10129906237125397 -0.3852759301662445 0.07792948186397552 0.09719545394182205 0.9922096133232117 -0.16238057613372803
1403638131.345097 0.9960657954216003 -0.0511673241853714 -0.07235243916511536 -0.012917323037981987 0.04428315535187721 0.9946109652519226 -0.09374469518661499 -0.3681453466415405 0.07675918936729431 0.09017189592123032 0.9929637908935547 -0.15619099140167236
1403638131.395097 0.9961179494857788 -0.05276447534561157 -0.07046229392290115 -0.0070464881137013435 0.04611479863524437 0.9946092367172241 -0.09287606179714203 -0.35465094447135925 0.07498300820589066 0.08926617354154587 0.9931813478469849 -0.14891943335533142
1403638131.445097 0.9961937665939331 -0.05351531505584717 -0.06880515068769455 -0.0021457215771079063 0.04682591184973717 0.9943363666534424 -0.09540758281946182 -0.3372730612754822 0.07352122664451599 0.09182257205247879 0.9930575489997864 -0.1426447182893753
1403638131.4950972 0.997119665145874 -0.0436992384493351 -0.061991192400455475 -0.006234754342585802 0.03773697838187218 0.994829535484314 -0.09428786486387253 -0.32212668657302856 0.06579098850488663 0.09167692065238953 0.993613064289093 -0.13880500197410583
1403638131.5450969 0.9973673224449158 -0.04014674574136734 -0.060387589037418365 -0.007813761942088604 0.03469667583703995 0.9954503774642944 -0.0887395441532135 -0.3025107681751251 0.06367546319961548 0.08641069382429123 0.9942226409912109 -0.1323644369840622
1403638131.595097 0.9974759817123413 -0.03718772530555725 -0.060489337891340256 -0.001633091364055872 0.032156672328710556 0.9961035847663879 -0.08211909234523773 -0.28168705105781555 0.06330747902393341 0.07996667921543121 0.9947851896286011 -0.12396728247404099
1403638131.645097 0.9976410269737244 -0.03155392408370972 -0.060966260731220245 -0.0011057760566473007 0.026768136769533157 0.9966111183166504 -0.07778092473745346 -0.2605545222759247 0.06321395933628082 0.0759655088186264 0.9951046109199524 -0.11436586081981659
1403638131.695097 0.9978335499763489 -0.027034439146518707 -0.05997849255800247 0.005677285138517618 0.022350452840328217 0.996746838092804 -0.07743555307388306 -0.2412700355052948 0.0618768036365509 0.0759272426366806 0.9951916933059692 -0.11159859597682953
1403638131.745097 0.9980238080024719 -0.023066280409693718 -0.058451421558856964 0.005783353466540575 0.01852099969983101 0.9968478083610535 -0.07714416086673737 -0.2207707315683365 0.06004662439227104 0.07590913027524948 0.9953051805496216 -0.10047805309295654
1403638131.795097 0.9985018372535706 -0.011815665289759636 -0.053428150713443756 0.007794403471052647 0.007717417553067207 0.9970571994781494 -0.07627148926258087 -0.1981055587530136 0.05417212098836899 0.07574488967657089 0.9956546425819397 -0.09406080096960068
1403638131.845097 0.9988610148429871 -0.0011417039204388857 -0.04770106449723244 0.009422825649380684 -0.0023136509116739035 0.9973788261413574 -0.07231983542442322 -0.17687682807445526 0.04765860363841057 0.07234783470630646 0.9962401986122131 -0.08680932223796844
1403638131.895097 0.9990745186805725 0.0054107895120978355 -0.04267159849405289 0.006764233577996492 -0.008388726972043514 0.9975172877311707 -0.06992008537054062 -0.16183090209960938 0.042187340557575226 0.07021333277225494 0.9966395497322083 -0.07702595740556717
1403638131.945097 0.9991235733032227 0.010466042906045914 -0.04052577167749405 0.008331835269927979 -0.013253629207611084 0.9975188970565796 -0.0691395252943039 -0.14319653809070587 0.039701610803604126 0.06961604207754135 0.9967835545539856 -0.0699048712849617
1403638131.9950972 0.9989416599273682 0.023865308612585068 -0.03931940719485283 0.00935785099864006 -0.0263314638286829 0.9976379871368408 -0.06344591081142426 -0.1282593160867691 0.03771236911416054 0.06441408395767212 0.9972105026245117 -0.06607649475336075
1403638132.0450969 0.9982593655586243 0.04222297668457031 -0.04117622226476669 0.009663460776209831 -0.04443492740392685 0.9975315928459167 -0.054371580481529236 -0.11686724424362183 0.03877885267138481 0.05610659718513489 0.9976714253425598 -0.06297918409109116
1403638132.095097 0.9972115159034729 0.061237137764692307 -0.04265403747558594 0.009423958137631416 -0.06302420049905777 0.9971323609352112 -0.041893020272254944 -0.1119837611913681 0.03996630758047104 0.044464439153671265 0.9982112050056458 -0.062123917043209076
1403638132.145097 0.9963349103927612 0.07225972414016724 -0.04577378183603287 0.008578735403716564 -0.07391079515218735 0.9966340065002441 -0.035465944558382034 -0.11414764821529388 0.04305693507194519 0.03871913626790047 0.998322069644928 -0.06354939192533493
1403638132.195097 0.9961670637130737 0.07209698855876923 -0.04952913522720337 0.008771348744630814 -0.07403601706027985 0.9965121746063232 -0.03849690780043602 -0.12501013278961182 0.046580877155065536 0.04201628640294075 0.9980304837226868 -0.06835948675870895
1403638132.245097 0.9966867566108704 0.059886232018470764 -0.0550374910235405 0.007717443164438009 -0.06276509165763855 0.9966644048690796 -0.05215812474489212 -0.1427188366651535 0.05173035338521004 0.05543974041938782 0.9971210360527039 -0.07467477768659592
1403638132.295097 0.9971149563789368 0.04446328803896904 -0.06152145564556122 0.006815924309194088 -0.04862802475690842 0.9965034127235413 -0.06794214248657227 -0.16578301787376404 0.05828540399670601 0.07073777914047241 0.9957906007766724 -0.08505117893218994
1403638132.345097 0.9972275495529175 0.035061534494161606 -0.06563369929790497 0.0064557334408164024 -0.04020293429493904 0.9960852265357971 -0.07872772216796875 -0.19258715212345123 0.06261642277240753 0.08114811778068542 0.9947332143783569 -0.09589063376188278
1403638132.395097 0.9968605041503906 0.01901700533926487 -0.07686090469360352 0.01133788377046585 -0.025470709428191185 0.9961504936218262 -0.08387827128171921 -0.21548773348331451 0.07496990263462067 0.08557263016700745 0.9935073256492615 -0.11250045895576477
1403638132.445097 0.9962888360023499 0.0024448165204375982 -0.08603797107934952 0.01076224260032177 -0.010608752258121967 0.9954627752304077 -0.09455907344818115 -0.24175304174423218 0.08541640639305115 0.09512090682983398 0.9917943477630615 -0.12514826655387878
1403638132.4950972 0.9951806664466858 -0.023298315703868866 -0.09525088965892792 0.010169366374611855 0.012507027015089989 0.9935890436172485 -0.11235812306404114 -0.2764284610748291 0.09725800156593323 0.11062531173229218 0.9890919923782349 -0.13844138383865356
1403638132.5450969 0.993552565574646 -0.04961481690406799 -0.10193930566310883 0.01580001227557659 0.03541569784283638 0.9899854063987732 -0.136655792593956 -0.30574753880500793 0.10769858211278915 0.13216447830200195 0.9853596091270447 -0.15653695166110992
1403638132.595097 0.9918473362922668 -0.07105586677789688 -0.10578212141990662 0.008243640884757042 0.053627859801054 0.98576819896698 -0.1593272089958191 -0.3251963257789612 0.11559775471687317 0.15235541760921478 0.9815421104431152 -0.15496888756752014
1403638132.645097 0.9906383752822876 -0.0828576385974884 -0.10849089920520782 0.0001565897837281227 0.06388359516859055 0.983720064163208 -0.16796964406967163 -0.34711432456970215 0.12064221501350403 0.15946640074253082 0.9798040390014648 -0.16607409715652466
1403638132.695097 0.9901672005653381 -0.08514328300952911 -0.11099375039339066 -0.006760742515325546 0.06690626591444016 0.9850471019744873 -0.158763587474823 -0.3655208945274353 0.12285172939300537 0.14977632462978363 0.9810578227043152 -0.1773131787776947
1403638132.745097 0.9897608160972595 -0.08534117043018341 -0.1144145131111145 -0.010664050467312336 0.06826066970825195 0.98697429895401 -0.14567911624908447 -0.3832557797431946 0.12535661458969116 0.1363774538040161 0.982693612575531 -0.18526409566402435
1403638132.795097 0.9895263910293579 -0.08841120451688766 -0.11410912126302719 -0.015730705112218857 0.07208667695522308 0.987522542476654 -0.14000974595546722 -0.3970869779586792 0.12506374716758728 0.13031761348247528 0.983552873134613 -0.18855637311935425
1403638132.845097 0.9887979030609131 -0.09681829065084457 -0.1136007010936737 -0.020275473594665527 0.07931502163410187 0.9855613708496094 -0.1495928168296814 -0.4004616439342499 0.1264437586069107 0.1389068365097046 0.9821999669075012 -0.19142082333564758
1403638132.895097 0.9874999523162842 -0.11090841889381409 -0.11199681460857391 -0.018377695232629776 0.09164611995220184 0.9821099042892456 -0.16450239717960358 -0.40790215134620667 0.12823788821697235 0.15218199789524078 0.9799976944923401 -0.19873115420341492
1403638132.945097 0.9860780239105225 -0.12087524682283401 -0.11418934166431427 -0.019392047077417374 0.0993870198726654 0.9789883494377136 -0.178056001663208 -0.4087289571762085 0.13331259787082672 0.1642281860113144 0.9773724675178528 -0.1965918242931366
1403638132.9950972 0.9853674173355103 -0.12135039269924164 -0.11968716233968735 -0.02173411287367344 0.0979480892419815 0.9778385758399963 -0.18503446877002716 -0.4030112624168396 0.13948875665664673 0.17060382664203644 0.975416362285614 -0.18887341022491455
1403638133.0450969 0.9866350293159485 -0.10620978474617004 -0.12357538193464279 -0.023887939751148224 0.0829349085688591 0.9801217913627625 -0.18023057281970978 -0.39644938707351685 0.1402611881494522 0.16757307946681976 0.9758309721946716 -0.18862062692642212
1403638133.095097 0.988579511642456 -0.08647846430540085 -0.1234179139137268 -0.017465762794017792 0.06476178020238876 0.9832733869552612 -0.17023316025733948 -0.3824882507324219 0.13607504963874817 0.1602962613105774 0.9776443839073181 -0.1859695017337799
1403638133.145097 0.9899177551269531 -0.07508029043674469 -0.12010778486728668 -0.01004351582378149 0.05523550510406494 0.9854461550712585 -0.16076374053955078 -0.37132298946380615 0.1304299235343933 0.1525086760520935 0.9796575307846069 -0.1783931404352188
1403638133.195097 0.9917397499084473 -0.06843243539333344 -0.10848654806613922 0.002844669856131077 0.050953034311532974 0.986377477645874 -0.15640711784362793 -0.36262035369873047 0.11771202087402344 0.14958740770816803 0.9817166328430176 -0.170002743601799
1403638133.245097 0.9932308197021484 -0.06878018379211426 -0.09360476583242416 0.01827763393521309 0.05363943427801132 0.9863612055778503 -0.15560942888259888 -0.3503969609737396 0.10303094238042831 0.1495351642370224 0.9833737015724182 -0.1656363606452942
1403638133.295097 0.995209813117981 -0.06509218364953995 -0.0729399174451828 0.040756769478321075 0.05338886380195618 0.986896812915802 -0.15226416289806366 -0.3419893682003021 0.0818953737616539 0.1476406306028366 0.9856446385383606 -0.1653471291065216
1403638133.345097 0.9967595338821411 -0.0591924823820591 -0.054468873888254166 0.05591609328985214 0.05088187754154205 0.9884124994277954 -0.1430102437734604 -0.3264618515968323 0.0623028427362442 0.13977530598640442 0.9882211685180664 -0.15444044768810272
1403638133.395097 0.9978655576705933 -0.054078202694654465 -0.03660464286804199 0.07803945243358612 0.048765629529953 0.9899067878723145 -0.1330663561820984 -0.3094741106033325 0.043431177735328674 0.13099728524684906 0.9904308915138245 -0.15027272701263428
1403638133.445097 0.9987273812294006 -0.04884229972958565 -0.012573488056659698 0.0988156870007515 0.0469113364815712 0.9911699295043945 -0.12402209639549255 -0.30147406458854675 0.01851998269557953 0.12327444553375244 0.9921997785568237 -0.14550717175006866
1403638133.4950972 0.998587965965271 -0.05185409262776375 0.011548243463039398 0.11528389900922775 0.052874114364385605 0.9911944270133972 -0.12140046060085297 -0.2822749614715576 -0.005151435732841492 0.12183962762355804 0.9925364255905151 -0.14376214146614075
1403638133.5450969 0.9973638653755188 -0.06388437747955322 0.034414052963256836 0.14063265919685364 0.06755298376083374 0.9906108975410461 -0.1188560426235199 -0.2721412181854248 -0.026497885584831238 0.12086747586727142 0.992314875125885 -0.1390581727027893
1403638133.595097 0.9956044554710388 -0.07927226275205612 0.049877896904945374 0.16353146731853485 0.08445084095001221 0.9900999665260315 -0.1121172234416008 -0.2619626522064209 -0.04049631208181381 0.11583662778139114 0.9924423694610596 -0.1411404311656952
1403638133.645097 0.9936270117759705 -0.09514475613832474 0.06043870747089386 0.18325774371623993 0.10104107856750488 0.9894890785217285 -0.10345081984996796 -0.25234606862068176 -0.04996064305305481 0.10889831930398941 0.9927965402603149 -0.14084716141223907
1403638133.695097 0.991675853729248 -0.10654455423355103 0.07230030745267868 0.20246638357639313 0.11320287734270096 0.9889928698539734 -0.09527948498725891 -0.23885947465896606 -0.06135298311710358 0.10267096012830734 0.9928213953971863 -0.14337144792079926
1403638133.745097 0.9896329045295715 -0.11185774207115173 0.09008084982633591 0.22179259359836578 0.11973513662815094 0.9889525771141052 -0.08738618344068527 -0.22857247292995453 -0.07931087166070938 0.09726610034704208 0.9920932650566101 -0.14788486063480377
1403638133.795097 0.9875195622444153 -0.11207391321659088 0.11065512895584106 0.23640882968902588 0.12157706916332245 0.9890871644020081 -0.08322134613990784 -0.21609237790107727 -0.10012061893939972 0.09563583880662918 0.9903684258460999 -0.1424911767244339
1403638133.845097 0.9856263995170593 -0.10787159204483032 0.13001668453216553 0.25791001319885254 0.11845123767852783 0.9900031685829163 -0.0765705406665802 -0.2051333487033844 -0.12045713514089584 0.09087058156728745 0.9885506629943848 -0.14613890647888184
1403638133.895097 0.9839267730712891 -0.10604595392942429 0.14367544651031494 0.27272719144821167 0.11684654653072357 0.9907553791999817 -0.06892487406730652 -0.2086343914270401 -0.13503806293010712 0.08460499346256256 0.9872216582298279 -0.1311383992433548
1403638133.945097 0.9820770025253296 -0.10661810636520386 0.1554267704486847 0.2766861319541931 0.11816012859344482 0.9907321929931641 -0.06699211895465851 -0.20311681926250458 -0.14684374630451202 0.08415665477514267 0.9855732321739197 -0.1233738362789154
1403638133.9950972 0.9810850024223328 -0.10662268102169037 0.16156695783138275 0.28082793951034546 0.11895512789487839 0.9905229210853577 -0.06865794956684113 -0.20132386684417725 -0.1527152955532074 0.08657849580049515 0.984470546245575 -0.12020091712474823
1403638134.0450969 0.981252908706665 -0.10314229875802994 0.16280245780944824 0.2762053310871124 0.11538364738225937 0.9910184144973755 -0.06759478896856308 -0.20173248648643494 -0.1543683558702469 0.0851123109459877 0.9843405485153198 -0.10675900429487228
1403638134.095097 0.9825695157051086 -0.09581926465034485 0.15929767489433289 0.27278491854667664 0.10665333271026611 0.9924297332763672 -0.06089494377374649 -0.2041521966457367 -0.15225687623023987 0.07682313770055771 0.9853506684303284 -0.10261611640453339
1403638134.145097 0.9839527010917664 -0.08607472479343414 0.15629547834396362 0.2622888386249542 0.09579116851091385 0.9938403964042664 -0.05572399124503136 -0.20765423774719238 -0.15053635835647583 0.06980148702859879 0.9861372113227844 -0.08870881795883179
1403638134.195097 0.9841548800468445 -0.08272478729486465 0.15683098137378693 0.24917414784431458 0.09293308109045029 0.9939284324645996 -0.058904215693473816 -0.2165534496307373 -0.15100596845149994 0.07254564762115479 0.9858673810958862 -0.075316421687603
1403638134.245097 0.9831814765930176 -0.0890408530831337 0.15945491194725037 0.23348191380500793 0.10201842337846756 0.9919416904449463 -0.07512650638818741 -0.2241041511297226 -0.15148065984249115 0.09013032913208008 0.9843425154685974 -0.05628300458192825
1403638134.295097 0.9820746779441833 -0.0977625921368599 0.16115792095661163 0.217706099152565 0.11287317425012589 0.9897560477256775 -0.08742201328277588 -0.2321302741765976 -0.15096046030521393 0.10404534637928009 0.9830490946769714 -0.04393366724252701
1403638134.345097 0.9815278649330139 -0.1064998209476471 0.15893696248531342 0.19328808784484863 0.12138757109642029 0.9887778162956238 -0.08708234131336212 -0.2409924566745758 -0.14787912368774414 0.10476669669151306 0.9834407567977905 -0.022265883162617683
1403638134.395097 0.981488823890686 -0.11562036722898483 0.1526821255683899 0.1736767739057541 0.12907715141773224 0.98829185962677 -0.08135271817445755 -0.25184881687164307 -0.14148849248886108 0.09955453127622604 0.9849213361740112 -0.012442123144865036
1403638134.445097 0.9812934994697571 -0.12336613237857819 0.14779755473136902 0.15613605082035065 0.13556110858917236 0.9878910779953003 -0.07546062767505646 -0.2608513832092285 -0.1366986334323883 0.09408461302518845 0.9861346483230591 0.00022620335221290588
1403638134.4950972 0.9806976914405823 -0.13115786015987396 0.14501577615737915 0.13519573211669922 0.1431267261505127 0.9868282675743103 -0.07539694011211395 -0.2764977812767029 -0.13321679830551147 0.0946972593665123 0.9865524172782898 0.011691536754369736
1403638134.5450969 0.9796791076660156 -0.14174486696720123 0.1419060081243515 0.11516787856817245 0.15376774966716766 0.9850524067878723 -0.07763536274433136 -0.2762306332588196 -0.12878045439720154 0.09787830710411072 0.9868309497833252 0.02591828629374504
1403638134.595097 0.9792070388793945 -0.15135951340198517 0.1350703090429306 0.09383872896432877 0.1631162464618683 0.983305811882019 -0.0806383341550827 -0.28129497170448303 -0.1206100657582283 0.10099376738071442 0.9875491857528687 0.04006483778357506
1403638134.645097 0.9792198538780212 -0.15496550500392914 0.13082164525985718 0.06686011701822281 0.1658511608839035 0.9831541180610657 -0.07682015746831894 -0.2882770299911499 -0.11671336740255356 0.09692072123289108 0.9884251952171326 0.04793126881122589
1403638134.695097 0.9797507524490356 -0.1557864099740982 0.12577420473098755 0.04408131539821625 0.16537711024284363 0.9837613105773926 -0.06974147260189056 -0.2902688682079315 -0.11286704987287521 0.08912941813468933 0.9896044731140137 0.05248801037669182
1403638134.745097 0.9807573556900024 -0.1556510627269745 0.11784711480140686 0.026796776801347733 0.16341303288936615 0.9847744107246399 -0.05929159000515938 -0.2961525022983551 -0.10682405531406403 0.07740839570760727 0.9912601113319397 0.05434377118945122
1403638134.795097 0.982069194316864 -0.15072080492973328 0.11324065178632736 0.0044750431552529335 0.15688037872314453 0.9864718914031982 -0.047558173537254333 -0.3005988895893097 -0.10454075038433075 0.06447064876556396 0.9924286603927612 0.05853413790464401
1403638134.845097 0.983038604259491 -0.14492973685264587 0.11238518357276917 -0.01897178776562214 0.1502915322780609 0.9878011345863342 -0.04075835645198822 -0.3090243339538574 -0.10510710626840591 0.05695758014917374 0.9928284287452698 0.0635739266872406
