1403636580.0635555 0.9999990463256836 -0.0011485377326607704 0.0007891790010035038 -0.00025704174186103046 0.0011426722630858421 0.9999720454216003 0.007393063977360725 0.0058396970853209496 -0.0007976480992510915 -0.007392155006527901 0.9999723434448242 0.0019055313896387815
1403636580.1135554 0.9999891519546509 -0.004643005318939686 -0.00016665986913722008 -0.00037597151822410524 0.0046448130160570145 0.9999004006385803 0.013321940787136555 0.011671651154756546 0.00010478944022906944 -0.013322570361196995 0.9999112486839294 0.003920873627066612
1403636580.1635556 0.9999837279319763 -0.005713394843041897 -3.932352410629392e-05 -0.0009137807064689696 0.005713377147912979 0.9998831152915955 0.014183114282786846 0.021712489426136017 -4.171492764726281e-05 -0.01418310683220625 0.9998993873596191 0.006688812281936407
1403636580.2135556 0.9999734163284302 -0.0071748727932572365 -0.0013523887610062957 -0.0008518954855389893 0.007202024571597576 0.9997476935386658 0.021273460239171982 0.023238634690642357 0.001199413207359612 -0.021282631903886795 0.9997727274894714 0.0072949049063026905
1403636580.2635555 0.999980628490448 -0.005955059546977282 -0.0017936251824721694 -0.0010942877270281315 0.005998556036502123 0.9996617436408997 0.025308314710855484 0.02992006205022335 0.0016423056367784739 -0.025318585336208344 0.9996780753135681 0.009167452342808247
1403636580.3135555 0.9999974966049194 -0.0016409145900979638 -0.0014947449089959264 -0.0012981850886717439 0.001689839642494917 0.9994427561759949 0.033339839428663254 0.03487694263458252 0.001439203741028905 -0.03334228694438934 0.9994429349899292 0.010379006154835224
1403636580.3635557 0.9999945759773254 0.00020736908481922 -0.0033022831194102764 -0.0013655415968969464 -5.75744743400719e-05 0.9989736080169678 0.04529644176363945 0.03628019988536835 0.0033082866575568914 -0.04529600962996483 0.9989680647850037 0.010511870495975018
1403636580.4135554 0.9999891519546509 0.00329876528121531 -0.0032351426780223846 -0.0016651726327836514 -0.0031027288641780615 0.9982630014419556 0.058834802359342575 0.043597206473350525 0.003423604415729642 -0.05882413685321808 0.9982624650001526 0.012036990374326706
1403636580.4635556 0.9999815225601196 0.004853514954447746 -0.0036246038507670164 -0.001952992519363761 -0.004562852904200554 0.9970748424530029 0.0762978047132492 0.046836968511343 0.003984312992542982 -0.07627987116575241 0.9970784187316895 0.01252065971493721
1403636580.5135555 0.9999781847000122 0.0054102493450045586 -0.0038015360478311777 -0.0020421063527464867 -0.0050264080055058 0.9955028295516968 0.09459846466779709 0.04460283741354942 0.004296240396797657 -0.09457728266716003 0.9955081343650818 0.011711735278367996
1403636580.5635555 0.9999732971191406 0.002518975641578436 -0.006872321479022503 -0.002131819725036621 -0.0017669722437858582 0.9942235350608826 0.10731448233127594 0.04437799006700516 0.0071029458194971085 -0.10729945451021194 0.9942013621330261 0.011521192267537117
1403636580.6135554 0.9999470114707947 0.002240107860416174 -0.010056784376502037 -0.002322872169315815 -0.0010949359275400639 0.9936554431915283 0.11246311664581299 0.041708409786224365 0.010244905948638916 -0.11244611442089081 0.9936050176620483 0.010360406711697578
1403636580.6635556 0.9999425411224365 0.0009725606068968773 -0.010681431740522385 -0.002519118133932352 0.00021492969244718552 0.9938635230064392 0.11061343550682068 0.03688228130340576 0.010723462328314781 -0.11060935258865356 0.9938060641288757 0.008848762139678001
1403636580.7135556 0.9999580979347229 0.0045848265290260315 -0.007904291152954102 -0.002817779080942273 -0.0037614621687680483 0.9948587417602539 0.10120434314012527 0.03440263122320175 0.008327655494213104 -0.1011703759431839 0.994834303855896 0.007966974750161171
1403636580.7635555 0.9999377727508545 0.010859206318855286 -0.002548801712691784 -0.0026358698960393667 -0.010579993017017841 0.9957361221313477 0.09163881838321686 0.024925298988819122 0.003533058101311326 -0.09160613268613815 0.9957890510559082 0.0057745082303881645
1403636580.8135555 0.9998334050178528 0.017519153654575348 0.005123155657202005 -0.0027311432640999556 -0.017868435010313988 0.9967328906059265 0.07876799255609512 0.01574982888996601 -0.0037264698185026646 -0.07884640246629715 0.9968798160552979 0.0034114615991711617
1403636580.8635557 0.999586820602417 0.024146154522895813 0.015590517781674862 -0.0030464977025985718 -0.025086749345064163 0.9976819753646851 0.06325654685497284 0.007942069321870804 -0.014026974327862263 -0.06362153589725494 0.9978755116462708 0.0015234207967296243
1403636580.9135554 0.9992234110832214 0.029894687235355377 0.025663699954748154 -0.0030427826568484306 -0.031099356710910797 0.9983678460121155 0.04790092259645462 -0.0019644650164991617 -0.02418982982635498 -0.04866185411810875 0.9985223412513733 -0.000895658798981458
1403636580.9635556 0.9989908337593079 0.03355289250612259 0.029856989160180092 -0.0033745095133781433 -0.034534383565187454 0.9988589286804199 0.0329880453646183 -0.010903493501245975 -0.0287160761654377 -0.03398585319519043 0.9990096688270569 -0.0030485375318676233
1403636581.0135555 0.9989040493965149 0.035907991230487823 0.030020326375961304 -0.0036459327675402164 -0.036485183984041214 0.9991554021835327 0.01890520006418228 -0.019925570115447044 -0.029316117987036705 -0.019979776814579964 0.9993705153465271 -0.005651860032230616
1403636581.0635555 0.9989903569221497 0.03512253239750862 0.028012141585350037 -0.0037488273810595274 -0.03527876362204552 0.99936443567276 0.005102371331304312 -0.026573456823825836 -0.027815131470561028 -0.006085454020649195 0.9995945692062378 -0.007263537961989641
1403636581.1135554 0.9990730285644531 0.03255784884095192 0.028162488713860512 -0.003711615689098835 -0.03234969079494476 0.9994460344314575 -0.007815840654075146 -0.03466739505529404 -0.02840135060250759 0.006897547747939825 0.9995728135108948 -0.009546512737870216
1403636581.1635556 0.9992179870605469 0.026537680998444557 0.029310541227459908 -0.003916841000318527 -0.02586124651134014 0.9993958473205566 -0.02322104200720787 -0.042091596871614456 -0.02990906685590744 0.022444874048233032 0.9993006587028503 -0.011458600871264935
1403636581.2135556 0.9993178844451904 0.022132035344839096 0.029560836032032967 -0.0037154213059693575 -0.020950593054294586 0.9989922642707825 -0.03969515487551689 -0.04819601774215698 -0.03040957823395729 0.03904876485466957 0.9987745881080627 -0.013282851316034794
1403636581.2635555 0.9993929266929626 0.01763838902115822 0.030041823163628578 -0.0037927888333797455 -0.015905218198895454 0.9982484579086304 -0.05698466673493385 -0.05372161045670509 -0.030994322150945663 0.05647224560379982 0.997922956943512 -0.015152555890381336
1403636581.3135555 0.9994054436683655 0.01890086568892002 0.028834883123636246 -0.003290801076218486 -0.016782941296696663 0.9972633123397827 -0.0720021054148674 -0.057549066841602325 -0.030116870999336243 0.07147535681724548 0.9969876408576965 -0.016575206071138382
1403636581.3635557 0.9993615746498108 0.019187865778803825 0.030138393864035606 -0.003368370234966278 -0.01665511727333069 0.9964808225631714 -0.08214952051639557 -0.059953801333904266 -0.03160860762000084 0.08159510046243668 0.9961643218994141 -0.01749211549758911
1403636581.4135554 0.9991240501403809 0.024368437007069588 0.034019649028778076 -0.0030959174036979675 -0.021400632336735725 0.9961485266685486 -0.08503015339374542 -0.059816405177116394 -0.03596067428588867 0.08422760665416718 0.9957975745201111 -0.018301893025636673
1403636581.4635556 0.9988589286804199 0.030093876644968987 0.03708658367395401 -0.0028317493852227926 -0.02703271061182022 0.9963923692703247 -0.08044550567865372 -0.05742809548974037 -0.03937371075153351 0.07935113459825516 0.9960689544677734 -0.0176521185785532
1403636581.5135555 0.9985848665237427 0.03563018888235092 0.03948260098695755 -0.002452768385410309 -0.032818835228681564 0.9970281720161438 -0.06969938427209854 -0.05337467044591904 -0.04184867441654205 0.06830496340990067 0.99678635597229 -0.016887640580534935
1403636581.5635555 0.9986064434051514 0.033176958560943604 0.04104297608137131 -0.002050114329904318 -0.030794650316238403 0.997877836227417 -0.057374101132154465 -0.04774861037731171 -0.04285937175154686 0.056030236184597015 0.9975087642669678 -0.014844292774796486
1403636581.6135554 0.9987365007400513 0.03127501532435417 0.03933914005756378 -0.0017516491934657097 -0.029514610767364502 0.9985705614089966 -0.044561076909303665 -0.04107080027461052 -0.040676556527614594 0.043343685567379 0.9982318878173828 -0.012426018714904785
1403636581.6635556 0.9989140033721924 0.026646053418517113 0.038222458213567734 -0.001331434934400022 -0.025329487398266792 0.9990828633308411 -0.03452501818537712 -0.03344109654426575 -0.03910735249519348 0.03351936861872673 0.9986727237701416 -0.010095926001667976
1403636581.7135556 0.9988878965377808 0.02955743670463562 0.036734361201524734 -0.0005678187008015811 -0.028549224138259888 0.9992093443870544 -0.0276741161942482 -0.02556895650923252 -0.037523284554481506 0.026594603434205055 0.9989418983459473 -0.007306681014597416
1403636581.7635555 0.9990674257278442 0.026365451514720917 0.034194305539131165 -3.335445944685489e-05 -0.0255275871604681 0.9993687272071838 -0.024712353944778442 -0.017374057322740555 -0.03482426702976227 0.023816408589482307 0.99910968542099 -0.004806730896234512
1403636581.8135555 0.9992639422416687 0.02609412930905819 0.028120221570134163 0.00023264110495802015 -0.025498932227492332 0.9994474053382874 -0.021320931613445282 -0.00931499432772398 -0.028661038726568222 0.020588204264640808 0.9993770718574524 -0.0026037958450615406
1403636581.8635557 0.9993276596069336 0.02554698847234249 0.026299618184566498 9.836624667514116e-05 -0.02512919344007969 0.9995545744895935 -0.016096167266368866 -0.0025743371807038784 -0.026699110865592957 0.0154244564473629 0.9995244741439819 -0.0007584216655232012
1403636581.9135554 0.9995211958885193 0.020895808935165405 0.022819792851805687 0.0002833757607731968 -0.020746450871229172 0.9997618794441223 -0.006762403529137373 0.005701703950762749 -0.02295566536486149 0.006285735871642828 0.9997166991233826 0.0014377740444615483
1403636581.9635556 0.9994504451751709 0.018904266878962517 0.027228359133005142 0.00030283615342341363 -0.019102325662970543 0.9997928142547607 0.007032459136098623 0.013507373631000519 -0.027089770883321762 -0.007548721041530371 0.9996045231819153 0.0036999688018113375
1403636582.0135555 0.999366283416748 0.016209643334150314 0.03168792650103569 0.00028504541842266917 -0.01693143881857395 0.9996001720428467 0.02264435961842537 0.020479656755924225 -0.03130819648504257 -0.023166531696915627 0.999241292476654 0.005574106704443693
1403636582.0635555 0.9992362260818481 0.01684899814426899 0.0352543406188488 0.00021563100744970143 -0.01824665069580078 0.9990447163581848 0.03970617055892944 0.0270841084420681 -0.034551654011011124 -0.04031912237405777 0.9985893368721008 0.007355446927249432
1403636582.1135554 0.9992329478263855 0.018612973392009735 0.0344555526971817 6.790747283957899e-05 -0.020566483959555626 0.9981486797332764 0.057238660752773285 0.03019038215279579 -0.033326368778944016 -0.05790337920188904 0.9977657794952393 0.008182698860764503
1403636582.1635556 0.9993425011634827 0.018024031072854996 0.031462930142879486 -0.00034565242822282016 -0.020246844738721848 0.9972119331359863 0.0718226432800293 0.034084152430295944 -0.030080676078796387 -0.07241243869066238 0.9969211220741272 0.008913894183933735
1403636582.2135556 0.9994521737098694 0.018032655119895935 0.027754314243793488 -0.0006966250948607922 -0.02028822712600231 0.9963215589523315 0.08325868844985962 0.03620598092675209 -0.026150837540626526 -0.08377613872289658 0.9961414337158203 0.009217612445354462
1403636582.2635555 0.9995055198669434 0.018332209438085556 0.02555096708238125 -0.000980192213319242 -0.020569004118442535 0.9957093000411987 0.09022271633148193 0.036095231771469116 -0.023787353187799454 -0.09070364385843277 0.995593786239624 0.009140785783529282
1403636582.3135555 0.9995667338371277 0.01890520378947258 0.02256397157907486 -0.0013604715932160616 -0.020917845889925957 0.9954858422279358 0.0925774797797203 0.03366389870643616 -0.02071191743016243 -0.0930093377828598 0.9954498410224915 0.008456195704638958
1403636582.3635557 0.9996100664138794 0.01829787716269493 0.021089091897010803 -0.001976508880034089 -0.020082255825400352 0.9959388971328735 0.08776392042636871 0.029038863256573677 -0.019397543743252754 -0.08815322816371918 0.9959180355072021 0.007122233044356108
1403636582.4135554 0.9996361136436462 0.018007829785346985 0.02008575201034546 -0.0024892939254641533 -0.019471513107419014 0.9969760775566101 0.07523001730442047 0.023073861375451088 -0.018670279532670975 -0.0755937322974205 0.9969639182090759 0.0054711513221263885
1403636582.4635556 0.9996607303619385 0.016498563811182976 0.020154204219579697 -0.003006031969562173 -0.017667990177869797 0.9980842471122742 0.05929529294371605 0.018564684316515923 -0.019137302413582802 -0.05963124707341194 0.9980369806289673 0.003860678058117628
1403636582.5135555 0.999541699886322 0.019959786906838417 0.022755611687898636 -0.0031850598752498627 -0.020991573110222816 0.998718798160553 0.046043239533901215 0.010986991226673126 -0.021807443350553513 -0.04649979621171951 0.9986801743507385 0.0018202997744083405
1403636582.5635555 0.9994362592697144 0.020798547193408012 0.026355503126978874 -0.0034236933570355177 -0.021745719015598297 0.9991087913513184 0.03617645800113678 0.002712506102398038 -0.025579597800970078 -0.03672918304800987 0.9989978075027466 -0.0004617215890903026
1403636582.6135554 0.9991928935050964 0.024581056088209152 0.03177088871598244 -0.0033964558970183134 -0.02553780935704708 0.9992216229438782 0.030067550018429756 -0.005336344707757235 -0.031007070094347 -0.030854638665914536 0.999042809009552 -0.002828763797879219
1403636582.6635556 0.9990123510360718 0.024481140077114105 0.03708075359463692 -0.0034630284644663334 -0.025423424318432808 0.9993600845336914 0.025156855583190918 -0.012963858433067799 -0.03644115477800369 -0.026074722409248352 0.9989954829216003 -0.005053641740232706
1403636582.7135556 0.9989441633224487 0.02348170429468155 0.03948824480175972 -0.00327235646545887 -0.0243127029389143 0.9994900822639465 0.020697107538580894 -0.021034490317106247 -0.03898210823535919 -0.02163531631231308 0.9990056157112122 -0.007492313161492348
1403636582.7635555 0.9988926649093628 0.019054356962442398 0.04301666095852852 -0.00244726100936532 -0.01964483968913555 0.9997179508209229 0.013346080668270588 -0.02735608071088791 -0.04275022819638252 -0.014176355674862862 0.998985230922699 -0.00924687460064888
1403636582.8135555 0.9986722469329834 0.014255336485803127 0.04950404167175293 -0.002064739353954792 -0.014465988613665104 0.9998877644538879 0.003899464150890708 -0.035393424332141876 -0.049442894756793976 -0.004610409960150719 0.9987663626670837 -0.011219178326427937
1403636582.8635557 0.9982460737228394 0.009811957366764545 0.058382388204336166 -0.001489009940996766 -0.009313077665865421 0.99991774559021 -0.008811003528535366 -0.043886154890060425 -0.05846404284238815 0.00825183093547821 0.9982553720474243 -0.013341346755623817
1403636582.9135554 0.9978947043418884 0.00416709017008543 0.06472206860780716 -0.0010677746031433344 -0.0025919880717992783 0.9996988773345947 -0.024401333183050156 -0.05156225711107254 -0.06480426341295242 0.02418220229446888 0.9976049065589905 -0.015841972082853317
1403636582.9635556 0.9976703524589539 0.004231886938214302 0.0680888444185257 -0.0004984820261597633 -0.001418700790964067 0.9991453289985657 -0.04131196066737175 -0.058082468807697296 -0.06820546835660934 0.04111911356449127 0.9968236088752747 -0.01724044233560562
1403636583.0135555 0.9974453449249268 0.004018546547740698 0.07132214307785034 -0.00010710698552429676 0.00015639451157767326 0.9982911944389343 -0.05843465030193329 -0.06286144256591797 -0.07143509387969971 0.058296509087085724 0.9957402348518372 -0.01900327019393444
1403636583.0635555 0.997399628162384 0.007481666281819344 0.07168178260326385 -7.2903698310256e-05 -0.0025580741930752993 0.9976454973220825 -0.0685339868068695 -0.06624310463666916 -0.07202575355768204 0.0681723803281784 0.9950702786445618 -0.02038717269897461
1403636583.1135554 0.9972572326660156 0.009182428941130638 0.0734410509467125 0.0002486853627488017 -0.0037583450321108103 0.9972765445709229 -0.07365618646144867 -0.06727755069732666 -0.07391738891601562 0.07317814230918884 0.9945758581161499 -0.020647574216127396
1403636583.1635556 0.9969210028648376 0.013806579634547234 0.07718675583600998 0.0006870949873700738 -0.008100975304841995 0.9972438812255859 -0.07374964654445648 -0.06673313677310944 -0.0779922604560852 0.07289727032184601 0.9942852854728699 -0.0206642784178257
1403636583.2135556 0.9967883229255676 0.01757965423166752 0.07812754064798355 0.0007593990303575993 -0.01196778379380703 0.9973525404930115 -0.07172587513923645 -0.06389819830656052 -0.07918164879083633 0.07056047767400742 0.9943597912788391 -0.01980222389101982
1403636583.2635555 0.9969054460525513 0.019023297354578972 0.07627346366643906 0.0012719614896923304 -0.013831332325935364 0.9975873827934265 -0.06802988052368164 -0.05965597182512283 -0.0773836150765419 0.06676436960697174 0.9947634339332581 -0.018105849623680115
1403636583.3135555 0.997035026550293 0.01919761672616005 0.07451780140399933 0.0012580284383147955 -0.014405663125216961 0.9978252649307251 -0.06431921571493149 -0.05411867797374725 -0.07559055089950562 0.06305500864982605 0.9951432347297668 -0.016131438314914703
1403636583.3635557 0.9971344470977783 0.020099299028515816 0.07293256372213364 0.0015648992266505957 -0.015752634033560753 0.9980924129486084 -0.05969182774424553 -0.04762580245733261 -0.07399320602416992 0.05837187543511391 0.9955489635467529 -0.0139078414067626
1403636583.4135554 0.9974608421325684 0.01824907399713993 0.06883985549211502 0.00191085459664464 -0.014441032893955708 0.9983590245246887 -0.05541514605283737 -0.04015660285949707 -0.06973816454410553 0.05428031086921692 0.9960875511169434 -0.011187306605279446
1403636583.4635556 0.9976756572723389 0.022224601358175278 0.06441599130630493 0.0022986021358519793 -0.019088685512542725 0.9986214637756348 -0.048895448446273804 -0.03218923136591911 -0.06541386991739273 0.04755217954516411 0.9967244863510132 -0.008847519755363464
1403636583.5135555 0.997850775718689 0.0235491581261158 0.061150889843702316 0.00290351128205657 -0.020931802690029144 0.9988516569137573 -0.043095268309116364 -0.02335078828036785 -0.0620955154299736 0.04172264412045479 0.9971978068351746 -0.005891316570341587
1403636583.5635555 0.997797429561615 0.027126818895339966 0.06053675711154938 0.0034560435451567173 -0.02504945918917656 0.9990798234939575 -0.03481491282582283 -0.014759983867406845 -0.06142546236515045 0.033221811056137085 0.9975586533546448 -0.0031959046609699726
1403636583.6135554 0.9974141716957092 0.029836580157279968 0.06538224965333939 0.0038218703120946884 -0.028339913114905357 0.9993172287940979 -0.023700514808297157 -0.006041422486305237 -0.06604476273059845 0.02178630419075489 0.9975787997245789 -0.0001864625228336081
1403636583.6635556 0.9978328347206116 0.026716219261288643 0.06013212352991104 0.0035439927596598864 -0.026408744975924492 0.9996337294578552 -0.005902400240302086 0.00040894182166084647 -0.06026780232787132 0.004301595501601696 0.9981729984283447 0.001871108659543097
1403636583.7135556 0.9982145428657532 0.018492991104722023 0.05679541081190109 0.003667792771011591 -0.019375966861844063 0.9996991753578186 0.015035459771752357 0.008650717325508595 -0.056500278413295746 -0.016109082847833633 0.9982726573944092 0.004402296617627144
1403636583.7635555 0.9985702037811279 0.010048097930848598 0.05250203236937523 0.0036714787129312754 -0.012064887210726738 0.9991958141326904 0.03823891654610634 0.015392685309052467 -0.0520755834877491 -0.03881767392158508 0.997888445854187 0.005851049907505512
1403636583.8135555 0.9986661076545715 0.005058411508798599 0.05138358101248741 0.003808886045590043 -0.00807400792837143 0.9982460141181946 0.058651041239500046 0.02229996584355831 -0.05099676549434662 -0.05898767337203026 0.9969552159309387 0.007841861806809902
1403636583.8635557 0.9986910820007324 0.003491858718916774 0.051028963178396225 0.003887371625751257 -0.007243481930345297 0.997267484664917 0.07352069020271301 0.028544005006551743 -0.05063279718160629 -0.07379407435655594 0.9959872364997864 0.009358979761600494
1403636583.9135554 0.9985587000846863 0.009422017261385918 0.05283763259649277 0.0035625575110316277 -0.013903109356760979 0.9962759017944336 0.08509355038404465 0.03108292631804943 -0.05183910205960274 -0.08570550382137299 0.994970977306366 0.009860130026936531
1403636583.9635556 0.9986274242401123 0.015680138021707535 0.04997587576508522 0.003578335978090763 -0.020217744633555412 0.9955883026123047 0.09162484854459763 0.03540746122598648 -0.04831870645284653 -0.09250947088003159 0.9945386648178101 0.010756727308034897
1403636584.0135555 0.9988203048706055 0.01882043108344078 0.04476332291960716 0.003319609211757779 -0.022964488714933395 0.9953126907348633 0.09394267201423645 0.03736790269613266 -0.04278545826673508 -0.09485982358455658 0.9945707321166992 0.010844718664884567
1403636584.0635555 0.9990561008453369 0.02146674320101738 0.03776558116078377 0.0029043492395430803 -0.024934638291597366 0.9952700138092041 0.09389213472604752 0.03869616985321045 -0.03557138890028 -0.09474515914916992 0.994865894317627 0.01071229949593544
1403636584.1135554 0.99927818775177 0.021283019334077835 0.031465623527765274 0.0025081464555114508 -0.02415916509926319 0.9952743649482727 0.09404796361923218 0.038035646080970764 -0.029315313324332237 -0.09474027156829834 0.9950702786445618 0.010225340723991394
1403636584.1635556 0.999394416809082 0.02166384644806385 0.027225809171795845 0.002198233036324382 -0.02413906715810299 0.9952657222747803 0.09414449334144592 0.03555072844028473 -0.02505738101899624 -0.09474470466375351 0.9951862096786499 0.009423039853572845
1403636584.2135556 0.9993658065795898 0.024167940020561218 0.02615424245595932 0.0023040082305669785 -0.026507841423153877 0.9952976107597351 0.09316796064376831 0.03253135457634926 -0.023779578506946564 -0.09380216151475906 0.9953068494796753 0.008797661401331425
1403636584.2635555 0.9993692636489868 0.024305768311023712 0.025891270488500595 0.0020063286647200584 -0.026562802493572235 0.9955212473869324 0.09073098003864288 0.026835212484002113 -0.02357001230120659 -0.09136149287223816 0.9955388307571411 0.0073349266313016415
1403636584.3135555 0.9993316531181335 0.025475999340415 0.026215706020593643 0.0017020354280248284 -0.027655789628624916 0.995871901512146 0.08645477145910263 0.02023855224251747 -0.023904958739876747 -0.08712200075387955 0.9959108233451843 0.005657027009874582
1403636584.3635557 0.9992268681526184 0.027047308161854744 0.028532547876238823 0.0016237720847129822 -0.02932417020201683 0.9961466193199158 0.08265699446201324 0.015230684541165829 -0.026186946779489517 -0.08342977613210678 0.9961695075035095 0.0044786361977458
1403636584.4135554 0.9987645149230957 0.03388674929738045 0.036348264664411545 0.001668499899096787 -0.036669306457042694 0.9962130784988403 0.07883667945861816 0.006814542226493359 -0.033539094030857086 -0.08007214218378067 0.996224582195282 0.0026242733001708984
1403636584.4635556 0.9983097910881042 0.039089784026145935 0.04300829395651817 0.0017630630172789097 -0.04211493209004402 0.9965266585350037 0.07184050977230072 -0.0019405647180974483 -0.0400506816804409 -0.07353036850690842 0.9964884519577026 0.0007540768128819764
1403636584.5135555 0.9980924129486084 0.04067612439393997 0.046443235129117966 0.001796135795302689 -0.04351164028048515 0.9971414804458618 0.061769500374794006 -0.010343184694647789 -0.04379794001579285 -0.06367248296737671 0.99700927734375 -0.0010600672103464603
1403636584.5635555 0.9979733824729919 0.03927066922187805 0.050068199634552 0.0016112701268866658 -0.04170961678028107 0.9979453086853027 0.048635855317115784 -0.019827421754598618 -0.048055361956357956 -0.05062561854720116 0.9975608587265015 -0.0030483645386993885
1403636584.6135554 0.9977702498435974 0.03781214356422424 0.05499831214547157 0.001486144494265318 -0.039577268064022064 0.998724102973938 0.03136681020259857 -0.029286479577422142 -0.053742095828056335 -0.03347354382276535 0.9979935884475708 -0.005296952091157436
1403636584.6635556 0.9974995255470276 0.0348714217543602 0.06147091090679169 0.0019673574715852737 -0.0355074405670166 0.9993261694908142 0.009284526109695435 -0.03593640774488449 -0.06110572814941406 -0.01144398469477892 0.998065710067749 -0.006843189243227243
1403636584.7135556 0.9971335530281067 0.034494441002607346 0.0673401802778244 0.0019455032888799906 -0.03374350816011429 0.9993553757667542 -0.012257375754415989 -0.04451051726937294 -0.06771958619356155 0.009949948638677597 0.9976548552513123 -0.009327386505901814
1403636584.7635555 0.9966335892677307 0.03347615897655487 0.07484026253223419 0.001726400339975953 -0.031126022338867188 0.9989917874336243 -0.03235131502151489 -0.05222690850496292 -0.0758478119969368 0.02991291508078575 0.9966707229614258 -0.011239535175263882
1403636584.8135555 0.9963569045066833 0.0339294970035553 0.07824104279279709 0.0015268133720383048 -0.03020191378891468 0.9983741044998169 -0.04834340512752533 -0.05955496430397034 -0.07975409924983978 0.045804254710674286 0.9957616925239563 -0.013413672335445881
1403636584.8635557 0.9963389039039612 0.029818985611200333 0.08012307435274124 0.0012156539596617222 -0.024922987446188927 0.9978004693984985 -0.06142621114850044 -0.06549472361803055 -0.08177851140499115 0.05920442193746567 0.9948905110359192 -0.015428195707499981
1403636584.9135554 0.9964993000030518 0.026999080553650856 0.079121433198452 0.0007348115905188024 -0.0212484709918499 0.9971316456794739 -0.07264219224452972 -0.064760722219944 -0.08085575699806213 0.07070668041706085 0.9942147135734558 -0.0165866669267416
1403636584.9635556 0.9965189695358276 0.02067260444164276 0.08076154440641403 0.0006751304026693106 -0.014451518654823303 0.9969364404678345 -0.07686902582645416 -0.06751109659671783 -0.08210322260856628 0.07543431967496872 0.9937649965286255 -0.017365846782922745
1403636585.0135555 0.9962618947029114 0.0179568100720644 0.08449675887823105 0.0004461602075025439 -0.011497343890368938 0.9970170259475708 -0.07632099092006683 -0.06850896030664444 -0.08561519533395767 0.07506421953439713 0.9934964776039124 -0.01802760735154152
1403636585.0635555 0.9960089325904846 0.015724459663033485 0.0878576785326004 0.0005513603100553155 -0.00928853452205658 0.9972749352455139 -0.0731881782412529 -0.06742551922798157 -0.0887690857052803 0.07208002358675003 0.9934408068656921 -0.01749889925122261
1403636585.1135554 0.995871901512146 0.016435770317912102 0.08927049487829208 3.6217039451003075e-05 -0.010360232554376125 0.9976248145103455 -0.06809946894645691 -0.06491236388683319 -0.09017771482467651 0.06689347326755524 0.9936766624450684 -0.016059894114732742
1403636585.1635556 0.9954577088356018 0.014971418306231499 0.09402045607566833 0.0002052083145827055 -0.00910698901861906 0.9980037808418274 -0.06249608099460602 -0.06119518354535103 -0.09476841986179352 0.06135594844818115 0.9936068058013916 -0.014593631029129028
1403636585.2135556 0.9949907660484314 0.014099154621362686 0.0989680364727974 0.0009128154488280416 -0.008514796383678913 0.9983593225479126 -0.05662311986088753 -0.05673595517873764 -0.09960399568080902 0.05549679696559906 0.9934783577919006 -0.013283672742545605
1403636585.2635555 0.9941150546073914 0.0220760740339756 0.10605628788471222 0.001012649154290557 -0.01690910942852497 0.9986372590065002 -0.04937368258833885 -0.05187460407614708 -0.10700173676013947 0.047289811074733734 0.9931336045265198 -0.01083337888121605
1403636585.3135555 0.9934682846069336 0.027581768110394478 0.11072549968957901 0.0017656147247180343 -0.022806579247117043 0.9987640380859375 -0.044163886457681656 -0.045733362436294556 -0.11180675774812698 0.041350144892930984 0.9928693771362305 -0.008352141827344894
1403636585.3635557 0.992931604385376 0.03551926091313362 0.1132485568523407 0.002619176171720028 -0.031340163201093674 0.998768150806427 -0.03847175091505051 -0.03909512609243393 -0.11447553336620331 0.03465058654546738 0.9928216338157654 -0.005685019306838512
1403636585.4135554 0.9927119016647339 0.039441026747226715 0.1138756051659584 0.003362964140251279 -0.036062728613615036 0.9988505840301514 -0.031576573848724365 -0.03250393271446228 -0.11499013006687164 0.027239767834544182 0.9929931163787842 -0.0033751847222447395
1403636585.4635556 0.9934319853782654 0.04110420122742653 0.10678646713495255 0.004727882333099842 -0.038972921669483185 0.998998761177063 -0.02197003737092018 -0.029633238911628723 -0.10758260637521744 0.01766395755112171 0.9940392374992371 -0.0020599074196070433
1403636585.5135555 0.9938459396362305 0.043830402195453644 0.10173093527555466 0.004967139568179846 -0.04286568984389305 0.9990129470825195 -0.01165076158940792 -0.022847389802336693 -0.10214117914438248 0.007218296639621258 0.9947437644004822 -0.00023639615392312407
1403636585.5635555 0.994879961013794 0.045371245592832565 0.09030649065971375 0.005170340184122324 -0.04553074389696121 0.9989628791809082 -0.00029416847974061966 -0.01657896488904953 -0.0902261734008789 -0.0038190593477338552 0.9959139823913574 0.0005134826060384512
1403636585.6135554 0.9960290789604187 0.0441361628472805 0.07731807976961136 0.005281783174723387 -0.04520820081233978 0.9989035129547119 0.012169424444437027 -0.010792331770062447 -0.07669618725776672 -0.015616511926054955 0.9969320893287659 0.001007885206490755
1403636585.6635556 0.9970945119857788 0.04034929350018501 0.06460996717214584 0.005133209750056267 -0.042190536856651306 0.9987339973449707 0.02739103138446808 -0.00815481785684824 -0.06342297792434692 -0.030037378892302513 0.9975345134735107 0.00045270935515873134
1403636585.7135556 0.9980155825614929 0.035211045295000076 0.05220289155840874 0.005009335931390524 -0.037447620183229446 0.998394250869751 0.042503487318754196 -0.004331824369728565 -0.05062247812747955 -0.044374018907547 0.9977315068244934 -7.419080066028982e-05
1403636585.7635555 0.9985818862915039 0.02957756072282791 0.04426431655883789 0.004971992690116167 -0.03214717283844948 0.9977689385414124 0.05851249396800995 -0.0017231518868356943 -0.042434900999069214 -0.059852492064237595 0.9973048567771912 -0.0011439864756539464
1403636585.8135555 0.9991709589958191 0.02099171094596386 0.03488099202513695 0.00490985531359911 -0.023542461916804314 0.9969502687454224 0.07440309226512909 0.00037960062036290765 -0.03321276977658272 -0.07516258955001831 0.9966180324554443 -0.002051481744274497
1403636585.8635557 0.999515950679779 0.0141451396048069 0.027707036584615707 0.004760825540870428 -0.016670597717165947 0.9955126047134399 0.0931481420993805 0.001547591993585229 -0.026265112683176994 -0.0935649499297142 0.9952666759490967 -0.0032137511298060417
1403636585.9135554 0.999723494052887 0.007961072959005833 0.02212311327457428 0.004649653099477291 -0.010389802046120167 0.9936614036560059 0.11193367093801498 0.002203114563599229 -0.0210917629301548 -0.11213257908821106 0.9934694766998291 -0.004475580528378487
1403636585.9635556 0.9997441172599792 0.002952649025246501 0.022427013143897057 0.004496085457503796 -0.00590989226475358 0.9911031723022461 0.13296467065811157 0.0025399224832654 -0.021834885701537132 -0.1330631822347641 0.990867018699646 -0.005444386508315802
1403636586.0135555 0.999578595161438 -0.0019689693581312895 0.02896128222346306 0.004366590175777674 -0.0026034838519990444 0.9875952005386353 0.157000333070755 0.0026600463315844536 -0.028911147266626358 -0.15700960159301758 0.987173855304718 -0.00621838541701436
1403636586.0635555 0.9990867972373962 -0.004174795467406511 0.04252100735902786 0.004536375869065523 -0.003629708895459771 0.9833233952522278 0.18182945251464844 0.0025362686719745398 -0.04257100075483322 -0.18181777000427246 0.9824103116989136 -0.007242897525429726
1403636586.1135554 0.9984335899353027 -0.009752661921083927 0.055092714726924896 0.0041055092588067055 -0.0016436702571809292 0.9791524410247803 0.20312005281448364 0.0023544346913695335 -0.05592513456940651 -0.2028924524784088 0.9776027202606201 -0.007553149480372667
1403636586.1635556 0.997764527797699 -0.01582486554980278 0.06492716073989868 0.00358123448677361 0.0010171937756240368 0.9750421047210693 0.2220177948474884 0.0019691684283316135 -0.06682012230157852 -0.22145545482635498 0.9728785157203674 -0.00828619860112667
1403636586.2135556 0.9973861575126648 -0.021811094135046005 0.0688827708363533 0.002943559782579541 0.00472236517816782 0.9709889888763428 0.2390773445367813 0.0016889104153960943 -0.07209895551204681 -0.238127201795578 0.9685542583465576 -0.00923888199031353
1403636586.2635555 0.9972410202026367 -0.024678630754351616 0.07000726461410522 0.002443856094032526 0.005788752343505621 0.9660994410514832 0.25810506939888 0.0013609316665679216 -0.07400365173816681 -0.25698772072792053 0.963577151298523 -0.010542942211031914
1403636586.3135555 0.9970347881317139 -0.031088653951883316 0.07039131969213486 0.0021208026446402073 0.010320452041924 0.9605154395103455 0.27803534269332886 0.0011932002380490303 -0.0762556791305542 -0.27648451924324036 0.9579883217811584 -0.011772261932492256
1403636586.3635557 0.9967872500419617 -0.036606691777706146 0.07123882323503494 0.0018896840047091246 0.013735310174524784 0.954393208026886 0.2982361912727356 0.001276886323466897 -0.07890728861093521 -0.296299546957016 0.9518300294876099 -0.013126415200531483
1403636586.4135554 0.9965400099754333 -0.04289467632770538 0.07119033485651016 0.00159722869284451 0.018100857734680176 0.947981059551239 0.31781163811683655 0.00134312454611063 -0.08111951500177383 -0.3154233992099762 0.9454774856567383 -0.013416390866041183
1403636586.4635556 0.9965684413909912 -0.04355377331376076 0.07038813084363937 0.0017889111768454313 0.017392199486494064 0.9415696263313293 0.3363691568374634 0.0016554715111851692 -0.08092544972896576 -0.3339906632900238 0.9390959739685059 -0.014911439269781113
1403636586.5135555 0.9966195225715637 -0.042917400598526 0.07005466520786285 0.0020724323112517595 0.015540061518549919 0.9357907772064209 0.35221314430236816 0.0018808916211128235 -0.08067259192466736 -0.3499338924884796 0.9332942366600037 -0.016465308144688606
1403636586.5635555 0.9968517422676086 -0.04129667580127716 0.06768426299095154 0.0025373240932822227 0.013843030668795109 0.931189239025116 0.36427319049835205 0.0018686987459659576 -0.07807014882564545 -0.3621894419193268 0.9288292527198792 -0.017291095107793808
1403636586.6135554 0.9970943331718445 -0.04039084538817406 0.06458620727062225 0.0033883401192724705 0.013528319075703621 0.9282678365707397 0.3716662526130676 0.0015049916692078114 -0.0749652162194252 -0.36971256136894226 0.9261170625686646 -0.018247364088892937
1403636586.6635556 0.997033953666687 -0.04184585437178612 0.06459168344736099 0.004471290856599808 0.014803235419094563 0.9278666377067566 0.37261828780174255 0.0009648259729146957 -0.07552500814199448 -0.37055692076683044 0.9257340431213379 -0.018797529861330986
1403636586.7135556 0.997160017490387 -0.041565194725990295 0.06280288845300674 0.005613246466964483 0.015553157776594162 0.9295832514762878 0.36828428506851196 0.00041449349373579025 -0.07368829846382141 -0.3662615716457367 0.9275895953178406 -0.018965233117341995
1403636586.7635555 0.9974400401115417 -0.04234441742300987 0.057623669505119324 0.006761171389371157 0.018728837370872498 0.9323883652687073 0.36097252368927 -8.411705493927002e-05 -0.06901280581951141 -0.358969122171402 0.9307944774627686 -0.018973087891936302
1403636586.8135555 0.9976792335510254 -0.04150442034006119 0.05397573858499527 0.007979899644851685 0.01981165260076523 0.9353880882263184 0.3530673384666443 -0.0005393563769757748 -0.06514213234186172 -0.3511785566806793 0.9340395927429199 -0.018656285479664803
1403636586.8635557 0.9978551864624023 -0.03922853246331215 0.052404604852199554 0.008857340551912785 0.018700120970606804 0.9380136728286743 0.34609347581863403 -0.0007778150029480457 -0.06273295730352402 -0.34437116980552673 0.9367352724075317 -0.018213892355561256
1403636586.9135554 0.9981261491775513 -0.034836720675230026 0.050307534635066986 0.008830122649669647 0.015618872828781605 0.939935028553009 0.3409956991672516 -0.000688544474542141 -0.05916498973965645 -0.3395710289478302 0.938717782497406 -0.017752401530742645
1403636586.9635556 0.9984406232833862 -0.03135235235095024 0.04618779942393303 0.009144159033894539 0.013989466242492199 0.9415117502212524 0.33668971061706543 -0.0007854639552533627 -0.05404236540198326 -0.3355185091495514 0.9404821991920471 -0.017201658338308334
1403636587.0135555 0.9987766742706299 -0.025066696107387543 0.042625248432159424 0.009353645145893097 0.009368667379021645 0.9423061609268188 0.33462098240852356 -0.0010218676179647446 -0.048553865402936935 -0.33381229639053345 0.9413883686065674 -0.01661652885377407
1403636587.0635555 0.9989213943481445 -0.02220824919641018 0.040777016431093216 0.009475248865783215 0.007243040017783642 0.9419790506362915 0.3355930745601654 -0.0011992286890745163 -0.04586402699351311 -0.3349357843399048 0.9411240816116333 -0.015965640544891357
1403636587.1135554 0.9990846514701843 -0.017855491489171982 0.03887350857257843 0.009889565408229828 0.0035874811001122 0.94049471616745 0.33978915214538574 -0.0014298446476459503 -0.042627427726984024 -0.3393387198448181 0.9396979212760925 -0.015434952452778816
1403636587.1635556 0.9991462826728821 -0.014645877294242382 0.038630664348602295 0.010551086626946926 0.00044166622683405876 0.9387878775596619 0.3444954752922058 -0.001677866792306304 -0.04131142422556877 -0.3441842496395111 0.9379929304122925 -0.014760191552340984
1403636587.2135556 0.9992081522941589 -0.013727458193898201 0.03734508156776428 0.011529486626386642 -8.728262037038803e-05 0.937839150428772 0.34707018733024597 -0.0018395702354609966 -0.03978805989027023 -0.3467986583709717 0.9370953440666199 -0.014076871797442436
1403636587.2635555 0.999174952507019 -0.015101306140422821 0.03770366311073303 0.012983057647943497 0.0009970124810934067 0.9371479749679565 0.3489307463169098 -0.0020329514518380165 -0.040603213012218475 -0.34860527515411377 0.936389684677124 -0.013304948806762695
1403636587.3135555 0.9991099834442139 -0.017284218221902847 0.03847823292016983 0.014699248597025871 0.002716843271628022 0.9366698265075684 0.35020288825035095 -0.0022443532943725586 -0.042094387114048004 -0.3497866690158844 0.9358832240104675 -0.012715818360447884
1403636587.3635557 0.9989848732948303 -0.02001812309026718 0.04035329073667526 0.0171295665204525 0.004554519895464182 0.9361262321472168 0.35163432359695435 -0.0025063538923859596 -0.04481483995914459 -0.351093590259552 0.9352673292160034 -0.01178040262311697
1403636587.4135554 0.9988718628883362 -0.022649383172392845 0.04173489660024643 0.0199761800467968 0.006479981821030378 0.9357080459594727 0.3527155816555023 -0.002684637438505888 -0.047040462493896484 -0.3520471751689911 0.9347994923591614 -0.010821212083101273
1403636587.4635556 0.9987169504165649 -0.026886818930506706 0.04291379824280739 0.022776056081056595 0.009891357272863388 0.934662938117981 0.35539737343788147 -0.0031332485377788544 -0.049665436148643494 -0.3545169234275818 0.9337298274040222 -0.010307619348168373
1403636587.5135555 0.9985805749893188 -0.03149653226137161 0.042950838804244995 0.026524143293499947 0.014099527150392532 0.9339650273323059 0.3570861220359802 -0.0033725376706570387 -0.051361557096242905 -0.3559736907482147 0.9330835342407227 -0.009577612392604351
