0.1037359 0.9999896883964539 -0.0029526161961257458 -0.003451916389167309 -1.5377940144389868e-05 0.0029464634135365486 0.9999940991401672 -0.0017861109226942062 -0.0005686281947419047 0.003457169746980071 0.0017759214388206601 0.9999923706054688 0.04119996353983879
0.2073381 0.9999694228172302 -0.0017159893177449703 -0.007633881643414497 -0.0004152021720074117 0.0016896533779799938 0.9999926090240479 -0.0034550342243164778 -0.0006942165782675147 0.007639751303941011 0.0034420304000377655 0.9999648928642273 0.08323681354522705
0.3110752 0.9999317526817322 -0.0017649992369115353 -0.0115542933344841 -0.0010421706829220057 0.0017091266345232725 0.9999868869781494 -0.004843750037252903 -0.0009014069219119847 0.011562688276171684 0.0048236725851893425 0.9999215006828308 0.12611138820648193
0.4146917 0.9998635053634644 -0.0003664745599962771 -0.016517868265509605 -0.001957833766937256 0.00027853541541844606 0.9999857544898987 -0.005325863137841225 -0.0014350441051647067 0.016519583761692047 0.005320535972714424 0.9998493194580078 0.16998539865016937
0.5184302 0.9997846484184265 -0.0013923610094934702 -0.020706433802843094 -0.0032250708900392056 0.0012747596483677626 0.999983012676239 -0.005691596306860447 -0.001811086549423635 0.020714005455374718 0.005663975607603788 0.999769389629364 0.21511031687259674
0.6220448 0.9996948838233948 0.000298570841550827 -0.024701299145817757 -0.005245905835181475 -0.0004505351826082915 0.9999809861183167 -0.006146727129817009 -0.00305596343241632 0.024698998779058456 0.006155979819595814 0.999675989151001 0.26056036353111267
0.7257977 0.9995603561401367 0.003186982125043869 -0.029477719217538834 -0.007258058991283178 -0.0033999099396169186 0.9999684691429138 -0.007176046259701252 -0.0030998692382127047 0.02945391647517681 0.00727311335504055 0.9995397329330444 0.30735906958580017
0.8294199 0.9994200468063354 0.0034825659822672606 -0.033872783184051514 -0.009090634994208813 -0.0036782219540327787 0.9999769330024719 -0.005715598817914724 -0.003483282867819071 0.033852092921733856 0.005836875177919865 0.9994097948074341 0.3553859293460846
0.9331467 0.9992741346359253 0.0026123342104256153 -0.03800670802593231 -0.011284716427326202 -0.002710609929636121 0.999993085861206 -0.002534437458962202 -0.004417416173964739 0.03799981623888016 0.002635619603097439 0.9992743134498596 0.40382322669029236
1.03691 0.9991399645805359 0.002373879076912999 -0.04139931872487068 -0.013507841154932976 -0.0023707239888608456 0.9999971389770508 0.0001252917863894254 -0.005012789741158485 0.04139949381351471 -2.7037423933506943e-05 0.9991426467895508 0.452669233083725
1.140497 0.999056339263916 0.003855995135381818 -0.04326535388827324 -0.017118608579039574 -0.0039145383052527905 0.9999915361404419 -0.001268473220989108 -0.004719885066151619 0.04326009005308151 0.0014366399263963103 0.9990628361701965 0.503836989402771
1.244242 0.9989403486251831 0.0033715825993567705 -0.04590119794011116 -0.018856823444366455 -0.003398970002308488 0.9999940991401672 -0.0005186092457734048 -0.005876692943274975 0.04589918255805969 0.0006740766693837941 0.9989458322525024 0.5521867275238037
1.347979 0.9988412261009216 -7.145720155676827e-05 -0.04812880605459213 -0.02064787782728672 2.9700033337576315e-05 0.9999996423721313 -0.0008683167980052531 -0.006469452288001776 0.048128850758075714 0.0008658812730573118 0.9988408088684082 0.6047570705413818
1.451596 0.9987605214118958 0.00018161612388212234 -0.049772489815950394 -0.023855481296777725 -0.00020461923850234598 0.9999999403953552 -0.0004570761229842901 -0.00638031680136919 0.04977240413427353 0.0004666941240429878 0.998760461807251 0.6547241806983948
1.555212 0.9987042546272278 -0.001612624037079513 -0.050864074379205704 -0.027024544775485992 0.0015478188870474696 0.9999980330467224 -0.0013134593609720469 -0.006398736499249935 0.05086608976125717 0.0012330291792750359 0.998704731464386 0.7086146473884583
1.65896 0.9986053109169006 0.0005294224247336388 -0.05279383808374405 -0.029996158555150032 -0.0006870111101306975 0.9999954104423523 -0.002966881264001131 -0.007494686171412468 0.0527920201420784 0.0029990137554705143 0.998600959777832 0.7588664889335632
1.762569 0.99853515625 0.0012184169609099627 -0.05409276857972145 -0.03312041237950325 -0.0015331654576584697 0.9999821186065674 -0.00577756529673934 -0.00790467206388712 0.05408475175499916 0.005852034315466881 0.9985191226005554 0.8131512403488159
1.866302 0.9984062314033508 0.0051382239907979965 -0.05620105192065239 -0.03637262433767319 -0.005557751748710871 0.9999578595161438 -0.007311016786843538 -0.008800780400633812 0.05616111308336258 0.007611716631799936 0.9983927011489868 0.8652472496032715
1.969923 0.9983147978782654 0.005604778882116079 -0.057760391384363174 -0.039425089955329895 -0.0059457942843437195 0.9999659657478333 -0.005733795464038849 -0.010308418422937393 0.057726290076971054 0.006067564245313406 0.9983140230178833 0.9208112955093384
2.073666 0.9982608556747437 0.004816604312509298 -0.05875598266720772 -0.04302629828453064 -0.005115481559187174 0.99997478723526 -0.004937396384775639 -0.01066388189792633 0.05873071402311325 0.005229373928159475 0.9982602000236511 0.9740602970123291
2.177281 0.9981751441955566 0.0057314373552799225 -0.060115497559309006 -0.04655705392360687 -0.005977490451186895 0.9999744892120361 -0.003913963679224253 -0.011091427877545357 0.0600915253162384 0.004266160074621439 0.9981837272644043 1.0302581787109375
2.281017 0.9981318116188049 0.005072381347417831 -0.06088634580373764 -0.0500778928399086 -0.005279917269945145 0.9999808073043823 -0.0032481648959219456 -0.012279283255338669 0.06086869537830353 0.003563571721315384 0.9981394410133362 1.0836633443832397
2.384639 0.997996985912323 0.004837437067180872 -0.0630754753947258 -0.05344873666763306 -0.0051463451236486435 0.9999756217002869 -0.00473590474575758 -0.012338362634181976 0.0630510151386261 0.00505102751776576 0.9979975819587708 1.141631841659546
2.48825 0.9979713559150696 0.0033902586437761784 -0.0635741576552391 -0.05714739114046097 -0.003710255492478609 0.9999810457229614 -0.004916070960462093 -0.013579131104052067 0.06355629861354828 0.005141975358128548 0.9979650378227234 1.1955235004425049
2.591988 0.9979369640350342 0.0033340109512209892 -0.06411563605070114 -0.0610378198325634 -0.0035264871548861265 0.9999896287918091 -0.002889089984819293 -0.014136581681668758 0.06410535424947739 0.0031092327553778887 0.997938334941864 1.2531094551086426
2.695832 0.9979345202445984 0.004900761414319277 -0.06405207514762878 -0.06510735303163528 -0.004922515247017145 0.9999879002571106 -0.00018181813356932253 -0.01459895633161068 0.06405041366815567 0.0004967402201145887 0.9979464411735535 1.3089940547943115
2.799367 0.9979662895202637 0.005593195557594299 -0.06349705904722214 -0.0686754435300827 -0.00535483006387949 0.9999780058860779 0.0039235069416463375 -0.01544602494686842 0.06351760029792786 -0.0035755124408751726 0.9979742765426636 1.3661925792694092
2.903084 0.9980491995811462 0.00437980005517602 -0.06227809563279152 -0.07179422676563263 -0.003985464107245207 0.9999712705612183 0.006454668939113617 -0.015515021979808807 0.06230459362268448 -0.0061938706785440445 0.9980379343032837 1.4249030351638794
3.006768 0.998175859451294 0.00429095234721899 -0.06022302806377411 -0.07605826109647751 -0.003854617476463318 0.999965488910675 0.007359617855399847 -0.015849582850933075 0.06025252863764763 -0.007114057429134846 0.998157799243927 1.4816927909851074
3.110441 0.9982417821884155 0.004794707987457514 -0.05907830223441124 -0.07968316227197647 -0.004519191570580006 0.9999783635139465 0.004796295892447233 -0.016398511826992035 0.05910002067685127 -0.004520878195762634 0.9982418417930603 1.5409703254699707
3.214057 0.9983043670654297 0.005703416652977467 -0.05793048441410065 -0.08324969559907913 -0.005734718404710293 0.9999834895133972 -0.00037409295327961445 -0.01640666089951992 0.05792739614844322 0.0007056735921651125 0.9983205795288086 1.5976225137710571
3.317669 0.9983837008476257 0.005076191388070583 -0.056607406586408615 -0.08690682053565979 -0.005263463594019413 0.9999812245368958 -0.0031596405897289515 -0.017121560871601105 0.056590303778648376 0.0034524844959378242 0.9983915686607361 1.6572074890136719
3.421285 0.9984149932861328 0.0026711071841418743 -0.05621723830699921 -0.08973252028226852 -0.002798795234411955 0.9999936819076538 -0.002192729152739048 -0.017499029636383057 0.056211017072200775 0.002346593886613846 0.9984161853790283 1.7160323858261108
3.524925 0.9984188675880432 0.0014785620151087642 -0.056192945688962936 -0.09331400692462921 -0.0013498072512447834 0.9999963045120239 0.002329182345420122 -0.017811713740229607 0.0561961829662323 -0.002249649493023753 0.998417317867279 1.775675654411316
3.628545 0.9983609914779663 -0.001989728072658181 -0.05719727650284767 -0.09645618498325348 0.0023219685535877943 0.9999808073043823 0.0057428013533353806 -0.01832563430070877 0.057184744626283646 -0.005866199731826782 0.9983463883399963 1.8356159925460815
3.732256 0.9982693791389465 -0.008862512186169624 -0.05813536047935486 -0.09941966831684113 0.009171204641461372 0.9999452233314514 0.005045262165367603 -0.018854685127735138 0.05808744952082634 -0.005569702014327049 0.9982960224151611 1.895368218421936
3.835871 0.9981501698493958 -0.01152524072676897 -0.05969509854912758 -0.10274194180965424 0.011613206937909126 0.9999318718910217 0.0011268083471804857 -0.01909627951681614 0.05967805162072182 -0.0018179755425080657 0.9982160329818726 1.9550310373306274
3.939488 0.9980568885803223 -0.011598403565585613 -0.061221856623888016 -0.10675159096717834 0.011456616222858429 0.9999307990074158 -0.0026664892211556435 -0.019627319648861885 0.0612485408782959 0.0019599124789237976 0.9981206655502319 2.016231060028076
4.043107 0.9979382157325745 -0.010319164954125881 -0.06334492564201355 -0.1101057156920433 0.010113200172781944 0.9999425411224365 -0.0035712372045964003 -0.02005041018128395 0.06337814033031464 0.0029232543893158436 0.997985303401947 2.075752019882202
4.146888 0.9978901743888855 -0.010048968717455864 -0.06414060294628143 -0.11453384906053543 0.009904527105391026 0.9999476671218872 -0.0025695189833641052 -0.020582277327775955 0.06416306644678116 0.0019288158509880304 0.9979375600814819 2.1380863189697266
4.25046 0.9978376030921936 -0.007348228711634874 -0.0653148889541626 -0.11861451715230942 0.007419593166559935 0.9999721646308899 0.0008501121192239225 -0.02171853557229042 0.06530681997537613 -0.0013328844215720892 0.9978642463684082 2.1976206302642822
4.354202 0.9977383017539978 -0.006903408095240593 -0.06686345487833023 -0.12254626303911209 0.0070246439427137375 0.9999740719795227 0.0015782408881932497 -0.021811939775943756 0.06685082614421844 -0.0020443638786673546 0.9977608323097229 2.2605462074279785
4.45794 0.9976926445960999 -0.0055958861485123634 -0.067664235830307 -0.127292200922966 0.005917158909142017 0.9999721646308899 0.004548562690615654 -0.022821083664894104 0.0676368921995163 -0.00493844598531723 0.9976977705955505 2.3207669258117676
4.561559 0.9976867437362671 -0.0063241771422326565 -0.06768529117107391 -0.13135716319084167 0.006865249015390873 0.9999463558197021 0.0077643441036343575 -0.022970261052250862 0.06763256341218948 -0.00821105856448412 0.997676432132721 2.383633613586426
4.665293 0.9976814985275269 0.0002702089841477573 -0.068055659532547 -0.13659654557704926 0.00040004306356422603 0.9999516010284424 0.00983475986868143 -0.023335525766015053 0.06805502623319626 -0.009839184582233429 0.9976330399513245 2.4443447589874268
4.768912 0.9976459741592407 -0.00029854962485842407 -0.06857481598854065 -0.1404126137495041 0.0009207993862219155 0.9999588131904602 0.009042596444487572 -0.023260213434696198 0.06856928020715714 -0.009084452874958515 0.9976050853729248 2.5065977573394775
4.872532 0.9976590275764465 0.00038878427585586905 -0.06838526576757431 -0.14517229795455933 0.00013829534873366356 0.9999703764915466 0.00770259415730834 -0.024182748049497604 0.06838623434305191 -0.007694019004702568 0.9976292848587036 2.5663928985595703
4.976146 0.9976556897163391 0.0026912386529147625 -0.0683814063668251 -0.1494772881269455 -0.00234210304915905 0.9999838471412659 0.005185365676879883 -0.024468354880809784 0.0683942511677742 -0.005013052374124527 0.9976457953453064 2.628089189529419
5.079909 0.9975977540016174 0.0016340711154043674 -0.06925453245639801 -0.15415041148662567 -0.001246875966899097 0.9999833703041077 0.005633749067783356 -0.02486914023756981 0.06926258653402328 -0.005533863790333271 0.9975830912590027 2.6879990100860596
5.183503 0.9975311160087585 0.00025928960531018674 -0.07022705674171448 -0.15835314989089966 0.00017737298912834376 0.9999806880950928 0.006211562547832727 -0.024873096495866776 0.07022731751203537 -0.006208683364093304 0.997511625289917 2.749263286590576
5.287117 0.9974455833435059 0.00013387475337367505 -0.07143085449934006 -0.16295191645622253 0.00041370774852111936 0.9999706149101257 0.007651064544916153 -0.02534198947250843 0.0714297667145729 -0.007661072071641684 0.9974161982536316 2.809342861175537
5.390861 0.9973908066749573 0.0027150381356477737 -0.07214104384183884 -0.16712763905525208 -0.0023972855415195227 0.9999870657920837 0.004490816034376621 -0.026363566517829895 0.07215229421854019 -0.004306155256927013 0.9973843097686768 2.8696067333221436
5.494473 0.9973663091659546 0.0033077774569392204 -0.07245313376188278 -0.17214742302894592 -0.003335339017212391 0.9999943971633911 -0.0002594337856862694 -0.02627158723771572 0.0724518820643425 0.0005004060221835971 0.9973717927932739 2.928697347640991
5.598233 0.9973212480545044 0.004512012004852295 -0.07300679385662079 -0.1768016666173935 -0.004607297945767641 0.9999887347221375 -0.0011368243722245097 -0.02735442854464054 0.07300086319446564 0.0014701434411108494 0.9973307847976685 2.9896397590637207
5.701829 0.9973132610321045 0.003010501153767109 -0.07319293171167374 -0.18125121295452118 -0.0028638201765716076 0.9999937415122986 0.002108893124386668 -0.02762136422097683 0.07319881021976471 -0.0018936156993731856 0.9973155856132507 3.0480895042419434
5.805571 0.9973018169403076 0.0014571115607395768 -0.07339657843112946 -0.18572139739990234 -0.001102314330637455 0.9999876022338867 0.0048742531798779964 -0.028127677738666534 0.07340274751186371 -0.004780195187777281 0.9972909092903137 3.1084840297698975
5.909185 0.9972652792930603 -0.0012018271954730153 -0.07389528304338455 -0.18955574929714203 0.0016318242996931076 0.9999821186065674 0.005758905783295631 -0.028651868924498558 0.07388704270124435 -0.005863740108907223 0.9972493648529053 3.166729211807251
6.012921 0.9972798824310303 -0.0034549757838249207 -0.07362591475248337 -0.19424763321876526 0.0037724797148257494 0.9999841451644897 0.004173755645751953 -0.02918868511915207 0.0736103281378746 -0.004440154880285263 0.9972771406173706 3.2251217365264893
6.116541 0.9972285628318787 -0.0059661357663571835 -0.07415878027677536 -0.19867148995399475 0.006199351046234369 0.9999764561653137 0.002915020566433668 -0.02968188002705574 0.07413965463638306 -0.003366678487509489 0.9972421526908875 3.2836434841156006
6.220278 0.9971362948417664 -0.007578007411211729 -0.07524328678846359 -0.203283429145813 0.007886838167905807 0.9999616146087646 0.003808125387877226 -0.029918789863586426 0.0752115398645401 -0.004390651825815439 0.9971579313278198 3.342611789703369
6.323895 0.9969828128814697 -0.011122121475636959 -0.07682226598262787 -0.20663464069366455 0.011791103519499302 0.9998963475227356 0.008260072208940983 -0.03064030595123768 0.07672242820262909 -0.009140968322753906 0.9970106482505798 3.39985728263855
6.427659 0.9969581961631775 -0.011255798861384392 -0.07712201029062271 -0.2112552672624588 0.012288182973861694 0.9998409152030945 0.012924900278449059 -0.03089505434036255 0.07696425169706345 -0.013833272270858288 0.9969379901885986 3.4569528102874756
6.531383 0.9969159960746765 -0.009869403205811977 -0.07785370945930481 -0.2159622460603714 0.011105327866971493 0.999818742275238 0.015457998029887676 -0.031131472438573837 0.07768706977367401 -0.016274914145469666 0.9968449473381042 3.515575647354126
6.634992 0.9968163967132568 -0.008511592634022236 -0.07927482575178146 -0.22067806124687195 0.009440558962523937 0.999890923500061 0.011350919492542744 -0.03153976425528526 0.07916957139968872 -0.012063180096447468 0.9967881441116333 3.573286771774292
6.738741 0.9967355132102966 -0.006961815990507603 -0.08043592423200607 -0.2256031334400177 0.007293757516890764 0.9999660849571228 0.003833703463897109 -0.0317055881023407 0.08040653169155121 -0.004407868720591068 0.9967524409294128 3.6286027431488037
6.84235 0.9966548681259155 -0.005702142138034105 -0.08152678608894348 -0.2305096983909607 0.005638218950480223 0.9999836087226868 -0.001014267560094595 -0.03219667449593544 0.08153123408555984 0.0005512088537216187 0.9966707229614258 3.684448003768921
6.945963 0.9965705871582031 -0.0006788447499275208 -0.08274473249912262 -0.23566299676895142 0.0006307012517936528 0.9999997019767761 -0.0006079685408622026 -0.0325009748339653 0.08274510502815247 0.0005536968819797039 0.9965706467628479 3.7401630878448486
7.049705 0.9965122938156128 0.0017147203907370567 -0.08342841267585754 -0.2402753233909607 -0.0015375771326944232 0.999996542930603 0.002187499077990651 -0.033261679112911224 0.08343187719583511 -0.0020515923388302326 0.9965114593505859 3.7938382625579834
7.153323 0.9964128136634827 0.004782841075211763 -0.08449007570743561 -0.24568727612495422 -0.00448621716350317 0.9999831914901733 0.0037002568133175373 -0.034192103892564774 0.08450635522603989 -0.003307943232357502 0.9964174628257751 3.8483545780181885
7.256934 0.9962983727455139 0.00489297229796648 -0.08582263439893723 -0.24941453337669373 -0.004619745537638664 0.9999836087226868 0.0033819456584751606 -0.034676410257816315 0.08583777397871017 -0.002972949296236038 0.9963048100471497 3.900254249572754
7.360549 0.9961775541305542 0.006631207186728716 -0.08710100501775742 -0.25485336780548096 -0.006301253102719784 0.9999719262123108 0.004062586463987827 -0.03468218818306923 0.0871255025267601 -0.0034982124343514442 0.9961912035942078 3.951554536819458
7.464167 0.9960741996765137 0.008801864460110664 -0.08808355778455734 -0.26046669483184814 -0.008413318544626236 0.9999532103538513 0.004781401250511408 -0.036159366369247437 0.08812152594327927 -0.0040215556509792805 0.9961015582084656 4.0039472579956055
7.567786 0.9959510564804077 0.006928965914994478 -0.08962880074977875 -0.264640748500824 -0.006455685012042522 0.999963641166687 0.0055692726746201515 -0.03657011315226555 0.08966413140296936 -0.0049681090749800205 0.9959596395492554 4.05322790145874
7.671396 0.9958080649375916 0.006940967869013548 -0.09120453149080276 -0.268864244222641 -0.006389221176505089 0.9999595284461975 0.006340137217193842 -0.03690780699253082 0.09124482423067093 -0.005730834323912859 0.9958120584487915 4.102642059326172
7.775144 0.995679497718811 0.01017182320356369 -0.09229904413223267 -0.2741789221763611 -0.00940899271517992 0.9999179244041443 0.008696174249053001 -0.0368737056851387 0.09237992018461227 -0.007790161296725273 0.9956933856010437 4.151360034942627
7.878754 0.9955436587333679 0.011355984024703503 -0.0936163067817688 -0.27873414754867554 -0.010162752121686935 0.9998611211776733 0.01321289874613285 -0.037731580436229706 0.09375333786010742 -0.012202616780996323 0.9955207705497742 4.200291633605957
7.982493 0.995363175868988 0.014581771567463875 -0.09507814049720764 -0.28389686346054077 -0.013217207044363022 0.9998005628585815 0.014966067858040333 -0.03793850541114807 0.09527744352817535 -0.013640002347528934 0.9953572750091553 4.2455925941467285
8.086111 0.995180070400238 0.01707451604306698 -0.09656606614589691 -0.28851979970932007 -0.016080757603049278 0.9998094439506531 0.011059910990297794 -0.038570255041122437 0.09673652052879333 -0.009453745558857918 0.9952651262283325 4.291674613952637
8.189849 0.9950929284095764 0.01724470779299736 -0.09742981940507889 -0.2935881018638611 -0.01696135848760605 0.9998491406440735 0.0037357911933213472 -0.039039988070726395 0.09747954457998276 -0.0020649167709052563 0.9952354431152344 4.334438800811768
8.29347 0.9949833750724792 0.016582153737545013 -0.09865640848875046 -0.29839426279067993 -0.016892850399017334 0.999854564666748 -0.002314756391569972 -0.03933502733707428 0.09860369563102722 0.0039697326719760895 0.9951189160346985 4.37797212600708
8.397102 0.9948803186416626 0.01726139523088932 -0.09957553446292877 -0.3024626076221466 -0.017701542004942894 0.9998370409011841 -0.0035383529029786587 -0.03976160287857056 0.09949823468923569 0.005282878875732422 0.9950237274169922 4.420096397399902
8.500847 0.9947733283042908 0.019930770620703697 -0.10014396905899048 -0.3072736859321594 -0.019991157576441765 0.9998000860214233 0.00040055299177765846 -0.04083076864480972 0.10013194382190704 0.0016035344451665878 0.9949729442596436 4.461281776428223
8.604438 0.994615912437439 0.02024952881038189 -0.10163212567567825 -0.3113012909889221 -0.020104316994547844 0.9997949004173279 0.0024530156515538692 -0.04159405454993248 0.10166095197200775 -0.0003965646610595286 0.9948189854621887 4.500869274139404
8.708175 0.9945723414421082 0.017364727333188057 -0.10258815437555313 -0.31540971994400024 -0.017543740570545197 0.9998457431793213 -0.0008428681176155806 -0.04237145557999611 0.10255768895149231 0.0026380729395896196 0.9947235584259033 4.539462089538574
8.811795 0.9946684837341309 0.009234746918082237 -0.10271038115024567 -0.3184666633605957 -0.009908212348818779 0.9999326467514038 -0.006048671901226044 -0.04296258091926575 0.10264758765697479 0.007034098729491234 0.9946929216384888 4.576416492462158
8.915403 0.9948174953460693 0.004971187561750412 -0.10155590623617172 -0.32192134857177734 -0.006105455104261637 0.9999223351478577 -0.010861126706004143 -0.04392104968428612 0.10149404406547546 0.011424882337450981 0.9947705268859863 4.613152980804443
9.019162 0.9951105713844299 0.007344118785113096 -0.09849465638399124 -0.32542672753334045 -0.008450977504253387 0.9999057650566101 -0.010825252160429955 -0.04476037621498108 0.0984058603644371 0.01160469651222229 0.9950786828994751 4.6487812995910645
9.12289 0.9954633712768555 0.01237559225410223 -0.09433778375387192 -0.32956111431121826 -0.013197487220168114 0.9998801946640015 -0.008093314245343208 -0.04531076177954674 0.09422631561756134 0.009301622398197651 0.9955072999000549 4.682393550872803
9.226512 0.9959300756454468 0.010930675081908703 -0.08946378529071808 -0.3328985273838043 -0.011391391977667809 0.99992436170578 -0.004640773870050907 -0.0464249812066555 0.08940628170967102 0.005641005001962185 0.9959792494773865 4.7165117263793945
9.330247 0.9964626431465149 0.007421001326292753 -0.08370905369520187 -0.3347068727016449 -0.007525191642343998 0.9999712109565735 -0.0009292289614677429 -0.046801384538412094 0.08369974792003632 0.001555868424475193 0.9964897632598877 4.751075267791748
9.433986 0.9970778822898865 0.002790814731270075 -0.07634183019399643 -0.33573397994041443 -0.002593607408925891 0.999993085861206 0.0026822302024811506 -0.04751867428421974 0.07634878158569336 -0.0024763913825154305 0.9970781207084656 4.781442165374756
9.537749 0.9978469014167786 0.006501382682472467 -0.0652640163898468 -0.33800527453422546 -0.006395731586962938 0.9999779462814331 0.0018276164773851633 -0.04742569848895073 0.06527447700500488 -0.0014062703121453524 0.9978663921356201 4.813119888305664
9.641587 0.9986752867698669 0.01174253411591053 -0.050099313259124756 -0.3396788239479065 -0.011677451431751251 0.9999305605888367 0.001591583713889122 -0.048066869378089905 0.05011451616883278 -0.001004442572593689 0.9987429976463318 4.8439717292785645
9.745342 0.9993467330932617 0.016733169555664062 -0.032031480222940445 -0.34065091609954834 -0.016670459881424904 0.999858558177948 0.0022238814271986485 -0.04858484864234924 0.03206415846943855 -0.0016884496435523033 0.9994843602180481 4.872595310211182
9.849229 0.9998329877853394 0.015156391076743603 -0.010218074545264244 -0.3395824432373047 -0.015128745697438717 0.9998816251754761 0.0027774733025580645 -0.04898346588015556 0.010258963331580162 -0.0026224227622151375 0.9999439120292664 4.902390003204346
9.953059 0.9998023509979248 0.011576322838664055 0.016164584085345268 -0.33807528018951416 -0.011642704717814922 0.9999241232872009 0.00401854794472456 -0.04967363178730011 -0.01611684076488018 -0.004205952398478985 0.9998612999916077 4.929836273193359
10.05693 0.9988958835601807 0.010679398663341999 0.04574773460626602 -0.33538901805877686 -0.010937895625829697 0.9999255537986755 0.005403884686529636 -0.05001800134778023 -0.045686621218919754 -0.0058983019553124905 0.9989385008811951 4.9581427574157715
10.16083 0.9968437552452087 0.010029091499745846 0.07875237613916397 -0.3320443630218506 -0.010630258359014988 0.9999174475669861 0.0072181434370577335 -0.05078159645199776 -0.07867346704006195 -0.008032518438994884 0.9968680739402771 4.9848198890686035
10.26466 0.993123471736908 0.010119936428964138 0.1166333332657814 -0.32767897844314575 -0.011040656827390194 0.9999127984046936 0.00725078908726573 -0.050749484449625015 -0.1165497675538063 -0.008488636463880539 0.9931485056877136 5.011785507202148
10.36867 0.9872947335243225 0.00995443481951952 0.15858781337738037 -0.3220602869987488 -0.011174815706908703 0.9999144673347473 0.006805410608649254 -0.05083947256207466 -0.15850651264190674 -0.008491135202348232 0.9873214364051819 5.038626670837402
10.47264 0.9790796041488647 0.010001517832279205 0.20323127508163452 -0.3158407211303711 -0.011725096963346004 0.9999047517776489 0.007278605364263058 -0.05147792026400566 -0.20313911139965057 -0.009509243071079254 0.9791037440299988 5.061375617980957
10.57663 0.9676823616027832 0.012132457457482815 0.2518802881240845 -0.30791008472442627 -0.014021079055964947 0.9998854398727417 0.005704622715711594 -0.05241834372282028 -0.25178220868110657 -0.009051897563040257 0.9677416682243347 5.085316181182861
10.68062 0.9523379802703857 0.012952707707881927 0.3047698140144348 -0.29791390895843506 -0.014455541037023067 0.9998919367790222 0.002674975898116827 -0.05288213863968849 -0.3047022223472595 -0.006953094154596329 0.9524223208427429 5.108898162841797
10.78461 0.9324569702148438 0.013738865032792091 0.36101967096328735 -0.2873269319534302 -0.014739187434315681 0.9998914003372192 1.7410842701792717e-05 -0.05292542278766632 -0.36098024249076843 -0.005337373353540897 0.9325582385063171 5.131789207458496
10.88875 0.9081771373748779 0.014469004236161709 0.4183359146118164 -0.27532660961151123 -0.015120708383619785 0.9998841285705566 -0.001757076010107994 -0.05323919281363487 -0.4183128774166107 -0.004729799926280975 0.9082908034324646 5.153293609619141
10.99272 0.8792444467544556 0.014627947472035885 0.47614625096321106 -0.2623019218444824 -0.014487055130302906 0.9998871684074402 -0.003966500051319599 -0.05356898903846741 -0.4761505722999573 -0.0034104331862181425 0.8793571591377258 5.172794342041016
11.09659 0.8458094596862793 0.012752423994243145 0.5333327054977417 -0.2474348545074463 -0.011140210554003716 0.999918520450592 -0.0062416731379926205 -0.054042503237724304 -0.5333687663078308 -0.0006621732609346509 0.8458825945854187 5.191745758056641
11.20057 0.8090388774871826 0.012610132806003094 0.587619960308075 -0.23145103454589844 -0.010446456260979176 0.9999204874038696 -0.0070752231404185295 -0.05488938093185425 -0.587662398815155 -0.0004144171252846718 0.8091060519218445 5.209590435028076
11.30431 0.7696172595024109 0.011093986220657825 0.6384091377258301 -0.21471118927001953 -0.008838759735226631 0.9999383687973022 -0.006721143145114183 -0.05523752421140671 -0.6384443640708923 -0.0004700382414739579 0.76966792345047 5.225462913513184
11.40818 0.7266945838928223 0.011265506967902184 0.6868681907653809 -0.19653058052062988 -0.01106170006096363 0.999927818775177 -0.004696989431977272 -0.0557473823428154 -0.6868716478347778 -0.004184654913842678 0.72676682472229 5.241607189178467
11.51192 0.6824650764465332 0.00996522419154644 0.7308502793312073 -0.17796874046325684 -0.008855413645505905 0.9999464154243469 -0.005365231540054083 -0.055633120238780975 -0.7308645844459534 -0.0028103983495384455 0.6825166940689087 5.254450798034668
11.61553 0.6361818313598633 0.00812204834073782 0.7714964151382446 -0.157670259475708 -0.005506744608283043 0.9999669790267944 -0.005986404605209827 -0.05639991909265518 -0.7715196013450623 -0.00043999150511808693 0.6362054944038391 5.2673540115356445
11.71927 0.5893580317497253 0.006241586524993181 0.8078479170799255 -0.13817453384399414 0.00014387327246367931 0.9999693036079407 -0.007830915041267872 -0.056625377386808395 -0.8078719973564148 0.0047314404509961605 0.589339017868042 5.278189659118652
11.82277 0.543583869934082 0.008336571045219898 0.8393133878707886 -0.11672377586364746 -0.0017091012559831142 0.9999595284461975 -0.008825303055346012 -0.05729161947965622 -0.8393531441688538 0.0033628209494054317 0.5435762405395508 5.288508415222168
11.92638 0.49514904618263245 0.011326025240123272 0.8687342405319214 -0.09682703018188477 -0.005710998084396124 0.9999357461929321 -0.009781477972865105 -0.057869888842105865 -0.8687893152236938 -0.00011804978566942737 0.4951818585395813 5.299045085906982
12.03 0.44930869340896606 0.014029113575816154 0.8932663798332214 -0.07506465911865234 -0.006147721316665411 0.9999014735221863 -0.012611590325832367 -0.05804970860481262 -0.8933553695678711 0.0001749427756294608 0.44935065507888794 5.30811882019043
12.13361 0.407168984413147 0.011052285321056843 0.9132859706878662 -0.05356466770172119 0.0006523112533614039 0.999923050403595 -0.012391557916998863 -0.05888225883245468 -0.9133526086807251 0.005641203373670578 0.4071303606033325 5.3149237632751465
12.2371 0.3682636618614197 0.003070786129683256 0.9297162890434265 -0.030173778533935547 0.016068018972873688 0.9998242855072021 -0.009666940197348595 -0.05947728455066681 -0.9295824766159058 0.018498681485652924 0.3681495189666748 5.3202104568481445
12.3406 0.33260518312454224 -2.2713882572134025e-05 0.9430661797523499 -0.007798671722412109 0.020122550427913666 0.9997725486755371 -0.007072842214256525 -0.059423185884952545 -0.9428513646125793 0.0213293619453907 0.33253002166748047 5.326327323913574
12.44411 0.2989839017391205 0.004126677289605141 0.9542492628097534 0.015363931655883789 0.017394548282027245 0.999800980091095 -0.00977370049804449 -0.0599239207804203 -0.9540995955467224 0.019520912319421768 0.2988526225090027 5.332676887512207
12.54767 0.2678583562374115 0.011791396886110306 0.9633861780166626 0.03825116157531738 0.006776784546673298 0.9998772740364075 -0.014122238382697105 -0.06081842631101608 -0.9634344577789307 0.010311420075595379 0.2677455544471741 5.339134216308594
12.65107 0.23878495395183563 0.01584787294268608 0.9709432125091553 0.0627979040145874 0.002283961046487093 0.9998549222946167 -0.016881471499800682 -0.06191743537783623 -0.9710698127746582 0.006248637102544308 0.2387140840291977 5.345106601715088
12.75469 0.2139856219291687 0.018135372549295425 0.9766684770584106 0.08704948425292969 0.003337027970701456 0.9998082518577576 -0.019296180456876755 -0.06259766966104507 -0.9768311381340027 0.007388275116682053 0.21388405561447144 5.348650932312012
12.85806 0.19007083773612976 0.019549814984202385 0.9815756678581238 0.11285680532455444 0.010085158981382847 0.9997101426124573 -0.021863864734768867 -0.06354798376560211 -0.9817185997962952 0.014055032283067703 0.18981856107711792 5.352280616760254
12.96167 0.1705619841814041 0.025438053533434868 0.9850185513496399 0.13854962587356567 0.017417872324585915 0.9994326829910278 -0.02882630005478859 -0.06368827819824219 -0.985193133354187 0.022073596715927124 0.17002208530902863 5.35489559173584
13.0652 0.15108704566955566 0.032196760177612305 0.9879960417747498 0.16506606340408325 0.019391316920518875 0.9991806149482727 -0.03552662208676338 -0.06376557797193527 -0.9883302450180054 0.02452615648508072 0.15033888816833496 5.35784912109375
13.16877 0.13355587422847748 0.0331922248005867 0.9904853105545044 0.19293594360351562 0.017135784029960632 0.9992122054100037 -0.035795245319604874 -0.06456653773784637 -0.9908931255340576 0.021753406152129173 0.13288185000419617 5.361433982849121
13.27235 0.11835314333438873 0.02890150062739849 0.9925509095191956 0.2220999002456665 0.015015523880720139 0.9994099736213684 -0.030891690403223038 -0.06612132489681244 -0.9928580522537231 0.01855979487299919 0.11784934997558594 5.364112377166748
13.37588 0.10350003093481064 0.025161826983094215 0.9943111538887024 0.25137078762054443 0.015026889741420746 0.99952632188797 -0.02685798518359661 -0.06765955686569214 -0.9945159554481506 0.017721202224493027 0.1030728742480278 5.367215156555176
13.4795 0.09023561328649521 0.02294749580323696 0.9956561326980591 0.2821767032146454 0.017624061554670334 0.9995412826538086 -0.02463429607450962 -0.06866355985403061 -0.9957644939422607 0.019770393148064613 0.08978977054357529 5.369424343109131
13.58311 0.07888332009315491 0.02183924801647663 0.9966447353363037 0.3135915696620941 0.021399259567260742 0.9994926452636719 -0.023595381528139114 -0.0698893815279007 -0.9966541528701782 0.023188741877675056 0.07837596535682678 5.371257305145264
13.68672 0.06856115162372589 0.02236393839120865 0.9973962306976318 0.34633198380470276 0.024995403364300728 0.9993963241577148 -0.02412697672843933 -0.07100492715835571 -0.9973337054252625 0.02658449485898018 0.06796077638864517 5.373033046722412
13.79034 0.06026614457368851 0.0233127661049366 0.9979099631309509 0.3831457197666168 0.025964073836803436 0.9993523359298706 -0.024914493784308434 -0.07187270373106003 -0.9978445768356323 0.027411313727498055 0.059621814638376236 5.3752923011779785
13.89395 0.05540406331419945 0.024191029369831085 0.9981709122657776 0.418510377407074 0.027691738680005074 0.9992846846580505 -0.02575506456196308 -0.07266798615455627 -0.9980798363685608 0.02906802110373974 0.0546945258975029 5.376534938812256
13.99767 0.04977551847696304 0.024634966626763344 0.9984566569328308 0.4510587453842163 0.02936830371618271 0.9992273449897766 -0.026118068024516106 -0.07381884753704071 -0.9983286261558533 0.030623018741607666 0.04901357367634773 5.377646446228027
14.1013 0.043806008994579315 0.025190163403749466 0.998722493648529 0.48823845386505127 0.02999819815158844 0.9991981983184814 -0.026517942547798157 -0.07498637586832047 -0.9985895156860352 0.031121520325541496 0.04301522299647331 5.379087924957275
14.20492 0.039458490908145905 0.02534261718392372 0.9988998770713806 0.5267574787139893 0.03230251744389534 0.9991235733032227 -0.026624303311109543 -0.07630591094493866 -0.998698890209198 0.03331753611564636 0.038605280220508575 5.380822658538818
14.30854 0.036517173051834106 0.025282826274633408 0.9990131258964539 0.5665860176086426 0.03373095765709877 0.9990791082382202 -0.0265174712985754 -0.07737256586551666 -0.9987636208534241 0.03466600552201271 0.0356307290494442 5.381553649902344
14.41227 0.03341585025191307 0.024582812562584877 0.999139130115509 0.6074115633964539 0.0343276746571064 0.9990794062614441 -0.02572941593825817 -0.07870034873485565 -0.9988518953323364 0.03515789285302162 0.03254121541976929 5.382906436920166
14.51589 0.03088209591805935 0.024241339415311813 0.9992291331291199 0.6500174403190613 0.036729566752910614 0.9990031123161316 -0.025371018797159195 -0.079921193420887 -0.9988479018211365 0.03748476505279541 0.029960939660668373 5.384262561798096
14.61968 0.030282754451036453 0.023655641824007034 0.9992614984512329 0.6940624713897705 0.041340719908475876 0.9988348484039307 -0.024898380041122437 -0.08132873475551605 -0.9986859560012817 0.04206418991088867 0.02926952764391899 5.3848161697387695
14.72326 0.03160557523369789 0.02370472252368927 0.9992192983627319 0.7382727861404419 0.04448489844799042 0.998694658279419 -0.025099346414208412 -0.08240528404712677 -0.9985100030899048 0.04524345323443413 0.030509809032082558 5.38574743270874
14.82686 0.03393149748444557 0.024178339168429375 0.9991317391395569 0.7843884825706482 0.046690434217453 0.998577356338501 -0.02575058303773403 -0.08335405588150024 -0.9983329176902771 0.047523654997348785 0.032754331827163696 5.386916160583496
14.93048 0.03777816519141197 0.023363713175058365 0.9990130662918091 0.8297223448753357 0.04905308410525322 0.9984781742095947 -0.025206169113516808 -0.08542212843894958 -0.998081386089325 0.04995691031217575 0.03657460957765579 5.388991832733154
15.0341 0.042325444519519806 0.02306193672120571 0.9988377690315247 0.8778643012046814 0.04950500279664993 0.9984571933746338 -0.025150910019874573 -0.08652803301811218 -0.9978765845298767 0.05051197484135628 0.041118454188108444 5.39063835144043
15.13784 0.045945581048727036 0.021482283249497414 0.998712956905365 0.927259624004364 0.05080569535493851 0.9984245896339417 -0.023813387379050255 -0.08797680586576462 -0.9976511001586914 0.05183442682027817 0.044781770557165146 5.393397808074951
15.24145 0.050405263900756836 0.01941913552582264 0.9985400438308716 0.974774956703186 0.051037490367889404 0.9984545111656189 -0.021993791684508324 -0.08968476951122284 -0.9974238872528076 0.05207158252596855 0.0493362657725811 5.395584583282471
15.34508 0.05446184426546097 0.01757383905351162 0.9983611106872559 1.0253394842147827 0.04791106656193733 0.9986475110054016 -0.020192481577396393 -0.09104632586240768 -0.9973657727241516 0.0489322803914547 0.05354619771242142 5.398500442504883
15.44881 0.05883919820189476 0.016669386997818947 0.9981282949447632 1.077695608139038 0.046946194022893906 0.9987080693244934 -0.01944652572274208 -0.09221017360687256 -0.997162938117981 0.04800254851579666 0.05798061192035675 5.4015421867370605
15.55255 0.06242002919316292 0.017195353284478188 0.9979017972946167 1.126807689666748 0.044058799743652344 0.9988293647766113 -0.019967269152402878 -0.09411662817001343 -0.9970769286155701 0.04521271586418152 0.06158936023712158 5.405697345733643
15.65617 0.0656094029545784 0.0211822297424078 0.9976205229759216 1.1792452335357666 0.04191671684384346 0.9988336563110352 -0.02396467886865139 -0.09591422975063324 -0.9969645738601685 0.04338928684592247 0.06464499980211258 5.409290790557861
15.7599 0.06701985001564026 0.02647317945957184 0.9974004030227661 1.2314401865005493 0.03596493601799011 0.9989341497421265 -0.028930537402629852 -0.097683385014534 -0.997103214263916 0.03781035542488098 0.06599631905555725 5.413340091705322
15.86364 0.06650484353303909 0.030099954456090927 0.997331976890564 1.2820688486099243 0.03317742422223091 0.9989253878593445 -0.03236040100455284 -0.09911999106407166 -0.9972342848777771 0.0352410227060318 0.06543473154306412 5.418071269989014
15.96739 0.06644339114427567 0.02972206100821495 0.9973472952842712 1.3344281911849976 0.030618568882346153 0.9990247488021851 -0.031811852008104324 -0.10138009488582611 -0.997320294380188 0.032651036977767944 0.06546852737665176 5.4220871925354
16.07102 0.06688923388719559 0.02795339934527874 0.9973686933517456 1.3882050514221191 0.027702558785676956 0.9991700053215027 -0.029861770570278168 -0.10366656631231308 -0.9973757863044739 0.029627103358507156 0.06605933606624603 5.425141334533691
16.17474 0.06636744737625122 0.026530394330620766 0.9974424839019775 1.4383262395858765 0.02866414189338684 0.999183177947998 -0.028483936563134193 -0.10587955266237259 -0.9973834156990051 0.030481241643428802 0.06555277109146118 5.429412364959717
16.27845 0.06701327115297318 0.025880949571728706 0.9974163770675659 1.4912077188491821 0.026092231273651123 0.9992761015892029 -0.027682259678840637 -0.10820946097373962 -0.9974108934402466 0.027879897505044937 0.06628948450088501 5.432739734649658
16.38209 0.06755169481039047 0.02632909081876278 0.9973682761192322 1.5434913635253906 0.024685829877853394 0.999301552772522 -0.02805209532380104 -0.11032694578170776 -0.9974102973937988 0.02651582658290863 0.0668545588850975 5.435940265655518
