1403636579.7635555 1.0 0.0 0.0 0.0 0.0 1.0 0.0 0.0 0.0 0.0 1.0 0.0
1403636579.8135555 0.999984860420227 0.0010848887031897902 0.005397072993218899 0.00048470337060280144 -0.0010699251433834434 0.9999955892562866 -0.002774645108729601 0.014818748459219933 -0.005400059279054403 0.0027688283007591963 0.9999815821647644 0.006032197270542383
1403636579.8635557 0.9999397993087769 0.004950893111526966 0.009792226366698742 0.00037706794682890177 -0.004964402411133051 0.9999867081642151 0.0013557237107306719 0.03398282080888748 -0.009785385802388191 -0.0014042548136785626 0.9999510645866394 0.013501409441232681
1403636579.9135554 0.9999167323112488 0.005785769782960415 0.011544628068804741 0.0005972775397822261 -0.005917978473007679 0.9999168515205383 0.0114508755505085 0.05585911124944687 -0.011477417312562466 -0.011518241837620735 0.9998677372932434 0.01995491236448288
1403636579.9635556 0.9999178051948547 0.0054759676568210125 0.011594736017286777 -0.00010312822996638715 -0.005751821678131819 0.9996979236602783 0.02389322593808174 0.07996866852045059 -0.011460394598543644 -0.023957950994372368 0.999647319316864 0.02684761770069599
1403636580.0135555 0.9999288320541382 0.0024176042061299086 0.011682027950882912 -0.0012005018070340157 -0.002814565086737275 0.9994149804115295 0.03408435359597206 0.10494928061962128 -0.011592792347073555 -0.034114811569452286 0.9993506073951721 0.034083347767591476
1403636580.0635555 0.9999249577522278 0.0009397211251780391 0.012213005684316158 -0.001994372345507145 -0.0014420307707041502 0.9991504549980164 0.04118557274341583 0.13129264116287231 -0.01216393057256937 -0.04120009019970894 0.9990769028663635 0.0412711426615715
1403636580.1135554 0.9999274015426636 -0.0035774053540080786 0.011508646421134472 -0.0027797683142125607 0.003042334457859397 0.9989284873008728 0.046179067343473434 0.15600866079330444 -0.011661519296467304 -0.046140704303979874 0.9988667964935303 0.04852768033742905
1403636580.1635556 0.9999231696128845 -0.006195135414600372 0.010734234005212784 -0.003530115820467472 0.005653358995914459 0.9987439513206482 0.04978732764720917 0.1807977259159088 -0.011029188521206379 -0.0497228242456913 0.9987020492553711 0.0550072081387043
1403636580.2135556 0.9999318718910217 -0.006661605555564165 0.009596851654350758 -0.0037143495865166187 0.006131913512945175 0.9985110759735107 0.054204441606998444 0.20385339856147766 -0.009943651966750622 -0.054141901433467865 0.9984836578369141 0.06119360774755478
1403636580.2635555 0.9999426603317261 -0.005722132511436939 0.00904055219143629 -0.004202124662697315 0.00517460610717535 0.9982168078422546 0.05946728587150574 0.22501347959041595 -0.009364708326756954 -0.05941710248589516 0.9981893301010132 0.06578673422336578
1403636580.3135555 0.9999535083770752 -0.0009122261544689536 0.009597256779670715 -0.0049325814470648766 0.0002638913574628532 0.997730016708374 0.06733962893486023 0.24499373137950897 -0.009636896662414074 -0.06733396649360657 0.9976840019226074 0.06971334666013718
1403636580.3635557 0.9999734163284302 -0.00031238532392308116 0.007282647304236889 -0.005678524728864431 -0.0002600448206067085 0.9969165325164795 0.07846865057945251 0.2628750801086426 -0.0072847045958042145 -0.078468456864357 0.9968899488449097 0.07271474599838257
1403636580.4135554 0.9999539852142334 0.004634452518075705 0.008393696509301662 -0.006523534655570984 -0.005400530993938446 0.9955881834030151 0.09367469698190689 0.2801649570465088 -0.007922532968223095 -0.09371571987867355 0.9955675005912781 0.07568983733654022
1403636580.4635556 0.9999600052833557 0.005251617636531591 0.0072441124357283115 -0.007423152215778828 -0.006024971604347229 0.9937759041786194 0.11123508960008621 0.2924192249774933 -0.006614857818931341 -0.11127428710460663 0.9937676787376404 0.0767032578587532
1403636580.5135555 0.9999723434448242 0.004104106221348047 0.006194014102220535 -0.007794510573148727 -0.004864286165684462 0.9917389750480652 0.1281801164150238 0.2990216016769409 -0.005616778042167425 -0.12820672988891602 0.9917315244674683 0.07761038839817047
1403636580.5635555 0.9999827742576599 0.0030446937307715416 0.005018527619540691 -0.009303701110184193 -0.0037237093783915043 0.9899472594261169 0.14138779044151306 0.29764947295188904 -0.004537596367299557 -0.14140407741069794 0.9899415969848633 0.07621785998344421
1403636580.6135554 0.999997615814209 0.0015243334928527474 0.0015708727296441793 -0.009673516266047955 -0.0017375629395246506 0.9892596006393433 0.14615875482559204 0.28744226694107056 -0.001331206876784563 -0.14616113901138306 0.9892598986625671 0.0726003646850586
1403636580.6635556 0.999998152256012 0.001819657627493143 0.0008103325963020325 -0.010573560371994972 -0.0019173183245584369 0.9895927309989929 0.14388373494148254 0.26938021183013916 -0.0005400790832936764 -0.1438850313425064 0.9895943403244019 0.06732480227947235
1403636580.7135556 0.9999805688858032 0.005029475782066584 0.003728891722857952 -0.011365443468093872 -0.005490257404744625 0.9906777739524841 0.13611532747745514 0.24405163526535034 -0.0030095402617007494 -0.1361331343650818 0.9906860589981079 0.061145979911088943
1403636580.7635555 0.999903678894043 0.010790164582431316 0.008715682663023472 -0.011929046362638474 -0.011796029284596443 0.9920753836631775 0.1250891536474228 0.21291494369506836 -0.0072968811728060246 -0.12517991662025452 0.9921071529388428 0.054178204387426376
1403636580.8135555 0.9997287392616272 0.01702187769114971 0.015891825780272484 -0.011907093226909637 -0.01869964599609375 0.9935087561607361 0.11220789700746536 0.1779339611530304 -0.013878677040338516 -0.11247461289167404 0.9935576915740967 0.04804927110671997
1403636580.8635557 0.9993516206741333 0.024316420778632164 0.026556169614195824 -0.012603632174432278 -0.026796046644449234 0.9948843121528625 0.09740296006202698 0.1398487091064453 -0.02405182458460331 -0.09805142134428024 0.994890570640564 0.04005098342895508
1403636580.9135554 0.9988139867782593 0.031540196388959885 0.03709063306450844 -0.012765496969223022 -0.034503452479839325 0.9960205554962158 0.08217314630746841 0.1008998453617096 -0.03435128182172775 -0.08335546404123306 0.9959275126457214 0.032339055091142654
1403636580.9635556 0.9985468983650208 0.03527338430285454 0.04074212536215782 -0.01368635892868042 -0.03796163573861122 0.9970163106918335 0.06721130758523941 0.06116069108247757 -0.03824978321790695 -0.06866028904914856 0.9969066977500916 0.023664599284529686
1403636581.0135555 0.9984102249145508 0.038462262600660324 0.041203390806913376 -0.015638936311006546 -0.04062158614397049 0.9977722764015198 0.05291862040758133 0.02619018778204918 -0.03907623142004013 -0.05450823903083801 0.9977484345436096 0.01635531336069107
1403636581.0635555 0.998486340045929 0.03817285597324371 0.03959855064749718 -0.01770741119980812 -0.03973596170544624 0.9984303712844849 0.03946796804666519 -0.007033149711787701 -0.03802979364991188 -0.0409817099571228 0.9984358549118042 0.008102974854409695
1403636581.1135554 0.9985505938529968 0.03585931286215782 0.04013390466570854 -0.018517112359404564 -0.03693603724241257 0.9989685416221619 0.026416540145874023 -0.03861318901181221 -0.03914522007107735 -0.027860645204782486 0.9988450407981873 0.0015257843770086765
1403636581.1635556 0.9987099766731262 0.030185237526893616 0.040832579135894775 -0.01875525340437889 -0.030641449615359306 0.9994743466377258 0.01059342734515667 -0.06700191646814346 -0.04049134999513626 -0.011830929666757584 0.9991098046302795 -0.004560007248073816
1403636581.2135556 0.998773992061615 0.026766877621412277 0.041641030460596085 -0.018576938658952713 -0.026564959436655045 0.9996325373649597 -0.005394970998167992 -0.09302334487438202 -0.04177013412117958 0.004282164853066206 0.9991180896759033 -0.011435055173933506
1403636581.2635555 0.9988864064216614 0.022349637001752853 0.041549261659383774 -0.018038038164377213 -0.021416714414954185 0.9995114207267761 -0.022764641791582108 -0.11606768518686295 -0.04203774034976959 0.02184944413602352 0.9988770484924316 -0.017840202897787094
1403636581.3135555 0.9988890290260315 0.023880604654550552 0.040625035762786865 -0.01712399162352085 -0.022344272583723068 0.9990333318710327 -0.03786000236868858 -0.1316017061471939 -0.04148988053202629 0.03691020980477333 0.9984568953514099 -0.023238446563482285
1403636581.3635557 0.9988259673118591 0.024520069360733032 0.041778068989515305 -0.017356619238853455 -0.022482430562376976 0.9985671043395996 -0.048563603311777115 -0.1391344964504242 -0.042908988893032074 0.047567322850227356 0.9979459643363953 -0.027050046250224113
1403636581.4135554 0.9985018968582153 0.029848959296941757 0.045856595039367676 -0.015905320644378662 -0.027486078441143036 0.9983038306236267 -0.05132140591740608 -0.13849076628684998 -0.047310709953308105 0.04998410865664482 0.9976288676261902 -0.027162108570337296
1403636581.4635556 0.998214066028595 0.03529787063598633 0.04819454997777939 -0.01431550644338131 -0.03304605931043625 0.9983599185943604 -0.04674655944108963 -0.12869258224964142 -0.04976557195186615 0.045070428401231766 0.9977434873580933 -0.02515999972820282
1403636581.5135555 0.997879683971405 0.04072896018624306 0.050768084824085236 -0.012776927091181278 -0.038914915174245834 0.9985857605934143 -0.03622272238135338 -0.11277902871370316 -0.052171602845191956 0.034170277416706085 0.9980533123016357 -0.022949207574129105
1403636581.5635555 0.9979137778282166 0.03775104880332947 0.052371807396411896 -0.011423682793974876 -0.036556776612997055 0.9990533590316772 -0.02357761189341545 -0.09098134189844131 -0.05321230739355087 0.02161388099193573 0.9983492493629456 -0.01735932193696499
1403636581.6135554 0.9980911016464233 0.03508017212152481 0.05083221197128296 -0.010263464413583279 -0.03457951173186302 0.9993447065353394 -0.010695738717913628 -0.06329769641160965 -0.05117412656545639 0.008917566388845444 0.9986500144004822 -0.008917529135942459
1403636581.6635556 0.998297929763794 0.0302543006837368 0.04986017569899559 -0.008405488915741444 -0.03027646243572235 0.9995415210723877 -0.00031097885221242905 -0.03406495228409767 -0.049846723675727844 -0.001199142076075077 0.9987562298774719 -0.0012518874136731029
1403636581.7135556 0.9982775449752808 0.03298644348978996 0.04851744696497917 -0.005707594566047192 -0.03334931656718254 0.9994213581085205 0.006688639521598816 -0.0029433041345328093 -0.04826873913407326 -0.008295143954455853 0.9988000392913818 0.008256455883383751
1403636581.7635555 0.9985144734382629 0.02955993264913559 0.045771483331918716 -0.0031271723564714193 -0.030050525441765785 0.9994977116584778 0.010067373514175415 0.02893814444541931 -0.045450907200574875 -0.011427873745560646 0.9989011883735657 0.016303474083542824
1403636581.8135555 0.9987663626670837 0.029688294976949692 0.03980328515172005 -0.0015064988983795047 -0.030230039730668068 0.9994574189186096 0.013078388758003712 0.061713382601737976 -0.03939341381192207 -0.014265507459640503 0.9991219639778137 0.02387046068906784
1403636581.8635557 0.9988856315612793 0.028464820235967636 0.03764517977833748 -0.0002258666791021824 -0.029158195480704308 0.9994126558303833 0.017999641597270966 0.0945543423295021 -0.03711071237921715 -0.019077247008681297 0.999129056930542 0.03129485249519348
1403636581.9135554 0.9991136193275452 0.02386762946844101 0.03467480093240738 -0.00034846283961087465 -0.02482200413942337 0.9993174076080322 0.02735893428325653 0.12811851501464844 -0.03399812802672386 -0.028195377439260483 0.9990242123603821 0.038746967911720276
1403636581.9635556 0.9990075826644897 0.02136201784014702 0.039083849638700485 0.0002834263723343611 -0.02295175939798355 0.9989081621170044 0.040689196437597275 0.15998758375644684 -0.03817197307944298 -0.04154586046934128 0.998407244682312 0.04637773707509041
1403636582.0135555 0.9989283084869385 0.01749832183122635 0.04284776374697685 0.00055880774743855 -0.01991899311542511 0.9981905221939087 0.05673549696803093 0.18956224620342255 -0.04177745431661606 -0.057528186589479446 0.9974693059921265 0.05381724238395691
1403636582.0635555 0.9987499713897705 0.017947746440768242 0.04665020853281021 0.0003536257427185774 -0.021372726187109947 0.9970301389694214 0.07398838549852371 0.21559415757656097 -0.045183729380369186 -0.07489293813705444 0.9961673617362976 0.059960998594760895
1403636582.1135554 0.998765766620636 0.01908150501549244 0.045855823904275894 0.00012092525139451027 -0.023207014426589012 0.9955632090568542 0.09118857234716415 0.23724915087223053 -0.04391234740614891 -0.09214020520448685 0.9947773218154907 0.06477809697389603
1403636582.1635556 0.9989678263664246 0.017292581498622894 0.04200214892625809 -0.0011535151861608028 -0.021658556535840034 0.9941489696502686 0.10582311451435089 0.25279501080513 -0.0399264395236969 -0.1066235899925232 0.9934974908828735 0.0667940080165863
1403636582.2135556 0.9990634322166443 0.01888611912727356 0.03893018513917923 -0.0027025702875107527 -0.023350611329078674 0.9927842020988464 0.11761827766895294 0.2612691819667816 -0.03642791882157326 -0.1184171736240387 0.992295503616333 0.06831899285316467
1403636582.2635555 0.9991587996482849 0.018298370763659477 0.03670065104961395 -0.003976230509579182 -0.022737160325050354 0.9919677972793579 0.12442919611930847 0.2610517144203186 -0.03412902355194092 -0.12515898048877716 0.9915494918823242 0.06805947422981262
1403636582.3135555 0.9992188215255737 0.019558627158403397 0.03433912247419357 -0.005663849413394928 -0.023763315752148628 0.9916622042655945 0.1266544759273529 0.2512137293815613 -0.03157562389969826 -0.12737154960632324 0.991352379322052 0.06521254777908325
1403636582.3635557 0.9992948770523071 0.018887510523200035 0.032451312988996506 -0.00800243392586708 -0.022699713706970215 0.9923390746116638 0.12144017964601517 0.23335586488246918 -0.02990901470184326 -0.12209117412567139 0.9920681715011597 0.06099952012300491
1403636582.4135554 0.9993864893913269 0.017162160947918892 0.030526988208293915 -0.009865744039416313 -0.02038445696234703 0.9938778281211853 0.10858794301748276 0.20845413208007812 -0.028476491570472717 -0.10914358496665955 0.9936180114746094 0.053793445229530334
1403636582.4635556 0.9993678331375122 0.017065541818737984 0.03118959814310074 -0.012334599159657955 -0.019906675443053246 0.995450496673584 0.09317807853221893 0.18109700083732605 -0.029457563534379005 -0.0937400683760643 0.9951608180999756 0.047805797308683395
1403636582.5135555 0.9992047548294067 0.02084820158779621 0.03398880362510681 -0.013499043881893158 -0.023526841774582863 0.9964838027954102 0.08041571825742722 0.15031498670578003 -0.032192766666412354 -0.08115141838788986 0.9961817860603333 0.0406000092625618
1403636582.5635555 0.9990729093551636 0.02143135480582714 0.037336401641368866 -0.014577513560652733 -0.024020401760935783 0.9972342848777771 0.07033485174179077 0.11812545359134674 -0.03572576493024826 -0.07116647064685822 0.9968245029449463 0.03346039354801178
1403636582.6135554 0.9987293481826782 0.026664042845368385 0.0427626371383667 -0.013909047469496727 -0.029382243752479553 0.9975011944770813 0.0642496719956398 0.0852566733956337 -0.04094262421131134 -0.06542449444532394 0.9970172047615051 0.02481808327138424
1403636582.6635556 0.9984923005104065 0.02644740231335163 0.04810136556625366 -0.014154248870909214 -0.02928669936954975 0.9978097677230835 0.05931365489959717 0.05309368669986725 -0.04642730951309204 -0.06063297763466835 0.9970797896385193 0.016482913866639137
1403636582.7135556 0.9983990788459778 0.025540200993418694 0.0504688061773777 -0.013686130754649639 -0.02829836867749691 0.9981009364128113 0.054714106023311615 0.021013464778661728 -0.04897555708885193 -0.05605470761656761 0.9972257614135742 0.008599772118031979
1403636582.7635555 0.9982907772064209 0.02120938152074814 0.0544593408703804 -0.012599547393620014 -0.023842964321374893 0.9985544085502625 0.048173271119594574 -0.011854123324155807 -0.05335889011621475 -0.049389421939849854 0.997353196144104 0.0012979089515283704
1403636582.8135555 0.9979752898216248 0.017265865579247475 0.061214856803417206 -0.011708910576999187 -0.019621113315224648 0.9990818500518799 0.03808512166142464 -0.042727597057819366 -0.06050107628107071 -0.039209116250276566 0.9973977208137512 -0.005317916627973318
1403636582.8635557 0.9974557161331177 0.012584458105266094 0.07016931474208832 -0.009888154454529285 -0.014375194907188416 0.9995822310447693 0.025073887780308723 -0.07592365890741348 -0.0698244646191597 -0.026018789038062096 0.9972198605537415 -0.012366166338324547
1403636582.9135554 0.9970419406890869 0.00829505268484354 0.07641088217496872 -0.008092868141829967 -0.008988301269710064 0.999921441078186 0.008733222261071205 -0.10504733771085739 -0.07633242011070251 -0.009394191205501556 0.9970382452011108 -0.01918184757232666
1403636582.9635556 0.9967751502990723 0.008443663828074932 0.07979971915483475 -0.006177475210279226 -0.00782395713031292 0.9999367594718933 -0.00807525496929884 -0.13115769624710083 -0.07986284792423248 0.007424869574606419 0.9967782497406006 -0.02610827423632145
1403636583.0135555 0.9964876174926758 0.008701573126018047 0.08328530937433243 -0.004605324938893318 -0.006644336506724358 0.9996666312217712 -0.02494647353887558 -0.1504036784172058 -0.08347463607788086 0.02430548332631588 0.996213436126709 -0.03175602853298187
1403636583.0635555 0.9964686036109924 0.011681606061756611 0.08314783871173859 -0.00367182120680809 -0.008725148625671864 0.9993196725845337 -0.035831619054079056 -0.1623082458972931 -0.08350984752178192 0.03497961536049843 0.9958927631378174 -0.036247801035642624
1403636583.1135554 0.9962894916534424 0.013598967343568802 0.08498251438140869 -0.0033353602048009634 -0.010200945660471916 0.9991357922554016 -0.04029207304120064 -0.1684374362230301 -0.08545702695846558 0.039275672286748886 0.9955675005912781 -0.03911440446972847
1403636583.1635556 0.9958789944648743 0.018456021323800087 0.08879438787698746 -0.002368723973631859 -0.014887711964547634 0.9990612268447876 -0.04068202152848244 -0.16537798941135406 -0.08946184068918228 0.03919242322444916 0.995218813419342 -0.038405485451221466
1403636583.2135556 0.9957275986671448 0.02232523076236248 0.08960089087486267 -0.0013445087242871523 -0.0189554151147604 0.9990870356559753 -0.038285546004772186 -0.15481971204280853 -0.09037382900714874 0.036423541605472565 0.995241641998291 -0.034902188926935196
1403636583.2635555 0.9958365559577942 0.024170752614736557 0.0878940224647522 1.9361963495612144e-05 -0.02120714634656906 0.9991797804832458 -0.03449690714478493 -0.13731637597084045 -0.08865576237440109 0.03248929977416992 0.9955322742462158 -0.02991040050983429
1403636583.3135555 0.995997965335846 0.02359144575893879 0.0862056165933609 0.0009112227708101273 -0.02100488543510437 0.9993051290512085 -0.03078955039381981 -0.11613510549068451 -0.08687208592891693 0.028855590149760246 0.9958014488220215 -0.02222667820751667
1403636583.3635557 0.996097207069397 0.024528000503778458 0.08478692173957825 0.0023031870368868113 -0.02238910086452961 0.9994090795516968 -0.026086322963237762 -0.08996306359767914 -0.08537664264440536 0.02408621646463871 0.9960575103759766 -0.013825262896716595
1403636583.4135554 0.9964917898178101 0.022985612973570824 0.08047354966402054 0.0037825361359864473 -0.02133783884346485 0.9995459914207458 -0.021276475861668587 -0.061087846755981445 -0.08092606067657471 0.01948470249772072 0.9965295791625977 -0.005015629343688488
1403636583.4635556 0.9967823624610901 0.026354167610406876 0.07570046931505203 0.006044443231076002 -0.02530093491077423 0.999569833278656 -0.014838791452348232 -0.02896188199520111 -0.07605896145105362 0.012875757180154324 0.9970201253890991 0.0036724726669490337
1403636583.5135555 0.9970030784606934 0.026889557018876076 0.07254042476415634 0.008029810152947903 -0.026354128494858742 0.9996181130409241 -0.008328322321176529 0.0039863125421106815 -0.07273665815591812 0.006391617469489574 0.9973306655883789 0.012928218580782413
1403636583.5635555 0.996925950050354 0.03054547682404518 0.07214958220720291 0.010103103704750538 -0.03064778260886669 0.9995301365852356 0.0003110917459707707 0.03820505738258362 -0.07210616767406464 -0.0025213579647243023 0.9973936676979065 0.022421767935156822
1403636583.6135554 0.9964706301689148 0.033230576664209366 0.07708417624235153 0.012266968376934528 -0.0341971218585968 0.9993517398834229 0.0112526286393404 0.07281776517629623 -0.07666023820638657 -0.013848968781530857 0.9969610571861267 0.03232799097895622
1403636583.6635556 0.9970526099205017 0.028848079964518547 0.07109060883522034 0.013304248452186584 -0.030962375923991203 0.999104917049408 0.028820358216762543 0.10503272712230682 -0.07019559293985367 -0.030936550348997116 0.997053325176239 0.0386635847389698
1403636583.7135556 0.9974995851516724 0.019751116633415222 0.0678555890917778 0.013460258953273296 -0.023148344829678535 0.9984983205795288 0.04964959993958473 0.13866491615772247 -0.06677304208278656 -0.05109620839357376 0.9964590072631836 0.04672669991850853
1403636583.7635555 0.9978935122489929 0.011601756326854229 0.06382706016302109 0.01353188045322895 -0.016236508265137672 0.9972302913665771 0.07258178293704987 0.168277770280838 -0.06280820071697235 -0.07346523553133011 0.9953179955482483 0.05365180969238281
1403636583.8135555 0.9980048537254333 0.005408337339758873 0.06290588527917862 0.014083219692111015 -0.011273802258074284 0.9955775141716003 0.09326452761888504 0.19540134072303772 -0.06212330237030983 -0.09378765523433685 0.9936520457267761 0.05940158665180206
1403636583.8635557 0.9979958534240723 0.004302894230931997 0.06313427537679672 0.014208164066076279 -0.011122295632958412 0.9940816164016724 0.10806450247764587 0.21965916454792023 -0.06229564920067787 -0.10855013132095337 0.9921371340751648 0.06457168608903885
1403636583.9135554 0.9978823065757751 0.0098861213773489 0.06429129838943481 0.015010859817266464 -0.0174630805850029 0.9928144216537476 0.11838328838348389 0.24177145957946777 -0.06265897303819656 -0.11925528198480606 0.9908844828605652 0.06923416256904602
1403636583.9635556 0.9980082511901855 0.015720464289188385 0.061091724783182144 0.015115771442651749 -0.023247433826327324 0.9919443726539612 0.12452273815870285 0.2593483328819275 -0.058642033487558365 -0.12569496035575867 0.990334153175354 0.0721902847290039
1403636584.0135555 0.9982786774635315 0.01834939606487751 0.05570545792579651 0.01401275210082531 -0.025333207100629807 0.9915307760238647 0.12737736105918884 0.270486056804657 -0.05289638042449951 -0.12856929004192352 0.9902888536453247 0.0731932669878006
1403636584.0635555 0.9986202120780945 0.02039960026741028 0.048389732837677 0.012363959103822708 -0.026431893929839134 0.9914867877960205 0.12749584019184113 0.27533695101737976 -0.04537690803408623 -0.1285988837480545 0.990658164024353 0.07240018248558044
1403636584.1135554 0.9988738894462585 0.020673083141446114 0.04270533472299576 0.010750902816653252 -0.025970589369535446 0.9915014505386353 0.12747710943222046 0.27300310134887695 -0.03970705717802048 -0.12844257056713104 0.9909218549728394 0.07097131013870239
1403636584.1635556 0.9990452527999878 0.02115674503147602 0.038223668932914734 0.009660275653004646 -0.025883039459586143 0.9914721846580505 0.1277221441268921 0.26342445611953735 -0.03519551455974579 -0.1285894811153412 0.9910731911659241 0.06841225922107697
1403636584.2135556 0.9990212321281433 0.023708069697022438 0.037342317402362823 0.008489289321005344 -0.0282879751175642 0.9914571642875671 0.12732897698879242 0.2461879849433899 -0.0340045690536499 -0.12826073169708252 0.9911573529243469 0.06416041404008865
1403636584.2635555 0.9989820718765259 0.024841802194714546 0.03765149414539337 0.00715238694101572 -0.029354210942983627 0.9917890429496765 0.1244707703590393 0.2237195074558258 -0.03425024822354317 -0.1254492998123169 0.9915086627006531 0.05943278595805168
1403636584.3135555 0.9990042448043823 0.02457047440111637 0.03723732382059097 0.005983767099678516 -0.02886466309428215 0.9924076199531555 0.11955735832452774 0.198412224650383 -0.03401702269911766 -0.1205131858587265 0.9921287298202515 0.053710389882326126
1403636584.3635557 0.9988151788711548 0.028001056984066963 0.039798591285943985 0.005188121926039457 -0.03245444595813751 0.9927117824554443 0.11605969816446304 0.16860781610012054 -0.03625873848795891 -0.11721383780241013 0.992444634437561 0.04803449288010597
1403636584.4135554 0.9982993602752686 0.03393039479851723 0.04740232229232788 0.00551254115998745 -0.039075594395399094 0.9929155707359314 0.1122121810913086 0.13597211241722107 -0.04325910657644272 -0.11387364566326141 0.9925529360771179 0.042901501059532166
1403636584.4635556 0.9977666139602661 0.039275962859392166 0.05402803793549538 0.006460389122366905 -0.044852420687675476 0.9933319091796875 0.10620754957199097 0.09916973114013672 -0.0494963712990284 -0.10839362442493439 0.9928750991821289 0.03651425242424011
1403636584.5135555 0.9974516034126282 0.04189958795905113 0.0577472448348999 0.005882927216589451 -0.047311604022979736 0.9942771792411804 0.09578339755535126 0.06380090117454529 -0.05340348929166794 -0.09827142208814621 0.9937257170677185 0.029678424820303917
1403636584.5635555 0.9972653985023499 0.041267313063144684 0.061307959258556366 0.005076634231954813 -0.046268340200185776 0.9955140948295593 0.08252792805433273 0.02691570855677128 -0.05762723460793495 -0.08513887226581573 0.9947012066841125 0.02303089201450348
1403636584.6135554 0.9970458745956421 0.03969231992959976 0.06575825810432434 0.004227155819535255 -0.04397665709257126 0.9969130754470825 0.06504043936729431 -0.009703550487756729 -0.06297367811203003 -0.06774012744426727 0.9957135915756226 0.016314314678311348
1403636584.6635556 0.9965899586677551 0.03788197413086891 0.07330329716205597 0.003991259727627039 -0.041170891374349594 0.9981877207756042 0.043888505548238754 -0.04513220489025116 -0.07150787115097046 -0.0467568077147007 0.9963434934616089 0.012153332121670246
1403636584.7135556 0.9961187243461609 0.03810170665383339 0.07934576272964478 0.0018958109430968761 -0.039994217455387115 0.9989488124847412 0.022399887442588806 -0.07946332544088364 -0.0784088671207428 -0.025486312806606293 0.9965955018997192 0.002086159074679017
1403636584.7635555 0.9955126047134399 0.03816291689872742 0.08659215271472931 0.0018531207460910082 -0.03849133849143982 0.9992567300796509 0.002125754952430725 -0.10936572402715683 -0.08644663542509079 -0.005449259653687477 0.996241569519043 -0.0044955299235880375
1403636584.8135555 0.9952205419540405 0.03825465962290764 0.08984886109828949 0.0018489598296582699 -0.037061672657728195 0.9992017149925232 -0.01490931399166584 -0.1370593160390854 -0.09034748375415802 0.011508103460073471 0.9958438277244568 -0.01112906914204359
1403636584.8635557 0.9951776266098022 0.03455761447548866 0.09180041402578354 -0.00040580041240900755 -0.03211294487118721 0.9990926384925842 -0.027975719422101974 -0.16008898615837097 -0.09268386662006378 0.02489282377064228 0.9953845143318176 -0.020091623067855835
1403636584.9135554 0.9953691959381104 0.031732868403196335 0.09073823690414429 -0.0018376075895503163 -0.028426261618733406 0.998892068862915 -0.03750450164079666 -0.17659540474414825 -0.09182781726121902 0.034751471132040024 0.9951683282852173 -0.0264726672321558
1403636584.9635556 0.9953951835632324 0.025426363572478294 0.09242340922355652 -0.0018008486367762089 -0.021598733961582184 0.9988766312599182 -0.042181164026260376 -0.18801337480545044 -0.09339208155870438 0.03999069333076477 0.9948259592056274 -0.02953254245221615
1403636585.0135555 0.9951158165931702 0.023042649030685425 0.0959872454404831 -0.0022670752368867397 -0.01909908652305603 0.9989433884620667 -0.04180244356393814 -0.19036825001239777 -0.09684905409812927 0.03976500406861305 0.994504451751709 -0.029985232278704643
1403636585.0635555 0.9948381185531616 0.02025989256799221 0.09943162649869919 -0.0019146718550473452 -0.016478873789310455 0.999114990234375 -0.03870148956775665 -0.18739260733127594 -0.1001276895403862 0.03686319291591644 0.9942914843559265 -0.02716459147632122
1403636585.1135554 0.9947985410690308 0.01947520487010479 0.09998249262571335 -0.002519891131669283 -0.016162149608135223 0.9992966055870056 -0.03384013846516609 -0.17846886813640594 -0.10057120770215988 0.032048195600509644 0.9944136738777161 -0.02460702322423458
1403636585.1635556 0.9943125247955322 0.01810794323682785 0.10495106130838394 -0.001782912528142333 -0.015260404907166958 0.9994950890541077 -0.027871856465935707 -0.16413572430610657 -0.10540274530649185 0.026111740618944168 0.994086742401123 -0.019934827461838722
1403636585.2135556 0.9936521649360657 0.019090797752141953 0.11086474359035492 -0.0010084592504426837 -0.01676885224878788 0.9996209144592285 -0.02183876559138298 -0.1442527323961258 -0.11123961955308914 0.019841065630316734 0.993595540523529 -0.012596484273672104
1403636585.2635555 0.9928191304206848 0.02506195940077305 0.11697091162204742 0.0023605553433299065 -0.0234118290245533 0.9996063709259033 -0.015460067428648472 -0.12147258222103119 -0.11731232702732086 0.012610550969839096 0.9930149912834167 -0.00422860961407423
1403636585.3135555 0.9921080470085144 0.030483458191156387 0.12162399291992188 0.005177616607397795 -0.029480623081326485 0.9995150566101074 -0.010036701336503029 -0.09681398421525955 -0.12187093496322632 0.006371945142745972 0.9925255179405212 0.003565593622624874
1403636585.3635557 0.991462767124176 0.03937356173992157 0.12430403381586075 0.007026048842817545 -0.03919362276792526 0.9992240071296692 -0.0038936417549848557 -0.07169988751411438 -0.12436091154813766 -0.0010115285404026508 0.9922365546226501 0.011545682325959206
1403636585.4135554 0.9912100434303284 0.04296405240893364 0.12512634694576263 0.011243587359786034 -0.04369521513581276 0.9990400671958923 0.0031035086140036583 -0.04525184631347656 -0.12487288564443588 -0.008543656207621098 0.9921360015869141 0.02178996428847313
1403636585.4635556 0.991797924041748 0.04622001573443413 0.11916598677635193 0.012488829903304577 -0.04805691912770271 0.998765230178833 0.012585844844579697 -0.01984083093702793 -0.11843714863061905 -0.018209371715784073 0.9927945733070374 0.02815387025475502
1403636585.5135555 0.9923694729804993 0.04786229506134987 0.11363107711076736 0.015360351651906967 -0.05080101266503334 0.9984414577484131 0.023106904700398445 0.007176718208938837 -0.11234801262617111 -0.028703168034553528 0.9932544231414795 0.03286614641547203
1403636585.5635555 0.9936048984527588 0.04854322224855423 0.1019456535577774 0.016666240990161896 -0.052358049899339676 0.9980119466781616 0.03508229926228523 0.03131894767284393 -0.10003998130559921 -0.04019562527537346 0.9941713213920593 0.03544389083981514
1403636585.6135554 0.9949115514755249 0.04744633287191391 0.0888824388384819 0.017673779278993607 -0.05183444917201996 0.997514545917511 0.04772906005382538 0.05357367545366287 -0.0863969549536705 -0.05209336429834366 0.9948980808258057 0.036167263984680176
1403636585.6635556 0.9961804747581482 0.04253464564681053 0.07625840604305267 0.01890202984213829 -0.04729147255420685 0.9969739317893982 0.061696942895650864 0.07189871370792389 -0.07340338081121445 -0.06506766378879547 0.9951773881912231 0.0352906733751297
1403636585.7135556 0.9972824454307556 0.03698873519897461 0.06371430307626724 0.018354162573814392 -0.041856832802295685 0.9961639642715454 0.07684683799743652 0.08685054630041122 -0.060627423226833344 -0.07930487394332886 0.9950050115585327 0.031466152518987656
1403636585.7635555 0.9979603886604309 0.030999084934592247 0.05580487474799156 0.017905218526721 -0.03608857840299606 0.9950459003448486 0.09263436496257782 0.09826325625181198 -0.052656833082437515 -0.09445933997631073 0.9941352605819702 0.027885984629392624
1403636585.8135555 0.998640775680542 0.022664528340101242 0.0469355508685112 0.017192108556628227 -0.027660157531499863 0.9936917424201965 0.10868097841739655 0.10573892295360565 -0.04417626932263374 -0.10983149707317352 0.9929680228233337 0.023845575749874115
1403636585.8635557 0.9990960955619812 0.015523305162787437 0.03957469016313553 0.016563652083277702 -0.020445527508854866 0.9916689991950989 0.12717878818511963 0.11059156060218811 -0.03727075830101967 -0.12787295877933502 0.9910899996757507 0.019278869032859802
1403636585.9135554 0.9993790984153748 0.008487969636917114 0.034199804067611694 0.015892766416072845 -0.013391911052167416 0.9892200231552124 0.14582298696041107 0.11239277571439743 -0.032593388110399246 -0.14619047939777374 0.9887194037437439 0.014088727533817291
1403636585.9635556 0.9994105696678162 0.003209932241588831 0.03417995199561119 0.015834270045161247 -0.008878006599843502 0.9859169721603394 0.16699963808059692 0.11317409574985504 -0.03316253423690796 -0.16720469295978546 0.9853643178939819 0.009777162224054337
1403636586.0135555 0.9991686344146729 -0.0019489809637889266 0.04072317108511925 0.015336968936026096 -0.005875641014426947 0.9815455675125122 0.1911383867263794 0.1129990965127945 -0.04034417122602463 -0.1912187933921814 0.9807178974151611 0.006532458588480949
1403636586.0635555 0.9985201954841614 -0.004900842905044556 0.054161444306373596 0.015466906130313873 -0.0069010620936751366 0.9764609932899475 0.21558375656604767 0.1130049005150795 -0.05394306778907776 -0.21563851833343506 0.9749820828437805 0.003873297944664955
1403636586.1135554 0.9977342486381531 -0.010756554082036018 0.0664137527346611 0.014522342011332512 -0.0052765714935958385 0.9715852737426758 0.23663049936294556 0.11214899271726608 -0.06707194447517395 -0.23644480109214783 0.9693271517753601 0.0011257100850343704
1403636586.1635556 0.9969354271888733 -0.017455024644732475 0.07625579833984375 0.012553045526146889 -0.0025714305229485035 0.9669498801231384 0.2549534738063812 0.11085306853055954 -0.07818575203418732 -0.25436830520629883 0.963941752910614 -0.0013045556843280792
1403636586.2135556 0.996515691280365 -0.023602301254868507 0.07999637722969055 0.010154606774449348 0.0009161196649074554 0.9621647596359253 0.27246689796447754 0.10875539481639862 -0.08340051770210266 -0.27144432067871094 0.9588338732719421 -0.005575202405452728
1403636586.2635555 0.9963057637214661 -0.026799185201525688 0.08158764988183975 0.0073079317808151245 0.0019143670797348022 0.9567548036575317 0.29088902473449707 0.10801106691360474 -0.08585495501756668 -0.28965824842453003 0.953271746635437 -0.010190321132540703
1403636586.3135555 0.9960656762123108 -0.03440558537840843 0.08166685700416565 0.006046190857887268 0.007406861055642366 0.9506542682647705 0.310163676738739 0.10713736712932587 -0.08830831199884415 -0.3083385229110718 0.9471688866615295 -0.015019796788692474
1403636586.3635557 0.9957953691482544 -0.03908047825098038 0.0828513577580452 0.004666656721383333 0.00960437674075365 0.9439886212348938 0.3298380672931671 0.10778581351041794 -0.09110098332166672 -0.32765546441078186 0.9403948187828064 -0.0206364244222641
1403636586.4135554 0.9955565929412842 -0.04626345634460449 0.08201781660318375 0.004263976588845253 0.014734682627022266 0.9367974400520325 0.3495616316795349 0.1077873706817627 -0.09300600737333298 -0.3467998504638672 0.9333165287971497 -0.02645255997776985
1403636586.4635556 0.9955506324768066 -0.047568585723638535 0.08134065568447113 0.00481700524687767 0.014410758391022682 0.929930567741394 0.3674527406692505 0.10939924418926239 -0.09312037378549576 -0.3646455407142639 0.9264782667160034 -0.03264971822500229
1403636586.5135555 0.9956285953521729 -0.04680631309747696 0.08082721382379532 0.006034803576767445 0.01231609657406807 0.9236069321632385 0.38314294815063477 0.10993114858865738 -0.09258609265089035 -0.3804725408554077 0.9201457500457764 -0.03826262801885605
1403636586.5635555 0.9959187507629395 -0.04604726284742355 0.07762552797794342 0.008438526652753353 0.011646127328276634 0.9184364080429077 0.3953969478607178 0.10963179171085358 -0.08950106799602509 -0.39287909865379333 0.9152242541313171 -0.04336545616388321
1403636586.6135554 0.9961437582969666 -0.04586147889494896 0.07479618489742279 0.01143964659422636 0.011931927874684334 0.9153998494148254 0.40236908197402954 0.10824461281299591 -0.08692165464162827 -0.3999249041080475 0.9124168157577515 -0.04718587175011635
1403636586.6635556 0.9961228370666504 -0.046596333384513855 0.0746200829744339 0.015602161176502705 0.01252662017941475 0.9146924614906311 0.40395647287368774 0.10556016117334366 -0.087077297270298 -0.40145549178123474 0.911729633808136 -0.049225449562072754
1403636586.7135556 0.996303141117096 -0.04615829139947891 0.07245446741580963 0.020466016605496407 0.013412701897323132 0.9166274070739746 0.39951765537261963 0.10314659774303436 -0.08485479652881622 -0.3970687985420227 0.9138576984405518 -0.050362441688776016
1403636586.7635555 0.9965766072273254 -0.04691183194518089 0.06807705014944077 0.024579836055636406 0.016490312293171883 0.9196708798408508 0.392343670129776 0.10151216387748718 -0.08101404458284378 -0.3898778557777405 0.9172959327697754 -0.04965813830494881
1403636586.8135555 0.9968803524971008 -0.04668712615966797 0.0636400356888771 0.029712291434407234 0.01863028295338154 0.9226984977722168 0.3850718140602112 0.09919818490743637 -0.07669845223426819 -0.3826848566532135 0.9206897616386414 -0.04873684421181679
1403636586.8635557 0.9970790147781372 -0.04365326836705208 0.06267480552196503 0.03287170082330704 0.016798513010144234 0.9258190989494324 0.3775933086872101 0.09901053458452225 -0.07450873404741287 -0.3754374384880066 0.9238479137420654 -0.04697994887828827
1403636586.9135554 0.997398853302002 -0.03868141770362854 0.06082221493124962 0.03454551845788956 0.013277582824230194 0.9279655814170837 0.37242937088012695 0.09898011386394501 -0.07084701210260391 -0.3706530034542084 0.9260652661323547 -0.04459861293435097
1403636586.9635556 0.9977802038192749 -0.03597762808203697 0.0560397133231163 0.03626182675361633 0.012867437675595284 0.9298028945922852 0.36783260107040405 0.09840841591358185 -0.06533963978290558 -0.36629489064216614 0.9282017946243286 -0.042840875685214996
1403636587.0135555 0.9981563687324524 -0.029518861323595047 0.05303295701742172 0.036695871502161026 0.008077302947640419 0.9305969476699829 0.36595645546913147 0.09754008799791336 -0.06015492230653763 -0.3648533225059509 0.9291195869445801 -0.040536243468523026
1403636587.0635555 0.9984001517295837 -0.02655474841594696 0.04992049187421799 0.037996407598257065 0.006378089543431997 0.9301174879074097 0.3672069311141968 0.09686888754367828 -0.05618300288915634 -0.36630094051361084 0.9287985563278198 -0.03794490545988083
1403636587.1135554 0.9985330104827881 -0.022518370300531387 0.04924311116337776 0.0389392226934433 0.0026566442102193832 0.9287025928497314 0.37081587314605713 0.09651491045951843 -0.05408237874507904 -0.37014099955558777 0.9273998737335205 -0.035558704286813736
1403636587.1635556 0.9986607432365417 -0.019387291744351387 0.04796785116195679 0.042192816734313965 -4.205293953418732e-05 0.9268321394920349 0.3754756450653076 0.0957196056842804 -0.05173761397600174 -0.37497472763061523 0.9255900382995605 -0.0329461395740509
1403636587.2135556 0.9987227916717529 -0.01835044100880623 0.047076188027858734 0.04581564664840698 -0.000807030126452446 0.9258042573928833 0.37800249457359314 0.09502395242452621 -0.05051985755562782 -0.3775576651096344 0.9246068000793457 -0.03028755821287632
1403636587.2635555 0.9986750483512878 -0.01997518539428711 0.04742489382624626 0.051802974194288254 0.000477413646876812 0.9251447319984436 0.37961408495903015 0.09457657486200333 -0.051457762718200684 -0.37908846139907837 0.9239284992218018 -0.02720816433429718
1403636587.3135555 0.9985952973365784 -0.022509537637233734 0.0479644313454628 0.05949150398373604 0.002533439313992858 0.9245185852050781 0.3811284601688385 0.0940338596701622 -0.05292303487658501 -0.3804715871810913 0.9232770204544067 -0.023905038833618164
