1403636580.0635555 0.9999988675117493 -0.0014493399066850543 0.00037727621383965015 -0.00017546552408020943 0.0014466728316619992 0.9999745488166809 0.006975921336561441 0.006643251515924931 -0.00038737739669159055 -0.00697536813095212 0.9999755620956421 0.0021827358286827803
1403636580.1135554 0.9999837875366211 -0.0056738825514912605 -0.000484925985801965 -0.0003804633452091366 0.005679207853972912 0.9999142289161682 0.011796960607171059 0.013645866885781288 0.00041794939897954464 -0.0117995236068964 0.9999303221702576 0.004506335128098726
1403636580.1635556 0.9999662041664124 -0.008108844980597496 -0.0013390900567173958 -0.0007134334882721305 0.00812532752752304 0.999885082244873 0.012799413874745369 0.024454889819025993 0.0012351478217169642 -0.012809863314032555 0.999917209148407 0.007527491543442011
1403636580.2135556 0.9999688267707825 -0.007680101320147514 -0.0018058796413242817 -0.0008816891931928694 0.00771371042355895 0.9997819066047668 0.019405478611588478 0.02727103792130947 0.0016564509132876992 -0.019418805837631226 0.9998100399971008 0.008450789377093315
1403636580.2635555 0.9999722242355347 -0.007026241160929203 -0.0024419024121016264 -0.0010320802684873343 0.007084434386342764 0.9996697306632996 0.024701274931430817 0.03184913471341133 0.0022675390355288982 -0.024717897176742554 0.9996918439865112 0.009819051250815392
1403636580.3135555 0.9999939203262329 -0.0025989608839154243 -0.002302230568602681 -0.001244587474502623 0.002672122325748205 0.9994723796844482 0.032366640865802765 0.03730329871177673 0.0022168969735503197 -0.0323726050555706 0.9994733929634094 0.011215601116418839
1403636580.3635557 0.9999926090240479 0.0006853124359622598 -0.0037776841782033443 -0.0013072323054075241 -0.0005095908418297768 0.9989264011383057 0.04632190614938736 0.035943299531936646 0.0038053737953305244 -0.046319637447595596 0.9989193677902222 0.01036817766726017
1403636580.4135554 0.999989926815033 0.0021317685022950172 -0.003948223777115345 -0.001480887527577579 -0.001890450483188033 0.9981876611709595 0.06014705076813698 0.040322963148355484 0.00406928826123476 -0.06013897806406021 0.9981816411018372 0.011185148730874062
1403636580.4635556 0.999984085559845 0.0036264227237552404 -0.00433423463255167 -0.0018059670692309737 -0.0032807369716465473 0.9970054030418396 0.07726360857486725 0.04395267739892006 0.00460144504904747 -0.07724814116954803 0.9970012903213501 0.011693906970322132
1403636580.5135555 0.9999796748161316 0.004612000193446875 -0.0043861037120223045 -0.0019834176637232304 -0.004175875801593065 0.9954955577850342 0.09471625834703445 0.044668059796094894 0.004803177434951067 -0.0946960374712944 0.9954946637153625 0.01179654523730278
1403636580.5635555 0.9999695420265198 0.0018300848314538598 -0.007579379715025425 -0.00210528913885355 -0.0010031112469732761 0.9941821098327637 0.10770763456821442 0.04435690864920616 0.007732396945357323 -0.1076967641711235 0.9941537976264954 0.011546061374247074
1403636580.6135554 0.9999411702156067 0.0015002959407866001 -0.010745036415755749 -0.002259130822494626 -0.0002781384391710162 0.9936118125915527 0.11285126954317093 0.04143083840608597 0.01084570586681366 -0.1128416433930397 0.9935537576675415 0.010314183309674263
1403636580.6635556 0.9999326467514038 0.0001190022740047425 -0.01160392351448536 -0.002450179308652878 0.001171756535768509 0.9938013553619385 0.11116430163383484 0.036050569266080856 0.01154522318392992 -0.11117042601108551 0.9937342405319214 0.008648418821394444
1403636580.7135556 0.9999517798423767 0.00599502120167017 -0.007769279181957245 -0.0026843780651688576 -0.005159115418791771 0.9946191310882568 0.10347097367048264 0.030928580090403557 0.008347783237695694 -0.10342590510845184 0.9946021437644958 0.007115292362868786
1403636580.7635555 0.9999356865882874 0.010894364677369595 -0.0031308247707784176 -0.002740551484748721 -0.010554345324635506 0.9955716729164124 0.09341145306825638 0.02211770787835121 0.004134617745876312 -0.0933723971247673 0.9956226944923401 0.00482951058074832
1403636580.8135555 0.9998353123664856 0.01758616417646408 0.004470428917557001 -0.0031820470467209816 -0.01788065768778324 0.9968118071556091 0.0777592808008194 0.019847579300403595 -0.0030886889435350895 -0.07782640308141708 0.9969621896743774 0.004245724529027939
1403636580.8635557 0.9996030330657959 0.024021754041314125 0.014715643599629402 -0.0031424781773239374 -0.024896638467907906 0.997735857963562 0.06247711926698685 0.0090904226526618 -0.013181516900658607 -0.06281869113445282 0.9979379773139954 0.0017280327156186104
1403636580.9135554 0.9992331266403198 0.029934199526906013 0.02524254098534584 -0.00302470987662673 -0.031111473217606544 0.9983811974525452 0.0476129986345768 -0.0013054420705884695 -0.023776423186063766 -0.04836181551218033 0.998546838760376 -0.0007427534437738359
1403636580.9635556 0.9989673495292664 0.03409162908792496 0.030038192868232727 -0.003614448243752122 -0.0350654311478138 0.9988560080528259 0.03251126408576965 -0.012352941557765007 -0.02889547497034073 -0.033530984073877335 0.999019980430603 -0.003413293743506074
1403636581.0135555 0.9988730549812317 0.03658115118741989 0.030237890779972076 -0.003906698431819677 -0.03717830404639244 0.9991196990013123 0.01942794770002365 -0.021469706669449806 -0.029500573873519897 -0.02053024433553219 0.9993540644645691 -0.006093321368098259
1403636581.0635555 0.9990072250366211 0.03440361097455025 0.02829720824956894 -0.004309235140681267 -0.034610796719789505 0.9993772506713867 0.006864799186587334 -0.03141054883599281 -0.028043413534760475 -0.007837371900677681 0.9995760321617126 -0.008569234050810337
1403636581.1135554 0.9990306496620178 0.03320327401161194 0.028904186561703682 -0.004379516467452049 -0.03302442654967308 0.9994324445724487 -0.006643230095505714 -0.03889330103993416 -0.029108362272381783 0.005682244431227446 0.9995600581169128 -0.01091908011585474
1403636581.1635556 0.999198853969574 0.027036074548959732 0.029508285224437714 -0.00448487838730216 -0.026405315846204758 0.9994188547134399 -0.021559882909059525 -0.047472693026065826 -0.03007403202354908 0.02076343260705471 0.9993318915367126 -0.01332747284322977
1403636581.2135556 0.9992814660072327 0.02337794378399849 0.02983628772199154 -0.004196121357381344 -0.02222924679517746 0.9990201592445374 -0.03826770931482315 -0.053248871117830276 -0.03070168010890484 0.03757696971297264 0.9988219738006592 -0.014549970626831055
1403636581.2635555 0.9993295669555664 0.01985985040664673 0.030756359919905663 -0.004324754700064659 -0.018104450777173042 0.9982476830482483 -0.056337449699640274 -0.05642466992139816 -0.03182131052017212 0.05574286729097366 0.9979379773139954 -0.015569551847875118
1403636581.3135555 0.9993471503257751 0.021069450303912163 0.029348203912377357 -0.0035722036845982075 -0.018936121836304665 0.9972850680351257 -0.07116220146417618 -0.06056957691907883 -0.03076787106692791 0.07056000083684921 0.9970329999923706 -0.016988664865493774
1403636581.3635557 0.9992984533309937 0.021218953654170036 0.03086107037961483 -0.0037987546529620886 -0.01864824816584587 0.9965130686759949 -0.08132579922676086 -0.06292269378900528 -0.03247910365462303 0.08069325238466263 0.9962096214294434 -0.018290700390934944
1403636581.4135554 0.9990554451942444 0.026434484869241714 0.03449000418186188 -0.0033154019620269537 -0.023463614284992218 0.9962006211280823 -0.08386774361133575 -0.06283962726593018 -0.036575958132743835 0.08297926932573318 0.9958798289299011 -0.018651366233825684
1403636581.4635556 0.9987773895263672 0.03234558552503586 0.037385329604148865 -0.0032049594447016716 -0.029298581182956696 0.9964154958724976 -0.07935941219329834 -0.06029035523533821 -0.03981824219226837 0.07816703617572784 0.996144711971283 -0.01822541654109955
1403636581.5135555 0.9984666109085083 0.03790762275457382 0.040342215448617935 -0.0030914368107914925 -0.03505552187561989 0.9969866871833801 -0.06919878721237183 -0.055959880352020264 -0.042843807488679886 0.06767845153808594 0.996786892414093 -0.017507430166006088
1403636581.5635555 0.9984903335571289 0.03542599827051163 0.04197578504681587 -0.002755459165200591 -0.033015355467796326 0.9978398680686951 -0.056793712079524994 -0.05006253346800804 -0.04389708489179611 0.05532212555408478 0.9975031614303589 -0.015191919170320034
1403636581.6135554 0.998646080493927 0.032847411930561066 0.04033774510025978 -0.00244878139346838 -0.031066112220287323 0.998547375202179 -0.04401955008506775 -0.042838241904973984 -0.041725076735019684 0.04270680993795395 0.9982160329818726 -0.013212003745138645
1403636581.6635556 0.9988783001899719 0.02717714011669159 0.03877808526158333 -0.0019410793902352452 -0.025876088067889214 0.9990980625152588 -0.033667538315057755 -0.037216223776340485 -0.03965809568762779 0.03262633830308914 0.9986804723739624 -0.011119043454527855
1403636581.7135556 0.9988523125648499 0.030243050307035446 0.0371415913105011 -0.000943440361879766 -0.029272010549902916 0.9992223381996155 -0.02641562931239605 -0.029292872175574303 -0.03791159391403198 0.025298098102211952 0.9989608526229858 -0.008678987622261047
1403636581.7635555 0.9990551471710205 0.026700498536229134 0.034294068813323975 -0.00043260661186650395 -0.025904951617121696 0.9993896484375 -0.02343623712658882 -0.02073153294622898 -0.034898899495601654 0.02252570167183876 0.9991368651390076 -0.005761578679084778
1403636581.8135555 0.9992483258247375 0.026410290971398354 0.02837473712861538 -9.122358460444957e-05 -0.025829365476965904 0.9994531273841858 -0.020648619160056114 -0.011926982551813126 -0.028904549777507782 0.019900206476449966 0.9993841648101807 -0.003338505746796727
1403636581.8635557 0.9993341565132141 0.025425389409065247 0.02616754360496998 0.0001715720718493685 -0.02500784955918789 0.9995565414428711 -0.016161944717168808 -0.002631142968311906 -0.026566864922642708 0.01549678947776556 0.9995269179344177 -0.0007864732760936022
1403636581.9135554 0.999518096446991 0.021037882193922997 0.022823629900813103 0.0002460376126691699 -0.02088402584195137 0.9997576475143433 -0.00695862527936697 0.006158479023724794 -0.02296449802815914 0.006478622555732727 0.999715268611908 0.001600623712874949
1403636581.9635556 0.9994654059410095 0.01836513541638851 0.027047989889979362 0.00029286614153534174 -0.018545445054769516 0.9998072981834412 0.006430493202060461 0.013896627351641655 -0.026924682781100273 -0.0069286716170609 0.9996134638786316 0.0037910372484475374
1403636582.0135555 0.9994072914123535 0.0151192182675004 0.030927730724215508 0.00036224129144102335 -0.015810692682862282 0.9996275901794434 0.022236771881580353 0.021822724491357803 -0.03058001399040222 -0.022712578997015953 0.9992742538452148 0.006014320068061352
1403636582.0635555 0.9992621541023254 0.016356034204363823 0.03474902734160423 0.00027543550822883844 -0.0177420936524868 0.9990437030792236 0.039961062371730804 0.026942161843180656 -0.03406218811869621 -0.04054809361696243 0.9985968470573425 0.007462325971573591
1403636582.1135554 0.9992648959159851 0.017604459077119827 0.03405442461371422 9.41924809012562e-05 -0.019521618261933327 0.99819415807724 0.056808993220329285 0.03275677561759949 -0.03299283981323242 -0.05743202939629555 0.9978041052818298 0.008790387772023678
1403636582.1635556 0.9993815422058105 0.01682395115494728 0.030881352722644806 -0.0002677433076314628 -0.01899765618145466 0.9972595572471619 0.0715012326836586 0.03643764555454254 -0.02959379181265831 -0.07204367965459824 0.9969624280929565 0.009469128213822842
1403636582.2135556 0.9994497895240784 0.01819271594285965 0.027736784890294075 -0.0007331109372898936 -0.020430075004696846 0.9963701367378235 0.08263948559761047 0.0386703796684742 -0.02613266184926033 -0.08316066861152649 0.9961934685707092 0.009754901751875877
1403636582.2635555 0.9995037317276001 0.018421795219182968 0.025554334744811058 -0.0010475516319274902 -0.020646635442972183 0.99575275182724 0.0897238627076149 0.038512568920850754 -0.023792920634150505 -0.09020693600177765 0.9956388473510742 0.009673252701759338
1403636582.3135555 0.9995657801628113 0.01876201666891575 0.02272404171526432 -0.0014524668222293258 -0.020777810364961624 0.9955431818962097 0.0919901579618454 0.036016516387462616 -0.02089684084057808 -0.09242234379053116 0.9955006241798401 0.008993223309516907
1403636582.3635557 0.9996435642242432 0.017119016498327255 0.020494570955634117 -0.002002118621021509 -0.018847636878490448 0.9959986209869385 0.08735962957143784 0.031159885227680206 -0.01891704648733139 -0.08771475404500961 0.9959660768508911 0.007562545593827963
1403636582.4135554 0.9996612071990967 0.01696435734629631 0.019744757562875748 -0.0026081930845975876 -0.018403464928269386 0.9970027804374695 0.07514481246471405 0.0251392163336277 -0.01841079816222191 -0.07548271119594574 0.9969771504402161 0.005847735796123743
1403636582.4635556 0.9996643662452698 0.01636064425110817 0.020084721967577934 -0.0031492901034653187 -0.017533795908093452 0.9980626106262207 0.05969536304473877 0.01770019717514515 -0.01906915009021759 -0.06002748757600784 0.9980145692825317 0.0036887675523757935
1403636582.5135555 0.9995697736740112 0.019182970747351646 0.022184249013662338 -0.00329744559712708 -0.0201821681112051 0.998749852180481 0.045730508863925934 0.011615095660090446 -0.021279267966747284 -0.046158567070961 0.9987074136734009 0.00216372637078166
1403636582.5635555 0.9994560480117798 0.020395902916789055 0.0259114820510149 -0.0033981651067733765 -0.021318601444363594 0.9991299510002136 0.035847168415784836 0.0033929517958313227 -0.02515779808163643 -0.036380067467689514 0.9990213513374329 -0.0002897839876823127
1403636582.6135554 0.999198317527771 0.024627087637782097 0.03155984356999397 -0.0033671366982162 -0.02557150460779667 0.9992263913154602 0.029878895729780197 -0.0051384116522967815 -0.03079959750175476 -0.030661974102258682 0.9990552067756653 -0.0027253851294517517
1403636582.6635556 0.9989935755729675 0.02517440915107727 0.03712257742881775 -0.003452030010521412 -0.026125935837626457 0.9993366599082947 0.02537361904978752 -0.014025368727743626 -0.036459192633628845 -0.02631795033812523 0.9989885687828064 -0.005388614721596241
1403636582.7135556 0.9989303946495056 0.023827411234378815 0.03963029012084007 -0.003209251444786787 -0.024634692817926407 0.9994962811470032 0.020008131861686707 -0.020238032564520836 -0.03913357853889465 -0.020963013172149658 0.9990140795707703 -0.00726815452799201
1403636582.7635555 0.9988607168197632 0.019915105774998665 0.04336605966091156 -0.0027911351062357426 -0.0205256175249815 0.9996957778930664 0.013678587973117828 -0.028979234397411346 -0.04308044910430908 -0.014553120359778404 0.9989656805992126 -0.009747020900249481
1403636582.8135555 0.9986041188240051 0.015608923509716988 0.050463125109672546 -0.002616715617477894 -0.015848560258746147 0.9998648166656494 0.004352041985839605 -0.03696998208761215 -0.05038838088512421 -0.005145734176039696 0.9987164735794067 -0.01177096739411354
1403636582.8635557 0.9981988668441772 0.01066989079117775 0.05903669074177742 -0.0018153137061744928 -0.010181693360209465 0.999911367893219 -0.008564058691263199 -0.045830920338630676 -0.05912284180521965 0.007947539910674095 0.9982190728187561 -0.01401106920093298
1403636582.9135554 0.9978404641151428 0.005792330950498581 0.06542757153511047 -0.0016131713055074215 -0.004153032787144184 0.9996746778488159 -0.025163432583212852 -0.04905083030462265 -0.06555205583572388 0.024837370961904526 0.9975399971008301 -0.014954403974115849
1403636582.9635556 0.9976266622543335 0.005610925145447254 0.06862621009349823 -0.0009003495215438306 -0.0027353959158062935 0.9991170763969421 -0.04192372411489487 -0.05598761886358261 -0.06880085915327072 0.04163650423288345 0.9967612028121948 -0.016673779115080833
1403636583.0135555 0.9974002838134766 0.005518542602658272 0.0718483179807663 -0.0005216886638663709 -0.0013122729724273086 0.9982889294624329 -0.05845978856086731 -0.061360783874988556 -0.07204800099134445 0.058213528245687485 0.9957008957862854 -0.01879347860813141
1403636583.0635555 0.9973496794700623 0.008680162951350212 0.0722372978925705 -0.0006063865148462355 -0.00365632027387619 0.9975828528404236 -0.06939008831977844 -0.06336229294538498 -0.0726650208234787 0.06894205510616302 0.9949707388877869 -0.019778547808527946
1403636583.1135554 0.9972044229507446 0.010525866411626339 0.07397554069757462 -0.0003476293059065938 -0.005015067756175995 0.9972240924835205 -0.07428942620754242 -0.06459153443574905 -0.07455215603113174 0.07371074706315994 0.9944891929626465 -0.01999557390809059
1403636583.1635556 0.9968730211257935 0.015013529919087887 0.07757958024740219 0.0002738578477874398 -0.009235909208655357 0.997192919254303 -0.0743025466799736 -0.06415728479623795 -0.07847735285758972 0.07335367053747177 0.9942134618759155 -0.020202521234750748
1403636583.2135556 0.9967166185379028 0.019083885475993156 0.07868658751249313 0.000253270729444921 -0.013384542427957058 0.9972907304763794 -0.07233237475156784 -0.061255645006895065 -0.07985379546880722 0.07104169577360153 0.9942717552185059 -0.01941276155412197
1403636583.2635555 0.9968144297599792 0.020735766738653183 0.07701267302036285 0.0006017952691763639 -0.015456756576895714 0.9975298047065735 -0.06852156668901443 -0.05695968121290207 -0.07824329286813736 0.06711290776729584 0.9946727156639099 -0.01764795370399952
1403636583.3135555 0.9969693422317505 0.020192043855786324 0.0751287043094635 0.0006040906882844865 -0.01534208469092846 0.9977944493293762 -0.0645815059542656 -0.05151324346661568 -0.0762670561671257 0.0632331445813179 0.9950803518295288 -0.015608030371367931
1403636583.3635557 0.9970346093177795 0.021589096635580063 0.07386311143636703 0.0008075250079855323 -0.017153561115264893 0.9980409145355225 -0.06016681715846062 -0.044796839356422424 -0.07501735538244247 0.058721382170915604 0.9954517483711243 -0.013391092419624329
1403636583.4135554 0.9973917007446289 0.01924031972885132 0.06956633925437927 0.0013100365176796913 -0.01538816187530756 0.9983406066894531 -0.05549180135130882 -0.03794409707188606 -0.07051859050989151 0.05427657440304756 0.99603271484375 -0.01068741176277399
1403636583.4635556 0.9976235628128052 0.02302401140332222 0.06493852287530899 0.0019114860333502293 -0.019832992926239967 0.9985840320587158 -0.04936279356479645 -0.029595261439681053 -0.06598309427499771 0.047957565635442734 0.9966676235198975 -0.00789144542068243
1403636583.5135555 0.99781334400177 0.023810792714357376 0.061657410115003586 0.0025779211428016424 -0.021185271441936493 0.9988552331924438 -0.042891524732112885 -0.0213313065469265 -0.06260810792446136 0.04149151220917702 0.9971753358840942 -0.005082671530544758
1403636583.5635555 0.9977593421936035 0.02732587419450283 0.06107053905725479 0.002933107316493988 -0.025234049186110497 0.9990769624710083 -0.03476528450846672 -0.012395219877362251 -0.061964161694049835 0.03314632922410965 0.9975278973579407 -0.002549615688621998
1403636583.6135554 0.9973778128623962 0.03042229637503624 0.06566491723060608 0.0034549604170024395 -0.029001720249652863 0.9993265271186829 -0.022479776293039322 -0.00855767261236906 -0.06630458682775497 0.02051643840968609 0.9975884556770325 -0.0009193787118420005
1403636583.6635556 0.9978288412094116 0.02687348984181881 0.06012819707393646 0.0035525127314031124 -0.026548950001597404 0.9996283054351807 -0.00619007833302021 0.00034877180587500334 -0.06027219817042351 0.004580294713377953 0.9981714487075806 0.0017537085805088282
1403636583.7135556 0.9982191920280457 0.018286336213350296 0.05678088963031769 0.0033194804564118385 -0.019184967502951622 0.9996985197067261 0.015321697108447552 0.007820178754627705 -0.05648360401391983 -0.01638375222682953 0.9982690811157227 0.0038203555159270763
1403636583.7635555 0.9985629916191101 0.010100157931447029 0.05262905731797218 0.00334926531650126 -0.012120252475142479 0.9991963505744934 0.03820698335766792 0.015302581712603569 -0.05220086872577667 -0.038789961487054825 0.9978829026222229 0.00571860559284687
1403636583.8135555 0.9986559152603149 0.00516700092703104 0.051571063697338104 0.0035076416097581387 -0.008196274749934673 0.9982419013977051 0.05870233476161957 0.022330349311232567 -0.051177073270082474 -0.059046126902103424 0.9969426393508911 0.007756299339234829
1403636583.8635557 0.9986832737922668 0.0036764107644557953 0.05116505175828934 0.003784467000514269 -0.007473059929907322 0.9972144961357117 0.07421182841062546 0.028063861653208733 -0.05074969306588173 -0.07449647039175034 0.9959290623664856 0.009324930608272552
1403636583.9135554 0.9985818862915039 0.009904103353619576 0.05230625718832016 0.0039496468380093575 -0.014305932447314262 0.9963238835334778 0.08446312695741653 0.03355557098984718 -0.051277440041303635 -0.08509163558483124 0.9950528144836426 0.010614524595439434
1403636583.9635556 0.9986510872840881 0.0157454926520586 0.049476686865091324 0.003922190982848406 -0.020190749317407608 0.9956761598587036 0.09067099541425705 0.03797842562198639 -0.047835104167461395 -0.0915476530790329 0.9946510791778564 0.01147393323481083
1403636584.0135555 0.9988062977790833 0.019807249307632446 0.04464927688241005 0.003344691824167967 -0.023958077654242516 0.995242714881897 0.09443517029285431 0.03811076655983925 -0.04256635904312134 -0.0953921377658844 0.9945292472839355 0.011137895286083221
1403636584.0635555 0.9990323781967163 0.022646671161055565 0.03770247474312782 0.002894965000450611 -0.026115600019693375 0.995209276676178 0.09421532601118088 0.03947064280509949 -0.03538817912340164 -0.095108762383461 0.9948377013206482 0.010829885490238667
1403636584.1135554 0.9992642402648926 0.022077668458223343 0.03136304020881653 0.0025721213314682245 -0.024943746626377106 0.9952459931373596 0.09414520859718323 0.03878991678357124 -0.029135432094335556 -0.09485825151205063 0.9950643181800842 0.010552795603871346
1403636584.1635556 0.9993536472320557 0.02291642315685749 0.027699049562215805 0.0021656567696481943 -0.02544439397752285 0.9951848387718201 0.0946556031703949 0.036300353705883026 -0.025396505370736122 -0.09529919177293777 0.9951245784759521 0.009733913466334343
1403636584.2135556 0.9993687868118286 0.024110015481710434 0.02609292045235634 0.001981929410248995 -0.026470137760043144 0.9951968193054199 0.0942484587430954 0.03200563043355942 -0.023695260286331177 -0.0948796346783638 0.9952067136764526 0.008603071793913841
1403636584.2635555 0.9994003176689148 0.0238124281167984 0.025135913863778114 0.0019809845834970474 -0.025999367237091064 0.9955477118492126 0.09060224145650864 0.029027048498392105 -0.02286653220653534 -0.09120143204927444 0.9955699443817139 0.00789268035441637
1403636584.3135555 0.9993388652801514 0.025299182161688805 0.02610866166651249 0.0015316642820835114 -0.027476666495203972 0.9958534836769104 0.08672298491001129 0.02110588178038597 -0.023806380107998848 -0.08738303184509277 0.9958902597427368 0.00581369549036026
1403636584.3635557 0.9991839528083801 0.02841237373650074 0.028705811128020287 0.001383799477480352 -0.030719781294465065 0.9960402846336365 0.08342734724283218 0.013485218398272991 -0.026221774518489838 -0.0842410996556282 0.9961002469062805 0.004025294911116362
1403636584.4135554 0.998787522315979 0.03337886929512024 0.036182332783937454 0.0017204219475388527 -0.03612126410007477 0.9962989687919617 0.07799744606018066 0.007687330711632967 -0.033444955945014954 -0.07920984923839569 0.9962968230247498 0.002820870140567422
1403636584.4635556 0.9983230829238892 0.038818199187517166 0.042944349348545074 0.0015648248372599483 -0.041829366236925125 0.9965561032295227 0.07159747928380966 -0.0017365259118378162 -0.04001718759536743 -0.07327376306056976 0.9965086579322815 0.0006358618848025799
1403636584.5135555 0.9980922341346741 0.04046361520886421 0.04663385823369026 0.0015161019982770085 -0.04330414533615112 0.9971609115600586 0.061603207141160965 -0.010992975905537605 -0.044008780270814896 -0.06350512057542801 0.9970106482505798 -0.0014690713724121451
1403636584.5635555 0.9979652166366577 0.039595551788806915 0.04997660964727402 0.001609455212019384 -0.0420016311109066 0.9979615211486816 0.04804908484220505 -0.01983519271016121 -0.04797220230102539 -0.050050415098667145 0.9975939393043518 -0.0032224501483142376
1403636584.6135554 0.9977728128433228 0.03784032538533211 0.054932188242673874 0.0015134308487176895 -0.039533983916044235 0.9987654685974121 0.030079443007707596 -0.02797599881887436 -0.05372615158557892 -0.03218413144350052 0.9980368614196777 -0.005046222824603319
1403636584.6635556 0.9974158406257629 0.036016855388879776 0.06216559559106827 0.0013394042616710067 -0.03665363788604736 0.9992863535881042 0.009133230894804 -0.03690853714942932 -0.0617922767996788 -0.011388218030333519 0.9980241060256958 -0.007154928985983133
1403636584.7135556 0.9970242381095886 0.03595061972737312 0.06819285452365875 0.0012670530704781413 -0.03517025336623192 0.9993018507957458 -0.012610163539648056 -0.04528333619236946 -0.06859859079122543 0.010174266993999481 0.9975924491882324 -0.009115952998399734
1403636584.7635555 0.9964975714683533 0.03517178073525429 0.0758659765124321 0.0009685872355476022 -0.03278229385614395 0.9989336133003235 -0.03251509740948677 -0.05032794177532196 -0.07692869007587433 0.029914159327745438 0.9965876936912537 -0.010808837600052357
1403636584.8135555 0.9962481260299683 0.03561389073729515 0.07887569814920425 0.0009483753237873316 -0.03183085471391678 0.9983056783676147 -0.04871094226837158 -0.057030364871025085 -0.08047682791948318 0.046017490327358246 0.9956936836242676 -0.013016313314437866
1403636584.8635557 0.9962517023086548 0.031192321330308914 0.08068186789751053 0.0006455386173911393 -0.026202784851193428 0.9977210760116577 -0.06217825785279274 -0.06250495463609695 -0.08243747800588608 0.05983108654618263 0.9947986602783203 -0.015089549124240875
1403636584.9135554 0.996414840221405 0.028202733024954796 0.07976340502500534 0.0001308899954892695 -0.02249968983232975 0.9971856474876404 -0.07151573896408081 -0.066766656935215 -0.08155588805675507 0.06946468353271484 0.9942452311515808 -0.01694992557168007
1403636584.9635556 0.9964240193367004 0.022293418645858765 0.08149870485067368 6.145925726741552e-05 -0.016087494790554047 0.9969759583473206 -0.07602622359991074 -0.06953239440917969 -0.08294714242219925 0.0744432583451271 0.993769645690918 -0.018032623454928398
1403636585.0135555 0.9961479306221008 0.019517594948410988 0.08548843115568161 -0.0002782343653962016 -0.013054254464805126 0.9970586895942688 -0.0755215436220169 -0.07040796428918839 -0.08671099692583084 0.07411465048789978 0.9934727549552917 -0.018395431339740753
1403636585.0635555 0.9959496259689331 0.016501031816005707 0.08838605880737305 -0.00020114949438720942 -0.010119025595486164 0.9973407983779907 -0.07217329740524292 -0.06872821599245071 -0.08934195339679718 0.07098658382892609 0.9934681057929993 -0.01780451275408268
1403636585.1135554 0.9959477782249451 0.01532377302646637 0.08861791342496872 0.00014076102524995804 -0.009340055286884308 0.9976723790168762 -0.06754724681377411 -0.06635323166847229 -0.08944671601057053 0.06644583493471146 0.9937726855278015 -0.016705645248293877
1403636585.1635556 0.9954491257667542 0.01455970760434866 0.0941750630736351 3.584206569939852e-05 -0.00874135922640562 0.9980438947677612 -0.06190228834748268 -0.06351929903030396 -0.09489213675260544 0.06079735606908798 0.9936293363571167 -0.015083917416632175
1403636585.2135556 0.9949373602867126 0.015569359995424747 0.09928534924983978 0.0007407551165670156 -0.010045547969639301 0.9983860850334167 -0.055894892662763596 -0.058289963752031326 -0.09999535977840424 0.05461454018950462 0.9934879541397095 -0.013166047632694244
1403636585.2635555 0.9941522479057312 0.021898778155446053 0.10574442893266678 0.001265383674763143 -0.016734706237912178 0.998634934425354 -0.04947818070650101 -0.05263051018118858 -0.10668358206748962 0.0474192351102829 0.993161678314209 -0.010935010388493538
1403636585.3135555 0.9935199618339539 0.027425097301602364 0.11029926687479019 0.002064713044092059 -0.022685181349515915 0.9987738132476807 -0.04400109499692917 -0.046671025454998016 -0.1113707572221756 0.041213806718587875 0.9929239749908447 -0.008953745476901531
1403636585.3635557 0.9929243922233582 0.03557134419679642 0.11329515278339386 0.002657244447618723 -0.03141871839761734 0.9987748265266418 -0.03823073208332062 -0.04060807824134827 -0.11451627314090729 0.03440064191818237 0.9928255677223206 -0.0061156549490988255
1403636585.4135554 0.992701530456543 0.03948543220758438 0.11394932866096497 0.0033117267303168774 -0.03618323430418968 0.9988671541213989 -0.030904587358236313 -0.034806206822395325 -0.11504052579402924 0.026555970311164856 0.9930058121681213 -0.0037897706497460604
1403636585.4635556 0.9932469129562378 0.04273660480976105 0.1078619435429573 0.00391892995685339 -0.04062687233090401 0.9989391565322876 -0.02168288081884384 -0.028402626514434814 -0.10867415368556976 0.017154356464743614 0.9939295053482056 -0.001607915386557579
1403636585.5135555 0.9936930537223816 0.045008983463048935 0.10270518809556961 0.004290275741368532 -0.04411005228757858 0.9989660382270813 -0.011008255183696747 -0.02186109870672226 -0.10309448093175888 0.006408490240573883 0.9946509599685669 0.00020269106607884169
1403636585.5635555 0.994836688041687 0.04545021057128906 0.09074284881353378 0.004692696500569582 -0.04565490037202835 0.9989572763442993 0.000180071234353818 -0.017712725326418877 -0.09064003080129623 -0.004321995656937361 0.9958744049072266 0.00027536010020412505
1403636585.6135554 0.9959535002708435 0.0450943186879158 0.07773751765489578 0.004879079759120941 -0.04622703418135643 0.9988486170768738 0.012832632288336754 -0.012245716527104378 -0.07706931233406067 -0.01637428067624569 0.9968912601470947 0.0004713989910669625
1403636585.6635556 0.9970630407333374 0.04073529317975044 0.06485290825366974 0.00504599092528224 -0.04254687577486038 0.9987349510192871 0.026801519095897675 -0.007478202227503061 -0.06367909163236618 -0.02948208898305893 0.9975348711013794 0.0004457217874005437
1403636585.7135556 0.9979935884475708 0.035192862153053284 0.05263296514749527 0.004842412658035755 -0.037428613752126694 0.9984115362167358 0.042113643139600754 -0.004259740933775902 -0.05106725916266441 -0.043999116867780685 0.9977255463600159 -0.0002662808110471815
1403636585.7635555 0.9985889196395874 0.029075423255562782 0.04443853721022606 0.0048658340238034725 -0.03164130449295044 0.9978050589561462 0.05817146599292755 -0.0015418262919411063 -0.04264964163303375 -0.0594954714179039 0.9973170757293701 -0.0008983828010968864
1403636585.8135555 0.9991461634635925 0.021351275965571404 0.03536951169371605 0.0047189402393996716 -0.02393917553126812 0.9969382882118225 0.07443784922361374 0.0003889821527991444 -0.03367188572883606 -0.07522101700305939 0.9965982437133789 -0.0019236172083765268
1403636585.8635557 0.9995184540748596 0.014080315828323364 0.027652163058519363 0.004655975848436356 -0.016592830419540405 0.995542585849762 0.09284217655658722 0.0015778830274939537 -0.026221659034490585 -0.09325629472732544 0.9952967762947083 -0.003109145211055875
1403636585.9135554 0.9997154474258423 0.008079391904175282 0.022444356232881546 0.004467605613172054 -0.010533593595027924 0.9937113523483276 0.1114763543009758 0.002255658619105816 -0.021402547135949135 -0.11168105155229568 0.9935135245323181 -0.004261592868715525
1403636585.9635556 0.9997327327728271 0.0032983338460326195 0.022881798446178436 0.004378665704280138 -0.006313720252364874 0.9910972118377686 0.1329905092716217 0.0024805571883916855 -0.02223943918943405 -0.13309945166110992 0.9908531308174133 -0.005454732105135918
1403636586.0135555 0.9995682835578918 -0.00155382149387151 0.029340116307139397 0.004071760457009077 -0.0030789284501224756 0.987562894821167 0.15719422698020935 0.0022979043424129486 -0.029219457879662514 -0.15721668303012848 0.9871318936347961 -0.005860833451151848
1403636586.0635555 0.9990804195404053 -0.003929998725652695 0.04269658774137497 0.0041712322272360325 -0.0039014683570712805 0.9833272695541382 0.18180271983146667 0.0023161941207945347 -0.04269920289516449 -0.18180209398269653 0.9824077486991882 -0.006542638875544071
1403636586.1135554 0.998410701751709 -0.009181899949908257 0.05560377985239029 0.003869208972901106 -0.0023362026549875736 0.979047417640686 0.20361928641796112 0.002042530570179224 -0.05630835145711899 -0.2034255862236023 0.9774699211120605 -0.00717180548235774
1403636586.1635556 0.9977185726165771 -0.015209084376692772 0.0657750740647316 0.0033151046372950077 0.00019075535237789154 0.9749241471290588 0.22253693640232086 0.0016638071974739432 -0.06751029193401337 -0.22201667726039886 0.9727029800415039 -0.007944447919726372
1403636586.2135556 0.9973431825637817 -0.02052915282547474 0.06989475339651108 0.0026506464928388596 0.0031650597229599953 0.9707754850387573 0.23996871709823608 0.0012570188846439123 -0.07277844846248627 -0.23910990357398987 0.9682612419128418 -0.008956685662269592
1403636586.2635555 0.9972233176231384 -0.024623386561870575 0.07028047740459442 0.00217806501314044 0.0056653316132724285 0.9661025404930115 0.25809618830680847 0.0012006252072751522 -0.07425335049629211 -0.25698134303092957 0.9635595083236694 -0.010153371840715408
1403636586.3135555 0.9970161318778992 -0.030611921101808548 0.07086599618196487 0.0018672150326892734 0.009733964689075947 0.960538923740387 0.2779756784439087 0.0009708995930850506 -0.07657890766859055 -0.27645638585090637 0.9579705595970154 -0.011448360048234463
1403636586.3635557 0.9967764616012573 -0.03616270795464516 0.07161696255207062 0.001765178283676505 0.013256927020847797 0.9546231627464294 0.2975212335586548 0.001231484580785036 -0.07912638038396835 -0.29561275243759155 0.952025294303894 -0.012257358059287071
1403636586.4135554 0.9965432286262512 -0.04292680323123932 0.07112742960453033 0.0016507384134456515 0.018175514414906502 0.9480739235877991 0.31753015518188477 0.001376632135361433 -0.0810646265745163 -0.31513968110084534 0.9455769062042236 -0.013655902817845345
1403636586.4635556 0.9965562224388123 -0.04370211809873581 0.0704696848988533 0.0018366321455687284 0.01754084788262844 0.9417153000831604 0.3359532058238983 0.0017167623154819012 -0.08104424923658371 -0.33356016874313354 0.9392388463020325 -0.015195139683783054
1403636586.5135555 0.9966325759887695 -0.042502276599407196 0.07012272626161575 0.0021516315173357725 0.015173663385212421 0.9360030293464661 0.3516647517681122 0.0019895387813448906 -0.08058163523674011 -0.3494165241718292 0.9334959983825684 -0.01668773777782917
1403636586.5635555 0.996861457824707 -0.04098183661699295 0.0677342489361763 0.002574984449893236 0.013478527776896954 0.9309512376785278 0.36489465832710266 0.0017303861677646637 -0.07801133394241333 -0.36283645033836365 0.9285816550254822 -0.017673015594482422
1403636586.6135554 0.9970923066139221 -0.040430210530757904 0.06459464132785797 0.003399826819077134 0.013555890880525112 0.9282380938529968 0.37173962593078613 0.001491545233875513 -0.0749887004494667 -0.36978307366371155 0.9260870814323425 -0.01863858662545681
1403636586.6635556 0.9970534443855286 -0.04206797480583191 0.06414803117513657 0.004542181268334389 0.01516707893460989 0.92782062292099 0.37271830439567566 0.0009707133285701275 -0.07519735395908356 -0.3706470727920532 0.9257245659828186 -0.019178539514541626
1403636586.7135556 0.997165322303772 -0.041541021317243576 0.0627361387014389 0.005619085393846035 0.015515640377998352 0.9293861389160156 0.36878257989883423 0.0003059706650674343 -0.07362569868564606 -0.36676380038261414 0.9273961782455444 -0.019322026520967484
1403636586.7635555 0.9974323511123657 -0.04225704446434975 0.057821109890937805 0.006696176249533892 0.018556855618953705 0.9322922229766846 0.3612297475337982 -8.321041241288185e-05 -0.06917066127061844 -0.3592292368412018 0.9306824803352356 -0.0192246213555336
1403636586.8135555 0.9976531863212585 -0.04171036183834076 0.054300129413604736 0.007877981290221214 0.01984178088605404 0.9351257681846619 0.35376015305519104 -0.0006597475148737431 -0.06553290039300919 -0.3518524765968323 0.9337587356567383 -0.018973244354128838
1403636586.8635557 0.9978458881378174 -0.03932482376694679 0.05251011252403259 0.008748477324843407 0.018724290654063225 0.9378487467765808 0.3465387523174286 -0.0007959506474435329 -0.06287410855293274 -0.34480899572372437 0.9365648031234741 -0.01850758120417595
1403636586.9135554 0.9981293678283691 -0.03426037356257439 0.050636760890483856 0.009140110574662685 0.014934788458049297 0.9397785067558289 0.34145766496658325 -0.0009455657564103603 -0.05928580462932587 -0.34006267786026 0.9385321736335754 -0.017964648082852364
1403636586.9635556 0.9984437823295593 -0.03110365942120552 0.0462871752679348 0.008944439701735973 0.013750756159424782 0.9416969418525696 0.3361809551715851 -0.0007293601520359516 -0.05404495447874069 -0.33502131700515747 0.94065922498703 -0.01725739799439907
1403636587.0135555 0.9987900257110596 -0.02506328374147415 0.04231313243508339 0.009182620793581009 0.00949195958673954 0.9424578547477722 0.33418986201286316 -0.0009255730547010899 -0.04825424402952194 -0.3333838880062103 0.9415555000305176 -0.01658814772963524
1403636587.0635555 0.9989476799964905 -0.021845253184437752 0.04032711684703827 0.009339334443211555 0.007067286409437656 0.9420954585075378 0.3352700173854828 -0.0011519426479935646 -0.045316047966480255 -0.3346322178840637 0.9412586092948914 -0.015982098877429962
1403636587.1135554 0.9991000294685364 -0.017581067979335785 0.03859822452068329 0.00970966275781393 0.0034401065204292536 0.9406347870826721 0.33940306305885315 -0.0013921393547207117 -0.04227389395236969 -0.33896487951278687 0.939848780632019 -0.015491007827222347
1403636587.1635556 0.9991670250892639 -0.014483434148132801 0.03814682736992836 0.01044556125998497 0.0004434371367096901 0.938683271408081 0.34478050470352173 -0.0017042683903127909 -0.040801383554935455 -0.344476580619812 0.9379079341888428 -0.01477682776749134
1403636587.2135556 0.9992358088493347 -0.013368392363190651 0.03672792762517929 0.011384151875972748 -0.00021143769845366478 0.9378257989883423 0.34710630774497986 -0.0018358966335654259 -0.03908464312553406 -0.3468489944934845 0.9371063113212585 -0.014107907190918922
1403636587.2635555 0.9991952180862427 -0.015116795897483826 0.03715302795171738 0.012813443318009377 0.0011991881765425205 0.9371076226234436 0.3490385413169861 -0.0020663756877183914 -0.040092721581459045 -0.3487131595611572 0.9363716244697571 -0.013380475342273712
1403636587.3135555 0.9991074800491333 -0.017084937542676926 0.03863052651286125 0.014476967975497246 0.0024904327001422644 0.9367848634719849 0.3498968780040741 -0.0021745674312114716 -0.04216646030545235 -0.3494884669780731 0.9359913468360901 -0.012750708498060703
1403636587.3635557 0.9989665150642395 -0.019967973232269287 0.040830209851264954 0.01685427688062191 0.004358260426670313 0.9362708926200867 0.35125163197517395 -0.0024136044085025787 -0.045241910964250565 -0.35071074962615967 0.9353903532028198 -0.011811520904302597
1403636587.4135554 0.9988558292388916 -0.022376365959644318 0.04226479306817055 0.019590837880969048 0.0060365572571754456 0.9357057213783264 0.35272976756095886 -0.0027183103375136852 -0.04744020849466324 -0.3520711064338684 0.9347702264785767 -0.010954800993204117
1403636587.4635556 0.998726487159729 -0.026586638763546944 0.042878154665231705 0.022122260183095932 0.00964194443076849 0.9348007440567017 0.35504183173179626 -0.0030220006592571735 -0.04952188953757286 -0.35417628288269043 0.9338666796684265 -0.010597670450806618
1403636587.5135555 0.9985962510108948 -0.031198952347040176 0.04280328005552292 0.02584720402956009 0.01389781478792429 0.934135377407074 0.35664862394332886 -0.0031947745010256767 -0.051111117005348206 -0.35555315017700195 0.933257520198822 -0.009759961627423763
