1305031455.427642 0.9956754446029663 -0.0862245261669159 0.03457804396748543 -0.05587504059076309 0.0843692198395729 0.9950801134109497 0.051938675343990326 0.0039841304533183575 -0.038886308670043945 -0.04879675433039665 0.9980514049530029 0.007231364957988262
1305031455.459589 0.9934065937995911 -0.10622762888669968 0.043115053325891495 -0.07194296270608902 0.10345473885536194 0.9926919341087341 0.06212874501943588 -0.0029500629752874374 -0.04939974844455719 -0.05725865811109543 0.9971364140510559 0.007057349197566509
1305031455.491637 0.9902482628822327 -0.12944433093070984 0.05150259658694267 -0.08819906413555145 0.1260039508342743 0.98988276720047 0.06523063778877258 -0.002040307503193617 -0.05942528322339058 -0.058104999363422394 0.9965402483940125 0.008385514840483665
1305031455.52761 0.9853768348693848 -0.15850305557250977 0.06252427399158478 -0.10949509590864182 0.1536044031381607 0.9851556420326233 0.07664203643798828 -0.014319106936454773 -0.07374414801597595 -0.06591729074716568 0.9950963258743286 0.00797968078404665
1305031455.559669 0.9809567928314209 -0.18331247568130493 0.06418956071138382 -0.12816134095191956 0.17859672009944916 0.9812233448028564 0.07282815128564835 -0.017575165256857872 -0.07633458822965622 -0.059977225959300995 0.9952767491340637 0.008872619830071926
1305031455.591645 0.9758806824684143 -0.20977327227592468 0.06043383106589317 -0.1391095519065857 0.20575906336307526 0.9763450026512146 0.06643352657556534 -0.014814949594438076 -0.07294026762247086 -0.05239638313651085 0.9959589242935181 0.008941740728914738
1305031455.627617 0.9695095419883728 -0.23680780827999115 0.06303470581769943 -0.15427333116531372 0.23190844058990479 0.9697452187538147 0.0762401670217514 -0.027743937447667122 -0.07918187975883484 -0.05929727852344513 0.9950950145721436 0.010806497186422348
1305031455.659615 0.9658496975898743 -0.2478274405002594 0.07560333609580994 -0.177765890955925 0.24231389164924622 0.9672840237617493 0.07513747364282608 -0.04155714437365532 -0.09175101667642593 -0.0542517714202404 0.9943030476570129 0.00855138711631298
1305031455.691605 0.9661250710487366 -0.2438013255596161 0.0846366360783577 -0.1966312825679779 0.23853753507137299 0.9687702059745789 0.06770549714565277 -0.04550784081220627 -0.09850016236305237 -0.04522296041250229 0.9941089749336243 0.008139667101204395
1305031455.727628 0.9678899645805359 -0.23286348581314087 0.09467599540948868 -0.21397416293621063 0.22688539326190948 0.9714176654815674 0.06979115307331085 -0.05591801926493645 -0.10822173953056335 -0.04606955498456955 0.9930588006973267 0.006184278056025505
1305031455.759683 0.9680824279785156 -0.2260933667421341 0.10815741121768951 -0.23049555718898773 0.21935084462165833 0.9730748534202576 0.0707855299115181 -0.06255407631397247 -0.12124937772750854 -0.04480181261897087 0.991610586643219 0.005257055163383484
1305031455.791666 0.9666664004325867 -0.22682209312915802 0.11877670139074326 -0.24309676885604858 0.21930092573165894 0.9729121923446655 0.07313799858093262 -0.07663833349943161 -0.1321485936641693 -0.04465220868587494 0.9902238249778748 0.001191355288028717
1305031455.82759 0.9648541212081909 -0.22674021124839783 0.1328357607126236 -0.26515644788742065 0.21859045326709747 0.9730660915374756 0.07321365177631378 -0.08899639546871185 -0.14585846662521362 -0.04160388186573982 0.988430380821228 -0.005115173757076263
1305031455.859526 0.9650665521621704 -0.2230350226163864 0.13748426735401154 -0.27885979413986206 0.21454964578151703 0.9739123582839966 0.07391297817230225 -0.0975317507982254 -0.15038281679153442 -0.04183375835418701 0.9877423644065857 -0.008124511688947678
1305031455.891657 0.9635883569717407 -0.22453142702579498 0.14520077407360077 -0.2978181540966034 0.21479427814483643 0.9733952879905701 0.07978290319442749 -0.11315455287694931 -0.15925148129463196 -0.04568959400057793 0.9861801862716675 -0.014773696660995483
1305031455.927955 0.9628052711486816 -0.22379237413406372 0.15140430629253387 -0.3082532584667206 0.2128904163837433 0.9733760356903076 0.0849522277712822 -0.12355463951826096 -0.1663849651813507 -0.04955992102622986 0.9848146438598633 -0.017534028738737106
1305031455.959716 0.9623779654502869 -0.21898695826530457 0.16085213422775269 -0.3217296898365021 0.20757415890693665 0.9745340943336487 0.08483224362134933 -0.12795470654964447 -0.17533302307128906 -0.04825194180011749 0.9833259582519531 -0.021386053413152695
1305031455.991694 0.9620652794837952 -0.2161448895931244 0.16646957397460938 -0.32926270365715027 0.20322491228580475 0.9748671650886536 0.09128974378108978 -0.13349615037441254 -0.182017520070076 -0.05399591848254204 0.9818116426467896 -0.024178631603717804
1305031456.02777 0.9610368013381958 -0.20974354445934296 0.18004444241523743 -0.3423243761062622 0.1943027526140213 0.9758626818656921 0.09969118982553482 -0.1300095021724701 -0.196608304977417 -0.06082376837730408 0.978593647480011 -0.02551407366991043
1305031456.059713 0.9616212248802185 -0.2016332745552063 0.1860879808664322 -0.3528820872306824 0.1803368479013443 0.9756039381027222 0.12520147860050201 -0.14238552749156952 -0.20679299533367157 -0.08683785796165466 0.9745233654975891 -0.023100443184375763
1305031456.091707 0.9619150161743164 -0.1962435096502304 0.19028447568416595 -0.36280688643455505 0.1709548532962799 0.9750778079032898 0.1414131224155426 -0.1569046527147293 -0.21329358220100403 -0.10349735617637634 0.971490740776062 -0.023253798484802246
1305031456.127645 0.9589052796363831 -0.19687756896018982 0.2043033391237259 -0.38224536180496216 0.16699104011058807 0.9737635254859924 0.1545916646718979 -0.17716003954410553 -0.2293788194656372 -0.1141219437122345 0.9666237235069275 -0.02059798687696457
1305031456.159731 0.9570305943489075 -0.19907714426517487 0.210857093334198 -0.3841286599636078 0.1661912351846695 0.9723989367485046 0.16377101838588715 -0.19140003621578217 -0.23764029145240784 -0.1216912716627121 0.9637002944946289 -0.019879385828971863
1305031456.191658 0.9527575373649597 -0.2046118527650833 0.22447074949741364 -0.3853864073753357 0.17039915919303894 0.9718620181083679 0.16262894868850708 -0.20551683008670807 -0.2514304518699646 -0.116696298122406 0.9608145356178284 -0.01868581771850586
1305031456.227678 0.9460046291351318 -0.20660963654518127 0.24977532029151917 -0.39823174476623535 0.17162063717842102 0.9729270339012146 0.15478795766830444 -0.20252075791358948 -0.274993896484375 -0.10356354713439941 0.9558519721031189 -0.01687365025281906
1305031456.259614 0.939213216304779 -0.214335098862648 0.26821473240852356 -0.4013153910636902 0.1747356653213501 0.9708675742149353 0.16396179795265198 -0.2118012011051178 -0.2955437898635864 -0.10712841898202896 0.9493036270141602 -0.010147243738174438
1305031456.291675 0.9306255578994751 -0.22380998730659485 0.2895601689815521 -0.4068874418735504 0.18046972155570984 0.9689657092094421 0.16892661154270172 -0.2265540063381195 -0.31838133931159973 -0.10495059192180634 0.942135214805603 -0.005016908049583435
1305031456.327718 0.9197592735290527 -0.2337491810321808 0.3152843117713928 -0.41724762320518494 0.1874355971813202 0.9673813581466675 0.17041444778442383 -0.24067538976669312 -0.34483447670936584 -0.09764475375413895 0.933570921421051 0.0043478310108184814
1305031456.359846 0.9095332622528076 -0.24036966264247894 0.33907464146614075 -0.423911988735199 0.19595223665237427 0.9674400091171265 0.16019535064697266 -0.23343339562416077 -0.36654049158096313 -0.07926057279109955 0.9270198941230774 0.0068930983543396
1305031456.391619 0.8983282446861267 -0.2492048442363739 0.3618054986000061 -0.4271499812602997 0.1980949491262436 0.9648457169532776 0.17271694540977478 -0.2501654326915741 -0.39212843775749207 -0.08348467200994492 0.9161143898963928 0.020855486392974854
1305031456.427662 0.8830387592315674 -0.25535571575164795 0.3937459886074066 -0.44565245509147644 0.20645977556705475 0.9648327827453613 0.16270287334918976 -0.25101542472839355 -0.42144617438316345 -0.06238022819161415 0.9047054648399353 0.03613071143627167
1305031456.45961 0.8722278475761414 -0.26520445942878723 0.41095635294914246 -0.4650880694389343 0.21697992086410522 0.962836742401123 0.16082659363746643 -0.24645361304283142 -0.4383358359336853 -0.051108166575431824 0.897357165813446 0.04713882505893707
1305031456.491677 0.8683298826217651 -0.2811127007007599 0.40863052010536194 -0.4727461040019989 0.22830234467983246 0.9579397439956665 0.17386683821678162 -0.2504344880580902 -0.4403195381164551 -0.057682473212480545 0.8959863781929016 0.06216900050640106
1305031456.527641 0.8659808039665222 -0.29491013288497925 0.40386298298835754 -0.47809645533561707 0.23943671584129333 0.9535326361656189 0.1828809678554535 -0.2510944902896881 -0.4390300512313843 -0.061671774834394455 0.8963533043861389 0.07564179599285126
1305031456.559608 0.8630715012550354 -0.3068336844444275 0.401199072599411 -0.47838085889816284 0.24700096249580383 0.9492668509483337 0.19463546574115753 -0.26407942175865173 -0.4405657649040222 -0.06888777017593384 0.8950733542442322 0.089919313788414
1305031456.591651 0.8560698628425598 -0.316860169172287 0.4083433449268341 -0.48492947220802307 0.2600739598274231 0.9468177556991577 0.18946650624275208 -0.254717081785202 -0.44666117429733276 -0.05599707365036011 0.892949104309082 0.09847530722618103
1305031456.627612 0.8479936122894287 -0.33685436844825745 0.40918952226638794 -0.49231237173080444 0.2727874219417572 0.9393292665481567 0.20796026289463043 -0.2425621598958969 -0.45441603660583496 -0.06472720205783844 0.8884348273277283 0.10951879620552063
1305031456.659665 0.835713267326355 -0.36077436804771423 0.4140351712703705 -0.49881166219711304 0.27905842661857605 0.9283254146575928 0.24563877284526825 -0.265489786863327 -0.4729795753955841 -0.08974359184503555 0.8764909505844116 0.1394307017326355
1305031456.691612 0.8250563144683838 -0.3755275011062622 0.42220982909202576 -0.5061482787132263 0.2957457900047302 0.9236788749694824 0.24362243711948395 -0.267367422580719 -0.4814731478691101 -0.07613544911146164 0.87314772605896 0.1527314931154251
1305031456.727693 0.813483476638794 -0.3928496241569519 0.428851842880249 -0.5223696827888489 0.3129715025424957 0.9172071814537048 0.24653571844100952 -0.257348895072937 -0.49019742012023926 -0.0663343220949173 0.86908358335495 0.16337651014328003
1305031456.759615 0.8089747428894043 -0.41581034660339355 0.41552576422691345 -0.5263300538063049 0.3272530436515808 0.9057611227035522 0.2692624032497406 -0.28099262714385986 -0.488329142332077 -0.08184441924095154 0.8688130974769592 0.18567052483558655
1305031456.791649 0.8105384707450867 -0.42055416107177734 0.4076291024684906 -0.5321565866470337 0.3426203727722168 0.9049440026283264 0.25236421823501587 -0.27905404567718506 -0.4750142991542816 -0.06488890945911407 0.8775824308395386 0.19796480238437653
1305031456.827603 0.8072602152824402 -0.4299928843975067 0.4042733609676361 -0.5413240790367126 0.357972115278244 0.9013252854347229 0.24386195838451385 -0.2649399936199188 -0.4692407548427582 -0.05214153230190277 0.8815296292304993 0.21017198264598846
1305031456.859634 0.8010748624801636 -0.4483462870121002 0.39656612277030945 -0.5397846102714539 0.3720768988132477 0.8919644355773926 0.2568235397338867 -0.26541510224342346 -0.4688687026500702 -0.05818180739879608 0.881349503993988 0.22675389051437378
1305031456.891672 0.7943853735923767 -0.45933786034584045 0.3974427878856659 -0.5399482846260071 0.3785833716392517 0.8860983848571777 0.2674030661582947 -0.27365636825561523 -0.4750017523765564 -0.061955809593200684 0.8778011798858643 0.24151253700256348
1305031456.92769 0.7840840220451355 -0.46536245942115784 0.41067034006118774 -0.5464794635772705 0.3883240520954132 0.8839945197105408 0.2603040635585785 -0.270803302526474 -0.48416605591773987 -0.04462704434990883 0.8738372325897217 0.2516191899776459
1305031456.959667 0.7729007601737976 -0.4726344347000122 0.4233688712120056 -0.5604090690612793 0.39698755741119385 0.8806893825531006 0.25843217968940735 -0.25774940848350525 -0.49500033259391785 -0.03167026489973068 0.8683154582977295 0.26318931579589844
1305031456.991709 0.7657049298286438 -0.48427876830101013 0.4232848286628723 -0.5645147562026978 0.3965791165828705 0.8735895156860352 0.2820752263069153 -0.2664201557636261 -0.5063802003860474 -0.0481204092502594 0.8609665036201477 0.2782406210899353
1305031457.027648 0.7582067847251892 -0.4908837676048279 0.42913368344306946 -0.5723469257354736 0.40023377537727356 0.8699768781661987 0.288016140460968 -0.26927775144577026 -0.514718770980835 -0.04662194475531578 0.8560904264450073 0.2878166735172272
1305031457.059621 0.7475436329841614 -0.5008158087730408 0.43630507588386536 -0.5852025151252747 0.4092649221420288 0.8646660447120667 0.2912985384464264 -0.26178407669067383 -0.5231451392173767 -0.039193976670503616 0.8513417840003967 0.29423782229423523
1305031457.091655 0.7383448481559753 -0.5165548920631409 0.43361037969589233 -0.5895960330963135 0.41254857182502747 0.854544460773468 0.31552746891975403 -0.27085086703300476 -0.5335265398025513 -0.05408270284533501 0.8440523147583008 0.30251944065093994
1305031457.127632 0.7277197241783142 -0.5296698212623596 0.4357451796531677 -0.5921902656555176 0.4172039031982422 0.8461065292358398 0.3317297101020813 -0.2837642431259155 -0.5443940758705139 -0.059611715376377106 0.836708664894104 0.3094756305217743
1305031457.159693 0.7132299542427063 -0.5375133156776428 0.4498692452907562 -0.6042141318321228 0.42422229051589966 0.8419471979141235 0.3334072530269623 -0.2876994013786316 -0.5579769611358643 -0.0469515398144722 0.82852703332901 0.3143066167831421
1305031457.191735 0.699181079864502 -0.54459148645401 0.4632125794887543 -0.6186994910240173 0.4300776422023773 0.8379414677619934 0.3359871804714203 -0.2902905344963074 -0.5711207389831543 -0.0356985479593277 0.8200892806053162 0.3168148994445801
1305031457.227543 0.685206413269043 -0.5569002628326416 0.46941912174224854 -0.6299593448638916 0.43482232093811035 0.8298186659812927 0.3497578799724579 -0.2990211844444275 -0.5843129754066467 -0.03554249554872513 0.8107495903968811 0.3212960660457611
1305031457.259691 0.6727983951568604 -0.5676438212394714 0.47447091341018677 -0.6324734687805176 0.4424006938934326 0.8227181434631348 0.35695430636405945 -0.3148392140865326 -0.5929787158966064 -0.030252067372202873 0.8046494722366333 0.3226543366909027
1305031457.291656 0.6554059386253357 -0.5704301595687866 0.49502766132354736 -0.6487411260604858 0.4496193826198578 0.821311354637146 0.3511267304420471 -0.32215115427970886 -0.6068651080131531 -0.007556610275059938 0.7947689294815063 0.3233613967895508
1305031457.327548 0.6381254196166992 -0.5721928477287292 0.5151614546775818 -0.667463481426239 0.45218199491500854 0.8200682401657104 0.3507411777973175 -0.3240364193916321 -0.6231590509414673 0.009129837155342102 0.7820418477058411 0.3233151435852051
1305031457.359712 0.61856609582901 -0.5830360054969788 0.526730477809906 -0.6777422428131104 0.4537792503833771 0.8123511075973511 0.3662923574447632 -0.339985728263855 -0.6414516568183899 0.012443277053534985 0.7670625448226929 0.3242189288139343
1305031457.391684 0.5949638485908508 -0.5876119136810303 0.5483887195587158 -0.6937031745910645 0.4593292474746704 0.8084709048271179 0.3679558336734772 -0.3530120849609375 -0.6595715880393982 0.03297051414847374 0.7509183287620544 0.3260517716407776
1305031457.427641 0.5741341710090637 -0.5931688547134399 0.5643764138221741 -0.7146463990211487 0.4658118486404419 0.8035180568695068 0.37064534425735474 -0.36285874247550964 -0.6733418107032776 0.05009307712316513 0.7376322746276855 0.33235669136047363
1305031457.459614 0.5630397796630859 -0.5981534719467163 0.5702619552612305 -0.7302510738372803 0.47059282660484314 0.7992851138114929 0.3737453520298004 -0.3745153844356537 -0.6793588995933533 0.057927727699279785 0.7315161824226379 0.33497241139411926
1305031457.491705 0.5572382807731628 -0.6035292744636536 0.5702964663505554 -0.7382810711860657 0.475608766078949 0.7949737906455994 0.3765806257724762 -0.3893980383872986 -0.6806480884552002 0.06139291822910309 0.7300335764884949 0.33364349603652954
1305031457.527638 0.5499218702316284 -0.6047843098640442 0.5760397911071777 -0.7484204173088074 0.47918421030044556 0.7933468818664551 0.3754773437976837 -0.403431236743927 -0.6840820908546448 0.06954596191644669 0.7260819673538208 0.3305445611476898
1305031457.559685 0.5387584567070007 -0.6055386066436768 0.5857151746749878 -0.7632991671562195 0.48343226313591003 0.7915995121002197 0.37371566891670227 -0.41526007652282715 -0.6899511814117432 0.0818111002445221 0.719217836856842 0.32888203859329224
1305031457.591678 0.5273498892784119 -0.604719340801239 0.5968389511108398 -0.7810593843460083 0.4870879054069519 0.7907315492630005 0.3707950711250305 -0.42310410737991333 -0.6961663365364075 0.09517432004213333 0.7115435004234314 0.33119192719459534
1305031457.627526 0.5208009481430054 -0.61078941822052 0.5964081883430481 -0.7883949279785156 0.49074941873550415 0.7858633399009705 0.37627625465393066 -0.4404975175857544 -0.6985208988189697 0.09672193974256516 0.7090228199958801 0.3317694067955017
1305031457.659632 0.5104179382324219 -0.606178343296051 0.609935462474823 -0.811428964138031 0.4942343533039093 0.7872291207313538 0.3687852621078491 -0.4433329701423645 -0.7037087082862854 0.11321642994880676 0.7014100551605225 0.3372851312160492
1305031457.69157 0.5064287781715393 -0.6172580122947693 0.6020984053611755 -0.8199963569641113 0.49593308568000793 0.7797181606292725 0.3822172284126282 -0.45927026867866516 -0.7053936719894409 0.10503477603197098 0.7009904384613037 0.3403639793395996
1305031457.727669 0.5066097378730774 -0.6212943196296692 0.5977792739868164 -0.8214108347892761 0.49330905079841614 0.7775128483772278 0.3900255560874939 -0.4795357882976532 -0.707101583480835 0.09729919582605362 0.7003858089447021 0.3412429988384247
1305031457.759556 0.5051952600479126 -0.6176155209541321 0.6027677059173584 -0.8283174633979797 0.48959994316101074 0.7802861332893372 0.3891600966453552 -0.4954414367675781 -0.7106825113296509 0.09851323813199997 0.6965813040733337 0.3430941700935364
1305031457.791567 0.5023282766342163 -0.6133975982666016 0.6094338893890381 -0.824871838092804 0.4883590340614319 0.7828973531723022 0.3854573667049408 -0.5155816078186035 -0.7135627865791321 0.10399644821882248 0.6928295493125916 0.3391401469707489
1305031457.827699 0.48812630772590637 -0.5995763540267944 0.6342244744300842 -0.8464269638061523 0.4854157567024231 0.7904196381568909 0.37364181876182556 -0.5242491364479065 -0.7253304719924927 0.12547814846038818 0.6768686175346375 0.34172502160072327
1305031457.859623 0.4763045012950897 -0.5979737639427185 0.6446404457092285 -0.8535770177841187 0.48038139939308167 0.791027843952179 0.378825306892395 -0.5395821332931519 -0.7364562749862671 0.1292370706796646 0.6640256643295288 0.3452181816101074
1305031457.891593 0.4651615619659424 -0.5931709408760071 0.6570942997932434 -0.8540836572647095 0.4785175323486328 0.7929825186729431 0.3770938813686371 -0.5619663000106812 -0.7447455525398254 0.13902151584625244 0.6527076363563538 0.34957602620124817
1305031457.927633 0.44960927963256836 -0.5780053734779358 0.6810001134872437 -0.8734362125396729 0.48114222288131714 0.7990638613700867 0.36055395007133484 -0.5752952098846436 -0.7525647282600403 0.16554948687553406 0.6373693943023682 0.36277246475219727
1305031457.959632 0.44078922271728516 -0.5724836587905884 0.6913517713546753 -0.886642336845398 0.4854651689529419 0.7998917698860168 0.3528408408164978 -0.585070013999939 -0.7550022602081299 0.1800987422466278 0.6305046081542969 0.37489190697669983
1305031457.991644 0.4408419132232666 -0.5684754252433777 0.6946179270744324 -0.8865475654602051 0.4873526394367218 0.8014634251594543 0.34661760926246643 -0.598624050617218 -0.7537544965744019 0.185720294713974 0.6303667426109314 0.3784348964691162
1305031458.027845 0.43241384625434875 -0.5603176951408386 0.7064434885978699 -0.8885186910629272 0.48837512731552124 0.8041467666625977 0.3388770818710327 -0.6156061887741089 -0.7579630613327026 0.1984742432832718 0.621369481086731 0.3867802023887634
1305031458.059689 0.42379117012023926 -0.5459097027778625 0.7227610945701599 -0.903366208076477 0.495251327753067 0.8077738881111145 0.3197301924228668 -0.6086559891700745 -0.7583712935447693 0.22244954109191895 0.6126900911331177 0.39196252822875977
1305031458.09169 0.4105752110481262 -0.5473225116729736 0.7292913794517517 -0.911087155342102 0.4921535551548004 0.8063246011734009 0.32806307077407837 -0.6185369491577148 -0.7676019668579102 0.22422881424427032 0.6004236340522766 0.41377246379852295
1305031458.127605 0.40155479311943054 -0.5500441789627075 0.7322602868080139 -0.9120628833770752 0.4882008135318756 0.8050423264503479 0.33699679374694824 -0.6312751770019531 -0.7748637199401855 0.22216743230819702 0.5918005704879761 0.4322222173213959
1305031458.159638 0.39326947927474976 -0.5504622459411621 0.7364308834075928 -0.9144719243049622 0.489242821931839 0.8034457564353943 0.3392879366874695 -0.6437212228775024 -0.7784475088119507 0.22686201333999634 0.5852803587913513 0.44984227418899536
1305031458.191646 0.3875232934951782 -0.5529738068580627 0.737594485282898 -0.9241880178451538 0.4953573942184448 0.7996955513954163 0.33927595615386963 -0.6481375098228455 -0.7774617075920105 0.23389557003974915 0.5838202834129333 0.4665391147136688
1305031458.227611 0.3887636959552765 -0.5652942657470703 0.7275336980819702 -0.9256001710891724 0.4946114122867584 0.7942665815353394 0.35284584760665894 -0.6589178442955017 -0.7773174047470093 0.22267282009124756 0.5883830785751343 0.4859565794467926
1305031458.259934 0.3889780044555664 -0.5718568563461304 0.7222712635993958 -0.9154592752456665 0.48789605498313904 0.7929121851921082 0.36503100395202637 -0.6880495548248291 -0.781443178653717 0.21040430665016174 0.5874320864677429 0.5120929479598999
1305031458.291664 0.3916645646095276 -0.5607707500457764 0.7294758558273315 -0.9224516749382019 0.4895273447036743 0.7982944250106812 0.3508405089378357 -0.7024478912353516 -0.7790775299072266 0.21968652307987213 0.5871762633323669 0.5350968837738037
1305031458.327628 0.39694735407829285 -0.5589998364448547 0.727977991104126 -0.9224305152893066 0.49742284417152405 0.7975845336914062 0.34121763706207275 -0.7026809453964233 -0.7713645696640015 0.22666746377944946 0.5946583151817322 0.5557229518890381
1305031458.35959 0.3985908329486847 -0.5583685636520386 0.7275643348693848 -0.9115146994590759 0.505818784236908 0.79558265209198 0.3334600031375885 -0.7259163856506348 -0.7650312185287476 0.2351015955209732 0.5995452404022217 0.5713632106781006
1305031458.391626 0.39858758449554443 -0.5418527722358704 0.7399483323097229 -0.9147546291351318 0.5158747434616089 0.799534261226654 0.3076007068157196 -0.7197127938270569 -0.7582883238792419 0.25911492109298706 0.5982125997543335 0.5906570553779602
1305031458.427598 0.3896847665309906 -0.5388731956481934 0.7468342185020447 -0.9120146036148071 0.5315942764282227 0.7938183546066284 0.29539787769317627 -0.7189251780509949 -0.7520326972007751 0.2819008231163025 0.5958008766174316 0.60539710521698
1305031458.459637 0.37576520442962646 -0.5310874581336975 0.7594383358955383 -0.8987476229667664 0.5451624989509583 0.7893764972686768 0.28228074312210083 -0.7215176820755005 -0.7493986487388611 0.3079460859298706 0.5861492156982422 0.6144793629646301
1305031458.491696 0.3648889362812042 -0.5015626549720764 0.7844048738479614 -0.882888913154602 0.5437032580375671 0.7987065315246582 0.25778788328170776 -0.7271224856376648 -0.7558060884475708 0.33241960406303406 0.5641404986381531 0.6263620257377625
1305031458.527737 0.34762144088745117 -0.4638058543205261 0.8148886561393738 -0.8927074074745178 0.54227215051651 0.8084464073181152 0.228812575340271 -0.7092737555503845 -0.7649184465408325 0.36235132813453674 0.53254234790802 0.6530716419219971
1305031458.559628 0.334795743227005 -0.4452199637889862 0.8304764032363892 -0.8923895359039307 0.5365813374519348 0.8145647644996643 0.2203739732503891 -0.7025592923164368 -0.7745916843414307 0.371837854385376 0.5116094946861267 0.6710939407348633
1305031458.591641 0.3293302357196808 -0.4212181568145752 0.8450542688369751 -0.887497067451477 0.5245569944381714 0.8257813453674316 0.20718389749526978 -0.7009094953536987 -0.7850997447967529 0.3750471770763397 0.4929075539112091 0.6979727745056152
1305031458.627659 0.3312602937221527 -0.40333670377731323 0.852986752986908 -0.8993161916732788 0.5177174806594849 0.8334850668907166 0.19305796921253204 -0.6784576177597046 -0.7888188362121582 0.37765365839004517 0.48491495847702026 0.7243470549583435
1305031458.659623 0.33293360471725464 -0.41769611835479736 0.8453906178474426 -0.8925029039382935 0.5179262161254883 0.8301965594291687 0.20621809363365173 -0.6834495067596436 -0.7879769206047058 0.36919307708740234 0.4927361011505127 0.7513554096221924
1305031458.691674 0.3631970286369324 -0.41727375984191895 0.8330489993095398 -0.8954346179962158 0.5054519772529602 0.8393423557281494 0.20005664229393005 -0.6788997054100037 -0.7826917171478271 0.34840619564056396 0.5157584547996521 0.774055004119873
1305031458.72765 0.39447489380836487 -0.41849079728126526 0.8180801272392273 -0.8778142929077148 0.5016390681266785 0.8439866304397583 0.18985503911972046 -0.6777257919311523 -0.7699012756347656 0.33548784255981445 0.5428627133369446 0.7854430675506592
1305031458.759945 0.4266240894794464 -0.3997132182121277 0.8113084435462952 -0.8729464411735535 0.48886531591415405 0.8566190600395203 0.16496840119361877 -0.6728808879852295 -0.7609221935272217 0.32624101638793945 0.5608602166175842 0.807153582572937
1305031458.791632 0.467879056930542 -0.3869781792163849 0.794567346572876 -0.8640915155410767 0.4810519218444824 0.8657055497169495 0.13835839927196503 -0.6446466445922852 -0.7414029836654663 0.3174930810928345 0.5912020206451416 0.8162801861763
1305031458.827564 0.48548102378845215 -0.39698293805122375 0.7789177894592285 -0.8496086597442627 0.4832765460014343 0.8643156886100769 0.1392918974161148 -0.6386508345603943 -0.7285272479057312 0.3088091313838959 0.611461341381073 0.8211592435836792
1305031458.859887 0.4939294755458832 -0.40172988176345825 0.771133542060852 -0.835403561592102 0.484770268201828 0.8634729385375977 0.13932812213897705 -0.6497389674186707 -0.7218252420425415 0.3050043284893036 0.6212412714958191 0.8230598568916321
1305031458.891665 0.5001799464225769 -0.3807094991207123 0.7777405977249146 -0.8322879076004028 0.4727352559566498 0.8725637793540955 0.12310092896223068 -0.6399456262588501 -0.7254940271377563 0.30609285831451416 0.6164135932922363 0.830836832523346
1305031458.927621 0.48482778668403625 -0.38449060916900635 0.7855629920959473 -0.8370664715766907 0.4786870777606964 0.8683696985244751 0.12958751618862152 -0.6352151036262512 -0.7319841980934143 0.31321123242378235 0.6050602197647095 0.8424479961395264
1305031458.959617 0.46310073137283325 -0.40899282693862915 0.7862968444824219 -0.8321413993835449 0.49511587619781494 0.8552078008651733 0.15323135256767273 -0.6413909792900085 -0.7351177334785461 0.3183465003967285 0.598546028137207 0.8534228801727295
1305031458.991647 0.44626033306121826 -0.4199472665786743 0.7902506589889526 -0.8243122100830078 0.4986717998981476 0.8499437570571899 0.17006510496139526 -0.6757454872131348 -0.7430869936943054 0.31818249821662903 0.5887118577957153 0.8679824471473694
1305031459.027665 0.44423818588256836 -0.4027702808380127 0.80026775598526 -0.8307183384895325 0.5003670454025269 0.8524920344352722 0.15129467844963074 -0.6849663853645325 -0.7431589365005493 0.33321672677993774 0.5802425146102905 0.8914340734481812
1305031459.059631 0.44198930263519287 -0.40053364634513855 0.8026320338249207 -0.8374185562133789 0.5172863602638245 0.8448193669319153 0.13672952353954315 -0.7002629041671753 -0.7328438758850098 0.3547576665878296 0.5805916786193848 0.916167140007019
1305031459.09165 0.450226753950119 -0.40257230401039124 0.797014057636261 -0.8492187261581421 0.5423405766487122 0.8323786854743958 0.11407123506069183 -0.725438117980957 -0.709339439868927 0.3808952271938324 0.5930904746055603 0.9303712844848633
1305031459.127618 0.4770664572715759 -0.3974401354789734 0.7838678956031799 -0.8602117896080017 0.5574137568473816 0.8263949155807495 0.0797572135925293 -0.7458892464637756 -0.67948317527771 0.39888930320739746 0.6157839298248291 0.9513250589370728
1305031459.159639 0.5040963888168335 -0.39777064323425293 0.766593337059021 -0.861700713634491 0.573697566986084 0.8177151679992676 0.047044821083545685 -0.7545577883720398 -0.6455680131912231 0.41607749462127686 0.6404072642326355 0.9681565761566162
1305031459.191674 0.5255855321884155 -0.4047456681728363 0.7482920289039612 -0.8696155548095703 0.5893873572349548 0.807528555393219 0.022812236100435257 -0.7633255124092102 -0.6135002374649048 0.4290439486503601 0.6629772186279297 0.9740302562713623
1305031459.227607 0.5372613668441772 -0.4233803451061249 0.7294513583183289 -0.871666669845581 0.6142548322677612 0.7890880703926086 0.0055782608687877655 -0.7627208232879639 -0.57796311378479 0.4450719654560089 0.6840099096298218 0.9654344320297241
1305031459.25976 0.5394041538238525 -0.4253349304199219 0.7267279028892517 -0.8614526987075806 0.621789813041687 0.7831777334213257 -0.0031417161226272583 -0.7472604513168335 -0.5678209066390991 0.4535667300224304 0.6869182586669922 0.9891695380210876
1305031459.29169 0.5054197907447815 -0.43773287534713745 0.7435997724533081 -0.8499682545661926 0.6456620097160339 0.7635494470596313 0.010624552145600319 -0.7327689528465271 -0.5724261403083801 0.47474420070648193 0.6685402989387512 1.0122355222702026
1305031459.327632 0.4586055874824524 -0.4541637599468231 0.763816773891449 -0.8428321480751038 0.6743223071098328 0.7376658320426941 0.033742450177669525 -0.7281624674797058 -0.5787662267684937 0.49958422780036926 0.6445503830909729 1.0228126049041748
1305031459.359651 0.40148454904556274 -0.4541487991809845 0.7953357100486755 -0.852542519569397 0.6933147311210632 0.7181265354156494 0.060076698660850525 -0.7274043560028076 -0.5984354615211487 0.527298092842102 0.6031845808029175 1.037143349647522
1305031459.391667 0.3371807634830475 -0.45934027433395386 0.8217758536338806 -0.8708818554878235 0.7149510383605957 0.6928377747535706 0.09391924738883972 -0.7169117331504822 -0.6124982833862305 0.5558617115020752 0.5620175004005432 1.0537726879119873
1305031459.427646 0.24008052051067352 -0.4834875464439392 0.8417844772338867 -0.8694857954978943 0.7438661456108093 0.6487759351730347 0.16047737002372742 -0.7083182334899902 -0.6237185001373291 0.5876474380493164 0.5154083967208862 1.0709245204925537
1305031459.459679 0.13004589080810547 -0.5042474269866943 0.8537110686302185 -0.8709900379180908 0.7803589701652527 0.5832166075706482 0.22560669481754303 -0.7169597744941711 -0.6116600632667542 0.6368618011474609 0.46933886408805847 1.0740797519683838
1305031459.491555 0.0481329970061779 -0.48233622312545776 0.8746627569198608 -0.8868827819824219 0.7854450345039368 0.5592475533485413 0.2651759386062622 -0.7003692388534546 -0.6170569658279419 0.6742358207702637 0.40576687455177307 1.1287811994552612
1305031459.527594 -0.026143472641706467 -0.5009679794311523 0.8650708198547363 -0.8945028781890869 0.8042217493057251 0.5034505128860474 0.31585586071014404 -0.6953322887420654 -0.5937539339065552 0.7039663791656494 0.3897274434566498 1.1333264112472534
1305031459.559647 -0.09666501730680466 -0.5085654854774475 0.8555798530578613 -0.9056423902511597 0.8107340931892395 0.4584209620952606 0.3640884459018707 -0.7174621820449829 -0.5773785710334778 0.7288424372673035 0.3679981827735901 1.1408997774124146
1305031459.591695 -0.12925544381141663 -0.5076040625572205 0.8518397808074951 -0.9143417477607727 0.8217061161994934 0.4260276257991791 0.3785493075847626 -0.718830943107605 -0.5550604462623596 0.7488915324211121 0.36203503608703613 1.1543853282928467
1305031459.627608 -0.14584890007972717 -0.5086500644683838 0.8485299944877625 -0.9247825741767883 0.8231138586997986 0.4134274125099182 0.38930878043174744 -0.7279659509658813 -0.548827588558197 0.7552171349525452 0.3583790063858032 1.1657439470291138
1305031459.659641 -0.14886106550693512 -0.5049981474876404 0.8501864671707153 -0.9206603765487671 0.8276212215423584 0.4069109559059143 0.38660913705825806 -0.7155033349990845 -0.5411871075630188 0.761183500289917 0.35737407207489014 1.1718051433563232
1305031459.691604 -0.17526231706142426 -0.5035263299942017 0.8460166454315186 -0.9265182614326477 0.8152565360069275 0.4075242877006531 0.4114375114440918 -0.7234886884689331 -0.551941990852356 0.7618300318717957 0.33907949924468994 1.189623236656189
1305031459.727551 -0.20004332065582275 -0.5136770009994507 0.8343372344970703 -0.9274584054946899 0.8054680228233337 0.39862436056137085 0.438542902469635 -0.7485846281051636 -0.5578566193580627 0.7597595453262329 0.33400827646255493 1.194995641708374
1305031459.759635 -0.22049488127231598 -0.5051338076591492 0.8343991637229919 -0.9350076913833618 0.7897980809211731 0.4095234274864197 0.45662862062454224 -0.7813115119934082 -0.5723645091056824 0.7596909999847412 0.3086557686328888 1.2121596336364746
1305031459.79165 -0.21855299174785614 -0.4996298551559448 0.838215172290802 -0.9389106035232544 0.786083459854126 0.41881847381591797 0.4546029567718506 -0.7931358814239502 -0.578193187713623 0.7582617998123169 0.30121666193008423 1.2255940437316895
1305031459.827664 -0.2178681343793869 -0.4995113015174866 0.8384640216827393 -0.9406207799911499 0.7828851342201233 0.4235386848449707 0.45574772357940674 -0.8078839182853699 -0.5827731490135193 0.7557137608528137 0.2987842857837677 1.2392326593399048
1305031459.85966 -0.21430844068527222 -0.5048631429672241 0.8361729383468628 -0.9426474571228027 0.778893232345581 0.42823857069015503 0.4581890404224396 -0.8213992118835449 -0.5894042253494263 0.7494829893112183 0.30145928263664246 1.255246877670288
1305031459.891596 -0.2207941710948944 -0.5218474268913269 0.8239692449569702 -0.9349126815795898 0.7800450325012207 0.41265198588371277 0.4703703820705414 -0.8465495109558105 -0.5854741334915161 0.7465879321098328 0.31595316529273987 1.262766718864441
1305031459.927607 -0.22221767902374268 -0.5285066366195679 0.8193290829658508 -0.9302897453308105 0.7847816944122314 0.401703804731369 0.4719659686088562 -0.8642709255218506 -0.5785647630691528 0.7478735446929932 0.32549646496772766 1.2664610147476196
1305031459.95965 -0.22902242839336395 -0.5269691944122314 0.8184450268745422 -0.9280823469161987 0.7829916477203369 0.399809330701828 0.4765254557132721 -0.8784942626953125 -0.5783360600471497 0.7499706745147705 0.32104718685150146 1.2838809490203857
1305031459.991725 -0.23591852188110352 -0.5343154668807983 0.811695396900177 -0.9225422143936157 0.7836126089096069 0.3893849849700928 0.4840770363807678 -0.8946785926818848 -0.574711799621582 0.7502575516700745 0.32683318853378296 1.2919059991836548
1305031460.027565 -0.24189390242099762 -0.5378870964050293 0.8075671792030334 -0.9141842722892761 0.7859546542167664 0.3794475793838501 0.48815450072288513 -0.9095277786254883 -0.5690014362335205 0.7527927160263062 0.3309687674045563 1.295682668685913
1305031460.059659 -0.24649864435195923 -0.5361369252204895 0.807338535785675 -0.910868763923645 0.7850084900856018 0.37806278467178345 0.4907444715499878 -0.9269487857818604 -0.5683309435844421 0.7547354698181152 0.32768014073371887 1.305893898010254
1305031460.091717 -0.2548721134662628 -0.537758469581604 0.803651750087738 -0.9076938629150391 0.7914516925811768 0.36148056387901306 0.49288538098335266 -0.9544323682785034 -0.5555577278137207 0.7616742849349976 0.33347854018211365 1.3127954006195068
1305031460.12769 -0.2515140473842621 -0.5355895161628723 0.8061541318893433 -0.8984156847000122 0.8081543445587158 0.3421071469783783 0.47942593693733215 -0.9647538661956787 -0.5325666666030884 0.7720792889595032 0.3467942476272583 1.3163323402404785
1305031460.159678 -0.24802999198436737 -0.5269410014152527 0.8129048943519592 -0.8919870853424072 0.8209841251373291 0.33111637830734253 0.4651312828063965 -0.971874475479126 -0.5142629146575928 0.7827484607696533 0.35048332810401917 1.3290404081344604
1305031460.191559 -0.24542947113513947 -0.5289355516433716 0.8123986124992371 -0.882728636264801 0.8311734199523926 0.31648045778274536 0.45715516805648804 -0.9729695320129395 -0.4989139437675476 0.7874435186386108 0.36196351051330566 1.3372464179992676
1305031460.227761 -0.24412472546100616 -0.5344111919403076 0.8092018961906433 -0.8723529577255249 0.8384803533554077 0.30289581418037415 0.4529953598976135 -0.9772872924804688 -0.48718971014022827 0.7890872955322266 0.374148964881897 1.3267483711242676
1305031460.259667 -0.2585163712501526 -0.5268542766571045 0.8096874952316284 -0.863574206829071 0.8326587080955505 0.3034077286720276 0.4632744789123535 -0.9886385202407837 -0.48974350094795227 0.7939574122428894 0.3602539300918579 1.3294250965118408
1305031460.291689 -0.2720826268196106 -0.5193801522254944 0.8100711703300476 -0.8537768125534058 0.8236504793167114 0.3095880150794983 0.4751369059085846 -0.9926012754440308 -0.49756503105163574 0.7964920997619629 0.34355413913726807 1.3361704349517822
1305031460.327512 -0.28750115633010864 -0.5121630430221558 0.8093404173851013 -0.8479515910148621 0.8166148066520691 0.31047990918159485 0.4865615665912628 -1.0038697719573975 -0.5004827976226807 0.8008066415786743 0.32897651195526123 1.3379380702972412
1305031460.35963 -0.3054310977458954 -0.5055491328239441 0.8069274425506592 -0.841912031173706 0.80818110704422 0.31049638986587524 0.5004349946975708 -1.0098434686660767 -0.5035425424575806 0.8049920201301575 0.31373992562294006 1.3444563150405884
1305031460.391611 -0.3282795250415802 -0.5051980018615723 0.7981275320053101 -0.8307313919067383 0.7986097931861877 0.3027880787849426 0.520136296749115 -1.0178630352020264 -0.5044353008270264 0.8081426620483398 0.3040567934513092 1.3438128232955933
1305031460.427477 -0.35307416319847107 -0.4981049597263336 0.7919787168502808 -0.8231402635574341 0.7897347807884216 0.29521238803863525 0.537743866443634 -1.02817702293396 -0.5016546845436096 0.8153166770935059 0.2891387939453125 1.3453582525253296
1305031460.45962 -0.38043922185897827 -0.4892418384552002 0.7847983241081238 -0.8157861828804016 0.7765336036682129 0.291881263256073 0.5583912134170532 -1.0339738130569458 -0.5022562146186829 0.8218562602996826 0.2688696086406708 1.3493571281433105
1305031460.491504 -0.41428321599960327 -0.4814564883708954 0.7723789215087891 -0.8102959394454956 0.7585704326629639 0.28628483414649963 0.5853304266929626 -1.0393279790878296 -0.5029314756393433 0.8283963799476624 0.24661561846733093 1.360308051109314
1305031460.52757 -0.45087677240371704 -0.48187968134880066 0.7513335943222046 -0.8003395795822144 0.7425801753997803 0.264547735452652 0.6152958273887634 -1.0544543266296387 -0.4952622056007385 0.8353480100631714 0.23855584859848022 1.3603211641311646
1305031460.559647 -0.46978047490119934 -0.4818500876426697 0.7396801710128784 -0.7898610830307007 0.7297478914260864 0.25953564047813416 0.6325417757034302 -1.0579166412353516 -0.4967637062072754 0.8369359374046326 0.22970426082611084 1.3621742725372314
1305031460.591855 -0.48436689376831055 -0.4788735508918762 0.7321672439575195 -0.7856169939041138 0.7174587249755859 0.2614854872226715 0.6456609964370728 -1.0646611452102661 -0.5006412267684937 0.8380365371704102 0.21691717207431793 1.3661576509475708
1305031460.627625 -0.5058034062385559 -0.47639378905296326 0.7191744446754456 -0.7734590768814087 0.7016415596008301 0.2578134536743164 0.6642524600028992 -1.0767165422439575 -0.5018585920333862 0.840583860874176 0.2038547843694687 1.369892954826355
