1305031453.359684 1.0 0.0 0.0 0.0 0.0 1.0 0.0 0.0 0.0 0.0 1.0 0.0
1305031453.39169 0.9996326565742493 -0.024101393297314644 0.01239691860973835 0.0020991771016269922 0.02408774383366108 0.9997090697288513 0.0012490908848121762 0.0045232209376990795 -0.012423417530953884 -0.0009500181768089533 0.9999223947525024 -0.009482834488153458
1305031453.423683 0.9989016652107239 -0.04264811426401138 0.019406188279390335 0.007548385299742222 0.042662642896175385 0.9990894794464111 -0.0003349263861309737 0.006525690201669931 -0.019374234601855278 0.001162477768957615 0.9998116493225098 -0.017912739887833595
1305031453.459685 0.9976333379745483 -0.059970177710056305 0.03363242372870445 0.010092690587043762 0.0602697916328907 0.9981502890586853 -0.007965621538460255 0.011551573872566223 -0.03309251368045807 0.009973789565265179 0.9994024634361267 -0.027267560362815857
1305031453.491698 0.9957027435302734 -0.08078616112470627 0.045272890478372574 0.014903356321156025 0.08158116042613983 0.9965382814407349 -0.015993500128388405 0.016855716705322266 -0.04382411018013954 0.019618188962340355 0.9988466501235962 -0.03840174898505211
1305031453.523684 0.9935528635978699 -0.09870743751525879 0.05576397478580475 0.015500722452998161 0.10042890161275864 0.9945228099822998 -0.028954684734344482 0.02255435660481453 -0.052600495517253876 0.03436832129955292 0.998024046421051 -0.05111509561538696
1305031453.559753 0.9917224645614624 -0.11168104410171509 0.06335672736167908 0.015053248964250088 0.11457806825637817 0.9924352765083313 -0.04409032687544823 0.03009619377553463 -0.05795339494943619 0.05098465830087662 0.9970166087150574 -0.06610049307346344
1305031453.59164 0.9902961254119873 -0.11870040744543076 0.07227679342031479 0.01212399359792471 0.12287883460521698 0.9908181428909302 -0.056393131613731384 0.034497372806072235 -0.06491926312446594 0.06472717970609665 0.9957891702651978 -0.08142518997192383
1305031453.627706 0.9890676140785217 -0.12386088818311691 0.08002351224422455 0.002346498891711235 0.12930472195148468 0.9893490672111511 -0.06684861332178116 0.03755415603518486 -0.07089127600193024 0.07646522670984268 0.9945488572120667 -0.09931106865406036
1305031453.6596 0.9896246194839478 -0.12102264165878296 0.07743894308805466 -0.007446665782481432 0.12743063271045685 0.9882856011390686 -0.0839826762676239 0.0464869886636734 -0.0663679838180542 0.09297940135002136 0.9934536814689636 -0.11386073380708694
1305031453.691678 0.9915002584457397 -0.11040736734867096 0.0688294917345047 -0.014823107980191708 0.1168777272105217 0.9882590174674988 -0.09840572625398636 0.05486564338207245 -0.057156652212142944 0.10561394691467285 0.9927632212638855 -0.12895123660564423
1305031453.727652 0.9929816126823425 -0.09977646917104721 0.06349914520978928 -0.028322115540504456 0.10626596957445145 0.9883765578269958 -0.10871729254722595 0.06462124735116959 -0.05191363766789436 0.11470209062099457 0.9920425415039062 -0.1435525268316269
1305031453.759694 0.9949076771736145 -0.0853782594203949 0.05356480926275253 -0.04757962375879288 0.09132114052772522 0.9884904623031616 -0.12061136960983276 0.07348725199699402 -0.042650703340768814 0.12488880753517151 0.9912535548210144 -0.15419143438339233
1305031453.791716 0.9971033334732056 -0.07042314112186432 0.028728479519486427 -0.04663009196519852 0.07363607734441757 0.9883957505226135 -0.13285979628562927 0.08550983667373657 -0.019038697704672813 0.13459041714668274 0.9907183647155762 -0.16871395707130432
1305031453.827773 0.9981238842010498 -0.05936330929398537 0.014994729310274124 -0.057464879006147385 0.06085963919758797 0.9887263774871826 -0.13680754601955414 0.09062416851520538 -0.006704334169626236 0.13746343553066254 0.9904841184616089 -0.18272250890731812
1305031453.859705 0.9990930557250977 -0.0424610935151577 0.0031746940221637487 -0.09071439504623413 0.04247409477829933 0.9885969758033752 -0.14447110891342163 0.10195694863796234 0.002995909657329321 0.14447490870952606 0.9895039200782776 -0.1880919337272644
1305031453.89171 0.9992580413818359 -0.029211875051259995 -0.025101035833358765 -0.10681387782096863 0.025259269401431084 0.9890414476394653 -0.1454612910747528 0.11090186983346939 0.029075156897306442 0.14471934735774994 0.9890455007553101 -0.19840992987155914
1305031453.927723 0.997438907623291 -0.022110937163233757 -0.06801823526620865 -0.11219193041324615 0.012485207989811897 0.9902397394180298 -0.13881419599056244 0.11412405967712402 0.0704236775636673 0.13760948181152344 0.9879798293113708 -0.2038903385400772
1305031453.959641 0.9945558905601501 -0.008654752746224403 -0.10384432971477509 -0.11759931594133377 -0.005317311733961105 0.9910315871238708 -0.13352197408676147 0.11899789422750473 0.10406860709190369 0.13334724307060242 0.9855902791023254 -0.2130575031042099
1305031453.991624 0.9916468858718872 0.01474183052778244 -0.12813714146614075 -0.12773337960243225 -0.031141433864831924 0.9914212822914124 -0.12694168090820312 0.1195347011089325 0.12516652047634125 0.12987171113491058 0.9835987687110901 -0.21983930468559265
1305031454.027662 0.9874778389930725 0.031415581703186035 -0.154597669839859 -0.13818427920341492 -0.05138235166668892 0.9905831217765808 -0.12690486013889313 0.1182381808757782 0.14915505051612854 0.1332593560218811 0.9797932505607605 -0.22504152357578278
1305031454.059654 0.9829175472259521 0.05318310484290123 -0.17619481682777405 -0.1526554524898529 -0.07657136768102646 0.988720178604126 -0.1287219226360321 0.1265384405851364 0.1673615276813507 0.14001451432704926 0.9759026169776917 -0.228486567735672
1305031454.091651 0.9771497249603271 0.08146212995052338 -0.19632194936275482 -0.17088663578033447 -0.107213594019413 0.9864328503608704 -0.12432029843330383 0.12693814933300018 0.1835310459136963 0.14252790808677673 0.9726263284683228 -0.2319369614124298
1305031454.127701 0.9692235589027405 0.10757002979516983 -0.22143736481666565 -0.1890864372253418 -0.1379418671131134 0.9823192358016968 -0.1265747994184494 0.1301996409893036 0.20390650629997253 0.15322476625442505 0.9669250845909119 -0.23498935997486115
1305031454.159672 0.9601473212242126 0.12872304022312164 -0.24808767437934875 -0.2080879956483841 -0.16398879885673523 0.9782401919364929 -0.12709763646125793 0.14079591631889343 0.22632895410060883 0.1627160608768463 0.9603638052940369 -0.232715904712677
1305031454.191658 0.9467037320137024 0.15695849061012268 -0.28127625584602356 -0.21637657284736633 -0.19523468613624573 0.9741665720939636 -0.11350279301404953 0.14152765274047852 0.25619474053382874 0.16236835718154907 0.9528907537460327 -0.24236048758029938
1305031454.227671 0.9294219613075256 0.1880040019750595 -0.31753620505332947 -0.22610171139240265 -0.2306915819644928 0.9676318168640137 -0.1023227795958519 0.13267368078231812 0.2880210280418396 0.16835397481918335 0.9427093267440796 -0.23906537890434265
1305031454.259627 0.9136257171630859 0.21259737014770508 -0.34654074907302856 -0.22976264357566833 -0.26411640644073486 0.9583835005760193 -0.10836740583181381 0.1419658660888672 0.3090803027153015 0.19053436815738678 0.9317542910575867 -0.2397128939628601
1305031454.291639 0.9021369814872742 0.23774361610412598 -0.360037237405777 -0.24047905206680298 -0.29035109281539917 0.9517815709114075 -0.09903553128242493 0.14793606102466583 0.3191318213939667 0.1938808262348175 0.9276664853096008 -0.24270951747894287
1305031454.327699 0.8872506618499756 0.2695012092590332 -0.3743732273578644 -0.26113712787628174 -0.3222886621952057 0.9428076148033142 -0.08511035889387131 0.13915874063968658 0.3300246298313141 0.19617046415805817 0.9233639240264893 -0.24562180042266846
1305031454.359636 0.8688980340957642 0.28881582617759705 -0.4019969701766968 -0.26363158226013184 -0.3519594371318817 0.9315341114997864 -0.09148096293210983 0.14757290482521057 0.34805282950401306 0.22097428143024445 0.911059558391571 -0.2427586317062378
1305031454.391677 0.854864239692688 0.30891719460487366 -0.41686582565307617 -0.27006030082702637 -0.3753449618816376 0.9229053258895874 -0.08580160140991211 0.1521952897310257 0.3582221269607544 0.2298172414302826 0.9049093127250671 -0.24852393567562103
1305031454.427465 0.8349232077598572 0.3373960554599762 -0.4348187744617462 -0.28775134682655334 -0.4076578617095947 0.9099050760269165 -0.07673216611146927 0.15662795305252075 0.36975476145744324 0.24132274091243744 0.8972429037094116 -0.25465893745422363
1305031454.459913 0.8123576641082764 0.35973697900772095 -0.45898181200027466 -0.28530558943748474 -0.4369075894355774 0.8967435956001282 -0.07044586539268494 0.16109822690486908 0.38624706864356995 0.25775986909866333 0.8856483697891235 -0.2518905699253082
1305031454.491617 0.7924476265907288 0.3862893581390381 -0.47202473878860474 -0.28644245862960815 -0.4667864143848419 0.8822168111801147 -0.06167655810713768 0.16410444676876068 0.39260315895080566 0.26921018958091736 0.8794251680374146 -0.2534664273262024
1305031454.5277 0.7744658589363098 0.4106701910495758 -0.48119914531707764 -0.2942173480987549 -0.49416986107826233 0.8676314353942871 -0.054878123104572296 0.17712974548339844 0.394966721534729 0.28029537200927734 0.8748919367790222 -0.25253501534461975
1305031454.559575 0.7562135457992554 0.4333333373069763 -0.4902685880661011 -0.29939040541648865 -0.5174978375434875 0.8546109795570374 -0.04284881800413132 0.18764746189117432 0.4004211127758026 0.2861157953739166 0.8705174922943115 -0.2560984492301941
1305031454.591635 0.7299245595932007 0.46119558811187744 -0.5044886469841003 -0.3082176744937897 -0.5461631417274475 0.8373126983642578 -0.024763472378253937 0.19532115757465363 0.4109939634799957 0.29360854625701904 0.8630631566047668 -0.25874078273773193
1305031454.62758 0.7005815505981445 0.4808451235294342 -0.5272319316864014 -0.30584877729415894 -0.5679209232330322 0.8230734467506409 -0.003990769386291504 0.19747206568717957 0.43203169107437134 0.3022219240665436 0.8497119545936584 -0.2623387575149536
1305031454.659528 0.6795548796653748 0.49102869629859924 -0.5450651049613953 -0.30656930804252625 -0.5785524249076843 0.8155354261398315 0.013380378484725952 0.21179218590259552 0.4510900378227234 0.3062560558319092 0.8382869958877563 -0.26328927278518677
1305031454.691884 0.6572316288948059 0.4994650185108185 -0.5644300580024719 -0.3070361614227295 -0.5831452012062073 0.8114306330680847 0.03901227191090584 0.21822381019592285 0.4774811565876007 0.30350461602211 0.8245584964752197 -0.2625046968460083
1305031454.727659 0.6359172463417053 0.5034239292144775 -0.5849560499191284 -0.30259913206100464 -0.5861111283302307 0.8081291317939758 0.05831793695688248 0.22241656482219696 0.5020787119865417 0.3057639002799988 0.8089656233787537 -0.25845015048980713
1305031454.759732 0.6339976787567139 0.49844205379486084 -0.5912718772888184 -0.2963234484195709 -0.5729648470878601 0.8162562847137451 0.07373617589473724 0.2231442928314209 0.5193825960159302 0.29202938079833984 0.8030942678451538 -0.25829872488975525
1305031454.791641 0.640095055103302 0.4881455600261688 -0.593289315700531 -0.2919847369194031 -0.5574392676353455 0.8264886140823364 0.0786001980304718 0.231115460395813 0.5287152528762817 0.2804112434387207 0.8011427521705627 -0.25941696763038635
1305031454.82757 0.6446325182914734 0.4797767400741577 -0.59520024061203 -0.2841358780860901 -0.5434367060661316 0.8351718783378601 0.08464232832193375 0.23731322586536407 0.5377039313316345 0.2688904404640198 0.7991073131561279 -0.25673824548721313
1305031454.85962 0.6555114984512329 0.47292181849479675 -0.5887695550918579 -0.2790493071079254 -0.5295695662498474 0.8436816334724426 0.08807609230279922 0.24391873180866241 0.5383872389793396 0.2540595233440399 0.8034879565238953 -0.25612127780914307
1305031454.891764 0.6699132323265076 0.464266300201416 -0.5793730020523071 -0.2757158577442169 -0.5130607485771179 0.8535436391830444 0.09072800725698471 0.2486315667629242 0.5366421341896057 0.2364737093448639 0.8099970817565918 -0.2557946741580963
1305031454.927567 0.6836340427398682 0.4590820372104645 -0.5673519372940063 -0.27466490864753723 -0.5032819509506226 0.8595203161239624 0.08906253427267075 0.25799861550331116 0.5285375714302063 0.22465172410011292 0.8186449408531189 -0.2595059275627136
1305031454.959648 0.6978465914726257 0.44909578561782837 -0.557963490486145 -0.2739877998828888 -0.489059716463089 0.8679107427597046 0.08689901977777481 0.2690350115299225 0.5232884287834167 0.2122351974248886 0.8253031969070435 -0.2611369490623474
1305031454.991937 0.7099619507789612 0.44165268540382385 -0.5485407710075378 -0.27883845567703247 -0.47900885343551636 0.8738217949867249 0.0835813581943512 0.2804431617259979 0.5162408947944641 0.20341630280017853 0.8319357633590698 -0.26973235607147217
1305031455.027799 0.7143451571464539 0.43502238392829895 -0.5481483340263367 -0.27874109148979187 -0.4741167724132538 0.8769887089729309 0.07812972366809845 0.2951679229736328 0.5147079229354858 0.2040746957063675 0.8327239155769348 -0.2735312283039093
1305031455.059636 0.7198060154914856 0.4346838891506195 -0.5412294864654541 -0.28369227051734924 -0.4719890356063843 0.8781837821006775 0.0775860846042633 0.30224502086639404 0.509024441242218 0.19960738718509674 0.8372878432273865 -0.2774673402309418
1305031455.0917 0.7255879640579224 0.4319309592247009 -0.5356845855712891 -0.28918763995170593 -0.47200655937194824 0.8788664937019348 0.06930839270353317 0.31333550810813904 0.5007317066192627 0.20255723595619202 0.8415690064430237 -0.2820272445678711
1305031455.127695 0.7329813838005066 0.4295714795589447 -0.5274530053138733 -0.2952952980995178 -0.4698735177516937 0.8804062008857727 0.06406047940254211 0.32355478405952454 0.4918915331363678 0.20088104903697968 0.847165584564209 -0.2862798869609833
1305031455.15972 0.743878185749054 0.42207950353622437 -0.518164336681366 -0.30545321106910706 -0.4636208117008209 0.8843387961387634 0.05477774888277054 0.34016919136047363 0.4813532829284668 0.19948381185531616 0.8535251617431641 -0.2916300594806671
1305031455.191655 0.7540649175643921 0.41438645124435425 -0.5095783472061157 -0.3158445656299591 -0.4524664282798767 0.8901270031929016 0.05429498478770256 0.35091227293014526 0.47608858346939087 0.18962514400482178 0.858709454536438 -0.2952444553375244
1305031455.227581 0.7632604837417603 0.405477911233902 -0.5030120015144348 -0.3259594142436981 -0.44252148270606995 0.8953479528427124 0.050266727805137634 0.35817602276802063 0.47075286507606506 0.18422693014144897 0.8628163933753967 -0.299897164106369
1305031455.259631 0.7738803029060364 0.39439237117767334 -0.4955439567565918 -0.33151426911354065 -0.4301876425743103 0.901580274105072 0.04573298990726471 0.3733603060245514 0.46480944752693176 0.1777849793434143 0.8673780560493469 -0.3035394549369812
1305031455.291831 0.7885204553604126 0.3843861520290375 -0.48008617758750916 -0.3452794849872589 -0.40885618329048157 0.9107733964920044 0.05769222974777222 0.37543338537216187 0.4594258666038513 0.15079468488693237 0.875322163105011 -0.30822625756263733
1305031455.327766 0.8014800548553467 0.3683590292930603 -0.47110652923583984 -0.35848498344421387 -0.3873327672481537 0.9199618697166443 0.06036173179745674 0.38556966185569763 0.45563486218452454 0.13409623503684998 0.8800085783004761 -0.3163282871246338
1305031455.35963 0.807791531085968 0.36047759652137756 -0.4663997292518616 -0.3641873002052307 -0.3719955086708069 0.9255123138427734 0.07103700935840607 0.3947194516658783 0.4572659730911255 0.1161155104637146 0.8817171454429626 -0.3186749815940857
1305031455.391665 0.8216779232025146 0.3539709746837616 -0.44671016931533813 -0.37757259607315063 -0.3530457019805908 0.9313973188400269 0.08864323794841766 0.3933061361312866 0.44744187593460083 0.08487291634082794 0.8902766108512878 -0.32350829243659973
1305031455.427642 0.8362687230110168 0.33917489647865295 -0.4308306574821472 -0.3917165994644165 -0.3328457772731781 0.9384137392044067 0.09269979596138 0.4001513421535492 0.4357388913631439 0.06587818264961243 0.8976590633392334 -0.33085185289382935
1305031455.459589 0.8473315238952637 0.3261934518814087 -0.4190789461135864 -0.4082837700843811 -0.31490033864974976 0.9440405368804932 0.09810785204172134 0.4007076323032379 0.42762964963912964 0.04883820563554764 0.902633786201477 -0.34002062678337097
1305031455.491637 0.8580140471458435 0.3081517815589905 -0.41091886162757874 -0.42066293954849243 -0.29393690824508667 0.9506670236587524 0.09916261583566666 0.40675121545791626 0.42120426893234253 0.035701289772987366 0.9062628149986267 -0.3479191064834595
1305031455.52761 0.8709830641746521 0.28624945878982544 -0.399311363697052 -0.4417608976364136 -0.2695143222808838 0.9579127430915833 0.09881900250911713 0.4102212190628052 0.41079235076904297 0.021550461649894714 0.9114741683006287 -0.35627543926239014
1305031455.559669 0.8795323371887207 0.26195523142814636 -0.397243469953537 -0.4602501690387726 -0.2436785101890564 0.9650099277496338 0.09683298319578171 0.4131128787994385 0.4087098240852356 0.011631980538368225 0.9125902056694031 -0.36873605847358704
1305031455.591645 0.8871041536331177 0.23587635159492493 -0.3967472016811371 -0.47640034556388855 -0.21590621769428253 0.9717820286750793 0.09499524533748627 0.41819730401039124 0.40795886516571045 0.0013894981238991022 0.9129992127418518 -0.38088342547416687
1305031455.627617 0.8944120407104492 0.21492522954940796 -0.39221712946891785 -0.4930296242237091 -0.18942749500274658 0.9764660000801086 0.1031084954738617 0.41180771589279175 0.4051473140716553 -0.017924752086400986 0.9140756726264954 -0.3876758813858032
1305031455.659615 0.8996139764785767 0.20293563604354858 -0.3866676390171051 -0.5112693905830383 -0.17874851822853088 0.9790077805519104 0.09794186055660248 0.4070861041545868 0.39842653274536133 -0.018993603065609932 0.9170034527778625 -0.39948076009750366
1305031455.691605 0.9017856121063232 0.20284488797187805 -0.38162362575531006 -0.5278865098953247 -0.1814446747303009 0.979118824005127 0.09167414903640747 0.40646639466285706 0.3922504782676697 -0.013426849618554115 0.9197603464126587 -0.41224387288093567
1305031455.727628 0.9033066034317017 0.21239829063415527 -0.37272509932518005 -0.5447004437446594 -0.19304119050502777 0.9771468043327332 0.08899020403623581 0.4044521749019623 0.383108526468277 -0.008434142917394638 0.9236647486686707 -0.4232712984085083
1305031455.759683 0.9073667526245117 0.21701747179031372 -0.35998469591140747 -0.5606440901756287 -0.19913123548030853 0.9761437177658081 0.08654586225748062 0.4022301137447357 0.37017881870269775 -0.00684465141966939 0.9289352297782898 -0.43596187233924866
1305031455.791666 0.9123928546905518 0.21636590361595154 -0.3474552035331726 -0.5803627967834473 -0.20178695023059845 0.9763116836547852 0.07808658480644226 0.40087661147117615 0.35611987113952637 -0.0011337138712406158 0.9344395995140076 -0.4454262852668762
1305031455.82759 0.9162986278533936 0.21503715217113495 -0.3378695845603943 -0.5988818407058716 -0.20372696220874786 0.9765899181365967 0.06904550641775131 0.4019542336463928 0.3448074162006378 0.005566862411797047 0.9386569261550903 -0.46073853969573975
1305031455.859526 0.9172050952911377 0.21833436191082 -0.3332642614841461 -0.6115843057632446 -0.20655283331871033 0.975866436958313 0.07085631042718887 0.3960081934928894 0.3406917154788971 0.0038469042629003525 0.9401671886444092 -0.4738955497741699
1305031455.891657 0.919665515422821 0.21763546764850616 -0.3268795311450958 -0.6238832473754883 -0.20560549199581146 0.9760288596153259 0.07137254625558853 0.39091596007347107 0.3345770835876465 0.0015693565364927053 0.9423670768737793 -0.48564377427101135
1305031455.927955 0.9220205545425415 0.2209799736738205 -0.3178773820400238 -0.6374604105949402 -0.20870155096054077 0.9752781391143799 0.07263752818107605 0.3862767517566681 0.3260703384876251 -0.0006317757070064545 0.9453452825546265 -0.49513572454452515
1305031455.959716 0.9240812063217163 0.22485008835792542 -0.30905723571777344 -0.6495785117149353 -0.21386303007602692 0.974391520023346 0.06945373117923737 0.38667261600494385 0.3167594373226166 0.0019150380976498127 0.9485039710998535 -0.5068473815917969
1305031455.991694 0.9262010455131531 0.22946076095104218 -0.2991648018360138 -0.6596614718437195 -0.217653289437294 0.973315417766571 0.07269241660833359 0.3844825327396393 0.3078618347644806 -0.002213583327829838 0.9514284729957581 -0.5151771903038025
1305031456.02777 0.9283865690231323 0.2386651635169983 -0.28484639525413513 -0.6692339181900024 -0.22656650841236115 0.971087634563446 0.07521062344312668 0.39246439933776855 0.294560968875885 -0.005287869833409786 0.9556180834770203 -0.5257686376571655
1305031456.059713 0.9284992814064026 0.2560921013355255 -0.2688978612422943 -0.6842656135559082 -0.23818977177143097 0.9662820100784302 0.09779974818229675 0.38247552514076233 0.2848769426345825 -0.026758253574371338 0.9581905007362366 -0.5302212238311768
1305031456.091707 0.9292065501213074 0.268871009349823 -0.25354233384132385 -0.701012134552002 -0.2477259337902069 0.96226966381073 0.11255671828985214 0.3712048828601837 0.27423933148384094 -0.04177940636873245 0.9607535004615784 -0.5364304184913635
1305031456.127645 0.9314130544662476 0.272989422082901 -0.24072083830833435 -0.7167437672615051 -0.2522389888763428 0.960951566696167 0.1137872189283371 0.3668050765991211 0.2623837888240814 -0.04526371508836746 0.9639014005661011 -0.5401933789253235
1305031456.159731 0.9336467981338501 0.2744895815849304 -0.23012858629226685 -0.7258570194244385 -0.25294989347457886 0.9601352214813232 0.11898225545883179 0.35375916957855225 0.2536139488220215 -0.052876394242048264 0.9658592343330383 -0.5424102544784546
1305031456.191658 0.9385511875152588 0.26959556341171265 -0.2154991626739502 -0.7359915375709534 -0.250940203666687 0.9617074131965637 0.11021742969751358 0.3424581289291382 0.2369612604379654 -0.04936729371547699 0.9702639579772949 -0.5454257130622864
1305031456.227678 0.9452834129333496 0.2605566084384918 -0.19633997976779938 -0.7453308701515198 -0.24615433812141418 0.9645700454711914 0.09493467211723328 0.3493107259273529 0.21411952376365662 -0.041410237550735474 0.975929319858551 -0.55008864402771
1305031456.291675 0.9572781920433044 0.24694281816482544 -0.1504582315683365 -0.7716002464294434 -0.23547926545143127 0.967699408531189 0.09004001319408417 0.3310917317867279 0.16783307492733002 -0.05076354742050171 0.9845075011253357 -0.5475685596466064
1305031456.327718 0.9634727239608765 0.2333291471004486 -0.13144518435001373 -0.7824815511703491 -0.22426429390907288 0.9712225794792175 0.0802006796002388 0.3235718309879303 0.14637567102909088 -0.0477927103638649 0.9880738258361816 -0.544913649559021
1305031456.391619 0.9730491638183594 0.2142079621553421 -0.0853833556175232 -0.8027161359786987 -0.2090173214673996 0.9756960868835449 0.06579440832138062 0.3160363733768463 0.09740191698074341 -0.046174585819244385 0.9941734075546265 -0.5390880107879639
1305031456.427662 0.9784587025642395 0.19801831245422363 -0.058371514081954956 -0.8256127834320068 -0.19569294154644012 0.9797118306159973 0.043230533599853516 0.3233984410762787 0.0657476857304573 -0.030876396223902702 0.9973584413528442 -0.5345303416252136
1305031456.491677 0.9841464757919312 0.17352154850959778 -0.03668701648712158 -0.864116370677948 -0.17192132771015167 0.9841700792312622 0.04303847998380661 0.3419755697250366 0.04357437416911125 -0.03604888916015625 0.9983996152877808 -0.5198928713798523
1305031456.527641 0.985892117023468 0.16333340108394623 -0.0365910679101944 -0.877449631690979 -0.16123875975608826 0.9854190945625305 0.05432591959834099 0.34252721071243286 0.04493077099323273 -0.04765959829092026 0.997852623462677 -0.5109330415725708
1305031456.591651 0.9899221658706665 0.13892556726932526 -0.027453841641545296 -0.8985006809234619 -0.13733570277690887 0.9890972971916199 0.05315432697534561 0.3497268855571747 0.03453901782631874 -0.04884825646877289 0.9982088804244995 -0.4913578927516937
1305031456.627612 0.9916592836380005 0.12752163410186768 -0.01870613545179367 -0.9035006761550903 -0.12598252296447754 0.9896883368492126 0.06815730035305023 0.3659396171569824 0.02720477059483528 -0.06523218750953674 0.9974992871284485 -0.48510274291038513
1305031456.691612 0.9956126809120178 0.09287083894014359 0.011413011699914932 -0.9416999816894531 -0.09355160593986511 0.9903748631477356 0.10200843214988708 0.342359721660614 -0.0018295533955097198 -0.10262859612703323 0.994718074798584 -0.45907604694366455
1305031456.727693 0.9971485137939453 0.07324212789535522 0.018176183104515076 -0.9590353965759277 -0.0747196301817894 0.9919907450675964 0.10183921456336975 0.3599449396133423 -0.01057168934494257 -0.10290693491697311 0.9946348071098328 -0.45055845379829407
1305031456.791649 0.9989845752716064 0.044863514602184296 0.004127008840441704 -0.9939413666725159 -0.04504333436489105 0.9926807284355164 0.11205369979143143 0.3494548499584198 0.0009303204715251923 -0.11212582141160965 0.9936936497688293 -0.4297686219215393
1305031456.827603 0.999535083770752 0.028892140835523605 -0.009738761931657791 -0.9946907758712769 -0.027683435007929802 0.993852436542511 0.10719604790210724 0.3672899007797241 0.01277601346373558 -0.10687661916017532 0.9941902160644531 -0.41876235604286194
1305031456.891672 0.999967098236084 0.004167771432548761 -0.006951095536351204 -1.0102684497833252 -0.0031909202225506306 0.9908332824707031 0.13505324721336365 0.3548891544342041 0.007450250908732414 -0.13502663373947144 0.9908139705657959 -0.39519596099853516
1305031456.92769 0.9999322295188904 -0.009127435274422169 0.007223009131848812 -1.0229485034942627 0.008195611648261547 0.9927494525909424 0.11992231756448746 0.36424702405929565 -0.008265224285423756 -0.11985501646995544 0.9927569627761841 -0.38565289974212646
1305031456.959667 0.999585747718811 -0.020005997270345688 0.020689832046628 -1.036505103111267 0.01748809590935707 0.9931610822677612 0.11543479561805725 0.3802296221256256 -0.022857725620269775 -0.11502516269683838 0.9930995106697083 -0.38131409883499146
1305031456.991709 0.999164879322052 -0.025093592703342438 0.03224514424800873 -1.0506528615951538 0.020579926669597626 0.9908496737480164 0.1333918422460556 0.378035306930542 -0.03529737517237663 -0.13261687755584717 0.9905386567115784 -0.37048181891441345
1305031457.027648 0.9985443949699402 -0.033525388687849045 0.042249422520399094 -1.0635825395584106 0.027397971600294113 0.9900431632995605 0.13807258009910583 0.3771926760673523 -0.046457689255476 -0.13671408593654633 0.9895205497741699 -0.3657096028327942
1305031457.091655 0.9965437650680542 -0.05662409961223602 0.06077902019023895 -1.085274338722229 0.04613076150417328 0.9857177734375 0.16196472942829132 0.3827093541622162 -0.06908207386732101 -0.15860113501548767 0.9849230647087097 -0.3604217767715454
1305031457.127632 0.9949016571044922 -0.06721863150596619 0.07518097013235092 -1.0986109972000122 0.05339572951197624 0.9835180044174194 0.17274633049964905 0.374349445104599 -0.0855536088347435 -0.1678512990474701 0.9820929765701294 -0.35801300406455994
1305031457.191735 0.989751935005188 -0.09536655247211456 0.10628335177898407 -1.1264698505401611 0.07655489444732666 0.9826685190200806 0.16882553696632385 0.37587207555770874 -0.12054160982370377 -0.15895889699459076 0.9798989295959473 -0.36567723751068115
1305031457.227543 0.9866495728492737 -0.10729283839464188 0.12251889705657959 -1.1433202028274536 0.08477430790662766 0.9807080030441284 0.17613957822322845 0.37452176213264465 -0.1390538066625595 -0.16340157389640808 0.9767107963562012 -0.3667674660682678
1305031457.291656 0.9793012738227844 -0.1326068639755249 0.15291979908943176 -1.1698437929153442 0.10711359232664108 0.9805678129196167 0.1643577367067337 0.3620529770851135 -0.1717432141304016 -0.14457593858242035 0.9744753241539001 -0.37891727685928345
1305031457.327548 0.9745378494262695 -0.1427658051252365 0.17289867997169495 -1.184700608253479 0.11587119847536087 0.9808140397071838 0.15677303075790405 0.3670482635498047 -0.19196325540542603 -0.13274727761745453 0.9723827838897705 -0.38677650690078735
1305031457.391684 0.9602511525154114 -0.17091290652751923 0.22069521248340607 -1.218749761581421 0.13855372369289398 0.9781985878944397 0.15469464659690857 0.3531269431114197 -0.24232304096221924 -0.11796757578849792 0.9629970788955688 -0.4006853699684143
1305031457.427641 0.9527349472045898 -0.185911163687706 0.24027764797210693 -1.2419040203094482 0.15189436078071594 0.9764472246170044 0.1532285362482071 0.3493519425392151 -0.2631053328514099 -0.10948934406042099 0.9585341811180115 -0.4089183211326599
1305031457.491705 0.9465263485908508 -0.20205828547477722 0.2515159547328949 -1.2730755805969238 0.16687805950641632 0.9738253355026245 0.15432412922382355 0.3356519043445587 -0.2761150896549225 -0.10409937053918839 0.9554703831672668 -0.4224224090576172
1305031457.527638 0.9433713555335999 -0.20723403990268707 0.25904542207717896 -1.2868714332580566 0.17272986471652985 0.9735159277915955 0.14977003633975983 0.3274567425251007 -0.2832222878932953 -0.09654389321804047 0.9541825652122498 -0.43078604340553284
1305031457.559685 0.9384591579437256 -0.21419301629066467 0.27095314860343933 -1.3034911155700684 0.1803472340106964 0.9729340672492981 0.14447928965091705 0.3223439157009125 -0.29456597566604614 -0.08672226965427399 0.9516879320144653 -0.43950745463371277
1305031457.591678 0.9334973692893982 -0.2202129364013672 0.28299951553344727 -1.3236647844314575 0.18715666234493256 0.9724014401435852 0.13931164145469666 0.3199501037597656 -0.30586734414100647 -0.0770818293094635 0.9489486217498779 -0.44698566198349
1305031457.627526 0.930923342704773 -0.22636500000953674 0.28660154342651367 -1.3376590013504028 0.19240298867225647 0.9709932208061218 0.14196167886257172 0.3091925382614136 -0.3104232847690582 -0.07701244205236435 0.9474736452102661 -0.4515122175216675
1305031457.659632 0.9268891215324402 -0.23223146796226501 0.2948642671108246 -1.3573569059371948 0.20078565180301666 0.9705343842506409 0.13322247564792633 0.3116866946220398 -0.31711429357528687 -0.06427796185016632 0.9462065100669861 -0.4589267373085022
1305031457.69157 0.9256275296211243 -0.23950685560703278 0.2930017113685608 -1.3712526559829712 0.20518451929092407 0.9681879281997681 0.1432182937860489 0.3066222369670868 -0.31798240542411804 -0.07244740426540375 0.9453245401382446 -0.4644421935081482
1305031457.727669 0.9252839684486389 -0.23940767347812653 0.29416579008102417 -1.3823518753051758 0.20172558724880219 0.9674436450004578 0.15283888578414917 0.2873593270778656 -0.3211795687675476 -0.08207862079143524 0.9434546828269958 -0.4669142961502075
1305031457.759556 0.9246627688407898 -0.2356702834367752 0.2990954518318176 -1.3947688341140747 0.19898132979869843 0.9687397480010986 0.14815513789653778 0.2768872380256653 -0.32466137409210205 -0.07747913151979446 0.9426515102386475 -0.4716531038284302
1305031457.791567 0.9225403666496277 -0.23192346096038818 0.30843254923820496 -1.4027721881866455 0.19695228338241577 0.9702925682067871 0.14050757884979248 0.25687000155448914 -0.33185678720474243 -0.0688774362206459 0.940811812877655 -0.4739868640899658
1305031457.827699 0.9171276092529297 -0.23048420250415802 0.32519853115081787 -1.4167732000350952 0.20211516320705414 0.9721083641052246 0.11897419393062592 0.25966623425483704 -0.3435498774051666 -0.04338699206709862 0.9381316900253296 -0.4842395782470703
1305031457.859623 0.9113191962242126 -0.23003710806369781 0.3414384424686432 -1.4308667182922363 0.20064200460910797 0.9723405241966248 0.11956913769245148 0.24697448313236237 -0.3594997823238373 -0.04045875370502472 0.9322676658630371 -0.48792511224746704
1305031457.891593 0.9042941927909851 -0.22577325999736786 0.36232367157936096 -1.450679898262024 0.19938170909881592 0.973819375038147 0.10919147729873657 0.22927480936050415 -0.37749025225639343 -0.026500506326556206 0.9256342649459839 -0.4828355610370636
1305031457.927633 0.8972743153572083 -0.2250167727470398 0.3798239827156067 -1.474989652633667 0.2091854065656662 0.974342405796051 0.08305606991052628 0.22807782888412476 -0.38876762986183167 0.004929551854729652 0.9213226437568665 -0.482636034488678
1305031457.991644 0.892392635345459 -0.23034314811229706 0.38804301619529724 -1.501403570175171 0.22176046669483185 0.9727658033370972 0.06744739413261414 0.2075822800397873 -0.39301103353500366 0.025863047689199448 0.9191700220108032 -0.4792866110801697
1305031458.027845 0.88934326171875 -0.22759273648262024 0.3965730667114258 -1.511197805404663 0.22601492702960968 0.972766101360321 0.05141458660364151 0.19752290844917297 -0.3974743187427521 0.04390620440244675 0.9165622591972351 -0.477313756942749
1305031458.059689 0.8824101686477661 -0.2254045009613037 0.41297098994255066 -1.5327682495117188 0.2333829700946808 0.9718655347824097 0.03177780658006668 0.20502491295337677 -0.4085150957107544 0.06833933293819427 0.9101896286010742 -0.4733421206474304
1305031458.09169 0.8786464333534241 -0.22956430912017822 0.4186653792858124 -1.5429438352584839 0.23793795704841614 0.970722496509552 0.032913923263549805 0.20359888672828674 -0.4139637053012848 0.07069668918848038 0.907543957233429 -0.46688827872276306
1305031458.127605 0.8735648393630981 -0.23135662078857422 0.4282039999961853 -1.5587308406829834 0.23731471598148346 0.9705976843833923 0.04027152806520462 0.1911507546901703 -0.4249309003353119 0.06643933802843094 0.9027842879295349 -0.4554539918899536
1305031458.159638 0.8688443303108215 -0.23253831267356873 0.4370761215686798 -1.576942801475525 0.2395235002040863 0.9700675010681152 0.03996845334768295 0.18123838305473328 -0.433287650346756 0.06996363401412964 0.898535966873169 -0.4403073191642761
1305031458.191646 0.8645613193511963 -0.2399047613143921 0.44156476855278015 -1.5981839895248413 0.24838151037693024 0.9678556323051453 0.03952335566282272 0.18227259814739227 -0.4368528127670288 0.07550617307424545 0.8963584899902344 -0.42746853828430176
1305031458.227611 0.864980936050415 -0.24605856835842133 0.43733635544776917 -1.613182783126831 0.24823200702667236 0.9672367572784424 0.05323350802063942 0.17763656377792358 -0.4361063241958618 0.06251490861177444 0.8977210521697998 -0.4080013632774353
1305031458.259934 0.8661801815032959 -0.24767178297042847 0.4340396523475647 -1.6239770650863647 0.24237637221813202 0.96775883436203 0.06853047013282776 0.14458733797073364 -0.4370187819004059 0.04584120959043503 0.8982834219932556 -0.3912668228149414
1305031458.291664 0.8672789335250854 -0.24014738202095032 0.4360693693161011 -1.646820068359375 0.24348469078540802 0.9686564207077026 0.04919210821390152 0.14167936146259308 -0.43421483039855957 0.06351294368505478 0.8985675573348999 -0.3748190402984619
1305031458.327628 0.8702906966209412 -0.24498848617076874 0.42728757858276367 -1.6579397916793823 0.2504604458808899 0.9671096801757812 0.044366709887981415 0.13763266801834106 -0.4241032600402832 0.06840670108795166 0.9030265212059021 -0.3568130135536194
1305031458.35959 0.8724492788314819 -0.24484603106975555 0.4229452610015869 -1.6658663749694824 0.25339818000793457 0.9666582345962524 0.03689681738615036 0.1154947355389595 -0.41787752509117126 0.07498296350240707 0.905403733253479 -0.3399631977081299
1305031458.391626 0.8723322153091431 -0.2433624416589737 0.4240414798259735 -1.6769407987594604 0.2642761766910553 0.9643970727920532 0.009813711047172546 0.12026698142290115 -0.4113326370716095 0.10350324213504791 0.9055896401405334 -0.32017064094543457
1305031458.427598 0.8693075180053711 -0.252986341714859 0.4246201515197754 -1.6805894374847412 0.2818596661090851 0.959440290927887 -0.005410544574260712 0.12200094759464264 -0.4060288965702057 0.124386727809906 0.9053553342819214 -0.3081124424934387
1305031458.459637 0.8614987730979919 -0.2637903392314911 0.4338599443435669 -1.6769554615020752 0.30107924342155457 0.9534263610839844 -0.018150484189391136 0.10911109298467636 -0.4088655710220337 0.14626285433769226 0.9007974863052368 -0.29375410079956055
1305031458.491696 0.8539961576461792 -0.2483912855386734 0.4571568965911865 -1.6765064001083374 0.3051069378852844 0.950823187828064 -0.05333822965621948 0.10354235023260117 -0.4214266538619995 0.18503238260746002 0.8877851963043213 -0.2776184678077698
1305031458.527737 0.8438909649848938 -0.22626560926437378 0.4864688813686371 -1.6920042037963867 0.3082405626773834 0.9466104507446289 -0.09442752599716187 0.1218390241265297 -0.4391307532787323 0.22963593900203705 0.868580162525177 -0.2560211420059204
1305031458.559628 0.8371696472167969 -0.21630942821502686 0.5023517608642578 -1.6927502155303955 0.3103215992450714 0.9441765546798706 -0.11059489101171494 0.1304599642753601 -0.45038601756095886 0.2484772801399231 0.8575613498687744 -0.2367343306541443
1305031458.591641 0.8327995538711548 -0.19204765558242798 0.5191941261291504 -1.7042407989501953 0.2988494634628296 0.9454532265663147 -0.12964242696762085 0.13243445754051208 -0.4659762382507324 0.26312702894210815 0.8447664380073547 -0.21097004413604736
1305031458.627659 0.8356055021286011 -0.1838461458683014 0.5176523327827454 -1.7069337368011475 0.2963113486766815 0.9443363547325134 -0.14292758703231812 0.15573664009571075 -0.4625612199306488 0.27281734347343445 0.8435685634613037 -0.18731874227523804
1305031458.659623 0.8344043493270874 -0.18936510384082794 0.517600417137146 -1.7235373258590698 0.2971677780151367 0.9454970359802246 -0.1331411600112915 0.1592242270708084 -0.4641774296760559 0.26490771770477295 0.8452001214027405 -0.1592819094657898
1305031458.691674 0.8491606116294861 -0.17840474843978882 0.49708953499794006 -1.7378947734832764 0.27624309062957764 0.9522360563278198 -0.1301402747631073 0.16141000390052795 -0.45012879371643066 0.24782754480838776 0.8578843474388123 -0.13526630401611328
1305031458.72765 0.8678202033042908 -0.1687343418598175 0.46735090017318726 -1.7270315885543823 0.2553982138633728 0.9582905173301697 -0.12826158106327057 0.15100359916687012 -0.4262157678604126 0.23066852986812592 0.8747182488441467 -0.1181788444519043
1305031458.759945 0.8849966526031494 -0.14921100437641144 0.4410407245159149 -1.729771375656128 0.23604628443717957 0.9602857828140259 -0.14877302944660187 0.1565435826778412 -0.4013265371322632 0.2357696294784546 0.8850703835487366 -0.1021912693977356
1305031458.791632 0.9041376709938049 -0.13243721425533295 0.4061962366104126 -1.7205421924591064 0.2134713977575302 0.9635941386222839 -0.16098584234714508 0.1745208501815796 -0.37008780241012573 0.23226463794708252 0.8994932770729065 -0.08763736486434937
1305031458.827564 0.9136841297149658 -0.13585259020328522 0.383047491312027 -1.7066700458526611 0.20701061189174652 0.9666220545768738 -0.1509583741426468 0.174192875623703 -0.3497540354728699 0.2172231376171112 0.9113101959228516 -0.07496684789657593
1305031458.891665 0.9204554557800293 -0.11931752413511276 0.37218961119651794 -1.6957643032073975 0.19306671619415283 0.9667761921882629 -0.16753830015659332 0.1699543297290802 -0.3398337662220001 0.22606894373893738 0.9129106998443604 -0.056824684143066406
1305031458.927621 0.9154638648033142 -0.13104763627052307 0.38046345114707947 -1.6953463554382324 0.2066192477941513 0.9644119143486023 -0.1649792492389679 0.17584998905658722 -0.34530335664749146 0.22964362800121307 0.9099612236022949 -0.04997909069061279
1305031458.959617 0.9053640961647034 -0.161795511841774 0.39260444045066833 -1.7001107931137085 0.23369352519512177 0.9618054032325745 -0.1425401270389557 0.1662531942129135 -0.35454678535461426 0.22079980373382568 0.90859454870224 -0.04116755723953247
1305031458.991647 0.8975637555122375 -0.16599035263061523 0.4084441363811493 -1.7145588397979736 0.23735323548316956 0.9626345634460449 -0.13037671148777008 0.13361497223377228 -0.37154120206832886 0.21396693587303162 0.9034242033958435 -0.026535451412200928
1305031459.027665 0.8960006833076477 -0.15590457618236542 0.41578441858291626 -1.7373909950256348 0.23865072429180145 0.9586864709854126 -0.15480998158454895 0.1318703144788742 -0.3744713068008423 0.2379370927810669 0.8961904644966125 -0.0005835890769958496
