1305031453.359684 1.0 0.0 0.0 0.0 0.0 1.0 0.0 0.0 0.0 0.0 1.0 0.0
1305031453.39169 0.9996271729469299 -0.024356212466955185 0.012342534027993679 0.0021428698673844337 0.02434263378381729 0.9997028708457947 0.0012492150999605656 0.004631655290722847 -0.012369292788207531 -0.0009482995956204832 0.999923050403595 -0.009320142678916454
1305031453.423683 0.9989008903503418 -0.042696088552474976 0.01934039406478405 0.007660706527531147 0.042710524052381516 0.9990874528884888 -0.0003337932866998017 0.00651365052908659 -0.01930849440395832 0.001159464824013412 0.99981290102005 -0.017872033640742302
1305031453.459685 0.9976650476455688 -0.059607334434986115 0.033338762819767 0.010328914038836956 0.05988406762480736 0.9981781244277954 -0.007363476790487766 0.010789440013468266 -0.032839108258485794 0.009342743083834648 0.9994170069694519 -0.02754213660955429
1305031453.491698 0.9957598447799683 -0.0798143669962883 0.04573775827884674 0.0144219771027565 0.08054962009191513 0.9966456890106201 -0.014461874961853027 0.015083775855600834 -0.044430073350667953 0.01808471418917179 0.9988487958908081 -0.03890629857778549
1305031453.523684 0.9937000870704651 -0.09743816405534744 0.05537041649222374 0.016060318797826767 0.09906686097383499 0.9947016835212708 -0.02746698260307312 0.020848026499152184 -0.05240071192383766 0.03277932479977608 0.9980881214141846 -0.051783472299575806
1305031453.559753 0.991767406463623 -0.11074677854776382 0.06428445875644684 0.013956239446997643 0.11358779668807983 0.992624819278717 -0.04235371947288513 0.028110453858971596 -0.059119805693626404 0.0493069663643837 0.9970324635505676 -0.066436268389225
1305031453.59164 0.9903324246406555 -0.11874296516180038 0.0717054083943367 0.012493588030338287 0.12286122888326645 0.9908405542373657 -0.056036610156297684 0.033936478197574615 -0.06439466774463654 0.06430469453334808 0.9958505034446716 -0.08079825341701508
1305031453.627706 0.9889991283416748 -0.12516814470291138 0.078826904296875 0.00390030350536108 0.13057482242584229 0.9891291856765747 -0.06762822717428207 0.03892126679420471 -0.06950508803129196 0.07717707008123398 0.9945917725563049 -0.09779257327318192
1305031453.6596 0.9895508885383606 -0.12075074017047882 0.07879239320755005 -0.009701918810606003 0.12748153507709503 0.9880300164222717 -0.08686264604330063 0.04932459816336632 -0.06736050546169281 0.0959995910525322 0.9930995106697083 -0.11115409433841705
1305031453.691678 0.9912386536598206 -0.11175759881734848 0.07040008157491684 -0.01655692234635353 0.11865197122097015 0.987593948841095 -0.10285931080579758 0.06025208905339241 -0.05803137272596359 0.11031123250722885 0.9922015070915222 -0.12483867257833481
1305031453.727652 0.9928464889526367 -0.10404889285564423 0.058561667799949646 -0.02173648774623871 0.11012265831232071 0.9875421524047852 -0.11239863932132721 0.06903304159641266 -0.04613714665174484 0.11804357171058655 0.9919360280036926 -0.14180436730384827
1305031453.759694 0.9948537349700928 -0.08697257190942764 0.05197872966527939 -0.04553952068090439 0.0927630364894867 0.9881880879402161 -0.12198036164045334 0.07469836622476578 -0.04075581580400467 0.12617430090904236 0.9911705255508423 -0.15235820412635803
1305031453.791716 0.9969689846038818 -0.07166862487792969 0.030271179974079132 -0.048960376530885696 0.07508990913629532 0.9882119297981262 -0.13341161608695984 0.0852719098329544 -0.020352916792035103 0.1352803111076355 0.9905983209609985 -0.16678382456302643
1305031453.827773 0.9979698657989502 -0.06205122917890549 0.01435115560889244 -0.05683822184801102 0.06343971937894821 0.988420307636261 -0.13784293830394745 0.09061414003372192 -0.005631651729345322 0.1384735256433487 0.9903501868247986 -0.17859341204166412
1305031453.859705 0.9989704489707947 -0.045360926538705826 0.0006703726830892265 -0.08654912561178207 0.044968295842409134 0.9881553649902344 -0.14671970903873444 0.10511749982833862 0.005992910359054804 0.14659880101680756 0.9891778826713562 -0.18924970924854279
1305031453.89171 0.999075710773468 -0.03274362534284592 -0.02784975990653038 -0.10250237584114075 0.028232134878635406 0.9883914589881897 -0.14928239583969116 0.1162317767739296 0.0324145071208477 0.14835812151432037 0.9884023070335388 -0.19795812666416168
1305031453.927723 0.9971544742584229 -0.02541874349117279 -0.07097100466489792 -0.10733143240213394 0.015104998834431171 0.9897160530090332 -0.14224570989608765 0.11848446726799011 0.07385685294866562 0.14076893031597137 0.9872838258743286 -0.20331357419490814
1305031453.959641 0.9937566518783569 -0.012668396346271038 -0.1108478531241417 -0.10758817195892334 -0.0027807552833110094 0.9904115796089172 -0.13812009990215302 0.12394484877586365 0.11153476685285568 0.13756603002548218 0.9841927886009216 -0.21055348217487335
1305031453.991624 0.9908337593078613 0.009819284081459045 -0.1347288191318512 -0.11870705336332321 -0.02772495523095131 0.9909048080444336 -0.13167817890644073 0.12429200112819672 0.13221043348312378 0.13420657813549042 0.9820941686630249 -0.2170172929763794
1305031454.027662 0.986474335193634 0.027295520529150963 -0.16162723302841187 -0.12866687774658203 -0.04893900826573372 0.9901094436645508 -0.1314847618341446 0.12237101793289185 0.15643969178199768 0.13761624693870544 0.9780533313751221 -0.22105306386947632
1305031454.059654 0.9822052717208862 0.04881304129958153 -0.18135634064674377 -0.14593929052352905 -0.07390564680099487 0.9881822466850281 -0.1342899352312088 0.13214635848999023 0.1726580113172531 0.14530357718467712 0.9742053151130676 -0.2248179316520691
1305031454.091651 0.9760692119598389 0.074164979159832 -0.20442266762256622 -0.1573348045349121 -0.10166344046592712 0.9866182804107666 -0.1274712085723877 0.12989896535873413 0.19223327934741974 0.14520302414894104 0.9705474972724915 -0.23445241153240204
1305031454.127701 0.9676476716995239 0.10088478773832321 -0.2312578707933426 -0.17285552620887756 -0.13309571146965027 0.9827796816825867 -0.12817831337451935 0.13075536489486694 0.21434429287910461 0.15481090545654297 0.9644117951393127 -0.23861126601696014
1305031454.159672 0.9577977657318115 0.12206904590129852 -0.260235458612442 -0.18730181455612183 -0.15933895111083984 0.9789910912513733 -0.1272309422492981 0.1385907381772995 0.2392372339963913 0.1633271872997284 0.9571258425712585 -0.2364235520362854
1305031454.191658 0.9453761577606201 0.15082694590091705 -0.2889900207519531 -0.2059112787246704 -0.19166062772274017 0.9742820262908936 -0.11849342286586761 0.1448332518339157 0.26368579268455505 0.16740885376930237 0.949970543384552 -0.23888029158115387
1305031454.227671 0.9287601709365845 0.1794554740190506 -0.32434597611427307 -0.21110700070858002 -0.22313600778579712 0.9693717956542969 -0.10260874032974243 0.13125881552696228 0.29599815607070923 0.16767218708992004 0.9403569102287292 -0.250240296125412
1305031454.259627 0.9122006297111511 0.2043820172548294 -0.35513100028038025 -0.21497365832328796 -0.25775718688964844 0.959972620010376 -0.1096077710390091 0.1407216340303421 0.3185141384601593 0.19152182340621948 0.9283685684204102 -0.24516840279102325
1305031454.291639 0.9014393091201782 0.22602704167366028 -0.36921393871307373 -0.22359547019004822 -0.2809847295284271 0.9542954564094543 -0.10182209312915802 0.14745420217514038 0.3293246626853943 0.19552990794181824 0.9237496256828308 -0.2479773759841919
1305031454.327699 0.8869531750679016 0.2561904489994049 -0.3842924237251282 -0.24237662553787231 -0.3118506073951721 0.9459403157234192 -0.08914045989513397 0.13946078717708588 0.3406808078289032 0.19890522956848145 0.9188978672027588 -0.2516878545284271
1305031454.359636 0.8684951066970825 0.281631737947464 -0.40792131423950195 -0.2504550814628601 -0.3460843563079834 0.9336585402488708 -0.09223516285419464 0.14438395202159882 0.3548828959465027 0.22128094732761383 0.9083462357521057 -0.2520695924758911
1305031454.391677 0.8543832302093506 0.30178898572921753 -0.4230281710624695 -0.2581411600112915 -0.37050774693489075 0.9245834946632385 -0.08870904892683029 0.1517256200313568 0.3643535077571869 0.2325267344713211 0.9017637372016907 -0.25500574707984924
1305031454.427465 0.8346705436706543 0.3274705111980438 -0.4428182542324066 -0.2730962336063385 -0.4006415009498596 0.9127177596092224 -0.08020330220460892 0.15522021055221558 0.37790390849113464 0.24435469508171082 0.893017053604126 -0.2586795687675476
1305031454.459913 0.811939001083374 0.3498134911060333 -0.4673173725605011 -0.27057844400405884 -0.43000152707099915 0.8998287916183472 -0.07353197038173676 0.159383162856102 0.3947831690311432 0.2606506645679474 0.8810263276100159 -0.25552254915237427
1305031454.491617 0.7940570116043091 0.37455829977989197 -0.4787270426750183 -0.27359941601753235 -0.45859667658805847 0.886085569858551 -0.06738948076963425 0.16455930471420288 0.3989518880844116 0.27305376529693604 0.8753736019134521 -0.2569129467010498
1305031454.5277 0.7748967409133911 0.4010293185710907 -0.48858025670051575 -0.2793274521827698 -0.488424152135849 0.8705335259437561 -0.06011035293340683 0.1775270700454712 0.40121954679489136 0.2852136790752411 0.8704459071159363 -0.2595677673816681
1305031454.559575 0.7580958604812622 0.42309069633483887 -0.4962711036205292 -0.2864198088645935 -0.510502278804779 0.8585414886474609 -0.04789473116397858 0.18762482702732086 0.4058055579662323 0.2896563410758972 0.8668454885482788 -0.26218584179878235
1305031454.591635 0.7317330837249756 0.4502520263195038 -0.5117027163505554 -0.2956499755382538 -0.539708137512207 0.8412607908248901 -0.031547412276268005 0.1981884092092514 0.4162711799144745 0.2992544174194336 0.8585831522941589 -0.26335281133651733
1305031454.62758 0.7023981213569641 0.4713488817214966 -0.5333546996116638 -0.29431629180908203 -0.5622945427894592 0.8268793821334839 -0.009760651737451553 0.19833946228027344 0.43641936779022217 0.3067583441734314 0.8458353877067566 -0.267683207988739
1305031454.659528 0.6815996170043945 0.48220178484916687 -0.5503666996955872 -0.29396435618400574 -0.5720726251602173 0.8201410174369812 0.01008235290646553 0.21054740250110626 0.45624008774757385 0.3079775869846344 0.8348621726036072 -0.2723979949951172
1305031454.691884 0.6549920439720154 0.4903378486633301 -0.5749383568763733 -0.28862398862838745 -0.5777079463005066 0.8153924942016602 0.03726271539926529 0.21428771317005157 0.48707181215286255 0.3077397048473358 0.8173476457595825 -0.26806020736694336
1305031454.727659 0.6324179768562317 0.4943261444568634 -0.596396803855896 -0.28212857246398926 -0.5809105038642883 0.8119686841964722 0.05700752139091492 0.21775484085083008 0.512435793876648 0.3104005753993988 0.8006628155708313 -0.26396504044532776
1305031454.759732 0.6292431354522705 0.48883891105651855 -0.6042264103889465 -0.27710726857185364 -0.5686411261558533 0.8195295929908752 0.07084192335605621 0.22180187702178955 0.5298117399215698 0.29901114106178284 0.7936571836471558 -0.26041001081466675
1305031454.791641 0.6346314549446106 0.47829192876815796 -0.6070253252983093 -0.27131766080856323 -0.5527415871620178 0.8298794031143188 0.07600580155849457 0.22846300899982452 0.5401108264923096 0.2872925102710724 0.7910392880439758 -0.2604013979434967
1305031454.82757 0.6405639052391052 0.47163698077201843 -0.6060003638267517 -0.26389920711517334 -0.5379568338394165 0.8387616276741028 0.08415059745311737 0.2322637438774109 0.547978401184082 0.27209824323654175 0.7910007238388062 -0.2648281157016754
1305031454.85962 0.6533944010734558 0.4632483124732971 -0.5987293124198914 -0.26006489992141724 -0.5239558219909668 0.8475926518440247 0.08400463312864304 0.242933988571167 0.5463935732841492 0.258819580078125 0.7965340614318848 -0.2658517360687256
1305031454.891764 0.6674453020095825 0.45545411109924316 -0.5891335606575012 -0.25653183460235596 -0.5101987719535828 0.8559713959693909 0.0837261900305748 0.24995362758636475 0.5424149036407471 0.2446925938129425 0.8036863207817078 -0.26720669865608215
1305031454.927567 0.6812711954116821 0.44822245836257935 -0.5787626504898071 -0.2539238929748535 -0.49792832136154175 0.8632894158363342 0.08245429396629333 0.259515643119812 0.5365975499153137 0.23200860619544983 0.8113169074058533 -0.2690512537956238
1305031454.959648 0.6955769658088684 0.44135063886642456 -0.5669060349464417 -0.2564128637313843 -0.48594194650650024 0.8702069520950317 0.08124151080846786 0.269083172082901 0.5291814804077148 0.21897372603416443 0.8197668194770813 -0.27315476536750793
1305031454.991937 0.7064144611358643 0.4334701597690582 -0.5595375895500183 -0.2599986791610718 -0.47469571232795715 0.8765302896499634 0.07974059134721756 0.27916908264160156 0.5250167846679688 0.20928016304969788 0.8249601125717163 -0.27829405665397644
1305031455.027799 0.7103244662284851 0.4276820421218872 -0.5590413808822632 -0.26063990592956543 -0.469267874956131 0.87971431016922 0.07674845308065414 0.2913822829723358 0.5246206521987915 0.20782387256622314 0.8255800604820251 -0.2808699905872345
1305031455.059636 0.7164089679718018 0.4259375333786011 -0.5525716543197632 -0.26481038331985474 -0.4651872217655182 0.8818860054016113 0.0766671746969223 0.2988387942314148 0.5199607014656067 0.2021241933107376 0.8299317955970764 -0.28406524658203125
1305031455.0917 0.7220584154129028 0.42467591166496277 -0.5461521744728088 -0.27059096097946167 -0.4670429825782776 0.8816120624542236 0.0680525004863739 0.3091546893119812 0.5103944540023804 0.2059386521577835 0.8349172472953796 -0.2908767759799957
1305031455.127695 0.729324221611023 0.42244237661361694 -0.5381715893745422 -0.27597180008888245 -0.4657352864742279 0.8827652931213379 0.0617746040225029 0.3203977048397064 0.5011752843856812 0.20559179782867432 0.8405684232711792 -0.29609957337379456
1305031455.15972 0.739740252494812 0.4164067208766937 -0.5285734534263611 -0.28566354513168335 -0.45708802342414856 0.8874344825744629 0.05941901355981827 0.32992812991142273 0.4938168525695801 0.19764991104602814 0.8468055129051208 -0.3018125891685486
1305031455.191655 0.7500903606414795 0.40938860177993774 -0.5193895697593689 -0.2959161698818207 -0.4460776150226593 0.8930035829544067 0.05966026335954666 0.33986353874206543 0.48824089765548706 0.18693748116493225 0.8524524569511414 -0.306266188621521
1305031455.227581 0.7585587501525879 0.40081045031547546 -0.5137506127357483 -0.30539798736572266 -0.4365091323852539 0.8979527950286865 0.05604078248143196 0.34642234444618225 0.4837854504585266 0.18174661695957184 0.8561074137687683 -0.31039711833000183
1305031455.259631 0.7713614106178284 0.3902765214443207 -0.5026788115501404 -0.3152318596839905 -0.4257751703262329 0.9035468101501465 0.0481550432741642 0.36509835720062256 0.47298747301101685 0.17688316106796265 0.8631311058998108 -0.31712329387664795
1305031455.291831 0.7872646450996399 0.3785291612148285 -0.48675480484962463 -0.32925885915756226 -0.40400686860084534 0.9130046367645264 0.056575924158096313 0.3711564540863037 0.4658249616622925 0.15211200714111328 0.8717046976089478 -0.3227347731590271
1305031455.327766 0.7988474369049072 0.36103177070617676 -0.4811432957649231 -0.342568576335907 -0.38267841935157776 0.9221473932266235 0.05657961592078209 0.3843660354614258 0.4641120433807373 0.13892467319965363 0.8748142123222351 -0.32458433508872986
1305031455.35963 0.8039974570274353 0.351736843585968 -0.4794469177722931 -0.34651559591293335 -0.36542776226997375 0.928333580493927 0.06825828552246094 0.3937687575817108 0.4690956473350525 0.12032371759414673 0.8749122023582458 -0.32337599992752075
1305031455.391665 0.8166245222091675 0.34620794653892517 -0.4618057608604431 -0.35905921459198 -0.34800538420677185 0.9336704015731812 0.0845688134431839 0.3930774927139282 0.46045273542404175 0.09164994210004807 0.8829402327537537 -0.3262905478477478
1305031455.427642 0.8323666453361511 0.3328799307346344 -0.4431217610836029 -0.37477725744247437 -0.3277381658554077 0.9403941035270691 0.09081032127141953 0.39740532636642456 0.44693800806999207 0.06964047253131866 0.8918500542640686 -0.3370591700077057
1305031455.459589 0.8432199358940125 0.3183262050151825 -0.43318426609039307 -0.38996362686157227 -0.30799567699432373 0.9465291500091553 0.0960259735584259 0.39873021841049194 0.44058921933174133 0.05244789272546768 0.8961753845214844 -0.34476739168167114
1305031455.491637 0.8541605472564697 0.30208510160446167 -0.4232664704322815 -0.4033697545528412 -0.2891674339771271 0.9524321556091309 0.09620458632707596 0.4051240086555481 0.4321945309638977 0.0402207188308239 0.9008829593658447 -0.35487425327301025
1305031455.52761 0.8665342926979065 0.27993083000183105 -0.4132276177406311 -0.4214003086090088 -0.2613216042518616 0.9598239660263062 0.10222017765045166 0.4023171663284302 0.42524033784866333 0.01940799504518509 0.9048723578453064 -0.3649114668369293
1305031455.559669 0.8753389120101929 0.25646236538887024 -0.4098890423774719 -0.44077232480049133 -0.23521041870117188 0.9665307998657227 0.10244224965572357 0.40225234627723694 0.4224429428577423 0.006738480180501938 0.9063645005226135 -0.3788193464279175
1305031455.591645 0.8824293613433838 0.2291504442691803 -0.4108631908893585 -0.4560238718986511 -0.20686215162277222 0.9733889102935791 0.09860043972730637 0.409711629152298 0.42252397537231445 -0.002015884965658188 0.9063494801521301 -0.3888731598854065
1305031455.627617 0.8902462124824524 0.20817534625530243 -0.4051230847835541 -0.4733598828315735 -0.18185807764530182 0.9779273271560669 0.10288713872432709 0.40721946954727173 0.41759949922561646 -0.01791999116539955 0.9084544777870178 -0.3972625136375427
1305031455.659615 0.895487368106842 0.1976839303970337 -0.39877739548683167 -0.4921691119670868 -0.17354729771614075 0.9801201224327087 0.09615528583526611 0.40344247221946716 0.4098580777645111 -0.01689908839762211 0.9119926691055298 -0.4076371192932129
1305031455.691605 0.8973891735076904 0.19819976389408112 -0.3942202031612396 -0.5078836679458618 -0.17728851735591888 0.9801090955734253 0.08919017016887665 0.4037371873855591 0.4040563106536865 -0.010147567838430405 0.9146778583526611 -0.42031562328338623
1305031455.727628 0.8989210724830627 0.20841598510742188 -0.3853617012500763 -0.5247341394424438 -0.1898663192987442 0.9780312180519104 0.08605558425188065 0.4020424783229828 0.39483121037483215 -0.004189967643469572 0.9187441468238831 -0.43225419521331787
1305031455.759683 0.9033085703849792 0.21343599259853363 -0.37212708592414856 -0.5410313606262207 -0.1967683583498001 0.9769558310508728 0.08270025998353958 0.40079230070114136 0.38120293617248535 -0.0014810222201049328 0.9244901537895203 -0.4455339014530182
1305031455.791666 0.908345639705658 0.21183377504348755 -0.3606032729148865 -0.5579162240028381 -0.19554013013839722 0.9772992134094238 0.08154933154582977 0.39162710309028625 0.36969223618507385 -0.003562560770660639 0.9291474223136902 -0.4571744203567505
1305031455.82759 0.911938488483429 0.21031200885772705 -0.35233059525489807 -0.5745083093643188 -0.19647394120693207 0.9776339530944824 0.07503169029951096 0.38982918858528137 0.36023038625717163 0.0007994957268238068 0.9328629970550537 -0.47237271070480347
1305031455.859526 0.9133357405662537 0.21373598277568817 -0.3466046452522278 -0.5888745188713074 -0.20008277893066406 0.9768911004066467 0.07516937702894211 0.38516873121261597 0.3546614646911621 0.0006947536021471024 0.9349944591522217 -0.48587384819984436
1305031455.891657 0.9157617688179016 0.21396379172801971 -0.33999982476234436 -0.6022430658340454 -0.20099321007728577 0.9768409132957458 0.07337258011102676 0.38309311866760254 0.3478247821331024 0.001145864836871624 0.9375588297843933 -0.4966861307621002
1305031455.927955 0.9185631275177002 0.21676720678806305 -0.33053532242774963 -0.6156435012817383 -0.2026357501745224 0.9762157797813416 0.0770806297659874 0.37524038553237915 0.3393823504447937 -0.003825149033218622 0.9406406879425049 -0.508220911026001
1305031455.959716 0.9200721979141235 0.2202226221561432 -0.32398948073387146 -0.6252552270889282 -0.20743954181671143 0.9754492044448853 0.07394260168075562 0.3760502338409424 0.33231911063194275 -0.0008243033662438393 0.9431666135787964 -0.5179648995399475
1305031455.991694 0.922773540019989 0.22467383742332458 -0.3130665421485901 -0.6360951066017151 -0.21052172780036926 0.9744104146957397 0.0787711963057518 0.37150993943214417 0.3227531909942627 -0.006780657917261124 0.9464588761329651 -0.5282037258148193
1305031456.02777 0.9262501001358032 0.23313908278942108 -0.29615363478660583 -0.6496362686157227 -0.21998676657676697 0.9724209904670715 0.07748175412416458 0.38445577025413513 0.30605000257492065 -0.006617588922381401 0.9519924521446228 -0.5364913940429688
1305031456.059713 0.9267833232879639 0.25295063853263855 -0.27764856815338135 -0.6666394472122192 -0.23347064852714539 0.9670316576957703 0.1016918420791626 0.3727937638759613 0.294217973947525 -0.029423505067825317 0.9552853107452393 -0.5436305999755859
1305031456.091707 0.9276933073997498 0.2662018835544586 -0.26176658272743225 -0.6842840909957886 -0.24361290037631989 0.962924599647522 0.11588309705257416 0.3621249794960022 0.2829098403453827 -0.043734241276979446 0.9581488966941833 -0.5505618453025818
1305031456.127645 0.9296412467956543 0.268062949180603 -0.2528030574321747 -0.6949963569641113 -0.2457219362258911 0.9622818231582642 0.11676619946956635 0.35789477825164795 0.27456846833229065 -0.046431414783000946 0.9604458808898926 -0.5547130107879639
1305031456.159731 0.9317889213562012 0.2698867619037628 -0.242756187915802 -0.7029867768287659 -0.24624256789684296 0.9612994194030762 0.12356385588645935 0.342976838350296 0.2667095959186554 -0.055358510464429855 0.9621857404708862 -0.5575205087661743
1305031456.191658 0.9365926384925842 0.26274576783180237 -0.23185966908931732 -0.7094382643699646 -0.24122995138168335 0.9633595943450928 0.11724526435136795 0.32870349287986755 0.25416988134384155 -0.05387954041361809 0.965657651424408 -0.5582088232040405
1305031456.227678 0.943298876285553 0.2554941177368164 -0.21191982924938202 -0.719864010810852 -0.23972736299037933 0.9659347534179688 0.0974714457988739 0.3412867486476898 0.229604110121727 -0.041141703724861145 0.9724141359329224 -0.5626970529556274
1305031456.291675 0.9559678435325623 0.24243970215320587 -0.165373757481575 -0.7467763423919678 -0.22959980368614197 0.9688248634338379 0.09307150542736053 0.3222447335720062 0.18278247117996216 -0.051003579050302505 0.9818295240402222 -0.5605799555778503
1305031456.327718 0.962368369102478 0.22848407924175262 -0.14711236953735352 -0.7568216323852539 -0.21806371212005615 0.9723422527313232 0.08365795761346817 0.3143056333065033 0.16215810179710388 -0.04842990264296532 0.9855756163597107 -0.5576767921447754
1305031456.391619 0.9728515148162842 0.21004092693328857 -0.09717337042093277 -0.7814763784408569 -0.20406600832939148 0.9765983819961548 0.06791648268699646 0.3084537982940674 0.10916461795568466 -0.04624287784099579 0.9929473996162415 -0.5531837940216064
1305031456.427662 0.9785465598106384 0.19341714680194855 -0.07096809148788452 -0.8033755421638489 -0.19078847765922546 0.9807244539260864 0.04218105971813202 0.31940957903862 0.07775869965553284 -0.027736227959394455 0.996586263179779 -0.5474759936332703
1305031456.491677 0.9845697283744812 0.16770976781845093 -0.04995817691087723 -0.8412496447563171 -0.16555462777614594 0.985193133354187 0.04456557333469391 0.3350878059864044 0.05669253692030907 -0.03560711070895195 0.9977564811706543 -0.5347810387611389
1305031456.527641 0.9862934947013855 0.15705649554729462 -0.05058194696903229 -0.8539085984230042 -0.15419162809848785 0.9864355325698853 0.056302446871995926 0.3351932466030121 0.05873848870396614 -0.047731414437294006 0.9971316456794739 -0.5256580710411072
1305031456.591651 0.9900711178779602 0.13390643894672394 -0.04275841265916824 -0.8733747005462646 -0.13141298294067383 0.98971027135849 0.05660571902990341 0.34046873450279236 0.04989830404520035 -0.05042467638850212 0.997480571269989 -0.5086974501609802
1305031456.627612 0.9920371174812317 0.12108539789915085 -0.03465229272842407 -0.8779807090759277 -0.11820745468139648 0.9901041388511658 0.0756358653306961 0.35146379470825195 0.043467774987220764 -0.07093742489814758 0.996533215045929 -0.5020573735237122
1305031456.691612 0.9961265325546265 0.08792227506637573 -0.0012732334434986115 -0.9205043315887451 -0.08729713410139084 0.9905728101730347 0.10556815564632416 0.3329799473285675 0.010543029755353928 -0.10504809767007828 0.9944111704826355 -0.47565287351608276
1305031456.727693 0.9977067708969116 0.06766048818826675 0.0018166415393352509 -0.9347346425056458 -0.06744861602783203 0.9916255474090576 0.11013322323560715 0.3459005653858185 0.005650244653224945 -0.11000318825244904 0.9939152002334595 -0.4676303565502167
1305031456.791649 0.9990472793579102 0.04221052676439285 -0.011081150732934475 -0.9704732894897461 -0.04061848670244217 0.9922327399253845 0.11757615208625793 0.33829376101493835 0.01595803163945675 -0.11701402813196182 0.9930020570755005 -0.4455626904964447
1305031456.827603 0.9993993043899536 0.02596941590309143 -0.02295003831386566 -0.9740219116210938 -0.023217789828777313 0.9933286905288696 0.11295546591281891 0.3557804524898529 0.025730319321155548 -0.11235474795103073 0.9933350086212158 -0.43336617946624756
1305031456.891672 0.999891459941864 0.0030659001786261797 -0.014412019401788712 -0.9955583214759827 -0.0011215043487027287 0.9911109209060669 0.13303281366825104 0.35100317001342773 0.014691777527332306 -0.13300220668315887 0.9910068511962891 -0.4081254005432129
1305031456.92769 0.9999248385429382 -0.011257410980761051 -0.004855017643421888 -1.0046266317367554 0.011761310510337353 0.9926154017448425 0.12073133885860443 0.3579866588115692 0.003460044041275978 -0.1207793727517128 0.992673397064209 -0.4008147120475769
1305031456.959667 0.9997167587280273 -0.022470496594905853 0.007829869166016579 -1.017616868019104 0.02138834074139595 0.992759108543396 0.11820248514413834 0.37276437878608704 -0.010429244488477707 -0.1180015429854393 0.992958664894104 -0.39463192224502563
1305031456.991709 0.9994098544120789 -0.02783765085041523 0.020125973969697952 -1.0310696363449097 0.024790268391370773 0.9900659918785095 0.13840150833129883 0.3674643039703369 -0.02377881109714508 -0.13782092928886414 0.9901716113090515 -0.38846778869628906
1305031457.027648 0.9989053606987 -0.036016907542943954 0.029850274324417114 -1.044024109840393 0.03144902363419533 0.9894462823867798 0.14144602417945862 0.3681308627128601 -0.034629687666893005 -0.14035244286060333 0.9894957542419434 -0.383449912071228
1305031457.091655 0.997142493724823 -0.05872666463255882 0.047520995140075684 -1.064906120300293 0.050098828971385956 0.9848730564117432 0.16587728261947632 0.3734075129032135 -0.05654357373714447 -0.1630225032567978 0.9850006699562073 -0.3784869313240051
1305031457.127632 0.995602011680603 -0.06951598078012466 0.06280414760112762 -1.0789109468460083 0.057599376887083054 0.9829076528549194 0.17485685646533966 0.3662514388561249 -0.07388602197170258 -0.17047035694122314 0.9825887084007263 -0.37568557262420654
1305031457.191735 0.9907342195510864 -0.09676753729581833 0.09529872983694077 -1.1078760623931885 0.07967046648263931 0.9823511242866516 0.1692303866147995 0.36949652433395386 -0.10999280959367752 -0.16006982326507568 0.9809582829475403 -0.38374990224838257
1305031457.227543 0.988129198551178 -0.10983606427907944 0.10740946233272552 -1.1212916374206543 0.08912204205989838 0.9793320298194885 0.1815657913684845 0.36338767409324646 -0.1251319795846939 -0.16983792185783386 0.9774953126907349 -0.3866666853427887
1305031457.291656 0.9814309477806091 -0.1359403431415558 0.13532835245132446 -1.1450316905975342 0.11208917200565338 0.9789625406265259 0.17049434781074524 0.3500141501426697 -0.15565845370292664 -0.15215958654880524 0.9760214686393738 -0.3985465168952942
1305031457.327548 0.9765011072158813 -0.14530640840530396 0.15915919840335846 -1.1636065244674683 0.11944872885942459 0.9796183109283447 0.16149263083934784 0.35608407855033875 -0.17938114702701569 -0.1386863738298416 0.9739552140235901 -0.40785956382751465
1305031457.391684 0.9629851579666138 -0.1740180402994156 0.20585758984088898 -1.1963869333267212 0.14192728698253632 0.9765936136245728 0.16162170469760895 0.33997058868408203 -0.22916430234909058 -0.12642250955104828 0.9651430249214172 -0.42213883996009827
1305031457.427641 0.956074595451355 -0.18772555887699127 0.22512319684028625 -1.2189092636108398 0.15454258024692535 0.9754225611686707 0.15705855190753937 0.3394206464290619 -0.24907416105270386 -0.11536858975887299 0.9615883231163025 -0.431560218334198
1305031457.491705 0.9498209357261658 -0.20574335753917694 0.23560528457164764 -1.2487802505493164 0.17091602087020874 0.9722145199775696 0.15995843708515167 0.3233526051044464 -0.26196926832199097 -0.11166317015886307 0.958594560623169 -0.44598424434661865
1305031457.527638 0.9469231963157654 -0.2117120623588562 0.24189764261245728 -1.2613813877105713 0.17729637026786804 0.9716557860374451 0.15636858344078064 0.31415876746177673 -0.2681463360786438 -0.10518144816160202 0.9576191306114197 -0.4556562304496765
1305031457.559685 0.9419988989830017 -0.21669165790081024 0.25628647208213806 -1.2804673910140991 0.18311086297035217 0.9717934727668762 0.14861997961997986 0.3116334080696106 -0.28126221895217896 -0.09307102859020233 0.9551069736480713 -0.46383124589920044
1305031457.591678 0.9364620447158813 -0.22223085165023804 0.27138954401016235 -1.303454875946045 0.18899230659008026 0.971458911895752 0.14335112273693085 0.3093287944793701 -0.29550081491470337 -0.0829523578286171 0.9517343044281006 -0.47016963362693787
1305031457.627526 0.9343944787979126 -0.2295125424861908 0.27245327830314636 -1.314733862876892 0.1949121505022049 0.9695480465888977 0.14827685058116913 0.296184778213501 -0.29818788170814514 -0.0854446217417717 0.9506751298904419 -0.4747571647167206
1305031457.659632 0.9305355548858643 -0.23405978083610535 0.2816373407840729 -1.3353619575500488 0.20244254171848297 0.969666063785553 0.13698408007621765 0.30142462253570557 -0.3051566779613495 -0.07045316696166992 0.94969242811203 -0.4829966425895691
1305031457.69157 0.928509533405304 -0.24215485155582428 0.2814800441265106 -1.3499490022659302 0.20671837031841278 0.9668524861335754 0.14987929165363312 0.2933230698108673 -0.3084436357021332 -0.08097724616527557 0.9477896094322205 -0.4865749776363373
1305031457.727669 0.9283722043037415 -0.24258339405059814 0.28156405687332153 -1.3600231409072876 0.20369763672351837 0.965795636177063 0.16045624017715454 0.2726036608219147 -0.31085726618766785 -0.09160919487476349 0.9460315108299255 -0.49005505442619324
1305031457.759556 0.9272388219833374 -0.2391015589237213 0.28819888830184937 -1.3751003742218018 0.20134000480175018 0.9672324657440186 0.1546727418899536 0.26355066895484924 -0.31573784351348877 -0.08539262413978577 0.944996178150177 -0.49539822340011597
1305031457.791567 0.9259422421455383 -0.23524613678455353 0.29544928669929504 -1.3818511962890625 0.19881488382816315 0.9687567949295044 0.14826637506484985 0.2416822463274002 -0.32109755277633667 -0.07854639738798141 0.9437832236289978 -0.4996824264526367
1305031457.827699 0.9205989241600037 -0.2322210967540741 0.3139604330062866 -1.3969727754592896 0.20231874287128448 0.9712873101234436 0.12517181038856506 0.24589966237545013 -0.33401334285736084 -0.05171293765306473 0.9411486387252808 -0.508715033531189
1305031457.859623 0.9142388701438904 -0.23120002448558807 0.3327370882034302 -1.4137585163116455 0.20045527815818787 0.9717666506767273 0.12444798648357391 0.2349517047405243 -0.3521152138710022 -0.047076284885406494 0.9347720146179199 -0.5104081034660339
1305031457.891593 0.9076479077339172 -0.22994039952754974 0.35114485025405884 -1.4305503368377686 0.20073913037776947 0.972517192363739 0.11795847862958908 0.21249321103096008 -0.36861780285835266 -0.03657626733183861 0.9288612008094788 -0.5083187818527222
1305031457.927633 0.9018075466156006 -0.2339370846748352 0.3633412718772888 -1.4479100704193115 0.21540015935897827 0.9722429513931274 0.09135827422142029 0.21102586388587952 -0.37462812662124634 -0.004123814404010773 0.9271660447120667 -0.5139175653457642
1305031457.991644 0.8972890377044678 -0.23497769236564636 0.3737083673477173 -1.4768414497375488 0.22411537170410156 0.9718284606933594 0.07294934242963791 0.1937451809644699 -0.3803218603134155 0.018297141417860985 0.9246731996536255 -0.5069862008094788
1305031458.027845 0.8941321969032288 -0.23098379373550415 0.3836328387260437 -1.4888291358947754 0.2255844622850418 0.9723923802375793 0.059704288840293884 0.18116502463817596 -0.3868323564529419 0.03315809369087219 0.9215538501739502 -0.5027045011520386
1305031458.059689 0.8886590003967285 -0.229929581284523 0.3967588245868683 -1.505049228668213 0.2350066751241684 0.9713072180747986 0.036524612456560135 0.19382426142692566 -0.39377284049987793 0.060783058404922485 0.9171959757804871 -0.5005979537963867
1305031458.09169 0.8832195401191711 -0.2333783209323883 0.4067652225494385 -1.5209600925445557 0.23925398290157318 0.9702451825141907 0.03717236593365669 0.19296066462993622 -0.4033372104167938 0.06448883563280106 0.9127761125564575 -0.49337223172187805
1305031458.127605 0.878055989742279 -0.2348478138446808 0.41697055101394653 -1.5365337133407593 0.23891156911849976 0.9700767397880554 0.04327087104320526 0.18243896961212158 -0.41465550661087036 0.061624862253665924 0.9078894257545471 -0.4787227511405945
1305031458.159638 0.8733904361724854 -0.2381257563829422 0.424835741519928 -1.554887056350708 0.24328763782978058 0.9690015316009521 0.04297921806573868 0.17231416702270508 -0.4219008684158325 0.065819650888443 0.9042496681213379 -0.46700918674468994
1305031458.191646 0.8698789477348328 -0.2443528175354004 0.4284883141517639 -1.5748502016067505 0.25019964575767517 0.9672104716300964 0.043635185807943344 0.17174255847930908 -0.425100713968277 0.06925030052661896 0.9024930596351624 -0.45193690061569214
1305031458.227611 0.8701397180557251 -0.24967949092388153 0.4248730540275574 -1.5912830829620361 0.24887727200984955 0.9667710065841675 0.05842890590429306 0.1652843952178955 -0.42534342408180237 0.05489994212985039 0.9033653140068054 -0.4354076385498047
1305031458.259934 0.870643675327301 -0.25086355209350586 0.4231394827365875 -1.6063122749328613 0.24171732366085052 0.9673537015914917 0.07615482062101364 0.12947341799736023 -0.4284299612045288 0.03597641736268997 0.9028584361076355 -0.4182862639427185
1305031458.291664 0.871522068977356 -0.24135556817054749 0.4268450438976288 -1.6311169862747192 0.24253502488136292 0.9687183499336243 0.05255049839615822 0.13171561062335968 -0.42617592215538025 0.05772595852613449 0.9027965664863586 -0.39700472354888916
1305031458.327628 0.8744783401489258 -0.2477024644613266 0.4170505404472351 -1.6420331001281738 0.24959908425807953 0.967006504535675 0.0509791374206543 0.12342491000890732 -0.415918231010437 0.05951527878642082 0.9074524641036987 -0.38411611318588257
1305031458.35959 0.8774509429931641 -0.24791690707206726 0.4106300473213196 -1.646013855934143 0.2530035674571991 0.9665136933326721 0.04290191829204559 0.10364529490470886 -0.40751558542251587 0.06624653190374374 0.9107922315597534 -0.36686885356903076
1305031458.391626 0.8771361708641052 -0.2463936060667038 0.4122166037559509 -1.6594092845916748 0.2630971074104309 0.9646238684654236 0.016751423478126526 0.10611782222986221 -0.40176138281822205 0.0937596932053566 0.9109318852424622 -0.3507043719291687
1305031458.427598 0.8742654323577881 -0.25748932361602783 0.4115326702594757 -1.6594212055206299 0.2829406261444092 0.959136962890625 -0.0009661994408816099 0.11011185497045517 -0.39446738362312317 0.11728401482105255 0.9113944172859192 -0.33421790599823
1305031458.459637 0.8675426840782166 -0.2598889172077179 0.42406052350997925 -1.659023404121399 0.29724788665771484 0.9545203447341919 -0.02312401682138443 0.11041761934757233 -0.3987647294998169 0.14611217379570007 0.9053385257720947 -0.31684160232543945
1305031458.491696 0.8586307764053345 -0.24872098863124847 0.44820865988731384 -1.6589977741241455 0.30443075299263 0.950915515422821 -0.055511873215436935 0.09881837666034698 -0.4124016761779785 0.18411269783973694 0.8922036290168762 -0.29899394512176514
1305031458.527737 0.849507212638855 -0.22805634140968323 0.47573918104171753 -1.6732553243637085 0.3075263798236847 0.9467564225196838 -0.09528761357069016 0.11711213737726212 -0.42867815494537354 0.2272498607635498 0.8744097352027893 -0.28043270111083984
1305031458.559628 0.8420496582984924 -0.21722109615802765 0.4937278628349304 -1.6787182092666626 0.30705133080482483 0.9455845952033997 -0.10765346139669418 0.12017371505498886 -0.4434768855571747 0.24224933981895447 0.8629271984100342 -0.26185286045074463
1305031458.591641 0.8376178741455078 -0.1956539899110794 0.510015606880188 -1.690280795097351 0.29746389389038086 0.9464547038078308 -0.12545375525951385 0.12041282653808594 -0.45816120505332947 0.2567934989929199 0.8509673476219177 -0.23785221576690674
1305031458.627659 0.8387832045555115 -0.1829673945903778 0.5128018260002136 -1.696500301361084 0.29577964544296265 0.9438732862472534 -0.14702937006950378 0.1559622585773468 -0.45711836218833923 0.2750020921230316 0.8458229899406433 -0.20269739627838135
1305031458.659623 0.8395204544067383 -0.19014093279838562 0.5089713335037231 -1.7067070007324219 0.29533419013023376 0.9459874033927917 -0.13373678922653198 0.15178245306015015 -0.45605164766311646 0.2625913918018341 0.8503308892250061 -0.1766873598098755
1305031458.691674 0.8580523133277893 -0.1842988282442093 0.4793538451194763 -1.707367181777954 0.27600833773612976 0.9526205062866211 -0.12780281901359558 0.1508186310529709 -0.43308836221694946 0.24196715652942657 0.868266224861145 -0.15910351276397705
1305031458.72765 0.8748590350151062 -0.17698130011558533 0.4508872628211975 -1.6986596584320068 0.2606586813926697 0.956601083278656 -0.13027448952198029 0.14590618014335632 -0.4082629978656769 0.23149944841861725 0.8830229043960571 -0.13827437162399292
1305031458.759945 0.893825113773346 -0.1550660878419876 0.4207507371902466 -1.6980758905410767 0.23806896805763245 0.959246039390564 -0.15221720933914185 0.15331104397773743 -0.3799998164176941 0.2362232804298401 0.8943145871162415 -0.12241923809051514
1305031458.791632 0.9099047780036926 -0.13722215592861176 0.39146289229393005 -1.6969962120056152 0.21481573581695557 0.9631786942481995 -0.1616819053888321 0.16787809133529663 -0.35486239194869995 0.23120754957199097 0.9058784246444702 -0.10375624895095825
1305031458.827564 0.9176765084266663 -0.14014527201652527 0.3717917799949646 -1.6897897720336914 0.208571195602417 0.9663510322570801 -0.1505448967218399 0.16500701010227203 -0.33818328380584717 0.21569660305976868 0.916027843952179 -0.09617787599563599
1305031458.891665 0.9249045252799988 -0.11710778623819351 0.3617144525051117 -1.6782913208007812 0.18980565667152405 0.9665669798851013 -0.17239996790885925 0.16800940036773682 -0.32943201065063477 0.22810900211334229 0.9162099361419678 -0.07558417320251465
1305031458.927621 0.9193316698074341 -0.128682479262352 0.3718469440937042 -1.6806633472442627 0.2042512744665146 0.9637880325317383 -0.1714470535516739 0.17710620164871216 -0.3363192677497864 0.23356689512729645 0.9123243689537048 -0.06425845623016357
1305031458.959617 0.9096635580062866 -0.1601172834634781 0.3832426369190216 -1.6839196681976318 0.23200884461402893 0.9612182974815369 -0.14910216629505157 0.16789484024047852 -0.3445059657096863 0.22454845905303955 0.9115337133407593 -0.05561774969100952
1305031458.991647 0.9017179012298584 -0.16290710866451263 0.40045735239982605 -1.7010293006896973 0.23396459221839905 0.9628056883811951 -0.1351509392261505 0.1331510692834854 -0.3635455369949341 0.21556083858013153 0.9062936305999756 -0.04148203134536743
