0.1033914 0.9999986290931702 0.0007584277773275971 0.0014761394122615457 -0.0003867389459628612 -0.0007515958277508616 0.9999890327453613 -0.004623306915163994 -0.000205074276891537 -0.0014796294271945953 0.00462219025939703 0.9999881982803345 0.06810539960861206
0.2071056 0.9999963045120239 -0.0015367157757282257 0.0022386235650628805 -0.00021932017989456654 0.0015488085336983204 0.9999841451644897 -0.005410282872617245 -0.0001054068561643362 -0.002230274025350809 0.005413730163127184 0.9999828338623047 0.13626088201999664
0.3102615 0.9999923706054688 -0.003171417862176895 0.002293555298820138 -0.00012237165356054902 0.0031743375584483147 0.999994158744812 -0.0012705004774034023 -0.0002675021532922983 -0.002289512660354376 0.0012777710799127817 0.999996542930603 0.2044319063425064
0.4136209 0.9999837875366211 -0.00546967564150691 0.0015764525160193443 2.2192311007529497e-05 0.005462245550006628 0.9999741315841675 0.004678988829255104 -0.00028178119100630283 -0.0016020045150071383 -0.004670301452279091 0.999987781047821 0.27247539162635803
0.5179293 0.9999592900276184 -0.009005023166537285 0.00039550737710669637 3.7524194340221584e-05 0.009003113023936749 0.9999488592147827 0.004591783042997122 6.762775592505932e-05 -0.0004368363879621029 -0.004588036332279444 0.99998939037323 0.3397996425628662
0.6203887 0.9999323487281799 -0.01161709800362587 -0.0005994403618387878 9.700158261694014e-05 0.011618150398135185 0.9999309182167053 0.0017804271774366498 0.00017702870536595583 0.0005787155823782086 -0.0017872711177915335 0.9999982118606567 0.4063827693462372
0.7242193 0.9999247789382935 -0.012194010429084301 -0.0013142620446160436 -0.00019565143156796694 0.012192006222903728 0.9999245405197144 -0.0015209377743303776 0.00018283503595739603 0.001332708983682096 0.001504799583926797 0.9999979734420776 0.47269147634506226
0.8272107 0.9999292492866516 -0.01172531396150589 -0.0020144968293607235 -0.0005892766639590263 0.011720807291567326 0.9999289512634277 -0.0022342230658978224 0.0002995923859998584 0.002040550345554948 0.0022104536183178425 0.9999954700469971 0.5390713214874268
0.930557 0.9999271631240845 -0.011635824106633663 -0.0032063040416687727 -0.0007030527340248227 0.011634566821157932 0.9999321699142456 -0.00041025292011909187 0.00020267313811928034 0.0032108603045344353 0.00037291913758963346 0.999994695186615 0.605376660823822
1.03407 0.9999292492866516 -0.011259823106229305 -0.0038431715220212936 -0.001327286008745432 0.011269647628068924 0.9999332427978516 0.0025443595368415117 0.000271462369710207 0.003814266063272953 -0.002587490249425173 0.99998939037323 0.6712137460708618
1.137438 0.9999203681945801 -0.011591415852308273 -0.004973618779331446 -0.0015402687713503838 0.011611567810177803 0.9999244213104248 0.0040423194877803326 0.00042217434383928776 0.004926386289298534 -0.004099749494343996 0.9999794363975525 0.7366772890090942
1.244258 0.9999055862426758 -0.012629405595362186 -0.005409483332186937 -0.002120656194165349 0.012654720805585384 0.9999090433120728 0.00467095198109746 0.0007449986878782511 0.005349999759346247 -0.004738966003060341 0.9999744892120361 0.802212119102478
1.344229 0.9998984932899475 -0.01273223664611578 -0.006395517848432064 -0.0023901909589767456 0.012760003097355366 0.9999093413352966 0.00431913323700428 0.0012980697210878134 0.006339945364743471 -0.00440030125901103 0.9999702572822571 0.8671282529830933
1.447568 0.9998886585235596 -0.013193890452384949 -0.006987027358263731 -0.0033843701239675283 0.013217208907008171 0.9999071955680847 0.003301723627373576 0.001401432789862156 0.00694281654432416 -0.0033937047701328993 0.9999701380729675 0.9325399994850159
1.551083 0.9998714327812195 -0.013894529081881046 -0.00801089871674776 -0.0045724473893642426 0.013904018327593803 0.9999026656150818 0.0011301534250378609 0.0018137803999707103 0.00799441710114479 -0.001241391757503152 0.9999672770500183 0.9982631206512451
1.654521 0.9998384118080139 -0.014872707426548004 -0.01009646337479353 -0.004760184790939093 0.014875343069434166 0.9998893141746521 0.00018575949070509523 0.0014825834659859538 0.010092581622302532 -0.0003359175752848387 0.999949038028717 1.062065839767456
1.757843 0.9998167753219604 -0.014585317112505436 -0.01239213440567255 -0.004618354141712189 0.014583494514226913 0.9998936653137207 -0.00023734431306365877 0.0012571797706186771 0.012394278310239315 5.6580291129648685e-05 0.9999231696128845 1.1274349689483643
1.861353 0.9998359680175781 -0.013031689450144768 -0.012578547932207584 -0.007940536364912987 0.01301504671573639 0.9999142289161682 -0.0014041109243407845 0.001543079619295895 0.012595768086612225 0.0012401700951159 0.9999198913574219 1.1904970407485962
1.964724 0.9998292922973633 -0.011894515715539455 -0.014136498793959618 -0.009201304987072945 0.011876236647367477 0.9999284744262695 -0.0013762927846983075 0.0015170291299000382 0.014151856303215027 0.0012081693857908249 0.99989914894104 1.2544523477554321
2.068236 0.9997974038124084 -0.012134337797760963 -0.01605869270861149 -0.010015107691287994 0.012133889831602573 0.9999263286590576 -0.00012539363524410874 0.001114996732212603 0.016059035435318947 -6.94862101227045e-05 0.999871015548706 1.3168843984603882
2.17162 0.9997807145118713 -0.011382763274013996 -0.017575325444340706 -0.01145070418715477 0.011402160860598087 0.9999344348907471 0.0010038255713880062 0.0012565288925543427 0.01756274700164795 -0.001204002066515386 0.999845027923584 1.3800075054168701
2.275131 0.9997513890266418 -0.01130812056362629 -0.019216258078813553 -0.012604260817170143 0.011337238363921642 0.9999346733093262 0.001406931085512042 0.0016568087739869952 0.01919909566640854 -0.0016244404250755906 0.9998144507408142 1.4435523748397827
2.378626 0.9997075796127319 -0.01243144366890192 -0.02074010856449604 -0.013988077640533447 0.012465250678360462 0.9999210834503174 0.0015015105018392205 0.001455863006412983 0.020719807595014572 -0.0017596022225916386 0.9997837543487549 1.5065934658050537
2.48201 0.9996669292449951 -0.012806450948119164 -0.022403307259082794 -0.015481308102607727 0.012834363617002964 0.9999169707298279 0.001102576032280922 0.0015976137947291136 0.02238732948899269 -0.001389741082675755 0.9997484087944031 1.5683152675628662
2.585514 0.9996443390846252 -0.013009240850806236 -0.023278875276446342 -0.017883410677313805 0.013048995286226273 0.9999135732650757 0.001556686474941671 0.0014677332947030663 0.023256611078977585 -0.0018598990282043815 0.999727725982666 1.6299258470535278
2.689023 0.9996225833892822 -0.01245876308530569 -0.024484951049089432 -0.0192645825445652 0.01255116518586874 0.9999146461486816 0.003623700700700283 0.0017274394631385803 0.024437714368104935 -0.003929647617042065 0.9996936321258545 1.691077470779419
2.793694 0.9995660185813904 -0.013935505412518978 -0.025953100994229317 -0.020484192296862602 0.014099129475653172 0.9998817443847656 0.0061322893016040325 0.002131594344973564 0.025864578783512115 -0.006495544221252203 0.99964439868927 1.752500057220459
2.896139 0.9995654225349426 -0.013697807677090168 -0.02610008232295513 -0.022499704733490944 0.01390657015144825 0.999872624874115 0.007833901792764664 0.0022535212337970734 0.025989452376961708 -0.008193460293114185 0.9996286630630493 1.8120449781417847
2.999556 0.9995720386505127 -0.012621179223060608 -0.026387780904769897 -0.02502547763288021 0.012797832489013672 0.9998967051506042 0.006536444183439016 0.0026115523651242256 0.026302557438611984 -0.0068713524378836155 0.9996305108070374 1.8715561628341675
3.103545 0.9995595812797546 -0.011186502873897552 -0.02749086357653141 -0.026322048157453537 0.011298002675175667 0.9999285340309143 0.0039038737304508686 0.0029072128236293793 0.027445228770375252 -0.0042127459309995174 0.999614417552948 1.9280104637145996
3.206573 0.9995593428611755 -0.010578067041933537 -0.027737559750676155 -0.028823453933000565 0.010654447600245476 0.9999398589134216 0.002607361413538456 0.00303390109911561 0.027708306908607483 -0.002901740837842226 0.9996118545532227 1.9860879182815552
3.310078 0.999523401260376 -0.009872045367956161 -0.0292501337826252 -0.030066687613725662 0.009936031885445118 0.9999485015869141 0.002043044427409768 0.003158415900543332 0.02922845631837845 -0.002332701114937663 0.9995700120925903 2.0414540767669678
3.413963 0.9994770884513855 -0.009941798634827137 -0.030767766758799553 -0.0318637415766716 0.010004248470067978 0.9999482035636902 0.0018764350097626448 0.0030895997770130634 0.030747516080737114 -0.002183262025937438 0.9995248317718506 2.0973260402679443
3.517076 0.9994244575500488 -0.009834307245910168 -0.03246534615755081 -0.03403013199567795 0.009862193837761879 0.9999511241912842 0.0006988986860960722 0.003051565960049629 0.0324568934738636 -0.0010186758590862155 0.9994726181030273 2.152385950088501
3.620721 0.9993582367897034 -0.009967520833015442 -0.03440491482615471 -0.03661308065056801 0.01001148484647274 0.9999492764472961 0.0011057861847802997 0.002715814858675003 0.03439215198159218 -0.0014495208160951734 0.9994074106216431 2.20674467086792
3.724674 0.9992870688438416 -0.009487024508416653 -0.03654028847813606 -0.03864748775959015 0.009563312865793705 0.9999524354934692 0.0019135315669700503 0.003221015678718686 0.036520399153232574 -0.0022616134956479073 0.9993302822113037 2.262237310409546
3.827725 0.9992160797119141 -0.00945560447871685 -0.03844122588634491 -0.04078095406293869 0.009618540294468403 0.9999455213546753 0.004055843688547611 0.003515035379678011 0.03840077668428421 -0.004422411788254976 0.9992526173591614 2.3168468475341797
3.931241 0.999140739440918 -0.008561822585761547 -0.040552377700805664 -0.04338691383600235 0.008786872029304504 0.9999468922615051 0.0053746397607028484 0.0037998491898179054 0.04050421342253685 -0.005726350471377373 0.9991630911827087 2.369143009185791
4.034871 0.9990750551223755 -0.007049405016005039 -0.04241828992962837 -0.04597633332014084 0.007289994973689318 0.9999582171440125 0.0055198571644723415 0.003985981456935406 0.04237760603427887 -0.005823981948196888 0.9990846514701843 2.421005964279175
4.142151 0.9990061521530151 -0.004914593882858753 -0.044300664216279984 -0.04879666864871979 0.005133721977472305 0.9999751448631287 0.004833972081542015 0.004106823354959488 0.044275809079408646 -0.0050565944984555244 0.9990065097808838 2.472954273223877
4.243437 0.998932957649231 -0.0033688910771161318 -0.04605957120656967 -0.05173115432262421 0.0035771429538726807 0.9999837279319763 0.0044396789744496346 0.004035158548504114 0.04604386165738106 -0.0045997039414942265 0.9989288449287415 2.522966146469116
4.345966 0.9988595843315125 -0.002732141176238656 -0.04766515642404556 -0.05426006764173508 0.002993969479575753 0.9999808073043823 0.005422542337328196 0.004430027678608894 0.04764942452311516 -0.005559066776186228 0.9988486766815186 2.5728068351745605
4.449183 0.998813807964325 -0.0014388911658897996 -0.04867237061262131 -0.05708231031894684 0.0017895327182486653 0.9999727010726929 0.007161307614296675 0.004878424108028412 0.048660747706890106 -0.007239913567900658 0.9987890720367432 2.6217775344848633
4.552519 0.9988018274307251 0.0013322950107976794 -0.04891947656869888 -0.059768013656139374 -0.0009599389159120619 0.9999703764915466 0.007634315639734268 0.0052215298637747765 0.04892820864915848 -0.007578209042549133 0.9987735748291016 2.6707260608673096
4.656235 0.9988524317741394 0.004553318489342928 -0.047677282243967056 -0.06291394680738449 -0.004284574184566736 0.9999743700027466 0.0057374052703380585 0.005202619358897209 0.047702182084321976 -0.005526544526219368 0.9988462328910828 2.717738151550293
4.760815 0.9989150166511536 0.006098580081015825 -0.046168483793735504 -0.06511101126670837 -0.006005070172250271 0.9999796748161316 0.002163829980418086 0.005631338804960251 0.04618074744939804 -0.001884237164631486 0.9989312887191772 2.7632336616516113
4.863788 0.9990253448486328 0.006691965740174055 -0.043632619082927704 -0.06780357658863068 -0.006669341586530209 0.9999775290489197 0.0006640621577389538 0.005658217705786228 0.04363608732819557 -0.00037241404061205685 0.9990473985671997 2.8098514080047607
4.966824 0.9991415143013 0.007973574101924896 -0.040650852024555206 -0.06977641582489014 -0.007918776012957096 0.9999674558639526 0.001508840243332088 0.005891636945307255 0.04066156595945358 -0.0011856399942189455 0.9991722702980042 2.855797529220581
5.073257 0.9992121458053589 0.012102651409804821 -0.037795498967170715 -0.07139930874109268 -0.011946226470172405 0.9999191164970398 0.004361831583082676 0.005888121668249369 0.03784523904323578 -0.003906881436705589 0.9992759227752686 2.900137186050415
5.174268 0.9992977976799011 0.016863277181982994 -0.033459100872278214 -0.07425267994403839 -0.016605060547590256 0.9998303055763245 0.007980338297784328 0.0057312436401844025 0.03358800336718559 -0.00741914426907897 0.9994082450866699 2.9462473392486572
5.277498 0.9993343353271484 0.021791277453303337 -0.029256237670779228 -0.07571141421794891 -0.021540364250540733 0.9997287392616272 0.00886437389999628 0.00593332014977932 0.029441464692354202 -0.008228283375501633 0.9995326399803162 2.9885647296905518
5.381142 0.9993941783905029 0.025312434881925583 -0.023886006325483322 -0.0774090439081192 -0.025107095018029213 0.999645471572876 0.008857743814587593 0.006630314514040947 0.024101750925183296 -0.00825266819447279 0.999675452709198 3.031191349029541
5.484644 0.9994054436683655 0.02947808802127838 -0.01788485050201416 -0.07868409901857376 -0.02928202785551548 0.9995092749595642 0.011127002537250519 0.0066565461456775665 0.01820407621562481 -0.01059668231755495 0.9997780919075012 3.071321487426758
5.588095 0.9993507266044617 0.03414740785956383 -0.01148886140435934 -0.07934261858463287 -0.03400692716240883 0.9993470311164856 0.012208590283989906 0.007044611498713493 0.011898252181708813 -0.011809962801635265 0.9998594522476196 3.1118252277374268
5.691619 0.999298095703125 0.03714154288172722 -0.00488711055368185 -0.0789230689406395 -0.03708098456263542 0.9992407560348511 0.011948839761316776 0.006882436573505402 0.005327200051397085 -0.01175923366099596 0.999916672706604 3.148947238922119
5.795223 0.9991604685783386 0.040868379175662994 0.002854702528566122 -0.07987867295742035 -0.040899619460105896 0.9990922808647156 0.011910898610949516 0.007392840459942818 -0.002365332329645753 -0.01201765425503254 0.9999249577522278 3.185316801071167
5.898736 0.9989156723022461 0.04531377553939819 0.010690946131944656 -0.08018536865711212 -0.045438338071107864 0.9988985061645508 0.011711147613823414 0.007461413741111755 -0.010148492641746998 -0.01218422595411539 0.9998742938041687 3.2214932441711426
6.002373 0.9986119866371155 0.04951046034693718 0.0179668590426445 -0.0798570066690445 -0.04966995120048523 0.9987291693687439 0.008541914634406567 0.008080782368779182 -0.01752110756933689 -0.009422468952834606 0.9998021125793457 3.2544870376586914
6.10587 0.9983341693878174 0.05156192556023598 0.025888634845614433 -0.07920757681131363 -0.051727619022130966 0.9986445307731628 0.005771409720182419 0.007795535959303379 -0.025555958971381187 -0.007100951857864857 0.9996482133865356 3.2857394218444824
6.209506 0.9980730414390564 0.05189820006489754 0.03401118516921997 -0.07831443101167679 -0.05210068076848984 0.9986288547515869 0.0050936914049088955 0.008453458547592163 -0.03370019048452377 -0.006855880841612816 0.999408483505249 3.316512107849121
6.313021 0.9978272318840027 0.051146503537893295 0.041529908776283264 -0.07612420618534088 -0.05146602541208267 0.9986525177955627 0.006660579703748226 0.008268775418400764 -0.04113328084349632 -0.008783486671745777 0.9991151094436646 3.3444979190826416
6.416516 0.997369110584259 0.05273275449872017 0.04974057525396347 -0.07486601173877716 -0.05315170809626579 0.9985610842704773 0.00713712302967906 0.008521750569343567 -0.049292631447315216 -0.009762143716216087 0.9987366199493408 3.372607707977295
6.524037 0.9967203736305237 0.05585218220949173 0.058558572083711624 -0.073478102684021 -0.056370340287685394 0.9983837604522705 0.007233025506138802 0.008689457550644875 -0.058059945702552795 -0.010510269552469254 0.9982577562332153 3.3976447582244873
6.623722 0.9959143400192261 0.0605468712747097 0.06699806451797485 -0.07211504876613617 -0.06114134192466736 0.9981054663658142 0.006856400053948164 0.008483145385980606 -0.06645600497722626 -0.010924739763140678 0.9977295398712158 3.419476270675659
6.727294 0.9950023889541626 0.06443687528371811 0.07627629488706589 -0.07083132863044739 -0.0651552602648735 0.9978507161140442 0.006964691914618015 0.008393926545977592 -0.07566358149051666 -0.01189968641847372 0.9970623850822449 3.4413137435913086
6.830809 0.9943021535873413 0.06338880956172943 0.08570381999015808 -0.0691351592540741 -0.06425540149211884 0.9979060888290405 0.007388405501842499 0.008326048031449318 -0.08505602180957794 -0.012853243388235569 0.9962932467460632 3.4614553451538086
6.934429 0.9933465123176575 0.062447283416986465 0.09676298499107361 -0.06735974550247192 -0.06331486254930496 0.9979761242866516 0.005918770097196102 0.007718408480286598 -0.09619752317667007 -0.012005927972495556 0.9952898025512695 3.4808743000030518
7.038067 0.9922522902488708 0.0610794834792614 0.10818824172019958 -0.06393018364906311 -0.06159655749797821 0.998100221157074 0.0014409440336748958 0.00767999654635787 -0.10789467394351959 -0.00809380505234003 0.9941293001174927 3.4993338584899902
7.141701 0.9907091856002808 0.06186801940202713 0.12110987305641174 -0.06059804558753967 -0.061967525631189346 0.9980737566947937 -0.0029481835663318634 0.00792613998055458 -0.12105899304151535 -0.004584087058901787 0.992634654045105 3.5182104110717773
7.24533 0.9884984493255615 0.06389480084180832 0.13706976175308228 -0.05844905972480774 -0.06380729377269745 0.997949481010437 -0.005036641843616962 0.007872557267546654 -0.13711050152778625 -0.003767336718738079 0.9905486106872559 3.53690767288208
7.3533 0.9860739707946777 0.06542433053255081 0.152898371219635 -0.054255008697509766 -0.065215565264225 0.997850775718689 -0.006385665386915207 0.00783349946141243 -0.152987539768219 -0.003674613544717431 0.988221287727356 3.554564952850342
7.452592 0.9832850694656372 0.06579741090536118 0.16976752877235413 -0.05052530765533447 -0.06543386727571487 0.997826874256134 -0.007741640321910381 0.0077964868396520615 -0.16990797221660614 -0.0034963060170412064 0.985453724861145 3.572747230529785
7.55658 0.9799848198890686 0.06515702605247498 0.18810690939426422 -0.04686629772186279 -0.06462226063013077 0.9978693723678589 -0.008980868384242058 0.007590718567371368 -0.18829131126403809 -0.003354780375957489 0.9821075201034546 3.591066598892212
7.663357 0.9762363433837891 0.06399891525506973 0.20704305171966553 -0.041402339935302734 -0.06342890113592148 0.9979420900344849 -0.009397221729159355 0.007508564740419388 -0.20721843838691711 -0.003958604298532009 0.9782867431640625 3.6075265407562256
7.763356 0.9716602563858032 0.06447965651750565 0.22741752862930298 -0.03693366050720215 -0.06380995362997055 0.9979088306427002 -0.010303712449967861 0.007016539573669434 -0.22760631144046783 -0.004499789327383041 0.9737429618835449 3.624969720840454
7.866988 0.9663985967636108 0.06671040505170822 0.24824056029319763 -0.03115469217300415 -0.0656779482960701 0.9977632761001587 -0.012448009103536606 0.006633002310991287 -0.24851571023464203 -0.004274193197488785 0.9686184525489807 3.642078161239624
7.970621 0.9601235389709473 0.06813029199838638 0.271147757768631 -0.0256921648979187 -0.06661935895681381 0.9976689219474792 -0.014784013852477074 0.006663233041763306 -0.2715229094028473 -0.0038692117668688297 0.9624242782592773 3.6592538356781006
8.07425 0.9528759121894836 0.06920213252305984 0.29536172747612 -0.01940774917602539 -0.06746464222669601 0.997592031955719 -0.016082189977169037 0.006442330777645111 -0.29576343297958374 -0.004602139815688133 0.9552501440048218 3.6763322353363037
8.177962 0.9443148970603943 0.0722372904419899 0.32101571559906006 -0.012266159057617188 -0.07046929001808167 0.9973666667938232 -0.017138933762907982 0.006164368242025375 -0.3214085102081299 -0.006437200121581554 0.946918785572052 3.693347930908203
8.283921 0.934472382068634 0.07402823865413666 0.34825432300567627 -0.0046280622482299805 -0.07232378423213959 0.9972203373908997 -0.017911873757839203 0.005242004990577698 -0.34861230850219727 -0.008448918350040913 0.9372289776802063 3.7106478214263916
8.385961 0.9233843684196472 0.07485463470220566 0.37650758028030396 0.003946900367736816 -0.07281026244163513 0.9971517324447632 -0.01967967487871647 0.0048527345061302185 -0.37690821290016174 -0.009241713210940361 0.9262044429779053 3.727321147918701
8.488779 0.9107614159584045 0.07291128486394882 0.40644514560699463 0.013544917106628418 -0.07011976838111877 0.9973008036613464 -0.021779339760541916 0.004376806318759918 -0.40693604946136475 -0.008664061315357685 0.9134155511856079 3.7444586753845215
8.593446 0.8960058689117432 0.07022392749786377 0.4384540617465973 0.024447083473205566 -0.06614850461483002 0.9975069165229797 -0.024585001170635223 0.0035416558384895325 -0.439087450504303 -0.006974773947149515 0.8984172344207764 3.7600197792053223
8.696029 0.878756582736969 0.06946957111358643 0.4721871316432953 0.03570067882537842 -0.06340757012367249 0.9975731372833252 -0.0287622157484293 0.0030614733695983887 -0.47303926944732666 -0.004665251821279526 0.8810288906097412 3.77610445022583
8.799662 0.8593255281448364 0.07175485044717789 0.5063701272010803 0.0477215051651001 -0.06315027177333832 0.9974188804626465 -0.03417065739631653 0.002659447491168976 -0.507515013217926 -0.00261368858627975 0.8616389036178589 3.7921485900878906
8.903911 0.837673544883728 0.07313565164804459 0.5412523746490479 0.060802340507507324 -0.062151774764060974 0.9973210692405701 -0.03857135400176048 0.0017423257231712341 -0.5426234006881714 -0.0013295910321176052 0.839975118637085 3.8084352016448975
9.008027 0.8130747079849243 0.07609786838293076 0.5771644115447998 0.074485182762146 -0.06329149752855301 0.9970980882644653 -0.04230393096804619 0.0009740591049194336 -0.5787086486816406 -0.002133340109139681 0.8155314922332764 3.8249716758728027
9.11058 0.7859277725219727 0.08038594573736191 0.6130707263946533 0.09047019481658936 -0.06650388240814209 0.9967510104179382 -0.04543932154774666 0.00012503564357757568 -0.6147314310073853 -0.005059551447629929 0.7887202501296997 3.842038154602051
9.214197 0.7561151385307312 0.08492722362279892 0.6489046812057495 0.10742020606994629 -0.07010317593812943 0.996349573135376 -0.048714593052864075 -0.0004442483186721802 -0.6506730914115906 -0.008656433783471584 0.7593085169792175 3.8589587211608887
9.317832 0.7230746150016785 0.08584148436784744 0.6854154467582703 0.12501156330108643 -0.06965023279190063 0.9962518811225891 -0.051293592900037766 -0.001698315143585205 -0.6872495412826538 -0.010650251060724258 0.7263433337211609 3.8754258155822754
9.421456 0.6865216493606567 0.08303812146186829 0.722352147102356 0.1457066535949707 -0.0654241070151329 0.9964821934700012 -0.05237189680337906 -0.002889677882194519 -0.7241600155830383 -0.01130479946732521 0.6895392537117004 3.8923110961914062
9.525112 0.6474775075912476 0.08166559785604477 0.7576962113380432 0.16795754432678223 -0.06273339688777924 0.9965789914131165 -0.05380488187074661 -0.004563912749290466 -0.7594981789588928 -0.012695413082838058 0.6503856182098389 3.908498764038086
9.630085 0.6053866147994995 0.08170456439256668 0.79172682762146 0.19333887100219727 -0.06111499294638634 0.9965522289276123 -0.056111112236976624 -0.005783990025520325 -0.7935817241668701 -0.014417455531656742 0.608292818069458 3.9250648021698
9.732384 0.5595005750656128 0.08145749568939209 0.8248173594474792 0.21979260444641113 -0.05729120224714279 0.9965794086456299 -0.05955790728330612 -0.006958529353141785 -0.826847493648529 -0.013932098634541035 0.5622535943984985 3.9400148391723633
9.836009 0.5113894939422607 0.08038658648729324 0.8555809855461121 0.2482919692993164 -0.05401856452226639 0.9966532588005066 -0.0613536573946476 -0.008815094828605652 -0.857649564743042 -0.01484164409339428 0.5140203833580017 3.9552812576293945
9.939685 0.462667316198349 0.07844424247741699 0.8830547332763672 0.2779425382614136 -0.05239943042397499 0.996755838394165 -0.061090510338544846 -0.01099974662065506 -0.884982168674469 -0.018006974831223488 0.4652768075466156 3.9686777591705322
10.0439 0.4129844903945923 0.07618608325719833 0.9075459241867065 0.3102959394454956 -0.052271462976932526 0.9968350529670715 -0.05989522486925125 -0.013159148395061493 -0.9092367887496948 -0.02270294539630413 0.4156597852706909 3.9816713333129883
10.14677 0.36353224515914917 0.07620429247617722 0.9284595847129822 0.34481918811798096 -0.054647598415613174 0.9966767430305481 -0.0604063905775547 -0.01385296881198883 -0.9299773573875427 -0.02877841517329216 0.36648860573768616 3.9926836490631104
10.25036 0.31451913714408875 0.07616546005010605 0.9461905360221863 0.3779914379119873 -0.053256258368492126 0.9966216087341309 -0.06252234429121017 -0.016436509788036346 -0.9477559328079224 -0.030726097524166107 0.3175128698348999 4.001601219177246
10.35367 0.26723527908325195 0.07324784249067307 0.9608433842658997 0.4151808023452759 -0.04121987521648407 0.997063159942627 -0.0645446702837944 -0.01776035875082016 -0.9627492427825928 -0.022357232868671417 0.269469678401947 4.009542465209961
10.45717 0.22322110831737518 0.0673363134264946 0.9724392890930176 0.45375728607177734 -0.02848493680357933 0.9976357817649841 -0.0625423938035965 -0.02024701237678528 -0.9743515253067017 -0.013739089481532574 0.22461141645908356 4.015130519866943
10.56299 0.18104428052902222 0.0662548840045929 0.9812406897544861 0.4930756688117981 -0.018655521795153618 0.9977800250053406 -0.06392959505319595 -0.022307511419057846 -0.9832980036735535 -0.006731471512466669 0.18187838792800903 4.0199432373046875
10.66453 0.14305652678012848 0.06806504726409912 0.9873713850975037 0.5335037112236023 -0.015031388029456139 0.9976667165756226 -0.06659694015979767 -0.023890379816293716 -0.9896004796028137 -0.005314434412866831 0.14374585449695587 4.023752689361572
10.76705 0.11020436882972717 0.06869421154260635 0.9915322065353394 0.5744250416755676 -0.006424626335501671 0.9976370930671692 -0.06840308010578156 -0.02672923356294632 -0.9938881993293762 0.0011680960888043046 0.11038528382778168 4.0263519287109375
10.87022 0.08112738281488419 0.06705764681100845 0.9944453835487366 0.6173357963562012 0.0007448714459314942 0.9977297782897949 -0.06733989715576172 -0.029531456530094147 -0.9967034459114075 0.00620384281501174 0.08089327067136765 4.028435230255127
10.97342 0.05666356533765793 0.06550820171833038 0.9962419271469116 0.6602655649185181 0.007999304682016373 0.9977832436561584 -0.06606453657150269 -0.031926702708005905 -0.9983612298965454 0.011712693609297276 0.056013934314250946 4.0288615226745605
11.0772 0.03631981462240219 0.06450453400611877 0.9972562789916992 0.7061246633529663 0.012183425016701221 0.9978119134902954 -0.06498418003320694 -0.034394409507513046 -0.9992659687995911 0.014510211534798145 0.03545445203781128 4.029886722564697
11.18019 0.020441532135009766 0.06593318283557892 0.9976146817207336 0.751091718673706 0.014610735699534416 0.9976968169212341 -0.06623800098896027 -0.037247184664011 -0.9996843338012695 0.01592988893389702 0.01943111978471279 4.030322074890137
11.28415 0.006927416194230318 0.06619357317686081 0.9977827072143555 0.798451840877533 0.015541139990091324 0.9976790547370911 -0.0662946030497551 -0.03944068029522896 -0.9998552203178406 0.015965931117534637 0.005882613826543093 4.030165672302246
11.3859 -0.004922925494611263 0.06694220006465912 0.9977447390556335 0.8444921374320984 0.016594298183918 0.9976248741149902 -0.06685229390859604 -0.042163629084825516 -0.9998501539230347 0.016227763146162033 -0.006022091954946518 4.029949188232422
11.48898 -0.013733677566051483 0.0698181614279747 0.997465193271637 0.8942577838897705 0.02143385447561741 0.9973506331443787 -0.06951504200696945 -0.04526012763381004 -0.9996759295463562 0.020424822345376015 -0.015193764120340347 4.02797269821167
11.59255 -0.020304661244153976 0.07158319652080536 0.9972279667854309 0.9428614377975464 0.025469321757555008 0.9971469044685364 -0.07105880230665207 -0.04834244027733803 -0.9994694590568542 0.023955892771482468 -0.022069906815886497 4.02663516998291
11.69527 -0.025033341720700264 0.07094792276620865 0.9971657991409302 0.9937957525253296 0.026162592694163322 0.9971832633018494 -0.07029237598180771 -0.051126766949892044 -0.9993442296981812 0.024328790605068207 -0.026819009333848953 4.025338649749756
11.79949 -0.0281724501401186 0.06834156066179276 0.9972640872001648 1.044489860534668 0.023940229788422585 0.997420072555542 -0.06767594814300537 -0.053841784596443176 -0.999316394329071 0.021968133747577667 -0.029735878109931946 4.023812294006348
11.90171 -0.03129621222615242 0.061532359570264816 0.997614324092865 1.0983667373657227 0.02170719765126705 0.997909665107727 -0.060869596898555756 -0.05664309859275818 -0.9992743730545044 0.019750423729419708 -0.03256648778915405 4.022942543029785
12.00482 -0.03211969882249832 0.05606628581881523 0.9979103207588196 1.1521233320236206 0.022708125412464142 0.99820876121521 -0.05535214766860008 -0.059113457798957825 -0.9992260336875916 0.020882774144411087 -0.03333532065153122 4.0210280418396
12.108 -0.032646339386701584 0.05327535793185234 0.9980460405349731 1.2063733339309692 0.025552239269018173 0.9982963800430298 -0.05245290696620941 -0.06244095042347908 -0.9991402626037598 0.023789916187524796 -0.0339520163834095 4.018622875213623
12.21119 -0.032192979007959366 0.05525045841932297 0.9979534149169922 1.2605746984481812 0.0285606998950243 0.9981139898300171 -0.054338011890649796 -0.06585060805082321 -0.9990735054016113 0.02675294689834118 -0.033710259944200516 4.016339302062988
12.3145 -0.031669843941926956 0.06300421059131622 0.9975106716156006 1.3161379098892212 0.029721779748797417 0.9976292848587036 -0.06206807494163513 -0.06786111742258072 -0.9990563988685608 0.02768210507929325 -0.033467359840869904 4.014832496643066
12.41765 -0.029174020513892174 0.0710662305355072 0.9970448017120361 1.3706960678100586 0.03048565983772278 0.9970687627792358 -0.070175901055336 -0.07054831832647324 -0.9991093277931213 0.02834825962781906 -0.031255003064870834 4.012965202331543
12.52105 -0.027434561401605606 0.07195056974887848 0.9970307946205139 1.4285473823547363 0.031216759234666824 0.9969814419746399 -0.0710880383849144 -0.07321586459875107 -0.9991360306739807 0.029173800721764565 -0.02959781512618065 4.012029647827148
12.62455 -0.025124238803982735 0.06759335100650787 0.9973965287208557 1.4862592220306396 0.030562954023480415 0.9972970485687256 -0.06681673228740692 -0.07653845101594925 -0.9992170333862305 0.028804663568735123 -0.02712218463420868 4.010746479034424
12.72743 -0.021425817161798477 0.06096302717924118 0.9979100227355957 1.54447603225708 0.03013143315911293 0.9977251291275024 -0.06030479073524475 -0.08035848289728165 -0.9993162155151367 0.0287763811647892 -0.023213980719447136 4.008396148681641
12.83073 -0.019801398739218712 0.05927548184990883 0.9980452060699463 1.6032739877700806 0.027819765731692314 0.997887134552002 -0.05871414393186569 -0.08402103930711746 -0.9994168281555176 0.026602765545248985 -0.02140859328210354 4.0085835456848145
12.93413 -0.01613187976181507 0.06467335671186447 0.9977761507034302 1.6604313850402832 0.03564198687672615 0.9973089098930359 -0.06406683474779129 -0.08733046054840088 -0.9992344379425049 0.0345291942358017 -0.018393555656075478 4.00648307800293
13.03771 -0.013041193597018719 0.0706540048122406 0.9974156618118286 1.7174948453903198 0.03760493919253349 0.9968294501304626 -0.07012079656124115 -0.09015432745218277 -0.9992075562477112 0.03659329563379288 -0.015656786039471626 4.0063581466674805
13.14165 -0.010596259497106075 0.07094039767980576 0.9974242448806763 1.775431752204895 0.03121115453541279 0.9970177412033081 -0.07057991623878479 -0.09397716820240021 -0.9994566440582275 0.030382880941033363 -0.012778788805007935 4.00604248046875
13.24421 -0.007102477829903364 0.06737354397773743 0.9977024793624878 1.8333795070648193 0.026848124340176582 0.9973809719085693 -0.0671606957912445 -0.09741060435771942 -0.9996142387390137 0.026309434324502945 -0.008892728947103024 4.006219863891602
13.34803 -0.002736391732469201 0.06338439881801605 0.9979854226112366 1.8927003145217896 0.03072824329137802 0.9975231885910034 -0.06327079236507416 -0.10216113924980164 -0.9995239973068237 0.030493205413222313 -0.004677306395024061 4.006289958953857
13.45277 0.000684881117194891 0.06451436877250671 0.997916579246521 1.950339674949646 0.03523070737719536 0.9972957372665405 -0.0644984021782875 -0.1059424877166748 -0.9993789792060852 0.035201482474803925 -0.0015898584388196468 4.005763530731201
13.55488 0.004117206670343876 0.06898844987154007 0.9976089596748352 2.0072007179260254 0.034964729100465775 0.9969974756240845 -0.06909047067165375 -0.10923683643341064 -0.9993801116943359 0.03516559675335884 0.001692681573331356 4.005433559417725
13.65796 0.007165807764977217 0.06990428268909454 0.9975279569625854 2.0677103996276855 0.031175632029771805 0.9970531463623047 -0.07009494304656982 -0.11291526257991791 -0.9994882345199585 0.03160084784030914 0.004965381231158972 4.0077948570251465
13.76127 0.01133665256202221 0.0693121999502182 0.9975305795669556 2.126649856567383 0.0308347400277853 0.997096061706543 -0.06963242590427399 -0.11659976840019226 -0.9994601607322693 0.03154798969626427 0.009166508913040161 4.0079522132873535
13.86467 0.015115556307137012 0.06630221009254456 0.9976850748062134 2.1845242977142334 0.03470611572265625 0.9971630573272705 -0.06679333746433258 -0.12028069794178009 -0.9992832541465759 0.03563539311289787 0.01277158036828041 4.008030891418457
13.96817 0.018509771674871445 0.06699910759925842 0.9975813031196594 2.242612838745117 0.039080750197172165 0.996941328048706 -0.06768125295639038 -0.12378217279911041 -0.9990646243095398 0.04023898392915726 0.015834778547286987 4.008825778961182
14.07164 0.02167128026485443 0.06772030144929886 0.997468888759613 2.300701856613159 0.04200098663568497 0.9967608451843262 -0.06858472526073456 -0.12771768867969513 -0.998882532119751 0.04338100180029869 0.018756765872240067 4.010940074920654
14.17505 0.02426929585635662 0.06726496666669846 0.9974399209022522 2.3604578971862793 0.04268676042556763 0.9967540502548218 -0.06825734674930573 -0.132205069065094 -0.9987937211990356 0.0442340262234211 0.0213191956281662 4.012099742889404
14.2786 0.02803863026201725 0.06596138328313828 0.9974281191825867 2.4199063777923584 0.043487582355737686 0.9967951774597168 -0.06714201718568802 -0.13570789992809296 -0.9986605048179626 0.045258305966854095 0.025080271065235138 4.0134968757629395
14.38212 0.031433213502168655 0.06481161713600159 0.9974023103713989 2.478261709213257 0.04532456398010254 0.9967764616012573 -0.06619936972856522 -0.1398705542087555 -0.9984776377677917 0.04728768765926361 0.02839432656764984 4.015425682067871
14.4855 0.034810297191143036 0.06516612321138382 0.9972670674324036 2.537382125854492 0.043954357504844666 0.9968064427375793 -0.06667029857635498 -0.14350628852844238 -0.9984268546104431 0.046155039221048355 0.031834788620471954 4.0168681144714355
14.58897 0.037841007113456726 0.06732279062271118 0.9970133900642395 2.5967352390289307 0.041302066296339035 0.9967700839042664 -0.06887394934892654 -0.14630697667598724 -0.9984298348426819 0.0437849685549736 0.03493821248412132 4.019804000854492
14.69245 0.0404340997338295 0.06723377853631973 0.9969176054000854 2.6560285091400146 0.04286695644259453 0.9966981410980225 -0.06895761936903 -0.1503692865371704 -0.9982622861862183 0.04552304744720459 0.03741847723722458 4.022119998931885
14.79597 0.043422941118478775 0.06686407327651978 0.9968166947364807 2.7154226303100586 0.04104919731616974 0.9967958331108093 -0.06865085661411285 -0.15416254103183746 -0.9982130527496338 0.0438995435833931 0.04053909331560135 4.024818420410156
14.89949 0.04518541321158409 0.06744508445262909 0.9966992735862732 2.774986982345581 0.03951941058039665 0.9968165755271912 -0.06924465298652649 -0.15780435502529144 -0.9981966018676758 0.04251781105995178 0.042376186698675156 4.029047966003418
15.00287 0.04855277016758919 0.06805406510829926 0.9964994788169861 2.8348076343536377 0.036353353410959244 0.9968947768211365 -0.0698523223400116 -0.1611158698797226 -0.9981588125228882 0.039617620408535004 0.04592800885438919 4.031137943267822
15.1064 0.05166098475456238 0.0691298320889473 0.9962691068649292 2.8954672813415527 0.03482453152537346 0.9968698620796204 -0.07097731530666351 -0.1659691482782364 -0.9980573058128357 0.038361355662345886 0.04909186065196991 4.035014629364014
15.20987 0.05536692962050438 0.07288654893636703 0.9958022236824036 2.9556307792663574 0.03352650627493858 0.9966340065002441 -0.07481151074171066 -0.16949649155139923 -0.997903048992157 0.03752785921096802 0.05273693799972534 4.038032531738281
15.31336 0.05855824425816536 0.07513103634119034 0.9954527616500854 3.0166079998016357 0.033624984323978424 0.9964497685432434 -0.07718430459499359 -0.17403356730937958 -0.9977174997329712 0.03799186274409294 0.05582406744360924 4.042087078094482
15.41675 0.06105908751487732 0.07704756408929825 0.9951559901237488 3.0766730308532715 0.027609821408987045 0.9965043663978577 -0.07884601503610611 -0.17810896039009094 -0.9977521300315857 0.032290346920490265 0.05871838331222534 4.047206878662109
15.52022 0.06376281380653381 0.07630150765180588 0.9950438737869263 3.137892246246338 0.02395426295697689 0.9966685175895691 -0.07796109467744827 -0.18206249177455902 -0.9976774454116821 0.028806567192077637 0.06172265484929085 4.051905155181885
15.62392 0.0670848861336708 0.07663138210773468 0.9948000907897949 3.199831008911133 0.025988196954131126 0.9965736865997314 -0.07852053642272949 -0.18713390827178955 -0.9974087476730347 0.031120602041482925 0.06486351788043976 4.056300163269043
15.7272 0.0714220479130745 0.07807997614145279 0.9943853616714478 3.2616465091705322 0.025119058787822723 0.9964744448661804 -0.08004819601774216 -0.1912711262702942 -0.9971298575401306 0.03069523721933365 0.06920894235372543 4.060634136199951
15.83062 0.07493917644023895 0.079067163169384 0.994048535823822 3.3239243030548096 0.021233130246400833 0.9964990019798279 -0.08086279779672623 -0.19555428624153137 -0.9969620704650879 0.02716655284166336 0.07299797236919403 4.066048622131348
15.93425 0.07917571067810059 0.07727967947721481 0.99386066198349 3.3860795497894287 0.02039792202413082 0.9966561794281006 -0.07912204414606094 -0.19977930188179016 -0.9966518878936768 0.02653723955154419 0.07733464241027832 4.071488380432129
16.03941 0.08406507968902588 0.0768447145819664 0.9934927225112915 3.449089527130127 0.02101072669029236 0.9966636300086975 -0.07886780798435211 -0.20510610938072205 -0.9962387084960938 0.02750403620302677 0.0821700468659401 4.077116012573242
16.14091 0.08894701302051544 0.08020048588514328 0.9928022027015686 3.5107054710388184 0.017525432631373405 0.9964727163314819 -0.08206712454557419 -0.21000489592552185 -0.9958821535110474 0.02469891682267189 0.0872277319431305 4.0836663246154785
16.2443 0.09443436563014984 0.08946065604686737 0.9915033578872681 3.5734786987304688 0.015093950554728508 0.9957110285758972 -0.09127791970968246 -0.21440225839614868 -0.9954166412353516 0.023585472255945206 0.09267902374267578 4.090921401977539
16.34828 0.10237742215394974 0.09414554387331009 0.9902804493904114 3.636172294616699 0.013831939548254013 0.9952803254127502 -0.09605086594820023 -0.21944300830364227 -0.9946495294570923 0.023530935868620872 0.1005920022726059 4.097259044647217
16.45345 0.10876170545816422 0.09698904305696487 0.9893250465393066 3.6997265815734863 0.009098310954868793 0.9950900673866272 -0.09855444729328156 -0.22517643868923187 -0.9940261840820312 0.019720137119293213 0.10734523832798004 4.1063432693481445
