1305031455.0917 0.998368501663208 -0.03680336847901344 0.04365622252225876 -0.05628832429647446 0.03654807060956955 0.9993098974227905 0.006631848402321339 0.0351380929350853 -0.043870169669389725 -0.005025477614253759 0.9990246295928955 -0.0019863806664943695
1305031455.127695 0.9976360201835632 -0.03920406475663185 0.05644023045897484 -0.07157865911722183 0.03894391283392906 0.9992250204086304 0.0057022226974368095 0.04244286194443703 -0.05662005767226219 -0.003490738570690155 0.9983896017074585 -0.002150102285668254
1305031455.15972 0.996218204498291 -0.04795049503445625 0.07245643436908722 -0.09454363584518433 0.047403912991285324 0.9988330006599426 0.009245448745787144 0.04508088901638985 -0.0728151872754097 -0.005775765515863895 0.9973288178443909 -0.004767337813973427
1305031455.191655 0.996983528137207 -0.062382448464632034 0.04617704823613167 -0.05603957176208496 0.06084100902080536 0.9975659251213074 0.034067243337631226 0.020843537524342537 -0.04818984866142273 -0.031155021861195564 0.9983521699905396 0.0003297898219898343
1305031455.227581 0.9935657978057861 -0.07410062849521637 0.08565236628055573 -0.11929074674844742 0.07312282174825668 0.9972174167633057 0.014501860365271568 0.05000556260347366 -0.08648864924907684 -0.008145405910909176 0.9962195158004761 0.006461810320615768
1305031455.259631 0.9917097091674805 -0.0879046767950058 0.09372714906930923 -0.1318603754043579 0.08657857030630112 0.9960800409317017 0.018130194395780563 0.0567481592297554 -0.09495347738265991 -0.009865120984613895 0.9954327940940857 0.007698099594563246
1305031455.291831 0.9879223108291626 -0.11298707872629166 0.10603419691324234 -0.15107756853103638 0.11006531864404678 0.9933752417564392 0.03303225710988045 0.05576653033494949 -0.10906395316123962 -0.020962612703442574 0.993813693523407 0.013507233001291752
1305031455.327766 0.9840922355651855 -0.13672466576099396 0.11344057321548462 -0.17167551815509796 0.13301695883274078 0.9903194904327393 0.039669375866651535 0.05730808898806572 -0.11776620894670486 -0.023948803544044495 0.9927525520324707 0.015015755780041218
1305031455.35963 0.9816902875900269 -0.15396185219287872 0.11216039955615997 -0.18374274671077728 0.14950339496135712 0.9876348376274109 0.0471830740571022 0.06884070485830307 -0.1180378645658493 -0.029550815001130104 0.9925692677497864 0.020923953503370285
1305031455.391665 0.9767124056816101 -0.17710964381694794 0.12109922617673874 -0.1956891417503357 0.16931606829166412 0.9829316139221191 0.07195407152175903 0.06035631150007248 -0.13177599012851715 -0.049774400889873505 0.9900290369987488 0.026478968560695648
1305031455.427642 0.9699521660804749 -0.20240943133831024 0.13499344885349274 -0.2162652611732483 0.19183313846588135 0.977531909942627 0.08735772967338562 0.05478745326399803 -0.1496424525976181 -0.05883660912513733 0.9869880080223083 0.029605913907289505
1305031455.459589 0.964392900466919 -0.22344155609607697 0.14149296283721924 -0.23363777995109558 0.2109961360692978 0.9725856781005859 0.09776381403207779 0.0455034114420414 -0.15945851802825928 -0.06442826986312866 0.9850999712944031 0.03197962045669556
1305031455.491637 0.9575749039649963 -0.24600760638713837 0.15010175108909607 -0.25362110137939453 0.23245464265346527 0.9672162532806396 0.10226283222436905 0.044005636125802994 -0.17033828794956207 -0.06303247064352036 0.9833676218986511 0.034505926072597504
1305031455.52761 0.9492630362510681 -0.27252647280693054 0.1569361835718155 -0.27030402421951294 0.25714200735092163 0.9599137306213379 0.11155121773481369 0.030845357105135918 -0.18104586005210876 -0.06553657352924347 0.9812886714935303 0.039213091135025024
1305031455.559669 0.9408888816833496 -0.2978735566139221 0.1612437516450882 -0.2953526973724365 0.2825446128845215 0.9527652859687805 0.1113869920372963 0.020406367257237434 -0.18680664896965027 -0.05924423784017563 0.9806087017059326 0.04046069458127022
1305031455.591645 0.932378351688385 -0.3226693272590637 0.16295702755451202 -0.3175828754901886 0.30863291025161743 0.9452738165855408 0.10584501177072525 0.019587010145187378 -0.1881919652223587 -0.048393700271844864 0.9809392690658569 0.04331674799323082
1305031455.627617 0.9225382208824158 -0.34957945346832275 0.16345442831516266 -0.33184918761253357 0.3335857391357422 0.9353477954864502 0.1176644042134285 0.00032260094303637743 -0.19401982426643372 -0.05402383953332901 0.9795089960098267 0.04636368528008461
1305031455.659615 0.9169487953186035 -0.35922369360923767 0.17367585003376007 -0.35243090987205505 0.34339597821235657 0.9321283102035522 0.11496125906705856 -0.014705116860568523 -0.20318500697612762 -0.045773979276418686 0.9780698418617249 0.04709718003869057
1305031455.691605 0.9164274334907532 -0.3545413017272949 0.18563783168792725 -0.3774888515472412 0.33932995796203613 0.9343036413192749 0.10923364013433456 -0.022408971562981606 -0.21216998994350433 -0.03711220249533653 0.9765279293060303 0.04990418255329132
1305031455.727628 0.9180297255516052 -0.34508395195007324 0.19529090821743011 -0.39689603447914124 0.3285768926143646 0.9377583265304565 0.11245747655630112 -0.03703220188617706 -0.2219429761171341 -0.039071209728717804 0.974276602268219 0.05070894584059715
1305031455.759683 0.9181151986122131 -0.33994272351264954 0.20372352004051208 -0.4112253189086914 0.32191386818885803 0.9395164847373962 0.1169615313410759 -0.05020885542035103 -0.2311619073152542 -0.041802726686000824 0.9720168113708496 0.04638871178030968
1305031455.791666 0.915012776851654 -0.3407309949398041 0.2159951627254486 -0.42748260498046875 0.32051026821136475 0.9391320943832397 0.12370874732732773 -0.07287920266389847 -0.24499943852424622 -0.04396641626954079 0.9685258269309998 0.04563375934958458
1305031455.82759 0.9134988188743591 -0.33757084608078003 0.22708086669445038 -0.4481278955936432 0.3183229863643646 0.9406377673149109 0.11777438968420029 -0.0803799107670784 -0.25335806608200073 -0.03530170023441315 0.9667282700538635 0.04319145530462265
1305031455.859526 0.9121893048286438 -0.3374759256839752 0.23242339491844177 -0.4656979441642761 0.3165942132472992 0.9405372738838196 0.12311547249555588 -0.09885764122009277 -0.26015135645866394 -0.038720693439245224 0.9647911787033081 0.04037182778120041
1305031455.891657 0.9105004072189331 -0.3370327949523926 0.23957867920398712 -0.4816410541534424 0.31526994705200195 0.9407066702842712 0.12520155310630798 -0.11039713770151138 -0.2675703763961792 -0.038464076817035675 0.9627703428268433 0.037523768842220306
1305031455.927955 0.9087496995925903 -0.33650413155555725 0.24685783684253693 -0.495044082403183 0.31268826127052307 0.9407397508621216 0.1312798112630844 -0.1245964765548706 -0.2764052152633667 -0.04211091995239258 0.9601181745529175 0.0368921160697937
1305031455.959716 0.9086207747459412 -0.33095601201057434 0.25470831990242004 -0.509705126285553 0.3060873746871948 0.942672848701477 0.1329597532749176 -0.13272839784622192 -0.2841103971004486 -0.042846985161304474 0.9578338265419006 0.03431118279695511
1305031455.991694 0.9077426791191101 -0.3286704421043396 0.26072773337364197 -0.5198282599449158 0.3014165759086609 0.9432169198989868 0.13960523903369904 -0.1398162692785263 -0.2918069362640381 -0.04813796654343605 0.9552651047706604 0.03309709578752518
1305031456.02777 0.9066663980484009 -0.32501399517059326 0.2689273953437805 -0.5341941714286804 0.2946987450122833 0.9441388249397278 0.14749343693256378 -0.13746879994869232 -0.30184224247932434 -0.05447477102279663 0.9518002271652222 0.029934927821159363
1305031456.059713 0.9067781567573547 -0.32147216796875 0.2727799117565155 -0.546058714389801 0.28107038140296936 0.9431841969490051 0.17720869183540344 -0.15866971015930176 -0.3142493963241577 -0.08401861786842346 0.9456152319908142 0.03454767167568207
1305031456.091707 0.9073057174682617 -0.3164327144622803 0.276887446641922 -0.5561173558235168 0.268969863653183 0.9429420828819275 0.196252703666687 -0.17788423597812653 -0.3231895864009857 -0.10358679294586182 0.9406477808952332 0.03792214393615723
1305031456.127645 0.9044703245162964 -0.3163934350013733 0.2860566973686218 -0.5688701272010803 0.26473385095596313 0.9422517418861389 0.20512817800045013 -0.19485867023468018 -0.33443859219551086 -0.1098034679889679 0.9359989166259766 0.04174405336380005
1305031456.159731 0.9016560912132263 -0.31861305236816406 0.292407363653183 -0.5707870125770569 0.2628028988838196 0.9406782388687134 0.21461345255374908 -0.21211889386177063 -0.3434399366378784 -0.11666203290224075 0.9319007396697998 0.04410304129123688
1305031456.191658 0.8956883549690247 -0.3219354450702667 0.30675721168518066 -0.570807933807373 0.2646196782588959 0.9402751326560974 0.21414701640605927 -0.22764448821544647 -0.35737767815589905 -0.11063498258590698 0.9273840188980103 0.04609231650829315
1305031456.227678 0.8861207962036133 -0.3251379430294037 0.33026573061943054 -0.5843703746795654 0.2665294110774994 0.9404963254928589 0.2107812762260437 -0.2274259775876999 -0.3791467547416687 -0.09875211864709854 0.9200520515441895 0.04794780910015106
1305031456.259614 0.8765571117401123 -0.33224162459373474 0.3482285439968109 -0.5873343348503113 0.2673366367816925 0.9377403259277344 0.22175255417823792 -0.23874825239181519 -0.40022337436676025 -0.10128453373908997 0.9108032584190369 0.05748674273490906
1305031456.291675 0.8644686937332153 -0.3414125442504883 0.36896002292633057 -0.5923145413398743 0.2719770669937134 0.9349308609962463 0.22788770496845245 -0.2551344037055969 -0.42275580763816833 -0.09665309637784958 0.9010747075080872 0.06634858250617981
1305031456.327718 0.8504835367202759 -0.34929734468460083 0.3932799994945526 -0.6011712551116943 0.27690717577934265 0.9330041408538818 0.22983849048614502 -0.2693115174770355 -0.4472138285636902 -0.08657178282737732 0.8902275562286377 0.0771695077419281
1305031456.359846 0.8383406400680542 -0.35367780923843384 0.414845734834671 -0.6071292161941528 0.28321802616119385 0.9327903985977173 0.22291190922260284 -0.2624388337135315 -0.4658030867576599 -0.06938429176807404 0.8821640014648438 0.079440176486969
1305031456.391619 0.8230728507041931 -0.36283445358276367 0.436923623085022 -0.609511137008667 0.28346484899520874 0.929093062877655 0.23755808174610138 -0.281723290681839 -0.49213698506355286 -0.07167510688304901 0.8675619959831238 0.09852488338947296
1305031456.427662 0.8054406642913818 -0.3657941520214081 0.4663260579109192 -0.6265689134597778 0.2884422540664673 0.9292786121368408 0.23074312508106232 -0.2853684723377228 -0.5177513360977173 -0.05134173855185509 0.8539892435073853 0.1147705614566803
1305031456.45961 0.7915259599685669 -0.37494784593582153 0.48259788751602173 -0.6470329165458679 0.2984975576400757 0.9262644648551941 0.23007218539714813 -0.28104615211486816 -0.5332784056663513 -0.03805382549762726 0.845083475112915 0.13249626755714417
1305031456.491677 0.7859883904457092 -0.39086297154426575 0.4790076017379761 -0.6538450717926025 0.3086875379085541 0.9194113612174988 0.2437102049589157 -0.28710582852363586 -0.5356624126434326 -0.04368973523378372 0.8433012366294861 0.15222474932670593
1305031456.527641 0.7816634774208069 -0.4057636559009552 0.4736643433570862 -0.6604025363922119 0.3215876817703247 0.9129113554954529 0.2513445019721985 -0.28794100880622864 -0.5344001054763794 -0.044142186641693115 0.8440782427787781 0.17002935707569122
1305031456.559608 0.7788224220275879 -0.4179764688014984 0.46768712997436523 -0.6539840698242188 0.32965797185897827 0.9070999026298523 0.26171639561653137 -0.30121248960494995 -0.5336303114891052 -0.04965381324291229 0.8442589640617371 0.18607595562934875
1305031456.591651 0.7683367729187012 -0.4249151349067688 0.4786498546600342 -0.6665123105049133 0.3404620885848999 0.9045893549919128 0.2565220594406128 -0.29042941331863403 -0.5419818162918091 -0.034133244305849075 0.8396968841552734 0.19856441020965576
1305031456.627612 0.7587046027183533 -0.4453025758266449 0.4754711985588074 -0.6740767955780029 0.34910815954208374 0.8941605687141418 0.28035759925842285 -0.28404971957206726 -0.5499916076660156 -0.046717725694179535 0.8338626027107239 0.21311450004577637
1305031456.659665 0.7443057298660278 -0.4711693227291107 0.4732952415943146 -0.6720631122589111 0.35702863335609436 0.8796513080596924 0.3142358064651489 -0.3049670457839966 -0.5643931031227112 -0.06490756571292877 0.8229504823684692 0.2401917576789856
1305031456.691612 0.7312686443328857 -0.48512184619903564 0.47948193550109863 -0.6762424111366272 0.3726276755332947 0.8729228377342224 0.31488776206970215 -0.3099547326564789 -0.5713096857070923 -0.05159928277134895 0.8191109299659729 0.25689393281936646
1305031456.727693 0.7173271775245667 -0.49951159954071045 0.48572611808776855 -0.6974018812179565 0.38674598932266235 0.8653458952903748 0.3187536299228668 -0.3011392652988434 -0.5795422196388245 -0.04079807922244072 0.8139203190803528 0.2792651057243347
1305031456.759615 0.7112877368927002 -0.5181437134742737 0.4749704599380493 -0.7009725570678711 0.39637935161590576 0.853714644908905 0.33771994709968567 -0.3257409334182739 -0.5804765820503235 -0.05194756016135216 0.8126182556152344 0.3007369637489319
1305031456.791649 0.7100247740745544 -0.5227984189987183 0.47174859046936035 -0.7081498503684998 0.4129619598388672 0.8517740368843079 0.32240238785743713 -0.32597193121910095 -0.570374608039856 -0.03409946709871292 0.8206766247749329 0.3197290599346161
1305031456.827603 0.7080093622207642 -0.5299298763275146 0.4667946994304657 -0.7139445543289185 0.4305728077888489 0.8478481769561768 0.3094518482685089 -0.30371516942977905 -0.5597586631774902 -0.018105708062648773 0.828457772731781 0.3331867754459381
1305031456.859634 0.6994618773460388 -0.550003707408905 0.45634305477142334 -0.7090355157852173 0.4446238577365875 0.8348121047019958 0.3246511220932007 -0.3083120584487915 -0.55951988697052 -0.02418009750545025 0.8284640908241272 0.3503734767436981
1305031456.891672 0.691845715045929 -0.5605379939079285 0.45513370633125305 -0.7054727673530579 0.4514961242675781 0.8277517557144165 0.3331340253353119 -0.315385639667511 -0.5634719133377075 -0.024986261501908302 0.8257572054862976 0.36637216806411743
1305031456.92769 0.6800096035003662 -0.5626891851425171 0.4700721800327301 -0.7132166624069214 0.45805662870407104 0.8266394138336182 0.3268815577030182 -0.3111560046672821 -0.572512686252594 -0.006962944753468037 0.8198661804199219 0.38100990653038025
1305031456.959667 0.666623055934906 -0.5699639916419983 0.4803693890571594 -0.727912962436676 0.46545329689979553 0.8216585516929626 0.32898378372192383 -0.30034521222114563 -0.5822083950042725 0.004281358793377876 0.8130282759666443 0.3959478735923767
1305031456.991709 0.6587181687355042 -0.5826722383499146 0.4760078191757202 -0.7295730710029602 0.4648391902446747 0.8126423954963684 0.3514779210090637 -0.3102010488510132 -0.5916205644607544 -0.010257750749588013 0.8061512112617493 0.4130792021751404
1305031457.027648 0.6493843197822571 -0.5884679555892944 0.48166948556900024 -0.7380194067955017 0.46732115745544434 0.8084883689880371 0.35771119594573975 -0.31374114751815796 -0.5999257564544678 -0.007197697646915913 0.8000231981277466 0.42654919624328613
1305031457.059621 0.6384684443473816 -0.5970738530158997 0.4856550991535187 -0.7504001259803772 0.47326430678367615 0.8021820783615112 0.3640393614768982 -0.3096562623977661 -0.6069421768188477 -0.002584480680525303 0.7947418093681335 0.4344111979007721
1305031457.091655 0.6265212297439575 -0.6132559776306152 0.48102834820747375 -0.7552120089530945 0.47714874148368835 0.7897935509681702 0.3854283392429352 -0.317610502243042 -0.6162793040275574 -0.011956927366554737 0.787436842918396 0.445439875125885
1305031457.127632 0.6151405572891235 -0.624676525592804 0.4810211956501007 -0.7565826177597046 0.47950559854507446 0.7807233333587646 0.40068134665489197 -0.3326825499534607 -0.6258407235145569 -0.015822984278202057 0.7797903418540955 0.4534894824028015
1305031457.159693 0.5984302759170532 -0.6313486695289612 0.4932344853878021 -0.7690043449401855 0.4853406548500061 0.7754959464073181 0.4037953317165375 -0.33873850107192993 -0.6374368667602539 -0.0022565796971321106 0.7704992294311523 0.46016624569892883
1305031457.191735 0.5822932720184326 -0.6372783184051514 0.5047881007194519 -0.7849905490875244 0.48937416076660156 0.7705780267715454 0.40831658244132996 -0.3440137505531311 -0.649189829826355 0.009270217269659042 0.7605699300765991 0.4648226499557495
1305031457.227543 0.5665336847305298 -0.6497771143913269 0.5067833662033081 -0.7945857644081116 0.49308842420578003 0.7600579857826233 0.4232916235923767 -0.35679376125335693 -0.6602299809455872 0.010080107487738132 0.7509958744049072 0.4707828462123871
1305031457.259691 0.5505043864250183 -0.6575801372528076 0.514328122138977 -0.7999066114425659 0.4966600835323334 0.7531697154045105 0.43135133385658264 -0.376871794462204 -0.6710243821144104 0.017985448241233826 0.7412169575691223 0.4772775173187256
1305031457.291656 0.5328624844551086 -0.6563435196876526 0.534107506275177 -0.8167744874954224 0.5019642114639282 0.7533098459243774 0.42491886019706726 -0.38394689559936523 -0.6812411546707153 0.04167956858873367 0.7308714985847473 0.4771620035171509
1305031457.327548 0.513434886932373 -0.6568140387535095 0.5522499680519104 -0.8371813297271729 0.5018641948699951 0.7518491744995117 0.4276154637336731 -0.38926661014556885 -0.696072518825531 0.05760180950164795 0.715657114982605 0.48045772314071655
1305031457.359712 0.4947873055934906 -0.6669838428497314 0.557062029838562 -0.8428515791893005 0.5022610425949097 0.7426047325134277 0.4430261254310608 -0.4078090786933899 -0.7091681957244873 0.06058686971664429 0.7024312019348145 0.48017618060112
1305031457.391684 0.4690864384174347 -0.6680382490158081 0.5776528716087341 -0.860727071762085 0.503635823726654 0.7396475076675415 0.4463996887207031 -0.4248756766319275 -0.725471556186676 0.08152671903371811 0.6834065318107605 0.4848003387451172
1305031457.427641 0.4441327154636383 -0.670173168182373 0.5946545600891113 -0.8869540691375732 0.5043706893920898 0.7355650663375854 0.45227670669555664 -0.44157302379608154 -0.7405108213424683 0.09905542433261871 0.6647042036056519 0.4959412217140198
1305031457.459614 0.4318150579929352 -0.6745572090148926 0.5987557172775269 -0.902789294719696 0.5079654455184937 0.7304273843765259 0.456559956073761 -0.4583824574947357 -0.7453232407569885 0.1069977730512619 0.6580613255500793 0.5012601613998413
1305031457.491705 0.424528032541275 -0.679449737071991 0.5984347462654114 -0.9104368686676025 0.5116070508956909 0.7253342866897583 0.4605958163738251 -0.4777219295501709 -0.7470168471336365 0.11062762886285782 0.655535876750946 0.5024070739746094
1305031457.527638 0.41567060351371765 -0.6789064407348633 0.6052305698394775 -0.9218457937240601 0.5140116214752197 0.7243356704711914 0.4594886302947998 -0.4949449896812439 -0.7503398656845093 0.12009967118501663 0.6500508189201355 0.5020274519920349
1305031457.559685 0.40370938181877136 -0.6779637336730957 0.6143158078193665 -0.9359194040298462 0.5166788101196289 0.7230883836746216 0.4584605097770691 -0.5089259147644043 -0.755024254322052 0.1323191523551941 0.6422070860862732 0.502364993095398
1305031457.591678 0.39284318685531616 -0.6761432886123657 0.6233012080192566 -0.9551361799240112 0.5197275280952454 0.7224056720733643 0.45608484745025635 -0.5212045907974243 -0.7586550712585449 0.14477699995040894 0.6352023482322693 0.5036129951477051
1305031457.627526 0.3847256898880005 -0.680658221244812 0.623450517654419 -0.9620777368545532 0.5210591554641724 0.7176780104637146 0.4619910418987274 -0.5424530506134033 -0.761894702911377 0.14711473882198334 0.6307722926139832 0.5089097023010254
1305031457.659632 0.37649816274642944 -0.6763655543327332 0.6330710053443909 -0.9846433997154236 0.5260517597198486 0.718582272529602 0.45487263798713684 -0.548850417137146 -0.762573778629303 0.16176940500736237 0.6263481378555298 0.5114142894744873
1305031457.69157 0.37149110436439514 -0.685342013835907 0.6263390779495239 -0.9937286972999573 0.5281322002410889 0.7108264565467834 0.4645451605319977 -0.5633982419967651 -0.7635906934738159 0.1582154482603073 0.6260168552398682 0.5169008374214172
1305031457.727669 0.3706028163433075 -0.6903196573257446 0.6213793754577637 -0.9929543733596802 0.5244772434234619 0.7076871991157532 0.47339460253715515 -0.589417576789856 -0.7665358185768127 0.15045791864395142 0.6243278384208679 0.5206588506698608
1305031457.759556 0.3687005639076233 -0.6872913837432861 0.6258518099784851 -0.9993500709533691 0.5197706818580627 0.7106264233589172 0.47418203949928284 -0.6107800006866455 -0.7706480622291565 0.15046818554401398 0.6192423105239868 0.5249497890472412
1305031457.791567 0.36510637402534485 -0.6832892298698425 0.6323078274726868 -0.9937011003494263 0.5162219405174255 0.7138059139251709 0.47328224778175354 -0.6384157538414001 -0.7747337222099304 0.15361277759075165 0.6133439540863037 0.5221697688102722
1305031457.827699 0.35232454538345337 -0.666552722454071 0.6569436192512512 -1.0172117948532104 0.5148155093193054 0.7242420315742493 0.4587356448173523 -0.6424323916435242 -0.7815576195716858 0.17658090591430664 0.5983200073242188 0.5234883427619934
1305031457.859623 0.3405713737010956 -0.6636398434638977 0.6660280227661133 -1.0234594345092773 0.507112443447113 0.7261618971824646 0.4642476737499237 -0.6598718166351318 -0.7917373776435852 0.17964161932468414 0.5838499665260315 0.5301611423492432
1305031457.891593 0.32882264256477356 -0.6539596319198608 0.6813313961029053 -1.0254900455474854 0.5007230639457703 0.7324220538139343 0.4613397717475891 -0.6827077865600586 -0.800719678401947 0.1894593983888626 0.5682896375656128 0.54154372215271
1305031457.927633 0.31226617097854614 -0.6393006443977356 0.7026981115341187 -1.040250539779663 0.5050678253173828 0.7382080554962158 0.447163850069046 -0.6993358135223389 -0.8046094179153442 0.21527603268623352 0.5534075498580933 0.5551676750183105
1305031457.959632 0.30425721406936646 -0.6346831917762756 0.7103553414344788 -1.050778865814209 0.5115640759468079 0.7379201054573059 0.4402000904083252 -0.7123077511787415 -0.8035731315612793 0.22945818305015564 0.5491986870765686 0.5638192892074585
1305031457.991644 0.303438276052475 -0.6302226185798645 0.7146639823913574 -1.0492942333221436 0.5118634104728699 0.7404303550720215 0.43561315536499023 -0.7302955985069275 -0.8036922216415405 0.23362857103347778 0.5472628474235535 0.5696567296981812
1305031458.027845 0.2940753698348999 -0.6223710775375366 0.7253784537315369 -1.046915888786316 0.5124553442001343 0.7433000802993774 0.429993599653244 -0.7518008351325989 -0.8067893981933594 0.24527348577976227 0.5375235676765442 0.5807517766952515
1305031458.059689 0.28218698501586914 -0.6079413890838623 0.7421441078186035 -1.0641372203826904 0.5166759490966797 0.7481155395507812 0.4163762032985687 -0.7513201236724854 -0.8083418011665344 0.26595205068588257 0.5252170562744141 0.5926169157028198
1305031458.09169 0.2716032564640045 -0.6072109937667847 0.7466769814491272 -1.070742130279541 0.5147871375083923 0.7471837997436523 0.4203694462776184 -0.7560032606124878 -0.8131577968597412 0.2702060639858246 0.5155218839645386 0.6105524301528931
1305031458.127605 0.26384320855140686 -0.6095285415649414 0.7475705146789551 -1.0683592557907104 0.5090035796165466 0.7463188171386719 0.42886316776275635 -0.7708687782287598 -0.8193302750587463 0.26736339926719666 0.5071632862091064 0.6322805881500244
1305031458.159638 0.2522021532058716 -0.6105265617370605 0.7507672309875488 -1.0651055574417114 0.5066316723823547 0.7443227767944336 0.4350951910018921 -0.7895772457122803 -0.8244503736495972 0.27063050866127014 0.49703192710876465 0.6600921154022217
1305031458.191646 0.24583403766155243 -0.6102251410484314 0.7531207799911499 -1.0759724378585815 0.5116889476776123 0.7415841817855835 0.4338517189025879 -0.7935663461685181 -0.8232496976852417 0.2787080705165863 0.49455204606056213 0.6832989454269409
1305031458.227611 0.24641506373882294 -0.6219038367271423 0.7433136701583862 -1.075685739517212 0.5095003843307495 0.7355542182922363 0.44650793075561523 -0.8049588203430176 -0.8244325518608093 0.26869234442710876 0.4981118440628052 0.7088080644607544
1305031458.259934 0.25041452050209045 -0.6294050812721252 0.7356234192848206 -1.0569969415664673 0.5041539669036865 0.7334551215171814 0.4559301733970642 -0.8336120843887329 -0.8265115022659302 0.2566959261894226 0.5009849071502686 0.7301790714263916
1305031458.291664 0.2498604953289032 -0.6168309450149536 0.74638432264328 -1.0641729831695557 0.5067195296287537 0.7401529550552368 0.4420510530471802 -0.8500590920448303 -0.8251091241836548 0.2677563726902008 0.49749520421028137 0.7633748054504395
1305031458.327628 0.2560591697692871 -0.6180815696716309 0.7432422041893005 -1.057602882385254 0.5173513293266296 0.737115740776062 0.43475064635276794 -0.853756308555603 -0.8165669441223145 0.2731954753398895 0.5085104703903198 0.779955267906189
1305031458.35959 0.25897714495658875 -0.6165364980697632 0.743514358997345 -1.0366778373718262 0.5244725942611694 0.7361698746681213 0.42776456475257874 -0.879309892654419 -0.8110853433609009 0.2791716456413269 0.514007568359375 0.7981720566749573
1305031458.391626 0.2586759924888611 -0.5974640250205994 0.7590280175209045 -1.0406391620635986 0.5345277786254883 0.7430373430252075 0.40271034836769104 -0.8715999722480774 -0.8045911192893982 0.3015500605106354 0.5115669965744019 0.8221499919891357
1305031458.427598 0.2494795322418213 -0.592789888381958 0.7657415270805359 -1.0383669137954712 0.5493456125259399 0.7378307580947876 0.39220547676086426 -0.8740725517272949 -0.7974831461906433 0.32280951738357544 0.5097201466560364 0.8338133692741394
1305031458.459637 0.23049524426460266 -0.5831290483474731 0.7789945602416992 -1.0244393348693848 0.5653403997421265 0.7318300604820251 0.38054564595222473 -0.8764083981513977 -0.7919988632202148 0.3526831269264221 0.4983496367931366 0.8432559967041016
1305031458.491696 0.215905100107193 -0.5463261008262634 0.8092668652534485 -1.0084116458892822 0.5576180815696716 0.7493547797203064 0.3571126461029053 -0.8791266679763794 -0.8015279173851013 0.37415942549705505 0.4664308726787567 0.8668174743652344
1305031458.527737 0.2023424506187439 -0.5131381750106812 0.8341143131256104 -1.0145469903945923 0.5520938038825989 0.7632525563240051 0.33561578392982483 -0.8685334920883179 -0.8088572025299072 0.3926001191139221 0.437738835811615 0.8894214630126953
1305031458.559628 0.1899672895669937 -0.49372902512550354 0.8486130237579346 -1.0091028213500977 0.5459256172180176 0.7715256214141846 0.32667022943496704 -0.8535865545272827 -0.8160132169723511 0.40122297406196594 0.41610395908355713 0.9128395318984985
1305031458.591641 0.1843232363462448 -0.46690434217453003 0.864884614944458 -1.0062284469604492 0.5307988524436951 0.787891685962677 0.31221675872802734 -0.8463417291641235 -0.8272107243537903 0.4015308618545532 0.39305898547172546 0.9483222365379333
1305031458.627659 0.18694068491458893 -0.45012417435646057 0.8731789588928223 -1.0086482763290405 0.5306713581085205 0.7942728400230408 0.29583534598350525 -0.8101224899291992 -0.8267050385475159 0.40806737542152405 0.387349933385849 0.9809563159942627
1305031458.659623 0.19211412966251373 -0.46416035294532776 0.8646661043167114 -0.9973536133766174 0.5303400754928589 0.7904465794563293 0.30648601055145264 -0.8111202716827393 -0.8257310390472412 0.3996868133544922 0.3980187475681305 1.004745364189148
1305031458.691674 0.21629999577999115 -0.47192850708961487 0.8546916842460632 -1.0009255409240723 0.5220803618431091 0.7956497073173523 0.30720287561416626 -0.8197107911109924 -0.8250130414962769 0.37976977229118347 0.4184836149215698 1.0369493961334229
1305031458.72765 0.25153103470802307 -0.47329771518707275 0.8442282676696777 -0.9751011729240417 0.5214797258377075 0.8011050224304199 0.29375094175338745 -0.809858500957489 -0.8153471946716309 0.36636045575141907 0.4483179450035095 1.0477579832077026
1305031458.759945 0.2882789075374603 -0.4574299156665802 0.8412211537361145 -0.9657272100448608 0.5163918733596802 0.814086377620697 0.2657119333744049 -0.7996395826339722 -0.8063713908195496 0.3578006327152252 0.47089698910713196 1.0654747486114502
1305031458.791632 0.3297685384750366 -0.44836878776550293 0.8307936191558838 -0.9621114730834961 0.5130642056465149 0.8238341212272644 0.24096126854419708 -0.7730923891067505 -0.792475700378418 0.34678906202316284 0.5017165541648865 1.075046420097351
1305031458.827564 0.35196352005004883 -0.4624965488910675 0.8137682676315308 -0.942429780960083 0.5173093676567078 0.8206697702407837 0.24267706274986267 -0.7636505365371704 -0.7800723910331726 0.3355564773082733 0.5280995965003967 1.0746034383773804
1305031458.859887 0.3599996566772461 -0.46316003799438477 0.8098661303520203 -0.9272129535675049 0.5135641694068909 0.8230901956558228 0.24243450164794922 -0.7754128575325012 -0.7788788676261902 0.32864195108413696 0.5341745615005493 1.0819199085235596
1305031458.891665 0.3677637279033661 -0.44441771507263184 0.8168492317199707 -0.9279932975769043 0.5054798722267151 0.832839846611023 0.225539430975914 -0.7647314071655273 -0.7805382609367371 0.3299555480480194 0.5309324860572815 1.0844995975494385
1305031458.927621 0.35203516483306885 -0.4458704888820648 0.822964608669281 -0.9294522404670715 0.5079323053359985 0.8295248746871948 0.23214921355247498 -0.7575411796569824 -0.7861779928207397 0.33628565073013306 0.5184939503669739 1.0998226404190063
1305031458.959617 0.3261691927909851 -0.46969786286354065 0.8203642964363098 -0.9234294891357422 0.5237294435501099 0.8122498393058777 0.25682204961776733 -0.7666361331939697 -0.7869694828987122 0.34588146209716797 0.5109255313873291 1.1125308275222778
1305031458.991647 0.3116336166858673 -0.4740724265575409 0.8234924077987671 -0.9047776460647583 0.5230211615562439 0.8091295957565308 0.26787739992141724 -0.792557954788208 -0.7933052778244019 0.34722429513931274 0.5001019239425659 1.1348241567611694
1305031459.027665 0.3057004511356354 -0.4596223533153534 0.8338432908058167 -0.9136782884597778 0.5241605043411255 0.8123536109924316 0.2556114196777344 -0.8143044114112854 -0.794860303401947 0.35892724990844727 0.48925286531448364 1.161871314048767
1305031459.059631 0.3040248155593872 -0.45080676674842834 0.8392509818077087 -0.9104883670806885 0.5400195121765137 0.807296097278595 0.23801608383655548 -0.8225226402282715 -0.7848234176635742 0.380849152803421 0.4888826906681061 1.195075273513794
1305031459.09165 0.30964162945747375 -0.4499533176422119 0.8376539945602417 -0.9114097356796265 0.5694209337234497 0.7932637929916382 0.2156204879283905 -0.8501297235488892 -0.7614996433258057 0.41021260619163513 0.5018404722213745 1.2193413972854614
1305031459.127618 0.3471829891204834 -0.4358968436717987 0.8303360342979431 -0.9093851447105408 0.5850587487220764 0.7926526069641113 0.17148761451244354 -0.8527898192405701 -0.732918918132782 0.4262579083442688 0.5302208065986633 1.241508960723877
1305031459.159639 0.3867752254009247 -0.4331703782081604 0.8141059875488281 -0.9096606969833374 0.6047428250312805 0.7856220006942749 0.13070613145828247 -0.8623284101486206 -0.6961974501609802 0.4417709410190582 0.5658158659934998 1.2499151229858398
1305031459.191674 0.3991312086582184 -0.44232574105262756 0.8031452298164368 -0.9238848090171814 0.6249175667762756 0.7722141742706299 0.1147315576672554 -0.8864647746086121 -0.6709488034248352 0.45610663294792175 0.5846319198608398 1.2592381238937378
1305031459.227607 0.40237903594970703 -0.4530377686023712 0.7955173850059509 -0.9359515309333801 0.6438644528388977 0.757779061794281 0.10587435960769653 -0.8993052244186401 -0.6507915258407593 0.46960383653640747 0.596609354019165 1.2704585790634155
1305031459.25976 0.3960970640182495 -0.46368226408958435 0.7925313711166382 -0.9405978918075562 0.659574568271637 0.7441646456718445 0.10573770105838776 -0.8988221883773804 -0.6388025879859924 0.48085111379623413 0.6005944013595581 1.2770851850509644
1305031459.29169 0.37218424677848816 -0.47095441818237305 0.7998005151748657 -0.9233799576759338 0.672357439994812 0.7308459877967834 0.11747217178344727 -0.8808300495147705 -0.6398549675941467 0.49403050541877747 0.5886591076850891 1.2927851676940918
1305031459.327632 0.32588356733322144 -0.4765581786632538 0.8165121674537659 -0.9126862287521362 0.6932520866394043 0.7076795697212219 0.13634945452213287 -0.8648082613945007 -0.6428074836730957 0.5216147303581238 0.5609959959983826 1.3148949146270752
1305031459.359651 0.2544231712818146 -0.475511372089386 0.8421151041984558 -0.9277841448783875 0.7147901654243469 0.6789962649345398 0.1674489974975586 -0.8706129193305969 -0.6514168381690979 0.5593326687812805 0.5126431584358215 1.3318073749542236
1305031459.391667 0.1754455268383026 -0.4884200096130371 0.8547893762588501 -0.9429206252098083 0.7392483353614807 0.6387738585472107 0.2132597267627716 -0.8723345994949341 -0.6501774787902832 0.5944861173629761 0.47313374280929565 1.3445823192596436
1305031459.427646 0.0887138694524765 -0.5170908570289612 0.8513206243515015 -0.9463138580322266 0.7652490735054016 0.5824839472770691 0.2740553915500641 -0.8556951284408569 -0.6375921964645386 0.6271598935127258 0.4473777711391449 1.3280729055404663
1305031459.459679 -0.014104988425970078 -0.5009549856185913 0.865358293056488 -0.9244173765182495 0.7787060737609863 0.5373836755752563 0.3237834572792053 -0.833040714263916 -0.6272304058074951 0.6784268617630005 0.38251689076423645 1.3708852529525757
1305031459.491555 -0.10751846432685852 -0.4833633005619049 0.8687921166419983 -0.9701539278030396 0.772178053855896 0.5098387598991394 0.37921708822250366 -0.8486080169677734 -0.6262434720993042 0.7116349339485168 0.3184254467487335 1.418326735496521
1305031459.527594 -0.18572020530700684 -0.4878053069114685 0.8529677987098694 -0.9650569558143616 0.7817022800445557 0.4526127278804779 0.42904895544052124 -0.8427877426147461 -0.5953564643859863 0.7464500665664673 0.2972591519355774 1.4389396905899048
1305031459.559647 -0.2538902759552002 -0.4920678436756134 0.832711935043335 -0.9680269956588745 0.7783975005149841 0.40708789229393005 0.47788748145103455 -0.8748048543930054 -0.5741400122642517 0.7695120573043823 0.27966880798339844 1.4478721618652344
1305031459.591695 -0.2837308645248413 -0.47161874175071716 0.8349087834358215 -0.9862757921218872 0.7824302315711975 0.38948386907577515 0.48590654134750366 -0.8726973533630371 -0.5543461441993713 0.7911245822906494 0.2585001587867737 1.4782027006149292
1305031459.627608 -0.29808521270751953 -0.4712766408920288 0.8300865888595581 -0.9826908111572266 0.7907352447509766 0.3651973009109497 0.491292804479599 -0.870349645614624 -0.534680187702179 0.8028258085250854 0.2637951076030731 1.493756651878357
1305031459.659641 -0.31207525730133057 -0.4621312618255615 0.8300865888595581 -0.9806355237960815 0.7777953743934631 0.37745511531829834 0.5025554299354553 -0.8707919120788574 -0.5455670356750488 0.8024725914001465 0.24164913594722748 1.5161197185516357
1305031459.691604 -0.33679914474487305 -0.4592653214931488 0.8219742774963379 -0.9850623607635498 0.7665784358978271 0.37316006422042847 0.5225984454154968 -0.8779159188270569 -0.5467393398284912 0.8061184883117676 0.22638282179832458 1.5356463193893433
1305031459.727551 -0.35560527443885803 -0.46532872319221497 0.8105641007423401 -0.9844069480895996 0.7517799735069275 0.37286755442619324 0.5438718795776367 -0.9018927216529846 -0.5553122758865356 0.8027694821357727 0.2172311693429947 1.5459754467010498
1305031459.759635 -0.3695485591888428 -0.46390774846076965 0.8051233291625977 -0.980602502822876 0.7410637140274048 0.37558960914611816 0.5565582513809204 -0.931183934211731 -0.5605875849723816 0.8023229241371155 0.2049865573644638 1.5581881999969482
1305031459.79165 -0.3771279454231262 -0.4619409739971161 0.8027359843254089 -0.9759953618049622 0.7322294116020203 0.38200923800468445 0.5638341307640076 -0.9534618258476257 -0.5671105980873108 0.8004245758056641 0.19418039917945862 1.5777573585510254
1305031459.827664 -0.37642544507980347 -0.46284863352775574 0.8025429248809814 -0.9727534055709839 0.7280325293540955 0.3879440128803253 0.565214991569519 -0.9694380164146423 -0.5729506015777588 0.7970386743545532 0.1909368336200714 1.595755696296692
1305031459.85966 -0.37642982602119446 -0.46942228078842163 0.7987135648727417 -0.9700719118118286 0.7215406894683838 0.3922106921672821 0.5705697536468506 -0.9895423650741577 -0.5811021327972412 0.791083812713623 0.19106744229793549 1.6184422969818115
1305031459.891596 -0.3738541007041931 -0.4835207462310791 0.7914801239967346 -0.9619755744934082 0.7265841364860535 0.37770727276802063 0.573944628238678 -1.0080357789993286 -0.5764620304107666 0.7896485924720764 0.2101111114025116 1.6222114562988281
1305031459.927607 -0.3724667429924011 -0.4844942092895508 0.7915389537811279 -0.953683078289032 0.7313859462738037 0.37176981568336487 0.5717182159423828 -1.0214813947677612 -0.5712644457817078 0.7918666005134583 0.2158803641796112 1.6320900917053223
1305031459.95965 -0.37187960743904114 -0.4849642515182495 0.7915271520614624 -0.9530621767044067 0.7369990348815918 0.36417877674102783 0.5693911910057068 -1.0332207679748535 -0.5643917918205261 0.7950997948646545 0.2219875305891037 1.6401047706604004
1305031459.991725 -0.38175639510154724 -0.49096739292144775 0.7830792665481567 -0.94333815574646 0.7352659702301025 0.352053165435791 0.5791739821434021 -1.0565038919448853 -0.560041069984436 0.7968750596046448 0.2265930473804474 1.6513432264328003
1305031460.027565 -0.3840494751930237 -0.49389147758483887 0.7801135778427124 -0.9297081232070923 0.7385531663894653 0.34273770451545715 0.5805772542953491 -1.0684009790420532 -0.5541165471076965 0.7991257309913635 0.2331368625164032 1.6536839008331299
1305031460.059659 -0.3889109194278717 -0.48686346411705017 0.782120406627655 -0.9183537364006042 0.7374444007873535 0.34433507919311523 0.5810413956642151 -1.078737497329712 -0.5521992444992065 0.8027436137199402 0.22511908411979675 1.6711913347244263
1305031460.091717 -0.3995380103588104 -0.4864960312843323 0.7769755125045776 -0.906633734703064 0.7381142973899841 0.33191800117492676 0.5873820185661316 -1.1085816621780396 -0.5436512231826782 0.8081782460212708 0.2264758199453354 1.6839808225631714
1305031460.12769 -0.38785240054130554 -0.48116108775138855 0.7861644625663757 -0.9006097316741943 0.7607360482215881 0.31448617577552795 0.5677843689918518 -1.1140313148498535 -0.5204336047172546 0.8182801604270935 0.2440624237060547 1.682079792022705
1305031460.159678 -0.39554378390312195 -0.47136247158050537 0.788265585899353 -0.8871843218803406 0.770076334476471 0.29752033948898315 0.564326286315918 -1.1413880586624146 -0.5005272030830383 0.8302403688430786 0.24530276656150818 1.6990724802017212
1305031460.191559 -0.3917723298072815 -0.47413304448127747 0.7884873747825623 -0.876807689666748 0.7824613451957703 0.27913782000541687 0.5566293597221375 -1.142745018005371 -0.48401302099227905 0.8350329399108887 0.26163235306739807 1.699560284614563
1305031460.227761 -0.39455732703208923 -0.4763558506965637 0.7857542037963867 -0.8611997961997986 0.7857459187507629 0.2684139609336853 0.5572765469551086 -1.14708411693573 -0.47636935114860535 0.8372807502746582 0.2683899700641632 1.6937230825424194
1305031460.259667 -0.40107277035713196 -0.46898728609085083 0.7868872880935669 -0.8519567251205444 0.7818434834480286 0.2723691761493683 0.5608348846435547 -1.1482572555541992 -0.47734829783439636 0.8401583433151245 0.25743478536605835 1.6919584274291992
1305031460.291689 -0.42005205154418945 -0.46282514929771423 0.7806082963943481 -0.8394445180892944 0.77065509557724 0.272301584482193 0.5761446952819824 -1.1664904356002808 -0.4792150855064392 0.8435904383659363 0.2422976791858673 1.695244312286377
