1305031453.359684 1.0 0.0 0.0 0.0 0.0 1.0 0.0 0.0 0.0 0.0 1.0 0.0
1305031453.39169 0.999634861946106 -0.024042366072535515 0.012334135361015797 0.002164709847420454 0.02402840368449688 0.9997104406356812 0.0012789943721145391 0.0045020668767392635 -0.0123613141477108 -0.000982157769612968 0.9999231100082397 -0.009477103129029274
1305031453.423683 0.9989032745361328 -0.04266459494829178 0.01928785815834999 0.007733510807156563 0.042679544538259506 0.9990887641906738 -0.0003639655187726021 0.0065535190515220165 -0.01925475522875786 0.0011867634020745754 0.9998139142990112 -0.017826052382588387
1305031453.459685 0.9976711273193359 -0.05902617797255516 0.03417867422103882 0.009631887078285217 0.05925833806395531 0.9982258081436157 -0.0058194841258227825 0.008800532668828964 -0.03377452865242958 0.00783130619674921 0.9993987679481506 -0.027708379551768303
1305031453.491698 0.9957557916641235 -0.07931384444236755 0.04668682813644409 0.01339328195899725 0.08001542836427689 0.9967041611671448 -0.013352849520742893 0.01358720287680626 -0.04547389969229698 0.017031842842698097 0.9988202452659607 -0.03864133730530739
1305031453.523684 0.9936195611953735 -0.09707838296890259 0.057410359382629395 0.013799679465591908 0.09867118299007416 0.9947910904884338 -0.025586150586605072 0.018507258966565132 -0.05462745577096939 0.03108764812350273 0.998022735118866 -0.05133650824427605
1305031453.559753 0.9918341636657715 -0.10973804444074631 0.06498140096664429 0.013442249968647957 0.11251597106456757 0.9928141236305237 -0.04074570909142494 0.025625374168157578 -0.0600431002676487 0.04772443324327469 0.9970542788505554 -0.06635677069425583
1305031453.59164 0.9904000163078308 -0.1176866888999939 0.07250909507274628 0.011938512325286865 0.12185691297054291 0.9909640550613403 -0.05604564771056175 0.03357893228530884 -0.06525807082653046 0.06434335559606552 0.9957917928695679 -0.08083207160234451
1305031453.627706 0.9888964891433716 -0.12622670829296112 0.0784253254532814 0.004718487150967121 0.1316625326871872 0.9889253377914429 -0.06849640607833862 0.039561644196510315 -0.06891070306301117 0.0780615508556366 0.9945641160011292 -0.09730169922113419
1305031453.6596 0.989420473575592 -0.12081972509622574 0.08030997216701508 -0.011213844642043114 0.12750369310379028 0.9882677793502808 -0.08408050239086151 0.04591397941112518 -0.06920916587114334 0.0934307798743248 0.993217408657074 -0.11263059824705124
1305031453.691678 0.9911991953849792 -0.11086028069257736 0.07234720885753632 -0.01886998862028122 0.11784912645816803 0.9879019856452942 -0.1008036807179451 0.05731835588812828 -0.06029681861400604 0.10844258964061737 0.9922723770141602 -0.12544655799865723
1305031453.727652 0.9928109645843506 -0.10211476683616638 0.06244172900915146 -0.026623975485563278 0.10847722738981247 0.9881242513656616 -0.10882613807916641 0.06426910310983658 -0.05058743804693222 0.1148172914981842 0.9920977354049683 -0.14295296370983124
1305031453.759694 0.9950084686279297 -0.08492264151573181 0.05240490287542343 -0.04543766751885414 0.09066934138536453 0.9887065887451172 -0.11932442337274551 0.07131002098321915 -0.04167972877621651 0.12348032742738724 0.9914713501930237 -0.15396495163440704
1305031453.791716 0.9970829486846924 -0.06907430291175842 0.03246964514255524 -0.05153772979974747 0.07275952398777008 0.9887121915817261 -0.13097409904003143 0.08199292421340942 -0.023056190460920334 0.13295452296733856 0.9908539056777954 -0.16642436385154724
1305031453.827773 0.9981170296669006 -0.05928792431950569 0.015730220824480057 -0.05803130939602852 0.06088101863861084 0.9888181090354919 -0.13613295555114746 0.0883202999830246 -0.007483288645744324 0.1368342787027359 0.9905657172203064 -0.17844845354557037
1305031453.859705 0.999088704586029 -0.04267651215195656 0.0006740806857123971 -0.08599545061588287 0.0423317588865757 0.9887517690658569 -0.14344985783100128 0.10107100009918213 0.005455440375953913 0.1433476209640503 0.9896573424339294 -0.190888911485672
1305031453.89171 0.999142587184906 -0.029932281002402306 -0.028602568432688713 -0.10124853253364563 0.025461670011281967 0.9890197515487671 -0.14557349681854248 0.11109250038862228 0.032645851373672485 0.14472037553787231 0.9889338612556458 -0.19871270656585693
1305031453.927723 0.9973113536834717 -0.02109774760901928 -0.07017838954925537 -0.10750929266214371 0.011269759386777878 0.990424394607544 -0.13759596645832062 0.11249317228794098 0.07240935415029526 0.1364351212978363 0.9879991412162781 -0.20646606385707855
1305031453.959641 0.9945778846740723 -0.009253766387701035 -0.10358115285634995 -0.11804916709661484 -0.005007194355130196 0.990616500377655 -0.13657870888710022 0.12274409085512161 0.10387305170297623 0.13635684549808502 0.9851990938186646 -0.21090181171894073
1305031453.991624 0.9916465878486633 0.012964594177901745 -0.12833118438720703 -0.12783114612102509 -0.02979322522878647 0.9910532832145691 -0.13009889423847198 0.1235717236995697 0.12549635767936707 0.1328355371952057 0.9831609129905701 -0.21702706813812256
1305031454.027662 0.9874738454818726 0.030994636937975883 -0.15470857918262482 -0.13912522792816162 -0.05153188481926918 0.9901003837585449 -0.13055892288684845 0.12152546644210815 0.14913038909435272 0.13689593970775604 0.9792954325675964 -0.21820129454135895
1305031454.059654 0.9830328226089478 0.05202563852071762 -0.17589658498764038 -0.15267373621463776 -0.07572340220212936 0.9885101914405823 -0.13081961870193481 0.12862978875637054 0.16706958413124084 0.14191949367523193 0.9756776094436646 -0.22617892920970917
1305031454.091651 0.9763414263725281 0.07827135175466537 -0.20157144963741302 -0.16146120429039001 -0.10476138442754745 0.986700713634491 -0.12428585439920425 0.12642155587673187 0.18916267156600952 0.1424623429775238 0.9715564846992493 -0.23230783641338348
1305031454.127701 0.9680883884429932 0.10441941022872925 -0.2278185784816742 -0.1778753250837326 -0.13566693663597107 0.9826986789703369 -0.1260862499475479 0.12889553606510162 0.21071115136146545 0.1529701054096222 0.9655055999755859 -0.2361605018377304
1305031454.159672 0.9586756229400635 0.12510822713375092 -0.2555169463157654 -0.19467392563819885 -0.16155780851840973 0.9786612391471863 -0.12696994841098785 0.1399742066860199 0.2341795265674591 0.16300375759601593 0.9584308862686157 -0.23331508040428162
1305031454.191658 0.9458459615707397 0.15455929934978485 -0.28545910120010376 -0.21099853515625 -0.19412904977798462 0.9741166830062866 -0.11580418050289154 0.14333805441856384 0.2601718604564667 0.16494882106781006 0.9513687491416931 -0.23612773418426514
1305031454.227671 0.9283785820007324 0.18574926257133484 -0.32188546657562256 -0.21603673696517944 -0.22848919034004211 0.9683775305747986 -0.1001880019903183 0.12949353456497192 0.29309678077697754 0.16655975580215454 0.9414627552032471 -0.2456691861152649
1305031454.259627 0.913171112537384 0.21092179417610168 -0.34875571727752686 -0.22195938229560852 -0.26228004693984985 0.9590730667114258 -0.10671395808458328 0.1383935809135437 0.3119739890098572 0.18891975283622742 0.9311184287071228 -0.2453649938106537
1305031454.291639 0.9014913439750671 0.23139992356300354 -0.36574190855026245 -0.22697895765304565 -0.2848185896873474 0.9534786939620972 -0.09877631068229675 0.1452323943376541 0.3258703052997589 0.19321610033512115 0.9254599809646606 -0.2461828887462616
1305031454.327699 0.8865707516670227 0.2627127170562744 -0.3807547688484192 -0.24634839594364166 -0.3164405822753906 0.9448032975196838 -0.08492374420166016 0.1359172910451889 0.33742785453796387 0.19577719271183014 0.9207680225372314 -0.2505117654800415
1305031454.359636 0.868689239025116 0.28559789061546326 -0.4047379791736603 -0.25351330637931824 -0.348292738199234 0.9331434369087219 -0.08908092975616455 0.14177767932415009 0.3522372841835022 0.21835097670555115 0.9100833535194397 -0.2505977153778076
1305031454.391677 0.8537960052490234 0.3065483272075653 -0.42078569531440735 -0.2625487446784973 -0.3736201226711273 0.9236610531806946 -0.08519434183835983 0.14922504127025604 0.36254721879959106 0.22995257377624512 0.9031507968902588 -0.2508239150047302
1305031454.427465 0.8328456878662109 0.33213967084884644 -0.44277679920196533 -0.2751322388648987 -0.40393319725990295 0.9116307497024536 -0.07594184577465057 0.1524437963962555 0.3784257173538208 0.2421000897884369 0.8934100270271301 -0.252948135137558
1305031454.459913 0.8105865716934204 0.35376816987991333 -0.4666878581047058 -0.27290967106819153 -0.43208569288253784 0.899199903011322 -0.06885664165019989 0.1556854248046875 0.3952864110469818 0.25746339559555054 0.8817375898361206 -0.2503622770309448
1305031454.491617 0.7936906218528748 0.37909460067749023 -0.4757545590400696 -0.27683117985725403 -0.46077027916908264 0.8852596879005432 -0.0632929876446724 0.1614515632390976 0.39717233180999756 0.2694486081600189 0.8772978186607361 -0.25492551922798157
1305031454.5277 0.77377849817276 0.4054582715034485 -0.48669323325157166 -0.28204822540283203 -0.49061480164527893 0.86960369348526 -0.055557191371917725 0.1736437976360321 0.40070411562919617 0.2817678451538086 0.8718044757843018 -0.25507301092147827
1305031454.559575 0.7564689517021179 0.42849740386009216 -0.49411022663116455 -0.2885741591453552 -0.513168215751648 0.8572484850883484 -0.042231399565935135 0.18341948091983795 0.4054792523384094 0.2855083644390106 0.8683729767799377 -0.2600058317184448
1305031454.591635 0.7300109267234802 0.4568577706813812 -0.5082963109016418 -0.29702693223953247 -0.5423163771629333 0.8398306965827942 -0.02402859553694725 0.19101835787296295 0.4159052073955536 0.29319852590560913 0.8608470559120178 -0.2631263732910156
1305031454.62758 0.7007502913475037 0.4763646721839905 -0.5310609936714172 -0.2966124713420868 -0.5639803409576416 0.825780987739563 -0.0034581683576107025 0.19398018717765808 0.43689265847206116 0.301931232213974 0.8473266363143921 -0.26460573077201843
1305031454.659528 0.6814129948616028 0.48390522599220276 -0.5491011142730713 -0.29681891202926636 -0.5727632641792297 0.8196395635604858 0.01154514029622078 0.21109367907047272 0.45565173029899597 0.3066379129886627 0.8356762528419495 -0.26594066619873047
1305031454.691884 0.6561200618743896 0.4973151981830597 -0.5676125884056091 -0.298321932554245 -0.5813866257667542 0.8126454949378967 0.03995960205793381 0.21373137831687927 0.4811403751373291 0.3037841022014618 0.8223254680633545 -0.26527684926986694
1305031454.727659 0.6335165500640869 0.4979850649833679 -0.5921720266342163 -0.28736308217048645 -0.5827118158340454 0.8105875253677368 0.058264996856451035 0.21907123923301697 0.5090223550796509 0.30815377831459045 0.8037023544311523 -0.26122182607650757
1305031454.759732 0.6299859881401062 0.4922844469547272 -0.6006444692611694 -0.2799908220767975 -0.5697736740112305 0.8185302019119263 0.073255255818367 0.22077429294586182 0.5277079939842224 0.29608154296875 0.7961531281471252 -0.2571984827518463
1305031454.791641 0.6339738368988037 0.4831346869468689 -0.6038691997528076 -0.2772297263145447 -0.5556720495223999 0.8276581764221191 0.07880651950836182 0.22713316977024078 0.5378714799880981 0.2855919599533081 0.7931780815124512 -0.2551020383834839
1305031454.82757 0.6379188895225525 0.47236400842666626 -0.6082201600074768 -0.2661460340023041 -0.5409631729125977 0.8369757533073425 0.08264554291963577 0.23604843020439148 0.5481044054031372 0.27630358934402466 0.7894541621208191 -0.25125235319137573
1305031454.85962 0.6512333154678345 0.4641408324241638 -0.6003901362419128 -0.2643834352493286 -0.5261415839195251 0.8462841510772705 0.08353570848703384 0.24669845402240753 0.5468729138374329 0.26148897409439087 0.7953322529792786 -0.2514735758304596
1305031454.891764 0.6641040444374084 0.456440806388855 -0.5921382904052734 -0.25762367248535156 -0.5117228031158447 0.8549265265464783 0.0850919634103775 0.25186702609062195 0.5450741052627563 0.24650068581104279 0.8013311624526978 -0.2527540922164917
1305031454.927567 0.6784926652908325 0.4499133825302124 -0.5807113647460938 -0.2549878656864166 -0.4994944632053375 0.8621963262557983 0.08439710736274719 0.26017746329307556 0.5386585593223572 0.2327992171049118 0.8097230792045593 -0.25556811690330505
1305031454.959648 0.6923299431800842 0.4439224898815155 -0.5688691735267639 -0.25724461674690247 -0.48727425932884216 0.8690853714942932 0.0851723849773407 0.2676888406276703 0.5322057604789734 0.21822793781757355 0.8180058002471924 -0.26001253724098206
1305031454.991937 0.7036537528038025 0.4367213249206543 -0.5604872703552246 -0.26198697090148926 -0.477603018283844 0.8747421503067017 0.08198465406894684 0.27769899368286133 0.5260862708091736 0.210001602768898 0.8240949511528015 -0.2656398117542267
1305031455.027799 0.7101466655731201 0.43082934617996216 -0.5568463802337646 -0.26390963792800903 -0.4725770652294159 0.8779548406600952 0.07659143954515457 0.2931799292564392 0.5218837857246399 0.20876169204711914 0.8270766735076904 -0.27435624599456787
1305031455.059636 0.7154600024223328 0.42953088879585266 -0.5510174632072449 -0.26650214195251465 -0.469482421875 0.879654586315155 0.07611902803182602 0.29997143149375916 0.5174005031585693 0.20423290133476257 0.8310147523880005 -0.2783840298652649
1305031455.0917 0.7214643955230713 0.42698904871940613 -0.5451323986053467 -0.27204763889312744 -0.46973615884780884 0.8802024722099304 0.0677611380815506 0.3112185597419739 0.5087600946426392 0.2071812003850937 0.8356068730354309 -0.2826206684112549
1305031455.127695 0.7281779646873474 0.4241425693035126 -0.538386344909668 -0.27587324380874634 -0.46845993399620056 0.8813927173614502 0.060762934386730194 0.3235430121421814 0.5003019571304321 0.20796623826026917 0.84050452709198 -0.2872636020183563
1305031455.15972 0.7377848029136658 0.420833945274353 -0.5277994275093079 -0.2868718206882477 -0.4620295763015747 0.884854257106781 0.059678442776203156 0.3309323787689209 0.4921403229236603 0.1998291015625 0.8472697734832764 -0.29355093836784363
1305031455.191655 0.7482574582099915 0.41463223099708557 -0.5178715586662292 -0.2981923520565033 -0.45217931270599365 0.8899600505828857 0.05920302867889404 0.34132686257362366 0.4854324162006378 0.18987172842025757 0.8534073233604431 -0.300187349319458
1305031455.227581 0.7598339915275574 0.40040236711502075 -0.51218181848526 -0.3100683093070984 -0.4400795102119446 0.8966690897941589 0.04811003804206848 0.3572714924812317 0.47852104902267456 0.18884514272212982 0.8575285077095032 -0.3015120029449463
1305031455.259631 0.7709813117980957 0.38968685269355774 -0.5037180185317993 -0.31697171926498413 -0.4274432957172394 0.9029556512832642 0.04430881515145302 0.3718787729740143 0.472101628780365 0.18114961683750153 0.8627310991287231 -0.30540740489959717
1305031455.291831 0.7856690287590027 0.3806445896625519 -0.4876821041107178 -0.33078551292419434 -0.4078329801559448 0.9114367961883545 0.05436273291707039 0.37512725591659546 0.4651843309402466 0.15618173778057098 0.8713271021842957 -0.31143927574157715
1305031455.327766 0.7988665103912354 0.3635767102241516 -0.4791911840438843 -0.3443707227706909 -0.3862876892089844 0.9207596778869629 0.054622065275907516 0.3882334530353546 0.4610791504383087 0.14146992564201355 0.8760092854499817 -0.3193681836128235
1305031455.35963 0.8042947053909302 0.3552067279815674 -0.47638052701950073 -0.3485398292541504 -0.3703221082687378 0.9265799522399902 0.06566047668457031 0.3976370096206665 0.46472761034965515 0.12360385805368423 0.876784086227417 -0.3201894462108612
1305031455.391665 0.8185864686965942 0.3474845588207245 -0.4573519229888916 -0.3612135648727417 -0.350171834230423 0.9330739378929138 0.08217483758926392 0.3969235420227051 0.4552976191043854 0.09288456290960312 0.8854809999465942 -0.3248721659183502
1305031455.427642 0.8331815600395203 0.3351551592350006 -0.4398632347583771 -0.37643614411354065 -0.3305746018886566 0.9395082592964172 0.08969241380691528 0.40017130970954895 0.4433159828186035 0.07067756354808807 0.8935746550559998 -0.33364319801330566
1305031455.459589 0.8431044220924377 0.32241079211235046 -0.430379182100296 -0.3905787467956543 -0.3122919201850891 0.9450996518135071 0.09623056650161743 0.3995041847229004 0.437777042388916 0.05327155441045761 0.8975039720535278 -0.3417937159538269
1305031455.491637 0.8540902733802795 0.3036600649356842 -0.4222802519798279 -0.4034634828567505 -0.290067195892334 0.9519867300987244 0.09788939356803894 0.4053569436073303 0.4317302107810974 0.038883276283741 0.9011643528938293 -0.3486410081386566
1305031455.52761 0.8664395213127136 0.28176361322402954 -0.41217947006225586 -0.42178383469581604 -0.26450809836387634 0.9592165946960449 0.09969457983970642 0.4062955677509308 0.42345964908599854 0.022645480930805206 0.9056318998336792 -0.35853996872901917
1305031455.559669 0.8752861618995667 0.25793221592903137 -0.4090786278247833 -0.44078531861305237 -0.23825609683990479 0.9661060571670532 0.09936384856700897 0.407450795173645 0.4208424389362335 0.010493665933609009 0.9070730805397034 -0.3720839023590088
1305031455.591645 0.882805347442627 0.23265452682971954 -0.4080770015716553 -0.45855772495269775 -0.21126310527324677 0.9725595116615295 0.09744781255722046 0.4125087857246399 0.4195507764816284 0.00018417462706565857 0.907731831073761 -0.38306713104248047
1305031455.627617 0.8897574543952942 0.21154533326625824 -0.4044506549835205 -0.47368815541267395 -0.1851765364408493 0.9772130250930786 0.10375220328569412 0.40779247879981995 0.4171826243400574 -0.017419524490833282 0.9086557030677795 -0.3902412950992584
1305031455.659615 0.8967462778091431 0.19726772606372833 -0.39614585041999817 -0.4959740936756134 -0.17572690546512604 0.9802832007408142 0.090360127389431 0.411358118057251 0.4061602056026459 -0.011416611261665821 0.9137305617332458 -0.3989372253417969
1305031455.691605 0.8990020751953125 0.1971491277217865 -0.39105942845344543 -0.5126052498817444 -0.1791047602891922 0.9803648591041565 0.08250033855438232 0.4126240313053131 0.3996458649635315 -0.004127369727939367 0.9166603088378906 -0.41136810183525085
1305031455.727628 0.9006381630897522 0.20707039535045624 -0.38206371665000916 -0.5291724801063538 -0.19101428985595703 0.978325605392456 0.07995399087667465 0.4103487730026245 0.39033883810043335 0.0009700055234134197 0.9206708073616028 -0.4234860837459564
1305031455.759683 0.9046608805656433 0.21224477887153625 -0.36951422691345215 -0.5444828271865845 -0.19769945740699768 0.977211594581604 0.07728280127048492 0.40853938460350037 0.3774964213371277 0.003138031344860792 0.9260057210922241 -0.43674153089523315
1305031455.791666 0.9098754525184631 0.21186798810958862 -0.3567051291465759 -0.5632874965667725 -0.1979612559080124 0.9772964715957642 0.0755181834101677 0.39995425939559937 0.3646065592765808 0.001901647076010704 0.9311596751213074 -0.4490036070346832
1305031455.82759 0.9134109616279602 0.2091626524925232 -0.3491865396499634 -0.5782594084739685 -0.19772310554981232 0.977859616279602 0.06852847337722778 0.3986838459968567 0.3557890057563782 0.0064475960098207 0.9345440864562988 -0.4640587568283081
1305031455.859526 0.9146795272827148 0.2125404179096222 -0.3437845706939697 -0.5928328037261963 -0.20108190178871155 0.9771342873573303 0.06909854710102081 0.39409977197647095 0.3506098985671997 0.005925838835537434 0.9365028738975525 -0.47697877883911133
1305031455.891657 0.9170818328857422 0.21311140060424805 -0.3369634449481964 -0.6062182784080505 -0.201961487531662 0.9770126938819885 0.06824865937232971 0.39051997661590576 0.3437620997428894 0.005464035086333752 0.9390408396720886 -0.4881518483161926
1305031455.927955 0.9200144410133362 0.21526432037353516 -0.3274669051170349 -0.6195132732391357 -0.20337118208408356 0.9765543937683105 0.07058085501194 0.38430488109588623 0.334982693195343 0.0016619148664176464 0.9422227740287781 -0.49994194507598877
1305031455.959716 0.9217970371246338 0.2197457104921341 -0.3193775415420532 -0.6304172873497009 -0.20924636721611023 0.9755454063415527 0.0672847181558609 0.38495251536369324 0.3263527750968933 0.004805729258805513 0.9452358484268188 -0.5108969807624817
1305031455.991694 0.924659252166748 0.22443516552448273 -0.30762654542922974 -0.6424948573112488 -0.21264217793941498 0.9744886159896851 0.07180112600326538 0.38123977184295654 0.3158932030200958 -0.0009772018529474735 0.9487943053245544 -0.5209774971008301
1305031456.02777 0.9263219237327576 0.23282495141029358 -0.29617607593536377 -0.6496696472167969 -0.22129639983177185 0.9725175499916077 0.07237128913402557 0.39143529534339905 0.30488625168800354 -0.0014964216388761997 0.9523875713348389 -0.5274510383605957
1305031456.059713 0.9273297190666199 0.2515450417995453 -0.27710050344467163 -0.667819619178772 -0.2334451824426651 0.96751469373703 0.0970507562160492 0.37900087237358093 0.2925114631652832 -0.02531026303768158 0.9559269547462463 -0.5361956357955933
1305031456.091707 0.9281020760536194 0.2663382887840271 -0.2601737082004547 -0.6860054135322571 -0.24424907565116882 0.9629343152046204 0.1144549623131752 0.36480024456977844 0.2810139060020447 -0.042678721249103546 0.9587541818618774 -0.5437285304069519
1305031456.127645 0.9300358295440674 0.26887789368629456 -0.25047555565834045 -0.6978557705879211 -0.24862998723983765 0.9623472094535828 0.10986760258674622 0.3673195242881775 0.27058544754981995 -0.03990507498383522 0.9618685245513916 -0.5445669889450073
1305031456.159731 0.9325082898139954 0.26944905519485474 -0.24046948552131653 -0.7064563632011414 -0.24840117990970612 0.9618643522262573 0.11451485753059387 0.3554587960243225 0.2621549963951111 -0.04705314338207245 0.9638779163360596 -0.5456628799438477
1305031456.191658 0.9374402761459351 0.26385146379470825 -0.22713018953800201 -0.7153820991516113 -0.2460518628358841 0.963668167591095 0.1039331927895546 0.34592875838279724 0.2463010996580124 -0.04154535382986069 0.9683025479316711 -0.5473889708518982
1305031456.227678 0.9442930817604065 0.25528576970100403 -0.20770110189914703 -0.7256478667259216 -0.2416493445634842 0.9662725329399109 0.08901156485080719 0.35264354944229126 0.22341929376125336 -0.0338621661067009 0.974134087562561 -0.5513021945953369
1305031456.291675 0.9565759301185608 0.24164734780788422 -0.16300025582313538 -0.7488672137260437 -0.22977496683597565 0.9692192077636719 0.08841726928949356 0.3296801447868347 0.17934879660606384 -0.04712443798780441 0.9826561808586121 -0.552355170249939
1305031456.327718 0.963535487651825 0.22896789014339447 -0.13846680521965027 -0.7664333581924438 -0.219831183552742 0.9723962545394897 0.07823045551776886 0.32232773303985596 0.15255683660507202 -0.04493849724531174 0.9872724413871765 -0.5500369071960449
1305031456.391619 0.9737322330474854 0.20928581058979034 -0.08969393372535706 -0.7898644208908081 -0.20427480340003967 0.9769535064697266 0.061916738748550415 0.31736189126968384 0.10058511793613434 -0.04196810722351074 0.9940429329872131 -0.5441428422927856
1305031456.427662 0.9787828922271729 0.19453023374080658 -0.06435765326023102 -0.8105753660202026 -0.1922827512025833 0.9805440902709961 0.03950408473610878 0.32401183247566223 0.07079026103019714 -0.026291048154234886 0.9971446990966797 -0.5395188927650452
1305031456.491677 0.9848242402076721 0.16901183128356934 -0.03944758325815201 -0.8527987599372864 -0.16739638149738312 0.9850282669067383 0.041204825043678284 0.3401307463645935 0.04582108557224274 -0.03397613391280174 0.9983717203140259 -0.5276311635971069
1305031456.527641 0.9865694642066956 0.1577196717262268 -0.04248741269111633 -0.8627521991729736 -0.15545564889907837 0.9864638447761536 0.05217898637056351 0.34115469455718994 0.05014196038246155 -0.04487328976392746 0.9977335333824158 -0.5168060064315796
1305031456.591651 0.990294337272644 0.13444869220256805 -0.03522256016731262 -0.8807629346847534 -0.13237212598323822 0.9896263480186462 0.05583449453115463 0.3425699770450592 0.04236408323049545 -0.0506301112473011 0.9978185296058655 -0.49964824318885803
1305031456.627612 0.9923699498176575 0.12092223018407822 -0.0240740068256855 -0.8885837197303772 -0.11893883347511292 0.9903247952461243 0.07148639112710953 0.35883817076683044 0.03248537704348564 -0.06807760894298553 0.9971509575843811 -0.49059176445007324
1305031456.691612 0.9960146546363831 0.08895159512758255 0.0065079014748334885 -0.9282329678535461 -0.0891619473695755 0.9912455081939697 0.09737777709960938 0.3436378836631775 0.002210984006524086 -0.09756997227668762 0.9952261447906494 -0.46349620819091797
1305031456.727693 0.9975404739379883 0.06925543397665024 0.010801676660776138 -0.9428756237030029 -0.0699932649731636 0.9924328923225403 0.10088469088077545 0.3573525846004486 -0.003733130171895027 -0.10139259696006775 0.9948394894599915 -0.45589005947113037
1305031456.791649 0.9991297721862793 0.04090520367026329 -0.008151310496032238 -0.9721055030822754 -0.03974337503314018 0.9929696917533875 0.11149659752845764 0.3463227152824402 0.012654796242713928 -0.11107561737298965 0.9937313795089722 -0.43602272868156433
1305031456.827603 0.9994488954544067 0.02539895847439766 -0.021374233067035675 -0.9734634757041931 -0.0230027437210083 0.9941293001174927 0.10572469979524612 0.36484432220458984 0.023934049531817436 -0.10517475754022598 0.9941657185554504 -0.42544007301330566
1305031456.891672 0.9999345541000366 0.004222789779305458 -0.010624339804053307 -0.9967576265335083 -0.002803038340061903 0.9914758205413818 0.13026103377342224 0.3545459806919098 0.01108383946120739 -0.13022275269031525 0.9914227724075317 -0.40012985467910767
1305031456.92769 0.9999313354492188 -0.011627216823399067 -0.001417896244674921 -1.0054839849472046 0.011713242158293724 0.9930946826934814 0.11672985553741455 0.3627694547176361 5.0863251090049744e-05 -0.116738460958004 0.9931627511978149 -0.392860472202301
1305031456.959667 0.9996623992919922 -0.02407185360789299 0.009774230420589447 -1.0169289112091064 0.022832751274108887 0.9934970736503601 0.11154462397098541 0.38021111488342285 -0.01239575631916523 -0.1112838014960289 0.9937114119529724 -0.38856300711631775
1305031456.991709 0.9992167353630066 -0.029451418668031693 0.026430079713463783 -1.0359737873077393 0.02569727972149849 0.9908375144004822 0.13259214162826538 0.3745010793209076 -0.03009294532239437 -0.13180916011333466 0.9908181428909302 -0.3786998689174652
1305031457.027648 0.9986117482185364 -0.03843804448843002 0.03601481765508652 -1.0487804412841797 0.033239953219890594 0.9902584552764893 0.13521622121334076 0.37580952048301697 -0.040861427783966064 -0.1338314265012741 0.9901612997055054 -0.3738391399383545
1305031457.091655 0.996729850769043 -0.059990622103214264 0.054135002195835114 -1.0703428983688354 0.05058969184756279 0.9856820702552795 0.16084636747837067 0.37970417737960815 -0.06300917267799377 -0.15758173167705536 0.9854936599731445 -0.3692271113395691
1305031457.127632 0.9951613545417786 -0.07072558254003525 0.06820354610681534 -1.0832105875015259 0.05811363086104393 0.9834100008010864 0.1718357801437378 0.37100785970687866 -0.07922524213790894 -0.16704079508781433 0.9827617406845093 -0.3654173016548157
1305031457.191735 0.9901819825172424 -0.09845990687608719 0.09922318160533905 -1.1109992265701294 0.08127433061599731 0.9830378890037537 0.16441144049167633 0.3760311007499695 -0.11372807621955872 -0.15473295748233795 0.9813885688781738 -0.3733336627483368
1305031457.227543 0.9873518943786621 -0.11213807016611099 0.11207722127437592 -1.1246633529663086 0.09136129915714264 0.9801688194274902 0.17584732174873352 0.37073075771331787 -0.1295737773180008 -0.16338370740413666 0.9780166149139404 -0.37669485807418823
1305031457.291656 0.9798463582992554 -0.13562621176242828 0.14665132761001587 -1.153801679611206 0.11162704974412918 0.9806118607521057 0.1610577553510666 0.3611946702003479 -0.16565170884132385 -0.14144159853458405 0.9759885668754578 -0.386440247297287
1305031457.327548 0.9749851822853088 -0.1453324258327484 0.1681736409664154 -1.1702814102172852 0.11957687139511108 0.9807600378990173 0.15430815517902374 0.36509275436401367 -0.18736398220062256 -0.13033849000930786 0.9736049771308899 -0.3953529894351959
1305031457.391684 0.9609852433204651 -0.1743338406085968 0.2147441804409027 -1.2028112411499023 0.14242792129516602 0.9774156212806702 0.1561182588338852 0.34793025255203247 -0.23711103200912476 -0.11944179236888885 0.9641120433807373 -0.40894824266433716
1305031457.427641 0.9544295072555542 -0.18872855603694916 0.23118364810943604 -1.2226263284683228 0.15672777593135834 0.9762018918991089 0.1498875617980957 0.34878867864608765 -0.2539699673652649 -0.10682418942451477 0.9612948894500732 -0.4182214140892029
1305031457.491705 0.9476643800735474 -0.20818422734737396 0.2420569807291031 -1.252546787261963 0.1742001622915268 0.9725252389907837 0.15443111956119537 0.3317115306854248 -0.2675566077232361 -0.10418251901865005 0.9578932523727417 -0.4322839677333832
1305031457.527638 0.944429874420166 -0.2129938304424286 0.2503712475299835 -1.2668625116348267 0.17970865964889526 0.9723260998725891 0.14928722381591797 0.32429641485214233 -0.2752397656440735 -0.09599742293357849 0.9565708041191101 -0.4404432773590088
1305031457.559685 0.9399007558822632 -0.21948617696762085 0.2615576386451721 -1.282264232635498 0.18741267919540405 0.9719423055648804 0.14214301109313965 0.3208332359790802 -0.285417377948761 -0.08458107709884644 0.9546637535095215 -0.45036375522613525
1305031457.591678 0.9351344108581543 -0.22426435351371765 0.27427926659584045 -1.3039425611495972 0.19310112297534943 0.9716885089874268 0.1361372023820877 0.31888771057128906 -0.2970447242259979 -0.07434295862913132 0.9519650340080261 -0.4577152729034424
1305031457.627526 0.9324411153793335 -0.23111951351165771 0.2777358889579773 -1.3184311389923096 0.19868838787078857 0.9699930548667908 0.14012984931468964 0.3066074848175049 -0.3017885982990265 -0.07547996193170547 0.9503821730613708 -0.46359607577323914
1305031457.659632 0.9286162853240967 -0.23641455173492432 0.2859720289707184 -1.337886929512024 0.2070321887731552 0.9697378873825073 0.12940675020217896 0.31203052401542664 -0.30791154503822327 -0.06096380203962326 0.9494597315788269 -0.46997660398483276
1305031457.69157 0.9266311526298523 -0.24392291903495789 0.28610533475875854 -1.3526846170425415 0.211069256067276 0.967243492603302 0.141030415892601 0.3050328195095062 -0.31113407015800476 -0.07029512524604797 0.947762668132782 -0.4746319055557251
1305031457.727669 0.9259727001190186 -0.24362917244434357 0.2884778678417206 -1.3647068738937378 0.20749129354953766 0.9666178226470947 0.1503237932920456 0.28614237904548645 -0.3154711425304413 -0.07933909446001053 0.9456126689910889 -0.4759565591812134
1305031457.759556 0.9257699251174927 -0.24143345654010773 0.29096364974975586 -1.3753024339675903 0.20499414205551147 0.9671570658683777 0.15028220415115356 0.2705467641353607 -0.3176906406879425 -0.07948090136051178 0.9448573589324951 -0.48240113258361816
1305031457.791567 0.9238983988761902 -0.23678046464920044 0.3005773425102234 -1.3836807012557983 0.20192742347717285 0.9689596891403198 0.1426265686750412 0.24983125925064087 -0.3250184953212738 -0.07107766717672348 0.9430327415466309 -0.4859590530395508
1305031457.827699 0.918159008026123 -0.23217536509037018 0.3210586607456207 -1.4017447233200073 0.20357199013233185 0.9716210961341858 0.12046091258525848 0.25309205055236816 -0.3399154245853424 -0.04524373263120651 0.9393670558929443 -0.49464917182922363
1305031457.859623 0.9116138815879822 -0.23337502777576447 0.3383729159832001 -1.4170244932174683 0.20347504317760468 0.9714698791503906 0.12183645367622375 0.24004793167114258 -0.35715270042419434 -0.04221736639738083 0.933091402053833 -0.49738192558288574
1305031457.891593 0.9050982594490051 -0.2330835908651352 0.3556249737739563 -1.4309687614440918 0.20516791939735413 0.9719622135162354 0.11487189680337906 0.21829652786254883 -0.3724288046360016 -0.03100753203034401 0.9275426268577576 -0.49426496028900146
1305031457.927633 0.8984267115592957 -0.23031112551689148 0.3738800287246704 -1.4562005996704102 0.21442952752113342 0.9731064438819885 0.084166020154953 0.2220233827829361 -0.38320937752723694 0.004553884267807007 0.9236502051353455 -0.49590155482292175
1305031457.991644 0.8942323327064514 -0.23657138645648956 0.379977285861969 -1.4795122146606445 0.22802437841892242 0.971272349357605 0.06807921826839447 0.2027440071105957 -0.38516706228256226 0.0257654320448637 0.9224871397018433 -0.4905308485031128
1305031458.027845 0.8914029598236084 -0.23313890397548676 0.3886476755142212 -1.489355444908142 0.2302236706018448 0.971593976020813 0.05479080229997635 0.1898590624332428 -0.3903816342353821 0.04063521698117256 0.9197559356689453 -0.48588892817497253
1305031458.059689 0.8859089612960815 -0.23174677789211273 0.4018191993236542 -1.5064374208450317 0.23914772272109985 0.9704412221908569 0.032436300069093704 0.20068742334842682 -0.3974590003490448 0.06735854595899582 0.9151443839073181 -0.48488786816596985
1305031458.09169 0.880203366279602 -0.233743354678154 0.4130450189113617 -1.52342689037323 0.24265140295028687 0.9695985317230225 0.03160589933395386 0.20222020149230957 -0.40787550806999207 0.0724063515663147 0.9101620316505432 -0.4756445586681366
1305031458.127605 0.8751927614212036 -0.23559287190437317 0.42253240942955017 -1.5389342308044434 0.24238337576389313 0.9694174528121948 0.03847207874059677 0.19029760360717773 -0.418674111366272 0.06874434649944305 0.9055308699607849 -0.4625155031681061
1305031458.159638 0.8699843287467957 -0.2376127541065216 0.4320501983165741 -1.5581963062286377 0.246310293674469 0.9684972167015076 0.036665186285972595 0.18295857310295105 -0.42715156078338623 0.0745202898979187 0.9011038541793823 -0.44828522205352783
1305031458.191646 0.8661537170410156 -0.245594784617424 0.43527114391326904 -1.5759878158569336 0.2545159161090851 0.9662919044494629 0.0387490913271904 0.18067443370819092 -0.43011558055877686 0.07722076028585434 0.8994651436805725 -0.43272578716278076
1305031458.227611 0.8658768534660339 -0.25096070766448975 0.43275386095046997 -1.5939501523971558 0.25264832377433777 0.966011106967926 0.054692722856998444 0.17237883806228638 -0.43177077174186707 0.06197737157344818 0.8998516201972961 -0.416053831577301
1305031458.259934 0.8669198155403137 -0.2533995509147644 0.4292305111885071 -1.6052299737930298 0.24719610810279846 0.9663441777229309 0.07122504711151123 0.13797226548194885 -0.4328327775001526 0.044357702136039734 0.9003822803497314 -0.3977493643760681
1305031458.291664 0.8687419295310974 -0.24530230462551117 0.4302491843700409 -1.626301884651184 0.24867670238018036 0.967326283454895 0.049393560737371445 0.13823771476745605 -0.42830774188041687 0.06408266723155975 0.9013578295707703 -0.38173770904541016
1305031458.327628 0.8717775344848633 -0.24880293011665344 0.4220203459262848 -1.6388444900512695 0.25396326184272766 0.9661670327186584 0.04498771205544472 0.13383808732032776 -0.4189351797103882 0.06795838475227356 0.9054694771766663 -0.3662605881690979
1305031458.35959 0.8734407424926758 -0.2511439025402069 0.4171668291091919 -1.6441558599472046 0.2595849633216858 0.9649940729141235 0.03744390606880188 0.11203870922327042 -0.411967396736145 0.07558518648147583 0.9080582857131958 -0.3455547094345093
1305031458.391626 0.8746888637542725 -0.24718713760375977 0.4169144630432129 -1.6543046236038208 0.26717275381088257 0.9635883569717407 0.010778240859508514 0.11664459109306335 -0.404398113489151 0.10196056962013245 0.9088818430900574 -0.3317365050315857
1305031458.427598 0.8715724349021912 -0.2565789520740509 0.4177663326263428 -1.6581060886383057 0.2842647135257721 0.9587364196777344 -0.004226492717862129 0.11785129457712173 -0.39944344758987427 0.1224399283528328 0.9085447192192078 -0.3179365396499634
1305031458.459637 0.863675594329834 -0.2619909942150116 0.43061015009880066 -1.6570003032684326 0.3017425835132599 0.953052282333374 -0.0253513865172863 0.11448249220848083 -0.4037521481513977 0.15182878077030182 0.9021819233894348 -0.2993506193161011
1305031458.491696 0.8559678196907043 -0.25315093994140625 0.45081451535224915 -1.651475429534912 0.3090782165527344 0.9495218992233276 -0.05365552380681038 0.09545843303203583 -0.4144752621650696 0.18526434898376465 0.8910036087036133 -0.2877243161201477
1305031458.527737 0.8470653295516968 -0.22869637608528137 0.4797690510749817 -1.667433738708496 0.3109145760536194 0.9453391432762146 -0.09831675887107849 0.12376796454191208 -0.43105974793434143 0.23244789242744446 0.8718689680099487 -0.26549816131591797
1305031458.559628 0.8404185771942139 -0.21889249980449677 0.49576476216316223 -1.6710844039916992 0.3100356161594391 0.9445079565048218 -0.1085473820567131 0.12450199574232101 -0.44449353218078613 0.2449299693107605 0.8616465330123901 -0.24873656034469604
1305031458.591641 0.8345418572425842 -0.1991582065820694 0.5136887431144714 -1.6806421279907227 0.30404284596443176 0.9440270066261292 -0.12794850766658783 0.12658552825450897 -0.45945414900779724 0.262961745262146 0.8483825922012329 -0.21765822172164917
1305031458.627659 0.8351439833641052 -0.18293479084968567 0.5187190771102905 -1.6935913562774658 0.2983822226524353 0.9429236650466919 -0.14786140620708466 0.15876084566116333 -0.46206358075141907 0.2782621383666992 0.842061460018158 -0.19185858964920044
1305031458.659623 0.8358520865440369 -0.18947464227676392 0.5152189135551453 -1.7059886455535889 0.297259122133255 0.9452579617500305 -0.13462665677070618 0.1553497463464737 -0.46150651574134827 0.26568153500556946 0.8464189767837524 -0.16805392503738403
1305031458.691674 0.8549085855484009 -0.18097053468227386 0.48619043827056885 -1.7090126276016235 0.2755662202835083 0.9524471759796143 -0.13002930581569672 0.1563468724489212 -0.43953925371170044 0.24514083564281464 0.8641245365142822 -0.14930063486099243
1305031458.72765 0.871043860912323 -0.17481693625450134 0.45904436707496643 -1.7015328407287598 0.25931045413017273 0.9573462009429932 -0.12746135890483856 0.14434632658958435 -0.41718199849128723 0.2300594598054886 0.8792223930358887 -0.1296113133430481
1305031458.759945 0.889906108379364 -0.14760860800743103 0.4316004812717438 -1.6997883319854736 0.234480619430542 0.9596405625343323 -0.15526972711086273 0.15927653014659882 -0.3912622332572937 0.2393774539232254 0.8886012434959412 -0.10744345188140869
1305031458.791632 0.9052922129631042 -0.12995627522468567 0.40442219376564026 -1.699401617050171 0.21363618969917297 0.9621778726577759 -0.16903658211231232 0.17885057628154755 -0.36715877056121826 0.23942676186561584 0.8988155126571655 -0.08948194980621338
1305031458.827564 0.9139751195907593 -0.13179992139339447 0.3837684690952301 -1.6902525424957275 0.2061646580696106 0.9654420018196106 -0.15942995250225067 0.17799502611160278 -0.3494934141635895 0.22483451664447784 0.9095624685287476 -0.07655525207519531
1305031458.891665 0.9215447902679443 -0.1146923154592514 0.3709457516670227 -1.6776713132858276 0.18930071592330933 0.9668543934822083 -0.17134130001068115 0.16758659482002258 -0.33899906277656555 0.22811900079250336 0.912710964679718 -0.06377899646759033
1305031458.927621 0.9140121936798096 -0.1174754798412323 0.3883053958415985 -1.689405918121338 0.19645905494689941 0.9656084179878235 -0.17030583322048187 0.17523759603500366 -0.35494425892829895 0.23194772005081177 0.905657172203064 -0.05251806974411011
1305031458.959617 0.9033225178718567 -0.1492515206336975 0.40215975046157837 -1.6958671808242798 0.2249462604522705 0.9630897045135498 -0.14784279465675354 0.16658589243888855 -0.3652501702308655 0.22401408851146698 0.9035541415214539 -0.04348409175872803
1305031458.991647 0.897695004940033 -0.15660227835178375 0.41184869408607483 -1.7017871141433716 0.23175030946731567 0.9627863168716431 -0.13904759287834167 0.13887666165828705 -0.37474703788757324 0.2202683538198471 0.9005811810493469 -0.02771127223968506
1305031459.027665 0.8961585760116577 -0.14942705631256104 0.4178173542022705 -1.7263461351394653 0.23348799347877502 0.9594950675964355 -0.1576472669839859 0.1294320672750473 -0.37733691930770874 0.2388322353363037 0.8947491645812988 -0.011885643005371094
