1305031455.427642 0.995654284954071 -0.08637213706970215 0.034819312393665314 -0.05655189976096153 0.08453640341758728 0.9951072931289673 0.0511360727250576 0.004760154522955418 -0.03906569629907608 -0.04797034710645676 0.9980844855308533 0.007306906394660473
1305031455.459589 0.9933645129203796 -0.1064937561750412 0.04342852532863617 -0.07257866859436035 0.1037106141448021 0.9926750659942627 0.061969857662916183 -0.0029310625977814198 -0.04970983415842056 -0.05705467239022255 0.9971327185630798 0.006760125048458576
1305031455.491637 0.9903280138969421 -0.12891748547554016 0.051289670169353485 -0.08873080462217331 0.1255168914794922 0.9899747371673584 0.06477267295122147 -0.0015669262502342463 -0.059125810861587524 -0.05770847201347351 0.9965811371803284 0.008959583938121796
1305031455.52761 0.9864683151245117 -0.155320405960083 0.052494846284389496 -0.0949278473854065 0.15147076547145844 0.9859272837638855 0.0707392618060112 -0.007651099935173988 -0.06274332851171494 -0.06183060258626938 0.9961125254631042 0.013865040615200996
1305031455.559669 0.9809261560440063 -0.18347512185573578 0.06419330835342407 -0.12865418195724487 0.17882750928401947 0.9812471270561218 0.07193615287542343 -0.01661531813442707 -0.07618800550699234 -0.05908451974391937 0.9953413605690002 0.009017457254230976
1305031455.591645 0.975082278251648 -0.2120862901210785 0.06507015973329544 -0.14758040010929108 0.20772814750671387 0.975836455821991 0.06776591390371323 -0.016957012936472893 -0.07787006348371506 -0.05256041884422302 0.9955770969390869 0.008945194073021412
1305031455.627617 0.9696512818336487 -0.23627080023288727 0.06286846846342087 -0.15531016886234283 0.2315039038658142 0.969962477684021 0.07469136267900467 -0.026222169399261475 -0.07862745225429535 -0.057870298624038696 0.9952228665351868 0.01063588634133339
1305031455.659615 0.9663758277893066 -0.24686217308044434 0.07194998860359192 -0.17343492805957794 0.2418852001428604 0.9676801562309265 0.07132135331630707 -0.037687432020902634 -0.0872311219573021 -0.05151960998773575 0.9948549866676331 0.009790128096938133
1305031455.691605 0.967319130897522 -0.24174250662326813 0.07651263475418091 -0.18636155128479004 0.23722310364246368 0.9693699479103088 0.0636168047785759 -0.04060565307736397 -0.08954793214797974 -0.043387193232774734 0.9950370788574219 0.007779472507536411
1305031455.727628 0.969044029712677 -0.23136451840400696 0.08616232126951218 -0.20300611853599548 0.22624392807483673 0.9718849062919617 0.06521768867969513 -0.050087571144104004 -0.09882891178131104 -0.04370511323213577 0.9941442608833313 0.006876720115542412
1305031455.759683 0.9683932065963745 -0.22539250552654266 0.10683092474937439 -0.23104287683963776 0.21892975270748138 0.9733020663261414 0.06894014030694962 -0.06128216162323952 -0.11951734870672226 -0.043372705578804016 0.991884171962738 0.005244888365268707
1305031455.791666 0.9668862223625183 -0.22590744495391846 0.11873060464859009 -0.24550199508666992 0.2183675765991211 0.9731135368347168 0.07324989885091782 -0.07738877087831497 -0.13208603858947754 -0.04489738494157791 0.9902209639549255 0.0025018975138664246
1305031455.82759 0.9643606543540955 -0.22810620069503784 0.13407471776008606 -0.2719990015029907 0.2197210043668747 0.9727123379707336 0.07452142983675003 -0.09289847314357758 -0.1474149227142334 -0.042406510561704636 0.9881652593612671 -0.005747266113758087
1305031455.859526 0.9645509123802185 -0.22476771473884583 0.1382787823677063 -0.2851138412952423 0.21595126390457153 0.9734453558921814 0.07595610618591309 -0.10218335688114166 -0.15167932212352753 -0.043402049690485 0.9874764084815979 -0.010010037571191788
1305031455.891657 0.9632212519645691 -0.2257906049489975 0.1456821858882904 -0.30036526918411255 0.21609961986541748 0.9731343984603882 0.07943836599588394 -0.11358007043600082 -0.15970478951931 -0.04503485560417175 0.9861370325088501 -0.013808857649564743
1305031455.927955 0.9623395204544067 -0.22547981142997742 0.1518598347902298 -0.31033918261528015 0.21464447677135468 0.973027229309082 0.08453259617090225 -0.12388154119253159 -0.16682414710521698 -0.04875317960977554 0.9847807288169861 -0.01599510759115219
1305031455.959716 0.9623715877532959 -0.21970239281654358 0.15991193056106567 -0.32278305292129517 0.2085576057434082 0.9744275808334351 0.08363422006368637 -0.12754018604755402 -0.1741972714662552 -0.0471363365650177 0.9835820198059082 -0.02043713629245758
1305031455.991694 0.9617917537689209 -0.21717585623264313 0.16670626401901245 -0.3318164348602295 0.2045242190361023 0.9747293591499329 0.08984652161598206 -0.13306458294391632 -0.18200598657131195 -0.05231818929314613 0.9819046258926392 -0.023394517600536346
1305031456.02777 0.9608666896820068 -0.2117823213338852 0.17855924367904663 -0.3469780683517456 0.19651161134243011 0.9754435420036316 0.09946399182081223 -0.13274836540222168 -0.19523918628692627 -0.060482680797576904 0.9788889288902283 -0.026382148265838623
1305031456.059713 0.9610557556152344 -0.20487064123153687 0.18547123670578003 -0.3587890565395355 0.18378674983978271 0.975026547908783 0.12468216568231583 -0.14512740075588226 -0.20638307929039001 -0.085739366710186 0.9747076034545898 -0.02455228567123413
1305031456.091707 0.9618270993232727 -0.19788825511932373 0.18902018666267395 -0.3641414940357208 0.1727270781993866 0.9747447967529297 0.1415558159351349 -0.1582278162240982 -0.21225868165493011 -0.10350334644317627 0.9717167019844055 -0.022966742515563965
1305031456.127645 0.9586198925971985 -0.1979043185710907 0.20465046167373657 -0.38476601243019104 0.16808179020881653 0.9736356139183044 0.15421487390995026 -0.17784690856933594 -0.22977475821971893 -0.11343543231487274 0.9666104912757874 -0.019796520471572876
1305031456.159731 0.9568817615509033 -0.1999274343252182 0.21072809398174286 -0.38627055287361145 0.16719625890254974 0.9723115563392639 0.16326574981212616 -0.1922835111618042 -0.23753465712070465 -0.12099307030439377 0.9638141989707947 -0.019140370190143585
1305031456.191658 0.952320396900177 -0.20427370071411133 0.2266232818365097 -0.3893648386001587 0.17050175368785858 0.972293496131897 0.15992046892642975 -0.20429793000221252 -0.25301194190979004 -0.11365584284067154 0.9607638716697693 -0.018450066447257996
1305031456.227678 0.9457353353500366 -0.20783592760562897 0.24977758526802063 -0.4003673195838928 0.17287595570087433 0.9727016687393188 0.154807448387146 -0.20374582707881927 -0.2751336693763733 -0.10322634130716324 0.9558481574058533 -0.015757955610752106
1305031456.259614 0.9388830065727234 -0.2159622460603714 0.2680648863315582 -0.4036639928817749 0.1756250411272049 0.9702644944190979 0.16656093299388885 -0.21647681295871735 -0.29606470465660095 -0.1093023419380188 0.9488934278488159 -0.010403752326965332
1305031456.291675 0.9304790496826172 -0.22488747537136078 0.2891958951950073 -0.40860459208488464 0.18116873502731323 0.9685941934585571 0.17030324041843414 -0.22927898168563843 -0.31841254234313965 -0.10607034713029861 0.9419992566108704 -0.0036683082580566406
1305031456.327718 0.9193902611732483 -0.2345649003982544 0.315754234790802 -0.4204425811767578 0.18851399421691895 0.9673011302947998 0.169679194688797 -0.24159705638885498 -0.34523025155067444 -0.09647727757692337 0.9335460662841797 0.00461868941783905
1305031456.359846 0.909233570098877 -0.24088111519813538 0.3395151197910309 -0.4274672865867615 0.19624063372612 0.9672912955284119 0.16073983907699585 -0.23563949763774872 -0.36712926626205444 -0.07952335476875305 0.9267643690109253 0.006807371973991394
1305031456.391619 0.8978394269943237 -0.24962188303470612 0.3627301752567291 -0.4312668740749359 0.19814424216747284 0.9647067785263062 0.17343516647815704 -0.2527126967906952 -0.39322149753570557 -0.08384402096271515 0.9156128764152527 0.020930945873260498
1305031456.427662 0.8836912512779236 -0.25719884037971497 0.3910735249519348 -0.4448528289794922 0.20816880464553833 0.964280903339386 0.1637926995754242 -0.25364071130752563 -0.41923201084136963 -0.06333288550376892 0.9056673049926758 0.03354737162590027
1305031456.45961 0.8734852075576782 -0.2660053074359894 0.40775561332702637 -0.46344712376594543 0.21802449226379395 0.9625867605209351 0.16091005504131317 -0.24803316593170166 -0.43530309200286865 -0.05165182426571846 0.8988009691238403 0.04546155035495758
1305031456.491677 0.8691712617874146 -0.2816547751426697 0.4064626693725586 -0.4723476469516754 0.22885948419570923 0.9577342867851257 0.17426533997058868 -0.25220486521720886 -0.4383658766746521 -0.058443583548069 0.8968944549560547 0.060927629470825195
1305031456.527641 0.8651635050773621 -0.29487407207489014 0.40563708543777466 -0.48479023575782776 0.23938211798667908 0.9535927772521973 0.18263886868953705 -0.25331470370292664 -0.4406680166721344 -0.060910195112228394 0.8956013917922974 0.07956048846244812
1305031456.559608 0.8624624013900757 -0.3070434629917145 0.40234676003456116 -0.4837445616722107 0.24808119237422943 0.9493764638900757 0.19271722435951233 -0.2642115652561188 -0.44115114212036133 -0.06639669090509415 0.8949732780456543 0.09457305073738098
1305031456.591651 0.8546515107154846 -0.31555822491645813 0.41230303049087524 -0.4939807653427124 0.25924524664878845 0.9473944902420044 0.18771107494831085 -0.2555031180381775 -0.44984742999076843 -0.0535399466753006 0.8914991021156311 0.1031935065984726
1305031456.627612 0.8468520045280457 -0.3359993100166321 0.41224563121795654 -0.5000016689300537 0.27339035272598267 0.9399202466011047 0.2044692039489746 -0.24103890359401703 -0.45617955923080444 -0.06045118719339371 0.8878321051597595 0.11548067629337311
1305031456.659665 0.835970401763916 -0.3605636656284332 0.4136996269226074 -0.5010943412780762 0.28017038106918335 0.9286298751831055 0.2432103008031845 -0.263934850692749 -0.47186654806137085 -0.08741024136543274 0.877326250076294 0.13984748721122742
1305031456.691612 0.8257547616958618 -0.3769304156303406 0.4195861220359802 -0.5072571039199829 0.2979065775871277 0.9231454133987427 0.24301041662693024 -0.26856544613838196 -0.4789370596408844 -0.07566951215267181 0.8745818138122559 0.1499297171831131
1305031456.727693 0.8139199018478394 -0.393770307302475 0.42717596888542175 -0.5269492864608765 0.3132886290550232 0.9166839718818665 0.2480737268924713 -0.2616027295589447 -0.48926955461502075 -0.0680827796459198 0.8694710731506348 0.1673685610294342
1305031456.759615 0.8112391233444214 -0.4155668020248413 0.41133353114128113 -0.5259739756584167 0.3279409408569336 0.9057866930961609 0.2683376967906952 -0.28224602341651917 -0.48409271240234375 -0.08279294520616531 0.8710909485816956 0.18193373084068298
1305031456.791649 0.8130739331245422 -0.42065510153770447 0.40244266390800476 -0.5304679870605469 0.34418338537216187 0.9048798084259033 0.2504599988460541 -0.27882933616638184 -0.46951955556869507 -0.0651284009218216 0.8805167078971863 0.19605937600135803
1305031456.827603 0.8079009056091309 -0.4322756230831146 0.40054214000701904 -0.5408462285995483 0.361998975276947 0.9003470540046692 0.24151988327503204 -0.26296287775039673 -0.46503016352653503 -0.0501282699406147 0.8838744759559631 0.21068134903907776
1305031456.859634 0.8015050888061523 -0.45136088132858276 0.3922538757324219 -0.5389296412467957 0.37547093629837036 0.8903898596763611 0.25734707713127136 -0.26759979128837585 -0.4654153287410736 -0.058985039591789246 0.8831247687339783 0.2255018949508667
1305031456.891672 0.794931948184967 -0.4633600413799286 0.3916385769844055 -0.5376899242401123 0.38388511538505554 0.8840209245681763 0.26671916246414185 -0.27495408058166504 -0.46980366110801697 -0.06167937070131302 0.8806134462356567 0.23852062225341797
1305031456.92769 0.7832590937614441 -0.466387003660202 0.41108185052871704 -0.5499900579452515 0.38988441228866577 0.8835347294807434 0.259531170129776 -0.27211979031562805 -0.4842471480369568 -0.04300572723150253 0.8738737106323242 0.2547174096107483
1305031456.959667 0.772739052772522 -0.47228458523750305 0.42405378818511963 -0.5652190446853638 0.39545097947120667 0.8808090090751648 0.26037272810935974 -0.26172393560409546 -0.49648043513298035 -0.03350768983364105 0.8674008846282959 0.26622405648231506
1305031456.991709 0.7651134133338928 -0.4848766028881073 0.42366984486579895 -0.5683498382568359 0.3969028890132904 0.8732590079307556 0.2826423943042755 -0.2692219913005829 -0.5070202350616455 -0.04809769615530968 0.8605911135673523 0.28137290477752686
1305031457.027648 0.7569745779037476 -0.4922730028629303 0.42971718311309814 -0.5768819451332092 0.4008493721485138 0.869173526763916 0.2895810306072235 -0.27318277955055237 -0.516051709651947 -0.046953558921813965 0.8552696108818054 0.2915818989276886
1305031457.059621 0.7470756769180298 -0.502639889717102 0.43500715494155884 -0.5884321331977844 0.40992191433906555 0.8635157346725464 0.2937764823436737 -0.2667188048362732 -0.5232993364334106 -0.04115421697497368 0.8511546850204468 0.29690393805503845
1305031457.091655 0.7372573018074036 -0.5182172656059265 0.43347734212875366 -0.5937649607658386 0.4124993681907654 0.8534055352210999 0.3186586797237396 -0.2762935757637024 -0.5350663065910339 -0.05612429603934288 0.8429437279701233 0.30664029717445374
1305031457.127632 0.7265587449073792 -0.5317459106445312 0.43515366315841675 -0.5962591767311096 0.41754767298698425 0.8446544408798218 0.33498191833496094 -0.2899051904678345 -0.5456796884536743 -0.06168661639094353 0.8357203006744385 0.3126264810562134
1305031457.159693 0.7111390829086304 -0.5398335456848145 0.45040082931518555 -0.6098517179489136 0.42554888129234314 0.8404651880264282 0.3354497253894806 -0.2925057113170624 -0.5596333146095276 -0.04688384383916855 0.8274131417274475 0.3189089894294739
1305031457.191735 0.6959397792816162 -0.5468591451644897 0.46541687846183777 -0.6260412931442261 0.43081459403038025 0.8364853262901306 0.33866122364997864 -0.29561150074005127 -0.5745144486427307 -0.03517941012978554 0.8177382349967957 0.3225001096725464
1305031457.227543 0.6823914051055908 -0.5603220462799072 0.4694475531578064 -0.6355786323547363 0.4366353750228882 0.8274966478347778 0.35298582911491394 -0.3052493929862976 -0.5862521529197693 -0.03589710593223572 0.8093330264091492 0.3261024057865143
1305031457.259691 0.6695489883422852 -0.5704734325408936 0.47567230463027954 -0.6396270394325256 0.44291460514068604 0.8207333087921143 0.36086505651474 -0.32235607504844666 -0.596264123916626 -0.03093460574746132 0.802192211151123 0.3284742832183838
1305031457.291656 0.652681291103363 -0.5707270503044128 0.49827462434768677 -0.6563183665275574 0.4494968056678772 0.8211207389831543 0.351729154586792 -0.32564693689346313 -0.609885036945343 -0.005594275891780853 0.7924700975418091 0.3292662501335144
1305031457.327548 0.6342213749885559 -0.5724762678146362 0.5196479558944702 -0.6764737963676453 0.4520263969898224 0.8198338747024536 0.3514890968799591 -0.3275279402732849 -0.627244234085083 0.011972647160291672 0.778730571269989 0.33018380403518677
1305031457.359712 0.6165704727172852 -0.5818787813186646 0.5303375124931335 -0.6862746477127075 0.45367926359176636 0.8131232261657715 0.3646996319293976 -0.341499388217926 -0.6434407830238342 0.015740104019641876 0.7653340101242065 0.3302193880081177
1305031457.391684 0.5930327773094177 -0.5868611931800842 0.5512767434120178 -0.7013391256332397 0.459880530834198 0.8088757395744324 0.36637410521507263 -0.35433995723724365 -0.6609250903129578 0.03624951094388962 0.7495759129524231 0.33173030614852905
1305031457.427641 0.5727837681770325 -0.5923439264297485 0.5666103363037109 -0.7208396792411804 0.46572062373161316 0.8039980530738831 0.369718074798584 -0.3644353151321411 -0.6745539307594299 0.05211363732814789 0.7363839745521545 0.33758682012557983
1305031457.459614 0.5622724890708923 -0.59782475233078 0.5713623762130737 -0.735511302947998 0.47079306840896606 0.7994397282600403 0.37316232919692993 -0.37654855847358704 -0.6798555254936218 0.05917457491159439 0.7309548258781433 0.3395896553993225
1305031457.491705 0.5547612905502319 -0.604284405708313 0.5719091892242432 -0.7444643974304199 0.4759159982204437 0.7942983508110046 0.37761640548706055 -0.3933112621307373 -0.6824542880058289 0.0626937597990036 0.7282346487045288 0.33915895223617554
1305031457.527638 0.546825110912323 -0.6042956113815308 0.5794904232025146 -0.7564952969551086 0.47893643379211426 0.7934821248054504 0.3755078613758087 -0.4067617654800415 -0.6867329478263855 0.0722019299864769 0.7233150601387024 0.337194561958313
1305031457.559685 0.5373629331588745 -0.6047234535217285 0.5878354907035828 -0.7697064876556396 0.4835071265697479 0.7920025587081909 0.37276360392570496 -0.4171360731124878 -0.6909862160682678 0.08391322195529938 0.7179810404777527 0.3330501914024353
1305031457.591678 0.5258653163909912 -0.6035014986991882 0.5993760824203491 -0.7873855829238892 0.4859331548213959 0.7915185689926147 0.3706308603286743 -0.4251709580421448 -0.698093593120575 0.09635477513074875 0.7094936966896057 0.3371603190898895
1305031457.627526 0.5195044875144958 -0.6092203855514526 0.5991374850273132 -0.794984757900238 0.48970481753349304 0.7868819236755371 0.37550756335258484 -0.44217556715011597 -0.7002173066139221 0.09832264482975006 0.7071269154548645 0.3375002145767212
1305031457.659632 0.5093779563903809 -0.605871319770813 0.6111088395118713 -0.8170536756515503 0.49358752369880676 0.7874176502227783 0.3692488372325897 -0.4466772675514221 -0.7049152255058289 0.11354845017194748 0.7001437544822693 0.34209173917770386
1305031457.69157 0.5055320262908936 -0.6163853406906128 0.6037437319755554 -0.825413703918457 0.4977642595767975 0.7799058556556702 0.37944379448890686 -0.458845853805542 -0.7047469019889832 0.10870109498500824 0.7010819911956787 0.34314781427383423
1305031457.727669 0.5046733617782593 -0.6205824017524719 0.6001518964767456 -0.8288272023200989 0.4925265610218048 0.7779102921485901 0.39022189378738403 -0.48347800970077515 -0.7090291976928711 0.09865617007017136 0.6982439160346985 0.3460368514060974
1305031457.759556 0.503402829170227 -0.6166777014732361 0.6052223443984985 -0.8359388113021851 0.4885350167751312 0.7808777093887329 0.3893114924430847 -0.4991934895515442 -0.7126843929290771 0.09969180077314377 0.6943647861480713 0.348041296005249
1305031457.791567 0.5004090070724487 -0.6117538213729858 0.6126564741134644 -0.8338021039962769 0.485021710395813 0.7842442989349365 0.3869299292564392 -0.5217263698577881 -0.7171784043312073 0.10352850705385208 0.6891568303108215 0.3460932970046997
1305031457.827699 0.4878298044204712 -0.5972216725349426 0.6366697549819946 -0.854123055934906 0.4855845272541046 0.7917388081550598 0.37061744928359985 -0.5241999626159668 -0.7254169583320618 0.12835867702960968 0.6762354373931885 0.34526321291923523
1305031457.859623 0.4746401607990265 -0.5952789187431335 0.6483514904975891 -0.8627480864524841 0.4797073006629944 0.7925492525100708 0.3764925003051758 -0.5403671264648438 -0.7379685640335083 0.13232050836086273 0.6617352962493896 0.351041704416275
1305031457.891593 0.46297013759613037 -0.5872055292129517 0.663964033126831 -0.8668290376663208 0.4748719036579132 0.7968246340751648 0.3735869824886322 -0.560973584651947 -0.7484351992607117 0.14233826100826263 0.6477534174919128 0.35969534516334534
1305031457.927633 0.4489051401615143 -0.5746687650680542 0.6842806339263916 -0.8808773756027222 0.4821215271949768 0.800514280796051 0.3559997081756592 -0.5726546049118042 -0.7523583173751831 0.17009635269641876 0.6364151239395142 0.36824002861976624
1305031457.959632 0.4411824643611908 -0.5701651573181152 0.693014919757843 -0.8937901258468628 0.48744997382164 0.800635039806366 0.3483906388282776 -0.5834109783172607 -0.7534922957420349 0.18410618603229523 0.6311531662940979 0.37622880935668945
1305031457.991644 0.4376133382320404 -0.5673927664756775 0.6975384950637817 -0.8954331874847412 0.48737776279449463 0.8015976548194885 0.3462716341018677 -0.6028968095779419 -0.7556172609329224 0.18843168020248413 0.6273245215415955 0.38464653491973877
1305031458.027845 0.42984533309936523 -0.559708833694458 0.7084906101226807 -0.8963216543197632 0.48920586705207825 0.8038953542709351 0.33827486634254456 -0.6196156740188599 -0.7588877081871033 0.2011919468641281 0.61936354637146 0.3917831778526306
1305031458.059689 0.42182621359825134 -0.5436090230941772 0.7256389260292053 -0.9108964204788208 0.49504026770591736 0.8085941076278687 0.31797921657562256 -0.6093247532844543 -0.75960373878479 0.22508850693702698 0.6101945042610168 0.3998255431652069
1305031458.09169 0.4132901728153229 -0.5447551608085632 0.7296800017356873 -0.9176501035690308 0.49582141637802124 0.8067399263381958 0.32145270705223083 -0.613886296749115 -0.7637750506401062 0.2289377748966217 0.6035189032554626 0.41074949502944946
1305031458.127605 0.4001026749610901 -0.548891544342041 0.7339181900024414 -0.9207478761672974 0.48839741945266724 0.8053231239318848 0.33603987097740173 -0.6354019641876221 -0.7754907011985779 0.22399336099624634 0.5902889966964722 0.4364316463470459
1305031458.159638 0.3917156457901001 -0.5492793321609497 0.738140344619751 -0.9240128993988037 0.4895804822444916 0.8036815524101257 0.33824095129966736 -0.6485839486122131 -0.7790185213088989 0.22888483107089996 0.5837310552597046 0.45375972986221313
1305031458.191646 0.3839954733848572 -0.5509808659553528 0.7409234642982483 -0.9348123073577881 0.49595874547958374 0.7999364137649536 0.3378266394138336 -0.6516279578208923 -0.7788276076316833 0.2377435863018036 0.5804356336593628 0.47321557998657227
1305031458.227611 0.38514044880867004 -0.563224196434021 0.7310577034950256 -0.935261607170105 0.4924878478050232 0.7953746914863586 0.3533199429512024 -0.6647069454193115 -0.7804630994796753 0.22395923733711243 0.5837119817733765 0.4951159358024597
1305031458.259934 0.38709282875061035 -0.5698422789573669 0.7248716354370117 -0.923833429813385 0.4871065616607666 0.7938838005065918 0.36397212743759155 -0.6911097764968872 -0.7828705310821533 0.21219879388809204 0.5848806500434875 0.5184944868087769
1305031458.291664 0.38798433542251587 -0.5565400123596191 0.7346640229225159 -0.9324207305908203 0.48905009031295776 0.799949049949646 0.3477233648300171 -0.7018923759460449 -0.7812158465385437 0.22437633574008942 0.582543671131134 0.5458422303199768
1305031458.327628 0.3938756287097931 -0.5571538209915161 0.7310550808906555 -0.9301517009735107 0.4988066256046295 0.7976101040840149 0.33913135528564453 -0.7030475735664368 -0.7720453143119812 0.23107962310314178 0.5920711159706116 0.5621252059936523
1305031458.35959 0.39863643050193787 -0.5547444820404053 0.7303065061569214 -0.9193035364151001 0.5038928389549255 0.7978333830833435 0.33098936080932617 -0.7241238951683044 -0.7662773132324219 0.23605184257030487 0.5975772738456726 0.5762816667556763
1305031458.391626 0.3981551229953766 -0.5394551157951355 0.741930365562439 -0.922245979309082 0.514981746673584 0.8007713556289673 0.30587437748908997 -0.7213003635406494 -0.7591219544410706 0.26029515266418457 0.5966407060623169 0.5962340831756592
1305031458.427598 0.38892272114753723 -0.536988377571106 0.7485871315002441 -0.9204181432723999 0.530235230922699 0.7949588894844055 0.29477283358573914 -0.7228200435638428 -0.7533855438232422 0.28228339552879333 0.5939076542854309 0.6096396446228027
1305031458.459637 0.37451475858688354 -0.5273510217666626 0.7626530528068542 -0.9107130765914917 0.5444667339324951 0.7908522486686707 0.27947938442230225 -0.7230006456375122 -0.7505295872688293 0.31057009100914 0.5833107829093933 0.6182762384414673
1305031458.491696 0.3628595769405365 -0.4925083518028259 0.7910553216934204 -0.9022430181503296 0.5451244115829468 0.8006922602653503 0.24845796823501587 -0.7181844115257263 -0.7557593584060669 0.3410681486129761 0.5590171217918396 0.6342757940292358
1305031458.527737 0.34236225485801697 -0.4613858759403229 0.8184810876846313 -0.9066281914710999 0.5391594767570496 0.8098984956741333 0.23102281987667084 -0.7189981341362 -0.769477128982544 0.3621982932090759 0.526039183139801 0.6601842641830444
1305031458.559628 0.33144640922546387 -0.44066399335861206 0.8342413306236267 -0.9038515090942383 0.5330890417098999 0.8170176148414612 0.2197684496641159 -0.7073711156845093 -0.7784339785575867 0.37188342213630676 0.5057106614112854 0.6821639537811279
1305031458.591641 0.3245777487754822 -0.41970354318618774 0.8476427793502808 -0.8970941305160522 0.523135781288147 0.8262743949890137 0.2088049352169037 -0.7085140943527222 -0.7880216836929321 0.37565895915031433 0.48775219917297363 0.7071304321289062
1305031458.627659 0.3285643756389618 -0.39977213740348816 0.8557031154632568 -0.9067391753196716 0.5174039602279663 0.8341459035873413 0.19103334844112396 -0.6799057722091675 -0.7901511192321777 0.37997737526893616 0.48091429471969604 0.7341165542602539
1305031458.659623 0.33018726110458374 -0.4129101037979126 0.8488119840621948 -0.9062530994415283 0.5116056799888611 0.8339906930923462 0.20668600499629974 -0.6898322105407715 -0.7932440042495728 0.36601191759109497 0.4866202473640442 0.7570455074310303
1305031458.691674 0.3595452606678009 -0.4122818410396576 0.8371086120605469 -0.904806911945343 0.5049168467521667 0.8403803706169128 0.19702717661857605 -0.6795288920402527 -0.7847203612327576 0.3518300950527191 0.5103228688240051 0.7840487360954285
1305031458.72765 0.38761913776397705 -0.41556382179260254 0.822835385799408 -0.882726788520813 0.5038914084434509 0.8429781198501587 0.18836484849452972 -0.6790813207626343 -0.7719098329544067 0.3416058421134949 0.5361534357070923 0.800951361656189
1305031458.759945 0.4271811842918396 -0.3945915997028351 0.8135193586349487 -0.8770687580108643 0.49143990874290466 0.8565672039985657 0.1574152708053589 -0.6676957011222839 -0.7589486241340637 0.3325510025024414 0.5598273873329163 0.8138585686683655
1305031458.791632 0.4606301188468933 -0.385851114988327 0.7993364334106445 -0.8752354383468628 0.48069092631340027 0.8655138611793518 0.14079029858112335 -0.6536359190940857 -0.7461608648300171 0.3193815350532532 0.58415687084198 0.8264908790588379
1305031458.827564 0.4797276556491852 -0.39347735047340393 0.7842429280281067 -0.8623815774917603 0.48178932070732117 0.8651362657546997 0.13934946060180664 -0.6441349983215332 -0.7333078980445862 0.31099003553390503 0.6046029925346375 0.8321402668952942
1305031458.859887 0.48877015709877014 -0.3959672152996063 0.7773762345314026 -0.8503620624542236 0.47900518774986267 0.8665414452552795 0.1402134895324707 -0.6563074588775635 -0.7291487455368042 0.3038350045681 0.6132100224494934 0.8358193039894104
1305031458.891665 0.4957793354988098 -0.37375497817993164 0.7839069962501526 -0.8471113443374634 0.465474933385849 0.8764064311981201 0.12346930056810379 -0.6465097665786743 -0.7331684827804565 0.30367544293403625 0.608477771282196 0.8440672755241394
1305031458.927621 0.48085397481918335 -0.37868189811706543 0.7908093929290771 -0.8481881618499756 0.4726783037185669 0.8716001510620117 0.12995536625385284 -0.6406206488609314 -0.738481342792511 0.3113088607788086 0.598107099533081 0.8557339906692505
1305031458.959617 0.4581325054168701 -0.40776383876800537 0.7898374795913696 -0.8429328203201294 0.4960300624370575 0.8546298146247864 0.1534995287656784 -0.6472887992858887 -0.7376101613044739 0.32145997881889343 0.5937968492507935 0.8615086078643799
1305031458.991647 0.44592130184173584 -0.413928359746933 0.7936104536056519 -0.8280032873153687 0.4980596601963043 0.8514469265937805 0.1642400622367859 -0.6716778874397278 -0.7437006235122681 0.3220271170139313 0.5858394503593445 0.8792972564697266
1305031459.027665 0.44257813692092896 -0.3977145254611969 0.8037087917327881 -0.8408463001251221 0.49665015935897827 0.8549632430076599 0.1495875120162964 -0.6892480254173279 -0.7466346621513367 0.3329579830169678 0.5759130120277405 0.9017595052719116
1305031459.059631 0.44312137365341187 -0.39559516310691833 0.8044549226760864 -0.8408534526824951 0.515446662902832 0.8466301560401917 0.13240930438041687 -0.6993927359580994 -0.7334562540054321 0.3559802174568176 0.5790681838989258 0.9250117540359497
1305031459.09165 0.44697442650794983 -0.3990767300128937 0.8005945682525635 -0.8552080392837524 0.5379961729049683 0.8349501490592957 0.1158372014760971 -0.7314581871032715 -0.7146844267845154 0.37894055247306824 0.5879032611846924 0.9429712295532227
1305031459.127618 0.47859466075897217 -0.3843795955181122 0.7894298434257507 -0.8528807163238525 0.5518425703048706 0.8309999108314514 0.07006383687257767 -0.7296209931373596 -0.6829472184181213 0.4021088182926178 0.6098291277885437 0.9735738039016724
1305031459.159639 0.5152166485786438 -0.3841497004032135 0.7661467790603638 -0.8467406630516052 0.5707604289054871 0.8206508159637451 0.02765462175011635 -0.7278388142585754 -0.6393624544143677 0.42303818464279175 0.6420704126358032 0.9848454594612122
1305031459.191674 0.5268979072570801 -0.39135512709617615 0.7544665932655334 -0.8767842650413513 0.5829798579216003 0.8123616576194763 0.014249872416257858 -0.7545179128646851 -0.6184765100479126 0.43233057856559753 0.6561837196350098 0.9962453842163086
1305031459.227607 0.5354751348495483 -0.40051060914993286 0.7435440421104431 -0.8700725436210632 0.6014484167098999 0.7989067435264587 -0.00281089567579329 -0.7486456632614136 -0.5928966403007507 0.44870850443840027 0.6686810255050659 1.0125254392623901
1305031459.25976 0.5333499312400818 -0.4157079756259918 0.736698567867279 -0.8644055128097534 0.6206320524215698 0.7840717434883118 -0.006880901753902435 -0.7421522736549377 -0.5747641921043396 0.46088871359825134 0.6761862635612488 1.0155854225158691
1305031459.29169 0.5083876848220825 -0.4290439486503601 0.7466347217559814 -0.8571191430091858 0.6396723985671997 0.7686233520507812 0.00612298958003521 -0.7320970892906189 -0.5765078663825989 0.4744887053966522 0.6652061343193054 1.026038646697998
1305031459.327632 0.46366024017333984 -0.4438674747943878 0.7668120861053467 -0.8558828234672546 0.662547767162323 0.7483122944831848 0.032543111592531204 -0.732292890548706 -0.5882598161697388 0.4929606318473816 0.6410461664199829 1.0328648090362549
1305031459.359651 0.39671969413757324 -0.44249796867370605 0.804244339466095 -0.8703268766403198 0.6803494691848755 0.7299104332923889 0.0659947395324707 -0.7425026297569275 -0.6162289381027222 0.5209858417510986 0.5906230807304382 1.0570741891860962
1305031459.391667 0.33410483598709106 -0.43611225485801697 0.8355716466903687 -0.8689217567443848 0.6975389122962952 0.7106184363365173 0.0919828712940216 -0.7120653986930847 -0.633887529373169 0.552111804485321 0.5416263937950134 1.1021647453308105
1305031459.427646 0.23187853395938873 -0.46065160632133484 0.856756865978241 -0.8703725934028625 0.7329609394073486 0.6617977023124695 0.15745466947555542 -0.7012193202972412 -0.6395315527915955 0.5914589166641235 0.4910964369773865 1.1175508499145508
1305031459.459679 0.12263312935829163 -0.47281402349472046 0.8725869655609131 -0.8741130828857422 0.7648749947547913 0.6052744388580322 0.22047460079193115 -0.708791971206665 -0.6323981285095215 0.6403824687004089 0.43587031960487366 1.1268036365509033
1305031459.491555 0.04252031445503235 -0.47703608870506287 0.8778545260429382 -0.8934339284896851 0.7825225591659546 0.5621845722198486 0.26759472489356995 -0.7104907631874084 -0.6211686134338379 0.6755627393722534 0.3971957564353943 1.1515227556228638
1305031459.527594 -0.02794657088816166 -0.4895136058330536 0.8715476989746094 -0.9050413370132446 0.7959544062614441 0.5165489912033081 0.3156476318836212 -0.7042043209075928 -0.6047109365463257 0.702533483505249 0.37519484758377075 1.1574583053588867
1305031459.559647 -0.080900177359581 -0.49260595440864563 0.8664839863777161 -0.9179419279098511 0.8121420741081238 0.47139477729797363 0.3438197374343872 -0.7047263383865356 -0.5778236985206604 0.7315231561660767 0.361930251121521 1.1591622829437256
1305031459.591695 -0.13289661705493927 -0.49390241503715515 0.8593013882637024 -0.9284085631370544 0.817705512046814 0.4352978765964508 0.3766605854034424 -0.7236700057983398 -0.5600855946540833 0.7527123689651489 0.34601715207099915 1.1791932582855225
1305031459.627608 -0.14810821413993835 -0.49498188495635986 0.8561874628067017 -0.9341304302215576 0.8212187886238098 0.420835018157959 0.385353684425354 -0.727259635925293 -0.5510567426681519 0.7601912021636963 0.34415942430496216 1.1898003816604614
1305031459.659641 -0.16120930016040802 -0.499830424785614 0.8509882688522339 -0.9327001571655273 0.8177873492240906 0.4150463342666626 0.39869847893714905 -0.7350410223007202 -0.5524811744689941 0.7602013349533081 0.3418458104133606 1.1904751062393188
1305031459.691604 -0.19143106043338776 -0.49975186586380005 0.8447496891021729 -0.9375981092453003 0.8080764412879944 0.40826913714408875 0.42465144395828247 -0.7452844977378845 -0.5571056604385376 0.7639136910438538 0.3256824016571045 1.2060281038284302
1305031459.727551 -0.21531522274017334 -0.5083336234092712 0.8338082432746887 -0.9368977546691895 0.7982723116874695 0.40019381046295166 0.4501180648803711 -0.7691075801849365 -0.5624950528144836 0.762523353099823 0.31962093710899353 1.2131104469299316
1305031459.759635 -0.22921615839004517 -0.5078356266021729 0.830399215221405 -0.9433614015579224 0.7844327688217163 0.4087247848510742 0.4664860963821411 -0.7999251484870911 -0.5763030052185059 0.7583185434341431 0.30467671155929565 1.2214040756225586
1305031459.79165 -0.22983409464359283 -0.5033169388771057 0.8329756259918213 -0.9399580359458923 0.7800670862197876 0.41651859879493713 0.4669128954410553 -0.8099023699760437 -0.5819550156593323 0.7570893168449402 0.2968909740447998 1.2359569072723389
1305031459.827664 -0.2311401218175888 -0.5028190612792969 0.8329149484634399 -0.9422813057899475 0.7752146124839783 0.4221189320087433 0.46995529532432556 -0.8275442123413086 -0.5878915786743164 0.7543132901191711 0.2922242283821106 1.2521246671676636
1305031459.85966 -0.2315133810043335 -0.5102133750915527 0.8283019661903381 -0.942420482635498 0.7702780365943909 0.42391157150268555 0.47641459107398987 -0.8458441495895386 -0.5941998958587646 0.7483189702033997 0.29486504197120667 1.2679312229156494
1305031459.891596 -0.2321936935186386 -0.5226377844810486 0.8203267455101013 -0.9382717609405518 0.7725856304168701 0.4132809042930603 0.4819859266281128 -0.8643191456794739 -0.590929388999939 0.7456865906715393 0.3078213632106781 1.2772471904754639
1305031459.927607 -0.23195630311965942 -0.5255560278892517 0.8185274600982666 -0.933498740196228 0.7762228846549988 0.40713009238243103 0.4813762307167053 -0.8787263631820679 -0.586237370967865 0.7470179200172424 0.31351238489151 1.2853703498840332
1305031459.95965 -0.2345576286315918 -0.5299791693687439 0.814926266670227 -0.9323427081108093 0.779598593711853 0.39822161197662354 0.48336902260780334 -0.8943332433700562 -0.5806967616081238 0.7486932277679443 0.31976526975631714 1.29289972782135
1305031459.991725 -0.2410251945257187 -0.5356396436691284 0.8093188405036926 -0.9281782507896423 0.7820383310317993 0.38664373755455017 0.4887971580028534 -0.9092823266983032 -0.5747372508049011 0.7507307529449463 0.32569998502731323 1.3003474473953247
1305031460.027565 -0.2467513084411621 -0.5421388149261475 0.8032430410385132 -0.9218928813934326 0.7834652066230774 0.37622755765914917 0.4946059584617615 -0.9281607866287231 -0.5703473091125488 0.7513576149940491 0.33191245794296265 1.3009556531906128
1305031460.059659 -0.24987882375717163 -0.53741055727005 0.8054504990577698 -0.9160845279693604 0.7832893133163452 0.3768262267112732 0.4944286644458771 -0.9398680329322815 -0.569226086139679 0.7544481158256531 0.32678717374801636 1.3144506216049194
1305031460.091717 -0.2566540837287903 -0.535380482673645 0.804671585559845 -0.9101443290710449 0.7898421287536621 0.3636464476585388 0.49387288093566895 -0.9550362825393677 -0.5570258498191833 0.7623181939125061 0.32953476905822754 1.322815179824829
1305031460.12769 -0.25180619955062866 -0.5331618189811707 0.8076708316802979 -0.8978529572486877 0.8095006942749023 0.34133660793304443 0.4777006506919861 -0.9619169235229492 -0.5303792953491211 0.7740981578826904 0.34564417600631714 1.3226758241653442
1305031460.159678 -0.25314828753471375 -0.5244966149330139 0.8129079341888428 -0.8935222029685974 0.8201598525047302 0.3292943239212036 0.46787071228027344 -0.9784930348396301 -0.5130825042724609 0.7851552367210388 0.3468107581138611 1.3385961055755615
1305031460.191559 -0.25055256485939026 -0.5279479622840881 0.8114767074584961 -0.8825598955154419 0.8315267562866211 0.3118908405303955 0.4596599340438843 -0.980025053024292 -0.49576854705810547 0.7899336218833923 0.36085790395736694 1.3444150686264038
1305031460.227761 -0.25172483921051025 -0.5326337814331055 0.8080446124076843 -0.8743338584899902 0.8354666233062744 0.3018370270729065 0.45922762155532837 -0.9862674474716187 -0.48849785327911377 0.7906931638717651 0.3690178394317627 1.3375535011291504
1305031460.259667 -0.2610698938369751 -0.5240643620491028 0.810678243637085 -0.8670625686645508 0.8311122059822083 0.3051416873931885 0.4649098515510559 -0.9912145137786865 -0.49101442098617554 0.795138418674469 0.3558928966522217 1.3397244215011597
1305031460.291689 -0.27562737464904785 -0.5208654403686523 0.8079164028167725 -0.8590087890625 0.8233305811882019 0.30587705969810486 0.4780857563018799 -1.0032352209091187 -0.4961414337158203 0.7969557046890259 0.34453636407852173 1.3392443656921387
1305031460.327512 -0.29278331995010376 -0.5139269232749939 0.8063231706619263 -0.8484891653060913 0.8162600994110107 0.30485406517982483 0.4906967580318451 -1.0140800476074219 -0.49799320101737976 0.8018373250961304 0.33024197816848755 1.342174768447876
1305031460.35963 -0.3141339123249054 -0.5081392526626587 0.8019441962242126 -0.8411451578140259 0.8070486187934875 0.3019370436668396 0.5074511170387268 -1.0247533321380615 -0.4999924898147583 0.8066154718399048 0.3152443468570709 1.3472956418991089
1305031460.391611 -0.33547836542129517 -0.5024135112762451 0.796890914440155 -0.8305380344390869 0.7954380512237549 0.3021324872970581 0.5253514647483826 -1.0278396606445312 -0.5047101974487305 0.8101213574409485 0.29827994108200073 1.3560765981674194
1305031460.427477 -0.36304736137390137 -0.49787649512290955 0.7876012325286865 -0.8199449777603149 0.7856793999671936 0.29083114862442017 0.5460083484649658 -1.0426950454711914 -0.5009036660194397 0.8170289397239685 0.28558576107025146 1.354520559310913
1305031460.45962 -0.3866771161556244 -0.4851755201816559 0.7842739224433899 -0.8183687925338745 0.7733762264251709 0.29265931248664856 0.5623520016670227 -1.04226553440094 -0.5023643374443054 0.8239873647689819 0.2620585560798645 1.3620723485946655
1305031460.491504 -0.42411431670188904 -0.4807991087436676 0.7674368619918823 -0.8108208179473877 0.7548826336860657 0.2804465591907501 0.592876136302948 -1.053051471710205 -0.5002792477607727 0.8307718634605408 0.2440054714679718 1.3687679767608643
1305031460.52757 -0.450999915599823 -0.4776952564716339 0.7539273500442505 -0.8050318360328674 0.7449812889099121 0.2637198865413666 0.6127437353134155 -1.0563759803771973 -0.4915303587913513 0.8380088806152344 0.23693637549877167 1.3687151670455933
1305031460.559647 -0.4711068570613861 -0.47958746552467346 0.7403068542480469 -0.796401858329773 0.7308200001716614 0.25773885846138 0.6320387721061707 -1.0655107498168945 -0.4939236044883728 0.8387886881828308 0.22906950116157532 1.3686459064483643
1305031460.591855 -0.49557650089263916 -0.47596216201782227 0.7265423536300659 -0.7832435369491577 0.7090709805488586 0.2613922953605652 0.6548988819122314 -1.0778138637542725 -0.5016196370124817 0.8397226333618164 0.2079511135816574 1.3812057971954346
1305031460.627625 -0.5111851692199707 -0.47076544165611267 0.7190754413604736 -0.776953399181366 0.6989208459854126 0.25922513008117676 0.6665673851966858 -1.0833674669265747 -0.5001993775367737 0.8433161973953247 0.19651566445827484 1.383139729499817
