1305031455.227581 0.9972902536392212 -0.042219921946525574 0.060248635709285736 -0.07197559624910355 0.04182076454162598 0.9990941286087036 0.007871422916650772 0.021835243329405785 -0.06052638962864876 -0.005330447107553482 0.9981523752212524 0.007272832095623016
1305031455.259631 0.996008038520813 -0.05621378868818283 0.06933876127004623 -0.0837940126657486 0.05576398968696594 0.9984086751937866 0.008407154120504856 0.03123740293085575 -0.06970101594924927 -0.004506988450884819 0.9975577592849731 0.008822240866720676
1305031455.291831 0.9933657646179199 -0.08125997334718704 0.08137053996324539 -0.09907379746437073 0.07932684570550919 0.996490478515625 0.026719797402620316 0.026581846177577972 -0.08325622975826263 -0.02008766308426857 0.996325671672821 0.0106466393917799
1305031455.327766 0.9907904863357544 -0.10479911416769028 0.08574000746011734 -0.11194626241922379 0.10262859612703323 0.9942864179611206 0.029355015605688095 0.03241748735308647 -0.08832651376724243 -0.020285291597247124 0.9958850145339966 0.016799278557300568
1305031455.35963 0.9887783527374268 -0.12265651673078537 0.08528036624193192 -0.12210030108690262 0.11949826776981354 0.9919784069061279 0.04122056066989899 0.037460241466760635 -0.08965225517749786 -0.030567146837711334 0.9955039024353027 0.019135618582367897
1305031455.391665 0.9847764372825623 -0.1445036083459854 0.0966128408908844 -0.13480934500694275 0.13866379857063293 0.9882248640060425 0.06468284875154495 0.03173140063881874 -0.10482212156057358 -0.05030146241188049 0.9932181239128113 0.020359545946121216
1305031455.427642 0.9792463779449463 -0.169713094830513 0.11078879982233047 -0.1517060250043869 0.16141711175441742 0.9836342930793762 0.0800490602850914 0.027081819251179695 -0.12256103754043579 -0.060504551976919174 0.9906149506568909 0.021112538874149323
1305031455.459589 0.9745885133743286 -0.18918466567993164 0.11994314938783646 -0.16871516406536102 0.17907340824604034 0.9796914458274841 0.09020686149597168 0.019603310152888298 -0.13457301259040833 -0.06643596291542053 0.988673985004425 0.024782706052064896
1305031455.491637 0.9687522649765015 -0.21204540133476257 0.12866918742656708 -0.18569323420524597 0.20085766911506653 0.9750422239303589 0.09459825605154037 0.0188716072589159 -0.145517036318779 -0.0657980889081955 0.9871652722358704 0.027068600058555603
1305031455.52761 0.9606593251228333 -0.2416745126247406 0.1368471384048462 -0.20372430980205536 0.22844870388507843 0.9678232669830322 0.10549589991569519 0.006528492085635662 -0.15793949365615845 -0.07008307427167892 0.9849585890769958 0.028653118759393692
1305031455.559669 0.9539966583251953 -0.2654237151145935 0.13943013548851013 -0.22185754776000977 0.2527696490287781 0.9621283411979675 0.10206049680709839 0.0019258632091805339 -0.16123901307582855 -0.06212168186903 0.984958291053772 0.029688861221075058
1305031455.591645 0.9453830122947693 -0.2936142385005951 0.14156824350357056 -0.24238701164722443 0.2807120382785797 0.9541120529174805 0.10426357388496399 -0.006667568348348141 -0.16568523645401 -0.05882912129163742 0.9844224452972412 0.028383880853652954
1305031455.627617 0.9374855160713196 -0.31820356845855713 0.14095187187194824 -0.25221049785614014 0.30453047156333923 0.946087658405304 0.11036039888858795 -0.016209213063120842 -0.1684698611497879 -0.060537129640579224 0.983846127986908 0.033111121505498886
1305031455.659615 0.9327774047851562 -0.32752591371536255 0.15051013231277466 -0.2693622410297394 0.31403884291648865 0.943396270275116 0.1066923663020134 -0.027350550517439842 -0.1769351363182068 -0.05225418508052826 0.9828343987464905 0.03501412272453308
1305031455.691605 0.9338117241859436 -0.3217000961303711 0.15653954446315765 -0.2822180986404419 0.309162437915802 0.9457979202270508 0.0994231179356575 -0.03183683007955551 -0.1800392121076584 -0.04444631561636925 0.9826548099517822 0.035708531737327576
1305031455.727628 0.9355206489562988 -0.31210383772850037 0.16550573706626892 -0.297462522983551 0.2984321713447571 0.9489083290100098 0.10252460837364197 -0.04335757717490196 -0.18904806673526764 -0.04652164876461029 0.9808652400970459 0.036349400877952576
1305031455.759683 0.935107409954071 -0.30533120036125183 0.17985251545906067 -0.31465891003608704 0.2905953824520111 0.9511867761611938 0.10391368716955185 -0.05080040171742439 -0.2028014361858368 -0.0449061393737793 0.9781897664070129 0.03604854643344879
1305031455.791666 0.9311313033103943 -0.30977049469947815 0.19244970381259918 -0.331892728805542 0.29224124550819397 0.9494834542274475 0.11435164511203766 -0.07489190995693207 -0.21815049648284912 -0.05023462325334549 0.9746214747428894 0.02999166026711464
1305031455.82759 0.9295163750648499 -0.3071833848953247 0.20405365526676178 -0.3500056564807892 0.2902979254722595 0.9507259130477905 0.10884631425142288 -0.08141682296991348 -0.22743482887744904 -0.04193805530667305 0.97288978099823 0.028076980262994766
1305031455.859526 0.929533839225769 -0.3039230406284332 0.20880064368247986 -0.3632063865661621 0.2859968841075897 0.9516614675521851 0.1120108962059021 -0.09351977705955505 -0.23275013267993927 -0.04440154507756233 0.9715224504470825 0.025255538523197174
1305031455.891657 0.9277921915054321 -0.3039335310459137 0.21639327704906464 -0.37797728180885315 0.2853834629058838 0.9517128467559814 0.11313214153051376 -0.10212788730859756 -0.2403288632631302 -0.04320807009935379 0.9697294235229492 0.024396352469921112
1305031455.927955 0.9264109134674072 -0.30310338735580444 0.22336320579051971 -0.38896259665489197 0.28281182050704956 0.9518112540245056 0.1186288371682167 -0.11319759488105774 -0.24855639040470123 -0.04672929272055626 0.9674895405769348 0.022996172308921814
1305031455.959716 0.9256999492645264 -0.29837727546691895 0.23248788714408875 -0.4025697708129883 0.2773129940032959 0.9533386826515198 0.11934394389390945 -0.11912181228399277 -0.2572491466999054 -0.04600478336215019 0.9652494192123413 0.020061567425727844
1305031455.991694 0.9250320792198181 -0.29546836018562317 0.23877650499343872 -0.4115167260169983 0.27182912826538086 0.9538901448249817 0.12728938460350037 -0.12639322876930237 -0.2653765380382538 -0.052840352058410645 0.9626957178115845 0.018625691533088684
1305031456.02777 0.9218866229057312 -0.2952958643436432 0.2508496940135956 -0.4295186996459961 0.26585516333580017 0.9530616402626038 0.14489474892616272 -0.13655084371566772 -0.2818620502948761 -0.06688681244850159 0.9571206569671631 0.014755763113498688
1305031456.059713 0.9223568439483643 -0.2888573706150055 0.256553053855896 -0.44080057740211487 0.2512730658054352 0.952947735786438 0.16956555843353271 -0.14815379679203033 -0.29346194863319397 -0.09193504601716995 0.951539933681488 0.019192151725292206
1305031456.091707 0.9246504306793213 -0.28122207522392273 0.25677961111068726 -0.4420824646949768 0.23960331082344055 0.953716516494751 0.18170006573200226 -0.15527541935443878 -0.29599303007125854 -0.10648377984762192 0.9492360949516296 0.023241892457008362
1305031456.127645 0.9203113913536072 -0.28544938564300537 0.26748016476631165 -0.4557470679283142 0.2372758984565735 0.9509557485580444 0.1984521746635437 -0.17898844182491302 -0.31100982427597046 -0.11917122453451157 0.942905604839325 0.025039568543434143
1305031456.159731 0.9179136753082275 -0.28824615478515625 0.2726696729660034 -0.4554644227027893 0.236601322889328 0.9492937326431274 0.2070295512676239 -0.19238077104091644 -0.31851905584335327 -0.12552125751972198 0.9395689964294434 0.02696654200553894
1305031456.191658 0.9120984077453613 -0.2930264174938202 0.2867263853549957 -0.45574888586997986 0.24051134288311005 0.9488375186920166 0.204600989818573 -0.2038402557373047 -0.33201029896736145 -0.11765531450510025 0.9359093308448792 0.027878135442733765
1305031456.227678 0.903573215007782 -0.2937500774860382 0.31187546253204346 -0.46969571709632874 0.2391219139099121 0.9497882723808289 0.2017991542816162 -0.20476233959197998 -0.3554942309856415 -0.10776403546333313 0.9284453392028809 0.029935285449028015
1305031456.259614 0.8942578434944153 -0.30266115069389343 0.32969576120376587 -0.4724924564361572 0.24083837866783142 0.9463391304016113 0.2154971957206726 -0.21782249212265015 -0.3772265911102295 -0.11330664902925491 0.9191635251045227 0.03675509989261627
1305031456.291675 0.8826314806938171 -0.3117844760417938 0.35178422927856445 -0.4784211218357086 0.24520324170589447 0.9438692331314087 0.2213279902935028 -0.2323053628206253 -0.40104496479034424 -0.10909238457679749 0.9095392823219299 0.04307667911052704
1305031456.327718 0.8698399066925049 -0.31894150376319885 0.3763706088066101 -0.485765278339386 0.2502683997154236 0.9427362680435181 0.2204856276512146 -0.24144800007343292 -0.42514029145240784 -0.09759353846311569 0.899850606918335 0.05366525053977966
1305031456.359846 0.8568130731582642 -0.32284921407699585 0.40204450488090515 -0.4949600100517273 0.2556839883327484 0.9431279301643372 0.21245089173316956 -0.23513132333755493 -0.4477689862251282 -0.07923435419797897 0.8906316757202148 0.05719728767871857
1305031456.391619 0.8436530232429504 -0.3316713869571686 0.4221891760826111 -0.49521613121032715 0.25545334815979004 0.9396254420280457 0.22770079970359802 -0.25283917784690857 -0.4722215533256531 -0.08425082266330719 0.877444326877594 0.07166317105293274
1305031456.427662 0.8261631727218628 -0.3387625813484192 0.45021581649780273 -0.5079894065856934 0.26508161425590515 0.938801646232605 0.2199617624282837 -0.2546442747116089 -0.49717819690704346 -0.06238042563199997 0.8654030561447144 0.08577930927276611
1305031456.45961 0.813545286655426 -0.346659392118454 0.46687379479408264 -0.5258442163467407 0.27420657873153687 0.9367056488990784 0.21769990026950836 -0.24958635866641998 -0.5127910375595093 -0.04908892139792442 0.8571088314056396 0.09856480360031128
1305031456.491677 0.8083440065383911 -0.3626055419445038 0.4637855589389801 -0.5322613716125488 0.2851546108722687 0.930377185344696 0.2304016351699829 -0.2532615065574646 -0.5150404572486877 -0.05399322509765625 0.8554636240005493 0.1147262454032898
1305031456.527641 0.8053282499313354 -0.3763117492198944 0.4580783545970917 -0.5376982688903809 0.2954796254634857 0.9246730208396912 0.2401493340730667 -0.2562887370586395 -0.513943612575531 -0.05804626643657684 0.855857789516449 0.1300038993358612
1305031456.559608 0.800923228263855 -0.3897698223590851 0.45453429222106934 -0.5357386469841003 0.30432218313217163 0.9187421202659607 0.2515966594219208 -0.26857054233551025 -0.5156645178794861 -0.06318480521440506 0.854457437992096 0.14457209408283234
1305031456.591651 0.7919785976409912 -0.39705419540405273 0.46380800008773804 -0.5451960563659668 0.3163602352142334 0.9165968298912048 0.24447183310985565 -0.2571575343608856 -0.5221935510635376 -0.04688609391450882 0.8515372276306152 0.15333352982997894
1305031456.627612 0.7827234268188477 -0.41504985094070435 0.4637647569179535 -0.5534836053848267 0.32576459646224976 0.9081507921218872 0.26294419169425964 -0.24633854627609253 -0.5303031802177429 -0.054734475910663605 0.8460394740104675 0.16572076082229614
1305031456.659665 0.7689558863639832 -0.44285479187965393 0.4610710144042969 -0.5510259866714478 0.33223122358322144 0.8929906487464905 0.30362796783447266 -0.27086442708969116 -0.5461952090263367 -0.08029431104660034 0.8338006734848022 0.1894828826189041
1305031456.691612 0.7545816898345947 -0.45624294877052307 0.47164490818977356 -0.5590420961380005 0.3481673002243042 0.8875969648361206 0.3015810549259186 -0.2716085910797119 -0.5562248826026917 -0.06335622817277908 0.8286131620407104 0.20658904314041138
1305031456.727693 0.7434154152870178 -0.4704173505306244 0.47543761134147644 -0.5733473300933838 0.3631666302680969 0.8808451890945435 0.30368053913116455 -0.2615502178668976 -0.5616434812545776 -0.05309779942035675 0.8256736993789673 0.2239694893360138
1305031456.759615 0.7375367283821106 -0.49187448620796204 0.4627085030078888 -0.5748546719551086 0.37694093585014343 0.8683638572692871 0.3222726285457611 -0.2810816466808319 -0.5603171586990356 -0.06327410787343979 0.8258578777313232 0.24092137813568115
1305031456.791649 0.738268256187439 -0.4972405433654785 0.45575425028800964 -0.5790938138961792 0.393954873085022 0.866331934928894 0.3070317804813385 -0.28120964765548706 -0.5475031137466431 -0.04712522029876709 0.8354755640029907 0.25283002853393555
1305031456.827603 0.7346607446670532 -0.5064837336540222 0.4513844847679138 -0.5855017900466919 0.41099438071250916 0.8616060018539429 0.29785680770874023 -0.2661542296409607 -0.5397752523422241 -0.03330720588564873 0.8411499857902527 0.2660830020904541
1305031456.859634 0.7274211645126343 -0.5226878523826599 0.44458529353141785 -0.5847665667533875 0.42097753286361694 0.8515816330909729 0.31238871812820435 -0.2700181305408478 -0.5418825149536133 -0.04007779061794281 0.8394982218742371 0.28051745891571045
1305031456.891672 0.7204210758209229 -0.5344902276992798 0.4419431984424591 -0.5802655220031738 0.42980843782424927 0.8441882729530334 0.3203291594982147 -0.27521613240242004 -0.544296145439148 -0.040820904076099396 0.837899386882782 0.2940864562988281
1305031456.92769 0.7075621485710144 -0.5374495387077332 0.4588071405887604 -0.5890921950340271 0.43652835488319397 0.8430061936378479 0.3142983913421631 -0.27237698435783386 -0.5556968450546265 -0.022103289142251015 0.8310911655426025 0.30717891454696655
1305031456.959667 0.6948915123939514 -0.5441204905509949 0.47016894817352295 -0.6026564240455627 0.44264137744903564 0.8389222025871277 0.3166670799255371 -0.2634831666946411 -0.5667402744293213 -0.01193300262093544 0.8238100409507751 0.31946295499801636
1305031456.991709 0.6867271065711975 -0.5562118291854858 0.46801120042800903 -0.6055659055709839 0.4417523741722107 0.8306325674057007 0.3389754593372345 -0.27109894156455994 -0.5772875547409058 -0.026038508862257004 0.8161255717277527 0.33438074588775635
1305031457.027648 0.6782205104827881 -0.5622377395629883 0.4731869101524353 -0.6116753220558167 0.4451828896999359 0.826662540435791 0.34415292739868164 -0.2729581296443939 -0.5846616625785828 -0.02275676093995571 0.8109579682350159 0.3453921377658844
1305031457.059621 0.6667267084121704 -0.5717048048973083 0.47815200686454773 -0.6234409213066101 0.4523729085922241 0.8202822804450989 0.3499937057495117 -0.26863664388656616 -0.5923126935958862 -0.017047032713890076 0.8055276870727539 0.35226351022720337
1305031457.091655 0.6550288200378418 -0.5875833034515381 0.47506117820739746 -0.6283522248268127 0.45502379536628723 0.8086774349212646 0.37281882762908936 -0.27690643072128296 -0.6032335758209229 -0.02804291807115078 0.7970713973045349 0.36173662543296814
1305031457.127632 0.6433705687522888 -0.5997092127799988 0.4758394658565521 -0.6295014023780823 0.4588359296321869 0.7996208071708679 0.38739633560180664 -0.288758784532547 -0.6128164529800415 -0.030907170847058296 0.7896206378936768 0.36841142177581787
1305031457.159693 0.6267938017845154 -0.6070877313613892 0.48844051361083984 -0.640932559967041 0.46458494663238525 0.7944241166114807 0.39121705293655396 -0.29482364654541016 -0.6255322098731995 -0.018290353938937187 0.7799838781356812 0.37351304292678833
1305031457.191735 0.6113970279693604 -0.6124089956283569 0.5011476278305054 -0.6548036932945251 0.46960052847862244 0.790524959564209 0.39312249422073364 -0.2968064844608307 -0.6369216442108154 -0.0050146994180977345 0.7709122896194458 0.37726956605911255
1305031457.227543 0.5949773788452148 -0.624535858631134 0.5059219598770142 -0.6648581624031067 0.47234857082366943 0.7809851169586182 0.40859368443489075 -0.30745673179626465 -0.6502990126609802 -0.004132397938519716 0.7596669793128967 0.38451170921325684
1305031457.259691 0.580847442150116 -0.6331672668457031 0.511581540107727 -0.6679930686950684 0.4781073331832886 0.774007260799408 0.4151216447353363 -0.3232547342777252 -0.6588093042373657 0.003468689974397421 0.7523019909858704 0.3869558572769165
1305031457.291656 0.5623173713684082 -0.6335783004760742 0.5313922762870789 -0.6825076937675476 0.481597900390625 0.7733052968978882 0.41238582134246826 -0.33260688185691833 -0.6722073554992676 0.024025827646255493 0.7399730086326599 0.38866162300109863
1305031457.327548 0.5435590744018555 -0.636374294757843 0.5473312735557556 -0.6990832090377808 0.48248082399368286 0.7704634070396423 0.41665124893188477 -0.3395460247993469 -0.6868450045585632 0.037602249532938004 0.7258305549621582 0.38930755853652954
1305031457.359712 0.5239605903625488 -0.6445596218109131 0.5567836761474609 -0.7067235708236694 0.48409605026245117 0.7632109522819519 0.42797189950942993 -0.35028064250946045 -0.700796902179718 0.04529639333486557 0.711921215057373 0.39073842763900757
1305031457.391684 0.49829038977622986 -0.6459433436393738 0.5783284306526184 -0.7223315238952637 0.4876810610294342 0.7603276371955872 0.4290327727794647 -0.3624933660030365 -0.7168498635292053 0.06825698912143707 0.6938782930374146 0.39430999755859375
1305031457.427641 0.4751294255256653 -0.6497005224227905 0.5934149026870728 -0.7410938739776611 0.4912000298500061 0.7553775310516357 0.43373632431030273 -0.3737521171569824 -0.7300511002540588 0.08540453016757965 0.6780350208282471 0.40180647373199463
1305031457.459614 0.46284401416778564 -0.6550081968307495 0.5972769856452942 -0.7543678879737854 0.4957030415534973 0.7498447895050049 0.43819090723991394 -0.3875836133956909 -0.7348836064338684 0.09325796365737915 0.6717506647109985 0.4052940607070923
1305031457.491705 0.4563255310058594 -0.6599153280258179 0.5968908667564392 -0.7618410587310791 0.5007830262184143 0.7449496388435364 0.4407567083835602 -0.40352529287338257 -0.7355157732963562 0.09778425842523575 0.6704138517379761 0.40441054105758667
1305031457.527638 0.45021873712539673 -0.6584668159484863 0.6030958294868469 -0.7710183262825012 0.5016710162162781 0.7452743649482727 0.43919509649276733 -0.4173279404640198 -0.7386672496795654 0.10482189059257507 0.665870189666748 0.4031650125980377
1305031457.559685 0.4393526613712311 -0.6580379605293274 0.6115188598632812 -0.7820472121238708 0.5041007399559021 0.7440551519393921 0.43847957253456116 -0.4286866784095764 -0.7435399889945984 0.11561994254589081 0.6586200594902039 0.40389230847358704
1305031457.591678 0.4265345335006714 -0.6548871994018555 0.6238517761230469 -0.8007179498672485 0.5042353272438049 0.744784414768219 0.43708452582359314 -0.43863144516944885 -0.7508761882781982 0.128136545419693 0.6478936076164246 0.4102436602115631
1305031457.627526 0.4192565679550171 -0.6610512137413025 0.6222823262214661 -0.8053194880485535 0.5074766278266907 0.7389914989471436 0.44312411546707153 -0.45658719539642334 -0.7527891397476196 0.13001106679439545 0.6452950835227966 0.4124305546283722
1305031457.659632 0.40726935863494873 -0.6579151749610901 0.6334660649299622 -0.8265361189842224 0.5117582082748413 0.7388738989830017 0.4383707046508789 -0.46394872665405273 -0.7564622163772583 0.14564648270606995 0.6376142501831055 0.41701579093933105
1305031457.69157 0.40365269780158997 -0.6664010286331177 0.6268763542175293 -0.8344511985778809 0.5139760375022888 0.7320076823234558 0.44720613956451416 -0.4748132824897766 -0.7568970322608948 0.14168353378772736 0.6379910707473755 0.4209352135658264
1305031457.727669 0.4045582413673401 -0.670764148235321 0.6216171979904175 -0.8335273861885071 0.5116412043571472 0.729402482509613 0.4540872573852539 -0.49423933029174805 -0.7579946517944336 0.134340301156044 0.6382764577865601 0.4218020737171173
1305031457.759556 0.4021921455860138 -0.6684072017669678 0.625678300857544 -0.8396875858306885 0.5063943862915039 0.7317423820495605 0.45619940757751465 -0.5142103433609009 -0.7627623081207275 0.13336017727851868 0.6327787637710571 0.4254298508167267
1305031457.791567 0.3992597758769989 -0.6619818806648254 0.6343276500701904 -0.8362241983413696 0.5021556615829468 0.7367540001869202 0.45280593633651733 -0.533571720123291 -0.7670928239822388 0.1377439945936203 0.6265741586685181 0.42600497603416443
1305031457.827699 0.38650190830230713 -0.6484301090240479 0.6558618545532227 -0.8536441922187805 0.5027280449867249 0.7443119287490845 0.4396183490753174 -0.5397311449050903 -0.7732275724411011 0.15980680286884308 0.6136619448661804 0.42346835136413574
1305031457.859623 0.3737345337867737 -0.644866406917572 0.6666857004165649 -0.8602973222732544 0.4941539466381073 0.7467028498649597 0.4452490508556366 -0.5543153285980225 -0.7849422693252563 0.16304045915603638 0.5977319478988647 0.43050554394721985
1305031457.891593 0.36113816499710083 -0.6366908550262451 0.6813251376152039 -0.8612848520278931 0.4856131374835968 0.75215083360672 0.4454761743545532 -0.577731728553772 -0.7960898280143738 0.16998203098773956 0.5808159112930298 0.4425768256187439
1305031457.927633 0.34612831473350525 -0.6208221912384033 0.7034024596214294 -0.8764172196388245 0.4918064475059509 0.758542001247406 0.42748162150382996 -0.5876157283782959 -0.7989503741264343 0.19797436892986298 0.5678772926330566 0.4518309235572815
1305031457.959632 0.3370751142501831 -0.6164546012878418 0.7115926146507263 -0.8867725729942322 0.4968760013580322 0.7584733963012695 0.4217017889022827 -0.6005607843399048 -0.7996841073036194 0.21142810583114624 0.5619639754295349 0.4606265425682068
1305031457.991644 0.33646222949028015 -0.6135554909706116 0.7143828868865967 -0.8828140497207642 0.5002302527427673 0.7591806650161743 0.41643065214157104 -0.6138657331466675 -0.7978489398956299 0.21724271774291992 0.5623546838760376 0.4647343158721924
1305031458.027845 0.3266330361366272 -0.6041430830955505 0.7268575429916382 -0.8839408159255981 0.4994010329246521 0.7632368206977844 0.40996116399765015 -0.6306354999542236 -0.8024396896362305 0.22908662259578705 0.5510079860687256 0.47565513849258423
1305031458.059689 0.31403473019599915 -0.5887212753295898 0.7448418736457825 -0.8982575535774231 0.5031545162200928 0.768497109413147 0.39528194069862366 -0.6283121109008789 -0.8051196336746216 0.25063833594322205 0.537552535533905 0.4881441593170166
1305031458.09169 0.3073267638683319 -0.5885742902755737 0.7477503418922424 -0.9039721488952637 0.5029984712600708 0.7675093412399292 0.3973939120769501 -0.6315909624099731 -0.8078012466430664 0.25398752093315125 0.5319280624389648 0.4976723790168762
1305031458.127605 0.29833894968032837 -0.5927892327308655 0.7480607628822327 -0.9022578001022339 0.4976847171783447 0.7653874158859253 0.4080345034599304 -0.6472319960594177 -0.8144347071647644 0.2505658268928528 0.5233669877052307 0.515235185623169
1305031458.159638 0.28622767329216003 -0.5906599164009094 0.7544498443603516 -0.9046797752380371 0.4947763681411743 0.765404224395752 0.41152486205101013 -0.6599848866462708 -0.820530354976654 0.255494087934494 0.5113244652748108 0.5406473875045776
1305031458.191646 0.2787442207336426 -0.5903167724609375 0.7575141787528992 -0.912873387336731 0.5003793835639954 0.762523889541626 0.41009506583213806 -0.6615757346153259 -0.8197086453437805 0.2647327482700348 0.5079314708709717 0.5614794492721558
1305031458.227611 0.2788196802139282 -0.6028456091880798 0.7475538849830627 -0.9126125574111938 0.49881017208099365 0.7560932040214539 0.42368772625923157 -0.6718528270721436 -0.8206386566162109 0.2547549903392792 0.5115192532539368 0.5822337865829468
1305031458.259934 0.28290170431137085 -0.614441990852356 0.7364969253540039 -0.8928030729293823 0.49407708644866943 0.7515061497688293 0.4371799826622009 -0.7009683847427368 -0.8221036791801453 0.2402072697877884 0.5161840915679932 0.6003839373588562
1305031458.291664 0.2843412756919861 -0.5955480337142944 0.7513139247894287 -0.9033060073852539 0.4981814920902252 0.7613351941108704 0.41495051980018616 -0.7020256519317627 -0.819124698638916 0.256303071975708 0.5131700038909912 0.6263635158538818
1305031458.327628 0.28841492533683777 -0.597858190536499 0.7479189038276672 -0.8990969657897949 0.5053209066390991 0.758516252040863 0.4114657938480377 -0.7109429836273193 -0.8133065700531006 0.2592661678791046 0.5208775997161865 0.6447630524635315
1305031458.35959 0.29250484704971313 -0.5929789543151855 0.7502113580703735 -0.885725736618042 0.5099544525146484 0.7603866457939148 0.40219223499298096 -0.7280184626579285 -0.8089420795440674 0.2649303376674652 0.5248091220855713 0.6640005111694336
1305031458.391626 0.2930038571357727 -0.5759822726249695 0.7631469964981079 -0.888579249382019 0.5217330455780029 0.7651861906051636 0.3772065043449402 -0.7236679196357727 -0.8012136220932007 0.2876359820365906 0.5247114896774292 0.6774610280990601
1305031458.427598 0.28602278232574463 -0.5752226710319519 0.7663615345954895 -0.8800528645515442 0.5394564867019653 0.75765460729599 0.36735039949417114 -0.725910484790802 -0.7919455766677856 0.30834800004959106 0.5270140767097473 0.6865940093994141
1305031458.459637 0.2712618112564087 -0.5683680772781372 0.7767720222473145 -0.8628639578819275 0.5502962470054626 0.7537020444869995 0.3593149483203888 -0.7330539226531982 -0.7896777987480164 0.3299862742424011 0.5172213912010193 0.6950923204421997
1305031458.491696 0.25710004568099976 -0.5302925109863281 0.8078919649124146 -0.8601727485656738 0.5521277189254761 0.7667196393013 0.3275606632232666 -0.7311520576477051 -0.7931296229362488 0.36184364557266235 0.48991280794143677 0.7041003108024597
1305031458.527737 0.2362116575241089 -0.49393054842948914 0.8368014693260193 -0.8653079271316528 0.5433652400970459 0.7810871601104736 0.3076639175415039 -0.7203192710876465 -0.8055794835090637 0.38201501965522766 0.45288658142089844 0.7356821894645691
1305031458.559628 0.22518938779830933 -0.47785672545433044 0.849083423614502 -0.858407199382782 0.536745011806488 0.788148045539856 0.3012101650238037 -0.7131689786911011 -0.8131387829780579 0.38791197538375854 0.43396973609924316 0.7525171637535095
1305031458.591641 0.22007903456687927 -0.45656272768974304 0.8620416522026062 -0.8502699732780457 0.5256599187850952 0.7999317049980164 0.2894665598869324 -0.7096391916275024 -0.8217340707778931 0.3894352316856384 0.4160449504852295 0.7765074968338013
1305031458.627659 0.22440047562122345 -0.44031304121017456 0.8693497180938721 -0.8548667430877686 0.5225242972373962 0.8073813319206238 0.27405065298080444 -0.6819480061531067 -0.8225647211074829 0.3927592635154724 0.411251038312912 0.8019708395004272
1305031458.659623 0.22264574468135834 -0.44560351967811584 0.8671022057533264 -0.8530316948890686 0.5177035331726074 0.8076985478401184 0.28214532136917114 -0.6814988851547241 -0.8260822892189026 0.3860833942890167 0.41052114963531494 0.8340475559234619
1305031458.691674 0.2522069215774536 -0.4529435634613037 0.8551220893859863 -0.8479692339897156 0.5135393738746643 0.8116313219070435 0.27844563126564026 -0.6789956092834473 -0.8201640844345093 0.36891287565231323 0.4373033046722412 0.8551990985870361
1305031458.72765 0.2847854793071747 -0.4570409059524536 0.8426214456558228 -0.8310442566871643 0.5115045309066772 0.8158729076385498 0.2696564197540283 -0.6784701347351074 -0.8107160329818726 0.35421040654182434 0.4661271870136261 0.8622407913208008
1305031458.759945 0.32419252395629883 -0.43696078658103943 0.8390259146690369 -0.8235583305358887 0.5055243372917175 0.829690158367157 0.23676848411560059 -0.6633482575416565 -0.7995901107788086 0.34738945960998535 0.48987361788749695 0.8788278102874756
1305031458.791632 0.3657366633415222 -0.43297311663627625 0.8238756060600281 -0.8142920136451721 0.5024220943450928 0.8369926810264587 0.21683013439178467 -0.6454650163650513 -0.7834594249725342 0.3346306085586548 0.5236541628837585 0.8827441930770874
1305031458.827564 0.3794313967227936 -0.43902239203453064 0.8144268989562988 -0.8119741082191467 0.5001097321510315 0.8378961086273193 0.21867868304252625 -0.6426007151603699 -0.778410017490387 0.3243291974067688 0.5374834537506104 0.8941868543624878
1305031458.859887 0.3896441161632538 -0.4408145546913147 0.8086161017417908 -0.7990033626556396 0.4966059923171997 0.8399922251701355 0.21862193942070007 -0.6527372598648071 -0.7756030559539795 0.3163788318634033 0.5462090969085693 0.8986619114875793
1305031458.891665 0.3975296914577484 -0.42189669609069824 0.814845621585846 -0.7966996431350708 0.4863411784172058 0.8499116897583008 0.20278668403625488 -0.643703818321228 -0.7781018018722534 0.3156792223453522 0.5430508255958557 0.9009733200073242
1305031458.927621 0.3833365738391876 -0.4252854287624359 0.8198691010475159 -0.7946480512619019 0.4918743968009949 0.8453295826911926 0.20851247012615204 -0.6358624696731567 -0.7817370295524597 0.32334211468696594 0.5332327485084534 0.913470447063446
1305031458.959617 0.3573189675807953 -0.4471520781517029 0.8199867010116577 -0.7919615507125854 0.5090703368186951 0.8293135762214661 0.23040463030338287 -0.6402015686035156 -0.7830520868301392 0.33510294556617737 0.5239613056182861 0.9252908229827881
1305031458.991647 0.34077802300453186 -0.4545949101448059 0.8229299783706665 -0.7802139520645142 0.5078191757202148 0.825650155544281 0.2458079308271408 -0.6687856912612915 -0.791195273399353 0.33413365483283997 0.5122154355049133 0.9410994648933411
1305031459.027665 0.3411614000797272 -0.4383312165737152 0.8315495848655701 -0.7823962569236755 0.5120048522949219 0.8285331726074219 0.22668002545833588 -0.6780892014503479 -0.7883272767066956 0.3484228849411011 0.507091224193573 0.960137665271759
1305031459.059631 0.337995320558548 -0.4337184429168701 0.8352529406547546 -0.7919003963470459 0.5262767672538757 0.8228608965873718 0.2143193483352661 -0.6964437365531921 -0.7802512645721436 0.36713528633117676 0.5063790082931519 0.9844073057174683
1305031459.09165 0.3471512496471405 -0.4326680898666382 0.8320363163948059 -0.7922838926315308 0.5520931482315063 0.8114646673202515 0.19162026047706604 -0.7182076573371887 -0.758076012134552 0.39284032583236694 0.5205740332603455 1.0043201446533203
1305031459.127618 0.376217782497406 -0.42920440435409546 0.8211236000061035 -0.7999520897865295 0.5672342777252197 0.8074345588684082 0.16215692460536957 -0.7454186081886292 -0.7326019406318665 0.4047630727291107 0.5472307205200195 1.025925636291504
1305031459.159639 0.3997214436531067 -0.42553743720054626 0.8118748068809509 -0.811372697353363 0.5866795778274536 0.799300491809845 0.13009870052337646 -0.7597354054450989 -0.7042936682701111 0.4243071675300598 0.569151759147644 1.0422160625457764
1305031459.191674 0.429962158203125 -0.4253203272819519 0.7963889241218567 -0.8069574236869812 0.6034737229347229 0.7914747595787048 0.09688669443130493 -0.7527120113372803 -0.6715295314788818 0.43894216418266296 0.5969738960266113 1.0465227365493774
1305031459.227607 0.44044750928878784 -0.43829017877578735 0.7835226655006409 -0.8040773272514343 0.6283196210861206 0.7738634347915649 0.07968495041131973 -0.7507742047309875 -0.6412646174430847 0.457205593585968 0.6162325739860535 1.0512892007827759
1305031459.25976 0.43720701336860657 -0.4469480514526367 0.780440628528595 -0.796631395816803 0.6470960378646851 0.7589863538742065 0.07215489447116852 -0.7362459897994995 -0.6245931386947632 0.47347337007522583 0.6210525035858154 1.0635226964950562
1305031459.29169 0.4023439288139343 -0.4567352831363678 0.7934182286262512 -0.7896618247032166 0.6665270328521729 0.7402525544166565 0.0881333202123642 -0.7278388738632202 -0.6275835633277893 0.4933747351169586 0.6022626161575317 1.0810972452163696
1305031459.327632 0.3524513244628906 -0.46752244234085083 0.8106793761253357 -0.7902043461799622 0.6838089227676392 0.7200614213943481 0.11796963959932327 -0.7313918471336365 -0.6388923525810242 0.5127710700035095 0.5734825730323792 1.0914243459701538
1305031459.359651 0.2925654649734497 -0.46671316027641296 0.8346163630485535 -0.7943358421325684 0.7053176164627075 0.6946821212768555 0.1412215232849121 -0.7261463403701782 -0.6457030773162842 0.5473529696464539 0.5324211120605469 1.1021333932876587
1305031459.391667 0.21267271041870117 -0.4771926999092102 0.8526766300201416 -0.8186497688293457 0.7242063879966736 0.6628046035766602 0.19030259549617767 -0.7340199947357178 -0.6559689044952393 0.577041745185852 0.4865465462207794 1.1167982816696167
1305031459.427646 0.11909216642379761 -0.49668851494789124 0.8597195744514465 -0.8255947828292847 0.7488851547241211 0.6134592890739441 0.2506769001483917 -0.7196785807609558 -0.6519111394882202 0.6139775514602661 0.445020854473114 1.1168993711471558
1305031459.459679 0.014201641082763672 -0.4818611741065979 0.8761324882507324 -0.8146881461143494 0.7647433280944824 0.5697339773178101 0.3009500503540039 -0.705862820148468 -0.6441785097122192 0.6657424569129944 0.3765913248062134 1.1542305946350098
1305031459.491555 -0.07909966260194778 -0.486817330121994 0.8699150085449219 -0.8314915895462036 0.7758995294570923 0.5178229212760925 0.36033234000205994 -0.7217497825622559 -0.6258779764175415 0.7034688591957092 0.3367616534233093 1.1717135906219482
1305031459.527594 -0.1503571718931198 -0.4934091866016388 0.856702983379364 -0.8339611291885376 0.785088837146759 0.4670708179473877 0.40679290890693665 -0.7112302184104919 -0.6008563041687012 0.7337523102760315 0.317142516374588 1.1852893829345703
1305031459.559647 -0.2215029001235962 -0.4903903305530548 0.8428842425346375 -0.8405653834342957 0.7793644070625305 0.43048954010009766 0.4552692770957947 -0.7350914478302002 -0.5861124992370605 0.7577574253082275 0.28683799505233765 1.2032958269119263
1305031459.591695 -0.26148009300231934 -0.4789124131202698 0.838016152381897 -0.8475152254104614 0.78244948387146 0.40319350361824036 0.4745604991912842 -0.743645191192627 -0.5651556253433228 0.7797935009002686 0.26929765939712524 1.2279813289642334
1305031459.627608 -0.2683079242706299 -0.47565823793411255 0.8377112150192261 -0.8466452360153198 0.7867233157157898 0.3936583697795868 0.4754992127418518 -0.7340409159660339 -0.5559471845626831 0.7866271734237671 0.26858973503112793 1.2424061298370361
1305031459.659641 -0.2760828733444214 -0.4668847918510437 0.8401171565055847 -0.8440368175506592 0.7820268273353577 0.39903634786605835 0.47875261306762695 -0.72882080078125 -0.5587595701217651 0.7891694903373718 0.25494933128356934 1.2585424184799194
1305031459.691604 -0.30218926072120667 -0.4637819826602936 0.8328192830085754 -0.8515096306800842 0.7714373469352722 0.394237756729126 0.49946069717407227 -0.7353788614273071 -0.5599696636199951 0.7933996319770813 0.23864427208900452 1.2733806371688843
1305031459.727551 -0.33125361800193787 -0.46653610467910767 0.8201311230659485 -0.8472821116447449 0.7584837079048157 0.3853440284729004 0.52555912733078 -0.7570534944534302 -0.5612249970436096 0.7961495518684387 0.2262134999036789 1.2870601415634155
1305031459.759635 -0.34156954288482666 -0.46944454312324524 0.8142188191413879 -0.8486567139625549 0.7453474998474121 0.39243242144584656 0.5389378070831299 -0.7851371765136719 -0.572527289390564 0.7909605503082275 0.2158563733100891 1.2923526763916016
1305031459.79165 -0.3462468385696411 -0.4665285348892212 0.8139192461967468 -0.8482533693313599 0.73673015832901 0.40191030502319336 0.5437802076339722 -0.8038480281829834 -0.5808114409446716 0.7879208922386169 0.2045454978942871 1.3094040155410767
1305031459.827664 -0.34587422013282776 -0.4677986204624176 0.8133484721183777 -0.8469241857528687 0.7344692349433899 0.40445244312286377 0.5449524521827698 -0.8180372714996338 -0.583888828754425 0.7858644127845764 0.20369404554367065 1.3221696615219116
1305031459.85966 -0.3481638431549072 -0.4739524722099304 0.8087961077690125 -0.8452285528182983 0.7289597988128662 0.40558573603630066 0.5514687895774841 -0.8364217877388 -0.5894061923027039 0.7815812230110168 0.20428204536437988 1.3399358987808228
1305031459.891596 -0.34428495168685913 -0.4885880649089813 0.8017166256904602 -0.8384526968002319 0.7332237958908081 0.3934105634689331 0.5546269416809082 -0.8525350689888 -0.5863879323005676 0.7787874341011047 0.22279904782772064 1.3453370332717896
1305031459.927607 -0.34612464904785156 -0.48984482884407043 0.8001562356948853 -0.8318102359771729 0.7345202565193176 0.3891126811504364 0.5559419393539429 -0.8664467930793762 -0.5836762189865112 0.7801560163497925 0.2251194268465042 1.3556030988693237
1305031459.95965 -0.34667253494262695 -0.48872262239456177 0.8006051182746887 -0.8277042508125305 0.7387343645095825 0.38370683789253235 0.554112434387207 -0.8740648627281189 -0.5780048966407776 0.7835299372673035 0.22801558673381805 1.3674912452697754
1305031459.991725 -0.35042446851730347 -0.49512097239494324 0.7950208187103271 -0.819023609161377 0.7408046722412109 0.372858464717865 0.5587352514266968 -0.8839640021324158 -0.5730717778205872 0.7847495079040527 0.23612914979457855 1.3738142251968384
1305031460.027565 -0.35770687460899353 -0.5003193616867065 0.7884964346885681 -0.8105930089950562 0.7422795295715332 0.360003799200058 0.5651711225509644 -0.9035527110099792 -0.5666278004646301 0.7874501943588257 0.24260097742080688 1.374538779258728
1305031460.059659 -0.36965620517730713 -0.4976893961429596 0.7846397161483765 -0.8030830025672913 0.7377181053161621 0.3562059700489044 0.5734885931015015 -0.9226259589195251 -0.5649126172065735 0.7908366322517395 0.23548071086406708 1.3853306770324707
1305031460.091717 -0.3741864264011383 -0.49224942922592163 0.7859230637550354 -0.7950232028961182 0.7433931827545166 0.3474271595478058 0.5715425610542297 -0.9376493692398071 -0.5543925166130066 0.7981133460998535 0.2359323799610138 1.399468183517456
1305031460.12769 -0.3687475025653839 -0.4855482876300812 0.7926337122917175 -0.787260115146637 0.760891318321228 0.3321300446987152 0.5574352145195007 -0.9475616216659546 -0.5339191555976868 0.8086609840393066 0.2469773143529892 1.4051811695098877
1305031460.159678 -0.3705757260322571 -0.47602206468582153 0.7975440621376038 -0.7814391255378723 0.7732179760932922 0.31763404607772827 0.5488556623458862 -0.9652931690216064 -0.5145946145057678 0.8200680613517761 0.2503613829612732 1.4158399105072021
1305031460.191559 -0.36529284715652466 -0.4826429486274719 0.796000599861145 -0.7711499929428101 0.7879803776741028 0.29495352506637573 0.540452778339386 -0.9655317068099976 -0.4956289529800415 0.8246564269065857 0.2725687623023987 1.411714792251587
1305031460.227761 -0.3654330372810364 -0.4825381934642792 0.7959997653961182 -0.7589688301086426 0.7941781282424927 0.28442248702049255 0.5370147824287415 -0.9646890759468079 -0.4855303466320038 0.8284085988998413 0.27928394079208374 1.407050609588623
1305031460.259667 -0.37802982330322266 -0.4727024435997009 0.7960187792778015 -0.7474566698074341 0.7864112257957458 0.2897492051124573 0.545529842376709 -0.9714484214782715 -0.4885191321372986 0.8322246670722961 0.26220470666885376 1.413266658782959
1305031460.291689 -0.39139795303344727 -0.4698141813278198 0.7912535071372986 -0.7397012710571289 0.777029275894165 0.2919102609157562 0.5576862096786499 -0.9815158843994141 -0.49298396706581116 0.8331044912338257 0.2508063316345215 1.412078619003296
1305031460.327512 -0.4068767726421356 -0.46154236793518066 0.788308322429657 -0.7319880723953247 0.7703564167022705 0.29040655493736267 0.5676398277282715 -0.9903372526168823 -0.49091973900794983 0.8382378220558167 0.23739248514175415 1.4119726419448853
1305031460.35963 -0.4244057238101959 -0.45434099435806274 0.783233106136322 -0.7228957414627075 0.7593610882759094 0.29256752133369446 0.5811840295791626 -0.9953279495239258 -0.4932042956352234 0.8414146304130554 0.22084155678749084 1.4193401336669922
1305031460.391611 -0.4459366500377655 -0.45222535729408264 0.7724200487136841 -0.7160041928291321 0.7463841438293457 0.2884247899055481 0.5997682213783264 -1.0036698579788208 -0.49401548504829407 0.8439806699752808 0.20891468226909637 1.4202479124069214
1305031460.427477 -0.469338059425354 -0.4437476694583893 0.7634198069572449 -0.7061128616333008 0.7355141639709473 0.28193598985671997 0.6160610318183899 -1.0118401050567627 -0.4886111617088318 0.8506468534469604 0.19405938684940338 1.4213165044784546
