1403636579.8635557 0.9999401569366455 0.004773586988449097 0.009838942438364029 7.850066322134808e-05 -0.004782928619533777 0.9999880790710449 0.0009261160739697516 0.006665925495326519 -0.009834404103457928 -0.0009731197496876121 0.999951183795929 0.0026390983257442713
1403636579.9135554 0.9999151825904846 0.005508774891495705 0.011799541302025318 2.236781074316241e-05 -0.00563966715708375 0.9999226331710815 0.011088669300079346 0.011004063300788403 -0.011737545020878315 -0.01115427352488041 0.9998689293861389 0.004052166361361742
1403636579.9635556 0.9998939037322998 0.007803412154316902 0.012297837063670158 -0.00017919013043865561 -0.008104002103209496 0.9996649026870728 0.024585198611021042 0.015052433125674725 -0.01210186816751957 -0.02468225359916687 0.999622106552124 0.00540284626185894
1403636580.0135555 0.9999281167984009 0.002716338261961937 0.01167346816509962 -0.0002935052616521716 -0.003096602391451597 0.9994611144065857 0.03268151730298996 0.020926985889673233 -0.011578401550650597 -0.0327153205871582 0.9993976354598999 0.007105845957994461
1403636580.0635555 0.9999255537986755 0.0010969755239784718 0.012153633870184422 -0.0002846933202818036 -0.0015756668290123343 0.9992203712463379 0.03944684937596321 0.026183471083641052 -0.012100889347493649 -0.03946304693818092 0.9991477131843567 0.0085690813139081
1403636580.1135554 0.9999318718910217 -0.004033680539578199 0.010959608480334282 -0.0003598296898417175 0.00355131714604795 0.9990391731262207 0.04368068277835846 0.03186934441328049 -0.011125273071229458 -0.04363877698779106 0.9989853501319885 0.01021431665867567
1403636580.1635556 0.9999322295188904 -0.005274735391139984 0.010369659401476383 -0.0005228164372965693 0.004773031920194626 0.99884432554245 0.047825027257204056 0.035867840051651 -0.010609934106469154 -0.047772303223609924 0.9988018870353699 0.011292430572211742
1403636580.2135556 0.9999375343322754 -0.005904355552047491 0.009483736008405685 -0.0006690471200272441 0.005408590193837881 0.9986595511436462 0.05147635191679001 0.04108266904950142 -0.009774955920875072 -0.05142185091972351 0.9986291527748108 0.012547359801828861
1403636580.2635555 0.9999447464942932 -0.005365123972296715 0.00904251541942358 -0.0008016052306629717 0.00484125642105937 0.9983628392219543 0.0569920688867569 0.044228967279195786 -0.009333483874797821 -0.05694513022899628 0.9983336329460144 0.013326389715075493
1403636580.3135555 0.9999585747718811 -0.0010595241328701377 0.009037327952682972 -0.0008888141019269824 0.0004770289524458349 0.9979360103607178 0.06421437114477158 0.04852292686700821 -0.009086711332201958 -0.06420738995075226 0.9978952407836914 0.014180289581418037
1403636580.3635557 0.9999731779098511 0.0004702078877016902 0.007316678296774626 -0.001088366494514048 -0.0010181897087022662 0.9971774816513062 0.07507281750440598 0.051891930401325226 -0.0072607253678143024 -0.07507822662591934 0.9971511960029602 0.014754937961697578
1403636580.4135554 0.999962329864502 0.00400571757927537 0.0076966602355241776 -0.0012184359366074204 -0.0046772886998951435 0.995992124080658 0.08931820094585419 0.05545485392212868 -0.007308026310056448 -0.08935081213712692 0.9959734082221985 0.01524561457335949
1403636580.4635556 0.9999685883522034 0.003480918938294053 0.00711958110332489 -0.0012908362550660968 -0.004245144780725241 0.9938883185386658 0.110310859978199 0.0510430634021759 -0.006692083086818457 -0.11033762246370316 0.9938716292381287 0.013731280341744423
1403636580.5135555 0.9999630451202393 0.004731545690447092 0.007186259608715773 -0.0015012196963652968 -0.005606527905911207 0.9918771982192993 0.12707695364952087 0.052421633154153824 -0.006526615470647812 -0.12711255252361298 0.9918668866157532 0.013812895864248276
1403636580.5635555 0.9999862909317017 0.0025775814428925514 0.004563796333968639 -0.0016198302619159222 -0.0031957419123500586 0.989991307258606 0.14109200239181519 0.05064935237169266 -0.0041544437408447266 -0.14110465347766876 0.9899859428405762 0.01317032054066658
1403636580.6135554 0.9999967217445374 0.002147725783288479 0.0014035534113645554 -0.001785005209967494 -0.0023304393980652094 0.9891720414161682 0.1467427760362625 0.04861937463283539 -0.00107319257222116 -0.14674556255340576 0.9891737103462219 0.01248938962817192
1403636580.6635556 0.9999994039535522 0.0008513969369232655 0.0007521267980337143 -0.0019067164976149797 -0.0009507474023848772 0.9895966053009033 0.14386817812919617 0.04644864797592163 -0.00062181381508708 -0.1438688039779663 0.9895964860916138 0.011808685027062893
1403636580.7135556 0.9999822378158569 0.004661844577640295 0.0037209137808531523 -0.0020861374214291573 -0.005125383380800486 0.9906608462333679 0.13625293970108032 0.0415620282292366 -0.003050972940400243 -0.13626956939697266 0.9906671047210693 0.0106681939214468
1403636580.7635555 0.9999076128005981 0.010164963081479073 0.009023739024996758 -0.0022036542650312185 -0.011218798346817493 0.9920084476470947 0.1256720870733261 0.03569398447871208 -0.007674172520637512 -0.1257617324590683 0.9920308589935303 0.009290714748203754
1403636580.8135555 0.9997190237045288 0.017636137083172798 0.015846246853470802 -0.002408539643511176 -0.019275622442364693 0.9937343001365662 0.11009300500154495 0.034677401185035706 -0.013805345632135868 -0.11036749929189682 0.9937949776649475 0.00952363945543766
1403636580.8635557 0.9993459582328796 0.02477276511490345 0.026343952864408493 -0.002471526386216283 -0.027178499847650528 0.9950802326202393 0.09527180343866348 0.027383677661418915 -0.023854199796915054 -0.0959254652261734 0.9951027035713196 0.0081565473228693
1403636580.9135554 0.9988435506820679 0.03094560280442238 0.03679829090833664 -0.0024934676475822926 -0.03381942957639694 0.9962027072906494 0.08022712916135788 0.01950443536043167 -0.03417588397860527 -0.08137883245944977 0.9960971474647522 0.0064986469224095345
1403636580.9635556 0.9985098242759705 0.03576686233282089 0.04122036322951317 -0.0028179162181913853 -0.03841598331928253 0.9971210360527039 0.06537652015686035 0.012409400194883347 -0.0387633852660656 -0.06686261296272278 0.9970089197158813 0.005029852502048016
1403636581.0135555 0.998363733291626 0.039163727313280106 0.0416661761701107 -0.003171534975990653 -0.04130135849118233 0.9978060126304626 0.051744088530540466 0.005440731532871723 -0.03954826667904854 -0.05338028818368912 0.9977908730506897 0.003371137659996748
1403636581.0635555 0.9984803199768066 0.038282498717308044 0.03964269533753395 -0.003497230587527156 -0.03983500227332115 0.9984393119812012 0.039142414927482605 -0.0013814112171530724 -0.03808235004544258 -0.04066208750009537 0.9984469413757324 0.0018521834863349795
1403636581.1135554 0.9985237717628479 0.03628984093666077 0.040416307747364044 -0.003724074922502041 -0.03735765069723129 0.9989641308784485 0.02598588913679123 -0.0074603664688766 -0.03943141549825668 -0.027457375079393387 0.9988449215888977 0.00040085145155899227
1403636581.1635556 0.9986718893051147 0.030746569857001305 0.04134243354201317 -0.003858635202050209 -0.031227588653564453 0.9994514584541321 0.011039897799491882 -0.01334585715085268 -0.04098030924797058 -0.012316260486841202 0.9990839958190918 -0.0010319161228835583
1403636581.2135556 0.998748242855072 0.027286285534501076 0.04191993921995163 -0.003864299738779664 -0.027093887329101562 0.999619722366333 -0.005150977522134781 -0.018196869641542435 -0.04204454645514488 0.004008752293884754 0.9991076588630676 -0.0021356185898184776
1403636581.2635555 0.9988548159599304 0.02268347516655922 0.04212635010480881 -0.003861270844936371 -0.02176433801651001 0.9995177984237671 -0.02215055376291275 -0.02276132069528103 -0.04260847717523575 0.02120833843946457 0.9988666772842407 -0.0034360825084149837
1403636581.3135555 0.9988526701927185 0.024410873651504517 0.04120004177093506 -0.003664161777123809 -0.02290024608373642 0.9990622997283936 -0.03674765303730965 -0.026135660707950592 -0.042058445513248444 0.0357620045542717 0.9984748363494873 -0.0046858820132911205
1403636581.3635557 0.9988250732421875 0.024290647357702255 0.04193572700023651 -0.0031793476082384586 -0.02223457768559456 0.9985601902008057 -0.04881785437464714 -0.024715736508369446 -0.04306117445230484 0.0478280745446682 0.9979269504547119 -0.004765703342854977
1403636581.4135554 0.9984957575798035 0.029895558953285217 0.045964352786540985 -0.0029328670352697372 -0.027515195310115814 0.9982900023460388 -0.05157532915472984 -0.024572541937232018 -0.04742763563990593 0.05023302137851715 0.9976107478141785 -0.00506100058555603
1403636581.4635556 0.9981861114501953 0.03543160483241081 0.04867362231016159 -0.0027370648458600044 -0.033130861818790436 0.9983316659927368 -0.047288794070482254 -0.022780241444706917 -0.05026794970035553 0.045590419322252274 0.9976946711540222 -0.004686390515416861
1403636581.5135555 0.9978611469268799 0.040557559579610825 0.05126584321260452 -0.0025315238162875175 -0.038697052747011185 0.998573899269104 -0.036777570843696594 -0.019549041986465454 -0.05268433317542076 0.03471507132053375 0.998007595539093 -0.004267274402081966
1403636581.5635555 0.9979004859924316 0.037904996424913406 0.05251458287239075 -0.0021196953020989895 -0.0366482138633728 0.9990230798721313 -0.024692200124263763 -0.015093840658664703 -0.053399235010147095 0.022715795785188675 0.9983147978782654 -0.0028840703889727592
1403636581.6135554 0.9980906844139099 0.03519988805055618 0.050754133611917496 -0.0017161557916551828 -0.03462465852499008 0.9993262887001038 -0.0121688861399889 -0.009601523168385029 -0.05114828422665596 0.010388299822807312 0.9986370801925659 -0.0013362969039008021
1403636581.6635556 0.9982742071151733 0.03072020597755909 0.050049811601638794 -0.001750579453073442 -0.030734701082110405 0.999527633190155 -0.000480135902762413 -0.006638732273131609 -0.05004090070724487 -0.0010589612647891045 0.9987465143203735 -0.0003050421364605427
1403636581.7135556 0.9982414245605469 0.03362629562616348 0.0488189235329628 -0.0012110613752156496 -0.033972565084695816 0.9994029998779297 0.006280477624386549 -0.0005124805611558259 -0.048578593879938126 -0.007927936501801014 0.9987878799438477 0.0016578243812546134
1403636581.7635555 0.9984880089759827 0.02994399331510067 0.04609738290309906 -0.0007686449680477381 -0.030392639338970184 0.9994969964027405 0.00906259287148714 0.005905435420572758 -0.045802824199199677 -0.010449911467730999 0.9988958239555359 0.0035291858948767185
1403636581.8135555 0.9987595677375793 0.029621543362736702 0.040021054446697235 -0.00040312742930836976 -0.030117711052298546 0.9994760155677795 0.011852055788040161 0.012347249314188957 -0.03964901342988014 -0.013042697682976723 0.9991285800933838 0.005047686863690615
1403636581.8635557 0.9988867044448853 0.028420427814126015 0.037652499973773956 -3.3051852369681e-05 -0.0290467981249094 0.9994468092918396 0.016194049268960953 0.01900566928088665 -0.03717143461108208 -0.017269697040319443 0.9991596937179565 0.0067257946357131
1403636581.9135554 0.9991434216499329 0.023469040170311928 0.03408364579081535 7.054817979224026e-05 -0.024340927600860596 0.9993810653686523 0.0253952294588089 0.025520095601677895 -0.03346655145287514 -0.026203105226159096 0.9990963935852051 0.008135740645229816
1403636581.9635556 0.9990387558937073 0.02102874033153057 0.038464345037937164 0.00013499014312401414 -0.0225109551101923 0.9990043640136719 0.03851649910211563 0.03183996304869652 -0.037616100162267685 -0.03934535011649132 0.9985173344612122 0.009660358540713787
1403636582.0135555 0.9989609122276306 0.01708883047103882 0.04224807769060135 0.0001969811273738742 -0.01936023123562336 0.9983559250831604 0.05395234376192093 0.0371503084897995 -0.04125663638114929 -0.05471421778202057 0.9976493716239929 0.010863259434700012
1403636582.0635555 0.9988133907318115 0.01687997207045555 0.04567951336503029 0.00020305364159867167 -0.02009381353855133 0.9972854852676392 0.07083749026060104 0.042386654764413834 -0.044359780848026276 -0.07167131453752518 0.9964414238929749 0.012074491940438747
1403636582.1135554 0.9987839460372925 0.019171690568327904 0.04542136564850807 -2.4100590962916613e-05 -0.023256627842783928 0.9955623745918274 0.09118467569351196 0.04103462025523186 -0.04347164183855057 -0.09213012456893921 0.9947975873947144 0.011524282395839691
1403636582.1635556 0.9989323616027832 0.018727712333202362 0.04222966358065605 -0.00031244708225131035 -0.02309931069612503 0.9941476583480835 0.10553104430437088 0.04411626607179642 -0.04000617191195488 -0.10639386624097824 0.9935188889503479 0.012048700824379921
1403636582.2135556 0.9990548491477966 0.01895735412836075 0.03911447152495384 -0.0006179670454002917 -0.023415863513946533 0.9928705096244812 0.11687584221363068 0.045725420117378235 -0.036619946360588074 -0.11768127977848053 0.9923759698867798 0.012219675816595554
1403636582.2635555 0.9991417527198792 0.018492598086595535 0.03706493228673935 -0.0008735005394555628 -0.022958317771553993 0.9920252561569214 0.12393087148666382 0.045618098229169846 -0.03447754681110382 -0.1246754452586174 0.9915984272956848 0.012135574594140053
1403636582.3135555 0.999234676361084 0.01921376772224903 0.034073472023010254 -0.0011991180945187807 -0.023375768214464188 0.991717517375946 0.12629306316375732 0.04370986297726631 -0.03136469051241875 -0.12699289619922638 0.9914076924324036 0.011701744049787521
1403636582.3635557 0.9993172883987427 0.018156422302126884 0.032177768647670746 -0.0016375987324863672 -0.021945321932435036 0.9923356771469116 0.12160800397396088 0.04015832394361496 -0.029723189771175385 -0.1222311407327652 0.9920564889907837 0.010825926437973976
1403636582.4135554 0.9993488192558289 0.018378539010882378 0.031050007790327072 -0.0018042250303551555 -0.02166987583041191 0.9937804937362671 0.10922813415527344 0.035990387201309204 -0.028849439695477486 -0.10982988029718399 0.9935316443443298 0.009700337424874306
1403636582.4635556 0.9993597865104675 0.017590472474694252 0.03115542232990265 -0.0022195400670170784 -0.020453836768865585 0.9953517317771912 0.09411003440618515 0.03046361543238163 -0.029355159029364586 -0.09468705207109451 0.9950742721557617 0.008273016661405563
1403636582.5135555 0.9992023706436157 0.02133967913687229 0.03375187888741493 -0.002545210300013423 -0.023915568366646767 0.9966779351234436 0.07785366475582123 0.029453879222273827 -0.031978387385606766 -0.07859877496957779 0.9963932633399963 0.008230972103774548
1403636582.5635555 0.9990567564964294 0.02209228277206421 0.0373835489153862 -0.002818089909851551 -0.024617446586489677 0.9973477721214294 0.06849364191293716 0.022936496883630753 -0.035771217197179794 -0.06934932619333267 0.9969508647918701 0.006582018919289112
1403636582.6135554 0.99870765209198 0.026972148567438126 0.043076012283563614 -0.0028465052600950003 -0.029631488025188446 0.997614860534668 0.06234034523367882 0.01731489971280098 -0.04129182919859886 -0.06353616714477539 0.9971248507499695 0.005246412009000778
1403636582.6635556 0.9984498620033264 0.027133818715810776 0.04859784618020058 -0.002942185616120696 -0.02993251197040081 0.9978782534599304 0.05781860277056694 0.010690691880881786 -0.04692589119076729 -0.05918363481760025 0.9971435070037842 0.0034807296469807625
1403636582.7135556 0.998358428478241 0.026172520592808723 0.05094461888074875 -0.0028627084102481604 -0.02890285849571228 0.998143196105957 0.05361684411764145 0.004387737717479467 -0.04944673553109169 -0.05500127375125885 0.9972611665725708 0.0018682308727875352
1403636582.7635555 0.9982249140739441 0.022697813808918 0.055060453712940216 -0.002635978627949953 -0.025324532762169838 0.9985508322715759 0.04748706892132759 -0.0022066538222134113 -0.05390279367566109 -0.048797160387039185 0.9973531365394592 0.00029333605198189616
1403636582.8135555 0.9979468584060669 0.017465097829699516 0.06162054091691971 -0.0024328487925231457 -0.019834188744425774 0.9990790486335754 0.03804662451148033 -0.00853701215237379 -0.06089930236339569 -0.03919069841504097 0.9973742365837097 -0.0011447090655565262
1403636582.8635557 0.9974088072776794 0.014045557007193565 0.07055716961622238 -0.002035832963883877 -0.015877721831202507 0.999549388885498 0.025473684072494507 -0.01518257986754179 -0.07016760110855103 -0.02652796544134617 0.9971824288368225 -0.0026096045039594173
1403636582.9135554 0.9969757795333862 0.00986858643591404 0.07708390057086945 -0.002061098348349333 -0.010661964304745197 0.9998942613601685 0.009887623600661755 -0.02126995660364628 -0.0769781842827797 -0.010679586790502071 0.9969756603240967 -0.004415690433233976
1403636582.9635556 0.9967337250709534 0.009741779416799545 0.08016809821128845 -0.0015911812661215663 -0.00924168061465025 0.9999354481697083 -0.006606847047805786 -0.02631666511297226 -0.08022730052471161 0.005844380706548691 0.9967595338821411 -0.0057262759655714035
1403636583.0135555 0.9964814782142639 0.008955284021794796 0.0833335891366005 -0.0010823006741702557 -0.007022991310805082 0.9997002482414246 -0.023451777175068855 -0.029762819409370422 -0.0835186317563057 0.022784007713198662 0.9962457418441772 -0.0065848506055772305
1403636583.0635555 0.9964333772659302 0.01233738288283348 0.08347675949335098 -0.0010819172021001577 -0.009502195753157139 0.9993672370910645 -0.034276269376277924 -0.032031528651714325 -0.08384682238101959 0.0333608016371727 0.9959201216697693 -0.007374548353254795
1403636583.1135554 0.9962806701660156 0.014389393851161003 0.0849590077996254 -0.0007672117790207267 -0.01111310999840498 0.9991809725761414 -0.0389108806848526 -0.03315556421875954 -0.08544933050870895 0.03782198950648308 0.9956244230270386 -0.00781331304460764
1403636583.1635556 0.9958592653274536 0.01897560805082321 0.08890552818775177 -0.0005006185965612531 -0.015548449009656906 0.999114990234375 -0.039083585143089294 -0.03261927515268326 -0.08956847339868546 0.03753940388560295 0.9952729940414429 -0.007640036754310131
1403636583.2135556 0.9957257509231567 0.022744296118617058 0.08951480686664581 -0.00017312774434685707 -0.01950020343065262 0.9991267919540405 -0.036950092762708664 -0.030495133250951767 -0.0902770459651947 0.03504660353064537 0.9952998757362366 -0.007027222774922848
1403636583.2635555 0.9958397746086121 0.023941071704030037 0.08792033791542053 2.949993358924985e-06 -0.021073345094919205 0.9992197155952454 -0.033402036875486374 -0.02715468779206276 -0.08865141868591309 0.03141029179096222 0.9955673813819885 -0.0060338606126606464
1403636583.3135555 0.9959630966186523 0.023866256698966026 0.08653293550014496 -0.00012157921446487308 -0.021368637681007385 0.9993311166763306 -0.029675636440515518 -0.02282273769378662 -0.08718328922986984 0.027706746011972427 0.9958069324493408 -0.0046637337654829025
1403636583.3635557 0.9961141347885132 0.024486137554049492 0.08459950983524323 0.00030204083304852247 -0.022426042705774307 0.9994304180145264 -0.025216389447450638 -0.017553474754095078 -0.0851687639951706 0.02322116680443287 0.9960958957672119 -0.0030747244600206614
1403636583.4135554 0.9965225458145142 0.022479312494397163 0.0802341029047966 0.0007440030458383262 -0.02084863930940628 0.9995598196983337 -0.02110420912504196 -0.011690751649439335 -0.0806732177734375 0.019358040764927864 0.9965526461601257 -0.0011253056582063437
1403636583.4635556 0.9967690110206604 0.02619140036404133 0.0759311392903328 0.0010928369592875242 -0.02510608360171318 0.9995690584182739 -0.015213040634989738 -0.005571078509092331 -0.0762968510389328 0.013257555663585663 0.9969969987869263 0.0006370629416778684
1403636583.5135555 0.9969868659973145 0.02729976177215576 0.07260740548372269 0.0016223405255004764 -0.026711514219641685 0.9996021389961243 -0.009060626849532127 0.0008947295718826354 -0.0728258565068245 0.007093874271959066 0.9973193407058716 0.002401959616690874
1403636583.5635555 0.9969230890274048 0.03065616451203823 0.07214269042015076 0.0019680787809193134 -0.030652012676000595 0.9995294213294983 -0.0011649352964013815 0.0076645114459097385 -0.07214445620775223 -0.001049967366270721 0.9973936676979065 0.0044078282080590725
1403636583.6135554 0.9964703917503357 0.03349589183926582 0.07697407156229019 0.002415684051811695 -0.034335918724536896 0.9993641376495361 0.009615288116037846 0.014446449466049671 -0.07660304754972458 -0.012224324978888035 0.9969867467880249 0.006499267183244228
1403636583.6635556 0.9970676898956299 0.02866722084581852 0.07095466554164886 0.0027031898498535156 -0.03056824393570423 0.9991983771324158 0.025852736085653305 0.02115544117987156 -0.07015667855739594 -0.027945883572101593 0.9971445202827454 0.008433456532657146
1403636583.7135556 0.9974904656410217 0.020416120067238808 0.0677950382232666 0.0027125063352286816 -0.023626254871487617 0.9986206293106079 0.04689143970608711 0.027611687779426575 -0.06674418598413467 -0.04837550222873688 0.9965967535972595 0.010056275874376297
1403636583.7635555 0.9978600740432739 0.012747809290885925 0.06412870436906815 0.002286822535097599 -0.017366236075758934 0.9972545504570007 0.07198444753885269 0.02974168211221695 -0.06303499639034271 -0.07294409722089767 0.995341956615448 0.01017683930695057
1403636583.8135555 0.9980056881904602 0.006284625269472599 0.06280919164419174 0.002462315373122692 -0.012074431404471397 0.9956644177436829 0.09223134815692902 0.035136960446834564 -0.0619572289288044 -0.09280581027269363 0.9937546253204346 0.011382991448044777
1403636583.8635557 0.9979978203773499 0.005024060606956482 0.06304873526096344 0.00251117255538702 -0.011764420196413994 0.9941897988319397 0.10699654370546341 0.04013261944055557 -0.06214485317468643 -0.10752405226230621 0.9922583103179932 0.012422537431120872
1403636583.9135554 0.9979537725448608 0.010190468281507492 0.06312184035778046 0.0034117354080080986 -0.017611803486943245 0.9928387403488159 0.11815673857927322 0.042659807950258255 -0.06146573647856712 -0.11902666091918945 0.9909866452217102 0.013114549219608307
1403636583.9635556 0.9979883432388306 0.01670435257256031 0.06115846708416939 0.003067911835387349 -0.024226034060120583 0.9919373989105225 0.1243920549750328 0.04537125676870346 -0.05858748406171799 -0.1256234496831894 0.9903466105461121 0.013537698425352573
1403636584.0135555 0.9982052445411682 0.020336246117949486 0.05632699280977249 0.002429368905723095 -0.027401132509112358 0.9914414882659912 0.12764306366443634 0.04672122374176979 -0.05324913561344147 -0.12895739078521729 0.9902194142341614 0.013423863798379898
1403636584.0635555 0.9985376000404358 0.022443320602178574 0.04918484389781952 0.0020940168760716915 -0.02856501191854477 0.9914236068725586 0.12752693891525269 0.04774152487516403 -0.04590088874101639 -0.12874536216259003 0.9906148910522461 0.013212865218520164
1403636584.1135554 0.998842716217041 0.02186872810125351 0.04283827915787697 0.0018226084066554904 -0.027168748900294304 0.9914878010749817 0.12733295559883118 0.04728212580084801 -0.03968902304768562 -0.1283494234085083 0.9909344911575317 0.013021057471632957
1403636584.1635556 0.9989742636680603 0.02317485213279724 0.03890329599380493 0.001541907200589776 -0.027975354343652725 0.9914082884788513 0.1277761161327362 0.04527454078197479 -0.03560786694288254 -0.12873335182666779 0.9910398125648499 0.012400602921843529
1403636584.2135556 0.9989890456199646 0.024785729125142097 0.037503376603126526 0.0012785970466211438 -0.02939935214817524 0.9913451671600342 0.12794621288776398 0.0418885312974453 -0.03400754928588867 -0.12891940772533417 0.9910718202590942 0.011598791927099228
1403636584.2635555 0.9989892840385437 0.025305574759840965 0.037147827446460724 0.0014249859377741814 -0.029765170067548752 0.991725742816925 0.12487676739692688 0.0383467972278595 -0.03368038311600685 -0.12585626542568207 0.9914765954017639 0.01089562475681305
1403636584.3135555 0.9989835619926453 0.02573942393064499 0.03700645640492439 0.0015061323065310717 -0.03002690151333809 0.9922701120376587 0.12040908634662628 0.033830393105745316 -0.03362113982439041 -0.12139787524938583 0.992034375667572 0.00996796041727066
1403636584.3635557 0.9987650513648987 0.029424497857689857 0.04003234580159187 0.0012762956321239471 -0.033941540867090225 0.9925178289413452 0.11728733032941818 0.027844881638884544 -0.03628169745206833 -0.11850123107433319 0.9922907948493958 0.008772308006882668
1403636584.4135554 0.9981943964958191 0.035909947007894516 0.04814844951033592 0.000709294923581183 -0.04114047437906265 0.9928044676780701 0.11245717108249664 0.02315160632133484 -0.043763667345047 -0.11423497647047043 0.9924892783164978 0.00785757414996624
1403636584.4635556 0.9976524114608765 0.04086856171488762 0.054948098957538605 0.0007675066590309143 -0.04653965309262276 0.9932506680488586 0.10623975098133087 0.016163866966962814 -0.05023536831140518 -0.10854761302471161 0.9928210377693176 0.006637737154960632
1403636584.5135555 0.9973363876342773 0.043189577758312225 0.058776117861270905 0.000582321488764137 -0.04871124029159546 0.9941879510879517 0.09600748121738434 0.009283458814024925 -0.05428798496723175 -0.09861481934785843 0.9936437010765076 0.005290860775858164
1403636584.5635555 0.9972632527351379 0.041058365255594254 0.061483826488256454 0.0008171615190804005 -0.04600293189287186 0.9956280589103699 0.08129256963729858 0.004953633528202772 -0.057877279818058014 -0.08389851450920105 0.9947919845581055 0.004596619866788387
1403636584.6135554 0.9969979524612427 0.03978905826807022 0.06642266362905502 0.0007314858958125114 -0.0440857894718647 0.9969416260719299 0.06452725827693939 -0.0023389647249132395 -0.06365203857421875 -0.06726182997226715 0.9957028031349182 0.003151780692860484
1403636584.6635556 0.9965335726737976 0.03854842856526375 0.07372114062309265 0.0006773296045139432 -0.0418684184551239 0.998152494430542 0.044031742960214615 -0.008879846893250942 -0.07188758254051208 -0.04696569964289665 0.9963064789772034 0.0022553219459950924
1403636584.7135556 0.9960935711860657 0.038540881127119064 0.07944874465465546 0.0005949826445430517 -0.04037892073392868 0.9989495873451233 0.021658970043063164 -0.014949335716664791 -0.07853052765130997 -0.024782411754131317 0.9966035485267639 0.0007645253790542483
1403636584.7635555 0.9955108165740967 0.03806821256875992 0.08665426820516586 0.0004885394591838121 -0.03837862238287926 0.9992613792419434 0.0019184015691280365 -0.021149784326553345 -0.08651723712682724 -0.005235461518168449 0.9962365031242371 -0.0007646992453373969
1403636584.8135555 0.9951927661895752 0.03842778503894806 0.09008103609085083 0.00024219816259574145 -0.03734603151679039 0.9992089867591858 -0.01366423349827528 -0.02689306065440178 -0.09053487330675125 0.010234376415610313 0.9958407282829285 -0.00237447302788496
1403636584.8635557 0.9952000379562378 0.03439941257238388 0.09161695837974548 1.6579520888626575e-05 -0.032062798738479614 0.9991250038146973 -0.026855425909161568 -0.03143659606575966 -0.09246060252189636 0.023789022117853165 0.9954320788383484 -0.0037703244015574455
1403636584.9135554 0.9953622221946716 0.03205273300409317 0.0907009020447731 -0.00028838097932748497 -0.02887553907930851 0.9989299178123474 -0.03612766042351723 -0.034806519746780396 -0.09176184237003326 0.03334107622504234 0.9952225685119629 -0.005089677404612303
1403636584.9635556 0.9953539371490479 0.025780756026506424 0.09276827424764633 -0.0005214506527408957 -0.02211451530456543 0.9989415407180786 -0.040333811193704605 -0.03709978610277176 -0.09370991587638855 0.0380948930978775 0.9948704242706299 -0.006042011082172394
1403636585.0135555 0.9950690269470215 0.023624630644917488 0.09633080661296844 -0.0006100364262238145 -0.019864119589328766 0.9990098476409912 -0.03981143236160278 -0.03768836334347725 -0.09717592597007751 0.03770160302519798 0.9945527911186218 -0.006014329846948385
1403636585.0635555 0.9947991967201233 0.020309092476963997 0.09981019794940948 -0.0007045977399684489 -0.016491571441292763 0.9991060495376587 -0.03892518952488899 -0.03270445391535759 -0.10051152110099792 0.03707672655582428 0.9942448139190674 -0.0054093701764941216
1403636585.1135554 0.9948011636734009 0.018810465931892395 0.10008435696363449 -0.0004477857437450439 -0.015415718778967857 0.9992828965187073 -0.03458484262228012 -0.030686546117067337 -0.10066316276788712 0.032862160354852676 0.9943776726722717 -0.004627095069736242
1403636585.1635556 0.9943265914916992 0.017642784863710403 0.10489693284034729 -0.00038392754504457116 -0.014894776977598667 0.9995265007019043 -0.02692318893969059 -0.03182234615087509 -0.10532226413488388 0.02520802803337574 0.9941185712814331 -0.0036704433150589466
1403636585.2135556 0.9936957955360413 0.018283529207110405 0.11060928553342819 -6.132970156613737e-05 -0.016087282449007034 0.9996560215950012 -0.02071591094136238 -0.02810600958764553 -0.11094999313354492 0.018805911764502525 0.993648111820221 -0.0024987345095723867
1403636585.2635555 0.9928593635559082 0.024513620883226395 0.11674527823925018 0.0004411435511428863 -0.02293703332543373 0.9996269941329956 -0.014829121530056 -0.02346010133624077 -0.11706522852182388 0.012045441195368767 0.9930511713027954 -0.0007721571018919349
1403636585.3135555 0.9921256303787231 0.029655439779162407 0.12168459594249725 0.0009555753204040229 -0.028735505416989326 0.9995437860488892 -0.00930829718708992 -0.018899954855442047 -0.121905118227005 0.005738336592912674 0.9925251007080078 0.0007060481002554297
1403636585.3635557 0.9915359616279602 0.03824164718389511 0.12407281249761581 0.0015754930209368467 -0.037876807153224945 0.9992682933807373 -0.0052989753894507885 -0.012103358283638954 -0.12418468296527863 0.0005546435713768005 0.9922589659690857 0.002483225893229246
1403636585.4135554 0.9912802577018738 0.041967786848545074 0.12490884959697723 0.0020742518827319145 -0.042461808770895004 0.9990972876548767 0.0012941486202180386 -0.0069072674959897995 -0.12474178522825241 -0.006586720235645771 0.9921672940254211 0.0042035807855427265
1403636585.4635556 0.9919470548629761 0.044960007071495056 0.11840535700321198 0.0026346391532570124 -0.04649065434932709 0.9988666772842407 0.010195553302764893 -0.0016641743713989854 -0.11781278252601624 -0.01561819203197956 0.992913007736206 0.005536634009331465
1403636585.5135555 0.9924154281616211 0.04773391783237457 0.11328259110450745 0.0031233588233590126 -0.05054522678256035 0.9984779357910156 0.022074084728956223 0.0015212127473205328 -0.11205648630857468 -0.027632560580968857 0.9933174848556519 0.006735628936439753
1403636585.5635555 0.9935673475265503 0.04902965575456619 0.10207807272672653 0.0032337764278054237 -0.05267949402332306 0.9980538487434387 0.033370476216077805 0.006374771241098642 -0.10024325549602509 -0.03853323310613632 0.9942164421081543 0.007367617450654507
1403636585.6135554 0.9949058294296265 0.047652795910835266 0.0888342559337616 0.003465034067630768 -0.05190690606832504 0.9975823163986206 0.04620842635631561 0.010561157949268818 -0.08641751855611801 -0.05058414116501808 0.99497389793396 0.007375754415988922
1403636585.6635556 0.9961901307106018 0.04281599447131157 0.07597403973340988 0.0036656453739851713 -0.04741580784320831 0.9970828890800476 0.05981067568063736 0.01416714210063219 -0.0731915831565857 -0.06318517029285431 0.995314359664917 0.007345631718635559
1403636585.7135556 0.9972715973854065 0.03727813810110092 0.06371646374464035 0.003580030519515276 -0.04200657829642296 0.996331512928009 0.07455813884735107 0.01711110584437847 -0.0607033334672451 -0.0770312175154686 0.9951790571212769 0.006788836792111397
1403636585.7635555 0.997969925403595 0.030910592526197433 0.05568425729870796 0.003584800288081169 -0.03588007017970085 0.9952428936958313 0.09057639539241791 0.01916261576116085 -0.052619609981775284 -0.09239048510789871 0.9943314790725708 0.006206176243722439
1403636585.8135555 0.9986709952354431 0.022483522072434425 0.046375371515750885 0.0034940317273139954 -0.027345970273017883 0.9938792586326599 0.10703357309103012 0.020514264702796936 -0.04368503391742706 -0.10815951973199844 0.9931732416152954 0.005210789851844311
1403636585.8635557 0.9991069436073303 0.015502250753343105 0.03930466249585152 0.0033163062762469053 -0.020321454852819443 0.9919053912162781 0.12534242868423462 0.021456023678183556 -0.03704341500997543 -0.12602922320365906 0.9913346767425537 0.00410501379519701
1403636585.9135554 0.9993913173675537 0.009227825328707695 0.03364119306206703 0.003264609957113862 -0.01399379875510931 0.9894326329231262 0.14431630074977875 0.021842284128069878 -0.03195396065711975 -0.14469923079013824 0.988959550857544 0.003132903017103672
1403636585.9635556 0.9994016885757446 0.0037614405155181885 0.0343799889087677 0.003081100294366479 -0.009404018521308899 0.9861693978309631 0.16547350585460663 0.02206053026020527 -0.0332820788025856 -0.16569784283638 0.9856147766113281 0.0023041346576064825
1403636586.0135555 0.9991701245307922 -0.0010939252097159624 0.04071946442127228 0.0029671003576368093 -0.006654713302850723 0.9818254709243774 0.18966931104660034 0.021276621147990227 -0.04018689692020416 -0.18978285789489746 0.9810032844543457 0.001837907824665308
1403636586.0635555 0.9985281229019165 -0.003416573628783226 0.05412738025188446 0.0030259534250944853 -0.008256728760898113 0.976804256439209 0.21397489309310913 0.02127970941364765 -0.0536029152572155 -0.21410685777664185 0.9753383994102478 0.001313098706305027
1403636586.1135554 0.9977452158927917 -0.009234333410859108 0.06647741049528122 0.00285156536847353 -0.006692151073366404 0.9718652963638306 0.23544226586818695 0.021072346717119217 -0.06678123772144318 -0.23535621166229248 0.9696121215820312 0.0008505820296704769
1403636586.1635556 0.9968966245651245 -0.015444292686879635 0.07719157636165619 0.0023557075764983892 -0.004673641175031662 0.9672248959541321 0.25387799739837646 0.020801831036806107 -0.07858258485794067 -0.2534509003162384 0.96415114402771 0.000212046317756176
1403636586.2135556 0.996494472026825 -0.02121560275554657 0.08092266321182251 0.0018786657601594925 -0.0015332590555772185 0.9625148773193359 0.27122461795806885 0.02044648304581642 -0.08364344388246536 -0.27039793133735657 0.9591082334518433 -0.000554999802261591
1403636586.2635555 0.9963082671165466 -0.02522457018494606 0.08205705881118774 0.0014376568142324686 0.00038367407978512347 0.9571556448936462 0.2895738482475281 0.02033289521932602 -0.08584572374820709 -0.2884734272956848 0.9536317586898804 -0.0014335778541862965
1403636586.3135555 0.9961166977882385 -0.032022539526224136 0.0820118859410286 0.0012485384941101074 0.00513120274990797 0.9510411024093628 0.30902189016342163 0.020152442157268524 -0.0878923311829567 -0.3074011206626892 0.9475122690200806 -0.002454113680869341
1403636586.3635557 0.9958595037460327 -0.037243179976940155 0.08292505890130997 0.0010358488652855158 0.007916179485619068 0.9442863464355469 0.3290298283100128 0.02015604078769684 -0.09055911004543304 -0.3270110785961151 0.9406713843345642 -0.0035150691401213408
1403636586.4135554 0.9955947399139404 -0.04417284205555916 0.08270353823900223 0.0009072375250980258 0.012524348683655262 0.9368173480033875 0.3495945632457733 0.01949780434370041 -0.0929206982254982 -0.3470187187194824 0.9332436919212341 -0.004074514843523502
1403636586.4635556 0.9956297874450684 -0.04530017450451851 0.08166606724262238 0.001096713705919683 0.012168913148343563 0.9299494624137878 0.36748602986335754 0.01979687437415123 -0.09259248524904251 -0.3648862838745117 0.9264366030693054 -0.005282603204250336
1403636586.5135555 0.995681643486023 -0.04469306394457817 0.08136695623397827 0.0013248869217932224 0.010089888237416744 0.9233907461166382 0.38372865319252014 0.019850781187415123 -0.09228351712226868 -0.38125067949295044 0.9198541641235352 -0.006453048903495073
1403636586.5635555 0.9959664344787598 -0.04317745193839073 0.07865431159734726 0.0016614245250821114 0.008503186516463757 0.9180779457092285 0.3963085114955902 0.019721506163477898 -0.08932238072156906 -0.3940412998199463 0.9147420525550842 -0.007149773184210062
1403636586.6135554 0.9962392449378967 -0.04211043193936348 0.0757240355014801 0.002281096763908863 0.008091779425740242 0.9153517484664917 0.40257367491722107 0.01957402564585209 -0.08626668900251389 -0.4004470109939575 0.9122501611709595 -0.007863997481763363
1403636586.6635556 0.9961956739425659 -0.04354878142476082 0.07548337429761887 0.0031251097097992897 0.009362060576677322 0.9146512150764465 0.40413540601730347 0.019065439701080322 -0.08664058893918991 -0.4018913209438324 0.9115793108940125 -0.008261996321380138
1403636586.7135556 0.9963351488113403 -0.043472714722156525 0.07366454601287842 0.003987808711826801 0.010437031276524067 0.9165676236152649 0.39974331855773926 0.01862715743482113 -0.08489646762609482 -0.39750951528549194 0.9136624336242676 -0.008471404202282429
1403636586.7635555 0.9967033863067627 -0.04396534711122513 0.06818678975105286 0.004932764917612076 0.013713153079152107 0.9196425676345825 0.3925168216228485 0.018278442323207855 -0.07996460795402527 -0.3902878165245056 0.9172138571739197 -0.008412721566855907
1403636586.8135555 0.9969689249992371 -0.0429164282977581 0.06489261984825134 0.0057902042753994465 0.014640498906373978 0.9226818680763245 0.3852841258049011 0.017842674627900124 -0.07641025632619858 -0.38316622376441956 0.9205136895179749 -0.008148923516273499
1403636586.8635557 0.9971684813499451 -0.040963590145111084 0.06306398659944534 0.0064989179372787476 0.014108896255493164 0.9256325364112854 0.3781603276729584 0.017733529210090637 -0.0738648846745491 -0.3761998116970062 0.9235896468162537 -0.007823930121958256
1403636586.9135554 0.9974584579467773 -0.036091744899749756 0.06143343821167946 0.006353784818202257 0.010623504407703876 0.9279097318649292 0.3726534843444824 0.017779318615794182 -0.07045438885688782 -0.3710537254810333 0.9259348511695862 -0.0073476796969771385
1403636586.9635556 0.9977994561195374 -0.03270338103175163 0.05767764151096344 0.006542042829096317 0.009181899018585682 0.9296687841415405 0.3682817816734314 0.017729636281728745 -0.06566517800092697 -0.3669416904449463 0.9279234409332275 -0.006926255766302347
1403636587.0135555 0.9981787800788879 -0.026339048519730568 0.05427038297057152 0.006675842683762312 0.004648502916097641 0.930553138256073 0.36612704396247864 0.01760054938495159 -0.06014491990208626 -0.3652079701423645 0.9289810657501221 -0.00646884273737669
1403636587.0635555 0.9983792304992676 -0.023180121555924416 0.051976293325424194 0.006853493396192789 0.0024737475905567408 0.9301044940948486 0.3672865629196167 0.017436865717172623 -0.05685713142156601 -0.36656272411346436 0.9286544322967529 -0.0060045295394957066
1403636587.1135554 0.9985528588294983 -0.019138382747769356 0.05025889351963997 0.007140465546399355 -0.0008911504410207272 0.928519606590271 0.37128210067749023 0.017291881144046783 -0.05377211794257164 -0.37078961730003357 0.9271590113639832 -0.005581913515925407
1403636587.1635556 0.9986284375190735 -0.015885522589087486 0.049887530505657196 0.007680943235754967 -0.004039890132844448 0.9266372323036194 0.37593498826026917 0.017119815573096275 -0.05219956487417221 -0.37562090158462524 0.9253022074699402 -0.005049997940659523
1403636587.2135556 0.9987014532089233 -0.015705306082963943 0.0484626330435276 0.007863271981477737 -0.0038393158465623856 0.925385057926178 0.3790092170238495 0.01628163829445839 -0.050799041986465454 -0.37870320677757263 0.9241231679916382 -0.004604034125804901
1403636587.2635555 0.998624861240387 -0.01752244494855404 0.049410026520490646 0.008883980102837086 -0.0026149931363761425 0.9246663451194763 0.38076919317245483 0.01618121564388275 -0.052359797060489655 -0.3803747594356537 0.9233490824699402 -0.004032646305859089
1403636587.3135555 0.9985749125480652 -0.019416090101003647 0.04971112310886383 0.010430089198052883 -0.0010527909034863114 0.9241241812705994 0.3820909857749939 0.01600692793726921 -0.05335795506834984 -0.3815988004207611 0.9227868318557739 -0.0034139573108404875
