1305031453.359684 1.0 0.0 0.0 0.0 0.0 1.0 0.0 0.0 0.0 0.0 1.0 0.0
1305031453.39169 0.9996322393417358 -0.024156425148248672 0.012324986979365349 0.002196868183091283 0.024140609428286552 0.9997075200080872 0.0014303566422313452 0.0043841879814863205 -0.012355934828519821 -0.0011322979116812348 0.999923050403595 -0.009453664533793926
1305031453.423683 0.9989029169082642 -0.04264495149254799 0.01934831775724888 0.007660056930035353 0.042660992592573166 0.9990895390510559 -0.00041684461757540703 0.006627972237765789 -0.01931292563676834 0.0012418057303875685 0.9998127222061157 -0.017826130613684654
1305031453.459685 0.9976610541343689 -0.05948099493980408 0.03367943316698074 0.010206440463662148 0.0597522035241127 0.9981878995895386 -0.007103071082383394 0.010529335588216782 -0.03319591283798218 0.009098878130316734 0.9994074702262878 -0.027227506041526794
1305031453.491698 0.9957643151283264 -0.08018290996551514 0.04499010741710663 0.015471781603991985 0.08093837648630142 0.9966027140617371 -0.015226185321807861 0.01586332358419895 -0.04361638426780701 0.018803121522068977 0.9988713264465332 -0.038054950535297394
1305031453.523684 0.9936232566833496 -0.09803497046232224 0.055696453899145126 0.015894100069999695 0.09971002489328384 0.9946187138557434 -0.028130557388067245 0.021467991173267365 -0.05263896286487579 0.033504668623209 0.9980514049530029 -0.05066031590104103
1305031453.559753 0.9918414950370789 -0.11053082346916199 0.06350935995578766 0.015073120594024658 0.11331209540367126 0.9926716685295105 -0.04199064522981644 0.02760515734553337 -0.058402687311172485 0.048844438046216965 0.9970974922180176 -0.06569540500640869
1305031453.59164 0.9903365969657898 -0.11800231039524078 0.07286306470632553 0.0114982221275568 0.1222291886806488 0.990889310836792 -0.0565556138753891 0.0345115065574646 -0.06552554666996002 0.06491509079933167 0.9957371950149536 -0.0803353413939476
1305031453.627706 0.9890082478523254 -0.12480911612510681 0.0792800635099411 0.003588670864701271 0.13025358319282532 0.9891690015792847 -0.06766589730978012 0.03833068907260895 -0.06997606158256531 0.07724864035844803 0.9945531487464905 -0.09783303737640381
1305031453.6596 0.9895715713500977 -0.12105093896389008 0.07806921005249023 -0.008116919547319412 0.12752728164196014 0.9882611632347107 -0.08412308245897293 0.046317704021930695 -0.06696958839893341 0.09320175647735596 0.9933924674987793 -0.112502820789814
1305031453.691678 0.9913263320922852 -0.11139624565839767 0.06973488628864288 -0.015500888228416443 0.1180022805929184 0.9880520701408386 -0.09913961589336395 0.055206552147865295 -0.05785790830850601 0.10650858283042908 0.9926270246505737 -0.12692175805568695
1305031453.727652 0.9928381443023682 -0.10099323093891144 0.06381988525390625 -0.028541384264826775 0.10754881054162979 0.9881646633148193 -0.10937955975532532 0.06491120159626007 -0.052017971873283386 0.11545991897583008 0.991949200630188 -0.14245973527431488
1305031453.759694 0.9947688579559326 -0.08572941273450851 0.05554592236876488 -0.050856053829193115 0.09192810952663422 0.9884074330329895 -0.12083044648170471 0.07356397807598114 -0.044543277472257614 0.12530460953712463 0.9911178946495056 -0.15276120603084564
1305031453.791716 0.9969586133956909 -0.07121334969997406 0.03165934234857559 -0.05134224519133568 0.07481958717107773 0.9882754683494568 -0.13309240341186523 0.08544965833425522 -0.021810200065374374 0.13505636155605316 0.9905978441238403 -0.16617755591869354
1305031453.827773 0.9980321526527405 -0.060480181127786636 0.016552258282899857 -0.060126978904008865 0.06218796968460083 0.9885113835334778 -0.1377599835395813 0.0911320149898529 -0.008030347526073456 0.13851822912693024 0.9903273582458496 -0.1790349781513214
1305031453.859705 0.9990156292915344 -0.044227562844753265 0.003424510359764099 -0.09048531204462051 0.04426193982362747 0.9887050986289978 -0.1431886851787567 0.10024970769882202 0.0029470552690327168 0.14319927990436554 0.9896895885467529 -0.19017571210861206
1305031453.89171 0.9991599321365356 -0.03167179599404335 -0.02600739151239395 -0.10472416132688522 0.027607040479779243 0.989189624786377 -0.1440197080373764 0.10873478651046753 0.03028760850429535 0.1431807428598404 0.9892330169677734 -0.1996137797832489
1305031453.927723 0.9975200295448303 -0.025295646861195564 -0.06568025797605515 -0.1154167652130127 0.015736691653728485 0.9897169470787048 -0.1421714425086975 0.11780897527933121 0.06860119849443436 0.1407853066921234 0.9876605868339539 -0.20193399488925934
1305031453.959641 0.9947843551635742 -0.011871951632201672 -0.1013072207570076 -0.12180107086896896 -0.0020959689281880856 0.9906145334243774 -0.13666905462741852 0.1227356344461441 0.10197894275188446 0.13616856932640076 0.9854230284690857 -0.2130773961544037
1305031453.991624 0.9921488165855408 0.01013482827693224 -0.12465193122625351 -0.13376380503177643 -0.026554079726338387 0.9910564422607422 -0.13077542185783386 0.12337060272693634 0.12221169471740723 0.13305868208408356 0.9835444688796997 -0.21797862648963928
1305031454.027662 0.9883401393890381 0.02874048613011837 -0.14952494204044342 -0.14625169336795807 -0.048587508499622345 0.9902139902114868 -0.13082604110240936 0.12207686901092529 0.14430169761180878 0.1365656703710556 0.9800646901130676 -0.22143104672431946
1305031454.059654 0.9837964177131653 0.0496646948158741 -0.17227301001548767 -0.158346027135849 -0.07315969467163086 0.9884343147277832 -0.1328355073928833 0.13047388195991516 0.16368329524993896 0.1432865560054779 0.9760515689849854 -0.22642219066619873
1305031454.091651 0.9775598645210266 0.07695402204990387 -0.1960989236831665 -0.17096854746341705 -0.10310091078281403 0.9865537881851196 -0.12681365013122559 0.12899452447891235 0.18370331823825836 0.14418591558933258 0.9723494648933411 -0.23173308372497559
1305031454.127701 0.9686768054962158 0.10277363657951355 -0.2260594516992569 -0.18128502368927002 -0.1339367777109146 0.9828037023544312 -0.12711313366889954 0.12883296608924866 0.20910820364952087 0.1534092277288437 0.9657843708992004 -0.23510265350341797
1305031454.159672 0.9599995017051697 0.12448593974113464 -0.25080710649490356 -0.20137634873390198 -0.15974308550357819 0.9791557788848877 -0.12544354796409607 0.13724610209465027 0.22996331751346588 0.160490483045578 0.9598748087882996 -0.2375558614730835
1305031454.191658 0.9480085372924805 0.15020819008350372 -0.28056600689888 -0.21809647977352142 -0.1889224797487259 0.9750785231590271 -0.11631958186626434 0.14196369051933289 0.25610172748565674 0.16327720880508423 0.9527603983879089 -0.23435094952583313
1305031454.227671 0.9322007298469543 0.1807222068309784 -0.3135938346385956 -0.2321353703737259 -0.22298046946525574 0.9692293405532837 -0.10427911579608917 0.13219428062438965 0.2850987911224365 0.1671343743801117 0.9438138604164124 -0.23939305543899536
1305031454.259627 0.9139100909233093 0.20969876646995544 -0.34755536913871765 -0.22835053503513336 -0.2608271837234497 0.9594404101371765 -0.10697326809167862 0.13841566443443298 0.31102651357650757 0.18841584026813507 0.9315374493598938 -0.245907723903656
1305031454.291639 0.902724027633667 0.23107899725437164 -0.36289361119270325 -0.23610973358154297 -0.28435686230659485 0.9534655809402466 -0.1002219170331955 0.1458025723695755 0.32284748554229736 0.1936640441417694 0.9264252781867981 -0.2453872561454773
1305031454.327699 0.8889966011047363 0.26118186116218567 -0.37612369656562805 -0.2561834454536438 -0.314455509185791 0.9452932476997375 -0.08682359755039215 0.13733024895191193 0.3328705132007599 0.19546005129814148 0.9224926829338074 -0.2521686255931854
1305031454.359636 0.8710142374038696 0.2839927673339844 -0.4008519649505615 -0.26209765672683716 -0.346097469329834 0.9338287115097046 -0.09044544398784637 0.14281830191612244 0.3486412763595581 0.21751311421394348 0.9116673469543457 -0.25127458572387695
1305031454.391677 0.8572171330451965 0.3033086359500885 -0.41615206003189087 -0.2697882354259491 -0.36955294013023376 0.9251320958137512 -0.08695520460605621 0.1502879410982132 0.35862135887145996 0.22832968831062317 0.905127763748169 -0.25458142161369324
1305031454.427465 0.8366591334342957 0.3308992087841034 -0.43647122383117676 -0.2857120931148529 -0.40158939361572266 0.9124910235404968 -0.07801389694213867 0.154377743601799 0.37246137857437134 0.24055321514606476 0.8963294625282288 -0.2565344572067261
1305031454.459913 0.8143104314804077 0.3524005115032196 -0.46120738983154297 -0.2820113003253937 -0.4303327798843384 0.8997703790664673 -0.07229934632778168 0.158980593085289 0.3895023465156555 0.2573468089103699 0.884341835975647 -0.25336793065071106
1305031454.491617 0.7951757907867432 0.3803502321243286 -0.47225961089134216 -0.2862863540649414 -0.4618668556213379 0.884543776512146 -0.0652795284986496 0.16405878961086273 0.39290523529052734 0.27002978324890137 0.87903892993927 -0.25579214096069336
1305031454.5277 0.7757368683815002 0.40586143732070923 -0.4832274615764618 -0.2914997339248657 -0.48960602283477783 0.8702014684677124 -0.05509668588638306 0.17316286265850067 0.39814358949661255 0.27933159470558167 0.873759388923645 -0.25531458854675293
1305031454.559575 0.7583634853363037 0.426332026720047 -0.49307799339294434 -0.29547321796417236 -0.5108290314674377 0.8585913181304932 -0.04329749569296837 0.1837218552827835 0.4048934280872345 0.2847137451171875 0.8689070343971252 -0.25951990485191345
1305031454.591635 0.7317817211151123 0.45524880290031433 -0.5071921944618225 -0.3080645799636841 -0.5409509539604187 0.8406544327735901 -0.02592919021844864 0.19295647740364075 0.4145691394805908 0.29334062337875366 0.8614427447319031 -0.25773885846138
1305031454.62758 0.7061343193054199 0.47245728969573975 -0.5274073481559753 -0.3083131015300751 -0.5613185167312622 0.8275367617607117 -0.010220770724117756 0.20202220976352692 0.4316200315952301 0.3032606840133667 0.8495510816574097 -0.2629804015159607
1305031454.659528 0.6855350136756897 0.48237764835357666 -0.5453013777732849 -0.3059813380241394 -0.5708743333816528 0.8209927082061768 0.008571721613407135 0.21297051012516022 0.4518232047557831 0.3054223656654358 0.8381962776184082 -0.2665710151195526
1305031454.691884 0.6601583957672119 0.49479731917381287 -0.5651252269744873 -0.3062081038951874 -0.5788595080375671 0.8145868182182312 0.03701212629675865 0.2155529260635376 0.4786571264266968 0.3026942312717438 0.8241745233535767 -0.2678341865539551
1305031454.727659 0.6370487809181213 0.49956199526786804 -0.5870321393013 -0.30128780007362366 -0.5834247469902039 0.8102098107337952 0.05635133385658264 0.21980874240398407 0.5037702322006226 0.30659058690071106 0.8076000213623047 -0.26161208748817444
1305031454.759732 0.631564736366272 0.498494029045105 -0.5938262939453125 -0.2923259437084198 -0.5761584043502808 0.8142682313919067 0.07077236473560333 0.2213933765888214 0.51881343126297 0.29744067788124084 0.8014746308326721 -0.26663342118263245
1305031454.791641 0.641741156578064 0.48202356696128845 -0.5965078473091125 -0.28962242603302 -0.5547783970832825 0.8287994861602783 0.07288553565740585 0.23253832757472992 0.5295178890228271 0.28415602445602417 0.7992910146713257 -0.26239651441574097
1305031454.82757 0.6461083292961121 0.4727376103401184 -0.5992188453674316 -0.282059907913208 -0.5406060814857483 0.8376578688621521 0.07793866097927094 0.24029292166233063 0.5387848615646362 0.2735845744609833 0.7967825531959534 -0.2582235038280487
1305031454.85962 0.6570913195610046 0.4654487371444702 -0.592948853969574 -0.2762371897697449 -0.5244073271751404 0.8473155498504639 0.08398441225290298 0.2444552779197693 0.5415052175521851 0.2557612359523773 0.8008484840393066 -0.25704681873321533
1305031454.891764 0.6710436344146729 0.45854824781417847 -0.5826095342636108 -0.2734494209289551 -0.5125789642333984 0.8546862602233887 0.08230560272932053 0.25229454040527344 0.5356894135475159 0.24340270459651947 0.8085740208625793 -0.2603224813938141
1305031454.927567 0.6848876476287842 0.4521430432796478 -0.5713979601860046 -0.2729966938495636 -0.499987930059433 0.8620604872703552 0.0828477218747139 0.2605149745941162 0.5300386548042297 0.22895070910453796 0.8164805769920349 -0.261137992143631
1305031454.959648 0.6992992162704468 0.4448597729206085 -0.5595359206199646 -0.2738383114337921 -0.4884999096393585 0.8688638210296631 0.08027177304029465 0.27115586400032043 0.5218701958656311 0.21719925105571747 0.8249096870422363 -0.26681646704673767
1305031454.991937 0.7107466459274292 0.43778276443481445 -0.5506228804588318 -0.2782435119152069 -0.4776054620742798 0.8749983906745911 0.07918797433376312 0.2803119122982025 0.516461193561554 0.20669792592525482 0.8309895992279053 -0.2740918695926666
1305031455.027799 0.7150624394416809 0.43001478910446167 -0.5511561632156372 -0.277161180973053 -0.4715491235256195 0.8787446022033691 0.0738196074962616 0.2953619956970215 0.5160689949989319 0.20711155235767365 0.83113032579422 -0.276508629322052
1305031455.059636 0.7205406427383423 0.43091773986816406 -0.5432597398757935 -0.28268393874168396 -0.46878582239151 0.8800129294395447 0.07626914978027344 0.2991991639137268 0.5109412670135498 0.1997174769639969 0.8360932469367981 -0.2808105945587158
1305031455.0917 0.7263749241828918 0.4270327091217041 -0.5385374426841736 -0.2876846492290497 -0.4681777358055115 0.881077229976654 0.06717505306005478 0.3111223876476288 0.5031790137290955 0.2033369392156601 0.8399196267127991 -0.28477293252944946
1305031455.127695 0.7336002588272095 0.4241792559623718 -0.5309449434280396 -0.2930683195590973 -0.4670873284339905 0.8822108507156372 0.05944148823618889 0.3239137828350067 0.49361926317214966 0.20439139008522034 0.8453190326690674 -0.289245069026947
1305031455.15972 0.7435877323150635 0.4197518825531006 -0.5204668045043945 -0.30337417125701904 -0.46035900712013245 0.8859156966209412 0.05677122250199318 0.33341479301452637 0.48491954803466797 0.19738714396953583 0.8519926071166992 -0.29649218916893005
1305031455.191655 0.7535859942436218 0.41263753175735474 -0.5117016434669495 -0.3131802976131439 -0.44878947734832764 0.8917423486709595 0.058168426156044006 0.3421871066093445 0.4803083539009094 0.18581140041351318 0.8571919798851013 -0.3010447323322296
1305031455.227581 0.7628434896469116 0.40339145064353943 -0.5053168535232544 -0.3224814534187317 -0.43830567598342896 0.8971706628799438 0.05452476069331169 0.34918537735939026 0.4753502607345581 0.17988941073417664 0.8612096309661865 -0.3061990737915039
1305031455.259631 0.7743914127349854 0.388903945684433 -0.49907076358795166 -0.3311096131801605 -0.42572256922721863 0.9037973880767822 0.043710194528102875 0.3722687363624573 0.4680580198764801 0.17861689627170563 0.865458071231842 -0.3044576942920685
1305031455.291831 0.7890430688858032 0.3790949583053589 -0.48342323303222656 -0.3450450897216797 -0.40476223826408386 0.9127590656280518 0.05512259900569916 0.3745955526828766 0.4621456563472748 0.1521773636341095 0.873649537563324 -0.30942487716674805
1305031455.327766 0.8021784424781799 0.36211228370666504 -0.4747467339038849 -0.35805365443229675 -0.3831266164779663 0.9220035076141357 0.055888667702674866 0.38689395785331726 0.45795613527297974 0.1370553970336914 0.8783462047576904 -0.3175286054611206
1305031455.35963 0.8079243302345276 0.35377082228660583 -0.47127965092658997 -0.3630542755126953 -0.366808146238327 0.9278329014778137 0.06766052544116974 0.3954949378967285 0.46120506525039673 0.11820462346076965 0.8793847560882568 -0.31817424297332764
1305031455.391665 0.8205928206443787 0.34779277443885803 -0.4535057246685028 -0.37550321221351624 -0.3497377038002014 0.9331793785095215 0.08282312750816345 0.39596644043922424 0.45200756192207336 0.090643972158432 0.8873966336250305 -0.3223726749420166
1305031455.427642 0.8363595008850098 0.332817941904068 -0.4355858564376831 -0.39088696241378784 -0.3275910019874573 0.9405567646026611 0.08965028822422028 0.40017169713974 0.4395304322242737 0.06771411746740341 0.8956717848777771 -0.3308400511741638
1305031455.459589 0.8469909429550171 0.32059285044670105 -0.42405951023101807 -0.406732439994812 -0.3101368546485901 0.9458692669868469 0.09563709795475006 0.39962273836135864 0.43176543712615967 0.05051274597644806 0.9005703926086426 -0.34096425771713257
1305031455.491637 0.8581830263137817 0.30223140120506287 -0.41494351625442505 -0.4201105833053589 -0.28892356157302856 0.9525040984153748 0.09622381627559662 0.4066312909126282 0.42431730031967163 0.03730928897857666 0.9047446250915527 -0.3499654531478882
1305031455.52761 0.8700469732284546 0.2810352146625519 -0.40501534938812256 -0.43781542778015137 -0.26284340023994446 0.9595203399658203 0.10116373747587204 0.40395021438598633 0.4170509874820709 0.01843840628862381 0.9086960554122925 -0.3604058027267456
1305031455.559669 0.8797886371612549 0.25706708431243896 -0.39986056089401245 -0.4581434726715088 -0.23599225282669067 0.9663827419281006 0.10204024612903595 0.40308278799057007 0.4126494526863098 0.004590168595314026 0.9108783602714539 -0.37764960527420044
1305031455.591645 0.885612964630127 0.22980229556560516 -0.40358462929725647 -0.4731898307800293 -0.20799967646598816 0.9732338190078735 0.09773458540439606 0.4117729365825653 0.41524189710617065 -0.002609536051750183 0.9097073674201965 -0.3823530077934265
1305031455.627617 0.8948855400085449 0.2093491554260254 -0.39414820075035095 -0.49405637383461 -0.1846790760755539 0.9776983857154846 0.0999971255660057 0.4113117754459381 0.4062924087047577 -0.016695020720362663 0.9135904312133789 -0.3894966244697571
1305031455.659615 0.8999282717704773 0.1979617327451706 -0.38851019740104675 -0.5117577314376831 -0.17510998249053955 0.9800733327865601 0.09376992285251617 0.40732941031455994 0.39933133125305176 -0.016354186460375786 0.916660726070404 -0.40182071924209595
1305031455.691605 0.9014507532119751 0.19790010154247284 -0.38499629497528076 -0.5270007252693176 -0.17883659899234772 0.9801905155181885 0.08511102944612503 0.4098789393901825 0.3942132890224457 -0.007871962152421474 0.9189851880073547 -0.41311606764793396
1305031455.727628 0.9033827185630798 0.20688071846961975 -0.3756328821182251 -0.5446183085441589 -0.19018471240997314 0.9783639311790466 0.08144929260015488 0.4087662696838379 0.38435590267181396 -0.0021402398124337196 0.923182487487793 -0.42464274168014526
1305031455.759683 0.9067816734313965 0.2123946100473404 -0.3641914427280426 -0.5593270063400269 -0.19643431901931763 0.9771825075149536 0.0807960033416748 0.4049347937107086 0.37304213643074036 -0.0017246240749955177 0.9278126955032349 -0.4359671473503113
1305031455.791666 0.9124116897583008 0.21121445298194885 -0.35056164860725403 -0.5785275101661682 -0.19570422172546387 0.97743159532547 0.0795435756444931 0.39529964327812195 0.3594508767127991 -0.003970094956457615 0.9331555366516113 -0.44921571016311646
1305031455.82759 0.915996253490448 0.20830322802066803 -0.34287136793136597 -0.5947503447532654 -0.19574305415153503 0.9780625700950623 0.07126205414533615 0.3952725827693939 0.3501938581466675 0.0018389392644166946 0.9366754293441772 -0.4642941951751709
1305031455.859526 0.9171600937843323 0.21221783757209778 -0.33731433749198914 -0.6092637181282043 -0.20005623996257782 0.9772191643714905 0.07085311412811279 0.3917359411716461 0.34466639161109924 0.002498200163245201 0.9387219548225403 -0.47610050439834595
1305031455.891657 0.9197152256965637 0.21271784603595734 -0.3299619257450104 -0.6223119497299194 -0.20045575499534607 0.9771134257316589 0.07118160277605057 0.38713547587394714 0.33755186200141907 0.000675983726978302 0.9413066506385803 -0.4889885187149048
1305031455.927955 0.9225957989692688 0.21463248133659363 -0.32054609060287476 -0.6361537575721741 -0.2012041211128235 0.9766840934753418 0.0748661458492279 0.37908026576042175 0.3291410803794861 -0.004575994797050953 0.9442696571350098 -0.49983489513397217
1305031455.959716 0.9239716529846191 0.21922793984413147 -0.3133934438228607 -0.646132230758667 -0.20788559317588806 0.9756733179092407 0.0696072056889534 0.3817707598209381 0.3210294842720032 0.0008348990231752396 0.9470688104629517 -0.5107085704803467
1305031455.991694 0.9269182682037354 0.22507835924625397 -0.30027034878730774 -0.6609148979187012 -0.21424372494220734 0.974340558052063 0.06899300962686539 0.384616494178772 0.30809447169303894 0.00038016276084817946 0.9513556957244873 -0.5172605514526367
1305031456.02777 0.9293656945228577 0.2333337515592575 -0.28606802225112915 -0.671104907989502 -0.22152988612651825 0.9723844528198242 0.07343669980764389 0.39053115248680115 0.2953033447265625 -0.004876940511167049 0.9553911089897156 -0.5268652439117432
1305031456.059713 0.929535448551178 0.2521951198577881 -0.26900091767311096 -0.6869795918464661 -0.2352112978696823 0.9673724174499512 0.09416080266237259 0.38283729553222656 0.28397098183631897 -0.02425374835729599 0.958526074886322 -0.5334717035293579
1305031456.091707 0.9299548268318176 0.2637631595134735 -0.256150484085083 -0.7008405923843384 -0.24316051602363586 0.9637718796730042 0.10962013155221939 0.3708290755748749 0.27578434348106384 -0.03965608775615692 0.960401177406311 -0.5385704636573792
1305031456.127645 0.9320753812789917 0.26736852526664734 -0.24443787336349487 -0.7142937183380127 -0.24682337045669556 0.9625981450080872 0.11172770708799362 0.36477163434028625 0.2651679515838623 -0.04380565881729126 0.9632066488265991 -0.543828010559082
1305031456.159731 0.9345707297325134 0.2696096897125244 -0.2321382462978363 -0.724761962890625 -0.24790383875370026 0.9614912867546082 0.11865197122097015 0.34980928897857666 0.25518858432769775 -0.05334068834781647 0.9654187560081482 -0.5469174385070801
1305031456.191658 0.9389548301696777 0.2642543315887451 -0.22030341625213623 -0.7322298884391785 -0.24515698850154877 0.9631720185279846 0.1104433685541153 0.33762848377227783 0.24137520790100098 -0.049692414700984955 0.9691587090492249 -0.5481163263320923
1305031456.227678 0.945416271686554 0.2552282214164734 -0.20259985327720642 -0.7402933835983276 -0.2410699427127838 0.9661226868629456 0.09215375781059265 0.34879961609840393 0.2192564755678177 -0.038282930850982666 0.9749158620834351 -0.5511711239814758
1305031456.291675 0.9579973220825195 0.24210016429424286 -0.15371598303318024 -0.7692868113517761 -0.230886772274971 0.9690560698509216 0.08730190247297287 0.33065277338027954 0.17009520530700684 -0.04814399033784866 0.9842508435249329 -0.5496606230735779
1305031456.327718 0.9642575979232788 0.22815893590450287 -0.1347249448299408 -0.7802993655204773 -0.21935592591762543 0.9725921154022217 0.07712028175592422 0.32369521260261536 0.1486281156539917 -0.04481109231710434 0.9878773093223572 -0.5468624830245972
1305031456.391619 0.9742888808250427 0.20823140442371368 -0.0860278457403183 -0.803184449672699 -0.20326706767082214 0.9770935773849487 0.06301157921552658 0.3157690465450287 0.09717824310064316 -0.043904855847358704 0.9942981600761414 -0.5405360460281372
1305031456.427662 0.9796243906021118 0.19151291251182556 -0.06048829108476639 -0.8238470554351807 -0.1894875466823578 0.9811604022979736 0.03766480088233948 0.3265715539455414 0.06656202673912048 -0.02543557621538639 0.9974580407142639 -0.5350870490074158
1305031456.491677 0.985295832157135 0.16646763682365417 -0.03848005086183548 -0.8624529242515564 -0.16482792794704437 0.9854075908660889 0.04246959090232849 0.33888038992881775 0.04498838633298874 -0.035502515733242035 0.9983564615249634 -0.5235447287559509
1305031456.527641 0.9869675040245056 0.1561555564403534 -0.038866207003593445 -0.8753364682197571 -0.1540115773677826 0.986639678478241 0.05312734097242355 0.33993035554885864 0.04664309322834015 -0.04644910618662834 0.9978310465812683 -0.5141248106956482
1305031456.591651 0.9907263517379761 0.13280871510505676 -0.02868618071079254 -0.8963661789894104 -0.13110849261283875 0.9898577928543091 0.054698631167411804 0.3432530164718628 0.03565968573093414 -0.050430379807949066 0.9980907440185547 -0.4986168444156647
1305031456.627612 0.9925803542137146 0.12046592682600021 -0.016505591571331024 -0.9065443873405457 -0.11915341764688492 0.9907217025756836 0.06536669284105301 0.36481940746307373 0.02422690950334072 -0.06291496753692627 0.9977247714996338 -0.48870453238487244
1305031456.691612 0.9961501955986023 0.08632440865039825 0.01526443101465702 -0.9463056325912476 -0.08741579949855804 0.9912427663803101 0.09897482395172119 0.3417423367500305 -0.006586814299225807 -0.0999281257390976 0.994972825050354 -0.4623434841632843
1305031456.727693 0.997652530670166 0.06533075124025345 0.020526599138975143 -0.9629223942756653 -0.06707940995693207 0.9926226735115051 0.10099788010120392 0.3574487566947937 -0.013776902109384537 -0.10213769972324371 0.994674801826477 -0.4522344768047333
1305031456.791649 0.9992527961730957 0.03810107707977295 0.0065073054283857346 -0.9983462691307068 -0.03858670964837074 0.9931463599205017 0.11032392084598541 0.34768450260162354 -0.0022592414170503616 -0.11049255728721619 0.9938743710517883 -0.4338248670101166
1305031456.827603 0.9997153282165527 0.023104706779122353 -0.0059606824070215225 -0.9999147057533264 -0.022374803200364113 0.9945083260536194 0.10223716497421265 0.3681662380695343 0.008290110155940056 -0.10207467526197433 0.9947421550750732 -0.42400455474853516
1305031456.891672 0.9999798536300659 -0.0003078689915128052 -0.006339885760098696 -1.0116077661514282 0.0011351049179211259 0.9913955330848694 0.13089539110660553 0.3548046350479126 0.006245037075132132 -0.13089996576309204 0.9913758635520935 -0.39615583419799805
1305031456.92769 0.9998900890350342 -0.013529609888792038 0.006046900991350412 -1.0234792232513428 0.012740980833768845 0.9932264089584351 0.11549461632966995 0.3647148013114929 -0.007568539120256901 -0.11540485918521881 0.9932897686958313 -0.38757991790771484
1305031456.959667 0.9994966983795166 -0.025184422731399536 0.019288962706923485 -1.037100076675415 0.022900482639670372 0.9935963749885559 0.11064323037862778 0.38172590732574463 -0.02195192687213421 -0.11014582216739655 0.9936730265617371 -0.3833900988101959
1305031456.991709 0.999065637588501 -0.030693689361214638 0.03042425401508808 -1.050646185874939 0.026418428868055344 0.9908800721168518 0.13213200867176056 0.3757207691669464 -0.034202396869659424 -0.13120481371879578 0.9907650947570801 -0.37343448400497437
1305031457.027648 0.998440146446228 -0.038481421768665314 0.04045363515615463 -1.06354558467865 0.03265179693698883 0.9901688694953918 0.13601340353488922 0.37566375732421875 -0.045289911329746246 -0.13448037207126617 0.9898807406425476 -0.36828070878982544
1305031457.091655 0.996476411819458 -0.06139291450381279 0.05714663118124008 -1.0837639570236206 0.051584240049123764 0.985832929611206 0.1596013754606247 0.3812859058380127 -0.06613542139530182 -0.15609116852283478 0.9855260848999023 -0.3641064465045929
1305031457.127632 0.994913637638092 -0.07117803394794464 0.07127752900123596 -1.0967934131622314 0.057976074516773224 0.9832748174667358 0.17265444993972778 0.37044504284858704 -0.08237459510564804 -0.16764390468597412 0.982400119304657 -0.36163416504859924
1305031457.191735 0.9895945191383362 -0.09858930110931396 0.10479897260665894 -1.1259320974349976 0.08061078935861588 0.9832021594047546 0.1637536734342575 0.3769116997718811 -0.11918294429779053 -0.15360179543495178 0.9809188842773438 -0.3676380515098572
1305031457.227543 0.9867125153541565 -0.11237219721078873 0.11734980344772339 -1.1397459506988525 0.09081634879112244 0.9803442358970642 0.1751498430967331 0.3716745972633362 -0.1347251683473587 -0.16216525435447693 0.9775232076644897 -0.3706088662147522
1305031457.291656 0.9789873957633972 -0.13776229321956635 0.15035110712051392 -1.1679139137268066 0.1131453886628151 0.9803577661514282 0.16154484450817108 0.3608201742172241 -0.16965264081954956 -0.14113882184028625 0.9753450155258179 -0.38083598017692566
1305031457.327548 0.9743009209632874 -0.14787639677524567 0.16991274058818817 -1.1828855276107788 0.12181682884693146 0.9804147481918335 0.1547497808933258 0.3647066354751587 -0.18946877121925354 -0.13007459044456482 0.9732328653335571 -0.39104411005973816
1305031457.391684 0.9606335759162903 -0.1752985715866089 0.2155309021472931 -1.2146674394607544 0.1434183120727539 0.9773406386375427 0.15568052232265472 0.3485071063041687 -0.23793771862983704 -0.11864086985588074 0.9640072584152222 -0.4043607711791992
1305031457.427641 0.95315021276474 -0.19143234193325043 0.23421862721443176 -1.23685622215271 0.15809859335422516 0.975369930267334 0.15381202101707458 0.34493300318717957 -0.25789445638656616 -0.10957633703947067 0.959939181804657 -0.4134766757488251
1305031457.491705 0.9463238716125488 -0.2070830911397934 0.2481687366962433 -1.2697302103042603 0.17269256711006165 0.9729623198509216 0.15336726605892181 0.33321768045425415 -0.2732186019420624 -0.10227818787097931 0.9564992189407349 -0.42598220705986023
1305031457.527638 0.9432942867279053 -0.211972177028656 0.2554677724838257 -1.2831147909164429 0.17864002287387848 0.972788393497467 0.14754867553710938 0.3261544704437256 -0.27979233860969543 -0.09354504942893982 0.9554922580718994 -0.4350018799304962
1305031457.559685 0.9386674761772156 -0.2185080647468567 0.2667536437511444 -1.2987585067749023 0.1862548589706421 0.9723222851753235 0.1410621851682663 0.3222598433494568 -0.2901937663555145 -0.08272633701562881 0.953385591506958 -0.44320255517959595
1305031457.591678 0.9335470795631409 -0.22475101053714752 0.2792435884475708 -1.3196287155151367 0.19309721887111664 0.9716408848762512 0.13648270070552826 0.3194063603878021 -0.3019990921020508 -0.07349185645580292 0.9504712820053101 -0.4510742425918579
1305031457.627526 0.9308066368103027 -0.23170961439609528 0.28268304467201233 -1.3335392475128174 0.19862045347690582 0.9698830246925354 0.1409846842288971 0.30660051107406616 -0.3068370819091797 -0.07508283108472824 0.9487957954406738 -0.45594552159309387
1305031457.659632 0.9268749952316284 -0.2371036857366562 0.29100602865219116 -1.3530333042144775 0.2070540338754654 0.9695854783058167 0.13050952553749084 0.31123971939086914 -0.3130994439125061 -0.060712046921253204 0.9477778077125549 -0.46310412883758545
1305031457.69157 0.9258722066879272 -0.24488705396652222 0.2877342700958252 -1.3641606569290161 0.21141280233860016 0.9669299125671387 0.1426573246717453 0.3037068545818329 -0.31315380334854126 -0.07125174254179001 0.9470258951187134 -0.4683111906051636
1305031457.727669 0.9251232147216797 -0.24342235922813416 0.2913634181022644 -1.3776905536651611 0.20653559267520905 0.9665966033935547 0.15177032351493835 0.2847844362258911 -0.3185751438140869 -0.08022932708263397 0.944496214389801 -0.4690872132778168
1305031457.759556 0.9243925213813782 -0.2401779443025589 0.2963324785232544 -1.3917961120605469 0.20410463213920593 0.9677475690841675 0.1476679891347885 0.27318692207336426 -0.3222416937351227 -0.07602035999298096 0.9436001181602478 -0.4754185378551483
1305031457.791567 0.9228335022926331 -0.23716780543327332 0.30352887511253357 -1.3978149890899658 0.20302416384220123 0.9691174030303955 0.13997334241867065 0.2535403370857239 -0.3273523151874542 -0.06754840910434723 0.9424847960472107 -0.4797661602497101
1305031457.827699 0.9166181087493896 -0.23368263244628906 0.3243512809276581 -1.4156728982925415 0.20583978295326233 0.9714246392250061 0.11817003041505814 0.25658291578292847 -0.3426972031593323 -0.04155236855149269 0.9385265707969666 -0.4872257709503174
1305031457.859623 0.9108593463897705 -0.23459471762180328 0.3395593464374542 -1.4281278848648071 0.20617379248142242 0.971369206905365 0.11804340779781342 0.24519148468971252 -0.3575299084186554 -0.03751270845532417 0.9331480860710144 -0.49090340733528137
1305031457.891593 0.9038755893707275 -0.23213709890842438 0.3593344986438751 -1.44679594039917 0.20538252592086792 0.9723086357116699 0.11150787025690079 0.22250156104564667 -0.3752691149711609 -0.02698822319507599 0.9265229105949402 -0.4874534606933594
1305031457.927633 0.897082507610321 -0.23341584205627441 0.3751802444458008 -1.4679605960845947 0.21705904603004456 0.9723673462867737 0.08594827353954315 0.22068504989147186 -0.38487470149993896 0.004333570599555969 0.9229586720466614 -0.4878329038619995
1305031457.991644 0.8931580185890198 -0.23703278601169586 0.3822093904018402 -1.4926420450210571 0.22892670333385468 0.9711151719093323 0.06728874146938324 0.2040521502494812 -0.38711899518966675 0.027398474514484406 0.9216225743293762 -0.48648184537887573
1305031458.027845 0.8897559642791748 -0.23317331075668335 0.39238303899765015 -1.5041873455047607 0.23133891820907593 0.9714445471763611 0.052703000605106354 0.19286902248859406 -0.3934672772884369 0.0438806526362896 0.9182907342910767 -0.4813263714313507
1305031458.059689 0.8845112919807434 -0.23300807178020477 0.4041619896888733 -1.5191574096679688 0.2409512847661972 0.9700125455856323 0.03190936520695686 0.2016175091266632 -0.3994773030281067 0.06915916502475739 0.914130687713623 -0.48091819882392883
1305031458.09169 0.8791640400886536 -0.2352117896080017 0.41442257165908813 -1.536078929901123 0.24364982545375824 0.9692929983139038 0.033253539353609085 0.200033038854599 -0.4095185399055481 0.07173866778612137 0.9094768762588501 -0.4728841185569763
1305031458.127605 0.8730409741401672 -0.23742085695266724 0.4259469509124756 -1.5526984930038452 0.24376626312732697 0.9689890146255493 0.04047514125704765 0.1879895180463791 -0.4223475754261017 0.06849505007266998 0.9038423299789429 -0.4571143388748169
1305031458.159638 0.8695560097694397 -0.23994438350200653 0.4316237270832062 -1.568790316581726 0.24692143499851227 0.9681774377822876 0.040768686681985855 0.17664732038974762 -0.42767059803009033 0.07112649828195572 0.9011319875717163 -0.4473097324371338
1305031458.191646 0.8659414052963257 -0.24681352078914642 0.43500420451164246 -1.5877095460891724 0.256165087223053 0.9658823013305664 0.03808903321623802 0.18083485960960388 -0.4295637905597687 0.07845001667737961 0.8996224403381348 -0.4342244863510132
1305031458.227611 0.8653694987297058 -0.2515566051006317 0.4334225654602051 -1.6072880029678345 0.25321605801582336 0.9658448100090027 0.05500229448080063 0.1713225245475769 -0.4324550926685333 0.06215227022767067 0.8995108008384705 -0.41527795791625977
1305031458.259934 0.8670104742050171 -0.25296568870544434 0.4293031394481659 -1.6181949377059937 0.24763207137584686 0.9663710594177246 0.06931961327791214 0.1388186663389206 -0.4324016273021698 0.046208400279283524 0.9004963636398315 -0.39917105436325073
1305031458.291664 0.867701530456543 -0.2447635531425476 0.43264856934547424 -1.641544222831726 0.24869057536125183 0.9673674702644348 0.0485084168612957 0.13853459060192108 -0.43040329217910767 0.06550479680299759 0.9002566933631897 -0.3793458938598633
1305031458.327628 0.8701705932617188 -0.2499259114265442 0.42466476559638977 -1.6543488502502441 0.25575998425483704 0.9657256007194519 0.04428204149007797 0.13355481624603271 -0.42117688059806824 0.07007931172847748 0.9042670726776123 -0.36381644010543823
1305031458.35959 0.8729805946350098 -0.24912264943122864 0.4193362891674042 -1.6605582237243652 0.25766560435295105 0.9655181169509888 0.037190619856119156 0.1109926700592041 -0.41414180397987366 0.07558182626962662 0.9070689082145691 -0.3458637595176697
1305031458.391626 0.8728228807449341 -0.2500832974910736 0.41909259557724 -1.6695728302001953 0.2714676856994629 0.9624062776565552 0.008920460939407349 0.11664973199367523 -0.4055682122707367 0.10598411411046982 0.9078997373580933 -0.3287079334259033
1305031458.427598 0.8692444562911987 -0.26036253571510315 0.42026838660240173 -1.6730135679244995 0.2893756031990051 0.95719975233078 -0.005518227815628052 0.11687372624874115 -0.4008440673351288 0.12641210854053497 0.9073830842971802 -0.3143617510795593
1305031458.459637 0.8614698052406311 -0.26989179849624634 0.4301491379737854 -1.670111894607544 0.30873891711235046 0.9508994817733765 -0.02168852463364601 0.10690605640411377 -0.40317502617836 0.1514878123998642 0.9024973511695862 -0.3037717938423157
1305031458.491696 0.8540982007980347 -0.2519948482513428 0.4549888074398041 -1.6697378158569336 0.3108625113964081 0.9486759901046753 -0.05812375620007515 0.09819984436035156 -0.41699013113975525 0.19108235836029053 0.8885982036590576 -0.28140830993652344
1305031458.527737 0.8456447720527649 -0.23530396819114685 0.4790792167186737 -1.6754401922225952 0.31780606508255005 0.9431023597717285 -0.09776106476783752 0.11842340975999832 -0.4288172125816345 0.23492543399333954 0.8723105788230896 -0.2575554847717285
1305031458.559628 0.8380561470985413 -0.2242242991924286 0.49737846851348877 -1.6810076236724854 0.3179346024990082 0.9415650367736816 -0.11123386025428772 0.12547409534454346 -0.44337278604507446 0.25135403871536255 0.8603730201721191 -0.23956769704818726
1305031458.591641 0.8328399658203125 -0.2014325112104416 0.5155603289604187 -1.6930527687072754 0.30863556265830994 0.9421923160552979 -0.1304519772529602 0.1274772733449936 -0.45947983860969543 0.2677658796310425 0.846864640712738 -0.20974993705749512
1305031458.627659 0.8343665599822998 -0.18756593763828278 0.518315851688385 -1.7030465602874756 0.30366188287734985 0.9411779642105103 -0.1482347548007965 0.1555718630552292 -0.4600236713886261 0.2810748815536499 0.842244029045105 -0.18318408727645874
1305031458.659623 0.8348918557167053 -0.19094952940940857 0.5162302851676941 -1.717857003211975 0.29987913370132446 0.9442749619483948 -0.1357104629278183 0.15398049354553223 -0.4615495204925537 0.2681103050708771 0.8456293344497681 -0.15485602617263794
1305031458.691674 0.8503969311714172 -0.17626924812793732 0.49573588371276855 -1.7309300899505615 0.278052419424057 0.9504520297050476 -0.13902460038661957 0.1629689633846283 -0.4466674327850342 0.2560666799545288 0.857273519039154 -0.13104671239852905
1305031458.72765 0.8698962330818176 -0.17386214435100555 0.46157628297805786 -1.7147220373153687 0.26199376583099365 0.9557559490203857 -0.13375374674797058 0.15001434087753296 -0.41789957880973816 0.23728196322917938 0.8769590854644775 -0.11746954917907715
1305031458.759945 0.8861618041992188 -0.15197055041790009 0.4377467632293701 -1.7212531566619873 0.2402471899986267 0.9584828019142151 -0.15359725058078766 0.15480493009090424 -0.3962304890155792 0.2412794530391693 0.8858813047409058 -0.10163968801498413
1305031458.791632 0.9067727327346802 -0.1391475945711136 0.3979963958263397 -1.7068617343902588 0.21917705237865448 0.9619668126106262 -0.1630377471446991 0.16890627145767212 -0.36017298698425293 0.23506984114646912 0.9027832746505737 -0.09375768899917603
1305031458.827564 0.9158376455307007 -0.13881994783878326 0.3767896592617035 -1.6975810527801514 0.20972643792629242 0.9655511379241943 -0.1540318876504898 0.17018720507621765 -0.34242701530456543 0.22009095549583435 0.913402259349823 -0.0820460319519043
1305031458.891665 0.9222461581230164 -0.1185545101761818 0.367976576089859 -1.6912742853164673 0.1907625049352646 0.9674272537231445 -0.16641585528850555 0.1611112654209137 -0.3362612724304199 0.22367249429225922 0.9148218631744385 -0.07099336385726929
1305031458.927621 0.9153344631195068 -0.11962474882602692 0.3845164179801941 -1.6989686489105225 0.1973114311695099 0.9656133055686951 -0.169289693236351 0.17254066467285156 -0.3510429859161377 0.23082615435123444 0.907462477684021 -0.048864662647247314
1305031458.959617 0.9052849411964417 -0.1517091691493988 0.3967914879322052 -1.7019031047821045 0.2275925725698471 0.9619016647338867 -0.15148214995861053 0.16955748200416565 -0.3586932122707367 0.22744134068489075 0.9053229689598083 -0.03600621223449707
1305031458.991647 0.8986771106719971 -0.16333284974098206 0.40706491470336914 -1.7071278095245361 0.23864620923995972 0.9607633352279663 -0.14135748147964478 0.14106091856956482 -0.36800476908683777 0.22417926788330078 0.9023946523666382 -0.023939549922943115
1305031459.027665 0.8975889682769775 -0.15322789549827576 0.41334640979766846 -1.7330529689788818 0.23773841559886932 0.9578643441200256 -0.1611720621585846 0.13332584500312805 -0.3712337017059326 0.24293458461761475 0.8961966037750244 -0.008616805076599121
