1305031103.675523 0.9978046417236328 0.00013345851039048284 -0.0662279948592186 -0.0007859794422984123 0.0009958733571693301 0.9998546838760376 0.017018873244524002 -0.04127901419997215 0.06622065603733063 -0.017047464847564697 0.9976593255996704 -0.0647442489862442
1305031103.71161 0.997636079788208 0.00047444927622564137 -0.06871739774942398 0.0008794455789029598 0.00034392025554552674 0.9999290108680725 0.011896862648427486 -0.04351935535669327 0.06871818751096725 -0.01189237367361784 0.9975652098655701 -0.07899534702301025
1305031103.743326 0.9980528950691223 0.00907291192561388 -0.061709318310022354 -0.005579058080911636 -0.008684440515935421 0.9999407529830933 0.006560544483363628 -0.04982294887304306 0.061765171587467194 -0.0060118623077869415 0.9980727434158325 -0.09890586137771606
1305031103.775342 0.9979199767112732 0.011451715603470802 -0.0634392499923706 -0.002513627987354994 -0.011454036459326744 0.9999343156814575 0.00032706873025745153 -0.050480447709560394 0.06343882530927658 0.00040024722693488 0.9979857802391052 -0.11620216071605682
1305031103.811242 0.9980559349060059 0.017225632444024086 -0.05989648401737213 -0.0033574867993593216 -0.01732363924384117 0.9998493790626526 -0.0011173159582540393 -0.04829207807779312 0.0598682165145874 0.002152769360691309 0.9982039928436279 -0.133384570479393
1305031103.843251 0.9980480670928955 0.021064959466457367 -0.05878935381770134 -0.005891061387956142 -0.020834755152463913 0.9997727870941162 0.004525958094745874 -0.04666377976536751 0.058871328830718994 -0.003292263252660632 0.9982600808143616 -0.15149840712547302
1305031103.875361 0.9977426528930664 0.03039572946727276 -0.05988067388534546 -0.012525603175163269 -0.029136504977941513 0.9993378520011902 0.02179109863936901 -0.060001324862241745 0.060503385961055756 -0.01999719627201557 0.9979676604270935 -0.16576382517814636
1305031103.911221 0.9968478679656982 0.03164767473936081 -0.07275138795375824 -0.004887293092906475 -0.030008889734745026 0.9992730617523193 0.023509753867983818 -0.0660763755440712 0.07344251871109009 -0.0212524626404047 0.9970729947090149 -0.17763502895832062
1305031103.943211 0.9963525533676147 0.03311476111412048 -0.07864556461572647 -0.003159342333674431 -0.03169729560613632 0.9993129968643188 0.01920429989695549 -0.06713882833719254 0.07922747731208801 -0.01664140075445175 0.996717631816864 -0.19696053862571716
1305031103.975373 0.9957926869392395 0.035709183663129807 -0.0843900516629219 0.0008083377033472061 -0.03433258458971977 0.9992535710334778 0.017708085477352142 -0.07349846512079239 0.08495940268039703 -0.014736253768205643 0.9962754249572754 -0.21298502385616302
1305031104.011232 0.9956603050231934 0.039028093218803406 -0.08448339998722076 0.0021514948457479477 -0.03832709416747093 0.9992161989212036 0.00990404561161995 -0.0791776180267334 0.08480370789766312 -0.006623063702136278 0.9963756799697876 -0.23178240656852722
1305031104.043249 0.9959458708763123 0.04171399772167206 -0.0796985924243927 0.00532218161970377 -0.04224022477865219 0.9990954399108887 -0.004927565343677998 -0.0797126516699791 0.07942095398902893 0.008274071849882603 0.996806800365448 -0.25010672211647034
1305031104.075425 0.9963352084159851 0.045174986124038696 -0.07263028621673584 0.010232456959784031 -0.04616298899054527 0.9988621473312378 -0.011981809511780739 -0.07956288009881973 0.07200635224580765 0.015290733426809311 0.9972869157791138 -0.2669251561164856
1305031104.111235 0.9968666434288025 0.04675409570336342 -0.06380294263362885 0.014840750955045223 -0.04791530966758728 0.9987103343009949 -0.01679210551083088 -0.08519108593463898 0.06293554604053497 0.01979662850499153 0.9978211522102356 -0.27892130613327026
1305031104.14323 0.9975259900093079 0.05008852854371071 -0.04932643100619316 0.010420707054436207 -0.051443345844745636 0.9983218908309937 -0.026590043678879738 -0.08692087978124619 0.04791180044412613 0.02906177192926407 0.9984287619590759 -0.291550874710083
1305031104.175424 0.9977754950523376 0.051372230052948 -0.04248547554016113 0.008905195631086826 -0.05291701853275299 0.9979472160339355 -0.03607139736413956 -0.08650805801153183 0.04054519161581993 0.03823935613036156 0.9984458088874817 -0.3085501194000244
1305031104.211283 0.9979380369186401 0.052072569727897644 -0.037527333945035934 0.008450634777545929 -0.05368178337812424 0.9976218938827515 -0.04323115944862366 -0.09111873060464859 0.03518693149089813 0.04515654221177101 0.9983600378036499 -0.32422584295272827
1305031104.243196 0.9981243014335632 0.05011594295501709 -0.0351591631770134 0.011007660999894142 -0.05192388594150543 0.9972676038742065 -0.052546560764312744 -0.09160623699426651 0.032429661601781845 0.054273612797260284 0.997999370098114 -0.33903422951698303
1305031104.275546 0.9982147216796875 0.05141399800777435 -0.03039642795920372 0.011395404115319252 -0.0531766302883625 0.9967600107192993 -0.06034521386027336 -0.0934990644454956 0.027195345610380173 0.061853863298892975 0.9977146983146667 -0.35474997758865356
1305031104.311219 0.9983637928962708 0.05152641609311104 -0.024793779477477074 0.0126380305737257 -0.05312693491578102 0.996205747127533 -0.06893229484558105 -0.09261249750852585 0.021147863939404488 0.07013672590255737 0.9973132014274597 -0.36766737699508667
1305031104.343342 0.9985390305519104 0.051224324852228165 -0.017208194360136986 0.014153736643493176 -0.052406758069992065 0.9956322908401489 -0.0772649273276329 -0.08920541405677795 0.013175186701118946 0.07805387675762177 0.9968621730804443 -0.38118889927864075
1305031104.375837 0.9986618757247925 0.05111047625541687 -0.007873767986893654 0.013662433251738548 -0.051577575504779816 0.9954543709754944 -0.08006397634744644 -0.0906444862484932 0.00374586321413517 0.0803629532456398 0.9967585802078247 -0.3953782021999359
1305031104.411509 0.9986550211906433 0.05169987678527832 0.003942929673939943 0.005939094349741936 -0.051171865314245224 0.9949981570243835 -0.08579028397798538 -0.0871514230966568 -0.00835854560136795 0.08547312766313553 0.9963054060935974 -0.40505874156951904
1305031104.443288 0.9986227750778198 0.05162028595805168 0.009392477571964264 -0.0008325858507305384 -0.05059994012117386 0.9948540925979614 -0.08777675032615662 -0.08484730124473572 -0.013875200413167477 0.08718058466911316 0.9960958957672119 -0.4181402325630188
1305031104.475456 0.9987230896949768 0.04987245425581932 0.008073003962635994 -0.005869356449693441 -0.048987120389938354 0.9950287342071533 -0.08670635521411896 -0.0853538066148758 -0.012357121333479881 0.08620015531778336 0.99620121717453 -0.4293564558029175
1305031104.511329 0.9988949298858643 0.04690366983413696 0.0030270512215793133 -0.006780841387808323 -0.04645894467830658 0.9950748682022095 -0.08756552636623383 -0.08773720264434814 -0.007119298912584782 0.08732812106609344 0.9961543083190918 -0.4391833543777466
1305031104.543368 0.9989144206047058 0.0465678833425045 -0.0012509285006672144 -0.006755656097084284 -0.04647916555404663 0.9944860339164734 -0.09400717914104462 -0.08878103643655777 -0.0031336951069533825 0.09396327286958694 0.9955707788467407 -0.4513244330883026
1305031104.575343 0.9989519715309143 0.04555325210094452 -0.0044644675217568874 0.0008278945460915565 -0.04577110707759857 0.9937766194343567 -0.10155452787876129 -0.09293738007545471 -0.00018946733325719833 0.10165245085954666 0.9948199987411499 -0.45890337228775024
1305031104.611336 0.999196469783783 0.04008219763636589 -2.2992491722106934e-05 0.01178119145333767 -0.0398208424448967 0.9926157593727112 -0.1145789846777916 -0.10674308240413666 -0.00456974608823657 0.11448780447244644 0.9934141635894775 -0.47143182158470154
1305031104.643243 0.9990270733833313 0.04155530780553818 0.014773673377931118 0.012350864708423615 -0.03908814117312431 0.9894101619720459 -0.13978424668312073 -0.1025259867310524 -0.020425990223884583 0.13907071948051453 0.9900718331336975 -0.4884352684020996
1305031104.675525 0.998857855796814 0.038452234119176865 0.02836379036307335 0.01585390418767929 -0.03341939300298691 0.9864776134490967 -0.16045290231704712 -0.1074439212679863 -0.034150004386901855 0.15932175517082214 0.9866358041763306 -0.498405784368515
1305031104.711277 0.9986040592193604 0.03243788331747055 0.04168769717216492 0.01649533212184906 -0.024057449772953987 0.9819191694259644 -0.18776589632034302 -0.10673261433839798 -0.04702465981245041 0.18650083243846893 0.9813287854194641 -0.5075684785842896
1305031104.74328 0.9977858066558838 0.035311441868543625 0.056361809372901917 0.015335079282522202 -0.022313449531793594 0.9760324954986572 -0.21647797524929047 -0.1011636033654213 -0.06265507638454437 0.21474099159240723 0.974659264087677 -0.5260331630706787
1305031104.775327 0.9972118139266968 0.03213687986135483 0.06735040992498398 0.019588489085435867 -0.015230516903102398 0.9711713194847107 -0.23789557814598083 -0.10231233388185501 -0.07305401563644409 0.23620647192001343 0.9689528346061707 -0.5383607149124146
1305031104.811465 0.9962123036384583 0.03052576817572117 0.08142027258872986 0.01822516694664955 -0.008304337039589882 0.9654747247695923 -0.26036468148231506 -0.09616348147392273 -0.08655703812837601 0.2587023675441742 0.9620711803436279 -0.5494396090507507
1305031104.843258 0.9950980544090271 0.028603896498680115 0.09466677904129028 0.017074331641197205 -0.0012824456207454205 0.9609090089797974 -0.27686142921447754 -0.09173612296581268 -0.09888548403978348 0.2753828763961792 0.9562352895736694 -0.5558331608772278
1305031104.87535 0.994654655456543 0.024217477068305016 0.10037755966186523 0.01569865643978119 0.0059812325052917 0.9569627046585083 -0.29014936089515686 -0.08085009455680847 -0.1030842661857605 0.28919878602027893 0.9517025351524353 -0.5540637373924255
1305031104.911534 0.9945628046989441 0.018985839560627937 0.10239282250404358 0.016983218491077423 0.012055044062435627 0.9556403160095215 -0.2942894995212555 -0.07785412669181824 -0.10343801975250244 0.2939237654209137 0.9502154588699341 -0.553252637386322
1305031104.943262 0.9943179488182068 0.019706247374415398 0.10461092740297318 0.015804164111614227 0.012195104733109474 0.9551588296890259 -0.2958429753780365 -0.07711094617843628 -0.10574999451637268 0.2954377233982086 0.9494912028312683 -0.5531718730926514
1305031104.975202 0.9946929812431335 0.016073839738965034 0.10162429511547089 0.018167991191148758 0.014949457719922066 0.9546600580215454 -0.2973223030567169 -0.06512469053268433 -0.1017957404255867 0.29726365208625793 0.9493534564971924 -0.5455407500267029
1305031105.01129 0.9947969317436218 0.013906458392739296 0.10092407464981079 0.01890193298459053 0.015877697616815567 0.957371711730957 -0.28842201828956604 -0.06383520364761353 -0.10063277184963226 0.28852376341819763 0.9521695971488953 -0.5385173559188843
1305031105.043373 0.9947348833084106 0.01700143702328205 0.10106182843446732 0.01633332297205925 0.011990213766694069 0.9600629210472107 -0.2795272469520569 -0.05878010392189026 -0.1017780527472496 0.27926719188690186 0.9548041820526123 -0.5279284715652466
1305031105.07532 0.9949196577072144 0.019216997548937798 0.09882122278213501 0.01776060461997986 0.00780694093555212 0.9639284014701843 -0.2660469114780426 -0.05940845608711243 -0.10036920011043549 0.2654667794704437 0.9588813781738281 -0.5161469578742981
1305031105.111299 0.9948735237121582 0.022505462169647217 0.09859146177768707 0.013427574187517166 0.003212003968656063 0.9673982262611389 -0.2532397508621216 -0.0651804581284523 -0.10107646137475967 0.25225815176963806 0.96236652135849 -0.50362628698349
1305031105.143106 0.9950613379478455 0.027713149785995483 0.09531427174806595 0.00719175860285759 -0.0035479338839650154 0.9695513844490051 -0.24486267566680908 -0.054237574338912964 -0.09919797629117966 0.2433152198791504 0.9648613929748535 -0.49270206689834595
1305031105.175159 0.995598316192627 0.027955807745456696 0.08945777267217636 0.006117187440395355 -0.007626739796251059 0.9754791855812073 -0.21996015310287476 -0.04932092875242233 -0.09341331571340561 0.2183096706867218 0.9713984131813049 -0.4689297378063202
1305031105.211268 0.9959483742713928 0.03171452507376671 0.08415038138628006 0.00021214038133621216 -0.014870535582304 0.9809480905532837 -0.19370105862617493 -0.06048085540533066 -0.08869024366140366 0.191664919257164 0.9774449467658997 -0.4528127908706665
1305031105.24327 0.9967160820960999 0.03344227373600006 0.07374966889619827 -0.003921171650290489 -0.019598806276917458 0.9832873940467834 -0.18100307881832123 -0.05318682640790939 -0.07857024669647217 0.1789633184671402 0.980713427066803 -0.432707816362381
1305031105.275288 0.9974717497825623 0.03420982509851456 0.06229021027684212 -0.006128203123807907 -0.02406468242406845 0.9873238205909729 -0.15688413381576538 -0.05701660364866257 -0.06686756014823914 0.15498851239681244 0.9856506586074829 -0.421128511428833
1305031105.31129 0.9981326460838318 0.03557644784450531 0.04965733736753464 -0.010254347696900368 -0.028571324422955513 0.990397572517395 -0.1352642923593521 -0.06202034279704094 -0.05399271100759506 0.13359291851520538 0.9895642995834351 -0.4090016782283783
1305031105.343302 0.998633861541748 0.03653482720255852 0.03736061230301857 -0.011326330713927746 -0.03185725212097168 0.9923920035362244 -0.11892576515674591 -0.06555767357349396 -0.041421305388212204 0.11757306754589081 0.9922000169754028 -0.3913901746273041
1305031105.375338 0.9989307522773743 0.03640439733862877 0.028500910848379135 -0.0136638805270195 -0.033033233135938644 0.993278443813324 -0.11093670129776001 -0.06869737803936005 -0.032347921282052994 0.10987658053636551 0.9934187531471252 -0.3758309483528137
1305031105.411286 0.9991697072982788 0.036428481340408325 0.018249332904815674 -0.012644264847040176 -0.03438793122768402 0.9942085146903992 -0.10181909054517746 -0.06275074183940887 -0.021852750331163406 0.10110696405172348 0.9946355223655701 -0.35803139209747314
1305031105.443316 0.9992343187332153 0.03780801221728325 0.010086783207952976 -0.012081755325198174 -0.036794859915971756 0.9955627918243408 -0.08660665154457092 -0.06887434422969818 -0.013316442258656025 0.08616916835308075 0.9961915016174316 -0.3422994017601013
1305031105.47528 0.9993184208869934 0.03688308969140053 0.0015717949718236923 -0.010316840372979641 -0.036647140979766846 0.9962599873542786 -0.07824988663196564 -0.07080890238285065 -0.004452012479305267 0.07813893258571625 0.9969326257705688 -0.32828861474990845
1305031105.511332 0.9993325471878052 0.036261823028326035 -0.004403267055749893 -0.008048810064792633 -0.03647974506020546 0.9969364404678345 -0.06918798387050629 -0.06992162764072418 0.0018808837048709393 0.06930246204137802 0.9975939989089966 -0.31201261281967163
1305031105.543282 0.9994040727615356 0.03381626307964325 -0.006933844648301601 -0.006161767058074474 -0.03416692465543747 0.9976746439933777 -0.05897423252463341 -0.07462804764509201 0.004923421889543533 0.059176020324230194 0.9982355237007141 -0.29358741641044617
1305031105.575449 0.9993832111358643 0.03407453000545502 -0.008483648300170898 -0.007860439829528332 -0.034486107528209686 0.9979273080825806 -0.054331451654434204 -0.07325153052806854 0.006614735350012779 0.05459054559469223 0.9984869956970215 -0.2781742215156555
1305031105.611378 0.9994276762008667 0.0314684621989727 -0.012416975572705269 -0.003961436450481415 -0.03201867640018463 0.9983848929405212 -0.046927712857723236 -0.07779831439256668 0.010920168831944466 0.04729843884706497 0.9988212585449219 -0.26011162996292114
1305031105.643273 0.9995795488357544 0.026285400614142418 -0.012233289889991283 -0.005866185761988163 -0.0268233809620142 0.9985758662223816 -0.04611458629369736 -0.07792742550373077 0.011003728955984116 0.04642334580421448 0.9988613128662109 -0.2443360984325409
1305031105.675166 0.9996026754379272 0.023483067750930786 -0.015585355460643768 -0.0020393317099660635 -0.02413482777774334 0.9987817406654358 -0.043038807809352875 -0.0764663964509964 0.01455568615347147 0.04339786618947983 0.9989519119262695 -0.22781674563884735
1305031105.711309 0.9996306300163269 0.023030418902635574 -0.014429360628128052 0.00489585567265749 -0.02361440472304821 0.9988508820533752 -0.041701674461364746 -0.08252990245819092 0.013452374376356602 0.042027026414871216 0.9990259408950806 -0.21006624400615692
1305031105.743312 0.9997111558914185 0.023506902158260345 -0.005038227885961533 0.0034635071642696857 -0.023723654448986053 0.9985435605049133 -0.04845553636550903 -0.0759989321231842 0.0038918559439480305 0.04856106638908386 0.998812735080719 -0.19439813494682312
1305031105.775339 0.9997434020042419 0.02261826954782009 0.0012926752679049969 0.009024852886795998 -0.022536316886544228 0.9987149834632874 -0.04539194703102112 -0.07951716333627701 -0.0023176968097686768 0.04535118117928505 0.9989684820175171 -0.17669343948364258
1305031105.811283 0.9997161626815796 0.020843705162405968 0.011544443666934967 0.009280731901526451 -0.02024858072400093 0.998570442199707 -0.04946772754192352 -0.07820804417133331 -0.01255902461707592 0.04921993613243103 0.9987091422080994 -0.15876489877700806
1305031105.843271 0.9996632933616638 0.018571065738797188 0.018118081614375114 0.012091996148228645 -0.017599748447537422 0.9984726309776306 -0.05237160623073578 -0.07770590484142303 -0.019063010811805725 0.05203509330749512 0.9984632134437561 -0.1433607041835785
1305031105.875337 0.9994761347770691 0.015368018299341202 0.028479261323809624 0.013373100198805332 -0.013729224912822247 0.9982872009277344 -0.05687149241566658 -0.07039624452590942 -0.029304485768079758 0.056450698524713516 0.9979751706123352 -0.1279517561197281
1305031105.911262 0.9993286728858948 0.004894602112472057 0.03630504757165909 0.014646578580141068 -0.0029714545235037804 0.9985987544059753 -0.05283782631158829 -0.06677662581205368 -0.03651279956102371 0.052694473415613174 0.9979428648948669 -0.11092380434274673
1305031105.943272 0.9991234540939331 -0.0008823946118354797 0.041849881410598755 0.016148146241903305 0.003082714509218931 0.9986140131950378 -0.05254117399454117 -0.059170547872781754 -0.04174550995230675 0.052624136209487915 0.9977413415908813 -0.09762220829725266
1305031105.975329 0.9989440441131592 -0.004205170087516308 0.0457492433488369 0.017062287777662277 0.0062810019589960575 0.9989525675773621 -0.04532545804977417 -0.05481051653623581 -0.04551072046160698 0.04556494578719139 0.9979240298271179 -0.08197388797998428
1305031106.011285 0.9987956881523132 -0.008754130452871323 0.04827422648668289 0.020417798310518265 0.010581620037555695 0.9992318153381348 -0.037731755524873734 -0.05123205482959747 -0.04790683463215828 0.03819712996482849 0.9981210827827454 -0.06676870584487915
1305031106.043355 0.9984411001205444 -0.011155505664646626 0.054686930030584335 0.018010983243584633 0.01262421440333128 0.9995668530464172 -0.026585157960653305 -0.050968289375305176 -0.05436667427420616 0.027234090492129326 0.9981495141983032 -0.05275321006774902
1305031106.07533 0.9983509182929993 -0.015782244503498077 0.05519095063209534 0.01862804777920246 0.016838829964399338 0.9996827244758606 -0.018731825053691864 -0.047843027859926224 -0.054877813905477524 0.01963029056787491 0.9982999563217163 -0.03890058398246765
1305031106.111327 0.9982427954673767 -0.017055217176675797 0.05674602463841438 0.015916766598820686 0.01781526580452919 0.9997578859329224 -0.012914999388158321 -0.03922034054994583 -0.056512027978897095 0.013903251849114895 0.9983050227165222 -0.026000261306762695
1305031106.143355 0.9981761574745178 -0.019883014261722565 0.05699990689754486 0.011622726917266846 0.019757861271500587 0.999800980091095 0.002758505754172802 -0.04037763178348541 -0.0570434108376503 -0.0016272775828838348 0.9983704090118408 -0.011967447586357594
1305031106.175534 0.9983933568000793 -0.02368328906595707 0.051475539803504944 0.013339812867343426 0.02317546121776104 0.9996770024299622 0.010440151207149029 -0.038658544421195984 -0.05170615762472153 -0.009230408817529678 0.9986197352409363 -0.0009280320955440402
1305031106.211275 0.9985001683235168 -0.02479429915547371 0.04881023243069649 0.012277607806026936 0.023950282484292984 0.9995547533035278 0.01780145801603794 -0.03983893617987633 -0.04922986030578613 -0.016605738550424576 0.998649537563324 0.010771568864583969
1305031106.243267 0.9984724521636963 -0.031161023303866386 0.0456257127225399 0.011453299783170223 0.030412781983613968 0.9993928670883179 0.01700310967862606 -0.03675704076886177 -0.046127840876579285 -0.015589533373713493 0.9988139271736145 0.020009441301226616
1305031106.276385 0.9985016584396362 -0.03343478590250015 0.04331838712096214 0.009784897789359093 0.03268425166606903 0.9993051290512085 0.01791989430785179 -0.03121473640203476 -0.0438874326646328 -0.01647721417248249 0.9989005327224731 0.027703939005732536
1305031106.311238 0.9983948469161987 -0.04067587852478027 0.03941022604703903 0.010648198425769806 0.03969361260533333 0.9988892674446106 0.025394398719072342 -0.02864282764494419 -0.04039938747882843 -0.0237893033772707 0.9989003539085388 0.03380836546421051
1305031106.343258 0.998464047908783 -0.04150296375155449 0.036703214049339294 0.00981189962476492 0.04030873626470566 0.9986521601676941 0.032700009644031525 -0.020982636138796806 -0.03801088035106659 -0.031170321628451347 0.9987910985946655 0.039212726056575775
1305031106.375388 0.9990119338035583 -0.029341628775000572 0.03338265419006348 0.015415532514452934 0.027615681290626526 0.9983149170875549 0.051038388162851334 -0.020622577518224716 -0.0348239466547966 -0.050066061317920685 0.9981386065483093 0.042316026985645294
1305031106.41132 0.9988212585449219 -0.018877314403653145 0.04471760615706444 0.016287801787257195 0.01592259854078293 0.9977232813835144 0.06553366780281067 -0.02611079066991806 -0.045852914452552795 -0.06474441289901733 0.9968478679656982 0.04394475743174553
1305031106.443278 0.9983591437339783 -0.010763670317828655 0.0562404990196228 0.010591275990009308 0.006872022058814764 0.997597336769104 0.06893713772296906 -0.030231790617108345 -0.05684739723801613 -0.06843757629394531 0.9960345029830933 0.0413082018494606
1305031106.475345 0.9983291625976562 -0.007922527380287647 0.057236772030591965 0.006584350951015949 0.003924493677914143 0.9975653290748596 0.06962834298610687 -0.03306613489985466 -0.05764906108379364 -0.06928738951683044 0.9959297776222229 0.03643900528550148
1305031106.511129 0.9986107349395752 -0.005947493948042393 0.052355293184518814 0.00328231742605567 0.0024321647360920906 0.9977530837059021 0.06695295125246048 -0.03715009614825249 -0.05263587087392807 -0.06673260778188705 0.9963817000389099 0.029711324721574783
1305031106.543302 0.9991349577903748 -0.002876314567402005 0.041486453264951706 0.0058827451430261135 0.00034566145041026175 0.9981451034545898 0.06087809428572655 -0.039289943873882294 -0.041584618389606476 -0.06081110239028931 0.9972827434539795 0.018594101071357727
1305031106.575282 0.9991913437843323 6.845562165835872e-05 0.04020901769399643 0.003273278009146452 -0.002249607350677252 0.998527467250824 0.054202597588300705 -0.04043560475111008 -0.040146104991436005 -0.05424920842051506 0.9977201223373413 0.0058849579654634
1305031106.611151 0.999385416507721 0.006214171182364225 0.034500088542699814 0.0016881332267075777 -0.008034806698560715 0.9985682368278503 0.052886657416820526 -0.03996960446238518 -0.0341220498085022 -0.053131356835365295 0.9980044364929199 -0.007330013904720545
1305031106.643207 0.9994940161705017 0.011001461185514927 0.02984638512134552 0.0007010170957073569 -0.012629124335944653 0.9984115958213806 0.054905977100133896 -0.04647570848464966 -0.029194945469498634 -0.05525512620806694 0.9980453848838806 -0.02092483639717102
1305031106.675279 0.9995757937431335 0.011991237290203571 0.02654050663113594 -0.004559876397252083 -0.013267564587295055 0.9987376928329468 0.0484481155872345 -0.04493926465511322 -0.025926057249307632 -0.0487796813249588 0.998473048210144 -0.03625921159982681
1305031106.711508 0.9997775554656982 0.01523161306977272 0.014590436592698097 -0.005928872153162956 -0.016003843396902084 0.9983931183815002 0.05436060205101967 -0.04993372783064842 -0.013738982379436493 -0.054582010954618454 0.9984148740768433 -0.05208897218108177
1305031106.743341 0.9998685717582703 0.01587769016623497 0.003280465491116047 -0.008607313968241215 -0.016025489196181297 0.998547375202179 0.051443494856357574 -0.052133213728666306 -0.0024588899686932564 -0.05148930847644806 0.9986705780029297 -0.07019460201263428
1305031106.77539 0.9998005628585815 0.01677151396870613 -0.010846075601875782 -0.0062616001814603806 -0.016206005588173866 0.9986037015914917 0.0502784326672554 -0.05438791215419769 0.011674183420836926 -0.050092633813619614 0.9986763596534729 -0.08895857632160187
1305031106.811289 0.9996353387832642 0.018254874274134636 -0.01989726722240448 -0.005272699054330587 -0.017232747748494148 0.9985813498497009 0.05038454383611679 -0.05352795124053955 0.020788807421922684 -0.05002328380942345 0.9985316395759583 -0.10762124508619308
1305031106.843416 0.9993699789047241 0.021757381036877632 -0.028041411191225052 -0.005367535166442394 -0.020187359303236008 0.9982765316963196 0.05510599538683891 -0.06261595338582993 0.02919205278158188 -0.054505184292793274 0.9980866312980652 -0.1248607411980629
1305031106.875905 0.9989292621612549 0.029484346508979797 -0.0356508269906044 -0.001109335571527481 -0.027921296656131744 0.9986600279808044 0.043573543429374695 -0.06509307771921158 0.03688778728246689 -0.04253147169947624 0.9984139204025269 -0.1443554311990738
1305031106.911243 0.9987488389015198 0.037880055606365204 -0.03264915570616722 -0.002630514558404684 -0.03677097335457802 0.998747706413269 0.03392604738473892 -0.06139702349901199 0.033893391489982605 -0.03268305957317352 0.9988908767700195 -0.16580583155155182
1305031106.943439 0.9984855055809021 0.04678114503622055 -0.02895115315914154 -0.003968555945903063 -0.045808035880327225 0.9983915090560913 0.03340911120176315 -0.06785505264997482 0.030467486009001732 -0.0320323221385479 0.999022364616394 -0.18271350860595703
1305031106.975547 0.9982815980911255 0.052414968609809875 -0.026205087080597878 -0.0026338230818510056 -0.051804207265377045 0.9983816146850586 0.02346683293581009 -0.07425840198993683 0.02739267610013485 -0.022068969905376434 0.9993811845779419 -0.2022387534379959
1305031107.011576 0.9979974031448364 0.06059455871582031 -0.018158821389079094 -0.006793989334255457 -0.06047312915325165 0.998144268989563 0.007163941860198975 -0.06773771345615387 0.018559206277132034 -0.006051480770111084 0.9998095035552979 -0.22810815274715424
1305031107.043281 0.997850775718689 0.06366395205259323 -0.01551884412765503 -0.0046465531922876835 -0.06354250013828278 0.9979454874992371 0.008197574876248837 -0.07243843376636505 0.01600884646177292 -0.007193849887698889 0.9998460412025452 -0.2460738867521286
1305031107.075432 0.9977914690971375 0.06556279957294464 -0.01065471488982439 -0.011415991932153702 -0.06553720682859421 0.9978464245796204 0.002732545370236039 -0.08099688589572906 0.010810928419232368 -0.002028228947892785 0.9999395608901978 -0.2651413083076477
1305031107.111229 0.9976619482040405 0.06668589264154434 -0.014948567375540733 -0.008248763158917427 -0.06684650480747223 0.9977078437805176 -0.010514846071600914 -0.075489841401577 0.014213118702173233 0.011489525437355042 0.9998330473899841 -0.28331640362739563
1305031107.14326 0.9976773858070374 0.06668098270893097 -0.013909047469496727 -0.006201257463544607 -0.0668778195977211 0.9976600408554077 -0.01420142687857151 -0.0743914395570755 0.012929546646773815 0.015098652802407742 0.9998024106025696 -0.3023659586906433
1305031107.175399 0.997515082359314 0.06995166838169098 -0.008402288891375065 -0.008805838413536549 -0.0700717568397522 0.9974296689033508 -0.014966847375035286 -0.08258841931819916 0.007333728484809399 0.015518423169851303 0.9998527765274048 -0.3139994442462921
1305031107.211358 0.9973320364952087 0.07281320542097092 -0.0052240281365811825 -0.006534975953400135 -0.07292373478412628 0.9970088601112366 -0.025605138391256332 -0.08828698843717575 0.0033440026454627514 0.02591778337955475 0.9996585249900818 -0.33086028695106506
1305031107.243378 0.9973134994506836 0.07325220108032227 0.00021218974143266678 -0.005633076187223196 -0.073185995221138 0.9965270757675171 -0.039719853550195694 -0.08587557822465897 -0.003121024928987026 0.03959762305021286 0.9992108941078186 -0.347427636384964
1305031107.275398 0.9972923994064331 0.07326123118400574 0.006391909904778004 -0.004667595494538546 -0.07285041362047195 0.9960790276527405 -0.050193119794130325 -0.08878359198570251 -0.010044066235423088 0.04959157109260559 0.9987190961837769 -0.362089604139328
1305031107.311226 0.9971846342086792 0.07416126877069473 0.011084132827818394 -0.0017874459736049175 -0.07331254333257675 0.9952788949012756 -0.06360366940498352 -0.09378713369369507 -0.015748729929327965 0.06261199712753296 0.997913658618927 -0.37750470638275146
1305031107.343509 0.9970143437385559 0.07537964731454849 0.016739701852202415 0.0011045606806874275 -0.07371549308300018 0.9937137961387634 -0.08425437659025192 -0.09963150322437286 -0.022985540330410004 0.08276883512735367 0.9963036179542542 -0.3917286694049835
1305031107.375413 0.9968075752258301 0.07581976056098938 0.025020241737365723 0.003160214051604271 -0.07277008146047592 0.9916980862617493 -0.10601640492677689 -0.09103627502918243 -0.03285066410899162 0.10385723412036896 0.9940494894981384 -0.4040312170982361
1305031107.411271 0.9963418245315552 0.07822998613119125 0.03439263999462128 0.004295690916478634 -0.073642298579216 0.9901745319366455 -0.11887525022029877 -0.09185147285461426 -0.043354324996471405 0.11590762436389923 0.9923133850097656 -0.4141561686992645
1305031107.443419 0.9961916208267212 0.07670050859451294 0.04146282747387886 0.0090919379144907 -0.07081004232168198 0.9891729354858398 -0.12854140996932983 -0.09129595756530762 -0.05087312310934067 0.12511587142944336 0.9908369779586792 -0.42216700315475464
1305031107.475377 0.995986819267273 0.07445114850997925 0.04967249557375908 0.011990608647465706 -0.06715822964906693 0.9885546565055847 -0.13509130477905273 -0.09093155711889267 -0.05916169285774231 0.13121318817138672 0.9895873069763184 -0.42460107803344727
1305031107.511352 0.9956760406494141 0.0736626535654068 0.05659525841474533 0.013755448162555695 -0.06509033590555191 0.9879098534584045 -0.14070378243923187 -0.08401747792959213 -0.06627564132213593 0.13641153275966644 0.988432765007019 -0.42880314588546753
1305031107.543605 0.9957200884819031 0.06920603662729263 0.061254795640707016 0.018106374889612198 -0.06038080155849457 0.9889010190963745 -0.13575313985347748 -0.08434482663869858 -0.06996987760066986 0.13147349655628204 0.9888473153114319 -0.42907795310020447
1305031107.575454 0.9958413243293762 0.06389763206243515 0.06494034826755524 0.020729968324303627 -0.054800305515527725 0.9895567297935486 -0.13332094252109528 -0.09011193364858627 -0.07278107106685638 0.12920774519443512 0.9889430999755859 -0.42795634269714355
1305031107.611271 0.995727002620697 0.0612219013273716 0.0691363587975502 0.02048604190349579 -0.05124727636575699 0.9891309142112732 -0.1378173679113388 -0.08111855387687683 -0.07682237774133682 0.1336853951215744 0.988041877746582 -0.4275694787502289
1305031107.643323 0.9957985281944275 0.058311693370342255 0.07060594111680984 0.024225154891610146 -0.048708125948905945 0.9902079105377197 -0.13082760572433472 -0.08148193359375 -0.07754335552453995 0.1268388330936432 0.9888877868652344 -0.424920916557312
1305031107.675568 0.9959344267845154 0.05619535595178604 0.07040330767631531 0.026609711349010468 -0.046855587512254715 0.9906764030456543 -0.12792450189590454 -0.08194547891616821 -0.07693569362163544 0.12410562485456467 0.9892818331718445 -0.4220430850982666
1305031107.711307 0.9961262345314026 0.05359936133027077 0.06971148401498795 0.026800183579325676 -0.044470369815826416 0.9909714460372925 -0.1264832317829132 -0.07782785594463348 -0.07586152106523514 0.12289316207170486 0.9895160794258118 -0.4191487431526184
1305031107.743538 0.996161699295044 0.05316394194960594 0.06953716278076172 0.022298133000731468 -0.04442721977829933 0.991577684879303 -0.12165410071611404 -0.07265996187925339 -0.07541915029287338 0.11809781193733215 0.9901337027549744 -0.4175056517124176
1305031107.775802 0.9964101910591125 0.05553571134805679 0.06389562785625458 0.02282729372382164 -0.04790286719799042 0.9921699166297913 -0.11534368991851807 -0.07354740798473358 -0.06980104744434357 0.11186884343624115 0.9912683367729187 -0.41313648223876953
1305031107.811596 0.9966948628425598 0.05522323027253151 0.05958062410354614 0.02501240186393261 -0.04830491915345192 0.9925461411476135 -0.11188766360282898 -0.07092885673046112 -0.06531533598899841 0.10863982141017914 0.9919329285621643 -0.40990298986434937
1305031107.843332 0.9966112971305847 0.056410692632198334 0.059864334762096405 0.024958962574601173 -0.049779247492551804 0.9930113554000854 -0.10700688511133194 -0.06968630105257034 -0.06548228859901428 0.10366426408290863 0.9924545288085938 -0.40909576416015625
1305031107.875358 0.9961734414100647 0.06312764436006546 0.06044388189911842 0.030672641471028328 -0.05660519748926163 0.9929513931274414 -0.10413113981485367 -0.07393274456262589 -0.06659137457609177 0.10031124204397202 0.9927252531051636 -0.4060075283050537
1305031107.911541 0.9955424070358276 0.06778261810541153 0.06558127701282501 0.03567543625831604 -0.06055433675646782 0.9924623966217041 -0.10654406249523163 -0.07387859374284744 -0.07230877876281738 0.10209789127111435 0.9921429753303528 -0.4031278192996979
1305031107.943122 0.9950494766235352 0.06920617818832397 0.07132342457771301 0.04225762188434601 -0.061099305748939514 0.9920326471328735 -0.11017338186502457 -0.07580938935279846 -0.07837983220815659 0.10527016222476959 0.9913500547409058 -0.40146562457084656
1305031107.975807 0.994504451751709 0.0687447041273117 0.07896329462528229 0.050840072333812714 -0.05948478356003761 0.9916793704032898 -0.11416476219892502 -0.07893329858779907 -0.08615449070930481 0.10884025692939758 0.9903188347816467 -0.39970558881759644
1305031108.01132 0.9937000870704651 0.07182014733552933 0.08603541553020477 0.06227516382932663 -0.06119130924344063 0.9908407330513 -0.1203751340508461 -0.08110076189041138 -0.09389276057481766 0.11435215175151825 0.988993227481842 -0.39816445112228394
1305031108.043418 0.9929722547531128 0.06851164996623993 0.09650079160928726 0.07943210005760193 -0.05603058263659477 0.9903725385665894 -0.1265818476676941 -0.07839345932006836 -0.10424406081438065 0.12028525024652481 0.9872509837150574 -0.3997249901294708
1305031108.075352 0.9916080832481384 0.057673849165439606 0.1157030314207077 0.0885029286146164 -0.04259580373764038 0.9907554984092712 -0.12879827618598938 -0.08075758814811707 -0.12206171452999115 0.12278895080089569 0.984897792339325 -0.3921671509742737
1305031108.111378 0.990207314491272 0.0577925480902195 0.127080500125885 0.0991821214556694 -0.040613748133182526 0.9901703000068665 -0.13383987545967102 -0.08333112299442291 -0.1335662603378296 0.1273679882287979 0.9828212261199951 -0.3865678906440735
1305031108.143334 0.9898154139518738 0.057313546538352966 0.13030906021595 0.11794841289520264 -0.0385897196829319 0.9891254305839539 -0.14192098379135132 -0.07632489502429962 -0.13702598214149475 0.13544701039791107 0.9812633991241455 -0.38546109199523926
1305031108.176058 0.9891765713691711 0.05113891512155533 0.13753053545951843 0.12993258237838745 -0.031520597636699677 0.9894769787788391 -0.1412147581577301 -0.06979221105575562 -0.14330489933490753 0.135351300239563 0.9803794026374817 -0.3830220103263855
1305031108.211475 0.9887827038764954 0.05109058693051338 0.14035078883171082 0.14316749572753906 -0.032742690294981 0.990965723991394 -0.13005708158016205 -0.07365758717060089 -0.1457274854183197 0.12400273978710175 0.9815226793289185 -0.38015514612197876
1305031108.243347 0.9881182909011841 0.054868392646312714 0.1435673087835312 0.16343195736408234 -0.03679530322551727 0.9913931488990784 -0.1256416141986847 -0.08244618028402328 -0.1492253988981247 0.11886617541313171 0.9816325306892395 -0.3762214183807373
1305031108.275358 0.9869185090065002 0.054190296679735184 0.1518392115831375 0.1764463633298874 -0.0344436950981617 0.9909439086914062 -0.12978462874889374 -0.07441992312669754 -0.15749721229076385 0.12285695970058441 0.9798473119735718 -0.37211573123931885
1305031108.311332 0.9863191246986389 0.05108671635389328 0.15673182904720306 0.18418465554714203 -0.031772881746292114 0.9918549060821533 -0.12334705144166946 -0.07090917229652405 -0.16175663471221924 0.11667969822883606 0.9799084663391113 -0.3672769367694855
1305031108.343278 0.9867261052131653 0.04639561101794243 0.15562529861927032 0.19364655017852783 -0.028997227549552917 0.9932557940483093 -0.11225928366184235 -0.06971900165081024 -0.15978409349918365 0.10625644028186798 0.981416642665863 -0.36386290192604065
1305031108.37541 0.9877782464027405 0.03514900058507919 0.15185080468654633 0.20154348015785217 -0.019484777003526688 0.9944450259208679 -0.10343778133392334 -0.06629464030265808 -0.15464302897453308 0.0992148369550705 0.9829760193824768 -0.35809245705604553
1305031108.411361 0.9898772239685059 0.021207520738244057 0.1403321623802185 0.22330130636692047 -0.007946817204356194 0.9955036044120789 -0.09438882023096085 -0.06436353921890259 -0.14170295000076294 0.09231817722320557 0.9855950474739075 -0.355318546295166
1305031108.44361 0.990561842918396 0.007436362560838461 0.13686414062976837 0.2385513186454773 0.004278894048184156 0.9963626861572266 -0.08510502427816391 -0.06352143734693527 -0.1369992196559906 0.08488743752241135 0.9869272708892822 -0.353909969329834
1305031108.475471 0.9908878207206726 -0.006747139617800713 0.13452015817165375 0.254533052444458 0.01722555235028267 0.9968912601470947 -0.07688383758068085 -0.06814591586589813 -0.1335832178592682 0.07850047200918198 0.9879236817359924 -0.3506840169429779
1305031108.511378 0.9904488325119019 -0.0153766218572855 0.1370205134153366 0.2756149172782898 0.02570164017379284 0.9969339370727539 -0.07390639185905457 -0.0760522410273552 -0.13546398282051086 0.0767221599817276 0.9878073334693909 -0.3510952591896057
1305031108.543737 0.9885397553443909 -0.011855046264827251 0.15049467980861664 0.29220983386039734 0.024377593770623207 0.9963638782501221 -0.08163930475711823 -0.0789722204208374 -0.14897964894771576 0.08437240868806839 0.9852341413497925 -0.3514423370361328
1305031108.575414 0.9867804050445557 -0.006897427141666412 0.16191598773002625 0.3010583221912384 0.02189343050122261 0.9956087470054626 -0.09101552516222 -0.07298097759485245 -0.16057723760604858 0.09335724264383316 0.9825983047485352 -0.3521108627319336
1305031108.611407 0.9853198528289795 -0.009344732388854027 0.17046266794204712 0.32082048058509827 0.025046177208423615 0.9956092238426208 -0.09019448608160019 -0.07298223674297333 -0.16887140274047852 0.09313984960317612 0.981227457523346 -0.3502531349658966
1305031108.643303 0.9833498001098633 -0.012658040970563889 0.18128177523612976 0.33371588587760925 0.029838133603334427 0.9952785968780518 -0.09235920011997223 -0.06740295886993408 -0.17925681173801422 0.09623051434755325 0.9790846109390259 -0.350411057472229
1305031108.675375 0.9824314713478088 -0.022713592275977135 0.18523651361465454 0.35782837867736816 0.039770208299160004 0.995246946811676 -0.08889114856719971 -0.06013026461005211 -0.18233713507652283 0.09469632804393768 0.978665292263031 -0.35311487317085266
1305031108.711411 0.9788863658905029 -0.03270311281085014 0.20177225768566132 0.36519503593444824 0.0491519421339035 0.995814323425293 -0.07705694437026978 -0.06529391556978226 -0.19840779900550842 0.08534747362136841 0.9763964414596558 -0.3523416519165039
