0.1037359 0.9999904036521912 -0.0025867021176964045 -0.003528018482029438 -0.00024648074759170413 0.002579484600573778 0.9999945759773254 -0.0020486984867602587 -0.00039930769708007574 0.0035332990810275078 0.002039578277617693 0.9999917149543762 0.042321138083934784
0.2073381 0.999971866607666 -0.0013048882829025388 -0.007382748648524284 -0.0010037114843726158 0.0012772477930411696 0.9999921917915344 -0.003747352631762624 -0.0005132273072376847 0.007387582678347826 0.0037378177512437105 0.9999657273292542 0.08407700806856155
0.3110752 0.9999345541000366 -0.0013715404784306884 -0.011361831799149513 -0.0017151733627542853 0.0013126920675858855 0.9999856948852539 -0.005185255780816078 -0.0007563305553048849 0.011368781328201294 0.005170001648366451 0.999921977519989 0.1267329901456833
0.4146917 0.9998645186424255 2.9194077797001228e-05 -0.016461897641420364 -0.002591131255030632 -0.000123668898595497 0.9999834895133972 -0.005738016217947006 -0.001165227615274489 0.016461458057165146 0.005739273969084024 0.9998480081558228 0.1702462136745453
0.5184302 0.9997844696044922 -0.001446060254238546 -0.020713942125439644 -0.0037219999358057976 0.001324174809269607 0.9999817609786987 -0.0058967177756130695 -0.001655930420383811 0.02072209306061268 0.005868018139153719 0.9997679591178894 0.21446482837200165
0.6220448 0.9996923208236694 0.0006949629751034081 -0.024795224890112877 -0.005632372573018074 -0.0008699106983840466 0.9999747276306152 -0.0070455968379974365 -0.0022468697279691696 0.024789707735180855 0.007064999081194401 0.9996677041053772 0.2594315707683563
0.7257977 0.9995473623275757 0.003495370037853718 -0.02988208644092083 -0.007351909298449755 -0.0037345036398619413 0.9999613761901855 -0.007950500585138798 -0.002506694756448269 0.029853148385882378 0.008058496750891209 0.999521791934967 0.3055742383003235
0.8294199 0.9994180798530579 0.00366983562707901 -0.0339118093252182 -0.00952194258570671 -0.003897080896422267 0.9999703168869019 -0.006637409329414368 -0.0027635516598820686 0.03388645499944687 0.006765703670680523 0.9994027614593506 0.3527790904045105
0.9331467 0.999254047870636 0.002786702010780573 -0.038516778498888016 -0.011348593980073929 -0.002929819980636239 0.9999889731407166 -0.003659783862531185 -0.003501659259200096 0.0385061576962471 0.003769901115447283 0.999251127243042 0.4005586802959442
1.03691 0.9991162419319153 0.002698899246752262 -0.041945572942495346 -0.013535130769014359 -0.002739296993240714 0.9999958276748657 -0.0009056509006768465 -0.004001413006335497 0.04194295033812523 0.0010197516530752182 0.9991194605827332 0.449110209941864
1.140497 0.9990278482437134 0.0037470597308129072 -0.043924570083618164 -0.0168619267642498 -0.0038232954684644938 0.999991238117218 -0.0016517257317900658 -0.004444596357643604 0.04391799494624138 0.0018180569168180227 0.999033510684967 0.4975658357143402
1.244242 0.9989209771156311 0.003244301537051797 -0.04632996395230293 -0.018938973546028137 -0.003300564596429467 0.9999939203262329 -0.0011379574425518513 -0.005476031452417374 0.04632598161697388 0.001289644744247198 0.9989256262779236 0.54673832654953
1.347979 0.9988565444946289 0.00029615999665111303 -0.047808703035116196 -0.021827906370162964 -0.0004037180624436587 0.9999973773956299 -0.0022401108872145414 -0.005429614335298538 0.04780792444944382 0.0022568502463400364 0.9988539218902588 0.5967355966567993
1.451596 0.9987537264823914 0.0004704457533080131 -0.04990893974900246 -0.024487290531396866 -0.0005505121080204844 0.9999985694885254 -0.0015905078034847975 -0.0056129139848053455 0.04990813136100769 0.0016160013619810343 0.9987524747848511 0.6473196148872375
1.555212 0.9986813068389893 -0.0016233812784776092 -0.05131348967552185 -0.02711551822721958 0.0015362512785941362 0.9999973177909851 -0.0017373879672959447 -0.006366729270666838 0.05131617560982704 0.0016562656965106726 0.9986810088157654 0.6981611251831055
1.65896 0.9986169338226318 0.0005660945316776633 -0.05257413536310196 -0.030876826494932175 -0.0007388281519524753 0.9999943971633911 -0.0032661487348377705 -0.007475902326405048 0.052571993321180344 0.003300473792478442 0.9986116290092468 0.7491514682769775
1.762569 0.9985021352767944 0.0007884444785304368 -0.0547054186463356 -0.0329878106713295 -0.0011618029093369842 0.9999762177467346 -0.0067934272810816765 -0.007403271738439798 0.05469875782728195 0.0068468088284134865 0.998479425907135 0.8017619252204895
1.866302 0.9984201192855835 0.005230369511991739 -0.0559457391500473 -0.03690308704972267 -0.005734086036682129 0.9999443292617798 -0.008846943266689777 -0.007827211171388626 0.055896349251270294 0.009153762832283974 0.9983946084976196 0.8536067605018616
1.969923 0.9983326196670532 0.005987854208797216 -0.05741205811500549 -0.040179651230573654 -0.006464050151407719 0.9999463558197021 -0.008112250827252865 -0.009082267992198467 0.057360388338565826 0.00846984051167965 0.998317539691925 0.9074471592903137
2.073666 0.998259961605072 0.004757099784910679 -0.0587741881608963 -0.04360567778348923 -0.0051049888134002686 0.9999703764915466 -0.005770345218479633 -0.010398725047707558 0.058744993060827255 0.006060346961021423 0.9982545375823975 0.9608208537101746
2.177281 0.9981842637062073 0.005862204823642969 -0.05994832515716553 -0.04713831841945648 -0.006176155526190996 0.9999681711196899 -0.0050530931912362576 -0.010619094595313072 0.05991678684949875 0.005414167419075966 0.9981886744499207 1.0148496627807617
2.281017 0.9981523752212524 0.005606653168797493 -0.060500673949718475 -0.05108073726296425 -0.0059289331547915936 0.9999692440032959 -0.005148696713149548 -0.01144099049270153 0.060469936579465866 0.00549788773059845 0.9981548190116882 1.0688084363937378
2.384639 0.9980272650718689 0.0050475201569497585 -0.0625794529914856 -0.05398446321487427 -0.00544247031211853 0.9999662637710571 -0.006142318714410067 -0.011983221396803856 0.06254632025957108 0.0064707868732512 0.9980210661888123 1.1228874921798706
2.48825 0.997930645942688 0.004028967581689358 -0.06417394429445267 -0.057176776230335236 -0.004480819217860699 0.9999661445617676 -0.006898664403706789 -0.01301331166177988 0.06414397805929184 0.007171939592808485 0.9979147911071777 1.177355408668518
2.591988 0.9979144930839539 0.0037672666367143393 -0.0644402801990509 -0.061167363077402115 -0.004096777644008398 0.9999791979789734 -0.004982064012438059 -0.013667022809386253 0.064420185983181 0.005235671065747738 0.9979091286659241 1.2327824831008911
2.695832 0.9979265928268433 0.005035011563450098 -0.06416558474302292 -0.06545024365186691 -0.005129470024257898 0.9999859929084778 -0.001307445578277111 -0.014673224650323391 0.06415810436010361 0.0016338699497282505 0.9979384541511536 1.2885602712631226
2.799367 0.9979768395423889 0.005731683690100908 -0.06332053989171982 -0.06880441308021545 -0.005606981460005045 0.9999819397926331 0.002146916463971138 -0.015037760138511658 0.06333168596029282 -0.001787535729818046 0.9979909658432007 1.3438103199005127
2.903084 0.998054027557373 0.005109204910695553 -0.06214609742164612 -0.07212228327989578 -0.00484906230121851 0.9999788403511047 0.004336100071668625 -0.015053192153573036 0.062166932970285416 -0.00402631051838398 0.9980577230453491 1.3994563817977905
3.006768 0.9982017278671265 0.005176276434212923 -0.05972036346793175 -0.07623403519392014 -0.00484312791377306 0.9999718070030212 0.005721886642277241 -0.01577111892402172 0.05974829941987991 -0.005422363057732582 0.9981987476348877 1.455808401107788
3.110441 0.9982231259346008 0.006031026132404804 -0.05928188934922218 -0.07876432687044144 -0.005890776868909597 0.9999794363975525 0.0025402968749403954 -0.016104092821478844 0.05929599329829216 -0.0021865665912628174 0.9982380867004395 1.5124818086624146
3.214057 0.9983339309692383 0.0069710807874798775 -0.057278573513031006 -0.08338544517755508 -0.007146467920392752 0.9999703168869019 -0.002857732120901346 -0.01565784588456154 0.05725695937871933 0.0032623098231852055 0.9983541369438171 1.5683307647705078
3.317669 0.9984042048454285 0.005912539083510637 -0.05616196244955063 -0.0866677314043045 -0.006216606590896845 0.9999669790267944 -0.00524096516892314 -0.016677670180797577 0.05612912029027939 0.005581739824265242 0.9984079003334045 1.625430703163147
3.421285 0.998441755771637 0.003882728051394224 -0.055668894201517105 -0.08961747586727142 -0.004144389182329178 0.9999809265136719 -0.004585635848343372 -0.017190106213092804 0.055650029331445694 0.004809203092008829 0.9984387755393982 1.6827913522720337
3.524925 0.9984632730484009 0.0019565196707844734 -0.05538267642259598 -0.09303389489650726 -0.0019311938667669892 0.9999980330467224 0.0005108083132654428 -0.017912378534674644 0.05538356676697731 -0.00040306837763637304 0.9984650015830994 1.7404961585998535
3.628545 0.998432457447052 -0.0014080683467909694 -0.05595288425683975 -0.09641304612159729 0.001590820960700512 0.9999935626983643 0.0032217861153185368 -0.018230106681585312 0.05594798922538757 -0.0033057460095733404 0.9984281659126282 1.7983847856521606
3.732256 0.9983153939247131 -0.008620192296802998 -0.057375647127628326 -0.09869641065597534 0.008818624541163445 0.9999560117721558 0.0032061815727502108 -0.01912585273385048 0.05734547600150108 -0.003706754418089986 0.9983475804328918 1.856494665145874
3.835871 0.9982064962387085 -0.010100961662828922 -0.05900556966662407 -0.10178329795598984 0.010065996088087559 0.9999489188194275 -0.0008897916413843632 -0.0194901954382658 0.0590115562081337 0.0002942464780062437 0.9982572197914124 1.9137805700302124
3.939488 0.9981408715248108 -0.01000924501568079 -0.06012200191617012 -0.10579583048820496 0.009707514196634293 0.9999388456344604 -0.00530861783772707 -0.019650867208838463 0.0601714588701725 0.0047151134349405766 0.9981769323348999 1.9711239337921143
4.043107 0.9980341196060181 -0.009554393589496613 -0.06194113567471504 -0.11016345769166946 0.00922997947782278 0.9999421834945679 -0.005521462764590979 -0.020579509437084198 0.06199030578136444 0.004938891623169184 0.9980644583702087 2.031916379928589
4.146888 0.9979578852653503 -0.009689011611044407 -0.06313669681549072 -0.11347420513629913 0.009428955614566803 0.9999457597732544 -0.004415581934154034 -0.020848382264375687 0.06317605823278427 0.003811251139268279 0.9979950785636902 2.0917673110961914
4.25046 0.9979222416877747 -0.006629881449043751 -0.06408795714378357 -0.11797128617763519 0.00659028347581625 0.9999780654907227 -0.0008292232523672283 -0.022624468430876732 0.06409206241369247 0.000405142258387059 0.9979439377784729 2.1501572132110596
4.354202 0.9978643655776978 -0.006458687130361795 -0.06499941647052765 -0.1223677545785904 0.0064859092235565186 0.9999790191650391 0.00020781217608600855 -0.023043222725391388 0.06499671936035156 -0.0006289487355388701 0.9978852868080139 2.2093188762664795
4.45794 0.9977662563323975 -0.005262047052383423 -0.06659351289272308 -0.1258665919303894 0.005461624823510647 0.999981164932251 0.0028152535669505596 -0.02368326485157013 0.06657744944095612 -0.0031726742163300514 0.997776210308075 2.2693166732788086
4.561559 0.9977931976318359 -0.005272674839943647 -0.06618967652320862 -0.13025213778018951 0.00568494014441967 0.9999656081199646 0.006041735876351595 -0.02437971904873848 0.06615555286407471 -0.0064046867191791534 0.997788667678833 2.3300187587738037
4.665293 0.9978232383728027 0.0008264205534942448 -0.06594197452068329 -0.1354769766330719 -0.0002817563945427537 0.9999657869338989 0.008268631994724274 -0.024638496339321136 0.0659465491771698 -0.008232052437961102 0.9977891445159912 2.388533115386963
4.768912 0.9977832436561584 0.0010159886442124844 -0.06654087454080582 -0.13950569927692413 -0.0005049427272751927 0.9999702572822571 0.007696554064750671 -0.025463731959462166 0.06654670089483261 -0.007645891979336739 0.9977540373802185 2.4488227367401123
4.872532 0.9977470636367798 0.0010452107526361942 -0.06708115339279175 -0.1426047831773758 -0.0006149015389382839 0.9999791383743286 0.006435086484998465 -0.02609129063785076 0.06708647310733795 -0.006379339378327131 0.9977267384529114 2.5074877738952637
4.976146 0.9977630972862244 0.003825350431725383 -0.0667412057518959 -0.1474827080965042 -0.0036021536216139793 0.9999874830245972 0.0034642349928617477 -0.02604558691382408 0.06675362586975098 -0.003216072451323271 0.9977642297744751 2.566415548324585
5.079909 0.9977061152458191 0.0028571586590260267 -0.06763400137424469 -0.15190358459949493 -0.0026016919873654842 0.9999891519546509 0.0038649742491543293 -0.026683442294597626 0.06764430552721024 -0.0036801451351493597 0.9977026581764221 2.6258530616760254
5.183503 0.9976229667663574 0.0011354639427736402 -0.06889966130256653 -0.1555619090795517 -0.0008354532765224576 0.9999900460243225 0.004382976330816746 -0.02661960944533348 0.06890394538640976 -0.0043149953708052635 0.9976139664649963 2.6839163303375244
5.287117 0.9975603222846985 0.0026929748710244894 -0.06975894421339035 -0.16025757789611816 -0.0023477962240576744 0.999984622001648 0.005029685329645872 -0.027165045961737633 0.069771409034729 -0.00485363369807601 0.9975511431694031 2.743110418319702
5.390861 0.9975466728210449 0.003475245786830783 -0.06991762667894363 -0.16454607248306274 -0.003327362472191453 0.9999920129776001 0.002231461927294731 -0.027913417667150497 0.06992481648921967 -0.0019933460280299187 0.9975501894950867 2.8014285564422607
5.494473 0.9973766803741455 0.003863919759169221 -0.072284035384655 -0.16740667819976807 -0.00399526534602046 0.9999906420707703 -0.0016725773457437754 -0.0286853164434433 0.07227689027786255 0.0019569837022572756 0.9973825812339783 2.859734296798706
5.598233 0.9974441528320312 0.005225351545959711 -0.07125864177942276 -0.17334824800491333 -0.005489265080541372 0.9999788403511047 -0.003508256282657385 -0.028954818844795227 0.07123879343271255 0.0038904473185539246 0.9974517226219177 2.9175169467926025
5.701829 0.9974479675292969 0.004089339170604944 -0.07127965986728668 -0.17770755290985107 -0.0041075823828577995 0.9999915957450867 -0.00010934635065495968 -0.029665254056453705 0.07127858698368073 0.000401853583753109 0.997456431388855 2.9751038551330566
5.805571 0.9974565505981445 0.002154103247448802 -0.07124490290880203 -0.18197402358055115 -0.0019391123205423355 0.9999933242797852 0.003086676588281989 -0.03046453185379505 0.07125107944011688 -0.002940674079582095 0.9974539875984192 3.0329222679138184
5.909185 0.9974395632743835 0.0006030855001881719 -0.0715123787522316 -0.18615955114364624 -0.0003363689174875617 0.9999929666519165 0.0037416494451463223 -0.03138379752635956 0.07151412218809128 -0.003708014963194728 0.9974325895309448 3.08998441696167
6.012921 0.9974230527877808 -0.003152021672576666 -0.07167453318834305 -0.18993313610553741 0.0033549328800290823 0.999990701675415 0.002710800152271986 -0.032036859542131424 0.07166533172130585 -0.002944277599453926 0.9974243640899658 3.1474761962890625
6.116541 0.9973862171173096 -0.005888231098651886 -0.07201466709375381 -0.19411826133728027 0.006026245653629303 0.9999804496765137 0.0016993507742881775 -0.03282540664076805 0.07200324535369873 -0.0021288865245878696 0.9974021315574646 3.204028367996216
6.220278 0.997290313243866 -0.007093210704624653 -0.0732228010892868 -0.19803573191165924 0.007311569061130285 0.9999696016311646 0.0027144928462803364 -0.033764246851205826 0.07320131361484528 -0.0032425113022327423 0.9973118901252747 3.260376453399658
6.323895 0.9972051382064819 -0.010670416057109833 -0.07394632697105408 -0.20207595825195312 0.011189290322363377 0.999915599822998 0.006606182083487511 -0.03379533439874649 0.07386958599090576 -0.007415125146508217 0.9972403049468994 3.3162379264831543
6.427659 0.9971399903297424 -0.010921039618551731 -0.07478471845388412 -0.20639009773731232 0.01184807438403368 0.9998582005500793 0.011963573284447193 -0.03470699489116669 0.07464347779750824 -0.012815410271286964 0.997127890586853 3.373183012008667
6.531383 0.9971157908439636 -0.00910200085490942 -0.07534822821617126 -0.2108360081911087 0.010179339908063412 0.9998511672019958 0.013926410116255283 -0.03484078496694565 0.07521026581525803 -0.014653237536549568 0.9970600605010986 3.4289987087249756
6.634992 0.9970085024833679 -0.008062361739575863 -0.07687093317508698 -0.21507781744003296 0.008891350589692593 0.9999058842658997 0.010448038578033447 -0.03531200438737869 0.07677946984767914 -0.01110027078539133 0.9969862103462219 3.485107183456421
6.738741 0.9969659447669983 -0.006169559434056282 -0.07759440690279007 -0.22023838758468628 0.006386967375874519 0.9999763369560242 0.002554008737206459 -0.035503704100847244 0.07757680863142014 -0.0030418531969189644 0.9969817399978638 3.539000988006592
6.84235 0.9968628287315369 -0.004613401368260384 -0.07901424169540405 -0.2240910828113556 0.004432979505509138 0.9999871850013733 -0.0024586431682109833 -0.036079682409763336 0.07902456820011139 0.0021006613969802856 0.9968704581260681 3.5940213203430176
6.945963 0.996795654296875 0.0002518785768188536 -0.07999071478843689 -0.2286873459815979 -0.0003881258890032768 0.9999985098838806 -0.0016877283342182636 -0.03667610138654709 0.07999017089605331 0.0017133662477135658 0.9967941045761108 3.6470580101013184
7.049705 0.9967283010482788 0.002880295505747199 -0.08077437430620193 -0.23382273316383362 -0.0028111741412431 0.9999955892562866 0.0009694533655419946 -0.03808992728590965 0.08077681809663773 -0.0007392107509076595 0.9967319369316101 3.7011332511901855
7.153323 0.9966608881950378 0.005781921092420816 -0.0814475491642952 -0.2387499213218689 -0.00559691246598959 0.9999812841415405 0.002499629743397236 -0.038747046142816544 0.08146046102046967 -0.0020354283042252064 0.9966744780540466 3.7526423931121826
7.256934 0.9965246915817261 0.006031129043549299 -0.08308059722185135 -0.24260371923446655 -0.005867369007319212 0.9999802708625793 0.0022151372395455837 -0.03937681019306183 0.08309231698513031 -0.001719973748549819 0.996540367603302 3.8045029640197754
7.360549 0.9963454008102417 0.007973638363182545 -0.08504277467727661 -0.2470170557498932 -0.007747274357825518 0.9999655485153198 0.0029914705082774162 -0.040056731551885605 0.08506370335817337 -0.0023216879926621914 0.9963727593421936 3.85530424118042
7.464167 0.9962568283081055 0.008931174874305725 -0.08598163723945618 -0.2519957423210144 -0.008667095564305782 0.9999564290046692 0.003444165922701359 -0.04054257273674011 0.08600865304470062 -0.002686062129214406 0.9962907433509827 3.9055981636047363
7.567786 0.9961390495300293 0.008854171261191368 -0.08734266459941864 -0.25670725107192993 -0.008525893092155457 0.9999550580978394 0.004130854737013578 -0.04158435016870499 0.08737530559301376 -0.00337023101747036 0.9961697459220886 3.953432321548462
7.671396 0.9960141181945801 0.007991853170096874 -0.08883664757013321 -0.2608472406864166 -0.007571021094918251 0.9999584555625916 0.00507308728992939 -0.041904233396053314 0.08887352794408798 -0.004380283877253532 0.9960331916809082 4.00340461730957
7.775144 0.9958663582801819 0.011108561418950558 -0.09014742076396942 -0.2655520439147949 -0.010484890080988407 0.99991774559021 0.0073889559134840965 -0.041692301630973816 0.09022209048271179 -0.006413227878510952 0.9959009289741516 4.051242351531982
7.878754 0.9957414269447327 0.01249145157635212 -0.09133928269147873 -0.26986491680145264 -0.01145211048424244 0.9998636245727539 0.011894210241734982 -0.04272591322660446 0.09147540479898453 -0.01079753041267395 0.99574875831604 4.097340106964111
7.982493 0.9955403804779053 0.01615898497402668 -0.09294191002845764 -0.2747001051902771 -0.01497615221887827 0.9997979402542114 0.01341004204005003 -0.042932506650686264 0.09313981980085373 -0.011958327144384384 0.9955811500549316 4.142943382263184
8.086111 0.995392382144928 0.018691012635827065 -0.09404648840427399 -0.2793925702571869 -0.017865130677819252 0.9997941255569458 0.009615998715162277 -0.04371076077222824 0.09420684725046158 -0.007891536690294743 0.9955213665962219 4.187043190002441
8.189849 0.995287299156189 0.018446005880832672 -0.0952003002166748 -0.28401249647140503 -0.01830294542014599 0.9998295903205872 0.002375796902924776 -0.04421628639101982 0.095227912068367 -0.0006221537478268147 0.9954553246498108 4.229655742645264
8.29347 0.9951357841491699 0.017680682241916656 -0.09691189974546432 -0.2879869341850281 -0.018100634217262268 0.9998301863670349 -0.0034558570478111506 -0.04468923062086105 0.09683434665203094 0.00519321346655488 0.9952869415283203 4.2723188400268555
8.397102 0.9950973987579346 0.01841885596513748 -0.09716913104057312 -0.2924696207046509 -0.01895216479897499 0.999809980392456 -0.004568257834762335 -0.0453188456594944 0.09706652909517288 0.006387426517903805 0.9952574372291565 4.313045978546143
8.500847 0.994972825050354 0.021124204620718956 -0.09789241850376129 -0.29734116792678833 -0.021306660026311874 0.9997726082801819 -0.0008187232306227088 -0.04623539745807648 0.09785288572311401 0.0029003683011978865 0.9951965808868408 4.353857040405273
8.604438 0.9948301315307617 0.02132459171116352 -0.09928958863019943 -0.3012397587299347 -0.02133597619831562 0.9997718930244446 0.0009473380050621927 -0.04674379527568817 0.09928714483976364 0.0011759997578337789 0.9950581192970276 4.391995906829834
8.708175 0.994840145111084 0.018232235684990883 -0.09980381280183792 -0.30547744035720825 -0.018547726795077324 0.9998254776000977 -0.0022340589202940464 -0.047456495463848114 0.09974567592144012 0.004073665477335453 0.9950045943260193 4.428804397583008
8.811795 0.9948815107345581 0.010381415486335754 -0.10051538795232773 -0.3078562617301941 -0.01114870235323906 0.9999127388000488 -0.007074762135744095 -0.04872814193367958 0.10043317824602127 0.008159163407981396 0.9949103593826294 4.466034889221191
8.915403 0.9950474500656128 0.006298106163740158 -0.0992019921541214 -0.31149253249168396 -0.007519723381847143 0.9999002814292908 -0.011945333331823349 -0.04937365651130676 0.09911688417196274 0.01263214461505413 0.994995653629303 4.501002788543701
9.019162 0.9952945113182068 0.008590934798121452 -0.09651564061641693 -0.3144233822822571 -0.009846143424510956 0.9998728036880493 -0.012536473572254181 -0.04971949756145477 0.09639567881822586 0.013427788391709328 0.9952524900436401 4.5352091789245605
9.12289 0.9956764578819275 0.013610380701720715 -0.09188862144947052 -0.3186577260494232 -0.014486405998468399 0.9998556971549988 -0.008873267099261284 -0.051400326192379 0.09175457805395126 0.010166035033762455 0.9957298040390015 4.56946325302124
9.226512 0.996101975440979 0.012072136625647545 -0.0873807966709137 -0.32118386030197144 -0.012607785873115063 0.999904990196228 -0.005580730736255646 -0.052307527512311935 0.08730510622262955 0.006660653278231621 0.9961593747138977 4.602458477020264
9.330247 0.9966720938682556 0.00865147914737463 -0.08105650544166565 -0.3235001862049103 -0.008857821114361286 0.999958336353302 -0.002186391968280077 -0.05230003967881203 0.08103421330451965 0.002897098194807768 0.9967071413993835 4.631932735443115
9.433986 0.997291088104248 0.003962783608585596 -0.07344843447208405 -0.3251236081123352 -0.0038914938922971487 0.999991774559021 0.0011137003311887383 -0.052804332226514816 0.07345223426818848 -0.000824859191197902 0.9972983598709106 4.6667866706848145
9.537749 0.9980394840240479 0.00786281656473875 -0.06208960339426994 -0.327604740858078 -0.007883258163928986 0.9999688863754272 -8.425465784966946e-05 -0.05263768881559372 0.06208700314164162 0.0005735580343753099 0.998070478439331 4.69666051864624
9.641587 0.9987850785255432 0.012926903553307056 -0.047551658004522324 -0.32828599214553833 -0.012914134189486504 0.9999164342880249 0.0005757315084338188 -0.05426213890314102 0.04755512624979019 3.90565546695143e-05 0.9988686442375183 4.726193428039551
9.745342 0.9994054436683655 0.017818238586187363 -0.02951682358980179 -0.3291627764701843 -0.017788853496313095 0.9998409152030945 0.0012578698806464672 -0.05460751801729202 0.029534542933106422 -0.0007320514414459467 0.999563455581665 4.756414890289307
9.849229 0.9998381733894348 0.01644708961248398 -0.00728985108435154 -0.3284470736980438 -0.016438307240605354 0.9998640418052673 0.0012632269645109773 -0.054624367505311966 0.0073096416890621185 -0.001143189612776041 0.9999725818634033 4.784644603729248
9.953059 0.9997358918190002 0.012713209725916386 0.019143540412187576 -0.32679229974746704 -0.012756901793181896 0.9999162554740906 0.002161711221560836 -0.05494760349392891 -0.019114453345537186 -0.0024053524248301983 0.9998143911361694 4.811905860900879
10.05693 0.998771071434021 0.011640218086540699 0.048175062984228134 -0.3238314986228943 -0.011865226551890373 0.9999200105667114 0.004387313034385443 -0.056085869669914246 -0.04812014475464821 -0.004953529220074415 0.9988292455673218 4.83951997756958
10.16083 0.9965477585792542 0.011357266455888748 0.0822407454252243 -0.3216092884540558 -0.011831570416688919 0.9999160766601562 0.005282195284962654 -0.05612335354089737 -0.08217386901378632 -0.006236996501684189 0.9965984225273132 4.86569356918335
10.26466 0.9927161931991577 0.01100143976509571 0.11997208744287491 -0.31709039211273193 -0.011736973188817501 0.9999163746833801 0.005425981245934963 -0.05643399432301521 -0.11990237236022949 -0.006794569082558155 0.9927623867988586 4.891745567321777
10.36867 0.986920177936554 0.011248301714658737 0.16081658005714417 -0.31106430292129517 -0.012423909269273281 0.9999030232429504 0.006306537427008152 -0.05739631503820419 -0.16073006391525269 -0.008222019299864769 0.9869641661643982 4.917218208312988
10.47264 0.9785592555999756 0.011082572862505913 0.20566639304161072 -0.30393314361572266 -0.012529615312814713 0.9999050498008728 0.005734780803322792 -0.057482507079839706 -0.20558331906795502 -0.008188745006918907 0.9786054491996765 4.9415740966796875
10.57663 0.9667828679084778 0.013563485816121101 0.2552390992641449 -0.2968655824661255 -0.014989372342824936 0.9998810291290283 0.003642057767137885 -0.05786872282624245 -0.2551593482494354 -0.007346952334046364 0.9668711423873901 4.96514892578125
10.68062 0.9513846635818481 0.013594089075922966 0.30770525336265564 -0.28741204738616943 -0.014732877723872662 0.9998905062675476 0.0013780455337837338 -0.05922236293554306 -0.3076528012752533 -0.005844435188919306 0.9514806866645813 4.987987041473389
10.78461 0.9314345717430115 0.013944734819233418 0.3636418879032135 -0.2772102355957031 -0.01473761722445488 0.9998912811279297 -0.0005942528368905187 -0.059835486114025116 -0.3636105954647064 -0.00480570737272501 0.9315385818481445 5.009310722351074
10.88875 0.9071195125579834 0.01528933271765709 0.4205951988697052 -0.2651733160018921 -0.015256154350936413 0.9998776912689209 -0.003443468362092972 -0.05948241800069809 -0.4205964207649231 -0.003293027635663748 0.9072418808937073 5.030002117156982
10.99272 0.8780054450035095 0.015228260308504105 0.47840845584869385 -0.25195956230163574 -0.014205986633896828 0.9998825192451477 -0.005755615420639515 -0.05974268168210983 -0.4784398674964905 -0.001742802793160081 0.8781185746192932 5.050269603729248
11.09659 0.8442881107330322 0.013665224425494671 0.5357154607772827 -0.23784828186035156 -0.011268648318946362 0.9999064803123474 -0.007746575400233269 -0.060334935784339905 -0.5357711315155029 0.000503552844747901 0.8443630933761597 5.068531036376953
11.20057 0.8075363636016846 0.013120757415890694 0.5896719694137573 -0.22236323356628418 -0.00967507902532816 0.999912679195404 -0.008999299257993698 -0.06101604551076889 -0.5897384285926819 0.0015621372731402516 0.8075928688049316 5.08519983291626
11.30431 0.7681142687797546 0.012220255099236965 0.6401960849761963 -0.20492053031921387 -0.008733866736292839 0.9999247789382935 -0.008607873693108559 -0.06130000948905945 -0.6402531862258911 0.001020445371977985 0.7681632041931152 5.101735591888428
11.40818 0.7252106666564941 0.01249740645289421 0.6884135007858276 -0.18784308433532715 -0.010609199292957783 0.9999194145202637 -0.006976175121963024 -0.0616362988948822 -0.6884452104568481 -0.0022443183697760105 0.72528475522995 5.1164445877075195
11.51192 0.6805082559585571 0.01084012072533369 0.732660174369812 -0.16895270347595215 -0.008724309504032135 0.9999394416809082 -0.006691373884677887 -0.06203100085258484 -0.7326884865760803 -0.001838419120758772 0.6805616021156311 5.130306243896484
11.61553 0.6341006755828857 0.009403754957020283 0.7731932997703552 -0.14996910095214844 -0.004969634581357241 0.9999549388885498 -0.00808605644851923 -0.06254167854785919 -0.7732346057891846 0.0012848859187215567 0.6341188549995422 5.142374038696289
11.71927 0.588440477848053 0.007045262027531862 0.808509886264801 -0.12975358963012695 0.0007142379181459546 0.9999570250511169 -0.009233341552317142 -0.06302428245544434 -0.8085401654243469 0.006010739598423243 0.5884101986885071 5.152517318725586
11.82277 0.5407621264457703 0.008999014273285866 0.841127336025238 -0.10940885543823242 -0.0011685198405757546 0.9999497532844543 -0.00994697492569685 -0.06387114524841309 -0.8411747813224792 0.004396073520183563 0.5407456159591675 5.163843631744385
11.92638 0.4943215250968933 0.012089491821825504 0.8691950440406799 -0.0891571044921875 -0.0057607083581388 0.9999268054962158 -0.010631635785102844 -0.06465135514736176 -0.8692601323127747 0.00024826591834425926 0.4943549931049347 5.172700881958008
12.03 0.44769662618637085 0.013825999572873116 0.8940786719322205 -0.06794142723083496 -0.005697197280824184 0.9999042749404907 -0.012609697878360748 -0.06527742743492126 -0.8941673636436462 0.000551576551515609 0.44773244857788086 5.182183265686035
12.13361 0.40544480085372925 0.011728309094905853 0.9140443205833435 -0.046579718589782715 0.0010475649032741785 0.9999110698699951 -0.013294758275151253 -0.0655992329120636 -0.9141189455986023 0.006347810383886099 0.405396431684494 5.188920021057129
12.2371 0.3658851087093353 0.0037662992253899574 0.930652379989624 -0.024090886116027832 0.016780823469161987 0.9998025298118591 -0.010643509216606617 -0.06609600782394409 -0.9305087327957153 0.01951141469180584 0.36574962735176086 5.194533824920654
12.3406 0.33069995045661926 -0.0005913011264055967 0.9437357783317566 -0.0018407106399536133 0.02142724208533764 0.9997467398643494 -0.006882049143314362 -0.06666254252195358 -0.9434927701950073 0.022497545927762985 0.3306288719177246 5.199954032897949
12.44411 0.29727140069007874 0.004414890892803669 0.9547828435897827 0.020869016647338867 0.018023427575826645 0.9997851848602295 -0.010234571993350983 -0.06684908270835876 -0.9546228647232056 0.02025090903043747 0.29712796211242676 5.206188678741455
12.54767 0.26629945635795593 0.012021997012197971 0.9638153910636902 0.04349100589752197 0.00778186833485961 0.9998628497123718 -0.014621740207076073 -0.06763605773448944 -0.963858962059021 0.011394048109650612 0.26616936922073364 5.212254047393799
12.65107 0.23784784972667694 0.016367031261324883 0.9711646437644958 0.06776905059814453 0.0031138435006141663 0.9998400211334229 -0.017612913623452187 -0.06864354759454727 -0.9712973237037659 0.00721324747428298 0.2377588301897049 5.217828750610352
12.75469 0.21237827837467194 0.01801142282783985 0.9770215153694153 0.09210062026977539 0.00397103326395154 0.9998059272766113 -0.01929464377462864 -0.06969042867422104 -0.9771794080734253 0.007977548986673355 0.2122654914855957 5.221714019775391
12.85806 0.18886618316173553 0.0191003680229187 0.9818170666694641 0.11646765470504761 0.011404003947973251 0.999700665473938 -0.021641995757818222 -0.07036026567220688 -0.9819366335868835 0.015284087508916855 0.18859180808067322 5.224869251251221
12.96167 0.16912941634655 0.025280466303229332 0.9852697849273682 0.14259225130081177 0.018398206681013107 0.9994158148765564 -0.028801631182432175 -0.07061135023832321 -0.9854220747947693 0.022998390719294548 0.1685655117034912 5.227387428283691
13.0652 0.149393692612648 0.03200387954711914 0.9882599115371704 0.16838103532791138 0.020319929346442223 0.9991655945777893 -0.03542878106236458 -0.07072871923446655 -0.988568902015686 0.02537420205771923 0.14861871302127838 5.230452060699463
13.16877 0.13148903846740723 0.033076781779527664 0.9907656908035278 0.19723737239837646 0.017939502373337746 0.9992001056671143 -0.035739198327064514 -0.07149110734462738 -0.9911552667617798 0.022473156452178955 0.13079048693180084 5.234235763549805
13.27235 0.11586946249008179 0.02860564924776554 0.992852509021759 0.22591805458068848 0.016268592327833176 0.9993963837623596 -0.030692799016833305 -0.07282772660255432 -0.993131160736084 0.019708668813109398 0.115334153175354 5.237218856811523
13.37588 0.10148466378450394 0.025388510897755623 0.9945130944252014 0.2556431293487549 0.016314459964632988 0.9994974136352539 -0.02718055434525013 -0.0741870105266571 -0.9947032332420349 0.018983352929353714 0.10101944208145142 5.239658832550049
13.4795 0.08827000111341476 0.02388538233935833 0.9958100914955139 0.2856549024581909 0.018949806690216064 0.9994913339614868 -0.0256534144282341 -0.07464544475078583 -0.9959163069725037 0.021134832873940468 0.0877724438905716 5.241582870483398
13.58311 0.07678790390491486 0.022141190245747566 0.9968016743659973 0.3181439936161041 0.022281348705291748 0.9994657039642334 -0.02391679212450981 -0.07622683048248291 -0.9967984557151794 0.024046607315540314 0.0762534961104393 5.243309497833252
13.68672 0.06704999506473541 0.02259945683181286 0.9974938631057739 0.3498254120349884 0.02566000260412693 0.9993735551834106 -0.02436688169836998 -0.077183797955513 -0.9974195957183838 0.027229491621255875 0.06642808765172958 5.244412899017334
13.79034 0.05887025222182274 0.023667849600315094 0.9979851245880127 0.3834533393383026 0.027270153164863586 0.9993075728416443 -0.02530786022543907 -0.0778455138206482 -0.9978930950164795 0.028705080971121788 0.058184072375297546 5.246430397033691
13.89395 0.05355873703956604 0.023577088490128517 0.9982864260673523 0.41759687662124634 0.029137346893548965 0.9992585778236389 -0.025163285434246063 -0.07905588299036026 -0.9981396198272705 0.03043512813746929 0.05283204838633537 5.247700214385986
13.99767 0.04771701619029045 0.024831071496009827 0.9985522031784058 0.4545133411884308 0.03012062795460224 0.9992005825042725 -0.02628653682768345 -0.0800885558128357 -0.998406708240509 0.03133133426308632 0.04693092778325081 5.249678611755371
14.1013 0.04159344732761383 0.025669826194643974 0.9988048076629639 0.49113133549690247 0.03038218803703785 0.9991750717163086 -0.026944557204842567 -0.0811968743801117 -0.9986725449562073 0.031466592103242874 0.0407792367041111 5.2510576248168945
14.20492 0.037237558513879776 0.025629792362451553 0.9989777207374573 0.5292342305183411 0.032780397683382034 0.9991017580032349 -0.026854882016777992 -0.0824870765209198 -0.9987686276435852 0.03374689817428589 0.036363955587148666 5.252095699310303
14.30854 0.034637484699487686 0.025912577286362648 0.9990639686584473 0.5675972700119019 0.03501194342970848 0.999018669128418 -0.027125265449285507 -0.0833449587225914 -0.9987865090370178 0.035918720066547394 0.0336962454020977 5.253024578094482
14.41227 0.03116442635655403 0.025115404278039932 0.9991987347602844 0.6092023253440857 0.03528144955635071 0.9990337491035461 -0.026211664080619812 -0.08470001071691513 -0.998891294002533 0.03607005253434181 0.030248213559389114 5.25473690032959
14.51589 0.02948158048093319 0.024378586560487747 0.9992680549621582 0.6492961049079895 0.03792682662606239 0.9989553689956665 -0.0254899263381958 -0.08624065667390823 -0.9988455176353455 0.038650546222925186 0.0285261832177639 5.254997253417969
14.61968 0.028122052550315857 0.02416103146970272 0.9993124008178711 0.6936355829238892 0.04167758300900459 0.998810350894928 -0.02532174624502659 -0.08761297166347504 -0.998735249042511 0.04236103221774101 0.02708161249756813 5.256393909454346
14.72326 0.02956376038491726 0.023539522662758827 0.9992856383323669 0.7357887029647827 0.04529520496726036 0.9986642003059387 -0.024864930659532547 -0.08915156126022339 -0.9985361099243164 0.04599795490503311 0.028458040207624435 5.257088661193848
14.82686 0.0321899875998497 0.023713503032922745 0.9992003440856934 0.7804328799247742 0.04757033661007881 0.9985491633415222 -0.02523055672645569 -0.09045828878879547 -0.9983490705490112 0.04834446310997009 0.03101522848010063 5.258307933807373
14.93048 0.03555479273200035 0.02374296262860298 0.9990856647491455 0.828890860080719 0.04933210089802742 0.9984572529792786 -0.025483625009655952 -0.0917418971657753 -0.9981493949890137 0.05019305646419525 0.034328658133745193 5.260233402252197
15.0341 0.03979680314660072 0.022900139912962914 0.9989452958106995 0.8743553161621094 0.05000549927353859 0.9984389543533325 -0.02488069050014019 -0.09344054013490677 -0.9979557394981384 0.05094292759895325 0.038589540868997574 5.26230525970459
15.13784 0.04374365136027336 0.02108682505786419 0.9988202452659607 0.9223582744598389 0.051500044763088226 0.9984003305435181 -0.02333342283964157 -0.09502659738063812 -0.9977144598960876 0.05245998129248619 0.042587704956531525 5.264247417449951
15.24145 0.04792885109782219 0.01999552920460701 0.9986506700515747 0.9729506969451904 0.05117013677954674 0.9984376430511475 -0.02244710363447666 -0.0959160253405571 -0.9975391626358032 0.05217695236206055 0.046830784529447556 5.266918182373047
15.34508 0.05225703492760658 0.01808161474764347 0.9984700083732605 1.0216493606567383 0.04785758629441261 0.9986419677734375 -0.02058945782482624 -0.0967993438243866 -0.9974862337112427 0.04886031150817871 0.05132071673870087 5.26949405670166
15.44881 0.056064944714307785 0.016941547393798828 0.9982835054397583 1.0719486474990845 0.04737730696797371 0.9986845254898071 -0.019609129056334496 -0.09837935864925385 -0.9973024725914001 0.04839537292718887 0.05518854781985283 5.273004055023193
15.55255 0.05977638065814972 0.01771811954677105 0.998054563999176 1.1231153011322021 0.04467605799436569 0.9987930059432983 -0.02040700800716877 -0.10030577331781387 -0.9972116351127625 0.04580898955464363 0.058912672102451324 5.276910305023193
15.65617 0.06276431679725647 0.021496182307600975 0.997796893119812 1.173698902130127 0.0424189530313015 0.9988070726394653 -0.02418622188270092 -0.10226736962795258 -0.9971265196800232 0.043843526393175125 0.06177761033177376 5.280795097351074
15.7599 0.06435482203960419 0.026784218847751617 0.9975675940513611 1.2243471145629883 0.03665520250797272 0.9989017248153687 -0.029184730723500252 -0.10396547615528107 -0.9972536563873291 0.03844422474503517 0.06330238282680511 5.284566879272461
15.86364 0.06410884857177734 0.03028160147368908 0.9974834322929382 1.2773445844650269 0.033734165132045746 0.998902440071106 -0.03249279409646988 -0.1055820882320404 -0.997372567653656 0.035732340067625046 0.06301696598529816 5.288407802581787
15.96739 0.06423443555831909 0.029886465519666672 0.9974872469902039 1.328029990196228 0.031096795573830605 0.9990060925483704 -0.03193448856472969 -0.10764110833406448 -0.9974502325057983 0.03306994214653969 0.06324122101068497 5.292130947113037
16.07102 0.06423372030258179 0.027973178774118423 0.9975427389144897 1.378770112991333 0.028111936524510384 0.999159574508667 -0.02982870116829872 -0.10966095328330994 -0.9975388050079346 0.02995886839926243 0.06339335441589355 5.295655727386475
16.17474 0.06384863704442978 0.027020737528800964 0.997593879699707 1.4313193559646606 0.029253443703055382 0.9991531372070312 -0.028935274109244347 -0.11174409836530685 -0.9975306391716003 0.031030520796775818 0.06300411373376846 5.299437999725342
16.27845 0.06388802826404572 0.026444267481565475 0.9976066946983337 1.4821803569793701 0.026534218341112137 0.9992504119873047 -0.02818712592124939 -0.11398522555828094 -0.9976041316986084 0.02827153168618679 0.063138447701931 5.303494930267334
16.38209 0.06443338096141815 0.026434870436787605 0.9975718855857849 1.5327916145324707 0.02536533586680889 0.999282717704773 -0.028118561953306198 -0.1163223534822464 -0.9975995421409607 0.027115516364574432 0.06371663510799408 5.306895732879639
