1305031108.143334 0.9992415904998779 -0.012764403596520424 0.03678707405924797 0.020548591390252113 0.013185907155275345 0.9998498558998108 -0.011238138191401958 0.001705846982076764 -0.036638107150793076 0.011714683845639229 0.999259889125824 0.009829692542552948
1305031108.176058 0.9988382458686829 -0.01867016963660717 0.04442553222179413 0.027171511203050613 0.019122174009680748 0.999769389629364 -0.00977126881480217 0.006172883324325085 -0.04423286393284798 0.010609429329633713 0.9989649057388306 0.011170237325131893
1305031108.211475 0.9988492131233215 -0.016498662531375885 0.04503190517425537 0.037090614438056946 0.016375061124563217 0.9998610615730286 0.0031122593209147453 0.0030524954199790955 -0.04507698863744736 -0.0023712776601314545 0.998980700969696 0.013908809050917625
1305031108.243347 0.998824954032898 -0.012888694182038307 0.04671870172023773 0.05110849812626839 0.012616022489964962 0.9999016523361206 0.006126657128334045 0.0006082012550905347 -0.046793073415756226 -0.005530054681003094 0.9988892674446106 0.019312730059027672
1305031108.275358 0.9983695149421692 -0.013543796725571156 0.05545256286859512 0.05870845168828964 0.013464686460793018 0.9999077320098877 0.0018000099807977676 0.006990171503275633 -0.055471837520599365 -0.0010504238307476044 0.9984596371650696 0.021277906373143196
1305031108.311332 0.9981684684753418 -0.017718905583024025 0.05784367397427559 0.06431831419467926 0.017374970018863678 0.9998282194137573 0.006443637423217297 0.011485794559121132 -0.057947926223278046 -0.005426804535090923 0.9983047842979431 0.023800428956747055
1305031108.343278 0.9983906745910645 -0.021299563348293304 0.05255984514951706 0.07407355308532715 0.020406268537044525 0.9996390342712402 0.017474431544542313 0.01305123046040535 -0.052913080900907516 -0.016373760998249054 0.998464822769165 0.02595508098602295
1305031108.37541 0.9983115792274475 -0.03132881969213486 0.048914823681116104 0.07765839248895645 0.03004995547235012 0.9991927742958069 0.02666487917304039 0.015614202246069908 -0.049710713326931 -0.02514997124671936 0.9984468817710876 0.029966961592435837
1305031108.411361 0.9982645511627197 -0.04295796900987625 0.04028327763080597 0.08694648742675781 0.041483860462903976 0.99846351146698 0.03674210608005524 0.015917738899588585 -0.041799746453762054 -0.03500722721219063 0.9985124468803406 0.033797573298215866
1305031108.44361 0.9978142976760864 -0.05696077272295952 0.03349733725190163 0.09902513027191162 0.05544797703623772 0.9974703788757324 0.044478096067905426 0.01851252093911171 -0.03594611957669258 -0.042523521929979324 0.9984484910964966 0.03482210263609886
1305031108.475471 0.9970811605453491 -0.07031728327274323 0.02974349819123745 0.11039157956838608 0.06865917891263962 0.9962040781974792 0.05351055786013603 0.01571979932487011 -0.03339331969618797 -0.05131220072507858 0.9981241226196289 0.03822741284966469
1305031108.511378 0.9964622855186462 -0.07492554932832718 0.03806554526090622 0.11827298253774643 0.07248090952634811 0.9954416751861572 0.061985716223716736 0.006956098601222038 -0.042536355555057526 -0.05900740623474121 0.9973507523536682 0.04148396849632263
1305031108.543737 0.9958899021148682 -0.07580139487981796 0.04957093670964241 0.1273072212934494 0.07331376522779465 0.9960440993309021 0.05021246522665024 0.010292259976267815 -0.053181011229753494 -0.046371858566999435 0.997507631778717 0.04387809336185455
1305031108.575414 0.995445728302002 -0.0750701054930687 0.05875561386346817 0.13608981668949127 0.07295498996973038 0.9966354966163635 0.03735458850860596 0.018221676349639893 -0.06136214733123779 -0.032897938042879105 0.9975732564926147 0.04234737157821655
1305031108.611407 0.9948553442955017 -0.07485619932413101 0.06825868785381317 0.1469736099243164 0.07215844094753265 0.9965432286262512 0.041169870644807816 0.017100591212511063 -0.07110454887151718 -0.03603263571858406 0.9968177676200867 0.04488631337881088
1305031108.643303 0.9935640692710876 -0.07799652218818665 0.08213924616575241 0.1517091691493988 0.07494951039552689 0.9964028596878052 0.039551954716444016 0.020911075174808502 -0.08492868393659592 -0.033141106367111206 0.9958357214927673 0.04617561027407646
1305031108.675375 0.9926937818527222 -0.08684184402227402 0.08376992493867874 0.16847270727157593 0.08357013016939163 0.9956245422363281 0.04180873930454254 0.02720034494996071 -0.08703415840864182 -0.03450262174010277 0.9956076145172119 0.04625777155160904
1305031108.711411 0.990332305431366 -0.0954064354300499 0.10069476813077927 0.17225055396556854 0.09045251458883286 0.9945067167282104 0.0526767335832119 0.025718051940202713 -0.10516733676195145 -0.04305937886238098 0.9935218691825867 0.049520693719387054
1305031108.743502 0.988709568977356 -0.09501833468675613 0.11586584150791168 0.17236225306987762 0.08845475316047668 0.9942386746406555 0.060542888939380646 0.022171685472130775 -0.12095099687576294 -0.049610450863838196 0.9914180636405945 0.05221091955900192
1305031108.775493 0.9877116680145264 -0.10292262583971024 0.1176116093993187 0.18333981931209564 0.09648610651493073 0.9935731887817383 0.05918378755450249 0.026793457567691803 -0.12294711172580719 -0.04710863530635834 0.9912945032119751 0.051886603236198425
1305031108.811244 0.9858109354972839 -0.11243739724159241 0.12463773787021637 0.18581494688987732 0.10483675450086594 0.9922990202903748 0.0659695416688919 0.024480868130922318 -0.13109537959098816 -0.051966890692710876 0.9900068044662476 0.05293639004230499
1305031108.843264 0.9846237897872925 -0.12400000542402267 0.1230439841747284 0.18941980600357056 0.11668991297483444 0.9910416007041931 0.06496421992778778 0.023882219567894936 -0.12999725341796875 -0.049607325345277786 0.9902726411819458 0.053396400064229965
1305031108.876515 0.9836860299110413 -0.1349128633737564 0.11899686604738235 0.1883222758769989 0.12829460203647614 0.9898173809051514 0.061661090701818466 0.024101555347442627 -0.12610404193401337 -0.04538850113749504 0.9909781813621521 0.051430314779281616
1305031108.911364 0.9828116297721863 -0.1460869014263153 0.1128709465265274 0.1871630698442459 0.14004233479499817 0.9883388876914978 0.059786051511764526 0.01880273036658764 -0.12028872966766357 -0.04295172542333603 0.9918093681335449 0.050469011068344116
1305031108.943243 0.9829251766204834 -0.14908114075660706 0.10785567760467529 0.18492554128170013 0.14422607421875 0.9882017374038696 0.051539018750190735 0.016357213258743286 -0.11426666378974915 -0.03510340303182602 0.9928297400474548 0.047399476170539856
1305031108.975268 0.9847011566162109 -0.14395198225975037 0.09819132089614868 0.18073131144046783 0.14064162969589233 0.9892571568489075 0.03987668454647064 0.02016245201230049 -0.10287681221961975 -0.025456830859184265 0.994368314743042 0.04343957081437111
1305031109.011269 0.9861260056495667 -0.13999061286449432 0.08920717239379883 0.18267644941806793 0.1370857208967209 0.989832878112793 0.037927765399217606 0.022552549839019775 -0.09360971301794052 -0.0251725222915411 0.9952906966209412 0.04388618469238281
1305031109.043277 0.986750602722168 -0.13657823204994202 0.08757642656564713 0.178468257188797 0.13390421867370605 0.9903495907783508 0.03574144095182419 0.02134731411933899 -0.09161277860403061 -0.0235410388559103 0.9955163598060608 0.04283188655972481
1305031109.07541 0.9885780215263367 -0.12523804605007172 0.08383896946907043 0.1713743805885315 0.12270921468734741 0.9918364882469177 0.03468536213040352 0.025364665314555168 -0.08749847114086151 -0.024001367390155792 0.9958754777908325 0.03925181180238724
1305031109.111282 0.9894665479660034 -0.1206369400024414 0.08001694828271866 0.1663697510957718 0.11753625422716141 0.9921627044677734 0.0424070842564106 0.02438805252313614 -0.08450568467378616 -0.03255549073219299 0.9958910942077637 0.03965403139591217
1305031109.143334 0.9901888966560364 -0.1118595078587532 0.08374503254890442 0.14927813410758972 0.10819956660270691 0.9930152893066406 0.04704926162958145 0.019162548705935478 -0.0884229987859726 -0.03752648085355759 0.9953759908676147 0.03890223428606987
1305031109.175464 0.9919330477714539 -0.10551826655864716 0.07024604827165604 0.14197014272212982 0.10274095833301544 0.993818998336792 0.04205040633678436 0.02381802350282669 -0.07424893975257874 -0.03449404239654541 0.99664306640625 0.035033538937568665
1305031109.211379 0.9920515418052673 -0.11236689984798431 0.05663208290934563 0.13817058503627777 0.10996171832084656 0.9929641485214233 0.04394250735640526 0.03348790109157562 -0.061171308159828186 -0.03736587241292 0.9974276423454285 0.03481629490852356
1305031109.24329 0.9910205006599426 -0.12242106348276138 0.05377094820141792 0.12548580765724182 0.1189272403717041 0.9908395409584045 0.06398046761751175 0.03012308105826378 -0.06111094728112221 -0.05701112002134323 0.9965015053749084 0.034977689385414124
1305031109.275308 0.9907823801040649 -0.12615706026554108 0.0493411086499691 0.11146971583366394 0.12209875136613846 0.9894430041313171 0.07806722819805145 0.017406800761818886 -0.05866895988583565 -0.07132314145565033 0.9957262873649597 0.03548148646950722
1305031109.311329 0.9913188815116882 -0.1275114119052887 0.03205419331789017 0.10096072405576706 0.12516352534294128 0.9898792505264282 0.06688341498374939 0.02211415395140648 -0.04025817662477493 -0.062290772795677185 0.9972458481788635 0.03441189229488373
1305031109.343248 0.9918730854988098 -0.12615227699279785 0.01652708649635315 0.08733019977807999 0.12479529529809952 0.9899396300315857 0.0666787251830101 0.027037208899855614 -0.02477249503135681 -0.06407435238361359 0.9976376295089722 0.033815182745456696
1305031109.375397 0.9919804334640503 -0.12626224756240845 -0.005726226605474949 0.0858425721526146 0.126334086060524 0.9891358017921448 0.07516754418611526 0.021534521132707596 -0.0038268009666353464 -0.07528812438249588 0.9971544742584229 0.027508800849318504
1305031109.411329 0.9927181601524353 -0.11873430013656616 -0.020322026684880257 0.07754397392272949 0.11992381513118744 0.9900395274162292 0.07375627011060715 0.02254597097635269 0.011362217366695404 -0.07565625756978989 0.9970691204071045 0.02584686502814293
1305031109.443302 0.9937925338745117 -0.10695002973079681 -0.03062913380563259 0.06762968003749847 0.10903484374284744 0.9910280704498291 0.07729625701904297 0.0251641683280468 0.022087499499320984 -0.08015605807304382 0.9965375661849976 0.024039560928940773
1305031109.475363 0.9943471550941467 -0.10094216465950012 -0.03293218836188316 0.056248344480991364 0.10337121039628983 0.9911659359931946 0.08309368789196014 0.023827722296118736 0.024253612384200096 -0.08602821081876755 0.9959973692893982 0.0246247760951519
1305031109.511273 0.9952831268310547 -0.0906795784831047 -0.03447536379098892 0.04481638967990875 0.09328797459602356 0.9921215176582336 0.08361948281526566 0.020553123205900192 0.02662116475403309 -0.08644119650125504 0.9959011673927307 0.02357213944196701
1305031109.543294 0.995677649974823 -0.08530706912279129 -0.03672659024596214 0.03509923443198204 0.08797595649957657 0.9930229783058167 0.07852104306221008 0.019995441660284996 0.029771946370601654 -0.08141270279884338 0.9962356686592102 0.019948208704590797
1305031109.575362 0.9956925511360168 -0.08577293157577515 -0.035202402621507645 0.024202819913625717 0.08824492990970612 0.9931947588920593 0.0760059729218483 0.02177150920033455 0.028443576768040657 -0.07878502458333969 0.9964858293533325 0.017422880977392197
1305031109.61131 0.9959524869918823 -0.081636942923069 -0.03760114312171936 0.013667525723576546 0.08432789146900177 0.9934872388839722 0.07662856578826904 0.02131032757461071 0.031100528314709663 -0.07948923110961914 0.9963504076004028 0.014911415986716747
1305031109.643229 0.9960222244262695 -0.07923582196235657 -0.040764935314655304 0.006333922501653433 0.08213675022125244 0.993776798248291 0.07524249702692032 0.02393525093793869 0.03454934433102608 -0.07829148322343826 0.9963317513465881 0.014632492326200008
1305031109.675263 0.9957633018493652 -0.08311313390731812 -0.03934321179986 -0.0064482903108000755 0.08600089699029922 0.9931970238685608 0.0785081684589386 0.025655902922153473 0.032550498843193054 -0.08155906200408936 0.9961368441581726 0.013259557075798512
1305031109.711312 0.9957042336463928 -0.08150336891412735 -0.04393664374947548 -0.01766328699886799 0.08495457470417023 0.9928848147392273 0.08344129472970963 0.02625148370862007 0.03682328388094902 -0.08681543916463852 0.9955436587333679 0.011735553853213787
1305031109.743274 0.9954864978790283 -0.07966089993715286 -0.05158378928899765 -0.025700347498059273 0.08419454097747803 0.99213045835495 0.09267371892929077 0.02583211660385132 0.043795373290777206 -0.09659849107265472 0.99435955286026 0.010854624211788177
1305031109.775277 0.9954842329025269 -0.07919780910015106 -0.052334968000650406 -0.03716587647795677 0.08406772464513779 0.9915750026702881 0.09854781627655029 0.02496994100511074 0.04408927261829376 -0.10250245034694672 0.9937552809715271 0.011517335660755634
1305031109.811371 0.9955083131790161 -0.07560861110687256 -0.05697833374142647 -0.04364911466836929 0.08114662021398544 0.9914553165435791 0.10213670879602432 0.025562193244695663 0.048769060522317886 -0.10630153119564056 0.9931371808052063 0.00968463160097599
1305031109.843296 0.9954459071159363 -0.07234977930784225 -0.06207169592380524 -0.053452324122190475 0.07877106219530106 0.991008996963501 0.10815005749464035 0.02569984272122383 0.05368896573781967 -0.11254698038101196 0.9921948909759521 0.00943902600556612
1305031109.875306 0.9953534007072449 -0.06827307492494583 -0.06789842993021011 -0.06550507247447968 0.07577648013830185 0.9904835820198059 0.1148926168680191 0.026177698746323586 0.05940820276737213 -0.11950387060642242 0.9910547137260437 0.01193798054009676
1305031109.911265 0.9953300952911377 -0.058166567236185074 -0.07703565061092377 -0.0762166976928711 0.06708747148513794 0.9906496405601501 0.11879567801952362 0.023517414927482605 0.06940542161464691 -0.12340902537107468 0.989925742149353 0.014392662793397903
1305031109.943299 0.9951741695404053 -0.05043985694646835 -0.0841672420501709 -0.08412723988294601 0.0602387860417366 0.9911525249481201 0.11827044934034348 0.028805263340473175 0.07745706290006638 -0.1227698028087616 0.9894078373908997 0.015055092051625252
1305031109.975258 0.9954795241355896 -0.039443932473659515 -0.08639777451753616 -0.09584471583366394 0.050279028713703156 0.9906197190284729 0.12706123292446136 0.02801484614610672 0.08057556301355362 -0.13083083927631378 0.9881248474121094 0.016783088445663452
1305031110.011256 0.9953559041023254 -0.02548050880432129 -0.09282838553190231 -0.10378673672676086 0.03758600354194641 0.9906575679779053 0.13109128177165985 0.028712453320622444 0.08862088620662689 -0.13397151231765747 0.9870145916938782 0.019321603700518608
1305031110.043299 0.9950448274612427 -0.01189197413623333 -0.09871301800012589 -0.10633435845375061 0.02520669251680374 0.9905582666397095 0.13475528359413147 0.02947809547185898 0.09617848694324493 -0.13657575845718384 0.9859496355056763 0.021310821175575256
1305031110.075319 0.9950910806655884 -0.0019093634327873588 -0.09894421696662903 -0.11590166389942169 0.015652328729629517 0.9902656674385071 0.13830740749835968 0.030867885798215866 0.09771697223186493 -0.13917721807956696 0.9854345321655273 0.02327004075050354
1305031110.111325 0.9949350357055664 0.008707819506525993 -0.1001412495970726 -0.1271064579486847 0.00626356853172183 0.9889339804649353 0.14822372794151306 0.02994352951645851 0.10032378137111664 -0.14810022711753845 0.9838706254959106 0.02409037947654724
1305031110.143432 0.9945388436317444 0.016460929065942764 -0.10306041687726974 -0.1389373242855072 -0.0006633357261307538 0.9884605407714844 0.1514769196510315 0.028326593339443207 0.10436459630727768 -0.15058128535747528 0.9830732941627502 0.02647504396736622
1305031110.175641 0.9939789772033691 0.01913582719862461 -0.10788615792989731 -0.1486658900976181 -0.0027080890722572803 0.988621175289154 0.15040206909179688 0.03341928496956825 0.10953660309314728 -0.14920435845851898 0.9827204942703247 0.025237441062927246
1305031110.211637 0.9931501150131226 0.02437703311443329 -0.11427371948957443 -0.15626482665538788 -0.005781864747405052 0.9870499968528748 0.160308837890625 0.03040645271539688 0.11670173704624176 -0.15855003893375397 0.9804297089576721 0.026995215564966202
1305031110.243323 0.9922853112220764 0.023567961528897285 -0.12171442806720734 -0.16552211344242096 -0.0034474132116883993 0.9866301417350769 0.1629391610622406 0.027643371373414993 0.12392725795507431 -0.16126252710819244 0.9790996313095093 0.028599947690963745
1305031110.279321 0.9906533360481262 0.025373414158821106 -0.13402318954467773 -0.1678229570388794 -0.003549654968082905 0.9870093464851379 0.16062386333942413 0.02619350329041481 0.13635770976543427 -0.158646821975708 0.9778739809989929 0.028882035985589027
1305031110.311404 0.9900410175323486 0.029995203018188477 -0.1375446319580078 -0.1774267852306366 -0.00849289633333683 0.9879835844039917 0.15432415902614594 0.027071671560406685 0.140520840883255 -0.15161915123462677 0.9783994555473328 0.02721496671438217
1305031110.343355 0.9886355400085449 0.03222634643316269 -0.14683565497398376 -0.18523582816123962 -0.009714326821267605 0.9884060621261597 0.15152166783809662 0.028727196156978607 0.15001629292964935 -0.14837335050106049 0.977486789226532 0.027144592255353928
1305031110.379281 0.987474799156189 0.038967523723840714 -0.15288914740085602 -0.19791831076145172 -0.015941139310598373 0.9887033700942993 0.14903511106967926 0.028909040614962578 0.15696954727172852 -0.14473120868206024 0.9769407510757446 0.025714486837387085
1305031110.411469 0.9851895570755005 0.043885134160518646 -0.16575753688812256 -0.20562255382537842 -0.019830048084259033 0.9893676042556763 0.14407895505428314 0.035149186849594116 0.17031806707382202 -0.13865812122821808 0.9755846858024597 0.02449673041701317
1305031110.44326 0.9828543663024902 0.054196134209632874 -0.17623791098594666 -0.21305961906909943 -0.027059724554419518 0.9878741502761841 0.1528797298669815 0.0357418991625309 0.1823863834142685 -0.14548952877521515 0.9724030494689941 0.024017591029405594
1305031110.479331 0.97969651222229 0.06760134547948837 -0.18874499201774597 -0.22207503020763397 -0.03726595267653465 0.9864341616630554 0.15987159311771393 0.034141428768634796 0.19699206948280334 -0.14959187805652618 0.9689252376556396 0.02594056725502014
1305031110.511429 0.9766207337379456 0.07637625187635422 -0.20094358921051025 -0.2312779426574707 -0.04440987855195999 0.9862741231918335 0.15903133153915405 0.036286354064941406 0.2103317230939865 -0.14638939499855042 0.9666076898574829 0.02569790557026863
1305031110.543408 0.9733309149742126 0.08204162120819092 -0.21423277258872986 -0.23778674006462097 -0.047772616147994995 0.9858788251876831 0.16050083935260773 0.03961976617574692 0.22437536716461182 -0.14598602056503296 0.9635059237480164 0.02349982038140297
1305031110.579426 0.9696048498153687 0.09341008961200714 -0.22614304721355438 -0.24268671870231628 -0.05504008010029793 0.9838377237319946 0.1703931838274002 0.04019385576248169 0.23840448260307312 -0.1527671366930008 0.9590751528739929 0.021936319768428802
1305031110.611307 0.9673849940299988 0.10406643897294998 -0.23094643652439117 -0.25032350420951843 -0.06184966489672661 0.9811573624610901 0.18304294347763062 0.03553178161382675 0.24564342200756073 -0.1627890020608902 0.9555934071540833 0.02406742423772812
1305031110.643418 0.9654808044433594 0.10977699607610703 -0.23621103167533875 -0.25516191124916077 -0.06675370037555695 0.9808453917503357 0.18299247324466705 0.032538510859012604 0.2517748773097992 -0.16090773046016693 0.9543154239654541 0.023394480347633362
1305031110.679606 0.9631239771842957 0.11085055023431778 -0.24516116082668304 -0.2569240927696228 -0.06767668575048447 0.9816988706588745 0.17800870537757874 0.039602130651474 0.26040685176849365 -0.1548527628183365 0.9529997706413269 0.024463407695293427
1305031110.711412 0.9626049399375916 0.11656469851732254 -0.24454860389232635 -0.26393014192581177 -0.07132507860660553 0.9798972606658936 0.18631696701049805 0.03778001666069031 0.26135051250457764 -0.1619071662425995 0.951568067073822 0.0249299556016922
1305031110.743249 0.9622578620910645 0.12106440216302872 -0.24372784793376923 -0.2699815034866333 -0.07436326146125793 0.9784867763519287 0.19244129955768585 0.03245002403855324 0.26178228855133057 -0.1670537292957306 0.9505593180656433 0.01903124898672104
1305031110.779193 0.961106538772583 0.12266223132610321 -0.2474438101053238 -0.2719162106513977 -0.07604258507490158 0.9788585901260376 0.18987730145454407 0.0354774072766304 0.26550325751304626 -0.16367599368095398 0.950114905834198 0.019035108387470245
1305031110.811386 0.9604824781417847 0.1269860416650772 -0.24768543243408203 -0.2739432454109192 -0.07962910830974579 0.978033185005188 0.19264033436775208 0.03458540141582489 0.2667072117328644 -0.16530472040176392 0.9494954943656921 0.018077924847602844
1305031110.843218 0.959201991558075 0.13083769381046295 -0.25062569975852966 -0.2764252722263336 -0.08197294920682907 0.9770994186401367 0.1963597983121872 0.034206949174404144 0.27057746052742004 -0.16780416667461395 0.9479607343673706 0.01798705756664276
1305031110.879313 0.9578853845596313 0.1313062608242035 -0.25537097454071045 -0.2755472958087921 -0.08167194575071335 0.977177619934082 0.19609571993350983 0.034599028527736664 0.27529144287109375 -0.1669805645942688 0.9467482566833496 0.018433645367622375
1305031110.911333 0.9571915864944458 0.13191716372966766 -0.25764739513397217 -0.2750537395477295 -0.08146735280752182 0.97690749168396 0.1975218802690506 0.034825894981622696 0.2777542173862457 -0.16807644069194794 0.9458345174789429 0.018949046730995178
1305031110.943862 0.9555661678314209 0.13364450633525848 -0.26274043321609497 -0.27209123969078064 -0.08233150839805603 0.9768502116203308 0.19744740426540375 0.03532999008893967 0.2830457091331482 -0.16704227030277252 0.944447934627533 0.02033299207687378
1305031110.979345 0.9549563527107239 0.13459977507591248 -0.264464408159256 -0.26496776938438416 -0.08378560096025467 0.977251410484314 0.19483235478401184 0.038946714252233505 0.2846725285053253 -0.16389808058738708 0.9445098638534546 0.0212482288479805
1305031111.011431 0.9556173086166382 0.1321004033088684 -0.2633344531059265 -0.25361648201942444 -0.07984238862991333 0.9765124320983887 0.2001216560602188 0.03623833879828453 0.28358548879623413 -0.1702144742012024 0.9437193870544434 0.023079030215740204
1305031111.043327 0.9609084725379944 0.12725533545017242 -0.24588823318481445 -0.25512760877609253 -0.0796666070818901 0.9776362776756287 0.1946295201778412 0.039690837264060974 0.26515689492225647 -0.16743206977844238 0.9495568871498108 0.02489963173866272
1305031111.079283 0.9638285636901855 0.12442480772733688 -0.23569682240486145 -0.25424784421920776 -0.07836326956748962 0.977547824382782 0.19560059905052185 0.04256494343280792 0.2547425329685211 -0.17005544900894165 0.9519387483596802 0.023373454809188843
1305031111.111508 0.9647420048713684 0.11758308857679367 -0.23547226190567017 -0.24562475085258484 -0.0701545849442482 0.9771736264228821 0.20052477717399597 0.03921995311975479 0.2536756098270416 -0.17693519592285156 0.9509692788124084 0.026989314705133438
1305031111.143257 0.9657729268074036 0.11464962363243103 -0.23267582058906555 -0.23771950602531433 -0.06808973103761673 0.9776127934455872 0.1990911066532135 0.0367259606719017 0.2502925395965576 -0.1764339655637741 0.9519583582878113 0.027118179947137833
1305031111.179326 0.9660810828208923 0.11165139824151993 -0.23285461962223053 -0.2251863032579422 -0.06694021075963974 0.9791544079780579 0.1917690932750702 0.039047420024871826 0.24941189587116241 -0.16967716813087463 0.953416645526886 0.030676111578941345
1305031111.211433 0.9703001976013184 0.10212778300046921 -0.21928837895393372 -0.21581396460533142 -0.06094907969236374 0.9804776906967163 0.18694601953029633 0.03983430191874504 0.23409974575042725 -0.1680283099412918 0.9575822353363037 0.030271437019109726
1305031111.243236 0.9728968143463135 0.10349626839160919 -0.20678554475307465 -0.21502988040447235 -0.06429645419120789 0.9800595045089722 0.18801449239253998 0.03713070973753929 0.2221209704875946 -0.16962312161922455 0.9601511359214783 0.030059292912483215
1305031111.279308 0.9720558524131775 0.09697785973548889 -0.21378225088119507 -0.1992703080177307 -0.05800458788871765 0.9816660284996033 0.1815687119960785 0.034717559814453125 0.22747094929218292 -0.16409456729888916 0.9598592519760132 0.033814962953329086
1305031111.311547 0.9755532145500183 0.08798789232969284 -0.20138008892536163 -0.1944429874420166 -0.05368618294596672 0.9840044975280762 0.16986161470413208 0.03947315737605095 0.21310468018054962 -0.15489770472049713 0.9646723866462708 0.02964157611131668
1305031111.343397 0.9759941697120667 0.09018372744321823 -0.19824811816215515 -0.19410189986228943 -0.05436963587999344 0.9823110699653625 0.1791897416114807 0.0377216637134552 0.21090130507946014 -0.16410945355892181 0.9636330604553223 0.02695765346288681
1305031111.379134 0.9727569818496704 0.08189640939235687 -0.2168794721364975 -0.17446565628051758 -0.042724158614873886 0.9828296303749084 0.17950057983398438 0.03434921056032181 0.22785602509975433 -0.16534441709518433 0.9595533609390259 0.036440033465623856
1305031111.411296 0.9740327000617981 0.08088905364274979 -0.2114643156528473 -0.17279212176799774 -0.045574236661195755 0.9849311709403992 0.16683369874954224 0.03796374797821045 0.22177281975746155 -0.15286411345005035 0.9630416631698608 0.03170253336429596
1305031111.443386 0.9687365293502808 0.0892677903175354 -0.2314750850200653 -0.1541723757982254 -0.050026219338178635 0.9841439723968506 0.1701701134443283 0.03661308437585831 0.24299554526805878 -0.15327012538909912 0.9578419327735901 0.036945682018995285
1305031111.479259 0.9702025651931763 0.08788789808750153 -0.2257930487394333 -0.139573872089386 -0.05124569684267044 0.9852443337440491 0.16330154240131378 0.03647422045469284 0.2368135303258896 -0.146864652633667 0.960390567779541 0.04790759086608887
1305031111.511264 0.9759440422058105 0.0851731076836586 -0.20069542527198792 -0.13279464840888977 -0.05400780960917473 0.9862887263298035 0.1559411734342575 0.03495742753148079 0.21122562885284424 -0.14135073125362396 0.9671627283096313 0.04276089742779732
1305031111.54325 0.9782654643058777 0.08002904057502747 -0.19129005074501038 -0.12253186106681824 -0.05157757177948952 0.9874396324157715 0.14934022724628448 0.033706989139318466 0.20083895325660706 -0.13622809946537018 0.9701059460639954 0.04819406196475029
1305031111.579237 0.9821394681930542 0.06444410234689713 -0.1767728626728058 -0.10784131288528442 -0.03962452709674835 0.9892870783805847 0.14050185680389404 0.03542725369334221 0.18393363058567047 -0.13098786771297455 0.9741716980934143 0.04320956766605377
1305031111.611271 0.9860564470291138 0.051468610763549805 -0.1582515835762024 -0.10970202088356018 -0.028614554554224014 0.9892453551292419 0.14343945682048798 0.033193208277225494 0.16393227875232697 -0.13691110908985138 0.9769244194030762 0.038318268954753876
1305031111.643395 0.9848235845565796 0.036318738013505936 -0.169716015458107 -0.09112615883350372 -0.011902235448360443 0.9896909594535828 0.14272499084472656 0.025015264749526978 0.1731499880552292 -0.13853897154331207 0.9751030802726746 0.04073982685804367
1305031111.67932 0.9874590635299683 0.015463808551430702 -0.15711714327335358 -0.07760932296514511 0.005580096505582333 0.9911512732505798 0.13262125849723816 0.02663859724998474 0.15777769684791565 -0.13183480501174927 0.9786346554756165 0.036614540964365005
1305031111.71176 0.9893571138381958 0.012777671217918396 -0.14494606852531433 -0.06621307134628296 0.006628535222262144 0.991145133972168 0.13261836767196655 0.02638476900756359 0.145357146859169 -0.13216771185398102 0.9805116057395935 0.04178586229681969
1305031111.743386 0.990913450717926 0.006159833632409573 -0.1343603879213333 -0.04324914142489433 0.01148577407002449 0.9914265275001526 0.13016054034233093 0.020757270976901054 0.1340102255344391 -0.13052108883857727 0.9823469519615173 0.04150431975722313
1305031111.779423 0.994552731513977 -0.008020326495170593 -0.10392588376998901 -0.02960568480193615 0.020622942596673965 0.9924669861793518 0.1207658052444458 0.02611328288912773 0.10217441618442535 -0.12225120514631271 0.9872259497642517 0.043029725551605225
1305031111.811406 0.9976620674133301 -0.009250711649656296 -0.06771251559257507 -0.028908900916576385 0.017397582530975342 0.9925324320793152 0.1207350641489029 0.02111513540148735 0.06609002500772476 -0.12163081765174866 0.9903727769851685 0.040574658662080765
1305031111.843299 0.9991552829742432 -0.012992874719202518 -0.0389852449297905 -0.030250411480665207 0.01719471625983715 0.9938424229621887 0.10945986211299896 0.026050465181469917 0.0373230017721653 -0.11003775149583817 0.9932264089584351 0.0397283174097538
1305031111.879442 0.9994390606880188 -0.02269921638071537 -0.024620961397886276 -0.024447359144687653 0.025300756096839905 0.993488073348999 0.11109090596437454 0.026792312040925026 0.021938953548669815 -0.11165152490139008 0.9935052990913391 0.04114088788628578
1305031111.911354 0.9991995096206665 -0.0334266722202301 -0.021977994590997696 -0.021180925890803337 0.03568264842033386 0.9930822253227234 0.1118684932589531 0.023645922541618347 0.018086563795804977 -0.11256317794322968 0.9934800267219543 0.04309391230344772
1305031111.9433 0.998110830783844 -0.051163773983716965 -0.03401891887187958 -0.007963431999087334 0.05456035956740379 0.9926702380180359 0.10783787816762924 0.02441263012588024 0.028252173215150833 -0.10949021577835083 0.9935863018035889 0.043208420276641846
1305031111.979449 0.9971711039543152 -0.06553883105516434 -0.036802541464567184 0.008639410138130188 0.06908588111400604 0.9920443892478943 0.10523772239685059 0.025989260524511337 0.029612600803375244 -0.10748254507780075 0.9937658905982971 0.04368271306157112
1305031112.011433 0.9977123141288757 -0.06410421431064606 -0.02146786078810692 0.01874847710132599 0.06598865985870361 0.992464005947113 0.10325048118829727 0.02421945333480835 0.014687297865748405 -0.1044309139251709 0.9944237470626831 0.04297963157296181
1305031112.04327 0.9979346990585327 -0.06347192823886871 -0.009873584844172001 0.03215945512056351 0.06413018703460693 0.9932509660720825 0.09664316475391388 0.025067850947380066 0.0036728151608258486 -0.09707675874233246 0.9952701330184937 0.04494289308786392
1305031112.079339 0.9979522824287415 -0.06309033930301666 0.01052075158804655 0.044493257999420166 0.06186198443174362 0.9938458204269409 0.09188969433307648 0.027049947530031204 -0.016253363341093063 -0.09105070680379868 0.9957135915756226 0.046532612293958664
1305031112.111423 0.9979298114776611 -0.0549677237868309 0.033386748284101486 0.04554174095392227 0.05194895341992378 0.9949920773506165 0.08539426326751709 0.02907509356737137 -0.037913475185632706 -0.08348307013511658 0.9957876801490784 0.04826470464468002
1305031112.144342 0.9983998537063599 -0.044035471975803375 0.0354771763086319 0.0635109692811966 0.04084701091051102 0.9954513907432556 0.08607000857591629 0.028093494474887848 -0.039105936884880066 -0.08448315411806107 0.9956572651863098 0.044275131076574326
1305031112.17939 0.9976762533187866 -0.039636366069316864 0.05541751906275749 0.0784369632601738 0.03448532149195671 0.9952535033226013 0.09100097417831421 0.029135897755622864 -0.058761440217494965 -0.08887838572263718 0.9943076372146606 0.04708578810095787
1305031112.211254 0.9962576627731323 -0.025127951055765152 0.08270024508237839 0.07764185965061188 0.017134808003902435 0.995235800743103 0.09597979485988617 0.022318629547953606 -0.0847180113196373 -0.09420354664325714 0.9919418096542358 0.05149298161268234
1305031112.243369 0.9946901202201843 -0.0160698052495718 0.10165349394083023 0.08696970343589783 0.007100066635757685 0.9960958361625671 0.08799203485250473 0.017731256783008575 -0.10267063230276108 -0.08680304884910583 0.9909208416938782 0.051148854196071625
1305031112.279353 0.993654727935791 -0.011638958938419819 0.11186946928501129 0.09643906354904175 0.003543207887560129 0.9973770976066589 0.0722958967089653 0.022660525515675545 -0.11241748929023743 -0.07144077867269516 0.9910895228385925 0.05514708533883095
1305031112.311312 0.9931771159172058 -0.008271635510027409 0.11632220447063446 0.10403480380773544 0.0011051325127482414 0.9981040954589844 0.061539165675640106 0.020542196929454803 -0.11661070585250854 -0.06099072843790054 0.9913032054901123 0.05595150217413902
1305031112.343323 0.9930390119552612 -0.011140638031065464 0.11725731194019318 0.11145038157701492 0.0053677307441830635 0.9987629652023315 0.049433935433626175 0.020205320790410042 -0.11766298115253448 -0.04846042022109032 0.9918704628944397 0.05578790605068207
1305031112.37936 0.9934914112091064 -0.018834024667739868 0.11233914643526077 0.12058897316455841 0.014407929033041 0.9990925192832947 0.04008205607533455 0.02151138335466385 -0.11299208551645279 -0.03820260614156723 0.9928612112998962 0.05482809990644455
1305031112.411442 0.9939693808555603 -0.027412908151745796 0.10617569088935852 0.13020861148834229 0.023887664079666138 0.9991250038146973 0.034332845360040665 0.023168565705418587 -0.1070239245891571 -0.03158951550722122 0.993754506111145 0.05394662916660309
1305031112.443391 0.9940351247787476 -0.03899931535124779 0.10184919834136963 0.14078329503536224 0.03586423024535179 0.9988303184509277 0.03243415430188179 0.021454907953739166 -0.10299496352672577 -0.0285879485309124 0.994270920753479 0.05477890372276306
1305031112.479418 0.9932073950767517 -0.05796122923493385 0.10089430958032608 0.14573660492897034 0.05558457225561142 0.9981099367141724 0.026212196797132492 0.023448379710316658 -0.10222289711236954 -0.020425984635949135 0.9945518374443054 0.05509326979517937
1305031112.511504 0.9928017854690552 -0.07144510746002197 0.096126988530159 0.15031632781028748 0.0692635029554367 0.9972635507583618 0.025847945362329483 0.020233016461133957 -0.09771064668893814 -0.019003797322511673 0.9950333833694458 0.05610137805342674
1305031112.543212 0.9928061366081238 -0.08196379989385605 0.08728063106536865 0.15932278335094452 0.08051904290914536 0.9965533018112183 0.01995275914669037 0.020836850628256798 -0.08861520141363144 -0.012781467288732529 0.9959838390350342 0.05544136092066765
1305031112.579252 0.992405891418457 -0.09267841279506683 0.080877386033535 0.16576369106769562 0.09178362786769867 0.9956701993942261 0.014719877392053604 0.022895848378539085 -0.08189142495393753 -0.00718487286940217 0.9966152906417847 0.055201590061187744
1305031112.611261 0.991610050201416 -0.10503353178501129 0.07534898817539215 0.1782122254371643 0.10432332009077072 0.9944543242454529 0.013311387971043587 0.026125365868210793 -0.07632926851511002 -0.005339049734175205 0.9970683455467224 0.054296478629112244
1305031112.643246 0.9890725016593933 -0.12065818160772324 0.08471886813640594 0.1863030642271042 0.11930609494447708 0.992638349533081 0.020863661542534828 0.02667200192809105 -0.08661255985498428 -0.010528195649385452 0.9961864352226257 0.05500272288918495
1305031112.679952 0.9871565103530884 -0.1293298602104187 0.09378568083047867 0.19137056171894073 0.1275606006383896 0.9915244579315186 0.024646146222949028 0.028078950941562653 -0.09617828577756882 -0.012366244569420815 0.995287299156189 0.05550709366798401
1305031112.711251 0.9858459234237671 -0.13270270824432373 0.1024589017033577 0.1928962618112564 0.13043765723705292 0.9910460114479065 0.028528787195682526 0.029745547100901604 -0.10532733052968979 -0.014760485850274563 0.9943281412124634 0.055333059281110764
1305031112.743245 0.9842157363891602 -0.13912636041641235 0.10937613248825073 0.19339929521083832 0.13647784292697906 0.9901461601257324 0.03137610852718353 0.03902130946516991 -0.11266359686851501 -0.015953442081809044 0.9935051202774048 0.05717922002077103
1305031112.77931 0.9823824763298035 -0.14622728526592255 0.11637120693922043 0.1925065815448761 0.1412583291530609 0.9887141585350037 0.04990335926413536 0.03591899201273918 -0.12235510349273682 -0.032585788518190384 0.9919512867927551 0.05871270224452019
1305031112.81131 0.9824007749557495 -0.14050604403018951 0.12307217717170715 0.1826496124267578 0.13397713005542755 0.98917555809021 0.05984986573457718 0.02890743315219879 -0.130149245262146 -0.042307689785957336 0.9905914068222046 0.060256052762269974
1305031112.843286 0.9842942357063293 -0.1364598274230957 0.11199811100959778 0.1804908812046051 0.13062343001365662 0.9897385239601135 0.05792628228664398 0.03522639721632004 -0.11875346302986145 -0.04238692298531532 0.9920185208320618 0.05904311686754227
1305031112.879421 0.9844984412193298 -0.14082548022270203 0.10455213487148285 0.1796737015247345 0.1344609558582306 0.9887420535087585 0.06564633548259735 0.03496861085295677 -0.11261977255344391 -0.0505705252289772 0.9923504590988159 0.06059938669204712
1305031112.911411 0.9841686487197876 -0.14464165270328522 0.10242435336112976 0.1712377518415451 0.13770326972007751 0.9878615736961365 0.07188387215137482 0.033725395798683167 -0.11157847940921783 -0.05664168298244476 0.992139995098114 0.06142473220825195
1305031112.943321 0.9854177832603455 -0.14310090243816376 0.09205363690853119 0.1662553995847702 0.13652031123638153 0.9878524541854858 0.07422823458909988 0.03283201530575752 -0.10155755281448364 -0.060578618198633194 0.9929835200309753 0.06195226311683655
1305031112.979278 0.9872791171073914 -0.1383650004863739 0.07832632958889008 0.16465985774993896 0.13255558907985687 0.9883280396461487 0.07507848739624023 0.03169352561235428 -0.08780033141374588 -0.06374083459377289 0.9940966367721558 0.06021707504987717
1305031113.011353 0.9879673719406128 -0.13717637956142426 0.07143588364124298 0.16041289269924164 0.13172240555286407 0.9883555769920349 0.07617418467998505 0.03355022519826889 -0.08105333149433136 -0.06584791094064713 0.9945321679115295 0.0573740117251873
1305031113.043231 0.9887797832489014 -0.13235759735107422 0.0692528709769249 0.15376178920269012 0.12621916830539703 0.9882177710533142 0.08656945824623108 0.031159598380327225 -0.0798950344324112 -0.07685709744691849 0.9938358664512634 0.05782610923051834
1305031113.079251 0.990299642086029 -0.12136171013116837 0.06765985488891602 0.14338062703609467 0.11503950506448746 0.9892207980155945 0.09059914946556091 0.025163499638438225 -0.07792577892541885 -0.08193673938512802 0.9935864210128784 0.05860399454832077
1305031113.111316 0.9919292330741882 -0.11233846098184586 0.05879055708646774 0.13481970131397247 0.10744811594486237 0.9909370541572571 0.08061475306749344 0.02848462387919426 -0.06731387227773666 -0.07364721596240997 0.9950098991394043 0.05519568920135498
1305031113.143306 0.992530107498169 -0.11033309251070023 0.052063725888729095 0.1288643628358841 0.10588914901018143 0.9910293817520142 0.08153738081455231 0.032398663461208344 -0.06059294939041138 -0.07541532814502716 0.9953094124794006 0.05185248702764511
1305031113.179343 0.992267370223999 -0.11307740211486816 0.051176153123378754 0.11825138330459595 0.10807440429925919 0.989898145198822 0.09176934510469437 0.025773590430617332 -0.06103621423244476 -0.08552886545658112 0.9944643378257751 0.052323926240205765
1305031113.211259 0.9924386143684387 -0.11348792165517807 0.04675646498799324 0.10304957628250122 0.10909852385520935 0.9901601672172546 0.08763745427131653 0.024872370064258575 -0.05624218285083771 -0.08187371492385864 0.9950545430183411 0.05237024277448654
1305031113.243227 0.992958664894104 -0.11299236863851547 0.035575948655605316 0.09100984781980515 0.10950198769569397 0.990063488483429 0.08822408318519592 0.027377227321267128 -0.04519110172986984 -0.08370722830295563 0.9954651594161987 0.0476364940404892
