1305031453.359684 1.0 0.0 0.0 0.0 0.0 1.0 0.0 0.0 0.0 0.0 1.0 0.0
1305031453.39169 0.999634861946106 -0.024042366072535515 0.012334135361015797 0.002164709847420454 0.02402840368449688 0.9997104406356812 0.0012789943721145391 0.0045020668767392635 -0.0123613141477108 -0.000982157769612968 0.9999231100082397 -0.009477103129029274
1305031453.423683 0.9989034533500671 -0.042645059525966644 0.019319334998726845 0.007685915566980839 0.04266032949090004 0.9990895390510559 -0.0003786831221077591 0.0065683419816195965 -0.019285596907138824 0.0012024370953440666 0.9998133182525635 -0.01782931014895439
1305031453.459685 0.9976425766944885 -0.06045851856470108 0.03246622160077095 0.011530740186572075 0.06074453517794609 0.9981220960617065 -0.007895847782492638 0.011530976742506027 -0.03192787989974022 0.009849379770457745 0.9994416236877441 -0.027825063094496727
1305031453.491698 0.9957141280174255 -0.08104805648326874 0.0445491261780262 0.016026364639401436 0.08178883790969849 0.9965357780456543 -0.015062328428030014 0.01565014198422432 -0.04317403584718704 0.0186413936316967 0.9988936185836792 -0.03870440647006035
1305031453.523684 0.9935636520385742 -0.09888721257448196 0.05525229871273041 0.01629425212740898 0.10056138038635254 0.9945258498191833 -0.02838338539004326 0.02182459831237793 -0.05214309319853783 0.03375694155693054 0.9980689287185669 -0.05115220695734024
1305031453.559753 0.991715133190155 -0.11166255176067352 0.06350242346525192 0.01505166757851839 0.11451159417629242 0.9924848079681396 -0.043140023946762085 0.02895934320986271 -0.05820807069540024 0.05005437880754471 0.9970487952232361 -0.0663188174366951
1305031453.59164 0.9903176426887512 -0.11927903443574905 0.07101783156394958 0.013800354674458504 0.12332063913345337 0.9908121228218079 -0.055528439581394196 0.03336077928543091 -0.06374193727970123 0.06374873965978622 0.9959282279014587 -0.08114132285118103
1305031453.627706 0.9889425039291382 -0.1264135241508484 0.07753898203372955 0.005724349990487099 0.1317329704761505 0.9889630675315857 -0.0678117573261261 0.039125699549913406 -0.06811085343360901 0.07727637887001038 0.9946805238723755 -0.09782756119966507
1305031453.6596 0.9895554780960083 -0.12119201570749283 0.07805390655994415 -0.00839914195239544 0.12775298953056335 0.9881220459938049 -0.08540463447570801 0.04812989383935928 -0.06677643209695816 0.09448423236608505 0.9932842254638672 -0.11330967396497726
1305031453.691678 0.9912550449371338 -0.11221151053905487 0.06944078952074051 -0.015370606444776058 0.11903264373540878 0.9874850511550903 -0.1034628301858902 0.061109092086553574 -0.0569620206952095 0.11082378774881363 0.992206335067749 -0.12539181113243103
1305031453.727652 0.9927998781204224 -0.1036003828048706 0.06012778729200363 -0.02392338588833809 0.10993678122758865 0.9873846173286438 -0.11395388841629028 0.07124362885951996 -0.0475635901093483 0.11974366754293442 0.9916648864746094 -0.1411069631576538
1305031453.759694 0.9949324727058411 -0.0879700556397438 0.048690542578697205 -0.04053281247615814 0.0933496281504631 0.9880964159965515 -0.12227582931518555 0.07576495409011841 -0.03735433518886566 0.12620140612125397 0.9913011193275452 -0.15431749820709229
1305031453.791716 0.9969580173492432 -0.07315182685852051 0.026900064200162888 -0.04405241087079048 0.07612867653369904 0.9879355430603027 -0.13486258685588837 0.08740639686584473 -0.01671009510755539 0.13650017976760864 0.9904990792274475 -0.16595201194286346
1305031453.827773 0.997892439365387 -0.0631176084280014 0.015061468817293644 -0.05762643739581108 0.06461191922426224 0.9879397749900818 -0.140713632106781 0.09403584152460098 -0.005998317152261734 0.14139021933078766 0.9899357557296753 -0.17558307945728302
1305031453.859705 0.9988893270492554 -0.046918563544750214 -0.004339198581874371 -0.07755053788423538 0.045773353427648544 0.9880932569503784 -0.14688971638679504 0.10322509706020355 0.011179386638104916 0.1465279459953308 0.9891433715820312 -0.1851644665002823
1305031453.89171 0.9987775683403015 -0.0339740514755249 -0.03590446338057518 -0.08913660794496536 0.02830885723233223 0.988589346408844 -0.14795172214508057 0.1137479692697525 0.0405212864279747 0.1467544585466385 0.9883426427841187 -0.2019006907939911
1305031453.927723 0.9966621994972229 -0.025890517979860306 -0.0774228498339653 -0.09635061025619507 0.014706878922879696 0.9898043274879456 -0.1416732221841812 0.11575044691562653 0.0803014487028122 0.14006167650222778 0.9868811368942261 -0.20110297203063965
1305031453.959641 0.9940778017044067 -0.015440758317708969 -0.10756833851337433 -0.11214631795883179 0.00027082962333224714 0.9902030825614929 -0.13963453471660614 0.12413568049669266 0.10867057740688324 0.1387784630060196 0.9843430519104004 -0.20550499856472015
1305031453.991624 0.9907587170600891 0.005694964900612831 -0.13551682233810425 -0.11576174199581146 -0.023658854886889458 0.9910576343536377 -0.1313208043575287 0.1219702959060669 0.13355712592601776 0.13331338763237 0.9820336699485779 -0.21427157521247864
1305031454.027662 0.9870879650115967 0.024571547284722328 -0.1582835614681244 -0.1312732696533203 -0.04607237130403519 0.9899587631225586 -0.13363772630691528 0.12391698360443115 0.15341052412986755 0.1392046958208084 0.9783084392547607 -0.2179502695798874
1305031454.059654 0.9827484488487244 0.045274216681718826 -0.17931988835334778 -0.14737027883529663 -0.07027006894350052 0.9882695078849792 -0.1355939507484436 0.13174127042293549 0.1710774302482605 0.14585556089878082 0.9744017124176025 -0.22064125537872314
1305031454.091651 0.9765849113464355 0.07315394282341003 -0.20231273770332336 -0.16171427071094513 -0.1005411222577095 0.9865889549255371 -0.1285834163427353 0.1295596808195114 0.19019316136837006 0.14591339230537415 0.9708427786827087 -0.22764572501182556
1305031454.127701 0.9687325954437256 0.09949713945388794 -0.22728246450424194 -0.1793409287929535 -0.1313486248254776 0.9828298687934875 -0.12958748638629913 0.13108012080192566 0.21048638224601746 0.15538886189460754 0.9651682376861572 -0.2319175750017166
1305031454.159672 0.9585771560668945 0.12016380578279495 -0.25824493169784546 -0.1908942013978958 -0.15760505199432373 0.9789760112762451 -0.12948602437973022 0.1403878629207611 0.23725607991218567 0.16482307016849518 0.9573624134063721 -0.2305431216955185
1305031454.191658 0.9461525678634644 0.15044625103473663 -0.2866378724575043 -0.20858722925186157 -0.19087828695774078 0.9744197130203247 -0.11862414330244064 0.14481915533542633 0.26145902276039124 0.16694943606853485 0.9506667852401733 -0.23904243111610413
1305031454.227671 0.9301663041114807 0.1800270825624466 -0.3199702799320221 -0.22179801762104034 -0.22496278584003448 0.9682270884513855 -0.10921540856361389 0.13834671676158905 0.29014214873313904 0.17356988787651062 0.9411116242408752 -0.23694612085819244
1305031454.259627 0.9132115244865417 0.2067333161830902 -0.3511494994163513 -0.22227446734905243 -0.2604708969593048 0.9588606357574463 -0.11287679523229599 0.144346684217453 0.3133680522441864 0.19454461336135864 0.9294906854629517 -0.23769864439964294
1305031454.291639 0.9014176726341248 0.22897423803806305 -0.3674466907978058 -0.2298581302165985 -0.284883975982666 0.9527770280838013 -0.10515285283327103 0.15096847712993622 0.32601746916770935 0.1994663029909134 0.9240811467170715 -0.23673424124717712
1305031454.327699 0.8874614834785461 0.2603747546672821 -0.38028550148010254 -0.2514994442462921 -0.31716784834861755 0.9436960816383362 -0.09403344988822937 0.1445310115814209 0.33438998460769653 0.20406538248062134 0.9200763702392578 -0.24160616099834442
1305031454.359636 0.8695970773696899 0.2812877297401428 -0.405805379152298 -0.2555897831916809 -0.3473445773124695 0.9326162338256836 -0.09787030518054962 0.14998315274715424 0.3509310185909271 0.22606201469898224 0.9087041616439819 -0.23895326256752014
1305031454.391677 0.8564462661743164 0.30069008469581604 -0.41962528228759766 -0.26396694779396057 -0.370206356048584 0.9242530465126038 -0.09329303354024887 0.15631137788295746 0.35978764295578003 0.2352483868598938 0.9028903245925903 -0.24558082222938538
1305031454.427465 0.8360626101493835 0.32590252161026 -0.4413464665412903 -0.277972012758255 -0.40105384588241577 0.9119800925254822 -0.0863029882311821 0.16189032793045044 0.37437283992767334 0.24915841221809387 0.8931769132614136 -0.24636468291282654
1305031454.459913 0.8127804398536682 0.3493082821369171 -0.4662313759326935 -0.2747032642364502 -0.4314083456993103 0.8987138271331787 -0.07874226570129395 0.16485387086868286 0.3915032744407654 0.2651362419128418 0.8811514973640442 -0.24451944231987
1305031454.491617 0.7954976558685303 0.3749304711818695 -0.4760363698005676 -0.28002724051475525 -0.4603375196456909 0.8847869634628296 -0.07239753752946854 0.17047534883022308 0.39404675364494324 0.27672943472862244 0.8764405250549316 -0.24658244848251343
1305031454.5277 0.7746458649635315 0.40139147639274597 -0.4886804223060608 -0.2828400731086731 -0.489948570728302 0.8695109486579895 -0.06245877593755722 0.17845697700977325 0.3998425602912903 0.2878117561340332 0.8702242374420166 -0.2469373196363449
1305031454.559575 0.7581756114959717 0.42333266139030457 -0.49594271183013916 -0.28756359219551086 -0.510360598564148 0.8586602807044983 -0.04727186635136604 0.18624451756477356 0.4058345854282379 0.28895002603530884 0.8670675754547119 -0.25363174080848694
1305031454.591635 0.7297234535217285 0.45579707622528076 -0.5096593499183655 -0.2981645464897156 -0.544219434261322 0.8384280800819397 -0.029385514557361603 0.19522307813167572 0.4139188826084137 0.29880979657173157 0.8598743081092834 -0.26043808460235596
1305031454.62758 0.7023798823356628 0.4710101783275604 -0.5336777567863464 -0.2964742183685303 -0.5634876489639282 0.8260286450386047 -0.01258150301873684 0.20288799703121185 0.43490707874298096 0.3095577359199524 0.8455943465232849 -0.25722578167915344
1305031454.659528 0.6815157532691956 0.4815942347049713 -0.5510021448135376 -0.2956421673297882 -0.5732442140579224 0.8193538188934326 0.00711638480424881 0.2134263515472412 0.4548928439617157 0.3110088109970093 0.8344734907150269 -0.26012176275253296
1305031454.691884 0.6568079590797424 0.49150368571281433 -0.571863055229187 -0.2964743673801422 -0.5802325010299683 0.81378173828125 0.03300700709223747 0.21973049640655518 0.4815948009490967 0.31013429164886475 0.8196848034858704 -0.2572314143180847
1305031454.727659 0.631942093372345 0.4968242943286896 -0.59482342004776 -0.28924402594566345 -0.5842443704605103 0.8096728920936584 0.05557379499077797 0.2198590785264969 0.5092228651046753 0.3124028146266937 0.8019331097602844 -0.25158119201660156
1305031454.759732 0.6257586479187012 0.49257510900497437 -0.6048107147216797 -0.2797214090824127 -0.5713059306144714 0.817342221736908 0.07457343488931656 0.21871432662010193 0.5310702919960022 0.2988669276237488 0.7928701043128967 -0.24855560064315796
1305031454.791641 0.6368522644042969 0.4798411726951599 -0.6034663319587708 -0.2774636745452881 -0.5558213591575623 0.8281822800636292 0.07195084542036057 0.23337078094482422 0.5343050360679626 0.2895973324775696 0.7941356897354126 -0.2540113925933838
1305031454.82757 0.6414718627929688 0.4714285731315613 -0.6052016019821167 -0.2697380781173706 -0.5418573021888733 0.8368834257125854 0.0775684341788292 0.23985663056373596 0.5430511236190796 0.2781749367713928 0.7922841906547546 -0.25168099999427795
1305031454.85962 0.6522557735443115 0.46439990401268005 -0.5990784168243408 -0.2645132541656494 -0.5270941853523254 0.8458588719367981 0.08181986212730408 0.2459859997034073 0.544732928276062 0.26240330934524536 0.7964988946914673 -0.250434935092926
1305031454.891764 0.666451096534729 0.4554654359817505 -0.5902493000030518 -0.26085564494132996 -0.5141617059707642 0.8540917038917542 0.07851874083280563 0.25634631514549255 0.5398895740509033 0.25115469098091125 0.8033930659294128 -0.25147882103919983
1305031454.927567 0.6804861426353455 0.4496004581451416 -0.5786173939704895 -0.26046618819236755 -0.5017553567886353 0.8613746166229248 0.07921779155731201 0.263839453458786 0.5340226292610168 0.2364177703857422 0.8117428421974182 -0.25327804684638977
1305031454.959648 0.6944575309753418 0.44287461042404175 -0.5670896172523499 -0.2610757648944855 -0.4892083704471588 0.8685609102249146 0.07922769337892532 0.27236801385879517 0.5276398658752441 0.22240468859672546 0.8198367357254028 -0.25776875019073486
1305031454.991937 0.7063533663749695 0.43675941228866577 -0.5570513010025024 -0.26603853702545166 -0.4795490801334381 0.8741064667701721 0.07726959139108658 0.28170543909072876 0.5206702947616577 0.21255378425121307 0.8268755674362183 -0.2673056423664093
1305031455.027799 0.7107239365577698 0.429002583026886 -0.5575198531150818 -0.2654719948768616 -0.47380298376083374 0.8777316808700562 0.07139848172664642 0.2973651587963104 0.5199829936027527 0.21341000497341156 0.8270875215530396 -0.2693571448326111
1305031455.059636 0.7166249752044678 0.42882123589515686 -0.5500555038452148 -0.27084311842918396 -0.47096773982048035 0.8792195916175842 0.0718487948179245 0.3034277558326721 0.5144298076629639 0.20756974816322327 0.8320316672325134 -0.2737073302268982
1305031455.0917 0.7224856019020081 0.42642027139663696 -0.5442245006561279 -0.2765244245529175 -0.4703916609287262 0.880054235458374 0.0650867372751236 0.3127481937408447 0.5067013502120972 0.2089744657278061 0.8364109992980957 -0.27872198820114136
1305031455.127695 0.7299120426177979 0.4232032895088196 -0.5367748141288757 -0.2821759283542633 -0.4697079658508301 0.881048858165741 0.05592156946659088 0.32691267132759094 0.49659112095832825 0.21130958199501038 0.8418702483177185 -0.2827945053577423
1305031455.15972 0.739479660987854 0.4195551872253418 -0.5264440774917603 -0.2915029525756836 -0.46304944157600403 0.8846491575241089 0.05459941551089287 0.3348058760166168 0.48862573504447937 0.20339445769786835 0.8484547734260559 -0.29044631123542786
1305031455.191655 0.7492374777793884 0.4126218557357788 -0.5180602073669434 -0.30148980021476746 -0.4513533413410187 0.8905523419380188 0.05653878673911095 0.34337684512138367 0.4846889078617096 0.1914673000574112 0.853473424911499 -0.2944034934043884
1305031455.227581 0.758550226688385 0.40252187848091125 -0.5124233365058899 -0.3105218708515167 -0.44093558192253113 0.8960790634155273 0.05116800218820572 0.35215815901756287 0.4797680377960205 0.18713217973709106 0.8572072386741638 -0.29861709475517273
1305031455.259631 0.7713230848312378 0.38717085123062134 -0.5051330327987671 -0.3193701207637787 -0.42794859409332275 0.9029766321182251 0.03864260017871857 0.37641674280166626 0.4710845947265625 0.18636499345302582 0.8621759414672852 -0.29799720644950867
1305031455.291831 0.7861261963844299 0.37752875685691833 -0.4893644452095032 -0.3333694040775299 -0.4072606861591339 0.9119788408279419 0.04932914301753044 0.37934964895248413 0.46491315960884094 0.16051995754241943 0.8706830739974976 -0.3035670220851898
1305031455.327766 0.7992959022521973 0.36120161414146423 -0.4802700877189636 -0.34671539068222046 -0.3861580491065979 0.9210737347602844 0.05005247890949249 0.3915489912033081 0.4604431986808777 0.14545340836048126 0.8756914138793945 -0.31208187341690063
1305031455.35963 0.8051453232765198 0.35254716873168945 -0.4769185483455658 -0.35148316621780396 -0.3696371614933014 0.9271495342254639 0.061335936188697815 0.4006699025630951 0.4637986123561859 0.1269024908542633 0.8768046498298645 -0.31284838914871216
1305031455.391665 0.8182694911956787 0.3461335003376007 -0.4589408040046692 -0.3639639616012573 -0.35118502378463745 0.9330859184265137 0.07758790254592896 0.40028682351112366 0.45508694648742676 0.09768529236316681 0.8850725293159485 -0.31682249903678894
1305031455.427642 0.8340187668800354 0.33131375908851624 -0.4411846995353699 -0.37924692034721375 -0.32952970266342163 0.940462589263916 0.0833081528544426 0.4055868685245514 0.44251880049705505 0.07590283453464508 0.8935412168502808 -0.3255873918533325
1305031455.459589 0.8438491821289062 0.31913623213768005 -0.431359201669693 -0.3940894603729248 -0.31101810932159424 0.9459937810897827 0.09145184606313705 0.4036223590373993 0.4372487962245941 0.05698893219232559 0.897533118724823 -0.33350300788879395
1305031455.491637 0.8555814027786255 0.3010276257991791 -0.4211445748806 -0.4082984924316406 -0.29009515047073364 0.9526075124740601 0.09156294167041779 0.4107673764228821 0.4287484884262085 0.04383239150047302 0.9023598432540894 -0.34377187490463257
1305031455.52761 0.8672685623168945 0.2797623872756958 -0.411798894405365 -0.4255223274230957 -0.2633425295352936 0.9597705602645874 0.0974237397313118 0.4077197313308716 0.42248791456222534 0.02395159751176834 0.9060521125793457 -0.3537292778491974
1305031455.559669 0.8761872053146362 0.25711843371391296 -0.40765929222106934 -0.4469507336616516 -0.24132183194160461 0.966195285320282 0.09072168916463852 0.414455384016037 0.41720476746559143 0.018887894228100777 0.9086162447929382 -0.3638167381286621
1305031455.591645 0.8829805254936218 0.23163482546806335 -0.40827760100364685 -0.46176138520240784 -0.21400237083435059 0.9727636575698853 0.08907181769609451 0.41949978470802307 0.4177897274494171 0.008723679929971695 0.9085018634796143 -0.37518882751464844
1305031455.627617 0.8918687701225281 0.21163609623908997 -0.3997252285480499 -0.48269960284233093 -0.18847206234931946 0.9772855639457703 0.09690798074007034 0.41300323605537415 0.41115495562553406 -0.011092170141637325 0.9114980697631836 -0.385738730430603
1305031455.659615 0.897045373916626 0.19940586388111115 -0.39439448714256287 -0.5002307295799255 -0.17835968732833862 0.9798643589019775 0.08974254876375198 0.4096595346927643 0.4043482840061188 -0.010159075260162354 0.9145487546920776 -0.39804333448410034
1305031455.691605 0.8987642526626587 0.197519451379776 -0.39141902327537537 -0.51566481590271 -0.18012289702892303 0.9802960753440857 0.08108825981616974 0.41269874572753906 0.39972299337387085 -0.0023756963200867176 0.9166329503059387 -0.40696531534194946
1305031455.727628 0.9006533622741699 0.2071688324213028 -0.38197463750839233 -0.5337004661560059 -0.1920364946126938 0.9782995581626892 0.07779285311698914 0.41156303882598877 0.38980185985565186 0.003288688836619258 0.9208928942680359 -0.41757065057754517
1305031455.759683 0.904451847076416 0.21229468286037445 -0.3699970841407776 -0.5489261150360107 -0.19888639450073242 0.9771859645843506 0.07450930774211884 0.4107418954372406 0.37737393379211426 0.006197319366037846 0.9260402917861938 -0.4294932186603546
1305031455.791666 0.9094354510307312 0.2104320526123047 -0.3586718738079071 -0.5655164122581482 -0.197117879986763 0.9776017069816589 0.07375197857618332 0.40055179595947266 0.36615803837776184 0.003627981524914503 0.9305456876754761 -0.4417496919631958
1305031455.82759 0.9133724570274353 0.20920388400554657 -0.34926289319992065 -0.5826023817062378 -0.19881600141525269 0.977827250957489 0.06577339768409729 0.4003170132637024 0.35527878999710083 0.00936343427747488 0.9347135424613953 -0.4588044285774231
1305031455.859526 0.9149652719497681 0.2123495191335678 -0.34314167499542236 -0.5978690385818481 -0.20097190141677856 0.9771754145622253 0.06883573532104492 0.3926926255226135 0.3499268591403961 0.005979545414447784 0.9367579817771912 -0.47188419103622437
1305031455.891657 0.9169984459877014 0.21224553883075714 -0.3377362787723541 -0.6090261936187744 -0.20161522924900055 0.977191686630249 0.06669038534164429 0.3911355435848236 0.3441878855228424 0.006937791593372822 0.938875138759613 -0.48246750235557556
1305031455.927955 0.9194039702415466 0.21459336578845978 -0.3296148180961609 -0.6210111975669861 -0.20314007997512817 0.9766979813575745 0.06924784183502197 0.38468363881111145 0.3367942273616791 0.0032912425231188536 0.9415725469589233 -0.4928547143936157
1305031455.959716 0.9213530421257019 0.2193222939968109 -0.32094576954841614 -0.6332384943962097 -0.20936205983161926 0.9756296277046204 0.06568378210067749 0.3855159878730774 0.3275301158428192 0.006675897166132927 0.9448171854019165 -0.5043722987174988
1305031455.991694 0.9244343042373657 0.22489576041698456 -0.3079659640789032 -0.6468871235847473 -0.214640811085701 0.9743748903274536 0.06725239753723145 0.3857450783252716 0.315199077129364 0.0039316220209002495 0.949017345905304 -0.5122388601303101
1305031456.02777 0.9266982674598694 0.2323673814535141 -0.29535678029060364 -0.6552062034606934 -0.22143696248531342 0.9726280570030212 0.07042928040027618 0.39294055104255676 0.3036377429962158 0.0001362091861665249 0.952787458896637 -0.5213637351989746
1305031456.059713 0.9273619055747986 0.2514440715312958 -0.27708449959754944 -0.6720477342605591 -0.23476985096931458 0.967652440071106 0.092368483543396 0.3841681480407715 0.2913469076156616 -0.020607931539416313 0.9563954472541809 -0.5286815166473389
1305031456.091707 0.9276337027549744 0.2644822299480438 -0.2637138366699219 -0.6867369413375854 -0.24405783414840698 0.9637236595153809 0.10803945362567902 0.37177756428718567 0.28272172808647156 -0.035859622061252594 0.958531379699707 -0.5338658094406128
1305031456.127645 0.9299081563949585 0.26867303252220154 -0.2511681616306305 -0.7012880444526672 -0.2480972707271576 0.9623664617538452 0.11089858412742615 0.36478471755981445 0.2715112268924713 -0.04081137850880623 0.9615695476531982 -0.5400004982948303
1305031456.159731 0.9321407675743103 0.26997461915016174 -0.24130317568778992 -0.7092093229293823 -0.24837230145931244 0.9616392254829407 0.11645202338695526 0.35155779123306274 0.2634856700897217 -0.048616673797369 0.9634374380111694 -0.5416675806045532
1305031456.191658 0.9371299147605896 0.2634744644165039 -0.22884216904640198 -0.7173038125038147 -0.2444007396697998 0.9635782241821289 0.10855962336063385 0.339528888463974 0.24911004304885864 -0.04580528289079666 0.9673914313316345 -0.5424495935440063
1305031456.227678 0.9439169764518738 0.25525060296058655 -0.2094464898109436 -0.7270064353942871 -0.24183040857315063 0.9663376212120056 0.08780477195978165 0.35268041491508484 0.22480829060077667 -0.032229870557785034 0.973869800567627 -0.5463436245918274
1305031456.291675 0.9564231038093567 0.24166178703308105 -0.16387318074703217 -0.7527223825454712 -0.23003655672073364 0.969299852848053 0.08683834969997406 0.3302030861377716 0.17982777953147888 -0.045357368886470795 0.9826518893241882 -0.5447952747344971
1305031456.327718 0.9630812406539917 0.2281491756439209 -0.14290715754032135 -0.7657856941223145 -0.21873502433300018 0.9726090431213379 0.07865480333566666 0.32031115889549255 0.1569378525018692 -0.044492147862911224 0.9866057634353638 -0.5433233380317688
1305031456.391619 0.9732978343963623 0.2091149538755417 -0.09466920047998428 -0.7888583540916443 -0.2041172981262207 0.9771172404289246 0.059817589819431305 0.318460077047348 0.10501167178153992 -0.03889670968055725 0.9937099814414978 -0.5366770029067993
1305031456.427662 0.9790595173835754 0.19199790060520172 -0.06766998767852783 -0.811169445514679 -0.1900162696838379 0.9811691045761108 0.0346558652818203 0.32885879278182983 0.07304955273866653 -0.02107175625860691 0.9971056580543518 -0.5291903614997864
1305031456.491677 0.9849146008491516 0.16671143472194672 -0.04637286067008972 -0.8496726155281067 -0.16522841155529022 0.9856626391410828 0.034186843782663345 0.3478448987007141 0.051407329738140106 -0.026009010151028633 0.998339056968689 -0.5175585746765137
1305031456.527641 0.9868450164794922 0.15434347093105316 -0.04811456799507141 -0.8609939813613892 -0.152120441198349 0.987248957157135 0.04689086601138115 0.34703943133354187 0.054738350212574005 -0.038954805582761765 0.997740626335144 -0.5079018473625183
1305031456.591651 0.9905206561088562 0.13129103183746338 -0.040391724556684494 -0.8794921040534973 -0.1293773204088211 0.9904892444610596 0.046827252954244614 0.3515576720237732 0.04615556448698044 -0.04115758836269379 0.9980860948562622 -0.4906015992164612
1305031456.627612 0.9925108551979065 0.11920855194330215 -0.02667228877544403 -0.8909858465194702 -0.11724363267421722 0.9909101128578186 0.06596273183822632 0.3647271990776062 0.03429316356778145 -0.06234157830476761 0.9974655508995056 -0.4812260568141937
1305031456.691612 0.9961483478546143 0.08767173439264297 0.001464428030885756 -0.9267393946647644 -0.0874057412147522 0.9915199279785156 0.0961688905954361 0.34426149725914 0.006979281548410654 -0.09592647850513458 0.9953639507293701 -0.4571756422519684
1305031456.727693 0.9977003335952759 0.06740055978298187 0.0071560088545084 -0.9431285262107849 -0.06777700781822205 0.9929704666137695 0.09703594446182251 0.36082249879837036 -0.0005654296837747097 -0.097297802567482 0.9952551126480103 -0.44960546493530273
1305031456.791649 0.999193012714386 0.0391249880194664 -0.0090880012139678 -0.9763100743293762 -0.03790012747049332 0.9932905435562134 0.10925843566656113 0.34807318449020386 0.013301761820912361 -0.10882582515478134 0.9939717650413513 -0.4298481345176697
1305031456.827603 0.9994982481002808 0.024540944024920464 -0.02002587914466858 -0.9805970191955566 -0.022374490275979042 0.9945287704467773 0.10203821957111359 0.36784952878952026 0.022420426830649376 -0.10153894871473312 0.9945788383483887 -0.4188845455646515
1305031456.891672 0.9998809695243835 0.0001593038614373654 -0.015431621111929417 -0.9974598288536072 0.0018279111245647073 0.9916850924491882 0.12867528200149536 0.356081485748291 0.015323804691433907 -0.12868817150592804 0.9915667772293091 -0.39442282915115356
1305031456.92769 0.9999046325683594 -0.013641365803778172 -0.0021769553422927856 -1.0104711055755615 0.013800688087940216 0.9933724403381348 0.11410906165838242 0.3650505542755127 0.0006059245206415653 -0.1141282171010971 0.9934658408164978 -0.38677504658699036
1305031456.959667 0.9996049404144287 -0.02602655068039894 0.010608499869704247 -1.0226161479949951 0.024707568809390068 0.9936584234237671 0.10969380289316177 0.3814006447792053 -0.013396174646914005 -0.10938837379217148 0.9939088225364685 -0.3814898133277893
1305031456.991709 0.9993252754211426 -0.030539589002728462 0.020406046882271767 -1.0348975658416748 0.027653884142637253 0.9912320971488953 0.12920665740966797 0.3770160675048828 -0.024173039942979813 -0.12855516374111176 0.9914077520370483 -0.3716321587562561
1305031457.027648 0.998744547367096 -0.038794152438640594 0.03169074282050133 -1.0493465662002563 0.034301117062568665 0.9906906485557556 0.13174036145210266 0.37831538915634155 -0.036506474018096924 -0.13048794865608215 0.9907775521278381 -0.3671083450317383
1305031457.091655 0.9967727661132812 -0.06104948744177818 0.05212493985891342 -1.07308030128479 0.05227033421397209 0.9864128828048706 0.15574795007705688 0.38370826840400696 -0.06092504411935806 -0.15252074599266052 0.9864205121994019 -0.36274170875549316
1305031457.127632 0.9953506588935852 -0.0724082738161087 0.06351418048143387 -1.0837382078170776 0.06079035997390747 0.9837639331817627 0.16885851323604584 0.3733578026294708 -0.07470971345901489 -0.1642124056816101 0.9835917949676514 -0.35853394865989685
1305031457.191735 0.99046391248703 -0.10067897289991379 0.09404687583446503 -1.1110895872116089 0.08433866500854492 0.9828574061393738 0.16394641995429993 0.37595653533935547 -0.10894060879945755 -0.15445123612880707 0.9819760322570801 -0.3661263585090637
1305031457.227543 0.9874746799468994 -0.11289787292480469 0.11021716147661209 -1.1280332803726196 0.09257525950670242 0.9802619218826294 0.17468932271003723 0.3711039125919342 -0.1277637481689453 -0.16229790449142456 0.9784353375434875 -0.3693234920501709
1305031457.291656 0.9806339144706726 -0.1369141787290573 0.140041321516037 -1.152125597000122 0.11413180828094482 0.9805814027786255 0.15948118269443512 0.3623065948486328 -0.1591571718454361 -0.14040948450565338 0.9772174954414368 -0.3799934983253479
1305031457.327548 0.9761528372764587 -0.14695042371749878 0.15978527069091797 -1.1667944192886353 0.12266869843006134 0.9806628227233887 0.15248876810073853 0.366428941488266 -0.1791037917137146 -0.12925168871879578 0.9753029346466064 -0.38921427726745605
1305031457.391684 0.9625021815299988 -0.1746397465467453 0.20758238434791565 -1.1999826431274414 0.14456380903720856 0.9777122735977173 0.15225008130073547 0.35150229930877686 -0.2295447140932083 -0.11653212457895279 0.9662967920303345 -0.4020552933216095
1305031457.427641 0.9553776979446411 -0.18991687893867493 0.22624126076698303 -1.2222257852554321 0.1595359593629837 0.9763512015342712 0.1458994597196579 0.3522012233734131 -0.24859970808029175 -0.10329544544219971 0.9630826115608215 -0.4118063747882843
1305031457.491705 0.9488307237625122 -0.2083325833082199 0.2373136579990387 -1.2523890733718872 0.17586828768253326 0.9727897644042969 0.15083231031894684 0.33469530940055847 -0.26227957010269165 -0.10137839615345001 0.9596519470214844 -0.42654237151145935
1305031457.527638 0.9459517598152161 -0.21350085735321045 0.24411612749099731 -1.2652207612991333 0.18158891797065735 0.9723619818687439 0.14675700664520264 0.32625770568847656 -0.26870197057724 -0.09449627995491028 0.9585768580436707 -0.4357224106788635
1305031457.559685 0.941456139087677 -0.22058610618114471 0.2549552619457245 -1.2801952362060547 0.1893678456544876 0.97166907787323 0.14141762256622314 0.3212321102619171 -0.27892690896987915 -0.08485811948776245 0.9565557241439819 -0.4452057182788849
1305031457.591678 0.936068058013916 -0.22472691535949707 0.270692378282547 -1.3047773838043213 0.1948230266571045 0.9717723727226257 0.1330506056547165 0.3218592703342438 -0.29295146465301514 -0.07180729508399963 0.9534270167350769 -0.45187389850616455
1305031457.627526 0.9334170818328857 -0.23133818805217743 0.27425339818000793 -1.3189257383346558 0.1999649554491043 0.9700784087181091 0.13770274817943573 0.3086060583591461 -0.2979032099246979 -0.07369305938482285 0.9517473578453064 -0.45772451162338257
1305031457.659632 0.9294987916946411 -0.23690727353096008 0.2826779782772064 -1.3388324975967407 0.20873112976551056 0.9697704315185547 0.12639924883842468 0.31486326456069946 -0.3040776550769806 -0.0584842711687088 0.9508503675460815 -0.4640885591506958
1305031457.69157 0.9274904131889343 -0.24381904304027557 0.28339698910713196 -1.3547601699829102 0.21173055469989777 0.9673484563827515 0.13930967450141907 0.30640822649002075 -0.30810999870300293 -0.06920456886291504 0.9488303661346436 -0.4683274030685425
1305031457.727669 0.9278391003608704 -0.2440376728773117 0.2820640504360199 -1.362339973449707 0.20915575325489044 0.9665780663490295 0.14825908839702606 0.28771311044692993 -0.30881771445274353 -0.07856526970863342 0.9478708505630493 -0.4713577926158905
1305031457.759556 0.9261425733566284 -0.24144315719604492 0.2897672951221466 -1.378640055656433 0.205903559923172 0.9673296809196472 0.14790859818458557 0.2726384401321411 -0.31601202487945557 -0.07732032239437103 0.9455992579460144 -0.47638678550720215
1305031457.791567 0.9252702593803406 -0.23842671513557434 0.29500463604927063 -1.3821299076080322 0.20553602278232574 0.9688199162483215 0.13835777342319489 0.2544076144695282 -0.31879445910453796 -0.06738428771495819 0.9454255104064941 -0.4814745783805847
1305031457.827699 0.919976532459259 -0.2344285398721695 0.314144104719162 -1.398183822631836 0.20795778930187225 0.971260130405426 0.11579011380672455 0.2578600347042084 -0.3322601616382599 -0.04119546711444855 0.9422876834869385 -0.4908769130706787
1305031457.859623 0.9133784174919128 -0.23654958605766296 0.3313371241092682 -1.4127733707427979 0.20833724737167358 0.9708178043365479 0.11877862364053726 0.2429959774017334 -0.34976500272750854 -0.039459969848394394 0.9360060691833496 -0.49285465478897095
1305031457.891593 0.9071675539016724 -0.23483124375343323 0.3491438031196594 -1.4283605813980103 0.20959147810935974 0.9716965556144714 0.10898132622241974 0.22479772567749023 -0.3648540675640106 -0.025686748325824738 0.9307103157043457 -0.49181661009788513
1305031457.927633 0.9001681208610535 -0.2344345897436142 0.3670666217803955 -1.452858328819275 0.21977739036083221 0.9721070528030396 0.0818895697593689 0.2240651547908783 -0.3760257959365845 0.006958566606044769 0.9265831112861633 -0.4937934875488281
1305031457.991644 0.895666241645813 -0.23983025550842285 0.37451767921447754 -1.4775222539901733 0.23180392384529114 0.9704466462135315 0.067082479596138 0.20296204090118408 -0.3795378804206848 0.026731159538030624 0.9247899651527405 -0.49026983976364136
1305031458.027845 0.8927639126777649 -0.23676417768001556 0.3832952678203583 -1.488297700881958 0.23420120775699615 0.9706816673278809 0.05410008877515793 0.18881264328956604 -0.38486671447753906 0.04146959260106087 0.9220401048660278 -0.48557090759277344
1305031458.059689 0.8877997994422913 -0.23470629751682281 0.39588436484336853 -1.5051984786987305 0.2421029955148697 0.9697233438491821 0.03198207914829254 0.198997363448143 -0.3914047181606293 0.0674511045217514 0.9177433252334595 -0.4854128360748291
1305031458.09169 0.8829799890518188 -0.23755420744419098 0.4048633277416229 -1.5200226306915283 0.24587419629096985 0.968766987323761 0.03219045326113701 0.19906187057495117 -0.39986521005630493 0.07112191617488861 0.9138104319572449 -0.4776798486709595
1305031458.127605 0.8773171305656433 -0.23730550706386566 0.41713401675224304 -1.538718581199646 0.2441391497850418 0.9690037369728088 0.03778760880231857 0.1888866424560547 -0.413171648979187 0.06868700683116913 0.9080591797828674 -0.46298837661743164
1305031458.159638 0.872974693775177 -0.24026505649089813 0.42448535561561584 -1.5535808801651 0.24827823042869568 0.9679707884788513 0.03728973865509033 0.17948609590530396 -0.41984882950782776 0.0728374719619751 0.9046667218208313 -0.4491119980812073
1305031458.191646 0.8684152960777283 -0.24904654920101166 0.4287547171115875 -1.5756970643997192 0.2573128640651703 0.9655140042304993 0.039657942950725555 0.17725221812725067 -0.4238453805446625 0.07588454335927963 0.9025500416755676 -0.43748897314071655
1305031458.227611 0.8680213093757629 -0.25393059849739075 0.4266826808452606 -1.5941921472549438 0.25500282645225525 0.9653328657150269 0.05573143810033798 0.17017340660095215 -0.4260427951812744 0.06042923033237457 0.9026825428009033 -0.41900932788848877
1305031458.259934 0.8705672025680542 -0.25226306915283203 0.4224642217159271 -1.604158878326416 0.24708440899848938 0.9666038155555725 0.06801731884479523 0.14104318618774414 -0.4255138039588928 0.04517068341374397 0.9038238525390625 -0.3994506597518921
1305031458.291664 0.8710208535194397 -0.24610573053359985 0.4251525104045868 -1.6282296180725098 0.25077348947525024 0.9669537544250488 0.04596922546625137 0.1404574066400528 -0.422416090965271 0.06657683104276657 0.9039537310600281 -0.38098543882369995
1305031458.327628 0.8743114471435547 -0.2519484758377075 0.4148511290550232 -1.6373260021209717 0.2572096288204193 0.9653443098068237 0.04419834166765213 0.13282565772533417 -0.4116099774837494 0.06806060671806335 0.9088152050971985 -0.3663490414619446
1305031458.35959 0.8783495426177979 -0.2494603991508484 0.4077639877796173 -1.6410858631134033 0.2589862644672394 0.9653276205062866 0.03269178420305252 0.11611934006214142 -0.4017811417579651 0.07689046114683151 0.9125019311904907 -0.3516455292701721
1305031458.391626 0.8772580623626709 -0.25111836194992065 0.40909382700920105 -1.6530115604400635 0.27185454964637756 0.9623072743415833 0.007739990949630737 0.11725525557994843 -0.39561760425567627 0.10442405939102173 0.9124594926834106 -0.33294540643692017
1305031458.427598 0.8731213212013245 -0.261466383934021 0.41145414113998413 -1.6546683311462402 0.2910430431365967 0.9566610455513 -0.009675774723291397 0.12088055163621902 -0.3910922408103943 0.12819896638393402 0.9113791584968567 -0.3137551546096802
1305031458.459637 0.8658079504966736 -0.2707253396511078 0.42081400752067566 -1.6542832851409912 0.30635255575180054 0.9517476558685303 -0.018013326451182365 0.10059405118227005 -0.3956320285797119 0.14451351761817932 0.9069681167602539 -0.3085247874259949
1305031458.491696 0.8571704626083374 -0.2553168833255768 0.44729435443878174 -1.6580973863601685 0.31034624576568604 0.9491475224494934 -0.05295450985431671 0.09480305016040802 -0.4110281765460968 0.18420715630054474 0.8928177356719971 -0.29094523191452026
1305031458.527737 0.8481107950210571 -0.23576456308364868 0.4744713306427002 -1.6719728708267212 0.3131028711795807 0.9454575181007385 -0.08986961841583252 0.10880933701992035 -0.4274044632911682 0.2247777283191681 0.87567138671875 -0.2714441418647766
1305031458.559628 0.8415534496307373 -0.22509101033210754 0.49104148149490356 -1.672634482383728 0.3146629333496094 0.9431609511375427 -0.10693320631980896 0.11787400394678116 -0.4390614628791809 0.24450257420539856 0.8645481467247009 -0.2515377402305603
1305031458.591641 0.8365722298622131 -0.2015378624200821 0.5094404220581055 -1.6843578815460205 0.30488356947898865 0.9438477754592896 -0.12726914882659912 0.12139636278152466 -0.45518460869789124 0.26178979873657227 0.8510423302650452 -0.22107362747192383
1305031458.627659 0.8383272886276245 -0.18910637497901917 0.5113180875778198 -1.6933104991912842 0.30158093571662903 0.9421972036361694 -0.14599137008190155 0.15336386859416962 -0.4541545510292053 0.2765923738479614 0.846900463104248 -0.19591301679611206
1305031458.659623 0.8390465378761292 -0.19585396349430084 0.5075847506523132 -1.7047147750854492 0.30196651816368103 0.9437083601951599 -0.1350216269493103 0.1538972109556198 -0.45256736874580383 0.2665629982948303 0.8509564995765686 -0.166348397731781
1305031458.691674 0.8553448915481567 -0.18076352775096893 0.4854993522167206 -1.7183756828308105 0.27792927622795105 0.9509860873222351 -0.13557541370391846 0.16025730967521667 -0.4371960759162903 0.25089821219444275 0.8636606335639954 -0.14577621221542358
1305031458.72765 0.8738416433334351 -0.17129696905612946 0.4550362825393677 -1.7063008546829224 0.25758931040763855 0.9568526148796082 -0.13446477055549622 0.15010172128677368 -0.4123692512512207 0.23471342027187347 0.8802620768547058 -0.12785786390304565
1305031458.759945 0.891421377658844 -0.15019387006759644 0.42756253480911255 -1.7083942890167236 0.23593345284461975 0.9593446254730225 -0.1548977494239807 0.15618693828582764 -0.3869151771068573 0.23895546793937683 0.8906160593032837 -0.11029684543609619
1305031458.791632 0.9090659618377686 -0.13544069230556488 0.3940238952636719 -1.7008392810821533 0.21568816900253296 0.9620903730392456 -0.16691526770591736 0.17297124862670898 -0.3564795255661011 0.23672330379486084 0.9038165807723999 -0.09721475839614868
1305031458.827564 0.916999101638794 -0.14125487208366394 0.3730407953262329 -1.6906919479370117 0.21170294284820557 0.9649627208709717 -0.155011847615242 0.16905757784843445 -0.33807432651519775 0.22111959755420685 0.9147741794586182 -0.08795076608657837
1305031458.891665 0.925240159034729 -0.12444564700126648 0.35839083790779114 -1.6772924661636353 0.19538070261478424 0.9660646319389343 -0.1689540147781372 0.16297122836112976 -0.32520315051078796 0.2263457030057907 0.9181560277938843 -0.0787169337272644
1305031458.927621 0.9175503253936768 -0.1266719400882721 0.3769029378890991 -1.6867005825042725 0.20452697575092316 0.9632396697998047 -0.17417825758457184 0.17850840091705322 -0.34098440408706665 0.236904114484787 0.9097285866737366 -0.05661529302597046
1305031458.959617 0.9076436161994934 -0.1561868041753769 0.38960084319114685 -1.6912565231323242 0.23064233362674713 0.9610880613327026 -0.15203183889389038 0.16872207820415497 -0.3506954610347748 0.22784918546676636 0.9083487391471863 -0.04624372720718384
1305031458.991647 0.8998311758041382 -0.16176067292690277 0.40513867139816284 -1.7045707702636719 0.23592160642147064 0.9616286158561707 -0.14004074037075043 0.1358232945203781 -0.36693981289863586 0.2215939611196518 0.9034662842750549 -0.030747413635253906
1305031459.027665 0.8989809155464172 -0.15126538276672363 0.4110376238822937 -1.7275208234786987 0.235961452126503 0.9578995108604431 -0.16355624794960022 0.1321248710155487 -0.3689923584461212 0.24402301013469696 0.8968262672424316 -0.008500158786773682
