1305031453.359684 1.0 0.0 0.0 0.0 0.0 1.0 0.0 0.0 0.0 0.0 1.0 0.0
1305031453.39169 0.9996349215507507 -0.024036312475800514 0.012340635061264038 0.002157466020435095 0.024022385478019714 0.9997106194496155 0.0012755464995279908 0.004513028543442488 -0.01236772257834673 -0.0009786293376237154 0.999923050403595 -0.009478257037699223
1305031453.423683 0.9989057779312134 -0.04263335093855858 0.019225632771849632 0.0078046913258731365 0.04264825955033302 0.9990900754928589 -0.0003660935035441071 0.006542099639773369 -0.0191925298422575 0.0011856326600536704 0.9998151063919067 -0.017852410674095154
1305031453.459685 0.9976957440376282 -0.05900445953011513 0.03349541127681732 0.010315554216504097 0.059254053980112076 0.9982216954231262 -0.006507528945803642 0.009890510700643063 -0.03305187076330185 0.008477269671857357 0.9994176626205444 -0.027855284512043
1305031453.491698 0.9957793951034546 -0.07954229414463043 0.04578595235943794 0.014465516433119774 0.0802420899271965 0.9966819286346436 -0.013652163557708263 0.014054449275135994 -0.04454810917377472 0.017268501222133636 0.9988579750061035 -0.03898074850440025
1305031453.523684 0.9936137199401855 -0.09774792939424515 0.05636700987815857 0.014968199655413628 0.09937719255685806 0.9946873188018799 -0.026857975870370865 0.02006027102470398 -0.05344224348664284 0.032288044691085815 0.9980488419532776 -0.05168934911489487
1305031453.559753 0.9918223023414612 -0.11033942550420761 0.06413863599300385 0.01424039900302887 0.11312564462423325 0.9927112460136414 -0.04155566915869713 0.027162348851561546 -0.059085916727781296 0.048471562564373016 0.9970753192901611 -0.0664893314242363
1305031453.59164 0.9904040098190308 -0.1182127296924591 0.07159338891506195 0.012921387329697609 0.1222204938530922 0.9910085201263428 -0.054443810135126114 0.0317835658788681 -0.06451370567083359 0.06267155706882477 0.9959469437599182 -0.0815344750881195
1305031453.627706 0.9890419244766235 -0.12514440715312958 0.07832629233598709 0.004724695347249508 0.13045182824134827 0.9892045855522156 -0.0667579397559166 0.03755532577633858 -0.06912634521722794 0.07624422013759613 0.9946901798248291 -0.09868557006120682
1305031453.6596 0.9895322322845459 -0.12068549543619156 0.07912637293338776 -0.010066253133118153 0.12730292975902557 0.9882382750511169 -0.08472935855388641 0.0464300811290741 -0.06797011196613312 0.09391545504331589 0.9932571649551392 -0.11217518150806427
1305031453.691678 0.9912857413291931 -0.11119819432497025 0.07062272727489471 -0.016680750995874405 0.11798042058944702 0.9879169464111328 -0.10050168633460999 0.05672578886151314 -0.058593787252902985 0.10795798152685165 0.9924272298812866 -0.12624132633209229
1305031453.727652 0.9928151965141296 -0.10394208878278732 0.05927903950214386 -0.02231963910162449 0.10997605323791504 0.9878559708595276 -0.10975334793329239 0.06500206887722015 -0.047151148319244385 0.11548406630754471 0.9921895861625671 -0.14303332567214966
1305031453.759694 0.9948841333389282 -0.08594245463609695 0.05309715121984482 -0.04758768528699875 0.09176661819219589 0.9886103868484497 -0.1192827895283699 0.0713823065161705 -0.042240943759679794 0.1235450804233551 0.9914395213127136 -0.15449486672878265
1305031453.791716 0.9969719052314758 -0.07081103324890137 0.032136060297489166 -0.05162715166807175 0.07443583011627197 0.9885958433151245 -0.13091066479682922 0.08223113417625427 -0.022499652579426765 0.13290636241436005 0.9908730983734131 -0.16769419610500336
1305031453.827773 0.9980546236038208 -0.059961140155792236 0.017072360962629318 -0.06071269512176514 0.06173527613282204 0.988709032535553 -0.13653959333896637 0.0888647511601448 -0.008692532777786255 0.13732793927192688 0.9904874563217163 -0.1782282441854477
1305031453.859705 0.9990525841712952 -0.043382976204156876 0.0034382904414087534 -0.09066431224346161 0.043427735567092896 0.9887264966964722 -0.14329691231250763 0.1003015786409378 0.0028171176090836525 0.14331047236919403 0.9896737933158875 -0.19033168256282806
1305031453.89171 0.9992097020149231 -0.030564425513148308 -0.02541247569024563 -0.1057036966085434 0.026576058939099312 0.989120602607727 -0.14468678832054138 0.10974519699811935 0.029558267444372177 0.14389707148075104 0.9891511797904968 -0.19846700131893158
1305031453.927723 0.9972672462463379 -0.024347692728042603 -0.06975065171718597 -0.10952192544937134 0.014567133970558643 0.9904026985168457 -0.13744232058525085 0.11157900094985962 0.07242763787508011 0.13605065643787384 0.9880508780479431 -0.20284122228622437
1305031453.959641 0.9941229820251465 -0.011871880851686 -0.10760355740785599 -0.11122845113277435 -0.0025201980024576187 0.9911612868309021 -0.13263818621635437 0.11718708276748657 0.10822715610265732 0.13212986290454865 0.9853063821792603 -0.2152855545282364
1305031453.991624 0.9913296103477478 0.011450705118477345 -0.13089944422245026 -0.12325944751501083 -0.027977794408798218 0.991746187210083 -0.12512673437595367 0.1161331906914711 0.1283862441778183 0.12770408391952515 0.9834676384925842 -0.22118011116981506
1305031454.027662 0.987779438495636 0.02950405701994896 -0.15304023027420044 -0.1406300663948059 -0.04952636733651161 0.990443766117096 -0.12871789932250977 0.11966592073440552 0.14778004586696625 0.134724423289299 0.9798011779785156 -0.22423119843006134
1305031454.059654 0.9827607274055481 0.051098089665174484 -0.1776808500289917 -0.151224747300148 -0.07503168284893036 0.9885780215263367 -0.13070473074913025 0.1282515674829483 0.1689726561307907 0.14178314805030823 0.9753695726394653 -0.22729411721229553
1305031454.091651 0.9762795567512512 0.07636092603206635 -0.2026013731956482 -0.16108933091163635 -0.10297169536352158 0.9868962168693542 -0.12422840297222137 0.1259007602930069 0.19046036899089813 0.1421438455581665 0.9713495373725891 -0.23511368036270142
1305031454.127701 0.9682411551475525 0.1021045371890068 -0.22821861505508423 -0.1780194342136383 -0.13301019370555878 0.9832774996757507 -0.12439323216676712 0.1256874054670334 0.21170112490653992 0.150798037648201 0.9656306505203247 -0.23721633851528168
1305031454.159672 0.9595897197723389 0.12646585702896118 -0.25138407945632935 -0.19992227852344513 -0.1614825278520584 0.9790714383125305 -0.12386578321456909 0.1349199414253235 0.2304581105709076 0.15945443511009216 0.9599289298057556 -0.23900148272514343
1305031454.191658 0.9469531178474426 0.15261267125606537 -0.2828233540058136 -0.2143973410129547 -0.19121898710727692 0.9748823642730713 -0.11419151723384857 0.13891762495040894 0.25829243659973145 0.1622152179479599 0.9523503184318542 -0.2354588657617569
1305031454.227671 0.9319499135017395 0.18417733907699585 -0.3123267889022827 -0.2332233190536499 -0.22551260888576508 0.9689354300498962 -0.10152991861104965 0.12905879318714142 0.28392496705055237 0.16505444049835205 0.9445335865020752 -0.2413800060749054
1305031454.259627 0.9150155186653137 0.2115606963634491 -0.343494713306427 -0.2328944355249405 -0.26079806685447693 0.9598223567008972 -0.10356385260820389 0.13352596759796143 0.307783842086792 0.1843453049659729 0.9334269762039185 -0.24566826224327087
1305031454.291639 0.9035441875457764 0.23502962291240692 -0.35828614234924316 -0.23971201479434967 -0.2871852517127991 0.9527170062065125 -0.09927213937044144 0.14619262516498566 0.31801339983940125 0.19259126484394073 0.928318977355957 -0.2526615262031555
1305031454.327699 0.8886529803276062 0.26594167947769165 -0.37359172105789185 -0.25626564025878906 -0.3187008202075958 0.9439325332641602 -0.08614592999219894 0.13778862357139587 0.32973554730415344 0.19561782479286194 0.9235844612121582 -0.25885581970214844
1305031454.359636 0.8699322938919067 0.28742715716362 -0.4007534980773926 -0.26122283935546875 -0.3495854437351227 0.9325714111328125 -0.09000382572412491 0.14367200434207916 0.34786173701286316 0.21839483082294464 0.911754310131073 -0.25438764691352844
1305031454.391677 0.8558077216148376 0.3063977062702179 -0.41678953170776367 -0.26770150661468506 -0.37259641289711 0.9240201115608215 -0.08578237891197205 0.15020853281021118 0.3588384687900543 0.22870753705501556 0.9049463868141174 -0.25720080733299255
1305031454.427465 0.8354501724243164 0.3330705165863037 -0.4371350109577179 -0.284351110458374 -0.4035521447658539 0.9117469787597656 -0.0765705555677414 0.15373346209526062 0.3730531930923462 0.24037770926952362 0.8961305022239685 -0.2587691843509674
1305031454.459913 0.8120303153991699 0.35408949851989746 -0.4639261066913605 -0.27850452065467834 -0.4319790005683899 0.8991770148277283 -0.06981891393661499 0.15775254368782043 0.3924295902252197 0.2571013867855072 0.8831183314323425 -0.25496193766593933
1305031454.491617 0.7940779328346252 0.3814114034175873 -0.4732500910758972 -0.2832576334476471 -0.4621652662754059 0.8845846056938171 -0.06255576014518738 0.16185830533504486 0.3947703242301941 0.26839393377304077 0.8787042498588562 -0.2588173449039459
1305031454.5277 0.775972306728363 0.4064788818359375 -0.48232966661453247 -0.2893182039260864 -0.49049675464630127 0.8696262240409851 -0.056242089718580246 0.17500430345535278 0.3965853154659271 0.28022339940071106 0.8741825819015503 -0.26206523180007935
1305031454.559575 0.7591162323951721 0.4284421503543854 -0.49008139967918396 -0.2957935929298401 -0.5120261311531067 0.8578869104385376 -0.04312032088637352 0.18444083631038666 0.4019598364830017 0.28366780281066895 0.8706094622612 -0.26428282260894775
1305031454.591635 0.733201265335083 0.4560595452785492 -0.5044061541557312 -0.30501502752304077 -0.5410054326057434 0.8406057357788086 -0.026366792619228363 0.19422629475593567 0.4119819104671478 0.29221856594085693 0.8630639314651489 -0.2666858434677124
1305031454.62758 0.7035477757453918 0.4749462604522705 -0.5286270380020142 -0.3044922947883606 -0.5630189776420593 0.8264158368110657 -0.006824474781751633 0.19841118156909943 0.4336244761943817 0.30242836475372314 0.8488267660140991 -0.2653384208679199
1305031454.659528 0.6836299300193787 0.48626723885536194 -0.5442373156547546 -0.3042145073413849 -0.5728099942207336 0.8195887207984924 0.012768492102622986 0.20871037244796753 0.45225968956947327 0.3030156195163727 0.8388341069221497 -0.2726856470108032
1305031454.691884 0.6582204699516296 0.49628499150276184 -0.5660803914070129 -0.30219513177871704 -0.5802383422851562 0.8135340809822083 0.03854569047689438 0.21506009995937347 0.47965535521507263 0.3030899465084076 0.8234483599662781 -0.272251158952713
1305031454.727659 0.6348400712013245 0.5000388026237488 -0.5890154838562012 -0.29433682560920715 -0.583077073097229 0.8102419972419739 0.05940709263086319 0.21745842695236206 0.506950855255127 0.30572742223739624 0.8059352040290833 -0.2671881318092346
1305031454.759732 0.6332616209983826 0.49440979957580566 -0.5954315066337585 -0.2902176082134247 -0.569625198841095 0.8185773491859436 0.07388059794902802 0.22101284563541412 0.523934006690979 0.2923869788646698 0.800001859664917 -0.2650507688522339
1305031454.791641 0.6384742259979248 0.4844210743904114 -0.5980692505836487 -0.28457051515579224 -0.5552769899368286 0.8280112147331238 0.07787742465734482 0.22834265232086182 0.5329335331916809 0.2823713719844818 0.7976516485214233 -0.2654642164707184
1305031454.82757 0.6428555846214294 0.4784705638885498 -0.5981659889221191 -0.27536165714263916 -0.5393668413162231 0.837242841720581 0.09004390239715576 0.22737106680870056 0.5438936948776245 0.26474568247795105 0.7962973117828369 -0.2684282660484314
1305031454.85962 0.6563690304756165 0.46863478422164917 -0.5912368893623352 -0.27212411165237427 -0.5243198275566101 0.8468411564826965 0.08915544301271439 0.23906557261943817 0.542465090751648 0.25147831439971924 0.8015548586845398 -0.2670650780200958
1305031454.891764 0.6704198122024536 0.4604374170303345 -0.5818372964859009 -0.2682461440563202 -0.5102902054786682 0.8553914427757263 0.08893485367298126 0.24597375094890594 0.5386475324630737 0.23728212714195251 0.8084280490875244 -0.268325537443161
1305031454.927567 0.6842330694198608 0.45335301756858826 -0.5712233185768127 -0.2661696970462799 -0.49812281131744385 0.862633466720581 0.08796119689941406 0.2552868723869324 0.532633900642395 0.22435340285301208 0.8160677552223206 -0.2698468863964081
1305031454.959648 0.6984778642654419 0.44660699367523193 -0.5591697692871094 -0.2685880661010742 -0.4855974018573761 0.8697341084480286 0.0880775973200798 0.26347771286964417 0.5256651043891907 0.2100110948085785 0.8243613243103027 -0.27398645877838135
1305031454.991937 0.7095457315444946 0.4392130970954895 -0.5510324835777283 -0.2732603847980499 -0.4753040373325348 0.8756182789802551 0.08589902520179749 0.2743239402770996 0.520222008228302 0.20095863938331604 0.8300510048866272 -0.27948230504989624
1305031455.027799 0.713424563407898 0.4331768751144409 -0.5508023500442505 -0.2730890214443207 -0.47004878520965576 0.8787953853607178 0.08229713141918182 0.287022203207016 0.5196915864944458 0.2001911699771881 0.8305684924125671 -0.28271982073783875
1305031455.059636 0.7193840742111206 0.43198975920677185 -0.5439406037330627 -0.27767515182495117 -0.4671376645565033 0.8804283738136292 0.08141450583934784 0.29497402906417847 0.514070987701416 0.1955268681049347 0.8351647257804871 -0.2866406738758087
1305031455.0917 0.7250780463218689 0.4299331605434418 -0.5379770994186401 -0.2830283045768738 -0.46806594729423523 0.8806769847869873 0.07295456528663635 0.3054942786693573 0.5051496028900146 0.19891098141670227 0.8397965431213379 -0.2926209568977356
1305031455.127695 0.7322091460227966 0.42751529812812805 -0.530189037322998 -0.28876179456710815 -0.4662373960018158 0.8820900321006775 0.06737905740737915 0.3163177967071533 0.4964800179004669 0.19785843789577484 0.845197856426239 -0.29681938886642456
1305031455.15972 0.7424168586730957 0.42188987135887146 -0.5204096436500549 -0.2987602651119232 -0.45769456028938293 0.8866667747497559 0.06586267054080963 0.32493358850479126 0.4892165958881378 0.1892910897731781 0.8513729572296143 -0.3021799325942993
1305031455.191655 0.7525167465209961 0.4153671860694885 -0.5110661387443542 -0.3089675307273865 -0.44764474034309387 0.8917965888977051 0.06567233055830002 0.3353581726551056 0.48304519057273865 0.17935651540756226 0.8570287823677063 -0.3073141574859619
1305031455.227581 0.7611205577850342 0.405385285615921 -0.5063184499740601 -0.31724730134010315 -0.43652814626693726 0.897524356842041 0.06239674240350723 0.34171077609062195 0.47972777485847473 0.17353078722953796 0.86008620262146 -0.31040874123573303
1305031455.259631 0.77315753698349 0.39436325430870056 -0.4966941177845001 -0.32589420676231384 -0.42694777250289917 0.9027690887451172 0.05218721926212311 0.3626757562160492 0.4689807891845703 0.17171350121498108 0.8663552403450012 -0.3168194890022278
1305031455.291831 0.789315938949585 0.38284727931022644 -0.4800085425376892 -0.3406255841255188 -0.4054948389530182 0.9120814800262451 0.060674648731946945 0.36847251653671265 0.46103596687316895 0.14674948155879974 0.8751630187034607 -0.32262033224105835
1305031455.327766 0.8019134998321533 0.36842718720436096 -0.47031480073928833 -0.3541075587272644 -0.38540682196617126 0.9205268621444702 0.06396617740392685 0.3777477443218231 0.45650428533554077 0.12996718287467957 0.8801774382591248 -0.331532746553421
1305031455.35963 0.8077967166900635 0.35557013750076294 -0.4701429009437561 -0.3601049780845642 -0.3704901933670044 0.9266132116317749 0.06422577053308487 0.3989790081977844 0.4584774076938629 0.12230193614959717 0.8802503347396851 -0.3267127275466919
1305031455.391665 0.82062828540802 0.349463552236557 -0.45215538144111633 -0.3727107048034668 -0.35264918208122253 0.9322851896286011 0.08051620423793793 0.3981064260005951 0.4496752917766571 0.09337835013866425 0.8882975578308105 -0.3302673101425171
1305031455.427642 0.8365156054496765 0.33442530035972595 -0.4340521991252899 -0.3883407711982727 -0.3306131362915039 0.9397577047348022 0.08689217269420624 0.4031139612197876 0.43696293234825134 0.07081669569015503 0.8966874480247498 -0.33902257680892944
1305031455.459589 0.8468067646026611 0.32198601961135864 -0.42337143421173096 -0.40411001443862915 -0.31296804547309875 0.9452115297317505 0.09287702292203903 0.4032798707485199 0.43008074164390564 0.05385279655456543 0.9011827707290649 -0.34709227085113525
1305031455.491637 0.8580846786499023 0.3037486672401428 -0.41403794288635254 -0.4174623191356659 -0.29134711623191833 0.9519332051277161 0.09455161541700363 0.4086011052131653 0.4228563904762268 0.03949546441435814 0.905335545539856 -0.3561623692512512
1305031455.52761 0.8695935010910034 0.2828902006149292 -0.40469780564308167 -0.4333440959453583 -0.2645035684108734 0.958976686000824 0.1019885390996933 0.4041483402252197 0.4169473350048065 0.018355421721935272 0.908745288848877 -0.36686623096466064
1305031455.559669 0.8776925206184387 0.25781282782554626 -0.40396571159362793 -0.45095038414001465 -0.2383953481912613 0.9661458730697632 0.09863965958356857 0.4081525206565857 0.4157204329967499 0.009728245437145233 0.9094404578208923 -0.3770780861377716
1305031455.591645 0.8866704702377319 0.2319338619709015 -0.4000277519226074 -0.4710870385169983 -0.21077241003513336 0.9727303385734558 0.09680196642875671 0.41322824358940125 0.41157087683677673 -0.0015166401863098145 0.9113764762878418 -0.3924323320388794
1305031455.627617 0.8941091299057007 0.2124760001897812 -0.394237220287323 -0.48904311656951904 -0.18567372858524323 0.9769392609596252 0.10542792081832886 0.40598776936531067 0.407546728849411 -0.02106456458568573 0.9129413962364197 -0.4011090099811554
1305031455.659615 0.8988572955131531 0.20123863220214844 -0.3893052041530609 -0.507426381111145 -0.17660917341709137 0.979343056678772 0.09847073256969452 0.4029842019081116 0.4010794162750244 -0.019756250083446503 0.9158301949501038 -0.4110356569290161
1305031455.691605 0.9012590646743774 0.20065605640411377 -0.3840174078941345 -0.523532509803772 -0.1807182878255844 0.9796139597892761 0.08773428946733475 0.40675148367881775 0.39379334449768066 -0.009672343730926514 0.9191480875015259 -0.42441919445991516
1305031455.727628 0.9014518857002258 0.21093520522117615 -0.37800899147987366 -0.5399895310401917 -0.19251446425914764 0.9774869084358215 0.08635732531547546 0.40425679087638855 0.3877146244049072 -0.00507475808262825 0.9217654466629028 -0.4318093955516815
1305031455.759683 0.9071741104125977 0.21375781297683716 -0.3624124228954315 -0.5583813190460205 -0.19887608289718628 0.9768862128257751 0.07836879789829254 0.4078618288040161 0.370787650346756 0.0009810293558984995 0.9287171363830566 -0.4413469135761261
1305031455.791666 0.9119603633880615 0.21180635690689087 -0.3513779044151306 -0.5745463967323303 -0.19667944312095642 0.9773081541061401 0.0786510556936264 0.3967854678630829 0.36006325483322144 -0.002617836929857731 0.932924211025238 -0.45311665534973145
1305031455.82759 0.9159295558929443 0.21047274768352509 -0.34172242879867554 -0.5918909311294556 -0.19786612689495087 0.9775979518890381 0.0717724859714508 0.39542755484580994 0.34917324781417847 0.0018767490983009338 0.937056303024292 -0.470939040184021
1305031455.859526 0.9168604612350464 0.21377958357334137 -0.3371427357196808 -0.6055233478546143 -0.20132817327976227 0.9768800139427185 0.07191957533359528 0.3909463584423065 0.3447228670120239 0.0019361303420737386 0.9387025237083435 -0.4821094274520874
1305031455.891657 0.9191726446151733 0.21416692435741425 -0.3305363655090332 -0.6181181073188782 -0.2024577111005783 0.9767934679985046 0.06989625841379166 0.38893240690231323 0.3378352224826813 0.002672918140888214 0.9412015676498413 -0.4937743842601776
1305031455.927955 0.921978235244751 0.21656906604766846 -0.321020245552063 -0.6317794322967529 -0.20370911061763763 0.9762644171714783 0.07355692982673645 0.3812771737575531 0.32933077216148376 -0.0024231120478361845 0.9442115426063538 -0.5047636032104492
1305031455.959716 0.9234777092933655 0.22083179652690887 -0.31372344493865967 -0.6422443389892578 -0.20967410504817963 0.9753103852272034 0.0693291425704956 0.38294416666030884 0.32128778100013733 0.001755778444930911 0.9469799995422363 -0.5154489278793335
1305031455.991694 0.9259214401245117 0.22633826732635498 -0.30239129066467285 -0.6538344621658325 -0.2143366038799286 0.97404545545578 0.07276954501867294 0.3804853856563568 0.3110133707523346 -0.0025653326883912086 0.9504020810127258 -0.5246464610099792
1305031456.02777 0.9278324842453003 0.23309817910194397 -0.29119130969047546 -0.660115122795105 -0.22030040621757507 0.9724294543266296 0.07647786289453506 0.3872072994709015 0.30098986625671387 -0.006809068378061056 0.9536030888557434 -0.5330147743225098
1305031456.059713 0.9287909865379333 0.25175559520721436 -0.27196770906448364 -0.6790082454681396 -0.23319363594055176 0.9673675894737244 0.09910021722316742 0.3772751986980438 0.2880418002605438 -0.028622236102819443 0.9571900367736816 -0.5398222208023071
1305031456.091707 0.9289249181747437 0.26485928893089294 -0.2587433457374573 -0.6931155323982239 -0.24312090873718262 0.9633575081825256 0.11329034715890884 0.3666505515575409 0.2792682945728302 -0.04233230650424957 0.959279477596283 -0.5453458428382874
1305031456.127645 0.9310370683670044 0.2679402232170105 -0.24774578213691711 -0.7057981491088867 -0.24582555890083313 0.9622442126274109 0.1168585866689682 0.35898613929748535 0.26970309019088745 -0.04789742827415466 0.9617515802383423 -0.5505721569061279
1305031456.159731 0.9339683055877686 0.2688126266002655 -0.23546329140663147 -0.7168003916740417 -0.24593155086040497 0.9615478515625 0.1222437173128128 0.3453613817691803 0.25926992297172546 -0.05626390874385834 0.9641646146774292 -0.5529864430427551
1305031456.191658 0.9385737180709839 0.2631911635398865 -0.22318120300769806 -0.7243559956550598 -0.24318960309028625 0.9633368253707886 0.11331790685653687 0.3342333734035492 0.24482296407222748 -0.052081841975450516 0.9681679606437683 -0.5546531677246094
1305031456.227678 0.9443132877349854 0.25467145442962646 -0.2083623707294464 -0.7283656597137451 -0.23972509801387787 0.9662283062934875 0.09452368319034576 0.34565162658691406 0.22539810836315155 -0.039310261607170105 0.9734734296798706 -0.5590310096740723
1305031456.291675 0.9575300216674805 0.24361750483512878 -0.15422950685024261 -0.7654881477355957 -0.23170527815818787 0.9684944152832031 0.09127582609653473 0.32706812024116516 0.17160683870315552 -0.051663562655448914 0.9838099479675293 -0.5556745529174805
1305031456.327718 0.9637652635574341 0.2291221022605896 -0.13660001754760742 -0.7743901610374451 -0.21953940391540527 0.9721753597259521 0.08171572536230087 0.31941211223602295 0.15152205526828766 -0.04876568913459778 0.9872502684593201 -0.5527512431144714
1305031456.391619 0.9737269878387451 0.20949745178222656 -0.08925516158342361 -0.7963564991950989 -0.20407341420650482 0.9767154455184937 0.06618800014257431 0.31339967250823975 0.10104313492774963 -0.046234436333179474 0.9938071370124817 -0.546089231967926
1305031456.427662 0.979136049747467 0.19362007081508636 -0.06167583912611008 -0.8194195628166199 -0.1911884993314743 0.9806020259857178 0.04320451617240906 0.3207384943962097 0.068844735622406 -0.030511386692523956 0.9971607327461243 -0.5422852635383606
1305031456.491677 0.9847274422645569 0.16979916393756866 -0.03847063332796097 -0.8595747351646423 -0.16800937056541443 0.9847215414047241 0.04578651487827301 0.33548930287361145 0.045657336711883545 -0.03862381726503372 0.9982102513313293 -0.5315990447998047
1305031456.527641 0.9866676926612854 0.1578284502029419 -0.03971358388662338 -0.8712864518165588 -0.15546917915344238 0.9862073659896851 0.05678519606590271 0.3365446925163269 0.048128142952919006 -0.04985387623310089 0.997596263885498 -0.5208893418312073
1305031456.591651 0.9904899001121521 0.1333630383014679 -0.03382360190153122 -0.8878341913223267 -0.1312757432460785 0.9896570444107056 0.05784119665622711 0.34130367636680603 0.041187629103660583 -0.052850909531116486 0.9977527856826782 -0.50532066822052
1305031456.627612 0.9923964142799377 0.12136822193861008 -0.02047271840274334 -0.8989705443382263 -0.11949422955513 0.9899128079414368 0.07611715793609619 0.3547104597091675 0.029504412785172462 -0.0730920284986496 0.9968886375427246 -0.4933834373950958
1305031456.691612 0.99616539478302 0.08687394112348557 0.010363684967160225 -0.938095211982727 -0.08748099207878113 0.9907439947128296 0.10379524528980255 0.33863386511802673 -0.0012506544589996338 -0.10430385917425156 0.9945446252822876 -0.4660709500312805
1305031456.727693 0.9978314638137817 0.06438501924276352 0.013667235150933266 -0.952820897102356 -0.06548735499382019 0.9919934272766113 0.10798436403274536 0.3520720899105072 -0.006605222821235657 -0.10864522308111191 0.9940586090087891 -0.45532429218292236
1305031456.791649 0.9992603063583374 0.038440268486738205 0.0011744815856218338 -0.9886953234672546 -0.0382995642721653 0.9919030666351318 0.1210850328207016 0.33760273456573486 0.003489568829536438 -0.12104041874408722 0.9926414489746094 -0.43933483958244324
1305031456.827603 0.9996142387390137 0.02561270445585251 -0.010739323683083057 -0.9919461607933044 -0.024328356608748436 0.9940412044525146 0.1062551960349083 0.3651702105998993 0.013396813534200191 -0.10595295578241348 0.9942808747291565 -0.4287641644477844
1305031456.891672 0.9999792575836182 0.004123623948544264 -0.0049635362811386585 -1.0104398727416992 -0.003434706712141633 0.9912991523742676 0.13158255815505981 0.354636013507843 0.005462948232889175 -0.13156278431415558 0.9912927746772766 -0.40246352553367615
1305031456.92769 0.9999310374259949 -0.01068065594881773 0.004882331937551498 -1.0191339254379272 0.010022591799497604 0.9928178787231445 0.11921471357345581 0.36176419258117676 -0.006120556965470314 -0.11915756016969681 0.992856502532959 -0.3948911130428314
1305031456.959667 0.9995690584182739 -0.021435724571347237 0.02005814015865326 -1.0344294309616089 0.019032491371035576 0.9933940768241882 0.11316254734992981 0.3796376585960388 -0.022351358085870743 -0.11273202300071716 0.9933740496635437 -0.390548437833786
1305031456.991709 0.9991607666015625 -0.026928653940558434 0.030866999179124832 -1.0476632118225098 0.02255142852663994 0.9906845688819885 0.13429567217826843 0.3736741542816162 -0.03419586271047592 -0.13348688185214996 0.9904604554176331 -0.381155788898468
1305031457.027648 0.998511552810669 -0.0355377122759819 0.04137454181909561 -1.0618174076080322 0.029599115252494812 0.9902374148368835 0.13621222972869873 0.3762284219264984 -0.04581129178404808 -0.13478481769561768 0.989815354347229 -0.3751572370529175
1305031457.091655 0.9965589642524719 -0.05879881605505943 0.05841987952589989 -1.081270456314087 0.04867652431130409 0.9856414794921875 0.1616833657026291 0.3798615634441376 -0.06708784401416779 -0.15828336775302887 0.9851119518280029 -0.3701322674751282
1305031457.127632 0.9952166080474854 -0.06929463893175125 0.06886226683855057 -1.0908573865890503 0.05650847405195236 0.9833298325538635 0.17282766103744507 0.3709103763103485 -0.07969033718109131 -0.16810967028141022 0.9825418591499329 -0.3669808804988861
1305031457.191735 0.9901203513145447 -0.09725584834814072 0.10100995749235153 -1.1198629140853882 0.07955509424209595 0.9828292727470398 0.16648632287979126 0.37485915422439575 -0.11546730250120163 -0.15680566430091858 0.9808564186096191 -0.3748380243778229
1305031457.227543 0.9872795343399048 -0.11042776703834534 0.11438846588134766 -1.134263038635254 0.08898814767599106 0.9799962043762207 0.17801280319690704 0.36948445439338684 -0.13175782561302185 -0.16556918621063232 0.9773570895195007 -0.37753891944885254
1305031457.291656 0.98006671667099 -0.1359124779701233 0.14490336179733276 -1.160474419593811 0.1112671047449112 0.979759931564331 0.16640329360961914 0.35643625259399414 -0.16458681225776672 -0.14696337282657623 0.9753527045249939 -0.3896578848361969
1305031457.327548 0.9754276871681213 -0.14605961740016937 0.16494692862033844 -1.1760761737823486 0.11969243735074997 0.9798583388328552 0.1598479449748993 0.36007916927337646 -0.18497194349765778 -0.1361771821975708 0.9732630252838135 -0.3994459807872772
1305031457.391684 0.9608972072601318 -0.17275796830654144 0.21640533208847046 -1.2123162746429443 0.14024941623210907 0.9774935841560364 0.1575956493616104 0.34739768505096436 -0.23876073956489563 -0.12108248472213745 0.9634999632835388 -0.4102794826030731
1305031457.427641 0.9536192417144775 -0.18787704408168793 0.2351861149072647 -1.2343411445617676 0.15434125065803528 0.9759683609008789 0.1538325399160385 0.34602710604667664 -0.25843584537506104 -0.1103987768292427 0.9596994519233704 -0.41848695278167725
1305031457.491705 0.9468218684196472 -0.205030158162117 0.2479741871356964 -1.266504168510437 0.1700417548418045 0.9731170535087585 0.1553352028131485 0.33164435625076294 -0.2731562554836273 -0.10490879416465759 0.9562320709228516 -0.43175947666168213
1305031457.527638 0.9437270760536194 -0.20797137916088104 0.25715190172195435 -1.2816383838653564 0.1736311912536621 0.973325788974762 0.14996376633644104 0.3244253695011139 -0.2814807593822479 -0.09687527269124985 0.9546642303466797 -0.4404878616333008
1305031457.559685 0.9401351809501648 -0.21745264530181885 0.26241233944892883 -1.2914254665374756 0.18426012992858887 0.9720665216445923 0.14537812769412994 0.31835484504699707 -0.28669512271881104 -0.0883229672908783 0.953941822052002 -0.4518020749092102
1305031457.591678 0.9338655471801758 -0.22009895741939545 0.2818715572357178 -1.319563388824463 0.1876199096441269 0.9725282788276672 0.1377955973148346 0.31840139627456665 -0.3044567108154297 -0.07579785585403442 0.9495055079460144 -0.4563942551612854
1305031457.627526 0.932718813419342 -0.22787339985370636 0.2794802486896515 -1.3287265300750732 0.19475243985652924 0.9706032276153564 0.1414244920015335 0.30625298619270325 -0.3034912943840027 -0.07747983932495117 0.9496788382530212 -0.46520254015922546
1305031457.659632 0.928872287273407 -0.23331929743289948 0.2876775860786438 -1.3482651710510254 0.20262537896633148 0.9702304005622864 0.13264980912208557 0.309285044670105 -0.3100632429122925 -0.0649239644408226 0.9484965205192566 -0.471775621175766
1305031457.69157 0.9269336462020874 -0.24091865122318268 0.28766682744026184 -1.3639196157455444 0.2066033035516739 0.9676677584648132 0.14468680322170258 0.3016900420188904 -0.3132236897945404 -0.07468216121196747 0.9467383027076721 -0.47750425338745117
1305031457.727669 0.9265457391738892 -0.24142196774482727 0.2884930372238159 -1.3744553327560425 0.20424172282218933 0.9668658971786499 0.15315227210521698 0.28306302428245544 -0.31590840220451355 -0.08298026025295258 0.9451540112495422 -0.48014071583747864
1305031457.759556 0.92582106590271 -0.23724204301834106 0.2942304313182831 -1.3885984420776367 0.1999959945678711 0.9680522680282593 0.1512494683265686 0.26958832144737244 -0.3207131326198578 -0.08118502050638199 0.9436907172203064 -0.485061913728714
1305031457.791567 0.9244335293769836 -0.23427866399288177 0.30089226365089417 -1.3934357166290283 0.19878004491329193 0.9693965911865234 0.1440715342760086 0.2491033524274826 -0.32543691992759705 -0.07337317615747452 0.9427126049995422 -0.4886583089828491
1305031457.827699 0.9183224439620972 -0.22995775938034058 0.3221851587295532 -1.4120951890945435 0.20095327496528625 0.9720929265022278 0.12104959785938263 0.25362837314605713 -0.34103021025657654 -0.046418383717536926 0.9389055967330933 -0.4963381290435791
1305031457.859623 0.9118257164955139 -0.2312546819448471 0.33925673365592957 -1.4262540340423584 0.20053493976593018 0.9718716144561768 0.12349623441696167 0.23951254785060883 -0.35827308893203735 -0.04457421600818634 0.9325520396232605 -0.4973699450492859
1305031457.891593 0.9052523374557495 -0.2279968559741974 0.3585187792778015 -1.4446288347244263 0.20005474984645844 0.9731606245040894 0.11373887956142426 0.21989132463932037 -0.37482842803001404 -0.031238999217748642 0.9265676736831665 -0.4964677393436432
1305031457.927633 0.8987026810646057 -0.22774755954742432 0.3747859299182892 -1.4674702882766724 0.2107725739479065 0.9737191200256348 0.08629012107849121 0.2205674648284912 -0.3845886290073395 0.0014454200863838196 0.923086941242218 -0.49754926562309265
1305031457.991644 0.8945069909095764 -0.234178826212883 0.3808116912841797 -1.4910019636154175 0.22498151659965515 0.9719026684761047 0.0691983550786972 0.2015366554260254 -0.38631671667099 0.023777170106768608 0.9220596551895142 -0.4954853057861328
1305031458.027845 0.8916280269622803 -0.23078268766403198 0.3895365595817566 -1.5009348392486572 0.22786270081996918 0.9721722602844238 0.05440244823694229 0.19053277373313904 -0.391251802444458 0.04025411605834961 0.9194028973579407 -0.49181994795799255
1305031458.059689 0.8860312104225159 -0.22815512120723724 0.40360134840011597 -1.5188482999801636 0.2352440506219864 0.9713864326477051 0.03268885239958763 0.2008548080921173 -0.3995110094547272 0.06598146259784698 0.9143508672714233 -0.4892793893814087
1305031458.09169 0.88068687915802 -0.23194871842861176 0.4130258560180664 -1.534020185470581 0.24024556577205658 0.970166027545929 0.03255878761410713 0.20120413601398468 -0.40825554728507996 0.07055353373289108 0.9101371169090271 -0.4811972975730896
1305031458.127605 0.8748872876167297 -0.23304586112499237 0.4245726466178894 -1.5519367456436157 0.23865440487861633 0.970247745513916 0.040785714983940125 0.1882486641407013 -0.4214455783367157 0.06564321368932724 0.9044747352600098 -0.4656105637550354
1305031458.159638 0.870839536190033 -0.23658344149589539 0.43089085817337036 -1.5674684047698975 0.24332046508789062 0.9691068530082703 0.04033858701586723 0.17826314270496368 -0.42712268233299255 0.06971613317728043 0.9015020132064819 -0.45415717363357544
1305031458.191646 0.8667179346084595 -0.24378427863121033 0.43516576290130615 -1.5881729125976562 0.25184711813926697 0.9669365286827087 0.04008473455905914 0.17907287180423737 -0.43054965138435364 0.0748530924320221 0.8994576334953308 -0.43923670053482056
1305031458.227611 0.8660527467727661 -0.24920259416103363 0.4334173798561096 -1.6065189838409424 0.2510000467300415 0.9664714932441711 0.054146312177181244 0.17344041168689728 -0.43237897753715515 0.061894215643405914 0.8995651602745056 -0.4213259220123291
1305031458.259934 0.867408275604248 -0.2515195906162262 0.42934924364089966 -1.616801381111145 0.24535471200942993 0.9668511152267456 0.07071010768413544 0.13885515928268433 -0.4329018294811249 0.04400831088423729 0.9003661870956421 -0.4023987054824829
1305031458.291664 0.8700169920921326 -0.24549688398838043 0.4275531768798828 -1.6345716714859009 0.24878934025764465 0.9673089981079102 0.04916447028517723 0.1389782577753067 -0.42564573884010315 0.06359674036502838 0.9026522636413574 -0.39028769731521606
1305031458.327628 0.8728489279747009 -0.24786952137947083 0.42035165429115295 -1.6483293771743774 0.25214722752571106 0.9665765762329102 0.04638597369194031 0.13231921195983887 -0.417799711227417 0.06550256907939911 0.9061748385429382 -0.37334901094436646
1305031458.35959 0.8746765851974487 -0.24864192306995392 0.4160745441913605 -1.6552010774612427 0.2568880021572113 0.9657297134399414 0.037077441811561584 0.11248046904802322 -0.41103455424308777 0.07445378601551056 0.9085743427276611 -0.35216760635375977
1305031458.391626 0.8754975199699402 -0.24927140772342682 0.4139658808708191 -1.663692593574524 0.2685442864894867 0.9631920456886292 0.012045273557305336 0.11442819982767105 -0.4017311930656433 0.10062257945537567 0.9102126955986023 -0.34151792526245117
1305031458.427598 0.8712488412857056 -0.257459819316864 0.41789939999580383 -1.6701126098632812 0.28549376130104065 0.9583686590194702 -0.004773089662194252 0.1166498214006424 -0.3992728888988495 0.12346621602773666 0.9084807634353638 -0.3213295340538025
1305031458.459637 0.8649914264678955 -0.26090314984321594 0.42862504720687866 -1.6666637659072876 0.2997290790081024 0.9537136554718018 -0.024348078295588493 0.11184891313314438 -0.4024330973625183 0.1495322734117508 0.9031542539596558 -0.30515003204345703
1305031458.491696 0.8570658564567566 -0.24952185153961182 0.4507516920566559 -1.665560245513916 0.3056556284427643 0.9505533576011658 -0.05498180910944939 0.0961894690990448 -0.4147443473339081 0.18489781022071838 0.8909545540809631 -0.2922038435935974
1305031458.527737 0.8463371396064758 -0.22947466373443604 0.48068156838417053 -1.6824901103973389 0.31138548254966736 0.9453237056732178 -0.09696491062641144 0.12116547673940659 -0.43214869499206543 0.23174230754375458 0.8715175986289978 -0.26948338747024536
1305031458.559628 0.839192271232605 -0.2165006399154663 0.49888259172439575 -1.6874417066574097 0.309565931558609 0.9443890452384949 -0.11089683324098587 0.1264416128396988 -0.4471300542354584 0.24750077724456787 0.8595453500747681 -0.24980872869491577
1305031458.591641 0.8340455889701843 -0.195064514875412 0.5160598754882812 -1.7007372379302979 0.30066514015197754 0.9450022578239441 -0.12872931361198425 0.12669655680656433 -0.4625672698020935 0.26252734661102295 0.846824049949646 -0.22490590810775757
1305031458.627659 0.8351185917854309 -0.18275222182273865 0.5188242197036743 -1.7084910869598389 0.2977595627307892 0.9432502388954163 -0.14703139662742615 0.15792977809906006 -0.4625108242034912 0.2772734761238098 0.8421419858932495 -0.1965692639350891
1305031458.659623 0.8349339962005615 -0.18507325649261475 0.5182982683181763 -1.7259421348571777 0.2945065498352051 0.945823073387146 -0.13669157028198242 0.15756569802761078 -0.4649205505847931 0.26677072048187256 0.8442050218582153 -0.16859686374664307
1305031458.691674 0.8529872298240662 -0.1796916127204895 0.4900243282318115 -1.7278904914855957 0.2762635350227356 0.9520024657249451 -0.131794273853302 0.15777449309825897 -0.44282200932502747 0.24779470264911652 0.8616881370544434 -0.14989489316940308
1305031458.72765 0.8711596131324768 -0.1743537038564682 0.45900091528892517 -1.715122103691101 0.26266229152679443 0.9553061723709106 -0.13564151525497437 0.15528374910354614 -0.4148367941379547 0.2387276589870453 0.878020167350769 -0.12984800338745117
1305031458.759945 0.887532114982605 -0.14709444344043732 0.43663495779037476 -1.7186981439590454 0.23720943927764893 0.9583031535148621 -0.15933188796043396 0.16409419476985931 -0.39499184489250183 0.24498610198497772 0.8854169845581055 -0.10074126720428467
1305031458.791632 0.90572190284729 -0.13284516334533691 0.4025169909000397 -1.7126173973083496 0.2156834900379181 0.961929202079773 -0.1678478866815567 0.17747773230075836 -0.3648950159549713 0.238839790225029 0.8998928666114807 -0.09135597944259644
1305031458.827564 0.9145519137382507 -0.13220737874507904 0.38225114345550537 -1.7044765949249268 0.20578764379024506 0.9656995534896851 -0.1583537459373474 0.17650309205055237 -0.3482043445110321 0.2234853357076645 0.9103889465332031 -0.07901525497436523
1305031458.891665 0.9217523336410522 -0.1123858392238617 0.3711364269256592 -1.6936286687850952 0.18862873315811157 0.9661655426025391 -0.17590725421905518 0.17370851337909698 -0.3388097584247589 0.2321499139070511 0.9117644429206848 -0.06371903419494629
1305031458.927621 0.914771556854248 -0.11836361140012741 0.38624218106269836 -1.703053593635559 0.19825051724910736 0.9645949006080627 -0.1739349514245987 0.18060055375099182 -0.35197970271110535 0.23568347096443176 0.9058496952056885 -0.05410611629486084
1305031458.959617 0.9044042229652405 -0.15050430595874786 0.39925113320350647 -1.708077311515808 0.22683493793010712 0.9621334671974182 -0.1511460393667221 0.170973539352417 -0.36138471961021423 0.22726121544837952 0.9042971730232239 -0.043807387351989746
1305031458.991647 0.8976888060569763 -0.15655270218849182 0.4118812382221222 -1.7168192863464355 0.23263835906982422 0.9622456431388855 -0.14128997921943665 0.1418854296207428 -0.37421154975891113 0.2226538062095642 0.9002171754837036 -0.027830421924591064
1305031459.027665 0.8955726027488708 -0.14160802960395813 0.4217783212661743 -1.7437461614608765 0.22921793162822723 0.959355354309082 -0.1646098643541336 0.13902977108955383 -0.38132521510124207 0.2440992295742035 0.8916314840316772 -0.00566631555557251
