0.0 1.0 0.0 0.0 0.0 0.0 1.0 0.0 0.0 0.0 0.0 1.0 0.0
0.1033914 0.9999986886978149 0.0004740907752420753 0.00154897291213274 -0.0029472867026925087 -0.00046716362703591585 0.999989926815033 -0.004469381645321846 -0.002211053390055895 -0.0015510761877521873 0.004468652419745922 0.9999887943267822 0.9722366333007812
0.2071056 0.9999960660934448 -0.0019373472314327955 0.002023741602897644 0.0033693150617182255 0.0019475240260362625 0.99998539686203 -0.005038923118263483 -0.0027393405325710773 -0.0020139499101787806 0.0050428444519639015 0.9999852776527405 1.938683271408081
0.3102615 0.9999933242797852 -0.0028711315244436264 0.002240669447928667 0.0014675497077405453 0.0028738370165228844 0.9999951124191284 -0.0012051763478666544 -0.0018718120409175754 -0.002237197943031788 0.0012116074794903398 0.9999967813491821 2.906959056854248
0.4136209 0.9999834895133972 -0.005551752634346485 0.0014861091040074825 0.005140854977071285 0.005544540472328663 0.9999730587005615 0.004814730025827885 -0.004068557173013687 -0.0015127992955967784 -0.004806410986930132 0.9999873042106628 3.8749630451202393
0.5179293 0.9999606013298035 -0.008866662159562111 -0.00013454584404826164 0.014282969757914543 0.008867195807397366 0.9999497532844543 0.004693446680903435 0.003320472314953804 9.292399045079947e-05 -0.004694456234574318 0.9999889731407166 4.832070350646973
0.6203887 0.999930202960968 -0.01175494585186243 -0.0011112228967249393 0.015699293464422226 0.01175713911652565 0.999928891658783 0.0019890430849045515 0.0036770617589354515 0.0010877629974856973 -0.0020019696094095707 0.9999973773956299 5.783614158630371
0.7242193 0.9999205470085144 -0.012379100546240807 -0.002355372766032815 0.01738891750574112 0.012375783175230026 0.9999223947525024 -0.0014172426890581846 0.006762020289897919 0.0023727340158075094 0.0013879805337637663 0.9999961256980896 6.729616641998291
0.8272107 0.9999252557754517 -0.011950244195759296 -0.0025735748931765556 0.003697698935866356 0.011944648809731007 0.9999262690544128 -0.002178002381697297 0.008427480235695839 0.0025994130410254 0.0021470992360264063 0.9999943375587463 7.685303211212158
0.930557 0.9999258518218994 -0.011595848947763443 -0.0036995992995798588 -0.0006959177553653717 0.01159569714218378 0.9999327659606934 -6.225751712918282e-05 0.007015402428805828 0.003700072644278407 1.935334876179695e-05 0.9999932050704956 8.63437271118164
1.03407 0.9999253749847412 -0.011348353698849678 -0.004510813392698765 -0.00923648476600647 0.011362014338374138 0.9999309182167053 0.0030147579964250326 0.0032805893570184708 0.004476289730519056 -0.0030657851602882147 0.9999852776527405 9.583150863647461
1.137438 0.9999148845672607 -0.011848501861095428 -0.005465145222842693 -0.013963021337985992 0.01187148503959179 0.9999207258224487 0.004192653112113476 0.008509885519742966 0.005415034480392933 -0.0042571756057441235 0.9999762773513794 10.52750015258789
1.244258 0.9998998045921326 -0.012700553052127361 -0.006265545263886452 -0.01899753510951996 0.01273199263960123 0.9999063611030579 0.005003317724913359 0.014540374279022217 0.00620141439139843 -0.0050825877115130424 0.9999679327011108 11.4666166305542
1.344229 0.9998915791511536 -0.013048575259745121 -0.0068277837708592415 -0.030825387686491013 0.013083692640066147 0.999901294708252 0.0051244040951132774 0.013440366834402084 0.00676024379208684 -0.005213181022554636 0.9999635815620422 12.405135154724121
1.447568 0.9998853802680969 -0.013277976773679256 -0.007280718069523573 -0.04072745144367218 0.013307038694620132 0.999903678894043 0.0039580995216965675 0.012463219463825226 0.007227461319416761 -0.004054530989378691 0.9999656081199646 13.32092571258545
1.551083 0.9998627305030823 -0.01410405058413744 -0.00869591161608696 -0.05471889674663544 0.014120521023869514 0.9998986124992371 0.0018353757914155722 0.019220784306526184 0.008669143542647362 -0.0019579145591706038 0.9999605417251587 14.252676963806152
1.654521 0.9998302459716797 -0.015303516760468483 -0.01025878731161356 -0.06987063586711884 0.015305619686841965 0.9998828768730164 0.00012656686885748059 0.02760695479810238 0.010255650617182255 -0.00028356254915706813 0.9999473690986633 15.187382698059082
1.757843 0.9998155236244202 -0.015061374753713608 -0.01192349474877119 -0.0813647136092186 0.015056025236845016 0.9998865127563477 -0.0005382666131481528 0.03083246573805809 0.011930248700082302 0.0003586468519642949 0.9999287724494934 16.110910415649414
1.861353 0.999816358089447 -0.013843386434018612 -0.013255879282951355 -0.10631927847862244 0.013825282454490662 0.9999033808708191 -0.0014564417069777846 0.030875317752361298 0.013274762779474258 0.0012729078298434615 0.9999110102653503 17.03533172607422
1.964724 0.9998236894607544 -0.012056034058332443 -0.01438934076577425 -0.1331334114074707 0.012039309367537498 0.9999268054962158 -0.0012482060119509697 0.028231104835867882 0.014403335750102997 0.001074748346582055 0.9998956918716431 17.94736671447754
2.068236 0.9997828602790833 -0.0126093914732337 -0.016589194536209106 -0.13973285257816315 0.012606826610863209 0.9999204874038696 -0.00025906486553139985 0.02285703644156456 0.01659114472568035 4.987147985957563e-05 0.9998623728752136 18.846769332885742
2.17162 0.9997681379318237 -0.011889547109603882 -0.017952686175704002 -0.1600574553012848 0.011921733617782593 0.9999275207519531 0.0016869270475581288 0.016191132366657257 0.01793132722377777 -0.0019005630165338516 0.9998373985290527 19.7540283203125
2.275131 0.9997511506080627 -0.01130813267081976 -0.01922876387834549 -0.18456774950027466 0.011343477293848991 0.9999341368675232 0.0017299470491707325 0.021956654265522957 0.01920793578028679 -0.0019476378802210093 0.9998136162757874 20.658220291137695
2.378626 0.9997075200080872 -0.012775101698935032 -0.020534241572022438 -0.20445452630519867 0.01280145812779665 0.9999173283576965 0.0011525442823767662 0.027784248813986778 0.020517820492386818 -0.0014150756178423762 0.9997884631156921 21.55851936340332
2.48201 0.9996739625930786 -0.012483729980885983 -0.022280454635620117 -0.2280130684375763 0.012505644001066685 0.999921441078186 0.0008443718543276191 0.029488839209079742 0.022268163040280342 -0.0011227278737351298 0.9997513294219971 22.448909759521484
2.585514 0.9996399283409119 -0.012281988747417927 -0.02386133372783661 -0.24751782417297363 0.012310805730521679 0.999923586845398 0.0010610570898279548 0.03201618418097496 0.02384648099541664 -0.0013544269604608417 0.9997146725654602 23.333816528320312
2.689023 0.9996140003204346 -0.01208427269011736 -0.025016002357006073 -0.2712158262729645 0.012166548520326614 0.9999210238456726 0.0031392816454172134 0.0345441959798336 0.02497609332203865 -0.00344242830760777 0.9996820688247681 24.209270477294922
2.793694 0.9995948076248169 -0.013211826793849468 -0.02521160989999771 -0.29850634932518005 0.013358508236706257 0.9998947381973267 0.0056584784761071205 0.03925640136003494 0.025134198367595673 -0.0059929764829576015 0.9996660351753235 25.067777633666992
2.896139 0.9995797276496887 -0.013361874036490917 -0.025724880397319794 -0.32205700874328613 0.013544303365051746 0.9998841881752014 0.006930339150130749 0.045314088463783264 0.025629298761487007 -0.007275851909071207 0.9996449947357178 25.918766021728516
2.999556 0.9995712041854858 -0.012704160995781422 -0.02638409473001957 -0.35142993927001953 0.012866377830505371 0.9998992681503296 0.005987623706459999 0.04755900800228119 0.02630537375807762 -0.006324523128569126 0.9996339082717896 26.767332077026367
3.103545 0.999554455280304 -0.011199627071619034 -0.02766522765159607 -0.3733873665332794 0.011300590820610523 0.9999300241470337 0.0034958655014634132 0.047420769929885864 0.027624133974313736 -0.0038069416768848896 0.9996111392974854 27.591262817382812
3.206573 0.9995476603507996 -0.01064176857471466 -0.028130505234003067 -0.40223929286003113 0.010702398605644703 0.9999407529830933 0.0020056497305631638 0.050087638199329376 0.028107495978474617 -0.0023058070801198483 0.999602198600769 28.405792236328125
3.310078 0.9995288848876953 -0.009668344631791115 -0.029129870235919952 -0.4300819933414459 0.009714163839817047 0.9999517798423767 0.0014318018220365047 0.05502188205718994 0.0291146207600832 -0.0017140996642410755 0.9995746612548828 29.21017074584961
3.413963 0.9994942545890808 -0.009254354983568192 -0.030422918498516083 -0.4547821283340454 0.009289722889661789 0.9999563097953796 0.0010213834466412663 0.05147939547896385 0.030412137508392334 -0.0013034874573349953 0.9995365738868713 30.025989532470703
3.517076 0.9994270205497742 -0.008931944146752357 -0.03265012055635452 -0.48030316829681396 0.008940593339502811 0.9999599456787109 0.00011891417670994997 0.05245400220155716 0.032647762447595596 -0.0004107576096430421 0.9994667768478394 30.816015243530273
3.620721 0.9993611574172974 -0.008729936555027962 -0.03465654328465462 -0.5101392269134521 0.008742057718336582 0.9999617338180542 0.00019823346519842744 0.05171031132340431 0.03465349227190018 -0.0005010765744373202 0.9993991851806641 31.589990615844727
3.724674 0.9992763996124268 -0.009723826311528683 -0.03677113726735115 -0.5363814830780029 0.009781170636415482 0.999951183795929 0.0013799169100821018 0.051506973803043365 0.03675592318177223 -0.00173858308698982 0.999322772026062 32.377166748046875
3.827725 0.9991980195045471 -0.009635105729103088 -0.03886538743972778 -0.5671465992927551 0.009782467037439346 0.9999456405639648 0.00360319297760725 0.0544615238904953 0.03882855176925659 -0.003980502486228943 0.9992379546165466 33.14630889892578
3.931241 0.9991029500961304 -0.008724533952772617 -0.041438519954681396 -0.5875949263572693 0.008929035626351833 0.9999487996101379 0.004752517677843571 0.06140369921922684 0.04139493405818939 -0.005118260160088539 0.9991297125816345 33.909427642822266
4.034871 0.9990720748901367 -0.007154311519116163 -0.042471207678318024 -0.6430051326751709 0.007389135658740997 0.9999582767486572 0.005374616477638483 0.05495631694793701 0.042430978268384933 -0.005683455616235733 0.9990831613540649 34.65852355957031
4.142151 0.9989999532699585 -0.004564800765365362 -0.04447740316390991 -0.6770435571670532 0.004777203314006329 0.999977707862854 0.00467037595808506 0.0592593252658844 0.044455088675022125 -0.004878183361142874 0.9989994764328003 35.39012145996094
4.243437 0.9989145398139954 -0.003103128867223859 -0.046477124094963074 -0.7126263976097107 0.003280241973698139 0.9999876618385315 0.003734972095116973 0.06141342222690582 0.0464649572968483 -0.00388337392359972 0.9989123344421387 36.11385726928711
4.345966 0.998836100101471 -0.002859328640624881 -0.04814840108156204 -0.7506492137908936 0.0030972782988101244 0.9999834299087524 0.004868120886385441 0.06568875163793564 0.04813367873430252 -0.005011584144085646 0.9988283514976501 36.82161331176758
4.449183 0.998796284198761 -0.0013414868153631687 -0.04903203248977661 -0.7899078130722046 0.0016549071297049522 0.9999786019325256 0.006352119147777557 0.0765330046415329 0.049022454768419266 -0.006425618659704924 0.9987770318984985 37.54417419433594
4.552519 0.9987899661064148 0.0012423135340213776 -0.04916326329112053 -0.827926516532898 -0.0009042526362463832 0.999975860118866 0.006897939834743738 0.0803130716085434 0.04917064681649208 -0.006845137570053339 0.9987670183181763 38.242855072021484
4.656235 0.9988337159156799 0.004354792647063732 -0.04808631166815758 -0.8683271408081055 -0.0041162497363984585 0.9999787211418152 0.005058660171926022 0.07995466142892838 0.048107318580150604 -0.0048548257909715176 0.9988304376602173 38.91618347167969
4.760815 0.9989074468612671 0.0061507089994847775 -0.04632584750652313 -0.9048539400100708 -0.006061160936951637 0.9999794960021973 0.0020732434932142496 0.0755200982093811 0.04633764922618866 -0.001790190115571022 0.9989242553710938 39.59490966796875
4.863788 0.999001145362854 0.006806742865592241 -0.04416310042142868 -0.9342079162597656 -0.006798784248530865 0.9999768733978271 0.00033041450660675764 0.08090657740831375 0.044164326041936874 -2.9829214327037334e-05 0.9990242719650269 40.2551155090332
4.966824 0.9991223812103271 0.007731912657618523 -0.04116654768586159 -0.9588096141815186 -0.007701592985540628 0.9999699592590332 0.0008950773626565933 0.08482770621776581 0.041172225028276443 -0.0005772439762949944 0.9991519451141357 40.911216735839844
5.073257 0.9991917014122009 0.012556028552353382 -0.03818809241056442 -0.9920253157615662 -0.012425746768712997 0.9999160766601562 0.003647040342912078 0.08309896290302277 0.038230687379837036 -0.003169576870277524 0.9992638826370239 41.581851959228516
5.174268 0.9992635846138 0.016926638782024384 -0.034433603286743164 -1.02177095413208 -0.01668199524283409 0.9998335242271423 0.0073797376826405525 0.08220149576663971 0.034552790224552155 -0.006799882277846336 0.9993797540664673 42.21510696411133
5.277498 0.9993173480033875 0.021966811269521713 -0.029704280197620392 -1.050907850265503 -0.021729180589318275 0.9997293949127197 0.008299021981656551 0.08542254567146301 0.02987854555249214 -0.007647908292710781 0.9995242357254028 42.82577133178711
5.381142 0.99937504529953 0.025267256423830986 -0.024719364941120148 -1.0659738779067993 -0.025059232488274574 0.9996482133865356 0.008689318783581257 0.0876336395740509 0.02493022195994854 -0.00806444138288498 0.999656617641449 43.417030334472656
5.484644 0.9993909001350403 0.029217654839158058 -0.01908297836780548 -1.0812345743179321 -0.02902006357908249 0.9995231032371521 0.010550628416240215 0.08983960747718811 0.019382141530513763 -0.009990410879254341 0.9997621774673462 44.030128479003906
5.588095 0.9993418455123901 0.03398687019944191 -0.012681689113378525 -1.0896612405776978 -0.03383961692452431 0.9993593692779541 0.011650671251118183 0.09661510586738586 0.013069533742964268 -0.011213860474526882 0.9998517036437988 44.5894660949707
5.691619 0.9992852807044983 0.03745550289750099 -0.005093883723020554 -1.1034470796585083 -0.037396229803562164 0.9992369413375854 0.01127227395772934 0.10030338168144226 0.005512206815183163 -0.01107372809201479 0.9999234080314636 45.13682174682617
5.795223 0.999184250831604 0.04034901410341263 0.001704210415482521 -1.1003119945526123 -0.04036586731672287 0.9991199970245361 0.011404239572584629 0.09987112879753113 -0.001242559403181076 -0.011463729664683342 0.9999335408210754 45.66373062133789
5.898736 0.9989573955535889 0.044805943965911865 0.008747940883040428 -1.094289779663086 -0.04489872232079506 0.9989340901374817 0.010714063420891762 0.10817217826843262 -0.008258560672402382 -0.011095664463937283 0.9999043345451355 46.185001373291016
6.002373 0.9986289739608765 0.049611274152994156 0.01670076698064804 -1.096928596496582 -0.04975404590368271 0.9987275004386902 0.008244277909398079 0.10722029209136963 -0.016270505264401436 -0.009063906967639923 0.9998265504837036 46.67688751220703
6.10587 0.9983473420143127 0.05177129805088043 0.02494819089770317 -1.090956687927246 -0.05191441997885704 0.998638391494751 0.005122872535139322 0.11029945313930511 -0.024649005383253098 -0.006409578025341034 0.9996755719184875 47.13227844238281
6.209506 0.9981113076210022 0.051950834691524506 0.03278833627700806 -1.0742213726043701 -0.05213206633925438 0.9986291527748108 0.004696249961853027 0.11492933332920074 -0.032499417662620544 -0.006396702490746975 0.9994513392448425 47.5775032043457
6.313021 0.9978761076927185 0.051149412989616394 0.04033687710762024 -1.0494613647460938 -0.05144604668021202 0.9986556172370911 0.0063498858362436295 0.11033263802528381 -0.03995785117149353 -0.008411572314798832 0.999165952205658 47.985782623291016
6.416516 0.9974106550216675 0.05302358418703079 0.048584870994091034 -1.029862403869629 -0.053421009331941605 0.9985480904579163 0.006917616352438927 0.11322638392448425 -0.0481475368142128 -0.00949515774846077 0.9987950921058655 48.37815475463867
6.524037 0.9967782497406006 0.05611984059214592 0.05730271339416504 -1.0067634582519531 -0.056609585881233215 0.9983720779418945 0.006958163809031248 0.11757628619670868 -0.05681895092129707 -0.010179631412029266 0.9983325600624084 48.74175262451172
6.623722 0.995958149433136 0.06063917651772499 0.06625932455062866 -0.9942402839660645 -0.06119643896818161 0.9981051087379456 0.006411464884877205 0.11640506982803345 -0.06574498862028122 -0.010440385900437832 0.9977817535400391 49.07928466796875
6.727294 0.9950901865959167 0.06463345885276794 0.07495317608118057 -0.967303991317749 -0.06529786437749863 0.9978448748588562 0.0064452155493199825 0.11362519860267639 -0.07437507808208466 -0.011307853274047375 0.9971661567687988 49.39249038696289
6.830809 0.9943907260894775 0.06398338079452515 0.08422073721885681 -0.9335575103759766 -0.06479669362306595 0.9978742003440857 0.0069566587917506695 0.11590307950973511 -0.08359657973051071 -0.012374862097203732 0.9964228272438049 49.68667984008789
6.934429 0.9935078620910645 0.06284740567207336 0.09482760727405548 -0.8960866928100586 -0.06362814456224442 0.9979599714279175 0.00522928312420845 0.11411476135253906 -0.09430551528930664 -0.01122904010117054 0.995479941368103 49.96583557128906
7.038067 0.9923785924911499 0.06179626286029816 0.10661140829324722 -0.8555054664611816 -0.06226087361574173 0.9980593919754028 0.0010319545399397612 0.10340186208486557 -0.10634072870016098 -0.007661808282136917 0.9943002462387085 50.228118896484375
7.141701 0.990824818611145 0.06254645437002182 0.11980924010276794 -0.8132748603820801 -0.06263258308172226 0.9980319738388062 -0.0030502118170261383 0.10499775409698486 -0.11976423859596252 -0.004481736570596695 0.9927923083305359 50.50359344482422
7.24533 0.9887133836746216 0.06438197940587997 0.13528044521808624 -0.7719688415527344 -0.06424156576395035 0.9979197382926941 -0.005407651420682669 0.10696950554847717 -0.13534723222255707 -0.0033440100960433483 0.9907925128936768 50.78124237060547
7.3533 0.9862553477287292 0.06574887782335281 0.1515832245349884 -0.7250804901123047 -0.06548944115638733 0.9978307485580444 -0.006708766799420118 0.10716554522514343 -0.15169550478458405 -0.003310545114800334 0.9884216785430908 51.046024322509766
7.452592 0.9834364652633667 0.0665062889456749 0.1686103194952011 -0.6711502075195312 -0.0660538524389267 0.9977815747261047 -0.008297073654830456 0.11132895946502686 -0.1687880903482437 -0.002977716503664851 0.9856477975845337 51.316368103027344
7.55658 0.9802224040031433 0.06567062437534332 0.18668518960475922 -0.6103391647338867 -0.06507912278175354 0.997836709022522 -0.009302088990807533 0.10492700338363647 -0.18689222633838654 -0.0030311921145766973 0.9823758006095886 51.57204055786133
7.663357 0.9764770865440369 0.06435302644968033 0.20579403638839722 -0.5381183624267578 -0.06370284408330917 0.9979208707809448 -0.009790739044547081 0.10502666234970093 -0.20599624514579773 -0.003549233078956604 0.9785463809967041 51.81098937988281
7.763356 0.9719623923301697 0.06498811393976212 0.22597725689411163 -0.4629650115966797 -0.06414038687944412 0.997879147529602 -0.011099522933363914 0.10384219884872437 -0.22621935606002808 -0.0037059492897242308 0.974069356918335 52.07207107543945
7.866988 0.9667021036148071 0.06711176037788391 0.24694713950157166 -0.388275146484375 -0.065878726541996 0.9977394342422485 -0.013261728920042515 0.09559047222137451 -0.24727892875671387 -0.0034484234638512135 0.9689381122589111 52.31256866455078
7.970621 0.960536539554596 0.06833510100841522 0.26962924003601074 -0.29957008361816406 -0.06668045371770859 0.9976569414138794 -0.015302423387765884 0.08976137638092041 -0.27004319429397583 -0.003280465491116047 0.9628426432609558 52.56476593017578
8.07425 0.953252911567688 0.06957486271858215 0.2940545678138733 -0.2057933807373047 -0.06771490722894669 0.9975680112838745 -0.016514703631401062 0.08653777837753296 -0.29448843002319336 -0.004169187042862177 0.9556459188461304 52.814697265625
8.177962 0.9447607398033142 0.07266756892204285 0.3196035921573639 -0.10797691345214844 -0.07078846544027328 0.9973376989364624 -0.017508942633867264 0.08116132020950317 -0.3200249969959259 -0.006082489155232906 0.9473894834518433 53.05323028564453
8.283921 0.9350311160087585 0.07443883270025253 0.34666338562965393 0.0021266937255859375 -0.07249267399311066 0.9971954822540283 -0.01859772764146328 0.07336068153381348 -0.34707552194595337 -0.007741101086139679 0.9378052353858948 53.29443359375
8.385961 0.9237573742866516 0.07553832232952118 0.37545478343963623 0.12113380432128906 -0.07332862168550491 0.9971033334732056 -0.02019331231713295 0.06586098670959473 -0.37589260935783386 -0.00887785479426384 0.9266207218170166 53.55097579956055
8.488779 0.9112993478775024 0.0735308900475502 0.40512552857398987 0.2588462829589844 -0.0706607922911644 0.9972565174102783 -0.02205737866461277 0.05108165740966797 -0.40563589334487915 -0.008525613695383072 0.9139949679374695 53.777305603027344
8.593446 0.8965218663215637 0.07064247876405716 0.4373307526111603 0.41187477111816406 -0.06644944101572037 0.9974789619445801 -0.024903371930122375 0.044156670570373535 -0.43798744678497314 -0.006733966059982777 0.8989558815956116 54.00692367553711
8.696029 0.8792302012443542 0.0701412558555603 0.47120529413223267 0.5740203857421875 -0.06393034011125565 0.9975271224975586 -0.029198158532381058 0.035689473152160645 -0.472088098526001 -0.004452412948012352 0.8815402388572693 54.239784240722656
8.799662 0.8597995042800903 0.07205244153738022 0.5055227875709534 0.7426109313964844 -0.06333038210868835 0.9973980188369751 -0.034446582198143005 0.029827117919921875 -0.5066893696784973 -0.002397807314991951 0.8621253371238708 54.468841552734375
8.903911 0.8381863832473755 0.07346152514219284 0.5404136180877686 0.9320602416992188 -0.06225733458995819 0.9972976446151733 -0.03900666534900665 0.01837766170501709 -0.5418187379837036 -0.0009498540312051773 0.8404948115348816 54.70154571533203
9.008027 0.8137372732162476 0.07675859332084656 0.5761421322822571 1.1320819854736328 -0.06374132633209229 0.9970479011535645 -0.04280765727162361 0.008117198944091797 -0.577727198600769 -0.0018898779526352882 0.8162277340888977 54.93346405029297
9.11058 0.7862460613250732 0.0810227245092392 0.6125784516334534 1.347818374633789 -0.0668695792555809 0.9967008233070374 -0.04600138962268829 -0.0010907649993896484 -0.6142845153808594 -0.004794449545443058 0.7890700101852417 55.179744720458984
9.214197 0.7565508484840393 0.08457330614328384 0.6484428644180298 1.5745105743408203 -0.06972707062959671 0.9963814616203308 -0.04860135540366173 -0.02458047866821289 -0.6502068042755127 -0.008444614708423615 0.7597103118896484 55.40447998046875
9.317832 0.7236831188201904 0.08590412139892578 0.684765100479126 1.8377017974853516 -0.06954476237297058 0.9962495565414429 -0.05148271843791008 -0.03685569763183594 -0.6866194009780884 -0.010364647023379803 0.7269430756568909 55.635009765625
9.421456 0.68695068359375 0.08362237364053726 0.7218766808509827 2.133087158203125 -0.0659894049167633 0.996431291103363 -0.05263017117977142 -0.05362081527709961 -0.7237017154693604 -0.011481881141662598 0.6900174021720886 55.87874984741211
9.525112 0.6478160619735718 0.08222810178995132 0.757345974445343 2.4464340209960938 -0.06303282827138901 0.9965342283248901 -0.054280925542116165 -0.07615041732788086 -0.7591845989227295 -0.01257360726594925 0.6507538557052612 56.1055908203125
9.630085 0.6054664254188538 0.08149100095033646 0.7916877865791321 2.7808895111083984 -0.06070344150066376 0.9965748190879822 -0.056155964732170105 -0.0977327823638916 -0.7935525178909302 -0.014057619497179985 0.6083394289016724 56.324058532714844
9.732384 0.5599594116210938 0.08095145970582962 0.8245558738708496 3.154897689819336 -0.056904640048742294 0.9966229200363159 -0.05920009687542915 -0.12494874000549316 -0.8265635967254639 -0.013771401718258858 0.562674880027771 56.53532409667969
9.836009 0.5117833018302917 0.07945948094129562 0.8554320335388184 3.5488224029541016 -0.05329249054193497 0.9967323541641235 -0.06070103868842125 -0.1496502161026001 -0.8574600219726562 -0.01452232152223587 0.5143455862998962 56.737464904785156
9.939685 0.462761789560318 0.07785007357597351 0.8830577731132507 3.965848922729492 -0.051669128239154816 0.9968116879463196 -0.060801662504673004 -0.17348194122314453 -0.8849757313728333 -0.017490137368440628 0.4653087556362152 56.931087493896484
10.0439 0.41284894943237305 0.07564381510019302 0.9076529145240784 4.399023056030273 -0.05129634961485863 0.9968945980072021 -0.05974891036748886 -0.19759511947631836 -0.9093539118766785 -0.02189200557768345 0.4154471158981323 57.10380172729492
10.14677 0.363572895526886 0.07604856044054031 0.9284563064575195 4.893648147583008 -0.05462189391255379 0.9966878294944763 -0.060247987508773804 -0.2178722620010376 -0.9299629926681519 -0.02880951762199402 0.36652255058288574 57.26432418823242
10.25036 0.31414955854415894 0.07641468942165375 0.9462931156158447 5.365606307983398 -0.05260898917913437 0.9966251254081726 -0.0630139708518982 -0.23937523365020752 -0.947914719581604 -0.029987715184688568 0.31710946559906006 57.3968391418457
10.35367 0.2668471932411194 0.07320795953273773 0.9609543681144714 5.853287696838379 -0.04136502370238304 0.9970618486404419 -0.06447207182645798 -0.26896166801452637 -0.9628506898880005 -0.02254570834338665 0.26909139752388 57.49557113647461
10.45717 0.2234136462211609 0.06716444343328476 0.9724068641662598 6.363506317138672 -0.027821552008390427 0.9976561069488525 -0.06251630932092667 -0.3025057911872864 -0.9743266105651855 -0.01308687124401331 0.224758580327034 57.561195373535156
10.56299 0.18132339417934418 0.06631539016962051 0.9811850190162659 6.893460273742676 -0.018775131553411484 0.9977754354476929 -0.0639670342206955 -0.3289158344268799 -0.9832442402839661 -0.006823158822953701 0.18216507136821747 57.622161865234375
10.66453 0.14278055727481842 0.06781525909900665 0.9874283671379089 7.444199562072754 -0.015861399471759796 0.9976787567138672 -0.06622569262981415 -0.35767441987991333 -0.9896272420883179 -0.00620625726878643 0.14352475106716156 57.683021545410156
10.76705 0.11026432365179062 0.06833848357200623 0.991550087928772 7.972781658172607 -0.0066118380054831505 0.9976617693901062 -0.06802443414926529 -0.3918048143386841 -0.9938802719116211 0.0009446994517929852 0.11045834422111511 57.708683013916016
10.87022 0.08151139318943024 0.06655746698379517 0.9944475293159485 8.544050216674805 0.0003650919534265995 0.9977657198905945 -0.06680946052074432 -0.43043047189712524 -0.9966723918914795 0.005808796733617783 0.08130496740341187 57.72801971435547
10.97342 0.056483443826436996 0.06498095393180847 0.9962866306304932 9.124311447143555 0.008012994192540646 0.997818112373352 -0.06553511321544647 -0.46022334694862366 -0.998371422290802 0.01168488897383213 0.05583949014544487 57.743202209472656
11.0772 0.03640272840857506 0.0642336830496788 0.9972706437110901 9.711275100708008 0.012446513399481773 0.9978256225585938 -0.06472373753786087 -0.4893442988395691 -0.9992597103118896 0.014768662862479687 0.03552408516407013 57.751869201660156
11.18019 0.020487964153289795 0.0658009797334671 0.9976224899291992 10.311530113220215 0.01485577691346407 0.9977017045021057 -0.06611130386590958 -0.5235547423362732 -0.9996797442436218 0.01617494411766529 0.019463350996375084 57.75575637817383
11.28415 0.007609214633703232 0.06570543348789215 0.9978099465370178 10.923089027404785 0.015835782513022423 0.99770587682724 -0.06581932306289673 -0.5556257367134094 -0.9998456239700317 0.016301937401294708 0.006551261991262436 57.746978759765625
11.3859 -0.004298463463783264 0.06641502678394318 0.9977827072143555 11.540060997009277 0.01649281568825245 0.9976610541343689 -0.06633585691452026 -0.593905508518219 -0.9998548030853271 0.016171105206012726 -0.00538378581404686 57.74078369140625
11.48898 -0.013327723369002342 0.06936672329902649 0.9975022077560425 12.192595481872559 0.021653424948453903 0.9973768591880798 -0.06906867772340775 -0.6334841847419739 -0.9996767044067383 0.020678803324699402 -0.01479479018598795 57.7237663269043
11.59255 -0.019945036619901657 0.0712469294667244 0.9972593784332275 12.831260681152344 0.026264185085892677 0.997150719165802 -0.07071389257907867 -0.6686229109764099 -0.9994560480117798 0.024781808257102966 -0.021759452298283577 57.70218276977539
11.69527 -0.024491187185049057 0.07051854580640793 0.9972097873687744 13.491128921508789 0.02640797384083271 0.9972065687179565 -0.06986972689628601 -0.706230878829956 -0.9993512034416199 0.024623095989227295 -0.026285018771886826 57.68232727050781
11.79949 -0.028010442852973938 0.06784060597419739 0.9973030090332031 14.152477264404297 0.024392005056142807 0.997443675994873 -0.06716510653495789 -0.7476620078086853 -0.9993100166320801 0.022444892674684525 -0.029593609273433685 57.66164016723633
11.90171 -0.030674835667014122 0.061318300664424896 0.9976467490196228 14.858918190002441 0.022030144929885864 0.997915506362915 -0.06065744906663895 -0.7793668508529663 -0.9992865920066833 0.020117642357945442 -0.03196174278855324 57.6501579284668
12.00482 -0.031927093863487244 0.055726345628499985 0.9979355335235596 15.553356170654297 0.02333192341029644 0.998214066028595 -0.05499543622136116 -0.8111181855201721 -0.9992178678512573 0.021527908742427826 -0.033170271664857864 57.6268196105957
12.108 -0.0321144238114357 0.05303347855806351 0.9980762004852295 16.2524471282959 0.026192273944616318 0.9982929825782776 -0.05220223218202591 -0.8482345342636108 -0.9991408586502075 0.024465443566441536 -0.03344867751002312 57.59312057495117
12.21119 -0.03161225840449333 0.055386289954185486 0.9979644417762756 16.961732864379883 0.02924996241927147 0.9980871081352234 -0.05446655675768852 -0.8817257285118103 -0.9990720748901367 0.027468614280223846 -0.03317183628678322 57.56155776977539
12.3145 -0.03083738684654236 0.06275194883346558 0.9975526332855225 17.6885929107666 0.030112242326140404 0.9976325631141663 -0.06182611361145973 -0.9185914397239685 -0.9990706443786621 0.028131991624832153 -0.032653987407684326 57.53887939453125
12.41765 -0.02868623286485672 0.07077816128730774 0.9970794916152954 18.437124252319336 0.03080722689628601 0.9970787167549133 -0.0698917806148529 -0.9589017629623413 -0.9991136193275452 0.02871232107281685 -0.030782917514443398 57.52002716064453
12.52105 -0.026712078601121902 0.0714690089225769 0.9970850348472595 19.172874450683594 0.03136979788541794 0.9970096349716187 -0.07062319666147232 -0.9966076612472534 -0.9991508722305298 0.02939186803996563 -0.028874175623059273 57.504390716552734
12.62455 -0.02439611405134201 0.06710837036371231 0.9974473714828491 19.927169799804688 0.030847035348415375 0.997319757938385 -0.06634531170129776 -1.037285327911377 -0.9992263317108154 0.029149726033210754 -0.026400821283459663 57.482933044433594
12.72743 -0.02188538946211338 0.06080079451203346 0.9979099035263062 20.6910400390625 0.030369531363248825 0.9977288842201233 -0.060123711824417114 -1.0841484069824219 -0.999299168586731 0.02899022586643696 -0.02368217334151268 57.46845245361328
12.83073 -0.018613271415233612 0.058826714754104614 0.9980946183204651 21.451967239379883 0.029310492798686028 0.9978707432746887 -0.05826690047979355 -1.1319034099578857 -0.9993970394134521 0.028170112520456314 -0.020297877490520477 57.451297760009766
12.93413 -0.015582331456243992 0.06442929059267044 0.9978005886077881 22.229476928710938 0.03639359399676323 0.9972969889640808 -0.06382843852043152 -1.1771488189697266 -0.9992160201072693 0.035318948328495026 -0.017885031178593636 57.43871307373047
13.03771 -0.012469252571463585 0.07030253112316132 0.9974477887153625 22.977725982666016 0.037941500544548035 0.996840238571167 -0.06978539377450943 -1.2165391445159912 -0.9992021918296814 0.03697449713945389 -0.015097236260771751 57.42800521850586
13.14165 -0.009875894524157047 0.07042638212442398 0.9974679946899414 23.73445701599121 0.03233896940946579 0.9970173835754395 -0.07007437199354172 -1.2632502317428589 -0.9994281530380249 0.03156503289937973 -0.012123952619731426 57.4273796081543
13.24421 -0.0064301881939172745 0.06713792681694031 0.9977229237556458 24.49663543701172 0.027958422899246216 0.9973657131195068 -0.06693369150161743 -1.3062701225280762 -0.9995884299278259 0.027464359998703003 -0.008290317840874195 57.429569244384766
13.34803 -0.001983922440558672 0.06331722438335419 0.9979915022850037 25.277141571044922 0.03183005005121231 0.9974917769432068 -0.06322222948074341 -1.3654958009719849 -0.9994914531707764 0.031640686094760895 -0.003994336351752281 57.431175231933594
13.45277 0.0018818988464772701 0.06435032188892365 0.9979255795478821 26.03751564025879 0.036436036229133606 0.997260332107544 -0.06437613070011139 -1.4124531745910645 -0.9993343353271484 0.03648160398006439 -0.00046792742796242237 57.42176055908203
13.55488 0.00465155765414238 0.06877382844686508 0.9976214170455933 26.797826766967773 0.03616691008210182 0.9969679117202759 -0.06889743357896805 -1.4586877822875977 -0.9993348717689514 0.03640136122703552 0.002150116488337517 57.42626953125
13.65796 0.008094369433820248 0.06951659172773361 0.9975479245185852 27.56621742248535 0.03225996345281601 0.9970431923866272 -0.06974319368600845 -1.5093086957931519 -0.99944669008255 0.03274538740515709 0.005827831570059061 57.4451789855957
13.76127 0.011443708091974258 0.06936825066804886 0.9975255727767944 28.342588424682617 0.03156500682234764 0.9970685839653015 -0.06969861686229706 -1.5538190603256226 -0.9994361996650696 0.03228450194001198 0.009220555424690247 57.46538162231445
13.86467 0.015178137458860874 0.06643309444189072 0.997675359249115 29.104461669921875 0.03563270717859268 0.99712073802948 -0.06693824380636215 -1.5981591939926147 -0.9992496967315674 0.0365658774971962 0.012767244130373001 57.473609924316406
13.96817 0.018348973244428635 0.0667303130030632 0.9976023435592651 29.873048782348633 0.03980501741170883 0.9969305396080017 -0.06741751730442047 -1.6546344757080078 -0.9990391135215759 0.04094661772251129 0.015636451542377472 57.49119567871094
14.07164 0.022277330979704857 0.06711411476135254 0.997496485710144 30.647497177124023 0.04305002838373184 0.9967543482780457 -0.0680256113409996 -1.712343692779541 -0.9988245368003845 0.04445768520236015 0.019315756857395172 57.493465423583984
14.17505 0.025236088782548904 0.06706807762384415 0.9974291324615479 31.4180908203125 0.043648507446050644 0.9967215657234192 -0.06812485307455063 -1.7561604976654053 -0.9987281560897827 0.045255500823259354 0.022225933149456978 57.5126838684082
14.2786 0.028699802234768867 0.0655602291226387 0.9974358081817627 32.18184280395508 0.044805653393268585 0.9967595338821411 -0.06680500507354736 -1.8039181232452393 -0.9985833764076233 0.04660804942250252 0.02566933073103428 57.53471755981445
14.38212 0.03226741403341293 0.06462139636278152 0.9973880052566528 32.96398162841797 0.04669651389122009 0.9967204332351685 -0.06608887761831284 -1.8585002422332764 -0.9983878135681152 0.048707056790590286 0.02914399653673172 57.555694580078125
14.4855 0.03547755628824234 0.06482478976249695 0.9972658157348633 33.72825622558594 0.04529368132352829 0.9967643022537231 -0.06640350818634033 -1.9044477939605713 -0.9983435273170471 0.04752567037940025 0.032426606863737106 57.57869338989258
14.58897 0.03826896846294403 0.06658914685249329 0.9970463514328003 34.49196243286133 0.0423758327960968 0.9967715740203857 -0.06819728761911392 -1.9502017498016357 -0.998368501663208 0.04486050829291344 0.035323645919561386 57.61643600463867
14.69245 0.04130040481686592 0.06643927842378616 0.9969354271888733 35.26961898803711 0.044143062084913254 0.9966910481452942 -0.06825173646211624 -2.0004067420959473 -0.9981710910797119 0.04682660102844238 0.03823091834783554 57.64677429199219
14.79597 0.04331854730844498 0.06637034565210342 0.9968542456626892 36.06440734863281 0.04168512672185898 0.9968019127845764 -0.06817828863859177 -2.0478100776672363 -0.9981912970542908 0.04450737684965134 0.040413349866867065 57.69584655761719
14.89949 0.045784592628479004 0.06711623072624207 0.9966940879821777 36.842933654785156 0.03998161107301712 0.9968178272247314 -0.06896118819713593 -2.08909273147583 -0.9981508851051331 0.04300680384039879 0.04295547306537628 57.735137939453125
15.00287 0.04855272173881531 0.06665248423814774 0.996594250202179 37.62851333618164 0.03726638853549957 0.9969553351402283 -0.06849219650030136 -2.146318197250366 -0.9981251955032349 0.04046495258808136 0.04592099413275719 57.777122497558594
15.1064 0.05178779363632202 0.06870753318071365 0.9962917566299438 38.41270065307617 0.03557359054684639 0.9968703389167786 -0.07059657573699951 -2.198025703430176 -0.9980244040489197 0.03909771889448166 0.04918154329061508 57.828330993652344
15.20987 0.05515553802251816 0.07202909141778946 0.9958763122558594 39.202789306640625 0.03473661094903946 0.9966524243354797 -0.07400906831026077 -2.25248646736145 -0.9978733658790588 0.038675371557474136 0.05246885493397713 57.8691520690918
15.31336 0.05912996456027031 0.07425237447023392 0.9954849481582642 39.98950958251953 0.034891970455646515 0.9964666962623596 -0.07639811187982559 -2.302072048187256 -0.9976403117179871 0.039251845329999924 0.056330226361751556 57.90947341918945
15.41675 0.0617443211376667 0.07659152895212173 0.9951488971710205 40.77794647216797 0.028744317591190338 0.9965013265609741 -0.07847905904054642 -2.354952812194824 -0.9976779818534851 0.03345051407814026 0.05932673066854477 57.9707145690918
15.52022 0.06513819098472595 0.07539132982492447 0.9950241446495056 41.57181167602539 0.025103872641921043 0.9967024326324463 -0.07716188579797745 -2.414315700531006 -0.997560441493988 0.030005140230059624 0.06303078681230545 58.01534652709961
15.62392 0.06813590973615646 0.07645782828330994 0.9947419762611389 42.384464263916016 0.027762148529291153 0.9965276718139648 -0.07849666476249695 -2.4659066200256348 -0.9972896575927734 0.032964617013931274 0.06577667593955994 58.08690643310547
15.7272 0.07253502309322357 0.07746919989585876 0.9943526387214661 43.185611724853516 0.027033958584070206 0.9964598417282104 -0.07960541546344757 -2.5246965885162354 -0.9969994425773621 0.032655470073223114 0.07018394023180008 58.13682556152344
15.83062 0.07607850432395935 0.07844092696905136 0.9940115809440613 43.9862174987793 0.023313939571380615 0.9964882731437683 -0.08042075484991074 -2.5797696113586426 -0.9968292713165283 0.02929261326789856 0.07398255914449692 58.20954895019531
15.93425 0.08025811612606049 0.07662637531757355 0.9938243627548218 44.81011962890625 0.021878628060221672 0.9966651201248169 -0.07861225306987762 -2.6398706436157227 -0.9965339303016663 0.028052782639861107 0.07831398397684097 58.28361129760742
16.03941 0.08471354842185974 0.0763590857386589 0.9934752583503723 45.64761734008789 0.022485142573714256 0.996658980846405 -0.07852111011743546 -2.7095069885253906 -0.9961516261100769 0.028990235179662704 0.08271357417106628 58.362579345703125
16.14091 0.09008308500051498 0.0802055150270462 0.992699384689331 46.45907211303711 0.019013186916708946 0.9964318871498108 -0.08223245292901993 -2.766253709793091 -0.9957526922225952 0.02628212794661522 0.08823669701814651 58.44036102294922
16.2443 0.09583495557308197 0.08863174915313721 0.991443395614624 47.27586364746094 0.017206761986017227 0.9957316517829895 -0.09067834168672562 -2.830890655517578 -0.995248556137085 0.025749685242772102 0.09390080720186234 58.53075408935547
16.34828 0.10327176749706268 0.09321019053459167 0.9902760982513428 48.09529113769531 0.015507832169532776 0.9953274726867676 -0.09530290961265564 -2.9021806716918945 -0.9945322871208191 0.025199133902788162 0.10134375840425491 58.618324279785156
16.45345 0.109922394156456 0.09610619395971298 0.9892829060554504 48.93373107910156 0.011150800622999668 0.995132565498352 -0.09791344404220581 -2.9765992164611816 -0.9938775897026062 0.02179417945444584 0.10831569135189056 58.73307418823242
16.55445 0.11729584634304047 0.09420336782932281 0.9886189103126526 49.76591873168945 0.007316581439226866 0.9953818321228027 -0.09571587294340134 -3.0519888401031494 -0.9930700659751892 0.018460385501384735 0.11606490612030029 58.83960723876953
