1403636579.8635557 0.9999415874481201 0.004947931971400976 0.009603733196854591 0.00011511547927511856 -0.004960666876286268 0.9999867677688599 0.0013026713859289885 0.00629489216953516 -0.009597159922122955 -0.0013502361252903938 0.999953031539917 0.0025526853278279305
1403636579.9135554 0.9999163150787354 0.005704939365386963 0.011602637358009815 6.139189645182341e-05 -0.005837751552462578 0.9999173879623413 0.011445139534771442 0.01067323051393032 -0.011536386795341969 -0.011511916294693947 0.9998672008514404 0.003972542937844992
1403636579.9635556 0.9998939037322998 0.00780318770557642 0.012297743000090122 -0.00017916808428708464 -0.008103778585791588 0.9996649026870728 0.024585528299212456 0.015052113682031631 -0.012101775966584682 -0.024682577699422836 0.999622106552124 0.00540275638923049
1403636580.0135555 0.9999353885650635 0.0019328005146235228 0.0111954715102911 -0.00015778173110447824 -0.0023036266211420298 0.9994460344314575 0.03320525586605072 0.019542716443538666 -0.01112508773803711 -0.03322891145944595 0.9993857741355896 0.006693224422633648
1403636580.0635555 0.9999288320541382 0.000386660685762763 0.011919187381863594 -0.0003223566454835236 -0.0008649164228700101 0.9991936087608337 0.040145859122276306 0.024411536753177643 -0.011894050985574722 -0.04015331715345383 0.9991227388381958 0.00811090786010027
1403636580.1135554 0.9999311566352844 -0.004710571840405464 0.010745476931333542 -0.00041935022454708815 0.004229709506034851 0.999007523059845 0.044342294335365295 0.03011133521795273 -0.01094368938356638 -0.04429379478096962 0.9989585876464844 0.009743123315274715
1403636580.1635556 0.9999313950538635 -0.005725451745092869 0.010226968675851822 -0.0005736167659051716 0.005222138017416 0.9988054037094116 0.04858073964715004 0.03418988734483719 -0.0104928994551301 -0.04852397367358208 0.998767077922821 0.010863051749765873
1403636580.2135556 0.9999364614486694 -0.006290738936513662 0.009360451251268387 -0.0007153842598199844 0.005792196840047836 0.9986109733581543 0.05236644297838211 0.039360273629426956 -0.009676873683929443 -0.052308887243270874 0.9985841512680054 0.012093013152480125
1403636580.2635555 0.9999467730522156 -0.004435301758348942 0.009312467649579048 -0.0007183321285992861 0.00386141799390316 0.9981446862220764 0.06076374650001526 0.03835095465183258 -0.009564694948494434 -0.06072455644607544 0.9981088638305664 0.011666983366012573
1403636580.3135555 0.9999569058418274 8.746171079110354e-05 0.009279941208660603 -0.0007986165583133698 -0.0007175059290602803 0.9976910352706909 0.06791148334741592 0.04275523126125336 -0.009252575226128101 -0.06791520863771439 0.997648298740387 0.012516138143837452
1403636580.3635557 0.9999696016311646 0.0011295588919892907 0.007715770974755287 -0.0010101150255650282 -0.0017368245171383023 0.9968608617782593 0.07915716618299484 0.04545249417424202 -0.007602134253829718 -0.07916820049285889 0.9968321919441223 0.012964974157512188
1403636580.4135554 0.9999595284461975 0.004250932019203901 0.007931068539619446 -0.0011657545110210776 -0.004973786883056164 0.9956098794937134 0.09346991777420044 0.049059100449085236 -0.007498913910239935 -0.09350559115409851 0.9955904483795166 0.013484839349985123
1403636580.4635556 0.9999624490737915 0.004601752385497093 0.007345699705183506 -0.0013080982025712729 -0.005387300159782171 0.9938307404518127 0.11077700555324554 0.05082140862941742 -0.006790615152567625 -0.11081242561340332 0.9938181042671204 0.013657651841640472
1403636580.5135555 0.9999567866325378 0.005672148894518614 0.007361802738159895 -0.0015035511460155249 -0.006564225070178509 0.9918250441551208 0.12743638455867767 0.052201174199581146 -0.006578782107681036 -0.12747922539710999 0.9918193817138672 0.013728339225053787
1403636580.5635555 0.9999836683273315 0.003065961180254817 0.004793900065124035 -0.0015960944583639503 -0.003714397782459855 0.9899014830589294 0.1417081654071808 0.05103980749845505 -0.004311025608330965 -0.14172372221946716 0.9898967742919922 0.013419151306152344
1403636580.6135554 0.9999954700469971 0.002540767891332507 0.001559151802212 -0.0017616583500057459 -0.002742755226790905 0.9890838265419006 0.14732855558395386 0.04896658658981323 -0.0011678123846650124 -0.14733219146728516 0.989086389541626 0.01272154226899147
1403636580.6635556 0.9999978542327881 0.0018507441272959113 0.0009079156443476677 -0.001940046320669353 -0.001962370704859495 0.9895361661911011 0.14427201449871063 0.04617149382829666 -0.0006314059719443321 -0.1442735195159912 0.9895375967025757 0.011720312759280205
1403636580.7135556 0.9999754428863525 0.005919204093515873 0.0037372850347310305 -0.0020130882039666176 -0.006374015472829342 0.990617573261261 0.13651371002197266 0.04171445593237877 -0.0028941670898348093 -0.13653422892093658 0.9906311631202698 0.010749738663434982
1403636580.7635555 0.9998884201049805 0.011831670999526978 0.00911233201622963 -0.002156471833586693 -0.012885155156254768 0.9919601678848267 0.12589214742183685 0.035790033638477325 -0.007549556437879801 -0.12599553167819977 0.9920021295547485 0.009408773854374886
1403636580.8135555 0.9997095465660095 0.018109075725078583 0.015900427475571632 -0.0022427313961088657 -0.01976671628654003 0.9936043620109558 0.11117411404848099 0.03290146216750145 -0.013785476796329021 -0.11145612597465515 0.9936737418174744 0.009259403683245182
1403636580.8635557 0.9993448853492737 0.024887029081583023 0.02627340704202652 -0.0022753546945750713 -0.027312522754073143 0.9949675798416138 0.09640350192785263 0.025538234040141106 -0.023741990327835083 -0.09705793112516403 0.9949955344200134 0.007776223123073578
1403636580.9135554 0.9988498091697693 0.030963419005274773 0.03660908341407776 -0.0023166737519204617 -0.03385744243860245 0.9961166381835938 0.08127307891845703 0.017595656216144562 -0.03395042568445206 -0.08241908997297287 0.9960193037986755 0.00616102758795023
1403636580.9635556 0.9985179901123047 0.03570016473531723 0.04107927531003952 -0.002634436124935746 -0.03835589438676834 0.9970961809158325 0.06578858196735382 0.011514142155647278 -0.038611333817243576 -0.06726669520139694 0.996987521648407 0.004798160400241613
1403636581.0135555 0.9983956813812256 0.038610488176345825 0.04141969233751297 -0.0029748023953288794 -0.04074274003505707 0.997819185256958 0.05193394050002098 0.00457380898296833 -0.03932417184114456 -0.05353816598653793 0.9977911114692688 0.003096402622759342
1403636581.0635555 0.9985068440437317 0.037960488349199295 0.039282724261283875 -0.0031940399203449488 -0.03950760141015053 0.9984426498413086 0.03938716650009155 -0.0022695993538945913 -0.03772639110684395 -0.040880318731069565 0.9984515309333801 0.001604303834028542
1403636581.1135554 0.9985659718513489 0.03554965555667877 0.04002917557954788 -0.003370060818269849 -0.03662233427166939 0.9989805221557617 0.026390641927719116 -0.008492419496178627 -0.03905019536614418 -0.027818754315376282 0.9988498091697693 3.57123208232224e-05
1403636581.1635556 0.9986557364463806 0.03131629526615143 0.041303928941488266 -0.0036147511564195156 -0.031782861799001694 0.9994376301765442 0.010687860660254955 -0.012470405548810959 -0.04094599187374115 -0.011986259371042252 0.9990893602371216 -0.0009517665021121502
1403636581.2135556 0.9987391233444214 0.027678338810801506 0.04188329353928566 -0.0036230713594704866 -0.027468346059322357 0.9996070265769958 -0.005581148900091648 -0.01734788715839386 -0.04202131927013397 0.004423635080456734 0.9991068243980408 -0.0020859288051724434
1403636581.2635555 0.9988384246826172 0.02331998199224472 0.04216582328081131 -0.0036098842974752188 -0.02237902767956257 0.9994928240776062 -0.022651705890893936 -0.021859172731637955 -0.04267268627882004 0.021681753918528557 0.9988536834716797 -0.003416613908484578
1403636581.3135555 0.9988398551940918 0.025035012513399124 0.04113789647817612 -0.003459310857579112 -0.023477822542190552 0.9990052580833435 -0.037909816950559616 -0.024172993376851082 -0.04204605519771576 0.036900002509355545 0.9984339475631714 -0.004248550161719322
1403636581.3635557 0.9988022446632385 0.025061171501874924 0.0420241579413414 -0.0034285150468349457 -0.02302224561572075 0.9985665082931519 -0.04831938445568085 -0.02561478316783905 -0.043174859136343 0.0472940132021904 0.9979473352432251 -0.00494407257065177
1403636581.4135554 0.9984854459762573 0.030298789963126183 0.045921552926301956 -0.00298732565715909 -0.027939386665821075 0.9982985258102417 -0.05117795616388321 -0.02550806663930416 -0.04739406332373619 0.04981742054224014 0.997633159160614 -0.005140033084899187
1403636581.4635556 0.9981681704521179 0.03605847805738449 0.048582278192043304 -0.0027993384283035994 -0.033782318234443665 0.9983288049697876 -0.04688519239425659 -0.023741869255900383 -0.05019171163439751 0.04515807330608368 0.997718095779419 -0.005036020651459694
1403636581.5135555 0.9978498220443726 0.04106200858950615 0.05108611658215523 -0.0023320598993450403 -0.03922037035226822 0.9985620379447937 -0.03654473274946213 -0.02033833973109722 -0.05251327157020569 0.03446253389120102 0.9980252981185913 -0.004054526798427105
1403636581.5635555 0.9978567957878113 0.0385114885866642 0.052902378141880035 -0.002270486205816269 -0.037277597934007645 0.9990138411521912 -0.024116242304444313 -0.016071870923042297 -0.05377896875143051 0.02209247276186943 0.9983083605766296 -0.0030221296474337578
1403636581.6135554 0.9980624914169312 0.03559146076440811 0.05103559046983719 -0.0018285803962498903 -0.035080377012491226 0.9993253350257874 -0.010875551961362362 -0.0115488450974226 -0.05138823762536049 0.00906412024050951 0.9986374974250793 -0.0018899745773524046
1403636581.6635556 0.998256266117096 0.0313226655125618 0.050035085529088974 -0.0015232462901622057 -0.03131398186087608 0.9995092153549194 -0.0009576110169291496 -0.005740680266171694 -0.05004052072763443 -0.000610867515206337 0.9987468719482422 -0.00014760115300305188
1403636581.7135556 0.9982388019561768 0.03379955142736435 0.04875249043107033 -0.0010723955929279327 -0.03414984792470932 0.9993964433670044 0.0063700806349515915 -0.0005442529800347984 -0.04850776493549347 -0.00802374817430973 0.9987905025482178 0.0015539851738139987
1403636581.7635555 0.9984710812568665 0.030434561893343925 0.0461435467004776 -0.0006877243285998702 -0.03088994137942791 0.9994806051254272 0.009188014082610607 0.005853537004441023 -0.04583995044231415 -0.010599333792924881 0.9988925457000732 0.00343574327416718
1403636581.8135555 0.9987563490867615 0.029974112287163734 0.0398411899805069 -0.0002842956455424428 -0.03047334775328636 0.9994637370109558 0.011982960626482964 0.01231891755014658 -0.03946065157651901 -0.013182146474719048 0.9991341233253479 0.004935461096465588
1403636581.8635557 0.9989030957221985 0.028116397559642792 0.03744557872414589 0.00011392886517569423 -0.028751589357852936 0.9994499087333679 0.01653413474559784 0.01815134473145008 -0.036960095167160034 -0.01759261265397072 0.9991617798805237 0.006342853419482708
1403636581.9135554 0.999165415763855 0.022819316014647484 0.03387758508324623 6.994249997660518e-05 -0.023705260828137398 0.9993813633918762 0.02598419226706028 0.02412162534892559 -0.0332636833190918 -0.026765592396259308 0.9990881085395813 0.007686677388846874
1403636581.9635556 0.9990375638008118 0.020891282707452774 0.038571372628211975 8.916787919588387e-05 -0.022423654794692993 0.9989587068557739 0.039732564240694046 0.02915385365486145 -0.037701141089200974 -0.040559232234954834 0.9984655976295471 0.008895961567759514
1403636582.0135555 0.9989604353904724 0.01736943982541561 0.04214777797460556 0.00021088554058223963 -0.019697168841958046 0.9982669353485107 0.055456291884183884 0.03504299744963646 -0.04111147299408913 -0.05622883141040802 0.9975711107254028 0.01035342738032341
1403636582.0635555 0.9988217353820801 0.017625581473112106 0.04521544650197029 0.00027147086802870035 -0.020870240405201912 0.997162938117981 0.0723220556974411 0.04026360809803009 -0.04381245747208595 -0.07318049669265747 0.9963558912277222 0.011646241880953312
1403636582.1135554 0.9988033175468445 0.018893199041485786 0.04511220008134842 8.471956243738532e-05 -0.022858968004584312 0.9957623481750488 0.08907726407051086 0.0446627177298069 -0.043238069862127304 -0.09000188112258911 0.9950025677680969 0.01242977473884821
1403636582.1635556 0.9989539384841919 0.017903290688991547 0.042076945304870605 -0.00015152018750086427 -0.022281251847743988 0.994117021560669 0.1059957966208458 0.04346698150038719 -0.03993172571063042 -0.10682244598865509 0.9934759140014648 0.011731399223208427
1403636582.2135556 0.999074399471283 0.018719982355833054 0.03872571513056755 -0.0004454846493899822 -0.023174870759248734 0.9927442669868469 0.11799052357673645 0.04443072900176048 -0.03623594343662262 -0.11877882480621338 0.9922592043876648 0.011909766122698784
1403636582.2635555 0.9991722702980042 0.018336253240704536 0.036310989409685135 -0.0006411596550606191 -0.022747017443180084 0.9918897747993469 0.12504883110523224 0.044341251254081726 -0.03372356668114662 -0.12577131390571594 0.9914858341217041 0.011846130713820457
1403636582.3135555 0.9992514252662659 0.01914914883673191 0.03361038863658905 -0.0009625302627682686 -0.023276809602975845 0.9916213154792786 0.12706440687179565 0.042578067630529404 -0.030895598232746124 -0.1277516782283783 0.9913247227668762 0.011476998217403889
1403636582.3635557 0.9993351101875305 0.017958786338567734 0.03172961622476578 -0.0013737054541707039 -0.02172209694981575 0.992224395275116 0.1225513145327568 0.0392276793718338 -0.029282033443450928 -0.12315908819437027 0.9919548034667969 0.010608751326799393
1403636582.4135554 0.9993485808372498 0.018597032874822617 0.030925435945391655 -0.0018053656676784158 -0.021901166066527367 0.9936695694923401 0.11018750071525574 0.03474784642457962 -0.028680499643087387 -0.11079306155443192 0.9934294819831848 0.00956868939101696
1403636582.4635556 0.9993308186531067 0.01880125142633915 0.03137541562318802 -0.002061021514236927 -0.021672170609235764 0.9953528046607971 0.09382481873035431 0.031435612589120865 -0.029465580359101295 -0.09444202482700348 0.9950941801071167 0.008687086403369904
1403636582.5135555 0.9991700649261475 0.022576017305254936 0.03390461578965187 -0.0022377711720764637 -0.025253012776374817 0.9964165091514587 0.08072470128536224 0.02576867863535881 -0.03196067363023758 -0.0815139040350914 0.996159553527832 0.007365287281572819
1403636582.5635555 0.9990189075469971 0.023637084290385246 0.037447240203619 -0.0024605849757790565 -0.026251113042235374 0.9971360564231873 0.0709257423877716 0.019725903868675232 -0.03566351532936096 -0.07183919847011566 0.9967784285545349 0.0059367273934185505
1403636582.6135554 0.998734712600708 0.026242051273584366 0.04290199652314186 -0.002678949385881424 -0.02892060950398445 0.997590959072113 0.06305501610040665 0.016073646023869514 -0.04114394262433052 -0.06421597301959991 0.9970874786376953 0.0050599584355950356
1403636582.6635556 0.9984603524208069 0.026915784925222397 0.04850421100854874 -0.0027440576814115047 -0.029718033969402313 0.9978736042976379 0.05800997465848923 0.01004987582564354 -0.04683968052268028 -0.05936211347579956 0.9971369504928589 0.0034469962120056152
1403636582.7135556 0.9983556270599365 0.026277603581547737 0.05094623938202858 -0.0027215543668717146 -0.029015060514211655 0.9981322288513184 0.0537591315805912 0.0042112949304282665 -0.04943842813372612 -0.05514894425868988 0.99725341796875 0.001809248118661344
1403636582.7635555 0.9982078671455383 0.022859983146190643 0.055303022265434265 -0.002557898173108697 -0.02547582983970642 0.9985668659210205 0.04706709459424019 -0.001831250381655991 -0.05414781719446182 -0.04839164391160011 0.9973595142364502 0.0003782733983825892
1403636582.8135555 0.9979263544082642 0.0183736439794302 0.06168835237622261 -0.00230397772975266 -0.02072390355169773 0.9990749955177307 0.037677790969610214 -0.007763413246721029 -0.060939013957977295 -0.03887807950377464 0.9973840713500977 -0.000992147484794259
1403636582.8635557 0.9974234700202942 0.013918260112404823 0.07037461549043655 -0.001809140550903976 -0.01570642553269863 0.9995660781860352 0.024920262396335602 -0.01397275272756815 -0.06999721378087997 -0.025961382314562798 0.9972091317176819 -0.002199272159487009
1403636582.9135554 0.9969829320907593 0.009831787087023258 0.0769960805773735 -0.0017305663786828518 -0.010529530234634876 0.9999071359634399 0.00866151787340641 -0.019409773871302605 -0.07690376043319702 -0.009446114301681519 0.9969936013221741 -0.0037565932143479586
1403636582.9635556 0.9967352747917175 0.00950288400053978 0.08017712086439133 -0.0012691812589764595 -0.008882176131010056 0.9999279379844666 -0.008094608783721924 -0.024219049140810966 -0.08024825155735016 0.007356036454439163 0.9967476725578308 -0.004809211939573288
1403636583.0135555 0.9964696764945984 0.009540191851556301 0.08340991288423538 -0.0011689297389239073 -0.00749658327549696 0.999664843082428 -0.024779746308922768 -0.027640243992209435 -0.08361837267875671 0.024066973477602005 0.9962071776390076 -0.006129774730652571
1403636583.0635555 0.9964163303375244 0.013286101631820202 0.08353476226329803 -0.0011049631284549832 -0.010353301651775837 0.9993179440498352 -0.03544443100690842 -0.029829978942871094 -0.08394872397184372 0.03445255011320114 0.995874285697937 -0.006737109273672104
1403636583.1135554 0.9962813854217529 0.015016691759228706 0.08484154939651489 -0.0007956414483487606 -0.011629515327513218 0.999120831489563 -0.040277671068906784 -0.030727816745638847 -0.08537180721759796 0.039141226559877396 0.9955800175666809 -0.0071762618608772755
1403636583.1635556 0.9958462715148926 0.019657006487250328 0.08890234678983688 -0.0004329353687353432 -0.016111446544528008 0.9990527033805847 -0.040424782782793045 -0.030346281826496124 -0.08961276710033417 0.038824521005153656 0.9952196478843689 -0.006935905199497938
1403636583.2135556 0.9956817030906677 0.023664958775043488 0.08976670354604721 -0.0003561858902685344 -0.020292866975069046 0.9990604519844055 -0.03829364478588104 -0.028381960466504097 -0.09058858454227448 0.03630664944648743 0.9952263236045837 -0.006640458945184946
1403636583.2635555 0.9958396553993225 0.024502644315361977 0.08776658773422241 7.745251059532166e-05 -0.021526379510760307 0.999165952205658 -0.034698694944381714 -0.025102335959672928 -0.088543601334095 0.03266504034399986 0.9955365061759949 -0.005413214210420847
1403636583.3135555 0.9959583878517151 0.024493400007486343 0.08641178160905838 -0.00014854565961286426 -0.02189834788441658 0.9992841482162476 -0.030852491036057472 -0.021134255453944206 -0.08710559457540512 0.02883552387356758 0.9957816004753113 -0.00408945232629776
1403636583.3635557 0.9961395859718323 0.02486821636557579 0.08418847620487213 0.0004985221312381327 -0.022709522396326065 0.9993908405303955 -0.026502594351768494 -0.016123056411743164 -0.08479625731706619 0.024488402530550957 0.9960972666740417 -0.002501341048628092
1403636583.4135554 0.9965210556983948 0.022899197414517403 0.08013396710157394 0.0007499376661144197 -0.021197732537984848 0.9995328783988953 -0.022019507363438606 -0.010719302110373974 -0.08060076087713242 0.02024424448609352 0.9965408444404602 -0.0006531227263621986
1403636583.4635556 0.9967950582504272 0.025632066652178764 0.07577937096357346 0.0009494223049841821 -0.024515900760889053 0.9995773434638977 -0.015623001381754875 -0.004851371981203556 -0.07614778727293015 0.013715132139623165 0.9970021843910217 0.0008271498954854906
1403636583.5135555 0.9969939589500427 0.02665823884308338 0.0727471187710762 0.001368055702187121 -0.026041634380817413 0.9996165633201599 -0.009411515668034554 0.0013131009181961417 -0.07297009974718094 0.007488771807402372 0.9973059892654419 0.002695545321330428
1403636583.5635555 0.9969050884246826 0.030930837616324425 0.07227373123168945 0.0018225237727165222 -0.030956441536545753 0.9995204210281372 -0.0007660995470359921 0.007317809853702784 -0.07226276397705078 -0.0014736090088263154 0.9973845481872559 0.004275888204574585
1403636583.6135554 0.9964934587478638 0.03311380371451378 0.07683905214071274 0.0022479756735265255 -0.034014742821455 0.9993667602539062 0.010445629246532917 0.013478376902639866 -0.07644448429346085 -0.013022659346461296 0.9969887733459473 0.006287999451160431
1403636583.6635556 0.9970484375953674 0.02903958596289158 0.071070596575737 0.0024340765085071325 -0.031018804758787155 0.9991565942764282 0.02690500020980835 0.01982208527624607 -0.07022934406995773 -0.02903011627495289 0.9971083998680115 0.007995203137397766
1403636583.7135556 0.9974004030227661 0.021963536739349365 0.0686299204826355 0.0021882327273488045 -0.025395937263965607 0.9984488487243652 0.04954757168889046 0.023757200688123703 -0.06743522733449936 -0.05116169527173042 0.9964110255241394 0.008721604943275452
1403636583.7635555 0.9978551268577576 0.01283032912760973 0.06419236212968826 0.0023536516819149256 -0.017501963302493095 0.997196614742279 0.07275103032588959 0.029155489057302475 -0.06307898461818695 -0.07371847331523895 0.9952821731567383 0.009938353672623634
1403636583.8135555 0.9979953765869141 0.006437819916754961 0.06295952945947647 0.002474890323355794 -0.012281888164579868 0.9956015348434448 0.09288129210472107 0.03424649313092232 -0.06208465248346329 -0.09346836805343628 0.9936845898628235 0.011131376028060913
1403636583.8635557 0.9979901909828186 0.005507959518581629 0.06312795728445053 0.0025322178844362497 -0.01232136506587267 0.994068443775177 0.10805532336235046 0.03783008083701134 -0.06215835362672806 -0.10861597955226898 0.9921385049819946 0.011950487270951271
1403636583.9135554 0.997859537601471 0.011207806877791882 0.0644262433052063 0.002666886430233717 -0.018771516159176826 0.9928333163261414 0.11802418529987335 0.041829682886600494 -0.06264173239469528 -0.11898092180490494 0.9909185767173767 0.012721974402666092
1403636583.9635556 0.9979426860809326 0.01727440394461155 0.06174096092581749 0.002653455827385187 -0.024855298921465874 0.9919443726539612 0.12421119213104248 0.044995687901973724 -0.059097930788993835 -0.1254902333021164 0.9903331398963928 0.01317974179983139
1403636584.0135555 0.9981890916824341 0.020420342683792114 0.0565810389816761 0.002429622458294034 -0.02751871757209301 0.9914354681968689 0.12766525149345398 0.04608668014407158 -0.053489476442337036 -0.12899111211299896 0.9902020692825317 0.013194829225540161
1403636584.0635555 0.9985274076461792 0.02284393273293972 0.049204789102077484 0.002121466211974621 -0.0289695356041193 0.9914003014564514 0.12761752307415009 0.047015588730573654 -0.045866359025239944 -0.12885506451129913 0.9906021356582642 0.013011310249567032
1403636584.1135554 0.9988459348678589 0.022016219794750214 0.04268603399395943 0.0019102167570963502 -0.02730051800608635 0.9914683699607849 0.1274569034576416 0.0465734526515007 -0.03951573371887207 -0.12847517430782318 0.9909250736236572 0.012777045369148254
1403636584.1635556 0.9989979863166809 0.023140057921409607 0.038308314979076385 0.0016691177152097225 -0.027858952060341835 0.9914305806159973 0.1276296228170395 0.0447423942387104 -0.035026684403419495 -0.12856896221637726 0.9910817742347717 0.012215657159686089
1403636584.2135556 0.9990068674087524 0.024545760825276375 0.03718540072441101 0.0014449394075199962 -0.02910778857767582 0.9914007782936096 0.12758216261863708 0.041601140052080154 -0.0337340384721756 -0.1285378336906433 0.9911307096481323 0.011475620791316032
1403636584.2635555 0.9989564418792725 0.02610553614795208 0.037477757781744 0.0011701604817062616 -0.030581943690776825 0.9917703866958618 0.12432251870632172 0.03846306726336479 -0.033923834562301636 -0.12533892691135406 0.9915338754653931 0.010803482495248318
1403636584.3135555 0.9989638924598694 0.026024067774415016 0.03733450174331665 0.0009821420535445213 -0.030332930386066437 0.9923195838928223 0.11992429941892624 0.033626727759838104 -0.0339268334209919 -0.12093252688646317 0.992080807685852 0.009759712964296341
1403636584.3635557 0.9987524151802063 0.02991875633597374 0.03998034447431564 0.0012298881774768233 -0.03441114351153374 0.9925514459609985 0.11686498671770096 0.02903907187283039 -0.0361860990524292 -0.11809495836496353 0.9923427104949951 0.009151304140686989
1403636584.4135554 0.9981911778450012 0.03658520057797432 0.04770604521036148 0.001269166823476553 -0.04177785664796829 0.9927350878715515 0.11283430457115173 0.02291678451001644 -0.04323139786720276 -0.11462326347827911 0.9924678206443787 0.008051610551774502
1403636584.4635556 0.9977453351020813 0.03963801637291908 0.0541570819914341 0.0011764590162783861 -0.045131146907806396 0.9935222864151001 0.1042918860912323 0.018670758232474327 -0.049672335386276245 -0.10650090128183365 0.9930710792541504 0.0074662924744188786
1403636584.5135555 0.9974249601364136 0.042269665747880936 0.05793745070695877 0.00107400375418365 -0.04762987419962883 0.9943851232528687 0.09449653327465057 0.011972974985837936 -0.053617801517248154 -0.09701275825500488 0.993837833404541 0.006158621981739998
1403636584.5635555 0.9972783923149109 0.04117601364850998 0.06115799769759178 0.0009950253879651427 -0.046076253056526184 0.995648205280304 0.08100371807813644 0.005175077822059393 -0.05755643919110298 -0.0836011990904808 0.9948357343673706 0.004916962701827288
1403636584.6135554 0.99696946144104 0.04043645039200783 0.06645791977643967 0.0007333375979214907 -0.044675447046756744 0.996975839138031 0.06358755379915237 -0.001503253704868257 -0.06368568539619446 -0.06636388599872589 0.995760977268219 0.0035582890268415213
1403636584.6635556 0.9965085387229919 0.03880826383829117 0.07392340898513794 0.0005312736029736698 -0.042071640491485596 0.9981840252876282 0.04311163350939751 -0.008065608330070972 -0.07211608439683914 -0.046071190387010574 0.9963316321372986 0.002180099952965975
1403636584.7135556 0.9960824251174927 0.03875870257616043 0.07948396354913712 0.00047488935524597764 -0.040560778230428696 0.9989524483680725 0.02118374966084957 -0.013868169859051704 -0.07857965677976608 -0.024324685335159302 0.9966109395027161 0.000833190861158073
1403636584.7635555 0.9954706430435181 0.03852393478155136 0.08691494166851044 0.00024161528563126922 -0.03877487778663635 0.9992471933364868 0.0012000594288110733 -0.01964966207742691 -0.08680329471826553 -0.004564732313156128 0.9962149262428284 -0.00046608064440079033
1403636584.8135555 0.9951947927474976 0.03920762613415718 0.08972274512052536 0.00033168666413985193 -0.03803093731403351 0.9991671442985535 -0.014787602238357067 -0.025007402524352074 -0.09022781252861023 0.011304307729005814 0.9958568811416626 -0.002060249447822571
1403636584.8635557 0.9951461553573608 0.035210270434617996 0.09189273416996002 -0.0001656901731621474 -0.03277280926704407 0.9990732073783875 -0.027901068329811096 -0.029274417087435722 -0.09278997778892517 0.024754058569669724 0.9953779578208923 -0.0035229057539254427
1403636584.9135554 0.9952982664108276 0.03290681540966034 0.09109677374362946 -0.0006738909287378192 -0.029612040147185326 0.9988657832145691 -0.03728652745485306 -0.032588668167591095 -0.09222042560577393 0.0344136543571949 0.9951437711715698 -0.0049566482193768024
1403636584.9635556 0.9953581690788269 0.02562827803194523 0.09276474267244339 -0.0005941338022239506 -0.021681251004338264 0.9988263845443726 -0.043309446424245834 -0.0321185439825058 -0.09376582503318787 0.04109714552760124 0.994745671749115 -0.005917251110076904
1403636585.0135555 0.9951035380363464 0.02292841486632824 0.09614118188619614 -0.0005411012098193169 -0.01883656345307827 0.9988864660263062 -0.043254632502794266 -0.03238070756196976 -0.09702587872743607 0.04123186692595482 0.9944273829460144 -0.0055468641221523285
1403636585.0635555 0.9948486089706421 0.020144164562225342 0.09935048222541809 -0.00044592347694560885 -0.01629462279379368 0.999090313911438 -0.03940754383802414 -0.032082732766866684 -0.10005394369363785 0.03758566081523895 0.9942718744277954 -0.005205567926168442
1403636585.1135554 0.9947512745857239 0.019657183438539505 0.10041570663452148 -0.0006607871036976576 -0.01620822213590145 0.9992542266845703 -0.035048045217990875 -0.030369045212864876 -0.10102975368499756 0.033236533403396606 0.9943280816078186 -0.0049294596537947655
1403636585.1635556 0.9942830204963684 0.01812801882624626 0.10522682219743729 -0.0004717402043752372 -0.01509066205471754 0.9994482398033142 -0.029589656740427017 -0.027453454211354256 -0.10570517182350159 0.027832550927996635 0.99400794506073 -0.003573938738554716
1403636585.2135556 0.9937533140182495 0.018543997779488564 0.11004726588726044 0.00043793959775939584 -0.016118619590997696 0.9996080994606018 -0.022888317704200745 -0.02442806214094162 -0.1104285717010498 0.020971529185771942 0.9936627745628357 -0.0019379784353077412
1403636585.2635555 0.9929027557373047 0.02424577996134758 0.11643081158399582 0.0007982794777490199 -0.022480925545096397 0.9996119141578674 -0.016447503119707108 -0.020279891788959503 -0.11678441613912582 0.013713296502828598 0.9930626153945923 -0.000468188663944602
1403636585.3135555 0.9921771287918091 0.029839862138032913 0.12121964246034622 0.0012361399130895734 -0.02868197299540043 0.9995248913764954 -0.011286016553640366 -0.01589384488761425 -0.12149882316589355 0.007720910012722015 0.9925615191459656 0.0008384238462895155
1403636585.3635557 0.9916377663612366 0.03809254616498947 0.12330232560634613 0.002171254251152277 -0.03763420507311821 0.9992733597755432 -0.006045026704668999 -0.010745149105787277 -0.12344298511743546 0.0013540927320718765 0.9923508167266846 0.0027057284023612738
1403636585.4135554 0.9912645816802979 0.04221499711275101 0.12494971603155136 0.002120827790349722 -0.0427900105714798 0.9990822672843933 0.0019205835415050387 -0.007561091799288988 -0.12475396692752838 -0.007250407710671425 0.9921611547470093 0.003938868176192045
1403636585.4635556 0.9918757677078247 0.04563216120004654 0.11874476820230484 0.002567064017057419 -0.04727600887417793 0.9988206028938293 0.011062250472605228 -0.002650957554578781 -0.11809993535280228 -0.01658615842461586 0.9928631782531738 0.0052503552287817
1403636585.5135555 0.9924396872520447 0.047283437103033066 0.1132597103714943 0.0029557461384683847 -0.050043247640132904 0.9985123872756958 0.021647682413458824 0.002195885172113776 -0.11206763982772827 -0.02715189941227436 0.9933295845985413 0.006560293026268482
1403636585.5635555 0.9936599135398865 0.047607388347387314 0.10185044258832932 0.0032091024331748486 -0.051272764801979065 0.9981167316436768 0.033676423132419586 0.006079501938074827 -0.10005538910627365 -0.038685064762830734 0.9942295551300049 0.007160062436014414
1403636585.6135554 0.9949145317077637 0.04735951870679855 0.08889409899711609 0.00325944391079247 -0.0516289584338665 0.9975897669792175 0.046358972787857056 0.010028992779552937 -0.08648429065942764 -0.050712719559669495 0.994961678981781 0.007275577634572983
1403636585.6635556 0.9962208867073059 0.04253103584051132 0.07573121786117554 0.0034659812226891518 -0.047153960913419724 0.9970635175704956 0.060339946299791336 0.013440275564789772 -0.07294251024723053 -0.0636829286813736 0.9953009486198425 0.007082702592015266
1403636585.7135556 0.9972979426383972 0.0367974117398262 0.06358428299427032 0.0033835445065051317 -0.04156244918704033 0.9962928891181946 0.07531963288784027 0.01619638130068779 -0.06057700887322426 -0.07775883376598358 0.995130181312561 0.006485096178948879
1403636585.7635555 0.9980084896087646 0.03040771745145321 0.05526645854115486 0.0034388296771794558 -0.03538228198885918 0.9951869249343872 0.09138360619544983 0.018172085285186768 -0.05222170054912567 -0.0931570827960968 0.9942809343338013 0.0058969901874661446
1403636585.8135555 0.9986676573753357 0.022715648636221886 0.04633425548672676 0.0031610075384378433 -0.027610544115304947 0.9937783479690552 0.10789944231510162 0.01899535208940506 -0.04359496384859085 -0.10903497785329819 0.9930815100669861 0.004978298209607601
1403636585.8635557 0.99908447265625 0.01604514941573143 0.03965850546956062 0.002974238246679306 -0.02095688320696354 0.9917173981666565 0.1267179250717163 0.019728319719433784 -0.03729681298136711 -0.12743300199508667 0.9911457300186157 0.004056678619235754
1403636585.9135554 0.9993682503700256 0.009571060538291931 0.0342237763106823 0.002862068824470043 -0.014456579461693764 0.9892539978027344 0.14549075067043304 0.02013980783522129 -0.03246350213885307 -0.1458936184644699 0.9887675642967224 0.003159807762131095
1403636585.9635556 0.9994016885757446 0.004309352021664381 0.03431553766131401 0.0028835544362664223 -0.009968282654881477 0.9859920740127563 0.1664942055940628 0.02038496732711792 -0.03311735391616821 -0.1667366772890091 0.9854451417922974 0.0024161164183169603
1403636586.0135555 0.9991729259490967 -0.0018143253400921822 0.04062046483159065 0.0028476326260715723 -0.005939618684351444 0.9817752242088318 0.1899527907371521 0.02048143371939659 -0.040224794298410416 -0.19003695249557495 0.9809526205062866 0.0018509689252823591
1403636586.0635555 0.9985261559486389 -0.004524994641542435 0.05408279970288277 0.0029139872640371323 -0.00718560628592968 0.9767223596572876 0.21438761055469513 0.020415449514985085 -0.053793974220752716 -0.21446028351783752 0.9752501845359802 0.0012287329882383347
1403636586.1135554 0.9977386593818665 -0.00966711062937975 0.06651464104652405 0.0027062639128416777 -0.006298196502029896 0.9718019366264343 0.23571467399597168 0.02023465558886528 -0.06691774725914001 -0.23560050129890442 0.9695433974266052 0.0008117775432765484
1403636586.1635556 0.9969055652618408 -0.015659866854548454 0.07703254371881485 0.0022725656162947416 -0.004518870729953051 0.9669187664985657 0.25504422187805176 0.019417114555835724 -0.07847817987203598 -0.25460314750671387 0.963856041431427 0.00036990223452448845
1403636586.2135556 0.9964680075645447 -0.02133038267493248 0.08121882379055023 0.0017734630964696407 -0.0015837667742744088 0.9622544646263123 0.27214664220809937 0.019143935292959213 -0.08395816385746002 -0.2713140845298767 0.9588220119476318 -0.00032801274210214615
1403636586.2635555 0.9963012933731079 -0.02553994208574295 0.08204539120197296 0.0014040990499779582 0.0006297787185758352 0.9569528698921204 0.29024267196655273 0.01906115561723709 -0.0859263613820076 -0.2891174852848053 0.9534294605255127 -0.0012056506238877773
1403636586.3135555 0.9960476160049438 -0.03155435994267464 0.083027184009552 0.0010782971512526274 0.00426566693931818 0.9506838321685791 0.31013232469558716 0.018550029024481773 -0.08871863782405853 -0.3085523545742035 0.9470610618591309 -0.0020602368749678135
1403636586.3635557 0.9957664608955383 -0.03725799545645714 0.08403073996305466 0.0008952396456152201 0.007491617929190397 0.9440243244171143 0.3297906816005707 0.01861940324306488 -0.09161440283060074 -0.32776492834091187 0.9403068423271179 -0.0030252295546233654
1403636586.4135554 0.995523989200592 -0.044190388172864914 0.08354107290506363 0.0007929496932774782 0.012239503674209118 0.9367903470993042 0.3496771454811096 0.01866035908460617 -0.09371283650398254 -0.3470895290374756 0.9331381320953369 -0.004069507122039795
1403636586.4635556 0.9955754280090332 -0.044940005987882614 0.08252192288637161 0.0009425196913070977 0.011465279385447502 0.9297529458999634 0.36800575256347656 0.01885465905070305 -0.093263179063797 -0.36543136835098267 0.926154375076294 -0.005176472943276167
1403636586.5135555 0.9956124424934387 -0.04422755911946297 0.08246129751205444 0.0010963449021801353 0.009211602620780468 0.9232935905456543 0.3839843273162842 0.01888285204768181 -0.09311868250370026 -0.38153988122940063 0.9196500182151794 -0.006049110554158688
1403636586.5635555 0.9958533644676208 -0.04311498999595642 0.08010691404342651 0.0014472227776423097 0.007878248579800129 0.9181249737739563 0.3962126076221466 0.01883164793252945 -0.09063085168600082 -0.3939385712146759 0.9146575331687927 -0.006926725618541241
1403636586.6135554 0.9961451888084412 -0.04228626564145088 0.07685419917106628 0.002073094714432955 0.007750051096081734 0.9151368141174316 0.4030689299106598 0.018600163981318474 -0.08737639337778091 -0.4009195864200592 0.91193687915802 -0.007638650480657816
1403636586.6635556 0.9960759878158569 -0.043867018073797226 0.07686475664377213 0.002818519016727805 0.009056398645043373 0.9144774079322815 0.4045355021953583 0.018154827877879143 -0.08803685009479523 -0.40225204825401306 0.9112862944602966 -0.007953629828989506
1403636586.7135556 0.9962447285652161 -0.043262023478746414 0.07499954104423523 0.003656556596979499 0.009679892100393772 0.9164419770240784 0.4000503122806549 0.017760997638106346 -0.0860397070646286 -0.3978220522403717 0.9134193062782288 -0.008141615428030491
1403636586.7635555 0.9965593814849854 -0.043965794146060944 0.07025927305221558 0.00443089148029685 0.01286500133574009 0.9194886088371277 0.3929060995578766 0.017390603199601173 -0.08187703788280487 -0.3906504809856415 0.9168905019760132 -0.0081473458558321
1403636586.8135555 0.9968469142913818 -0.04330972582101822 0.06648605316877365 0.005300082731992006 0.014384884387254715 0.9226576685905457 0.38535168766975403 0.017065631225705147 -0.07803335785865784 -0.38318029046058655 0.9203714728355408 -0.007866807281970978
1403636586.8635557 0.997035562992096 -0.04092247784137726 0.06515674293041229 0.005911102052778006 0.013267328962683678 0.9255850911140442 0.37830686569213867 0.016906140372157097 -0.07578936219215393 -0.3763209283351898 0.9233842492103577 -0.007620444055646658
1403636586.9135554 0.9973905086517334 -0.03600475192070007 0.06257736682891846 0.006280816160142422 0.01009690947830677 0.9278157949447632 0.3729018270969391 0.016862276941537857 -0.07148651778697968 -0.3712969422340393 0.9257581830024719 -0.007174956612288952
1403636586.9635556 0.9977656006813049 -0.03273826465010643 0.058240823447704315 0.006532853003591299 0.008996279910206795 0.9296118021011353 0.3684304356575012 0.016865523532032967 -0.06620313227176666 -0.3670833110809326 0.9278291463851929 -0.0067509557120501995
1403636587.0135555 0.9981311559677124 -0.02600921131670475 0.05529620870947838 0.006608576513826847 0.00395626574754715 0.9305041432380676 0.3662600815296173 0.01668677292764187 -0.060979485511779785 -0.3653568923473358 0.9288679957389832 -0.006396797951310873
1403636587.0635555 0.998315691947937 -0.023168902844190598 0.05318842828273773 0.006756247486919165 0.002001485787332058 0.9300042390823364 0.3675433397293091 0.016519155353307724 -0.05798104405403137 -0.3668178915977478 0.9284840822219849 -0.005913453176617622
1403636587.1135554 0.9985378980636597 -0.019119279459118843 0.05056221783161163 0.007125138770788908 -0.0010691918432712555 0.9281934499740601 0.37209632992744446 0.016344549134373665 -0.054045744240283966 -0.37160637974739075 0.9268158674240112 -0.005482410080730915
1403636587.1635556 0.9985899925231934 -0.016142500564455986 0.050571683794260025 0.007595700211822987 -0.004089958034455776 0.9264183044433594 0.37647345662117004 0.016206922009587288 -0.05292776599526405 -0.376149445772171 0.9250460863113403 -0.005022426135838032
1403636587.2135556 0.9986985921859741 -0.014439858496189117 0.04891721159219742 0.007913917303085327 -0.005180143751204014 0.925410807132721 0.37893006205558777 0.016326719895005226 -0.05074021965265274 -0.37869027256965637 0.9241315126419067 -0.0045681120827794075
1403636587.2635555 0.9986615180969238 -0.01569250412285328 0.049284081906080246 0.008963418193161488 -0.004244138952344656 0.9247871041297913 0.38046127557754517 0.016235822811722755 -0.05154767259955406 -0.3801611661911011 0.9234826564788818 -0.0040468755178153515
1403636587.3135555 0.9986158609390259 -0.01784481853246689 0.04947772994637489 0.01045050285756588 -0.0024082218296825886 0.9241893291473389 0.3819269835948944 0.016046371310949326 -0.05254220962524414 -0.3815174996852875 0.9228670597076416 -0.0034617355559021235
