1305031455.927955 0.9989306926727295 0.0024524936452507973 0.046166956424713135 -0.08128079026937485 -0.002655759220942855 0.9999870657920837 0.004342026077210903 -0.03896486386656761 -0.04615571349859238 -0.0044599915854632854 0.9989243149757385 -0.030267728492617607
1305031455.959716 0.9984266757965088 0.007279594428837299 0.05559864640235901 -0.09528470784425735 -0.007436362560838461 0.999968945980072 0.002613256685435772 -0.04074797034263611 -0.055577900260686874 -0.00302259624004364 0.9984498620033264 -0.0358634814620018
1305031455.991694 0.997754693031311 0.01098836399614811 0.06606657803058624 -0.10735036432743073 -0.011593642644584179 0.9998941421508789 0.008785225450992584 -0.04567485675215721 -0.06596305221319199 -0.009531451389193535 0.9977765679359436 -0.039846889674663544
1305031456.02777 0.9966936111450195 0.017573051154613495 0.07932927459478378 -0.11992769688367844 -0.018771862611174583 0.9997202157974243 0.014391399919986725 -0.040262240916490555 -0.07905416935682297 -0.015832969918847084 0.9967447519302368 -0.04401668906211853
1305031456.059713 0.9953688979148865 0.02791285142302513 0.09198690950870514 -0.1341095119714737 -0.03165798261761665 0.9987176060676575 0.03950909897685051 -0.051399268209934235 -0.09076611697673798 -0.042238254100084305 0.9949761629104614 -0.04405532032251358
1305031456.091707 0.9938635230064392 0.03510525822639465 0.1048952043056488 -0.14933836460113525 -0.04115469008684158 0.9975780248641968 0.05607413128018379 -0.06406012177467346 -0.10267266631126404 -0.0600469633936882 0.9929012060165405 -0.0427708625793457
1305031456.127645 0.992760181427002 0.036309435963630676 0.11449547111988068 -0.15989060699939728 -0.043474603444337845 0.9972078204154968 0.060716740787029266 -0.07246889919042587 -0.11197119206190109 -0.06525479257106781 0.9915667176246643 -0.043678369373083115
1305031456.159731 0.9917123317718506 0.03474893793463707 0.12368859350681305 -0.16560587286949158 -0.04348458722233772 0.9966932535171509 0.06864158809185028 -0.0865492969751358 -0.12089434266090393 -0.07345125824213028 0.9899441003799438 -0.04434454068541527
1305031456.191658 0.989865243434906 0.030251162126660347 0.13875038921833038 -0.17172600328922272 -0.039104826748371124 0.9973386526107788 0.061533935368061066 -0.0970323234796524 -0.1365196853876114 -0.06633611023426056 0.9884138107299805 -0.04354657232761383
1305031456.227678 0.9869962334632874 0.026257691904902458 0.1585836410522461 -0.17973457276821136 -0.03465806320309639 0.9981256127357483 0.05043970048427582 -0.09237254410982132 -0.15696193277835846 -0.05527999997138977 0.9860562682151794 -0.04493589326739311
1305031456.259614 0.9831927418708801 0.017914652824401855 0.18168985843658447 -0.18824271857738495 -0.028978127986192703 0.9978712797164917 0.0584213025867939 -0.10408663749694824 -0.18025650084018707 -0.06270443648099899 0.9816189408302307 -0.040404774248600006
1305031456.291675 0.978831946849823 0.008478010073304176 0.20449034869670868 -0.19729676842689514 -0.020728910341858864 0.9981104731559753 0.057841964066028595 -0.1158958151936531 -0.20361357927322388 -0.0608564130961895 0.9771581292152405 -0.0349297933280468
1305031456.327718 0.9747281670570374 -0.006460423115640879 0.2233007699251175 -0.2013833373785019 -0.006091895047575235 0.9984412789344788 0.0554780587553978 -0.12774601578712463 -0.22331120073795319 -0.05543634667992592 0.9731695652008057 -0.030495665967464447
1305031456.359846 0.9692369699478149 -0.01465072575956583 0.24569302797317505 -0.2072887271642685 0.00465040048584342 0.9991387724876404 0.04123343527317047 -0.12019611150026321 -0.24608555436134338 -0.03882240131497383 0.9684703350067139 -0.028719250112771988
1305031456.391619 0.9614071249961853 -0.02403203584253788 0.2740781903266907 -0.21856869757175446 0.010435882024466991 0.9986462593078613 0.050957612693309784 -0.13818359375 -0.2749318778514862 -0.04613075777888298 0.9603564739227295 -0.017429441213607788
1305031456.427662 0.9531790018081665 -0.03204616904258728 0.30070385336875916 -0.23354119062423706 0.02332502231001854 0.9991979002952576 0.032548751682043076 -0.1335490494966507 -0.30150580406188965 -0.02401086688041687 0.9531620740890503 -0.006085202097892761
1305031456.45961 0.9468337893486023 -0.0442611426115036 0.3186643719673157 -0.25318557024002075 0.03751997649669647 0.9989237785339355 0.027264831587672234 -0.12561830878257751 -0.3195282816886902 -0.013858970254659653 0.9474754929542542 0.0033515021204948425
1305031456.491677 0.944590151309967 -0.05620817095041275 0.3234039843082428 -0.2687053382396698 0.047029804438352585 0.9982398152351379 0.03613235428929329 -0.12456512451171875 -0.3248656094074249 -0.018920645117759705 0.9455708861351013 0.01955515146255493
1305031456.527641 0.9444780349731445 -0.06972191482782364 0.3210921585559845 -0.2775796949863434 0.059146150946617126 0.9973406195640564 0.042586710304021835 -0.12134172022342682 -0.3232073485851288 -0.021230854094028473 0.9460899829864502 0.034198611974716187
1305031456.559608 0.9432129859924316 -0.08350899815559387 0.3215208053588867 -0.2826387584209442 0.06788469105958939 0.9959160089492798 0.05952407419681549 -0.13960888981819153 -0.32517847418785095 -0.034317538142204285 0.9450297951698303 0.04609588533639908
1305031456.591651 0.9402496814727783 -0.09519727528095245 0.32690680027008057 -0.2869962155818939 0.08413154631853104 0.9953047037124634 0.047859638929367065 -0.12406851351261139 -0.32992789149284363 -0.01749684289097786 0.9438439607620239 0.05371496453881264
1305031456.627612 0.9355770945549011 -0.1177014634013176 0.3329293727874756 -0.2927035391330719 0.09775955229997635 0.9922969341278076 0.07609180361032486 -0.12172143161296844 -0.33932092785835266 -0.03864271566271782 0.9398766160011292 0.06365576386451721
1305031456.659665 0.9266194105148315 -0.13784784078598022 0.3498210310935974 -0.30778151750564575 0.10504021495580673 0.9882334470748901 0.1111813336610794 -0.1413755863904953 -0.3610309362411499 -0.06627748906612396 0.930195689201355 0.08822371065616608
1305031456.691612 0.9215363264083862 -0.15540896356105804 0.355835497379303 -0.3153727948665619 0.12553724646568298 0.9864412546157837 0.10570801794528961 -0.14084874093532562 -0.3674387037754059 -0.052743181586265564 0.9285510182380676 0.10030625760555267
1305031456.727693 0.9165223836898804 -0.1750919371843338 0.3596239984035492 -0.32904690504074097 0.14506351947784424 0.983390748500824 0.10908553004264832 -0.1309971809387207 -0.372750848531723 -0.04781103506684303 0.9266989827156067 0.11240078508853912
1305031456.759615 0.9140608906745911 -0.19470767676830292 0.3557829260826111 -0.3413829505443573 0.15722496807575226 0.9787423014640808 0.1316966861486435 -0.15094050765037537 -0.37386205792427063 -0.06444083899259567 0.9252430200576782 0.12651221454143524
1305031456.791649 0.9155923128128052 -0.20197567343711853 0.3477018475532532 -0.3522742986679077 0.17127037048339844 0.9782238602638245 0.11723724752664566 -0.14892122149467468 -0.3638092577457428 -0.04779050126671791 0.9302467703819275 0.14195971190929413
1305031456.827603 0.9176443815231323 -0.21628853678703308 0.33338847756385803 -0.3505973517894745 0.19073836505413055 0.9756841659545898 0.10797993093729019 -0.13145136833190918 -0.348636656999588 -0.035497210919857025 0.9365854859352112 0.15236078202724457
1305031456.859634 0.914524257183075 -0.2343062311410904 0.32976603507995605 -0.35228437185287476 0.20352579653263092 0.9709948301315308 0.12548543512821198 -0.1373233199119568 -0.3496030867099762 -0.04764360934495926 0.9356856942176819 0.1663956344127655
1305031456.891672 0.9110456109046936 -0.2473469376564026 0.32987144589424133 -0.353047639131546 0.2128351628780365 0.9673592448234558 0.13754083216190338 -0.14771734178066254 -0.3531244397163391 -0.05509774014353752 0.9339525699615479 0.1773029863834381
1305031456.92769 0.9039674401283264 -0.2558932304382324 0.3425803780555725 -0.36052316427230835 0.22576270997524261 0.966018557548523 0.12585502862930298 -0.14154821634292603 -0.36314448714256287 -0.036426980048418045 0.9310204386711121 0.18854542076587677
1305031456.959667 0.894720733165741 -0.2631082236766815 0.3608997166156769 -0.37750113010406494 0.23405204713344574 0.9644305109977722 0.12285500019788742 -0.12789514660835266 -0.3803868591785431 -0.02545161545276642 0.9244771599769592 0.20069901645183563
1305031456.991709 0.889432430267334 -0.27390432357788086 0.36590462923049927 -0.38437455892562866 0.2370707243680954 0.9609047770500183 0.1430361270904541 -0.13310761749744415 -0.3907777965068817 -0.04047572612762451 0.9195947051048279 0.21363964676856995
1305031457.027648 0.883598804473877 -0.28145304322242737 0.37421512603759766 -0.39393582940101624 0.24284397065639496 0.9587565064430237 0.14769107103347778 -0.13453301787376404 -0.40034937858581543 -0.039623796939849854 0.9155054688453674 0.22310970723628998
1305031457.059621 0.8769368529319763 -0.2934180796146393 0.38064053654670715 -0.4035791754722595 0.25416380167007446 0.9553229808807373 0.1508597582578659 -0.12616103887557983 -0.4078997075557709 -0.03554946184158325 0.9123343825340271 0.2275739461183548
1305031457.091655 0.8684234023094177 -0.31001198291778564 0.38695403933525085 -0.4135303497314453 0.2602655589580536 0.9492819905281067 0.17642436921596527 -0.13494272530078888 -0.4220222234725952 -0.05250021070241928 0.9050641655921936 0.23559702932834625
1305031457.127632 0.8601071238517761 -0.32395270466804504 0.3940437436103821 -0.4201146960258484 0.2677885890007019 0.9442073106765747 0.1917342096567154 -0.1473539024591446 -0.4341718256473541 -0.05939153954386711 0.8988701701164246 0.240936279296875
1305031457.159693 0.8495117425918579 -0.3358658254146576 0.40684643387794495 -0.43090197443962097 0.279846727848053 0.9406133890151978 0.19217772781848907 -0.14958901703357697 -0.44723108410835266 -0.04940258711576462 0.8930531740188599 0.24349871277809143
1305031457.191735 0.8367701172828674 -0.3426036238670349 0.42712822556495667 -0.45069584250450134 0.2881605625152588 0.9388399720191956 0.18852835893630981 -0.14558987319469452 -0.465595543384552 -0.034673359245061874 0.8843181133270264 0.24689851701259613
1305031457.227543 0.8249344825744629 -0.35691744089126587 0.43828415870666504 -0.4653138518333435 0.29531726241111755 0.9333203434944153 0.20420770347118378 -0.15480248630046844 -0.48194482922554016 -0.03902510553598404 0.8753321170806885 0.2501199543476105
1305031457.259691 0.814621090888977 -0.36826059222221375 0.44808119535446167 -0.4739043712615967 0.3047473430633545 0.9290950894355774 0.20955026149749756 -0.16922834515571594 -0.4934791922569275 -0.03415248170495033 0.8690869212150574 0.25131291151046753
1305031457.291656 0.8025921583175659 -0.37365883588790894 0.4649999141693115 -0.48670369386672974 0.3163938820362091 0.9274784922599792 0.19919438660144806 -0.17119529843330383 -0.5057082176208496 -0.012748717330396175 0.862610399723053 0.248788520693779
1305031457.327548 0.7884644865989685 -0.37833619117736816 0.48495906591415405 -0.5040507316589355 0.3241903781890869 0.9256618618965149 0.19506551325321198 -0.16899459064006805 -0.5227084159851074 0.0034168418496847153 0.8525046110153198 0.2461097240447998
1305031457.359712 0.7729568481445312 -0.3901655077934265 0.5003082752227783 -0.5159991979598999 0.3303079605102539 0.9207326769828796 0.207720547914505 -0.1813354343175888 -0.5416955351829529 0.004696793854236603 0.8405615091323853 0.24619358777999878
1305031457.391684 0.7508994340896606 -0.39766576886177063 0.5272682905197144 -0.5377659797668457 0.34231844544410706 0.9171280264854431 0.20419147610664368 -0.189569890499115 -0.5647724866867065 0.02716640569269657 0.8247992396354675 0.24611251056194305
1305031457.427641 0.7349730134010315 -0.40719109773635864 0.5422267317771912 -0.5566220283508301 0.35389068722724915 0.9124292731285095 0.20550961792469025 -0.19547265768051147 -0.5784251689910889 0.04084496200084686 0.8147121071815491 0.24661904573440552
1305031457.459614 0.726598858833313 -0.41198205947875977 0.5498406887054443 -0.5737648010253906 0.3608061373233795 0.9098471999168396 0.2049310952425003 -0.20121508836746216 -0.5846989154815674 0.049483172595500946 0.8097397685050964 0.24747797846794128
1305031457.491705 0.7210898399353027 -0.41809436678886414 0.5524730682373047 -0.5854960680007935 0.36679351329803467 0.9068567752838135 0.20754067599773407 -0.2131824493408203 -0.5877854228019714 0.05298806354403496 0.807279646396637 0.24667325615882874
1305031457.527638 0.7153288722038269 -0.4199220836162567 0.558542788028717 -0.5986565351486206 0.37182697653770447 0.9054837822914124 0.2045573890209198 -0.22375711798667908 -0.5916494131088257 0.06135544180870056 0.8038572072982788 0.24147316813468933
1305031457.559685 0.705926775932312 -0.4214431047439575 0.569256603717804 -0.613582968711853 0.37758326530456543 0.9039055109024048 0.20096150040626526 -0.23069751262664795 -0.5992478728294373 0.07307766377925873 0.7972211241722107 0.23948900401592255
1305031457.591678 0.6966401934623718 -0.4250282347202301 0.5779649019241333 -0.6313455700874329 0.38460054993629456 0.9013224244117737 0.1992494761943817 -0.2378481924533844 -0.6056194305419922 0.08348042517900467 0.791363537311554 0.23715248703956604
1305031457.627526 0.6914013624191284 -0.4324609339237213 0.5787414908409119 -0.6414551734924316 0.38966506719589233 0.8977738618850708 0.20533710718154907 -0.2532876133918762 -0.6083793044090271 0.08354499936103821 0.7892369627952576 0.236256405711174
1305031457.659632 0.68372642993927 -0.4309592843055725 0.5888906717300415 -0.6625815629959106 0.397039532661438 0.896781861782074 0.19529946148395538 -0.25111550092697144 -0.6122727394104004 0.1002814993262291 0.7842613458633423 0.23686130344867706
1305031457.69157 0.6804004907608032 -0.4416719973087311 0.5847914814949036 -0.6735588312149048 0.4002411365509033 0.8924152851104736 0.2083316594362259 -0.26220929622650146 -0.6138911843299866 0.09230862557888031 0.7839750647544861 0.23745040595531464
1305031457.727669 0.6792723536491394 -0.4444577097892761 0.5839918255805969 -0.6816718578338623 0.39552900195121765 0.8920066952705383 0.21881696581840515 -0.2832745909690857 -0.6181795001029968 0.08234938234090805 0.7817113995552063 0.23838552832603455
1305031457.759556 0.6769195199012756 -0.44059205055236816 0.5896259546279907 -0.692939281463623 0.39234429597854614 0.8937535285949707 0.2174178957939148 -0.2971372902393341 -0.6227729320526123 0.08416199684143066 0.7778630256652832 0.23857232928276062
1305031457.791567 0.6730563044548035 -0.4365784525871277 0.5969877243041992 -0.6954164505004883 0.3893458843231201 0.8954365849494934 0.21587789058685303 -0.3207944631576538 -0.628812313079834 0.08713681250810623 0.772659182548523 0.23719871044158936
1305031457.827699 0.6631238460540771 -0.42178675532341003 0.618354856967926 -0.713493287563324 0.3925014138221741 0.899370014667511 0.19255179166793823 -0.3153618574142456 -0.6373456120491028 0.11501947045326233 0.7619456052780151 0.23404942452907562
1305031457.859623 0.6509951949119568 -0.420231431722641 0.6321476697921753 -0.7242470979690552 0.39095914363861084 0.8994474411010742 0.19530804455280304 -0.327716588973999 -0.6506583094596863 0.11999929696321487 0.7498294115066528 0.237434983253479
1305031457.891593 0.6424389481544495 -0.4126151204109192 0.6457716822624207 -0.7310196161270142 0.38906633853912354 0.9016083478927612 0.1890232264995575 -0.3470688760280609 -0.6602269411087036 0.12981215119361877 0.7397629618644714 0.24117377400398254
1305031457.927633 0.6273539662361145 -0.4021649956703186 0.6668511033058167 -0.752314567565918 0.3974696695804596 0.9017494320869446 0.16989974677562714 -0.35602784156799316 -0.6696603298187256 0.15846583247184753 0.7255644202232361 0.25110024213790894
1305031457.959632 0.6229004263877869 -0.3996102511882782 0.6725375056266785 -0.7640732526779175 0.40681231021881104 0.899772047996521 0.15784192085266113 -0.36044225096702576 -0.6682057976722717 0.1752767115831375 0.7230347394943237 0.2547362744808197
1305031457.991644 0.6197786331176758 -0.398222953081131 0.6762343049049377 -0.7692277431488037 0.40690878033638 0.8998782634735107 0.15698522329330444 -0.38088929653167725 -0.6710437536239624 0.17786961793899536 0.7197656631469727 0.2618483901023865
1305031458.027845 0.6135420203208923 -0.3898223638534546 0.6867348551750183 -0.7758297920227051 0.4086191654205322 0.9008994102478027 0.14632393419742584 -0.39528077840805054 -0.6757193207740784 0.19083715975284576 0.7120285630226135 0.26876017451286316
1305031458.059689 0.6042661666870117 -0.37855616211891174 0.7011116743087769 -0.7903416156768799 0.4179711937904358 0.8997405767440796 0.12556692957878113 -0.3868851363658905 -0.6783528923988342 0.2171686589717865 0.7019082903862 0.2753637731075287
1305031458.09169 0.5949054956436157 -0.3797886073589325 0.7084124088287354 -0.8003938794136047 0.4198381304740906 0.8983758687973022 0.12906166911125183 -0.3906187117099762 -0.6854366660118103 0.22063907980918884 0.6938983798027039 0.2882755398750305
1305031458.127605 0.5851863026618958 -0.3830222189426422 0.7147383689880371 -0.8073283433914185 0.4165993928909302 0.8982058763504028 0.14025352895259857 -0.40762224793434143 -0.6957024335861206 0.21568509936332703 0.6851846575737 0.3065425455570221
1305031458.159638 0.5771936774253845 -0.3830077052116394 0.7212161421775818 -0.8145449161529541 0.41901662945747375 0.8969640135765076 0.14099855720996857 -0.41810256242752075 -0.7009084224700928 0.22081802785396576 0.6782085299491882 0.32520562410354614
1305031458.191646 0.5703878998756409 -0.3868386745452881 0.7245781421661377 -0.8266029357910156 0.4267810881137848 0.8933025598526001 0.14095543324947357 -0.42074477672576904 -0.701794445514679 0.22883698344230652 0.6746243834495544 0.3434436321258545
1305031458.227611 0.5690432786941528 -0.3979257047176361 0.7196144461631775 -0.834187388420105 0.42514660954475403 0.8914473056793213 0.1567547619342804 -0.43151023983955383 -0.7038751840591431 0.2167413830757141 0.6764487028121948 0.36503541469573975
1305031458.259934 0.5760984420776367 -0.4031830132007599 0.711023211479187 -0.826380729675293 0.4189416170120239 0.8925814628601074 0.166692316532135 -0.45706579089164734 -0.7018535733222961 0.20184604823589325 0.6831248998641968 0.3793894946575165
1305031458.291664 0.5744234323501587 -0.39109447598457336 0.719084620475769 -0.842330813407898 0.42118844389915466 0.8944779634475708 0.15003086626529694 -0.46768391132354736 -0.7018817663192749 0.2166888564825058 0.678533673286438 0.40626123547554016
1305031458.327628 0.5791002511978149 -0.39352869987487793 0.7139872908592224 -0.8440511226654053 0.42781728506088257 0.892197847366333 0.14475928246974945 -0.47391557693481445 -0.6939850449562073 0.22162599861621857 0.6850304007530212 0.42503881454467773
1305031458.35959 0.5824942588806152 -0.390045166015625 0.7131374478340149 -0.8413047790527344 0.42796212434768677 0.8930607438087463 0.13889119029045105 -0.497464120388031 -0.6910490989685059 0.22429250180721283 0.6871272921562195 0.44375601410865784
1305031458.391626 0.5845298767089844 -0.37857624888420105 0.7176382541656494 -0.8435741662979126 0.4430410861968994 0.8899009823799133 0.10858483612537384 -0.4920431673526764 -0.6797348260879517 0.25447219610214233 0.6878986358642578 0.4584652781486511
1305031458.427598 0.5800654888153076 -0.38110750913619995 0.7199174165725708 -0.8419116735458374 0.46097075939178467 0.8822486400604248 0.09561979025602341 -0.49388396739959717 -0.6715876460075378 0.27639514207839966 0.6874414682388306 0.46784332394599915
1305031458.459637 0.5679158568382263 -0.3786860704421997 0.7307999134063721 -0.8308910131454468 0.478437215089798 0.874352753162384 0.08127149939537048 -0.5013679265975952 -0.6697533130645752 0.30348649621009827 0.6777362823486328 0.47915175557136536
1305031458.491696 0.5573284029960632 -0.3502740263938904 0.7527902126312256 -0.8226505517959595 0.48106297850608826 0.8751969337463379 0.05107496306300163 -0.5096573233604431 -0.6767300367355347 0.33367401361465454 0.6562760472297668 0.48906293511390686
1305031458.527737 0.5409749150276184 -0.314423531293869 0.7800539135932922 -0.8314713835716248 0.48106318712234497 0.876465380191803 0.01966313272714615 -0.49383345246315 -0.6898728609085083 0.3646179139614105 0.6254034042358398 0.513961911201477
1305031458.559628 0.5296645164489746 -0.2960572838783264 0.7948619723320007 -0.8285965919494629 0.4770696759223938 0.8788149356842041 0.009426422417163849 -0.487445592880249 -0.7013275027275085 0.37421172857284546 0.6067169308662415 0.534381091594696
1305031458.591641 0.5210262537002563 -0.2678627371788025 0.8104202747344971 -0.8300787210464478 0.4669272005558014 0.8842602372169495 -0.007923095487058163 -0.48616376519203186 -0.7145002484321594 0.3825354278087616 0.5857951641082764 0.5654036998748779
1305031458.627659 0.5218015909194946 -0.2513619363307953 0.815193235874176 -0.8348782062530518 0.4620751142501831 0.8865576386451721 -0.022405454888939857 -0.4648702144622803 -0.7170842885971069 0.3883718252182007 0.5787551999092102 0.5916956663131714
1305031458.659623 0.523005485534668 -0.26142141222953796 0.8112484216690063 -0.8392279744148254 0.4597838222980499 0.8879714012145996 -0.010274067521095276 -0.46845364570617676 -0.7176796197891235 0.3783723711967468 0.584611177444458 0.6148735880851746
1305031458.691674 0.5523965358734131 -0.26100561022758484 0.7916651368141174 -0.8312023878097534 0.4438072144985199 0.8960086703300476 -0.014266644604504108 -0.46513068675994873 -0.7056154012680054 0.3592276871204376 0.6107882261276245 0.6355468034744263
1305031458.72765 0.5817623138427734 -0.2629513144493103 0.7696811556816101 -0.8149005174636841 0.43309730291366577 0.9011363387107849 -0.0194947961717844 -0.47035059332847595 -0.6884616017341614 0.3446882367134094 0.6381306052207947 0.6444172859191895
1305031458.759945 0.6087090373039246 -0.23659613728523254 0.7572949528694153 -0.8115941882133484 0.417362242937088 0.9072496294975281 -0.052027810364961624 -0.45898541808128357 -0.6747459173202515 0.3477360010147095 0.6509973406791687 0.6692984104156494
1305031458.791632 0.6410305500030518 -0.2265586405992508 0.7333149313926697 -0.8067439794540405 0.39926785230636597 0.9144185781478882 -0.06651097536087036 -0.44766131043434143 -0.6554882526397705 0.33542460203170776 0.6766281127929688 0.67634516954422
1305031458.827564 0.6589395999908447 -0.2350994497537613 0.714511513710022 -0.7918274998664856 0.39210379123687744 0.917991042137146 -0.05955621600151062 -0.4465998709201813 -0.6419135928153992 0.3194065988063812 0.6970841884613037 0.6814886927604675
1305031458.859887 0.6660879254341125 -0.2355588972568512 0.7076995372772217 -0.7829689383506775 0.3887081742286682 0.919416606426239 -0.05982353538274765 -0.45834165811538696 -0.6365789771080017 0.3149363398551941 0.703976035118103 0.6877883672714233
1305031458.891665 0.6715753078460693 -0.21300789713859558 0.7096576690673828 -0.7775866985321045 0.37736836075782776 0.9225838780403137 -0.080198734998703 -0.44725412130355835 -0.6376359462738037 0.32166188955307007 0.6999671459197998 0.6938848495483398
1305031458.927621 0.6575813293457031 -0.22352692484855652 0.7194598317146301 -0.7817152738571167 0.39072826504707336 0.9176849722862244 -0.07201003283262253 -0.4446791112422943 -0.6441413760185242 0.3284657597541809 0.6907908320426941 0.7017872333526611
1305031458.959617 0.6395410299301147 -0.2481314241886139 0.7276110053062439 -0.780749499797821 0.4097664952278137 0.9108434915542603 -0.0495506227016449 -0.4517236053943634 -0.6504449248313904 0.3298403024673462 0.6841978430747986 0.7160706520080566
1305031458.991647 0.6277110576629639 -0.257796049118042 0.7345201969146729 -0.7782045602798462 0.4173823893070221 0.9079347252845764 -0.038029640913009644 -0.4792766571044922 -0.6570927500724792 0.3304474353790283 0.6775202751159668 0.7286583781242371
1305031459.027665 0.6244967579841614 -0.23832836747169495 0.7437764406204224 -0.7920166850090027 0.4162582457065582 0.9073456525802612 -0.0587618313729763 -0.48749879002571106 -0.6608577370643616 0.3462996482849121 0.6658405661582947 0.7534158825874329
1305031459.059631 0.6256309151649475 -0.24252313375473022 0.7414637207984924 -0.8017535209655762 0.43428704142570496 0.8978300094604492 -0.07277341187000275 -0.5027057528495789 -0.6480591893196106 0.36753737926483154 0.6670348644256592 0.7713848948478699
1305031459.09165 0.6356291174888611 -0.24382831156253815 0.7324775457382202 -0.8088028430938721 0.45376691222190857 0.8856077194213867 -0.09896713495254517 -0.5170676708221436 -0.624556839466095 0.39528051018714905 0.673559308052063 0.799020528793335
1305031459.127618 0.6702036261558533 -0.23858840763568878 0.702782154083252 -0.8116334080696106 0.45671460032463074 0.8789796829223633 -0.13713693618774414 -0.5196163654327393 -0.5850119590759277 0.41288048028945923 0.6980621814727783 0.8076862096786499
1305031459.159639 0.6972955465316772 -0.24260929226875305 0.6744773387908936 -0.8295201659202576 0.46276313066482544 0.8709658980369568 -0.165132537484169 -0.5367343425750732 -0.5473840832710266 0.42726942896842957 0.7195912003517151 0.8222101330757141
1305031459.191674 0.7120850086212158 -0.2554284632205963 0.6539810299873352 -0.8396810293197632 0.4762653708457947 0.8601250052452087 -0.18263700604438782 -0.5454077124595642 -0.5158546566963196 0.44152164459228516 0.7341338992118835 0.8323209285736084
1305031459.227607 0.7185234427452087 -0.27053603529930115 0.6407294273376465 -0.8486760854721069 0.4921894669532776 0.8486847281455994 -0.19360719621181488 -0.5468388795852661 -0.4913996160030365 0.454471617937088 0.7429549098014832 0.8447104692459106
1305031459.25976 0.7201218605041504 -0.28355273604393005 0.6332631707191467 -0.8424268960952759 0.5042580962181091 0.8407953381538391 -0.19694426655769348 -0.5395865440368652 -0.4766005575656891 0.46115201711654663 0.7484588623046875 0.8502482771873474
1305031459.29169 0.6985610127449036 -0.3030198812484741 0.6482218503952026 -0.838286817073822 0.530791699886322 0.8269667625427246 -0.18543493747711182 -0.5335286259651184 -0.47986742854118347 0.4736083745956421 0.7385271787643433 0.856877326965332
1305031459.327632 0.6594780087471008 -0.31864938139915466 0.6808460354804993 -0.8424828052520752 0.5613905191421509 0.8111059665679932 -0.16415788233280182 -0.5342217683792114 -0.49992942810058594 0.4904790222644806 0.7137932777404785 0.8735716342926025
1305031459.359651 0.6094924211502075 -0.3329333961009979 0.7194958329200745 -0.8542636036872864 0.5984277725219727 0.7884778380393982 -0.1420808732509613 -0.538041889667511 -0.5200029015541077 0.5171635150909424 0.6798079013824463 0.880154013633728
1305031459.391667 0.5560427308082581 -0.32706525921821594 0.7640974521636963 -0.8568268418312073 0.6256199479103088 0.7699334025382996 -0.1257076859474182 -0.5082497000694275 -0.547189474105835 0.5479333400726318 0.6327342987060547 0.9226469397544861
1305031459.427646 0.44748660922050476 -0.392942875623703 0.803337812423706 -0.8614939451217651 0.7055578231811523 0.7070814371109009 -0.04715956375002861 -0.5105093717575073 -0.549494206905365 0.5879045128822327 0.5936533808708191 0.9247703552246094
1305031459.459679 0.3479083776473999 -0.43459072709083557 0.8307170271873474 -0.859964907169342 0.7636497616767883 0.6453849077224731 0.017813660204410553 -0.5226514339447021 -0.5438737869262695 0.6281793117523193 0.5564098954200745 0.9242690205574036
1305031459.491555 0.27734294533729553 -0.4528772532939911 0.8473387956619263 -0.8764485120773315 0.7970183491706848 0.6009362936019897 0.060309965163469315 -0.5146276950836182 -0.5365096926689148 0.6586180925369263 0.5276168584823608 0.9412037134170532
1305031459.527594 0.2052791863679886 -0.475988507270813 0.8551580905914307 -0.8857042789459229 0.8243082761764526 0.5551297664642334 0.11111634969711304 -0.5080000162124634 -0.5276137590408325 0.6821040511131287 0.5063178539276123 0.952057957649231
1305031459.559647 0.15082204341888428 -0.479814350605011 0.8643094301223755 -0.8987840414047241 0.8374166488647461 0.5266402363777161 0.14623083174228668 -0.5150308609008789 -0.5253437757492065 0.7017322778701782 0.4812335669994354 0.9661710858345032
1305031459.591695 0.11407022923231125 -0.4573509991168976 0.8819398880004883 -0.9166150093078613 0.8503553867340088 0.5039699077606201 0.15136049687862396 -0.5060315132141113 -0.513696014881134 0.7326966524124146 0.4463989734649658 1.0053396224975586
1305031459.627608 0.10148599743843079 -0.47530463337898254 0.8739484548568726 -0.9207712411880493 0.8572316765785217 0.4875682592391968 0.1656235307455063 -0.5130173563957214 -0.5048311948776245 0.7323678135871887 0.45692765712738037 1.0042037963867188
1305031459.659641 0.08976063877344131 -0.46649762988090515 0.8799561262130737 -0.9197171926498413 0.859995424747467 0.4819357991218567 0.16776767373085022 -0.5087603330612183 -0.502345621585846 0.7416992783546448 0.44444480538368225 1.021674633026123
1305031459.691604 0.04936725273728371 -0.4796454608440399 0.8760725259780884 -0.9329829216003418 0.8517332077026367 0.47833251953125 0.21388912200927734 -0.5347608327865601 -0.5216448903083801 0.73562091588974 0.4321439862251282 1.0286729335784912
1305031459.727551 0.02445331960916519 -0.4895073175430298 0.8716562986373901 -0.9375870823860168 0.8472680449485779 0.47292765974998474 0.24181896448135376 -0.556560754776001 -0.5306025147438049 0.7326131463050842 0.42630845308303833 1.0344599485397339
1305031459.759635 0.009172685444355011 -0.48602813482284546 0.8738950490951538 -0.945480227470398 0.8393924832344055 0.4786992073059082 0.2574242651462555 -0.5809913873672485 -0.5434483289718628 0.7311796545982361 0.4123593866825104 1.0425138473510742
1305031459.79165 0.0027009882032871246 -0.47604072093963623 0.8794190287590027 -0.9511723518371582 0.8328003883361816 0.4878915548324585 0.2615441083908081 -0.5959975123405457 -0.5535667538642883 0.7316741347312927 0.39776474237442017 1.0617808103561401
1305031459.827664 0.0031330548226833344 -0.4737491011619568 0.8806542158126831 -0.9589062929153442 0.8294863104820251 0.4930975139141083 0.26231148838996887 -0.6123091578483582 -0.5585182905197144 0.7296687960624695 0.3945132791996002 1.076431393623352
1305031459.85966 0.007487415801733732 -0.48483192920684814 0.8745752573013306 -0.9632457494735718 0.8264418244361877 0.49538958072662354 0.26755020022392273 -0.6268502473831177 -0.5629723072052002 0.7207823395729065 0.40439459681510925 1.0812528133392334
1305031459.891596 0.00915631465613842 -0.5014507174491882 0.8651376962661743 -0.9637010097503662 0.8293936252593994 0.48710599541664124 0.2735580503940582 -0.6439734101295471 -0.5585895776748657 0.7150349617004395 0.42036008834838867 1.0843290090560913
1305031459.927607 0.009582020342350006 -0.505131185054779 0.8629893660545349 -0.9618163108825684 0.8328762054443359 0.4816334545612335 0.27266550064086914 -0.657674252986908 -0.5533764362335205 0.7161506414413452 0.4253268241882324 1.0926258563995361
1305031459.95965 0.00426638126373291 -0.5033100843429565 0.8640953898429871 -0.9677295684814453 0.833983838558197 0.4785834848880768 0.27464309334754944 -0.6721393465995789 -0.55177241563797 0.7194698452949524 0.4217942953109741 1.1100895404815674
1305031459.991725 0.00014637038111686707 -0.5111826658248901 0.8594721555709839 -0.9642001390457153 0.8361799120903015 0.47144457697868347 0.28025564551353455 -0.6841158866882324 -0.5484552383422852 0.7186322212219238 0.427509605884552 1.117759108543396
1305031460.027565 -0.00451140059158206 -0.5179632306098938 0.8553909063339233 -0.9595385789871216 0.8395103216171265 0.46280303597450256 0.28466781973838806 -0.6978527903556824 -0.5433250069618225 0.719393789768219 0.43274757266044617 1.118815302848816
1305031460.059659 -0.01100121159106493 -0.5169616341590881 0.8559378385543823 -0.9586632251739502 0.8395600318908691 0.4601882994174957 0.2887311279773712 -0.7152547836303711 -0.5431554913520813 0.7217875719070435 0.4289577305316925 1.1286849975585938
1305031460.091717 -0.015448625199496746 -0.5197259187698364 0.854193389415741 -0.9605845212936401 0.8469354510307312 0.44728589057922363 0.2874642610549927 -0.7364293932914734 -0.5314711928367615 0.7278876304626465 0.4332643747329712 1.136478304862976
1305031460.12769 -0.010646512731909752 -0.5179808735847473 0.8553258776664734 -0.9518495798110962 0.8579573035240173 0.4346224069595337 0.27388423681259155 -0.7455424070358276 -0.5136106014251709 0.7367491126060486 0.439778208732605 1.1495723724365234
1305031460.159678 -0.009902345016598701 -0.5203772187232971 0.8538791537284851 -0.9559819102287292 0.8735710382461548 0.41103294491767883 0.26062536239624023 -0.7619473338127136 -0.48659589886665344 0.7485048770904541 0.4505162239074707 1.1483899354934692
1305031460.191559 -0.007514593191444874 -0.5323301553726196 0.846503496170044 -0.9476089477539062 0.8842850923538208 0.3917061984539032 0.25417739152908325 -0.7687774896621704 -0.4668869376182556 0.7504604458808899 0.46778813004493713 1.1497853994369507
1305031460.227761 -0.01088434923440218 -0.5351616740226746 0.844679594039917 -0.9383697509765625 0.8875104188919067 0.38398516178131104 0.2547168433666229 -0.776233971118927 -0.46065905690193176 0.7524343729019165 0.4707821309566498 1.1502991914749146
1305031460.259667 -0.021102946251630783 -0.526110827922821 0.8501541614532471 -0.9328609108924866 0.8855510354042053 0.38486436009407043 0.2601516544818878 -0.7824366092681885 -0.4640626013278961 0.7583448886871338 0.45777618885040283 1.1532433032989502
1305031460.291689 -0.03691914305090904 -0.5200934410095215 0.8533111214637756 -0.9293889403343201 0.8799586892127991 0.38777175545692444 0.27441906929016113 -0.7953863143920898 -0.4736135005950928 0.761009931564331 0.44334447383880615 1.156938076019287
1305031460.327512 -0.0540444515645504 -0.511305034160614 0.8576982617378235 -0.9245471954345703 0.8772239685058594 0.3860345780849457 0.28540390729904175 -0.8046482801437378 -0.47702956199645996 0.767818033695221 0.42766597867012024 1.161372184753418
1305031460.35963 -0.07336830347776413 -0.5080162882804871 0.8582171201705933 -0.917165994644165 0.8739974498748779 0.38173195719718933 0.3006812036037445 -0.8117439150810242 -0.4803597927093506 0.7721400260925293 0.4159979224205017 1.1646418571472168
1305031460.391611 -0.09570692479610443 -0.5089781880378723 0.855442225933075 -0.9107672572135925 0.8688125610351562 0.3767049014568329 0.32133787870407104 -0.8210662007331848 -0.4858032763004303 0.773973286151886 0.4061533808708191 1.1652220487594604
1305031460.427477 -0.12227509915828705 -0.5038324594497681 0.8551033139228821 -0.9043294787406921 0.864963710308075 0.3684082627296448 0.3407536745071411 -0.831799328327179 -0.4867098927497864 0.7812991142272949 0.39074960350990295 1.1681411266326904
1305031460.45962 -0.1492503136396408 -0.49655091762542725 0.8550798296928406 -0.8962874412536621 0.8586682677268982 0.3637283742427826 0.36109623312950134 -0.8341131210327148 -0.49031946063041687 0.7881236672401428 0.3720858693122864 1.173073649406433
1305031460.491504 -0.18622027337551117 -0.4964093863964081 0.8478796482086182 -0.8973684906959534 0.8506894111633301 0.3503085970878601 0.3919330835342407 -0.8454521298408508 -0.49157875776290894 0.794268012046814 0.35705554485321045 1.1744139194488525
1305031460.52757 -0.2210826873779297 -0.49961164593696594 0.8375623822212219 -0.8896718621253967 0.8439146876335144 0.33243855834007263 0.42106127738952637 -0.8555446267127991 -0.4888051748275757 0.7999204993247986 0.3481331467628479 1.177377700805664
1305031460.559647 -0.24667058885097504 -0.5004231333732605 0.8298977017402649 -0.8816318511962891 0.8330470323562622 0.32806503772735596 0.4454277455806732 -0.8646476864814758 -0.49516287446022034 0.801217794418335 0.3359520435333252 1.1824167966842651
1305031460.591855 -0.26882824301719666 -0.4969539940357208 0.8250866532325745 -0.8775647878646851 0.8208512663841248 0.3299611210823059 0.46618548035621643 -0.8773603439331055 -0.5039193630218506 0.802597165107727 0.31922245025634766 1.1897493600845337
1305031460.627625 -0.2887627184391022 -0.4951429069042206 0.8194202780723572 -0.8696126937866211 0.8133782148361206 0.32458192110061646 0.4827653467655182 -0.8864378333091736 -0.5050068497657776 0.8059031963348389 0.3090113401412964 1.1915943622589111
1305031460.659764 -0.30360665917396545 -0.4898911416530609 0.8172084093093872 -0.8659037947654724 0.8033918738365173 0.3294813930988312 0.4959874749183655 -0.8974506855010986 -0.5122348666191101 0.807123601436615 0.29354193806648254 1.1987059116363525
1305031460.691671 -0.31747013330459595 -0.48898032307624817 0.8124722242355347 -0.8606406450271606 0.79559326171875 0.32886675000190735 0.5088006854057312 -0.9085450172424316 -0.5159884095191956 0.8079262971878052 0.2846241593360901 1.2094573974609375
1305031460.727675 -0.3236681818962097 -0.4959685206413269 0.8057631254196167 -0.853285551071167 0.7900710701942444 0.3268990218639374 0.5185797214508057 -0.9169621467590332 -0.5206023454666138 0.8044577836990356 0.28604358434677124 1.2126646041870117
1305031460.759667 -0.3305819034576416 -0.4964579939842224 0.8026488423347473 -0.8460550308227539 0.7826699018478394 0.331036776304245 0.5271077156066895 -0.9240046739578247 -0.5273929834365845 0.8024614453315735 0.2791280150413513 1.216475486755371
1305031460.79166 -0.34054091572761536 -0.49714112281799316 0.7980493307113647 -0.8403337001800537 0.7740061283111572 0.33365875482559204 0.5381324291229248 -0.9370030164718628 -0.5338038802146912 0.8009511232376099 0.2711658477783203 1.2247254848480225
1305031460.82766 -0.34084075689315796 -0.5030482411384583 0.7942103743553162 -0.8325728178024292 0.7683718800544739 0.3377065360546112 0.5436533689498901 -0.9421101808547974 -0.5416937470436096 0.795548141002655 0.2714241147041321 1.2308368682861328
1305031460.859714 -0.3462885916233063 -0.510677695274353 0.78695148229599 -0.8248786330223083 0.7595996260643005 0.33964717388153076 0.5546604990959167 -0.9487817287445068 -0.5505384802818298 0.789840579032898 0.270294725894928 1.2342147827148438
1305031460.891774 -0.35596704483032227 -0.5195280909538269 0.7767741084098816 -0.8149828910827637 0.7453030943870544 0.343611478805542 0.5713619589805603 -0.9604294300079346 -0.563746988773346 0.782318115234375 0.2648915946483612 1.2398815155029297
1305031460.927562 -0.3651585876941681 -0.5262805819511414 0.767911434173584 -0.802466869354248 0.7347411513328552 0.34361594915390015 0.5848791599273682 -0.9720996618270874 -0.5716771483421326 0.7777896523475647 0.26120564341545105 1.2493207454681396
1305031460.959649 -0.37023627758026123 -0.5350301861763 0.7593865394592285 -0.7888597846031189 0.731791615486145 0.3355537950992584 0.5931987762451172 -0.9816776514053345 -0.5721942782402039 0.7753363251686096 0.26729631423950195 1.2471474409103394
1305031460.991668 -0.3778308629989624 -0.532850980758667 0.7571748495101929 -0.7769602537155151 0.7276366949081421 0.3348064422607422 0.5987064838409424 -0.9915737509727478 -0.5725284218788147 0.7771579623222351 0.2612217664718628 1.2471191883087158
1305031461.02762 -0.38439640402793884 -0.5297667980194092 0.7560334801673889 -0.7652748823165894 0.7253263592720032 0.3333050012588501 0.6023367047309875 -1.001473307609558 -0.571087658405304 0.7799071073532104 0.2561325132846832 1.2498583793640137
1305031461.059662 -0.3871971666812897 -0.5232371687889099 0.7591450810432434 -0.7572413682937622 0.7245364785194397 0.3365273177623749 0.6014950275421143 -1.0102431774139404 -0.5701976418495178 0.7829254865646362 0.24880197644233704 1.255849003791809
1305031461.091728 -0.3815990090370178 -0.5240191221237183 0.7614368796348572 -0.750214159488678 0.7275776267051697 0.3377929627895355 0.5970985889434814 -1.009238362312317 -0.5700991749763489 0.7818565368652344 0.2523631751537323 1.2618510723114014
1305031461.127586 -0.378405898809433 -0.5308943390846252 0.7582613229751587 -0.7378681898117065 0.725619375705719 0.33847007155418396 0.5990948677062988 -1.01473069190979 -0.5747048854827881 0.7769099473953247 0.2571481466293335 1.2582566738128662
