1305031105.211268 0.999968945980072 0.005422861315310001 -0.005721024703234434 -0.004009951837360859 -0.005254197400063276 0.9995627403259277 0.029095634818077087 -0.004364781081676483 0.0058763050474226475 -0.029064668342471123 0.9995602369308472 0.00900987908244133
1305031105.24327 0.9998399019241333 0.009191733784973621 -0.01535099372267723 -0.006657526362687349 -0.008503740653395653 0.9989822506904602 0.04429680481553078 -0.0018920574802905321 0.015742534771561623 -0.0441591739654541 0.9989004731178284 0.015943072736263275
1305031105.275288 0.9994634389877319 0.012093888595700264 -0.03043593093752861 -0.005375105421990156 -0.010103011503815651 0.9978512525558472 0.06473635137081146 -0.0007496263133361936 0.031153442338109016 -0.06439412385225296 0.9974380731582642 0.016912316903471947
1305031105.31129 0.9989194273948669 0.00842506717890501 -0.0457039475440979 -0.007768792565912008 -0.005228107795119286 0.9975597858428955 0.06962302327156067 0.012864699587225914 0.046178992837667465 -0.06930884718894958 0.9965258240699768 0.03140123933553696
1305031105.343302 0.9982672333717346 0.002552027115598321 -0.05878818407654762 -0.010269374586641788 -0.0003898095164913684 0.9993239045143127 0.036761946976184845 0.056099459528923035 0.05884226784110069 -0.03667532652616501 0.997593343257904 0.041344042867422104
1305031105.375338 0.9974663853645325 0.004101724363863468 -0.07102058082818985 -0.009675980545580387 -0.0013566819252446294 0.9992516040802002 0.03865655139088631 0.05984487012028694 0.07112598419189453 -0.03846225515007973 0.9967254996299744 0.0499572716653347
1305031105.411286 0.9970594644546509 0.009391778148710728 -0.07605409622192383 -0.013935131952166557 -0.00491373473778367 0.9982544183731079 0.058854155242443085 0.05425867438316345 0.07647407799959183 -0.05830737575888634 0.9953651428222656 0.05411873385310173
1305031105.443316 0.9960120916366577 0.010615360923111439 -0.08858486264944077 -0.011795721016824245 -0.0050549861043691635 0.998015820980072 0.06275870651006699 0.06193839758634567 0.08907530456781387 -0.0620606355369091 0.9940896034240723 0.06486184895038605
1305031105.47528 0.996215283870697 0.014303609728813171 -0.08573567867279053 -0.020402949303388596 -0.00953340157866478 0.9983968734741211 0.05579191818833351 0.07355668395757675 0.08639627695083618 -0.054763395339250565 0.9947545528411865 0.07056257873773575
1305031105.511332 0.9957815408706665 0.013738525100052357 -0.09072203934192657 -0.020493939518928528 -0.008813435211777687 0.9984766840934753 0.05446680262684822 0.0827278345823288 0.09133214503526688 -0.05343746021389961 0.9943856000900269 0.07709089666604996
1305031105.543282 0.9952108860015869 0.020796485245227814 -0.09551286697387695 -0.017393194139003754 -0.00560735072940588 0.9876433610916138 0.15661779046058655 0.009470959194004536 0.09758972376585007 -0.15533217787742615 0.9830300807952881 0.08785033226013184
1305031105.575449 0.9949188232421875 0.02008119225502014 -0.0986570417881012 -0.017866918817162514 -0.004615426529198885 0.9879737496376038 0.15455272793769836 0.017119398340582848 0.10057415068149567 -0.153312087059021 0.9830464124679565 0.09563077986240387
1305031105.611378 0.994940996170044 0.018417518585920334 -0.09875795245170593 -0.01977282017469406 -0.003998104482889175 0.9895316958427429 0.14426012337207794 0.02957853302359581 0.1003810465335846 -0.14313550293445587 0.9845992922782898 0.10308676958084106
1305031105.643273 0.9947760701179504 0.012988227419555187 -0.10125115513801575 -0.019989974796772003 0.0010440917685627937 0.9905261397361755 0.13732002675533295 0.03705797344446182 0.1020754724740982 -0.13670840859413147 0.9853380918502808 0.11229301989078522
1305031105.675166 0.9945870041847229 0.010336983017623425 -0.10339178889989853 -0.019566847011446953 0.0025669510941952467 0.9922912120819092 0.12390106916427612 0.05154431611299515 0.103875532746315 -0.12349579483270645 0.9868934154510498 0.11891831457614899
1305031105.711309 0.9951197504997253 0.011630188673734665 -0.09798737615346909 -0.019687877967953682 -0.0011306933593004942 0.9943085312843323 0.10653232038021088 0.06325989961624146 0.098668672144413 -0.10590160638093948 0.9894691705703735 0.12685546278953552
1305031105.743312 0.9961690306663513 0.009778440929949284 -0.08690134435892105 -0.022203823551535606 -0.002373836934566498 0.9963861107826233 0.08490494638681412 0.07894834876060486 0.08741756528615952 -0.08437338471412659 0.9925920963287354 0.1332440823316574
1305031105.775339 0.9969333410263062 0.009564460255205631 -0.07767002284526825 -0.021741800010204315 -0.004027047660201788 0.9974581599235535 0.07113999128341675 0.09027326852083206 0.07815304398536682 -0.07060904800891876 0.9944376945495605 0.14253662526607513
1305031105.811283 0.997431755065918 0.0075837369076907635 -0.07122157514095306 -0.019572194665670395 -0.003521188162267208 0.9983681440353394 0.056994155049324036 0.09906841814517975 0.07153759896755219 -0.05659698694944382 0.9958308339118958 0.15144307911396027
1305031105.843271 0.9979808926582336 0.005374494940042496 -0.06328849494457245 -0.020049290731549263 -0.002866807859390974 0.999209463596344 0.0396474152803421 0.11041513085365295 0.06345157325267792 -0.039385922253131866 0.9972072839736938 0.16061842441558838
1305031105.875337 0.9985916018486023 -0.00032075669150799513 -0.05305487662553787 -0.01967773213982582 0.001438553910702467 0.999777615070343 0.021031849086284637 0.12518514692783356 0.05303635820746422 -0.021078523248434067 0.9983699917793274 0.1672372967004776
1305031105.911262 0.9989595413208008 -0.010027699172496796 -0.04448704794049263 -0.020516173914074898 0.010823536664247513 0.9997848868370056 0.01768464408814907 0.13267478346824646 0.044300127774477005 -0.01814771443605423 0.9988534450531006 0.1767684817314148
1305031105.943272 0.9988827705383301 -0.01652516797184944 -0.04427168890833855 -0.016346707940101624 0.01702963002026081 0.9997939467430115 0.011041916906833649 0.1429441273212433 0.044080086052417755 -0.011783475987613201 0.99895840883255 0.18443205952644348
1305031105.975329 0.998943030834198 -0.019894659519195557 -0.04143555834889412 -0.015880795195698738 0.020189402624964714 0.9997735619544983 0.006707065738737583 0.15350070595741272 0.04129273071885109 -0.007536489516496658 0.9991185665130615 0.1930597871541977
1305031106.011285 0.9987726211547852 -0.02544337883591652 -0.04249920696020126 -0.012120931409299374 0.025537034496665 0.9996723532676697 0.0016623663250356913 0.16443882882595062 0.042442984879016876 -0.002745535224676132 0.9990952610969543 0.20148295164108276
1305031106.043355 0.998779296875 -0.02843301184475422 -0.04039333015680313 -0.011832155287265778 0.028608379885554314 0.9995834231376648 0.0037702256813645363 0.1705411970615387 0.04026930406689644 -0.004921162500977516 0.9991768002510071 0.20985423028469086
1305031106.07533 0.9986796379089355 -0.03227493166923523 -0.039971724152565 -0.01211045403033495 0.032373834401369095 0.999474048614502 0.001829504151828587 0.17859084904193878 0.039891649037599564 -0.0031210710294544697 0.9991991519927979 0.21804247796535492
1305031106.111327 0.9989293813705444 -0.027674732729792595 -0.03707020729780197 -0.016016094014048576 0.03478562459349632 0.9776091575622559 0.20753371715545654 0.052435267716646194 0.030496738851070404 -0.20860101282596588 0.9775251746177673 0.20974789559841156
1305031106.143355 0.998684823513031 -0.03194153681397438 -0.0401037335395813 -0.01788206771016121 0.04000371694564819 0.9747099280357361 0.21986442804336548 0.055704016238451004 0.03206669166684151 -0.22117958962917328 0.974705696105957 0.21803702414035797
1305031106.175534 0.9985838532447815 -0.0329102948307991 -0.04179967939853668 -0.019816748797893524 0.04122179001569748 0.9753302335739136 0.2168681025505066 0.0639880821108818 0.03363129124045372 -0.218284010887146 0.9753056168556213 0.223466694355011
1305031106.211275 0.9984373450279236 -0.03239580616354942 -0.04553387686610222 -0.01947297714650631 0.042273204773664474 0.9707670211791992 0.2362717241048813 0.05655590444803238 0.03654857352375984 -0.2378273457288742 0.9706195592880249 0.227140873670578
1305031106.243267 0.9981192350387573 -0.03959069028496742 -0.04680322855710983 -0.02156877890229225 0.0492318831384182 0.9726054668426514 0.2271886169910431 0.06428198516368866 0.03652651980519295 -0.22906550765037537 0.972725510597229 0.23144936561584473
1305031106.276385 0.9977384805679321 -0.043669745326042175 -0.05109497159719467 -0.0218594241887331 0.053899019956588745 0.9740015864372253 0.22003595530986786 0.07295463979244232 0.04015766456723213 -0.22229233384132385 0.9741527438163757 0.2339337170124054
1305031106.311238 0.9973247647285461 -0.047129590064287186 -0.055875882506370544 -0.020954571664333344 0.05936809629201889 0.9682066440582275 0.24300482869148254 0.06423351168632507 0.04264668747782707 -0.24567203223705292 0.9684143662452698 0.2363647073507309
1305031106.343258 0.997234046459198 -0.048794329166412354 -0.056065816432237625 -0.023145146667957306 0.060713764280080795 0.9699047207832336 0.2357940375804901 0.07783365249633789 0.04287309572100639 -0.23854584991931915 0.9701843857765198 0.23630094528198242
1305031106.375388 0.9976453185081482 -0.03219778090715408 -0.06055670976638794 -0.01908763125538826 0.04687328636646271 0.9646551012992859 0.2593134939670563 0.07493249326944351 0.05006701499223709 -0.26154136657714844 0.9638928771018982 0.23842915892601013
1305031106.41132 0.9984531998634338 -0.021858233958482742 -0.05112176388502121 -0.018531711772084236 0.03558198735117912 0.9577334523200989 0.2854476869106293 0.06484530866146088 0.042721644043922424 -0.28682515025138855 0.9570298790931702 0.24115318059921265
1305031106.443278 0.9989112615585327 -0.013868539594113827 -0.04454052448272705 -0.019152887165546417 0.026449330151081085 0.9548636078834534 0.2958648204803467 0.05824903026223183 0.03842690959572792 -0.29672080278396606 0.9541907906532288 0.24172353744506836
1305031106.475345 0.9988794922828674 -0.011047889478504658 -0.04602033272385597 -0.0199543759226799 0.024486955255270004 0.9527484774589539 0.30277174711227417 0.05262349545955658 0.040500812232494354 -0.3035593628883362 0.9519513845443726 0.24079090356826782
1305031106.511129 0.9984952807426453 -0.01003237720578909 -0.053911298513412476 -0.019752521067857742 0.02647377923130989 0.9491548538208008 0.3136942982673645 0.04133882746100426 0.048023074865341187 -0.3146495223045349 0.9479923248291016 0.2390374094247818
1305031106.543302 0.998464822769165 -0.007235349155962467 -0.05491326004266739 -0.022789759561419487 0.022289888933300972 0.9600945115089417 0.2787860929965973 0.05734364688396454 0.05070480704307556 -0.279582142829895 0.9587819576263428 0.23230290412902832
1305031106.575282 0.9982901811599731 -0.004666770342737436 -0.05826587975025177 -0.02247794345021248 0.020941471680998802 0.9591940641403198 0.28197184205055237 0.049248866736888885 0.05457238480448723 -0.28270989656448364 0.9576517939567566 0.22601431608200073
1305031106.611151 0.9980335831642151 0.0019526525866240263 -0.06265189498662949 -0.023299340158700943 0.016118571162223816 0.9579085111618042 0.2866209149360657 0.04382392764091492 0.060574449598789215 -0.28706714510917664 0.9559932351112366 0.218189999461174
1305031106.643207 0.9978029727935791 0.00801928248256445 -0.06576370447874069 -0.024231163784861565 0.012228468433022499 0.9532981514930725 0.30178311467170715 0.030157800763845444 0.06511251628398895 -0.30192428827285767 0.9511057138442993 0.21405497193336487
1305031106.675279 0.9976316094398499 0.007069818675518036 -0.06841868162155151 -0.02649104595184326 0.013760805130004883 0.9540796279907227 0.29923686385154724 0.026148591190576553 0.06739241629838943 -0.2994696795940399 0.9517226815223694 0.20405630767345428
1305031106.711508 0.9964030981063843 0.009801007807254791 -0.08417074382305145 -0.024212734773755074 0.018036114051938057 0.946000337600708 0.32366353273391724 0.010227099061012268 0.08279778808355331 -0.3240174651145935 0.9424209594726562 0.20151522755622864
1305031106.743341 0.9956144094467163 0.009403521195054054 -0.09307761490345001 -0.02621951326727867 0.021931082010269165 0.9437492489814758 0.3299340307712555 3.167241811752319e-05 0.09094448387622833 -0.3305283486843109 0.9394041895866394 0.1925981640815735
1305031106.77539 0.9944655299186707 0.011815844103693962 -0.10439551621675491 -0.025424089282751083 0.024593066424131393 0.9398686289787292 0.3406497538089752 -0.012461062520742416 0.10214313864707947 -0.3413318693637848 0.9343764781951904 0.18459157645702362
1305031106.811289 0.9938716292381287 0.013359487988054752 -0.10972926020622253 -0.02600322663784027 0.026124577969312668 0.936160683631897 0.35060030221939087 -0.022493842989206314 0.1074080765247345 -0.3513183295726776 0.9300747513771057 0.17575165629386902
1305031106.843416 0.992451012134552 0.019908644258975983 -0.12101487815380096 -0.02298802323639393 0.026357486844062805 0.9290547966957092 0.36900201439857483 -0.04021873325109482 0.11977578699588776 -0.3694061040878296 0.9215165972709656 0.1720908135175705
1305031106.875905 0.9919322729110718 0.02949005551636219 -0.12329146265983582 -0.022995799779891968 0.018641576170921326 0.92806077003479 0.3719619810581207 -0.05500928312540054 0.1253911703824997 -0.3712594509124756 0.9200236201286316 0.16451016068458557
1305031106.911243 0.9922702312469482 0.0356941744685173 -0.11885170638561249 -0.0234997421503067 0.01143835298717022 0.9273560643196106 0.37400516867637634 -0.0649840235710144 0.12356765568256378 -0.3724736273288727 0.9197795987129211 0.15313920378684998
1305031106.943439 0.9921534657478333 0.046091414988040924 -0.11622002720832825 -0.023111160844564438 0.002535490784794092 0.921957790851593 0.38728201389312744 -0.08236782252788544 0.12500035762786865 -0.38453787565231323 0.9146067500114441 0.1488349437713623
1305031106.975547 0.9927474856376648 0.05395666882395744 -0.1074308231472969 -0.025929398834705353 -0.008223782293498516 0.9220091104507446 0.3870807886123657 -0.09674744307994843 0.11993781477212906 -0.383389949798584 0.9157659411430359 0.14153407514095306
1305031107.011576 0.9933230876922607 0.05982186645269394 -0.0986439511179924 -0.027291525155305862 -0.016508394852280617 0.9199592471122742 0.3916662931442261 -0.11318360269069672 0.11417864263057709 -0.38742274045944214 0.9148043394088745 0.13085445761680603
1305031107.043281 0.9935851693153381 0.06426868587732315 -0.0930490717291832 -0.0276001188904047 -0.021461745724081993 0.915022075176239 0.4028324782848358 -0.12629085779190063 0.11103148758411407 -0.39825141429901123 0.9105316996574402 0.12646499276161194
1305031107.075432 0.9935122728347778 0.0665246769785881 -0.09223833680152893 -0.027868930250406265 -0.022064650431275368 0.908406674861908 0.4175049364566803 -0.14968770742416382 0.11156433075666428 -0.41276106238365173 0.90398108959198 0.1269763708114624
1305031107.111229 0.9927579164505005 0.05812902748584747 -0.10513243824243546 -0.018177455291152 -0.03529668599367142 0.9776507616043091 0.20725125074386597 0.008297883905470371 0.1148301213979721 -0.20203949511051178 0.972622275352478 0.09606408327817917
1305031107.14326 0.9932236075401306 0.05816347524523735 -0.10061822831630707 -0.018701443448662758 -0.03606878221035004 0.9772754311561584 0.20888231694698334 0.002642422914505005 0.11048105359077454 -0.20383764803409576 0.9727508425712585 0.08567871898412704
1305031107.175399 0.9931240677833557 0.05822563171386719 -0.10155801475048065 -0.0148157998919487 -0.036558639258146286 0.9784045815467834 0.20343993604183197 0.0011152327060699463 0.11121025681495667 -0.19832830131053925 0.9738059639930725 0.0779409110546112
1305031107.211358 0.9940410852432251 0.06261160969734192 -0.08922907710075378 -0.020189987495541573 -0.04364296793937683 0.9787091612815857 0.2005583494901657 -0.010418251156806946 0.09988658875226974 -0.19546905159950256 0.9756097793579102 0.0691528245806694
1305031107.243378 0.9946627020835876 0.06303438544273376 -0.08168569207191467 -0.02040191739797592 -0.04578859359025955 0.9791297316551208 0.19801059365272522 -0.01974267140030861 0.09246236085891724 -0.19321347773075104 0.9767902493476868 0.061455246061086655
1305031107.275398 0.9951223731040955 0.06481079012155533 -0.0743696317076683 -0.02019636705517769 -0.04854763671755791 0.9780325293540955 0.20272000133991241 -0.035300999879837036 0.08587437123060226 -0.19812075793743134 0.9764085412025452 0.05625210329890251
1305031107.311226 0.9949207305908203 0.06086732819676399 -0.08017061650753021 -0.009447062388062477 -0.047746896743774414 0.9865301847457886 0.15645469725131989 -0.011220840737223625 0.08861371129751205 -0.15183214843273163 0.9844259023666382 0.05000508204102516
1305031107.343509 0.9962358474731445 0.055344339460134506 -0.06671366095542908 -0.013319961726665497 -0.04650923237204552 0.9907611012458801 0.12739300727844238 -0.007697273977100849 0.07314776629209518 -0.12381069362163544 0.9896060228347778 0.041528671979904175
1305031107.375413 0.9967906475067139 0.0551159642636776 -0.058053769171237946 -0.011721262708306313 -0.04816436395049095 0.9921970367431641 0.11499886959791183 -0.01183936558663845 0.06393904983997345 -0.11183367669582367 0.9916676878929138 0.03485245257616043
1305031107.411271 0.9971897006034851 0.05649842694401741 -0.04919663071632385 -0.00984667893499136 -0.05086139962077141 0.9927250146865845 0.10913228988647461 -0.018831580877304077 0.055004507303237915 -0.10632337629795074 0.992808997631073 0.03030611015856266
1305031107.443419 0.99797123670578 0.055035900324583054 -0.03200763463973999 -0.017389310523867607 -0.05373464897274971 0.9977462291717529 0.04018542170524597 0.02852102369070053 0.03414713963866234 -0.03838397189974785 0.9986794590950012 0.02647184394299984
1305031107.475377 0.9983343482017517 0.053685929626226425 -0.02112658880650997 -0.018085841089487076 -0.05296415835618973 0.9980390667915344 0.03335709124803543 0.029046429321169853 0.022875960916280746 -0.03218257427215576 0.9992201924324036 0.02563481219112873
1305031107.511352 0.9985502362251282 0.05271860584616661 -0.01087280549108982 -0.019680291414260864 -0.05235704407095909 0.9981402158737183 0.031218089163303375 0.029317891225218773 0.012498356401920319 -0.03060355968773365 0.9994534254074097 0.02211674302816391
1305031107.543605 0.9987745881080627 0.049418505281209946 -0.002685602754354477 -0.02065417729318142 -0.04928749054670334 0.9981145858764648 0.03657916188240051 0.028774810954928398 0.004488226026296616 -0.03640196844935417 0.9993271827697754 0.022628657519817352
1305031107.575454 0.9989604949951172 0.0455826073884964 -0.0004026973620057106 -0.018015513196587563 -0.04554139822721481 0.9983628392219543 0.034602053463459015 0.029153138399124146 0.001979290507733822 -0.03454774245619774 0.9994010329246521 0.023908330127596855
1305031107.611271 0.9990224242210388 0.04414783790707588 0.002255855593830347 -0.016785310581326485 -0.04420142248272896 0.998317539691925 0.037522077560424805 0.02744004689157009 -0.00059554073959589 -0.03758511319756508 0.9992932081222534 0.022186867892742157
1305031107.643323 0.9990950226783752 0.04245578497648239 0.0025560164358466864 -0.01398287434130907 -0.04252951219677925 0.9979462623596191 0.047899212688207626 0.024859298020601273 -0.0005171678494662046 -0.04796457290649414 0.9988488554954529 0.023668793961405754
1305031107.675568 0.9991457462310791 0.04095780476927757 0.005506799556314945 -0.015451258048415184 -0.04117736965417862 0.9979700446128845 0.04857996478676796 0.026387592777609825 -0.003505892585963011 -0.048765212297439575 0.9988040328025818 0.025260906666517258
1305031107.711307 0.9992395639419556 0.0331377238035202 -0.020546605810523033 0.006260969210416079 -0.03102528490126133 0.9949201345443726 0.09576727449893951 -0.007422639522701502 0.02361574023962021 -0.09505698829889297 0.9951916933059692 0.029298672452569008
1305031107.743538 0.9992091655731201 0.03260529786348343 -0.02275976352393627 0.006041722372174263 -0.030073655769228935 0.9941354393959045 0.10387647151947021 -0.007550795562565327 0.02601321041584015 -0.10310985147953033 0.9943298101425171 0.02774253487586975
1305031107.775802 0.9986952543258667 0.035956066101789474 -0.0362628735601902 0.012890180572867393 -0.03192538022994995 0.993833601474762 0.10618632286787033 -0.004557410720735788 0.03985730558633804 -0.10489007085561752 0.9936847686767578 0.030721215531229973
1305031107.811596 0.9986777305603027 0.03624079003930092 -0.03646128624677658 0.010458070784807205 -0.0321139320731163 0.9936299920082092 0.1080179214477539 -0.0016352797392755747 0.0401436910033226 -0.10670417547225952 0.9934800863265991 0.03059423342347145
1305031107.843332 0.9987831115722656 0.0373372919857502 -0.03222169727087021 0.006026301998645067 -0.03338739648461342 0.9927524328231812 0.11544725298881531 -0.002991999499499798 0.03629865124821663 -0.11423098295927048 0.9927908778190613 0.03268489986658096
1305031107.875358 0.9985870122909546 0.04600915312767029 -0.026591651141643524 0.004090700298547745 -0.04271503537893295 0.9926310181617737 0.11339768022298813 -0.0005903961136937141 0.031613025814294815 -0.11210158467292786 0.9931938052177429 0.03587935119867325
1305031107.911541 0.9986171722412109 0.05038294196128845 -0.015008131042122841 0.0010859670583158731 -0.04836029186844826 0.9923537373542786 0.11355752497911453 -0.0019106962718069553 0.020614732056856155 -0.11267470568418503 0.9934180974960327 0.03782035410404205
1305031107.943122 0.9986807107925415 0.05131964758038521 -0.001801973208785057 -0.0018943393370136619 -0.05081242322921753 0.9926625490188599 0.10972226411104202 -0.0018577896989881992 0.007419664412736893 -0.1094859391450882 0.9939606785774231 0.04052138701081276
1305031107.975807 0.997319221496582 0.06118817999958992 0.040132682770490646 -0.025544974952936172 -0.06308037787675858 0.9968673586845398 0.047711148858070374 0.04089884087443352 -0.03708760812878609 -0.05011482536792755 0.9980546236038208 0.03244968503713608
1305031108.01132 0.9963101148605347 0.06797991693019867 0.05239221826195717 -0.024477846920490265 -0.06989797204732895 0.9969154596328735 0.0356891006231308 0.043958328664302826 -0.049804478883743286 -0.03921952098608017 0.9979887008666992 0.03574695065617561
1305031108.043418 0.9949560165405273 0.05976475030183792 0.08056613802909851 -0.030384153127670288 -0.0631418377161026 0.9972009658813477 0.04004022851586342 0.03713357821106911 -0.07794764637947083 -0.044925350695848465 0.9959447383880615 0.034740839153528214
1305031108.075352 0.994927704334259 0.04989391937851906 0.08734633773565292 -0.014908027835190296 -0.05343005433678627 0.9978243708610535 0.038624249398708344 0.03602951020002365 -0.08522918820381165 -0.04309525713324547 0.9954289793968201 0.03752654790878296
1305031108.111378 0.9987102746963501 0.03676054626703262 0.03501997888088226 0.04136738181114197 -0.03977228328585625 0.9951843023300171 0.08959115296602249 -0.006417284719645977 -0.03155791014432907 -0.09086843580007553 0.9953627586364746 0.04652639105916023
1305031108.143334 0.9982498288154602 0.036033790558576584 0.04689306393265724 0.04350455105304718 -0.03995390236377716 0.9955335855484009 0.08553773909807205 -0.005443247500807047 -0.04360136389732361 -0.08726158738136292 0.9952307939529419 0.04731369391083717
1305031108.176058 0.9980288147926331 0.029081784188747406 0.05561221390962601 0.04850061610341072 -0.03421139717102051 0.9950189590454102 0.09363113343715668 -0.007472332566976547 -0.052612245082855225 -0.09534913301467896 0.994052529335022 0.046167921274900436
1305031108.211475 0.9890921711921692 0.04756336286664009 0.1394076645374298 -0.009151882492005825 -0.05259969085454941 0.9980812072753906 0.03266560286283493 0.044624678790569305 -0.13758650422096252 -0.0396420881152153 0.989696204662323 0.04348558187484741
1305031108.243347 0.9876959919929504 0.05240444093942642 0.14734411239624023 -0.0031150574795901775 -0.05799451842904091 0.9977413415908813 0.03389950469136238 0.042658425867557526 -0.14523479342460632 -0.04202756658196449 0.98850417137146 0.04937158524990082
1305031108.275358 0.986443281173706 0.04983222112059593 0.15635231137275696 0.0023200050927698612 -0.056514620780944824 0.997655987739563 0.038586437702178955 0.04014872387051582 -0.1540629267692566 -0.04689953476190567 0.9869472980499268 0.04358450695872307
1305031108.311332 0.9855290055274963 0.04561794549226761 0.1632528007030487 0.004496059846132994 -0.053893350064754486 0.9974576830863953 0.04662400111556053 0.041044436395168304 -0.16071085631847382 -0.054747551679611206 0.9854819774627686 0.04625224322080612
1305031108.343278 0.9860224723815918 0.039714254438877106 0.16180895268917084 0.0094075258821249 -0.04968515411019325 0.997076690196991 0.05804707109928131 0.04170072823762894 -0.15903063118457794 -0.06527522951364517 0.9851134419441223 0.0434563010931015
1305031108.37541 0.9933256506919861 0.025444086641073227 0.11250234395265579 0.0540260411798954 -0.033580128103494644 0.996908962726593 0.07102574408054352 0.0423995777964592 -0.11034741997718811 -0.07432951778173447 0.9911097288131714 0.055217206478118896
1305031108.411361 0.9933746457099915 0.013436216861009598 0.11413270980119705 0.054313335567712784 -0.02297474816441536 0.9963117241859436 0.08267460763454437 0.04196447134017944 -0.1126008927822113 -0.0847490206360817 0.9900195002555847 0.057533614337444305
1305031108.44361 0.9933241605758667 0.0003996908199042082 0.11535614728927612 0.05831979215145111 -0.011033677496016026 0.9957383871078491 0.09156021475791931 0.04224487394094467 -0.1148279532790184 -0.09222176671028137 0.9890953898429871 0.05810943990945816
1305031108.475471 0.9925393462181091 -0.011255772784352303 0.12140412628650665 0.0600476935505867 -0.0009198083425872028 0.9950100183486938 0.09977047145366669 0.04096028581261635 -0.12192130833864212 -0.09913778305053711 0.9875761866569519 0.058842260390520096
1305031108.511378 0.9906136989593506 -0.019819222390651703 0.13524599373340607 0.06151216849684715 0.0068563478998839855 0.9953917264938354 0.09564715623855591 0.04216025769710541 -0.13651837408542633 -0.09382210671901703 0.9861845970153809 0.06127462908625603
1305031108.543737 0.9873644113540649 -0.005703357979655266 0.15836282074451447 0.06274740397930145 -0.009186352603137493 0.9956114292144775 0.09313175827264786 0.037488408386707306 -0.1581989824771881 -0.09340978413820267 0.9829789400100708 0.0647103488445282
1305031108.575414 0.9846276640892029 -0.010541173629462719 0.1743474304676056 0.06586333364248276 -0.003421499626711011 0.9968218207359314 0.07959147542715073 0.04184964299201965 -0.17463228106498718 -0.07896453887224197 0.9814622402191162 0.05870632827281952
1305031108.611407 0.9807537794113159 -0.010269133374094963 0.19497746229171753 0.06586155295372009 -0.0060166786424815655 0.9965521693229675 0.08275113999843597 0.04075944051146507 -0.19515497982501984 -0.08233162760734558 0.9773105978965759 0.06019304320216179
1305031108.643303 0.9780985116958618 -0.011772045865654945 0.2078094482421875 0.07382094115018845 -0.004525586497038603 0.996960461139679 0.0777767226099968 0.045594677329063416 -0.20809341967105865 -0.07701374590396881 0.9750722050666809 0.06634651124477386
1305031108.675375 0.9731876254081726 -0.02191823162138462 0.228965625166893 0.07530481368303299 0.00238818465732038 0.9963585734367371 0.08522795140743256 0.046086784452199936 -0.22999989986419678 -0.08239597082138062 0.9696962237358093 0.0696810930967331
1305031108.711411 0.9669361114501953 -0.03235439583659172 0.25295817852020264 0.07531563192605972 0.009742217138409615 0.9958816170692444 0.09013763815164566 0.04829344153404236 -0.25483274459838867 -0.08469295501708984 0.963269054889679 0.07202452421188354
1305031108.743502 0.9595502018928528 -0.039103150367736816 0.2788086235523224 0.06459719687700272 0.012700197286903858 0.995311439037323 0.09588419646024704 0.04551660269498825 -0.28125080466270447 -0.08846474438905716 0.9555479288101196 0.06623481214046478
1305031108.775493 0.9556062817573547 -0.03833132982254028 0.29214271903038025 0.06454718112945557 0.010246867313981056 0.9952254295349121 0.09706331044435501 0.04574932903051376 -0.2944684326648712 -0.08976075053215027 0.9514363408088684 0.06700288504362106
1305031108.811244 0.9517137408256531 -0.04613613337278366 0.30350029468536377 0.06350027769804001 0.015389513224363327 0.9945695400238037 0.10292970389127731 0.04416018724441528 -0.3066008985042572 -0.0932888612151146 0.9472554922103882 0.0648844838142395
1305031108.843264 0.9517682194709778 -0.052845001220703125 0.30223286151885986 0.06494437158107758 0.0234210342168808 0.9946950674057007 0.10016540437936783 0.04440300166606903 -0.3059227764606476 -0.0882556214928627 0.9479568004608154 0.06468469649553299
1305031108.876515 0.9520006775856018 -0.06958244740962982 0.2980823218822479 0.06491000205278397 0.04179493337869644 0.9942482113838196 0.09860840439796448 0.04419912025332451 -0.3032292127609253 -0.08141692727804184 0.9494331479072571 0.0641990453004837
1305031108.911364 0.9539220929145813 -0.07477355003356934 0.2905884385108948 0.06512240320444107 0.05066397786140442 0.9946852922439575 0.08963420242071152 0.04473677650094032 -0.2957463264465332 -0.07078167051076889 0.9526405334472656 0.06363552808761597
1305031108.943243 0.9563872218132019 -0.07535118609666824 0.28221607208251953 0.06601813435554504 0.05470506474375725 0.9952645897865295 0.08034674823284149 0.04438502714037895 -0.28693386912345886 -0.06140393018722534 0.9559803605079651 0.0630335733294487
1305031108.975268 0.9605059027671814 -0.07089366018772125 0.2690774202346802 0.06540629267692566 0.05237189307808876 0.995776355266571 0.07540848851203918 0.04399888962507248 -0.27328693866729736 -0.05833817645907402 0.9601619243621826 0.06207574903964996
1305031109.011269 0.9631182551383972 -0.06954154372215271 0.25993743538856506 0.06566893309354782 0.0510062575340271 0.9956949949264526 0.07739216089248657 0.0440220944583416 -0.264200359582901 -0.06127934157848358 0.9625190496444702 0.06190994381904602
1305031109.043277 0.9654924869537354 -0.06347028911113739 0.2525787949562073 0.06554844975471497 0.04601011425256729 0.9961627125740051 0.07444934546947479 0.04411613196134567 -0.25633493065834045 -0.06025908142328262 0.9647078514099121 0.06125597655773163
1305031109.07541 0.9685123562812805 -0.05831121653318405 0.24204060435295105 0.06739652156829834 0.04084078222513199 0.9962263107299805 0.07658367604017258 0.04594874382019043 -0.24559292197227478 -0.06428710371255875 0.9672389626502991 0.06135667860507965
1305031109.111282 0.9714188575744629 -0.054879169911146164 0.23094116151332855 0.06755886226892471 0.03598714619874954 0.9957103729248047 0.08523888140916824 0.04544562101364136 -0.234628364443779 -0.07449173927307129 0.9692267775535583 0.061794474720954895
1305031109.143334 0.9771919846534729 -0.044759370386600494 0.20758728682994843 0.07390186190605164 0.027812402695417404 0.9960900545120239 0.08385057747364044 0.045809488743543625 -0.21052876114845276 -0.07616458833217621 0.9746161103248596 0.06531081348657608
1305031109.175464 0.9807454347610474 -0.039640042930841446 0.1912250816822052 0.07121293246746063 0.023898150771856308 0.9961844682693481 0.08393663913011551 0.04629039764404297 -0.1938227266073227 -0.07775053381919861 0.9779506921768188 0.061979588121175766
1305031109.211379 0.9691760540008545 -0.05737600848078728 0.23959507048130035 0.013641572557389736 0.03487011045217514 0.9946597218513489 0.09714028239250183 0.04600931704044342 -0.24388904869556427 -0.08579131960868835 0.9660009741783142 0.0465775802731514
1305031109.24329 0.9715280532836914 -0.07378405332565308 0.22514240443706512 0.012942378409206867 0.048523448407649994 0.9920932054519653 0.11574346572160721 0.045763686299324036 -0.23190224170684814 -0.10152333974838257 0.967426598072052 0.04638608545064926
1305031109.275308 0.9754331111907959 -0.07984175533056259 0.20531833171844482 0.013112926855683327 0.05666894093155861 0.9915878176689148 0.11637218296527863 0.04582349583506584 -0.21288245916366577 -0.1018780991435051 0.9717519283294678 0.04853178560733795
1305031109.311329 0.9815841913223267 -0.07940786331892014 0.17374368011951447 0.014490503817796707 0.06018313765525818 0.9917416572570801 0.11325468122959137 0.044572554528713226 -0.18130217492580414 -0.10071256756782532 0.97825688123703 0.04780227318406105
1305031109.343248 0.9962661862373352 -0.08232427388429642 0.026002224534749985 0.10171186178922653 0.07710811495780945 0.9839565753936768 0.16088327765464783 0.015403788536787033 -0.03882963955402374 -0.15827761590480804 0.9866307377815247 0.060303956270217896
1305031109.375397 0.9968169331550598 -0.07972245663404465 -0.00011581182479858398 0.10128869861364365 0.078653983771801 0.983218252658844 0.1646064966917038 0.015146748162806034 -0.01300898753106594 -0.16409170627593994 0.986359179019928 0.060478564351797104
1305031109.411329 0.9971626996994019 -0.07112263888120651 -0.024656115099787712 0.1012546569108963 0.0742272362112999 0.9835026264190674 0.16496236622333527 0.015364890918135643 0.012516804039478302 -0.16632449626922607 0.9859915375709534 0.060683708637952805
1305031109.443302 0.9949819445610046 -0.05990792438387871 0.08013749122619629 0.009811457246541977 0.04877100884914398 0.9897328615188599 0.1343514323234558 0.04447994753718376 -0.08736343681812286 -0.12976887822151184 0.9876880645751953 0.047098927199840546
1305031109.475363 0.9981667399406433 -0.054342035204172134 -0.026648854836821556 0.07878908514976501 0.058272890746593475 0.9818431735038757 0.18052178621292114 0.012467444874346256 0.016355060040950775 -0.18174372613430023 0.9832099080085754 0.05757739394903183
1305031109.511273 0.9982103109359741 -0.04602576047182083 -0.038183167576789856 0.07686643302440643 0.05215872824192047 0.9823927879333496 0.17939846217632294 0.011848573572933674 0.029253916814923286 -0.18106894195079803 0.9830352663993835 0.05787742882966995
1305031109.543294 0.9979649186134338 -0.042808011174201965 -0.047259919345378876 0.07408030331134796 0.05035477131605148 0.9837709069252014 0.17221826314926147 0.01309502124786377 0.03912060707807541 -0.17424753308296204 0.9839245676994324 0.05682092905044556
1305031109.575362 0.9976378679275513 -0.04116753861308098 -0.05499126389622688 0.07246989011764526 0.05014561116695404 0.9835727214813232 0.17340737581253052 0.012021198868751526 0.046949151903390884 -0.1757553219795227 0.9833136796951294 0.05499456450343132
1305031109.61131 0.9974199533462524 -0.0342366062104702 -0.06309778243303299 0.06967005133628845 0.04477762058377266 0.983715832233429 0.17406313121318817 0.01209090556949377 0.056110966950654984 -0.17643938958644867 0.9827108383178711 0.0535382404923439
1305031109.643229 0.9968406558036804 -0.03367464244365692 -0.07193662971258163 0.06724672019481659 0.0459902323782444 0.9831210374832153 0.17708177864551544 0.012327923439443111 0.0647592544555664 -0.17983070015907288 0.9815636277198792 0.05598493292927742
1305031109.675263 0.997898280620575 -0.03898134082555771 -0.05176379531621933 0.04667036980390549 0.04876728728413582 0.977799654006958 0.20378807187080383 -0.0038561085239052773 0.04267069697380066 -0.2058841735124588 0.9776455163955688 0.047303251922130585
1305031109.711312 0.9986069798469543 -0.036415088921785355 -0.0381842702627182 0.022263383492827415 0.04277000203728676 0.9824392199516296 0.18161457777023315 0.01617821492254734 0.03090021386742592 -0.1829947680234909 0.9826281070709229 0.04774508252739906
1305031109.743274 0.9982882738113403 -0.032757360488176346 -0.04845065250992775 0.01924898847937584 0.04153463989496231 0.9803197383880615 0.1929977387189865 0.014665205031633377 0.041175030171871185 -0.19467979669570923 0.9800021648406982 0.04789735749363899
1305031109.775277 0.9976262450218201 -0.034956324845552444 -0.05932919681072235 0.01743091270327568 0.046199195086956024 0.9786601066589355 0.20022474229335785 0.014302169904112816 0.05106399953365326 -0.2024904489517212 0.9779518842697144 0.05023512616753578
1305031109.811371 0.9969713091850281 -0.034301482141017914 -0.06979624927043915 0.015543675050139427 0.04799382761120796 0.977558970451355 0.20512229204177856 0.01445186696946621 0.06119393929839134 -0.2078508585691452 0.9762444496154785 0.049812741577625275
1305031109.843296 0.9959468245506287 -0.034008897840976715 -0.08326791226863861 0.01539043802767992 0.05107659101486206 0.9758585691452026 0.21234704554080963 0.014042843133211136 0.07403601706027985 -0.2157393842935562 0.9736402034759521 0.04814884066581726
1305031109.875306 0.998467206954956 -0.02009868435561657 -0.051569465547800064 -0.019442593678832054 0.03382281959056854 0.9590919017791748 0.2810671925544739 -0.036838311702013016 0.04381076991558075 -0.282380610704422 0.9583015441894531 0.045212522149086
1305031109.911265 0.9980692863464355 -0.011762777343392372 -0.06098572909832001 -0.029493257403373718 0.027365265414118767 0.9647413492202759 0.26177269220352173 -0.018660666421055794 0.05575630068778992 -0.26293614506721497 0.9632006287574768 0.042991433292627335
1305031109.943299 0.9970983862876892 -0.008247513324022293 -0.07567677646875381 -0.03125840798020363 0.028029076755046844 0.9640498161315918 0.26423874497413635 -0.015201611444354057 0.07077689468860626 -0.26559311151504517 0.9614835381507874 0.045246392488479614
1305031109.975258 0.9961652159690857 -0.0026561017148196697 -0.08745189011096954 -0.03216724842786789 0.02678559720516205 0.9608034491539001 0.2759334146976471 -0.017268702387809753 0.0832911878824234 -0.27721768617630005 0.9571899175643921 0.04530646651983261
1305031110.011256 0.9954378604888916 0.010811771266162395 -0.09479895979166031 -0.03593657910823822 0.01676853932440281 0.9582710266113281 0.2853686213493347 -0.020308323204517365 0.09392845630645752 -0.28565630316734314 0.9537177681922913 0.04412074387073517
1305031110.043299 0.9943956732749939 0.024732202291488647 -0.10278931260108948 -0.03778496012091637 0.006042224355041981 0.9573684334754944 0.2888062596321106 -0.01950443536043167 0.10555008053779602 -0.2878086566925049 0.9518534541130066 0.04399353265762329
1305031110.075319 0.9927756786346436 0.03073609434068203 -0.11598193645477295 -0.037336379289627075 0.004538528621196747 0.9563215970993042 0.2922811508178711 -0.018168188631534576 0.11989961564540863 -0.2906959354877472 0.9492732882499695 0.046304166316986084
1305031110.111325 0.9948446750640869 0.05365258455276489 -0.08605389297008514 -0.06913988292217255 -0.03065766952931881 0.9679933190345764 0.24909643828868866 0.023295387625694275 0.09666427969932556 -0.24517406523227692 0.9646480083465576 0.056574463844299316
1305031110.143432 0.9930065274238586 0.05865751951932907 -0.10245563089847565 -0.06981959939002991 -0.03117884323000908 0.9673234820365906 0.2516210973262787 0.022476140409708023 0.11386719346046448 -0.24666693806648254 0.9623875617980957 0.05763581395149231
1305031110.175641 0.9916430115699768 0.06074436381459236 -0.11381608247756958 -0.07209206372499466 -0.029564395546913147 0.9657366275787354 0.25783464312553406 0.022244811058044434 0.125578373670578 -0.25231504440307617 0.9594619274139404 0.05594922974705696
1305031110.211637 0.9892796874046326 0.06507577002048492 -0.13073113560676575 -0.07190361618995667 -0.028572535142302513 0.9641726613044739 0.2637324333190918 0.02222110889852047 0.14320999383926392 -0.25716981291770935 0.9556959271430969 0.05687045678496361
1305031110.243323 0.9827507138252258 0.05216263607144356 -0.17742569744586945 -0.05379181355237961 0.007713825907558203 0.9469996690750122 0.3211416006088257 -0.023403799161314964 0.18477366864681244 -0.31697073578834534 0.9302623271942139 0.051949694752693176
1305031110.279321 0.9794201850891113 0.05063149333000183 -0.1953776329755783 -0.053402457386255264 0.014116423204541206 0.9484681487083435 0.3165575861930847 -0.023232461884617805 0.20133724808692932 -0.31280094385147095 0.9282341599464417 0.053474679589271545
