1305031453.359684 1.0 0.0 0.0 0.0 0.0 1.0 0.0 0.0 0.0 0.0 1.0 0.0
1305031453.39169 0.9996326565742493 -0.024101393297314644 0.01239691860973835 0.0020991771016269922 0.02408774383366108 0.9997090697288513 0.0012490908848121762 0.0045232209376990795 -0.012423417530953884 -0.0009500181768089533 0.9999223947525024 -0.009482834488153458
1305031453.423683 0.9989016652107239 -0.04267487674951553 0.019346993416547775 0.007639003451913595 0.04268937557935715 0.9990883469581604 -0.00033692436409182847 0.006513277534395456 -0.019314976409077644 0.0011624654289335012 0.9998127818107605 -0.017856230959296227
1305031453.459685 0.9976757168769836 -0.05918627977371216 0.03376546502113342 0.010127140209078789 0.059508223086595535 0.9981906414031982 -0.008609565906226635 0.012036159634590149 -0.033194806426763535 0.010598878376185894 0.9993926882743835 -0.026893971487879753
1305031453.491698 0.995769202709198 -0.08001279085874557 0.04518454894423485 0.015120680443942547 0.08088068664073944 0.9965662956237793 -0.01771492511034012 0.018521353602409363 -0.043611980974674225 0.02129453606903553 0.9988215565681458 -0.03752855211496353
1305031453.523684 0.9936642050743103 -0.09764517843723297 0.05564910173416138 0.015753906220197678 0.09945016354322433 0.9945706725120544 -0.030639315024018288 0.024149373173713684 -0.052355196326971054 0.0359795056283474 0.9979801774024963 -0.050253480672836304
1305031453.559753 0.9918394684791565 -0.11047590523958206 0.06363765150308609 0.014779200777411461 0.1134081780910492 0.992553174495697 -0.04446256160736084 0.030338287353515625 -0.058251697570085526 0.051316745579242706 0.9969820976257324 -0.06531919538974762
1305031453.59164 0.9903819561004639 -0.11780799180269241 0.07255937159061432 0.011818023398518562 0.1221662387251854 0.9907622337341309 -0.05886971205472946 0.03714131563901901 -0.0649537593126297 0.06716780364513397 0.9956251382827759 -0.07992715388536453
1305031453.627706 0.9891497492790222 -0.12474416941404343 0.07759971916675568 0.005858577322214842 0.13007447123527527 0.9891763925552368 -0.06790190935134888 0.03838228061795235 -0.06828944385051727 0.07725889980792999 0.9946696162223816 -0.09827115386724472
1305031453.6596 0.9898532032966614 -0.12024059146642685 0.07571569085121155 -0.0052812728099524975 0.12656573951244354 0.9882956147193909 -0.08516398817300797 0.04715771600604057 -0.06458932161331177 0.09388285130262375 0.9934859275817871 -0.11304661631584167
1305031453.691678 0.9914803504943848 -0.11007480323314667 0.06964427977800369 -0.01565740257501602 0.11672548949718475 0.9881172776222229 -0.09999711811542511 0.05644916743040085 -0.05780954658985138 0.10727442800998688 0.9925473928451538 -0.12810686230659485
1305031453.727652 0.9930310845375061 -0.10078462958335876 0.061087094247341156 -0.02479288913309574 0.10702500492334366 0.9882216453552246 -0.10937918722629547 0.0649816021323204 -0.04934384673833847 0.11515480279922485 0.9921212196350098 -0.14396758377552032
1305031453.759694 0.9948287010192871 -0.08568143099546432 0.05453857406973839 -0.04946010559797287 0.09174902737140656 0.9884377121925354 -0.12071861326694489 0.07312257587909698 -0.04356463626027107 0.12509818375110626 0.9911874532699585 -0.1526012271642685
1305031453.791716 0.9970302581787109 -0.07064490765333176 0.030661167576909065 -0.04978713020682335 0.0741071030497551 0.9884190559387207 -0.13242320716381073 0.08429281413555145 -0.020951049402356148 0.13430213928222656 0.9907189011573792 -0.1665390133857727
1305031453.827773 0.9980950951576233 -0.05972655490040779 0.015452690422534943 -0.058296628296375275 0.06128014251589775 0.9887442588806152 -0.1364903748035431 0.08939844369888306 -0.007126651704311371 0.13717731833457947 0.9905208349227905 -0.18070624768733978
1305031453.859705 0.9991323351860046 -0.04146809130907059 0.0038669269997626543 -0.09097383171319962 0.0415869764983654 0.9883347749710083 -0.14650917053222656 0.10455448180437088 0.0022536395117640495 0.14654283225536346 0.9892017841339111 -0.18554943799972534
1305031453.89171 0.999273955821991 -0.028751878067851067 -0.02499799057841301 -0.10670679807662964 0.02475992776453495 0.9887555241584778 -0.14747685194015503 0.1133565902709961 0.028957145288586617 0.1467508226633072 0.9887496829032898 -0.1941402405500412
1305031453.927723 0.9975041151046753 -0.021018382161855698 -0.06740754842758179 -0.11299720406532288 0.011292881332337856 0.9898684620857239 -0.1415381133556366 0.11716841906309128 0.06969950348138809 0.14042362570762634 0.9876351952552795 -0.1966310739517212
1305031453.959641 0.9945011138916016 -0.007958127185702324 -0.10442305356264114 -0.11720480769872665 -0.0063922894187271595 0.9906365871429443 -0.1363755166530609 0.12228260934352875 0.10453060269355774 0.13629314303398132 0.9851383566856384 -0.20914481580257416
1305031453.991624 0.9915419220924377 0.014549984596669674 -0.12896868586540222 -0.12637674808502197 -0.03134581446647644 0.9911259412765503 -0.1291773021221161 0.12206663936376572 0.12594467401504517 0.1321273297071457 0.9831990599632263 -0.21636825799942017
1305031454.027662 0.9872958660125732 0.03183876723051071 -0.1556696891784668 -0.1367495357990265 -0.05231538042426109 0.9902287125587463 -0.12926799058914185 0.12106688320636749 0.15003283321857452 0.13576969504356384 0.9793145060539246 -0.22160345315933228
1305031454.059654 0.982701301574707 0.053695715963840485 -0.17724207043647766 -0.15133044123649597 -0.07758132368326187 0.9883803725242615 -0.13071098923683167 0.1287328451871872 0.1681639701128006 0.1422005444765091 0.9754485487937927 -0.22359324991703033
1305031454.091651 0.9760450720787048 0.07976430654525757 -0.20241928100585938 -0.16126418113708496 -0.10645344853401184 0.9864825010299683 -0.12457942962646484 0.1264183521270752 0.18974609673023224 0.14314337074756622 0.9713426232337952 -0.2269599735736847
1305031454.127701 0.9674195647239685 0.10620608925819397 -0.22982504963874817 -0.17733463644981384 -0.13791446387767792 0.982321560382843 -0.1265859603881836 0.12906859815120697 0.21231791377067566 0.15415792167186737 0.9649645090103149 -0.22783958911895752
1305031454.159672 0.9589431881904602 0.12839500606060028 -0.25286865234375 -0.19910478591918945 -0.1639254242181778 0.9785483479499817 -0.12478605657815933 0.1374996453523636 0.2314222753047943 0.16111433506011963 0.9594194889068604 -0.23393909633159637
1305031454.191658 0.9464071393013 0.15436416864395142 -0.28369876742362976 -0.213182732462883 -0.19328820705413818 0.9744257926940918 -0.11460377275943756 0.14063702523708344 0.2587526738643646 0.16329745948314667 0.9520403742790222 -0.2320713996887207
1305031454.227671 0.9311094284057617 0.18428845703601837 -0.3147585690021515 -0.22861512005329132 -0.2261374145746231 0.9687668085098267 -0.10174834728240967 0.1306179016828537 0.28617656230926514 0.1659175455570221 0.9437025189399719 -0.23972810804843903
1305031454.259627 0.9134804010391235 0.2121204435825348 -0.34721505641937256 -0.2293439358472824 -0.26395902037620544 0.9583593010902405 -0.10896369814872742 0.1419178992509842 0.30964329838752747 0.19118677079677582 0.9314335584640503 -0.23805931210517883
1305031454.291639 0.9007346630096436 0.23511727154254913 -0.3652353882789612 -0.2319488376379013 -0.28891000151634216 0.952165961265564 -0.09955386072397232 0.14789153635501862 0.32435786724090576 0.19519177079200745 0.9255766272544861 -0.24286144971847534
1305031454.327699 0.8860765695571899 0.2674829363822937 -0.3785778284072876 -0.2529261112213135 -0.32184502482414246 0.9427701234817505 -0.08717998117208481 0.14044871926307678 0.3335927426815033 0.19909153878688812 0.9214545488357544 -0.24792040884494781
1305031454.359636 0.8678625822067261 0.28705599904060364 -0.4054791331291199 -0.25631025433540344 -0.3506806492805481 0.9320918321609497 -0.09070771187543869 0.14608007669448853 0.35190561413764954 0.2209155112504959 0.9095926284790039 -0.2451951503753662
1305031454.391677 0.8534232974052429 0.30590546131134033 -0.4220075011253357 -0.26121991872787476 -0.37384700775146484 0.9234340190887451 -0.08664840459823608 0.15279480814933777 0.3631898760795593 0.23171405494213104 0.9024420380592346 -0.2485763132572174
1305031454.427465 0.8330018520355225 0.3323879539966583 -0.4422961175441742 -0.27452322840690613 -0.40442192554473877 0.9113427996635437 -0.07679222524166107 0.15442530810832977 0.3775586187839508 0.24284236133098602 0.8935753703117371 -0.25386863946914673
1305031454.459913 0.8093828558921814 0.3535477817058563 -0.46893858909606934 -0.27012789249420166 -0.4331498444080353 0.8985888957977295 -0.07013703137636185 0.15937061607837677 0.39658617973327637 0.25988835096359253 0.8804415464401245 -0.24906125664710999
1305031454.491617 0.7909560799598694 0.38197505474090576 -0.4779994487762451 -0.27718403935432434 -0.46466800570487976 0.8832342624664307 -0.06309333443641663 0.1636793166399002 0.39808541536331177 0.27201515436172485 0.8760911822319031 -0.2512034773826599
1305031454.5277 0.7729759812355042 0.40600842237472534 -0.48750928044319153 -0.2821968197822571 -0.49171486496925354 0.8689563870429993 -0.05595824867486954 0.17718857526779175 0.4009047746658325 0.2829699218273163 0.871322751045227 -0.2551788091659546
1305031454.559575 0.7558322548866272 0.42826080322265625 -0.49528807401657104 -0.2889469861984253 -0.5136221051216125 0.8569467067718506 -0.042834773659706116 0.18641617894172668 0.4060909152030945 0.28676676750183105 0.8676721453666687 -0.2571902275085449
1305031454.591635 0.7290792465209961 0.4561672508716583 -0.5102498531341553 -0.29851165413856506 -0.5430688858032227 0.8392966985702515 -0.025635764002799988 0.1962278187274933 0.41655683517456055 0.2957913279533386 0.8596439957618713 -0.258137583732605
1305031454.62758 0.6999516487121582 0.47585329413414 -0.532570481300354 -0.29706525802612305 -0.565171480178833 0.8249538540840149 -0.005700208246707916 0.19909197092056274 0.4366335868835449 0.304983526468277 0.8463664650917053 -0.2615470886230469
1305031454.659528 0.6810018420219421 0.48344478011131287 -0.5500161051750183 -0.294681191444397 -0.5728054642677307 0.8196150064468384 0.01119399443268776 0.21410122513771057 0.4562130868434906 0.30742910504341125 0.8350790143013 -0.2652655243873596
1305031454.691884 0.6547093987464905 0.4954368472099304 -0.5708746910095215 -0.29469600319862366 -0.5808457136154175 0.8130561709403992 0.03947075083851814 0.21675924956798553 0.4837085008621216 0.30574822425842285 0.8200879096984863 -0.26242077350616455
1305031454.727659 0.6320332884788513 0.49945634603500366 -0.5925177931785583 -0.28833410143852234 -0.5848928093910217 0.8090296387672424 0.058062803000211716 0.22175684571266174 0.5083643198013306 0.30986183881759644 0.8034620881080627 -0.2589728832244873
1305031454.759732 0.6289786100387573 0.49191007018089294 -0.6020054221153259 -0.27855345606803894 -0.5682151317596436 0.8193764686584473 0.07585369050502777 0.2201303243637085 0.5305821895599365 0.2943582534790039 0.7948809862136841 -0.2555829584598541
1305031454.791641 0.6340750455856323 0.4859454035758972 -0.6015030145645142 -0.27773013710975647 -0.5581041574478149 0.8260027170181274 0.07898926734924316 0.22997194528579712 0.5352275967597961 0.2856161892414093 0.794955849647522 -0.2612953782081604
1305031454.82757 0.6386539340019226 0.47796961665153503 -0.6030473709106445 -0.27011826634407043 -0.5451034903526306 0.8341639041900635 0.08386152237653732 0.2370784431695938 0.543123722076416 0.27516478300094604 0.7932850122451782 -0.2595406770706177
1305031454.85962 0.6492801308631897 0.47182533144950867 -0.5965033173561096 -0.2655947208404541 -0.5306821465492249 0.842877984046936 0.08906882256269455 0.24181154370307922 0.5448044538497925 0.25872302055358887 0.7976530194282532 -0.25855618715286255
1305031454.891764 0.6636933088302612 0.46245917677879333 -0.5879138708114624 -0.26128464937210083 -0.5166283845901489 0.8517972826957703 0.08681318163871765 0.25133413076400757 0.540930986404419 0.24611561000347137 0.8042517304420471 -0.2587679922580719
1305031454.927567 0.6782573461532593 0.4550342261791229 -0.5769841074943542 -0.26055610179901123 -0.5028751492500305 0.8599632978439331 0.08706284314393997 0.25995969772338867 0.5358017683029175 0.231099933385849 0.8121018409729004 -0.2592782974243164
1305031454.959648 0.6922348141670227 0.44917577505111694 -0.5648469924926758 -0.2623710632324219 -0.49180883169174194 0.86641925573349 0.08626638352870941 0.2689148485660553 0.5281431078910828 0.21808010339736938 0.8206740617752075 -0.26450949907302856
1305031454.991937 0.7045736312866211 0.44139277935028076 -0.5556513667106628 -0.2662513256072998 -0.4794052541255951 0.8733800649642944 0.08589442819356918 0.27721115946769714 0.5232080817222595 0.20586319267749786 0.8269665241241455 -0.2720009684562683
1305031455.027799 0.7079012393951416 0.43568530678749084 -0.5559264421463013 -0.2654116749763489 -0.47470512986183167 0.8762903213500977 0.08228150010108948 0.2899579107761383 0.5230018496513367 0.20565390586853027 0.8271490335464478 -0.27498912811279297
1305031455.059636 0.7145428657531738 0.434500128030777 -0.5483047366142273 -0.2709200978279114 -0.47075849771499634 0.8783882856369019 0.0825866162776947 0.2968165874481201 0.517508327960968 0.19910743832588196 0.8321906328201294 -0.2791927456855774
1305031455.0917 0.7196057438850403 0.4307522475719452 -0.5446282625198364 -0.2748812139034271 -0.47130095958709717 0.8789891004562378 0.07248172163963318 0.3095862865447998 0.509943962097168 0.20452556014060974 0.8355395197868347 -0.2822589576244354
1305031455.127695 0.7273280024528503 0.4293633699417114 -0.5353885889053345 -0.28154152631759644 -0.47030049562454224 0.8799742460250854 0.06680375337600708 0.31999561190605164 0.4998113214969635 0.20320524275302887 0.8419597744941711 -0.28869426250457764
1305031455.15972 0.7369831800460815 0.42503616213798523 -0.5255472660064697 -0.29128557443618774 -0.4638284146785736 0.883597731590271 0.06417541205883026 0.3293624222278595 0.4916492700576782 0.1964675337076187 0.8483405113220215 -0.29486238956451416
1305031455.191655 0.7478216886520386 0.4170483350753784 -0.5165590643882751 -0.30064988136291504 -0.4525366723537445 0.8895161151885986 0.06302165985107422 0.34062811732292175 0.48577070236206055 0.18663290143013 0.8539291024208069 -0.3002667725086212
1305031455.227581 0.7560850381851196 0.4083384573459625 -0.5114636421203613 -0.3095451593399048 -0.44236934185028076 0.8947944641113281 0.06043475121259689 0.34658193588256836 0.48233267664909363 0.18056197464466095 0.8571770787239075 -0.30391478538513184
1305031455.259631 0.7688428163528442 0.3932189643383026 -0.5042415857315063 -0.31740042567253113 -0.4298476576805115 0.9016401171684265 0.04770870879292488 0.3709331154823303 0.4734044373035431 0.1800665408372879 0.8622437715530396 -0.30438366532325745
1305031455.291831 0.7836402058601379 0.3836095929145813 -0.4886222183704376 -0.33116334676742554 -0.40918031334877014 0.9105672836303711 0.05863884836435318 0.3738115727901459 0.4674178659915924 0.15398278832435608 0.8705227971076965 -0.309600293636322
1305031455.327766 0.7969237565994263 0.36701422929763794 -0.47980526089668274 -0.3442843556404114 -0.38765308260917664 0.9198660850524902 0.05976172164082527 0.3858071267604828 0.4632900655269623 0.13837245106697083 0.8753373026847839 -0.3175916075706482
1305031455.35963 0.803041398525238 0.35868337750434875 -0.4758893549442291 -0.34932470321655273 -0.37157443165779114 0.9257071018218994 0.07070157676935196 0.3949998915195465 0.4658936858177185 0.1200520396232605 0.8766588568687439 -0.319661408662796
1305031455.391665 0.8153313398361206 0.35226768255233765 -0.45950227975845337 -0.3606436252593994 -0.35305148363113403 0.9314883947372437 0.08765867352485657 0.3939255475997925 0.45890045166015625 0.0907571017742157 0.8838402032852173 -0.32166576385498047
1305031455.427642 0.8315784335136414 0.3382970690727234 -0.44049111008644104 -0.37670081853866577 -0.33238664269447327 0.9385182857513428 0.09328782558441162 0.39921900629997253 0.44496795535087585 0.0688372254371643 0.8928968906402588 -0.33158671855926514
1305031455.459589 0.8424441814422607 0.32717621326446533 -0.42806947231292725 -0.393347829580307 -0.3154597878456116 0.9436145424842834 0.10038323700428009 0.3976956605911255 0.43677565455436707 0.05047145485877991 0.8981534838676453 -0.3420320451259613
1305031455.491637 0.85395348072052 0.30917710065841675 -0.4185366630554199 -0.4068796634674072 -0.29474887251853943 0.9502660632133484 0.10058552026748657 0.40478450059890747 0.42882001399993896 0.03746785223484039 0.9026126265525818 -0.3517622947692871
1305031455.52761 0.8660074472427368 0.28678715229034424 -0.40961477160453796 -0.42569851875305176 -0.26951295137405396 0.9577142000198364 0.1007285937666893 0.40781909227371216 0.42118149995803833 0.023164747282862663 0.9066805243492126 -0.35735970735549927
1305031455.559669 0.8742446899414062 0.2616634666919708 -0.408935546875 -0.4427143633365631 -0.24246038496494293 0.9650788903236389 0.09917494654655457 0.41021186113357544 0.4206055700778961 0.012447484768927097 0.9071581959724426 -0.36837640404701233
1305031455.591645 0.8816771507263184 0.2345656156539917 -0.40941935777664185 -0.4576893150806427 -0.21295689046382904 0.9721000790596008 0.09833937138319016 0.41460591554641724 0.4210636615753174 0.00048506795428693295 0.9070309996604919 -0.38016176223754883
1305031455.627617 0.8894063830375671 0.214050754904747 -0.4039043188095093 -0.47558411955833435 -0.18782393634319305 0.9766807556152344 0.10400357842445374 0.41061535477638245 0.4167476296424866 -0.01663856767117977 0.9088699817657471 -0.38783809542655945
1305031455.659615 0.8945946097373962 0.20387232303619385 -0.39766398072242737 -0.4946434497833252 -0.17950992286205292 0.9788618683815002 0.09800804406404495 0.40646693110466003 0.4092392921447754 -0.016292845830321312 0.9122816324234009 -0.40033432841300964
1305031455.691605 0.8968219757080078 0.20471541583538055 -0.3921758830547333 -0.511996865272522 -0.18321853876113892 0.9787641763687134 0.09193259477615356 0.4063405394554138 0.40266773104667664 -0.010593297891318798 0.9152849912643433 -0.4121745824813843
1305031455.727628 0.8985312581062317 0.21282587945461273 -0.3838578462600708 -0.527932345867157 -0.19341923296451569 0.9770734906196594 0.088973768055439 0.40426185727119446 0.3939932882785797 -0.005700203590095043 0.9190956950187683 -0.42348772287368774
1305031455.759683 0.9027028679847717 0.2195209562778473 -0.37005141377449036 -0.5453194975852966 -0.20236438512802124 0.975605845451355 0.08509896695613861 0.4038028419017792 0.3797053396701813 -0.0019338508136570454 0.9251054525375366 -0.4355592131614685
1305031455.791666 0.9078247547149658 0.21766813099384308 -0.3584336042404175 -0.5627896785736084 -0.2004736363887787 0.9760085344314575 0.08495578914880753 0.3932887017726898 0.36832648515701294 -0.005268466658890247 0.9296815991401672 -0.44747158885002136
1305031455.82759 0.9117672443389893 0.21648891270160675 -0.34901735186576843 -0.5797284245491028 -0.20148631930351257 0.9762831926345825 0.0792105495929718 0.3906572461128235 0.35788801312446594 -0.0018993596313521266 0.9337625503540039 -0.46499985456466675
1305031455.859526 0.9126774072647095 0.21891340613365173 -0.34510406851768494 -0.592300295829773 -0.20450055599212646 0.9757440090179443 0.07812250405550003 0.38767150044441223 0.35383525490760803 -0.0007266706088557839 0.935307502746582 -0.4764816462993622
1305031455.891657 0.9150175452232361 0.21961602568626404 -0.338395893573761 -0.6047968864440918 -0.20566710829734802 0.9755859971046448 0.0770261287689209 0.38441720604896545 0.3470504879951477 -0.0008833680185489357 0.9378460049629211 -0.4878652095794678
1305031455.927955 0.9176765084266663 0.22222204506397247 -0.3293738067150116 -0.6181595921516418 -0.20723438262939453 0.9749802947044373 0.0804191455245018 0.3771595358848572 0.33900386095046997 -0.0055411746725440025 0.9407685995101929 -0.49833783507347107
1305031455.959716 0.9195545315742493 0.22593335807323456 -0.32151782512664795 -0.6293201446533203 -0.21285170316696167 0.9741419553756714 0.07577323913574219 0.3793288767337799 0.3303236961364746 -0.0012420028215274215 0.9438669085502625 -0.5096375346183777
1305031455.991694 0.9223300218582153 0.23133230209350586 -0.30950406193733215 -0.6416236758232117 -0.2174142748117447 0.9728574752807617 0.07924182713031769 0.37667161226272583 0.3194345235824585 -0.005796520970761776 0.9475905895233154 -0.519478440284729
1305031456.02777 0.9251088500022888 0.23995475471019745 -0.29427075386047363 -0.6525020003318787 -0.2266136258840561 0.9707619547843933 0.07916737347841263 0.38792356848716736 0.3046635091304779 -0.0065526654943823814 0.9524375200271606 -0.5291755795478821
1305031456.059713 0.9256514310836792 0.2593687176704407 -0.2754945158958435 -0.6705050468444824 -0.24036848545074463 0.9653867483139038 0.10124939680099487 0.3785794973373413 0.29221969842910767 -0.027501428499817848 0.9559557437896729 -0.5356700420379639
1305031456.091707 0.9262109994888306 0.27158400416374207 -0.2614865005016327 -0.6856759786605835 -0.24926072359085083 0.9614976644515991 0.11572054773569107 0.36735451221466064 0.2828465402126312 -0.0420033298432827 0.958245038986206 -0.5415035486221313
1305031456.127645 0.9280434250831604 0.2747556269168854 -0.251484751701355 -0.6976313591003418 -0.25248780846595764 0.9604319334030151 0.11755974590778351 0.36206552386283875 0.2738341689109802 -0.04560372233390808 0.960695207118988 -0.5461142063140869
1305031456.159731 0.9304110407829285 0.27586042881011963 -0.24132218956947327 -0.7059774994850159 -0.2523805499076843 0.9596557021141052 0.12395606935024261 0.34719130396842957 0.2657807767391205 -0.05442504584789276 0.9624959826469421 -0.5484298467636108
1305031456.191658 0.9351339340209961 0.2697353661060333 -0.22971111536026 -0.7136849164962769 -0.2490328997373581 0.9616005420684814 0.1153559759259224 0.3361362814903259 0.2520059049129486 -0.050667665898799896 0.9663983583450317 -0.5490385293960571
1305031456.227678 0.9417862892150879 0.2615354061126709 -0.211276575922966 -0.7217776775360107 -0.24570970237255096 0.9643308520317078 0.09845209121704102 0.34496068954467773 0.22948923707008362 -0.04080812633037567 0.9724553227424622 -0.5553553700447083
1305031456.291675 0.9550320506095886 0.24779944121837616 -0.1628151535987854 -0.7508173584938049 -0.2352858930826187 0.967522919178009 0.0924116000533104 0.32761484384536743 0.1804269403219223 -0.04994794726371765 0.9823194742202759 -0.5533642172813416
1305031456.327718 0.9616085886955261 0.23272159695625305 -0.14542774856090546 -0.7597212791442871 -0.22263407707214355 0.9714141488075256 0.08239257335662842 0.32090145349502563 0.16044509410858154 -0.04685225710272789 0.9859322309494019 -0.5496753454208374
1305031456.391619 0.9721570611000061 0.213159441947937 -0.09733250737190247 -0.7818101048469543 -0.20712672173976898 0.9759142398834229 0.06848304718732834 0.3125491142272949 0.10958593338727951 -0.04641612991690636 0.9928930401802063 -0.5444285869598389
1305031456.427662 0.9773840308189392 0.19960899651050568 -0.06983140856027603 -0.8063230514526367 -0.19709494709968567 0.9795150756835938 0.041278235614299774 0.32509303092956543 0.07664038985967636 -0.026581283658742905 0.9967044591903687 -0.5396602153778076
1305031456.491677 0.9837019443511963 0.17357352375984192 -0.04693154990673065 -0.8455132842063904 -0.1714048683643341 0.9840850234031677 0.046872109174728394 0.3362888693809509 0.054320357739925385 -0.0380638986825943 0.9977977871894836 -0.5282805562019348
1305031456.527641 0.9856451153755188 0.1617620885372162 -0.048338793218135834 -0.8575817942619324 -0.1589048206806183 0.9855853915214539 0.058059222996234894 0.3376186192035675 0.0570337250828743 -0.04954453557729721 0.9971421360969543 -0.5179542303085327
1305031456.591651 0.9893254041671753 0.13979491591453552 -0.04114135354757309 -0.8759990334510803 -0.137375608086586 0.9888942837715149 0.05671209469437599 0.34512266516685486 0.04861251637339592 -0.05045490339398384 0.9975425601005554 -0.49948546290397644
1305031456.627612 0.9913127422332764 0.1274895966053009 -0.032333917915821075 -0.8814619183540344 -0.12505541741847992 0.989777147769928 0.0685737282037735 0.3647603392601013 0.040745824575424194 -0.06393448263406754 0.9971219301223755 -0.4909920394420624
1305031456.691612 0.9954982995986938 0.09477268904447556 0.0010729357600212097 -0.9236361980438232 -0.09436167031526566 0.9899933934211731 0.1049240380525589 0.3385704755783081 0.008881732821464539 -0.10455294698476791 0.9944796562194824 -0.46514230966567993
1305031456.727693 0.9971842169761658 0.0745810717344284 0.007825929671525955 -0.9421910643577576 -0.07499050348997116 0.991669774055481 0.10472585260868073 0.35620176792144775 4.982948303222656e-05 -0.10501784086227417 0.9944704174995422 -0.4587618112564087
1305031456.791649 0.9987918734550476 0.04861890897154808 -0.007134937681257725 -0.9759119749069214 -0.04744600132107735 0.9919393658638 0.1174950823187828 0.34348440170288086 0.012789906933903694 -0.11701460182666779 0.993047833442688 -0.4390411674976349
1305031456.827603 0.9992610216140747 0.033072300255298615 -0.019589200615882874 -0.9780329465866089 -0.030682150274515152 0.9932581186294556 0.11178912967443466 0.3619043827056885 0.023154258728027344 -0.11110545694828033 0.9935387969017029 -0.4287281036376953
1305031456.891672 0.9998526573181152 0.00885547511279583 -0.014710397459566593 -0.9958586096763611 -0.006803137715905905 0.9909403324127197 0.13413071632385254 0.35516223311424255 0.015764916315674782 -0.13401086628437042 0.9908545017242432 -0.4009492099285126
1305031456.92769 0.9999817609786987 -0.005253968760371208 -0.002990161068737507 -1.0074210166931152 0.0055753085762262344 0.9927340745925903 0.1201997697353363 0.363687664270401 0.0023369090631604195 -0.12021423131227493 0.9927451610565186 -0.3932873010635376
1305031456.959667 0.9998166561126709 -0.01715913601219654 0.00850089080631733 -1.0183899402618408 0.01604306697845459 0.9929536581039429 0.11741174012422562 0.3784901201725006 -0.010455673560500145 -0.1172538474202156 0.9930468797683716 -0.3899846374988556
1305031456.991709 0.9995394349098206 -0.0224424060434103 0.020424261689186096 -1.032474160194397 0.019432775676250458 0.990353524684906 0.1371939778327942 0.37424859404563904 -0.02330620586872101 -0.13673390448093414 0.990333616733551 -0.3800469934940338
1305031457.027648 0.9990978837013245 -0.030980417504906654 0.02904481440782547 -1.0444387197494507 0.026577193289995193 0.9896045327186584 0.14133824408054352 0.3744318187236786 -0.03312159329652786 -0.14043882489204407 0.9895351529121399 -0.3743903338909149
1305031457.091655 0.9973222017288208 -0.052643436938524246 0.05076572299003601 -1.0692225694656372 0.04362737014889717 0.9853726625442505 0.16473431885242462 0.380178302526474 -0.05869533494114876 -0.16207841038703918 0.9850307106971741 -0.37009021639823914
1305031457.127632 0.9960022568702698 -0.06301268935203552 0.06331659108400345 -1.0808024406433105 0.051042020320892334 0.9831523895263672 0.1755165457725525 0.3718649744987488 -0.07330962270498276 -0.17158307135105133 0.9824382662773132 -0.3670709729194641
1305031457.191735 0.9912565350532532 -0.09098484367132187 0.09556257724761963 -1.109187364578247 0.07412829995155334 0.9831447005271912 0.16712713241577148 0.3775874078273773 -0.10915789753198624 -0.15858197212219238 0.9812932014465332 -0.37457898259162903
1305031457.227543 0.9885469675064087 -0.10447230935096741 0.10890544950962067 -1.123449444770813 0.08389534801244736 0.9802911877632141 0.1788596361875534 0.37209269404411316 -0.1254449337720871 -0.1676744967699051 0.9778286218643188 -0.377299040555954
1305031457.291656 0.9815641045570374 -0.13014931976795197 0.13997478783130646 -1.1498792171478271 0.10649323463439941 0.9805387854576111 0.16493317484855652 0.3617737293243408 -0.15871666371822357 -0.14698612689971924 0.9763216972351074 -0.3887263238430023
1305031457.327548 0.9772089123725891 -0.140654057264328 0.15899372100830078 -1.1641980409622192 0.11542236804962158 0.9806501269340515 0.15812334418296814 0.36556681990623474 -0.17815792560577393 -0.13616813719272614 0.9745347499847412 -0.39803600311279297
1305031457.391684 0.9637399911880493 -0.16751188039779663 0.20771370828151703 -1.1988322734832764 0.13653309643268585 0.9783521294593811 0.15551793575286865 0.35209015011787415 -0.22926823794841766 -0.1215190514922142 0.9657479524612427 -0.41108477115631104
1305031457.427641 0.9569193720817566 -0.18176598846912384 0.22642061114311218 -1.220705270767212 0.15024064481258392 0.9772695899009705 0.14957204461097717 0.3527998924255371 -0.24846109747886658 -0.10911080986261368 0.9624769687652588 -0.4203464686870575
1305031457.491705 0.9514787197113037 -0.20047174394130707 0.23345069587230682 -1.2478848695755005 0.1668974608182907 0.9735835790634155 0.15582133829593658 0.33384761214256287 -0.25852155685424805 -0.10929837077856064 0.9598023295402527 -0.4366336464881897
1305031457.527638 0.9480413198471069 -0.2044370174407959 0.24376864731311798 -1.2641047239303589 0.17148105800151825 0.9737436771392822 0.14972449839115143 0.3271511197090149 -0.26797741651535034 -0.10014330595731735 0.9582063555717468 -0.4452623724937439
1305031457.559685 0.9432930946350098 -0.212749183177948 0.25482529401779175 -1.2794568538665771 0.18098410964012146 0.9731106162071228 0.14247965812683105 0.3241790235042572 -0.2782856225967407 -0.08828073740005493 0.9564327597618103 -0.45452675223350525
1305031457.591678 0.9387775659561157 -0.21721896529197693 0.26741835474967957 -1.3008371591567993 0.18557710945606232 0.9727904796600342 0.13870751857757568 0.3200627565383911 -0.29027190804481506 -0.08058876544237137 0.9535447359085083 -0.46201038360595703
1305031457.627526 0.9351734519004822 -0.22442755103111267 0.27401256561279297 -1.3181538581848145 0.19105219841003418 0.9710631966590881 0.14330153167247772 0.30716046690940857 -0.2982443869113922 -0.08166107535362244 0.9509899020195007 -0.4661414325237274
1305031457.659632 0.9314095377922058 -0.2293432205915451 0.2826267182826996 -1.3382402658462524 0.19866368174552917 0.9709725975990295 0.1332099884748459 0.3117828071117401 -0.30497363209724426 -0.06792540103197098 0.9499354362487793 -0.4727170169353485
1305031457.69157 0.9298314452171326 -0.2366620898246765 0.2817879021167755 -1.3524715900421143 0.20229016244411469 0.9684088230133057 0.14581844210624695 0.3035089075565338 -0.3073956370353699 -0.07858366519212723 0.9483314156532288 -0.4785570204257965
1305031457.727669 0.9294110536575317 -0.23760643601417542 0.2823795676231384 -1.362640619277954 0.20041131973266602 0.9674623608589172 0.15444029867649078 0.2849138081073761 -0.3098876476287842 -0.08694646507501602 0.9467892646789551 -0.4814964830875397
1305031457.759556 0.928432285785675 -0.23345623910427094 0.28898370265960693 -1.377615213394165 0.19624067842960358 0.968689501285553 0.15208612382411957 0.2715812921524048 -0.31544095277786255 -0.0844912976026535 0.9451762437820435 -0.4859834313392639
1305031457.791567 0.9264968037605286 -0.22989775240421295 0.2979103922843933 -1.3850911855697632 0.19457517564296722 0.9703099131584167 0.14366327226161957 0.25264090299606323 -0.32209327816963196 -0.07513760775327682 0.9437215924263 -0.4877820611000061
1305031457.827699 0.9209105968475342 -0.22597761452198029 0.3175809383392334 -1.4020938873291016 0.1985945701599121 0.9731260538101196 0.11655867844820023 0.26179641485214233 -0.3353859782218933 -0.04427026957273483 0.9410400390625 -0.49725833535194397
1305031457.859623 0.9146648645401001 -0.2262333482503891 0.3349725306034088 -1.4173307418823242 0.19817835092544556 0.973256528377533 0.1161775141954422 0.25061988830566406 -0.3522973954677582 -0.039879173040390015 0.9350380301475525 -0.5004119277000427
1305031457.891593 0.9084851145744324 -0.2259538173675537 0.35156741738319397 -1.4322645664215088 0.1993446797132492 0.9736623167991638 0.11065027117729187 0.2266426384449005 -0.3673098385334015 -0.03044101595878601 0.9296003580093384 -0.4997437298297882
1305031457.927633 0.9014610648155212 -0.22570742666721344 0.3693562150001526 -1.4566481113433838 0.20951013267040253 0.9741936922073364 0.08397722244262695 0.22572050988674164 -0.378778874874115 0.0016816705465316772 0.9254856705665588 -0.498929888010025
1305031457.991644 0.8977506160736084 -0.22949497401714325 0.37599971890449524 -1.4806303977966309 0.22063787281513214 0.973044753074646 0.06710386276245117 0.20757773518562317 -0.3812645375728607 0.022717256098985672 0.9241868257522583 -0.4968658685684204
1305031458.027845 0.8936877250671387 -0.228323295712471 0.3862520456314087 -1.4933767318725586 0.22485263645648956 0.9728491902351379 0.054824456572532654 0.1922985464334488 -0.3882826566696167 0.037853848189115524 0.9207625389099121 -0.49379396438598633
1305031458.059689 0.8885852694511414 -0.22651654481887817 0.39888137578964233 -1.509667158126831 0.232537642121315 0.9719945192337036 0.033953189849853516 0.20111188292503357 -0.3954014182090759 0.06258463859558105 0.9163737893104553 -0.49170947074890137
1305031458.09169 0.8828694224357605 -0.22855350375175476 0.4102497100830078 -1.5274146795272827 0.23566238582134247 0.9712422490119934 0.033934690058231354 0.2019251435995102 -0.40620774030685425 0.06672052294015884 0.9113417267799377 -0.4820178151130676
1305031458.127605 0.8782828450202942 -0.23159156739711761 0.4183114767074585 -1.5415823459625244 0.23491385579109192 0.9710034728050232 0.044357821345329285 0.18553054332733154 -0.4164547920227051 0.05930847302079201 0.9072198867797852 -0.47045058012008667
1305031458.159638 0.8729193806648254 -0.2336534708738327 0.42827308177948 -1.5607731342315674 0.2385607212781906 0.970172643661499 0.04305645078420639 0.17761991918087006 -0.42555904388427734 0.06458431482315063 0.9026229977607727 -0.456656277179718
1305031458.191646 0.8681161999702454 -0.23946072161197662 0.4347790479660034 -1.5845496654510498 0.24772320687770844 0.9680635929107666 0.038549888879060745 0.184594988822937 -0.4301249086856842 0.07423907518386841 0.8997116684913635 -0.4386022686958313
1305031458.227611 0.8678588271141052 -0.2448241263628006 0.43229883909225464 -1.602060317993164 0.24721203744411469 0.967582106590271 0.051682569086551666 0.18069039285182953 -0.4309377074241638 0.06201630085706711 0.900248110294342 -0.4225533604621887
1305031458.259934 0.8699042797088623 -0.24716971814632416 0.4268180727958679 -1.6115174293518066 0.24080204963684082 0.968059778213501 0.06981965154409409 0.14265230298042297 -0.4304427206516266 0.04204227030277252 0.9016381502151489 -0.4060051441192627
1305031458.291664 0.8713871240615845 -0.2387993335723877 0.4285549223423004 -1.633525013923645 0.24242867529392242 0.9690287113189697 0.04702829197049141 0.14552181959152222 -0.42651239037513733 0.06291414797306061 0.9022909998893738 -0.3873290419578552
1305031458.327628 0.8736153841018677 -0.24181590974330902 0.422280877828598 -1.6492934226989746 0.24646344780921936 0.9681295156478882 0.044507913291454315 0.13804379105567932 -0.41958531737327576 0.06519400328397751 0.9053716659545898 -0.37038707733154297
1305031458.35959 0.8766002655029297 -0.24347138404846191 0.4150826334953308 -1.6529046297073364 0.25105801224708557 0.9672586917877197 0.03715476393699646 0.11618813872337341 -0.4105384349822998 0.07163995504379272 0.909024715423584 -0.35209977626800537
1305031458.391626 0.8771884441375732 -0.24231627583503723 0.41451573371887207 -1.6618748903274536 0.26196354627609253 0.9650282859802246 0.009772139601409435 0.12126962095499039 -0.4023872911930084 0.10001598298549652 0.9099897146224976 -0.33666884899139404
1305031458.427598 0.8736743330955505 -0.2529698610305786 0.4155711829662323 -1.6656417846679688 0.279969722032547 0.9599995613098145 -0.004214506596326828 0.1212238296866417 -0.39788201451301575 0.12002947926521301 0.9095509052276611 -0.3225266933441162
1305031458.459637 0.8666293025016785 -0.26361972093582153 0.4236253499984741 -1.656855583190918 0.30212584137916565 0.9529384970664978 -0.025063898414373398 0.11897920072078705 -0.39708152413368225 0.14970925450325012 0.9054906964302063 -0.30796754360198975
1305031458.491696 0.8581806421279907 -0.24975727498531342 0.4484945237636566 -1.6583088636398315 0.3075886368751526 0.949643075466156 -0.059724900871515274 0.10969653725624084 -0.4109930396080017 0.1892065703868866 0.8917878270149231 -0.29185986518859863
1305031458.527737 0.8490534424781799 -0.22494126856327057 0.4780270457267761 -1.6761491298675537 0.3062533438205719 0.9468501806259155 -0.09840390086174011 0.1269257366657257 -0.43048495054244995 0.2299475371837616 0.8728154897689819 -0.2700888514518738
1305031458.559628 0.8426072001457214 -0.2119573950767517 0.49506282806396484 -1.6802709102630615 0.3032481372356415 0.9464331865310669 -0.11092652380466461 0.13097670674324036 -0.44503217935562134 0.24359439313411713 0.861747145652771 -0.251373827457428
1305031458.591641 0.8369537591934204 -0.19048769772052765 0.5130526423454285 -1.6919580698013306 0.29629987478256226 0.9459068179130554 -0.13216128945350647 0.13577313721179962 -0.46012476086616516 0.2626303434371948 0.8481217622756958 -0.220187246799469
1305031458.627659 0.8373561501502991 -0.17859217524528503 0.5166618824005127 -1.70220947265625 0.2944650650024414 0.9436487555503845 -0.1510540395975113 0.1674349159002304 -0.46057024598121643 0.27862489223480225 0.8427592515945435 -0.19667601585388184
1305031458.659623 0.8383095860481262 -0.18250495195388794 0.5137401819229126 -1.7143714427947998 0.2917795777320862 0.9461857676506042 -0.13998910784721375 0.168336883187294 -0.46054500341415405 0.2672531008720398 0.8464478850364685 -0.1693912148475647
1305031458.691674 0.857355535030365 -0.17911258339881897 0.4825558364391327 -1.7149155139923096 0.274125874042511 0.9523770213127136 -0.13354027271270752 0.16552864015102386 -0.4356563687324524 0.24677255749702454 0.8656250238418579 -0.15291905403137207
1305031458.72765 0.8744376301765442 -0.16992734372615814 0.4544045627117157 -1.7056496143341064 0.2567113935947418 0.9568449258804321 -0.13618694245815277 0.1605319082736969 -0.4116528332233429 0.23573780059814453 0.880323588848114 -0.13132357597351074
1305031458.759945 0.8928999900817871 -0.14103271067142487 0.42759737372398376 -1.7083508968353271 0.22856974601745605 0.9601894617080688 -0.16059915721416473 0.1711353212594986 -0.3879246711730957 0.24113477766513824 0.8895888924598694 -0.11388909816741943
1305031458.791632 0.9083644151687622 -0.12841056287288666 0.39797574281692505 -1.703126311302185 0.2119298130273819 0.9617795348167419 -0.17339462041854858 0.1898108273744583 -0.36049920320510864 0.2418483942747116 0.9008604288101196 -0.09156590700149536
1305031458.827564 0.9170569181442261 -0.1317623108625412 0.3763580918312073 -1.694076657295227 0.20444265007972717 0.9657028317451477 -0.16006655991077423 0.18520376086235046 -0.3423593044281006 0.2237338125705719 0.9125422239303589 -0.08472508192062378
1305031458.891665 0.9250171780586243 -0.1139044240117073 0.36244842410087585 -1.680303931236267 0.18739007413387299 0.9666696190834045 -0.174455463886261 0.17678706347942352 -0.3304966390132904 0.2292935699224472 0.9155306220054626 -0.070820152759552
1305031458.927621 0.917672872543335 -0.12069123983383179 0.3785632848739624 -1.69087815284729 0.1975829005241394 0.9652146100997925 -0.17123565077781677 0.1823360025882721 -0.3447282016277313 0.23193596303462982 0.9095978140830994 -0.06174391508102417
1305031458.959617 0.9077808260917664 -0.15084189176559448 0.39138323068618774 -1.6953436136245728 0.22458069026470184 0.9628728032112122 -0.14979813992977142 0.17445790767669678 -0.35425639152526855 0.22388100624084473 0.9079535603523254 -0.05104321241378784
1305031458.991647 0.9000391364097595 -0.16180509328842163 0.404658704996109 -1.7072283029556274 0.23522919416427612 0.962017297744751 -0.1385270357131958 0.14263129234313965 -0.3668743073940277 0.21986734867095947 0.9039145708084106 -0.04033690690994263
