1305031102.175304 1.0 0.0 0.0 0.0 0.0 1.0 0.0 0.0 0.0 0.0 1.0 0.0
1305031102.211214 0.9999762177467346 0.00342448428273201 -0.0059822965413331985 -0.0015938529977574944 -0.0034013057593256235 0.9999867081642151 0.0038804402574896812 0.008041884750127792 0.00599550548940897 -0.0038600002881139517 0.9999745488166809 0.010900130495429039
1305031102.275326 0.9998506307601929 0.002722649136558175 -0.017066607251763344 -0.0035623658914119005 -0.00227063475176692 0.9996475577354431 0.026448966935276985 0.008540719747543335 0.017132604494690895 -0.026406265795230865 0.9995044469833374 0.03518866375088692
1305031102.311267 0.9997367262840271 0.0007601311663165689 -0.022931760177016258 -0.0014742258936166763 7.860595360398293e-05 0.9993317127227783 0.036552295088768005 0.006426870822906494 0.022944221273064613 -0.036544475704431534 0.9990686178207397 0.048762161284685135
1305031102.343233 0.9996651411056519 -0.0030150236561894417 -0.025701116770505905 -0.0027743575628846884 0.0040458086878061295 0.9991855025291443 0.04014946520328522 0.007477934006601572 0.025559131056070328 -0.04024000093340874 0.9988631010055542 0.06012424826622009
1305031102.375329 0.999561607837677 -0.0027659921906888485 -0.029477519914507866 -0.003491358831524849 0.004068048670887947 0.9990142583847046 0.04420315846800804 0.008166305720806122 0.029326198622584343 -0.04430369660258293 0.9985876083374023 0.07236660271883011
1305031102.411258 0.9994509220123291 -0.0008562587318010628 -0.033122509717941284 -0.006991913542151451 0.0023713335394859314 0.9989510774612427 0.04572935774922371 0.012934279628098011 0.0330486074090004 -0.04578279331326485 0.9984045624732971 0.08317240327596664
1305031102.443271 0.9990423917770386 -0.002294862177222967 -0.0436910018324852 -0.0031000743620097637 0.004696276970207691 0.9984785914421082 0.0549405962228775 0.01798216998577118 0.043498445302248 -0.05509316548705101 0.9975332617759705 0.09341341257095337
1305031102.475318 0.9987200498580933 -0.0013907910324633121 -0.05056009069085121 0.00044188927859067917 0.004920059349387884 0.9975526332855225 0.0697462186217308 0.018014777451753616 0.05033934861421585 -0.06990569829940796 0.9962825775146484 0.1061289981007576
1305031102.511219 0.998833954334259 0.0018214029259979725 -0.04824237897992134 0.0008662701584398746 0.001975264400243759 0.9969093799591064 0.07853540033102036 0.019547060132026672 0.04823631793260574 -0.07853912562131882 0.9957433938980103 0.11907283216714859
1305031102.575286 0.9990139603614807 0.008058471605181694 -0.043659061193466187 0.001713193953037262 -0.0038916857447475195 0.995498538017273 0.09469626098871231 0.013539743609726429 0.04422564059495926 -0.09443296492099762 0.9945483207702637 0.14440442621707916
1305031102.611233 0.9993366003036499 0.006459630094468594 -0.035840630531311035 -0.001365868840366602 -0.0031958038453012705 0.9959017634391785 0.09038548916578293 0.011193769052624702 0.03627759963274002 -0.09021099656820297 0.9952616691589355 0.15629717707633972
1305031102.675285 0.9993695020675659 0.0019902477506548166 -0.03545037657022476 -0.006657865364104509 0.0010572224855422974 0.9963170886039734 0.08573883771896362 0.02193218283355236 0.035490453243255615 -0.08572225272655487 0.9956867098808289 0.1794632226228714
1305031102.711263 0.9993239045143127 -0.0002448207524139434 -0.03676571696996689 -0.006375771481543779 0.003500649007037282 0.9960683584213257 0.08851796388626099 0.021353958174586296 0.036599498242139816 -0.08858678489923477 0.9953957796096802 0.19305726885795593
1305031102.743234 0.9992830753326416 -0.004012200981378555 -0.03764309361577034 -0.0062440368346869946 0.00728721683844924 0.9961577653884888 0.087272509932518 0.02924385666847229 0.037148308008909225 -0.08748426288366318 0.9954729080200195 0.20461930334568024
1305031102.775472 0.9993800520896912 1.0478266631253064e-05 -0.03520577400922775 -0.003827466629445553 0.0032385250087827444 0.9957326650619507 0.09222779422998428 0.0296151265501976 0.03505650907754898 -0.09228462725877762 0.995115339756012 0.21815642714500427
1305031102.811232 0.9996179938316345 0.0015073722461238503 -0.027593372389674187 -0.005991376005113125 0.0010758687276393175 0.9956313371658325 0.0933646634221077 0.0335359089076519 0.0276135616004467 -0.09335868060588837 0.9952495694160461 0.23008397221565247
1305031102.84329 0.9997151494026184 0.003234759671613574 -0.023645620793104172 -0.0031936855521053076 -0.0009169575059786439 0.9952465295791626 0.09738323837518692 0.03406647965312004 0.023848235607147217 -0.09733380377292633 0.9949659705162048 0.24358083307743073
1305031102.875363 0.9998652935028076 0.007523418869823217 -0.014586308971047401 -0.007629759609699249 -0.006095601711422205 0.9954037070274353 0.09557312726974487 0.036592815071344376 0.015238307416439056 -0.0954713374376297 0.9953154921531677 0.25536805391311646
1305031102.911185 0.999878466129303 0.01001505833119154 -0.011945846490561962 -0.008021513931453228 -0.00884990394115448 0.9955431818962097 0.09388988465070724 0.04039306938648224 0.012832919135689735 -0.09377274662256241 0.9955108761787415 0.2672611474990845
1305031102.975203 0.9997817277908325 0.013535224832594395 -0.015916645526885986 -0.0228374432772398 -0.0119901979342103 0.995551586151123 0.09345144778490067 0.04690350592136383 0.017110729590058327 -0.09324018657207489 0.9954965710639954 0.28773733973503113
1305031103.011215 0.9995091557502747 0.008809797465801239 -0.030065111815929413 -0.021745655685663223 -0.005906263366341591 0.9954279661178589 0.09533152729272842 0.05016852170228958 0.03076750971376896 -0.09510716795921326 0.9949913620948792 0.2986462414264679
1305031103.043227 0.9991264939308167 0.004929771181195974 -0.04149654135107994 -0.022784408181905746 -0.0008179527940228581 0.9951339960098267 0.09852734208106995 0.05337041988968849 0.041780341416597366 -0.0984073355793953 0.9942687749862671 0.3098456561565399
1305031103.075319 0.9987093210220337 0.0006411548238247633 -0.050787732005119324 -0.01781081221997738 0.004408614244312048 0.9950522780418396 0.09925439953804016 0.05283943563699722 0.0506000891327858 -0.09935018420219421 0.9937650561332703 0.32151874899864197
1305031103.11124 0.9987617135047913 -0.002139490330591798 -0.049703359603881836 -0.01865866780281067 0.006815006025135517 0.9955403208732605 0.09409057348966599 0.06051262468099594 0.04928039014339447 -0.09431280195713043 0.9943221211433411 0.3287135064601898
1305031103.143318 0.998714029788971 -0.004361450206488371 -0.050508949905633926 -0.018145963549613953 0.009272665716707706 0.9952008724212646 0.09741286933422089 0.0626201331615448 0.049841687083244324 -0.09775597602128983 0.99396151304245 0.3389757573604584
1305031103.175452 0.99887615442276 -0.006885297130793333 -0.04689458757638931 -0.01904323324561119 0.011293270625174046 0.9954710006713867 0.0943918451666832 0.06979945302009583 0.046032290905714035 -0.09481533616781235 0.9944301247596741 0.34590253233909607
1305031103.243216 0.9987333416938782 -0.016166318207979202 -0.04765044525265694 -0.019857555627822876 0.021588854491710663 0.9930638074874878 0.11557753384113312 0.0790078192949295 0.045451465994119644 -0.11645985394716263 0.9921548962593079 0.36146828532218933
1305031103.27537 0.9986905455589294 -0.021479032933712006 -0.04643300175666809 -0.028595246374607086 0.027440425008535385 0.9908930063247681 0.1318257749080658 0.08101914077997208 0.04317864775657654 -0.1329272985458374 0.9901847839355469 0.36566776037216187
1305031103.31121 0.9974433183670044 -0.01945166289806366 -0.06876422464847565 -0.02544068545103073 0.029556971043348312 0.988373339176178 0.14914587140083313 0.07483524084091187 0.06506358087062836 -0.1507970243692398 0.9864212870597839 0.3727586269378662
1305031103.343223 0.9965779185295105 -0.019078804180026054 -0.08042703568935394 -0.019483592361211777 0.030948486179113388 0.9883482456207275 0.14903044700622559 0.07725679129362106 0.0766465812921524 -0.15100955963134766 0.985556423664093 0.3755698502063751
1305031103.375327 0.9965195655822754 -0.0226666908711195 -0.08021895587444305 -0.01649891957640648 0.035084184259176254 0.9869829416275024 0.15695098042488098 0.07567059248685837 0.07561717927455902 -0.15921911597251892 0.9843431115150452 0.3762618601322174
1305031103.41126 0.9967146515846252 -0.024815045297145844 -0.07709965109825134 -0.018816005438566208 0.03709369897842407 0.9860669374465942 0.1621607095003128 0.07110824435949326 0.0720013976097107 -0.16448786854743958 0.9837477207183838 0.37545591592788696
1305031103.44328 0.9964290857315063 -0.02456396259367466 -0.08078180998563766 -0.02017195150256157 0.03752902150154114 0.9858912229537964 0.16312606632709503 0.0682329311966896 0.07563506066799164 -0.16557523608207703 0.9832924604415894 0.37092727422714233
1305031103.475274 0.9962031245231628 -0.019204450771212578 -0.08491555601358414 -0.02047121524810791 0.03290377929806709 0.9860761761665344 0.16300657391548157 0.06467781960964203 0.0806027501821518 -0.1651816964149475 0.982964038848877 0.3666970431804657
1305031103.511333 0.9959040880203247 -0.015545636415481567 -0.08907030522823334 -0.01879855804145336 0.029784230515360832 0.9865311980247498 0.16083906590938568 0.05853645130991936 0.085370272397995 -0.16283315420150757 0.9829534292221069 0.361016184091568
1305031103.543444 0.9957515001296997 -0.011986926198005676 -0.09129805862903595 -0.018057940527796745 0.025952883064746857 0.987829327583313 0.1533612608909607 0.05340011790394783 0.08834857493638992 -0.15507915616035461 0.9839435815811157 0.3524632751941681
1305031103.575474 0.9957649111747742 -0.011220069602131844 -0.09124927967786789 -0.021095233038067818 0.024288007989525795 0.9893680214881897 0.1433914750814438 0.051809269934892654 0.08867025375366211 -0.14500047266483307 0.9854504466056824 0.34210047125816345
1305031103.611223 0.9950905442237854 -0.014114564284682274 -0.09795695543289185 -0.021375466138124466 0.027864830568432808 0.9896944165229797 0.14045891165733337 0.04599962756037712 0.09496492892503738 -0.14249886572360992 0.9852287769317627 0.33214688301086426
1305031103.643445 0.9942730069160461 -0.014275334775447845 -0.10591268539428711 -0.020779408514499664 0.028604652732610703 0.990427553653717 0.13503716886043549 0.041708581149578094 0.10297112911939621 -0.13729339838027954 0.985163688659668 0.32114970684051514
1305031103.675523 0.9934324026107788 -0.016228673979640007 -0.11326414346694946 -0.01687874086201191 0.030858784914016724 0.9912113547325134 0.12863799929618835 0.039280034601688385 0.11018107086420059 -0.1312883496284485 0.9852023124694824 0.31048011779785156
1305031103.71161 0.9929773807525635 -0.017040932551026344 -0.11707170307636261 -0.013432752341032028 0.03173545375466347 0.9916709661483765 0.12482589483261108 0.03455812484025955 0.11396946758031845 -0.12766462564468384 0.9852474927902222 0.2980901598930359
1305031103.743326 0.9930036067962646 -0.014928551390767097 -0.11713652312755585 -0.011233655735850334 0.029345855116844177 0.9920541048049927 0.122341088950634 0.026954082772135735 0.1143793836236 -0.12492262572050095 0.9855514764785767 0.2857275903224945
1305031103.775342 0.9933397769927979 -0.009241587482392788 -0.11485159397125244 -0.011193055659532547 0.022553391754627228 0.9930917620658875 0.11515237390995026 0.025379937142133713 0.1129939928650856 -0.11697573959827423 0.9866858720779419 0.27062419056892395
1305031103.811242 0.9937241077423096 -0.0016669273609295487 -0.11184581369161606 -0.011228641495108604 0.01488879881799221 0.9929630756378174 0.11748459935188293 0.022230174392461777 0.11086291819810867 -0.11841252446174622 0.9867561459541321 0.2569422423839569
1305031103.843251 0.99386066198349 0.0032592250499874353 -0.11059019714593887 -0.013233602978289127 0.010163332335650921 0.9926501512527466 0.12059120833873749 0.024461623281240463 0.11017042398452759 -0.1209748312830925 0.986522912979126 0.24343319237232208
1305031103.875361 0.9933124780654907 0.011623365804553032 -0.1148693710565567 -0.014757909812033176 0.004226326942443848 0.9905920624732971 0.13678213953971863 0.013297868892550468 0.11537857353687286 -0.13635289669036865 0.9839184880256653 0.2311926782131195
1305031103.911221 0.9923629760742188 0.01532896887511015 -0.1223956048488617 -0.01329827681183815 0.001539556309580803 0.9906318783760071 0.13655036687850952 0.005836958065629005 0.12334217876195908 -0.13569596409797668 0.98304283618927 0.21788136661052704
1305031103.943211 0.9915993809700012 0.01616087183356285 -0.12833261489868164 -0.011018031276762486 0.0009915018454194069 0.9911850690841675 0.13248062133789062 0.002646414563059807 0.12934239208698273 -0.13149496912956238 0.9828425049781799 0.20223914086818695
1305031103.975373 0.9910390973091125 0.01777399145066738 -0.1323835849761963 -0.008474785834550858 -0.000398402102291584 0.9914959669113159 0.13013701140880585 -0.003077894449234009 0.1335708498954773 -0.1289181411266327 0.9826183319091797 0.1909007877111435
1305031104.011232 0.9906318187713623 0.02047169953584671 -0.13501675426959991 -0.0034560058265924454 -0.0037965993396937847 0.9924464225769043 0.122622050344944 -0.008519496768712997 0.13650713860988617 -0.12096070498228073 0.983226478099823 0.17746950685977936
1305031104.043249 0.9913382530212402 0.02299051731824875 -0.12930577993392944 -0.0005755499005317688 -0.008979074656963348 0.9941197037696838 0.10791496932506561 -0.01070948876440525 0.13102640211582184 -0.10581918805837631 0.9857151508331299 0.16224431991577148
1305031104.075425 0.9923317432403564 0.02684812620282173 -0.12065295875072479 0.0025695916265249252 -0.01484021544456482 0.9949429035186768 0.09934227913618088 -0.01090887188911438 0.12270990759134293 -0.09678997844457626 0.987711489200592 0.14658918976783752
1305031104.111235 0.9932950735092163 0.029051413759589195 -0.11189661920070648 0.0075957803055644035 -0.01837986335158348 0.9952840805053711 0.09524670988321304 -0.01728629693388939 0.11413592100143433 -0.09255146980285645 0.9891447424888611 0.1350879818201065
1305031104.14323 0.9947105050086975 0.031252022832632065 -0.09784908592700958 0.004727942869067192 -0.0228382870554924 0.9960372447967529 0.08595584332942963 -0.021997902542352676 0.10014759004116058 -0.0832664743065834 0.9914822578430176 0.11895736306905746
1305031104.175424 0.9953448176383972 0.03158590570092201 -0.09105446934700012 0.004421884194016457 -0.024525247514247894 0.9966795444488525 0.07764529436826706 -0.024495402351021767 0.09320453554391861 -0.0750507339835167 0.992814302444458 0.10470344126224518
1305031104.211283 0.9957930445671082 0.03130067139863968 -0.08611917495727539 0.005357231944799423 -0.02519170194864273 0.9971489906311035 0.0711306482553482 -0.030405309051275253 0.08810003101825714 -0.06866195052862167 0.9937423467636108 0.09156538546085358
1305031104.243196 0.9961700439453125 0.031294021755456924 -0.08164482563734055 0.005687106866389513 -0.02634955570101738 0.9977930188179016 0.0609508641064167 -0.031705137342214584 0.08337198197841644 -0.058566149324178696 0.9947959780693054 0.07874314486980438
1305031104.275546 0.9965410828590393 0.03276770934462547 -0.07636897265911102 0.006082090549170971 -0.028882678598165512 0.9982588291168213 0.05143304169178009 -0.03274710103869438 0.07792128622531891 -0.04904942214488983 0.9957520961761475 0.06534656137228012
1305031104.311219 0.9969626069068909 0.03232128918170929 -0.07085779309272766 0.007728373631834984 -0.02930419333279133 0.9986360669136047 0.04321367293596268 -0.03354939445853233 0.07215782254934311 -0.041005998849868774 0.9965498447418213 0.05385773256421089
1305031104.343342 0.9974433779716492 0.03176771104335785 -0.06401056796312332 0.010600937530398369 -0.029433872550725937 0.9988788366317749 0.03707916662096977 -0.03407038375735283 0.06511671841144562 -0.035100307315588 0.9972601532936096 0.04359043762087822
1305031104.375837 0.9980277419090271 0.031130436807870865 -0.054511357098817825 0.0106956260278821 -0.029345855116844177 0.9990165829658508 0.03323782980442047 -0.03497758507728577 0.05549245700240135 -0.0315726064145565 0.9979597926139832 0.032695457339286804
1305031104.411509 0.9985439777374268 0.029890796169638634 -0.04490402340888977 0.007074509281665087 -0.028548376634716988 0.9991347193717957 0.03024488314986229 -0.03577017784118652 0.04576922208070755 -0.028918925672769547 0.9985333681106567 0.022257644683122635
1305031104.443288 0.9987860321998596 0.027866503223776817 -0.04061584919691086 0.0033542956225574017 -0.026691993698477745 0.9992178678512573 0.029178479686379433 -0.03575211763381958 0.04139718413352966 -0.028058962896466255 0.9987486600875854 0.011968869715929031
1305031104.475456 0.9987748265266418 0.02775617316365242 -0.04096607118844986 -0.0017383262747898698 -0.026561783626675606 0.9992144107818604 0.02941730059683323 -0.036782506853342056 0.041750386357307434 -0.028293147683143616 0.9987273812294006 0.00218660244718194
1305031104.511329 0.9985893964767456 0.025926940143108368 -0.04633534699678421 -0.0022672272752970457 -0.02458444982767105 0.9992679953575134 0.0293120127171278 -0.0408991314470768 0.04706139117479324 -0.028131555765867233 0.9984958171844482 -0.005629128310829401
1305031104.543368 0.9984224438667297 0.023964470252394676 -0.05077964812517166 -0.0006170517299324274 -0.022815002128481865 0.9994729161262512 0.023096447810530663 -0.04323870688676834 0.05130637809634209 -0.021901467815041542 0.9984427690505981 -0.014741873368620872
1305031104.575343 0.9983112215995789 0.021860288456082344 -0.05382205918431282 0.006260086316615343 -0.02099842019379139 0.9996429085731506 0.016527071595191956 -0.04857635125517845 0.05416411533951759 -0.015368973836302757 0.9984138011932373 -0.021305998787283897
1305031104.611336 0.9986624121665955 0.01883108541369438 -0.048154447227716446 0.012812791392207146 -0.018839141353964806 0.9998225569725037 0.00028657354414463043 -0.05585760623216629 0.04815129190683365 0.0006210021674633026 0.9988399147987366 -0.02802925556898117
1305031104.643243 0.9992849826812744 0.01401297003030777 -0.0351138599216938 0.01749189756810665 -0.014926113188266754 0.9995536804199219 -0.02587958611547947 -0.05266023799777031 0.03473552688956261 0.02638520672917366 0.9990482926368713 -0.0386495366692543
1305031104.675525 0.9997105002403259 0.012695885263383389 -0.02043967880308628 0.02236776240170002 -0.013563723303377628 0.9989874958992004 -0.04289528355002403 -0.06364048272371292 0.019874393939971924 0.043160103261470795 0.9988704919815063 -0.05279422551393509
1305031104.711277 0.9999463558197021 0.009133164770901203 -0.004902053624391556 0.02199072204530239 -0.009457532316446304 0.9974436163902283 -0.07082848250865936 -0.06395097076892853 0.004242638126015663 0.07087104022502899 0.9974765777587891 -0.06381681561470032
1305031104.74328 0.9999468922615051 0.005879560951143503 0.008462857455015182 0.024039382115006447 -0.005028833169490099 0.9952468276023865 -0.097254179418087 -0.06308110803365707 -0.008994441479444504 0.09720645844936371 0.9952235817909241 -0.07367853820323944
1305031104.775327 0.9997273683547974 0.0023664531763643026 0.02322797290980816 0.024191468954086304 0.00048698089085519314 0.9925204515457153 -0.12207703292369843 -0.06121031194925308 -0.023343127220869064 0.12205507606267929 0.9922488331794739 -0.08188427239656448
1305031104.811465 0.999388575553894 -0.001401596935465932 0.03493766486644745 0.02772195264697075 0.006443779915571213 0.9894648790359497 -0.1446293294429779 -0.05646044760942459 -0.034366875886917114 0.14476603269577026 0.9888689517974854 -0.08739914000034332
1305031104.843258 0.9987120032310486 -0.0035216244868934155 0.05061519518494606 0.024122480303049088 0.011669280007481575 0.9867881536483765 -0.16159480810165405 -0.05379341542720795 -0.04937739670276642 0.16197732090950012 0.9855583310127258 -0.09573522210121155
1305031104.87535 0.9982776045799255 -0.00637560710310936 0.058320507407188416 0.02089245617389679 0.016522619873285294 0.9843932390213013 -0.17520520091056824 -0.045546770095825195 -0.05629327520728111 0.17586703598499298 0.9828031063079834 -0.10057888925075531
1305031104.911534 0.9981693625450134 -0.012190019711852074 0.0592389851808548 0.023537762463092804 0.02269257791340351 0.9834038019180298 -0.18000519275665283 -0.04170164465904236 -0.05606158450245857 0.18101993203163147 0.981880247592926 -0.10207602381706238
1305031104.943262 0.9979860782623291 -0.013085161335766315 0.06206916645169258 0.021056460216641426 0.02423887513577938 0.9829040169715881 -0.1825157105922699 -0.038969025015830994 -0.058619800955057144 0.1836526244878769 0.9812417030334473 -0.10148698091506958
1305031104.975202 0.9980899691581726 -0.01464515458792448 0.06001593917608261 0.021071288734674454 0.025366760790348053 0.9829723834991455 -0.18199372291564941 -0.033174604177474976 -0.05632869154214859 0.18316851556301117 0.9814664125442505 -0.09852639585733414
1305031105.01129 0.9981377124786377 -0.016268543899059296 0.058791425079107285 0.021205008029937744 0.026298074051737785 0.9843794703483582 -0.17408457398414612 -0.02825375646352768 -0.05504097416996956 0.17530646920204163 0.982974112033844 -0.09229806810617447
1305031105.043373 0.9982401132583618 -0.014749772846698761 0.05743957683444023 0.020839866250753403 0.02404840849339962 0.9860450029373169 -0.16473211348056793 -0.022679172456264496 -0.05420825630426407 0.16582345962524414 0.9846644401550293 -0.08369943499565125
1305031105.07532 0.9984210133552551 -0.012032827362418175 0.05486999452114105 0.021245039999485016 0.020146280527114868 0.988510012626648 -0.14980679750442505 -0.02423916757106781 -0.0524369478225708 0.15067563951015472 0.9871915578842163 -0.07423309981822968
1305031105.111299 0.9984801411628723 -0.007503636181354523 0.05459937825798988 0.016907978802919388 0.014969288371503353 0.9903688430786133 -0.1376420259475708 -0.026248034089803696 -0.05304071307182312 0.13825011253356934 0.988976001739502 -0.06387237459421158
1305031105.143106 0.9987235069274902 -0.004280757158994675 0.05033092945814133 0.011920074932277203 0.01081355381757021 0.9914218783378601 -0.1302521526813507 -0.012901213020086288 -0.04934161528944969 0.13063010573387146 0.9902026057243347 -0.0504351444542408
1305031105.175159 0.9991238117218018 -0.0006513542030006647 0.04184626415371895 0.011661897413432598 0.005009528715163469 0.9945513606071472 -0.1041271984577179 -0.009676476009190083 -0.04155043512582779 0.10424560308456421 0.9936832189559937 -0.036172717809677124
1305031105.211268 0.9993955492973328 0.002460275776684284 0.03467816859483719 0.008019575849175453 0.00019279978005215526 0.9970852732658386 -0.07629548758268356 -0.01773603819310665 -0.03476479649543762 0.07625605165958405 0.9964820742607117 -0.023030009120702744
1305031105.24327 0.9996609091758728 0.006073771044611931 0.025321438908576965 0.0022720443084836006 -0.004530947655439377 0.9981549978256226 -0.06054764240980148 -0.015110625885426998 -0.02564246766269207 0.06041237711906433 0.9978440999984741 -0.008947386406362057
1305031105.275288 0.9998587369918823 0.008872133679687977 0.014277996495366096 -0.003568037645891309 -0.008269116282463074 0.9990937113761902 -0.0417526550590992 -0.010585776530206203 -0.014635493978857994 0.04162868112325668 0.9990259408950806 0.005450696684420109
1305031105.31129 0.9999322295188904 0.011580177582800388 0.0011921711266040802 -0.007788688410073519 -0.01155570987612009 0.9997562766075134 -0.018813610076904297 -0.014772353693842888 -0.0014097429811954498 0.018798545002937317 0.9998222589492798 0.01651913858950138
1305031105.343302 0.9998608827590942 0.012967773713171482 -0.010489175096154213 -0.010540945455431938 -0.012988190166652203 0.9999138712882996 -0.001880599302239716 -0.01744721084833145 0.01046388503164053 0.0020165732130408287 0.999943196773529 0.032006800174713135
1305031105.375338 0.9997246861457825 0.013875899836421013 -0.018921982496976852 -0.013346847146749496 -0.013763876631855965 0.9998870491981506 0.006037730257958174 -0.01907118782401085 0.019003624096512794 -0.00577562814578414 0.9998027086257935 0.04532301425933838
1305031105.411286 0.9994903206825256 0.01518508791923523 -0.028082940727472305 -0.015087153762578964 -0.014873203821480274 0.9998258948326111 0.011281425133347511 -0.007777741178870201 0.028249353170394897 -0.01085798628628254 0.9995420575141907 0.05875486880540848
1305031105.443316 0.9991443157196045 0.01729930005967617 -0.037566281855106354 -0.01424514502286911 -0.01621428318321705 0.9994480013847351 0.028997700661420822 -0.013788515701889992 0.0380471907556057 -0.028363794088363647 0.9988734126091003 0.07351704686880112
1305031105.47528 0.9988510012626648 0.0165878813713789 -0.04495973885059357 -0.014005395583808422 -0.014989625662565231 0.9992517828941345 0.03565541282296181 -0.012250552885234356 0.04551755636930466 -0.03494053706526756 0.9983523488044739 0.08709383010864258
1305031105.511332 0.9984936118125916 0.015425276942551136 -0.05265573039650917 -0.010892000049352646 -0.013026074506342411 0.9988745450973511 0.04560694098472595 -0.01134367287158966 0.05329996347427368 -0.04485233873128891 0.9975706934928894 0.09999842196702957
1305031105.543282 0.9984601736068726 0.014135148376226425 -0.05364178493618965 -0.012013625353574753 -0.011224493384361267 0.9984681010246277 0.05417950078845024 -0.012082950212061405 0.05432545766234398 -0.05349396541714668 0.9970893263816833 0.11478795111179352
1305031105.575449 0.9983682036399841 0.014489777386188507 -0.05523691326379776 -0.014139683917164803 -0.011215061880648136 0.9981866478919983 0.05914054065942764 -0.009741181507706642 0.055993691086769104 -0.05842454358935356 0.9967201948165894 0.12826161086559296
1305031105.611378 0.9982101917266846 0.012851273640990257 -0.05840606987476349 -0.012427961453795433 -0.008930576965212822 0.9977197051048279 0.06690016388893127 -0.012454922311007977 0.059132643043994904 -0.06625882536172867 0.996048629283905 0.1439904272556305
1305031105.643273 0.9982746839523315 0.00866474024951458 -0.058075860142707825 -0.014935042709112167 -0.004849501885473728 0.9978398680686951 0.06551587581634521 -0.00846845656633377 0.058518052101135254 -0.06512120366096497 0.996160089969635 0.15788677334785461
1305031105.711309 0.9981957077980042 0.005788023583590984 -0.05976582318544388 -0.007623419165611267 -0.001527598942629993 0.9974689483642578 0.0710863322019577 -0.0102023771032691 0.06002599745988846 -0.07086677104234695 0.9956780076026917 0.18770988285541534
1305031105.743312 0.9986359477043152 0.004658606369048357 -0.05200614035129547 -0.0074090780690312386 -0.0013044248335063457 0.9979267716407776 0.06434442102909088 -0.0026869243010878563 0.05219808593392372 -0.06418879330158234 0.9965716600418091 0.20052894949913025
1305031105.775339 0.9989802241325378 0.004244545008987188 -0.04494846239686012 -0.00424623116850853 -0.0011618912685662508 0.9976580739021301 0.0683872252702713 -0.004758891649544239 0.04513346403837204 -0.06826525181531906 0.9966457486152649 0.21636201441287994
1305031105.811283 0.9993827939033508 0.0019769100472331047 -0.03507000952959061 -0.004738345742225647 0.00032333843410015106 0.9978549480438232 0.06546357274055481 -0.002981109544634819 0.03512420132756233 -0.06543450802564621 0.9972384572029114 0.23053202033042908
1305031105.843271 0.9996086955070496 0.0005023150006309152 -0.027965275570750237 -0.003444837871938944 0.0012094952398911119 0.9981271624565125 0.06116141006350517 0.0004854584112763405 0.027943624183535576 -0.06117131933569908 0.9977360367774963 0.2444799691438675
1305031105.875337 0.9998393058776855 -0.0037079041358083487 -0.01754034124314785 -0.0034016454592347145 0.004672527778893709 0.998460054397583 0.05527731031179428 0.009997155517339706 0.017308369278907776 -0.055350374430418015 0.9983169436454773 0.2567899823188782
1305031105.911262 0.9998599886894226 -0.013293740339577198 -0.010163670405745506 -0.0026532842312008142 0.013887109234929085 0.9980576038360596 0.06073058024048805 0.013411327265202999 0.009336595423519611 -0.06086321175098419 0.9981023669242859 0.2714569568634033
1305031105.943272 0.9998324513435364 -0.01797047257423401 -0.003494790755212307 -0.0027515338733792305 0.01815735176205635 0.9977853298187256 0.06399121135473251 0.01936144195497036 0.0023371046409010887 -0.06404393911361694 0.9979442954063416 0.2836204767227173
1305031105.975329 0.999775767326355 -0.021162189543247223 0.000855766236782074 -0.0032743150368332863 0.021047787740826607 0.997246503829956 0.07110853493213654 0.024800047278404236 -0.002358216792345047 -0.07107456773519516 0.9974681735038757 0.2962104082107544
1305031106.011285 0.9996781349182129 -0.025076908990740776 0.003852350637316704 -0.0016898775938898325 0.0246928408741951 0.9965464472770691 0.07927995920181274 0.029042433947324753 -0.00582713820040226 -0.07915930449962616 0.9968449473381042 0.3092080056667328
1305031106.043355 0.9995858669281006 -0.02738315425813198 0.008847519755363464 -0.0033184573985636234 0.026499442756175995 0.9957661628723145 0.08801917731761932 0.03277447074651718 -0.011220308020710945 -0.08774826675653458 0.9960795044898987 0.3211914598941803
1305031106.07533 0.9994552135467529 -0.0318329893052578 0.008703498169779778 -0.002703420352190733 0.03083200938999653 0.9947385787963867 0.09769546985626221 0.03511001542210579 -0.011767640709877014 -0.09737391024827957 0.9951782822608948 0.33385753631591797
1305031106.111327 0.9993859529495239 -0.033527277410030365 0.010181542485952377 -0.005858121905475855 0.03230856731534004 0.9942024350166321 0.10255511105060577 0.0442260205745697 -0.01356091070920229 -0.10216319561004639 0.9946752190589905 0.34233763813972473
1305031106.143355 0.9992572665214539 -0.03784365952014923 0.007276024669408798 -0.0075615691021084785 0.036727968603372574 0.9923915863037109 0.11751490831375122 0.04531543329358101 -0.011667860671877861 -0.1171603873372078 0.9930444359779358 0.3536666929721832
1305031106.175534 0.9992364048957825 -0.03885309770703316 0.004141607321798801 -0.008725826628506184 0.03802226111292839 0.9913005828857422 0.12600581347942352 0.04692039638757706 -0.009001295082271099 -0.12575213611125946 0.992020845413208 0.3634871244430542
1305031106.211275 0.9991883635520935 -0.0402594730257988 0.0013550333678722382 -0.009821792133152485 0.03971828892827034 0.9902506470680237 0.13351388275623322 0.0467243418097496 -0.006717021577060223 -0.13335169851779938 0.9910460114479065 0.3730226755142212
1305031106.243267 0.998900830745697 -0.046873148530721664 -0.00031839124858379364 -0.012039919383823872 0.04649975523352623 0.9900408983230591 0.13287904858589172 0.05000641196966171 -0.00591324083507061 -0.1327477991580963 0.9911321997642517 0.3805936276912689
1305031106.276385 0.9988007545471191 -0.04865473881363869 -0.005449434742331505 -0.011880080215632915 0.04894733801484108 0.9899335503578186 0.1327994018793106 0.05628564953804016 -0.0010667387396097183 -0.13290688395500183 0.9911279082298279 0.3870948553085327
1305031106.311238 0.9984052777290344 -0.05572539567947388 -0.009031519293785095 -0.011813072487711906 0.05644052475690842 0.9886332750320435 0.13935141265392303 0.06003358215093613 0.0011634454131126404 -0.13963894546031952 0.9902017712593079 0.3928731381893158
1305031106.343258 0.9983711838722229 -0.05595003068447113 -0.01115955039858818 -0.012946553528308868 0.05698307603597641 0.9875198602676392 0.1468246430158615 0.06637194752693176 0.0028054348658770323 -0.1472213715314865 0.9890995621681213 0.3950667381286621
1305031106.375388 0.999066948890686 -0.04102104529738426 -0.013501780107617378 -0.009044500067830086 0.04268500953912735 0.9854571223258972 0.16447558999061584 0.06735561043024063 0.006558466702699661 -0.16489845514297485 0.9862887263298035 0.3977804183959961
1305031106.41132 0.9995250105857849 -0.030574526637792587 -0.003854759968817234 -0.0069978986866772175 0.030764851719141006 0.9827665686607361 0.18227297067642212 0.06001080572605133 -0.0017845802940428257 -0.1823049783706665 0.9832403659820557 0.39936357736587524
1305031106.443278 0.9997106194496155 -0.02207716554403305 0.009551418013870716 -0.012862804345786572 0.019918167963624 0.9823687076568604 0.18588972091674805 0.05589514225721359 -0.013486930169165134 -0.1856456696987152 0.9825242161750793 0.39810240268707275
1305031106.475345 0.9997677206993103 -0.019032368436455727 0.010112698189914227 -0.01585397869348526 0.016814405098557472 0.9823222160339355 0.1864413321018219 0.05323366820812225 -0.013482346199452877 -0.1862279772758484 0.9824140667915344 0.3944360613822937
1305031106.511129 0.9998304843902588 -0.01794741116464138 0.004135250113904476 -0.017295654863119125 0.01688092201948166 0.982795238494873 0.18392524123191833 0.04916313290596008 -0.007365088444203138 -0.18382424116134644 0.9829316735267639 0.38909029960632324
1305031106.543302 0.999879777431488 -0.014699015766382217 -0.004927832167595625 -0.01580836996436119 0.015338241122663021 0.9841701984405518 0.17656080424785614 0.04719867929816246 0.0022545568645000458 -0.17661519348621368 0.9842774271965027 0.3799145519733429
1305031106.575282 0.9998834729194641 -0.012733060866594315 -0.008421333506703377 -0.01571233570575714 0.01398986391723156 0.9850616455078125 0.17163336277008057 0.043918900191783905 0.006110114976763725 -0.17173120379447937 0.9851248860359192 0.3698049783706665
1305031106.611151 0.99986732006073 -0.006632686592638493 -0.01487492211163044 -0.01580711640417576 0.009069726802408695 0.9853530526161194 0.17028547823429108 0.042652375996112823 0.013527601957321167 -0.1703978031873703 0.9852825403213501 0.3580959737300873
1305031106.643207 0.9997895359992981 -0.0017185774631798267 -0.02044457197189331 -0.015168005600571632 0.005213945638388395 0.985053300857544 0.1721707284450531 0.035907432436943054 0.019843103364109993 -0.17224110662937164 0.9848549962043762 0.3472158908843994
1305031106.675279 0.9997537732124329 -0.0012535399291664362 -0.022154727950692177 -0.020397596061229706 0.004900188650935888 0.9862271547317505 0.1653239130973816 0.03595477342605591 0.021642353385686874 -0.16539178788661957 0.9859904646873474 0.3331894874572754
1305031106.711508 0.9994075298309326 0.001566376886330545 -0.034381937235593796 -0.020444195717573166 0.004270469769835472 0.9856007099151611 0.16903533041477203 0.03206195682287216 0.03415163978934288 -0.16908203065395355 0.9850101470947266 0.32178062200546265
1305031106.743341 0.9988488554954529 0.0010337485000491142 -0.04795658215880394 -0.020059920847415924 0.006975509226322174 0.9860097765922546 0.16654156148433685 0.028127968311309814 0.047457821667194366 -0.16668438911437988 0.9848675727844238 0.3060951828956604
1305031106.77539 0.9981334805488586 0.0015772809274494648 -0.06104898080229759 -0.0181374903768301 0.00858466885983944 0.9861162304878235 0.16583454608917236 0.02365821786224842 0.060462962836027145 -0.16604910790920258 0.9842620491981506 0.29061824083328247
1305031106.811289 0.9975930452346802 0.0034342787694185972 -0.06925445795059204 -0.01705964282155037 0.008136065676808357 0.9860759377479553 0.1660967469215393 0.022101260721683502 0.06886057555675507 -0.16626042127609253 0.9836745858192444 0.2758323550224304
1305031106.843416 0.9969482421875 0.006972697097808123 -0.07775236666202545 -0.01598929613828659 0.006427831947803497 0.985288679599762 0.17077726125717163 0.012489214539527893 0.07779929786920547 -0.17075589299201965 0.9822370409965515 0.2626809775829315
1305031106.875905 0.996470034122467 0.013818596489727497 -0.08280458301305771 -0.013594802469015121 -0.0006266571581363678 0.9875563383102417 0.15726421773433685 0.009796710684895515 0.08394736051559448 -0.15665718913078308 0.9840788841247559 0.24436849355697632
1305031106.911243 0.9965710639953613 0.023203950375318527 -0.07942108809947968 -0.014341805130243301 -0.011004433035850525 0.9885146021842957 0.15072502195835114 0.008235834538936615 0.08200627565383911 -0.14933420717716217 0.9853802919387817 0.2251671701669693
1305031106.943439 0.9965023994445801 0.032155830413103104 -0.07713000476360321 -0.013698698952794075 -0.020426247268915176 0.9887310266494751 0.14830373227596283 0.002374185249209404 0.08102960884571075 -0.14620955288410187 0.9859294891357422 0.20994284749031067
1305031106.975547 0.9965634346008301 0.035876400768756866 -0.07466056942939758 -0.010734661482274532 -0.025143461301922798 0.9898285269737244 0.1400260478258133 -0.006559375673532486 0.07892479002475739 -0.13766762614250183 0.9873289465904236 0.19429516792297363
1305031107.011576 0.9968225359916687 0.042955268174409866 -0.06707979738712311 -0.012826595455408096 -0.034451793879270554 0.991790771484375 0.12314170598983765 -0.002605438232421875 0.07181872427463531 -0.12043941020965576 0.9901192784309387 0.1727064847946167
1305031107.043281 0.9969322681427002 0.04730217903852463 -0.06235845386981964 -0.012498477473855019 -0.03925023227930069 0.9914356470108032 0.12455795705318451 -0.008448926731944084 0.06771625578403473 -0.12172825634479523 0.990250825881958 0.15787798166275024
1305031107.075432 0.9970741271972656 0.049295905977487564 -0.05842255800962448 -0.01593863219022751 -0.042179521173238754 0.9921961426734924 0.11733660846948624 -0.015905270352959633 0.06375081092119217 -0.11452905833721161 0.991372287273407 0.14180153608322144
1305031107.111229 0.9969179630279541 0.050419654697179794 -0.060102060437202454 -0.015409374609589577 -0.043925587087869644 0.993516206741333 0.10486385971307755 -0.013858374208211899 0.0649995431303978 -0.10190066695213318 0.9926688075065613 0.1254936307668686
1305031107.14326 0.996955394744873 0.04883876442909241 -0.06078526750206947 -0.01066475547850132 -0.04245726764202118 0.9938597083091736 0.1021774560213089 -0.015705667436122894 0.06540225446224213 -0.09928558766841888 0.9929072260856628 0.10939067602157593
1305031107.175399 0.9969876408576965 0.05138779431581497 -0.058093708008527756 -0.009589548222720623 -0.04533395916223526 0.9938417077064514 0.10111132264137268 -0.0243770070374012 0.0629318431019783 -0.098173126578331 0.9931774735450745 0.09701912850141525
1305031107.211358 0.9970754384994507 0.05362318083643913 -0.05445266142487526 -0.007179477252066135 -0.04862111806869507 0.9948116540908813 0.08936280757188797 -0.029608717188239098 0.058962058275938034 -0.08645389974117279 0.9945095777511597 0.08356630057096481
1305031107.243378 0.9973534345626831 0.05422264337539673 -0.048436783254146576 -0.006323793902993202 -0.05050702020525932 0.9959117770195007 0.07489404082298279 -0.02846364676952362 0.05229967087507248 -0.07224942743778229 0.9960144758224487 0.0692947506904602
1305031107.275398 0.9976704716682434 0.053519003093242645 -0.04230078309774399 -0.004385525360703468 -0.050649359822273254 0.9965186715126038 0.06622348725795746 -0.033988747745752335 0.04569771885871887 -0.06392670422792435 0.9969077706336975 0.05881929025053978
1305031107.311226 0.9978513121604919 0.05472764000296593 -0.036026787012815475 -0.00294031435623765 -0.05283259600400925 0.9972693920135498 0.051604002714157104 -0.03828480467200279 0.03875259682536125 -0.04958973824977875 0.9980176091194153 0.04722185432910919
1305031107.343509 0.9980337619781494 0.054440125823020935 -0.031067125499248505 0.001855508890002966 -0.05348232761025429 0.9980917572975159 0.030870530754327774 -0.0435703881084919 0.032688457518815994 -0.02914830483496189 0.9990404844284058 0.03634706884622574
1305031107.375413 0.9983130097389221 0.05400928854942322 -0.021320518106222153 0.0028426116332411766 -0.05382942035794258 0.9985105395317078 0.008922822773456573 -0.03761991113424301 0.021770697087049484 -0.00776011124253273 0.9997329115867615 0.023734185844659805
1305031107.411271 0.9983702301979065 0.0557875819504261 -0.012035636231303215 0.004777910653501749 -0.05583316087722778 0.9984342455863953 -0.003484301269054413 -0.03974694386124611 0.011822430416941643 0.004150576889514923 0.9999215006828308 0.014779816381633282
1305031107.443419 0.9984593391418457 0.05534564331173897 -0.004013475030660629 0.007398298475891352 -0.05540108308196068 0.9983465075492859 -0.015349440276622772 -0.0372922420501709 0.0031573399901390076 0.015548113733530045 0.9998741745948792 0.008611900731921196
