1305031108.243347 0.9999411702156067 -0.0003124958311673254 0.010842040181159973 0.029868781566619873 0.00013502791989594698 0.9998660087585449 0.016365377232432365 -0.0005878625670447946 -0.010845701210200787 -0.016362953931093216 0.9998072981834412 0.012352711521089077
1305031108.275358 0.9998170137405396 -0.0017737275920808315 0.019046012312173843 0.03772522136569023 0.0015577172162011266 0.9999343156814575 0.011350358836352825 0.006269402801990509 -0.019064897671341896 -0.011318615637719631 0.9997543096542358 0.014479652047157288
1305031108.311332 0.9996393322944641 -0.004168698564171791 0.02652774192392826 0.03669436648488045 0.003643060801550746 0.9997966885566711 0.01983220875263214 0.00678594596683979 -0.026605024933815002 -0.019728414714336395 0.9994513392448425 0.01577843353152275
1305031108.343278 0.999698281288147 -0.007991999387741089 0.023228177800774574 0.043995995074510574 0.007312174420803785 0.9995465874671936 0.02920624241232872 0.009975351393222809 -0.0234510637819767 -0.029027577489614487 0.9993035197257996 0.01894563063979149
1305031108.37541 0.9997158050537109 -0.01872476562857628 0.014754886738955975 0.05400019511580467 0.018152432516217232 0.9991123676300049 0.038012564182281494 0.012779722921550274 -0.01545356772840023 -0.03773391991853714 0.9991682767868042 0.022030064836144447
1305031108.411361 0.999542236328125 -0.029564620926976204 0.006416277028620243 0.06260541826486588 0.029205327853560448 0.9983078837394714 0.050283052027225494 0.01150753628462553 -0.007892020046710968 -0.050072647631168365 0.9987144470214844 0.02491038292646408
1305031108.44361 0.9991125464439392 -0.0421098954975605 0.0009460542351007462 0.07325244694948196 0.041986413300037384 0.9974708557128906 0.05734894424676895 0.01440261211246252 -0.003358621383085847 -0.05725831910967827 0.9983537793159485 0.02827233448624611
1305031108.475471 0.9984731674194336 -0.05522877350449562 -0.0010398989543318748 0.08245880901813507 0.05517550930380821 0.9962573647499084 0.06653361767530441 0.011760133318603039 -0.0026385639794170856 -0.06648939102888107 0.9977836608886719 0.031571365892887115
1305031108.511378 0.9979740977287292 -0.06362158060073853 9.071476961253211e-05 0.09732595831155777 0.0634755864739418 0.9957785606384277 0.06630190461874008 0.010841787792742252 -0.004308560397475958 -0.06616181135177612 0.9977995753288269 0.03693699091672897
1305031108.543737 0.9980640411376953 -0.06068042293190956 0.013638604432344437 0.1075267642736435 0.05973227694630623 0.9963124990463257 0.06159122288227081 0.00759008526802063 -0.017325690016150475 -0.0606573186814785 0.9980082511901855 0.03851073607802391
1305031108.575414 0.9979544281959534 -0.0594707727432251 0.02345515787601471 0.11535293608903885 0.058183249086141586 0.9969398379325867 0.052208445966243744 0.0123728197067976 -0.02648826502263546 -0.05073695629835129 0.9983606934547424 0.03620315343141556
1305031108.611407 0.9975241422653198 -0.06126159802079201 0.034533388912677765 0.12401654571294785 0.05931556224822998 0.9967334866523743 0.05481007695198059 0.01168455183506012 -0.037778340280056 -0.05262601748108864 0.9978994131088257 0.0386059395968914
1305031108.643303 0.996741533279419 -0.0653473362326622 0.04728599265217781 0.13005518913269043 0.06279394030570984 0.9965857267379761 0.05360788106918335 0.015068775042891502 -0.050627682358026505 -0.05046393722295761 0.997441828250885 0.04058332368731499
1305031108.675375 0.995922863483429 -0.07322914153337479 0.052679069340229034 0.14182539284229279 0.07017195969820023 0.9958638548851013 0.05771566927433014 0.018827922642230988 -0.056687645614147186 -0.05378377437591553 0.9969422221183777 0.039044953882694244
1305031108.711411 0.9946773052215576 -0.07769887149333954 0.06767570972442627 0.15208962559700012 0.07327814400196075 0.9951566457748413 0.0655251145362854 0.021509181708097458 -0.07243916392326355 -0.06021719053387642 0.9955532550811768 0.04766232892870903
1305031108.743502 0.9936715960502625 -0.07940670847892761 0.07944495230913162 0.15559302270412445 0.07380583137273788 0.9947337508201599 0.07111593335866928 0.01945887692272663 -0.084673672914505 -0.0648023709654808 0.9942991733551025 0.04996683821082115
1305031108.775493 0.9926900863647461 -0.08494041860103607 0.08574208617210388 0.16184423863887787 0.07883091270923615 0.9942632913589478 0.07229244709014893 0.021815767511725426 -0.09139074385166168 -0.0650048479437828 0.9936911463737488 0.05055294185876846
1305031108.811244 0.9914070963859558 -0.09514277428388596 0.08977749943733215 0.16759559512138367 0.08834587782621384 0.9931192994117737 0.07687213271856308 0.02143949456512928 -0.0964735820889473 -0.06828010827302933 0.9929907917976379 0.05151043087244034
1305031108.843264 0.9901819825172424 -0.10484977811574936 0.0924462080001831 0.16691051423549652 0.09783841669559479 0.992189884185791 0.07737546414136887 0.019481534138321877 -0.09983699023723602 -0.0675709918141365 0.9927067160606384 0.05353524535894394
1305031108.876515 0.9893639087677002 -0.11703242361545563 0.08638737350702286 0.16827702522277832 0.11079128831624985 0.9910979270935059 0.07382672280073166 0.01978902518749237 -0.09425845742225647 -0.0634705200791359 0.9935224652290344 0.05173792317509651
1305031108.911364 0.9885833859443665 -0.12991569936275482 0.07631981372833252 0.1718555986881256 0.1245807334780693 0.9896692633628845 0.07095305621623993 0.015695767477154732 -0.08474928885698318 -0.060635048896074295 0.994555652141571 0.048679981380701065
1305031108.943243 0.9886924624443054 -0.13231201469898224 0.07057425379753113 0.16989371180534363 0.1280103474855423 0.9898105263710022 0.06235912814736366 0.013269425369799137 -0.07810600847005844 -0.05261977016925812 0.9955553412437439 0.04609166458249092
1305031108.975268 0.9896907806396484 -0.1303309202194214 0.059381045401096344 0.16781027615070343 0.12743030488491058 0.9905722737312317 0.050279002636671066 0.017668036743998528 -0.06537413597106934 -0.04219372197985649 0.9969683289527893 0.04051763936877251
1305031109.011269 0.9907624125480652 -0.12525734305381775 0.05196605995297432 0.16659192740917206 0.12268154323101044 0.9911799430847168 0.050115108489990234 0.018412355333566666 -0.057785000652074814 -0.04327688738703728 0.9973905682563782 0.03998076170682907
1305031109.043277 0.9913827180862427 -0.12033449858427048 0.05176910385489464 0.16090331971645355 0.11787483096122742 0.9918575882911682 0.04820713400840759 0.017170658335089684 -0.057148560881614685 -0.0416894406080246 0.9974948763847351 0.038778677582740784
1305031109.07541 0.9928076267242432 -0.11034286767244339 0.0464487187564373 0.1556805968284607 0.10817732661962509 0.9930288195610046 0.046812504529953 0.021695230156183243 -0.05129033699631691 -0.0414511114358902 0.9978231191635132 0.034994203597307205
1305031109.111282 0.9935156106948853 -0.10588578879833221 0.04141072556376457 0.15176641941070557 0.10355016589164734 0.9931033849716187 0.05498194694519043 0.019780823960900307 -0.046946942806243896 -0.050337329506874084 0.9976282715797424 0.034493084996938705
1305031109.143334 0.9941022992134094 -0.09859087318181992 0.045171648263931274 0.134732186794281 0.09597877413034439 0.9937644600868225 0.056747760623693466 0.01789494790136814 -0.050484783947467804 -0.052077554166316986 0.9973660707473755 0.035623807460069656
1305031109.175464 0.9953088760375977 -0.09124089032411575 0.03217553719878197 0.12703925371170044 0.08942525088787079 0.9945308566093445 0.0539582259953022 0.02087499015033245 -0.03692275285720825 -0.05082779377698898 0.9980246424674988 0.03172757104039192
1305031109.211379 0.9950963854789734 -0.09704693406820297 0.01910988613963127 0.12183716893196106 0.09593101590871811 0.9940003752708435 0.052541911602020264 0.03375624865293503 -0.02409425936639309 -0.05045103281736374 0.9984357357025146 0.031139325350522995
1305031109.24329 0.9942071437835693 -0.10646943002939224 0.014713544398546219 0.11158856749534607 0.10508892685174942 0.9916483759880066 0.07476590573787689 0.028690388426184654 -0.022550946101546288 -0.07278656959533691 0.9970925450325012 0.03144378960132599
1305031109.275308 0.9934197664260864 -0.11394977569580078 0.011513207107782364 0.09508533775806427 0.11254442483186722 0.9898899793624878 0.08632297068834305 0.017660189419984818 -0.021233290433883667 -0.08445921540260315 0.9962006211280823 0.030246876180171967
1305031109.311329 0.9934220910072327 -0.1144687682390213 -0.0030505191534757614 0.08254144340753555 0.11435875296592712 0.9903974533081055 0.07768639922142029 0.020398549735546112 -0.0058714356273412704 -0.07752426713705063 0.9969731569290161 0.029334336519241333
1305031109.343248 0.993140459060669 -0.11434298008680344 -0.024446221068501472 0.07433280348777771 0.11591681092977524 0.9902248978614807 0.07757533341646194 0.02477402240037918 0.01533706858754158 -0.07987692952156067 0.9966867566108704 0.024304302409291267
1305031109.375397 0.9927162528038025 -0.11276625841856003 -0.042405933141708374 0.06749767065048218 0.11601878702640533 0.9896675944328308 0.08424853533506393 0.02144457772374153 0.03246738016605377 -0.08855477720499039 0.995542049407959 0.02320733852684498
1305031109.411329 0.9932925701141357 -0.10284856706857681 -0.052839212119579315 0.0545477531850338 0.10705968737602234 0.9906762838363647 0.08425459265708923 0.022178996354341507 0.043681081384420395 -0.08934642374515533 0.9950423240661621 0.020315619185566902
1305031109.443302 0.9937546253204346 -0.09200701862573624 -0.06313906610012054 0.045910149812698364 0.09739610552787781 0.991314172744751 0.08837577700614929 0.024848133325576782 0.054459456354379654 -0.09397333860397339 0.9940841794013977 0.016778625547885895
1305031109.475363 0.9939893484115601 -0.08422907441854477 -0.06993341445922852 0.03866131603717804 0.0906834751367569 0.9913457036018372 0.09492254257202148 0.022495711222290993 0.061332955956459045 -0.10069382190704346 0.9930251836776733 0.01706424169242382
1305031109.511273 0.9946795105934143 -0.07519183307886124 -0.0704195573925972 0.024867601692676544 0.08179984986782074 0.9919945597648621 0.0962052047252655 0.018825197592377663 0.06262197345495224 -0.10145363956689835 0.9928673505783081 0.016016092151403427
1305031109.543294 0.9947115182876587 -0.0703989565372467 -0.07478725910186768 0.01719932071864605 0.0770811140537262 0.9929016828536987 0.09058000892400742 0.018826374784111977 0.06787966191768646 -0.0958656594157219 0.9930770397186279 0.013528288342058659
1305031109.575362 0.9948529601097107 -0.0708264708518982 -0.07246579229831696 0.005708643700927496 0.07711019366979599 0.9931363463401794 0.08794420957565308 0.020653478801250458 0.06573963165283203 -0.09307940304279327 0.9934860467910767 0.0094501543790102
1305031109.61131 0.9949595928192139 -0.06644526869058609 -0.0751032680273056 -0.004288158845156431 0.07295320183038712 0.9934879541397095 0.0875183567404747 0.021382594481110573 0.06879901885986328 -0.09255626052618027 0.993327796459198 0.008548343554139137
1305031109.643229 0.994978666305542 -0.06343303620815277 -0.07741937786340714 -0.012526949867606163 0.07014340162277222 0.9937114119529724 0.08727860450744629 0.022763630375266075 0.07139620184898376 -0.09227080643177032 0.9931710362434387 0.0058231353759765625
1305031109.675263 0.9946231245994568 -0.06753220409154892 -0.07851224392652512 -0.022085340693593025 0.07464528828859329 0.9930030703544617 0.09150484204292297 0.023451553657650948 0.07178337872028351 -0.09687341004610062 0.9927048087120056 0.00366966612637043
1305031109.711312 0.9944223761558533 -0.06525054574012756 -0.08286525309085846 -0.03398504853248596 0.07308369874954224 0.9927611947059631 0.09530968219041824 0.025573374703526497 0.0760464146733284 -0.10083416849374771 0.991992712020874 0.003139371983706951
1305031109.743274 0.9941534399986267 -0.06328292936086655 -0.08748922497034073 -0.045608870685100555 0.07226518541574478 0.9919866919517517 0.10363392531871796 0.026161275804042816 0.08022989332675934 -0.10935044288635254 0.9907602667808533 0.0004814346320927143
1305031109.775277 0.9939039349555969 -0.06265449523925781 -0.09071763604879379 -0.05436241626739502 0.0725221037864685 0.9912917613983154 0.10991355031728745 0.025182349607348442 0.08304107934236526 -0.11582253128290176 0.9897927641868591 0.0012454371899366379
1305031109.811371 0.9935938119888306 -0.06115002557635307 -0.09503815323114395 -0.06200305372476578 0.0720248594880104 0.9906852841377258 0.11556423455476761 0.02426738105714321 0.08708613365888596 -0.12166901677846909 0.9887430667877197 -0.0009722411632537842
1305031109.843296 0.9935019016265869 -0.05751696601510048 -0.09821298718452454 -0.07482209801673889 0.0690777450799942 0.9905256628990173 0.11868945509195328 0.027960283681750298 0.0904558077454567 -0.1247025579214096 0.9880622625350952 0.0003792010247707367
1305031109.875306 0.9932991862297058 -0.05191740766167641 -0.10325323045253754 -0.08639050275087357 0.06498467177152634 0.9897056221961975 0.12751443684101105 0.026096507906913757 0.09557006508111954 -0.13336987793445587 0.9864475727081299 -0.0011547282338142395
1305031109.911265 0.9927270412445068 -0.04167986661195755 -0.11294207721948624 -0.097379170358181 0.056493666023015976 0.989729642868042 0.1313149631023407 0.02393704280257225 0.10630891472101212 -0.13674041628837585 0.984886109828949 0.0010997885838150978
1305031109.943299 0.9919965267181396 -0.03346860781311989 -0.12174909561872482 -0.10384304821491241 0.049349766224622726 0.990303099155426 0.1298632174730301 0.03009256348013878 0.11622215062379837 -0.13483214378356934 0.9840288758277893 0.0023391451686620712
1305031109.975258 0.9920749664306641 -0.022270184010267258 -0.12365823239088058 -0.11523102223873138 0.03943983465433121 0.9896203279495239 0.13818928599357605 0.02968595176935196 0.11929719150066376 -0.1419711709022522 0.9826558232307434 0.003547806292772293
1305031110.011256 0.9912219047546387 -0.008385483175516129 -0.1319430023431778 -0.12116244435310364 0.027754543349146843 0.9889461994171143 0.14565469324588776 0.027905603870749474 0.12926311790943146 -0.14803814888000488 0.9804977774620056 0.0068491436541080475
1305031110.043299 0.9911370277404785 0.005585950333625078 -0.1327267438173294 -0.13094355165958405 0.014479816891252995 0.9886201620101929 0.14973518252372742 0.028892645612359047 0.13205274939537048 -0.15032991766929626 0.9797770380973816 0.007465634495019913
1305031110.075319 0.9914986491203308 0.01590397208929062 -0.12914182245731354 -0.14358802139759064 0.003785083768889308 0.9885566234588623 0.1508021205663681 0.032318614423274994 0.13006240129470825 -0.1500089019536972 0.9800923466682434 0.007688943296670914
1305031110.111325 0.9911746382713318 0.026800910010933876 -0.12982533872127533 -0.15496237576007843 -0.005763639695942402 0.9871359467506409 0.1597789227962494 0.03247259557247162 0.13243749737739563 -0.15762053430080414 0.978578507900238 0.009271545335650444
1305031110.143432 0.9896002411842346 0.03483905270695686 -0.13956265151500702 -0.1613379567861557 -0.010672569274902344 0.9853355884552002 0.1702931523323059 0.02394011989235878 0.14344893395900726 -0.1670326292514801 0.9754601716995239 0.009128483012318611
1305031110.175641 0.988359808921814 0.03650858253240585 -0.14768946170806885 -0.16767503321170807 -0.01102699525654316 0.9854170680046082 0.1697990447282791 0.028950711712241173 0.1517348438501358 -0.16619397699832916 0.9743490815162659 0.008523233234882355
1305031110.211637 0.9883411526679993 0.04387660324573517 -0.14579717814922333 -0.18519087135791779 -0.01775025762617588 0.9842520952224731 0.17587672173976898 0.02959807962179184 0.15121807157993317 -0.1712382733821869 0.9735555648803711 0.010051978752017021
1305031110.243323 0.9870749711990356 0.043438319116830826 -0.15426062047481537 -0.19306188821792603 -0.015621453523635864 0.9840607643127441 0.17714446783065796 0.028393572196364403 0.15949667990207672 -0.17244507372379303 0.9720203280448914 0.01154240220785141
1305031110.279321 0.9854593276977539 0.04454152286052704 -0.16397017240524292 -0.1976817548274994 -0.015167907811701298 0.9842368960380554 0.1762031614780426 0.025998570024967194 0.16923385858535767 -0.1711539775133133 0.9706009030342102 0.012173011898994446
1305031110.311404 0.9847524166107178 0.0491073839366436 -0.1668873280286789 -0.20869532227516174 -0.020471777766942978 0.9853769540786743 0.16915398836135864 0.027588725090026855 0.17275364696979523 -0.16315831243991852 0.9713575839996338 0.009704537689685822
1305031110.343355 0.9826576113700867 0.05146908387541771 -0.17814384400844574 -0.21514153480529785 -0.021407999098300934 0.985771894454956 0.1667194664478302 0.029027504846453667 0.18419015407562256 -0.16001442074775696 0.9697779417037964 0.009185448288917542
1305031110.379281 0.9812420606613159 0.058012254536151886 -0.18384426832199097 -0.22810350358486176 -0.027209321036934853 0.9857776165008545 0.1658373922109604 0.028216468170285225 0.1908501535654068 -0.1577243059873581 0.9688649773597717 0.006224453449249268
1305031110.411469 0.9787451028823853 0.06416961550712585 -0.1947830319404602 -0.23687979578971863 -0.0321565605700016 0.9860575795173645 0.1632681041955948 0.03195164352655411 0.20254409313201904 -0.15353429317474365 0.9671624302864075 0.0026790089905261993
1305031110.44326 0.9750008583068848 0.0738401710987091 -0.20957371592521667 -0.2408900111913681 -0.03770875558257103 0.9844739437103271 0.17143209278583527 0.03349156305193901 0.21897849440574646 -0.159243643283844 0.9626471996307373 0.004068426787853241
1305031110.479331 0.9722156524658203 0.08818599581718445 -0.2168418914079666 -0.2535264194011688 -0.048788994550704956 0.9823188185691833 0.18074627220630646 0.029798083007335663 0.2289472371339798 -0.16514483094215393 0.9593279957771301 0.002821352332830429
1305031110.511429 0.9686338901519775 0.09613588452339172 -0.22914305329322815 -0.2632492780685425 -0.054576098918914795 0.9819205403327942 0.18125589191913605 0.030974065884947777 0.24242544174194336 -0.1630648672580719 0.9563679695129395 0.0026778951287269592
1305031110.543408 0.965053915977478 0.10332221537828445 -0.24082313477993011 -0.27060818672180176 -0.05935988202691078 0.9812933802604675 0.18313829600811005 0.03413178399205208 0.25524041056632996 -0.16244305670261383 0.9531340003013611 -0.00011548399925231934
1305031110.579426 0.9606133699417114 0.11422207951545715 -0.25332897901535034 -0.2754845917224884 -0.06610962003469467 0.9793803095817566 0.19090235233306885 0.036922160536050797 0.26991066336631775 -0.16663581132888794 0.9483568072319031 -0.00032842159271240234
1305031110.611307 0.9585692882537842 0.12432291358709335 -0.2562982141971588 -0.28559017181396484 -0.07284469157457352 0.9768016338348389 0.20137543976306915 0.03476313501596451 0.27538812160491943 -0.17436233162879944 0.9453883767127991 0.0019351691007614136
1305031110.643418 0.9566786289215088 0.1293039470911026 -0.260857492685318 -0.29121002554893494 -0.07724708318710327 0.9765854477882385 0.20078302919864655 0.032375894486904144 0.2807115912437439 -0.1719343215227127 0.9442667365074158 0.00033970922231674194
1305031110.679606 0.9548125863075256 0.1342209428548813 -0.2651752233505249 -0.2959936261177063 -0.08265230804681778 0.9769372940063477 0.1968810260295868 0.03847486525774002 0.2854851186275482 -0.16606710851192474 0.9438855648040771 -0.0016376450657844543
1305031110.711412 0.9538425207138062 0.13746760785579681 -0.2669963240623474 -0.3012736141681671 -0.08302469551563263 0.9751372337341309 0.20546089112758636 0.03623508661985397 0.2886022627353668 -0.17381003499031067 0.9415407776832581 -0.002034232020378113
1305031110.743249 0.9526597857475281 0.14545240998268127 -0.2669886350631714 -0.30891430377960205 -0.09180749207735062 0.9747695326805115 0.20345911383628845 0.039697013795375824 0.28984612226486206 -0.16931577026844025 0.9419772624969482 0.0001294463872909546
1305031110.779193 0.9513005614280701 0.14657285809516907 -0.27118924260139465 -0.3102717101573944 -0.09238049387931824 0.9748471975326538 0.2028271108865738 0.0409674197435379 0.294096976518631 -0.16789697110652924 0.9409130215644836 -0.0004498213529586792
1305031110.811386 0.9508048892021179 0.15060970187187195 -0.27071553468704224 -0.31279948353767395 -0.09618204087018967 0.9741979241371155 0.20417480170726776 0.04152167588472366 0.2944812774658203 -0.16809242963790894 0.9407579898834229 -0.0012715458869934082
1305031110.843218 0.9489203095436096 0.15485218167304993 -0.2749018669128418 -0.3140462040901184 -0.09871099889278412 0.9732435345649719 0.20749235153198242 0.04179013520479202 0.2996771037578583 -0.16975785791873932 0.9388160705566406 -0.0001079365611076355
1305031110.879313 0.9482715129852295 0.1551714390516281 -0.27695322036743164 -0.31590935587882996 -0.09924828261137009 0.973578691482544 0.2056564837694168 0.04349749535322189 0.3015477657318115 -0.1675310730934143 0.9386170506477356 0.0006618574261665344
1305031110.911333 0.9475433230400085 0.15658961236476898 -0.27864235639572144 -0.31594839692115784 -0.09991542249917984 0.9731957316398621 0.20714055001735687 0.04380054026842117 0.30360957980155945 -0.1684339940547943 0.9377905130386353 0.0006029233336448669
1305031110.943862 0.9455786943435669 0.1585044413805008 -0.28417840600013733 -0.31241682171821594 -0.10112135112285614 0.9732362031936646 0.20636342465877533 0.044899143278598785 0.30928224325180054 -0.16639642417430878 0.9362992644309998 0.0018283277750015259
1305031110.979345 0.9443455338478088 0.15877686440944672 -0.288100004196167 -0.3035021722316742 -0.10079149156808853 0.9733378887176514 0.20604485273361206 0.04633970186114311 0.3131338357925415 -0.16553948819637299 0.9351702928543091 0.0027129575610160828
1305031111.011431 0.9454513192176819 0.15693289041519165 -0.28547149896621704 -0.29258254170417786 -0.09763240069150925 0.9725357890129089 0.2112862467765808 0.043608084321022034 0.3107891380786896 -0.17188957333564758 0.9348069429397583 0.005117394030094147
1305031111.043327 0.9502877593040466 0.15115848183631897 -0.2722211480140686 -0.2910422384738922 -0.0955512672662735 0.9736450910568237 0.20708732306957245 0.045290008187294006 0.2963498532772064 -0.1707814484834671 0.9396863579750061 0.005846142768859863
1305031111.079283 0.9532209038734436 0.147176131606102 -0.2640252411365509 -0.2885729968547821 -0.09273074567317963 0.9737241268157959 0.20799562335014343 0.04804673045873642 0.2876998484134674 -0.17378248274326324 0.941821813583374 0.005724027752876282
1305031111.111508 0.9537439346313477 0.14074496924877167 -0.26563799381256104 -0.2784620225429535 -0.08423782140016556 0.9733542203903198 0.2132730931043625 0.04413029924035072 0.2885771095752716 -0.18103115260601044 0.940186619758606 0.008924178779125214
1305031111.143257 0.955518901348114 0.13746455311775208 -0.26093557476997375 -0.27260491251945496 -0.08282308280467987 0.9742012619972229 0.20993365347385406 0.043157171458005905 0.28306230902671814 -0.17898406088352203 0.9422528743743896 0.010726258158683777
1305031111.179326 0.9564935564994812 0.13248148560523987 -0.25993984937667847 -0.2592923939228058 -0.07839173078536987 0.974894642829895 0.20841100811958313 0.03981234133243561 0.28102460503578186 -0.1789667010307312 0.9428658485412598 0.008870147168636322
1305031111.211433 0.960953950881958 0.12407756596803665 -0.24733000993728638 -0.2484666109085083 -0.07314280420541763 0.9759379625320435 0.20541447401046753 0.03867027908563614 0.26686614751815796 -0.17930345237255096 0.9469069242477417 0.007979437708854675
1305031111.243236 0.9636847972869873 0.12300438433885574 -0.2370266169309616 -0.24668273329734802 -0.07395996898412704 0.9758168458938599 0.20569704473018646 0.0362771674990654 0.25659623742103577 -0.18069665133953094 0.9494771957397461 0.008265402168035507
1305031111.279308 0.9628852605819702 0.11917191743850708 -0.24217814207077026 -0.23164471983909607 -0.0700809434056282 0.976862370967865 0.20206065475940704 0.030756236985325813 0.2606546878814697 -0.17758911848068237 0.9489580392837524 0.013020865619182587
1305031111.311547 0.967896044254303 0.11216287314891815 -0.224937304854393 -0.2330957055091858 -0.0717979297041893 0.981001615524292 0.18022383749485016 0.045425258576869965 0.24087844789028168 -0.1582878828048706 0.9575607180595398 0.013013042509555817
1305031111.343397 0.9678962230682373 0.1112247034907341 -0.2254023551940918 -0.22994019091129303 -0.0677480697631836 0.9790183305740356 0.19218043982982635 0.04089287295937538 0.2420482635498047 -0.17074011266231537 0.9551233053207397 0.010179664939641953
1305031111.379134 0.9651409983634949 0.1028602346777916 -0.24067091941833496 -0.21160005033016205 -0.05515975132584572 0.9788230657577515 0.19713656604290009 0.0332631915807724 0.25585177540779114 -0.17698925733566284 0.9503760933876038 0.018258027732372284
1305031111.411296 0.9668052792549133 0.10094599425792694 -0.2347283512353897 -0.20991654694080353 -0.05754448473453522 0.981071412563324 0.1848985254764557 0.03622051328420639 0.2489500492811203 -0.16525354981422424 0.9543140530586243 0.011825263500213623
1305031111.443386 0.9606755971908569 0.11053289473056793 -0.25472477078437805 -0.19149765372276306 -0.06313344091176987 0.9802777171134949 0.18726949393749237 0.03577481582760811 0.2704004943370819 -0.16382360458374023 0.9487072825431824 0.018603909760713577
1305031111.479259 0.9623240232467651 0.10805683583021164 -0.24951180815696716 -0.17705053091049194 -0.06358431279659271 0.9816306233406067 0.17988407611846924 0.035901185125112534 0.26436617970466614 -0.15724173188209534 0.9515175819396973 0.028074774891138077
1305031111.511264 0.9679566621780396 0.10574466735124588 -0.22776761651039124 -0.16712209582328796 -0.06660141050815582 0.9826382398605347 0.17316535115242004 0.03362421691417694 0.2421245276927948 -0.1524468958377838 0.9581938982009888 0.02552008256316185
1305031111.54325 0.9704490900039673 0.09989931434392929 -0.21965628862380981 -0.15499693155288696 -0.06369929015636444 0.9840463995933533 0.16611704230308533 0.032202817499637604 0.23274698853492737 -0.14721615612506866 0.9613302946090698 0.029181931167840958
1305031111.579237 0.9753904342651367 0.08114463090896606 -0.20501035451889038 -0.139639750123024 -0.04907311126589775 0.9863878488540649 0.1569415181875229 0.034399185329675674 0.2149546891450882 -0.14301876723766327 0.9660950899124146 0.026129301637411118
1305031111.611271 0.9798489212989807 0.06894572824239731 -0.18746410310268402 -0.1393093764781952 -0.03876001387834549 0.9863297343254089 0.16016004979610443 0.03165715932846069 0.19594377279281616 -0.14966656267642975 0.9691261649131775 0.022108055651187897
1305031111.643395 0.9779559969902039 0.054420944303274155 -0.2015952467918396 -0.12135077267885208 -0.02327476441860199 0.987834095954895 0.15375947952270508 0.028785880655050278 0.20751041173934937 -0.14567789435386658 0.9673248529434204 0.03006000444293022
1305031111.67932 0.9806737899780273 0.033822380006313324 -0.19270487129688263 -0.10331201553344727 -0.005895862355828285 0.9896058440208435 0.1436854898929596 0.030364826321601868 0.19556164741516113 -0.1397724449634552 0.9706796407699585 0.02739141322672367
1305031111.71176 0.9839097261428833 0.03187800571322441 -0.17580005526542664 -0.09562113881111145 -0.006054305005818605 0.9893377423286438 0.1455131471157074 0.028005152940750122 0.17856429517269135 -0.14210748672485352 0.9736118316650391 0.029707178473472595
1305031111.743386 0.9850573539733887 0.020831957459449768 -0.1709628403186798 -0.07070048153400421 0.003633701242506504 0.9899230599403381 0.14155960083007812 0.024451440200209618 0.17218902707099915 -0.14006558060646057 0.9750549793243408 0.03643562272191048
1305031111.779423 0.991478681564331 0.009263371117413044 -0.12993982434272766 -0.06015767157077789 0.00776759535074234 0.9914900064468384 0.12995195388793945 0.029515141621232033 0.13003776967525482 -0.12985391914844513 0.9829692244529724 0.0338786318898201
1305031111.811406 0.9953863620758057 0.006824535317718983 -0.09570423513650894 -0.059472277760505676 0.005252551753073931 0.9920955896377563 0.12537483870983124 0.028811698779463768 0.09580333530902863 -0.1252990961074829 0.9874826669692993 0.03516928851604462
1305031111.843299 0.9973872303962708 0.0018455599201843143 -0.07221880555152893 -0.053069353103637695 0.006695302203297615 0.9930098056793213 0.11784270405769348 0.029967939481139183 0.07193140685558319 -0.11801833659410477 0.99040287733078 0.03166922926902771
1305031111.879442 0.9980230331420898 -0.0069408412091434 -0.062466271221637726 -0.04534825310111046 0.014573589898645878 0.992351770401001 0.12257838994264603 0.027436478063464165 0.061137717217206955 -0.12324640899896622 0.9904910922050476 0.03122287057340145
1305031111.911354 0.9981462955474854 -0.017075933516025543 -0.058415304869413376 -0.04341478645801544 0.0240866020321846 0.9922990798950195 0.12150096148252487 0.025945531204342842 0.055890701711177826 -0.12268275767564774 0.9908708930015564 0.034155771136283875
1305031111.9433 0.996803343296051 -0.035633619874715805 -0.07150848954916 -0.029298095032572746 0.04394741728901863 0.9920070767402649 0.11828135699033737 0.026027385145425797 0.06672212481498718 -0.12104585021734238 0.9904019832611084 0.0351666659116745
1305031111.979449 0.995883584022522 -0.05081672966480255 -0.07505766302347183 -0.010306809097528458 0.05937258526682854 0.9914084672927856 0.11655062437057495 0.026327822357416153 0.06849009543657303 -0.1205272376537323 0.9903445839881897 0.03538694977760315
1305031112.011433 0.9966587424278259 -0.05079562962055206 -0.06396273523569107 0.0026388876140117645 0.05800243094563484 0.9915091395378113 0.11638453602790833 0.023297768086194992 0.05750780925154686 -0.1197056919336319 0.9911425113677979 0.03743456304073334
1305031112.04327 0.9976071715354919 -0.04819215089082718 -0.049575723707675934 0.015473099425435066 0.053425420075654984 0.9924601316452026 0.11031131446361542 0.022704504430294037 0.04388579726219177 -0.11269596964120865 0.9926599860191345 0.03672025352716446
1305031112.079339 0.9983542561531067 -0.048077378422021866 -0.031266793608665466 0.029211290180683136 0.05113232135772705 0.9930889010429382 0.10563992708921432 0.02412661537528038 0.02597181871533394 -0.10706482082605362 0.9939128756523132 0.03886415436863899
1305031112.111423 0.9992815256118774 -0.03774241730570793 -0.0034821899607777596 0.02643384411931038 0.03790201246738434 0.9944781064987183 0.09786058217287064 0.02609255723655224 -0.00023053400218486786 -0.09792222827672958 0.9951940178871155 0.039537280797958374
1305031112.144342 0.9996563196182251 -0.026185277849435806 0.0012562545016407967 0.04121500253677368 0.025944853201508522 0.9950699806213379 0.09572132676839828 0.027494056150317192 -0.003756552468985319 -0.09565584361553192 0.9954074025154114 0.038023244589567184
1305031112.17939 0.999528706073761 -0.022145992144942284 0.02125588059425354 0.05550425872206688 0.019902702420949936 0.9947384595870972 0.10049643367528915 0.028599899262189865 -0.02336963266134262 -0.10002605617046356 0.9947103261947632 0.04054168239235878
1305031112.211254 0.9988793730735779 -0.010222560726106167 0.04621140658855438 0.05814379081130028 0.00533073116093874 0.9944825768470764 0.104766346514225 0.02232087031006813 -0.04702741652727127 -0.10440261662006378 0.9934225678443909 0.0448046438395977
1305031112.243369 0.9980493187904358 -0.0011163732269778848 0.062419187277555466 0.07009927183389664 -0.004860002547502518 0.995416522026062 0.09551186859607697 0.018454045057296753 -0.062239717692136765 -0.09562893211841583 0.9934692978858948 0.04464446380734444
1305031112.279353 0.9970707297325134 0.0024511096999049187 0.07644476741552353 0.07552380114793777 -0.008744446560740471 0.9965857863426208 0.08209966123104095 0.02115287259221077 -0.07598254084587097 -0.08252765238285065 0.9936879873275757 0.048204824328422546
1305031112.311312 0.9966503977775574 0.006604453083127737 0.08151378482580185 0.08283861726522446 -0.012577320449054241 0.9972541332244873 0.07297995686531067 0.017431175336241722 -0.08080796152353287 -0.07376072555780411 0.9939966797828674 0.05066647008061409
1305031112.343323 0.9966514110565186 0.004454139620065689 0.0816459059715271 0.09119514375925064 -0.009381639771163464 0.9981502890586853 0.060068223625421524 0.01766977086663246 -0.08122733235359192 -0.060633059591054916 0.9948495626449585 0.050446175038814545
1305031112.37936 0.9970349073410034 -0.004825802054256201 0.07679830491542816 0.10165242105722427 0.0009733512415550649 0.9987426400184631 0.05012177303433418 0.0200656671077013 -0.07694362848997116 -0.049898408353328705 0.9957860112190247 0.05152105540037155
1305031112.411442 0.9973767399787903 -0.013359502889215946 0.07114149630069733 0.11071726679801941 0.010113734751939774 0.9988998770713806 0.04579044505953789 0.020520024001598358 -0.07167497277259827 -0.04495081305503845 0.9964146018028259 0.05059916526079178
1305031112.443391 0.9974109530448914 -0.02503756806254387 0.06741276383399963 0.1206885576248169 0.022006124258041382 0.9987291097640991 0.045341528952121735 0.017212670296430588 -0.06846233457326889 -0.0437406450510025 0.9966943860054016 0.05115179345011711
1305031112.479418 0.9969213008880615 -0.04458603262901306 0.06449776887893677 0.12740503251552582 0.04224257543683052 0.9984126687049866 0.03725295141339302 0.02051563560962677 -0.06605634838342667 -0.03441371023654938 0.9972221851348877 0.05118837580084801
1305031112.511504 0.9964898228645325 -0.060347020626068115 0.05801904946565628 0.13363319635391235 0.05835551768541336 0.9976670145988464 0.03542889654636383 0.018741218373179436 -0.060021717101335526 -0.031918808817863464 0.9976866245269775 0.051843028515577316
1305031112.543212 0.9964582920074463 -0.06480173021554947 0.053588636219501495 0.13858354091644287 0.06306921690702438 0.9974495768547058 0.03341423720121384 0.01672239601612091 -0.05561726167798042 -0.029916096478700638 0.9980038404464722 0.053519200533628464
1305031112.579252 0.9959143996238708 -0.07836609333753586 0.04486813396215439 0.14738953113555908 0.0771980807185173 0.9966446757316589 0.02720138616859913 0.01940898597240448 -0.04684925451874733 -0.023626521229743958 0.9986225366592407 0.05270896852016449
1305031112.611261 0.9951831698417664 -0.09100139886140823 0.03645677864551544 0.16382662951946259 0.0901322066783905 0.995620608329773 0.02481776662170887 0.024035481736063957 -0.0385555699467659 -0.02141229622066021 0.9990269541740417 0.051763951778411865
1305031112.643246 0.9931461215019226 -0.1080775260925293 0.044499218463897705 0.1735309660434723 0.10676289349794388 0.993803083896637 0.030936481431126595 0.025204580277204514 -0.047566987574100494 -0.025973573327064514 0.9985302090644836 0.05245383828878403
1305031112.679952 0.9917498230934143 -0.11400919407606125 0.05860297009348869 0.17420797049999237 0.11197595298290253 0.9930259585380554 0.03689132630825043 0.024471597746014595 -0.0624002069234848 -0.03002483956515789 0.9975994229316711 0.05448143184185028
1305031112.711251 0.9908308386802673 -0.11747221648693085 0.06674382090568542 0.1766585409641266 0.1149093434214592 0.9925281405448914 0.04103385657072067 0.02596691995859146 -0.07106543332338333 -0.03298811614513397 0.996925950050354 0.054940905421972275
1305031112.743245 0.9897968173027039 -0.12147167325019836 0.0744781345129013 0.17599596083164215 0.11804116517305374 0.9918056130409241 0.04886697977781296 0.030615605413913727 -0.07980377972126007 -0.03957689180970192 0.9960245490074158 0.054287321865558624
1305031112.77931 0.9884715676307678 -0.12669457495212555 0.08290096372365952 0.17423030734062195 0.1215810626745224 0.9905104637145996 0.06408732384443283 0.03061988390982151 -0.09023378044366837 -0.05326931178569794 0.9944949746131897 0.058075569570064545
1305031112.81131 0.988269031047821 -0.12398962676525116 0.08916918933391571 0.16452264785766602 0.11801731586456299 0.9905828833580017 0.06940905004739761 0.027688972651958466 -0.0969354659318924 -0.05807129666209221 0.9935951232910156 0.06000547111034393
1305031112.843286 0.9898567199707031 -0.12004435807466507 0.07598031312227249 0.1642584353685379 0.11507809162139893 0.9911153316497803 0.06668821722269058 0.034578293561935425 -0.0833108052611351 -0.05726810172200203 0.9948767423629761 0.058197300881147385
1305031112.879421 0.9897283911705017 -0.12579967081546783 0.06791331619024277 0.16446325182914734 0.12076164782047272 0.9899342060089111 0.07380270957946777 0.03456250578165054 -0.07651408016681671 -0.0648433119058609 0.9949578046798706 0.058993250131607056
1305031112.911411 0.9895272254943848 -0.1325938105583191 0.05705022066831589 0.1634698063135147 0.12802082300186157 0.9887397885322571 0.07748778164386749 0.03505449742078781 -0.06668221205472946 -0.06937265396118164 0.9953597187995911 0.05676967650651932
1305031112.943321 0.9903723001480103 -0.127824068069458 0.05313941091299057 0.15258930623531342 0.12311512976884842 0.988827109336853 0.08404500782489777 0.031185073778033257 -0.06328867375850677 -0.0766935721039772 0.9950440526008606 0.058253515511751175
1305031112.979278 0.9915677905082703 -0.12321687489748001 0.04013463482260704 0.1502067595720291 0.11952029168605804 0.9892532229423523 0.08422072231769562 0.030950680375099182 -0.05008073151111603 -0.07871366292238235 0.9956385493278503 0.05614205077290535
1305031113.011353 0.991826057434082 -0.12253133952617645 0.035595301538705826 0.1439155787229538 0.11922215670347214 0.9893381595611572 0.0836426317691803 0.034948740154504776 -0.04546463117003441 -0.07871521264314651 0.9958598613739014 0.05594079941511154
1305031113.043231 0.9925341606140137 -0.11739133298397064 0.03309447690844536 0.1372763216495514 0.1139141246676445 0.9891842603683472 0.09240180999040604 0.03378508239984512 -0.0435836985707283 -0.08794204145669937 0.9951716661453247 0.05587274953722954
1305031113.079251 0.9938701391220093 -0.10581904649734497 0.03200985863804817 0.12657132744789124 0.10215108841657639 0.9897147417068481 0.10014954954385757 0.024816110730171204 -0.04227835685014725 -0.09626582264900208 0.9944573640823364 0.05650665611028671
1305031113.111316 0.9950358867645264 -0.09726623445749283 0.02104061096906662 0.11992941051721573 0.09509754925966263 0.9916622042655945 0.08696318417787552 0.031153758987784386 -0.029323754832148552 -0.08453059196472168 0.9959892630577087 0.05371643602848053
1305031113.143306 0.9954404830932617 -0.09414191544055939 0.015352275222539902 0.11321374028921127 0.09241245687007904 0.9917111396789551 0.08926968276500702 0.033878326416015625 -0.02362903393805027 -0.08744393289089203 0.9958891272544861 0.04912576079368591
1305031113.179343 0.9951803088188171 -0.09688880294561386 0.015127203427255154 0.10108437389135361 0.09487169981002808 0.9903044104576111 0.10147063434123993 0.025460056960582733 -0.02481190860271454 -0.09954643994569778 0.9947234392166138 0.047194406390190125
1305031113.211259 0.9950832724571228 -0.09868400543928146 0.008425950072705746 0.08786037564277649 0.09739389270544052 0.9904265403747559 0.09782299399375916 0.02437395602464676 -0.01799885369837284 -0.09652137756347656 0.995168149471283 0.04507452994585037
1305031113.243227 0.9950510263442993 -0.09928090125322342 -0.004127283580601215 0.07726985961198807 0.09920606017112732 0.990225076675415 0.09804117679595947 0.027155231684446335 -0.0056466758251190186 -0.09796541184186935 0.9951737523078918 0.039738528430461884
1305031113.279312 0.994589626789093 -0.1023918092250824 -0.017535753548145294 0.07047054916620255 0.10367412865161896 0.9890371561050415 0.10515213757753372 0.021721381694078445 0.006576793268322945 -0.106401227414608 0.994301438331604 0.04108073562383652
1305031113.311452 0.993718683719635 -0.10872828960418701 -0.026486147195100784 0.05627021938562393 0.1108667179942131 0.9887116551399231 0.10078442096710205 0.014707604423165321 0.01522904448211193 -0.10308779031038284 0.994555652141571 0.039249733090400696
1305031113.343252 0.9936051368713379 -0.10542012006044388 -0.04043895751237869 0.039508137851953506 0.10859552770853043 0.9903045296669006 0.08662603050470352 0.017214540392160416 0.030914761126041412 -0.09046357870101929 0.9954198002815247 0.03440123423933983
