0.0 1.0 0.0 0.0 0.0 0.0 1.0 0.0 0.0 0.0 0.0 1.0 0.0
0.1033914 0.9999986886978149 0.0004740907752420753 0.00154897291213274 -0.0029472867026925087 -0.00046716362703591585 0.999989926815033 -0.004469381645321846 -0.002211053390055895 -0.0015510761877521873 0.004468652419745922 0.9999887943267822 0.9722366333007812
0.2071056 0.9999960660934448 -0.0019373472314327955 0.002023741602897644 0.0033693150617182255 0.0019475240260362625 0.99998539686203 -0.005038923118263483 -0.0027393405325710773 -0.0020139499101787806 0.0050428444519639015 0.9999852776527405 1.938683271408081
0.3102615 0.9999932646751404 -0.0028858573641628027 0.00224306364543736 0.0013276170939207077 0.0028886892832815647 0.9999949932098389 -0.0012603276409208775 -0.0013180917594581842 -0.0022394151892513037 0.0012667987029999495 0.9999966621398926 2.9076595306396484
0.4136209 0.9999833106994629 -0.0055842711590230465 0.0014804033562541008 0.005362550262361765 0.0055771274492144585 0.9999729990959167 0.004787385929375887 -0.003700409084558487 -0.0015070978552103043 -0.0047790491953492165 0.9999873638153076 3.8758935928344727
0.5179293 0.9999603629112244 -0.008900521323084831 -0.00014109094627201557 0.01448915433138609 0.008901083841919899 0.9999494552612305 0.004669003654271364 0.0036544762551784515 9.952730033546686e-05 -0.004670074209570885 0.9999890923500061 4.832950592041016
0.6203887 0.9999291896820068 -0.011841989122331142 -0.0011708722449839115 0.01684773713350296 0.011844244785606861 0.9999279975891113 0.00193877425044775 0.003979111090302467 0.001147828996181488 -0.001952505437657237 0.9999974370002747 5.785678386688232
0.7242193 0.9999191164970398 -0.012486524879932404 -0.0024032616056501865 0.018069269135594368 0.012482884339988232 0.9999209046363831 -0.0015235745813697577 0.007923085242509842 0.0024220957420766354 0.0014934518840163946 0.9999959468841553 6.7321577072143555
0.8272107 0.9999248385429382 -0.011965773068368435 -0.0026656121481209993 0.0056258272379636765 0.011959832161664963 0.999925971031189 -0.0022336370311677456 0.008924005553126335 0.002692141570150852 0.002201588824391365 0.9999939799308777 7.68969202041626
0.930557 0.9999260902404785 -0.011566135101020336 -0.003748903516680002 0.00032435357570648193 0.011565803550183773 0.9999330639839172 -0.00011033378541469574 0.007575834169983864 0.003749928902834654 6.696605123579502e-05 0.9999930262565613 8.637338638305664
1.03407 0.9999248385429382 -0.01136729959398508 -0.004587266128510237 -0.007992956787347794 0.011380838230252266 0.9999309182167053 0.00293562700971961 0.004262939095497131 0.004553580190986395 -0.0029876139014959335 0.9999852180480957 9.588676452636719
1.137438 0.9999149441719055 -0.01179069746285677 -0.005564624909311533 -0.011334739625453949 0.011813933961093426 0.9999215602874756 0.0041613210923969746 0.008020859211683273 0.005515124183148146 -0.004226708319038153 0.999975860118866 10.5333890914917
1.244258 0.9999001622200012 -0.012665553949773312 -0.00625608628615737 -0.018207021057605743 0.012696420773863792 0.9999073147773743 0.004918677732348442 0.014434833079576492 0.006193208508193493 -0.004997617099434137 0.9999683499336243 11.473686218261719
1.344229 0.9998900294303894 -0.013040296733379364 -0.007065675687044859 -0.026772309094667435 0.013075672090053558 0.999902069568634 0.004983818624168634 0.01507379487156868 0.006999994162470102 -0.005075658205896616 0.9999626278877258 12.40786361694336
1.447568 0.9998844265937805 -0.013269209302961826 -0.0074287778697907925 -0.0378924123942852 0.013298365287482738 0.9999039769172668 0.003889379557222128 0.013390623033046722 0.00737645523622632 -0.003987720236182213 0.9999648332595825 13.32364273071289
1.551083 0.9998619556427002 -0.014094226062297821 -0.008808090351521969 -0.05234185606241226 0.014110458083450794 0.9998989105224609 0.0017834310419857502 0.020141558721661568 0.00878206454217434 -0.001907471800222993 0.9999596476554871 14.257097244262695
1.654521 0.9998314380645752 -0.015208534896373749 -0.010278699919581413 -0.07006581127643585 0.015210545621812344 0.999884307384491 0.00011752772115869448 0.02715255878865719 0.010275723412632942 -0.00027385257999412715 0.9999471306800842 15.186819076538086
1.757843 0.9998169541358948 -0.014966065064072609 -0.011914253234863281 -0.08219454437494278 0.01496091391891241 0.9998879432678223 -0.0005214288830757141 0.02969258278608322 0.011920721270143986 0.0003430854412727058 0.9999289512634277 16.108530044555664
1.861353 0.9998124241828918 -0.013838768005371094 -0.01354367658495903 -0.10323642194271088 0.013821660540997982 0.9999035596847534 -0.001356086228042841 0.028836684301495552 0.01356113888323307 0.001168636023066938 0.999907374382019 17.03281021118164
1.964724 0.9998248815536499 -0.011997682973742485 -0.014359205029904842 -0.13439029455184937 0.011982287280261517 0.9999275207519531 -0.0011577396653592587 0.026227016001939774 0.014372054487466812 0.0009854810778051615 0.9998962879180908 17.946582794189453
2.068236 0.9997811913490295 -0.012560884468257427 -0.01672700233757496 -0.1375409960746765 0.012558618560433388 0.9999210238456726 -0.0002405459526926279 0.021373111754655838 0.016728704795241356 3.04253935610177e-05 0.9998599886894226 18.849477767944336
2.17162 0.9997669458389282 -0.01181881781667471 -0.018064741045236588 -0.15735480189323425 0.011831128038465977 0.9999297261238098 0.0005746980896219611 0.028623297810554504 0.018056681379675865 -0.0007882904610596597 0.9998366236686707 19.757278442382812
2.275131 0.9997509121894836 -0.01126936823129654 -0.019266340881586075 -0.1830570250749588 0.011305652558803558 0.9999344944953918 0.0017754151485860348 0.0207537692040205 0.019245075061917305 -0.001992790959775448 0.9998127222061157 20.658205032348633
2.378626 0.9997002482414246 -0.012867110781371593 -0.020827285945415497 -0.20598547160625458 0.012897929176688194 0.9999158978462219 0.0013460817281156778 0.02472814917564392 0.020808212459087372 -0.001614307169802487 0.999782145023346 21.57484245300293
2.48201 0.9996651411056519 -0.012555993162095547 -0.022627081722021103 -0.22260594367980957 0.012576484121382236 0.9999206066131592 0.0007634236244484782 0.02880942076444626 0.022615699097514153 -0.0010477370815351605 0.9997437000274658 22.452884674072266
2.585514 0.9996273517608643 -0.01240365020930767 -0.024319397285580635 -0.24048155546188354 0.01243218407034874 0.9999221563339233 0.0010224271100014448 0.030928265303373337 0.024304823949933052 -0.0013243891298770905 0.9997037053108215 23.33786964416504
2.689023 0.9996078610420227 -0.012065178714692593 -0.025270529091358185 -0.2670993208885193 0.012146326713263988 0.9999215006828308 0.0030601248145103455 0.033686574548482895 0.0252316202968359 -0.003365869168192148 0.999675989151001 24.212888717651367
2.793694 0.9995884895324707 -0.013146926648914814 -0.025494826957583427 -0.29428690671920776 0.013298015110194683 0.9998949766159058 0.005765778478235006 0.036276109516620636 0.02541634626686573 -0.006102437153458595 0.9996583461761475 25.072080612182617
2.896139 0.9995715022087097 -0.013312077149748802 -0.026068322360515594 -0.3172806203365326 0.013498877175152302 0.9998844265937805 0.007002992555499077 0.04274842143058777 0.02597208507359028 -0.007351885084062815 0.999635636806488 25.923315048217773
2.999556 0.9995597004890442 -0.012689933180809021 -0.02682085707783699 -0.3453516960144043 0.012856997549533844 0.9998989105224609 0.0060656131245195866 0.04518385976552963 0.02674117498099804 -0.006407777778804302 0.9996218681335449 26.7711181640625
3.103545 0.9995468258857727 -0.011076261289417744 -0.027990134432911873 -0.36920350790023804 0.011177150532603264 0.9999315738677979 0.003450502408668399 0.04568012058734894 0.027950003743171692 -0.0037617881316691637 0.9996022582054138 27.5952205657959
3.206573 0.999539315700531 -0.010588707402348518 -0.028442051261663437 -0.3982997536659241 0.01064982358366251 0.9999412894248962 0.0019981188233941793 0.04802097752690315 0.02841922454535961 -0.0023001013323664665 0.9995934963226318 28.409313201904297
3.310078 0.9995222091674805 -0.009508880786597729 -0.029408849775791168 -0.4268263876438141 0.009554386138916016 0.9999533295631409 0.0014072207268327475 0.052945785224437714 0.02939409762620926 -0.001687531592324376 0.9995664954185486 29.21379852294922
3.413963 0.9994857311248779 -0.009053617715835571 -0.03076178766787052 -0.45007744431495667 0.009088734164834023 0.9999582171440125 0.0010020050685852766 0.050136223435401917 0.030751431360840797 -0.001281075063161552 0.9995262622833252 30.029483795166016
3.517076 0.9994218349456787 -0.008480696007609367 -0.032925259321928024 -0.4773179888725281 0.008486182428896427 0.9999639987945557 2.6907247956842184e-05 0.05235191062092781 0.03292383998632431 -0.0003063012845814228 0.999457836151123 30.818185806274414
3.620721 0.9993525743484497 -0.008377441205084324 -0.03498993068933487 -0.506619930267334 0.008389853872358799 0.9999648928642273 0.0002079787664115429 0.05041193217039108 0.034986965358257294 -0.0005014045163989067 0.9993876814842224 31.592212677001953
3.724674 0.9992607235908508 -0.00953931175172329 -0.03724287822842598 -0.5300315022468567 0.00959496945142746 0.9999530911445618 0.0013160610105842352 0.05130792036652565 0.037228573113679886 -0.0016724325250834227 0.9993053078651428 32.37471389770508
3.827725 0.999189019203186 -0.009498617611825466 -0.039129167795181274 -0.5631572008132935 0.009644697420299053 0.999947190284729 0.003546214196830988 0.05451849102973938 0.039093419909477234 -0.003920727409422398 0.9992278218269348 33.14311218261719
3.931241 0.9990900158882141 -0.008588533848524094 -0.04177781194448471 -0.5831307768821716 0.00878856424242258 0.9999507069587708 0.004606638103723526 0.0625070333480835 0.041736193001270294 -0.0049696131609380245 0.9991163015365601 33.90635681152344
4.034871 0.9990461468696594 -0.007177815306931734 -0.04307318106293678 -0.636333703994751 0.007412557490170002 0.9999586343765259 0.005292609799653292 0.05391471087932587 0.043033406138420105 -0.0056068445555865765 0.9990578889846802 34.655086517333984
4.142151 0.9989774227142334 -0.004660442471504211 -0.044971443712711334 -0.6718377470970154 0.004867524839937687 0.9999780654907227 0.004496356006711721 0.05821767449378967 0.04494950920343399 -0.0047106570564210415 0.9989781379699707 35.38200378417969
4.243437 0.9988910555839539 -0.003150233533233404 -0.0469740554690361 -0.706138014793396 0.0033283222001045942 0.9999875426292419 0.0037134895101189613 0.060204632580280304 0.046961769461631775 -0.003865715116262436 0.9988893270492554 36.11272048950195
4.345966 0.9988121390342712 -0.0028115431778132915 -0.04864618182182312 -0.745071291923523 0.003049911931157112 0.9999836087226868 0.004826516378670931 0.0646446943283081 0.04863182082772255 -0.004969149362295866 0.9988044500350952 36.819583892822266
4.449183 0.9987600445747375 -0.0014757399912923574 -0.04975982382893562 -0.7813047170639038 0.0017900154925882816 0.9999787211418152 0.006271878723055124 0.07471247017383575 0.049749504774808884 -0.00635317200794816 0.9987415075302124 37.545833587646484
4.552519 0.9987627863883972 0.0012123757041990757 -0.049712441861629486 -0.8221640586853027 -0.0008748251711949706 0.999976396560669 0.006811260711401701 0.07817210257053375 0.049719519913196564 -0.006759344600141048 0.9987403154373169 38.24216079711914
4.656235 0.9988018870353699 0.004250139929354191 -0.04875165969133377 -0.8641116619110107 -0.0040132771246135235 0.9999796152114868 0.004955399315804243 0.07657916098833084 0.048771731555461884 -0.004753808490931988 0.9987986087799072 38.9265022277832
4.760815 0.9988833069801331 0.0061258114874362946 -0.04684671387076378 -0.9005110859870911 -0.006057953927665949 0.9999804496765137 0.0015903071034699678 0.08191907405853271 0.04685554280877113 -0.0013047358952462673 0.998900830745697 39.5872802734375
4.863788 0.9989652633666992 0.00661903852596879 -0.044996920973062515 -0.9298334121704102 -0.006629089824855328 0.9999780654907227 -7.416121661663055e-05 0.08568626642227173 0.04499544948339462 0.0003723730333149433 0.998987078666687 40.249061584472656
4.966824 0.9991000890731812 0.007560896687209606 -0.0417352169752121 -0.961092472076416 -0.0075389486737549305 0.999971330165863 0.0006832468789070845 0.0876014307141304 0.041739191859960556 -0.00036799252848140895 0.9991284012794495 40.926368713378906
5.073257 0.9991642236709595 0.012099807150661945 -0.03904297575354576 -0.9821653366088867 -0.011981758289039135 0.9999228715896606 0.0032561570405960083 0.09128086268901825 0.039079371839761734 -0.0027856319211423397 0.9992321729660034 41.57672119140625
5.174268 0.9992636442184448 0.016163960099220276 -0.0347987525165081 -1.017102599143982 -0.01593242958188057 0.9998490214347839 0.0069204214960336685 0.08929914236068726 0.034905366599559784 -0.006360895931720734 0.9993703365325928 42.20669937133789
5.277498 0.9992963075637817 0.021526997908949852 -0.03071560151875019 -1.043870449066162 -0.021289881318807602 0.9997410774230957 0.008026085793972015 0.08564779162406921 0.030880430713295937 -0.007366505451500416 0.9994959235191345 42.8191032409668
5.381142 0.9993595480918884 0.02486259490251541 -0.02573682740330696 -1.057790994644165 -0.02465876378118992 0.9996621608734131 0.008207143284380436 0.09382128715515137 0.025932183489203453 -0.007567246910184622 0.9996350407600403 43.42108917236328
5.484644 0.9994014501571655 0.028285648673772812 -0.01991661638021469 -1.0754821300506592 -0.028083613142371178 0.9995519518852234 0.010351595468819141 0.09740650653839111 0.020200487226247787 -0.00978606753051281 0.9997480511665344 44.00613021850586
5.588095 0.9993520379066467 0.03338627144694328 -0.013447443023324013 -1.085033893585205 -0.03323046490550041 0.9993798136711121 0.011648129671812057 0.09906986355781555 0.013827992603182793 -0.011193716898560524 0.9998416900634766 44.57594299316406
5.691619 0.9992994666099548 0.03692789003252983 -0.00607411889359355 -1.101828694343567 -0.036858342587947845 0.9992578625679016 0.011188888922333717 0.10299363732337952 0.0064827934838831425 -0.010957169346511364 0.9999189376831055 45.13373947143555
5.795223 0.9991780519485474 0.04052203148603439 0.0010431939736008644 -1.1000094413757324 -0.04053112119436264 0.9991167187690735 0.011094911023974419 0.1073688268661499 -0.0005926829762756824 -0.011128074489533901 0.999937891960144 45.65720748901367
5.898736 0.9989560842514038 0.04488508403301239 0.00849667377769947 -1.0986833572387695 -0.044974491000175476 0.9989314675331116 0.01064208708703518 0.1120648980140686 -0.00800992175936699 -0.011013112030923367 0.9999071955680847 46.15856170654297
6.002373 0.9986684322357178 0.04906588792800903 0.015935521572828293 -1.0943191051483154 -0.049192868173122406 0.9987598061561584 0.007676609326153994 0.12029480934143066 -0.015539097599685192 -0.008450303226709366 0.9998434782028198 46.632240295410156
6.10587 0.9983997344970703 0.05115300789475441 0.024110887199640274 -1.0857479572296143 -0.05128227174282074 0.9986727833747864 0.00477330619469285 0.11661294847726822 -0.023834718391299248 -0.006002129055559635 0.9996979236602783 47.09966278076172
6.209506 0.9981399774551392 0.05200459808111191 0.03181429207324982 -1.0678402185440063 -0.052175313234329224 0.9986275434494019 0.0045591979287564754 0.11863116919994354 -0.03153352811932564 -0.006210638675838709 0.9994834661483765 47.54440689086914
6.313021 0.9978914856910706 0.05120052397251129 0.039887771010398865 -1.0487945079803467 -0.051485173404216766 0.9986549019813538 0.006141458638012409 0.11566378176212311 -0.03951967507600784 -0.008182138204574585 0.99918532371521 47.947471618652344
6.416516 0.9974514245986938 0.05291333049535751 0.0478622168302536 -1.0273010730743408 -0.05329013615846634 0.9985569715499878 0.006630377843976021 0.12207980453968048 -0.047442320734262466 -0.009164064191281796 0.9988319873809814 48.34505844116211
6.524037 0.9968504905700684 0.055605143308639526 0.056542981415987015 -1.0051500797271729 -0.05607714131474495 0.9984033107757568 0.006794257089495659 0.11856691539287567 -0.05607489496469498 -0.009943626821041107 0.9983770251274109 48.710304260253906
6.623722 0.9960427284240723 0.06049960106611252 0.06510553508996964 -0.9837872982025146 -0.06103253737092018 0.9981163144111633 0.006226413417607546 0.12131378054618835 -0.0646061971783638 -0.010175328701734543 0.9978589415550232 49.045143127441406
6.727294 0.9951793551445007 0.0641368180513382 0.07419270277023315 -0.964707612991333 -0.06477090716362 0.9978812336921692 0.0061699156649410725 0.11886218190193176 -0.07363978028297424 -0.010945703834295273 0.997224748134613 49.35444641113281
6.830809 0.9944720268249512 0.06360878795385361 0.08354315906763077 -0.9328007698059082 -0.06439457833766937 0.9979017376899719 0.006742619443684816 0.11677417159080505 -0.08293896168470383 -0.012085073627531528 0.9964812994003296 49.64385986328125
6.934429 0.9936204552650452 0.062345393002033234 0.09397584944963455 -0.889035701751709 -0.06308701634407043 0.9979958534240723 0.0049385628663003445 0.11731575429439545 -0.09347960352897644 -0.010835711844265461 0.9955622553825378 49.92438507080078
7.038067 0.9924929738044739 0.06127530336380005 0.10584377497434616 -0.8559408187866211 -0.061701662838459015 0.998094379901886 0.0007552800234407187 0.10769655555486679 -0.10559578984975815 -0.007280347868800163 0.9943825006484985 50.19762420654297
7.141701 0.9909223318099976 0.062371160835027695 0.11909165978431702 -0.8149175643920898 -0.06242235004901886 0.9980443120002747 -0.003303960431367159 0.1092989444732666 -0.1190648302435875 -0.004160014446824789 0.9928777813911438 50.468257904052734
7.24533 0.9888421893119812 0.06397144496440887 0.13453195989131927 -0.7709050178527832 -0.06379110366106033 0.9979472160339355 -0.005655091255903244 0.10963374376296997 -0.13461756706237793 -0.002989949658513069 0.9908931255340576 50.74354553222656
7.3533 0.9863106608390808 0.06552436947822571 0.15132027864456177 -0.7367310523986816 -0.06520970165729523 0.997846782207489 -0.007046339567750692 0.11220166087150574 -0.15145614743232727 -0.0029176706448197365 0.9884597063064575 51.02424240112305
7.452592 0.983627438545227 0.06599301099777222 0.16769564151763916 -0.6679058074951172 -0.06552165001630783 0.9978162050247192 -0.008348403498530388 0.10814741253852844 -0.1678803563117981 -0.0027759778313338757 0.985803484916687 51.26809310913086
7.55658 0.9804384112358093 0.06507077068090439 0.18575908243656158 -0.605860710144043 -0.06441070884466171 0.997877299785614 -0.009592628106474876 0.10993579030036926 -0.18598896265029907 -0.0025598949287086725 0.9825484752655029 51.526527404785156
7.663357 0.9766478538513184 0.06407249718904495 0.20506983995437622 -0.5366363525390625 -0.06336911022663116 0.9979400038719177 -0.010002458468079567 0.10785478353500366 -0.20528829097747803 -0.0032262145541608334 0.9786962866783142 51.77811050415039
7.763356 0.9721339344978333 0.06471999734640121 0.22531524300575256 -0.46479034423828125 -0.06381061673164368 0.9978976845741272 -0.011324068531394005 0.10529899597167969 -0.22557449340820312 -0.003368993289768696 0.9742200970649719 52.028934478759766
7.866988 0.9668912291526794 0.06654416024684906 0.2463596761226654 -0.38669872283935547 -0.06519640237092972 0.9977793097496033 -0.01363272126764059 0.10621488094329834 -0.24671977758407593 -0.0028804088942706585 0.9690826535224915 52.27609634399414
7.970621 0.9607241153717041 0.0680326521396637 0.2690364718437195 -0.30402088165283203 -0.0662616416811943 0.9976791739463806 -0.015669256448745728 0.09868335723876953 -0.2694781422615051 -0.0027729657012969255 0.9630025625228882 52.52288055419922
8.07425 0.9535223841667175 0.06902150064706802 0.29331064224243164 -0.20344924926757812 -0.06704555451869965 0.9976084232330322 -0.016797881573438644 0.09261029958724976 -0.29376864433288574 -0.0036480198614299297 0.9558696150779724 52.78166580200195
8.177962 0.9450754523277283 0.07226444035768509 0.3187636435031891 -0.10260772705078125 -0.07029227167367935 0.9973692893981934 -0.01770223118364811 0.08612501621246338 -0.3192043900489807 -0.005676682572811842 0.9476689100265503 53.03240966796875
8.283921 0.9353153705596924 0.07425771653652191 0.34593507647514343 0.010229110717773438 -0.07216842472553253 0.9972127079963684 -0.018935630097985268 0.07948535680770874 -0.3463769555091858 -0.00725480867549777 0.9380673766136169 53.279388427734375
8.385961 0.9241315126419067 0.07520712912082672 0.37459954619407654 0.12931442260742188 -0.07286784052848816 0.9971323609352112 -0.020427117124199867 0.07253885269165039 -0.37506166100502014 -0.008418922312557697 0.9269616007804871 53.52166748046875
8.488779 0.9117533564567566 0.07264277338981628 0.404263436794281 0.2709770202636719 -0.0695967823266983 0.9973270893096924 -0.02224663831293583 0.05903518199920654 -0.4047989249229431 -0.007851993665099144 0.9143720269203186 53.75593185424805
8.593446 0.8969724178314209 0.07012663036584854 0.4364892244338989 0.41977500915527344 -0.06567654758691788 0.9975202083587646 -0.02529885619878769 0.055361151695251465 -0.43718093633651733 -0.005974734202027321 0.8993537425994873 53.98576736450195
8.696029 0.8798530101776123 0.0694945752620697 0.47013747692108154 0.5874118804931641 -0.06304457038640976 0.9975754022598267 -0.029472477734088898 0.04555189609527588 -0.47104573249816895 -0.003708168398588896 0.8821009993553162 54.22270202636719
8.799662 0.8603869676589966 0.07149523496627808 0.5046015381813049 0.7463207244873047 -0.06261039525270462 0.9974392056465149 -0.034567829221487045 0.03392457962036133 -0.505780816078186 -0.00185159791726619 0.8626600503921509 54.43890380859375
8.903911 0.8387699127197266 0.07318325340747833 0.5395455360412598 0.9342861175537109 -0.06180945038795471 0.9973183274269104 -0.03918686881661415 0.025857090950012207 -0.5409665703773499 -0.00048025406431406736 0.841044008731842 54.66590881347656
9.008027 0.8142802119255066 0.07593198120594025 0.5754842758178711 1.1382999420166016 -0.06271304190158844 0.9971121549606323 -0.042827803641557693 0.015059471130371094 -0.5770744681358337 -0.0012165347579866648 0.8166906237602234 54.90509033203125
9.11058 0.7868741154670715 0.08013997226953506 0.6118878722190857 1.351572036743164 -0.0657864585518837 0.9967751502990723 -0.045949406921863556 0.0025551319122314453 -0.61359703540802 -0.004097525961697102 0.7896087169647217 55.1488037109375
9.214197 0.757095456123352 0.08431433886289597 0.6478406190872192 1.5880813598632812 -0.0693584531545639 0.996406078338623 -0.048623599112033844 -0.014846324920654297 -0.6496120691299438 -0.008120511658489704 0.7602224946022034 55.38597869873047
9.317832 0.7243444919586182 0.08514504134654999 0.6841602325439453 1.8551712036132812 -0.06863574683666229 0.9963205456733704 -0.05132689327001572 -0.030405282974243164 -0.6860132217407227 -0.009779497981071472 0.7275233864784241 55.622772216796875
9.421456 0.6877536773681641 0.08294083178043365 0.7211902737617493 2.1238632202148438 -0.06533344835042953 0.9964922070503235 -0.052297648042440414 -0.05683755874633789 -0.7229980826377869 -0.011149944737553596 0.69076007604599 55.83424377441406
9.525112 0.6486235857009888 0.08176214247941971 0.7567049264907837 2.4351749420166016 -0.06242845207452774 0.9965783357620239 -0.05416882038116455 -0.07454061508178711 -0.7585447430610657 -0.012104740366339684 0.6515085697174072 56.06275939941406
9.630085 0.6063530445098877 0.08127523213624954 0.7910310626029968 2.7766590118408203 -0.06045669689774513 0.996595561504364 -0.05605398491024971 -0.09512758255004883 -0.7928940057754517 -0.013834627345204353 0.60920250415802 56.28125762939453
9.732384 0.5602460503578186 0.08133353292942047 0.8243234753608704 3.141782760620117 -0.05732720345258713 0.9965886473655701 -0.059368379414081573 -0.11439895629882812 -0.8263400793075562 -0.01399526372551918 0.5629974603652954 56.49810791015625
9.836009 0.5122230052947998 0.08009076863527298 0.8551099300384521 3.5493927001953125 -0.053630124777555466 0.9966821074485779 -0.06122539937496185 -0.1378709077835083 -0.8571764230728149 -0.014498596079647541 0.5148187875747681 56.71259307861328
9.939685 0.46373265981674194 0.07835210114717484 0.8825038075447083 3.966104507446289 -0.05166774243116379 0.9967782497406006 -0.06134779006242752 -0.15974891185760498 -0.884467363357544 -0.017148001119494438 0.46628695726394653 56.89595031738281
10.0439 0.4138224422931671 0.07607685029506683 0.907173216342926 4.399181365966797 -0.05135400965809822 0.9968660473823547 -0.06017262116074562 -0.18400299549102783 -0.9089080095291138 -0.02168620377779007 0.4164324104785919 57.071224212646484
10.14677 0.3639470338821411 0.07635302096605301 0.9282848238945007 4.860816955566406 -0.0544169582426548 0.9966750144958496 -0.060643311589956284 -0.20172524452209473 -0.9298286437988281 -0.028443481773138046 0.3668918311595917 57.22906494140625
10.25036 0.3144867420196533 0.0767403244972229 0.946154773235321 5.330232620239258 -0.05233831703662872 0.996612548828125 -0.06343641877174377 -0.22480499744415283 -0.9478179216384888 -0.029570238664746284 0.3174378275871277 57.36039352416992
10.35367 0.26760220527648926 0.073371522128582 0.9607318043708801 5.828876495361328 -0.041214700788259506 0.9970554709434509 -0.06466566026210785 -0.25706231594085693 -0.962647557258606 -0.022291604429483414 0.26983827352523804 57.458099365234375
10.45717 0.22377097606658936 0.06738562881946564 0.9723095893859863 6.332123756408691 -0.02783234603703022 0.9976420998573303 -0.06273584812879562 -0.29132628440856934 -0.9742442965507507 -0.013023191131651402 0.22511883080005646 57.52825927734375
10.56299 0.1817249357700348 0.0664629116654396 0.9811007380485535 6.855471611022949 -0.01873558759689331 0.9977661967277527 -0.06412156671285629 -0.3167133331298828 -0.9831708073616028 -0.0067290132865309715 0.18256422877311707 57.585201263427734
10.66453 0.14319273829460144 0.06797512620687485 0.9873576760292053 7.403363227844238 -0.01529046893119812 0.997671365737915 -0.06646765768527985 -0.3430710434913635 -0.9895766973495483 -0.005579477641731501 0.14389865100383759 57.6479606628418
10.76705 0.11080984771251678 0.06847251951694489 0.9914800524711609 7.940210342407227 -0.006606093142181635 0.9976524710655212 -0.06816048175096512 -0.3806391954421997 -0.9938195943832397 0.0010030430275946856 0.11100205034017563 57.67207717895508
10.87022 0.08210515975952148 0.06683928519487381 0.9943798184394836 8.50965690612793 0.0005568948108702898 0.9977453351020813 -0.06711147725582123 -0.4162900447845459 -0.9966234564781189 0.0060639637522399426 0.08188281953334808 57.69047164916992
10.97342 0.056917332112789154 0.06525734066963196 0.9962438941001892 9.091310501098633 0.008137526921927929 0.9977980256080627 -0.06582406163215637 -0.4473697245121002 -0.998345673084259 0.011853490024805069 0.056260984390974045 57.70804214477539
11.0772 0.036972776055336 0.06441398710012436 0.997238039970398 9.679306030273438 0.012441962026059628 0.9978134036064148 -0.06491242349147797 -0.4781339764595032 -0.9992387890815735 0.014807590283453465 0.03609049692749977 57.71536636352539
11.18019 0.021171201020479202 0.06599497050046921 0.9975952506065369 10.276025772094727 0.014960790984332561 0.9976863265037537 -0.06631848216056824 -0.5119998455047607 -0.9996638894081116 0.016328856348991394 0.020134879276156425 57.717674255371094
11.28415 0.008103076368570328 0.06579242646694183 0.9978004097938538 10.891128540039062 0.015836495906114578 0.9976996183395386 -0.06591439992189407 -0.545887291431427 -0.9998416900634766 0.016335774213075638 0.007042506709694862 57.7122688293457
11.3859 -0.003746289759874344 0.06661826372146606 0.9977715015411377 11.507649421691895 0.01652413234114647 0.9976463317871094 -0.06654787808656693 -0.5826417207717896 -0.9998564124107361 0.016238000243902206 -0.004838284105062485 57.70500946044922
11.48898 -0.012769285589456558 0.06967496871948242 0.9974880218505859 12.164114952087402 0.021779006347060204 0.9973520636558533 -0.06938668340444565 -0.6212446689605713 -0.9996812343597412 0.020838279277086258 -0.014252923429012299 57.68684005737305
11.59255 -0.01925014704465866 0.07135728746652603 0.997265100479126 12.807258605957031 0.026085836812853813 0.9971461892127991 -0.07084524631500244 -0.6598837971687317 -0.9994743466377258 0.024650713428854942 -0.021056625992059708 57.6662483215332
11.69527 -0.02398502081632614 0.07077615708112717 0.9972038269042969 13.461819648742676 0.026331963017582893 0.9971893429756165 -0.07014179974794388 -0.6959294676780701 -0.9993653893470764 0.024575982242822647 -0.025781283155083656 57.64835739135742
11.79949 -0.027277082204818726 0.068268783390522 0.9972941279411316 14.131290435791016 0.02450663223862648 0.9974110722541809 -0.06760650128126144 -0.7345582246780396 -0.9993274211883545 0.022596213966608047 -0.028879497200250626 57.627925872802734
11.90171 -0.029996251687407494 0.06157573685050011 0.9976515769958496 14.8298978805542 0.022361725568771362 0.9978922605514526 -0.06091823801398277 -0.7662140130996704 -0.9992997646331787 0.020481890067458153 -0.03130996972322464 57.61627960205078
12.00482 -0.031295184046030045 0.05595549941062927 0.9979426264762878 15.521568298339844 0.023753363639116287 0.9981914162635803 -0.055224545300006866 -0.7989272475242615 -0.9992279410362244 0.021976234391331673 -0.03256771340966225 57.59315490722656
12.108 -0.031456444412469864 0.05333913117647171 0.998080849647522 16.225296020507812 0.0265265591442585 0.9982679486274719 -0.05251307785511017 -0.8352022171020508 -0.9991530776023865 0.024823777377605438 -0.03281686082482338 57.558998107910156
12.21119 -0.031229788437485695 0.05553513392806053 0.997968316078186 16.930940628051758 0.029365532100200653 0.9980752468109131 -0.05462213605642319 -0.8726165294647217 -0.9990807175636292 0.027600029483437538 -0.032800499349832535 57.53268051147461
12.3145 -0.030198832973837852 0.06314084678888321 0.9975475668907166 17.6740779876709 0.030380673706531525 0.9975996017456055 -0.06222441419959068 -0.9068979620933533 -0.999082088470459 0.028427066281437874 -0.032044604420661926 57.50607681274414
12.41765 -0.028178198263049126 0.07115939259529114 0.997066855430603 18.399085998535156 0.031132882460951805 0.9970414638519287 -0.07027774304151535 -0.9399082660675049 -0.999117910861969 0.029061265289783478 -0.03031023032963276 57.487876892089844
12.52105 -0.025651371106505394 0.07167316228151321 0.9970983266830444 19.137062072753906 0.031929317861795425 0.9969763159751892 -0.07084298133850098 -0.981385350227356 -0.999160885810852 0.030019456520676613 -0.02786228619515896 57.46285629272461
12.62455 -0.023739740252494812 0.06752358376979828 0.9974352717399597 19.88934326171875 0.03126676380634308 0.9972784519195557 -0.06676878780126572 -1.0209615230560303 -0.9992291331291199 0.029601501300930977 -0.025786377489566803 57.45414352416992
12.72743 -0.021001871675252914 0.06081553176045418 0.9979280829429626 20.6619873046875 0.030722934752702713 0.9977160096168518 -0.06015603616833687 -1.0761507749557495 -0.9993073344230652 0.02939588576555252 -0.022822335362434387 57.433311462402344
12.83073 -0.01865684613585472 0.05921716243028641 0.9980707168579102 21.441242218017578 0.028865491971373558 0.9978602528572083 -0.05866508558392525 -1.125540852546692 -0.9994091987609863 0.027715295553207397 -0.02032626047730446 57.43592834472656
12.93413 -0.015282443724572659 0.06459715217351913 0.9977943897247314 22.185379028320312 0.036496978253126144 0.9972819685935974 -0.06400497257709503 -1.168892741203308 -0.9992169737815857 0.03543832525610924 -0.017598507925868034 57.41644287109375
13.03771 -0.011647190898656845 0.07001040130853653 0.9974782466888428 22.92940330505371 0.03832434490323067 0.9968442916870117 -0.06951840221881866 -1.2117764949798584 -0.9991974830627441 0.03741800785064697 -0.01429353654384613 57.39692306518555
13.14165 -0.009294695220887661 0.07044342160224915 0.9974724054336548 23.686580657958984 0.03221342712640762 0.9970189929008484 -0.0701112151145935 -1.2583633661270142 -0.9994378089904785 0.031480349600315094 -0.011536207981407642 57.40127182006836
13.24421 -0.005654535256326199 0.06725962460041046 0.9977194666862488 24.443391799926758 0.028346659615635872 0.9973452687263489 -0.0670737475156784 -1.2984951734542847 -0.9995821714401245 0.027902746573090553 -0.007546111010015011 57.396934509277344
13.34803 -0.0016533946618437767 0.063576839864254 0.9979755282402039 25.242698669433594 0.031890805810689926 0.9974726438522339 -0.06349194794893265 -1.358648657798767 -0.999489963054657 0.031721264123916626 -0.0036767320707440376 57.41233825683594
13.45277 0.002228794852271676 0.06464273482561111 0.997905969619751 26.00153350830078 0.036280307918787 0.9972462058067322 -0.0646810308098793 -1.406366229057312 -0.9993391633033752 0.036348503082990646 -0.00012260116636753082 57.40324401855469
13.55488 0.004782600328326225 0.06907133758068085 0.9976001977920532 26.762739181518555 0.035976868122816086 0.9969540238380432 -0.06919907033443451 -1.4529526233673096 -0.9993411302566528 0.036221493035554886 0.0022830620873719454 57.41258239746094
13.65796 0.00845411978662014 0.06963572651147842 0.9975366592407227 27.534626007080078 0.032078906893730164 0.9970399737358093 -0.06987293064594269 -1.5037777423858643 -0.9994494915008545 0.0325905978679657 0.006195257417857647 57.43019485473633
13.76127 0.011791612952947617 0.06969936192035675 0.9974984526634216 28.2982120513916 0.03139451518654823 0.9970501065254211 -0.07003917545080185 -1.5437378883361816 -0.9994376301765442 0.032141849398612976 0.009568650275468826 57.449501037597656
13.86467 0.015753578394651413 0.066693514585495 0.997649073600769 29.05990982055664 0.035381563007831573 0.997110903263092 -0.06721623241901398 -1.590083360671997 -0.9992496967315674 0.03635728731751442 0.013348342850804329 57.45581817626953
13.96817 0.018874648958444595 0.06693872064352036 0.997578501701355 29.827003479003906 0.03979342058300972 0.996915340423584 -0.06764712929725647 -1.646028995513916 -0.9990296959877014 0.04097387567162514 0.016152705997228622 57.47262191772461
14.07164 0.022584088146686554 0.06788911670446396 0.9974372386932373 30.585350036621094 0.04291800037026405 0.9967060685157776 -0.06881111860275269 -1.694868564605713 -0.9988232851028442 0.04436204954981804 0.019596032798290253 57.47922897338867
14.17505 0.025049423798918724 0.06757151335477829 0.9973998665809631 31.37656593322754 0.04323799908161163 0.9967062473297119 -0.06861042231321335 -1.747300386428833 -0.9987507462501526 0.04484423249959946 0.022045258432626724 57.509864807128906
14.2786 0.028736764565110207 0.06623037159442902 0.9973903894424438 32.140830993652344 0.044567275792360306 0.9967253804206848 -0.06747027486562729 -1.7928907871246338 -0.9985929727554321 0.04638984799385071 0.0256909541785717 57.527183532714844
14.38212 0.03293884918093681 0.06531969457864761 0.9973206520080566 32.91219711303711 0.04683971777558327 0.9966648817062378 -0.06682372093200684 -1.8393540382385254 -0.998359203338623 0.0489153154194355 0.02976943925023079 57.540836334228516
14.4855 0.03486437350511551 0.06517200171947479 0.9972648024559021 33.69611740112305 0.04471415653824806 0.996770441532135 -0.06670289486646652 -1.8995771408081055 -0.998391330242157 0.04691741243004799 0.031837671995162964 57.58871078491211
14.58897 0.03810570761561394 0.06669357419013977 0.997045636177063 34.4813117980957 0.04212760925292969 0.9967759847640991 -0.06828559935092926 -1.9503028392791748 -0.9983853697776794 0.04460522532463074 0.0351732112467289 57.62427520751953
14.69245 0.04108775779604912 0.06757201254367828 0.9968680143356323 35.24869155883789 0.04380476102232933 0.9966293573379517 -0.06936132162809372 -1.987257957458496 -0.9981948137283325 0.046517468988895416 0.037989292293787 57.65610122680664
14.79597 0.04365319758653641 0.06715577095746994 0.9967871308326721 36.02336883544922 0.04144192859530449 0.9967576861381531 -0.06896869093179703 -2.035386323928833 -0.9981867671012878 0.04431948810815811 0.04072859138250351 57.694313049316406
14.89949 0.046204034239053726 0.06777540594339371 0.9966301918029785 36.79682922363281 0.04011405259370804 0.9967650771141052 -0.0696442723274231 -2.079559803009033 -0.9981262683868408 0.04319671913981438 0.04333582893013954 57.73188400268555
15.00287 0.04898933321237564 0.06758555769920349 0.9965100884437561 37.57649612426758 0.03703485429286957 0.9968990683555603 -0.06943260133266449 -2.133960247039795 -0.9981124401092529 0.04030706360936165 0.0463343970477581 57.7789421081543
15.1064 0.05228205770254135 0.06971395015716553 0.9961959719657898 38.355472564697266 0.035550519824028015 0.9967981576919556 -0.071621835231781 -2.182525396347046 -0.9979994297027588 0.03915981948375702 0.04963628202676773 57.82114791870117
15.20987 0.05524321272969246 0.07309678941965103 0.9957937002182007 39.155914306640625 0.03456753119826317 0.9965787529945374 -0.07507210969924927 -2.236495018005371 -0.99787437915802 0.03856934607028961 0.052527446299791336 57.87889099121094
15.31336 0.05932732671499252 0.0753580778837204 0.9953901171684265 39.9398307800293 0.03467109054327011 0.9963892698287964 -0.07750018686056137 -2.28829026222229 -0.9976363182067871 0.03910912945866585 0.05650036036968231 57.91693878173828
15.41675 0.061843615025281906 0.07798220217227936 0.9950347542762756 40.72842788696289 0.028704648837447166 0.9963915944099426 -0.07987260818481445 -2.3361310958862305 -0.9976730346679688 0.03350173309445381 0.05938200652599335 57.978538513183594
15.52022 0.06455937772989273 0.07650294899940491 0.9949771165847778 41.516963958740234 0.024734193459153175 0.9966281056404114 -0.07823477685451508 -2.399303436279297 -0.9976073503494263 0.029660742729902267 0.06244944408535957 58.036163330078125
15.62392 0.06821032613515854 0.0771799236536026 0.994681179523468 42.304481506347656 0.02814939245581627 0.9964573383331299 -0.0792481005191803 -2.4510114192962646 -0.9972738027572632 0.033405207097530365 0.06579611450433731 58.0847282409668
15.7272 0.07177611440420151 0.0786438137292862 0.994315505027771 43.12245178222656 0.026808228343725204 0.9963744878768921 -0.08074185997247696 -2.5136098861694336 -0.9970604181289673 0.032451171427965164 0.06940758973360062 58.16453552246094
15.83062 0.07570820301771164 0.07969984412193298 0.9939396977424622 43.92681121826172 0.023056019097566605 0.996394157409668 -0.08165282011032104 -2.566896915435791 -0.9968634843826294 0.029098080471158028 0.07359763979911804 58.22891616821289
15.93425 0.07999938726425171 0.07791595906019211 0.9937450885772705 44.73139953613281 0.021989960223436356 0.9965598583221436 -0.07990691065788269 -2.62034010887146 -0.9965523481369019 0.02824491076171398 0.07801079750061035 58.294219970703125
16.03941 0.08432020246982574 0.07719481736421585 0.9934440851211548 45.54526901245117 0.02214694954454899 0.9966031312942505 -0.07932006567716599 -2.693828582763672 -0.996192455291748 0.02869003638625145 0.08232415467500687 58.37338638305664
16.14091 0.0895581841468811 0.08103030920028687 0.9926798939704895 46.36891555786133 0.019186409190297127 0.9963597059249878 -0.08306166529655457 -2.7560858726501465 -0.995796799659729 0.026484815403819084 0.0876774787902832 58.45347213745117
16.2443 0.09571999311447144 0.08966504037380219 0.9913616180419922 47.18230056762695 0.01708156242966652 0.9956400394439697 -0.09170129895210266 -2.8184356689453125 -0.9952617883682251 0.025711653754115105 0.09377103298902512 58.533935546875
16.34828 0.10306672006845474 0.09422346204519272 0.9902015328407288 48.00513458251953 0.015359310433268547 0.9952337145805359 -0.09630098938941956 -2.8887429237365723 -0.9945558905601501 0.025134241208434105 0.10112828016281128 58.628173828125
16.45345 0.10957502573728561 0.09787166863679886 0.9891483187675476 48.821868896484375 0.010863152332603931 0.9949631690979004 -0.09965041279792786 -2.9491307735443115 -0.9939192533493042 0.021664459258317947 0.10795992612838745 58.73847198486328
16.55445 0.11730623245239258 0.09535740315914154 0.9885069727897644 49.64457702636719 0.008190996944904327 0.9952526688575745 -0.09698013961315155 -3.035475730895996 -0.9930620789527893 0.019473236054182053 0.115968257188797 58.82900619506836
