1403636581.0135555 0.9999974370002747 0.0021490829531103373 0.0007455262239091098 -2.3293714548344724e-05 -0.0021383510902523994 0.9998981952667236 -0.014108936302363873 -0.007057822775095701 -0.0007757720886729658 0.014107306487858295 0.9999001622200012 -0.0022832448594272137
1403636581.0635555 0.9999977350234985 0.0020350145641714334 -0.0005332063301466405 -2.909509748860728e-05 -0.0020482398103922606 0.9996572136878967 -0.026101719588041306 -0.017118390649557114 0.0004799061280209571 0.02610275335609913 0.9996591210365295 -0.005187392234802246
1403636581.1135554 0.9999982714653015 0.0013339192373678088 0.0013208419550210238 -0.00033070152858272195 -0.001287604682147503 0.9994050860404968 -0.03446519002318382 -0.03130947798490524 -0.0013660300755873322 0.03446342796087265 0.9994049668312073 -0.00887033436447382
1403636581.1635556 0.9999712705612183 -0.007292524911463261 0.002088163048028946 0.00024821460829116404 0.007395879831165075 0.9984742403030396 -0.05472399666905403 -0.029628925025463104 -0.0016859002644196153 0.0547378733754158 0.99849933385849 -0.009088090620934963
1403636581.2135556 0.9999316334724426 -0.011218486353754997 0.0033115632832050323 0.0006325097638182342 0.011420785449445248 0.9975377917289734 -0.06919434666633606 -0.03788857161998749 -0.002527153119444847 0.069227434694767 0.9975976943969727 -0.01132015697658062
1403636581.2635555 0.9998559355735779 -0.016458967700600624 0.0041396464221179485 0.0007263270672410727 0.016758829355239868 0.9960015416145325 -0.0877506360411644 -0.04120891913771629 -0.0026788092218339443 0.08780737221240997 0.9961338639259338 -0.012810987420380116
1403636581.3135555 0.9998841881752014 -0.014745546504855156 0.003769873408600688 0.0011969645274803042 0.015053564682602882 0.9946554899215698 -0.10214724391698837 -0.04574308544397354 -0.0022435071878135204 0.10219216346740723 0.994762122631073 -0.014981159940361977
1403636581.3635557 0.9998771548271179 -0.014814741909503937 0.00512628722935915 0.0017110391054302454 0.015299459919333458 0.9934706091880798 -0.11305856704711914 -0.04647679626941681 -0.003417882602661848 0.1131230965256691 0.9935749769210815 -0.014866912737488747
1403636581.4135554 0.9999076724052429 -0.009727914817631245 0.009483160451054573 0.0018927595810964704 0.010755922645330429 0.9932857751846313 -0.11518684774637222 -0.04633892700076103 -0.008298959583044052 0.1152782142162323 0.9932984709739685 -0.015626389533281326
1403636581.4635556 0.9999210834503174 -0.003926275297999382 0.011928394436836243 0.0019512326689437032 0.00522275036200881 0.9938424229621887 -0.11068093776702881 -0.04394787177443504 -0.011420377530157566 0.11073450744152069 0.9937844276428223 -0.015328638255596161
1403636581.5135555 0.9999082684516907 0.001078784349374473 0.013498058542609215 0.0024727925192564726 0.000283439876511693 0.9949357509613037 -0.10051306337118149 -0.04032747447490692 -0.01353813149034977 0.10050766915082932 0.9948441386222839 -0.014719529077410698
1403636581.5635555 0.99989253282547 -0.0009525949135422707 0.01462862640619278 0.002621633466333151 0.002249188721179962 0.9960402846336365 -0.08887527137994766 -0.03385765105485916 -0.014486038126051426 0.08889862895011902 0.995935320854187 -0.012089112773537636
1403636581.6135554 0.9999182224273682 -0.003530884627252817 0.012288164347410202 0.002846211427822709 0.004462439566850662 0.9970499277114868 -0.07662725448608398 -0.02630939893424511 -0.011981351301074028 0.07667582482099533 0.9969841241836548 -0.00956258736550808
1403636581.6635556 0.9999082684516907 -0.007481140550225973 0.011292020790278912 0.0023962624836713076 0.008205298334360123 0.9978183507919312 -0.06550897657871246 -0.021570531651377678 -0.010777303017675877 0.0655956119298935 0.99778813123703 -0.007393270265311003
1403636581.7135556 0.9999441504478455 -0.004735561087727547 0.009455278515815735 0.002961572725325823 0.005291615147143602 0.9982038140296936 -0.059677187353372574 -0.012748455628752708 -0.009155689738690853 0.059723883867263794 0.9981729388237 -0.0042924764566123486
1403636581.7635555 0.9999411106109619 -0.008659981191158295 0.006545878481119871 0.002993159694597125 0.009015293791890144 0.9983701109886169 -0.0563557893037796 -0.006395296193659306 -0.006047168746590614 0.05641147121787071 0.9983891844749451 -0.002001752844080329
1403636581.8135555 0.9999574422836304 -0.009229367598891258 0.00029756641015410423 0.0031257309019565582 0.009231945499777794 0.9984925389289856 -0.05410595238208771 0.0016202536644414067 0.00020224537001922727 0.05410638451576233 0.9985350370407104 0.00045778159983456135
1403636581.8635557 0.9999394416809082 -0.010749734938144684 -0.0023659493308514357 0.003123934380710125 0.010615182109177113 0.9986434578895569 -0.050976768136024475 0.011173199862241745 0.0029107253067195415 0.050948552787303925 0.9986969828605652 0.003310848493129015
1403636581.9135554 0.9998918175697327 -0.013723299838602543 -0.0053064851090312 0.002270872239023447 0.013506620191037655 0.9991512894630432 -0.03891368210315704 0.013428838923573494 0.005836006719619036 0.03883780166506767 0.9992285370826721 0.0041777873411774635
1403636581.9635556 0.9998829960823059 -0.015267766080796719 -0.0010225200094282627 0.0018609755206853151 0.015235662460327148 0.9995390772819519 -0.026258081197738647 0.022219080477952957 0.0014229514636099339 0.0262394268065691 0.9996547102928162 0.006752236746251583
1403636582.0135555 0.9998196959495544 -0.018930956721305847 0.001451855176128447 0.0021936639677733183 0.01894594170153141 0.9997588396072388 -0.011115334928035736 0.02981065958738327 -0.0012410811614245176 0.011140839196741581 0.9999371767044067 0.009441273286938667
1403636582.0635555 0.9998344779014587 -0.017761895433068275 0.003952989354729652 0.002095188479870558 0.01773921586573124 0.9998264908790588 0.0057008229196071625 0.03646242991089821 -0.004053561016917229 -0.005629756487905979 0.9999759793281555 0.011332545429468155
1403636582.1135554 0.9998508095741272 -0.01700706034898758 0.0030137195717543364 0.0013871098635718226 0.01693456433713436 0.9996002912521362 0.02263842336833477 0.0404367633163929 -0.003397527616471052 -0.022584011778235435 0.9997391700744629 0.012467221356928349
1403636582.1635556 0.9998462200164795 -0.0174854788929224 -0.00132181984372437 0.0008806610130704939 0.01752260886132717 0.9991512298583984 0.03727813810110092 0.04412326589226723 0.0006688716821372509 -0.03729557245969772 0.9993039965629578 0.013380836695432663
1403636582.2135556 0.9998738765716553 -0.015239233151078224 -0.0044971671886742115 0.00047063996316865087 0.015449254773557186 0.9985741376876831 0.05109817534685135 0.0410584881901741 0.0037120571359992027 -0.05116119980812073 0.998683512210846 0.012042447924613953
1403636582.2635555 0.9998775124549866 -0.014294138178229332 -0.0063743386417627335 6.445179315051064e-05 0.014643166214227676 0.9981763362884521 0.058563314378261566 0.040883809328079224 0.005525602027773857 -0.05864947289228439 0.998263418674469 0.011917196214199066
1403636582.3135555 0.999864935874939 -0.013519656844437122 -0.009342562407255173 -0.00020077773660887033 0.01406066119670868 0.9980693459510803 0.06049824878573418 0.03852057084441185 0.00850660726428032 -0.060621440410614014 0.9981245398521423 0.011130309663712978
1403636582.3635557 0.9997946619987488 -0.016499577090144157 -0.011765429750084877 -0.000485203810967505 0.017096009105443954 0.9984726309776306 0.05253691226243973 0.039252717047929764 0.010880622081458569 -0.052727267146110535 0.9985496401786804 0.01133110374212265
1403636582.4135554 0.999796450138092 -0.01639621891081333 -0.011759147047996521 -0.0008556803222745657 0.016860973089933395 0.9990341067314148 0.040576789528131485 0.03334968164563179 0.0110824815928936 -0.04076680168509483 0.9991071820259094 0.009396959096193314
1403636582.4635556 0.9998003840446472 -0.01697966270148754 -0.01052818913012743 -0.0010570923332124949 0.01724359765648842 0.9995259046554565 0.025506485253572464 0.026558436453342438 0.010090106166899204 -0.02568293735384941 0.9996191263198853 0.007246081717312336
1403636582.5135555 0.9998671412467957 -0.014109626412391663 -0.00816905964165926 -0.000726954429410398 0.014210905879735947 0.9998211860656738 0.012475589290261269 0.02040688320994377 0.007991572842001915 -0.012590022757649422 0.9998887181282043 0.005410854704678059
1403636582.5635555 0.9999004006385803 -0.013421307317912579 -0.004362695850431919 -0.0005162745947018266 0.013433159328997135 0.999906063079834 0.0026986743323504925 0.013306890614330769 0.004326066467911005 -0.002757009817287326 0.9999868273735046 0.003096632193773985
1403636582.6135554 0.9999545812606812 -0.009346699342131615 0.001819525845348835 -0.0002805662516038865 0.009351416490972042 0.9999529123306274 -0.00260155345313251 0.005450196098536253 -0.0017951247282326221 0.0026184499729424715 0.9999949336051941 0.0004750126972794533
1403636582.6635556 0.9999313354492188 -0.009079650044441223 0.007409598212689161 6.476209091488272e-05 0.009133177809417248 0.9999321699142456 -0.007222587242722511 -0.001968957018107176 -0.007343517616391182 0.0072897644713521 0.9999464750289917 -0.00187945575453341
1403636582.7135556 0.9999017119407654 -0.00977593194693327 0.010046804323792458 0.0005366556579247117 0.009890426881611347 0.9998859763145447 -0.011410325765609741 -0.009540092200040817 -0.00993411149829626 0.011508571915328503 0.9998844265937805 -0.0043790508061647415
1403636582.7635555 0.9997920989990234 -0.014383518137037754 0.014456422999501228 0.0010458235628902912 0.014642554335296154 0.9997311234474182 -0.017975177615880966 -0.01570681296288967 -0.014193989336490631 0.018183119595050812 0.9997338652610779 -0.006418104749172926
1403636582.8135555 0.9995904564857483 -0.019139081239700317 0.02127819135785103 0.0017154967645183206 0.019711283966898918 0.999440610408783 -0.027015386149287224 -0.02331223152577877 -0.02074923738837242 0.027423741295933723 0.9994083642959595 -0.008558914065361023
1403636582.8635557 0.9992365837097168 -0.023976527154445648 0.03084971196949482 0.002414397895336151 0.02519691176712513 0.9988901019096375 -0.03979814052581787 -0.030705872923135757 -0.029861245304346085 0.040545061230659485 0.9987313151359558 -0.0108479680493474
1403636582.9135554 0.998868465423584 -0.02893790416419506 0.03774518147110939 0.0030766515992581844 0.031002270057797432 0.9979880452156067 -0.05530510097742081 -0.03783438354730606 -0.03606882318854332 0.05641268938779831 0.9977557063102722 -0.013034108094871044
1403636582.9635556 0.9986909627914429 -0.029479917138814926 0.04180165380239487 0.003730290336534381 0.03244216367602348 0.9968730211257935 -0.07205384224653244 -0.04345422610640526 -0.03954679146409035 0.07331565022468567 0.9965242743492126 -0.014580773189663887
1403636583.0135555 0.9985155463218689 -0.02922259084880352 0.04596693813800812 0.004022158682346344 0.03319822624325752 0.9955450892448425 -0.08824913203716278 -0.04822229593992233 -0.043183282017707825 0.0896441638469696 0.9950371384620667 -0.016536962240934372
1403636583.0635555 0.9985762238502502 -0.026730624958872795 0.046162836253643036 0.004665383603423834 0.03116011619567871 0.9946919679641724 -0.09806617349386215 -0.0518660806119442 -0.04329642653465271 0.0993649810552597 0.9941086173057556 -0.017933767288923264
1403636583.1135554 0.9985269904136658 -0.0254615917801857 0.04791310802102089 0.005056400317698717 0.030316129326820374 0.994168758392334 -0.10348638892173767 -0.05248972401022911 -0.04499877989292145 0.1047864779829979 0.9934762120246887 -0.01806105114519596
1403636583.1635556 0.9984368681907654 -0.020347436890006065 0.05205957964062691 0.005080863833427429 0.02569856494665146 0.9942163228988647 -0.10427745431661606 -0.050764575600624084 -0.04963668808341026 0.1054522916674614 0.9931848645210266 -0.017721425741910934
1403636583.2135556 0.9984875321388245 -0.01714126206934452 0.05223918333649635 0.005671345628798008 0.02241165190935135 0.9945282340049744 -0.10203623026609421 -0.04833262041211128 -0.05020429566502571 0.10305265337228775 0.9934080839157104 -0.017007119953632355
1403636583.2635555 0.9986012578010559 -0.015601376071572304 0.05052034184336662 0.005604511126875877 0.020527882501482964 0.9949238896369934 -0.09851448237895966 -0.04423052817583084 -0.04872692748904228 0.09941374510526657 0.9938523769378662 -0.01535455696284771
1403636583.3135555 0.9986846446990967 -0.015207360498607159 0.048969533294439316 0.005244070198386908 0.019786132499575615 0.9953359365463257 -0.09441935271024704 -0.039847929030656815 -0.04730527102947235 0.09526404738426208 0.9943274259567261 -0.013413002714514732
1403636583.3635557 0.9987831115722656 -0.014301970601081848 0.047199174761772156 0.005349029321223497 0.018511179834604263 0.9957712888717651 -0.08998382091522217 -0.033922091126441956 -0.045712634921073914 0.09074804186820984 0.9948241710662842 -0.0109776696190238
1403636583.4135554 0.9989350438117981 -0.017388755455613136 0.042736366391181946 0.004880635999143124 0.021052196621894836 0.9960011839866638 -0.08682432025671005 -0.02446601167321205 -0.04105570539832115 0.08763156086206436 0.9953065514564514 -0.00788904819637537
1403636583.4635556 0.9991856813430786 -0.014031912200152874 0.03782622888684273 0.005042547360062599 0.017053652554750443 0.9965857267379761 -0.08078427612781525 -0.016972817480564117 -0.03656351938843727 0.08136356621980667 0.9960135817527771 -0.005286041647195816
1403636583.5135555 0.9993410706520081 -0.011907283216714859 0.03428676724433899 0.00584529060870409 0.014409915544092655 0.9971767663955688 -0.07369480282068253 -0.012044132687151432 -0.03331245481967926 0.07414031028747559 0.9966912865638733 -0.0030698729678988457
1403636583.5635555 0.9994124174118042 -0.008378331549465656 0.03323524445295334 0.006005432456731796 0.01055112574249506 0.997780442237854 -0.06574925780296326 -0.004078869707882404 -0.03261059895157814 0.06606129556894302 0.9972826242446899 -0.00035245512844994664
1403636583.6135554 0.9992833733558655 -0.00582458358258009 0.03740248829126358 0.006136847659945488 0.007864861749112606 0.9984754323959351 -0.054636046290397644 0.0039057498797774315 -0.03702722489833832 0.05489105358719826 0.9978055357933044 0.002750121057033539
1403636583.6635556 0.9994780421257019 -0.008506623096764088 0.03116481564939022 0.005955959670245647 0.009692052379250526 0.9992274641990662 -0.03808604180812836 0.010614057071506977 -0.030816759914159775 0.038368213921785355 0.9987883567810059 0.005037172231823206
1403636583.7135556 0.9995076656341553 -0.01644469052553177 0.026719355955719948 0.005773849319666624 0.016901392489671707 0.9997133612632751 -0.01695750467479229 0.018119847401976585 -0.026432838290929794 0.01740076020359993 0.9994991421699524 0.007449316326528788
1403636583.7635555 0.9994764924049377 -0.023987699300050735 0.021710216999053955 0.005440473556518555 0.023875074461102486 0.9997001886367798 0.005432114005088806 0.024956203997135162 -0.021834012120962143 -0.004910937510430813 0.9997495412826538 0.009633318521082401
1403636583.8135555 0.9993795156478882 -0.028832413256168365 0.020228290930390358 0.00525891687721014 0.028306419029831886 0.9992656111717224 0.025824373587965965 0.03124263323843479 -0.02095801569521427 -0.02523576095700264 0.9994617700576782 0.011508505791425705
1403636583.8635557 0.999360978603363 -0.029968978837132454 0.019481854513287544 0.005066235549747944 0.029160942882299423 0.9987533092498779 0.04051505774259567 0.03700060397386551 -0.020671764388680458 -0.039921049028635025 0.9989889860153198 0.013166033662855625
1403636583.9135554 0.9995083212852478 -0.02390182949602604 0.020291252061724663 0.005019481293857098 0.022856444120407104 0.9984738230705261 0.0502750501036644 0.04215605556964874 -0.02146194875240326 -0.049786537885665894 0.998529314994812 0.014557101763784885
1403636583.9635556 0.9996801018714905 -0.017460115253925323 0.018299506977200508 0.004114242270588875 0.01633732207119465 0.9980762004852295 0.059806715697050095 0.03975382819771767 -0.019308535382151604 -0.059488605707883835 0.9980422258377075 0.0132110845297575
1403636584.0135555 0.9998124241828918 -0.01407830510288477 0.013300416991114616 0.003618613351136446 0.013226461596786976 0.9979824423789978 0.06209734454751015 0.042402271181344986 -0.014147812500596046 -0.06190977990627289 0.9979814291000366 0.013524280861020088
1403636584.0635555 0.9999186992645264 -0.01132931374013424 0.005876628216356039 0.0034822553861886263 0.010945885442197323 0.9980398416519165 0.06161884590983391 0.04314425587654114 -0.006563207600265741 -0.061549507081508636 0.9980824589729309 0.01344684511423111
1403636584.1135554 0.9999269843101501 -0.012069452553987503 -0.000659656710922718 0.003169408068060875 0.012087137438356876 0.9980082511901855 0.061916135251522064 0.04251977428793907 -8.894922211766243e-05 -0.061919596046209335 0.9980811476707458 0.013092849403619766
1403636584.1635556 0.9999352097511292 -0.010474796406924725 -0.004454517271369696 0.0030342864338308573 0.010731605812907219 0.9980072975158691 0.06218155473470688 0.0401686392724514 0.0037943036295473576 -0.062225341796875 0.9980549216270447 0.01226731576025486
1403636584.2135556 0.999953031539917 -0.00810681190341711 -0.005331080406904221 0.002925870008766651 0.008422205224633217 0.9980360865592957 0.062073588371276855 0.036229364573955536 0.004817393608391285 -0.06211557239294052 0.9980573058128357 0.011114072985947132
1403636584.2635555 0.9999340772628784 -0.009344043210148811 -0.006674288772046566 0.003297069575637579 0.00970492698252201 0.998369038105011 0.05625786632299423 0.0373007096350193 0.006137728691101074 -0.05631893873214722 0.9983939528465271 0.011572880670428276
1403636584.3135555 0.9999369978904724 -0.00924352090805769 -0.006360755302011967 0.0033208841923624277 0.009560496546328068 0.9986141920089722 0.05175212770700455 0.03131095692515373 0.00587356835603714 -0.051809683442115784 0.9986396431922913 0.009830547496676445
1403636584.3635557 0.9999810457229614 -0.00507333455607295 -0.0034692902117967606 0.0035467033740133047 0.005236485973000526 0.998796820640564 0.04875822365283966 0.024856142699718475 0.003217751160264015 -0.04877547174692154 0.9988046288490295 0.008087183348834515
1403636584.4135554 0.9999884963035583 0.0010242786956951022 0.004685082007199526 0.0038738041184842587 -0.0012346350122243166 0.9989808201789856 0.04511893168091774 0.017039770260453224 -0.004634093027561903 -0.04512418434023857 0.998970627784729 0.006113012321293354
1403636584.4635556 0.9999164342880249 0.005953578744083643 0.011473885737359524 0.00438089482486248 -0.00639761658385396 0.9992163777351379 0.039059899747371674 0.008880432695150375 -0.011232348158955574 -0.03913004696369171 0.9991710186004639 0.004202128853648901
1403636584.5135555 0.9998493790626526 0.007823653519153595 0.015485480427742004 0.004671843256801367 -0.008273888379335403 0.9995384812355042 0.029227519407868385 0.0007988587603904307 -0.01524966862052679 -0.0293512474745512 0.9994528293609619 0.002158644376322627
1403636584.5635555 0.9997888803482056 0.006519791204482317 0.019484344869852066 0.004894356243312359 -0.006837688386440277 0.9998438358306885 0.016293678432703018 -0.007940832525491714 -0.019375070929527283 -0.01642346754670143 0.9996774196624756 -0.0001470700663048774
1403636584.6135554 0.9996751546859741 0.004491584841161966 0.025085734203457832 0.005010002292692661 -0.004460971802473068 0.9999892711639404 -0.00127613905351609 -0.015240575186908245 -0.025091195479035378 0.0011638188734650612 0.9996844530105591 -0.0020213190000504255
1403636584.6635556 0.9994521737098694 0.0015494481194764376 0.03305970877408981 0.005164258647710085 -0.0008324889931827784 0.9997644424438477 -0.02168954908847809 -0.023527877405285835 -0.03308552876114845 0.021650142967700958 0.9992179274559021 -0.004149396438151598
1403636584.7135556 0.9992083311080933 0.0006999861798249185 0.03977556526660919 0.00542245339602232 0.0010066595859825611 0.9990801215171814 -0.042870666831731796 -0.031079566106200218 -0.03976897895336151 0.04287676513195038 0.9982884526252747 -0.006525211967527866
1403636584.7635555 0.9988524317741394 4.365935456007719e-05 0.04789355397224426 0.005574880633503199 0.002951314439997077 0.9980430603027344 -0.06246146932244301 -0.0381106436252594 -0.047802556306123734 0.06253113597631454 0.9968975186347961 -0.008753843605518341
1403636584.8135555 0.9986446499824524 -0.001057184999808669 0.05203494429588318 0.005183249246329069 0.00518746068701148 0.9968369603157043 -0.07930415868759155 -0.04212207719683647 -0.05178651958703995 0.07946659624576569 0.9954913854598999 -0.010679159313440323
1403636584.8635557 0.9985017776489258 -0.005573099013417959 0.05443326011300087 0.005079451948404312 0.010585108771920204 0.9956818222999573 -0.09222699701786041 -0.04736099764704704 -0.05368420481681824 0.09266501665115356 0.9942491054534912 -0.012989912182092667
1403636584.9135554 0.9985023140907288 -0.009046326391398907 0.05395597591996193 0.004751388914883137 0.014597348868846893 0.9945335984230042 -0.10339193046092987 -0.04817903786897659 -0.05272572487592697 0.10402469336986542 0.9931760430335999 -0.014290301129221916
1403636584.9635556 0.9983282685279846 -0.015149046666920185 0.05577796697616577 0.004754041787236929 0.021096859127283096 0.9939660429954529 -0.10764025151729584 -0.05071160942316055 -0.053810764104127884 0.10863704234361649 0.9926239848136902 -0.015413756482303143
1403636585.0135555 0.9980673789978027 -0.017934901639819145 0.05949437990784645 0.004797626752406359 0.024248480796813965 0.9939462542533875 -0.10715796053409576 -0.05139679089188576 -0.05721233785152435 0.10839352011680603 0.9924604892730713 -0.015220093540847301
1403636585.0635555 0.9978092312812805 -0.020467856898903847 0.06290774792432785 0.004725202918052673 0.02692357636988163 0.9942595958709717 -0.10355233401060104 -0.05075593665242195 -0.06042712554335594 0.105019211769104 0.9926326870918274 -0.015009013004601002
1403636585.1135554 0.9977677464485168 -0.0212081465870142 0.06331952661275864 0.004402532242238522 0.02742660790681839 0.9947080612182617 -0.0990133136510849 -0.04864828661084175 -0.06088455021381378 0.10052894800901413 0.9930694103240967 -0.01393815502524376
1403636585.1635556 0.9974266886711121 -0.022691817954182625 0.06800729036331177 0.004412895534187555 0.028995146974921227 0.9952268600463867 -0.09318166226148605 -0.04524752125144005 -0.0655682310461998 0.0949137732386589 0.9933237433433533 -0.012656915001571178
1403636585.2135556 0.9970909357070923 -0.021653471514582634 0.0730811208486557 0.00490787997841835 0.02790442667901516 0.9959363341331482 -0.08562777191400528 -0.041703686118125916 -0.07093002647161484 0.08741797506809235 0.9936432838439941 -0.010801434516906738
1403636585.2635555 0.9967539310455322 -0.015582975000143051 0.07898616790771484 0.005295965820550919 0.021857094019651413 0.9966188669204712 -0.07920193672180176 -0.03650956600904465 -0.07748492062091827 0.08067124336957932 0.9937243461608887 -0.008193494752049446
1403636585.3135555 0.9964750409126282 -0.009684775024652481 0.08332958072423935 0.0059362309984862804 0.01588446833193302 0.9971271753311157 -0.07406161725521088 -0.03092244081199169 -0.08237292617559433 0.07512418925762177 0.9937661290168762 -0.0057684858329594135
1403636585.3635557 0.9963218569755554 -0.0012084852205589414 0.08568102866411209 0.006056546233594418 0.007089640945196152 0.9976349472999573 -0.06836915761232376 -0.0268867090344429 -0.08539574593305588 0.06872513145208359 0.9939740300178528 -0.003900921670719981
1403636585.4135554 0.996273398399353 0.0027167275547981262 0.08620867133140564 0.006275925785303116 0.0025912278797477484 0.9981098771095276 -0.06139945238828659 -0.021096613258123398 -0.08621253073215485 0.06139402091503143 0.9943832159042358 -0.0016284859739243984
1403636585.4635556 0.996806800365448 0.006315026432275772 0.07960157096385956 0.006594117730855942 -0.0021313601173460484 0.9986169934272766 -0.052533358335494995 -0.015009094029664993 -0.07982321083545685 0.05219593271613121 0.9954414963722229 0.0005373056046664715
1403636585.5135555 0.9972304701805115 0.009694654494524002 0.07374054193496704 0.007555616088211536 -0.006677365396171808 0.9991346001625061 -0.04105469584465027 -0.011481252498924732 -0.07407475262880325 0.04044857248663902 0.9964322447776794 0.002183934673666954
1403636585.5635555 0.9980101585388184 0.011211569420993328 0.062048688530921936 0.007529085967689753 -0.009363415651023388 0.9995062351226807 -0.029996614903211594 -0.005860545672476292 -0.062354348599910736 0.02935592457652092 0.9976223707199097 0.0032666611950844526
1403636585.6135554 0.9987686276435852 0.010486609302461147 0.04849064350128174 0.007426649797707796 -0.009630808606743813 0.9997943043708801 -0.017848826944828033 -0.0007116619381122291 -0.048667844384908676 0.017359841614961624 0.998664140701294 0.0037149658892303705
1403636585.6635556 0.999366283416748 0.006430978421121836 0.03501005843281746 0.007483511697500944 -0.006281473208218813 0.9999706745147705 -0.004378626123070717 0.0035665996838361025 -0.03503717482089996 0.004155934788286686 0.999377429485321 0.0037458252627402544
1403636585.7135556 0.999758780002594 0.0009221505606546998 0.021943876519799232 0.007309883367270231 -0.001134232385084033 0.9999527931213379 0.009654248133301735 0.007323917932808399 -0.021933939307928085 -0.00967680849134922 0.9997125267982483 0.0032293410040438175
1403636585.7635555 0.999899685382843 -0.004954496398568153 0.013267355971038342 0.00729590468108654 0.0046163154765963554 0.9996666312217712 0.025400053709745407 0.009819907136261463 -0.013388780876994133 -0.025336259976029396 0.9995893239974976 0.0026471384335309267
1403636585.8135555 0.9999235272407532 -0.01173784863203764 0.0038926478009670973 0.007050023879855871 0.01156742312014103 0.9990823268890381 0.04124120622873306 0.01168020348995924 -0.004373157862573862 -0.04119301214814186 0.9991415739059448 0.0018072762759402394
1403636585.8635557 0.9998317360877991 -0.01788049004971981 -0.004094108007848263 0.006876652128994465 0.018092429265379906 0.998066246509552 0.059468477964401245 0.012840564362704754 0.003022865392267704 -0.059532530605793 0.9982218146324158 0.0007713602972216904
1403636585.9135554 0.9996708035469055 -0.023559359833598137 -0.010158655233681202 0.006792497355490923 0.024283142760396004 0.9966373443603516 0.07825948297977448 0.013448826037347317 0.00828075036406517 -0.07848040014505386 0.9968811869621277 -0.00025925779482349753
1403636585.9635556 0.9995658993721008 -0.027621574699878693 -0.010252582840621471 0.006572783458977938 0.028508732095360756 0.9945889115333557 0.09990110248327255 0.013191525824368 0.007437678053975105 -0.10015001147985458 0.9949444532394409 -0.0013212583726271987
1403636586.0135555 0.9994708895683289 -0.03222609683871269 -0.004413008689880371 0.006506824865937233 0.03252454474568367 0.9917749762535095 0.12379266321659088 0.013408605940639973 0.00038735847920179367 -0.12387067079544067 0.9922981858253479 -0.002103636274114251
1403636586.0635555 0.9994025826454163 -0.03370525315403938 0.007641419302672148 0.0068197185173630714 0.03219524770975113 0.9883514046669006 0.14874409139156342 0.013955705799162388 -0.01256586518138647 -0.14840924739837646 0.9888461828231812 -0.0028173327445983887
1403636586.1135554 0.9990831017494202 -0.038083430379629135 0.019559359177947044 0.006602826062589884 0.03418504074215889 0.9846674799919128 0.17105954885482788 0.0136867081746459 -0.025773998349905014 -0.1702340692281723 0.9850665330886841 -0.003418576205149293
1403636586.1635556 0.9986319541931152 -0.04334893450140953 0.02924237586557865 0.006129662040621042 0.03700706362724304 0.9810010194778442 0.1904398500919342 0.013317842036485672 -0.036942169070243835 -0.18909716606140137 0.9812632203102112 -0.004185808356851339
1403636586.2135556 0.9982871413230896 -0.04854990914463997 0.03264423832297325 0.005586621351540089 0.04072261229157448 0.9772608280181885 0.20809359848499298 0.013005088083446026 -0.042004864662885666 -0.20640785992145538 0.9775639772415161 -0.005140332505106926
1403636586.2635555 0.9981523156166077 -0.051340777426958084 0.032497961074113846 0.005223218817263842 0.04265916720032692 0.972985565662384 0.22689072787761688 0.012888792902231216 -0.04326878860592842 -0.22508515417575836 0.9733778834342957 -0.006223632022738457
1403636586.3135555 0.9978533983230591 -0.05647268518805504 0.03315816819667816 0.004637896548956633 0.04655902832746506 0.9678396582603455 0.2472216784954071 0.011615929193794727 -0.04605305194854736 -0.24514716863632202 0.9683914184570312 -0.007098013535141945
1403636586.3635557 0.9975579977035522 -0.06123270094394684 0.03359392657876015 0.004430508241057396 0.05003047361969948 0.9621098041534424 0.2680329382419586 0.011657830327749252 -0.0487334281206131 -0.2656976878643036 0.9628238081932068 -0.008391216397285461
1403636586.4135554 0.9972256422042847 -0.06691046804189682 0.03261930122971535 0.0043305144645273685 0.05472260341048241 0.9560333490371704 0.2881070673465729 0.011847400106489658 -0.0504625141620636 -0.2855227291584015 0.957042396068573 -0.00971023365855217
1403636586.4635556 0.9972143769264221 -0.06764298677444458 0.0314314067363739 0.004192551132291555 0.0547947883605957 0.9502633810043335 0.3065890669822693 0.010904211550951004 -0.05060672014951706 -0.3040127754211426 0.9513228535652161 -0.010338235646486282
1403636586.5135555 0.9973472356796265 -0.06611552089452744 0.030449317768216133 0.004572754260152578 0.052779413759708405 0.9449277520179749 0.3229950964450836 0.011099936440587044 -0.050127387046813965 -0.3205312192440033 0.945910632610321 -0.011687837541103363
1403636586.5635555 0.9975631833076477 -0.06396914273500443 0.027850493788719177 0.005045922473073006 0.05096077919006348 0.9407113194465637 0.33535832166671753 0.011144278571009636 -0.047651857137680054 -0.3331218361854553 0.9416789412498474 -0.012899215333163738
1403636586.6135554 0.9977189302444458 -0.06293358653783798 0.024425731971859932 0.005764579866081476 0.05077231675386429 0.9380019903182983 0.34289100766181946 0.01085349265486002 -0.0444907546043396 -0.3408687114715576 0.9390575289726257 -0.013517733663320541
1403636586.6635556 0.9976464509963989 -0.06428731977939606 0.023852070793509483 0.006871564779430628 0.052198801189661026 0.9375990033149719 0.3437776565551758 0.010436865501105785 -0.04446423798799515 -0.3417234718799591 0.9387480616569519 -0.013946137391030788
1403636586.7135556 0.9977079629898071 -0.0638476312160492 0.022414764389395714 0.007947524078190327 0.052483655512332916 0.9392299652099609 0.3392527103424072 0.009931785054504871 -0.04271310940384865 -0.33729875087738037 0.9404281377792358 -0.014124499633908272
1403636586.7635555 0.9977243542671204 -0.0651080384850502 0.017521999776363373 0.009016345255076885 0.055629391223192215 0.9417412877082825 0.33170560002326965 0.009539364837110043 -0.03809789568185806 -0.32997599244117737 0.9432201981544495 -0.014067815616726875
1403636586.8135555 0.9978064298629761 -0.06464336812496185 0.014269714243710041 0.010107450187206268 0.056559015065431595 0.9444719552993774 0.32368746399879456 0.009077190421521664 -0.03440159559249878 -0.32217034697532654 0.9460563659667969 -0.013812052085995674
1403636586.8635557 0.9979182481765747 -0.06324323266744614 0.012625401839613914 0.010479411110281944 0.056022610515356064 0.9470809698104858 0.31606802344322205 0.009146107360720634 -0.03194643184542656 -0.3147027790546417 0.9486525058746338 -0.013428798876702785
1403636586.9135554 0.9982404708862305 -0.058366864919662476 0.010453211143612862 0.010924543254077435 0.05223657563328743 0.9490508437156677 0.31076303124427795 0.009026555344462395 -0.028058882802724838 -0.30967018008232117 0.9504299163818359 -0.012882642447948456
1403636586.9635556 0.9984526038169861 -0.05524803325533867 0.006320621818304062 0.011227848008275032 0.05066312849521637 0.9506224393844604 0.3061865270137787 0.008960186503827572 -0.022924717515707016 -0.3053925037384033 0.9519505500793457 -0.012342646718025208
1403636587.0135555 0.9987852573394775 -0.04916965216398239 0.003209085203707218 0.01130444835871458 0.04587410390377045 0.9516635537147522 0.30369725823402405 0.008768744766712189 -0.017986655235290527 -0.30318114161491394 0.9527630805969238 -0.011815136298537254
1403636587.0635555 0.9989397525787354 -0.046032510697841644 0.0006940551102161407 0.01154330838471651 0.04363096132874489 0.9514195322990417 0.30479028820991516 0.00850646197795868 -0.01469059381633997 -0.3044368028640747 0.9524192214012146 -0.01126827672123909
1403636587.1135554 0.9991300702095032 -0.04168790578842163 -0.0010954421013593674 0.011892512440681458 0.03998669981956482 0.9502390623092651 0.3089444935321808 0.008309281431138515 -0.011838310398161411 -0.30871954560279846 0.9510794281959534 -0.010657240636646748
1403636587.1635556 0.9992634654045105 -0.038344964385032654 -0.0014184284955263138 0.01247971598058939 0.036852672696113586 0.9487656354904175 0.3138240873813629 0.008085296489298344 -0.010687807574868202 -0.31364524364471436 0.9494800567626953 -0.010076310485601425
1403636587.2135556 0.9993215203285217 -0.03672650083899498 -0.0027229227125644684 0.013223355636000633 0.03570055961608887 0.9479457139968872 0.31642407178878784 0.00800417736172676 -0.009039957076311111 -0.31630662083625793 0.9486138820648193 -0.009597275406122208
1403636587.2635555 0.9992654919624329 -0.038253623992204666 -0.002241937443614006 0.014541822485625744 0.036979686468839645 0.9473463892936707 0.3180678188800812 0.007865511812269688 -0.010043344460427761 -0.3179171085357666 0.9480652213096619 -0.00888596661388874
1403636587.3135555 0.9991888403892517 -0.04025344178080559 -0.0010755424154922366 0.01626705750823021 0.03848705068230629 0.9468059539794922 0.31949523091316223 0.007661749143153429 -0.011842443607747555 -0.3192775249481201 0.9475873112678528 -0.008097183890640736
1403636587.3635557 0.9990911483764648 -0.04260832816362381 0.0010845933575183153 0.01846255362033844 0.04000599682331085 0.9462414979934692 0.32097741961479187 0.00746062770485878 -0.014702588319778442 -0.320642352104187 0.9470861554145813 -0.007199204061180353
1403636587.4135554 0.9989629983901978 -0.04548509791493416 0.00196000630967319 0.020745495334267616 0.042419545352458954 0.9455426335334778 0.32272228598594666 0.007268316112458706 -0.01653231307864189 -0.32230451703071594 0.9464915990829468 -0.0064722271636128426
1403636587.4635556 0.998752236366272 -0.04986821860074997 0.00263401260599494 0.02373753860592842 0.04630865901708603 0.9446218013763428 0.32487693428993225 0.0070698074996471405 -0.018689166754484177 -0.324349582195282 0.9457526803016663 -0.005748622119426727
1403636587.5135555 0.998511791229248 -0.05446183681488037 0.0028313701041042805 0.02716689556837082 0.050539299845695496 0.9436054825782776 0.3271917402744293 0.006840831600129604 -0.02049114741384983 -0.32656168937683105 0.9449536800384521 -0.0049419826827943325
1403636587.5635555 0.9982774257659912 -0.05854538455605507 0.0038155540823936462 0.0302394088357687 0.05405599623918533 0.943108081817627 0.32806259393692017 0.006798373069614172 -0.022805020213127136 -0.32729119062423706 0.944648265838623 -0.004511723294854164
1403636587.6135554 0.9979994297027588 -0.06295548379421234 0.005798720754683018 0.034351103007793427 0.05759977549314499 0.9432281255722046 0.32711294293403625 0.006518809590488672 -0.026063064113259315 -0.32612454891204834 0.9449673891067505 -0.003968694247305393
1403636587.6635556 0.9976739883422852 -0.06744460761547089 0.00988987646996975 0.03853437677025795 0.06063055992126465 0.9443051218986511 0.3234373927116394 0.0060654557310044765 -0.03115316480398178 -0.3220854699611664 0.9461978673934937 -0.003297637915238738
1403636587.7135556 0.9971893429756165 -0.07326871156692505 0.015655698254704475 0.041708044707775116 0.06454715877771378 0.9462247490882874 0.3170049488544464 0.005867408588528633 -0.03804035484790802 -0.3151034116744995 0.9482946395874023 -0.002611798234283924
1403636587.7635555 0.9964675307273865 -0.08127441257238388 0.021135438233613968 0.046141523867845535 0.07072725892066956 0.9479167461395264 0.3105661869049072 0.005260541569441557 -0.045275717973709106 -0.30797427892684937 0.950316846370697 -0.002154623158276081
1403636587.8135555 0.9959384202957153 -0.08561179041862488 0.027880320325493813 0.050653669983148575 0.07302586734294891 0.949201226234436 0.30607837438583374 0.0047964490950107574 -0.05266796797513962 -0.3027992844581604 0.9515979290008545 -0.0014553238870576024
1403636587.8635557 0.9952695965766907 -0.09107392281293869 0.033824071288108826 0.05380593612790108 0.07651761174201965 0.9493647217750549 0.304715633392334 0.004811268299818039 -0.05986301228404045 -0.3006860613822937 0.9518426656723022 -0.0007643653079867363
1403636587.9135554 0.9946867227554321 -0.09474886208772659 0.04026324301958084 0.057867079973220825 0.07786775380373001 0.9482617974281311 0.3077923655509949 0.0049506910145282745 -0.06734307110309601 -0.30302175879478455 0.95060133934021 -0.0001504241954535246
1403636587.9635556 0.9940668940544128 -0.09697084128856659 0.049272749572992325 0.06172054260969162 0.07666854560375214 0.94599449634552 0.3149861991405487 0.005270165391266346 -0.07715622335672379 -0.30933964252471924 0.9478164911270142 0.00036628497764468193
1403636588.0135555 0.9933047294616699 -0.09939495474100113 0.05887454375624657 0.06153760105371475 0.07496533542871475 0.9423463940620422 0.32613447308540344 0.005772184580564499 -0.08789630234241486 -0.3195374011993408 0.943488359451294 0.00010630348697304726
1403636588.0635555 0.9923872947692871 -0.10438093543052673 0.06536035239696503 0.06482039391994476 0.07657992839813232 0.9386427998542786 0.336281418800354 0.006255472078919411 -0.09645138680934906 -0.3287161588668823 0.9394907355308533 0.0006671017035841942
1403636588.1135554 0.9920489192008972 -0.10705382376909256 0.06616784632205963 0.06771278381347656 0.07814871519804001 0.9361210465431213 0.34288519620895386 0.006776724010705948 -0.09864826500415802 -0.334987998008728 0.937044084072113 0.001179564744234085
1403636588.1635556 0.9919425249099731 -0.1073516234755516 0.06727278232574463 0.06942196935415268 0.07765469700098038 0.9347729086875916 0.34665438532829285 0.0071237096562981606 -0.10009869188070297 -0.33863720297813416 0.935577392578125 0.001334447879344225
1403636588.2135556 0.9920183420181274 -0.10746105760335922 0.0659676119685173 0.0714755579829216 0.07815317064523697 0.9345564246177673 0.3471258580684662 0.007617505732923746 -0.09895297884941101 -0.33919960260391235 0.9354955554008484 0.0016207760199904442
1403636588.2635555 0.9921111464500427 -0.10745697468519211 0.0645638182759285 0.07296939939260483 0.07879764586687088 0.9351022243499756 0.3455066382884979 0.007991155609488487 -0.09750087559223175 -0.33769360184669495 0.9361926913261414 0.002038069535046816
1403636588.3135555 0.9921430945396423 -0.10874015092849731 0.06186776980757713 0.07397965341806412 0.08124356716871262 0.9360501766204834 0.34235891699790955 0.008200248703360558 -0.09513949602842331 -0.3346426784992218 0.9375301599502563 0.0021930397488176823
1403636588.3635557 0.9922989010810852 -0.109092578291893 0.058665018528699875 0.07456705719232559 0.08303428441286087 0.9372991323471069 0.33849021792411804 0.008476329036056995 -0.09191344678401947 -0.3310122787952423 0.9391393661499023 0.0023814216256141663
1403636588.4135554 0.9921405911445618 -0.11108633875846863 0.05759238824248314 0.07459820061922073 0.08556769043207169 0.9381542205810547 0.33547714352607727 0.008630114607512951 -0.0912974551320076 -0.3279123902320862 0.9402862191200256 0.0023009018041193485
1403636588.4635556 0.9920274019241333 -0.11247274279594421 0.05684560537338257 0.07394202053546906 0.08724482357501984 0.9384422898292542 0.3342370092868805 0.008669532835483551 -0.09093887358903885 -0.32661277055740356 0.9407731294631958 0.0021454948000609875
