1305031459.991725 0.9999216794967651 -0.012117263861000538 0.0031283891294151545 -0.03149412199854851 0.012075705453753471 0.9998428821563721 0.012978419661521912 0.00036777291097678244 -0.003285160521045327 -0.012939626350998878 0.999910831451416 -5.7809702411759645e-05
1305031460.027565 0.9997961521148682 -0.019303295761346817 0.005916131194680929 -0.046378202736377716 0.019183063879609108 0.9996209144592285 0.019746964797377586 -0.006316047161817551 -0.006295070052146912 -0.019629444926977158 0.9997875094413757 0.0007417979650199413
1305031460.059659 0.9996343851089478 -0.022055521607398987 0.015641743317246437 -0.07193899154663086 0.021811211481690407 0.9996400475502014 0.015621637925505638 -0.005328107159584761 -0.015980657190084457 -0.015274759382009506 0.9997556805610657 0.005526880268007517
1305031460.091717 0.9992839097976685 -0.037209052592515945 0.00686819339171052 -0.08439191430807114 0.03703602775931358 0.9990304708480835 0.023800944909453392 -0.012595482170581818 -0.007747144903987646 -0.023529529571533203 0.9996930956840515 -0.0041059814393520355
1305031460.12769 0.9982398152351379 -0.0592673160135746 0.0021519747097045183 -0.11517511308193207 0.059190068393945694 0.9978973865509033 0.02640492096543312 -0.019059134647250175 -0.0037123991642147303 -0.026231063529849052 0.999648928642273 0.003535505384206772
1305031460.159678 0.9967813491821289 -0.07890425622463226 -0.014183429069817066 -0.12767696380615234 0.0791909247636795 0.9966395497322083 0.02093479409813881 -0.017832783982157707 0.012483922764658928 -0.021990608423948288 0.99968022108078 0.007944879122078419
1305031460.191559 0.9954032301902771 -0.09215504676103592 -0.026077065616846085 -0.13515259325504303 0.09285008162260056 0.9953186511993408 0.026828596368432045 -0.017415588721632957 0.02348259836435318 -0.02912653423845768 0.9992998242378235 0.01646893285214901
1305031460.227761 0.994584321975708 -0.09987552464008331 -0.028759652748703957 -0.13973216712474823 0.10077064484357834 0.994408905506134 0.03156459331512451 -0.02696331962943077 0.025446321815252304 -0.03429177775979042 0.9990878701210022 0.025271369144320488
1305031460.259667 0.9939836263656616 -0.10585320740938187 -0.02813529036939144 -0.1328919529914856 0.10669190436601639 0.993833601474762 0.030194267630577087 -0.036723267287015915 0.024765638634562492 -0.03301441669464111 0.9991479516029358 0.01589125394821167
1305031460.291689 0.9943886995315552 -0.10528533905744553 -0.010296598076820374 -0.14248375594615936 0.10551309585571289 0.9941067099571228 0.024878310039639473 -0.04172458499670029 0.007616598159074783 -0.02582513354718685 0.9996374249458313 0.019827207550406456
1305031460.327512 0.9942935705184937 -0.1059526801109314 0.012421008199453354 -0.15701895952224731 0.10579021275043488 0.9943026900291443 0.013079714961349964 -0.0418037548661232 -0.013736074790358543 -0.011691057123243809 0.999837338924408 0.031161341816186905
1305031460.35963 0.9932892322540283 -0.11048824340105057 0.03418738394975662 -0.1674174964427948 0.11026459187269211 0.9938671588897705 0.008365645073354244 -0.04294979199767113 -0.034902021288871765 -0.004539849236607552 0.9993805289268494 0.036302872002124786
1305031460.391611 0.9916837215423584 -0.11864283680915833 0.04987207055091858 -0.1672767996788025 0.11812848597764969 0.9929112792015076 0.01314794272184372 -0.050250813364982605 -0.05107846483588219 -0.007147287018597126 0.9986690878868103 0.03404838964343071
1305031460.427477 0.9889333844184875 -0.1281219720840454 0.07480365037918091 -0.17710824310779572 0.12770341336727142 0.9917581677436829 0.010372070595622063 -0.054707400500774384 -0.07551603019237518 -0.0007046028040349483 0.997144341468811 0.03884047642350197
1305031460.45962 0.9860673546791077 -0.13610222935676575 0.09564203023910522 -0.17531435191631317 0.13602030277252197 0.9906783699989319 0.007406400050967932 -0.05636926740407944 -0.09575851261615753 0.005706046242266893 0.9953882098197937 0.041490111500024796
1305031460.491504 0.9797763824462891 -0.14654864370822906 0.1362418681383133 -0.1891978234052658 0.1472405046224594 0.9890879392623901 0.005040458403527737 -0.05056842043995857 -0.13549384474754333 0.015121795237064362 0.9906627535820007 0.048198502510786057
1305031460.52757 0.9724050760269165 -0.16580623388290405 0.16412433981895447 -0.19745466113090515 0.16517886519432068 0.9861072897911072 0.01755983754992485 -0.05692429468035698 -0.16475573182106018 0.010034590028226376 0.9862833619117737 0.05218329280614853
1305031460.559647 0.9648155570030212 -0.175968736410141 0.1953612118959427 -0.2157517820596695 0.17092877626419067 0.9843662977218628 0.04250060394406319 -0.07921397686004639 -0.1997857391834259 -0.007612389978021383 0.9798101782798767 0.047862712293863297
1305031460.591855 0.9594315886497498 -0.17477726936340332 0.22123295068740845 -0.22936619818210602 0.16967211663722992 0.9846040606498718 0.042026370763778687 -0.08099973201751709 -0.22517210245132446 -0.0027843639254570007 0.9743151068687439 0.053410984575748444
1305031460.627625 0.9537180066108704 -0.17888061702251434 0.24170993268489838 -0.23879699409008026 0.17349563539028168 0.9838707447052002 0.04356234520673752 -0.08632253110408783 -0.2456037849187851 0.00038943393155932426 0.9693703055381775 0.05903647840023041
1305031460.659764 0.9493506550788879 -0.17736181616783142 0.2593771815299988 -0.24863554537296295 0.172463521361351 0.9841323494911194 0.04171210527420044 -0.08939140290021896 -0.26265954971313477 0.005133696831762791 0.9648750424385071 0.060609087347984314
1305031460.691671 0.9448541402816772 -0.1768903136253357 0.27560967206954956 -0.26406073570251465 0.17208927869796753 0.9841979742050171 0.041710615158081055 -0.08796103298664093 -0.27863261103630066 0.008019025437533855 0.9603644013404846 0.0665263831615448
1305031460.727675 0.9431431293487549 -0.17629094421863556 0.28178495168685913 -0.27129170298576355 0.16895702481269836 0.9843381643295288 0.05031939968466759 -0.0927128940820694 -0.2862425148487091 0.000151162501424551 0.9581573009490967 0.07236150652170181
1305031460.759667 0.9405543208122253 -0.17275945842266083 0.29242363572120667 -0.2775120437145233 0.16456839442253113 0.9849631786346436 0.05258164554834366 -0.09802123159170151 -0.2971104383468628 -0.0013322070008143783 0.9548423290252686 0.07591214030981064
1305031460.79166 0.936896562576294 -0.16880233585834503 0.3061543405056 -0.29141685366630554 0.16046588122844696 0.9856498837471008 0.05239212512969971 -0.09933187067508698 -0.31060492992401123 4.131486639380455e-05 0.950539231300354 0.08359482884407043
1305031460.82766 0.9363147616386414 -0.16260108351707458 0.3112483620643616 -0.29983365535736084 0.15219250321388245 0.9866700172424316 0.05761796608567238 -0.10182465612888336 -0.31646814942359924 -0.006578890606760979 0.9485803842544556 0.08981828391551971
1305031460.859714 0.9324072003364563 -0.1590552031993866 0.3245275318622589 -0.31201276183128357 0.1446797102689743 0.9871307015419006 0.06812316924333572 -0.1087128221988678 -0.3311864137649536 -0.016565978527069092 0.943419873714447 0.09630171954631805
1305031460.891774 0.9277723431587219 -0.151651531457901 0.3409404158592224 -0.3235699236392975 0.1334228217601776 0.9881069660186768 0.07644122838973999 -0.11425135284662247 -0.3484780192375183 -0.025430822744965553 0.9369717836380005 0.10558377951383591
1305031460.927562 0.9249289035797119 -0.14903220534324646 0.34970822930336 -0.3343656659126282 0.12787893414497375 0.988314151763916 0.08295972645282745 -0.11730406433343887 -0.35798531770706177 -0.03201153874397278 0.9331782460212708 0.1138746440410614
1305031460.959649 0.9232378005981445 -0.15357230603694916 0.3522037863731384 -0.33924511075019836 0.12796834111213684 0.9872166514396667 0.09501294046640396 -0.12913726270198822 -0.3622927665710449 -0.042648591101169586 0.9310880899429321 0.1225900799036026
1305031460.991668 0.9189171195030212 -0.15572866797447205 0.36240845918655396 -0.34970036149024963 0.12943556904792786 0.9869397282600403 0.09589798748493195 -0.14091716706752777 -0.37260934710502625 -0.041213762015104294 0.9270725846290588 0.12975028157234192
1305031461.02762 0.9165623784065247 -0.15645831823349 0.3680136501789093 -0.3582335114479065 0.131908118724823 0.9870651960372925 0.09111768752336502 -0.14539949595928192 -0.37750959396362305 -0.03497105836868286 0.9253451228141785 0.1389245092868805
1305031461.059662 0.9165002107620239 -0.15523526072502136 0.36868590116500854 -0.365888774394989 0.1340569257736206 0.9875292181968689 0.08255299180746078 -0.14816758036613464 -0.3769031763076782 -0.026234928518533707 0.9258810877799988 0.14447596669197083
1305031461.091728 0.9171792268753052 -0.15513214468955994 0.3670373260974884 -0.372325599193573 0.13191230595111847 0.9873749613761902 0.08769235014915466 -0.15257026255130768 -0.3760072588920593 -0.03201286122202873 0.9260634779930115 0.15317456424236298
1305031461.127586 0.9172592759132385 -0.15130135416984558 0.36843377351760864 -0.3764173984527588 0.1247531846165657 0.9876300096511841 0.09499330818653107 -0.16464745998382568 -0.37824881076812744 -0.04117021709680557 0.9247879981994629 0.1618364304304123
1305031461.15972 0.9179354310035706 -0.14666086435317993 0.36862629652023315 -0.38061487674713135 0.1224028542637825 0.9885275363922119 0.08849184215068817 -0.1712808609008789 -0.3773754835128784 -0.036108873784542084 0.9253561496734619 0.16917504370212555
1305031461.192013 0.919400691986084 -0.13828697800636292 0.3682105839252472 -0.3852051794528961 0.1169235110282898 0.9899272918701172 0.07983063906431198 -0.17443352937698364 -0.37554123997688293 -0.03034386597573757 0.9263087511062622 0.1762189269065857
1305031461.227607 0.9193112850189209 -0.13361524045467377 0.3701535165309906 -0.38853564858436584 0.11269906908273697 0.9905884265899658 0.07767634093761444 -0.17888863384723663 -0.37704846262931824 -0.029692787677049637 0.9257173538208008 0.18247902393341064
1305031461.259642 0.9199470281600952 -0.12588392198085785 0.3712824881076813 -0.39358457922935486 0.1064453199505806 0.9916732907295227 0.07248284667730331 -0.18379846215248108 -0.37731531262397766 -0.02715909481048584 0.9256863594055176 0.19055664539337158
1305031461.291656 0.9220256805419922 -0.11387483775615692 0.37000155448913574 -0.3965715169906616 0.0963166207075119 0.9931830763816833 0.0656542181968689 -0.18837380409240723 -0.3749556243419647 -0.02489757537841797 0.9267083406448364 0.19677802920341492
1305031461.327751 0.9228838682174683 -0.10354308038949966 0.370896577835083 -0.3947802186012268 0.08848470449447632 0.9944199323654175 0.05743978172540665 -0.18905463814735413 -0.37477442622184753 -0.020191576331853867 0.9268961548805237 0.2029298096895218
1305031461.359709 0.9211493134498596 -0.09463638812303543 0.37752869725227356 -0.3952656686306 0.0788678452372551 0.9952512979507446 0.05704978108406067 -0.18577049672603607 -0.38113492727279663 -0.022776488214731216 0.9242387413978577 0.20675356686115265
1305031461.391708 0.9175979495048523 -0.09695447236299515 0.3855046331882477 -0.39908623695373535 0.07405489683151245 0.9945158362388611 0.07385163009166718 -0.19504117965698242 -0.3905506134033203 -0.039217591285705566 0.919745683670044 0.21879377961158752
1305031461.427624 0.9172762632369995 -0.09294470399618149 0.3872537612915039 -0.3987150192260742 0.06971405446529388 0.9948451519012451 0.07364295423030853 -0.19988951086997986 -0.3921021819114685 -0.04055390879511833 0.9190273284912109 0.2256545126438141
1305031461.459781 0.9158284068107605 -0.09538105875253677 0.39007773995399475 -0.3974689245223999 0.07054872065782547 0.994490385055542 0.07753583043813705 -0.19647790491580963 -0.3953239917755127 -0.04349003732204437 0.917511522769928 0.2291780710220337
1305031461.491677 0.9145285487174988 -0.09842193126678467 0.3923654556274414 -0.3962235152721405 0.06754044443368912 0.9934857487678528 0.09178461134433746 -0.21146941184997559 -0.39884307980537415 -0.05743911489844322 0.9152184724807739 0.23635458946228027
1305031461.527705 0.9155324697494507 -0.09349580109119415 0.3912273645401001 -0.3943800926208496 0.06784036755561829 0.9945694804191589 0.07892600446939468 -0.211566761136055 -0.39648205041885376 -0.045718319714069366 0.9169034361839294 0.236482635140419
1305031461.559677 0.9175094962120056 -0.08808764070272446 0.3878360986709595 -0.38359197974205017 0.062412384897470474 0.9949715733528137 0.07833395153284073 -0.21443650126457214 -0.3927861750125885 -0.04766637831926346 0.9183936715126038 0.2342977523803711
1305031461.59169 0.9129259586334229 -0.07904473692178726 0.40039733052253723 -0.3790472149848938 0.0550953634083271 0.9959538578987122 0.0709967315196991 -0.21658694744110107 -0.4043891429901123 -0.04275473207235336 0.9135871529579163 0.23338264226913452
1305031461.627541 0.9081782102584839 -0.07794979959726334 0.41126176714897156 -0.3735084533691406 0.05384739488363266 0.9961003661155701 0.06988929957151413 -0.21496039628982544 -0.4151058495044708 -0.04132656008005142 0.9088339805603027 0.23262791335582733
1305031461.659622 0.9040548205375671 -0.07795818150043488 0.42024675011634827 -0.36885398626327515 0.05291066691279411 0.9960752129554749 0.07095371186733246 -0.2159280627965927 -0.42412886023521423 -0.04191051796078682 0.9046315550804138 0.2325824797153473
1305031461.691563 0.9007516503334045 -0.08744615316390991 0.42544057965278625 -0.3620242178440094 0.06266224384307861 0.9954389929771423 0.07193529605865479 -0.20977342128753662 -0.42979055643081665 -0.03813677653670311 0.9021228551864624 0.23127250373363495
1305031461.727602 0.8975175023078918 -0.09899477660655975 0.4297236502170563 -0.35606205463409424 0.07019709795713425 0.9941238760948181 0.08240167796611786 -0.21179631352424622 -0.43535590171813965 -0.04379159212112427 0.8991926908493042 0.23222927749156952
1305031461.759684 0.8957975506782532 -0.10368774086236954 0.4321986436843872 -0.3468896150588989 0.07653163373470306 0.9938675761222839 0.07981296628713608 -0.20510375499725342 -0.4378238618373871 -0.038419391959905624 0.8982395529747009 0.22924824059009552
1305031461.791612 0.8936837911605835 -0.11393848061561584 0.4339902400970459 -0.33491581678390503 0.08317971974611282 0.9925263524055481 0.0892891138792038 -0.2025327980518341 -0.44092023372650146 -0.04369703680276871 0.896481990814209 0.22312983870506287
1305031461.827615 0.889175295829773 -0.1245872899889946 0.4402785003185272 -0.32283729314804077 0.0936659425497055 0.9914015531539917 0.09137535840272903 -0.19842924177646637 -0.44787704944610596 -0.04000961035490036 0.8931994438171387 0.21983903646469116
1305031461.859767 0.8832321763038635 -0.13744907081127167 0.44833990931510925 -0.31366658210754395 0.10814210027456284 0.9900102615356445 0.09047024697065353 -0.18699441850185394 -0.4562961757183075 -0.03142181411385536 0.8892728686332703 0.21504749357700348
1305031461.891723 0.8732008337974548 -0.16054388880729675 0.4601585865020752 -0.3098377585411072 0.12859198451042175 0.986622154712677 0.10020355880260468 -0.17395523190498352 -0.47008979320526123 -0.028325116261839867 0.8821638822555542 0.21735455095767975
1305031461.927758 0.871183454990387 -0.18183006346225739 0.45604515075683594 -0.29827529191970825 0.14143966138362885 0.9824593663215637 0.12152476608753204 -0.1702594757080078 -0.4701427221298218 -0.041367486119270325 0.8816203474998474 0.21100181341171265
1305031461.959703 0.8729588985443115 -0.19041037559509277 0.44909533858299255 -0.27334755659103394 0.15020215511322021 0.9808600544929504 0.12390616536140442 -0.16032318770885468 -0.46409282088279724 -0.04070991650223732 0.8848506212234497 0.19844260811805725
1305031461.99159 0.8609154224395752 -0.19775301218032837 0.46874135732650757 -0.2688157856464386 0.16156423091888428 0.9799400568008423 0.11668049544095993 -0.13097895681858063 -0.4824124276638031 -0.024720191955566406 0.8755953311920166 0.19634732604026794
1305031462.027675 0.8474043011665344 -0.2260621190071106 0.4804183542728424 -0.27365830540657043 0.17625774443149567 0.9732927680015564 0.1470864862203598 -0.12885645031929016 -0.5008383393287659 -0.03996426984667778 0.8646177649497986 0.19636677205562592
1305031462.059837 0.8398556709289551 -0.2572009265422821 0.4780063033103943 -0.27398842573165894 0.19347022473812103 0.9646192193031311 0.17910614609718323 -0.1327582150697708 -0.5071602463722229 -0.05794332176446915 0.8599016666412354 0.1985923945903778
1305031462.091777 0.8435662984848022 -0.27958351373672485 0.4585072696208954 -0.2583838403224945 0.2192932665348053 0.9586989283561707 0.18112683296203613 -0.11606151610612869 -0.49021047353744507 -0.05224496126174927 0.8700368404388428 0.19231808185577393
1305031462.127739 0.8387624025344849 -0.30033445358276367 0.45417705178260803 -0.2533593475818634 0.23358123004436493 0.9519394040107727 0.19811886548995972 -0.11125116795301437 -0.4918510615825653 -0.060087427496910095 0.868603527545929 0.1907997727394104
1305031462.159646 0.8353312015533447 -0.31333068013191223 0.45171400904655457 -0.25002649426460266 0.24194568395614624 0.9473555088043213 0.20971398055553436 -0.10544164478778839 -0.493643581867218 -0.06589040160179138 0.8671645522117615 0.18849557638168335
1305031462.191641 0.8345690369606018 -0.31306952238082886 0.4533011317253113 -0.24872715771198273 0.23816975951194763 0.947002649307251 0.2155488282442093 -0.09829563647508621 -0.4967590868473053 -0.0719277486205101 0.8649027347564697 0.18608206510543823
1305031462.227633 0.8342012166976929 -0.31344857811927795 0.45371589064598083 -0.2459011673927307 0.2354363352060318 0.9464362263679504 0.22097061574459076 -0.08603323996067047 -0.4986761808395386 -0.07751275599002838 0.8633155822753906 0.18021953105926514
1305031462.259765 0.8329242467880249 -0.3113047182559967 0.4575219452381134 -0.24841466546058655 0.22562609612941742 0.9459666013717651 0.23289470374584198 -0.07935888320207596 -0.5053017139434814 -0.09075474739074707 0.8581571578979492 0.18090668320655823
1305031462.291629 0.8366016745567322 -0.30470964312553406 0.4552465081214905 -0.2485511302947998 0.21198073029518127 0.9463570713996887 0.24386943876743317 -0.07295147329568863 -0.505135178565979 -0.10751809924840927 0.8563166856765747 0.1792929768562317
1305031462.32754 0.8425405025482178 -0.29347676038742065 0.4516599476337433 -0.24556642770767212 0.19524747133255005 0.9479050636291504 0.25170308351516724 -0.06358359009027481 -0.5019997954368591 -0.12388460338115692 0.8559491038322449 0.17622065544128418
1305031462.359732 0.8453875184059143 -0.2808420956134796 0.4543648362159729 -0.24683265388011932 0.17764468491077423 0.9500285983085632 0.25668659806251526 -0.05181011185050011 -0.5037480592727661 -0.13628412783145905 0.853032648563385 0.17539425194263458
1305031462.391695 0.8490817546844482 -0.27260494232177734 0.45248913764953613 -0.2498304396867752 0.1611529290676117 0.9493998289108276 0.26957330107688904 -0.0410834476351738 -0.5030801296234131 -0.15596984326839447 0.8500493764877319 0.1761576533317566
1305031462.427635 0.8566688299179077 -0.26384466886520386 0.44328808784484863 -0.24946528673171997 0.14551639556884766 0.9480058550834656 0.283037006855011 -0.03126874566078186 -0.49491751194000244 -0.1779632866382599 0.8505209684371948 0.17343741655349731
1305031462.459897 0.8662086725234985 -0.2506958544254303 0.43224284052848816 -0.24973390996456146 0.130313903093338 0.9484379887580872 0.28893566131591797 -0.016703709959983826 -0.48239049315452576 -0.1939513236284256 0.8542144894599915 0.1698800027370453
1305031462.492008 0.876827597618103 -0.238339364528656 0.4175730347633362 -0.24612072110176086 0.1106482669711113 0.9452049136161804 0.30715587735176086 -0.006993493996560574 -0.4678994417190552 -0.22311906516551971 0.8551538586616516 0.16513223946094513
1305031462.52767 0.8811025619506836 -0.2346445769071579 0.4106089770793915 -0.25276926159858704 0.09927652031183243 0.9406575560569763 0.32451146841049194 -0.005108918994665146 -0.4623872935771942 -0.24516414105892181 0.852110743522644 0.16240400075912476
1305031462.559862 0.8936759233474731 -0.22535768151283264 0.38801631331443787 -0.24732111394405365 0.08737786114215851 0.9355806112289429 0.34213176369667053 -0.0058668507263064384 -0.4401225447654724 -0.27185094356536865 0.8557974100112915 0.15506088733673096
1305031462.591862 0.9034887552261353 -0.20381933450698853 0.3770480751991272 -0.2429463118314743 0.06805342435836792 0.9367547035217285 0.3433067202568054 0.0005971658974885941 -0.423174113035202 -0.2845144271850586 0.8602181673049927 0.1466136872768402
1305031462.627851 0.9112944006919861 -0.17381227016448975 0.3732716739177704 -0.23962804675102234 0.043220579624176025 0.9419081807136536 0.3330778479576111 0.01388236042112112 -0.4094807207584381 -0.28739896416664124 0.8658679723739624 0.13865907490253448
1305031462.65966 0.9161987900733948 -0.15173594653606415 0.3708854019641876 -0.2383558303117752 0.022607890889048576 0.9436364769935608 0.3302105665206909 0.017106514424085617 -0.40008577704429626 -0.2941536009311676 0.8679890632629395 0.13102072477340698
1305031462.692548 0.9201692342758179 -0.12813477218151093 0.36995929479599 -0.2403375804424286 0.0037978605832904577 0.9478060007095337 0.3188249170780182 0.025182457640767097 -0.3915022015571594 -0.29196783900260925 0.8726286292076111 0.12365885078907013
1305031462.727652 0.9282205104827881 -0.1018131896853447 0.357827752828598 -0.23812973499298096 -0.016257302835583687 0.9498046040534973 0.3124212324619293 0.03379472717642784 -0.371675044298172 -0.2958131432533264 0.8799728751182556 0.11396647989749908
1305031462.759782 0.9374441504478455 -0.07890025526285172 0.33907702565193176 -0.23159265518188477 -0.03418926149606705 0.9484062790870667 0.3152087330818176 0.037185464054346085 -0.34645283222198486 -0.3070833384990692 0.8863804340362549 0.1020379364490509
1305031462.791943 0.9448832273483276 -0.05745938420295715 0.322326123714447 -0.2203640192747116 -0.04910556599497795 0.9484728574752808 0.31302985548973083 0.04470650106668472 -0.3237040936946869 -0.31160467863082886 0.893374502658844 0.0908946543931961
1305031462.827816 0.9495632648468018 -0.04402446001768112 0.31046953797340393 -0.21343284845352173 -0.05854036659002304 0.9478011131286621 0.3134421110153198 0.05267712473869324 -0.30806252360343933 -0.31580817699432373 0.8974199295043945 0.07879968732595444
1305031462.859782 0.953999400138855 -0.030456703156232834 0.2982577383518219 -0.2023524045944214 -0.0704309418797493 0.9442191123962402 0.3216979205608368 0.05617746710777283 -0.29141849279403687 -0.32790619134902954 0.8986393213272095 0.06448999792337418
1305031462.891847 0.9569244384765625 -0.017957864329218864 0.28978121280670166 -0.186039000749588 -0.0786651000380516 0.9447155594825745 0.31831473112106323 0.06258425116539001 -0.2794771194458008 -0.3273988664150238 0.9026088118553162 0.052176304161548615
1305031462.927607 0.9575160145759583 -0.014646836556494236 0.2880079746246338 -0.17733174562454224 -0.0808655321598053 0.9450036287307739 0.3169056475162506 0.06493450701236725 -0.2768101990222931 -0.32673215866088867 0.9036715030670166 0.04190487787127495
1305031462.959676 0.959335446357727 -0.009340574964880943 0.28211385011672974 -0.16817109286785126 -0.08350984752178192 0.9453185796737671 0.31527626514434814 0.06678318977355957 -0.2696322798728943 -0.32601499557495117 0.9060974717140198 0.032755862921476364
1305031462.99555 0.9643009305000305 0.0033830341417342424 0.26478734612464905 -0.15311945974826813 -0.08941954374313354 0.9453456401824951 0.31356939673423767 0.06422660499811172 -0.2492547631263733 -0.32605239748954773 0.9119000434875488 0.021405521780252457
1305031463.027667 0.9679886102676392 0.018634112551808357 0.2503017485141754 -0.14083607494831085 -0.09593740105628967 0.9489861726760864 0.30036866664886475 0.06553855538368225 -0.23193573951721191 -0.3147667348384857 0.9203954339027405 0.009661367163062096
1305031463.05981 0.970818281173706 0.037454754114151 0.23687338829040527 -0.13205716013908386 -0.10694117099046707 0.9516975283622742 0.28781139850616455 0.07039395719766617 -0.2146519124507904 -0.30474406480789185 0.9279308319091797 -0.0014157164841890335
1305031463.095809 0.9729307889938354 0.058499809354543686 0.22356970608234406 -0.11882629245519638 -0.12339198589324951 0.9494858384132385 0.28853240609169006 0.06910649687051773 -0.19539722800254822 -0.30830875039100647 0.9310024976730347 -0.012082163244485855
1305031463.12755 0.9733927249908447 0.07863496243953705 0.21522808074951172 -0.10750748217105865 -0.13886095583438873 0.9495859742164612 0.2810767889022827 0.06615860015153885 -0.18227505683898926 -0.3034849166870117 0.9352394938468933 -0.02181582897901535
1305031463.159787 0.9741631150245667 0.09965881705284119 0.20266810059547424 -0.09421295672655106 -0.15302690863609314 0.9512463808059692 0.26779282093048096 0.06795795261859894 -0.16609936952590942 -0.2918875217437744 0.94191974401474 -0.03454795852303505
1305031463.195657 0.9742196202278137 0.11606939136981964 0.19345292448997498 -0.07912633568048477 -0.16516417264938354 0.9510691165924072 0.26112884283065796 0.07240557670593262 -0.15367808938026428 -0.2863483726978302 0.9457207322120667 -0.04560861736536026
1305031463.227784 0.9735594987869263 0.12630698084831238 0.19033768773078918 -0.06809161603450775 -0.1755625158548355 0.9468079805374146 0.26968976855278015 0.06473827362060547 -0.14614953100681305 -0.2959751784801483 0.9439486861228943 -0.04992303624749184
1305031463.260034 0.9741091728210449 0.1344129592180252 0.18178139626979828 -0.054914917796850204 -0.17892616987228394 0.9498458504676819 0.2564726173877716 0.0632028803229332 -0.13819105923175812 -0.2823578119277954 0.9493035674095154 -0.058173079043626785
1305031463.295737 0.9733391404151917 0.14831297099590302 0.17496897280216217 -0.04112070053815842 -0.18906046450138092 0.9506837725639343 0.24587906897068024 0.06694021821022034 -0.1298731118440628 -0.2724035084247589 0.9533778429031372 -0.06713704764842987
1305031463.327739 0.9741407632827759 0.1546015590429306 0.16476702690124512 -0.027045665308833122 -0.19312576949596405 0.9482440948486328 0.25206294655799866 0.06166084110736847 -0.11727006733417511 -0.2773655652999878 0.9535806179046631 -0.07007791101932526
1305031463.35975 0.975278913974762 0.16060972213745117 0.15177494287490845 -0.015449597500264645 -0.19457189738750458 0.9497277736663818 0.24527333676815033 0.05847395211458206 -0.10475160926580429 -0.26874107122421265 0.9574995636940002 -0.0742248073220253
1305031463.39563 0.9768248796463013 0.17106103897094727 0.12865252792835236 0.006649464834481478 -0.1974247843027115 0.9522695541381836 0.23282240331172943 0.0639268308877945 -0.08268506824970245 -0.25282591581344604 0.9639721512794495 -0.07788638025522232
1305031463.427716 0.9762818217277527 0.17890313267707825 0.12193161249160767 0.02019621804356575 -0.20382899045944214 0.9493694305419922 0.23906360566616058 0.0575283020734787 -0.07298892736434937 -0.25824669003486633 0.9633178114891052 -0.08308392763137817
1305031463.459756 0.9757195711135864 0.18501797318458557 0.1172156110405922 0.03675692901015282 -0.20839981734752655 0.948904275894165 0.23696064949035645 0.05543266981840134 -0.06738440692424774 -0.2556348443031311 0.9644221663475037 -0.08625435084104538
1305031463.495629 0.9754527807235718 0.18659652769565582 0.11693396419286728 0.05329267680644989 -0.21015334129333496 0.9474494457244873 0.24119505286216736 0.04813176393508911 -0.06578287482261658 -0.2598484456539154 0.9634061455726624 -0.09174612164497375
1305031463.52767 0.9742169380187988 0.1904629021883011 0.12093450129032135 0.07048545777797699 -0.21470677852630615 0.9473216533660889 0.2376607358455658 0.04024212062358856 -0.06929833441972733 -0.25749853253364563 0.9637905955314636 -0.09284227341413498
1305031463.559751 0.974295973777771 0.18956449627876282 0.12170710414648056 0.08341378718614578 -0.21322090923786163 0.9503427743911743 0.22668376564979553 0.03897089511156082 -0.07269228249788284 -0.24680760502815247 0.9663342237472534 -0.09950156509876251
1305031463.5956 0.9750440716743469 0.1891360878944397 0.11626113206148148 0.09788589924573898 -0.21166616678237915 0.9499459266662598 0.22978274524211884 0.03405117243528366 -0.06698159873485565 -0.24865683913230896 0.9662728309631348 -0.10324933379888535
1305031463.627588 0.9756263494491577 0.19222621619701385 0.10584194958209991 0.11573150008916855 -0.21275694668293 0.9467343091964722 0.24172000586986542 0.014129970222711563 -0.053739309310913086 -0.2583469748497009 0.9645562767982483 -0.10740253329277039
1305031463.659766 0.9749611616134644 0.1976902037858963 0.10183040052652359 0.12946604192256927 -0.21589188277721405 0.9512320756912231 0.22033628821372986 0.009823905304074287 -0.05330605059862137 -0.23680362105369568 0.9700940251350403 -0.11219640076160431
1305031463.69564 0.9750474691390991 0.20263615250587463 0.09067016839981079 0.1483677327632904 -0.21758119761943817 0.9533650279045105 0.20917299389839172 0.00801929086446762 -0.04405579715967178 -0.22368170320987701 0.9736660122871399 -0.11763101816177368
1305031463.727588 0.9739305377006531 0.20832963287830353 0.08976742625236511 0.16213351488113403 -0.22338977456092834 0.9496207237243652 0.21981219947338104 -0.011797288432717323 -0.03945164382457733 -0.23413488268852234 0.9714032411575317 -0.1213306337594986
1305031463.759674 0.9719250202178955 0.21791622042655945 0.0887371078133583 0.1764424443244934 -0.23244015872478485 0.947777509689331 0.21837882697582245 -0.03845099359750748 -0.03651474788784981 -0.23287396132946014 0.971821129322052 -0.12913647294044495
1305031463.795647 0.9683011174201965 0.23465792834758759 0.0856073796749115 0.1894451379776001 -0.2473095953464508 0.9487780928611755 0.19661645591259003 -0.04233871027827263 -0.03508478403091431 -0.21155546605587006 0.9767361283302307 -0.1392499804496765
1305031463.827761 0.9635040760040283 0.2542102634906769 0.0838869959115982 0.20313286781311035 -0.2660437226295471 0.9440726637840271 0.19480125606060028 -0.05794263631105423 -0.029674936085939407 -0.21000942587852478 0.9772489070892334 -0.14391742646694183
1305031463.85991 0.9585874080657959 0.27272385358810425 0.08204713463783264 0.215476393699646 -0.28376132249832153 0.9391656517982483 0.19351327419281006 -0.08123611658811569 -0.024280158802866936 -0.2087811976671219 0.9776608943939209 -0.1495760679244995
1305031463.895648 0.9532038569450378 0.29165926575660706 0.0796067863702774 0.22683653235435486 -0.30152320861816406 0.9363195300102234 0.1799708604812622 -0.0931333601474762 -0.022047216072678566 -0.19555221498012543 0.9804454445838928 -0.16066716611385345
1305031463.927664 0.9505612850189209 0.30086055397987366 0.07691784203052521 0.23383042216300964 -0.31003841757774353 0.9334951043128967 0.18017521500587463 -0.10891755670309067 -0.017594804987311363 -0.1951151043176651 0.9806224703788757 -0.16920314729213715
1305031463.95968 0.9466395378112793 0.31578120589256287 0.06446641683578491 0.2445858120918274 -0.3222757577896118 0.9296049475669861 0.1788100153207779 -0.12380267679691315 -0.003463445231318474 -0.1900445967912674 0.981769323348999 -0.17289921641349792
1305031463.995821 0.9423214197158813 0.32994332909584045 0.056282442063093185 0.25121161341667175 -0.3346879780292511 0.926947832107544 0.16956350207328796 -0.135524183511734 0.0037754708901047707 -0.17862039804458618 0.9839107990264893 -0.1825990080833435
1305031464.027703 0.9383366107940674 0.3426266312599182 0.046166133135557175 0.26319020986557007 -0.3453473746776581 0.9227004051208496 0.1713448166847229 -0.15231475234031677 0.016109798103570938 -0.1767224818468094 0.9841288924217224 -0.1939517855644226
1305031464.059652 0.9315108060836792 0.3614397644996643 0.040607232600450516 0.2721315026283264 -0.36283284425735474 0.9156798124313354 0.17286626994609833 -0.17430607974529266 0.02529752254486084 -0.1757604032754898 0.9841078519821167 -0.20018135011196136
1305031464.095634 0.9254216551780701 0.3771321773529053 0.036960944533348083 0.27825406193733215 -0.37801140546798706 0.9119338393211365 0.1596372127532959 -0.18582558631896973 0.026498395949602127 -0.16170339286327362 0.9864835739135742 -0.20994389057159424
1305031464.127681 0.9222433567047119 0.3850942850112915 0.03420393168926239 0.2798060178756714 -0.3856411576271057 0.9100636839866638 0.15187108516693115 -0.19381876289844513 0.027356933802366257 -0.153252512216568 0.9878082871437073 -0.2185647189617157
1305031464.159817 0.9206070303916931 0.38951361179351807 0.0276036337018013 0.27556249499320984 -0.38904526829719543 0.908829391002655 0.15057536959648132 -0.21079401671886444 0.03356415405869484 -0.149359792470932 0.9882131218910217 -0.22805142402648926
1305031464.195585 0.9196374416351318 0.392764151096344 -0.001811518333852291 0.2834291160106659 -0.38860082626342773 0.9105400443077087 0.14108946919441223 -0.22411197423934937 0.057064346969127655 -0.1290472149848938 0.9899951219558716 -0.23850353062152863
1305031464.227624 0.917437732219696 0.3963756263256073 -0.0345606692135334 0.2914435565471649 -0.3891322910785675 0.9119904041290283 0.12980595231056213 -0.2263280749320984 0.08297091722488403 -0.10564019531011581 0.9909368753433228 -0.25059226155281067
1305031464.259644 0.9146912693977356 0.3981878459453583 -0.06918264925479889 0.3001948595046997 -0.38725486397743225 0.9124910831451416 0.13188529014587402 -0.2287483811378479 0.11564366519451141 -0.09384302794933319 0.9888478517532349 -0.2582389712333679
1305031464.295667 0.9063023328781128 0.4116818904876709 -0.09557369351387024 0.30041950941085815 -0.39588266611099243 0.9061239957809448 0.14905139803886414 -0.2449401319026947 0.14796337485313416 -0.09724967926740646 0.9841998219490051 -0.2724232077598572
1305031464.327866 0.8979628086090088 0.4214860796928406 -0.1265401393175125 0.3152673542499542 -0.400031179189682 0.9016264081001282 0.16445283591747284 -0.26124340295791626 0.1834065020084381 -0.09705251455307007 0.978234589099884 -0.2711910605430603
1305031464.359684 0.8909996151924133 0.4275479316711426 -0.15271705389022827 0.3284672200679779 -0.4028396010398865 0.8996501564979553 0.16837400197982788 -0.2773246169090271 0.2093798816204071 -0.08850070089101791 0.9738211631774902 -0.27455222606658936
1305031464.395611 0.8818748593330383 0.43821534514427185 -0.17396526038646698 0.34637320041656494 -0.41104856133461 0.8953201174736023 0.17158368229866028 -0.29633796215057373 0.23094519972801208 -0.07980719953775406 0.9696881175041199 -0.27715516090393066
1305031464.427634 0.8720449209213257 0.4550171196460724 -0.18026947975158691 0.35881805419921875 -0.4277645945549011 0.8875659108161926 0.17100927233695984 -0.3104362487792969 0.23781320452690125 -0.07201488316059113 0.9686375856399536 -0.2818114757537842
1305031464.459689 0.8634163737297058 0.46839895844459534 -0.18738874793052673 0.36524471640586853 -0.44110575318336487 0.8811774849891663 0.17015232145786285 -0.3253457546234131 0.2448219209909439 -0.06425406038761139 0.967436671257019 -0.2893284261226654
1305031464.495633 0.8559049963951111 0.47756847739219666 -0.1983805149793625 0.38090530037879944 -0.4506658911705017 0.8769730925559998 0.16678817570209503 -0.3363046646118164 0.25362715125083923 -0.05335152521729469 0.9658296704292297 -0.2934700846672058
1305031464.527574 0.8468264937400818 0.4914845824241638 -0.20329217612743378 0.39360156655311584 -0.4661707580089569 0.8698856830596924 0.16119462251663208 -0.3460220992565155 0.25606560707092285 -0.04173500835895538 0.9657580256462097 -0.30537962913513184
1305031464.559703 0.8332239389419556 0.5120483636856079 -0.20867255330085754 0.40739113092422485 -0.4833073616027832 0.8577784299850464 0.17501460015773773 -0.3728730082511902 0.26861074566841125 -0.04497341066598892 0.9621983766555786 -0.3073176443576813
1305031464.595698 0.8221938014030457 0.5285050868988037 -0.2113756686449051 0.4184471666812897 -0.4994008243083954 0.8479639887809753 0.17764021456241608 -0.4107478857040405 0.273122638463974 -0.04049350693821907 0.9611265659332275 -0.3032233715057373
1305031464.627672 0.8173723816871643 0.5387789011001587 -0.20400913059711456 0.4243813455104828 -0.5189352035522461 0.8423464894294739 0.1454600691795349 -0.4243279695510864 0.2502171993255615 -0.013027507811784744 0.9681020975112915 -0.3217464089393616
1305031464.659749 0.8074311017990112 0.5547794699668884 -0.20068541169166565 0.43239855766296387 -0.5425313711166382 0.8318705558776855 0.11683865636587143 -0.4418949484825134 0.23176395893096924 0.014538941904902458 0.972663402557373 -0.3263791501522064
1305031464.695663 0.7936197519302368 0.5760698318481445 -0.19573232531547546 0.4239635169506073 -0.5673282146453857 0.8169023990631104 0.10396779328584671 -0.48913055658340454 0.2197868674993515 0.02853355184197426 0.975130558013916 -0.3273252844810486
1305031464.727652 0.776835024356842 0.593218982219696 -0.21123062074184418 0.42523714900016785 -0.5995418429374695 0.7993450164794922 0.03996357321739197 -0.4674972593784332 0.19255328178405762 0.09559647738933563 0.9766189455986023 -0.3561316430568695
1305031464.75974 0.757850170135498 0.6069486737251282 -0.23932474851608276 0.4412669539451599 -0.6216450333595276 0.783103346824646 0.017506010830402374 -0.4644657373428345 0.19804124534130096 0.13550812005996704 0.9707817435264587 -0.3482402265071869
1305031464.796021 0.732019305229187 0.6298608183860779 -0.2596594989299774 0.43486231565475464 -0.6508139967918396 0.7592060565948486 0.0068770237267017365 -0.4634521007537842 0.2014666348695755 0.163955956697464 0.9656757116317749 -0.34458300471305847
1305031464.827759 0.7087001204490662 0.6401466727256775 -0.2965744137763977 0.43979954719543457 -0.6684300899505615 0.743731677532196 0.008027656003832817 -0.47086039185523987 0.2257106602191925 0.19255006313323975 0.9549760818481445 -0.3450459837913513
1305031464.859654 0.6825209259986877 0.6521359086036682 -0.3299756646156311 0.4419393837451935 -0.6854192018508911 0.7278530597686768 0.0207472313195467 -0.47408029437065125 0.2537038326263428 0.21201124787330627 0.94376140832901 -0.34611940383911133
1305031464.895817 0.6441739797592163 0.6733310222625732 -0.36285701394081116 0.4593020975589752 -0.7087157964706421 0.7038631439208984 0.04794352501630783 -0.48178496956825256 0.28768354654312134 0.22627852857112885 0.9306106567382812 -0.33126121759414673
1305031464.927799 0.6040166616439819 0.7000576257705688 -0.3808978497982025 0.4603807330131531 -0.7347743511199951 0.6742580533027649 0.07404451072216034 -0.5046300888061523 0.3086588680744171 0.23514990508556366 0.9216476678848267 -0.32460716366767883
1305031464.959763 0.5709370374679565 0.7194995284080505 -0.3954128324985504 0.45632463693618774 -0.7570428848266602 0.6477408409118652 0.085544154047966 -0.5262820720672607 0.3176739811897278 0.25050419569015503 0.9145112633705139 -0.30980366468429565
1305031464.995687 0.54205721616745 0.7309988141059875 -0.4145052433013916 0.47005829215049744 -0.7761209607124329 0.6246117949485779 0.08658149838447571 -0.5446614027023315 0.322195827960968 0.27477410435676575 0.9059188961982727 -0.29825595021247864
1305031465.027823 0.509848415851593 0.7477461099624634 -0.42535895109176636 0.46852487325668335 -0.8040897250175476 0.5899703502655029 0.07331228256225586 -0.5316379070281982 0.30576807260513306 0.30464857816696167 0.9020505547523499 -0.2788124084472656
1305031465.059749 0.48270508646965027 0.7527343034744263 -0.4476459324359894 0.47877025604248047 -0.8193679451942444 0.5686447024345398 0.07265842705965042 -0.5242647528648376 0.30924394726753235 0.3317141532897949 0.8912541270256042 -0.2633005976676941
1305031465.0957 0.4511006474494934 0.7624572515487671 -0.46386125683784485 0.5003980994224548 -0.8317256569862366 0.5476281642913818 0.09130097180604935 -0.5005894303321838 0.32363656163215637 0.34461936354637146 0.8811905980110168 -0.24045564234256744
1305031465.127664 0.4036934971809387 0.7910367250442505 -0.4596656262874603 0.5155924558639526 -0.8462696671485901 0.5137757062911987 0.14093275368213654 -0.509451150894165 0.3476479649543762 0.3321074843406677 0.8768382668495178 -0.22309750318527222
