0.0 1.0 0.0 0.0 0.0 0.0 1.0 0.0 0.0 0.0 0.0 1.0 0.0
0.1033914 0.9999986886978149 0.00047739301226101816 0.0015349729219451547 -0.0026584428269416094 -0.00047055649338290095 0.9999899864196777 -0.0044511184096336365 -0.002371487207710743 -0.0015370824839919806 0.0044503905810415745 0.9999889135360718 0.9720095992088318
0.2071056 0.9999960660934448 -0.0019373471150174737 0.0020237413700670004 0.003369320882484317 0.0019475240260362625 0.99998539686203 -0.005038923118263483 -0.0027393363416194916 -0.002013949677348137 0.0050428444519639015 0.9999852776527405 1.938683271408081
0.3102615 0.9999932050704956 -0.0028902366757392883 0.0022975881583988667 -0.00018952926620841026 0.0028931081760674715 0.9999950528144836 -0.0012474136892706156 -0.0012533164117485285 -0.0022939718328416348 0.0012540521565824747 0.9999966025352478 2.9052605628967285
0.4136209 0.999983549118042 -0.005542681086808443 0.0015596863813698292 0.0034294314682483673 0.005535138305276632 0.9999731183052063 0.00479928869754076 -0.0036154035478830338 -0.0015862457221373916 -0.004790575709193945 0.9999871850013733 3.873000383377075
0.5179293 0.9999609589576721 -0.008829287253320217 -4.7438545152544975e-05 0.012455749325454235 0.00882941298186779 0.999950110912323 0.004658077377825975 0.0038782190531492233 6.3086627051234245e-06 -0.004658313933759928 0.9999890923500061 4.82987642288208
0.6203887 0.9999295473098755 -0.011816974729299545 -0.0011109310435131192 0.015189602971076965 0.011819136328995228 0.9999282360076904 0.001957691740244627 0.004159878473728895 0.0010877175955101848 -0.0019706841558218002 0.9999974370002747 5.782320976257324
0.7242193 0.9999208450317383 -0.012377665378153324 -0.002254738938063383 0.015750454738736153 0.012374279089272022 0.9999222755432129 -0.0015101323369890451 0.008317926898598671 0.0022732559591531754 0.001482111867517233 0.9999963045120239 6.728832721710205
0.8272107 0.999925434589386 -0.011932545341551304 -0.0025758722331374884 0.0038192179054021835 0.011926908046007156 0.9999264478683472 -0.0021926320623606443 0.009040102362632751 0.0026018465869128704 0.0021617466118186712 0.9999942779541016 7.683732509613037
0.930557 0.9999262690544128 -0.011576530523598194 -0.003672250546514988 -0.0014735180884599686 0.011576380580663681 0.9999328851699829 -6.233714520931244e-05 0.007390174083411694 0.0036727264523506165 1.982133835554123e-05 0.9999932646751404 8.630767822265625
1.03407 0.9999261498451233 -0.011334853246808052 -0.004375777207314968 -0.012984609231352806 0.011347975581884384 0.9999310970306396 0.002985944040119648 0.004174740985035896 0.004341630265116692 -0.003035379573702812 0.9999859929084778 9.58413314819336
1.137438 0.9999152421951294 -0.011791594326496124 -0.005515247117727995 -0.013934697955846786 0.011814591474831104 0.9999215602874756 0.004156292416155338 0.008854269981384277 0.00546580646187067 -0.004221100825816393 0.9999761581420898 10.524019241333008
1.244258 0.999901294708252 -0.01258728839457035 -0.006252865307033062 -0.02069779857993126 0.01261801365762949 0.9999083876609802 0.004898987244814634 0.015236735343933105 0.006190627813339233 -0.004977402277290821 0.999968409538269 11.460905075073242
1.344229 0.9998922348022461 -0.012986365705728531 -0.006848870776593685 -0.030544303357601166 0.013020833022892475 0.9999026656150818 0.005011896137148142 0.014913979917764664 0.0067831180058419704 -0.005100532900542021 0.9999639987945557 12.400617599487305
1.447568 0.9998863339424133 -0.013220157474279404 -0.007255707401782274 -0.04083250090479851 0.013248572126030922 0.9999047517776489 0.0038822474889457226 0.013538945466279984 0.007203692104667425 -0.003977933432906866 0.9999660849571228 13.316553115844727
1.551083 0.9998633861541748 -0.014006388373672962 -0.008777848444879055 -0.05367313325405121 0.014022128656506538 0.9999001622200012 0.001734231598675251 0.020435744896531105 0.008752681314945221 -0.0018570793326944113 0.9999599456787109 14.248394966125488
1.654521 0.9998311996459961 -0.015242730267345905 -0.010252449661493301 -0.07101806253194809 0.01524401642382145 0.999883770942688 4.755637201014906e-05 0.027828821912407875 0.010250532068312168 -0.00020383676746860147 0.9999474287033081 15.181671142578125
1.757843 0.9998109936714172 -0.015085853636264801 -0.012259107083082199 -0.07752419263124466 0.015079819597303867 0.9998860955238342 -0.0005844697589054704 0.02977711334824562 0.01226652879267931 0.0003994941944256425 0.9999246597290039 16.101228713989258
1.861353 0.9998154044151306 -0.013802637346088886 -0.013370837084949017 -0.10604284703731537 0.013783194124698639 0.9999037981033325 -0.001545242266729474 0.030778151005506516 0.013390880078077316 0.0013606640277430415 0.9999094009399414 17.029340744018555
1.964724 0.9998245239257812 -0.012045281939208508 -0.014339989051222801 -0.1359822154045105 0.012028906494379044 0.9999269247055054 -0.001227632281370461 0.026618724688887596 0.014353727921843529 0.0010549225844442844 0.9998964071273804 17.94036102294922
2.068236 0.99978107213974 -0.012563645839691162 -0.016730142757296562 -0.138367161154747 0.012562473304569721 0.9999210834503174 -0.00017509660392533988 0.020180314779281616 0.01673102378845215 -3.5113582271151245e-05 0.9998600482940674 18.84468650817871
2.17162 0.999764621257782 -0.011858290061354637 -0.01816936396062374 -0.15754540264606476 0.011891080066561699 0.9999278783798218 0.001697678118944168 0.013842139393091202 0.018147923052310944 -0.001913332031108439 0.9998334646224976 19.750076293945312
2.275131 0.9997511506080627 -0.011221976019442081 -0.01928384229540825 -0.1850467026233673 0.011259879916906357 0.9999349117279053 0.001858147676102817 0.01918104849755764 0.019261738285422325 -0.0020748190581798553 0.9998123049736023 20.655380249023438
2.378626 0.9997063279151917 -0.012843308039009571 -0.020551186054944992 -0.20608578622341156 0.012873413041234016 0.9999163150787354 0.0013333293609321117 0.024826928973197937 0.020532337948679924 -0.0015975016867741942 0.9997879266738892 21.561071395874023
2.48201 0.9996707439422607 -0.012381120584905148 -0.022475561127066612 -0.22544708847999573 0.012402658350765705 0.9999227523803711 0.0008191426750272512 0.027704257518053055 0.022463683038949966 -0.0010976296616718173 0.9997470378875732 22.445556640625
2.585514 0.9996339082717896 -0.012184280902147293 -0.02415941283106804 -0.2438507378101349 0.01221219077706337 0.999924898147583 0.0010080699576064944 0.030658794566988945 0.02414531633257866 -0.0013027400709688663 0.9997075796127319 23.33098602294922
2.689023 0.9996102452278137 -0.011940783821046352 -0.025235436856746674 -0.2687957286834717 0.012025367468595505 0.9999225735664368 0.0032026399858295918 0.03175736591219902 0.02519524283707142 -0.0035048569552600384 0.9996763467788696 24.205942153930664
2.793694 0.9995940923690796 -0.012925318442285061 -0.025393228977918625 -0.2963626980781555 0.013076930306851864 0.9998975396156311 0.005813476163893938 0.03551628440618515 0.025315487757325172 -0.006143181584775448 0.9996606111526489 25.06419563293457
2.896139 0.9995801448822021 -0.013025722466409206 -0.025884680449962616 -0.32023757696151733 0.01321366149932146 0.9998874664306641 0.007102847099304199 0.04167376458644867 0.02578924596309662 -0.007441896945238113 0.9996396899223328 25.9150390625
2.999556 0.9995658993721008 -0.012463226914405823 -0.026698771864175797 -0.34748584032058716 0.01263225544244051 0.9999011158943176 0.006171644665300846 0.0440681129693985 0.026619214564561844 -0.006506229750812054 0.999624490737915 26.763216018676758
3.103545 0.9995520710945129 -0.010837705805897713 -0.027896923944354057 -0.3708422780036926 0.010940419510006905 0.9999338984489441 0.0035319910384714603 0.044812802225351334 0.02785680629312992 -0.0038356133736670017 0.9996045827865601 27.585351943969727
3.206573 0.9995424151420593 -0.010385232046246529 -0.028409019112586975 -0.3985137641429901 0.010447193868458271 0.9999433159828186 0.0020335172303020954 0.04739263653755188 0.028386292979121208 -0.0023293811827898026 0.9995943903923035 28.398590087890625
3.310078 0.9995267987251282 -0.009321383200585842 -0.0293117742985487 -0.42841362953186035 0.00937053095549345 0.9999549388885498 0.0015398436225950718 0.05176576226949692 0.02929609827697277 -0.001813781913369894 0.9995691776275635 29.204296112060547
3.413963 0.9994897246360779 -0.008947396650910378 -0.030661888420581818 -0.4533572196960449 0.008985311724245548 0.9999589920043945 0.0010990393348038197 0.04873266816139221 0.030650796368718147 -0.0013739850837737322 0.9995291829109192 30.017410278320312
3.517076 0.9994261264801025 -0.008419047109782696 -0.032810185104608536 -0.4800555109977722 0.008425229229032993 0.9999644756317139 5.0149159505963326e-05 0.05149075761437416 0.03280859440565109 -0.0003265537088736892 0.9994616508483887 30.807586669921875
3.620721 0.9993613958358765 -0.008435421623289585 -0.03472060710191727 -0.5108501315116882 0.008449399843811989 0.9999642968177795 0.00025590742006897926 0.04931022971868515 0.03471720591187477 -0.0005491124466061592 0.9993969798088074 31.58013343811035
3.724674 0.9992765784263611 -0.009209927171468735 -0.03689776360988617 -0.5376211404800415 0.009269291535019875 0.9999560117721558 0.0014381405198946595 0.04984964057803154 0.03688289597630501 -0.0017791161080822349 0.99931800365448 32.3680305480957
3.827725 0.9991973042488098 -0.009151463396847248 -0.038999296724796295 -0.5678730607032776 0.009298225864768028 0.9999504089355469 0.0035834566224366426 0.05405533313751221 0.03896457329392433 -0.003943203948438168 0.9992327690124512 33.13704299926758
3.931241 0.9991055727005005 -0.008242093026638031 -0.04147481545805931 -0.5893339514732361 0.008448475040495396 0.9999527335166931 0.0048032524064183235 0.05975022166967392 0.04143326357007027 -0.005149355623871088 0.999127984046936 33.90095138549805
4.034871 0.9990609884262085 -0.006870662793517113 -0.04277784377336502 -0.6425029039382935 0.007107083685696125 0.9999603033065796 0.005377077963203192 0.05455783009529114 0.04273919761180878 -0.0056760553270578384 0.9990701079368591 34.64982223510742
4.142151 0.9989964365959167 -0.004356931429356337 -0.04457823932170868 -0.6782464385032654 0.004562673158943653 0.9999793767929077 0.00451457966119051 0.059235505759716034 0.04455765336751938 -0.004713444970548153 0.9989956617355347 35.378639221191406
4.243437 0.9989014267921448 -0.00291326642036438 -0.04677075147628784 -0.7111613154411316 0.0030911131761968136 0.9999881982803345 0.0037306465674191713 0.06210934370756149 0.04675934463739395 -0.0038711216766387224 0.9988986253738403 36.110816955566406
4.345966 0.9988226294517517 -0.0026715793646872044 -0.04843587055802345 -0.749518871307373 0.0029052665922790766 0.9999845027923584 0.004754913039505482 0.06698210537433624 0.04842241853475571 -0.004890034440904856 0.9988150000572205 36.81813049316406
4.449183 0.9987718462944031 -0.0012066516792401671 -0.0495309941470623 -0.7869162559509277 0.0015214193845167756 0.9999788403511047 0.006317745428532362 0.07567866146564484 0.04952232912182808 -0.006385343614965677 0.9987525343894958 37.543392181396484
4.552519 0.9987661242485046 0.001462949556298554 -0.04963996633887291 -0.8259081840515137 -0.001120096305385232 0.999975323677063 0.0069339158944785595 0.07825642824172974 0.04964888468384743 -0.006869758944958448 0.9987431168556213 38.241336822509766
4.656235 0.9988152980804443 0.004427078180015087 -0.04845878481864929 -0.8696565628051758 -0.004188185092061758 0.9999787211418152 0.005030243191868067 0.07759121805429459 0.04848001152276993 -0.004821330308914185 0.9988124966621399 38.928287506103516
4.760815 0.9988952279090881 0.006362674292176962 -0.046557892113924026 -0.9052399396896362 -0.006288027856498957 0.99997878074646 0.00174957443960011 0.08309975266456604 0.04656802490353584 -0.001454884884878993 0.9989140033721924 39.58834457397461
4.863788 0.9989734888076782 0.006769141647964716 -0.04478826746344566 -0.9329352974891663 -0.006774206645786762 0.9999769926071167 3.868388012051582e-05 0.08692638576030731 0.04478750377893448 0.000264760572463274 0.9989964365959167 40.252498626708984
4.966824 0.999110221862793 0.007888909429311752 -0.04143049940466881 -0.9666039943695068 -0.007861477322876453 0.9999687075614929 0.0008250431274063885 0.08761635422706604 0.041435714811086655 -0.0004986042040400207 0.9991410374641418 40.93098831176758
5.073257 0.9991771578788757 0.012573535554111004 -0.03855894133448601 -0.9901166558265686 -0.012453550472855568 0.9999169111251831 0.0033503961749374866 0.09175358712673187 0.03859786316752434 -0.0028674437198787928 0.9992507696151733 41.58047866821289
5.174268 0.9992725253105164 0.0163985937833786 -0.03442853316664696 -1.0230499505996704 -0.01616431586444378 0.9998443126678467 0.007072093430906534 0.08877822756767273 0.03453914821147919 -0.006510435603559017 0.9993821382522583 42.21297836303711
5.277498 0.9993003606796265 0.021942798048257828 -0.030286328867077827 -1.0536218881607056 -0.021709784865379333 0.999732255935669 0.0080012958496809 0.09012255072593689 0.030453795567154884 -0.007338188122957945 0.9995092153549194 42.82365036010742
5.381142 0.9993579387664795 0.025380998849868774 -0.02528548240661621 -1.0676259994506836 -0.025183867663145065 0.9996501803398132 0.008084479719400406 0.09835955500602722 0.025481831282377243 -0.007442503701895475 0.9996475577354431 43.423797607421875
5.484644 0.9994016289710999 0.028596648946404457 -0.01945481076836586 -1.084357500076294 -0.028401006013154984 0.9995440244674683 0.010259397327899933 0.10195419192314148 0.019739322364330292 -0.009700722992420197 0.9997581243515015 44.00982666015625
5.588095 0.9993443489074707 0.03377079218626022 -0.013056956231594086 -1.0932910442352295 -0.03361957147717476 0.9993669986724854 0.011632903479039669 0.10252994298934937 0.013441545888781548 -0.011186306364834309 0.9998470544815063 44.58000564575195
5.691619 0.9992786645889282 0.037556327879428864 -0.0056013320572674274 -1.1121892929077148 -0.037491679191589355 0.9992337822914124 0.011231468059122562 0.10571625828742981 0.006018851883709431 -0.011013364419341087 0.9999212026596069 45.13988494873047
5.795223 0.9991557598114014 0.04105139523744583 0.0015994086861610413 -1.1106865406036377 -0.04106660559773445 0.9990952610969543 0.011052355170249939 0.11032190918922424 -0.001144247129559517 -0.011108705773949623 0.9999376535415649 45.661651611328125
5.898736 0.9989320039749146 0.04530356079339981 0.009073110297322273 -1.1104687452316284 -0.045399315655231476 0.9989122748374939 0.010641340166330338 0.11513447761535645 -0.008581150323152542 -0.01104188896715641 0.9999021887779236 46.16550827026367
6.002373 0.998626708984375 0.049688320606946945 0.01660693623125553 -1.106945514678955 -0.04982161149382591 0.9987283945083618 0.007711566518992186 0.12216594815254211 -0.016202643513679504 -0.008528359234333038 0.9998323321342468 46.63805389404297
6.10587 0.998335599899292 0.0520159937441349 0.024906158447265625 -1.1037555932998657 -0.052154310047626495 0.9986267685890198 0.0049362280406057835 0.11553096771240234 -0.024615194648504257 -0.006226974539458752 0.9996775984764099 47.11159896850586
6.209506 0.9980696439743042 0.05282849073410034 0.032650962471961975 -1.084490180015564 -0.05300784856081009 0.9985832571983337 0.004651835188269615 0.11945942044258118 -0.03235895559191704 -0.006373612210154533 0.9994560480117798 47.55394744873047
6.313021 0.9978253841400146 0.05194438248872757 0.04057192802429199 -1.0636767148971558 -0.052242737263441086 0.9986142516136169 0.006327655632048845 0.11333952844142914 -0.04018701985478401 -0.008433486334979534 0.9991565346717834 47.95060348510742
6.416516 0.9973905086517334 0.05353296548128128 0.0484384149312973 -1.0395140647888184 -0.05391636863350868 0.9985232949256897 0.006642648484557867 0.12271317839622498 -0.04801128804683685 -0.009236938320100307 0.9988040328025818 48.354862213134766
6.524037 0.9967723488807678 0.05642253905534744 0.05710865929722786 -1.0197763442993164 -0.05691233277320862 0.9983547329902649 0.00698529276996851 0.11606121063232422 -0.05662057176232338 -0.010212933644652367 0.9983435273170471 48.717384338378906
6.623722 0.9959580302238464 0.06126059219241142 0.06568663567304611 -0.9995362758636475 -0.061814405024051666 0.9980669617652893 0.006430255249142647 0.11866199970245361 -0.06516573578119278 -0.010464644990861416 0.9978196620941162 49.051490783691406
6.727294 0.9950884580612183 0.06488463282585144 0.07475865632295609 -0.9726767539978027 -0.06553705781698227 0.9978302121162415 0.00630453834310174 0.11923947930335999 -0.07418736815452576 -0.011173036880791187 0.9971816539764404 49.356197357177734
6.830809 0.9943708777427673 0.06442362815141678 0.08411902189254761 -0.9453611373901367 -0.06523822247982025 0.9978453516960144 0.006968516390770674 0.11550340056419373 -0.0834888368844986 -0.012417066842317581 0.9964313507080078 49.65324783325195
6.934429 0.9935190677642822 0.06309166550636292 0.0945473164319992 -0.905707836151123 -0.06386151909828186 0.9979455471038818 0.005135961342602968 0.11538231372833252 -0.09402904659509659 -0.011140611954033375 0.9955070614814758 49.937252044677734
7.038067 0.9923732280731201 0.06208953261375427 0.10649070888757706 -0.8689336776733398 -0.06254373490810394 0.9980418086051941 0.0009274549665860832 0.10721713304519653 -0.10622459650039673 -0.007580706849694252 0.9943133592605591 50.205928802490234
7.141701 0.9908074736595154 0.06308676302433014 0.11966901272535324 -0.8272318840026855 -0.06316620856523514 0.9979981184005737 -0.003132996615022421 0.10759378969669342 -0.11962708085775375 -0.0044548423029482365 0.992808997631073 50.4793586730957
7.24533 0.9887227416038513 0.06473834812641144 0.1350419521331787 -0.7827634811401367 -0.06458763778209686 0.9978968501091003 -0.005501480773091316 0.10975363850593567 -0.13511410355567932 -0.003282603807747364 0.9908246397972107 50.75653076171875
7.3533 0.9862020611763 0.06653784215450287 0.1515865921974182 -0.7416496276855469 -0.06627233326435089 0.9977782964706421 -0.006808837875723839 0.10629820823669434 -0.151702880859375 -0.0033311075530946255 0.9884205460548401 51.01786422729492
7.452592 0.9834595918655396 0.06688086688518524 0.1683279275894165 -0.681208610534668 -0.0664435625076294 0.9977561831474304 -0.008235478773713112 0.108030766248703 -0.16850101947784424 -0.0030850437469780445 0.9856966137886047 51.277809143066406
7.55658 0.9802126884460449 0.06602571904659271 0.18661122024059296 -0.6237602233886719 -0.06541041284799576 0.9978136420249939 -0.009459574706852436 0.10580062866210938 -0.18682776391506195 -0.002933919196948409 0.9823883175849915 51.537559509277344
7.663357 0.976443886756897 0.06512516736984253 0.20570823550224304 -0.5516109466552734 -0.06450674682855606 0.9978699684143066 -0.009718728251755238 0.10197079181671143 -0.20590300858020782 -0.0037797759287059307 0.9785651564598083 51.77021408081055
7.763356 0.9719339609146118 0.06565392017364502 0.2259068787097931 -0.4783477783203125 -0.06485473364591599 0.9978345036506653 -0.010965628549456596 0.0982237458229065 -0.22613757848739624 -0.0039932639338076115 0.9740872383117676 52.02266311645508
7.866988 0.9666854739189148 0.06773950159549713 0.24684110283851624 -0.39940834045410156 -0.06651618331670761 0.9976966977119446 -0.013301044702529907 0.09684020280838013 -0.24717359244823456 -0.003561003366485238 0.968964695930481 52.28001022338867
7.970621 0.960447371006012 0.06937703490257263 0.26968076825141907 -0.3148984909057617 -0.06771473586559296 0.9975847601890564 -0.015473980456590652 0.09157168865203857 -0.27010291814804077 -0.0033994149416685104 0.9628255367279053 52.53270721435547
8.07425 0.9532827734947205 0.07034321874380112 0.2937750816345215 -0.21450328826904297 -0.06846245378255844 0.997514009475708 -0.016693977639079094 0.08715552091598511 -0.29421907663345337 -0.004198480397462845 0.9557287693023682 52.77545928955078
8.177962 0.944678544998169 0.07363366335630417 0.3196254372596741 -0.11917877197265625 -0.07169180363416672 0.9972671270370483 -0.017854349687695503 0.08479684591293335 -0.3200666010379791 -0.006047903094440699 0.9473757147789001 53.03130340576172
8.283921 0.9349849820137024 0.07536838203668594 0.34658724069595337 -0.00960540771484375 -0.07336600124835968 0.9971256256103516 -0.018914872780442238 0.07572448253631592 -0.34701666235923767 -0.007742593064904213 0.9378269910812378 53.265098571777344
8.385961 0.923909604549408 0.07583817839622498 0.37501922249794006 0.11101341247558594 -0.0736205205321312 0.9970805048942566 -0.02026038058102131 0.06218290328979492 -0.3754609227180481 -0.008890364319086075 0.9267955422401428 53.50827407836914
8.488779 0.9114006757736206 0.07385341823101044 0.404838889837265 0.25372314453125 -0.07097361981868744 0.9972324371337891 -0.022141188383102417 0.05121469497680664 -0.40535372495651245 -0.008553390391170979 0.9141198992729187 53.74711608886719
8.593446 0.8966849446296692 0.07103994488716125 0.43693190813064575 0.4044952392578125 -0.06679125875234604 0.9974511861801147 -0.025102658197283745 0.04429352283477783 -0.4376014769077301 -0.006674068979918957 0.8991442322731018 53.97166442871094
8.696029 0.8793221712112427 0.07035915553569794 0.47100120782852173 0.5623340606689453 -0.06397618353366852 0.9975131750106812 -0.0295721385627985 0.039780259132385254 -0.47191062569618225 -0.004129420965909958 0.8816367387771606 54.21112823486328
8.799662 0.8599125742912292 0.07234221696853638 0.5052888989448547 0.7330245971679688 -0.0634714886546135 0.9973774552345276 -0.03477725386619568 0.03270542621612549 -0.5064796805381775 -0.0021660448983311653 0.8622492551803589 54.439109802246094
8.903911 0.8381534814834595 0.07430636882781982 0.5403492450714111 0.9143772125244141 -0.06313183903694153 0.997234582901001 -0.03920930624008179 0.017993569374084473 -0.5417685508728027 -0.0012498311698436737 0.8405268788337708 54.66689682006836
9.008027 0.8139093518257141 0.0771457850933075 0.575847327709198 1.115060806274414 -0.06406628340482712 0.9970181584358215 -0.04301762953400612 0.007335066795349121 -0.5774487853050232 -0.0018799464451149106 0.8164247274398804 54.89398193359375
9.11058 0.7866304516792297 0.08112657070159912 0.6120710968971252 1.3337593078613281 -0.0669156089425087 0.9966928362846375 -0.04610641300678253 -0.005688190460205078 -0.6137872338294983 -0.004688405431807041 0.7894574403762817 55.13089370727539
9.214197 0.7568718194961548 0.08510881662368774 0.6479981541633606 1.569314956665039 -0.07013823091983795 0.9963361620903015 -0.04893738031387329 -0.021268129348754883 -0.6497889757156372 -0.00841012317687273 0.7600681185722351 55.368804931640625
9.317832 0.7238849997520447 0.08633282035589218 0.6844977140426636 1.835622787475586 -0.06981077045202255 0.9962133765220642 -0.05182037502527237 -0.035886287689208984 -0.686379611492157 -0.010273324325680733 0.7271708846092224 55.60948181152344
9.421456 0.6874125003814697 0.08363399654626846 0.7214356660842896 2.1176700592041016 -0.06599566340446472 0.9964308738708496 -0.05263011157512665 -0.05777931213378906 -0.7232624888420105 -0.011433035135269165 0.690478503704071 55.834129333496094
9.525112 0.6481714248657227 0.08261588960886002 0.7569996118545532 2.424968719482422 -0.06344915926456451 0.9964999556541443 -0.05442642420530319 -0.080291748046875 -0.7588464617729187 -0.012753338553011417 0.6511446833610535 56.06413269042969
9.630085 0.6060639023780823 0.08218039572238922 0.7911592721939087 2.773294448852539 -0.061112090945243835 0.9965193271636963 -0.056697212159633636 -0.09612095355987549 -0.7930648326873779 -0.013987263664603233 0.6089765429496765 56.289772033691406
9.732384 0.5598210096359253 0.08184858411550522 0.8245612382888794 3.1351966857910156 -0.057624101638793945 0.9965458512306213 -0.059797488152980804 -0.12017405033111572 -0.8266074657440186 -0.01403871364891529 0.5626037120819092 56.50159454345703
9.836009 0.5110496878623962 0.0807190015912056 0.8557526469230652 3.5207881927490234 -0.05440088361501694 0.9966222643852234 -0.06151870638132095 -0.14192771911621094 -0.85782790184021 -0.015114580281078815 0.5137147903442383 56.71349334716797
9.939685 0.463005006313324 0.07930058985948563 0.8828011155128479 3.9389877319335938 -0.052718598395586014 0.9966902136802673 -0.06188160553574562 -0.16575920581817627 -0.8847864866256714 -0.017888542264699936 0.4656531810760498 56.890865325927734
10.0439 0.4135441780090332 0.07742320746183395 0.9071862101554871 4.3797607421875 -0.052531708031892776 0.9967470765113831 -0.061119936406612396 -0.1850452423095703 -0.9089673757553101 -0.022380247712135315 0.4162660837173462 57.06169891357422
10.14677 0.3635154366493225 0.07700392603874207 0.9284002780914307 4.8351287841796875 -0.05515530705451965 0.9966087341308594 -0.06106524169445038 -0.2101062536239624 -0.9299539923667908 -0.0290080439299345 0.3665298521518707 57.2155876159668
10.25036 0.3135623037815094 0.07764296978712082 0.9463880062103271 5.303415298461914 -0.05300172045826912 0.9965288043022156 -0.06419577449560165 -0.22906184196472168 -0.9480872750282288 -0.03003081865608692 0.3165891170501709 57.356021881103516
10.35367 0.26682546734809875 0.07426299154758453 0.9608793258666992 5.819415092468262 -0.04232027381658554 0.9969679713249207 -0.06530024111270905 -0.26974713802337646 -0.9628151655197144 -0.02324090525507927 0.26915931701660156 57.45778274536133
10.45717 0.2229621410369873 0.06846325099468231 0.9724200367927551 6.33718204498291 -0.028501568362116814 0.9975621104240417 -0.06369837373495102 -0.2978188991546631 -0.9744104146957397 -0.0135131711140275 0.22436989843845367 57.53297805786133
10.56299 0.18088015913963318 0.06778377294540405 0.9811664819717407 6.8622331619262695 -0.01965959742665291 0.9976720213890076 -0.06529974192380905 -0.3232157826423645 -0.9833086133003235 -0.0074779074639081955 0.18179170787334442 57.59307098388672
10.66453 0.14235712587833405 0.06903796643018723 0.9874048233032227 7.408732891082764 -0.01646018773317337 0.9975918531417847 -0.06737710535526276 -0.35494643449783325 -0.9896785020828247 -0.006661251652985811 0.1431506872177124 57.655540466308594
10.76705 0.11009976267814636 0.06962637603282928 0.9914788007736206 7.934266567230225 -0.00730211241170764 0.9975730180740356 -0.06924348324537277 -0.39147692918777466 -0.9938936829566956 0.0003838016127701849 0.11034099757671356 57.67566680908203
10.87022 0.08150409162044525 0.06774251163005829 0.9943681359291077 8.502912521362305 -0.0006234762258827686 0.9976906180381775 -0.06791776418685913 -0.4328937530517578 -0.9966728687286377 0.004915611352771521 0.08135810494422913 57.69070816040039
10.97342 0.0564897358417511 0.06607529520988464 0.9962143301963806 9.083395957946777 0.007292142137885094 0.9977537393569946 -0.06659091264009476 -0.4641641080379486 -0.9983765482902527 0.011026239022612572 0.055881012231111526 57.706417083740234
11.0772 0.03658328205347061 0.06531805545091629 0.9971936345100403 9.673955917358398 0.011479780077934265 0.9977683424949646 -0.06577683985233307 -0.49323850870132446 -0.999264657497406 0.013853898271918297 0.035751789808273315 57.71356201171875
11.18019 0.020430397242307663 0.0672805979847908 0.9975249171257019 10.269490242004395 0.014333724975585938 0.9976109862327576 -0.0675799697637558 -0.5254130959510803 -0.999688446521759 0.01567893661558628 0.019417202100157738 57.71843719482422
11.28415 0.007134418934583664 0.06713736057281494 0.9977182149887085 10.880769729614258 0.015162101946771145 0.9976215958595276 -0.06723926961421967 -0.5586331486701965 -0.999859631061554 0.015607217326760292 0.006099505349993706 57.71319580078125
11.3859 -0.004474462941288948 0.06788092851638794 0.9976834058761597 11.499957084655762 0.016364332288503647 0.9975647330284119 -0.06779946386814117 -0.5986016392707825 -0.9998561143875122 0.0160230565816164 -0.005574394017457962 57.70437240600586
11.48898 -0.01338442787528038 0.07060832530260086 0.9974142909049988 12.145910263061523 0.02069663256406784 0.9973095059394836 -0.07032317668199539 -0.6389219164848328 -0.9996961951255798 0.019701877608895302 -0.014809774234890938 57.690040588378906
11.59255 -0.01976816914975643 0.07247694581747055 0.997174084186554 12.782360076904297 0.02527732029557228 0.9970864057540894 -0.07196947187185287 -0.6730751991271973 -0.9994850158691406 0.023783186450600624 -0.02154259942471981 57.66544723510742
11.69527 -0.024460356682538986 0.07194753736257553 0.9971084594726562 13.443864822387695 0.025374768301844597 0.9971301555633545 -0.07132662832736969 -0.7112765908241272 -0.9993786811828613 0.023556720465421677 -0.0262158140540123 57.648170471191406
11.79949 -0.027895037084817886 0.06888500601053238 0.9972345232963562 14.103697776794434 0.023064754903316498 0.9974014759063721 -0.0682513564825058 -0.7561097741127014 -0.9993447065353394 0.02109709568321705 -0.029411371797323227 57.627254486083984
11.90171 -0.030651260167360306 0.06222578138113022 0.9975912570953369 14.81570816040039 0.020734595134854317 0.9978851079940796 -0.061607033014297485 -0.7928821444511414 -0.999315083026886 0.018796322867274284 -0.031876660883426666 57.61448287963867
12.00482 -0.03190695121884346 0.056710384786129 0.9978806376457214 15.505268096923828 0.022289855405688286 0.9981810450553894 -0.05601475387811661 -0.8256344199180603 -0.9992423057556152 0.020455360412597656 -0.03311298042535782 57.58918380737305
12.108 -0.03236507996916771 0.05405903607606888 0.9980130791664124 16.20378875732422 0.024933727458119392 0.9982692003250122 -0.053264327347278595 -0.8612145781517029 -0.9991650581359863 0.023160282522439957 -0.03365695849061012 57.55805969238281
12.21119 -0.03215716406702995 0.05642000213265419 0.9978891015052795 16.91050148010254 0.02781735174357891 0.9980692863464355 -0.055533770471811295 -0.8977437019348145 -0.999095618724823 0.025972820818424225 -0.033664535731077194 57.53233337402344
12.3145 -0.03100704587996006 0.06357656419277191 0.9974952340126038 17.62425422668457 0.02918112650513649 0.9976072311401367 -0.06267660856246948 -0.936732292175293 -0.9990930557250977 0.02716461755335331 -0.03278809040784836 57.499671936035156
12.41765 -0.02902066707611084 0.07173208892345428 0.997001588344574 18.37664794921875 0.029407290741801262 0.9970512390136719 -0.07087966054677963 -0.9773958921432495 -0.9991461634635925 0.027262140065431595 -0.03104454278945923 57.48936080932617
12.52105 -0.026851007714867592 0.07243828475475311 0.9970113039016724 19.112180709838867 0.03000531904399395 0.9969800114631653 -0.0716279000043869 -1.015755534172058 -0.999189019203186 0.027992362156510353 -0.02894344925880432 57.47111511230469
12.62455 -0.02468406781554222 0.0678873136639595 0.9973876476287842 19.8642635345459 0.0296383798122406 0.9973027110099792 -0.06714802980422974 -1.059851050376892 -0.9992558360099792 0.027903463691473007 -0.026629561558365822 57.45226287841797
12.72743 -0.02208893746137619 0.06163010373711586 0.9978545904159546 20.625286102294922 0.029409632086753845 0.9977062940597534 -0.060969918966293335 -1.1046298742294312 -0.9993233680725098 0.027999773621559143 -0.023850787431001663 57.43511199951172
12.83073 -0.019294869154691696 0.059728071093559265 0.9980281591415405 21.384904861450195 0.02797071449458599 0.9978556036949158 -0.059176988899707794 -1.15459144115448 -0.9994224905967712 0.02677375078201294 -0.020924128592014313 57.423988342285156
12.93413 -0.015940891578793526 0.06531380861997604 0.9977374076843262 22.153921127319336 0.03519526869058609 0.9972825050354004 -0.06472170352935791 -1.2010115385055542 -0.9992533326148987 0.03408391401171684 -0.018196307122707367 57.40686798095703
13.03771 -0.012777230702340603 0.07097575813531876 0.9973962306976318 22.902099609375 0.0368540957570076 0.996833324432373 -0.07046359032392502 -1.243468999862671 -0.9992390275001526 0.035857800394296646 -0.015352517366409302 57.39531707763672
13.14165 -0.009906278923153877 0.07123462855815887 0.9974103569984436 23.66057586669922 0.031170150265097618 0.9969965815544128 -0.0708954930305481 -1.2887802124023438 -0.9994650483131409 0.030387114733457565 -0.012096918188035488 57.39011001586914
13.24421 -0.007001042366027832 0.06794533133506775 0.9976644515991211 24.419090270996094 0.026482252404093742 0.9973515272140503 -0.06773818284273148 -1.3337963819503784 -0.9996247887611389 0.02594616636633873 -0.00878184288740158 57.4007453918457
13.34803 -0.0023739554453641176 0.06401555985212326 0.99794602394104 25.194494247436523 0.030345337465405464 0.9974939227104187 -0.06391436606645584 -1.3961496353149414 -0.9995366334915161 0.030131280422210693 -0.004310579504817724 57.398136138916016
13.45277 0.0013513043522834778 0.06490880250930786 0.9978902339935303 25.95502281188965 0.03503526747226715 0.9972755312919617 -0.06491626054048538 -1.4448381662368774 -0.9993851184844971 0.03504907712340355 -0.000926475040614605 57.390220642089844
13.55488 0.0042609660886228085 0.06956981867551804 0.997567892074585 26.714813232421875 0.03471798077225685 0.9969653487205505 -0.06967609375715256 -1.488425374031067 -0.9993880391120911 0.03493042662739754 0.001832711510360241 57.39360809326172
13.65796 0.007756051607429981 0.07041700184345245 0.9974874258041382 27.48403549194336 0.03089190647006035 0.9970245361328125 -0.07062451541423798 -1.5388524532318115 -0.9994925856590271 0.031362056732177734 0.005557658150792122 57.410526275634766
13.76127 0.010935895144939423 0.0700027123093605 0.9974868297576904 28.24774932861328 0.030130136758089066 0.9970704913139343 -0.07030380517244339 -1.5867937803268433 -0.9994860887527466 0.030823249369859695 0.00879466813057661 57.42930603027344
13.86467 0.014990691095590591 0.0670408084988594 0.9976375699043274 29.00835609436035 0.03432203456759453 0.9971271753311157 -0.06752224266529083 -1.632733941078186 -0.9992983341217041 0.03525315225124359 0.012646649032831192 57.433021545410156
13.96817 0.01805899105966091 0.06731507182121277 0.9975683093070984 29.77817726135254 0.03837481513619423 0.9969491958618164 -0.067967988550663 -1.6887362003326416 -0.9991002678871155 0.03950893506407738 0.015420693904161453 57.45159149169922
14.07164 0.021730205044150352 0.06765509396791458 0.9974721074104309 30.552553176879883 0.04156283289194107 0.9967840313911438 -0.0685139000415802 -1.748567819595337 -0.9988995790481567 0.04294658824801445 0.01884838379919529 57.458587646484375
14.17505 0.024677066132426262 0.06791096180677414 0.99738609790802 31.323362350463867 0.04214540868997574 0.996732234954834 -0.06890920549631119 -1.7898619174957275 -0.9988067746162415 0.043735720217227936 0.021734293550252914 57.47779846191406
14.2786 0.028210816904902458 0.06591040641069412 0.9974266886711121 32.087242126464844 0.043345700949430466 0.9968045353889465 -0.06709527224302292 -1.84330415725708 -0.9986617565155029 0.04512697830796242 0.025263741612434387 57.498382568359375
14.38212 0.03167470172047615 0.06512411683797836 0.9973742961883545 32.861629486083984 0.04527442902326584 0.9967572093009949 -0.06652165204286575 -1.897282361984253 -0.998472273349762 0.047262612730264664 0.02862352877855301 57.52107620239258
14.4855 0.03462325036525726 0.06536287814378738 0.9972606897354126 33.62439727783203 0.043841101229190826 0.996799111366272 -0.06685470044612885 -1.943293809890747 -0.9984383583068848 0.04603574052453041 0.03164684772491455 57.54652786254883
14.58897 0.03762451559305191 0.0671687051653862 0.9970319867134094 34.39118957519531 0.04089522734284401 0.996799111366272 -0.06869626045227051 -1.9883084297180176 -0.998454749584198 0.04335850849747658 0.03475720435380936 57.58250045776367
14.69245 0.04039713740348816 0.06706438958644867 0.9969305396080017 35.159454345703125 0.042678046971559525 0.9967185258865356 -0.06877950578927994 -2.0373268127441406 -0.9982718229293823 0.04532553628087044 0.037402402609586716 57.61281967163086
14.79597 0.04315008968114853 0.06695838272571564 0.9968222975730896 35.95526123046875 0.040335867553949356 0.9968212246894836 -0.06870435923337936 -2.086853504180908 -0.9982540011405945 0.04317229241132736 0.04031209647655487 57.649600982666016
14.89949 0.04554453119635582 0.06770022958517075 0.9966656565666199 36.73423385620117 0.038722723722457886 0.9968314170837402 -0.0694810003042221 -2.1286354064941406 -0.9982115030288696 0.04175807908177376 0.042778678238391876 57.69094467163086
15.00287 0.048089660704135895 0.06745418906211853 0.9965628981590271 37.519378662109375 0.035740576684474945 0.9969618916511536 -0.0692058876156807 -2.183014392852783 -0.9982033967971802 0.038945816457271576 0.0455327108502388 57.73416519165039
15.1064 0.05127521604299545 0.06921818107366562 0.9962829351425171 38.30579376220703 0.03430449590086937 0.9968843460083008 -0.07102549821138382 -2.2387280464172363 -0.9980952143669128 0.03781883418560028 0.048740968108177185 57.78493881225586
15.20987 0.0550980269908905 0.07265590876340866 0.9958339333534241 39.09352111816406 0.03342130035161972 0.9966558814048767 -0.07456504553556442 -2.291606903076172 -0.9979214668273926 0.03739045187830925 0.052485521882772446 57.81793212890625
15.31336 0.05901818722486496 0.07491102069616318 0.9954422116279602 39.87784957885742 0.033569615334272385 0.9964675307273865 -0.07697847485542297 -2.3420798778533936 -0.997692346572876 0.0379597432911396 0.05629497021436691 57.85909652709961
15.41675 0.061738040298223495 0.07727988809347153 0.9950960278511047 40.66681671142578 0.02753571607172489 0.9964866042137146 -0.0790962502360344 -2.3941221237182617 -0.9977124929428101 0.032283928245306015 0.059393178671598434 57.91947555541992
15.52022 0.06457094103097916 0.07603531330823898 0.995012104511261 41.461692810058594 0.023780055344104767 0.9966925978660583 -0.07770691812038422 -2.453575849533081 -0.9976298213005066 0.028679050505161285 0.06254924833774567 57.971412658691406
15.62392 0.06803055852651596 0.07685434818267822 0.994718611240387 42.27491760253906 0.02677900902926922 0.9965286254882812 -0.07882565259933472 -2.508850574493408 -0.9973238110542297 0.032000139355659485 0.065736323595047 58.03352355957031
15.7272 0.07237981259822845 0.07828553766012192 0.9943000078201294 43.07604217529297 0.025971561670303345 0.9964287281036377 -0.08034373819828033 -2.563394069671631 -0.9970390200614929 0.03163878619670868 0.07008813321590424 58.08423614501953
15.83062 0.07572580873966217 0.07899405062198639 0.9939947724342346 43.878273010253906 0.022221311926841736 0.9964758157730103 -0.08088409900665283 -2.622464179992676 -0.9968810677528381 0.028212880715727806 0.0737035796046257 58.16098403930664
15.93425 0.07998494803905487 0.07732126861810684 0.9937926530838013 44.69859313964844 0.020825466141104698 0.9966396689414978 -0.07921890169382095 -2.680457353591919 -0.9965785145759583 0.027032520622015 0.07810591906309128 58.23073196411133
16.03941 0.08452626317739487 0.07693114876747131 0.9934470057487488 45.532630920410156 0.021337708458304405 0.9966466426849365 -0.07899442315101624 -2.751573085784912 -0.9961927533149719 0.027874985709786415 0.08260127902030945 58.30927276611328
16.14091 0.08994635194540024 0.08070547878742218 0.9926713109016418 46.34524917602539 0.017801422625780106 0.9964218139648438 -0.08262341469526291 -2.809192180633545 -0.9957874417304993 0.025102633982896805 0.08818783611059189 58.386478424072266
16.2443 0.0958879217505455 0.08948289602994919 0.9913618564605713 47.15793228149414 0.016082167625427246 0.9956818222999573 -0.09142834693193436 -2.870148181915283 -0.9952621459960938 0.024710122495889664 0.09403477609157562 58.4749755859375
16.34828 0.10314607620239258 0.09392347931861877 0.9902218580245972 47.9769172668457 0.014096101745963097 0.9952937364578247 -0.09587286412715912 -2.944269895553589 -0.9945663213729858 0.023847175762057304 0.10133668035268784 58.56572341918945
16.45345 0.10994762927293777 0.09691634774208069 0.9892010688781738 48.81983184814453 0.009842699393630028 0.9950798153877258 -0.09858632832765579 -3.0162220001220703 -0.9938885569572449 0.020575743168592453 0.10845274478197098 58.673248291015625
16.55445 0.11713888496160507 0.09497646242380142 0.9885636568069458 49.652191162109375 0.005995071493089199 0.9953307509422302 -0.09633699804544449 -3.092060089111328 -0.9930973052978516 0.017211319878697395 0.11602255702018738 58.78289031982422
