1305031102.175304 1.0 0.0 0.0 0.0 0.0 1.0 0.0 0.0 0.0 0.0 1.0 0.0
1305031102.211214 0.9999762177467346 0.00342448428273201 -0.0059822965413331985 -0.0015938529977574944 -0.0034013057593256235 0.9999867081642151 0.0038804402574896812 0.008041884750127792 0.00599550548940897 -0.0038600002881139517 0.9999745488166809 0.010900130495429039
1305031102.275326 0.9998506307601929 0.002717734780162573 -0.017067573964595795 -0.0035615493543446064 -0.0022655795328319073 0.9996474385261536 0.02645573392510414 0.00853046216070652 0.017133455723524094 -0.026413114741444588 0.9995042681694031 0.03518308326601982
1305031102.311267 0.9997367262840271 0.0007601311663165689 -0.022931760177016258 -0.0014742258936166763 7.860593177611008e-05 0.9993317127227783 0.036552295088768005 0.006426870822906494 0.022944221273064613 -0.036544475704431534 0.9990686178207397 0.048762161284685135
1305031102.343233 0.9996647834777832 -0.0030076936818659306 -0.025715921074151993 -0.002760101342573762 0.004039030522108078 0.9991856217384338 0.04014758765697479 0.0074785323813557625 0.025574225932359695 -0.040237996727228165 0.9988628029823303 0.06011827290058136
1305031102.375329 0.9995618462562561 -0.002747100545093417 -0.02947222627699375 -0.003501351922750473 0.004048651549965143 0.9990147948265076 0.04419359564781189 0.008170004934072495 0.029321784153580666 -0.04429355263710022 0.9985881447792053 0.0723361074924469
1305031102.411258 0.9994490742683411 -0.0008145387982949615 -0.03317990154027939 -0.006898587569594383 0.0023304664064198732 0.998953640460968 0.0456751212477684 0.013015106320381165 0.033107977360486984 -0.04572727903723717 0.9984051585197449 0.08322015404701233
1305031102.443271 0.9990783333778381 -0.0008445433923043311 -0.042915184050798416 -0.004214589484035969 0.003132931189611554 0.9985744953155518 0.05328427255153656 0.019914904609322548 0.042809005826711655 -0.053369615226984024 0.9976567625999451 0.09417062997817993
1305031102.475318 0.9987990856170654 7.147079304559156e-05 -0.048993077129125595 -0.0014019631780683994 0.0032751017715781927 0.9976646304130554 0.06822337210178375 0.01948687806725502 0.04888353869318962 -0.06830190122127533 0.996466338634491 0.10610175132751465
1305031102.511219 0.9989147186279297 0.0034694699570536613 -0.04644657298922539 -0.0012392527423799038 0.00011655282287392765 0.9970324039459229 0.07698306441307068 0.020994171500205994 0.04657582938671112 -0.07690494507551193 0.995949923992157 0.11905553191900253
1305031102.575286 0.9990757703781128 0.00931555312126875 -0.04196242243051529 -0.000217570923268795 -0.005394480656832457 0.9956883788108826 0.0926041230559349 0.015653885900974274 0.04264415428042412 -0.09229215234518051 0.994818389415741 0.144772469997406
1305031102.611233 0.9993834495544434 0.007983184419572353 -0.034189749509096146 -0.0032519667875021696 -0.004932724870741367 0.9960734248161316 0.08839356899261475 0.013207056559622288 0.034761156886816025 -0.08817041665315628 0.9954985976219177 0.1563381403684616
1305031102.675285 0.9994316101074219 0.003557062242180109 -0.03352242708206177 -0.008721958845853806 -0.0007425000076182187 0.9964990019798279 0.08360166847705841 0.023950155824422836 0.03370243310928345 -0.0835292786359787 0.9959352016448975 0.17968857288360596
1305031102.711263 0.9994166493415833 0.0015848116017878056 -0.034116748720407486 -0.00917097833007574 0.0013618342345580459 0.9962792992591858 0.08617335557937622 0.023458022624254227 0.03412638232111931 -0.08616954833269119 0.9956957697868347 0.19295209646224976
1305031102.743234 0.9993654489517212 -0.002704244339838624 -0.035518791526556015 -0.008467074483633041 0.0057570720091462135 0.9962671995162964 0.0861310139298439 0.030159322544932365 0.035153284668922424 -0.08628083765506744 0.9956505298614502 0.2048405408859253
1305031102.775472 0.9994436502456665 0.0012467217165976763 -0.03332814574241638 -0.00575671810656786 0.0017697217408567667 0.9959107637405396 0.09032487869262695 0.031307052820920944 0.033304471522569656 -0.09033362567424774 0.9953544735908508 0.21832428872585297
1305031102.811232 0.9996841549873352 0.00308978627435863 -0.024943005293607712 -0.008647753857076168 -0.0007882487261667848 0.9957809448242188 0.09175921976566315 0.0348934680223465 0.025121286511421204 -0.09171058237552643 0.9954687356948853 0.230452761054039
1305031102.84329 0.9997565746307373 0.004456458147615194 -0.021616194397211075 -0.004993185866624117 -0.0023887353017926216 0.9954977631568909 0.09475493431091309 0.03622420132160187 0.02194114588201046 -0.09468021988868713 0.9952658414840698 0.24278216063976288
1305031102.875363 0.9998820424079895 0.008874466642737389 -0.012542759999632835 -0.009428435005247593 -0.0076740882359445095 0.9956638216972351 0.09270712733268738 0.03891287371516228 0.013311097398400307 -0.09259992837905884 0.9956144094467163 0.2543649971485138
1305031102.911185 0.9998850226402283 0.011724456213414669 -0.009612096473574638 -0.010006431490182877 -0.0108058862388134 0.9958283305168152 0.09060477465391159 0.04318590834736824 0.0106342863291502 -0.09049049764871597 0.9958404898643494 0.2665846049785614
1305031102.975203 0.9997861385345459 0.014815819449722767 -0.014428989961743355 -0.024149496108293533 -0.013449497520923615 0.9957985877990723 0.09057818353176117 0.04939884692430496 0.01571035385131836 -0.09036476165056229 0.9957848191261292 0.2877199351787567
1305031103.011215 0.9995383620262146 0.009999002330005169 -0.028687169775366783 -0.022955795750021935 -0.007314289454370737 0.9957127571105957 0.09220924228429794 0.05290166288614273 0.029486175626516342 -0.09195684641599655 0.9953262805938721 0.29857224225997925
1305031103.043227 0.9991753697395325 0.00611719349399209 -0.04014056175947189 -0.023774033412337303 -0.0022324598394334316 0.9953674674034119 0.09611818939447403 0.0553240105509758 0.04054258018732071 -0.09594932943582535 0.9945602416992188 0.30958908796310425
1305031103.075319 0.9988006353378296 0.001928834361024201 -0.04892624914646149 -0.01931542344391346 0.0028247435111552477 0.9952898025512695 0.09690312296152115 0.05469927191734314 0.048882704228162766 -0.09692509472370148 0.9940905570983887 0.3209851086139679
1305031103.11124 0.99888014793396 -0.0007248163456097245 -0.047307178378105164 -0.0206326674669981 0.005026845261454582 0.9958489537239075 0.0908827856183052 0.06308183073997498 0.04704493284225464 -0.09101881831884384 0.9947373270988464 0.3281691372394562
1305031103.143318 0.998785674571991 -0.00451361620798707 -0.04905865341424942 -0.01910092867910862 0.009128091856837273 0.9955069422721863 0.09424781799316406 0.0644509419798851 0.04841282218694687 -0.09458120167255402 0.9943392872810364 0.33652108907699585
1305031103.175452 0.9989503026008606 -0.0055350856855511665 -0.04547140747308731 -0.02009577490389347 0.009780047461390495 0.9955554008483887 0.09366980940103531 0.07014263421297073 0.04475082457065582 -0.09401620179414749 0.9945644736289978 0.34388479590415955
1305031103.243216 0.998769223690033 -0.015470718964934349 -0.04712248966097832 -0.020408092066645622 0.020759055390954018 0.9932764768600464 0.11389058828353882 0.07994892448186874 0.04504368454217911 -0.1147286519408226 0.9923751950263977 0.36010608077049255
1305031103.27537 0.9985343813896179 -0.021879931911826134 -0.049501679837703705 -0.026476390659809113 0.028258411213755608 0.9908379316329956 0.13206681609153748 0.0810299962759018 0.046158526092767715 -0.13327206671237946 0.9900040626525879 0.365939736366272
1305031103.31121 0.9975587725639343 -0.019139867275953293 -0.06715919077396393 -0.026923077180981636 0.028752747923135757 0.9889799356460571 0.14523115754127502 0.07774951308965683 0.06363938748836517 -0.14680762588977814 0.9871158003807068 0.3717036247253418
1305031103.343223 0.9966647028923035 -0.018436042591929436 -0.07949584722518921 -0.02035422809422016 0.029958313331007957 0.9887887239456177 0.14628489315509796 0.07907926291227341 0.07590768486261368 -0.14817853271961212 0.9860432744026184 0.37349364161491394
1305031103.375327 0.9968071579933167 -0.021802116185426712 -0.07681183516979218 -0.018871229141950607 0.033610790967941284 0.9871891140937805 0.15597425401210785 0.07594326138496399 0.07242723554372787 -0.15805795788764954 0.9847701191902161 0.373121440410614
1305031103.41126 0.9968286752700806 -0.02444540336728096 -0.07573027908802032 -0.019638773053884506 0.03644534945487976 0.9862194061279297 0.16137844324111938 0.07155614346265793 0.07074171304702759 -0.16362670063972473 0.9839826822280884 0.3733854293823242
1305031103.44328 0.996732234954834 -0.023127958178520203 -0.07739391177892685 -0.022655896842479706 0.03544577956199646 0.9861887097358704 0.16178816556930542 0.06899016350507736 0.0725831687450409 -0.16400280594825745 0.9837859272956848 0.36827513575553894
1305031103.475274 0.9964116811752319 -0.01801222190260887 -0.08269940316677094 -0.02213587611913681 0.03128495067358017 0.9862740635871887 0.16212573647499084 0.06503434479236603 0.0786440372467041 -0.16413122415542603 0.9832985401153564 0.36397549510002136
1305031103.511333 0.9961273670196533 -0.012945176102221012 -0.08696336299180984 -0.020186327397823334 0.02674730122089386 0.9868387579917908 0.1594800502061844 0.05930323898792267 0.08375430852174759 -0.16118848323822021 0.9833633303642273 0.3583694100379944
1305031103.543444 0.9959725737571716 -0.009855188429355621 -0.08911440521478653 -0.019677866250276566 0.023357778787612915 0.9881388545036316 0.15177586674690247 0.05494113638997078 0.08656162768602371 -0.15324608981609344 0.9843894839286804 0.35036081075668335
1305031103.575474 0.9958328604698181 -0.010448816232383251 -0.09059658646583557 -0.021269265562295914 0.02344023995101452 0.9893658757209778 0.1435469388961792 0.05210963264107704 0.08813326805830002 -0.145072340965271 0.9854879379272461 0.34055808186531067
1305031103.611223 0.9951744675636292 -0.01242157258093357 -0.09733214974403381 -0.021421872079372406 0.02595517970621586 0.9899464249610901 0.13904185593128204 0.047418367117643356 0.09462647140026093 -0.14089716970920563 0.9854916334152222 0.3310299217700958
1305031103.643445 0.9942742586135864 -0.013316120021045208 -0.10602544248104095 -0.020455047488212585 0.027543749660253525 0.9906144142150879 0.1338820457458496 0.04280256852507591 0.10324753820896149 -0.13603581488132477 0.9853092432022095 0.32027214765548706
1305031103.675523 0.9935793876647949 -0.013826893642544746 -0.1122899278998375 -0.017616871744394302 0.028335848823189735 0.9912835359573364 0.1286628693342209 0.0391264371573925 0.10953214764595032 -0.13101854920387268 0.9853104948997498 0.3089507222175598
1305031103.71161 0.9932765960693359 -0.014197013340890408 -0.11489222943782806 -0.015433494001626968 0.028504440560936928 0.9918898940086365 0.12386316061019897 0.03558679297566414 0.11220194399356842 -0.12630534172058105 0.9856255054473877 0.2970105707645416
1305031103.743326 0.9933637976646423 -0.011842756532132626 -0.11440388858318329 -0.0136627908796072 0.025774601846933365 0.9923082590103149 0.12107886373996735 0.028188861906528473 0.11208999156951904 -0.12322406470775604 0.9860281944274902 0.2840418517589569
1305031103.775342 0.9935796856880188 -0.007380847353488207 -0.11289214342832565 -0.013041121885180473 0.020302366465330124 0.9933028817176819 0.11374224722385406 0.026977458968758583 0.11129657179117203 -0.11530397832393646 0.9870755672454834 0.26915159821510315
1305031103.811242 0.9939332008361816 -0.0012786289444193244 -0.10997823625802994 -0.012854116037487984 0.01365926954895258 0.9936262965202332 0.11189417541027069 0.027299247682094574 0.10913418978452682 -0.11271754652261734 0.9876155853271484 0.25509923696517944
1305031103.843251 0.9940693974494934 0.004714867100119591 -0.10864671319723129 -0.014589008875191212 0.00819768849760294 0.9929682612419128 0.11809639632701874 0.02678699605166912 0.10843953490257263 -0.11828666180372238 0.9870405793190002 0.24099838733673096
1305031103.875361 0.9936226010322571 0.01212045643478632 -0.11210431158542633 -0.01718694530427456 0.0032156852539628744 0.9907556176185608 0.13561999797821045 0.014822032302618027 0.11271176487207413 -0.1351155936717987 0.9843981266021729 0.23162424564361572
1305031103.911221 0.9925999641418457 0.015497122891247272 -0.12043805420398712 -0.01493145152926445 0.001040576957166195 0.9907010197639465 0.1360524594783783 0.006758574396371841 0.1214265301823616 -0.13517096638679504 0.9833536148071289 0.21846535801887512
1305031103.943211 0.9918549060821533 0.01764632761478424 -0.1261453628540039 -0.012908799573779106 -0.001253969967365265 0.991661548614502 0.12886269390583038 0.006466755643486977 0.12736748158931732 -0.12765491008758545 0.9836065173149109 0.20136138796806335
1305031103.975373 0.9911272525787354 0.019910426810383797 -0.131417378783226 -0.009462237358093262 -0.003196694888174534 0.9920015335083008 0.12618455290794373 0.0008859038352966309 0.1328786313533783 -0.12464484572410583 0.9832634329795837 0.1884257197380066
1305031104.011232 0.9907578229904175 0.020703265443444252 -0.13405448198318481 -0.004240896552801132 -0.004228952340781689 0.9925174713134766 0.1220286637544632 -0.007833706215023994 0.13557779788970947 -0.12033392488956451 0.9834319949150085 0.17785173654556274
1305031104.043249 0.9915800094604492 0.02343069203197956 -0.1273578703403473 -0.0020282622426748276 -0.009661698713898659 0.9941393136978149 0.10767319798469543 -0.010514456778764725 0.12913432717323303 -0.105536088347435 0.9859951734542847 0.16226577758789062
1305031104.075425 0.9923967719078064 0.027371365576982498 -0.11999789625406265 0.0021408535540103912 -0.0153240617364645 0.9948501586914062 0.10019221156835556 -0.01196249108761549 0.12212231010198593 -0.09759155660867691 0.987705409526825 0.14651943743228912
1305031104.111235 0.9932813048362732 0.029490526765584946 -0.11190494149923325 0.007488886825740337 -0.018839366734027863 0.9952922463417053 0.09507086873054504 -0.016953976824879646 0.11418182402849197 -0.092323899269104 0.9891606569290161 0.13583609461784363
1305031104.14323 0.9947865605354309 0.03181372210383415 -0.09688977897167206 0.003272715024650097 -0.023578684777021408 0.9961034655570984 0.08498312532901764 -0.020776282995939255 0.09921588003635406 -0.0822555273771286 0.9916603565216064 0.1200050413608551
1305031104.175424 0.9953852295875549 0.03217595815658569 -0.09040427207946777 0.003664642572402954 -0.025196736678481102 0.9966889023780823 0.07730774581432343 -0.02421347238123417 0.09259239584207535 -0.07467308640480042 0.9929000735282898 0.10515419393777847
1305031104.211283 0.9958828091621399 0.032525017857551575 -0.08461365103721619 0.003498269710689783 -0.02664404921233654 0.9972102046012878 0.0697278082370758 -0.02886006608605385 0.08664549887180328 -0.06718628108501434 0.9939711093902588 0.09166965633630753
1305031104.243196 0.9962583184242249 0.03181142359972 -0.0803578570485115 0.004204446449875832 -0.02700917050242424 0.9978235960006714 0.06015680357813835 -0.03093550354242325 0.082096628844738 -0.05776131898164749 0.9949491620063782 0.07876452803611755
1305031104.275546 0.9965816140174866 0.032477933913469315 -0.0759621262550354 0.006131364032626152 -0.02862289547920227 0.9982731938362122 0.0512990765273571 -0.032815705984830856 0.07749705016613007 -0.0489494726061821 0.9957901835441589 0.06540946662425995
1305031104.311219 0.9970014691352844 0.033084165304899216 -0.06995360553264618 0.006869260221719742 -0.030056802555918694 0.998583972454071 0.04389528930187225 -0.03446831926703453 0.07130680978298187 -0.0416610985994339 0.9965839385986328 0.05391354113817215
1305031104.343342 0.9974217414855957 0.03194032236933708 -0.0642620176076889 0.011158875189721584 -0.02967212349176407 0.9989132285118103 0.035946235060691833 -0.033397041261196136 0.0653403028845787 -0.03394677862524986 0.9972854852676392 0.042395368218421936
1305031104.375837 0.9980297088623047 0.030943941324949265 -0.05458132177591324 0.011079216375946999 -0.029164016246795654 0.9990261793136597 0.033111006021499634 -0.03542168810963631 0.055552780628204346 -0.031453974545001984 0.997960090637207 0.03157319501042366
1305031104.411509 0.9985554218292236 0.030561838299036026 -0.04419358819723129 0.006488196086138487 -0.02926422469317913 0.9991298913955688 0.029716884717345238 -0.03541800379753113 0.04506333917379379 -0.028380660340189934 0.9985809326171875 0.021875828504562378
1305031104.443288 0.9987840056419373 0.028671439737081528 -0.04010525345802307 0.002974054543301463 -0.02755757048726082 0.999226450920105 0.028056172654032707 -0.034703828394412994 0.04087863862514496 -0.026916852220892906 0.9988014698028564 0.01202664989978075
1305031104.475456 0.998803436756134 0.027464883401989937 -0.04046454653143883 -0.0015856182435527444 -0.026297172531485558 0.9992302060127258 0.02911273203790188 -0.03661787882447243 0.041232965886592865 -0.028013791888952255 0.9987568259239197 0.0012553163105621934
1305031104.511329 0.9985868334770203 0.024604031816124916 -0.04710717126727104 -0.0005332819418981671 -0.02324605919420719 0.9993044137954712 0.02916136384010315 -0.04101342707872391 0.04779188334941864 -0.02802509441971779 0.9984641075134277 -0.006599934305995703
1305031104.543368 0.9984524846076965 0.024661216884851456 -0.04984588548541069 -0.0014912774786353111 -0.023571286350488663 0.9994726181030273 0.022336849942803383 -0.042435429990291595 0.05037045106291771 -0.021127350628376007 0.9985071420669556 -0.016055356711149216
1305031104.575343 0.9983725547790527 0.022484952583909035 -0.052408743649721146 0.005314844660460949 -0.02165290340781212 0.9996311068534851 0.016390277072787285 -0.04856828227639198 0.05275794863700867 -0.015228799544274807 0.9984912276268005 -0.024247799068689346
1305031104.611336 0.9986372590065002 0.01770285703241825 -0.04909500107169151 0.015207573771476746 -0.017710193991661072 0.9998431205749512 0.00028564222157001495 -0.05612722784280777 0.04909235239028931 0.0005842326208949089 0.9987940788269043 -0.029976842924952507
1305031104.643243 0.9992719888687134 0.016123250126838684 -0.03457716479897499 0.01659652404487133 -0.017030417919158936 0.999514102935791 -0.026104092597961426 -0.05233133211731911 0.0341394767165184 0.026673952117562294 0.9990611672401428 -0.03977029025554657
1305031104.675525 0.9996806979179382 0.015174981206655502 -0.020205292850732803 0.02037592977285385 -0.0160989873111248 0.9987939596176147 -0.04638221114873886 -0.05907396599650383 0.01947707310318947 0.04669269174337387 0.9987193942070007 -0.05140480399131775
1305031104.711277 0.9999200701713562 0.011906969361007214 -0.004248221404850483 0.019864652305841446 -0.012172111310064793 0.9975362420082092 -0.06908892095088959 -0.06652180105447769 0.003415114479139447 0.06913512200117111 0.9976013898849487 -0.06477856636047363
1305031104.74328 0.9999141693115234 0.00862351804971695 0.00985288992524147 0.021162433549761772 -0.007637926377356052 0.9953494071960449 -0.09602674096822739 -0.06462689489126205 -0.01063515804708004 0.09594327211380005 0.9953299760818481 -0.07523185759782791
1305031104.775327 0.9996893405914307 0.005905686877667904 0.02421688474714756 0.02127411961555481 -0.0029554415959864855 0.9927576780319214 -0.12009772658348083 -0.06366459280252457 -0.024750756099820137 0.11998884379863739 0.9924666285514832 -0.08401840925216675
1305031104.811465 0.999386727809906 0.002187259728088975 0.03494798392057419 0.02600754238665104 0.002853058511391282 0.9896425008773804 -0.1435251086950302 -0.05821515619754791 -0.03489994257688522 0.14353680610656738 0.9890294075012207 -0.09076613932847977
1305031104.843258 0.9986745119094849 -0.0017617805860936642 0.051439058035612106 0.022001847624778748 0.01008196733891964 0.9867486357688904 -0.1619424819946289 -0.052688196301460266 -0.050472114235162735 0.1622464656829834 0.9854585528373718 -0.09688448905944824
1305031104.87535 0.9982479214668274 -0.005017287563532591 0.058955468237400055 0.01969013176858425 0.01530684344470501 0.9843772649765015 -0.17540566623210907 -0.044618502259254456 -0.05715435370802879 0.17600075900554657 0.9827293753623962 -0.10238716751337051
1305031104.911534 0.9980922341346741 -0.008593529462814331 0.061140287667512894 0.019732628017663956 0.01950833946466446 0.9834290146827698 -0.18024113774299622 -0.04192159324884415 -0.05857821926474571 0.18109001219272614 0.9817204475402832 -0.10392498970031738
1305031104.943262 0.9979463219642639 -0.010300526395440102 0.06322254985570908 0.018885133787989616 0.021706711500883102 0.9829694032669067 -0.18248283863067627 -0.039359234273433685 -0.0602661557495594 0.1834804117679596 0.9811742305755615 -0.10384967923164368
1305031104.975202 0.9980197548866272 -0.012517551891505718 0.0616428479552269 0.017884347587823868 0.023642297834157944 0.9827901124954224 -0.1832062304019928 -0.03070417232811451 -0.058288682252168655 0.18430081009864807 0.9811398983001709 -0.09870022535324097
1305031105.01129 0.9981650114059448 -0.016434429213404655 0.058278247714042664 0.022358281537890434 0.02634897455573082 0.9844496846199036 -0.17367997765541077 -0.02898692712187767 -0.05451766029000282 0.17489686608314514 0.983076274394989 -0.0926060676574707
1305031105.043373 0.9982768893241882 -0.014851757325232029 0.056768566370010376 0.021870413795113564 0.023978203535079956 0.9862285256385803 -0.16364093124866486 -0.0248181764036417 -0.053556423634290695 0.16472020745277405 0.9848853349685669 -0.08442914485931396
1305031105.07532 0.9984291195869446 -0.011042642407119274 0.05493040382862091 0.021185409277677536 0.019143735989928246 0.988618791103363 -0.14921972155570984 -0.025305528193712234 -0.05265745148062706 0.15003688633441925 0.9872771501541138 -0.07533685117959976
1305031105.111299 0.9985089302062988 -0.008088399656116962 0.05398537963628769 0.017727704718708992 0.015412044711411 0.990498423576355 -0.13665765523910522 -0.027669159695506096 -0.052367087453603745 0.13728591799736023 0.9891462326049805 -0.06423583626747131
1305031105.143106 0.9987208843231201 -0.004567433148622513 0.05035501718521118 0.011783232912421227 0.011095909401774406 0.9914329648017883 -0.13014429807662964 -0.01456330344080925 -0.04932919889688492 0.13053658604621887 0.9902155995368958 -0.051142822951078415
1305031105.175159 0.9990362524986267 0.00026948799495585263 0.043892234563827515 0.008540716022253036 0.004424882587045431 0.994268536567688 -0.10681984573602676 -0.006550172343850136 -0.043669454753398895 0.10691113024950027 0.9933091402053833 -0.03654614835977554
1305031105.211268 0.9992539882659912 0.005754034034907818 0.03818856179714203 0.0024128248915076256 -0.002760396571829915 0.9969505667686462 -0.07798542082309723 -0.016048463061451912 -0.038520846515893936 0.07782182097434998 0.9962229132652283 -0.02470482885837555
1305031105.24327 0.9995502829551697 0.008759459480643272 0.028683189302682877 -0.0030092084780335426 -0.0069487011060118675 0.9980124831199646 -0.06263156235218048 -0.012254750356078148 -0.0291748046875 0.0624040886759758 0.9976245164871216 -0.009160252287983894
1305031105.275288 0.9997873902320862 0.011726681143045425 0.01695777103304863 -0.00760970264673233 -0.010992645286023617 0.9990254044532776 -0.04274986684322357 -0.00891671609133482 -0.01744256354868412 0.042554378509521484 0.9989418983459473 0.0034046974033117294
1305031105.31129 0.9998995661735535 0.013062950223684311 0.005484551191329956 -0.013247574679553509 -0.012941519729793072 0.9996824860572815 -0.021620653569698334 -0.010978777892887592 -0.005765240639448166 0.021547511219978333 0.9997512102127075 0.014648128300905228
1305031105.343302 0.9998712539672852 0.01346797589212656 -0.008720500394701958 -0.012194348499178886 -0.01349536795169115 0.9999041557312012 -0.003089930396527052 -0.016305306926369667 0.00867804978042841 0.0032072190660983324 0.9999572038650513 0.03027288429439068
1305031105.375338 0.9997378587722778 0.01316864788532257 -0.01872928813099861 -0.013200563378632069 -0.013069822452962399 0.9999000430107117 0.005389184225350618 -0.018084237352013588 0.018798384815454483 -0.005142983049154282 0.9998100399971008 0.04474193975329399
1305031105.411286 0.9994653463363647 0.0146578848361969 -0.029224136844277382 -0.013317428529262543 -0.01428612694144249 0.9998148679733276 0.01288929209113121 -0.009093672037124634 0.02940765768289566 -0.012464901432394981 0.9994897842407227 0.05903467535972595
1305031105.443316 0.999141275882721 0.016717832535505295 -0.037912193685770035 -0.01348415669053793 -0.015613648109138012 0.9994505643844604 0.029236190021038055 -0.013964686542749405 0.03838012367486954 -0.028619136661291122 0.998853325843811 0.07407155632972717
1305031105.47528 0.9988802671432495 0.017711149528622627 -0.043869391083717346 -0.014991169795393944 -0.016145113855600357 0.9992285966873169 0.03579822927713394 -0.012414838187396526 0.04446958377957344 -0.03504987433552742 0.9983956813812256 0.08657722920179367
1305031105.511332 0.9985854625701904 0.017501669004559517 -0.05020742863416672 -0.013730260543525219 -0.015291120857000351 0.9989110231399536 0.0440794974565506 -0.009454570710659027 0.05092422291636467 -0.04324941337108612 0.9977657198905945 0.1002727597951889
1305031105.543282 0.9985365867614746 0.01577727310359478 -0.051729172468185425 -0.014406466856598854 -0.013067605905234814 0.9985454082489014 0.05230779945850372 -0.010355819948017597 0.05247921124100685 -0.051555268466472626 0.9972903728485107 0.11517902463674545
1305031105.575449 0.9984249472618103 0.01593078300356865 -0.053793441504240036 -0.015781162306666374 -0.012769478373229504 0.9981994032859802 0.058608055114746094 -0.008913034573197365 0.054630253463983536 -0.05782884359359741 0.9968306422233582 0.12936663627624512
1305031105.611378 0.9982357621192932 0.014432056806981564 -0.05759373679757118 -0.013128298334777355 -0.01058507151901722 0.9977269172668457 0.0665498897433281 -0.011970155872404575 0.05842328071594238 -0.06582285463809967 0.9961195588111877 0.14448527991771698
1305031105.643273 0.9983124136924744 0.008148503489792347 -0.05749686807394028 -0.015175839886069298 -0.004379721358418465 0.9978513717651367 0.06537164747714996 -0.00841519795358181 0.057906001806259155 -0.06500951200723648 0.9962031841278076 0.15820293128490448
1305031105.711309 0.9982268214225769 0.007077316287904978 -0.05910220742225647 -0.008435132913291454 -0.002970969770103693 0.9975928068161011 0.06927963346242905 -0.008558477275073528 0.05945025384426117 -0.06898119300603867 0.9958449602127075 0.18840518593788147
1305031105.743312 0.9987220764160156 0.005625802557915449 -0.05022606626152992 -0.009168241173028946 -0.0024617002345621586 0.9980207085609436 0.06283814460039139 -0.0013572052121162415 0.05048017576336861 -0.0626341924071312 0.9967591166496277 0.2007628232240677
1305031105.775339 0.9990311861038208 0.005679996218532324 -0.0436396449804306 -0.005547518841922283 -0.0027894661761820316 0.9978147745132446 0.06601382791996002 -0.002730908803641796 0.043919242918491364 -0.06582814455032349 0.9968639612197876 0.21656765043735504
1305031105.811283 0.9994702339172363 0.004048340953886509 -0.0322948582470417 -0.0073206000961363316 -0.0020302962511777878 0.9980567693710327 0.06227785721421242 -0.000273875892162323 0.03248422592878342 -0.062179289758205414 0.9975361824035645 0.2304408699274063
1305031105.843271 0.9996384978294373 0.0021356921643018723 -0.026801537722349167 -0.004536454565823078 -0.0005945995217189193 0.9983522891998291 0.057376928627491 0.003756786696612835 0.026879914104938507 -0.05734025686979294 0.997992753982544 0.24326127767562866
1305031105.875337 0.9998345375061035 -0.002950226655229926 -0.017950868234038353 -0.0026392843574285507 0.003930583130568266 0.9984881281852722 0.054825570434331894 0.009870756417512894 0.01776198297739029 -0.05488705262541771 0.9983344674110413 0.25712111592292786
1305031105.911262 0.9998674392700195 -0.013148177415132523 -0.009608473628759384 -0.0031568631529808044 0.013704687356948853 0.9980831742286682 0.0603523850440979 0.013468890450894833 0.008796535432338715 -0.06047607213258743 0.9981309175491333 0.270317018032074
1305031105.943272 0.9998345971107483 -0.017953872680664062 -0.0029233749955892563 -0.003245570231229067 0.01810327358543873 0.9978195428848267 0.06347203254699707 0.01969246380031109 0.001777437049895525 -0.06351446360349655 0.9979793429374695 0.2828544080257416
1305031105.975329 0.9997641444206238 -0.02171792834997177 -9.111221879720688e-05 -0.0021893628872931004 0.021670188754796982 0.9972705245018005 0.07058536261320114 0.02523285150527954 -0.0014420999214053154 -0.0705706924200058 0.997505784034729 0.2955682873725891
1305031106.011285 0.9996839761734009 -0.024754637852311134 0.004389017820358276 -0.002020786050707102 0.0243329219520092 0.9966033101081848 0.07867760956287384 0.029291721060872078 -0.006321740336716175 -0.0785459652543068 0.9968904852867126 0.30819523334503174
1305031106.043355 0.9995685815811157 -0.0277587678283453 0.009600858204066753 -0.003736772108823061 0.02680620737373829 0.9957484602928162 0.08812867105007172 0.032431621104478836 -0.012006377801299095 -0.08783328533172607 0.9960628747940063 0.3199741840362549
1305031106.07533 0.9994710683822632 -0.03027396649122238 0.01187955867499113 -0.005592597182840109 0.029012570157647133 0.9950644373893738 0.09489637613296509 0.037141550332307816 -0.014693807810544968 -0.09450152516365051 0.9954162836074829 0.33153948187828064
1305031106.111327 0.999410092830658 -0.03225631266832352 0.01179450936615467 -0.007219862658530474 0.030869271606206894 0.9941790699958801 0.10322484374046326 0.04373781383037567 -0.01505549717694521 -0.10279987007379532 0.9945881366729736 0.34192246198654175
1305031106.143355 0.9993172287940979 -0.035537347197532654 0.01010891329497099 -0.009837454184889793 0.03413453325629234 0.9927219152450562 0.11549016833305359 0.04647483676671982 -0.014139555394649506 -0.11506624519824982 0.9932571053504944 0.35218754410743713
1305031106.175534 0.9992943406105042 -0.03692144900560379 0.006896641571074724 -0.010811247862875462 0.03579431027173996 0.9917619228363037 0.12299219518899918 0.048795729875564575 -0.0113808773458004 -0.12265855073928833 0.992383599281311 0.3621491491794586
1305031106.211275 0.9992452263832092 -0.03873641416430473 0.002911060117185116 -0.010970301926136017 0.03801590949296951 0.9905577301979065 0.13171949982643127 0.04771997779607773 -0.007985914126038551 -0.13150940835475922 0.9912827014923096 0.3720647990703583
1305031106.243267 0.9989763498306274 -0.0451994426548481 0.001844470389187336 -0.013661393895745277 0.04457324370741844 0.9904579520225525 0.1304081380367279 0.051277559250593185 -0.007721245288848877 -0.13019242882728577 0.9914586544036865 0.3790208697319031
1305031106.276385 0.9989104866981506 -0.04664009436964989 -0.0015897685661911964 -0.014691237360239029 0.04644864797592163 0.990362823009491 0.13047590851783752 0.05754903703927994 -0.0045109642669558525 -0.13040761649608612 0.9914501905441284 0.3853091299533844
1305031106.311238 0.9985408782958984 -0.05364333838224411 -0.006204342469573021 -0.013885361142456532 0.053986556828022 0.9890117645263672 0.13762624561786652 0.0607927143573761 -0.0012465622276067734 -0.13776038587093353 0.9904648065567017 0.3910425305366516
1305031106.343258 0.9985684156417847 -0.05306658521294594 -0.006708507426083088 -0.016446270048618317 0.05347919836640358 0.9881101250648499 0.1441466361284256 0.06813317537307739 -0.0010206270962953568 -0.14429906010627747 0.989533543586731 0.3942517042160034
1305031106.375388 0.9991611838340759 -0.03931712359189987 -0.011438336223363876 -0.0103254783898592 0.04065525531768799 0.9858428835868835 0.1626684069633484 0.06849206984043121 0.00488074729219079 -0.16299700736999512 0.986614465713501 0.396755188703537
1305031106.41132 0.999573290348053 -0.02914772741496563 -0.001887669786810875 -0.008218258619308472 0.029016438871622086 0.9835103154182434 0.1785089671611786 0.06261144578456879 -0.0033465884625911713 -0.17848758399486542 0.9839364290237427 0.39936983585357666
1305031106.443278 0.9997097253799438 -0.021410981193184853 0.01104618888348341 -0.013692421838641167 0.01903010532259941 0.9829355478286743 0.18296298384666443 0.057874809950590134 -0.014775113202631474 -0.18269966542720795 0.9830576777458191 0.3970913589000702
1305031106.475345 0.9997677803039551 -0.018330907449126244 0.011322415433824062 -0.016670404002070427 0.015949374064803123 0.9829671382904053 0.18308834731578827 0.05519066005945206 -0.01448573637753725 -0.18286526203155518 0.983031153678894 0.39342039823532104
1305031106.511129 0.9998205900192261 -0.018354283645749092 0.004660235717892647 -0.01744542270898819 0.017201179638504982 0.9831775426864624 0.18184110522270203 0.04997190088033676 -0.007919401861727238 -0.181728333234787 0.9833168983459473 0.3882867991924286
1305031106.543302 0.9998890161514282 -0.014588423073291779 -0.00303051620721817 -0.017086287960410118 0.014893501065671444 0.9845177531242371 0.17465084791183472 0.047923050820827484 0.00043571554124355316 -0.1746765673160553 0.9846257567405701 0.3786880671977997
1305031106.575282 0.9999063611030579 -0.01203108113259077 -0.006518128793686628 -0.01695937290787697 0.012959816493093967 0.9855294227600098 0.16900882124900818 0.04523683711886406 0.004390447400510311 -0.16907747089862823 0.9855929017066956 0.3683623969554901
1305031106.611151 0.9999097585678101 -0.006000396329909563 -0.012021596543490887 -0.01814001426100731 0.007932539097964764 0.9857973456382751 0.16775214672088623 0.04395347833633423 0.01084427535533905 -0.1678323894739151 0.9857558608055115 0.3564590811729431
1305031106.643207 0.9998317956924438 -0.0017052077455446124 -0.018256865441799164 -0.0168741624802351 0.004800728522241116 0.9852795004844666 0.17088478803634644 0.036115847527980804 0.017696719616651535 -0.1709437072277069 0.9851218461990356 0.34556931257247925
1305031106.675279 0.9997876286506653 -0.0002348640700802207 -0.020608915016055107 -0.021661704406142235 0.0036380633246153593 0.9862446784973145 0.16525167226791382 0.03592513129115105 0.020286615937948227 -0.16529154777526855 0.9860361218452454 0.33356931805610657
1305031106.711508 0.9994663596153259 0.0015066261403262615 -0.032627735286951065 -0.02206983044743538 0.0040266443975269794 0.985632061958313 0.16885870695114136 0.031215563416481018 0.03241334110498428 -0.16889998316764832 0.9851000905036926 0.31976014375686646
1305031106.743341 0.9990041851997375 0.0016187923029065132 -0.044585421681404114 -0.023145299404859543 0.005783723667263985 0.9862096309661865 0.16540032625198364 0.02763928286731243 0.044238314032554626 -0.16549347341060638 0.9852181077003479 0.3041241765022278
1305031106.77539 0.9982748031616211 0.002529454417526722 -0.05865969508886337 -0.020260747522115707 0.007174998987466097 0.9863283634185791 0.16463594138622284 0.02384532243013382 0.05827416107058525 -0.16477280855178833 0.9846085906028748 0.28870126605033875
1305031106.811289 0.9977539777755737 0.004587163217365742 -0.06682948768138885 -0.01930689625442028 0.006450677756220102 0.9864365458488464 0.164016455411911 0.02343377284705639 0.06667540967464447 -0.16407915949821472 0.9841912984848022 0.27418002486228943
1305031106.843416 0.9970691204071045 0.007894210517406464 -0.07609790563583374 -0.017344357445836067 0.0051226201467216015 0.9855415225028992 0.169356569647789 0.01332218386232853 0.07633458077907562 -0.1692500114440918 0.9826125502586365 0.26071956753730774
1305031106.875905 0.9965890049934387 0.01469152607023716 -0.0812068060040474 -0.014887235127389431 -0.0017531223129481077 0.9875730276107788 0.157151997089386 0.009370081126689911 0.08250643312931061 -0.1564735770225525 0.9842300415039062 0.24216985702514648
1305031106.911243 0.996618390083313 0.023436833173036575 -0.07875663042068481 -0.014842052012681961 -0.011543188244104385 0.9888890385627747 0.1482069343328476 0.010498061776161194 0.08135505020618439 -0.14679664373397827 0.9858154058456421 0.22429096698760986
1305031106.943439 0.9966138601303101 0.03202788159251213 -0.07572978734970093 -0.014929791912436485 -0.02048613503575325 0.9886940121650696 0.14854133129119873 0.002035589888691902 0.07963104546070099 -0.14648695290088654 0.9860023260116577 0.20984669029712677
1305031106.975547 0.9967118501663208 0.03722112998366356 -0.07197345048189163 -0.013275071047246456 -0.026928383857011795 0.9899225234985352 0.13902631402015686 -0.006072640419006348 0.07642285525798798 -0.136631041765213 0.9876698851585388 0.19340144097805023
1305031107.011576 0.9968965649604797 0.043926626443862915 -0.06532661616802216 -0.014376002363860607 -0.03567739203572273 0.9918297529220581 0.12247789651155472 -0.002287723124027252 0.07017292827367783 -0.11976711452007294 0.9903189539909363 0.17165033519268036
1305031107.043281 0.9970113635063171 0.04864364117383957 -0.060018233954906464 -0.014806155115365982 -0.04083026945590973 0.9912958145141602 0.12516191601753235 -0.009446665644645691 0.06558415293693542 -0.12233729660511017 0.9903192520141602 0.15682977437973022
1305031107.075432 0.9972095489501953 0.05018940940499306 -0.05526468902826309 -0.019339097663760185 -0.043456289917230606 0.9921885132789612 0.11693408340215683 -0.01593361236155033 0.06070183590054512 -0.11420617997646332 0.9916008710861206 0.1408737599849701
1305031107.111229 0.9970153570175171 0.04992945119738579 -0.05888540297746658 -0.016306642442941666 -0.04351025074720383 0.9934496283531189 0.10566310584545135 -0.014886964112520218 0.06377537548542023 -0.1027856171131134 0.9926570057868958 0.12472637742757797
1305031107.14326 0.9970137476921082 0.0505683608353138 -0.05836362764239311 -0.013498308137059212 -0.04450035095214844 0.9938950538635254 0.10095652937889099 -0.014651330187916756 0.0631125345826149 -0.09805784374475479 0.9931774735450745 0.10886237025260925
1305031107.175399 0.9970545172691345 0.05274780094623566 -0.055677201598882675 -0.012372864410281181 -0.04703875631093979 0.9939460158348083 0.09929127991199493 -0.022589733824133873 0.06057751923799515 -0.0963798239827156 0.9934995174407959 0.09631121158599854
1305031107.211358 0.9970541596412659 0.054608676582574844 -0.053860217332839966 -0.008018195629119873 -0.04972832277417183 0.9948672652244568 0.08812721818685532 -0.028122272342443466 0.05839628726243973 -0.08518922328948975 0.9946519732475281 0.0843382477760315
1305031107.243378 0.99738609790802 0.05414522439241409 -0.04784439504146576 -0.006579259410500526 -0.05047965049743652 0.9959232211112976 0.07475850731134415 -0.02849644050002098 0.05169715732336044 -0.07214793562889099 0.9960532188415527 0.06928107142448425
1305031107.275398 0.9976574778556824 0.05354156717658043 -0.04257925599813461 -0.0037245373241603374 -0.0506603978574276 0.9965270757675171 0.06608624756336212 -0.033661291003227234 0.04596974700689316 -0.06377433985471725 0.9969050884246826 0.05893557518720627
1305031107.311226 0.9978406429290771 0.05569978430867195 -0.034806352108716965 -0.004002484958618879 -0.053838521242141724 0.9971791505813599 0.05230046063661575 -0.038645289838314056 0.03762130066752434 -0.050313614308834076 0.9980246424674988 0.04586535319685936
1305031107.343509 0.9979932308197021 0.056199561804533005 -0.029174210503697395 -0.0003304946585558355 -0.05523710325360298 0.997934103012085 0.03280971199274063 -0.045354947447776794 0.030957836657762527 -0.031132375821471214 0.9990357756614685 0.034497689455747604
1305031107.375413 0.9982858300209045 0.05478891730308533 -0.020582394674420357 0.001808865345083177 -0.05460076034069061 0.9984622597694397 0.009595278650522232 -0.0380474254488945 0.021076466888189316 -0.008455023169517517 0.9997420907020569 0.023938272148370743
1305031107.411271 0.9983556270599365 0.056096434593200684 -0.01179855689406395 0.004289249889552593 -0.056135669350624084 0.9984186291694641 -0.0030206553637981415 -0.03975151479244232 0.01161046139895916 0.0036779940128326416 0.9999258518218994 0.015407347120344639
1305031107.443419 0.9984167814254761 0.056181516498327255 -0.00273016095161438 0.005858502816408873 -0.05621551722288132 0.9983120560646057 -0.014592073857784271 -0.03801761567592621 0.0019057616591453552 0.014722440391778946 0.9998897910118103 0.007812774740159512
