1305031453.359684 1.0 0.0 0.0 0.0 0.0 1.0 0.0 0.0 0.0 0.0 1.0 0.0
1305031453.39169 0.9996326565742493 -0.024101393297314644 0.01239691860973835 0.0020991771016269922 0.02408774383366108 0.9997090697288513 0.0012490908848121762 0.0045232209376990795 -0.012423417530953884 -0.0009500181768089533 0.9999223947525024 -0.009482834488153458
1305031453.423683 0.9989016652107239 -0.04267487674951553 0.019346993416547775 0.007639003451913595 0.04268937557935715 0.9990883469581604 -0.00033692436409182847 0.006513277534395456 -0.019314976409077644 0.0011624654289335012 0.9998127818107605 -0.017856230959296227
1305031453.459685 0.9976522922515869 -0.05923651531338692 0.034364886581897736 0.009431801736354828 0.059493254870176315 0.9982075691223145 -0.006496320478618145 0.009755454957485199 -0.03391847014427185 0.008525550365447998 0.9993882179260254 -0.027619970962405205
1305031453.491698 0.995715320110321 -0.07981327176094055 0.04669971019029617 0.013318657875061035 0.08051549643278122 0.9966639280319214 -0.01335141621530056 0.01357829850167036 -0.04547829553484917 0.017054259777069092 0.9988197684288025 -0.03877713903784752
1305031453.523684 0.9936048984527588 -0.09695372730493546 0.05787275359034538 0.013114821165800095 0.0985904261469841 0.9947851300239563 -0.026123059913516045 0.018918927758932114 -0.05503823235630989 0.03166170045733452 0.9979822039604187 -0.051663391292095184
1305031453.559753 0.9917614459991455 -0.1103343591094017 0.06508112698793411 0.012980741448700428 0.11310271918773651 0.9927575588226318 -0.040497638285160065 0.025667240843176842 -0.06014150381088257 0.04752485081553459 0.9970579147338867 -0.06650049984455109
1305031453.59164 0.9902967214584351 -0.1176910474896431 0.07390014082193375 0.010163024067878723 0.12174756824970245 0.991144597530365 -0.05300881341099739 0.029794497415423393 -0.06700707226991653 0.06149161607027054 0.9958558082580566 -0.08135479688644409
1305031453.627706 0.9888633489608765 -0.12479495257139206 0.08109024912118912 0.0013805367052555084 0.13015778362751007 0.9893871545791626 -0.0645909383893013 0.03440811485052109 -0.07216902077198029 0.07442611455917358 0.9946117401123047 -0.09831492602825165
1305031453.6596 0.9894782900810242 -0.12070611119270325 0.07976669073104858 -0.01069883443415165 0.12726807594299316 0.9883850812911987 -0.08305319398641586 0.0440511591732502 -0.06881517171859741 0.09233108162879944 0.9933476448059082 -0.11125992238521576
1305031453.691678 0.9912508726119995 -0.1108570247888565 0.07164068520069122 -0.01838088408112526 0.11777611076831818 0.9878984093666077 -0.1009230837225914 0.057676125317811966 -0.05958569422364235 0.1084776446223259 0.9923115372657776 -0.12665888667106628
1305031453.727652 0.9928666949272156 -0.10167773813009262 0.062267646193504333 -0.026749297976493835 0.10813961178064346 0.9879036545753479 -0.11113975197076797 0.06765846908092499 -0.0502140037715435 0.11708056181669235 0.9918521642684937 -0.14287514984607697
1305031453.759694 0.9949551820755005 -0.08621792495250702 0.05128880590200424 -0.043830618262290955 0.09181492775678635 0.9886108636856079 -0.11924201995134354 0.07155464589595795 -0.04042387753725052 0.12334956228733063 0.9915395975112915 -0.15495949983596802
1305031453.791716 0.9970425367355347 -0.07152141630649567 0.02811732143163681 -0.04563172161579132 0.07463487237691879 0.9883757829666138 -0.13244959712028503 0.08407279849052429 -0.01831749454140663 0.13415643572807312 0.990790843963623 -0.16641108691692352
1305031453.827773 0.9980338215827942 -0.06051117181777954 0.016331322491168976 -0.059293024241924286 0.06217695772647858 0.9887062311172485 -0.1363592892885208 0.08884172141551971 -0.007895618677139282 0.13710661232471466 0.9905248284339905 -0.17824500799179077
1305031453.859705 0.9989712834358215 -0.04532351344823837 -0.001469166949391365 -0.08209095895290375 0.044640231877565384 0.9885771870613098 -0.14395247399806976 0.10091543197631836 0.007976820692420006 0.14373879134655 0.9895836114883423 -0.18768487870693207
1305031453.89171 0.9988689422607422 -0.03241898864507675 -0.034779466688632965 -0.09223221987485886 0.027053020894527435 0.9890657663345337 -0.14497269690036774 0.11037129908800125 0.03909905254840851 0.14386789500713348 0.9888243079185486 -0.2007869929075241
1305031453.927723 0.9971445202827454 -0.02425449527800083 -0.07151612639427185 -0.10554426908493042 0.013992087915539742 0.9899603128433228 -0.14065152406692505 0.1149173378944397 0.07420956343412399 0.13924925029277802 0.9874727725982666 -0.1981220692396164
1305031453.959641 0.9940606355667114 -0.01127179991453886 -0.10824225842952728 -0.1097329780459404 -0.0034406264312565327 0.990869402885437 -0.13478165864944458 0.11863254755735397 0.10877317190170288 0.13435356318950653 0.9849454164505005 -0.20817746222019196
1305031453.991624 0.9913581013679504 0.009713606908917427 -0.1308237612247467 -0.12213166058063507 -0.026595674455165863 0.9914273619651794 -0.12792403995990753 0.11921568214893341 0.1284596472978592 0.13029786944389343 0.9831178188323975 -0.21799199283123016
1305031454.027662 0.9878071546554565 0.026740949600934982 -0.15336836874485016 -0.13798025250434875 -0.047167085111141205 0.9902418255805969 -0.13113513588905334 0.12225602567195892 0.1483650803565979 0.13677017390727997 0.9794292449951172 -0.21891313791275024
1305031454.059654 0.9822866916656494 0.04859195277094841 -0.18097394704818726 -0.143060564994812 -0.07285802066326141 0.9888399839401245 -0.1299513429403305 0.125441312789917 0.1726396679878235 0.14083488285541534 0.974864661693573 -0.22227579355239868
1305031454.091651 0.9771111607551575 0.07610920816659927 -0.19864821434020996 -0.166940376162529 -0.10216263681650162 0.9869614839553833 -0.12437766045331955 0.12457355856895447 0.18659183382987976 0.14182522892951965 0.9721465706825256 -0.2287175953388214
1305031454.127701 0.9691718220710754 0.10309217870235443 -0.22378113865852356 -0.18442125618457794 -0.13360291719436646 0.9830235242843628 -0.12575741112232208 0.1263963282108307 0.20701751112937927 0.15177834033966064 0.9664921760559082 -0.23372027277946472
1305031454.159672 0.958452582359314 0.1233467385172844 -0.25720441341400146 -0.18949627876281738 -0.1587517261505127 0.9797889590263367 -0.12170172482728958 0.13074131309986115 0.23699453473091125 0.157477006316185 0.9586629271507263 -0.2362607717514038
1305031454.191658 0.9470768570899963 0.14936673641204834 -0.28413909673690796 -0.21068614721298218 -0.18784977495670319 0.9756467938423157 -0.11325094848871231 0.1371603012084961 0.2603034973144531 0.16063281893730164 0.952070951461792 -0.23870731890201569
1305031454.227671 0.929039478302002 0.1826653778553009 -0.3217436671257019 -0.21792887151241302 -0.2251083254814148 0.969214677810669 -0.0997457206249237 0.12646484375 0.29361864924430847 0.16509488224983215 0.9415581822395325 -0.24285545945167542
1305031454.259627 0.9131661057472229 0.20836888253688812 -0.35030004382133484 -0.22381839156150818 -0.2600642740726471 0.9596310257911682 -0.10712137073278427 0.1363106071949005 0.31383800506591797 0.18892011046409607 0.9304917454719543 -0.24008400738239288
1305031454.291639 0.9019864797592163 0.22827887535095215 -0.3664819896221161 -0.2298188954591751 -0.28221017122268677 0.9540975689888 -0.10027631372213364 0.1441856175661087 0.3267686069011688 0.1938728392124176 0.9250057339668274 -0.24136598408222198
1305031454.327699 0.887723982334137 0.25960230827331543 -0.380201131105423 -0.2509844899177551 -0.31381145119667053 0.9454784989356995 -0.08713684231042862 0.1357407569885254 0.3368510901927948 0.19666491448879242 0.9207900762557983 -0.2453041970729828
1305031454.359636 0.8698119521141052 0.2801314890384674 -0.40614452958106995 -0.25286728143692017 -0.34316712617874146 0.9349454045295715 -0.09007447957992554 0.1406157910823822 0.3544902503490448 0.2177233248949051 0.9093586802482605 -0.24710595607757568
1305031454.391677 0.856315016746521 0.30050528049468994 -0.4200252592563629 -0.261811763048172 -0.36767852306365967 0.9258561134338379 -0.08719469606876373 0.14851905405521393 0.3626805245876312 0.22910037636756897 0.9033138751983643 -0.25128108263015747
1305031454.427465 0.8361746668815613 0.3263961970806122 -0.44076910614967346 -0.2764265835285187 -0.3984166085720062 0.9137821793556213 -0.07915909588336945 0.15278492867946625 0.37692970037460327 0.24180056154727936 0.8941233158111572 -0.2537451684474945
1305031454.459913 0.8128682374954224 0.3487546145915985 -0.466492623090744 -0.2713693380355835 -0.4270249903202057 0.9015175104141235 -0.07011166960000992 0.1539391726255417 0.3960995674133301 0.2561955451965332 0.881742000579834 -0.2514139413833618
1305031454.491617 0.7959965467453003 0.374811053276062 -0.47529590129852295 -0.27834975719451904 -0.45628470182418823 0.8875089287757874 -0.06428170204162598 0.15921100974082947 0.39773592352867126 0.268038272857666 0.8774746060371399 -0.2533303499221802
1305031454.5277 0.7760202884674072 0.4001097083091736 -0.48754972219467163 -0.2807650566101074 -0.48476576805114746 0.8728976845741272 -0.055242013186216354 0.16979721188545227 0.4034781754016876 0.27921634912490845 0.8713458776473999 -0.2537555694580078
1305031454.559575 0.7583065629005432 0.42475855350494385 -0.49452126026153564 -0.28973811864852905 -0.5098580718040466 0.8591384291648865 -0.04388550668954849 0.18264667689800262 0.40622150897979736 0.28541430830955505 0.8680568933486938 -0.25738030672073364
1305031454.591635 0.7315949201583862 0.4532052278518677 -0.5092876553535461 -0.29792359471321106 -0.5387719869613647 0.8420926332473755 -0.024587294086813927 0.1890515238046646 0.4177243411540985 0.2923778295516968 0.8602451086044312 -0.2595674395561218
1305031454.62758 0.7025723457336426 0.47284701466560364 -0.5317968130111694 -0.29773256182670593 -0.5610373616218567 0.8277742862701416 -0.005187410861253738 0.19313271343708038 0.43775486946105957 0.30200231075286865 0.8468561172485352 -0.26157641410827637
1305031454.659528 0.682479739189148 0.4815205931663513 -0.5498719811439514 -0.2964727580547333 -0.5693821310997009 0.821968674659729 0.013099420815706253 0.2057211846113205 0.4582851827144623 0.3041471242904663 0.8351461887359619 -0.264102041721344
1305031454.691884 0.658105194568634 0.49398303031921387 -0.568223774433136 -0.2988119423389435 -0.5780618786811829 0.8150572180747986 0.03906716778874397 0.2112499177455902 0.48243337869644165 0.3027581572532654 0.8219462037086487 -0.2637251317501068
1305031454.727659 0.6347289681434631 0.49452394247055054 -0.5937720537185669 -0.28716471791267395 -0.5792361497879028 0.8130940198898315 0.05799619108438492 0.21643799543380737 0.5114730000495911 0.3071223795413971 0.8025404810905457 -0.25923943519592285
1305031454.759732 0.6315634250640869 0.48807433247566223 -0.6024209856987 -0.27964040637016296 -0.5659807920455933 0.8212665915489197 0.07202005386352539 0.21937723457813263 0.5298992991447449 0.29547345638275146 0.7949227094650269 -0.2550703287124634
1305031454.791641 0.6345537304878235 0.4801620841026306 -0.6056286692619324 -0.2779836058616638 -0.5536215901374817 0.8291701674461365 0.07733038067817688 0.22559642791748047 0.5393003821372986 0.2862188220024109 0.7919809818267822 -0.25275343656539917
1305031454.82757 0.6394972801208496 0.4695315361022949 -0.6087557077407837 -0.2659023106098175 -0.5383554100990295 0.8387769460678101 0.0814044401049614 0.23414327204227448 0.5488321781158447 0.2756689786911011 0.7891703248023987 -0.2519414722919464
1305031454.85962 0.6510751843452454 0.4628314971923828 -0.6015714406967163 -0.26317527890205383 -0.5233139991760254 0.8477997183799744 0.08589458465576172 0.24025949835777283 0.5497668385505676 0.2588868737220764 0.794187605381012 -0.25167375802993774
1305031454.891764 0.6655958890914917 0.45389336347579956 -0.5924213528633118 -0.25824686884880066 -0.5090950727462769 0.8565720915794373 0.0842994898557663 0.24929054081439972 0.5457144975662231 0.24548935890197754 0.8012056946754456 -0.2535977065563202
1305031454.927567 0.6802760362625122 0.44817444682121277 -0.5799692869186401 -0.2556372582912445 -0.4967379570007324 0.8637462854385376 0.08481505513191223 0.2557292580604553 0.5389582514762878 0.2303951382637024 0.8102110624313354 -0.25848883390426636
1305031454.959648 0.6939045786857605 0.44035181403160095 -0.5697251558303833 -0.2565367817878723 -0.48306381702423096 0.8714308738708496 0.08519195020198822 0.26480650901794434 0.5339903831481934 0.21609848737716675 0.8174078464508057 -0.25982579588890076
1305031454.991937 0.7051293849945068 0.4333093464374542 -0.5612803101539612 -0.26189786195755005 -0.473852276802063 0.8768147826194763 0.08160780370235443 0.27520355582237244 0.5275002717971802 0.20841984450817108 0.8235925436019897 -0.2658853232860565
1305031455.027799 0.7107720971107483 0.42771339416503906 -0.5584480166435242 -0.26387929916381836 -0.4687846302986145 0.8799254298210144 0.07727988809347153 0.289512038230896 0.5244461894035339 0.20686347782611847 0.825931966304779 -0.27260565757751465
1305031455.059636 0.7177660465240479 0.4240872859954834 -0.5522334575653076 -0.2695257067680359 -0.46598148345947266 0.8818933963775635 0.07158953696489334 0.30324238538742065 0.5173713564872742 0.20594604313373566 0.8306100368499756 -0.27511996030807495
1305031455.0917 0.7231555581092834 0.4227176010608673 -0.5462197661399841 -0.27517446875572205 -0.466645747423172 0.8820656538009644 0.06482238322496414 0.31231674551963806 0.5092032551765442 0.20801445841789246 0.835129976272583 -0.280319482088089
1305031455.127695 0.7304747104644775 0.4204884171485901 -0.5381413102149963 -0.28077447414398193 -0.4652315676212311 0.8832447528839111 0.058635734021663666 0.32330578565597534 0.49996623396873474 0.20752842724323273 0.840812623500824 -0.28583914041519165
1305031455.15972 0.7407433986663818 0.4157031178474426 -0.5277217030525208 -0.29097217321395874 -0.4586038887500763 0.8869404792785645 0.05494585633277893 0.33372214436531067 0.49089887738227844 0.20131441950798035 0.8476383686065674 -0.2926536202430725
1305031455.191655 0.7512050867080688 0.40818485617637634 -0.5187253952026367 -0.301718145608902 -0.44661325216293335 0.8929784893989563 0.05591042712330818 0.343146413564682 0.4860323369503021 0.18966946005821228 0.8531107306480408 -0.2966151535511017
1305031455.227581 0.7600663304328918 0.3989724814891815 -0.5129523277282715 -0.31034189462661743 -0.4361381232738495 0.8983478546142578 0.052484750747680664 0.34954577684402466 0.481749564409256 0.18382620811462402 0.8568111658096313 -0.3010917603969574
1305031455.259631 0.7713072896003723 0.3886491358280182 -0.5040207505226135 -0.3174048066139221 -0.4230594038963318 0.9047098159790039 0.05020815134048462 0.36285513639450073 0.4755058288574219 0.17450480163097382 0.8622308969497681 -0.30569446086883545
1305031455.291831 0.7863931059837341 0.3784061074256897 -0.4882568120956421 -0.3314489722251892 -0.403769314289093 0.9130632877349854 0.05732100456953049 0.369521826505661 0.4674999713897705 0.15206626057624817 0.8708154559135437 -0.3117736876010895
1305031455.327766 0.7979955077171326 0.36142152547836304 -0.4822630286216736 -0.34309521317481995 -0.3808581233024597 0.9226042628288269 0.061223942786455154 0.3783157467842102 0.4670655131340027 0.13481736183166504 0.8738844394683838 -0.3154696524143219
1305031455.35963 0.8060564398765564 0.3537862300872803 -0.47445592284202576 -0.34986165165901184 -0.3646547794342041 0.9283012747764587 0.07268942147493362 0.3881937265396118 0.4661545157432556 0.11442079395055771 0.8772729635238647 -0.3233821392059326
1305031455.391665 0.8186264038085938 0.3465307652950287 -0.4580036401748657 -0.36211061477661133 -0.34599974751472473 0.9340707659721375 0.08829570561647415 0.388764888048172 0.45840492844581604 0.08618791401386261 0.8845545053482056 -0.32420650124549866
1305031455.427642 0.8334982395172119 0.33334222435951233 -0.44064003229141235 -0.3777915835380554 -0.32650092244148254 0.9405207633972168 0.0939028412103653 0.39350804686546326 0.44573283195495605 0.06560149788856506 0.8927590250968933 -0.33275657892227173
1305031455.459589 0.8439134359359741 0.32058975100517273 -0.4301537871360779 -0.3930700421333313 -0.30992746353149414 0.9458131194114685 0.09686309099197388 0.3964802026748657 0.43789833784103394 0.05157240480184555 0.8975440263748169 -0.34153565764427185
1305031455.491637 0.8545835018157959 0.3016466498374939 -0.4227249026298523 -0.40523219108581543 -0.2873404920101166 0.9527048468589783 0.0989387184381485 0.4015822112560272 0.43257659673690796 0.03691456466913223 0.9008411765098572 -0.34789422154426575
1305031455.52761 0.8682128190994263 0.2799260914325714 -0.40969252586364746 -0.4269358217716217 -0.26327818632125854 0.9597475528717041 0.09782184660434723 0.4056103527545929 0.4205843210220337 0.022932924330234528 0.906963586807251 -0.3585227429866791
1305031455.559669 0.8763316869735718 0.2551513612270355 -0.40858379006385803 -0.44473379850387573 -0.23720507323741913 0.9668044447898865 0.09498926252126694 0.4094328284263611 0.4192572832107544 0.013676062226295471 0.9077644944190979 -0.3690931797027588
1305031455.591645 0.8837270736694336 0.2291390299797058 -0.40807077288627625 -0.4600164592266083 -0.20909324288368225 0.973390519618988 0.0937592014670372 0.4133749008178711 0.4186961352825165 0.002467298647388816 0.9081230163574219 -0.3834221363067627
1305031455.627617 0.8908238410949707 0.2078636884689331 -0.40401196479797363 -0.47691407799720764 -0.18265241384506226 0.9780318140983582 0.10045777261257172 0.4086845815181732 0.4160180985927582 -0.015696410089731216 0.9092208743095398 -0.3887789845466614
1305031455.659615 0.8965705037117004 0.1967053860425949 -0.396822988986969 -0.4967900812625885 -0.17263275384902954 0.98030686378479 0.09589722752571106 0.4029994606971741 0.407871812582016 -0.0174739770591259 0.9128718972206116 -0.4018945097923279
1305031455.691605 0.8990836143493652 0.1973973512649536 -0.3907466530799866 -0.514474630355835 -0.17659807205200195 0.9802629947662354 0.08886800706386566 0.40353521704673767 0.40057680010795593 -0.010894693434238434 0.9161983728408813 -0.4146350622177124
1305031455.727628 0.8997192978858948 0.20683489739894867 -0.3843495547771454 -0.5283703207969666 -0.1876826137304306 0.9783557057380676 0.08715087920427322 0.40060141682624817 0.3940564692020416 -0.006275604013353586 0.9190648198127747 -0.42521244287490845
1305031455.759683 0.9042238593101501 0.2112712413072586 -0.37113845348358154 -0.5444804430007935 -0.19365106523036957 0.9774165153503418 0.08459387719631195 0.3979891836643219 0.3806290626525879 -0.004620443098247051 0.9247162342071533 -0.4385685622692108
1305031455.791666 0.9101710319519043 0.21042586863040924 -0.3568047881126404 -0.5663395524024963 -0.1953914761543274 0.977608859539032 0.07812262326478958 0.394543319940567 0.36525458097457886 -0.0013883206993341446 0.9309066534042358 -0.4482889771461487
1305031455.82759 0.9137548804283142 0.20915724337100983 -0.34828901290893555 -0.5834189653396606 -0.19674040377140045 0.9778754711151123 0.07108242809772491 0.39328914880752563 0.35545071959495544 0.0035706041380763054 0.9346882104873657 -0.46294456720352173
1305031455.859526 0.9152607321739197 0.21231210231781006 -0.342376172542572 -0.5980253219604492 -0.200461745262146 0.9771916270256042 0.07008320838212967 0.39032939076423645 0.349446564912796 0.004488916601985693 0.9369455575942993 -0.47683197259902954
1305031455.891657 0.9174858927726746 0.2120223492383957 -0.33655044436454773 -0.6094600558280945 -0.19947536289691925 0.9772640466690063 0.07186441868543625 0.384047269821167 0.3441355228424072 0.0011989250779151917 0.938919186592102 -0.4874715507030487
1305031455.927955 0.9200957417488098 0.21504399180412292 -0.32738348841667175 -0.6230162382125854 -0.20200377702713013 0.9766028523445129 0.07376588881015778 0.37851187586784363 0.3355865776538849 -0.001738972612656653 0.9420077204704285 -0.49799901247024536
1305031455.959716 0.9220981597900391 0.2192944586277008 -0.31881818175315857 -0.634748637676239 -0.20764054358005524 0.9756579995155334 0.07054642587900162 0.3789777457714081 0.32652798295021057 0.0011488581076264381 0.9451868534088135 -0.5094916820526123
1305031455.991694 0.9245145320892334 0.2235289365053177 -0.3087194561958313 -0.6445790529251099 -0.21104498207569122 0.974692702293396 0.07371696829795837 0.37661948800086975 0.31738442182540894 -0.002998724114149809 0.9482922554016113 -0.5183957815170288
1305031456.02777 0.9267292618751526 0.23230689764022827 -0.29530709981918335 -0.653830885887146 -0.21934930980205536 0.9726216793060303 0.0767650380730629 0.38413000106811523 0.3050551116466522 -0.006365001667290926 0.9523133635520935 -0.5280488729476929
1305031456.059713 0.9273176193237305 0.2513851523399353 -0.2772861123085022 -0.6711916923522949 -0.23218458890914917 0.9674553871154785 0.10060035437345505 0.3728626072406769 0.29355138540267944 -0.028906919062137604 0.9555061459541321 -0.5341557264328003
1305031456.091707 0.9280754327774048 0.26374009251594543 -0.26290154457092285 -0.6870322227478027 -0.24169039726257324 0.9636854529380798 0.11356176435947418 0.36366355419158936 0.2833051383495331 -0.04185311496257782 0.9581161737442017 -0.5400832891464233
1305031456.127645 0.9301828742027283 0.2672666609287262 -0.25165173411369324 -0.7000508308410645 -0.24482594430446625 0.9624547362327576 0.11722234636545181 0.35619843006134033 0.27353301644325256 -0.047427333891391754 0.9606926441192627 -0.5457895994186401
1305031456.159731 0.9320858716964722 0.2678038775920868 -0.24392017722129822 -0.7047786712646484 -0.24428901076316833 0.9619195461273193 0.12261171638965607 0.3426379859447479 0.2674674689769745 -0.054697632789611816 0.9620131850242615 -0.5470107793807983
1305031456.191658 0.9376162886619568 0.2628679871559143 -0.2275436520576477 -0.7181189656257629 -0.24286362528800964 0.963530421257019 0.11236706376075745 0.33345305919647217 0.2487829625606537 -0.05009511485695839 0.967262864112854 -0.5474973320960999
1305031456.227678 0.9443867206573486 0.25434741377830505 -0.20842550694942474 -0.7272664904594421 -0.23909267783164978 0.9662582874298096 0.09581044316291809 0.34189531207084656 0.2257620245218277 -0.04064910113811493 0.9733340740203857 -0.552836537361145
1305031456.291675 0.9572393298149109 0.23987144231796265 -0.16172346472740173 -0.7542084455490112 -0.22715458273887634 0.9693810939788818 0.09327959269285202 0.321318656206131 0.17914676666259766 -0.0525546595454216 0.9824175834655762 -0.5501145124435425
1305031456.327718 0.9634926915168762 0.22695890069007874 -0.1420266032218933 -0.765785813331604 -0.21701371669769287 0.9727028012275696 0.08218492567539215 0.3147568106651306 0.15680229663848877 -0.0483628585934639 0.9864451885223389 -0.5484620332717896
1305031456.391619 0.973679780960083 0.2079157531261444 -0.09337392449378967 -0.7888657450675964 -0.2021489143371582 0.9770208597183228 0.0675741583108902 0.3072127401828766 0.10527803003787994 -0.04692014306783676 0.9933353066444397 -0.5419047474861145
1305031456.427662 0.9790566563606262 0.19128462672233582 -0.06970095634460449 -0.8073487281799316 -0.18854133784770966 0.9810757637023926 0.04407476633787155 0.31665217876434326 0.0768127590417862 -0.030010193586349487 0.9965937733650208 -0.5365955829620361
1305031456.491677 0.9848811030387878 0.1671367585659027 -0.04554516077041626 -0.8493655323982239 -0.16507644951343536 0.9852175712585449 0.0457860566675663 0.33289965987205505 0.052524421364068985 -0.03757539391517639 0.9979124665260315 -0.525197446346283
1305031456.527641 0.986479640007019 0.15714962780475616 -0.04649517312645912 -0.8619999885559082 -0.15441052615642548 0.9863265752792358 0.057597097009420395 0.3328823447227478 0.05491077899932861 -0.049639031291007996 0.9972565770149231 -0.5153756141662598
1305031456.591651 0.990364134311676 0.1330835521221161 -0.038309983909130096 -0.8816639184951782 -0.13072176277637482 0.9896808862686157 0.05868212878704071 0.33714139461517334 0.0457242876291275 -0.05310872942209244 0.9975413680076599 -0.4967532157897949
1305031456.627612 0.9922561645507812 0.12064449489116669 -0.029538119211792946 -0.8876633644104004 -0.11801286041736603 0.9898865818977356 0.07872431725263596 0.3483922481536865 0.038737036287784576 -0.0746288001537323 0.9964587688446045 -0.4880567789077759
1305031456.691612 0.9961602091789246 0.0875299945473671 0.0017881393432617188 -0.9270532727241516 -0.08722739666700363 0.9905558228492737 0.10578618943691254 0.3318025469779968 0.007488209754228592 -0.10553597658872604 0.9943873286247253 -0.4653298854827881
1305031456.727693 0.9977906346321106 0.06613606214523315 0.006298191845417023 -0.9429877996444702 -0.06642743200063705 0.991721510887146 0.1098899394273758 0.3456505239009857 0.0010216347873210907 -0.11006554216146469 0.9939237236976624 -0.45758894085884094
1305031456.791649 0.9991422891616821 0.040733370929956436 -0.007444427814334631 -0.9769822955131531 -0.03959764540195465 0.9924691915512085 0.11591748148202896 0.33951300382614136 0.012110074050724506 -0.11552327871322632 0.993230938911438 -0.4338859021663666
1305031456.827603 0.9995278716087341 0.025428952649235725 -0.017239460721611977 -0.9825124740600586 -0.023354168981313705 0.9935007095336914 0.11140388995409012 0.357139527797699 0.019960302859544754 -0.11094868928194046 0.9936257004737854 -0.42337948083877563
1305031456.891672 0.9999344348907471 0.0021429769694805145 -0.011238999664783478 -1.0012128353118896 -0.0006189432460814714 0.9909961819648743 0.13388870656490326 0.3495965898036957 0.011424723081290722 -0.13387298583984375 0.9909326434135437 -0.39862698316574097
1305031456.92769 0.9999271035194397 -0.011969237588346004 0.001597562339156866 -1.0134317874908447 0.01168747991323471 0.9925623536109924 0.12117446959018707 0.3568604588508606 -0.0030360473319888115 -0.12114696204662323 0.992629885673523 -0.3916093111038208
1305031456.959667 0.9995949864387512 -0.02697243168950081 0.009078802540898323 -1.020605206489563 0.02573179081082344 0.9928504228591919 0.11655906587839127 0.3737136423587799 -0.01215777825564146 -0.11627823859453201 0.9931422472000122 -0.38613736629486084
1305031456.991709 0.9992572665214539 -0.029699305072426796 0.024554280564188957 -1.0381746292114258 0.02608373388648033 0.9903201460838318 0.13632898032665253 0.368642657995224 -0.028365476056933403 -0.13558728992938995 0.9903592467308044 -0.37675803899765015
1305031457.027648 0.9986855983734131 -0.03831430524587631 0.034045714884996414 -1.0508112907409668 0.03320196643471718 0.9896271824836731 0.1397695392370224 0.3691045939922333 -0.039047740399837494 -0.13845543563365936 0.9895985126495361 -0.3715713322162628
1305031457.091655 0.996708869934082 -0.06033002585172653 0.054144684225320816 -1.073959231376648 0.050735149532556534 0.98518967628479 0.16378973424434662 0.37441617250442505 -0.06322422623634338 -0.16050367057323456 0.985008180141449 -0.36722636222839355
1305031457.127632 0.9951675534248352 -0.07187134772539139 0.06690292060375214 -1.0854755640029907 0.05922911316156387 0.9828227162361145 0.17478913068771362 0.3655824661254883 -0.07831604778766632 -0.16998188197612762 0.9823302626609802 -0.36391082406044006
1305031457.191735 0.9901551604270935 -0.09866314381361008 0.0992901399731636 -1.1150356531143188 0.0811055600643158 0.9825282692909241 0.16751137375831604 0.3704807758331299 -0.11408257484436035 -0.15780925750732422 0.9808574914932251 -0.37198641896247864
1305031457.227543 0.9872860908508301 -0.11171762645244598 0.11307267844676971 -1.1299378871917725 0.0903497189283371 0.9796810746192932 0.17905843257904053 0.3651043772697449 -0.13077914714813232 -0.16656580567359924 0.9773191213607788 -0.37410587072372437
1305031457.291656 0.980124831199646 -0.1375107765197754 0.14298996329307556 -1.1541697978973389 0.11297815293073654 0.979386031627655 0.16744841635227203 0.352862149477005 -0.16306833922863007 -0.14796558022499084 0.975456178188324 -0.38485628366470337
1305031457.327548 0.9753663539886475 -0.14688640832901 0.164574533700943 -1.170725703239441 0.12023861706256866 0.9795005917549133 0.16162055730819702 0.355826199054718 -0.18494072556495667 -0.13785101473331451 0.9730333685874939 -0.39384061098098755
1305031457.391684 0.9616169333457947 -0.1759631484746933 0.21054670214653015 -1.2021710872650146 0.14328782260417938 0.9764000773429871 0.16159090399742126 0.3403771221637726 -0.23401190340518951 -0.12521976232528687 0.964136004447937 -0.4075462818145752
1305031457.427641 0.9543290138244629 -0.190536230802536 0.23011335730552673 -1.225291132926941 0.15698161721229553 0.9751405119895935 0.15639011561870575 0.34004291892051697 -0.2541908025741577 -0.11312402784824371 0.9605154395103455 -0.41632384061813354
1305031457.491705 0.9477773308753967 -0.20892928540706635 0.2409706562757492 -1.255110263824463 0.173598051071167 0.971770703792572 0.15976668894290924 0.3239488899707794 -0.267548143863678 -0.10959118604660034 0.9572919011116028 -0.4300781488418579
1305031457.527638 0.9445739984512329 -0.21300897002220154 0.2498142123222351 -1.2701042890548706 0.1781504601240158 0.9717259407043457 0.15495531260967255 0.31615930795669556 -0.2757578194141388 -0.10186223685741425 0.9558147192001343 -0.4381978511810303
1305031457.559685 0.9403448104858398 -0.21840830147266388 0.26086288690567017 -1.2856403589248657 0.18485695123672485 0.9716817736625671 0.14718130230903625 0.31340017914772034 -0.28562137484550476 -0.09017884731292725 0.9540902376174927 -0.44723713397979736
1305031457.591678 0.9349160194396973 -0.22375991940498352 0.27543333172798157 -1.3081567287445068 0.19083233177661896 0.9713857769966125 0.14139540493488312 0.3117569088935852 -0.2991906702518463 -0.07963121682405472 0.9508647918701172 -0.45363640785217285
1305031457.627526 0.9326971769332886 -0.23145341873168945 0.27659595012664795 -1.319770336151123 0.1974111646413803 0.969455361366272 0.14555129408836365 0.2992151379585266 -0.301835834980011 -0.08115213364362717 0.9498997330665588 -0.4587978422641754
1305031457.659632 0.9284442663192749 -0.23585860431194305 0.28698763251304626 -1.3423067331314087 0.2041676789522171 0.9694153070449829 0.13619625568389893 0.3025662302970886 -0.31033334136009216 -0.06785702705383301 0.9482027888298035 -0.46696412563323975
1305031457.69157 0.9264404773712158 -0.2433040738105774 0.28724756836891174 -1.3572133779525757 0.2079225331544876 0.9668335318565369 0.14832746982574463 0.2951046824455261 -0.313809335231781 -0.07769133150577545 0.9463021755218506 -0.47070494294166565
1305031457.727669 0.9260851740837097 -0.24320177733898163 0.28847736120224 -1.368132472038269 0.20438741147518158 0.9660114645957947 0.15826398134231567 0.27543091773986816 -0.31716257333755493 -0.08760476857423782 0.9443162679672241 -0.4727245271205902
1305031457.759556 0.9256607294082642 -0.23996716737747192 0.2925203740596771 -1.3805755376815796 0.20284999907016754 0.9673897624015808 0.1516871154308319 0.2669276297092438 -0.31938114762306213 -0.08107303828001022 0.9441518783569336 -0.47821366786956787
1305031457.791567 0.9237473011016846 -0.2370140701532364 0.3008575737476349 -1.3875752687454224 0.20208542048931122 0.9688990712165833 0.14281462132930756 0.24817338585853577 -0.3253497779369354 -0.07112570106983185 0.9429149627685547 -0.4818042814731598
1305031457.827699 0.9180861711502075 -0.23338140547275543 0.3203919529914856 -1.4037508964538574 0.20452335476875305 0.9712978005409241 0.1214536502957344 0.25079548358917236 -0.3395410478115082 -0.045977283269166946 0.9394668340682983 -0.48999932408332825
1305031457.859623 0.9120365381240845 -0.2340029776096344 0.3367963135242462 -1.417465090751648 0.20437848567962646 0.9713324308395386 0.12142052501440048 0.23927539587020874 -0.35555389523506165 -0.04190605878829956 0.9337158203125 -0.4934355616569519
1305031457.891593 0.9058858752250671 -0.2350960671901703 0.3522792160511017 -1.431135654449463 0.20772600173950195 0.9715014100074768 0.11417114734649658 0.21840986609458923 -0.36908093094825745 -0.030248474329710007 0.9289048314094543 -0.4936073124408722
1305031457.927633 0.8987915515899658 -0.23356133699417114 0.37097564339637756 -1.455708384513855 0.21646279096603394 0.972341001033783 0.08773168921470642 0.21614906191825867 -0.3812054991722107 0.001449917908757925 0.9244892001152039 -0.4920995831489563
1305031457.991644 0.8940780162811279 -0.2372300773859024 0.37992963194847107 -1.4828386306762695 0.22824427485466003 0.9711372256278992 0.0692620724439621 0.19926144182682037 -0.38539478182792664 0.024791071191430092 0.9224187135696411 -0.4888710081577301
1305031458.027845 0.8901364207267761 -0.23305414617061615 0.3915903568267822 -1.4959808588027954 0.23057880997657776 0.9715496897697449 0.05407976359128952 0.188487708568573 -0.3930530250072479 0.04215407744050026 0.9185490608215332 -0.48325273394584656
1305031458.059689 0.8847959637641907 -0.23307667672634125 0.403499037027359 -1.5093493461608887 0.23996560275554657 0.9701783061027527 0.0342140719294548 0.1969810128211975 -0.39944055676460266 0.06655339896678925 0.9143401980400085 -0.47949644923210144
1305031458.09169 0.8799147605895996 -0.23533184826374054 0.41275787353515625 -1.525402307510376 0.24169549345970154 0.9696241021156311 0.03758138045668602 0.19317983090877533 -0.4090641140937805 0.06669332832098007 0.910065233707428 -0.4726516008377075
1305031458.127605 0.8748970031738281 -0.23795917630195618 0.42181822657585144 -1.541532278060913 0.24218465387821198 0.9692118167877197 0.04444146528840065 0.1810571253299713 -0.4194064736366272 0.06327619403600693 0.9055905938148499 -0.46156758069992065
1305031458.159638 0.8702099919319153 -0.24029457569122314 0.43010830879211426 -1.5584453344345093 0.24537038803100586 0.9684033989906311 0.044589560478925705 0.1709928810596466 -0.4272329807281494 0.06673355400562286 0.9016755223274231 -0.44661378860473633
1305031458.191646 0.8662590384483337 -0.24670195579528809 0.4344346523284912 -1.5784564018249512 0.2537127733230591 0.9663300514221191 0.04284779727458954 0.1739601492881775 -0.43037790060043335 0.07310432940721512 0.8996837139129639 -0.43134963512420654
1305031458.227611 0.8660281896591187 -0.25328847765922546 0.43109163641929626 -1.5968399047851562 0.25354090332984924 0.9655849933624268 0.05798761546611786 0.16670408844947815 -0.43094325065612793 0.059080470353364944 0.9004429578781128 -0.41762322187423706
1305031458.259934 0.8671382665634155 -0.25401774048805237 0.4284227788448334 -1.607973337173462 0.2467232048511505 0.9662905931472778 0.07355310767889023 0.1336333155632019 -0.432664692401886 0.04192110151052475 0.9005798101425171 -0.39974236488342285
1305031458.291664 0.8683302402496338 -0.24520014226436615 0.4311373829841614 -1.6307549476623535 0.24702079594135284 0.9675719141960144 0.0527748167514801 0.13296377658843994 -0.43009692430496216 0.06067391857504845 0.9007415771484375 -0.37840205430984497
1305031458.327628 0.8715303540229797 -0.24837489426136017 0.42278221249580383 -1.6426301002502441 0.2520015239715576 0.966519296169281 0.048327911645174026 0.12897628545761108 -0.42063063383102417 0.06442251801490784 0.9049417972564697 -0.36335819959640503
1305031458.35959 0.873995840549469 -0.24497267603874207 0.4196661710739136 -1.6507911682128906 0.252916544675827 0.9667569398880005 0.03760383278131485 0.11180572211742401 -0.4149271547794342 0.07327493280172348 0.9068992733955383 -0.3376923203468323
1305031458.391626 0.874243974685669 -0.24827149510383606 0.4172031581401825 -1.6596421003341675 0.2673221528530121 0.9635167717933655 0.013204380869865417 0.1115034893155098 -0.40526047348976135 0.099983811378479 0.9087173342704773 -0.33006685972213745
1305031458.427598 0.8706381320953369 -0.2594912350177765 0.41791558265686035 -1.6623432636260986 0.28626400232315063 0.9581496715545654 -0.001437850296497345 0.11224528402090073 -0.400052547454834 0.12088602781295776 0.9084848165512085 -0.31749939918518066
1305031458.459637 0.864120602607727 -0.2687359154224396 0.4255307912826538 -1.6562221050262451 0.3024005889892578 0.9531033039093018 -0.01216711662709713 0.09179645031690598 -0.402305006980896 0.13919459283351898 0.9048621654510498 -0.30513954162597656
1305031458.491696 0.8561243414878845 -0.2547535002231598 0.4496130347251892 -1.6564773321151733 0.3068721294403076 0.9506539702415466 -0.04567977041006088 0.08428627252578735 -0.41578927636146545 0.17708124220371246 0.8920546770095825 -0.2885826826095581
1305031458.527737 0.8462188839912415 -0.23308981955051422 0.4791477918624878 -1.6726412773132324 0.31133243441581726 0.9460666179656982 -0.0896109864115715 0.10781000554561615 -0.4324183166027069 0.22500476241111755 0.8731479644775391 -0.2672063112258911
1305031458.559628 0.8405309319496155 -0.22441594302654266 0.4930975139141083 -1.6713508367538452 0.3125084638595581 0.9443225264549255 -0.10292486101388931 0.1119227334856987 -0.4425450563430786 0.24060869216918945 0.8638641834259033 -0.25170832872390747
1305031458.591641 0.8352991938591003 -0.20178166031837463 0.5114287734031677 -1.6827905178070068 0.3034345209598541 0.9449087977409363 -0.12278029322624207 0.11377225816249847 -0.45847874879837036 0.2577434182167053 0.8505090475082397 -0.22075515985488892
1305031458.627659 0.8373567461967468 -0.18801185488700867 0.5133082270622253 -1.6914159059524536 0.2978653013706207 0.9442802667617798 -0.14003986120224 0.1421542912721634 -0.4583775997161865 0.2701600193977356 0.8467016220092773 -0.1980891227722168
1305031458.659623 0.8366925716400146 -0.19383452832698822 0.5122243165969849 -1.7076897621154785 0.29733026027679443 0.9462081789970398 -0.1276124119758606 0.14245326817035675 -0.45993512868881226 0.2590721845626831 0.8493181467056274 -0.17117881774902344
1305031458.691674 0.8518993258476257 -0.18025453388690948 0.49170708656311035 -1.7159596681594849 0.27682098746299744 0.9520041346549988 -0.13060738146305084 0.15550069510936737 -0.4445646107196808 0.24737918376922607 0.8609098792076111 -0.14064544439315796
1305031458.72765 0.8710578680038452 -0.17212410271167755 0.46003425121307373 -1.7010455131530762 0.2585197985172272 0.957024335861206 -0.13142235577106476 0.1481841802597046 -0.4176430106163025 0.23340445756912231 0.8781210780143738 -0.12069618701934814
1305031458.759945 0.8871397972106934 -0.14676669239997864 0.43754148483276367 -1.7082046270370483 0.23509246110916138 0.9595682621002197 -0.15479038655757904 0.15746232867240906 -0.39713287353515625 0.24018341302871704 0.885775089263916 -0.09747046232223511
1305031458.791632 0.9068209528923035 -0.1335383802652359 0.3998040556907654 -1.6945321559906006 0.21532447636127472 0.9621532559394836 -0.1670226901769638 0.1748361438512802 -0.3623688817024231 0.23754727840423584 0.9012547135353088 -0.08710366487503052
1305031458.827564 0.9139946103096008 -0.1327170878648758 0.38340574502944946 -1.6896753311157227 0.2071411907672882 0.96518874168396 -0.15969735383987427 0.17601443827152252 -0.34886443614959717 0.22538164258003235 0.9096684455871582 -0.07220834493637085
1305031458.891665 0.9222871661186218 -0.11993546038866043 0.3674260973930359 -1.6726293563842773 0.1934705525636673 0.9662231802940369 -0.170241117477417 0.16560164093971252 -0.3345976769924164 0.2280973345041275 0.9143391251564026 -0.05793827772140503
1305031458.927621 0.9170465469360352 -0.12956209480762482 0.37714624404907227 -1.6809712648391724 0.20496496558189392 0.9644038677215576 -0.1670764982700348 0.17131000757217407 -0.34207454323768616 0.23051868379116058 0.9109588861465454 -0.061418116092681885
1305031458.959617 0.9067505598068237 -0.15853051841259003 0.3907318711280823 -1.6867709159851074 0.23044857382774353 0.9623181819915771 -0.1443513035774231 0.16085806488990784 -0.3531242907047272 0.22093422710895538 0.9091155529022217 -0.05085676908493042
1305031458.991647 0.8996138572692871 -0.16569344699382782 0.40403035283088684 -1.6982994079589844 0.23686254024505615 0.9624379277229309 -0.13270100951194763 0.1297927349805832 -0.3668663799762726 0.21507933735847473 0.9050689339637756 -0.039557814598083496
1305031459.027665 0.8971672058105469 -0.15468843281269073 0.4137178063392639 -1.7247958183288574 0.23681263625621796 0.959123432636261 -0.154925137758255 0.1263299286365509 -0.37284135818481445 0.2369673103094101 0.8971263766288757 -0.01857072114944458
