0.0 1.0 0.0 0.0 0.0 0.0 1.0 0.0 0.0 0.0 0.0 1.0 0.0
0.1033914 0.9999986886978149 0.00047739301226101816 0.0015349729219451547 -0.0026584428269416094 -0.00047055649338290095 0.9999899864196777 -0.0044511184096336365 -0.002371487207710743 -0.0015370824839919806 0.0044503905810415745 0.9999889135360718 0.9720095992088318
0.2071056 0.9999960660934448 -0.0019373471150174737 0.0020237413700670004 0.003369320882484317 0.0019475240260362625 0.99998539686203 -0.005038923118263483 -0.0027393363416194916 -0.002013949677348137 0.0050428444519639015 0.9999852776527405 1.938683271408081
0.3102615 0.999993085861206 -0.0029103339184075594 0.0023228246718645096 -0.0007751951925456524 0.0029131874907761812 0.9999949932098389 -0.0012262713862583041 -0.001119205728173256 -0.002319243736565113 0.0012330296449363232 0.999996542930603 2.904144763946533
0.4136209 0.9999830722808838 -0.005579964257776737 0.0015995411667972803 0.0028201506938785315 0.005572188645601273 0.999972939491272 0.00482447724789381 -0.003505060449242592 -0.0016264183213934302 -0.004815483465790749 0.9999870657920837 3.8725180625915527
0.5179293 0.9999604821205139 -0.008876989595592022 -1.590559259057045e-05 0.011898956261575222 0.008876966312527657 0.9999495148658752 0.004712886177003384 0.003819059580564499 -2.593151293694973e-05 -0.004712841939181089 0.999988853931427 4.829366207122803
0.6203887 0.9999294877052307 -0.011820241808891296 -0.0011152398074045777 0.01542065478861332 0.011822408996522427 0.9999281167984009 0.0019574721809476614 0.004339991137385368 0.0010920221684500575 -0.0019705193117260933 0.9999974370002747 5.782200813293457
0.7242193 0.9999197125434875 -0.012458555400371552 -0.0022964817471802235 0.016173701733350754 0.012455252930521965 0.9999213218688965 -0.0014472799375653267 0.008020788431167603 0.0023143324069678783 0.0014185607433319092 0.9999963045120239 6.728147029876709
0.8272107 0.9999257922172546 -0.011940889991819859 -0.002455491339787841 0.001964149996638298 0.011935698799788952 0.9999264478683472 -0.0021189856342971325 0.008327635005116463 0.0024806137662380934 0.002089519752189517 0.9999947547912598 7.686131954193115
0.930557 0.9999268651008606 -0.011578375473618507 -0.0034813000820577145 -0.003837771713733673 0.011578437872231007 0.9999330043792725 -2.380460500717163e-06 0.006742902100086212 0.0034810947254300117 -3.792787902057171e-05 0.9999939203262329 8.632386207580566
1.03407 0.999925971031189 -0.01129258330911398 -0.0045174104161560535 -0.009763553738594055 0.011306462809443474 0.9999313950538635 0.003059319220483303 0.004384186118841171 0.004482553340494633 -0.0031101692002266645 0.9999850988388062 9.584665298461914
1.137438 0.9999175667762756 -0.011629058048129082 -0.005447099916636944 -0.013269603252410889 0.011651954613626003 0.9999233484268188 0.004191120620816946 0.009006626904010773 0.005397943779826164 -0.004254245199263096 0.999976396560669 10.528979301452637
1.244258 0.9999017715454102 -0.01256093941628933 -0.0062140896916389465 -0.01922563463449478 0.012591601349413395 0.9999086260795593 0.004920390900224447 0.01603592559695244 0.006151717621833086 -0.004998152144253254 0.9999686479568481 11.466452598571777
1.344229 0.9998944997787476 -0.012861205264925957 -0.006749821361154318 -0.030100323259830475 0.01289483904838562 0.9999045133590698 0.004963249899446964 0.016630612313747406 0.006685344502329826 -0.00504976324737072 0.9999648928642273 12.407933235168457
1.447568 0.9998881220817566 -0.013113636523485184 -0.0071869189850986 -0.03994243964552879 0.013141353614628315 0.9999062418937683 0.0038230030331760645 0.01523590087890625 0.007136112079024315 -0.003917021676898003 0.9999668002128601 13.32393741607666
1.551083 0.9998686909675598 -0.013743860647082329 -0.008577145636081696 -0.05330773442983627 0.013760101981461048 0.9999036192893982 0.0018373711500316858 0.01987450011074543 0.008551066741347313 -0.0019551520235836506 0.9999614953994751 14.254131317138672
1.654521 0.9998322129249573 -0.01512954942882061 -0.010318762622773647 -0.06835298985242844 0.015131411142647266 0.9998854994773865 0.00010220473632216454 0.029740817844867706 0.010316033847630024 -0.00025832498795352876 0.9999467730522156 15.18844985961914
1.757843 0.9998165369033813 -0.014887006022036076 -0.012049955315887928 -0.07904262840747833 0.014880925416946411 0.9998890161514282 -0.0005941903218626976 0.03290138021111488 0.012057464569807053 0.000414766778703779 0.9999272227287292 16.11122703552246
1.861353 0.9998127818107605 -0.013760405592620373 -0.013601941056549549 -0.10082407295703888 0.013742108829319477 0.9999045729637146 -0.0014377869665622711 0.032369956374168396 0.013620427809655666 0.001250598463229835 0.9999064803123474 17.03652000427246
1.964724 0.9998241662979126 -0.011915997602045536 -0.014476267620921135 -0.13160713016986847 0.011900745332241058 0.9999285340309143 -0.0011391945881769061 0.028542889282107353 0.014488806948065758 0.0009667162084951997 0.9998946189880371 17.94696044921875
2.068236 0.9997851252555847 -0.01260397769510746 -0.016464952379465103 -0.14097417891025543 0.012604648247361183 0.9999205470085144 -6.30563881713897e-05 0.02203802950680256 0.016464438289403915 -0.00014449210721068084 0.999864399433136 18.8525390625
2.17162 0.9997711777687073 -0.011835276149213314 -0.017819274216890335 -0.16131694614887238 0.011871043592691422 0.9999276995658875 0.001902687712572515 0.015543995425105095 0.017795465886592865 -0.002113785594701767 0.9998394250869751 19.759965896606445
2.275131 0.9997574090957642 -0.011267328634858131 -0.01892842724919319 -0.18707020580768585 0.011305148713290691 0.9999342560768127 0.0018922364106401801 0.02210862748324871 0.01890586130321026 -0.002105766674503684 0.9998190402984619 20.660778045654297
2.378626 0.9997087121009827 -0.012827743776142597 -0.020445697009563446 -0.21104508638381958 0.012860986404120922 0.999916136264801 0.0014951712219044566 0.02592831663787365 0.020424803718924522 -0.0017576878890395164 0.999789834022522 21.58017921447754
2.48201 0.9996744394302368 -0.01261631678789854 -0.022177938371896744 -0.2292535901069641 0.012642016634345055 0.999919593334198 0.0010189686436206102 0.02765565738081932 0.02216329798102379 -0.0012990107061341405 0.9997535347938538 22.454669952392578
2.585514 0.999639093875885 -0.012407217174768448 -0.023827334865927696 -0.2468268871307373 0.012440881691873074 0.9999217987060547 0.0012651296565309167 0.030413132160902023 0.023809771984815598 -0.0015611061826348305 0.9997153282165527 23.34166145324707
2.689023 0.9996215105056763 -0.012113606557250023 -0.02470063976943493 -0.27390313148498535 0.012199214659631252 0.9999200701713562 0.0033180462196469307 0.03368562087416649 0.024658475071191788 -0.003618119051679969 0.9996894001960754 24.214143753051758
2.793694 0.9995974898338318 -0.013305746018886566 -0.025055691599845886 -0.29943615198135376 0.013456804677844048 0.9998922348022461 0.005869986955076456 0.0380622074007988 0.02497488260269165 -0.006204793695360422 0.9996688365936279 25.071197509765625
2.896139 0.999579906463623 -0.013432092033326626 -0.025683077052235603 -0.32157033681869507 0.013619235716760159 0.9998818635940552 0.00712569709867239 0.04480792582035065 0.025584330782294273 -0.007472488097846508 0.9996446967124939 25.922700881958008
2.999556 0.9995726346969604 -0.012606341391801834 -0.026376713067293167 -0.3500283360481262 0.012771878391504288 0.999899685382843 0.006116798147559166 0.04732920229434967 0.026296958327293396 -0.006451062858104706 0.9996333718299866 26.771486282348633
3.103545 0.9995566606521606 -0.011110369116067886 -0.02762310951948166 -0.3724237382411957 0.011214330792427063 0.9999305605888367 0.0036114954855293036 0.0473458468914032 0.027581065893173218 -0.00391966849565506 0.9996119141578674 27.59418487548828
3.206573 0.9995489716529846 -0.010685734450817108 -0.02806783653795719 -0.4007874131202698 0.010750808753073215 0.9999398589134216 0.00216855201870203 0.04985397681593895 0.028042972087860107 -0.002469325438141823 0.9996036887168884 28.409204483032227
3.310078 0.9995341897010803 -0.009463544934988022 -0.029014645144343376 -0.4296221137046814 0.009513774886727333 0.9999533891677856 0.0015936444979161024 0.054679207503795624 0.02899821102619171 -0.0018689404241740704 0.9995777010917664 29.213369369506836
3.413963 0.9994946718215942 -0.00917213037610054 -0.030435577034950256 -0.4528094232082367 0.00920931901782751 0.9999569654464722 0.0010818889131769538 0.05253671109676361 0.030424349009990692 -0.0013616333017125726 0.9995361566543579 30.026329040527344
3.517076 0.9994301199913025 -0.008785008452832699 -0.032594453543424606 -0.47911834716796875 0.008798839524388313 0.999961256980896 0.0002809006255120039 0.05297405272722244 0.032590728253126144 -0.0005675338907167315 0.9994686245918274 30.815969467163086
3.620721 0.9993694424629211 -0.008488262072205544 -0.03447680175304413 -0.5106779336929321 0.008505506440997124 0.9999638199806213 0.0003535717842169106 0.052529506385326385 0.03447255492210388 -0.0006465917686000466 0.9994054436683655 31.589929580688477
3.724674 0.9992733001708984 -0.009509393014013767 -0.036909978836774826 -0.5313906073570251 0.009567894041538239 0.9999532103538513 0.001408673939295113 0.054392293095588684 0.03689486160874367 -0.0017608009511604905 0.9993175864219666 32.37919235229492
3.827725 0.9992037415504456 -0.009366246871650219 -0.03878321498632431 -0.5650526285171509 0.009514979086816311 0.9999480843544006 0.0036521677393466234 0.05773411691188812 0.03874699026346207 -0.0040182811208069324 0.9992409348487854 33.1489372253418
3.931241 0.9991046786308289 -0.008499184623360634 -0.04144153371453285 -0.5846304297447205 0.008702524937689304 0.9999509453773499 0.004728850442916155 0.06560617685317993 0.041399307548999786 -0.005085263401269913 0.9991297125816345 33.91237258911133
4.034871 0.99906986951828 -0.006844065617769957 -0.04257429018616676 -0.6397780179977417 0.007084538694471121 0.9999597668647766 0.005500031169503927 0.05699536204338074 0.04253493621945381 -0.005796534474939108 0.9990781545639038 34.65858459472656
4.142151 0.9989956021308899 -0.0043238806538283825 -0.0445980466902256 -0.673695981502533 0.004535633139312267 0.9999789595603943 0.004647920373827219 0.06205248832702637 0.044577017426490784 -0.00484553212299943 0.9989942312240601 35.38692855834961
4.243437 0.9989091753959656 -0.002949186833575368 -0.04660266637802124 -0.7074797749519348 0.003133479505777359 0.9999874830245972 0.0038819911424070597 0.0637766644358635 0.04659063741564751 -0.004023784305900335 0.9989059567451477 36.1181755065918
4.345966 0.9988319873809814 -0.002747930120676756 -0.04823910444974899 -0.7465876340866089 0.0029910013545304537 0.9999831914901733 0.004967424087226391 0.06838749349117279 0.048224639147520065 -0.0051059057004749775 0.9988234639167786 36.82466125488281
4.449183 0.998785674571991 -0.0012972346739843488 -0.04924927279353142 -0.7841411828994751 0.0016170376911759377 0.9999778270721436 0.006454270798712969 0.07895614206790924 0.04923981428146362 -0.006526071112602949 0.9987655878067017 37.547569274902344
4.552519 0.9987809062004089 0.001401760266162455 -0.04934259131550789 -0.822385311126709 -0.0010583659168332815 0.9999750852584839 0.006984827574342489 0.08286170661449432 0.04935115575790405 -0.006924089975655079 0.9987574219703674 38.24641418457031
4.656235 0.9988164305686951 0.004441964440047741 -0.0484362468123436 -0.8608821630477905 -0.004192290361970663 0.9999772906303406 0.005255055148154497 0.08146511763334274 0.04845849797129631 -0.005045776255428791 0.9988124370574951 38.926273345947266
4.760815 0.9988977313041687 0.006057871039956808 -0.04654701426625252 -0.8996021151542664 -0.005960359238088131 0.9999797344207764 0.002233422128483653 0.07747189700603485 0.04655960947275162 -0.0019535236060619354 0.998913586139679 39.598365783691406
4.863788 0.9989874958992004 0.006678377278149128 -0.044489309191703796 -0.9275357127189636 -0.006659865379333496 0.9999775886535645 0.0005643075564876199 0.08205385506153107 0.04449208453297615 -0.00026744347997009754 0.9990096092224121 40.25971603393555
4.966824 0.9991130828857422 0.007665829733014107 -0.04140128195285797 -0.953803539276123 -0.007629308383911848 0.9999703168869019 0.0010400575120002031 0.08807286620140076 0.04140801355242729 -0.0007232720963656902 0.999142050743103 40.91625213623047
5.073257 0.9991816282272339 0.012598374858498573 -0.038436826318502426 -0.9867485761642456 -0.012458937242627144 0.9999149441719055 0.003865084145218134 0.08593002706766129 0.03848225250840187 -0.00338303972966969 0.999253511428833 41.586883544921875
5.174268 0.9992557764053345 0.01683133840560913 -0.0347072035074234 -1.0160809755325317 -0.01658305898308754 0.9998349547386169 0.007429085671901703 0.08633208274841309 0.03482651710510254 -0.006848005577921867 0.9993699193000793 42.219810485839844
5.277498 0.9993062019348145 0.02185388281941414 -0.03015875443816185 -1.0432167053222656 -0.021610097959637642 0.9997313022613525 0.00838575977832079 0.08925575017929077 0.030333910137414932 -0.007728208787739277 0.9995099902153015 42.83161544799805
5.381142 0.9993700981140137 0.02508113719522953 -0.025105217471718788 -1.0563013553619385 -0.02486850880086422 0.9996524453163147 0.0087461918592453 0.09242382645606995 0.025315862149000168 -0.008116355165839195 0.9996465444564819 43.42842483520508
5.484644 0.9993888139724731 0.029145972803235054 -0.019299589097499847 -1.0777777433395386 -0.028943205252289772 0.9995237588882446 0.010703609324991703 0.09359785914421082 0.01960236020386219 -0.010138476267457008 0.9997564554214478 44.03526306152344
5.588095 0.9993417263031006 0.033929046243429184 -0.012839362025260925 -1.0877784490585327 -0.03377751633524895 0.9993593692779541 0.011840690858662128 0.10005763173103333 0.013232875615358353 -0.011399216949939728 0.9998474717140198 44.59459686279297
5.691619 0.9992908835411072 0.03730602562427521 -0.00508465152233839 -1.1036856174468994 -0.03724615275859833 0.999241054058075 0.011401234194636345 0.10477152466773987 0.005506127141416073 -0.011203767731785774 0.9999220967292786 45.1357536315918
5.795223 0.9991869330406189 0.04028918594121933 0.0015467293560504913 -1.0981310606002808 -0.040304336696863174 0.999121367931366 0.011498413980007172 0.10537806153297424 -0.0010821111500263214 -0.011551406234502792 0.9999327063560486 45.66943359375
5.898736 0.9989596009254456 0.04479985311627388 0.008519681170582771 -1.091517448425293 -0.044891346246004105 0.9989327788352966 0.010869964957237244 0.11135098338127136 -0.008023615926504135 -0.011241117492318153 0.9999046325683594 46.19790267944336
6.002373 0.9986437559127808 0.04939251393079758 0.016463223844766617 -1.0916078090667725 -0.0495341494679451 0.9987378716468811 0.00830951426178217 0.11263588070869446 -0.016032017767429352 -0.009113735519349575 0.999829888343811 46.6823844909668
6.10587 0.99836665391922 0.051556218415498734 0.024620147421956062 -1.0847159624099731 -0.051697783172130585 0.9986495971679688 0.0051482068374753 0.11613324284553528 -0.024321474134922028 -0.006412604823708534 0.9996836185455322 47.13840866088867
6.209506 0.9981387853622437 0.0516376793384552 0.032440729439258575 -1.0666611194610596 -0.05181865766644478 0.9986451864242554 0.004762446507811546 0.11970022320747375 -0.03215085715055466 -0.006434619426727295 0.9994623064994812 47.57595443725586
6.313021 0.9978926181793213 0.05100875347852707 0.040103793144226074 -1.0441230535507202 -0.05130358040332794 0.9986628890037537 0.006356445141136646 0.11737020313739777 -0.03972593694925308 -0.008400519378483295 0.9991752505302429 47.99605941772461
6.416516 0.9974284172058105 0.052863121032714844 0.048395246267318726 -1.0262787342071533 -0.05326247215270996 0.9985560178756714 0.006998726166784763 0.11795920133590698 -0.04795539751648903 -0.009558378718793392 0.9988037347793579 48.38212966918945
6.524037 0.9967963695526123 0.05592905730009079 0.057175468653440475 -1.004124402999878 -0.05642019212245941 0.9983825087547302 0.00701091019436717 0.12222906947135925 -0.05669087544083595 -0.010214302688837051 0.9983395338058472 48.74515151977539
6.623722 0.9959875345230103 0.06044749170541763 0.06599316000938416 -0.9892945289611816 -0.0610022246837616 0.9981169700622559 0.006421692669391632 0.12238901853561401 -0.06548072397708893 -0.01042165420949459 0.9977993369102478 49.083194732666016
6.727294 0.9951196908950806 0.06445388495922089 0.07471596449613571 -0.9636027812957764 -0.06512479484081268 0.9978556036949158 0.006575811188668013 0.11733889579772949 -0.07413190603256226 -0.011409583501517773 0.997183084487915 49.39511489868164
6.830809 0.9944211840629578 0.0638437494635582 0.08396633714437485 -0.9288330078125 -0.06466434895992279 0.9978820085525513 0.007087246514856815 0.11854889988899231 -0.0833359882235527 -0.012477337382733822 0.9964433908462524 49.68953323364258
6.934429 0.9935533404350281 0.06262063980102539 0.09450037032365799 -0.8920998573303223 -0.06339958310127258 0.9979743361473083 0.00526017788797617 0.11991509795188904 -0.09397955238819122 -0.011217552237212658 0.9955108165740967 49.97205352783203
7.038067 0.9924194812774658 0.06155452877283096 0.10636907815933228 -0.8512892723083496 -0.062017593532800674 0.998074471950531 0.0010480772471055388 0.11059561371803284 -0.10609975457191467 -0.0076368870213627815 0.994326114654541 50.230873107910156
7.141701 0.9908686280250549 0.062324706465005875 0.11956121027469635 -0.8093681335449219 -0.06240583583712578 0.9980461597442627 -0.0030690610874444246 0.11235757172107697 -0.11951886862516403 -0.004420281387865543 0.9928221106529236 50.505470275878906
7.24533 0.9887622594833374 0.06418366730213165 0.13501811027526855 -0.7673616409301758 -0.06404802203178406 0.9979324340820312 -0.005352608393877745 0.11347085237503052 -0.13508252799510956 -0.0033551864326000214 0.9908286929130554 50.783203125
7.3533 0.9863124489784241 0.06558531522750854 0.1512824147939682 -0.7203588485717773 -0.06532654166221619 0.9978415369987488 -0.006685350090265274 0.11381706595420837 -0.1513943374156952 -0.00328891072422266 0.9884680509567261 51.047786712646484
7.452592 0.9834909439086914 0.06633459776639938 0.1683606505393982 -0.6667385101318359 -0.06589998304843903 0.9977927207946777 -0.008173756301403046 0.11726295948028564 -0.16853125393390656 -0.0030561492312699556 0.9856915473937988 51.31877136230469
7.55658 0.9802793264389038 0.065536268055439 0.18643324077129364 -0.6062917709350586 -0.06495631486177444 0.997845470905304 -0.009224418550729752 0.11169135570526123 -0.1866360753774643 -0.0030675095040351152 0.9824243187904358 51.57539749145508
7.663357 0.9765313863754272 0.06418585032224655 0.20558854937553406 -0.5346364974975586 -0.06353669613599777 0.997931718826294 -0.00976480357348919 0.11217299103736877 -0.20579011738300323 -0.0035267784260213375 0.9785897135734558 51.81486511230469
7.763356 0.9720337986946106 0.06495445221662521 0.2256794273853302 -0.45731353759765625 -0.06414683908224106 0.997880756855011 -0.010917728766798973 0.10736995935440063 -0.22591033577919006 -0.0038642208091914654 0.974140465259552 52.06727981567383
7.866988 0.9667845368385315 0.06687771528959274 0.2466880977153778 -0.3834218978881836 -0.0656522810459137 0.997755229473114 -0.013198817148804665 0.10222363471984863 -0.24701708555221558 -0.0034352256916463375 0.9690050482749939 52.313411712646484
7.970621 0.9606295824050903 0.06803109496831894 0.26937437057495117 -0.29477500915527344 -0.06637129932641983 0.9976780414581299 -0.01527573261409998 0.09684443473815918 -0.2697881758213043 -0.003204405540600419 0.9629144668579102 52.564918518066406
8.07425 0.9533355832099915 0.0694216936826706 0.29382288455963135 -0.20181846618652344 -0.06756022572517395 0.9975789189338684 -0.016493111848831177 0.093356192111969 -0.29425644874572754 -0.0041272700764238834 0.9557176232337952 52.81447982788086
8.177962 0.9448737502098083 0.07245378941297531 0.31931817531585693 -0.10297584533691406 -0.07058081030845642 0.9973534941673279 -0.017449963837862015 0.08794891834259033 -0.31973740458488464 -0.006049721967428923 0.9474868774414062 53.054813385009766
8.283921 0.935114860534668 0.0742722749710083 0.34647348523139954 0.00655364990234375 -0.07232362776994705 0.9972083568572998 -0.01857006922364235 0.08036643266677856 -0.34688547253608704 -0.007693070452660322 0.9378759860992432 53.298667907714844
8.385961 0.923922061920166 0.07521114498376846 0.37511515617370605 0.1265106201171875 -0.07302822172641754 0.9971282482147217 -0.020054588094353676 0.07147353887557983 -0.3755462169647217 -0.00886511243879795 0.9267613291740417 53.550621032714844
8.488779 0.9114421010017395 0.07320522516965866 0.4048633277416229 0.2650127410888672 -0.07036764919757843 0.997280478477478 -0.021908842027187347 0.057320475578308105 -0.40536606311798096 -0.008520646020770073 0.9141147136688232 53.78327941894531
8.593446 0.8966848850250244 0.07034280896186829 0.4370447099208832 0.4180335998535156 -0.06618089228868484 0.9975001811981201 -0.024765335023403168 0.0503765344619751 -0.4376943111419678 -0.00671731261536479 0.8990987539291382 54.01261901855469
8.696029 0.8793778419494629 0.06986203789710999 0.4709712862968445 0.5794353485107422 -0.06368210166692734 0.997546911239624 -0.029067620635032654 0.042314887046813965 -0.47184664011001587 -0.004431023262441158 0.8816695213317871 54.24629592895508
8.799662 0.8599685430526733 0.0717446431517601 0.5052789449691772 0.7481575012207031 -0.06307880580425262 0.9974201321601868 -0.03426570072770119 0.03552842140197754 -0.5064337253570557 -0.002404965925961733 0.8622756004333496 54.475341796875
8.903911 0.838355302810669 0.07317759841680527 0.5401902198791504 0.9379711151123047 -0.062040336430072784 0.9973183870315552 -0.03881875425577164 0.02469933032989502 -0.5415822863578796 -0.0009696716442704201 0.8406471610069275 54.708251953125
9.008027 0.8139573931694031 0.07642657309770584 0.5758752822875977 1.1384849548339844 -0.06346500664949417 0.9970734715461731 -0.04262222722172737 0.014179348945617676 -0.5774474740028381 -0.001855251844972372 0.8164257407188416 54.93837356567383
9.11058 0.7864372730255127 0.08076567202806473 0.6123669743537903 1.3531303405761719 -0.06672252714633942 0.9967212677001953 -0.045769549906253815 0.004332065582275391 -0.6140556931495667 -0.00486378837376833 0.7892476916313171 55.1859130859375
9.214197 0.7566713094711304 0.08456386625766754 0.6483036875724792 1.5783367156982422 -0.06973841786384583 0.9963821768760681 -0.048571180552244186 -0.014752626419067383 -0.6500654816627502 -0.008459251374006271 0.7598310112953186 55.41344451904297
9.317832 0.7237355709075928 0.08588439971208572 0.6847122311592102 1.8416576385498047 -0.06954141706228256 0.996251106262207 -0.05145641788840294 -0.02715468406677246 -0.6865646243095398 -0.010375011712312698 0.7269948124885559 55.64744186401367
9.421456 0.6870905160903931 0.08354677259922028 0.721752405166626 2.136739730834961 -0.06596104055643082 0.9964374899864197 -0.05254977568984032 -0.044896841049194336 -0.7235714793205261 -0.011501072905957699 0.6901535987854004 55.88861083984375
9.525112 0.6479476094245911 0.08220907300710678 0.7572355270385742 2.451061248779297 -0.06305485963821411 0.9965354204177856 -0.05423412099480629 -0.06708836555480957 -0.7590704560279846 -0.012606510892510414 0.6508862972259521 56.11698532104492
9.630085 0.6055809259414673 0.08138151466846466 0.7916116118431091 2.7775802612304688 -0.0606519877910614 0.9965837597846985 -0.056055035442113876 -0.08972501754760742 -0.7934690713882446 -0.014066958799958229 0.6084480285644531 56.32933044433594
9.732384 0.5600935220718384 0.08106019347906113 0.8244540691375732 3.162069320678711 -0.0570979081094265 0.996612012386322 -0.059197232127189636 -0.11488461494445801 -0.8264593482017517 -0.013918616808950901 0.5628243088722229 56.54854965209961
9.836009 0.5119531750679016 0.07955190539360046 0.8553218245506287 3.556955337524414 -0.053322844207286835 0.9967254400253296 -0.06078718230128288 -0.13886511325836182 -0.8573567271232605 -0.014487991109490395 0.5145187377929688 56.75062942504883
9.939685 0.4628068208694458 0.07798076421022415 0.8830224871635437 3.9742183685302734 -0.051867466419935226 0.9967986941337585 -0.060843877494335175 -0.16235733032226562 -0.8849403858184814 -0.017641181126236916 0.4653700590133667 56.947181701660156
10.0439 0.41289958357810974 0.07581264525651932 0.9076157808303833 4.405008316040039 -0.05137168616056442 0.9968817234039307 -0.05989857763051987 -0.1853421926498413 -0.9093266129493713 -0.02189364656805992 0.4155067205429077 57.119667053222656
10.14677 0.3635807931423187 0.07619577646255493 0.9284412860870361 4.902063369750977 -0.054826147854328156 0.9966719150543213 -0.0603252574801445 -0.20771563053131104 -0.9299479126930237 -0.02896975725889206 0.36654824018478394 57.280887603759766
10.25036 0.3140552341938019 0.07658210396766663 0.9463109374046326 5.3730926513671875 -0.052733004093170166 0.9966098070144653 -0.06315196305513382 -0.22891604900360107 -0.9479390978813171 -0.030068615451455116 0.3170289099216461 57.41481018066406
10.35367 0.26679232716560364 0.07341291755437851 0.9609538912773132 5.863373756408691 -0.04155650734901428 0.9970434308052063 -0.06463254988193512 -0.2582879066467285 -0.9628576040267944 -0.022690407931804657 0.2690543234348297 57.513519287109375
10.45717 0.22325773537158966 0.06730171293020248 0.9724332690238953 6.38054084777832 -0.02812393754720688 0.9976429343223572 -0.0625896006822586 -0.29326802492141724 -0.9743536710739136 -0.013375042006373405 0.22462427616119385 57.58299255371094
10.56299 0.18091712892055511 0.06637118011713028 0.9812562465667725 6.911595344543457 -0.019404279068112373 0.9977669715881348 -0.06391032785177231 -0.32261180877685547 -0.983306884765625 -0.007478094194084406 0.1818009912967682 57.64938735961914
10.66453 0.14268817007541656 0.06786686182022095 0.9874382019042969 7.453719139099121 -0.016188550740480423 0.9976729154586792 -0.06623100489377975 -0.3499840497970581 -0.9896352291107178 -0.00653481250628829 0.14345479011535645 57.701080322265625
10.76705 0.11023089289665222 0.06857891380786896 0.9915372133255005 7.984715461730957 -0.006758668459951878 0.9976453185081482 -0.06825000047683716 -0.38008594512939453 -0.9938830137252808 0.0008217886206693947 0.11043485999107361 57.72773742675781
10.87022 0.08147907257080078 0.06683419644832611 0.9944316148757935 8.555566787719727 0.0002088120672851801 0.997748076915741 -0.06707418709993362 -0.4184603989124298 -0.9966750144958496 0.005672791972756386 0.0812816247344017 57.746883392333984
10.97342 0.05646951496601105 0.06519736349582672 0.9962732791900635 9.135453224182129 0.007845638319849968 0.9978057146072388 -0.06574234366416931 -0.4494188129901886 -0.9983734488487244 0.01152883842587471 0.055834099650382996 57.7620964050293
11.0772 0.036333270370960236 0.06442387402057648 0.9972609877586365 9.723889350891113 0.012208760716021061 0.997816801071167 -0.06490458548069 -0.47832632064819336 -0.9992651343345642 0.014533515088260174 0.03546741232275963 57.770973205566406
11.18019 0.02042151801288128 0.06602319329977036 0.99760901927948 10.323880195617676 0.01459195651113987 0.9976912140846252 -0.06632734090089798 -0.5123873949050903 -0.9996849894523621 0.01591157354414463 0.019410956650972366 57.77457046508789
11.28415 0.007614638656377792 0.06592578440904617 0.9977954030036926 10.934813499450684 0.015675164759159088 0.9976938962936401 -0.06603872030973434 -0.5443547368049622 -0.9998480677604675 0.016143469139933586 0.006563682109117508 57.7648811340332
11.3859 -0.004310991615056992 0.06661365181207657 0.9977695345878601 11.5523681640625 0.016293803229928017 0.9976510405540466 -0.0665353536605835 -0.5832575559616089 -0.9998579025268555 0.01597062684595585 -0.00538625568151474 57.7589111328125
11.48898 -0.013416599482297897 0.06969943642616272 0.9974779486656189 12.203042984008789 0.021478131413459778 0.9973576664924622 -0.06940212100744247 -0.6199037432670593 -0.9996792674064636 0.02049282006919384 -0.014878160320222378 57.74326705932617
11.59255 -0.020028529688715935 0.07164594531059265 0.9972290396690369 12.841668128967285 0.026120873168110847 0.9971261620521545 -0.07111392915248871 -0.6543858051300049 -0.9994580745697021 0.024624187499284744 -0.02184242568910122 57.72151565551758
11.69527 -0.02448642998933792 0.07092057913541794 0.9971814155578613 13.497969627380371 0.026318076997995377 0.9971804618835449 -0.0702742412686348 -0.6924227476119995 -0.9993536472320557 0.02452312782406807 -0.026283882558345795 57.70045852661133
11.79949 -0.02792111039161682 0.06819139420986176 0.9972813725471497 14.162683486938477 0.02430138550698757 0.9974219799041748 -0.0675206109881401 -0.7341294884681702 -0.9993146657943726 0.022350072860717773 -0.029506269842386246 57.67890167236328
11.90171 -0.030617551878094673 0.061614200472831726 0.9976302981376648 14.871910095214844 0.021769579499959946 0.9979026317596436 -0.06096290424466133 -0.765062153339386 -0.9992942214012146 0.019851459190249443 -0.03189465403556824 57.669769287109375
12.00482 -0.031856339424848557 0.056074805557727814 0.9979182481765747 15.565079689025879 0.0230660829693079 0.9982002973556519 -0.055354319512844086 -0.7964894771575928 -0.9992262721061707 0.021254681050777435 -0.0330924354493618 57.64641189575195
12.108 -0.032070208340883255 0.0534418523311615 0.9980558156967163 16.265104293823242 0.025911852717399597 0.9982783198356628 -0.05262114480137825 -0.8334282040596008 -0.9991496801376343 0.024173906072974205 -0.03339977189898491 57.61284637451172
12.21119 -0.031781841069459915 0.05576372146606445 0.9979379773139954 16.974384307861328 0.02891143411397934 0.9980759024620056 -0.05485066398978233 -0.8674793839454651 -0.9990766644477844 0.027108559384942055 -0.03333290293812752 57.584510803222656
12.3145 -0.030827097594738007 0.06310803443193436 0.997530460357666 17.694326400756836 0.030071130022406578 0.9976116418838501 -0.06218386068940163 -0.9050900936126709 -0.9990723133087158 0.02807992324233055 -0.032651208341121674 57.558135986328125
12.41765 -0.02868092618882656 0.07117850333452225 0.9970511794090271 18.454980850219727 0.030506392940878868 0.9970592260360718 -0.07030154019594193 -0.9437445402145386 -0.9991229772567749 0.0284001212567091 -0.030767980962991714 57.53760528564453
12.52105 -0.026710616424679756 0.0716957151889801 0.9970689415931702 19.191213607788086 0.0311067383736372 0.9970012903213501 -0.07085753232240677 -0.9834936857223511 -0.9991590976715088 0.029122907668352127 -0.02886074036359787 57.521995544433594
12.62455 -0.024243541061878204 0.06743410229682922 0.9974291920661926 19.940649032592773 0.03059444949030876 0.997305154800415 -0.06668208539485931 -1.0237957239151 -0.9992377758026123 0.028899183496832848 -0.02624131552875042 57.50034713745117
12.72743 -0.021962113678455353 0.06105341389775276 0.9978929162025452 20.698623657226562 0.03028169833123684 0.9977162480354309 -0.06037616357207298 -1.0703619718551636 -0.9993000626564026 0.028891898691654205 -0.023760762065649033 57.48703384399414
12.83073 -0.018976286053657532 0.05926918238401413 0.9980616569519043 21.46207618713379 0.02904258854687214 0.9978529810905457 -0.05870458856225014 -1.1166993379592896 -0.9993980526924133 0.027872299775481224 -0.020656868815422058 57.472564697265625
12.93413 -0.01569206453859806 0.06495128571987152 0.997765064239502 22.242488861083984 0.03588822856545448 0.9972816109657288 -0.06435538083314896 -1.1601409912109375 -0.9992325305938721 0.03479814901947975 -0.017980393022298813 57.459434509277344
13.03771 -0.012643685564398766 0.07067244499921799 0.997419536113739 22.9893856048584 0.037536490708589554 0.996829628944397 -0.0701548308134079 -1.2019999027252197 -0.9992151856422424 0.03655260056257248 -0.015256395563483238 57.44969177246094
13.14165 -0.01004874985665083 0.0707879289984703 0.9974406957626343 23.74626350402832 0.0319514162838459 0.9970043897628784 -0.07043508440256119 -1.2490465641021729 -0.9994388222694397 0.03116186149418354 -0.012280423194169998 57.44932556152344
13.24421 -0.006319068372249603 0.06767600774765015 0.9976872801780701 24.506404876708984 0.027512481436133385 0.9973413348197937 -0.06747829169034958 -1.2903926372528076 -0.9996015429496765 0.027022458612918854 -0.008164203725755215 57.44662094116211
13.34803 -0.0019266633316874504 0.06390906125307083 0.9979538917541504 25.284963607788086 0.031527042388916016 0.9974635243415833 -0.06381677836179733 -1.345998764038086 -0.9995010495185852 0.031339582055807114 -0.00393663952127099 57.4477424621582
13.45277 0.0020013623870909214 0.06484489887952805 0.9978934526443481 26.04704475402832 0.036169834434986115 0.9972376823425293 -0.06487483531236649 -1.3941924571990967 -0.9993435740470886 0.036223478615283966 -0.00034959521144628525 57.43741989135742
13.55488 0.004983318038284779 0.06938249617815018 0.9975776076316833 26.80620765686035 0.03605486452579498 0.9969289302825928 -0.06951748579740524 -1.4388542175292969 -0.999337375164032 0.03631395846605301 0.002466438338160515 57.43941116333008
13.65796 0.008191114291548729 0.07016053050756454 0.9975020885467529 27.57263946533203 0.03212014213204384 0.9970023036003113 -0.07038915157318115 -1.4899381399154663 -0.9994503855705261 0.032616473734378815 0.00591299356892705 57.460365295410156
13.76127 0.011661195196211338 0.07012181729078293 0.9974702000617981 28.342662811279297 0.031420573592185974 0.9970197677612305 -0.07045748084783554 -1.5313224792480469 -0.9994381666183472 0.032162703573703766 0.00942317396402359 57.47864532470703
13.86467 0.015338143333792686 0.06694343686103821 0.9976387619972229 29.10422134399414 0.03553813695907593 0.9970893263816833 -0.06745293736457825 -1.578742265701294 -0.999250590801239 0.03648882359266281 0.012914452701807022 57.487754821777344
13.96817 0.01856791228055954 0.06748483330011368 0.9975475072860718 29.873138427734375 0.03967250511050224 0.9968839883804321 -0.06817840784788132 -1.633209466934204 -0.9990401864051819 0.040841132402420044 0.01583275943994522 57.50552749633789
14.07164 0.022420521825551987 0.06802095472812653 0.9974318742752075 30.645782470703125 0.04300924763083458 0.9966934323310852 -0.06893737614154816 -1.6887869834899902 -0.9988230466842651 0.044444404542446136 0.01942085474729538 57.51029968261719
14.17505 0.025353724136948586 0.0679890364408493 0.9973637461662292 31.414846420288086 0.0436524972319603 0.9966576099395752 -0.06905058026313782 -1.7330148220062256 -0.9987249970436096 0.045288119465112686 0.022301090881228447 57.52985382080078
14.2786 0.02881588414311409 0.06643454730510712 0.9973745942115784 32.178253173828125 0.04479864239692688 0.9967005252838135 -0.06768396496772766 -1.7822487354278564 -0.9985803365707397 0.04663141444325447 0.025744624435901642 57.55165100097656
14.38212 0.032289810478687286 0.06559845805168152 0.9973234534263611 32.958518981933594 0.04661218822002411 0.9966592788696289 -0.06706389784812927 -1.8340535163879395 -0.9983910322189331 0.048652905970811844 0.029124250635504723 57.57447814941406
14.4855 0.03543086349964142 0.06579079478979111 0.9972041845321655 33.722965240478516 0.04521341249346733 0.9967034459114075 -0.06736420840024948 -1.8808836936950684 -0.9983488321304321 0.04747378081083298 0.0323394350707531 57.5989875793457
14.58897 0.03830870985984802 0.06763291358947754 0.996974527835846 34.486167907714844 0.04224567860364914 0.9967052936553955 -0.06923793256282806 -1.9267346858978271 -0.9983725547790527 0.04477028176188469 0.035325296223163605 57.63575744628906
14.69245 0.04118141531944275 0.06760559976100922 0.9968618750572205 35.2591552734375 0.04403095692396164 0.9966162443161011 -0.06940789520740509 -1.975064992904663 -0.9981809258460999 0.04675109684467316 0.03806532919406891 57.66526794433594
14.79597 0.04357745125889778 0.06742051988840103 0.9967726469039917 36.054054260253906 0.041697535663843155 0.9967281222343445 -0.06924047321081161 -2.025036334991455 -0.9981794953346252 0.04458027705550194 0.040623605251312256 57.7088737487793
14.89949 0.045954734086990356 0.06820898503065109 0.9966120719909668 36.834083557128906 0.039914049208164215 0.9967440366744995 -0.07005847990512848 -2.0671186447143555 -0.9981458187103271 0.04299834370613098 0.04308260604739189 57.75058364868164
15.00287 0.04874778911471367 0.06782600283622742 0.9965055584907532 37.61743927001953 0.03723335638642311 0.9968748092651367 -0.06967256218194962 -2.123234272003174 -0.9981169104576111 0.040499620139598846 0.04607005417346954 57.791316986083984
15.1064 0.05220520496368408 0.06994465738534927 0.9961839318275452 38.40263366699219 0.03573470190167427 0.9967744946479797 -0.07185881584882736 -2.1741769313812256 -0.9979968667030334 0.03934973478317261 0.04953736811876297 57.83967590332031
15.20987 0.05551973730325699 0.0732511505484581 0.9957669377326965 39.188682556152344 0.03471262753009796 0.9965606927871704 -0.07524494081735611 -2.2288310527801514 -0.9978539943695068 0.0387432686984539 0.052786052227020264 57.8809700012207
15.31336 0.059459585696458817 0.07540058344602585 0.9953789114952087 39.97465515136719 0.03488025441765785 0.9963772892951965 -0.07755980640649796 -2.280582904815674 -0.9976211190223694 0.03933074697852135 0.05661419406533241 57.92177963256836
15.41675 0.06192079931497574 0.07789629697799683 0.9950366020202637 40.764347076416016 0.028728920966386795 0.9963975548744202 -0.0797906294465065 -2.3326611518859863 -0.9976674914360046 0.033527031540870667 0.059459857642650604 57.98707962036133
15.52022 0.06515190005302429 0.07638262212276459 0.9949476718902588 41.55868148803711 0.025085628032684326 0.996625542640686 -0.07815412431955338 -2.3970890045166016 -0.9975600242614746 0.03005077876150608 0.06301594525575638 58.03706359863281
15.62392 0.06837993115186691 0.0776178166270256 0.9946354031562805 42.365543365478516 0.027875078842043877 0.9964311122894287 -0.07967430353164673 -2.446988582611084 -0.997269868850708 0.03317366540431976 0.06597227603197098 58.1004638671875
15.7272 0.07274842262268066 0.0787011906504631 0.9942402839660645 43.16640853881836 0.02718319371342659 0.996354877948761 -0.08085756748914719 -2.505586862564087 -0.9969798922538757 0.032908882945775986 0.07034389674663544 58.15092086791992
15.83062 0.07622833549976349 0.07949206233024597 0.9939167499542236 43.96691131591797 0.02343740686774254 0.9963987469673157 -0.08148811012506485 -2.563748359680176 -0.9968149065971375 0.029506534337997437 0.07409071922302246 58.2241325378418
15.93425 0.08046629279851913 0.07769089192152023 0.9937250018119812 44.78602600097656 0.021932989358901978 0.9965783357620239 -0.07968998700380325 -2.6236777305603027 -0.9965159893035889 0.02820771187543869 0.07848696410655975 58.29509735107422
16.03941 0.08482779562473297 0.07746117562055588 0.993380069732666 45.62166213989258 0.022555764764547348 0.9965687990188599 -0.07963592559099197 -2.693854331970215 -0.9961402416229248 0.029161784797906876 0.08278954029083252 58.377532958984375
16.14091 0.09012763947248459 0.08124440163373947 0.9926108121871948 46.43392562866211 0.019043821841478348 0.996344268321991 -0.08327911794185638 -2.7526373863220215 -0.9957481026649475 0.026408854871988297 0.08825095742940903 58.45604705810547
16.2443 0.09606675058603287 0.09001579880714417 0.9912962913513184 47.25202941894531 0.01722094602882862 0.9956030249595642 -0.09207576513290405 -2.8138346672058105 -0.9952258467674255 0.025916477665305138 0.09409419447183609 58.54426956176758
16.34828 0.10343150794506073 0.09429556131362915 0.9901567101478577 48.06669235229492 0.015443694777786732 0.9952236413955688 -0.09639135748147964 -2.889270305633545 -0.9945167303085327 0.02526157535612583 0.10148121416568756 58.632835388183594
16.45345 0.11008644104003906 0.09750579297542572 0.9891276955604553 48.90201950073242 0.011020668782293797 0.9949954152107239 -0.09931078553199768 -2.959216594696045 -0.9938608407974243 0.021833617240190506 0.1084609180688858 58.744384765625
16.55445 0.11746839433908463 0.09556026756763458 0.9884681701660156 49.7337646484375 0.007129640318453312 0.9952527284622192 -0.09706342965364456 -3.036173105239868 -0.9930509924888611 0.018449310213327408 0.11622940748929977 58.85015106201172
