1305031455.259631 0.9979798793792725 -0.047652773559093475 0.04201560467481613 -0.051736313849687576 0.0474168062210083 0.998853325843811 0.0065957666374742985 0.017555586993694305 -0.042281731963157654 -0.004590198397636414 0.9990952014923096 0.006058199796825647
1305031455.291831 0.9955952167510986 -0.07023763656616211 0.06210319325327873 -0.07578592747449875 0.06855864077806473 0.9972322583198547 0.028767941519618034 0.0091833071783185 -0.06395190209150314 -0.024383515119552612 0.9976550340652466 -0.0026648426428437233
1305031455.327766 0.9934925436973572 -0.09607727825641632 0.06117089092731476 -0.08158054947853088 0.09441486746072769 0.9950951933860779 0.029517507180571556 0.01717706397175789 -0.06370681524276733 -0.023549983277916908 0.9976907968521118 0.009466047398746014
1305031455.35963 0.9912863373756409 -0.11118071526288986 0.07064180076122284 -0.1033133938908577 0.10824327915906906 0.9931438565254211 0.04414334148168564 0.01906324364244938 -0.07506535947322845 -0.03611219301819801 0.9965245127677917 0.002833245089277625
1305031455.391665 0.9881821274757385 -0.13525772094726562 0.07212115079164505 -0.10213400423526764 0.1308201551437378 0.9893972277641296 0.06308144330978394 0.018178468570113182 -0.0798887237906456 -0.05290103703737259 0.9953991770744324 0.015354674309492111
1305031455.427642 0.9829421043395996 -0.16177308559417725 0.08748862892389297 -0.12023012340068817 0.15505194664001465 0.9847536087036133 0.07886191457509995 0.013577996753156185 -0.09891247749328613 -0.06395143270492554 0.9930390119552612 0.01638674922287464
1305031455.459589 0.979556679725647 -0.1792467087507248 0.09132033586502075 -0.12929487228393555 0.1716218739748001 0.9814459085464478 0.085496686398983 0.010271647945046425 -0.10495097935199738 -0.06807628273963928 0.9921445846557617 0.0208311527967453
1305031455.491637 0.9741455316543579 -0.20187415182590485 0.10142713785171509 -0.14719615876674652 0.19307932257652283 0.9770276546478271 0.09020579606294632 0.008884233422577381 -0.11730735003948212 -0.06829008460044861 0.9907448887825012 0.021320123225450516
1305031455.52761 0.9672699570655823 -0.22991615533828735 0.10736559331417084 -0.16099989414215088 0.21937838196754456 0.970343828201294 0.10151822865009308 -0.0028246084693819284 -0.12752220034599304 -0.07464185357093811 0.9890232682228088 0.02210118994116783
1305031455.559669 0.9601983428001404 -0.25537797808647156 0.1131419986486435 -0.18283765017986298 0.24470753967761993 0.9644179940223694 0.10008057951927185 -0.009278994053602219 -0.1346745640039444 -0.06841051578521729 0.9885256290435791 0.02379142865538597
1305031455.591645 0.9530105590820312 -0.2812820374965668 0.112478107213974 -0.19712597131729126 0.2713925242424011 0.9577135443687439 0.09555453807115555 -0.010292010381817818 -0.13459959626197815 -0.06053876876831055 0.9890492558479309 0.024383025243878365
1305031455.627617 0.9446243047714233 -0.30774760246276855 0.11391421407461166 -0.20982471108436584 0.2964727580547333 0.9491665363311768 0.10576702654361725 -0.023458844050765038 -0.14067313075065613 -0.0661376491189003 0.987844705581665 0.027209624648094177
1305031455.659615 0.9402222633361816 -0.3170020878314972 0.1244664192199707 -0.22737476229667664 0.30559778213500977 0.946630597114563 0.10247068107128143 -0.03444720804691315 -0.15030714869499207 -0.05830854922533035 0.9869185090065002 0.02837112732231617
1305031455.691605 0.940035879611969 -0.31312161684036255 0.13523080945014954 -0.24686162173748016 0.30181029438972473 0.9483340382575989 0.09784270077943802 -0.041922349482774734 -0.15888065099716187 -0.051161617040634155 0.9859712719917297 0.026216581463813782
1305031455.727628 0.9418252110481262 -0.30260053277015686 0.14628086984157562 -0.2639361023902893 0.29022493958473206 0.9517064690589905 0.10012053698301315 -0.05214915797114372 -0.16951298713684082 -0.05184169486165047 0.9841634631156921 0.025683753192424774
1305031455.759683 0.942004382610321 -0.2950096130371094 0.15999042987823486 -0.27921193838119507 0.28139013051986694 0.9541033506393433 0.1024998351931572 -0.05995108187198639 -0.18288590013980865 -0.05153559148311615 0.9817824363708496 0.025996310636401176
1305031455.791666 0.9395508766174316 -0.29868656396865845 0.167422816157341 -0.28773781657218933 0.28335264325141907 0.9527356028556824 0.1095733717083931 -0.07814746350049973 -0.1922377645969391 -0.055510081350803375 0.9797772169113159 0.022094443440437317
1305031455.82759 0.9379639029502869 -0.296847403049469 0.17917975783348083 -0.3049134612083435 0.28183674812316895 0.9537326693534851 0.10470109432935715 -0.08474321663379669 -0.20196980237960815 -0.04770641401410103 0.978229284286499 0.020426083356142044
1305031455.859526 0.9380248188972473 -0.2938337028026581 0.18376889824867249 -0.31743746995925903 0.2779925465583801 0.9545701742172241 0.10731319338083267 -0.09533719718456268 -0.20695249736309052 -0.04957607388496399 0.9770941138267517 0.016865815967321396
1305031455.891657 0.9356954097747803 -0.29606854915618896 0.1918787658214569 -0.3324287533760071 0.27841490507125854 0.9536890983581543 0.11385201662778854 -0.11004173010587692 -0.2167006880044937 -0.05310888588428497 0.9747923612594604 0.011063650250434875
1305031455.927955 0.9344198703765869 -0.29576635360717773 0.19844798743724823 -0.3423120975494385 0.2764514088630676 0.9535706043243408 0.11948919296264648 -0.12038329243659973 -0.22457504272460938 -0.05679184943437576 0.9728004932403564 0.009555086493492126
1305031455.959716 0.9341363310813904 -0.2903662323951721 0.20754900574684143 -0.355063796043396 0.27022022008895874 0.9552622437477112 0.1202288493514061 -0.1262427717447281 -0.23317410051822662 -0.05622619390487671 0.9708081483840942 0.006213970482349396
1305031455.991694 0.9330676198005676 -0.2882207930088043 0.21520541608333588 -0.3651585280895233 0.2654663920402527 0.9554929137229919 0.12868964672088623 -0.13416342437267303 -0.24271821975708008 -0.06294634938240051 0.9680525064468384 0.004970967769622803
1305031456.02777 0.9325847029685974 -0.2823752760887146 0.2248329520225525 -0.3772265911102295 0.25647294521331787 0.9566903710365295 0.13771487772464752 -0.13285082578659058 -0.2539827227592468 -0.07076722383499146 0.9646164178848267 0.002528838813304901
1305031456.059713 0.9330002665519714 -0.27690067887306213 0.22986198961734772 -0.38744089007377625 0.24334222078323364 0.955991268157959 0.1639077365398407 -0.14614707231521606 -0.2651320993900299 -0.09699084609746933 0.9593214988708496 0.005498677492141724
1305031456.091707 0.9331074357032776 -0.2726869583129883 0.23441916704177856 -0.3951077163219452 0.23289911448955536 0.9549722671508789 0.18380990624427795 -0.16212745010852814 -0.273986279964447 -0.11691837012767792 0.9546002149581909 0.007812231779098511
1305031456.127645 0.9308561086654663 -0.2727736532688141 0.243107870221138 -0.4042183458805084 0.22928854823112488 0.9541133046150208 0.19259917736053467 -0.17484375834465027 -0.2844884693622589 -0.12354026734828949 0.9506860375404358 0.010642141103744507
1305031456.159731 0.9283561110496521 -0.275296151638031 0.2497338503599167 -0.4056575894355774 0.22806359827518463 0.9524349570274353 0.20212508738040924 -0.18815599381923676 -0.29349955916404724 -0.1306888461112976 0.946983814239502 0.012493707239627838
1305031456.191658 0.9230195879936218 -0.27837854623794556 0.265593945980072 -0.4076380431652069 0.22947263717651367 0.952388346195221 0.20074531435966492 -0.2006494402885437 -0.3088317811489105 -0.12434535473585129 0.94295334815979 0.014652445912361145
1305031456.227678 0.9153153300285339 -0.28179672360420227 0.28772974014282227 -0.4166525900363922 0.23199978470802307 0.9529201984405518 0.19524146616458893 -0.19852805137634277 -0.32920193672180176 -0.1119542345404625 0.9375991821289062 0.016308441758155823
1305031456.259614 0.9073939323425293 -0.2888288199901581 0.30530986189842224 -0.4191893935203552 0.23336511850357056 0.9504175186157227 0.20554138720035553 -0.20743171870708466 -0.34953805804252625 -0.11525829136371613 0.9298056960105896 0.022845402359962463
1305031456.291675 0.8960095643997192 -0.2977359890937805 0.3294239640235901 -0.42648541927337646 0.23636169731616974 0.9478537440299988 0.21379069983959198 -0.22336381673812866 -0.37589895725250244 -0.11369525641202927 0.9196593165397644 0.030164599418640137
1305031456.327718 0.8837450742721558 -0.3079368472099304 0.3523769974708557 -0.4330105185508728 0.2433718740940094 0.9455838799476624 0.21596597135066986 -0.2354208081960678 -0.39970582723617554 -0.10510018467903137 0.9105982780456543 0.037341147661209106
1305031456.359846 0.871931791305542 -0.31384363770484924 0.37581512331962585 -0.43900129199028015 0.25069907307624817 0.9454737305641174 0.2079170197248459 -0.22972048819065094 -0.42057669162750244 -0.08707297593355179 0.9030689001083374 0.03924815356731415
1305031456.391619 0.8587740659713745 -0.3213421702384949 0.3990567624568939 -0.4434781074523926 0.24883824586868286 0.942430317401886 0.22339367866516113 -0.2470208704471588 -0.4478689134120941 -0.09254410117864609 0.8892969489097595 0.05247397720813751
1305031456.427662 0.8421037793159485 -0.32727450132369995 0.4286639094352722 -0.4559946358203888 0.25790494680404663 0.9424282908439636 0.21287082135677338 -0.24642018973827362 -0.4736521244049072 -0.068704754114151 0.8780280351638794 0.06583543121814728
1305031456.45961 0.8294881582260132 -0.3362860083580017 0.4459385275840759 -0.473375141620636 0.26766330003738403 0.9401106238365173 0.21106572449207306 -0.24116937816143036 -0.4902098774909973 -0.05571507662534714 0.8698219060897827 0.07959112524986267
1305031456.491677 0.8237378001213074 -0.3507329523563385 0.44546887278556824 -0.4828159809112549 0.2762240767478943 0.9344063997268677 0.2249109447002411 -0.24650196731090546 -0.49513259530067444 -0.06221838295459747 0.8665868043899536 0.09497945010662079
1305031456.527641 0.8205828666687012 -0.3664954900741577 0.4385485351085663 -0.4858328104019165 0.28883060812950134 0.9280559420585632 0.23513643443584442 -0.24892033636569977 -0.4931740462779999 -0.06628260761499405 0.8674019575119019 0.10990279912948608
1305031456.559608 0.8173810839653015 -0.3776334524154663 0.43506449460983276 -0.48389101028442383 0.29734838008880615 0.9233716726303101 0.2428351640701294 -0.25634852051734924 -0.4934288263320923 -0.06912311166524887 0.8670353293418884 0.12410297989845276
1305031456.591651 0.8094830513000488 -0.3868834674358368 0.4416542053222656 -0.49038559198379517 0.3104710578918457 0.9204891324043274 0.23729196190834045 -0.2481147199869156 -0.4983421862125397 -0.05496298149228096 0.8652364611625671 0.12940068542957306
1305031456.627612 0.8007382750511169 -0.4056980311870575 0.4407123029232025 -0.49745962023735046 0.32074180245399475 0.9117580652236938 0.2565578818321228 -0.23802617192268372 -0.5059080719947815 -0.0640808641910553 0.8602038621902466 0.1400051712989807
1305031456.659665 0.7879955768585205 -0.43162134289741516 0.43905124068260193 -0.4961986541748047 0.32769134640693665 0.8977398872375488 0.2944174110889435 -0.25869596004486084 -0.5212305784225464 -0.08812632411718369 0.848853588104248 0.16238917410373688
1305031456.691612 0.7752913236618042 -0.44608575105667114 0.4471363425254822 -0.5027668476104736 0.3429395854473114 0.8918054103851318 0.2950857877731323 -0.2629629373550415 -0.5303921699523926 -0.07543668150901794 0.8443893790245056 0.1752295196056366
1305031456.727693 0.7633196711540222 -0.46172189712524414 0.4518362581729889 -0.5177531242370605 0.3584142327308655 0.8845766186714172 0.2984349727630615 -0.2549269199371338 -0.5374777317047119 -0.06585674732923508 0.8407024145126343 0.191700741648674
1305031456.759615 0.7566726803779602 -0.4839025139808655 0.43964168429374695 -0.5204155445098877 0.372161328792572 0.8716676235198975 0.3188911974430084 -0.27492964267730713 -0.537533700466156 -0.07767856121063232 0.8396568298339844 0.20823827385902405
1305031456.791649 0.7569754123687744 -0.4901547133922577 0.43213018774986267 -0.5241264700889587 0.3896130621433258 0.8694604635238647 0.30371084809303284 -0.27491044998168945 -0.5245854258537292 -0.06153802201151848 0.8491308093070984 0.22013062238693237
1305031456.827603 0.7544488906860352 -0.5007644295692444 0.42431336641311646 -0.5272973775863647 0.407818078994751 0.8641764521598816 0.2947605848312378 -0.2606009542942047 -0.5142871141433716 -0.049339182674884796 0.8561975955963135 0.23100700974464417
1305031456.859634 0.7474664449691772 -0.5148492455482483 0.41979068517684937 -0.5285561680793762 0.4173174500465393 0.8555943965911865 0.3062748610973358 -0.2612623870372772 -0.5168559551239014 -0.053744155913591385 0.8543837070465088 0.24592673778533936
1305031456.891672 0.7389917373657227 -0.5264936089515686 0.4203518331050873 -0.527042806148529 0.4254368841648102 0.8484753966331482 0.31479009985923767 -0.2659609615802765 -0.5223932266235352 -0.05379412695765495 0.8510060906410217 0.26105111837387085
1305031456.92769 0.7274490594863892 -0.5314342975616455 0.434045672416687 -0.5327537655830383 0.43343621492385864 0.8462827801704407 0.30973929166793823 -0.2641175091266632 -0.531931459903717 -0.03718847408890724 0.8459704518318176 0.27234604954719543
1305031456.959667 0.7152735590934753 -0.5389846563339233 0.4448360800743103 -0.5447139739990234 0.4402996003627777 0.8418711423873901 0.3120722472667694 -0.25602155923843384 -0.5426967740058899 -0.027355924248695374 0.8394830822944641 0.2827777862548828
1305031456.991709 0.7076071500778198 -0.5488560199737549 0.44502732157707214 -0.5494652986526489 0.43870651721954346 0.8349668383598328 0.3322150409221649 -0.26122578978538513 -0.5539212822914124 -0.039841387420892715 0.8316152095794678 0.29761260747909546
1305031457.027648 0.6989989876747131 -0.5550051927566528 0.45096534490585327 -0.5570321679115295 0.4414549767971039 0.8310010433197021 0.3384591341018677 -0.2644079327583313 -0.5625993609428406 -0.037501733750104904 0.8258786797523499 0.3070739507675171
1305031457.059621 0.6875569820404053 -0.5642350912094116 0.4570605158805847 -0.5694126486778259 0.4490133225917816 0.8250452280044556 0.3430558145046234 -0.2590908408164978 -0.570659875869751 -0.030644137412309647 0.8206145167350769 0.31301844120025635
1305031457.091655 0.6774250864982605 -0.5800049901008606 0.4524264335632324 -0.5727927684783936 0.45206737518310547 0.8134570121765137 0.36595430970191956 -0.2666266858577728 -0.5802848935127258 -0.04337943717837334 0.8132575154304504 0.3210296630859375
1305031457.127632 0.665157675743103 -0.5916444063186646 0.45554614067077637 -0.5762781500816345 0.4539753496646881 0.804796576499939 0.38237226009368896 -0.2794334292411804 -0.5928504467010498 -0.04753118008375168 0.80390864610672 0.3282466530799866
1305031457.159693 0.6508643627166748 -0.6013362407684326 0.46343326568603516 -0.5820784568786621 0.46221598982810974 0.7981235384941101 0.3864648640155792 -0.28530994057655334 -0.6022723913192749 -0.03732994571328163 0.7974172234535217 0.3313007056713104
1305031457.191735 0.6344810724258423 -0.6071915626525879 0.4782804846763611 -0.597115695476532 0.46640196442604065 0.794190526008606 0.3895258903503418 -0.28795287013053894 -0.6163628101348877 -0.02407587319612503 0.7870941162109375 0.335394024848938
1305031457.227543 0.6167711615562439 -0.6184038519859314 0.4870010018348694 -0.6103253960609436 0.46949219703674316 0.7856083512306213 0.4029846787452698 -0.29682689905166626 -0.6317993402481079 -0.019906144589185715 0.7748763561248779 0.3427142798900604
1305031457.259691 0.6035246253013611 -0.6286943554878235 0.49040940403938293 -0.6112269163131714 0.4750373363494873 0.7774928212165833 0.41212198138237 -0.3134908378124237 -0.640388548374176 -0.015762999653816223 0.7678894400596619 0.3450604975223541
1305031457.291656 0.5853112936019897 -0.6280829310417175 0.5127597451210022 -0.6268491744995117 0.47944724559783936 0.7781020998954773 0.40581727027893066 -0.31961965560913086 -0.6538662910461426 0.008311780169606209 0.7565644979476929 0.34590309858322144
1305031457.327548 0.567585825920105 -0.6287296414375305 0.5315499305725098 -0.6435962915420532 0.48006272315979004 0.7772436141967773 0.4067337214946747 -0.32251083850860596 -0.6688693165779114 0.02432100474834442 0.7429820895195007 0.34680110216140747
1305031457.359712 0.5477529168128967 -0.6389268040657043 0.5401289463043213 -0.6507261991500854 0.4807218015193939 0.7687361240386963 0.42184266448020935 -0.33700990676879883 -0.6847432255744934 0.0285861287266016 0.7282235622406006 0.34879636764526367
1305031457.391684 0.5226781964302063 -0.641821563243866 0.5611351132392883 -0.6648284196853638 0.4844302535057068 0.7652084231376648 0.42400872707366943 -0.34946972131729126 -0.7015231847763062 0.050210703164339066 0.7108755707740784 0.3512210249900818
1305031457.427641 0.5011979937553406 -0.6464914083480835 0.5751951932907104 -0.682208776473999 0.4889344871044159 0.7600058317184448 0.42817530035972595 -0.36049145460128784 -0.7139632701873779 0.06663209944963455 0.6970053911209106 0.35566407442092896
1305031457.459614 0.4887976050376892 -0.6506630778312683 0.5811321139335632 -0.696357786655426 0.4923659563064575 0.755653440952301 0.43193015456199646 -0.37275075912475586 -0.7201753854751587 0.07500322163105011 0.6897259950637817 0.3593903183937073
1305031457.491705 0.48265746235847473 -0.656711757183075 0.5794580578804016 -0.7015312910079956 0.4994839131832123 0.7498815059661865 0.43381285667419434 -0.3859935700893402 -0.7194147706031799 0.08004698902368546 0.6899527311325073 0.3575586676597595
1305031457.527638 0.47444021701812744 -0.6551687717437744 0.5879287719726562 -0.712431788444519 0.49987396597862244 0.7502686977386475 0.4326924979686737 -0.39971429109573364 -0.7245912551879883 0.08860350400209427 0.6834595203399658 0.3582736849784851
1305031457.559685 0.46465611457824707 -0.6546761989593506 0.5962329506874084 -0.722614049911499 0.503861129283905 0.7491796612739563 0.42994606494903564 -0.4084613621234894 -0.7281611561775208 0.10064152628183365 0.6779768466949463 0.3569070100784302
1305031457.591678 0.45033517479896545 -0.6532971262931824 0.6086058020591736 -0.7404037714004517 0.5027495622634888 0.7488448023796082 0.4318268895149231 -0.42088884115219116 -0.7378625273704529 0.11150938272476196 0.665675938129425 0.3638019263744354
1305031457.627526 0.44491901993751526 -0.658223569393158 0.6072797775268555 -0.744279146194458 0.506916344165802 0.7441041469573975 0.43513765931129456 -0.4346361458301544 -0.7382972836494446 0.11423896998167038 0.664730429649353 0.364553838968277
1305031457.659632 0.4340381622314453 -0.6544338464736938 0.6191341876983643 -0.7651682496070862 0.5106154084205627 0.7449019551277161 0.42941007018089294 -0.4406997561454773 -0.7422147989273071 0.1297590583562851 0.6574798822402954 0.36874619126319885
1305031457.69157 0.42910993099212646 -0.665247917175293 0.6109908223152161 -0.7722285985946655 0.5127553939819336 0.736284613609314 0.4415505528450012 -0.4551700949668884 -0.7436037659645081 0.12381511181592941 0.6570565104484558 0.37148523330688477
1305031457.727669 0.43009188771247864 -0.6696661114692688 0.6054487228393555 -0.7710654735565186 0.510719358921051 0.7334964871406555 0.44849613308906555 -0.4733221232891083 -0.7444371581077576 0.11631976813077927 0.6574823260307312 0.37231704592704773
1305031457.759556 0.42992666363716125 -0.665575385093689 0.6100593209266663 -0.7764966487884521 0.5072827339172363 0.7370284795761108 0.44660183787345886 -0.4876326024532318 -0.7468783259391785 0.11746646463871002 0.6545032262802124 0.373569518327713
1305031457.791567 0.4254404902458191 -0.6615027189254761 0.617587685585022 -0.7732475996017456 0.5024645924568176 0.7402384281158447 0.4467397928237915 -0.5104970335960388 -0.7526817321777344 0.12025471031665802 0.6473091840744019 0.37422171235084534
1305031457.827699 0.41420719027519226 -0.6453635096549988 0.6418242454528809 -0.7916897535324097 0.5021562576293945 0.7501621246337891 0.430227667093277 -0.5122000575065613 -0.7591254711151123 0.14409266412258148 0.6347959041595459 0.3725219964981079
1305031457.859623 0.3995446264743805 -0.6430173516273499 0.6533704400062561 -0.7985539436340332 0.4940413534641266 0.7514081001281738 0.4373888075351715 -0.527551531791687 -0.7721964120864868 0.1480356603860855 0.6178982257843018 0.380532830953598
1305031457.891593 0.38677147030830383 -0.6382157802581787 0.6656489968299866 -0.7961917519569397 0.4900335669517517 0.7537174224853516 0.4379235804080963 -0.5489920377731323 -0.7812010049819946 0.15681399405002594 0.6042635440826416 0.3886049687862396
1305031457.927633 0.370456337928772 -0.6204153299331665 0.691264808177948 -0.8149154186248779 0.49327197670936584 0.7620068788528442 0.4195571839809418 -0.5592416524887085 -0.7870482802391052 0.1855539232492447 0.588323712348938 0.40033602714538574
1305031457.959632 0.36499711871147156 -0.6163488626480103 0.6977757215499878 -0.8234362602233887 0.49996426701545715 0.7620066404342651 0.4115598499774933 -0.5691683888435364 -0.7853744029998779 0.19864477217197418 0.5862827301025391 0.404267817735672
1305031457.991644 0.36091142892837524 -0.6120007038116455 0.7037031650543213 -0.824225664138794 0.5019631385803223 0.7634144425392151 0.4064866006374359 -0.5826095342636108 -0.7859873175621033 0.2065274715423584 0.582726776599884 0.4120027422904968
1305031458.027845 0.35372281074523926 -0.603850245475769 0.7143144011497498 -0.8224345445632935 0.5005818605422974 0.7673277854919434 0.40078145265579224 -0.598696768283844 -0.79012531042099 0.21580728888511658 0.5736978650093079 0.4204089045524597
1305031458.059689 0.3413897752761841 -0.5899797081947327 0.7316946387290955 -0.8355764150619507 0.5029222369194031 0.7723107933998108 0.38807883858680725 -0.598673939704895 -0.7940542697906494 0.2354993224143982 0.5603729486465454 0.4326106011867523
1305031458.09169 0.3315783143043518 -0.5901312828063965 0.7360713481903076 -0.8412312269210815 0.5017470121383667 0.771026074886322 0.3921334147453308 -0.6029376983642578 -0.7989404797554016 0.23929862678050995 0.5517520904541016 0.44617757201194763
1305031458.127605 0.3226974904537201 -0.5943792462348938 0.7366000413894653 -0.8408266305923462 0.49723225831985474 0.7686522006988525 0.4024101495742798 -0.6182955503463745 -0.80537348985672 0.23640450835227966 0.5435866713523865 0.46116819977760315
1305031458.159638 0.3139452040195465 -0.5920479893684387 0.7422381043434143 -0.8432331085205078 0.4964519739151001 0.7687408328056335 0.40320321917533875 -0.627606213092804 -0.8093044757843018 0.24190182983875275 0.5352659225463867 0.4805953800678253
1305031458.191646 0.3079431653022766 -0.5917476415634155 0.7449870705604553 -0.8509104251861572 0.5010017156600952 0.7665351033210754 0.4017725884914398 -0.6293732523918152 -0.8088067173957825 0.24951669573783875 0.532515823841095 0.49865058064460754
1305031458.227611 0.3068620264530182 -0.604485034942627 0.7351418733596802 -0.8512376546859741 0.5006280541419983 0.7594345808029175 0.415488600730896 -0.6398217082023621 -0.8094486594200134 0.24053490161895752 0.5356637835502625 0.5190075635910034
1305031458.259934 0.3110632300376892 -0.614544689655304 0.7249651551246643 -0.8339594602584839 0.4953129291534424 0.7558504939079285 0.4282001554965973 -0.6670606732368469 -0.8111133575439453 0.22588729858398438 0.539509117603302 0.5373942852020264
1305031458.291664 0.3104729950428009 -0.598080575466156 0.7388545870780945 -0.8435845971107483 0.4980606138706207 0.7643830180168152 0.4094558656215668 -0.6706120371818542 -0.8096555471420288 0.24086931347846985 0.5352007150650024 0.5647363662719727
1305031458.327628 0.31486019492149353 -0.5993766188621521 0.7359420657157898 -0.8423587083816528 0.5067417621612549 0.7617779970169067 0.40361762046813965 -0.6768223643302917 -0.8025434613227844 0.2458493858575821 0.5435826778411865 0.5808706283569336
1305031458.35959 0.3176394999027252 -0.5964695811271667 0.7371086478233337 -0.8287595510482788 0.5125569701194763 0.7620153427124023 0.39574989676475525 -0.6921058297157288 -0.7977408766746521 0.25210434198379517 0.5477708578109741 0.5976679921150208
1305031458.391626 0.3178868591785431 -0.5810394287109375 0.7492270469665527 -0.8304158449172974 0.5251432061195374 0.765835165977478 0.3711080551147461 -0.691190242767334 -0.789412796497345 0.27548110485076904 0.5485777854919434 0.6117626428604126
1305031458.427598 0.30914419889450073 -0.5748494267463684 0.757613480091095 -0.8270013332366943 0.5396403670310974 0.7619982957839966 0.35797616839408875 -0.6873801946640015 -0.7830824255943298 0.2981725037097931 0.5457793474197388 0.6259124279022217
1305031458.459637 0.29361915588378906 -0.5711608529090881 0.7665265798568726 -0.8103510737419128 0.5518374443054199 0.7560397982597351 0.3519647419452667 -0.6994980573654175 -0.7805531620979309 0.3196544051170349 0.5371757745742798 0.6302211880683899
1305031458.491696 0.2795774042606354 -0.5331745743751526 0.7984744310379028 -0.8079837560653687 0.5488858819007874 0.771094024181366 0.32270482182502747 -0.6982281804084778 -0.7877567410469055 0.3480503261089325 0.5082324147224426 0.6441887617111206
1305031458.527737 0.2646321952342987 -0.5020719766616821 0.8233429193496704 -0.8090205788612366 0.5461307168006897 0.7816988229751587 0.3011447489261627 -0.68942791223526 -0.7948024868965149 0.3699601888656616 0.48105964064598083 0.6617453098297119
1305031458.559628 0.25276076793670654 -0.4808940887451172 0.8395552039146423 -0.8045607805252075 0.540860116481781 0.7897167205810547 0.2895128130912781 -0.6727800369262695 -0.8022359013557434 0.3809043765068054 0.45970582962036133 0.6820884943008423
1305031458.591641 0.24646061658859253 -0.45476168394088745 0.8558323383331299 -0.8002363443374634 0.5257563591003418 0.804573655128479 0.2761184275150299 -0.6690560579299927 -0.8141483068466187 0.38190698623657227 0.437389612197876 0.7138732075691223
1305031458.627659 0.24830745160579681 -0.4383481740951538 0.8638253808021545 -0.8088589906692505 0.5244085192680359 0.8106065988540649 0.26060041785240173 -0.6452746391296387 -0.8144563436508179 0.3882884085178375 0.4311530292034149 0.7350926399230957
1305031458.659623 0.24760004878044128 -0.4487602710723877 0.8586666584014893 -0.8078325986862183 0.5206921100616455 0.8090291619300842 0.2726746201515198 -0.6501560807228088 -0.8170519471168518 0.3795868456363678 0.43398141860961914 0.7631204128265381
1305031458.691674 0.2805355489253998 -0.4551165699958801 0.845085084438324 -0.8011983633041382 0.5143049359321594 0.8146571516990662 0.2680003345012665 -0.646708607673645 -0.8104261159896851 0.3594478368759155 0.46260881423950195 0.7800973653793335
1305031458.72765 0.3134785294532776 -0.45753034949302673 0.8321040272712708 -0.7862554788589478 0.5126773715019226 0.8191338777542114 0.257257878780365 -0.6437702178955078 -0.7993078827857971 0.34595608711242676 0.4913463592529297 0.7876780033111572
1305031458.759945 0.346133291721344 -0.4382888972759247 0.8295146226882935 -0.7818655967712402 0.5035077333450317 0.8328307867050171 0.22994129359722137 -0.6356749534606934 -0.7916260361671448 0.3380766808986664 0.508952260017395 0.8076769113540649
1305031458.791632 0.3865601420402527 -0.43000009655952454 0.8158866763114929 -0.7785595655441284 0.5000330209732056 0.8410612344741821 0.20635667443275452 -0.6163724660873413 -0.774944007396698 0.3282010555267334 0.5401350259780884 0.8127462863922119
1305031458.827564 0.40786224603652954 -0.44455400109291077 0.7975087761878967 -0.7621980309486389 0.5024920701980591 0.838575005531311 0.21046075224876404 -0.6137842535972595 -0.7623322010040283 0.3149028420448303 0.5654078125953674 0.8138701319694519
1305031458.859887 0.4189683198928833 -0.44652169942855835 0.7906225323677063 -0.7478384375572205 0.501519501209259 0.839658796787262 0.20844972133636475 -0.6200035214424133 -0.7569304704666138 0.30917888879776 0.5757296085357666 0.8170484900474548
1305031458.891665 0.42607492208480835 -0.4246618151664734 0.7988255620002747 -0.7501197457313538 0.4906148612499237 0.8503294587135315 0.19035929441452026 -0.6100493669509888 -0.7601035237312317 0.310808390378952 0.5706495046615601 0.8198257684707642
1305031458.927621 0.40629419684410095 -0.4352770447731018 0.8034045100212097 -0.7537193894386292 0.49975907802581787 0.8419390916824341 0.2034188210964203 -0.61280757188797 -0.7649614214897156 0.31886085867881775 0.5596086382865906 0.8269868493080139
1305031458.959617 0.38247445225715637 -0.4582846462726593 0.802301824092865 -0.7462289333343506 0.5153011083602905 0.826542854309082 0.22647637128829956 -0.6166751980781555 -0.7669277191162109 0.3268057107925415 0.5522862076759338 0.8391655683517456
1305031458.991647 0.3690186142921448 -0.4593113958835602 0.807996392250061 -0.7392953634262085 0.5115765929222107 0.8261886835098267 0.23601168394088745 -0.6383562684059143 -0.7759605646133423 0.3262593746185303 0.53985196352005 0.8571370244026184
1305031459.027665 0.36774900555610657 -0.4390491247177124 0.819753885269165 -0.7409250736236572 0.5114767551422119 0.8317068219184875 0.2159978598356247 -0.6436864137649536 -0.7766287922859192 0.3398521840572357 0.5304228067398071 0.8834851384162903
1305031459.059631 0.3645162284374237 -0.43510016798973083 0.8232956528663635 -0.7411757111549377 0.5289009213447571 0.8244115710258484 0.20151767134666443 -0.6555337905883789 -0.7664148211479187 0.3619854152202606 0.5306362509727478 0.906132698059082
1305031459.09165 0.3693448305130005 -0.4318163990974426 0.8228724598884583 -0.7454767227172852 0.5523048639297485 0.8141263127326965 0.1793256253004074 -0.6757917404174805 -0.7473577857017517 0.3882434666156769 0.5391876101493835 0.9328399896621704
1305031459.127618 0.4074719250202179 -0.4209948778152466 0.8103888034820557 -0.7412443161010742 0.5724948048591614 0.8091334700584412 0.13248643279075623 -0.6746543645858765 -0.7114887833595276 0.4099588692188263 0.5707165598869324 0.9453872442245483
1305031459.159639 0.4356399178504944 -0.4225790500640869 0.7947608232498169 -0.7538002133369446 0.5867294073104858 0.802907407283783 0.10530088096857071 -0.6989023089408875 -0.6826172471046448 0.4204363524913788 0.5977180600166321 0.9569107890129089
1305031459.191674 0.4512663781642914 -0.4276086091995239 0.7832684516906738 -0.7608165144920349 0.6062604784965515 0.7909723520278931 0.0825280100107193 -0.7101141810417175 -0.6548333764076233 0.43762266635894775 0.616181492805481 0.9741614460945129
1305031459.227607 0.45789873600006104 -0.43493327498435974 0.7753462791442871 -0.7612061500549316 0.6244864463806152 0.7780984044075012 0.06767214089632034 -0.7080460786819458 -0.6327285766601562 0.45320624113082886 0.6279001832008362 0.9864248037338257
1305031459.25976 0.45870986580848694 -0.4454667568206787 0.768859326839447 -0.7540292739868164 0.6432911157608032 0.7633834481239319 0.05849958583712578 -0.6934943199157715 -0.6129941344261169 0.46776601672172546 0.6367363333702087 0.9885298013687134
1305031459.29169 0.4318696856498718 -0.45655107498168945 0.7778493762016296 -0.7546938061714172 0.6567932963371277 0.7502612471580505 0.07570040971040726 -0.6908193230628967 -0.6181514859199524 0.4781934916973114 0.6238747835159302 0.9948596358299255
1305031459.327632 0.3823276162147522 -0.4677251875400543 0.7969057559967041 -0.7517299056053162 0.6773102283477783 0.7285041213035583 0.10262858867645264 -0.6903783679008484 -0.6285510659217834 0.5005146861076355 0.59532231092453 1.0076805353164673
1305031459.359651 0.3154686689376831 -0.4713360369205475 0.8236029744148254 -0.7603192329406738 0.6993433237075806 0.7021241188049316 0.13394257426261902 -0.6973977088928223 -0.6414034962654114 0.5337265729904175 0.5511239171028137 1.019593596458435
1305031459.391667 0.23684652149677277 -0.48248398303985596 0.8432751297950745 -0.7773428559303284 0.7302207946777344 0.6609293818473816 0.17306046187877655 -0.6858457922935486 -0.6408442258834839 0.5747882723808289 0.5088586807250977 1.0323036909103394
1305031459.427646 0.1413002461194992 -0.5352864861488342 0.8327680826187134 -0.7721574306488037 0.7661439776420593 0.5918632745742798 0.2504419684410095 -0.6945847272872925 -0.6269431114196777 0.6026327013969421 0.49373701214790344 1.004082441329956
1305031459.459679 0.02440422773361206 -0.518962025642395 0.8544488549232483 -0.7724844217300415 0.7806258201599121 0.5438324213027954 0.3080088794231415 -0.6890712976455688 -0.6245219707489014 0.6594882011413574 0.4183870553970337 1.0403618812561035
1305031459.491555 -0.054131459444761276 -0.4955427646636963 0.8668951392173767 -0.7966229915618896 0.7833264470100403 0.5173275470733643 0.3446328043937683 -0.6763597726821899 -0.6192490458488464 0.6977174282073975 0.36016812920570374 1.080283761024475
1305031459.527594 -0.12845313549041748 -0.5058553814888 0.8530005812644958 -0.7921431064605713 0.7905668616294861 0.4670725166797638 0.3960394859313965 -0.6725963950157166 -0.598751962184906 0.7252265810966492 0.3399156332015991 1.0962167978286743
1305031459.559647 -0.19543060660362244 -0.5028077363967896 0.8420161008834839 -0.801467776298523 0.7854008078575134 0.43393510580062866 0.4414134621620178 -0.6930274963378906 -0.5873265266418457 0.7475859522819519 0.3101014494895935 1.1109673976898193
1305031459.591695 -0.23240196704864502 -0.5031996369361877 0.8323338031768799 -0.8141670227050781 0.7806910872459412 0.41388991475105286 0.46820569038391113 -0.7123093605041504 -0.5800954103469849 0.7586075067520142 0.296654611825943 1.1321794986724854
1305031459.627608 -0.24417507648468018 -0.49438580870628357 0.8342428803443909 -0.8095904588699341 0.7907580733299255 0.39645686745643616 0.46639421582221985 -0.6989318132400513 -0.5613200664520264 0.7735661864280701 0.2941346764564514 1.14438796043396
1305031459.659641 -0.2530096769332886 -0.48705393075942993 0.8359214067459106 -0.8075156211853027 0.7867599129676819 0.39924854040145874 0.47075408697128296 -0.6948087215423584 -0.5630230903625488 0.7767748236656189 0.2821807265281677 1.1563068628311157
1305031459.691604 -0.27952373027801514 -0.4799628257751465 0.8315660953521729 -0.8155882358551025 0.7778273224830627 0.39455878734588623 0.4891911745071411 -0.6971434354782104 -0.5628952383995056 0.7835553884506226 0.2630396783351898 1.1746999025344849
1305031459.727551 -0.3030986785888672 -0.48852428793907166 0.8182145953178406 -0.8153305053710938 0.7669390439987183 0.38457441329956055 0.5137187242507935 -0.7202019691467285 -0.5656285881996155 0.7832282781600952 0.2581043541431427 1.180229902267456
1305031459.759635 -0.3168967664241791 -0.48706257343292236 0.8138465881347656 -0.8132437467575073 0.7509235739707947 0.39532920718193054 0.5289881825447083 -0.7451349496841431 -0.579387903213501 0.7787714004516602 0.24046821892261505 1.191861629486084
1305031459.79165 -0.3208015561103821 -0.48381707072257996 0.814252495765686 -0.8135788440704346 0.7405269145965576 0.40786540508270264 0.5341026186943054 -0.7629706859588623 -0.5905135869979858 0.7743169665336609 0.22743572294712067 1.209495186805725
1305031459.827664 -0.3199561536312103 -0.48325443267822266 0.8149190545082092 -0.8113331198692322 0.7377203106880188 0.4126206040382385 0.5343340039253235 -0.7735378742218018 -0.59447181224823 0.7721460461616516 0.2244861125946045 1.2235915660858154
1305031459.85966 -0.31936416029930115 -0.4903911352157593 0.810877799987793 -0.8095307350158691 0.7349857091903687 0.4119469225406647 0.5386053919792175 -0.7873353958129883 -0.5981662273406982 0.7679949998855591 0.22886936366558075 1.2371151447296143
1305031459.891596 -0.31967487931251526 -0.5028228163719177 0.8031045198440552 -0.8042070865631104 0.7367040514945984 0.40112996101379395 0.5443912148475647 -0.8046361207962036 -0.5958818197250366 0.7656787633895874 0.24220049381256104 1.2455552816390991
1305031459.927607 -0.32084572315216064 -0.5071378350257874 0.7999181747436523 -0.800430178642273 0.7401925921440125 0.39266088604927063 0.5458317995071411 -0.8221517205238342 -0.5909087061882019 0.7672214508056641 0.24939608573913574 1.2517602443695068
1305031459.95965 -0.32613688707351685 -0.5065866708755493 0.7981257438659668 -0.7951133847236633 0.7423690557479858 0.3854539394378662 0.5480086207389832 -0.8307517170906067 -0.5852546095848083 0.7712296843528748 0.25036346912384033 1.2625139951705933
1305031459.991725 -0.33109936118125916 -0.5120364427566528 0.7925856113433838 -0.7875648736953735 0.7430980205535889 0.3761706054210663 0.5534446835517883 -0.841789960861206 -0.581531286239624 0.7722139954566956 0.25594332814216614 1.2707023620605469
1305031460.027565 -0.3371422588825226 -0.5164989233016968 0.7871238589286804 -0.7792729139328003 0.7453188896179199 0.36437103152275085 0.5583310127258301 -0.8577709794044495 -0.5751825571060181 0.7748953104019165 0.26211148500442505 1.272022008895874
1305031460.059659 -0.34491047263145447 -0.5136373043060303 0.785629391670227 -0.7727077007293701 0.741559624671936 0.3640088737010956 0.5635483860969543 -0.8747754096984863 -0.5754356384277344 0.7769647836685181 0.25534218549728394 1.2847050428390503
1305031460.091717 -0.3487599492073059 -0.5117563009262085 0.785157322883606 -0.7682815194129944 0.7497285604476929 0.35036250948905945 0.561384916305542 -0.8904560804367065 -0.5623820424079895 0.7844434976577759 0.26148587465286255 1.291786551475525
1305031460.12769 -0.3444201648235321 -0.5081800818443298 0.7893843650817871 -0.7615941762924194 0.7685902714729309 0.33021557331085205 0.5479293465614319 -0.9021244645118713 -0.5391138792037964 0.7954312562942505 0.2768493592739105 1.2928106784820557
1305031460.159678 -0.346163272857666 -0.4988320469856262 0.7945675849914551 -0.753483235836029 0.7806945443153381 0.31651362776756287 0.5388274788856506 -0.9150817394256592 -0.5202758312225342 0.8068369626998901 0.27987000346183777 1.3043782711029053
1305031460.191559 -0.3445633351802826 -0.5029664039611816 0.7926544547080994 -0.7456331253051758 0.7919935584068298 0.29757675528526306 0.5330986976623535 -0.9209001064300537 -0.5040062665939331 0.811463475227356 0.2958120107650757 1.3059147596359253
1305031460.227761 -0.3446512222290039 -0.5042645931243896 0.7917908430099487 -0.7314130067825317 0.797836422920227 0.28709688782691956 0.5301249027252197 -0.9180295467376709 -0.494643896818161 0.8144277930259705 0.3033723533153534 1.3016810417175293
1305031460.259667 -0.3560834228992462 -0.49699947237968445 0.791325569152832 -0.7246063351631165 0.7912653684616089 0.2901168465614319 0.5382669568061829 -0.9263207316398621 -0.49709534645080566 0.8178163766860962 0.28995266556739807 1.3031030893325806
1305031460.291689 -0.36945515871047974 -0.49259352684020996 0.7879432439804077 -0.7169766426086426 0.7824931144714355 0.2924310266971588 0.5497168302536011 -0.9345369338989258 -0.5012060403823853 0.8196558952331543 0.2774108648300171 1.3038909435272217
1305031460.327512 -0.3832957446575165 -0.4814414978027344 0.7882249355316162 -0.7077534198760986 0.773952066898346 0.2983252704143524 0.5585698485374451 -0.9377288818359375 -0.5040661096572876 0.8241457343101501 0.25826576352119446 1.3109320402145386
1305031460.35963 -0.3997423052787781 -0.47435998916625977 0.7843397259712219 -0.7022414207458496 0.764968991279602 0.29878321290016174 0.5705708265304565 -0.9419783353805542 -0.5050034523010254 0.8280768394470215 0.24343439936637878 1.3156107664108276
1305031460.391611 -0.4257836639881134 -0.47187620401382446 0.7720369696617126 -0.6919739246368408 0.7493694424629211 0.2942942976951599 0.5931578278541565 -0.9539282321929932 -0.5071030855178833 0.8310979008674622 0.2283039391040802 1.319414734840393
1305031460.427477 -0.45016929507255554 -0.4626287817955017 0.7637553215026855 -0.682828426361084 0.7385393381118774 0.2878575623035431 0.6096701622009277 -0.9610632061958313 -0.5019036531448364 0.8385182023048401 0.21208488941192627 1.321773648262024
1305031460.45962 -0.47613877058029175 -0.4540069103240967 0.7531065940856934 -0.6744215488433838 0.7245626449584961 0.2827426493167877 0.6285423040390015 -0.9641504287719727 -0.49829792976379395 0.8449463844299316 0.19433170557022095 1.3238307237625122
1305031460.491504 -0.5087941884994507 -0.4445353150367737 0.7372359037399292 -0.6696271300315857 0.7032738924026489 0.2792896628379822 0.6537606716156006 -0.9688116312026978 -0.4965220093727112 0.8511084318161011 0.17052915692329407 1.33443284034729
