0.1037359 0.999995768070221 -0.0017276008147746325 -0.002307814545929432 -0.004062357824295759 0.0017237024148926139 0.9999970197677612 -0.0016902118222787976 -0.001256877207197249 0.002310729119926691 0.0016862272750586271 0.9999958872795105 0.04884544014930725
0.2073381 0.999975323677063 -0.000588705122936517 -0.0070089902728796005 -0.004308467265218496 0.0005637810099869967 0.9999935030937195 -0.003557453863322735 -0.001114455983042717 0.007011041045188904 0.0035534140188246965 0.9999691247940063 0.09287787973880768
0.3110752 0.9999381899833679 -0.0006130672409199178 -0.011093582026660442 -0.004901864565908909 0.0005596868577413261 0.9999882578849792 -0.00481427414342761 -0.0014514510985463858 0.011096403934061527 0.004807768855243921 0.9999268651008606 0.1363862007856369
0.4146917 0.9998681545257568 0.0008408062276430428 -0.01621209643781185 -0.005710025317966938 -0.0009291339083574712 0.9999847412109375 -0.005441491026431322 -0.0018135580467060208 0.01620727963745594 0.005455836188048124 0.999853789806366 0.18022289872169495
0.5184302 0.9997903108596802 -0.00046015167026780546 -0.020473191514611244 -0.006773730274289846 0.00034147698897868395 0.9999831318855286 -0.005799710750579834 -0.002169220242649317 0.020475516095757484 0.0057915025390684605 0.9997735619544983 0.22425900399684906
0.6220448 0.9996960759162903 0.001634495216421783 -0.02459815703332424 -0.008605662733316422 -0.0018064850009977818 0.9999740123748779 -0.006971376948058605 -0.002730873180553317 0.024586129933595657 0.007013692986220121 0.9996731281280518 0.2694542407989502
0.7257977 0.9995570182800293 0.0044232942163944244 -0.029427913948893547 -0.01048829685896635 -0.004653285723179579 0.9999591112136841 -0.007751531433314085 -0.003188593313097954 0.0293924231082201 0.007885035127401352 0.9995368719100952 0.3154270052909851
0.8294199 0.9994235634803772 0.00474585173651576 -0.03361444175243378 -0.012428442016243935 -0.004962794948369265 0.9999673962593079 -0.006373395211994648 -0.00344279408454895 0.033583108335733414 0.0065365438349545 0.9994145035743713 0.3625428378582001
0.9331467 0.9992532730102539 0.0035284089390188456 -0.038474492728710175 -0.013998769223690033 -0.0036546140909194946 0.9999881982803345 -0.0032103999983519316 -0.004341105464845896 0.03846271336078644 0.0033486129250377417 0.9992544054985046 0.41026628017425537
1.03691 0.9991322159767151 0.0035472186282277107 -0.04149768874049187 -0.016636881977319717 -0.0035899095237255096 0.999993085861206 -0.0009542738553136587 -0.004473184235394001 0.04149403050541878 0.0011024191044270992 0.9991381168365479 0.45804163813591003
1.140497 0.9990284442901611 0.004774064756929874 -0.04380885139107704 -0.019606180489063263 -0.004838699009269476 0.9999873042106628 -0.0013694250956177711 -0.005112732294946909 0.043801769614219666 0.0015800726832821965 0.9990389347076416 0.5069372057914734
1.244242 0.9989293217658997 0.004180154297500849 -0.04607222229242325 -0.021789776161313057 -0.0042200335301458836 0.9999907612800598 -0.0007683414150960743 -0.006110206712037325 0.04606858640909195 0.0009619453921914101 0.9989378452301025 0.5556051731109619
1.347979 0.99885094165802 0.0012985107023268938 -0.04790806770324707 -0.024343866854906082 -0.0013973070308566093 0.9999970197677612 -0.0020287756342440844 -0.005971255712211132 0.04790528491139412 0.002093386836349964 0.9988497495651245 0.6054520606994629
1.451596 0.9987511038780212 0.001454367651604116 -0.04994295537471771 -0.026980668306350708 -0.0015293554170057178 0.9999977946281433 -0.0014632875099778175 -0.006140400655567646 0.04994071274995804 0.001537840347737074 0.9987511038780212 0.6554234027862549
1.555212 0.9986862540245056 -0.0007188969175331295 -0.051237210631370544 -0.029772499576210976 0.0006341691478155553 0.9999983906745911 -0.0016698800027370453 -0.006669408176094294 0.05123833194375038 0.0016351930098608136 0.9986851215362549 0.7061573266983032
1.65896 0.9986303448677063 0.0014131146017462015 -0.05230268836021423 -0.03382636234164238 -0.0015825850423425436 0.999993622303009 -0.003198914462700486 -0.007796833291649818 0.052297841757535934 0.003277306444942951 0.998626172542572 0.7563459873199463
1.762569 0.9985050559043884 0.0018683564849197865 -0.05462722107768059 -0.03567027673125267 -0.0022297175601124763 0.9999760985374451 -0.006554835941642523 -0.007836764678359032 0.05461367964744568 0.006666840519756079 0.9984853267669678 0.8085276484489441
1.866302 0.9984294176101685 0.005971025675535202 -0.055705055594444275 -0.03976241871714592 -0.006429159548133612 0.9999470114707947 -0.008048681542277336 -0.008663958869874477 0.055654048919677734 0.008394177071750164 0.9984148144721985 0.8595346212387085
1.969923 0.9983352422714233 0.006780467927455902 -0.057277828454971313 -0.04265753924846649 -0.007244428154081106 0.9999426007270813 -0.007896432653069496 -0.009432658553123474 0.05722099542617798 0.008298232220113277 0.9983270764350891 0.9127362966537476
2.073666 0.9982593059539795 0.005722545552998781 -0.058699723333120346 -0.04592835158109665 -0.006058253347873688 0.9999662637710571 -0.00554271787405014 -0.010850285179913044 0.05866602063179016 0.005888686515390873 0.9982603192329407 0.9654973149299622
2.177281 0.9981732964515686 0.0068364194594323635 -0.06002792343497276 -0.04909178242087364 -0.007156853564083576 0.9999613165855408 -0.005124710034579039 -0.010760264471173286 0.05999055877327919 0.0055449604988098145 0.99818354845047 1.0183781385421753
2.281017 0.9981200098991394 0.006288642529398203 -0.06096641346812248 -0.05256969481706619 -0.0065847826190292835 0.9999674558639526 -0.004657709039747715 -0.01188612449914217 0.06093515083193779 0.005050403065979481 0.9981289505958557 1.071441650390625
2.384639 0.9980437755584717 0.005983436480164528 -0.06223244220018387 -0.05612720176577568 -0.006368601694703102 0.9999617338180542 -0.005992603022605181 -0.012176891788840294 0.06219421327114105 0.006377211306244135 0.9980436563491821 1.124280571937561
2.48825 0.9979910850524902 0.005426810123026371 -0.06312251836061478 -0.059974998235702515 -0.005848485045135021 0.9999618530273438 -0.006497402675449848 -0.013419505208730698 0.06308485567569733 0.006853519473224878 0.9979847073554993 1.1781957149505615
2.591988 0.9979210495948792 0.004647762048989534 -0.06428015977144241 -0.06283393502235413 -0.004984808154404163 0.9999746680259705 -0.005084011238068342 -0.0136575847864151 0.06425490230321884 0.005393865518271923 0.997918963432312 1.231615662574768
2.695832 0.997920036315918 0.005622900556772947 -0.06421897560358047 -0.06660487502813339 -0.005747185088694096 0.9999819397926331 -0.0017507595475763083 -0.014454569667577744 0.06420797854661942 0.0021161960903555155 0.9979343414306641 1.2864983081817627
2.799367 0.9979705810546875 0.006515034008771181 -0.06334254145622253 -0.07015074044466019 -0.006388666108250618 0.9999771118164062 0.002197327557951212 -0.015158379450440407 0.06335543096065521 -0.001788194291293621 0.9979894161224365 1.33945631980896
2.903084 0.9980549216270447 0.0055009122006595135 -0.062097083777189255 -0.07316931337118149 -0.005235716234892607 0.9999764561653137 0.004432571120560169 -0.015219511464238167 0.06212002411484718 -0.004098827019333839 0.9980602264404297 1.393858551979065
3.006768 0.9982025623321533 0.0058064754121005535 -0.05964873731136322 -0.07741880416870117 -0.005471850745379925 0.999968409538269 0.005771733820438385 -0.01594296284019947 0.05968036875128746 -0.005434970837086439 0.9982027411460876 1.4482568502426147
3.110441 0.9982351660728455 0.006125080399215221 -0.05906911939382553 -0.08011763542890549 -0.005979245528578758 0.9999786615371704 0.0026453188620507717 -0.01608183979988098 0.05908406525850296 -0.0022874614223837852 0.9982503652572632 1.5039833784103394
3.214057 0.9983139038085938 0.007295089773833752 -0.05758583918213844 -0.08428467810153961 -0.007461271248757839 0.9999685883522034 -0.002671316731721163 -0.01583363115787506 0.05756455287337303 0.0030964775942265987 0.9983369708061218 1.5590415000915527
3.317669 0.9983911514282227 0.006416558753699064 -0.05633789300918579 -0.08742252737283707 -0.006718503776937723 0.9999640583992004 -0.0051717511378228664 -0.01690472662448883 0.05630268529057503 0.005541937425732613 0.9983983635902405 1.6135016679763794
3.421285 0.9984372854232788 0.004294921178370714 -0.05571870133280754 -0.09026771038770676 -0.004531999118626118 0.999981164932251 -0.00412923377007246 -0.017812559381127357 0.055699922144412994 0.004375298507511616 0.9984380006790161 1.669054388999939
3.524925 0.998433530330658 0.002636966062709689 -0.05588835850358009 -0.09321858733892441 -0.002611776115372777 0.9999964833259583 0.0005237589357420802 -0.018113642930984497 0.055889543145895004 -0.00037697062361985445 0.9984369277954102 1.7253824472427368
3.628545 0.9984303712844849 -0.00074088602559641 -0.05600002035498619 -0.09686105698347092 0.0009407924953848124 0.9999933242797852 0.0035434765741229057 -0.018528159707784653 0.05599701404571533 -0.0035905996337532997 0.9984245300292969 1.7823346853256226
3.732256 0.9983060956001282 -0.007821708917617798 -0.057651299983263016 -0.09909189492464066 0.008026008494198322 0.9999622702598572 0.00331300450488925 -0.01953905075788498 0.05762322247028351 -0.0037701029796153307 0.9983312487602234 1.8378738164901733
3.835871 0.9981824159622192 -0.009394621476531029 -0.05952968820929527 -0.10195467621088028 0.009359952062368393 0.9999557733535767 -0.0008612116798758507 -0.019830266013741493 0.05953514575958252 0.00030245142988860607 0.9982261657714844 1.8940539360046387
3.939488 0.9981404542922974 -0.009757046587765217 -0.06016943231225014 -0.10624445974826813 0.009508229792118073 0.9999450445175171 -0.00442019896581769 -0.02044953778386116 0.0602092370390892 0.0038398737087845802 0.9981784224510193 1.9499585628509521
4.043107 0.9980444312095642 -0.00872116070240736 -0.06189701333642006 -0.11040841042995453 0.008409879170358181 0.9999507069587708 -0.005287766922265291 -0.0207651499658823 0.06194007396697998 0.004756879527121782 0.9980685114860535 2.007329225540161
4.146888 0.9979733228683472 -0.009060710668563843 -0.06298527866601944 -0.11405345797538757 0.008835496380925179 0.9999534487724304 -0.003853325266391039 -0.021497536450624466 0.06301724910736084 0.0032890106085687876 0.99800705909729 2.065058946609497
4.25046 0.9979144334793091 -0.0063797663897275925 -0.06423448771238327 -0.11786497384309769 0.006358740851283073 0.9999796152114868 -0.0005318024195730686 -0.022788651287555695 0.06423656642436981 0.00012224260717630386 0.9979347586631775 2.122495412826538
4.354202 0.9978298544883728 -0.005814830306917429 -0.0655873641371727 -0.12168553471565247 0.005857673939317465 0.9999827146530151 0.0004609398019965738 -0.023230962455272675 0.06558352708816528 -0.000844129070173949 0.9978467226028442 2.1801631450653076
4.45794 0.9977567195892334 -0.004163349512964487 -0.06681565195322037 -0.12575098872184753 0.004368117544800043 0.9999861717224121 0.0029188550543040037 -0.023708166554570198 0.06680257618427277 -0.0032041657250374556 0.9977611303329468 2.2385730743408203
4.561559 0.9977855682373047 -0.0048609403893351555 -0.0663364976644516 -0.12990370392799377 0.005282440688461065 0.9999669194221497 0.006180030293762684 -0.02441287599503994 0.0663042739033699 -0.00651676207780838 0.9977781772613525 2.2957687377929688
4.665293 0.9977951049804688 0.0018441181164234877 -0.06634410470724106 -0.13465113937854767 -0.001315003028139472 0.9999669790267944 0.008018096908926964 -0.024572324007749557 0.06635668873786926 -0.007913175970315933 0.997764527797699 2.3526852130889893
4.768912 0.9977612495422363 0.0010648613097146153 -0.06686649471521378 -0.13874706625938416 -0.0005512407515197992 0.9999701976776123 0.007699263747781515 -0.025036882609128952 0.06687269359827042 -0.0076451669447124004 0.9977322220802307 2.410771608352661
4.872532 0.9977399706840515 0.0011867755092680454 -0.06718127429485321 -0.1418095976114273 -0.0007569259614683688 0.9999790787696838 0.00642344681546092 -0.025555701926350594 0.06718748062849045 -0.006358077749609947 0.9977201223373413 2.4679646492004395
4.976146 0.9977632761001587 0.0035843951627612114 -0.0667496770620346 -0.1469620019197464 -0.0033545647747814655 0.9999880194664001 0.0035549334716051817 -0.025473516434431076 0.06676162779331207 -0.003323066746816039 0.9977633953094482 2.5247395038604736
5.079909 0.9977325201034546 0.003525504842400551 -0.06721141934394836 -0.1516307145357132 -0.003304352518171072 0.9999887347221375 0.003401285968720913 -0.02608654275536537 0.06722265481948853 -0.0031714830547571182 0.9977329969406128 2.5817716121673584
5.183503 0.9976107478141785 0.0009503148030489683 -0.06907825171947479 -0.15461841225624084 -0.0006244597025215626 0.9999886155128479 0.004738625138998032 -0.02648545429110527 0.06908197700977325 -0.004684166982769966 0.9975999593734741 2.638388156890869
5.287117 0.9975268244743347 0.0017042984254658222 -0.07026510685682297 -0.15838122367858887 -0.0013033738359808922 0.9999827146530151 0.005751340184360743 -0.027201320976018906 0.07027368992567062 -0.005645534954965115 0.9975117444992065 2.6954381465911865
5.390861 0.9975061416625977 0.0049158427864313126 -0.07040790468454361 -0.16334986686706543 -0.004805862437933683 0.9999869465827942 0.0017313563730567694 -0.02750636637210846 0.07041551172733307 -0.0013886683154851198 0.9975167512893677 2.752079486846924
5.494473 0.9974669218063354 0.004631387069821358 -0.07098054140806198 -0.16695795953273773 -0.004773596301674843 0.999987006187439 -0.0018340067472308874 -0.028321342542767525 0.07097112387418747 0.002168193692341447 0.9974759817123413 2.806002140045166
5.598233 0.99742192029953 0.005510156042873859 -0.07154892385005951 -0.1709456443786621 -0.0057440041564404964 0.99997878074646 -0.003063029609620571 -0.028923803940415382 0.07153052091598511 0.003466110210865736 0.997432291507721 2.8627102375030518
5.701829 0.9974105954170227 0.004211415536701679 -0.07179473340511322 -0.17498546838760376 -0.004200405906885862 0.9999911785125732 0.0003043244360014796 -0.029639389365911484 0.07179538160562515 -1.9692868136189645e-06 0.9974194169044495 2.91740083694458
5.805571 0.9973939061164856 0.0027182733174413443 -0.0720982626080513 -0.1787833869457245 -0.0025236448273062706 0.9999929666519165 0.002790444763377309 -0.029787559062242508 0.07210533320903778 -0.0026012221351265907 0.9973936080932617 2.9730746746063232
5.909185 0.9973750114440918 0.0006493679829873145 -0.07240629196166992 -0.18263205885887146 -0.00034222076646983624 0.9999908804893494 0.004254322033375502 -0.03116915374994278 0.07240838557481766 -0.004218375310301781 0.997366189956665 3.0274484157562256
6.012921 0.9973670840263367 -0.0031599821522831917 -0.07244844734668732 -0.1864829957485199 0.0034168523270636797 0.999988317489624 0.003421895205974579 -0.03203345090150833 0.07243678718805313 -0.003660431131720543 0.9973663091659546 3.082010269165039
6.116541 0.9973466992378235 -0.005012831650674343 -0.07262484729290009 -0.19084331393241882 0.0051454403437674046 0.9999855756759644 0.0016389735974371433 -0.032416921108961105 0.07261558622121811 -0.0020083116833120584 0.9973581433296204 3.136937141418457
6.220278 0.997244656085968 -0.006473996210843325 -0.07389865815639496 -0.19443105161190033 0.006729429122060537 0.9999722838401794 0.003208058886229992 -0.03332647308707237 0.07387585937976837 -0.003696515690535307 0.9972606301307678 3.191235303878784
6.323895 0.9971297383308411 -0.01011672057211399 -0.0750325471162796 -0.19836467504501343 0.010675483383238316 0.9999183416366577 0.0070495884865522385 -0.03346617519855499 0.07495507597923279 -0.007830364629626274 0.9971561431884766 3.24520206451416
6.427659 0.9970996975898743 -0.010954008437693119 -0.0753137394785881 -0.20308656990528107 0.011914980597794056 0.9998531341552734 0.012322111055254936 -0.03394324332475662 0.0751676857471466 -0.013183735311031342 0.9970837831497192 3.300178289413452
6.531383 0.9970954060554504 -0.00881910789757967 -0.0756518542766571 -0.20731420814990997 0.009938853792846203 0.999846339225769 0.01443761121481657 -0.03413990139961243 0.07551290839910507 -0.015147569589316845 0.9970298409461975 3.3533847332000732
6.634992 0.9969849586486816 -0.00826377421617508 -0.07715483754873276 -0.21136227250099182 0.009103752672672272 0.9999029636383057 0.01054157130420208 -0.034313153475522995 0.07706023007631302 -0.011212187819182873 0.9969634413719177 3.406745195388794
6.738741 0.9969667792320251 -0.005209565162658691 -0.07765495777130127 -0.21649783849716187 0.005403690971434116 0.9999827742576599 0.002289930358529091 -0.034725673496723175 0.07764168828725815 -0.0027026087045669556 0.9969778060913086 3.4594693183898926
6.84235 0.9968175888061523 -0.004808949772268534 -0.07956981658935547 -0.2201445996761322 0.0046410467475652695 0.9999867081642151 -0.002294932259246707 -0.034989140927791595 0.07957979291677475 0.0019183421973139048 0.996826708316803 3.5117194652557373
6.945963 0.9967498183250427 -0.0006199697963893414 -0.08055558800697327 -0.22476306557655334 0.0005126550095155835 0.9999989867210388 -0.0013528511626645923 -0.03538203611969948 0.08055633306503296 0.001307157101109624 0.9967492818832397 3.563821792602539
7.049705 0.996675431728363 0.002999297110363841 -0.08141811192035675 -0.22954919934272766 -0.00293905520811677 0.9999952912330627 0.0008597454871051013 -0.036625027656555176 0.08142030984163284 -0.0006175947492010891 0.9966796040534973 3.614762306213379
7.153323 0.9965823888778687 0.005650466773658991 -0.08240986615419388 -0.23406019806861877 -0.005454158876091242 0.9999817609786987 0.002607033122330904 -0.03751535341143608 0.08242309093475342 -0.002148647094145417 0.9965950846672058 3.6645472049713135
7.256934 0.996497392654419 0.006226545199751854 -0.08339088410139084 -0.23864030838012695 -0.006074622739106417 0.9999793767929077 0.002075419295579195 -0.037929169833660126 0.08340207487344742 -0.0015615816228091717 0.9965148568153381 3.7139031887054443
7.360549 0.9963312745094299 0.00833780225366354 -0.08517276495695114 -0.2428966909646988 -0.008099301718175411 0.9999622106552124 0.0031453673727810383 -0.03893421217799187 0.08519577234983444 -0.002443987876176834 0.996361255645752 3.761970043182373
7.464167 0.99623042345047 0.008889410644769669 -0.08628938347101212 -0.24735751748085022 -0.008591662161052227 0.9999557733535767 0.0038213746156543493 -0.03968437388539314 0.08631954342126846 -0.003065601224079728 0.996262788772583 3.810035467147827
7.567786 0.9961050152778625 0.008884910494089127 -0.08772699534893036 -0.2516363263130188 -0.0085676871240139 0.9999553561210632 0.003991917707026005 -0.040161460638046265 0.08775854855775833 -0.0032247519120573997 0.996136486530304 3.857131242752075
7.671396 0.9959977269172668 0.008342353627085686 -0.08898769319057465 -0.25609782338142395 -0.007912000641226768 0.9999552965164185 0.005187726113945246 -0.040590107440948486 0.08902698010206223 -0.0044628931209445 0.996019184589386 3.9040613174438477
7.775144 0.9958531260490417 0.011221903376281261 -0.09027990698814392 -0.2607399523258209 -0.010558821260929108 0.99991375207901 0.007818984799087048 -0.04092578962445259 0.09035985171794891 -0.006833312101662159 0.9958857893943787 3.9504101276397705
7.878754 0.9957260489463806 0.012500210665166378 -0.09150529652833939 -0.2645559310913086 -0.011446032673120499 0.9998621344566345 0.012036170810461044 -0.041495393961668015 0.09164313226938248 -0.010937358252704144 0.9957318902015686 3.9938740730285645
7.982493 0.9955471754074097 0.01602352224290371 -0.09289190173149109 -0.26949912309646606 -0.014822141267359257 0.9997974634170532 0.013608699664473534 -0.041406914591789246 0.09309114515781403 -0.01217124704271555 0.995583176612854 4.0376763343811035
8.086111 0.9953941106796265 0.018922539427876472 -0.09398012608289719 -0.27407369017601013 -0.018090762197971344 0.9997893571853638 0.009694760665297508 -0.04190490394830704 0.09414378553628922 -0.007949937134981155 0.995526909828186 4.079804420471191
8.189849 0.995262622833252 0.018457572907209396 -0.09545474499464035 -0.278093159198761 -0.01827688328921795 0.9998292326927185 0.002766970545053482 -0.04294329136610031 0.09548952430486679 -0.0010092491284012794 0.9954299926757812 4.121832847595215
8.29347 0.9951530694961548 0.017944015562534332 -0.09668654203414917 -0.28280603885650635 -0.0183792132884264 0.9998246431350708 -0.003612351370975375 -0.04289715737104416 0.09660476446151733 0.005371865816414356 0.9953082799911499 4.16214656829834
8.397102 0.9951801300048828 0.018846673890948296 -0.0962362065911293 -0.28808853030204773 -0.019434479996562004 0.9997978806495667 -0.005174196325242519 -0.04287520796060562 0.0961192324757576 0.007019557524472475 0.9953451156616211 4.2015838623046875
8.500847 0.994998037815094 0.021600324660539627 -0.09753137826919556 -0.29096150398254395 -0.021834395825862885 0.9997608661651611 -0.0013331947848200798 -0.043863050639629364 0.09747924655675888 0.003456065198406577 0.995231568813324 4.239623546600342
8.604438 0.994794487953186 0.02178223989903927 -0.09954580664634705 -0.2948782444000244 -0.021721787750720978 0.9997626543045044 0.0016912366263568401 -0.04586640000343323 0.0995590016245842 0.0004798799636773765 0.9950315356254578 4.278450965881348
8.708175 0.9947602152824402 0.018476463854312897 -0.10055168718099594 -0.29806259274482727 -0.0187542662024498 0.9998224973678589 -0.001818100456148386 -0.04625385254621506 0.10050023347139359 0.003694347571581602 0.9949302077293396 4.3144402503967285
8.811795 0.9948609471321106 0.010790050029754639 -0.1006726622581482 -0.30067867040634155 -0.011527054011821747 0.999910831451416 -0.006741936784237623 -0.04725566878914833 0.10059093683958054 0.007867748849093914 0.9948967695236206 4.348416328430176
8.915403 0.9950404167175293 0.006595529615879059 -0.09925208985805511 -0.3047538995742798 -0.00782623328268528 0.9998971819877625 -0.0120155094191432 -0.047525107860565186 0.09916263818740845 0.012732689268887043 0.9949897527694702 4.383653163909912
9.019162 0.9952900409698486 0.008552412502467632 -0.096562959253788 -0.307692289352417 -0.009764566086232662 0.9998793005943298 -0.012087410315871239 -0.048544369637966156 0.09644792973995209 0.012973375618457794 0.9952535033226013 4.41771936416626
9.12289 0.995648980140686 0.0134107805788517 -0.09221265465021133 -0.31149712204933167 -0.014313437044620514 0.9998558759689331 -0.00913446769118309 -0.04924046993255615 0.0920768678188324 0.010414604097604752 0.9956974983215332 4.44979190826416
9.226512 0.996076762676239 0.012112723663449287 -0.08765987306833267 -0.3140062093734741 -0.012672048062086105 0.9999026656150818 -0.005826928187161684 -0.05012647807598114 0.08758078515529633 0.006914899684488773 0.9961334466934204 4.482037544250488
9.330247 0.9965954422950745 0.008389781229197979 -0.0820179134607315 -0.31596091389656067 -0.008558043278753757 0.9999619126319885 -0.0017001801170408726 -0.050804927945137024 0.08200053125619888 0.0023963041603565216 0.9966294765472412 4.513133525848389
9.433986 0.9972511529922485 0.0036784757394343615 -0.07400328665971756 -0.3170825242996216 -0.00355643592774868 0.9999920129776001 0.0017808428965508938 -0.051631860435009 0.0740092545747757 -0.001512759830802679 0.9972563982009888 4.54319429397583
9.537749 0.9980019927024841 0.007811285555362701 -0.06269677728414536 -0.31986767053604126 -0.007739404682070017 0.9999691247940063 0.001389227225445211 -0.052004534751176834 0.06270569562911987 -0.0009012155933305621 0.9980316758155823 4.573265075683594
9.641587 0.9987813830375671 0.012755201198160648 -0.04767370596528053 -0.32114288210868835 -0.012708665803074837 0.9999184012413025 0.0012790895998477936 -0.052828893065452576 0.047686126083135605 -0.0006716616335324943 0.9988622069358826 4.601995468139648
9.745342 0.9994144439697266 0.017960593104362488 -0.029122330248355865 -0.3221815526485443 -0.017936639487743378 0.9998385310173035 0.0010836445726454258 -0.052527833729982376 0.029137082397937775 -0.0005606531631201506 0.9995753765106201 4.63015604019165
9.849229 0.9998379945755005 0.01650223508477211 -0.007188304793089628 -0.32158735394477844 -0.016487808898091316 0.9998618960380554 0.002061692764982581 -0.053355053067207336 0.007221336010843515 -0.0019428395899012685 0.9999719858169556 4.657804489135742
9.953059 0.99973064661026 0.013200487941503525 0.019093865528702736 -0.3198140561580658 -0.013247497379779816 0.999909520149231 0.0023375404998660088 -0.05314807966351509 -0.01906128227710724 -0.0025898569729179144 0.9998149871826172 4.684701442718506
10.05693 0.9987378120422363 0.012190623208880424 0.04872517287731171 -0.3174207806587219 -0.012396570295095444 0.9999154806137085 0.003926737233996391 -0.05375555902719498 -0.04867318272590637 -0.004525806289166212 0.99880450963974 4.710418224334717
10.16083 0.9966078400611877 0.011432488448917866 0.08149860054254532 -0.3137691020965576 -0.011917278170585632 0.9999141097068787 0.00546445045620203 -0.054493844509124756 -0.081429123878479 -0.0064171552658081055 0.996658444404602 4.736822128295898
10.26466 0.9927259683609009 0.011819133535027504 0.11981408298015594 -0.31018394231796265 -0.012598463334143162 0.999904215335846 0.005749091040343046 -0.05462520197033882 -0.11973463743925095 -0.007216745056211948 0.9927796721458435 4.761909008026123
10.36867 0.9868572354316711 0.012309787794947624 0.16112513840198517 -0.3043425679206848 -0.013240344822406769 0.999901294708252 0.0047029065899550915 -0.05427844822406769 -0.16105134785175323 -0.00677444925531745 0.9869228601455688 4.785843849182129
10.47264 0.9785186648368835 0.011127777397632599 0.20585747063159943 -0.298184871673584 -0.012670932337641716 0.9999006390571594 0.006179386284202337 -0.055929504334926605 -0.20576827228069305 -0.008655051700770855 0.9785624146461487 4.808997631072998
10.57663 0.9668055772781372 0.013361424207687378 0.2551635205745697 -0.2910592555999756 -0.015004916116595268 0.9998773336410522 0.00449535483494401 -0.05667649209499359 -0.2550721764564514 -0.008174841292202473 0.9668874144554138 4.831730365753174
10.68062 0.9513945579528809 0.013729545287787914 0.30766817927360535 -0.2815098762512207 -0.015011095441877842 0.9998855590820312 0.0017990069463849068 -0.05743603780865669 -0.30760836601257324 -0.00633000023663044 0.9514919519424438 4.853806972503662
10.78461 0.9317620396614075 0.014787228778004646 0.36276835203170776 -0.27117979526519775 -0.0152452252805233 0.9998824596405029 -0.0016003877390176058 -0.05721578374505043 -0.3627493679523468 -0.004039304796606302 0.9318780303001404 4.8745436668396
10.88875 0.907414972782135 0.015650605782866478 0.4199441969394684 -0.2602170705795288 -0.01568625494837761 0.9998712539672852 -0.0033686624374240637 -0.05758962035179138 -0.4199429154396057 -0.0035305768251419067 0.9075436592102051 4.8938984870910645
10.99272 0.8779986500740051 0.01576366275548935 0.4784035086631775 -0.24779081344604492 -0.014672789722681046 0.9998742341995239 -0.006017910782247782 -0.057787150144577026 -0.47843822836875916 -0.0017357980832457542 0.8781195282936096 4.913490295410156
11.09659 0.8446551561355591 0.014932199381291866 0.5351024866104126 -0.23328375816345215 -0.012248300947248936 0.9998883008956909 -0.008568343706429005 -0.05797961354255676 -0.5351706743240356 0.0006831982173025608 0.8447437286376953 4.931473255157471
11.20057 0.8080048561096191 0.015122906304895878 0.5889817476272583 -0.21817803382873535 -0.011266550049185753 0.9998844265937805 -0.010217180475592613 -0.05839335918426514 -0.5890680551528931 0.001619739574380219 0.8080818057060242 4.947770118713379
11.30431 0.7678524255752563 0.012641028501093388 0.6405019760131836 -0.20221900939941406 -0.009213748387992382 0.9999197721481323 -0.008688835427165031 -0.059405937790870667 -0.6405604481697083 0.0007703211158514023 0.7679073810577393 4.963706016540527
11.40818 0.7261177897453308 0.01240538340061903 0.6874583959579468 -0.1851048469543457 -0.01009904034435749 0.9999217391014099 -0.007376914378255606 -0.059593819081783295 -0.6874962449073792 -0.001586161321029067 0.7261862754821777 4.977427959442139
11.51192 0.6801278591156006 0.011898945085704327 0.7329970002174377 -0.16764616966247559 -0.009540350176393986 0.999927282333374 -0.00737987132743001 -0.0598006546497345 -0.733031690120697 -0.0019737938418984413 0.6801917552947998 4.991375923156738
11.61553 0.6345780491828918 0.010372812859714031 0.7727891206741333 -0.14858531951904297 -0.006335152313113213 0.9999461770057678 -0.00821971707046032 -0.06078080087900162 -0.7728328704833984 0.0003203153028152883 0.6346095204353333 5.002776145935059
11.71927 0.5880131721496582 0.007607596460729837 0.8088154792785645 -0.12941622734069824 -0.00031078464235179126 0.9999578595161438 -0.009179510176181793 -0.06127484142780304 -0.8088513016700745 0.005146305542439222 0.5879908204078674 5.013018608093262
11.82277 0.5417895913124084 0.009873416274785995 0.8404560089111328 -0.10964179039001465 -0.0020137156825512648 0.9999433755874634 -0.010448907501995564 -0.06178337335586548 -0.8405117392539978 0.003968669567257166 0.5417789220809937 5.022787094116211
11.92638 0.49359166622161865 0.012764384038746357 0.8696000576019287 -0.09029889106750488 -0.005950696766376495 0.9999184012413025 -0.011299596168100834 -0.06251421570777893 -0.8696733713150024 0.000402660109102726 0.4936274588108063 5.032677173614502
12.03 0.44839414954185486 0.014964770525693893 0.8937105536460876 -0.06967735290527344 -0.006598466541618109 0.9998880624771118 -0.013432066887617111 -0.0630306750535965 -0.8938115835189819 0.00012574048014357686 0.4484426975250244 5.040847301483154
12.13361 0.40555787086486816 0.012128584086894989 0.9139888882637024 -0.04920005798339844 0.0011335361050441861 0.9999045133590698 -0.013771657831966877 -0.06367470324039459 -0.9140686392784119 0.006621242500841618 0.4055054187774658 5.0477070808410645
12.2371 0.36670827865600586 0.0046415776014328 0.930324375629425 -0.02722156047821045 0.016789641231298447 0.99979168176651 -0.011606179177761078 -0.06382760405540466 -0.930184543132782 0.019875893369317055 0.3665539026260376 5.052639484405518
12.3406 0.3309566080570221 0.001187430345453322 0.9436452388763428 -0.005459427833557129 0.02039227820932865 0.9997567534446716 -0.008410047739744186 -0.06429434567689896 -0.9434256553649902 0.022026436403393745 0.33085179328918457 5.058539390563965
12.44411 0.2978808879852295 0.004887500777840614 0.9545906186103821 0.016210436820983887 0.017535682767629623 0.9997901916503906 -0.010590950958430767 -0.06498834490776062 -0.9544420838356018 0.019894234836101532 0.2977326214313507 5.064202308654785
12.54767 0.26654690504074097 0.012922036461532116 0.9637352228164673 0.038976311683654785 0.007112856954336166 0.9998565316200256 -0.015373610891401768 -0.06565697491168976 -0.9637956023216248 0.010952699929475784 0.2664167881011963 5.070523738861084
12.65107 0.2373962104320526 0.017045563086867332 0.9712632894515991 0.0613703727722168 0.0025991685688495636 0.9998313784599304 -0.018182216212153435 -0.066724494099617 -0.9714093804359436 0.006840868387371302 0.2373119294643402 5.075948715209961
12.75469 0.21268612146377563 0.01896039955317974 0.9769365191459656 0.08538401126861572 0.0033183610066771507 0.9997920393943787 -0.02012641169130802 -0.06771496683359146 -0.9771149158477783 0.007522439118474722 0.21257896721363068 5.07947301864624
12.85806 0.18965090811252594 0.020988939329981804 0.9816271066665649 0.10997670888900757 0.010531662963330746 0.9996703863143921 -0.023409461602568626 -0.06823486089706421 -0.9817950129508972 0.014777792617678642 0.189367413520813 5.082474231719971
12.96167 0.16937008500099182 0.026315083727240562 0.9852010607719421 0.1344051957130432 0.017939794808626175 0.999395489692688 -0.02977832406759262 -0.06861657649278641 -0.9853892922401428 0.022717861458659172 0.168795645236969 5.085163116455078
13.0652 0.14960622787475586 0.03336267173290253 0.9881826043128967 0.1598886251449585 0.019863033667206764 0.9991273880004883 -0.03673936054110527 -0.06855300068855286 -0.9885461330413818 0.02512473613023758 0.14881299436092377 5.088171482086182
13.16877 0.1325523853302002 0.03414146974682808 0.9905878901481628 0.18646079301834106 0.01690095104277134 0.9991834759712219 -0.03669927269220352 -0.06954936683177948 -0.9910320043563843 0.021606452763080597 0.13186712563037872 5.091193199157715
13.27235 0.11620279401540756 0.02969839982688427 0.992781400680542 0.2139134407043457 0.01523467618972063 0.999381959438324 -0.03167903795838356 -0.07093112915754318 -0.9931086301803589 0.018805893138051033 0.11567854881286621 5.094454288482666
13.37588 0.10163179785013199 0.02639981359243393 0.9944716691970825 0.2421754002571106 0.015639346092939377 0.9994817972183228 -0.028131110593676567 -0.07220427691936493 -0.9946990609169006 0.018411902710795403 0.101166270673275 5.096922874450684
13.4795 0.08779150247573853 0.024016782641410828 0.9958492517471313 0.2710270583629608 0.017457984387874603 0.999518632888794 -0.0256443303078413 -0.07322783768177032 -0.9959858655929565 0.01963687501847744 0.08732996881008148 5.099193572998047
13.58311 0.07682967931032181 0.023108553141355515 0.9967765212059021 0.3016972541809082 0.02192286029458046 0.9994504451751709 -0.024860329926013947 -0.07431340962648392 -0.9968032240867615 0.023762201890349388 0.0762808695435524 5.100494861602783
13.68672 0.06650373339653015 0.025204114615917206 0.9974678754806519 0.33263546228408813 0.02528558298945427 0.9993172287940979 -0.02693670429289341 -0.07441525906324387 -0.9974657893180847 0.02701294608414173 0.06582105159759521 5.102121829986572
13.79034 0.059024274349212646 0.024379611015319824 0.997958779335022 0.36465856432914734 0.027053020894527435 0.9992954730987549 -0.02601231448352337 -0.07629571110010147 -0.9978898763656616 0.02853315882384777 0.05832316353917122 5.1033034324646
13.89395 0.05274474248290062 0.024133896455168724 0.9983164072036743 0.3978036940097809 0.028940798714756966 0.999251127243042 -0.025685537606477737 -0.07755410671234131 -0.9981885552406311 0.030246853828430176 0.052006784826517105 5.10530948638916
13.99767 0.04781711474061012 0.02568022534251213 0.9985259771347046 0.4319192171096802 0.02947879396378994 0.9991977214813232 -0.0271091777831316 -0.07829706370830536 -0.9984210729598999 0.030731622129678726 0.04702172800898552 5.106316566467285
14.1013 0.041871748864650726 0.026363693177700043 0.9987751841545105 0.46840834617614746 0.029760705307126045 0.9991753101348877 -0.027621915563941002 -0.07947908341884613 -0.9986797571182251 0.03088083118200302 0.04105261340737343 5.107669353485107
14.20492 0.037483956664800644 0.02649211324751377 0.9989460110664368 0.503870964050293 0.0323919951915741 0.9990910291671753 -0.027711423113942146 -0.08057485520839691 -0.998772144317627 0.03339659050107002 0.03659175708889961 5.108792304992676
14.30854 0.034518178552389145 0.026296652853488922 0.9990580677986145 0.5417937636375427 0.0346556194126606 0.9990211129188538 -0.027493059635162354 -0.08191095292568207 -0.9988030791282654 0.03557198494672775 0.03357306122779846 5.109975814819336
14.41227 0.03156082704663277 0.025713322684168816 0.9991709589958191 0.5800097584724426 0.034741226583719254 0.9990367293357849 -0.026807241141796112 -0.08311334252357483 -0.9988979697227478 0.03555848449468613 0.030637115240097046 5.111055374145508
14.51589 0.02879318781197071 0.0252496637403965 0.9992663264274597 0.619754433631897 0.03584664314985275 0.9990118741989136 -0.026276124641299248 -0.08434093743562698 -0.998942494392395 0.03657691925764084 0.02785962074995041 5.112344741821289
14.61968 0.028759730979800224 0.024851933121681213 0.9992773532867432 0.66071617603302 0.04139179736375809 0.9988038539886475 -0.026031430810689926 -0.08577509969472885 -0.9987289905548096 0.042110543698072433 0.027696657925844193 5.112277984619141
14.72326 0.02983795292675495 0.02440546825528145 0.9992566704750061 0.7012693881988525 0.04482407867908478 0.9986635446548462 -0.025729428976774216 -0.08711113780736923 -0.9985492825508118 0.045558471232652664 0.028704125434160233 5.113162040710449
14.82686 0.031931743025779724 0.024796152487397194 0.999182403087616 0.744905412197113 0.04572388529777527 0.9986093640327454 -0.026243168860673904 -0.08775308728218079 -0.9984436631202698 0.04652448743581772 0.030753565952181816 5.115245342254639
14.93048 0.03617807477712631 0.024584904313087463 0.9990428686141968 0.7894270420074463 0.04860810935497284 0.9984708428382874 -0.026331059634685516 -0.08944209665060043 -0.9981624484062195 0.04951419681310654 0.03492773696780205 5.115702152252197
15.0341 0.04053621366620064 0.0238896943628788 0.9988923072814941 0.8345348238945007 0.04974333941936493 0.9984262585639954 -0.025897184386849403 -0.09108179807662964 -0.9979391098022461 0.05073801428079605 0.03928406909108162 5.117621898651123
15.13784 0.04440158233046532 0.02201751247048378 0.9987711310386658 0.8800120949745178 0.05107496306300163 0.9983996152877808 -0.024279924109578133 -0.09254105389118195 -0.9977072477340698 0.05209026113152504 0.04320598393678665 5.119620323181152
15.24145 0.04843756556510925 0.020603671669960022 0.9986136555671692 0.9269444942474365 0.05050738900899887 0.998457670211792 -0.02305031195282936 -0.09389813244342804 -0.9975484609603882 0.051553875207901 0.04732222482562065 5.122124195098877
15.34508 0.05248995125293732 0.018453342840075493 0.9984508156776428 0.9738118052482605 0.047301966696977615 0.9986610412597656 -0.020943960174918175 -0.09509195387363434 -0.9975006580352783 0.048328056931495667 0.05154679715633392 5.124887466430664
15.44881 0.05661625415086746 0.017489373683929443 0.9982427954673767 1.0235702991485596 0.04712345078587532 0.9986854195594788 -0.020169779658317566 -0.09634457528591156 -0.997283399105072 0.048182595521211624 0.05571766570210457 5.1279120445251465
15.55255 0.06022707000374794 0.018395310267806053 0.9980151653289795 1.0709636211395264 0.043476346880197525 0.9988329410552979 -0.02103404328227043 -0.09811855107545853 -0.9972373843193054 0.04465687274932861 0.05935700982809067 5.13179349899292
15.65617 0.06370320171117783 0.022153109312057495 0.9977229237556458 1.1205710172653198 0.041359495371580124 0.9988359808921814 -0.02481856942176819 -0.10006876289844513 -0.997111439704895 0.04284634068608284 0.06271281093358994 5.135000705718994
15.7599 0.06491897255182266 0.02764103002846241 0.9975075125694275 1.1690887212753296 0.03593185171484947 0.9989033341407776 -0.030018188059329987 -0.10153629630804062 -0.9972434043884277 0.03779105097055435 0.06385457515716553 5.138990879058838
15.86364 0.06450431048870087 0.03076874278485775 0.9974428415298462 1.2183752059936523 0.03350403904914856 0.998894214630127 -0.03298020735383034 -0.10319358110427856 -0.9973548650741577 0.03554572910070419 0.06340210884809494 5.1429443359375
15.96739 0.06552615761756897 0.030070839449763298 0.9973976016044617 1.2681854963302612 0.030957529321312904 0.9990033507347107 -0.03215306997299194 -0.10548068583011627 -0.9973706007003784 0.03298383578658104 0.06452993303537369 5.145512580871582
16.07102 0.06443209946155548 0.028898898512125015 0.9975035190582275 1.316849946975708 0.028096407651901245 0.9991318583488464 -0.03076092153787613 -0.10718078911304474 -0.9975264072418213 0.030008260160684586 0.06356421113014221 5.150213718414307
16.17474 0.06464975327253342 0.02754385396838188 0.9975278377532959 1.36636221408844 0.02877948433160782 0.9991518259048462 -0.02945389598608017 -0.10951806604862213 -0.9974929690361023 0.0306125245988369 0.06380221992731094 5.153262615203857
16.27845 0.06413324177265167 0.026798654347658157 0.997581422328949 1.4162925481796265 0.025893384590744972 0.9992581605911255 -0.028508353978395462 -0.112028568983078 -0.9976053237915039 0.027659092098474503 0.06339175999164581 5.157793045043945
16.38209 0.06484199315309525 0.02700933814048767 0.997529923915863 1.4646546840667725 0.024778591468930244 0.9992818832397461 -0.028667444363236427 -0.11386249959468842 -0.9975879192352295 0.026576239615678787 0.064126156270504 5.160795211791992
