1403636580.0635555 0.9999991655349731 -0.001065985532477498 0.0007151034660637379 -0.0001372574333800003 0.0010606511496007442 0.9999719262123108 0.00741895567625761 0.004659923724830151 -0.0007229921757243574 -0.007418191060423851 0.9999721646308899 0.0015367863234132528
1403636580.1135554 0.9999865889549255 -0.00515293562784791 7.620238466188312e-05 -0.00030775374034419656 0.0051516154780983925 0.9999117851257324 0.012245801277458668 0.009629186242818832 -0.00013929767010267824 -0.012245247140526772 0.9999249577522278 0.003181209322065115
1403636580.1635556 0.9999776482582092 -0.006638528313487768 -0.0008183344616554677 -0.0006779689574614167 0.006649572867900133 0.9998753070831299 0.014325016178190708 0.018427159637212753 0.0007231353665702045 -0.014330136589705944 0.9998970627784729 0.005712531507015228
1403636580.2135556 0.9999662041664124 -0.008034818805754185 -0.001742705819196999 -0.00074338773265481 0.008066736161708832 0.9997839331626892 0.01915392279624939 0.02157827466726303 0.0015884311869740486 -0.019167331978678703 0.9998149871826172 0.006660754326730967
1403636580.2635555 0.9999753832817078 -0.006631033029407263 -0.0022824935149401426 -0.0007943114032968879 0.006686672568321228 0.9996575713157654 0.025299636647105217 0.023632675409317017 0.0021139492746442556 -0.02531428076326847 0.999677300453186 0.007296099327504635
1403636580.3135555 0.9999953508377075 -0.0022647802252322435 -0.002075981115922332 -0.0009169699042104185 0.0023316703736782074 0.9994590282440186 0.03280649706721306 0.027630196884274483 0.0020005584228783846 -0.03281118720769882 0.9994595050811768 0.00824139453470707
1403636580.3635557 0.9999919533729553 -0.0007455764571204782 -0.00394760025665164 -0.0009458708227612078 0.0009228734415955842 0.9989818930625916 0.04510274901986122 0.028159819543361664 0.003909952938556671 -0.045106034725904465 0.9989745020866394 0.008171822875738144
1403636580.4135554 0.9999893307685852 0.003067499492317438 -0.0034635155461728573 -0.0011793834855780005 -0.0028558792546391487 0.9982221722602844 0.05953383073210716 0.03205452486872673 0.003639976726844907 -0.05952330678701401 0.9982202649116516 0.00874785240739584
1403636580.4635556 0.9999836087226868 0.003755369456484914 -0.004329673945903778 -0.0012703182874247432 -0.0034090843982994556 0.9969952702522278 0.07738639414310455 0.033675871789455414 0.004607275128364563 -0.07737035304307938 0.9969918727874756 0.00911752600222826
1403636580.5135555 0.9999831914901733 0.004132155794650316 -0.004084829241037369 -0.0015633470611646771 -0.0037267853040248156 0.9954988360404968 0.09470044821500778 0.034583013504743576 0.004457753151655197 -0.09468363970518112 0.995497465133667 0.009129373356699944
1403636580.5635555 0.9999786019325256 0.0024262312799692154 -0.0060896193608641624 -0.0017570522613823414 -0.0017548610921949148 0.9941573143005371 0.10792681574821472 0.03426498919725418 0.006315888836979866 -0.10791380703449249 0.9941402673721313 0.008726448751986027
1403636580.6135554 0.9999529123306274 0.001106024021282792 -0.0096527598798275 -0.0019041640916839242 -1.2820237316191196e-06 0.9935145378112793 0.11370521038770676 0.031697243452072144 0.0097159119322896 -0.11369983851909637 0.9934676289558411 0.007809172384440899
1403636580.6635556 0.9999430179595947 -0.0002031712792813778 -0.010677939280867577 -0.002020634477958083 0.0013949885033071041 0.9937379360198975 0.11172667890787125 0.0271165631711483 0.010588368400931358 -0.11173518747091293 0.9936816692352295 0.00636783754453063
1403636580.7135556 0.9999545812606812 0.0052476380951702595 -0.007970633916556835 -0.001970569370314479 -0.004402993246912956 0.9947211742401123 0.10251915454864502 0.024387752637267113 0.008466541767120361 -0.10247937589883804 0.9946990013122559 0.005733819678425789
1403636580.7635555 0.9999505877494812 0.009494119323790073 -0.002984771504998207 -0.0020731324329972267 -0.009176555089652538 0.9956506490707397 0.09271183609962463 0.016864432021975517 0.0038520051166415215 -0.09267983585596085 0.9956884384155273 0.003840684425085783
1403636580.8135555 0.9998494982719421 0.016831640154123306 0.004194390494376421 -0.0022690764162689447 -0.017108555883169174 0.9967811107635498 0.07832459360361099 0.014335902407765388 -0.0028625577688217163 -0.07838456332683563 0.9969190955162048 0.003135213628411293
1403636580.8635557 0.9996433258056641 0.02272234670817852 0.014025033451616764 -0.0021686325781047344 -0.023574121296405792 0.9976782202720642 0.06389464437961578 0.005132371559739113 -0.012540632858872414 -0.06420248001813889 0.9978581666946411 0.0010292627848684788
1403636580.9135554 0.9992201924324036 0.03011367656290531 0.025537483394145966 -0.002267861971631646 -0.031314875930547714 0.9983553290367126 0.04801980406045914 -0.0013250294141471386 -0.02404942736029625 -0.04878206178545952 0.9985199570655823 -0.0006369205075316131
1403636580.9635556 0.9989917874336243 0.033773135393857956 0.029575705528259277 -0.002536982065066695 -0.03477359190583229 0.9988170266151428 0.03399251773953438 -0.010953684337437153 -0.02839268371462822 -0.0349867045879364 0.9989845752716064 -0.002897708211094141
1403636581.0135555 0.9988507628440857 0.03702604025602341 0.03043542616069317 -0.0028562999796122313 -0.03762450069189072 0.999104917049408 0.019331157207489014 -0.016014326363801956 -0.029692426323890686 -0.020454060286283493 0.9993498921394348 -0.004574667662382126
1403636581.0635555 0.9989825487136841 0.03503356873989105 0.02839992195367813 -0.0031468626111745834 -0.03524841368198395 0.9993533492088318 0.007099704816937447 -0.02438773587346077 -0.02813282608985901 -0.008093532174825668 0.9995715022087097 -0.006768481340259314
1403636581.1135554 0.9990077018737793 0.033645737916231155 0.029181722551584244 -0.00331137259490788 -0.03347083181142807 0.9994187951087952 -0.006462158635258675 -0.029241302981972694 -0.029382186010479927 0.005479007493704557 0.9995532631874084 -0.008390483446419239
1403636581.1635556 0.999148964881897 0.02829807624220848 0.030005600303411484 -0.003510154550895095 -0.027664994820952415 0.9993901252746582 -0.021307995542883873 -0.0360037125647068 -0.030590273439884186 0.02045975811779499 0.9993227124214172 -0.010041800327599049
1403636581.2135556 0.9992472529411316 0.02414555288851261 0.030366040766239166 -0.0033618779852986336 -0.022969922050833702 0.9989950656890869 -0.03848554566502571 -0.03962550312280655 -0.031264785677194595 0.037759069353342056 0.9987977147102356 -0.010796729475259781
1403636581.2635555 0.9993417263031006 0.01947552151978016 0.030606163665652275 -0.003451263066381216 -0.017753975465893745 0.9982982277870178 -0.05554712563753128 -0.04448011890053749 -0.031635887920856476 0.05496717989444733 0.9979869723320007 -0.012265637516975403
1403636581.3135555 0.9993432760238647 0.02101721242070198 0.029519356787204742 -0.0029395599849522114 -0.018889088183641434 0.9973252415657043 -0.07060828059911728 -0.04788323864340782 -0.030924389138817787 0.07000431418418884 0.9970672726631165 -0.013423493131995201
1403636581.3635557 0.9993309378623962 0.0199960395693779 0.030624253675341606 -0.002922424813732505 -0.01738339103758335 0.9963710904121399 -0.08332308381795883 -0.04482368379831314 -0.032179251313209534 0.08273500204086304 0.9960518479347229 -0.013465393334627151
1403636581.4135554 0.9990930557250977 0.025072431191802025 0.03441516309976578 -0.0025502359494566917 -0.022025348618626595 0.9960320591926575 -0.08622831851243973 -0.04460132494568825 -0.03644055128097534 0.08539211750030518 0.9956808090209961 -0.013851282186806202
1403636581.4635556 0.9988053441047668 0.031376518309116364 0.037462182343006134 -0.0025468310341238976 -0.028232673183083534 0.9962581992149353 -0.08168676495552063 -0.04280616343021393 -0.03988504037261009 0.0805315226316452 0.9959537982940674 -0.013453233987092972
1403636581.5135555 0.9985156655311584 0.037007320672273636 0.03996177390217781 -0.002108055865392089 -0.03408844396471977 0.996864914894104 -0.07140449434518814 -0.039488956332206726 -0.04247897118330002 0.06993629038333893 0.9966466426849365 -0.012840254232287407
1403636581.5635555 0.9985575675964355 0.034144047647714615 0.041440583765506744 -0.001811982481740415 -0.03167892247438431 0.9977698922157288 -0.05875133350491524 -0.035165559500455856 -0.04335416108369827 0.05735379084944725 0.9974120855331421 -0.011233104392886162
1403636581.6135554 0.998721718788147 0.03124826028943062 0.03973187133669853 -0.001444228459149599 -0.029423825442790985 0.9985216856002808 -0.04570288956165314 -0.029852233827114105 -0.041101258248090744 0.044475406408309937 0.9981645941734314 -0.009593977592885494
1403636581.6635556 0.9988946914672852 0.026896370574831963 0.03855069354176521 -0.0011512557975947857 -0.02551424503326416 0.9990293383598328 -0.035906605422496796 -0.02379230409860611 -0.03947902470827103 0.034883320331573486 0.9986112713813782 -0.007531699724495411
1403636581.7135556 0.9988337755203247 0.030500223860144615 0.03742973878979683 -0.000729231396690011 -0.02951912209391594 0.9992131590843201 -0.026490412652492523 -0.02198272943496704 -0.0382082536816597 0.025354623794555664 0.9989481568336487 -0.006536944769322872
1403636581.7635555 0.9990299940109253 0.027254775166511536 0.03458789363503456 -0.0002666454529389739 -0.026453634724020958 0.9993757605552673 -0.02341265045106411 -0.015560448169708252 -0.03520441800355911 0.02247496135532856 0.9991273880004883 -0.004301539622247219
1403636581.8135555 0.9992184042930603 0.027271782979369164 0.028618009760975838 -1.1534299119375646e-05 -0.02668972872197628 0.9994328618049622 -0.020527711138129234 -0.008944015018641949 -0.029161613434553146 0.019747860729694366 0.9993796944618225 -0.002515103667974472
1403636581.8635557 0.999317467212677 0.025794746354222298 0.026445919647812843 0.0002104460436385125 -0.025374524295330048 0.9995482563972473 -0.016104577109217644 -0.0022905722726136446 -0.02684939280152321 0.015422530472278595 0.9995205402374268 -0.0006601213826797903
1403636581.9135554 0.999506413936615 0.02128392457962036 0.023108122870326042 0.00024224485969170928 -0.021136311814188957 0.999754786491394 -0.006613532546907663 0.004042754415422678 -0.023243220522999763 0.006121848244220018 0.9997111558914185 0.0010018396424129605
1403636581.9635556 0.9994503259658813 0.01878415420651436 0.027317645028233528 0.00031985528767108917 -0.018976718187332153 0.9997968077659607 0.006806950084865093 0.010256885550916195 -0.02718423306941986 -0.007321606855839491 0.9996036291122437 0.002766509773209691
1403636582.0135555 0.9993889331817627 0.01580953225493431 0.031173691153526306 0.0003241422527935356 -0.016514483839273453 0.9996107220649719 0.022487375885248184 0.016163643449544907 -0.03080604039132595 -0.0229884535074234 0.9992609024047852 0.004477044567465782
1403636582.0635555 0.9992542862892151 0.01632216013967991 0.034992873668670654 0.0001983136316994205 -0.01772214286029339 0.9990394711494446 0.040078114718198776 0.019727397710084915 -0.03430509567260742 -0.04066838324069977 0.9985837340354919 0.005399337969720364
1403636582.1135554 0.9992392063140869 0.017947399988770485 0.034628238528966904 5.560935824178159e-05 -0.01990310288965702 0.998176634311676 0.056984882801771164 0.02401699870824814 -0.033542368561029434 -0.05763073265552521 0.9977743029594421 0.006366555579006672
1403636582.1635556 0.9993849396705627 0.016552692279219627 0.030916057527065277 -0.0001868066901806742 -0.01873081922531128 0.9972614049911499 0.07154671847820282 0.027092162519693375 -0.0296471007168293 -0.0720817893743515 0.9969580769538879 0.006956289988011122
1403636582.2135556 0.9994747042655945 0.01765783131122589 0.027173923328518867 -0.0003191546711605042 -0.019868630915880203 0.9963210225105286 0.08336395025253296 0.0277313981205225 -0.025601930916309357 -0.08386006951332092 0.9961485862731934 0.0070428382605314255
1403636582.2635555 0.9995136857032776 0.018204884603619576 0.025316588580608368 -0.0006023992318660021 -0.02042636275291443 0.9956910610198975 0.09045415371656418 0.027642257511615753 -0.02356080152094364 -0.09092729538679123 0.9955788254737854 0.006972083356231451
1403636582.3135555 0.9995750784873962 0.01875690370798111 0.02231024205684662 -0.0008779194322414696 -0.02074924111366272 0.9954770803451538 0.09270895272493362 0.02569674327969551 -0.020470406860113144 -0.09313248097896576 0.9954432249069214 0.006464336533099413
1403636582.3635557 0.9996486306190491 0.017248818650841713 0.02012401819229126 -0.0012819470139220357 -0.018956776708364487 0.9959381222724915 0.08802223205566406 0.022124243900179863 -0.01852400228381157 -0.08837279677391052 0.9959151744842529 0.0053842319175601006
1403636582.4135554 0.9996540546417236 0.017064346000552177 0.0200152900069952 -0.001884792698547244 -0.018522752448916435 0.9970040321350098 0.07509894669055939 0.01837155595421791 -0.018673818558454514 -0.07544370740652084 0.9969751834869385 0.0043159606866538525
1403636582.4635556 0.9996706247329712 0.015935705974698067 0.020113494247198105 -0.0022735577076673508 -0.017109695822000504 0.9980748891830444 0.0596134290099144 0.012853038497269154 -0.019124791026115417 -0.059937939047813416 0.9980188012123108 0.002593506360426545
1403636582.5135555 0.9995484352111816 0.01991059072315693 0.02250681445002556 -0.0023639467544853687 -0.020934386178851128 0.9987124800682068 0.04620736837387085 0.008517601527273655 -0.021557817235589027 -0.04665766656398773 0.9986783266067505 0.0014151136856526136
1403636582.5635555 0.9994412660598755 0.02095985971391201 0.026036793366074562 -0.0026018135249614716 -0.02189701609313488 0.9991030693054199 0.03624575212597847 0.002187405014410615 -0.02525373548269272 -0.03679562732577324 0.9990037083625793 -0.0003023900499101728
1403636582.6135554 0.9991945028305054 0.0247423704713583 0.0315958634018898 -0.0025920395273715258 -0.02569982036948204 0.9992114901542664 0.030265187844634056 -0.004148805979639292 -0.03082212060689926 -0.031052816659212112 0.9990423917770386 -0.002143577206879854
1403636582.6635556 0.9989765286445618 0.025477970018982887 0.037372246384620667 -0.0026586593594402075 -0.026449674740433693 0.9993186593055725 0.02574104629456997 -0.010679948143661022 -0.036690954118967056 -0.026703188195824623 0.9989697933197021 -0.004059516824781895
1403636582.7135556 0.9989139437675476 0.024305490776896477 0.03974820673465729 -0.002536612097173929 -0.02515919879078865 0.9994602799415588 0.021120667457580566 -0.01692776381969452 -0.039213407784700394 -0.022097768262028694 0.9989864230155945 -0.005942849442362785
1403636582.7635555 0.998843789100647 0.020320259034633636 0.043567657470703125 -0.002229863777756691 -0.020992787554860115 0.9996664524078369 0.015034841373562813 -0.023566992953419685 -0.04324761778116226 -0.01593206450343132 0.9989373087882996 -0.007827775552868843
1403636582.8135555 0.998665452003479 0.01434430293738842 0.049614664167165756 -0.001614479348063469 -0.014496778137981892 0.9998912215232849 0.0027147047221660614 -0.025610225275158882 -0.04957031458616257 -0.0034303218126296997 0.99876469373703 -0.008377201855182648
1403636582.8635557 0.9982225298881531 0.009914074093103409 0.058766696602106094 -0.0013448460958898067 -0.009340884163975716 0.9999061226844788 -0.0100203612819314 -0.032319050282239914 -0.058860521763563156 0.009453616105020046 0.9982215166091919 -0.0102655328810215
1403636582.9135554 0.9978465437889099 0.005425790324807167 0.06536712497472763 -0.0011336057214066386 -0.0037134436424821615 0.9996474385261536 -0.02628890611231327 -0.03794010728597641 -0.06548671424388885 0.025989554822444916 0.9975150227546692 -0.0121062733232975
1403636582.9635556 0.9976202249526978 0.005344095639884472 0.0687413141131401 -0.0007093586027622223 -0.0023948808666318655 0.9990758895874023 -0.04291415587067604 -0.04323609173297882 -0.06890712678432465 0.04264740273356438 0.9967111349105835 -0.013289173133671284
1403636583.0135555 0.9974076151847839 0.004604291636496782 0.07181274890899658 -0.00046034855768084526 -0.0003272384637966752 0.9982308149337769 -0.05945681780576706 -0.04718422889709473 -0.07195944339036942 0.0592791773378849 0.9956442713737488 -0.01483833696693182
1403636583.0635555 0.9973862171173096 0.007703515235334635 0.07184384763240814 -0.00018650980200618505 -0.0026524276472628117 0.9975337386131287 -0.07013853639364243 -0.049452561885118484 -0.07220696657896042 0.06976465880870819 0.9949465394020081 -0.015634100884199142
1403636583.1135554 0.99713534116745 0.01136491633951664 0.07477951049804688 -0.0004955860786139965 -0.005774513818323612 0.9972001910209656 -0.0745542123913765 -0.04937414824962616 -0.07541744410991669 0.07390880584716797 0.9944092035293579 -0.015534421429038048
1403636583.1635556 0.9967741370201111 0.01596856862306595 0.07865357398986816 -0.00014532951172441244 -0.01007030252367258 0.9971458315849304 -0.07482403516769409 -0.04882988706231117 -0.07962392270565033 0.07379060238599777 0.9940899610519409 -0.015509754419326782
1403636583.2135556 0.9966427683830261 0.019672172144055367 0.07947378605604172 5.57051389478147e-05 -0.013858990743756294 0.9972322583198547 -0.07304621487855911 -0.04658389836549759 -0.08069080859422684 0.07169954478740692 0.9941569566726685 -0.014662150293588638
1403636583.2635555 0.9967570304870605 0.02094728872179985 0.07769586145877838 0.00037421315209940076 -0.015573747456073761 0.9974858164787292 -0.0691334456205368 -0.0432606115937233 -0.07894867658615112 0.06769922375679016 0.9945773482322693 -0.013419460505247116
1403636583.3135555 0.9970026016235352 0.019535111263394356 0.07486101984977722 0.0006290028104558587 -0.014635033905506134 0.9977484345436096 -0.06545395404100418 -0.04027038812637329 -0.0759710967540741 0.06416219472885132 0.9950435161590576 -0.012468552216887474
1403636583.3635557 0.9970957636833191 0.02050207369029522 0.07334768027067184 0.0008902025292627513 -0.01605268381536007 0.9980242848396301 -0.060744959861040115 -0.03526952117681503 -0.07444816827774048 0.059391122311353683 0.995454728603363 -0.010970071889460087
1403636583.4135554 0.9974585771560669 0.01852215826511383 0.06879942119121552 0.0014087470481172204 -0.014639233238995075 0.9982941150665283 -0.05651985481381416 -0.02936881221830845 -0.06972893327474594 0.0553690567612648 0.9960280656814575 -0.008662426844239235
1403636583.4635556 0.9976828098297119 0.021962586790323257 0.06439278274774551 0.0017171814106404781 -0.018739353865385056 0.9985613226890564 -0.05023948848247528 -0.023072421550750732 -0.0654035359621048 0.04891639202833176 0.9966592192649841 -0.006464257836341858
1403636583.5135555 0.9978514313697815 0.023136334493756294 0.06129485368728638 0.002231987426057458 -0.020467355847358704 0.9988298416137695 -0.04381903260946274 -0.01656237244606018 -0.06223692372441292 0.04247033968567848 0.9971573948860168 -0.004378304351121187
1403636583.5635555 0.9977786540985107 0.027181997895240784 0.06081617623567581 0.0025056160520762205 -0.025027336552739143 0.9990414381027222 -0.03591475263237953 -0.009632954373955727 -0.061734117567539215 0.034312903881073 0.9975026845932007 -0.0020897574722766876
1403636583.6135554 0.9973767995834351 0.030577586963772774 0.06560806930065155 0.002615612465888262 -0.02916429564356804 0.9993237853050232 -0.022392326965928078 -0.006482412572950125 -0.06624840945005417 0.020420178771018982 0.9975941181182861 -0.0006637829937972128
1403636583.6635556 0.9978116154670715 0.02724200114607811 0.06024792790412903 0.002691855188459158 -0.026928415521979332 0.9996193647384644 -0.006010843440890312 0.0002968542685266584 -0.06038874015212059 0.004375312477350235 0.9981653094291687 0.001447104848921299
1403636583.7135556 0.9982413053512573 0.018024737015366554 0.05647461861371994 0.002760745817795396 -0.0189032144844532 0.9997077584266663 0.01505980920046568 0.006545014213770628 -0.05618667230010033 -0.016100874170660973 0.9982904195785522 0.003225798485800624
1403636583.7635555 0.9985765814781189 0.01028889324516058 0.05233536660671234 0.002811816520988941 -0.01228149700909853 0.9992061257362366 0.037895768880844116 0.012338823638856411 -0.051903918385505676 -0.03848458081483841 0.99791020154953 0.0047416649758815765
1403636583.8135555 0.9986889958381653 0.004350391682237387 0.05100247263908386 0.0028636979404836893 -0.007334815803915262 0.9982618689537048 0.05847505107522011 0.017715999856591225 -0.05065942928195 -0.0587724894285202 0.9969850778579712 0.006173740141093731
1403636583.8635557 0.9986615180969238 0.0032477497588843107 0.05162014067173004 0.002758657094091177 -0.0071107205003499985 0.9971710443496704 0.07482817769050598 0.020546456798911095 -0.05123109370470047 -0.07509507983922958 0.9958594441413879 0.006820441223680973
1403636583.9135554 0.9985474944114685 0.009496471844613552 0.0530366450548172 0.0028757210820913315 -0.013994959183037281 0.9962738752365112 0.08510235697031021 0.024808024987578392 -0.052030857652425766 -0.0857209786772728 0.9949597120285034 0.007877178490161896
1403636583.9635556 0.9986088275909424 0.016041122376918793 0.050231125205755234 0.002880722051486373 -0.020590873435139656 0.9956003427505493 0.09141120314598083 0.028150996193289757 -0.0485437847673893 -0.0923183262348175 0.9945456385612488 0.008503965102136135
1403636584.0135555 0.9987764358520508 0.019677365198731422 0.045369550585746765 0.0026155002415180206 -0.02388264797627926 0.9952768087387085 0.09409397840499878 0.02935316041111946 -0.04330374673008919 -0.09506239742040634 0.994529128074646 0.008506464771926403
1403636584.0635555 0.9990445971488953 0.021499233320355415 0.038050223141908646 0.0022732787765562534 -0.02499622106552124 0.9952627420425415 0.09395349025726318 0.030348315834999084 -0.03585004433989525 -0.09481485188007355 0.9948492646217346 0.008326658979058266
1403636584.1135554 0.9992527365684509 0.02169552445411682 0.03198631480336189 0.002019273117184639 -0.024616127833724022 0.9952735304832458 0.09393870085477829 0.029870614409446716 -0.029797084629535675 -0.09465589374303818 0.9950640797615051 0.008097772486507893
1403636584.1635556 0.999352753162384 0.02261628583073616 0.027975063771009445 0.0017391841392964125 -0.0251652579754591 0.9952160716056824 0.09440101683139801 0.02794276922941208 -0.025706246495246887 -0.09504390507936478 0.9951410889625549 0.007464325986802578
1403636584.2135556 0.9993456602096558 0.02432989701628685 0.02676430530846119 0.0015320873353630304 -0.026748517528176308 0.9952059984207153 0.09407135099172592 0.02464151568710804 -0.024347253143787384 -0.09472569823265076 0.9952057003974915 0.006631388328969479
1403636584.2635555 0.9993839263916016 0.024125339463353157 0.025493977591395378 0.0017591114155948162 -0.02635795995593071 0.9954825043678284 0.09121249616146088 0.020363550633192062 -0.023178275674581528 -0.09182827174663544 0.9955050349235535 0.005552072077989578
1403636584.3135555 0.9993636012077332 0.0242924802005291 0.02612108737230301 0.001364324358291924 -0.02646762505173683 0.995905876159668 0.08643420785665512 0.016248328611254692 -0.02391444519162178 -0.08707057684659958 0.9959150552749634 0.0044269016943871975
1403636584.3635557 0.9992085695266724 0.027453336864709854 0.028783263638615608 0.0012121177278459072 -0.02974924072623253 0.9961360096931458 0.0826328694820404 0.011789632961153984 -0.02640349790453911 -0.08342376351356506 0.9961643218994141 0.0034485654905438423
1403636584.4135554 0.9987594485282898 0.03386005386710167 0.0365108922123909 0.0012627862161025405 -0.036643318831920624 0.9962428212165833 0.07847049087285995 0.005309149622917175 -0.03371669724583626 -0.07971103489398956 0.9962476491928101 0.002025054069235921
1403636584.4635556 0.9983143210411072 0.03884931281208992 0.04311943054199219 0.0013964250683784485 -0.041884128004312515 0.9965344667434692 0.0718664824962616 -0.001350798993371427 -0.04017803445458412 -0.07355134934186935 0.9964817762374878 0.0006183366640470922
1403636584.5135555 0.9980939030647278 0.040640272200107574 0.04644257202744484 0.0013105613179504871 -0.043475549668073654 0.997143566608429 0.061764590442180634 -0.007887274026870728 -0.04379977285861969 -0.063665971159935 0.9970096349716187 -0.0008156385738402605
1403636584.5635555 0.9979878664016724 0.03936506807804108 0.049703434109687805 0.0012229739222675562 -0.04177778959274292 0.9979503750801086 0.04847455769777298 -0.015204236842691898 -0.04769335314631462 -0.050453510135412216 0.9975870251655579 -0.0024706553667783737
1403636584.6135554 0.9977849125862122 0.038039933890104294 0.054574668407440186 0.001140095293521881 -0.03976381942629814 0.9987325072288513 0.030857112258672714 -0.022410830482840538 -0.05333169549703598 -0.03295885771512985 0.9980328679084778 -0.004148941487073898
1403636584.6635556 0.9974650740623474 0.03544144332408905 0.06170320883393288 0.00138775201048702 -0.036021310836076736 0.9993165731430054 0.008310494013130665 -0.02623998373746872 -0.0613664910197258 -0.01051205862313509 0.9980599880218506 -0.005100799724459648
1403636584.7135556 0.9970846772193909 0.0350935235619545 0.06775405257940292 0.001211637631058693 -0.03425164148211479 0.999321460723877 -0.013547857291996479 -0.03273439034819603 -0.0681835189461708 0.011187673546373844 0.9976100921630859 -0.0067626782692968845
1403636584.7635555 0.9965344667434692 0.03480888158082962 0.07554909586906433 0.0007853880524635315 -0.03239722549915314 0.9989328980445862 -0.03291626647114754 -0.038627415895462036 -0.07661426812410355 0.030354613438248634 0.9965986013412476 -0.0087392907589674
1403636584.8135555 0.9962602853775024 0.03525426983833313 0.07888330519199371 0.0006886915653012693 -0.03142447769641876 0.9982906579971313 -0.0492759644985199 -0.044063933193683624 -0.08048566430807114 0.04661282151937485 0.9956652522087097 -0.010461337864398956
1403636584.8635557 0.9962711930274963 0.030856305733323097 0.08057102560997009 0.0004466490354388952 -0.025837987661361694 0.9977041482925415 -0.06260094046592712 -0.04845431074500084 -0.08231769502162933 0.060285717248916626 0.9947810769081116 -0.012223143130540848
1403636584.9135554 0.9963341951370239 0.029149893671274185 0.08042728155851364 9.452761150896549e-05 -0.023368481546640396 0.9971373081207275 -0.07191125303506851 -0.05115937441587448 -0.08229324221611023 0.06976818293333054 0.9941629767417908 -0.012773538008332253
1403636584.9635556 0.9963690638542175 0.022792011499404907 0.08203283697366714 -3.412982914596796e-05 -0.016521861776709557 0.9969466328620911 -0.07631757855415344 -0.053343161940574646 -0.08352180570363998 0.07468514144420624 0.993703305721283 -0.013578020967543125
1403636585.0135555 0.9960969686508179 0.02020522952079773 0.0859227105975151 -0.00044228637125343084 -0.013707753270864487 0.9970478415489197 -0.07554847747087479 -0.05408119410276413 -0.08719552308320999 0.07407581061124802 0.9934332966804504 -0.014241307973861694
1403636585.0635555 0.9958312511444092 0.017701774835586548 0.0894816517829895 -0.00048737431643530726 -0.011265108361840248 0.9973458051681519 -0.07193255424499512 -0.05363362655043602 -0.09051748365163803 0.07062467187643051 0.9933875203132629 -0.013914822600781918
1403636585.1135554 0.9957932829856873 0.016943922266364098 0.09004898369312286 -0.00037080253241583705 -0.010856622830033302 0.997649073600769 -0.06766467541456223 -0.05175082013010979 -0.0909837856888771 0.06640242040157318 0.9936360716819763 -0.012902864255011082
1403636585.1635556 0.9954169392585754 0.01510034129023552 0.09443102777004242 9.857048280537128e-05 -0.009221377782523632 0.9980095028877258 -0.062385909259319305 -0.04850950837135315 -0.09518512338399887 0.061229221522808075 0.9935746788978577 -0.011754333972930908
1403636585.2135556 0.9948394298553467 0.015963492915034294 0.10019760578870773 0.00028809148352593184 -0.01036820188164711 0.998370349407196 -0.056116919964551926 -0.044917985796928406 -0.10093013197183609 0.054788462817668915 0.9933837652206421 -0.010014408268034458
1403636585.2635555 0.9941885471343994 0.020812908187508583 0.10562187433242798 0.0010202913545072079 -0.015587082132697105 0.9986245036125183 -0.05006331205368042 -0.041260410100221634 -0.10651853680610657 0.04812603071331978 0.9931453466415405 -0.008755872026085854
1403636585.3135555 0.9935497641563416 0.026350589469075203 0.1102927029132843 0.0016710289055481553 -0.021498069167137146 0.9987576603889465 -0.04495720937848091 -0.03647882118821144 -0.11134032905101776 0.042296152561903 0.9928818941116333 -0.006744595244526863
1403636585.3635557 0.9929981231689453 0.034642040729522705 0.11293686181306839 0.0024006166495382786 -0.030399080365896225 0.9987737536430359 -0.03907788544893265 -0.03151552751660347 -0.11415209621191025 0.035371094942092896 0.9928334951400757 -0.004867061506956816
1403636585.4135554 0.9928070306777954 0.03859075903892517 0.11333610117435455 0.003039310686290264 -0.03510812297463417 0.9988528490066528 -0.032565973699092865 -0.02626742236316204 -0.11446282267570496 0.028352711349725723 0.9930228590965271 -0.0031250815372914076
1403636585.4635556 0.9933578372001648 0.041765835136175156 0.10721848905086517 0.0032801590859889984 -0.03949500247836113 0.9989501237869263 -0.023217327892780304 -0.02132520265877247 -0.1080755963921547 0.01882852055132389 0.9939643144607544 -0.0013949666172266006
1403636585.5135555 0.9937677383422852 0.04432312026619911 0.10227943956851959 0.003419547574594617 -0.043242763727903366 0.9989832043647766 -0.012757130898535252 -0.016038965433835983 -0.10274088382720947 0.008254781365394592 0.9946739077568054 -2.8351263608783484e-05
1403636585.5635555 0.9948412179946899 0.04552452266216278 0.09065532684326172 0.003726121736690402 -0.04559573903679848 0.9989593625068665 -0.0012864917516708374 -0.011347660794854164 -0.0906195342540741 -0.0028536375612020493 0.9958814978599548 0.0006625426467508078
1403636585.6135554 0.9959415793418884 0.04536391794681549 0.0777326375246048 0.0037150350399315357 -0.04652569815516472 0.9988299012184143 0.013199564069509506 -0.009881106205284595 -0.07704291492700577 -0.016762562096118927 0.9968867897987366 0.0002801968075800687
1403636585.6635556 0.9970169067382812 0.04154576361179352 0.0650472417473793 0.00384803325869143 -0.04338545352220535 0.9986900687217712 0.027129434049129486 -0.006190878339111805 -0.06383492052555084 -0.02987060882151127 0.9975132942199707 0.000259971187915653
1403636585.7135556 0.9979901313781738 0.03547566756606102 0.05250866711139679 0.0037690920289605856 -0.037715423852205276 0.9983929395675659 0.042296987026929855 -0.0033435856457799673 -0.050923772156238556 -0.0441923625767231 0.9977242946624756 -0.0002570049837231636
1403636585.7635555 0.9986016154289246 0.028912095353007317 0.044259339570999146 0.0038347842637449503 -0.031474266201257706 0.9978009462356567 0.058331988751888275 -0.0012474145041778684 -0.04247550293803215 -0.059643447399139404 0.9973156452178955 -0.0007563672261312604
1403636585.8135555 0.9991701245307922 0.020739004015922546 0.03505859896540642 0.003712155856192112 -0.0233097393065691 0.9969423413276672 0.0745837390422821 0.0002625430061016232 -0.033404599875211716 -0.07533904165029526 0.9965983033180237 -0.0014438643120229244
1403636585.8635557 0.999524712562561 0.01396428607404232 0.027483593672513962 0.0036749192513525486 -0.01646415702998638 0.9955353736877441 0.0929422527551651 0.0011837980709969997 -0.026063013821840286 -0.09335057437419891 0.995292067527771 -0.0024359249509871006
1403636585.9135554 0.9997130632400513 0.008258803747594357 0.02248334139585495 0.0033908553887158632 -0.01072512473911047 0.9936632513999939 0.11188644915819168 0.0016176898498088121 -0.021416816860437393 -0.11209548264741898 0.9934666156768799 -0.0032376775052398443
1403636585.9635556 0.9997330904006958 0.003403877839446068 0.022852838039398193 0.0033043865114450455 -0.006422292906790972 0.9910497665405273 0.13333866000175476 0.0018305480480194092 -0.022194428369402885 -0.13344980776309967 0.990807056427002 -0.004079573787748814
1403636586.0135555 0.9995771050453186 -0.00208069640211761 0.029005667194724083 0.003281008219346404 -0.002497919835150242 0.9876070618629456 0.15692710876464844 0.0019378280267119408 -0.028972715139389038 -0.15693318843841553 0.9871841669082642 -0.0047478824853897095
1403636586.0635555 0.99909508228302 -0.004481930285692215 0.042291607707738876 0.0033812944311648607 -0.0032798703759908676 0.9833493828773499 0.18169575929641724 0.0019181495299562812 -0.042401768267154694 -0.18167011439800262 0.9824449419975281 -0.005264808423817158
1403636586.1135554 0.9984643459320068 -0.009807650931179523 0.05452030897140503 0.003195416647940874 -0.001486781518906355 0.979103147983551 0.20335911214351654 0.0017356235766783357 -0.05537547171115875 -0.203127920627594 0.9775851368904114 -0.005764133762568235
1403636586.1635556 0.9977704286575317 -0.015782300382852554 0.06484562158584595 0.0027703349478542805 0.0009643090888857841 0.9749444723129272 0.22244688868522644 0.0013662701239809394 -0.06673158705234528 -0.22188842296600342 0.9727859497070312 -0.0063348328694701195
1403636586.2135556 0.9973934292793274 -0.020966649055480957 0.06904131919145584 0.0022533894516527653 0.0038247841876000166 0.9708686470985413 0.23958176374435425 0.0011154433013871312 -0.07205329090356827 -0.2386932075023651 0.9684181809425354 -0.007148991338908672
1403636586.2635555 0.997241199016571 -0.025101374834775925 0.06985578685998917 0.0018344238633289933 0.0062195174396038055 0.9660345315933228 0.25833839178085327 0.000990279600955546 -0.07396775484085083 -0.2571912109851837 0.9635255336761475 -0.008079016581177711
1403636586.3135555 0.9970306754112244 -0.03065989725291729 0.07063937187194824 0.0015615045558661222 0.009863754734396935 0.9606121182441711 0.277717649936676 0.0009199928026646376 -0.07637181878089905 -0.2761962115764618 0.9580621123313904 -0.009070170111954212
1403636586.3635557 0.9967547655105591 -0.036335766315460205 0.07183083146810532 0.0013825340429320931 0.013337292708456516 0.9545405507087708 0.29778245091438293 0.0009220223873853683 -0.07938559353351593 -0.2958579957485199 0.9519274234771729 -0.009438040666282177
1403636586.4135554 0.9965217113494873 -0.043028559535741806 0.07136587053537369 0.001279532676562667 0.018156668171286583 0.9479182958602905 0.31799572706222534 0.0010316590778529644 -0.08133190125226974 -0.3155938386917114 0.9454023838043213 -0.01052516233175993
1403636586.4635556 0.996551513671875 -0.043617092072963715 0.07058840990066528 0.001446294249035418 0.01736707240343094 0.9414970278739929 0.3365734815597534 0.0012382541317492723 -0.08113913238048553 -0.3341868817806244 0.9390076994895935 -0.011729397810995579
1403636586.5135555 0.9965891242027283 -0.042825810611248016 0.07054126262664795 0.0016079763881862164 0.015246892347931862 0.9356402158737183 0.35262566804885864 0.001352817751467228 -0.08110270649194717 -0.3503474295139313 0.9331018328666687 -0.012650426477193832
1403636586.5635555 0.99681156873703 -0.04150322079658508 0.06814740598201752 0.0019836570136249065 0.013788699172437191 0.9308261275291443 0.3652019798755646 0.0012983083724975586 -0.07859043031930923 -0.3630978465080261 0.9284306764602661 -0.013598304241895676
1403636586.6135554 0.9970610737800598 -0.04067252576351166 0.06492234766483307 0.0026640482246875763 0.013592822477221489 0.9279083013534546 0.37256044149398804 0.0010419422760605812 -0.07539496570825577 -0.37058308720588684 0.9257341623306274 -0.014376400038599968
1403636586.6635556 0.9970163106918335 -0.04224678501486778 0.06460292637348175 0.0035268794745206833 0.015119635500013828 0.9276031851768494 0.3732607364654541 0.0006675729528069496 -0.07569494843482971 -0.3711703419685364 0.9254743456840515 -0.01478625275194645
1403636586.7135556 0.9971479773521423 -0.041524287313222885 0.06302143633365631 0.004400278907269239 0.015401824377477169 0.9294226169586182 0.3686954975128174 0.0002378104254603386 -0.07388336211442947 -0.3666733205318451 0.9274114370346069 -0.015006523579359055
1403636586.7635555 0.9974181652069092 -0.042326971888542175 0.058011285960674286 0.00524308905005455 0.01852130889892578 0.9321248531341553 0.3616631031036377 -0.00014429539442062378 -0.06938187032938004 -0.35965487360954285 0.9305022954940796 -0.014895781874656677
1403636586.8135555 0.9976301193237305 -0.04176989197731018 0.054675571620464325 0.006119905039668083 0.019778868183493614 0.9352014660835266 0.3535633087158203 -0.0004890533164143562 -0.06590097397565842 -0.35164394974708557 0.9338113069534302 -0.014708579517900944
1403636586.8635557 0.9978153705596924 -0.039803508669137955 0.05273012816905975 0.006558320485055447 0.019123319536447525 0.9379787445068359 0.3461647629737854 -0.00048321299254894257 -0.06323832273483276 -0.3444001078605652 0.9366906881332397 -0.014272388070821762
1403636586.9135554 0.9981189370155334 -0.03462978079915047 0.05059409141540527 0.006886973977088928 0.015310290269553661 0.9398477673530579 0.3412501811981201 -0.0006519837770611048 -0.05936817824840546 -0.3398335576057434 0.9386098384857178 -0.013908389024436474
1403636586.9635556 0.9984316825866699 -0.0313916951417923 0.04635682702064514 0.0071554179303348064 0.013972016982734203 0.9415262341499329 0.33664965629577637 -0.0006969263777136803 -0.05421417951583862 -0.3354739546775818 0.9404881596565247 -0.013478191569447517
1403636587.0135555 0.9987529516220093 -0.025185292586684227 0.043107930570840836 0.007289098110049963 0.009348451159894466 0.9425063729286194 0.33405718207359314 -0.0007665136363357306 -0.04904283583164215 -0.3332376182079315 0.941566526889801 -0.013026691041886806
1403636587.0635555 0.9989126324653625 -0.022202573716640472 0.0409984365105629 0.007422881666570902 0.0071676792576909065 0.9420109391212463 0.33550524711608887 -0.0009739522356539965 -0.04607008025050163 -0.33484652638435364 0.9411457777023315 -0.012540999799966812
1403636587.1135554 0.9990719556808472 -0.017903488129377365 0.03917882964015007 0.007729450240731239 0.003536592237651348 0.9405558705329895 0.33962035179138184 -0.0011482557747513056 -0.042930278927087784 -0.339166522026062 0.9397462606430054 -0.012092148885130882
1403636587.1635556 0.9991214871406555 -0.014977795071899891 0.03914346173405647 0.00822419486939907 0.0005690795369446278 0.9387247562408447 0.34466689825057983 -0.00138447480276227 -0.04190730303525925 -0.34434178471565247 0.9379085302352905 -0.011583277955651283
1403636587.2135556 0.9991921186447144 -0.01380564272403717 0.037746213376522064 0.008995839394629002 -0.00015795370563864708 0.9377983212471008 0.3471803069114685 -0.0014705639332532883 -0.040191397070884705 -0.34690579771995544 0.9370384812355042 -0.011041379533708096
1403636587.2635555 0.9991511702537537 -0.015447148121893406 0.03819253295660019 0.010072601027786732 0.0011598644778132439 0.9372252821922302 0.34872227907180786 -0.0016036960296332836 -0.0411817729473114 -0.348381906747818 0.9364476203918457 -0.010494993068277836
1403636587.3135555 0.9991002082824707 -0.017618410289287567 0.038580942898988724 0.011402134783565998 0.0030070499051362276 0.9367754459381104 0.3499177396297455 -0.0016992781311273575 -0.04230669140815735 -0.3494867980480194 0.9359854459762573 -0.00998902041465044
1403636587.3635557 0.9989734292030334 -0.020381653681397438 0.04045684263110161 0.013308478519320488 0.004858547821640968 0.9361231327056885 0.35163846611976624 -0.001925039803609252 -0.045039571821689606 -0.35108083486557007 0.9352611899375916 -0.009230044670403004
1403636587.4135554 0.9988549947738647 -0.02262406423687935 0.042155422270298004 0.015445777215063572 0.0062994398176670074 0.9356462955474854 0.35288241505622864 -0.002147131133824587 -0.04742620140314102 -0.35221269726753235 0.9347174167633057 -0.008561305701732635
1403636587.4635556 0.998706042766571 -0.027128733694553375 0.0430167019367218 0.017600806429982185 0.010117433033883572 0.9349183440208435 0.35471847653388977 -0.002325050299987197 -0.049840182065963745 -0.3538241982460022 0.9339829087257385 -0.008165890350937843
1403636587.5135555 0.998566210269928 -0.03183142468333244 0.04303961247205734 0.02049097791314125 0.01438309345394373 0.93397456407547 0.35704970359802246 -0.002576142083853483 -0.0515633188188076 -0.35591864585876465 0.9330931305885315 -0.0075621106661856174
