1305031453.359684 1.0 0.0 0.0 0.0 0.0 1.0 0.0 0.0 0.0 0.0 1.0 0.0
1305031453.39169 0.9996326565742493 -0.024101393297314644 0.01239691860973835 0.0020991771016269922 0.02408774383366108 0.9997090697288513 0.0012490908848121762 0.0045232209376990795 -0.012423417530953884 -0.0009500181768089533 0.9999223947525024 -0.009482834488153458
1305031453.423683 0.9989016652107239 -0.04267487674951553 0.019346993416547775 0.007639003451913595 0.04268937557935715 0.9990883469581604 -0.00033692436409182847 0.006513277534395456 -0.019314976409077644 0.0011624654289335012 0.9998127818107605 -0.017856230959296227
1305031453.459685 0.997663140296936 -0.059673916548490524 0.0332801416516304 0.010621325112879276 0.05992931127548218 0.9981799125671387 -0.006729071494191885 0.010017896071076393 -0.0328180156648159 0.008707798086106777 0.9994233846664429 -0.027173426002264023
1305031453.491698 0.9957759976387024 -0.08004134148359299 0.044983744621276855 0.01538600493222475 0.0807691141963005 0.9966259002685547 -0.014597415924072266 0.015112410299479961 -0.043663568794727325 0.01816905476152897 0.9988810420036316 -0.03821834176778793
1305031453.523684 0.9936635494232178 -0.09782511740922928 0.055343858897686005 0.016240360215306282 0.09945500642061234 0.9946619272232056 -0.027498722076416016 0.020658625289797783 -0.05235835909843445 0.03282870352268219 0.9980885982513428 -0.051236286759376526
1305031453.559753 0.9918177723884583 -0.11072259396314621 0.06354515254497528 0.014949754811823368 0.11353696882724762 0.9926233887672424 -0.04252360016107559 0.028185147792100906 -0.058368075639009476 0.04939038306474686 0.9970725774765015 -0.06600140035152435
1305031453.59164 0.9904100894927979 -0.11810529977083206 0.07168637216091156 0.012957713566720486 0.1222032830119133 0.9909383058547974 -0.05574711784720421 0.0336763821542263 -0.06445274502038956 0.06397281587123871 0.9958682060241699 -0.08123774081468582
1305031453.627706 0.9890966415405273 -0.12506426870822906 0.07776125520467758 0.0053072599694132805 0.13042199611663818 0.9891157746315002 -0.06811743229627609 0.03867726027965546 -0.06839583814144135 0.07751648873090744 0.9946421980857849 -0.09798886626958847
1305031453.6596 0.9896557927131653 -0.12139426916837692 0.07645227760076523 -0.006151325069367886 0.12775789201259613 0.9881806373596191 -0.08471816778182983 0.046597231179475784 -0.06526434421539307 0.09360920637845993 0.9934676885604858 -0.1120195984840393
1305031453.691678 0.991451621055603 -0.11042767763137817 0.06949390470981598 -0.015579275786876678 0.11705957353115082 0.9880800843238831 -0.09997318685054779 0.05628499016165733 -0.05762574449181557 0.10725350677967072 0.9925602674484253 -0.1269686222076416
1305031453.727652 0.9930258989334106 -0.10075699537992477 0.061217740178108215 -0.02524489536881447 0.1070573478937149 0.9881182312965393 -0.11027686297893524 0.06615936756134033 -0.04937921464443207 0.11606159806251526 0.9920138120651245 -0.1427435278892517
1305031453.759694 0.9949566125869751 -0.08555710315704346 0.052357885986566544 -0.04571257531642914 0.09133180975914001 0.9885361194610596 -0.12022828310728073 0.0721498429775238 -0.04147128015756607 0.12440384924411774 0.991364598274231 -0.15214698016643524
1305031453.791716 0.9971164464950562 -0.07055966556072235 0.02793196402490139 -0.04540552198886871 0.073645681142807 0.9885293245315552 -0.1318562775850296 0.08329799771308899 -0.018307838588953018 0.13353312015533447 0.9908751249313354 -0.16639551520347595
1305031453.827773 0.9981140494346619 -0.05978825315833092 0.013915244489908218 -0.05616205185651779 0.061131201684474945 0.9887348413467407 -0.13662533462047577 0.08932629972696304 -0.0055898986756801605 0.13721831142902374 0.9905250072479248 -0.1804167628288269
1305031453.859705 0.9990737438201904 -0.04302695766091347 0.000492067716550082 -0.08631641417741776 0.042652763426303864 0.9887450933456421 -0.14340122044086456 0.10072252154350281 0.00568358926102519 0.14328938722610474 0.9896644949913025 -0.18965394794940948
1305031453.89171 0.9991617202758789 -0.03012004680931568 -0.027725810185074806 -0.10222165286540985 0.025804508477449417 0.9891477227210999 -0.14464104175567627 0.10969793051481247 0.03178151324391365 0.14380432665348053 0.9890956282615662 -0.1989707350730896
1305031453.927723 0.9971759915351868 -0.022917818278074265 -0.07151788473129272 -0.10567332059144974 0.012822010554373264 0.9902719855308533 -0.13855375349521637 0.11334739625453949 0.07399750500917435 0.13724549114704132 0.9877691864967346 -0.20233102142810822
1305031453.959641 0.9942811727523804 -0.007883097976446152 -0.10650255531072617 -0.11365608125925064 -0.006273079663515091 0.9912387132644653 -0.13193334639072418 0.11606887727975845 0.10660950094461441 0.13184694945812225 0.9855205416679382 -0.21151180565357208
1305031453.991624 0.991443395614624 0.015288195572793484 -0.12963877618312836 -0.12529869377613068 -0.03183779492974281 0.9914470911026001 -0.1265665590763092 0.11828223615884781 0.12659500539302826 0.12961100041866302 0.9834503531455994 -0.217042475938797
1305031454.027662 0.9869787096977234 0.03179967775940895 -0.157676100730896 -0.1338944286108017 -0.052168890833854675 0.9905580282211304 -0.12677991390228271 0.11726678907871246 0.15215575695037842 0.13335485756397247 0.9793186783790588 -0.2214718610048294
1305031454.059654 0.9823040962219238 0.05338519439101219 -0.17952322959899902 -0.14640922844409943 -0.07674013078212738 0.9890861511230469 -0.1257753074169159 0.12174031883478165 0.17084941267967224 0.13732625544071198 0.9756803512573242 -0.22883939743041992
1305031454.091651 0.9765673279762268 0.08127453178167343 -0.19927528500556946 -0.1653817892074585 -0.10725278407335281 0.9865651726722717 -0.12323126941919327 0.12476937472820282 0.18658249080181122 0.14171646535396576 0.9721642732620239 -0.23137812316417694
1305031454.127701 0.9682891964912415 0.10787445306777954 -0.22534239292144775 -0.18202164769172668 -0.13852940499782562 0.9824448227882385 -0.12494689226150513 0.12751415371894836 0.20790788531303406 0.15220129489898682 0.9662345051765442 -0.2348584681749344
1305031454.159672 0.9583376049995422 0.12969110906124115 -0.25449827313423157 -0.19795314967632294 -0.16538570821285248 0.9783772826194763 -0.12419914454221725 0.13616444170475006 0.23288778960704803 0.16111508011817932 0.959064781665802 -0.23186726868152618
1305031454.191658 0.9459017515182495 0.15672387182712555 -0.2840908467769623 -0.2111334204673767 -0.19535861909389496 0.9741969704627991 -0.11302769184112549 0.1395404189825058 0.259046345949173 0.16241267323493958 0.9521119594573975 -0.2384219914674759
1305031454.227671 0.9294717311859131 0.18928442895412445 -0.3166283965110779 -0.2241591513156891 -0.23093290627002716 0.9678898453712463 -0.099293552339077 0.12867502868175507 0.2876667380332947 0.16541047394275665 0.9433383345603943 -0.2471555471420288
1305031454.259627 0.912504255771637 0.213857039809227 -0.3487134575843811 -0.2261318862438202 -0.2648741602897644 0.9585185050964355 -0.10528106242418289 0.13755866885185242 0.3117332458496094 0.18843461573123932 0.9312974214553833 -0.24269309639930725
1305031454.291639 0.9020423293113708 0.2351151406764984 -0.36199522018432617 -0.23603475093841553 -0.2875804901123047 0.9527498483657837 -0.09780193120241165 0.14483734965324402 0.32189619541168213 0.19232423603534698 0.9270352125167847 -0.2446092665195465
1305031454.327699 0.8873187303543091 0.2664894759654999 -0.376362681388855 -0.2551955580711365 -0.3193742632865906 0.9438393115997314 -0.08466193079948425 0.1362239420413971 0.3326643109321594 0.1953226923942566 0.9225960373878479 -0.24940434098243713
1305031454.359636 0.869387686252594 0.2903438210487366 -0.3998318314552307 -0.26027873158454895 -0.3514350950717926 0.9321358799934387 -0.0872703269124031 0.14135552942752838 0.34735924005508423 0.21638670563697815 0.9124244451522827 -0.2521240711212158
1305031454.391677 0.8541238903999329 0.31216832995414734 -0.4159605801105499 -0.26965779066085815 -0.37798675894737244 0.9219712018966675 -0.08423230797052383 0.14973057806491852 0.3572089970111847 0.22917242348194122 0.9054731726646423 -0.2518484592437744
1305031454.427465 0.8347586393356323 0.3364734947681427 -0.4358481168746948 -0.2838748097419739 -0.4069347381591797 0.910232663154602 -0.07668547332286835 0.15470124781131744 0.3709205090999603 0.2413756400346756 0.896747350692749 -0.2561693787574768
1305031454.459913 0.8112305998802185 0.3581465184688568 -0.4622077941894531 -0.27749890089035034 -0.43490394949913025 0.8979411125183105 -0.06752985715866089 0.15610861778259277 0.39084985852241516 0.25579825043678284 0.8841966390609741 -0.25301188230514526
1305031454.491617 0.7946850657463074 0.3838850259780884 -0.4702211022377014 -0.28467920422554016 -0.4635855555534363 0.8838895559310913 -0.0618702657520771 0.1613251119852066 0.3918723464012146 0.26715514063835144 0.8803772926330566 -0.2569584250450134
1305031454.5277 0.7749272584915161 0.4096267819404602 -0.48134568333625793 -0.28723159432411194 -0.49174898862838745 0.8691830635070801 -0.05199793353676796 0.17112410068511963 0.397077739238739 0.27699583768844604 0.8749871850013733 -0.2590973377227783
1305031454.559575 0.7574301362037659 0.4335189759731293 -0.4882221817970276 -0.2973852753639221 -0.5159564018249512 0.8556483387947083 -0.04068046435713768 0.18351934850215912 0.40011075139045715 0.28271397948265076 0.8717707395553589 -0.26234960556030273
1305031454.591635 0.7307547330856323 0.46129778027534485 -0.5031915903091431 -0.30636754631996155 -0.5446193218231201 0.8383859395980835 -0.022332241758704185 0.19151127338409424 0.41156700253486633 0.2903672456741333 0.863886296749115 -0.26307594776153564
1305031454.62758 0.7010879516601562 0.4818507432937622 -0.5256382822990417 -0.3037266135215759 -0.5668132901191711 0.8238460421562195 -0.0007896721363067627 0.19229872524738312 0.43266451358795166 0.2984924018383026 0.8507078289985657 -0.2680819034576416
1305031454.659528 0.6813333630561829 0.49085161089897156 -0.5430004596710205 -0.3027578294277191 -0.5756167769432068 0.817547619342804 0.016772806644439697 0.20579823851585388 0.45216163992881775 0.30113232135772705 0.8395649194717407 -0.27147403359413147
1305031454.691884 0.6568880677223206 0.5037804841995239 -0.560984194278717 -0.306133508682251 -0.5846577286720276 0.8101436495780945 0.04292437061667442 0.21200145781040192 0.4761022627353668 0.2997872531414032 0.826712965965271 -0.27061790227890015
1305031454.727659 0.6353508234024048 0.5054429769515991 -0.5838292241096497 -0.2973962724208832 -0.5856452584266663 0.808167040348053 0.06233357638120651 0.21658949553966522 0.5033376216888428 0.3023131489753723 0.8094800710678101 -0.2667976915836334
1305031454.759732 0.6322953701019287 0.4987375736236572 -0.5928433537483215 -0.290191650390625 -0.571994423866272 0.8166400790214539 0.07695062458515167 0.219053253531456 0.5225178003311157 0.2904476523399353 0.8016330003738403 -0.26114392280578613
1305031454.791641 0.6358280181884766 0.48974093794822693 -0.5965539813041687 -0.2863980829715729 -0.5582119822502136 0.8255583643913269 0.08278030902147293 0.22505030035972595 0.5330311059951782 0.2803695797920227 0.7982924580574036 -0.2590770125389099
1305031454.82757 0.6403621435165405 0.47963351011276245 -0.5999066829681396 -0.2762826681137085 -0.5440277457237244 0.8345912098884583 0.08655209839344025 0.23377938568592072 0.5421902537345886 0.27094122767448425 0.7953745722770691 -0.2568712830543518
1305031454.85962 0.6537017822265625 0.4710659980773926 -0.5922589898109436 -0.27384939789772034 -0.5285680294036865 0.8443036079406738 0.08813180029392242 0.24368251860141754 0.5415623784065247 0.2554372549057007 0.8009132146835327 -0.256709486246109
1305031454.891764 0.6665974259376526 0.46261096000671387 -0.584498941898346 -0.26718053221702576 -0.5142546892166138 0.8530417680740356 0.08866666257381439 0.2503751218318939 0.5396202802658081 0.24147644639015198 0.8065353631973267 -0.257305383682251
1305031454.927567 0.6824212670326233 0.45715242624282837 -0.5703619718551636 -0.2655520439147949 -0.5034188628196716 0.8596797585487366 0.0867186039686203 0.25868499279022217 0.5299723148345947 0.22795239090919495 0.8168029189109802 -0.26518166065216064
1305031454.959648 0.6951028108596802 0.45120564103126526 -0.5596833825111389 -0.2671269476413727 -0.4906840920448303 0.8667449951171875 0.08934386819601059 0.2645452618598938 0.525415301322937 0.21252460777759552 0.8238762617111206 -0.26680198311805725
1305031454.991937 0.7075958251953125 0.4438615143299103 -0.5498138070106506 -0.2719586491584778 -0.4807254672050476 0.8726620078086853 0.0858139768242836 0.2747834324836731 0.5178911685943604 0.20358790457248688 0.8308674693107605 -0.27523788809776306
1305031455.027799 0.7128675580024719 0.4379602372646332 -0.5477324724197388 -0.27398794889450073 -0.4762862026691437 0.8756201863288879 0.08025423437356949 0.29070743918418884 0.5147539377212524 0.2036667764186859 0.8327955007553101 -0.2809327244758606
1305031455.059636 0.7184221148490906 0.43625131249427795 -0.541806697845459 -0.2766961455345154 -0.47259777784347534 0.8776392936706543 0.08000386506319046 0.2979391813278198 0.5104126930236816 0.1985800862312317 0.8366868495941162 -0.2847291827201843
1305031455.0917 0.7238321900367737 0.43408387899398804 -0.5363190770149231 -0.28219500184059143 -0.47407180070877075 0.8776565194129944 0.07053269445896149 0.30959048867225647 0.5013211965560913 0.20319999754428864 0.8410629630088806 -0.28889161348342896
1305031455.127695 0.7308022975921631 0.4311915934085846 -0.5291518568992615 -0.28593358397483826 -0.47222039103507996 0.879138708114624 0.06421111524105072 0.32128190994262695 0.4928852319717407 0.20295071601867676 0.8460940718650818 -0.2937637269496918
1305031455.15972 0.740276038646698 0.4269702434539795 -0.5193146467208862 -0.296726256608963 -0.4646216332912445 0.883204996585846 0.06384170800447464 0.3287160098552704 0.4859198331832886 0.19402435421943665 0.8521950840950012 -0.29858797788619995
1305031455.191655 0.7534405589103699 0.4165751338005066 -0.5087164640426636 -0.3107850253582001 -0.4534953236579895 0.8894534111022949 0.05669650807976723 0.3473369777202606 0.476097971200943 0.18798309564590454 0.8590652346611023 -0.30349504947662354
1305031455.227581 0.7623714804649353 0.4075341522693634 -0.5026983618736267 -0.3201557397842407 -0.4430752694606781 0.8948849439620972 0.053527772426605225 0.3537590503692627 0.4716716706752777 0.18192516267299652 0.862803041934967 -0.30786359310150146
1305031455.259631 0.7728674411773682 0.39693835377693176 -0.4950917661190033 -0.3263731896877289 -0.4304901957511902 0.9011815190315247 0.05049893260002136 0.3676247000694275 0.4662124812602997 0.17410314083099365 0.8673719167709351 -0.3109406530857086
1305031455.291831 0.7882653474807739 0.3867468237876892 -0.4786069095134735 -0.34013938903808594 -0.4100281000137329 0.9100908041000366 0.06009877100586891 0.3712959885597229 0.4588187336921692 0.14886851608753204 0.8759700059890747 -0.3174770474433899
1305031455.327766 0.8008782267570496 0.3700442314147949 -0.47080907225608826 -0.35248124599456787 -0.38759273290634155 0.9196414947509766 0.06349371373653412 0.3807186484336853 0.4564710855484009 0.13163141906261444 0.8799473643302917 -0.32413727045059204
1305031455.35963 0.8071860074996948 0.3620634377002716 -0.4662196934223175 -0.35880348086357117 -0.3733563721179962 0.9249003529548645 0.07186423987150192 0.39325711131095886 0.4572262167930603 0.11605829745531082 0.8817452192306519 -0.326621949672699
1305031455.391665 0.8209340572357178 0.35433804988861084 -0.44778549671173096 -0.3712286055088043 -0.35350722074508667 0.9312089681625366 0.08878494799137115 0.39251673221588135 0.4484417140483856 0.08540883660316467 0.8897221088409424 -0.3298834264278412
1305031455.427642 0.8363691568374634 0.3405178487300873 -0.429574579000473 -0.386593222618103 -0.3333556354045868 0.9380486607551575 0.0945446565747261 0.3973766565322876 0.435155987739563 0.0641268640756607 0.8980685472488403 -0.3396008014678955
1305031455.459589 0.8467276692390442 0.3279171586036682 -0.41895416378974915 -0.40189310908317566 -0.3150709569454193 0.9435946941375732 0.10178099572658539 0.3958224654197693 0.42869868874549866 0.04581952095031738 0.9022848606109619 -0.3481121361255646
1305031455.491637 0.8577314615249634 0.3088394105434418 -0.4109925329685211 -0.4142940044403076 -0.2935413718223572 0.9505258202552795 0.1016567200422287 0.40309229493141174 0.422054648399353 0.03344915062189102 0.9059531092643738 -0.3558614253997803
1305031455.52761 0.8696947693824768 0.28710299730300903 -0.40150076150894165 -0.4323733448982239 -0.26714766025543213 0.957784116268158 0.1062159314751625 0.40144839882850647 0.41504600644111633 0.014884553849697113 0.9096786379814148 -0.3641618490219116
1305031455.559669 0.878449022769928 0.26516008377075195 -0.3975140154361725 -0.45300135016441345 -0.2453819066286087 0.9641631245613098 0.1008821651339531 0.4078620970249176 0.41001832485198975 0.008922899141907692 0.9120336174964905 -0.3756866455078125
1305031455.591645 0.8854724168777466 0.23962414264678955 -0.39814427495002747 -0.4676581025123596 -0.21841658651828766 0.9708656668663025 0.0985596552491188 0.41324102878570557 0.4101618528366089 -0.0003105257637798786 0.9120125770568848 -0.3873874545097351
1305031455.627617 0.8937434554100037 0.21656443178653717 -0.3928387463092804 -0.4857521057128906 -0.18954773247241974 0.9760419726371765 0.10683492571115494 0.407349169254303 0.4065636992454529 -0.021021327003836632 0.91338050365448 -0.39497852325439453
1305031455.659615 0.8992717862129211 0.20615310966968536 -0.38576042652130127 -0.5053122639656067 -0.1809932440519333 0.9782964587211609 0.10088318586349487 0.4031653106212616 0.3981854319572449 -0.020901376381516457 0.9170668125152588 -0.4074036180973053
1305031455.691605 0.9019418358802795 0.20504294335842133 -0.38007640838623047 -0.5231204032897949 -0.18388502299785614 0.9786701798439026 0.09160210937261581 0.40588629245758057 0.39075180888175964 -0.012729410082101822 0.9204080700874329 -0.4194202721118927
1305031455.727628 0.903306245803833 0.21448157727718353 -0.3715311884880066 -0.5409263372421265 -0.19618099927902222 0.9767119884490967 0.08687083423137665 0.40649619698524475 0.38151121139526367 -0.00558360293507576 0.9243473410606384 -0.4278201162815094
1305031455.759683 0.9070148468017578 0.21972407400608063 -0.35922884941101074 -0.5564645528793335 -0.20340749621391296 0.9755591750144958 0.08312328904867172 0.4061361849308014 0.36871325969696045 -0.00232423422858119 0.9295402765274048 -0.43996554613113403
1305031455.791666 0.9121361374855042 0.21764308214187622 -0.3473314940929413 -0.5735720992088318 -0.2017216831445694 0.9760175943374634 0.08184074610471725 0.3965839147567749 0.35681378841400146 -0.004585615359246731 0.93416428565979 -0.45212745666503906
1305031455.82759 0.9156809449195862 0.21558479964733124 -0.33919262886047363 -0.5902038216590881 -0.20210471749305725 0.9764850735664368 0.07503671199083328 0.3951255679130554 0.3473933935165405 -0.00015725428238511086 0.9377194046974182 -0.46761181950569153
1305031455.859526 0.9165631532669067 0.21983742713928223 -0.3340410590171814 -0.6043700575828552 -0.20621877908706665 0.975536048412323 0.07617855072021484 0.3896154463291168 0.3426160216331482 -0.0009369016624987125 0.9394750595092773 -0.48048532009124756
1305031455.891657 0.9191031455993652 0.21987761557102203 -0.3269605040550232 -0.6174445748329163 -0.20687350630760193 0.9755270481109619 0.07449972629547119 0.3873235583305359 0.33533960580825806 -0.0008334815502166748 0.9420969486236572 -0.49182671308517456
1305031455.927955 0.9214359521865845 0.223658949136734 -0.31769847869873047 -0.6311746835708618 -0.21006402373313904 0.9746587872505188 0.07689857482910156 0.38114166259765625 0.32684656977653503 -0.00412009796127677 0.9450684189796448 -0.5011258125305176
1305031455.959716 0.9230979084968567 0.22777703404426575 -0.3098513185977936 -0.6423203349113464 -0.21561819314956665 0.9737128019332886 0.07343105971813202 0.3819359540939331 0.3184320628643036 -0.0009744735434651375 0.9479451775550842 -0.5120543241500854
1305031455.991694 0.9252671599388123 0.23297429084777832 -0.29933854937553406 -0.6529402732849121 -0.22007469832897186 0.9724699258804321 0.07661092281341553 0.3796837329864502 0.3089461624622345 -0.005008748732507229 0.9510663747787476 -0.520687460899353
1305031456.02777 0.9275885224342346 0.24058212339878082 -0.285831481218338 -0.6623651385307312 -0.22728556394577026 0.9705904126167297 0.07934461534023285 0.38709819316864014 0.29651424288749695 -0.00863379891961813 0.9549893736839294 -0.5310994386672974
1305031456.059713 0.9278669357299805 0.258966326713562 -0.2683270275592804 -0.6783012747764587 -0.24061685800552368 0.965480625629425 0.09975364804267883 0.3798564076423645 0.28489741683006287 -0.027994120493531227 0.958149254322052 -0.5373305082321167
1305031456.091707 0.9280772805213928 0.2719837427139282 -0.2543564438819885 -0.6933752298355103 -0.2498319149017334 0.9612764716148376 0.11632587760686874 0.3668191134929657 0.2761456370353699 -0.04441305622458458 0.9600890874862671 -0.5422505140304565
1305031456.127645 0.9301477670669556 0.27493220567703247 -0.24338749051094055 -0.706413209438324 -0.2530977427959442 0.9602808356285095 0.11748292297124863 0.3615623712539673 0.2660202383995056 -0.04767564684152603 0.9627878069877625 -0.5476534366607666
1305031456.159731 0.9324522018432617 0.27652767300605774 -0.23251934349536896 -0.7153933048248291 -0.25369352102279663 0.9593592286109924 0.12356948852539062 0.34764671325683594 0.2572399973869324 -0.056234005838632584 0.9647100567817688 -0.5504448413848877
1305031456.191658 0.9378465414047241 0.2695648670196533 -0.218583345413208 -0.7255204319953918 -0.2499438375234604 0.9615890383720398 0.11346563696861267 0.33801552653312683 0.24077372252941132 -0.05177978053689003 0.9691990613937378 -0.5492749810218811
1305031456.227678 0.9440855383872986 0.2621563971042633 -0.1999412178993225 -0.7347560524940491 -0.2477392703294754 0.964210569858551 0.09446238726377487 0.34948790073394775 0.2175493836402893 -0.03964727371931076 0.9752438068389893 -0.553837776184082
1305031456.291675 0.9565408825874329 0.2479657530784607 -0.1534358114004135 -0.761093020439148 -0.23570024967193604 0.9672855734825134 0.09382923692464828 0.3260498344898224 0.1716827154159546 -0.05358664318919182 0.9836938381195068 -0.5526118278503418
1305031456.327718 0.9630153179168701 0.23364250361919403 -0.13421088457107544 -0.7719376087188721 -0.22410158812999725 0.9710692763328552 0.0824802964925766 0.320167601108551 0.14959898591041565 -0.04935290664434433 0.9875142574310303 -0.550205409526825
1305031456.391619 0.9729449152946472 0.21516217291355133 -0.08416280895471573 -0.797269344329834 -0.20996087789535522 0.9754443168640137 0.06651860475540161 0.31437233090400696 0.09640844166278839 -0.047048039734363556 0.994229257106781 -0.5431147813796997
1305031456.427662 0.9779295325279236 0.19955259561538696 -0.06190662831068039 -0.8145907521247864 -0.19718334078788757 0.9794521331787109 0.04233467951416969 0.3240002989768982 0.0690825805068016 -0.02919338084757328 0.9971837997436523 -0.5364241600036621
1305031456.491677 0.9839662313461304 0.17403797805309296 -0.03900130093097687 -0.8542788624763489 -0.17233806848526 0.9840812683105469 0.043400004506111145 0.3407135009765625 0.04593370482325554 -0.03598272055387497 0.9982962608337402 -0.5246627330780029
1305031456.527641 0.9858441948890686 0.16346894204616547 -0.0372704342007637 -0.8694645166397095 -0.16118571162223816 0.9852346777915955 0.05772143602371216 0.3382702171802521 0.04615579918026924 -0.050896890461444855 0.9976367950439453 -0.5163442492485046
1305031456.591651 0.989580512046814 0.14066092669963837 -0.03074418194591999 -0.8866713047027588 -0.13874855637550354 0.9886648058891296 0.057364948093891144 0.3442956507205963 0.03846469894051552 -0.05250152200460434 0.9978798031806946 -0.49869269132614136
1305031456.627612 0.9914042949676514 0.129536435008049 -0.018385641276836395 -0.8958074450492859 -0.1278425008058548 0.9889999628067017 0.07440080493688583 0.3582938611507416 0.02782101184129715 -0.07141079753637314 0.9970589876174927 -0.48971110582351685
1305031456.691612 0.9954037070274353 0.09497743099927902 0.012281788513064384 -0.934686005115509 -0.09573779255151749 0.9901024699211121 0.10262276232242584 0.3413952887058258 -0.0024133846163749695 -0.10332691669464111 0.9946445822715759 -0.46492138504981995
1305031456.727693 0.997016966342926 0.0753467008471489 0.016735896468162537 -0.9500460028648376 -0.07667972147464752 0.9916713237762451 0.10348059237003326 0.358040452003479 -0.008799593895673752 -0.10445520281791687 0.9944906830787659 -0.4554516673088074
1305031456.791649 0.9989101886749268 0.046670712530612946 0.00040659986552782357 -0.9820994734764099 -0.04639137536287308 0.9919015169143677 0.11823372542858124 0.3429851830005646 0.0051147425547242165 -0.11812373995780945 0.992985725402832 -0.4364503026008606
1305031456.827603 0.9994080662727356 0.03313622251152992 -0.009242771193385124 -0.9876832962036133 -0.031920984387397766 0.9934244751930237 0.10994988679885864 0.36322808265686035 0.01282531674951315 -0.10958976298570633 0.9938942193984985 -0.4242304861545563
1305031456.891672 0.9999555945396423 0.0070440201088786125 -0.006245055701583624 -1.0026423931121826 -0.006132903508841991 0.990756630897522 0.1355120688676834 0.35359328985214233 0.007141880225390196 -0.1354677528142929 0.9907560348510742 -0.39712145924568176
1305031456.92769 0.9999651312828064 -0.005323413293808699 0.006430028937757015 -1.0148422718048096 0.004506820812821388 0.9926499724388123 0.12093660235404968 0.3624070882797241 -0.007026566192507744 -0.12090340256690979 0.9926394820213318 -0.390590637922287
1305031456.959667 0.9996720552444458 -0.01724483072757721 0.01892884448170662 -1.0277546644210815 0.014884489588439465 0.9928496479988098 0.1184394508600235 0.3773818612098694 -0.02083597145974636 -0.11811887472867966 0.992780864238739 -0.38523876667022705
1305031456.991709 0.999233067035675 -0.02320258878171444 0.03154323250055313 -1.042093276977539 0.0186934731900692 0.990477442741394 0.1364002376794815 0.374991774559021 -0.03440769761800766 -0.13570594787597656 0.9901515245437622 -0.37704190611839294
1305031457.027648 0.9986360669136047 -0.03126238286495209 0.04181927442550659 -1.055401086807251 0.02512955293059349 0.9898492693901062 0.1398821473121643 0.37526261806488037 -0.045767832547426224 -0.13864043354988098 0.9892846941947937 -0.37210044264793396
1305031457.091655 0.9967599511146545 -0.0537787526845932 0.05981246754527092 -1.076681137084961 0.04333692416548729 0.9855234026908875 0.16390743851661682 0.380615770816803 -0.06776132434606552 -0.1607842743396759 0.9846607446670532 -0.36761677265167236
1305031457.127632 0.9952881336212158 -0.06512364745140076 0.07183782756328583 -1.0874544382095337 0.05150483921170235 0.9827972650527954 0.1773604452610016 0.3695749044418335 -0.08215238153934479 -0.17282475531101227 0.9815205931663513 -0.3646804392337799
1305031457.191735 0.990106999874115 -0.09202677011489868 0.10592052340507507 -1.1177380084991455 0.07328958809375763 0.9829059839248657 0.1688920259475708 0.37570393085479736 -0.11965248733758926 -0.15945830941200256 0.9799267053604126 -0.37114137411117554
1305031457.227543 0.9871965646743774 -0.10530214011669159 0.11980991065502167 -1.1324864625930786 0.08268507570028305 0.9801543354988098 0.1801682859659195 0.3706058859825134 -0.13640430569648743 -0.16795504093170166 0.976311981678009 -0.3736245632171631
1305031457.291656 0.9800245761871338 -0.13037019968032837 0.15018421411514282 -1.1586763858795166 0.10450325906276703 0.9800864458084106 0.1688479781150818 0.3577396273612976 -0.16920623183250427 -0.14978043735027313 0.9741330146789551 -0.3839963972568512
1305031457.327548 0.9755105972290039 -0.14138050377368927 0.16849517822265625 -1.1722625494003296 0.11437805742025375 0.9803974628448486 0.16043244302272797 0.36313194036483765 -0.1878742277622223 -0.13723137974739075 0.9725589156150818 -0.39458543062210083
1305031457.391684 0.9612738490104675 -0.16829033195972443 0.21824495494365692 -1.2078120708465576 0.1353515237569809 0.9781084656715393 0.1580623984336853 0.3495268225669861 -0.24006760120391846 -0.12240146845579147 0.9630085229873657 -0.40722042322158813
1305031457.427641 0.9541096091270447 -0.18194521963596344 0.23784591257572174 -1.2307629585266113 0.14834731817245483 0.9771247506141663 0.152382493019104 0.3498632609844208 -0.260130375623703 -0.11010582000017166 0.9592753052711487 -0.41527536511421204
1305031457.491705 0.9480545520782471 -0.2006138414144516 0.24687358736991882 -1.2599204778671265 0.1651829183101654 0.9737020134925842 0.15690487623214722 0.33267974853515625 -0.2718585729598999 -0.10797510296106339 0.956260621547699 -0.43045783042907715
1305031457.527638 0.9448682069778442 -0.2047736942768097 0.2555227279663086 -1.2745029926300049 0.17022576928138733 0.9737793803215027 0.15091998875141144 0.3258163332939148 -0.2797272503376007 -0.09910295158624649 0.9549509882926941 -0.4391246438026428
1305031457.559685 0.9401690363883972 -0.21285253763198853 0.2660374939441681 -1.2896276712417603 0.17916302382946014 0.9730238914489746 0.14534452557563782 0.32080984115600586 -0.2897977828979492 -0.08898435533046722 0.9529423117637634 -0.4492436349391937
1305031457.591678 0.9347819685935974 -0.21807755529880524 0.2804010510444641 -1.3127743005752563 0.18526339530944824 0.9728125929832458 0.13897137343883514 0.3197094202041626 -0.3030841648578644 -0.07795989513397217 0.9497696161270142 -0.4561738967895508
1305031457.627526 0.9332947134971619 -0.2243412882089615 0.28041374683380127 -1.3229892253875732 0.19067494571208954 0.9712656736373901 0.14242911338806152 0.30818161368370056 -0.3043089509010315 -0.07946048676967621 0.949253499507904 -0.46201425790786743
1305031457.659632 0.9286031723022461 -0.2300812155008316 0.2911336421966553 -1.3450745344161987 0.19890955090522766 0.9709643125534058 0.13290324807167053 0.3119050860404968 -0.31325891613960266 -0.06550510972738266 0.9474058747291565 -0.46773767471313477
1305031457.69157 0.9263189435005188 -0.23716217279434204 0.2927241027355194 -1.3618284463882446 0.20253697037696838 0.9686490893363953 0.1438663750886917 0.3058532774448395 -0.317666620016098 -0.07397869229316711 0.9453121423721313 -0.4713599681854248
1305031457.727669 0.9264601469039917 -0.23829145729541779 0.2913566827774048 -1.3704549074172974 0.20054036378860474 0.9675605893135071 0.15365609526634216 0.28597474098205566 -0.31852012872695923 -0.0839274674654007 0.944193422794342 -0.47550129890441895
1305031457.759556 0.9254435896873474 -0.2344830334186554 0.29761001467704773 -1.3851869106292725 0.19705507159233093 0.9687687158584595 0.15052059292793274 0.2738557457923889 -0.32360976934432983 -0.08065276592969894 0.9427469372749329 -0.4810035228729248
1305031457.791567 0.9231486320495605 -0.23048700392246246 0.3076883852481842 -1.3940010070800781 0.19375358521938324 0.9702064394950867 0.1454607993364334 0.2517649233341217 -0.33204808831214905 -0.07466620206832886 0.9403026103973389 -0.4807979464530945
1305031457.827699 0.9181161522865295 -0.2274934947490692 0.324514240026474 -1.4079370498657227 0.19788874685764313 0.9726079106330872 0.12195809930562973 0.2556038200855255 -0.34336984157562256 -0.047753993421792984 0.9379854798316956 -0.49203217029571533
1305031457.859623 0.9117081761360168 -0.2265634536743164 0.34272029995918274 -1.4238080978393555 0.19767409563064575 0.9731999635696411 0.11750238388776779 0.24912932515144348 -0.3601571321487427 -0.03938095644116402 0.9320600628852844 -0.4939216673374176
1305031457.891593 0.9052234888076782 -0.22561408579349518 0.3600955009460449 -1.4399361610412598 0.19836896657943726 0.9737716913223267 0.11143814027309418 0.22672392427921295 -0.37579283118247986 -0.029444649815559387 0.9262357950210571 -0.4925326108932495
1305031457.927633 0.8985875844955444 -0.2254270613193512 0.3764611482620239 -1.4630569219589233 0.20970724523067474 0.9742496013641357 0.08282902836799622 0.22692149877548218 -0.38543903827667236 0.004517510533332825 0.9227222204208374 -0.4954535961151123
1305031457.991644 0.8940489888191223 -0.2314268946647644 0.3835597038269043 -1.4876971244812012 0.22228144109249115 0.9725599884986877 0.06868819892406464 0.20590931177139282 -0.3889310956001282 0.02384759858250618 0.9209581613540649 -0.4925384819507599
1305031458.027845 0.8892723917961121 -0.22830718755722046 0.39632123708724976 -1.5036112070083618 0.22415167093276978 0.9728581309318542 0.057475049048662186 0.19007442891597748 -0.3986862003803253 0.037725090980529785 0.9163111448287964 -0.48640531301498413
1305031458.059689 0.8846994638442993 -0.22520145773887634 0.40815576910972595 -1.5179784297943115 0.23224641382694244 0.9720987677574158 0.03295242041349411 0.20309703052043915 -0.4041886329650879 0.06563973426818848 0.9123172760009766 -0.4833838939666748
1305031458.09169 0.8797659277915955 -0.2275015413761139 0.4174385368824005 -1.5333406925201416 0.23542699217796326 0.9713250398635864 0.03319592773914337 0.20314790308475494 -0.41302067041397095 0.06907166540622711 0.908098578453064 -0.47621023654937744
1305031458.127605 0.8749225735664368 -0.2290431261062622 0.42667287588119507 -1.5488460063934326 0.2344432920217514 0.9712795615196228 0.04065205156803131 0.1906294822692871 -0.42372968792915344 0.06446319073438644 0.9034917950630188 -0.4638768434524536
1305031458.159638 0.8693773150444031 -0.2322615087032318 0.4361625611782074 -1.567796230316162 0.23894158005714417 0.970194399356842 0.04037124663591385 0.18125680088996887 -0.4325391352176666 0.06911953538656235 0.8989617824554443 -0.448570191860199
1305031458.191646 0.8645322322845459 -0.2392805814743042 0.4419599771499634 -1.5900988578796387 0.24777120351791382 0.9680163860321045 0.039418257772922516 0.18365216255187988 -0.43725651502609253 0.0754266008734703 0.8961681723594666 -0.43390709161758423
1305031458.227611 0.8640434145927429 -0.24382466077804565 0.44043007493019104 -1.6086863279342651 0.24599836766719818 0.9678102135658264 0.053181491792201996 0.17857417464256287 -0.4392196238040924 0.06239394471049309 0.8962104320526123 -0.41557401418685913
1305031458.259934 0.8651770949363708 -0.24463891983032227 0.4377448856830597 -1.6192114353179932 0.23875167965888977 0.9685953259468079 0.0694323480129242 0.14433902502059937 -0.44098350405693054 0.04444104805588722 0.8964142799377441 -0.39439857006073
1305031458.291664 0.8674485683441162 -0.23540036380290985 0.4383145868778229 -1.6416780948638916 0.23866283893585205 0.9698876738548279 0.04855913668870926 0.1431497484445572 -0.4365467131137848 0.06248685345053673 0.8975089192390442 -0.37761133909225464
1305031458.327628 0.8716856241226196 -0.2403029203414917 0.4271050989627838 -1.6504147052764893 0.24568602442741394 0.968376874923706 0.043415021151304245 0.14011424779891968 -0.4240313172340393 0.0670895129442215 0.9031590223312378 -0.3651009798049927
1305031458.35959 0.8731961846351624 -0.24166162312030792 0.42323529720306396 -1.6583569049835205 0.24947495758533478 0.9676429629325867 0.03780777379870415 0.11491232365369797 -0.41867733001708984 0.07257299870252609 0.9052305817604065 -0.3435099124908447
1305031458.391626 0.8738694190979004 -0.24345964193344116 0.4208083748817444 -1.666661024093628 0.26313644647598267 0.9646879434585571 0.011681590229272842 0.11808037757873535 -0.40879273414611816 0.10052181780338287 0.9070743918418884 -0.33210456371307373
1305031458.427598 0.8697829246520996 -0.25266534090042114 0.42383715510368347 -1.6735355854034424 0.280132532119751 0.9599577784538269 -0.00261041522026062 0.11810075491666794 -0.4062062203884125 0.12100104987621307 0.905734658241272 -0.3188893795013428
1305031458.459637 0.8629547357559204 -0.26253554224967957 0.4317224323749542 -1.6647727489471436 0.2997981309890747 0.9538088440895081 -0.019233498722314835 0.10998599231243134 -0.40673118829727173 0.14602725207805634 0.901801347732544 -0.30549514293670654
1305031458.491696 0.8545518517494202 -0.24437841773033142 0.4582800269126892 -1.668603539466858 0.3014146387577057 0.9519386887550354 -0.05442320555448532 0.10120634734630585 -0.42295464873313904 0.18463972210884094 0.8871400952339172 -0.28213703632354736
1305031458.527737 0.8464803695678711 -0.22710764408111572 0.4815528690814972 -1.676626205444336 0.30475547909736633 0.948313295841217 -0.08846455812454224 0.11081131547689438 -0.43657201528549194 0.22163939476013184 0.8719409108161926 -0.26304590702056885
1305031458.559628 0.8397305607795715 -0.21539436280727386 0.4984557628631592 -1.6801888942718506 0.3038247227668762 0.9471939206123352 -0.10253797471523285 0.11826113611459732 -0.45004817843437195 0.23754742741584778 0.860829770565033 -0.2457273006439209
1305031458.591641 0.8344810009002686 -0.1935596466064453 0.5159227252006531 -1.6918644905090332 0.2955714464187622 0.9474174380302429 -0.12262864410877228 0.12102027237415314 -0.46505820751190186 0.2548232674598694 0.8478124737739563 -0.2172139286994934
1305031458.627659 0.8350124359130859 -0.1781853437423706 0.5205806493759155 -1.7040045261383057 0.2906854450702667 0.9461619257926941 -0.14240588247776031 0.15229690074920654 -0.4671790599822998 0.27023589611053467 0.8418529033660889 -0.19365471601486206
1305031458.659623 0.8348294496536255 -0.18303582072257996 0.5191894769668579 -1.7208911180496216 0.2884409427642822 0.9487226009368896 -0.12933379411697388 0.1506834179162979 -0.4688940644264221 0.25772717595100403 0.8448165059089661 -0.1662495732307434
1305031458.691674 0.8521989583969116 -0.17412841320037842 0.49339279532432556 -1.7256498336791992 0.26812654733657837 0.9551032781600952 -0.12603847682476044 0.15239471197128296 -0.4492943286895752 0.23970156908035278 0.8606263399124146 -0.13967376947402954
1305031458.72765 0.869222104549408 -0.1589711606502533 0.46816781163215637 -1.717861294746399 0.24914230406284332 0.9587243795394897 -0.13702450692653656 0.160811185836792 -0.4270610213279724 0.2357451468706131 0.8729508519172668 -0.11615878343582153
1305031458.759945 0.8860296607017517 -0.13684840500354767 0.44297194480895996 -1.7221400737762451 0.22683456540107727 0.961235523223877 -0.1567562222480774 0.16660183668136597 -0.4043485224246979 0.23937198519706726 0.8827250003814697 -0.09994649887084961
1305031458.791632 0.9059415459632874 -0.12713125348091125 0.403865784406662 -1.7050819396972656 0.2093726396560669 0.9635845422744751 -0.1663365662097931 0.18046462535858154 -0.3680122494697571 0.23524963855743408 0.8995691537857056 -0.08486056327819824
1305031458.827564 0.9145268797874451 -0.12345003336668015 0.38522806763648987 -1.7006056308746338 0.19659638404846191 0.967907190322876 -0.1565423309803009 0.1802220344543457 -0.3535398840904236 0.21889661252498627 0.9094470143318176 -0.07541912794113159
1305031458.891665 0.9217402935028076 -0.10235009342432022 0.3740578591823578 -1.6892969608306885 0.1778900921344757 0.9686699509620667 -0.1733020693063736 0.1757935881614685 -0.3446011543273926 0.22628070414066315 0.9110692143440247 -0.05679196119308472
1305031458.927621 0.9148269295692444 -0.10764335095882416 0.38923579454421997 -1.6985760927200317 0.18682242929935455 0.967292845249176 -0.17158636450767517 0.18303626775741577 -0.3580349087715149 0.229689821600914 0.9050158858299255 -0.04661494493484497
1305031458.959617 0.9036291837692261 -0.14135539531707764 0.40431803464889526 -1.70665442943573 0.21665135025978088 0.9651528596878052 -0.14677278697490692 0.17267273366451263 -0.3694815933704376 0.22022421658039093 0.9027650356292725 -0.040928661823272705
1305031458.991647 0.8982377648353577 -0.14704447984695435 0.414182186126709 -1.710829496383667 0.2228897213935852 0.964603841304779 -0.14092430472373962 0.14726567268371582 -0.37879955768585205 0.21890048682689667 0.8992183208465576 -0.022687017917633057
1305031459.027665 0.8949015736579895 -0.14011138677597046 0.42369797825813293 -1.7391389608383179 0.22615917026996613 0.9608719944953918 -0.15992774069309235 0.13819491863250732 -0.3847119212150574 0.23894275724887848 0.8915733695030212 -0.0023622512817382812
