1305031108.01132 0.9997236728668213 0.009939463809132576 0.021302010864019394 0.022070642560720444 -0.01019327063113451 0.9998778700828552 0.011839442886412144 0.011114220134913921 -0.021181736141443253 -0.012053309939801693 0.9997029900550842 0.018811548128724098
1305031108.043418 0.9995179176330566 0.004663696512579918 0.030692368745803833 0.033836863934993744 -0.00485569704324007 0.9999690651893616 0.006184070836752653 0.013566444627940655 -0.030662579461932182 -0.006330122239887714 0.9995096921920776 0.02065044641494751
1305031108.075352 0.9986423850059509 -0.007057670038193464 0.05161033570766449 0.0369647741317749 0.006687501911073923 0.9999507069587708 0.007341534830629826 0.010724388062953949 -0.05165960267186165 -0.006986423395574093 0.9986404180526733 0.022750720381736755
1305031108.111378 0.9978885650634766 -0.0061195408925414085 0.06466010957956314 0.04164789617061615 0.006027792114764452 0.9999805092811584 0.0016139298677444458 0.011390460655093193 -0.06466872990131378 -0.0012207645922899246 0.997905969619751 0.02745078317821026
1305031108.143334 0.9976320862770081 -0.0075058541260659695 0.0683678388595581 0.0524955615401268 0.007890118286013603 0.9999544620513916 -0.00535224936902523 0.015219652093946934 -0.06832456588745117 0.005879004951566458 0.9976458549499512 0.02947159856557846
1305031108.176058 0.9969316124916077 -0.012533478438854218 0.07726768404245377 0.05712214857339859 0.012908590957522392 0.9999071955680847 -0.004357172176241875 0.019464414566755295 -0.07720590382814407 0.005341220647096634 0.9970008730888367 0.03252198174595833
1305031108.211475 0.9969050884246826 -0.011316021904349327 0.07779520004987717 0.06711214780807495 0.010780729353427887 0.9999151825904846 0.007297409698367119 0.01815524511039257 -0.077871173620224 -0.0064361365512013435 0.9969426393508911 0.03326817974448204
1305031108.243347 0.9967184066772461 -0.007842994295060635 0.08056609332561493 0.07842964679002762 0.006957526318728924 0.9999122619628906 0.01126549020409584 0.015217676758766174 -0.08064739406108856 -0.010667979717254639 0.9966856241226196 0.03802308440208435
1305031108.275358 0.9957601428031921 -0.009113245643675327 0.09153418987989426 0.08316953480243683 0.008339514955878258 0.9999260902404785 0.00883183442056179 0.018631136044859886 -0.09160792082548141 -0.008031036704778671 0.9957626461982727 0.038083527237176895
1305031108.311332 0.9953214526176453 -0.011757563799619675 0.09589941799640656 0.08709025382995605 0.010356873273849487 0.999832272529602 0.015090534463524818 0.021367691457271576 -0.09606077522039413 -0.014026712626218796 0.9952765703201294 0.0392322838306427
1305031108.343278 0.9956032633781433 -0.016476623713970184 0.09220914542675018 0.09442104399204254 0.014253712259232998 0.9995929002761841 0.024714091792702675 0.02429034374654293 -0.09257882088422775 -0.023291118443012238 0.9954328536987305 0.043573781847953796
1305031108.37541 0.9957708716392517 -0.02716461382806301 0.0877637267112732 0.0995059609413147 0.02414711005985737 0.9990862011909485 0.03526284918189049 0.025411227717995644 -0.0886414498090744 -0.03299447521567345 0.9955169558525085 0.04649084061384201
1305031108.411361 0.9961339235305786 -0.039100535213947296 0.07866564393043518 0.10852117836475372 0.035619281232357025 0.9983435273170471 0.04518099129199982 0.02609223872423172 -0.080301932990551 -0.04220430552959442 0.995876669883728 0.048216573894023895
1305031108.44361 0.9962098598480225 -0.05290500447154045 0.0690423771739006 0.12474941462278366 0.049240592867136 0.9973401427268982 0.05373963341116905 0.028054507449269295 -0.07170183956623077 -0.0501362644135952 0.9961652755737305 0.049247872084379196
1305031108.475471 0.9954996705055237 -0.06655474752187729 0.06745951622724533 0.13289225101470947 0.06234797090291977 0.9960857629776001 0.0626574456691742 0.02544797770678997 -0.07136562466621399 -0.05816948786377907 0.9957526922225952 0.05112280696630478
1305031108.511378 0.9946451783180237 -0.0751730278134346 0.07092272490262985 0.14503167569637299 0.07042448222637177 0.9952486157417297 0.06723480671644211 0.020165426656603813 -0.0756400004029274 -0.06188007444143295 0.9952132701873779 0.05125011131167412
1305031108.543737 0.9939799904823303 -0.07148455083370209 0.0830283984541893 0.15624086558818817 0.06667158752679825 0.9960073232650757 0.05936428904533386 0.020061872899532318 -0.08694052696228027 -0.053471263498067856 0.994777500629425 0.054146282374858856
1305031108.575414 0.9931226968765259 -0.06876302510499954 0.0947577953338623 0.1622997224330902 0.06446302682161331 0.9967784881591797 0.047719769179821014 0.026805255562067032 -0.09773389995098114 -0.04128320887684822 0.9943559765815735 0.05338803678750992
1305031108.611407 0.9923102259635925 -0.07077672332525253 0.10154397040605545 0.17572472989559174 0.0659303367137909 0.9965546131134033 0.050318293273448944 0.026531115174293518 -0.1047554686665535 -0.04323652386665344 0.9935578107833862 0.055584050714969635
1305031108.643303 0.9905577898025513 -0.07421126216650009 0.11527349054813385 0.18019743263721466 0.06880734860897064 0.9963672161102295 0.050176553428173065 0.028528491035103798 -0.11857836693525314 -0.04177111014723778 0.9920657873153687 0.055582184344530106
1305031108.675375 0.9892270565032959 -0.08301421254873276 0.12057611346244812 0.1927769035100937 0.07676125317811966 0.9954969882965088 0.05561717972159386 0.03137988597154617 -0.12465017288923264 -0.04576244577765465 0.9911450147628784 0.05544020235538483
1305031108.711411 0.9865052700042725 -0.09254996478557587 0.13506166636943817 0.19902865588665009 0.0844459980726242 0.9943345189094543 0.06455729901790619 0.031978968530893326 -0.14027121663093567 -0.05228070914745331 0.988731861114502 0.058201149106025696
1305031108.743502 0.984582781791687 -0.09214132279157639 0.14868244528770447 0.2005072981119156 0.08191841095685959 0.9939261078834534 0.07348679006099701 0.027339844033122063 -0.15455053746700287 -0.06017401069402695 0.9861507415771484 0.05916108191013336
1305031108.775493 0.9831476211547852 -0.09698915481567383 0.15496298670768738 0.20645761489868164 0.08632802963256836 0.993505597114563 0.07412126660346985 0.030088068917393684 -0.16114555299282074 -0.0594945102930069 0.9851357936859131 0.059995219111442566
1305031108.811244 0.9806334376335144 -0.10577712953090668 0.1648310422897339 0.20702753961086273 0.0934343934059143 0.9923301935195923 0.08093706518411636 0.02802739478647709 -0.17212815582752228 -0.0639687031507492 0.9829953908920288 0.061568718403577805
1305031108.843264 0.9791531562805176 -0.11633092164993286 0.1665123701095581 0.20681332051753998 0.1040508970618248 0.99129319190979 0.080692358314991 0.02667500637471676 -0.17444957792758942 -0.06168440729379654 0.9827320575714111 0.06119526922702789
1305031108.876515 0.9784877300262451 -0.1289682388305664 0.16102468967437744 0.20812660455703735 0.11813054233789444 0.9901469945907593 0.07519474625587463 0.029033800587058067 -0.16913583874702454 -0.054555200040340424 0.9840818047523499 0.061354875564575195
1305031108.911364 0.9792134761810303 -0.13691432774066925 0.14965099096298218 0.2129187136888504 0.1272018551826477 0.9892092347145081 0.0726965144276619 0.024610280990600586 -0.15798933804035187 -0.05214952304959297 0.98606276512146 0.05788004398345947
1305031108.943243 0.979498565196991 -0.1425657719373703 0.14232926070690155 0.21277180314064026 0.13468323647975922 0.9888449907302856 0.06360875070095062 0.02361869625747204 -0.14981001615524292 -0.04313531890511513 0.9877733588218689 0.055072832852602005
1305031108.975268 0.9819443821907043 -0.1381775587797165 0.12919825315475464 0.21180914342403412 0.13203147053718567 0.9897170662879944 0.05502507835626602 0.023990677669644356 -0.13547295331954956 -0.036973338574171066 0.9900909066200256 0.0508226603269577
1305031109.011269 0.9828734397888184 -0.13472126424312592 0.12573811411857605 0.20714184641838074 0.12936601042747498 0.990342378616333 0.0498637892305851 0.028880039229989052 -0.13124147057533264 -0.03274354711174965 0.9908095598220825 0.05120307207107544
1305031109.043277 0.9833205938339233 -0.13095641136169434 0.12621867656707764 0.20165660977363586 0.1261647641658783 0.9909757971763611 0.045272346585989 0.030014552175998688 -0.1310083121061325 -0.028592880815267563 0.9909688830375671 0.052077099680900574
1305031109.07541 0.9852043390274048 -0.12062656134366989 0.12174482643604279 0.19541947543621063 0.1160227507352829 0.9922605156898499 0.044247038662433624 0.033880069851875305 -0.12613992393016815 -0.029467202723026276 0.991574764251709 0.04838874936103821
1305031109.111282 0.9863735437393188 -0.11534542590379715 0.11731520295143127 0.19164133071899414 0.10979371517896652 0.9925534129142761 0.052754275500774384 0.03216790035367012 -0.12252652645111084 -0.03915493190288544 0.9916926026344299 0.04966498166322708
1305031109.143334 0.9872643947601318 -0.10786601901054382 0.11693605780601501 0.17770645022392273 0.10182362049818039 0.9931973814964294 0.056487344205379486 0.02809763327240944 -0.12223370373249054 -0.04386109486222267 0.9915318489074707 0.048139579594135284
1305031109.175464 0.9895451068878174 -0.10187947005033493 0.1020829901099205 0.17190875113010406 0.09685338288545609 0.9938838481903076 0.05305016413331032 0.03092905506491661 -0.1068633496761322 -0.04260845109820366 0.9933605194091797 0.04488220810890198
1305031109.211379 0.9900121092796326 -0.10926413536071777 0.0890921950340271 0.16734321415424347 0.10465443879365921 0.9929932355880737 0.05487997829914093 0.04052787274122238 -0.09446434676647186 -0.045007944107055664 0.9945104718208313 0.04587613418698311
1305031109.24329 0.9891206622123718 -0.11966349184513092 0.08556202799081802 0.15571697056293488 0.11343488842248917 0.990763247013092 0.07430167496204376 0.03794150426983833 -0.09366290271282196 -0.06378760933876038 0.9935585856437683 0.04430551454424858
1305031109.275308 0.9889634251594543 -0.12341657280921936 0.08197365701198578 0.14234714210033417 0.11640334874391556 0.9895196557044983 0.08544782549142838 0.028725218027830124 -0.09166020900011063 -0.07496276497840881 0.9929648637771606 0.04649268835783005
1305031109.311329 0.9900197386741638 -0.12464496493339539 0.06576087325811386 0.13200809061527252 0.11960607767105103 0.9899317622184753 0.07569318264722824 0.03207435831427574 -0.07453352957963943 -0.06707235425710678 0.9949604272842407 0.045736074447631836
1305031109.343248 0.9911949038505554 -0.12397150695323944 0.04651598632335663 0.12127473205327988 0.12027490139007568 0.98988276720047 0.07527332007884979 0.03688935190439224 -0.05537710338830948 -0.06901582330465317 0.9960775971412659 0.044016283005476
1305031109.375397 0.9921518564224243 -0.12194756418466568 0.027629783377051353 0.11523224413394928 0.11932320147752762 0.9894409775733948 0.08227240294218063 0.03282489255070686 -0.03737092763185501 -0.07832983881235123 0.9962269067764282 0.04304270073771477
1305031109.411329 0.9932601451873779 -0.11521929502487183 0.012608598917722702 0.10824287682771683 0.11380580067634583 0.9900851845741272 0.08233793079853058 0.032533980906009674 -0.021970480680465698 -0.08034805208444595 0.9965248703956604 0.040256716310977936
1305031109.443302 0.9944801330566406 -0.10482355207204819 0.00460859015583992 0.09537740796804428 0.10406132787466049 0.9909675717353821 0.08458474278450012 0.03670467063784599 -0.013433441519737244 -0.0836382731795311 0.9964056611061096 0.04051844775676727
1305031109.475363 0.9950690269470215 -0.0991567000746727 -0.0023690159432590008 0.08884255588054657 0.0989462360739708 0.9907342791557312 0.09303448349237442 0.03286328166723251 -0.006877932697534561 -0.09281014651060104 0.995660126209259 0.0405670702457428
1305031109.511273 0.9958996176719666 -0.09020970016717911 -0.006787335500121117 0.08037632703781128 0.09044766426086426 0.991451621055603 0.09403839707374573 0.029706284403800964 -0.0017538638785481453 -0.09426670521497726 0.995545506477356 0.039042990654706955
1305031109.543294 0.9963427186012268 -0.0849776417016983 -0.008942937478423119 0.07137226313352585 0.0854366272687912 0.992374837398529 0.0888424813747406 0.028961248695850372 0.0013251164928078651 -0.08928163349628448 0.9960055351257324 0.0354733020067215
1305031109.575362 0.9964320063591003 -0.08427297323942184 -0.0046355328522622585 0.05691469460725784 0.08436397463083267 0.9928869009017944 0.08401259034872055 0.03323984518647194 -0.002477427013218403 -0.08410388976335526 0.9964538812637329 0.03731994703412056
1305031109.61131 0.9968348145484924 -0.07924333959817886 -0.00640759477391839 0.04700314998626709 0.07950150221586227 0.9933131337165833 0.08371611684560776 0.03346620500087738 -0.000269194133579731 -0.08396054059267044 0.9964690804481506 0.03567441180348396
1305031109.643229 0.9969398975372314 -0.07755380123853683 -0.009819108992815018 0.040065161883831024 0.078106589615345 0.9933778643608093 0.08425868302583694 0.03405033424496651 0.00321950763463974 -0.08476777374744415 0.9963955879211426 0.03375505283474922
1305031109.675263 0.9966171979904175 -0.08155910670757294 -0.010121878236532211 0.02973427064716816 0.0821329802274704 0.9927781820297241 0.0874386802315712 0.03539774939417839 0.002917360980063677 -0.08797422796487808 0.9961184859275818 0.03194768354296684
1305031109.711312 0.9966478943824768 -0.08010018616914749 -0.016644196584820747 0.020279154181480408 0.08130574226379395 0.9923550486564636 0.09284737706184387 0.03609985113143921 0.00907986331731081 -0.09388939291238785 0.9955412745475769 0.03214322403073311
1305031109.743274 0.9966818690299988 -0.07810576260089874 -0.02290603145956993 0.012157553806900978 0.08003021776676178 0.9916855096817017 0.10077247023582458 0.0364808663725853 0.01484467089176178 -0.10227131098508835 0.9946458339691162 0.03202459588646889
1305031109.775277 0.9965692758560181 -0.07817928493022919 -0.027159418910741806 0.004509761463850737 0.08065761625766754 0.9909786581993103 0.10703052580356598 0.03552745655179024 0.018546845763921738 -0.10885396599769592 0.993884801864624 0.03251728042960167
1305031109.811371 0.9967630505561829 -0.07496422529220581 -0.029048101976513863 -0.004978205543011427 0.07774906605482101 0.9907723665237427 0.111018605530262 0.03609640896320343 0.020457636564970016 -0.1129177138209343 0.9933937788009644 0.03216404840350151
1305031109.843296 0.9967042207717896 -0.07340240478515625 -0.03453543037176132 -0.013691340573132038 0.07695715129375458 0.9902194142341614 0.11637390404939651 0.03702497109770775 0.025655534118413925 -0.11864814162254333 0.9926048517227173 0.032717831432819366
1305031109.875306 0.9968788623809814 -0.06956595927476883 -0.0373220220208168 -0.02675505168735981 0.0736328586935997 0.9898219108581543 0.12178174406290054 0.038373466581106186 0.028470290824770927 -0.12414979189634323 0.9918549656867981 0.03411196544766426
1305031109.911265 0.9970950484275818 -0.058271151036024094 -0.04905027151107788 -0.035417985171079636 0.0640711560845375 0.9899019002914429 0.12644770741462708 0.03519906848669052 0.04118670895695686 -0.1292230784893036 0.9907597899436951 0.03723019361495972
1305031109.943299 0.9968604445457458 -0.051231563091278076 -0.060369864106178284 -0.03962164744734764 0.05850280821323395 0.9903562664985657 0.1255863457918167 0.040508948266506195 0.0533536933362484 -0.1287238746881485 0.9902441501617432 0.03837629407644272
1305031109.975258 0.9973109364509583 -0.040080636739730835 -0.06135368347167969 -0.05157763510942459 0.04803064838051796 0.9897982478141785 0.1341361105442047 0.04003485292196274 0.055351510643959045 -0.13672228157520294 0.9890617728233337 0.04069012403488159
1305031110.011256 0.9975972175598145 -0.025596696883440018 -0.06437759846448898 -0.06038941442966461 0.03429030254483223 0.9898677468299866 0.13778966665267944 0.04093749076128006 0.06019837036728859 -0.1396661251783371 0.9883670806884766 0.0418584905564785
1305031110.043299 0.9978337287902832 -0.012190224602818489 -0.06464650481939316 -0.06951334327459335 0.021422863006591797 0.9893295764923096 0.14411155879497528 0.03980681300163269 0.062199950218200684 -0.14518432319164276 0.9874476194381714 0.042258426547050476
1305031110.075319 0.9977474808692932 -0.002021169289946556 -0.06705016642808914 -0.07679909467697144 0.011827298440039158 0.989187479019165 0.14617925882339478 0.04256388545036316 0.06602974236011505 -0.1466430276632309 0.9869832396507263 0.04477051645517349
1305031110.111325 0.9974580407142639 0.008412803523242474 -0.07075714319944382 -0.08497535437345505 0.0026666787452995777 0.9879028797149658 0.15505054593086243 0.04271610081195831 0.07120560854673386 -0.15484514832496643 0.9853693246841431 0.04728139191865921
1305031110.143432 0.9974075555801392 0.016431616619229317 -0.07005883753299713 -0.10148558020591736 -0.004898624494671822 0.9868260622024536 0.16171012818813324 0.03817983716726303 0.07179304957389832 -0.1609477400779724 0.9843482971191406 0.04602891951799393
1305031110.175641 0.9969252347946167 0.01931174099445343 -0.07594175636768341 -0.10952381789684296 -0.00685045076534152 0.9869237542152405 0.16104216873645782 0.04282204434275627 0.07805873453617096 -0.16002677381038666 0.9840214848518372 0.04552118480205536
1305031110.211637 0.9962912797927856 0.02374330535531044 -0.08270473778247833 -0.11628948152065277 -0.00928647443652153 0.9852311611175537 0.17097708582878113 0.04021994769573212 0.08554285019636154 -0.16957493126392365 0.9817976951599121 0.047195155173540115
1305031110.243323 0.9953341484069824 0.022848747670650482 -0.09374460577964783 -0.1214902251958847 -0.006233143620193005 0.9847546219825745 0.17383769154548645 0.037529487162828445 0.09628739953041077 -0.17244228720664978 0.9803021550178528 0.04850873351097107
1305031110.279321 0.9948554635047913 0.026135211810469627 -0.09787652641534805 -0.13152942061424255 -0.009299046359956264 0.9856293201446533 0.1686657965183258 0.03832700848579407 0.10087810456752777 -0.16688790917396545 0.9808017015457153 0.04961371794342995
1305031110.311404 0.9942268133163452 0.030115773901343346 -0.10298723727464676 -0.14004002511501312 -0.012903494760394096 0.9863964915275574 0.16387560963630676 0.03807413578033447 0.10652151703834534 -0.16160061955451965 0.9810904264450073 0.048691052943468094
1305031110.343355 0.9931437969207764 0.03246340900659561 -0.11230169236660004 -0.1474004089832306 -0.014100421220064163 0.9869197010993958 0.16059447824954987 0.03984528034925461 0.11604622006416321 -0.15790988504886627 0.9806109070777893 0.0487181581556797
1305031110.379281 0.9913052320480347 0.03959942236542702 -0.12548276782035828 -0.15213294327259064 -0.019053760915994644 0.9867892861366272 0.16088423132896423 0.03818095847964287 0.1301959753036499 -0.15709446370601654 0.9789639711380005 0.047569699585437775
1305031110.411469 0.9896913170814514 0.0450560636818409 -0.1359449028968811 -0.1609106957912445 -0.023267580196261406 0.9871976375579834 0.157795712351799 0.04207620024681091 0.14131411910057068 -0.15300589799880981 0.9780694246292114 0.04505578428506851
1305031110.44326 0.9878111481666565 0.0547063946723938 -0.14572705328464508 -0.16917766630649567 -0.03035734035074711 0.9859354496002197 0.16434603929519653 0.044545453041791916 0.15266823768615723 -0.15791891515254974 0.9755789041519165 0.04450017213821411
1305031110.479331 0.9849948883056641 0.06821205466985703 -0.15853169560432434 -0.17819398641586304 -0.04090717434883118 0.9846780896186829 0.16951540112495422 0.04481437802314758 0.16766569018363953 -0.16048671305179596 0.9726932048797607 0.049092210829257965
1305031110.511429 0.9821342825889587 0.07796425372362137 -0.17127186059951782 -0.1860664188861847 -0.04804683476686478 0.9838641285896301 0.1723446249961853 0.04368559271097183 0.18194498121738434 -0.16103647649288177 0.9700326323509216 0.04725553095340729
1305031110.543408 0.9794572591781616 0.08439891040325165 -0.18314053118228912 -0.19281022250652313 -0.05173582583665848 0.982974648475647 0.1763070523738861 0.0443652980029583 0.19490265846252441 -0.16321028769016266 0.9671480655670166 0.04362763091921806
1305031110.579426 0.975967288017273 0.0955158993601799 -0.19586873054504395 -0.19731736183166504 -0.058728817850351334 0.9808529019355774 0.18568378686904907 0.045773737132549286 0.20985418558120728 -0.1697181612253189 0.9628899693489075 0.0433928444981575
1305031110.611307 0.9730970859527588 0.10442867875099182 -0.20536983013153076 -0.2012856900691986 -0.06327806413173676 0.9782388210296631 0.1975971758365631 0.04220307990908623 0.2215355634689331 -0.17928583920001984 0.9585294723510742 0.047015901654958725
1305031110.643418 0.9727726578712463 0.11013033241033554 -0.20392315089702606 -0.21195939183235168 -0.07017674297094345 0.9785460829734802 0.19370807707309723 0.04281807690858841 0.22088132798671722 -0.17412331700325012 0.9596313834190369 0.04645846039056778
1305031110.679606 0.9715306758880615 0.11411534249782562 -0.2076195627450943 -0.217093363404274 -0.07425852119922638 0.97886723279953 0.1905377060174942 0.04771158844232559 0.22497521340847015 -0.16969574987888336 0.9594734907150269 0.04388917610049248
1305031110.711412 0.9701365828514099 0.11794839799404144 -0.21195128560066223 -0.22048307955265045 -0.0758633092045784 0.9775168299674988 0.19673748314380646 0.04793152958154678 0.23039081692695618 -0.17478293180465698 0.9572727084159851 0.04605882614850998
1305031110.743249 0.969111442565918 0.12233772873878479 -0.21414148807525635 -0.22472554445266724 -0.07918158173561096 0.9766682386398315 0.199623242020607 0.04617872089147568 0.23356661200523376 -0.17650113999843597 0.9561871886253357 0.04588410630822182
1305031110.779193 0.9685056805610657 0.12293710559606552 -0.2165258228778839 -0.2302798330783844 -0.07926035672426224 0.9765938520431519 0.199955552816391 0.04664789140224457 0.23603977262973785 -0.17649614810943604 0.9555806517601013 0.04435691237449646
1305031110.811386 0.9679868817329407 0.1264764666557312 -0.21680662035942078 -0.23213152587413788 -0.08221864700317383 0.975885272026062 0.2022077739238739 0.04610632359981537 0.23715294897556305 -0.17790889739990234 0.9550429582595825 0.04283767566084862
1305031110.843218 0.9666497111320496 0.13152572512626648 -0.2197486013174057 -0.23414412140846252 -0.0861891359090805 0.9750707745552063 0.20447103679180145 0.04720039665699005 0.24116364121437073 -0.1787118911743164 0.9538879990577698 0.04398854821920395
1305031110.879313 0.9653254151344299 0.131723552942276 -0.2253788709640503 -0.23282647132873535 -0.0852910727262497 0.9751222133636475 0.20460188388824463 0.04721051827073097 0.24672283232212067 -0.17828460037708282 0.9525452852249146 0.04504542797803879
1305031110.911333 0.9650581479072571 0.13257044553756714 -0.22602610290050507 -0.23377598822116852 -0.08537408709526062 0.974587082862854 0.20710210502147675 0.04652475565671921 0.24773767590522766 -0.18056878447532654 0.9518514275550842 0.043980296701192856
1305031110.943862 0.9636346101760864 0.13421505689620972 -0.2310728281736374 -0.23106791079044342 -0.08647448569536209 0.9748117923736572 0.20558275282382965 0.048067547380924225 0.25284475088119507 -0.17812474071979523 0.9509686231613159 0.04539685696363449
1305031110.979345 0.963422417640686 0.1350116729736328 -0.23149321973323822 -0.2254762053489685 -0.08760001510381699 0.9750260710716248 0.2040841430425644 0.05058355629444122 0.2532656490802765 -0.17634041607379913 0.9511891007423401 0.04620089381933212
1305031111.011431 0.9641081094741821 0.13332073390483856 -0.2296108901500702 -0.21541047096252441 -0.0849263146519661 0.9742069244384766 0.20906589925289154 0.048280999064445496 0.2515612840652466 -0.18206213414669037 0.9505632519721985 0.04751160368323326
1305031111.043327 0.9679654836654663 0.12771576642990112 -0.2161746323108673 -0.2138911783695221 -0.08317375183105469 0.975458025932312 0.20387224853038788 0.05077260732650757 0.23690690100193024 -0.1793612688779831 0.9548323154449463 0.048864737153053284
1305031111.079283 0.9703437685966492 0.12250356376171112 -0.20838874578475952 -0.21031731367111206 -0.07893083244562149 0.9753929972648621 0.2058606743812561 0.052918363362550735 0.2284795641899109 -0.18330736458301544 0.956135630607605 0.047423504292964935
1305031111.111508 0.9712072610855103 0.11519710719585419 -0.20853306353092194 -0.2017694115638733 -0.06981585919857025 0.9745147228240967 0.21318262815475464 0.04774007201194763 0.22777655720710754 -0.19248560070991516 0.9544984102249146 0.04872295260429382
1305031111.143257 0.9727833271026611 0.1124444231390953 -0.20260508358478546 -0.1967785656452179 -0.0690133348107338 0.9752808809280396 0.20991508662700653 0.046943798661231995 0.22120067477226257 -0.1902194768190384 0.956497073173523 0.049345821142196655
1305031111.179326 0.9729025959968567 0.11033830046653748 -0.20318906009197235 -0.18386486172676086 -0.06848552078008652 0.9768733382225037 0.2025541365146637 0.049191419035196304 0.2208394706249237 -0.1831500083208084 0.9579591751098633 0.05222654342651367
1305031111.211433 0.9761065244674683 0.10390941053628922 -0.19083793461322784 -0.17068099975585938 -0.06520774215459824 0.9778476357460022 0.1989012062549591 0.04857274889945984 0.2072780877351761 -0.18170462548732758 0.9612592458724976 0.052805304527282715
1305031111.243236 0.9780390858650208 0.10278420895338058 -0.18131519854068756 -0.16850364208221436 -0.06561646610498428 0.977552592754364 0.200212299823761 0.04573339596390724 0.19782385230064392 -0.18391819298267365 0.9628291130065918 0.053282689303159714
1305031111.279308 0.9779400825500488 0.09785257279872894 -0.18454915285110474 -0.15565894544124603 -0.06147010251879692 0.9791820645332336 0.1934521198272705 0.04365317523479462 0.1996370255947113 -0.17784030735492706 0.9635963439941406 0.05570397526025772
1305031111.311547 0.9817028641700745 0.08892872184515 -0.16837836802005768 -0.1545974761247635 -0.0578419454395771 0.9817323684692383 0.18126200139522552 0.048542171716690063 0.1814218908548355 -0.1682060807943344 0.9689132571220398 0.05090455710887909
1305031111.343397 0.9821587800979614 0.09012957662343979 -0.16504904627799988 -0.15621599555015564 -0.058621328324079514 0.9806696176528931 0.18668320775032043 0.05030200630426407 0.178684264421463 -0.17367714643478394 0.9684565663337708 0.05150977149605751
1305031111.379134 0.9806577563285828 0.0829339250922203 -0.17729204893112183 -0.14160498976707458 -0.04857395961880684 0.9805780649185181 0.19001862406730652 0.04428365081548691 0.1896076798439026 -0.1777314394712448 0.9656400084495544 0.05580231919884682
1305031111.411296 0.9816548824310303 0.0822400450706482 -0.17201818525791168 -0.14029890298843384 -0.051453087478876114 0.98298579454422 0.17632798850536346 0.04862629994750023 0.18359266221523285 -0.16424237191677094 0.9691843390464783 0.05262008309364319
1305031111.443386 0.977552056312561 0.09167301654815674 -0.18970555067062378 -0.12462875992059708 -0.057507697492837906 0.9822865724563599 0.17834177613258362 0.048169057816267014 0.202694371342659 -0.16342885792255402 0.9655081629753113 0.05654360353946686
1305031111.479259 0.9782966375350952 0.08878838270902634 -0.18722303211688995 -0.10780851542949677 -0.05677114427089691 0.9838212132453918 0.16991978883743286 0.04921051114797592 0.19928090274333954 -0.15560311079025269 0.9675095677375793 0.06433713436126709
1305031111.511264 0.9827386736869812 0.08555321395397186 -0.16402864456176758 -0.10031798481941223 -0.058283984661102295 0.9846727252006531 0.16438579559326172 0.046745650470256805 0.1755782514810562 -0.15198805928230286 0.9726622104644775 0.060895200818777084
1305031111.54325 0.9850410223007202 0.07999313622713089 -0.15262846648693085 -0.09070774912834167 -0.055653028190135956 0.985940158367157 0.1575586497783661 0.045168187469244 0.16308611631393433 -0.14670751988887787 0.9756432771682739 0.06296154856681824
1305031111.579237 0.9888115525245667 0.06402641534805298 -0.13473165035247803 -0.08109421283006668 -0.043628543615341187 0.987838089466095 0.14923979341983795 0.04623446986079216 0.1426483541727066 -0.1416918933391571 0.979578971862793 0.06006481498479843
1305031111.611271 0.9908455610275269 0.05175621807575226 -0.12468574941158295 -0.07477836310863495 -0.032352618873119354 0.9877127408981323 0.15289491415023804 0.04361356422305107 0.13106697797775269 -0.14746133983135223 0.9803451299667358 0.057538896799087524
1305031111.643395 0.9899417757987976 0.03610745444893837 -0.13679087162017822 -0.05758631229400635 -0.015763500705361366 0.9890135526657104 0.14698214828968048 0.04077528044581413 0.14059516787528992 -0.14334747195243835 0.9796348810195923 0.06289675086736679
1305031111.67932 0.992634654045105 0.01678048074245453 -0.11997970938682556 -0.04822465404868126 -0.00013523967936635017 0.9905136227607727 0.13741528987884521 0.04186863452196121 0.12114740908145905 -0.13638697564601898 0.9832202196121216 0.05664944276213646
1305031111.71176 0.993956983089447 0.014763581566512585 -0.10877366364002228 -0.035211846232414246 0.0004113005707040429 0.9904066324234009 0.13818378746509552 0.040696557611227036 0.10977023094892502 -0.13739348948001862 0.9844154119491577 0.05980433151125908
1305031111.743386 0.994935929775238 0.0036639682948589325 -0.10044579952955246 -0.014328986406326294 0.00987086072564125 0.9909430146217346 0.13391952216625214 0.038167890161275864 0.10002673417329788 -0.1342327892780304 0.985888659954071 0.06586682051420212
1305031111.779423 0.9981182217597961 -0.00728820264339447 -0.06088710576295853 -0.006249747239053249 0.014986880123615265 0.9917944669723511 0.12696078419685364 0.03963649272918701 0.05946216732263565 -0.12763434648513794 0.9900373220443726 0.060298629105091095
1305031111.811406 0.9995411038398743 -0.008988196030259132 -0.028932049870491028 -0.002167253755033016 0.012582147493958473 0.9918813109397888 0.12654288113117218 0.0350700281560421 0.02755977213382721 -0.12684883177280426 0.9915392398834229 0.05711338669061661
1305031111.843299 0.9998986721038818 -0.012542927637696266 -0.006735032424330711 0.004417102318257093 0.013233964331448078 0.9932884573936462 0.11490320414304733 0.03950569033622742 0.0052486080676317215 -0.11498069018125534 0.9933538436889648 0.06108091399073601
1305031111.879442 0.9997302889823914 -0.02221066690981388 0.006778285373002291 0.01084363553673029 0.021271435543894768 0.9929752945899963 0.11639326810836792 0.039871394634246826 -0.009315840899944305 -0.1162177175283432 0.9931800961494446 0.0603187158703804
1305031111.911354 0.9994141459465027 -0.03305736929178238 0.008857505396008492 0.014741598628461361 0.031784456223249435 0.9925180077552795 0.11788851767778397 0.036480862647295 -0.012688317336142063 -0.11753794550895691 0.9929872751235962 0.062056560069322586
1305031111.9433 0.9987174272537231 -0.05062263831496239 -0.0009678089991211891 0.02549394592642784 0.05040459334850311 0.992243230342865 0.11363372951745987 0.03727705031633377 -0.004792134277522564 -0.11353675276041031 0.9935222864151001 0.06248413398861885
1305031111.979449 0.9978367686271667 -0.06570602208375931 -0.0021324942354112864 0.03875305876135826 0.06553036719560623 0.9915298223495483 0.11213578283786774 0.03761967644095421 -0.005253564566373825 -0.1120329424738884 0.9936906099319458 0.060892254114151
1305031112.011433 0.9978888034820557 -0.06419599801301956 0.009832965210080147 0.051254574209451675 0.06273255497217178 0.9919664263725281 0.10985067486763 0.03634607046842575 -0.016805943101644516 -0.10900190472602844 0.993899405002594 0.06201915442943573
1305031112.04327 0.9978461265563965 -0.06162117421627045 0.02249542623758316 0.06419424712657928 0.05891784280538559 0.9926525354385376 0.10568626970052719 0.03494633361697197 -0.028842652216553688 -0.10413327068090439 0.9941450357437134 0.06162908673286438
1305031112.079339 0.9972743391990662 -0.061298247426748276 0.0410664901137352 0.07715872675180435 0.05685565993189812 0.9931814074516296 0.1017756387591362 0.035884976387023926 -0.047025129199028015 -0.09916339069604874 0.993959367275238 0.06150590628385544
1305031112.111423 0.9965259432792664 -0.052361536771059036 0.06476618349552155 0.07749215513467789 0.04605909064412117 0.994387686252594 0.09524412453174591 0.03797834366559982 -0.06938982009887695 -0.09193016588687897 0.993344783782959 0.06423388421535492
1305031112.144342 0.9966385364532471 -0.04131290316581726 0.07074528932571411 0.09142525494098663 0.034511465579271317 0.9948979020118713 0.09480010718107224 0.03775312751531601 -0.07430079579353333 -0.09203992038965225 0.9929794073104858 0.060161784291267395
1305031112.17939 0.9950934052467346 -0.03626278042793274 0.09205493330955505 0.10356231778860092 0.02699655294418335 0.9946230053901672 0.09998048841953278 0.03777483105659485 -0.0951855406165123 -0.09700476378202438 0.9907217621803284 0.06030600145459175
1305031112.211254 0.9930908679962158 -0.024513913318514824 0.11475810408592224 0.1082272082567215 0.01264879945665598 0.9946008324623108 0.10300055891275406 0.03290725126862526 -0.11666344106197357 -0.10083738714456558 0.9880391955375671 0.06354910135269165
1305031112.243369 0.9911697506904602 -0.01564093679189682 0.13167312741279602 0.11810068786144257 0.0033002211712300777 0.9956209659576416 0.0934235155582428 0.030144402757287025 -0.1325577199459076 -0.09216401726007462 0.9868810772895813 0.06412912905216217
1305031112.279353 0.9887137413024902 -0.009356727823615074 0.14952360093593597 0.12054800242185593 -0.002984225982800126 0.9966196417808533 0.08209837973117828 0.030981147661805153 -0.1497863084077835 -0.08161801099777222 0.9853439331054688 0.06665703654289246
1305031112.311312 0.988875150680542 -0.002973775612190366 0.14871877431869507 0.13556143641471863 -0.008037474006414413 0.9972712397575378 0.07338505983352661 0.02741537243127823 -0.14853118360042572 -0.07376397401094437 0.9861529469490051 0.06717288494110107
1305031112.343323 0.988990306854248 -0.007200995925813913 0.14780569076538086 0.1446303278207779 -0.00141832884401083 0.9983081817626953 0.05812725052237511 0.029573295265436172 -0.14797420799732208 -0.05769691243767738 0.9873068928718567 0.06695358455181122
1305031112.37936 0.9895848631858826 -0.01622946560382843 0.1430332362651825 0.15357597172260284 0.0092711690813303 0.9987468123435974 0.04918099194765091 0.030968446284532547 -0.14365217089653015 -0.04734267294406891 0.9884952306747437 0.06522533297538757
1305031112.411442 0.9899840354919434 -0.02212684229016304 0.1394345760345459 0.16020239889621735 0.016171827912330627 0.9989138841629028 0.04369759187102318 0.03238546848297119 -0.14025002717971802 -0.04100501537322998 0.9892666339874268 0.06556431949138641
1305031112.443391 0.9900628924369812 -0.03520604968070984 0.1361469179391861 0.16945461928844452 0.029882648959755898 0.99871426820755 0.040949005633592606 0.031302932649850845 -0.13741353154182434 -0.03647366911172867 0.9898419976234436 0.06698218733072281
1305031112.479418 0.9891305565834045 -0.051460735499858856 0.13774050772190094 0.17210061848163605 0.0468873493373394 0.9982423782348633 0.03624621778726578 0.03168537840247154 -0.13936367630958557 -0.029393959790468216 0.9898048043251038 0.06749410927295685
1305031112.511504 0.989098846912384 -0.06674283742904663 0.13125838339328766 0.17824967205524445 0.0627339780330658 0.9974355697631836 0.03444785624742508 0.030117344111204147 -0.13322089612483978 -0.025837980210781097 0.9907494783401489 0.0681028738617897
1305031112.543212 0.9892733693122864 -0.07330451160669327 0.12635084986686707 0.1836480051279068 0.0701524168252945 0.9971080422401428 0.029224911704659462 0.03083096630871296 -0.12812776863574982 -0.020047619938850403 0.9915550351142883 0.06872110068798065
1305031112.579252 0.9893214106559753 -0.08638858795166016 0.11738920211791992 0.19207537174224854 0.08405689895153046 0.9961552619934082 0.0246800035238266 0.03178028389811516 -0.11906994879245758 -0.014549080282449722 0.9927791953086853 0.06628261506557465
1305031112.611261 0.9887790083885193 -0.09992313385009766 0.1110474243760109 0.20515356957912445 0.09795814007520676 0.9949241280555725 0.023026050999760628 0.035157058387994766 -0.11278460174798965 -0.011889679357409477 0.9935483336448669 0.0632370188832283
1305031112.643246 0.9859485626220703 -0.11596368253231049 0.12024133652448654 0.21280887722969055 0.11308459937572479 0.9931164383888245 0.03052084892988205 0.03531811386346817 -0.12295299768447876 -0.01649455353617668 0.9922753572463989 0.06336334347724915
1305031112.679952 0.983432412147522 -0.12053937464952469 0.13539214432239532 0.21249178051948547 0.11662101745605469 0.9925040602684021 0.036538004875183105 0.03475355729460716 -0.13878153264522552 -0.020143087953329086 0.9901180863380432 0.06486795097589493
1305031112.711251 0.9817874431610107 -0.12356306612491608 0.14431165158748627 0.2136957347393036 0.1188582181930542 0.9920720458030701 0.04081433638930321 0.0357944518327713 -0.14821070432662964 -0.022918378934264183 0.9886902570724487 0.06489808857440948
1305031112.743245 0.979901134967804 -0.12925174832344055 0.15194714069366455 0.21358533203601837 0.12367939203977585 0.9912735819816589 0.04560977965593338 0.04332716763019562 -0.15651631355285645 -0.025900349020957947 0.9873356819152832 0.06659217178821564
1305031112.77931 0.9778850674629211 -0.13713769614696503 0.15790584683418274 0.21383853256702423 0.12836512923240662 0.9896256923675537 0.06452368944883347 0.03960458189249039 -0.1651163101196289 -0.04282715171575546 0.9853438138961792 0.06692881882190704
1305031112.81131 0.9782524108886719 -0.13305655121803284 0.15911681950092316 0.20947659015655518 0.123595230281353 0.9900006651878357 0.06799229234457016 0.038553379476070404 -0.16657258570194244 -0.04684753715991974 0.9849156737327576 0.06910822540521622
1305031112.843286 0.9805973172187805 -0.1301635503768921 0.14658161997795105 0.2089439183473587 0.12174931913614273 0.9904290437698364 0.06501958519220352 0.0456346720457077 -0.15364184975624084 -0.045911822468042374 0.987059473991394 0.0698118805885315
1305031112.879421 0.9810823202133179 -0.1360151767730713 0.13775800168514252 0.20958839356899261 0.1267346888780594 0.9891669750213623 0.07407566905021667 0.04428815096616745 -0.14634107053279877 -0.055215608328580856 0.9876919984817505 0.07005743682384491
1305031112.911411 0.9810128808021545 -0.14061573147773743 0.13356921076774597 0.20311221480369568 0.13107511401176453 0.9883179068565369 0.07776234298944473 0.04510817676782608 -0.14294348657131195 -0.05877825990319252 0.9879839420318604 0.06979183107614517
1305031112.943321 0.9824551343917847 -0.13700084388256073 0.12654133141040802 0.1956937611103058 0.12705203890800476 0.9883636236190796 0.08363829553127289 0.041811712086200714 -0.13652737438678741 -0.06609353423118591 0.9884290099143982 0.0722094401717186
1305031112.979278 0.9845883846282959 -0.13352425396442413 0.11294703930616379 0.19337217509746552 0.12445466965436935 0.9886725544929504 0.08389017730951309 0.04105645418167114 -0.12286901473999023 -0.06854049116373062 0.9900532364845276 0.06892754137516022
1305031113.011353 0.9853560328483582 -0.13265782594680786 0.10712337493896484 0.1886204332113266 0.12388895452022552 0.988669216632843 0.08476202189922333 0.043599486351013184 -0.11715391278266907 -0.07024937123060226 0.9906260967254639 0.06718571484088898
1305031113.043231 0.9862950444221497 -0.12785392999649048 0.10428586602210999 0.18246769905090332 0.11830548942089081 0.9886002540588379 0.0931314155459404 0.042483486235141754 -0.11500424146652222 -0.07951746881008148 0.9901772141456604 0.0674470067024231
1305031113.079251 0.9877183437347412 -0.11676545441150665 0.10381843149662018 0.17189182341098785 0.10650283098220825 0.9893267750740051 0.09944666922092438 0.035129155963659286 -0.11432228237390518 -0.08716834336519241 0.9896121025085449 0.06854242086410522
1305031113.111316 0.9900956749916077 -0.10750643163919449 0.09029287099838257 0.16720955073833466 0.09963502734899521 0.9911620616912842 0.08758245408535004 0.03981073200702667 -0.09891052544116974 -0.07771868258714676 0.9920567274093628 0.06516716629266739
