1403636580.4135554 0.9999955296516418 0.00296754390001297 0.0003753567871171981 -0.0005759096820838749 -0.0029728165827691555 0.9998841285705566 0.014929165132343769 0.011617333628237247 -0.000331010582158342 -0.014930213801562786 0.9998884797096252 0.002675672061741352
1403636580.4635556 0.9999937415122986 0.0035285481717437506 -0.0004954702453687787 -0.0012245402904227376 -0.003510737558826804 0.9994738101959229 0.03224647417664528 0.020404689013957977 0.0006089928210712969 -0.03224452957510948 0.9994798302650452 0.004402589984238148
1403636580.5135555 0.999987781047821 0.00494062015786767 -0.00021889558411203325 -0.0029637094121426344 -0.00492436857894063 0.9988299012184143 0.04810977727174759 0.034842349588871 0.00045633167610503733 -0.04810810461640358 0.9988420605659485 0.006585931871086359
1403636580.5635555 0.9999923706054688 0.0029137656092643738 -0.0026069628074765205 -0.00272870110347867 -0.002744658151641488 0.9980303049087524 0.06267418712377548 0.025674831122159958 0.0027844454161822796 -0.06266655772924423 0.9980306029319763 0.003870835527777672
1403636580.6135554 0.999976396560669 0.0017682906473055482 -0.006644162815064192 -0.0033165288623422384 -0.0013065328821539879 0.9976247549057007 0.06887076050043106 0.013426336459815502 0.006750164553523064 -0.06886046379804611 0.9976034164428711 -0.0011266941437497735
1403636580.6635556 0.9999721646308899 0.0014430680312216282 -0.007305410224944353 -0.0036043068394064903 -0.0009624201338738203 0.9978602528572083 0.06537442654371262 0.003493483643978834 0.007384120486676693 -0.06536558270454407 0.9978340268135071 -0.004631338641047478
1403636580.7135556 0.9999797940254211 0.004736947827041149 -0.0042196218855679035 -0.004204122815281153 -0.004486516118049622 0.9983353018760681 0.05750203877687454 -0.01579204760491848 0.004484982695430517 -0.057481955736875534 0.9983364343643188 -0.010825075209140778
1403636580.7635555 0.9999597668647766 0.008968992158770561 0.0001806526561267674 -0.004169286694377661 -0.008967800997197628 0.9989000558853149 0.046026844531297684 -0.03960215300321579 0.00023236048582475632 -0.046026621013879776 0.9989402294158936 -0.018267037346959114
1403636580.8135555 0.9998864531517029 0.013565434142947197 0.006566526833921671 -0.003807247616350651 -0.013774802908301353 0.9993615746498108 0.0329643078148365 -0.06714111566543579 -0.006115158554166555 -0.0330510176718235 0.9994349479675293 -0.0265033096075058
1403636580.8635557 0.9995833039283752 0.0224600899964571 0.018130088225007057 -0.004343895707279444 -0.02281227335333824 0.9995503425598145 0.019458197057247162 -0.09827213734388351 -0.017684906721115112 -0.01986367627978325 0.9996463060379028 -0.034930285066366196
1403636580.9135554 0.9992672801017761 0.026628928259015083 0.027489643543958664 -0.0037254702765494585 -0.02678036130964756 0.9996280670166016 0.0051555149257183075 -0.13418860733509064 -0.027342136949300766 -0.005887917242944241 0.9996088147163391 -0.04485299810767174
1403636580.9635556 0.9989340901374817 0.03235861286520958 0.03291869908571243 -0.005658302456140518 -0.032000161707401276 0.9994232654571533 -0.011358304880559444 -0.1570519357919693 -0.03326725587248802 0.010292801074683666 0.9993937015533447 -0.05299555882811546
1403636581.0135555 0.998900830745697 0.0336742103099823 0.03260890021920204 -0.005937336944043636 -0.03284936025738716 0.9991346597671509 -0.02550918608903885 -0.18708884716033936 -0.03343968838453293 0.02440997213125229 0.9991427659988403 -0.06261316686868668
1403636581.0635555 0.9989238381385803 0.03426101431250572 0.031261954456567764 -0.007659134455025196 -0.03299272060394287 0.9986459016799927 -0.04022185131907463 -0.19602328538894653 -0.03259766474366188 0.039147160947322845 0.9987015128135681 -0.06486420333385468
1403636581.1135554 0.9990419745445251 0.03034699335694313 0.031529318541288376 -0.007224626839160919 -0.028622901067137718 0.9981432557106018 -0.053765010088682175 -0.22107431292533875 -0.03310238569974899 0.052811045199632645 0.9980556964874268 -0.0747779905796051
1403636581.1635556 0.9991633296012878 0.024885138496756554 0.0324564091861248 -0.008180903270840645 -0.02260163240134716 0.9973660707473755 -0.0689195916056633 -0.24273790419101715 -0.034085992723703384 0.06812836229801178 0.9970941543579102 -0.08052890002727509
1403636581.2135556 0.9992595911026001 0.02026442438364029 0.032703932374715805 -0.007484355941414833 -0.017410213127732277 0.9962019324302673 -0.08531509339809418 -0.2624146342277527 -0.034308575093746185 0.08468256890773773 0.9958171844482422 -0.08703558146953583
1403636581.2635555 0.9993442893028259 0.014662248082458973 0.033106569200754166 -0.00735446298494935 -0.011180545203387737 0.9946181178092957 -0.10300447046756744 -0.2794238030910492 -0.034438665956258774 0.10256680101156235 0.9941297769546509 -0.09370458126068115
1403636581.3135555 0.9993455410003662 0.01683291792869568 0.03201652318239212 -0.005481613799929619 -0.01294637843966484 0.9929360151290894 -0.11794248968362808 -0.29044803977012634 -0.03377567231655121 0.11745083332061768 0.9925041794776917 -0.09804503619670868
1403636581.3635557 0.9993203282356262 0.016437115147709846 0.032993216067552567 -0.005808237008750439 -0.012070885859429836 0.991645872592926 -0.12842389941215515 -0.29600194096565247 -0.03482849895954132 0.1279384195804596 0.9911704063415527 -0.10135999321937561
1403636581.4135554 0.9990694522857666 0.02184808813035488 0.037185583263635635 -0.005078280344605446 -0.016811225563287735 0.9912734031677246 -0.130745530128479 -0.2964896857738495 -0.039717622101306915 0.12999877333641052 0.9907183647155762 -0.10397810488939285
1403636581.4635556 0.99881511926651 0.02781718783080578 0.03992907702922821 -0.00355250365100801 -0.022562582045793533 0.9917108416557312 -0.12649321556091309 -0.2889707088470459 -0.04311677813529968 0.12544244527816772 0.9911636114120483 -0.10105583071708679
1403636581.5135555 0.9984977841377258 0.034357037395238876 0.04268168285489082 -0.004714846611022949 -0.029232429340481758 0.9928920269012451 -0.11537310481071472 -0.27708378434181213 -0.04634217917919159 0.11395213007926941 0.9924048781394958 -0.10025493800640106
1403636581.5635555 0.9984946846961975 0.03234729915857315 0.04429389908909798 -0.002538492903113365 -0.02763567864894867 0.9942832589149475 -0.10313616693019867 -0.25903671979904175 -0.047376859933137894 0.10175685584545135 0.9936805367469788 -0.09028451144695282
1403636581.6135554 0.9986674189567566 0.02916473150253296 0.04257751628756523 -0.0014604965690523386 -0.025216924026608467 0.9955788254737854 -0.0904812291264534 -0.23865021765232086 -0.04502813518047333 0.08928701281547546 0.9949876070022583 -0.08343050628900528
1403636581.6635556 0.9987866282463074 0.025930695235729218 0.041868966072797775 -0.0005287907551974058 -0.02252962812781334 0.9965598583221436 -0.07975377887487411 -0.2164415568113327 -0.043793000280857086 0.07871371507644653 0.9959350228309631 -0.07464732229709625
1403636581.7135556 0.9987355470657349 0.029569288715720177 0.04065690189599991 0.0013118516653776169 -0.026574740186333656 0.9970274567604065 -0.0723186656832695 -0.19258275628089905 -0.04267445579171181 0.07114680856466293 0.9965526461601257 -0.06541362404823303
1403636581.7635555 0.9989104270935059 0.026569468900561333 0.03836580365896225 0.0026777961757034063 -0.023866748437285423 0.9973128437995911 -0.0692630484700203 -0.1684538722038269 -0.040102988481521606 0.06827190518379211 0.9968603849411011 -0.05562906712293625
1403636581.8135555 0.9990805983543396 0.027806444093585014 0.0326278917491436 0.0035155154764652252 -0.02560901828110218 0.9974952936172485 -0.06593498587608337 -0.14327922463417053 -0.03437957912683487 0.06503880769014359 0.997290313243866 -0.04730088263750076
1403636581.8635557 0.9991487264633179 0.027399159967899323 0.030839022248983383 0.004070842172950506 -0.02547469548881054 0.9978032112121582 -0.061154939234256744 -0.1168035939335823 -0.03244686499238014 0.060317263007164 0.9976517558097839 -0.03868129104375839
1403636581.9135554 0.9994149208068848 0.02125241979956627 0.026797257363796234 0.0052390191704034805 -0.019886435940861702 0.998538613319397 -0.05024999752640724 -0.10600253194570541 -0.027826035395264626 0.0496877059340477 0.9983772039413452 -0.036020319908857346
1403636581.9635556 0.9992950558662415 0.02014939673244953 0.031676035374403 0.005125185940414667 -0.018986040726304054 0.9991492629051208 -0.03660813719034195 -0.08132770657539368 -0.03238672390580177 0.03598093241453171 0.9988276362419128 -0.028093062341213226
1403636582.0135555 0.9992200136184692 0.01704000122845173 0.03562095761299133 0.005430461838841438 -0.01630851812660694 0.9996521472930908 -0.02072589471936226 -0.05951397493481636 -0.03596173971891403 0.020128803327679634 0.9991503953933716 -0.020382454618811607
1403636582.0635555 0.9991523623466492 0.01563812792301178 0.0380815751850605 0.005615260452032089 -0.015480601228773594 0.9998703598976135 -0.004427994601428509 -0.03742825239896774 -0.03814588859677315 0.003834715113043785 0.9992648363113403 -0.013848735950887203
1403636582.1135554 0.9991217851638794 0.017945079132914543 0.037864021956920624 0.005062985233962536 -0.018459660932421684 0.9997413158416748 0.013284598477184772 -0.02097262069582939 -0.03761583939194679 -0.013971887528896332 0.9991946220397949 -0.00924683641642332
1403636582.1635556 0.9992798566818237 0.016630083322525024 0.03410525247454643 0.0033793391194194555 -0.01756291091442108 0.9994746446609497 0.027236703783273697 -0.007334391586482525 -0.03363438695669174 -0.027816075831651688 0.999047040939331 -0.005213900934904814
1403636582.2135556 0.9993544816970825 0.01781415566802025 0.031197043135762215 0.0019638461526483297 -0.01901540905237198 0.9990721344947815 0.03864172846078873 -0.0009338327799923718 -0.03047972545027733 -0.03921001777052879 0.9987660646438599 -0.0041273669339716434
1403636582.2635555 0.9994280338287354 0.01756199263036251 0.02889714203774929 0.0014634333783760667 -0.018854808062314987 0.9988048672676086 0.04509175568819046 -0.0025452650152146816 -0.028070708736777306 -0.04561082273721695 0.9985648393630981 -0.005075615830719471
1403636582.3135555 0.9994995594024658 0.018091494217514992 0.025947613641619682 0.0003434013342484832 -0.01929876208305359 0.9987056851387024 0.04705732315778732 -0.009854037314653397 -0.025062695145606995 -0.047534529119729996 0.9985551834106445 -0.007582752034068108
1403636582.3635557 0.9995796084403992 0.016538379713892937 0.02381003275513649 -0.0012862966395914555 -0.017554963007569313 0.9989148378372192 0.04313937947154045 -0.024253424257040024 -0.02307073585689068 -0.04353923350572586 0.998785138130188 -0.012255186215043068
1403636582.4135554 0.9996253848075867 0.015417208895087242 0.022611794993281364 -0.002813092665746808 -0.016095010563731194 0.9994171857833862 0.03010653331875801 -0.042768269777297974 -0.022134456783533096 -0.030459197238087654 0.9992907643318176 -0.018484292551875114
1403636582.4635556 0.9996439218521118 0.014516138471662998 0.022388622164726257 -0.00404194463044405 -0.014848943799734116 0.9997805953025818 0.014770925976336002 -0.06371071934700012 -0.022169293835759163 -0.015098115429282188 0.9996402263641357 -0.02594563364982605
1403636582.5135555 0.9994863271713257 0.019115611910820007 0.025720924139022827 -0.004917861893773079 -0.019182931631803513 0.9998131394386292 0.002373354509472847 -0.08911413699388504 -0.025670751929283142 -0.002865539863705635 0.9996663331985474 -0.03376825898885727
1403636582.5635555 0.9993972182273865 0.01892613247036934 0.029103495180606842 -0.005652259103953838 -0.018703976646065712 0.9997939467430115 -0.00788680836558342 -0.1140359416604042 -0.029246767982840538 0.007337700575590134 0.9995453357696533 -0.042416542768478394
1403636582.6135554 0.9991163611412048 0.02367284521460533 0.03473035246133804 -0.005782642401754856 -0.023205388337373734 0.9996353387832642 -0.01380154862999916 -0.13817162811756134 -0.03504442423582077 0.012983427383005619 0.9993014931678772 -0.050343673676252365
1403636582.6635556 0.9989398717880249 0.022916853427886963 0.03992437571287155 -0.005559489130973816 -0.022172654047608376 0.999573826789856 -0.01898447424173355 -0.16370591521263123 -0.040342431515455246 0.01807912439107895 0.999022364616394 -0.05957082659006119
1403636582.7135556 0.9989111423492432 0.020461786538362503 0.04192519187927246 -0.004746412858366966 -0.019471919164061546 0.9995250105857849 -0.02388428896665573 -0.1876641809940338 -0.0423940010368824 0.023041926324367523 0.9988353252410889 -0.06790554523468018
1403636582.7635555 0.998747706413269 0.018046047538518906 0.04666189104318619 -0.004129905253648758 -0.016560357064008713 0.9993497133255005 -0.032032452523708344 -0.19850598275661469 -0.04720959812402725 0.03121960163116455 0.9983969330787659 -0.0716385617852211
1403636582.8135555 0.998530387878418 0.012764816172420979 0.05267086625099182 -0.0024795588105916977 -0.01060222927480936 0.9990973472595215 -0.041135575622320175 -0.22360862791538239 -0.05314840003848076 0.040516696870326996 0.9977643489837646 -0.07902177423238754
1403636582.8635557 0.998102068901062 0.007133808918297291 0.06116732209920883 -0.00020641228184103966 -0.003799549536779523 0.9985091090202332 -0.0544544942677021 -0.2485927939414978 -0.0614645816385746 0.05411874130368233 0.9966410398483276 -0.08681099861860275
1403636582.9135554 0.9977002739906311 0.002548829186707735 0.06772993505001068 0.0010908781550824642 0.0022343590389937162 0.9975127577781677 -0.07045195996761322 -0.2717914879322052 -0.0677410364151001 0.07044129073619843 0.9952130317687988 -0.0942879170179367
1403636582.9635556 0.9974751472473145 0.0012165369698777795 0.0710039883852005 0.00307107949629426 0.00501288054510951 0.9961528778076172 -0.08748915791511536 -0.2913142740726471 -0.07083725929260254 0.087624192237854 0.9936317801475525 -0.10043086111545563
1403636583.0135555 0.9972133040428162 0.002023692475631833 0.07457655668258667 0.0042446330189704895 0.005775407887995243 0.9945381283760071 -0.10421440005302429 -0.30659517645835876 -0.07438009977340698 0.10435468703508377 0.9917548298835754 -0.10751700401306152
1403636583.0635555 0.9972221851348877 0.004746617749333382 0.07433412969112396 0.005044984165579081 0.003805966582149267 0.9934167861938477 -0.11449331790208817 -0.31655988097190857 -0.07438820600509644 0.11445818096399307 0.9906390309333801 -0.1113503947854042
1403636583.1135554 0.996940016746521 0.010385542176663876 0.07747581601142883 0.0034677893854677677 -0.001106883049942553 0.9929109811782837 -0.11885540932416916 -0.31154438853263855 -0.07816096395254135 0.11840596795082092 0.9898842573165894 -0.10984839498996735
1403636583.1635556 0.9965448975563049 0.015679139643907547 0.08156173676252365 0.004137879237532616 -0.005864099133759737 0.9928514957427979 -0.11921289563179016 -0.3096018433570862 -0.08284784853458405 0.11832273751497269 0.9895129203796387 -0.10895490646362305
1403636583.2135556 0.9963892102241516 0.019495302811264992 0.08263297379016876 0.004236177541315556 -0.00970990676432848 0.9930601716041565 -0.11720689386129379 -0.3010418713092804 -0.08434448391199112 0.11598134785890579 0.9896636605262756 -0.10592694580554962
1403636583.2635555 0.9964948892593384 0.020999105647206306 0.08097442239522934 0.005277377087622881 -0.011738307774066925 0.9935040473937988 -0.11319036781787872 -0.28876182436943054 -0.08282530307769775 0.11184314638376236 0.9902681708335876 -0.1014070063829422
1403636583.3135555 0.99683678150177 0.01701735332608223 0.077633336186409 0.008203886449337006 -0.008419805206358433 0.9939229488372803 -0.1097564846277237 -0.27990520000457764 -0.07902929931879044 0.10875564813613892 0.9909220337867737 -0.09691545367240906
1403636583.3635557 0.9967122673988342 0.0225006602704525 0.0778336450457573 0.006088657304644585 -0.014246461912989616 0.9943679571151733 -0.10502275079488754 -0.25076520442962646 -0.07975832372903824 0.10356863588094711 0.99141925573349 -0.0852825790643692
1403636583.4135554 0.9970529675483704 0.021082798019051552 0.07376126945018768 0.007192648947238922 -0.013626421801745892 0.9948772192001343 -0.10016810148954391 -0.2286118119955063 -0.07549522817134857 0.09886782616376877 0.992232620716095 -0.07574436068534851
1403636583.4635556 0.9972703456878662 0.02501426823437214 0.06946788728237152 0.008352589793503284 -0.018442299216985703 0.9954313039779663 -0.09368379414081573 -0.20403994619846344 -0.07149392366409302 0.09214696288108826 0.9931755661964417 -0.06678646057844162
1403636583.5135555 0.9976425170898438 0.02261553891003132 0.06479080021381378 0.012690780684351921 -0.01687599904835224 0.9959951043128967 -0.08780175447463989 -0.18734736740589142 -0.06651700288057327 0.0865013375878334 0.9940288066864014 -0.06085410714149475
1403636583.5635555 0.9975645542144775 0.02661646157503128 0.06446912884712219 0.014006165787577629 -0.02145986817777157 0.9966121315956116 -0.0793972760438919 -0.1612485945224762 -0.06636399030685425 0.07782042026519775 0.9947562217712402 -0.050996068865060806
1403636583.6135554 0.9971254467964172 0.03024270199239254 0.06947087496519089 0.014929956756532192 -0.025505036115646362 0.9973526000976562 -0.06809919327497482 -0.1355980485677719 -0.0713464692234993 0.066131591796875 0.9952569007873535 -0.04063030704855919
1403636583.6635556 0.9976242780685425 0.026114938780665398 0.06374756991863251 0.015662938356399536 -0.02284243144094944 0.9984099268913269 -0.0515352338552475 -0.10887507349252701 -0.0649920403957367 0.04995664581656456 0.9966345429420471 -0.03041408769786358
1403636583.7135556 0.9979856610298157 0.018428286537528038 0.060704585164785385 0.01547052338719368 -0.016619721427559853 0.9994068741798401 -0.030164172872900963 -0.0837484672665596 -0.06122444197535515 0.029094524681568146 0.9976999163627625 -0.021838802844285965
1403636583.7635555 0.9983692169189453 0.009886374697089195 0.05622345209121704 0.015830254182219505 -0.009498247876763344 0.9999292492866516 -0.007166203111410141 -0.06184310466051102 -0.056290313601493835 0.006620500236749649 0.9983924627304077 -0.015044615603983402
1403636583.8135555 0.998512327671051 0.003945658914744854 0.05438246205449104 0.01676722802221775 -0.004750881344079971 0.999880850315094 0.014685329981148243 -0.05307874456048012 -0.05431803688406944 -0.014921847730875015 0.9984121918678284 -0.013026544824242592
1403636583.8635557 0.9984997510910034 0.002812571357935667 0.054683834314346313 0.01680964231491089 -0.0044749523513019085 0.9995307922363281 0.03030123934149742 -0.03431864455342293 -0.054572947323322296 -0.03050048276782036 0.9980438947677612 -0.00751820532605052
1403636583.9135554 0.9983622431755066 0.00950293242931366 0.056415073573589325 0.01711329072713852 -0.011791338212788105 0.9991151690483093 0.04037047177553177 -0.01749575324356556 -0.05598152056336403 -0.04096956178545952 0.9975908994674683 -0.0028777681291103363
1403636583.9635556 0.9983809590339661 0.016261152923107147 0.054507624357938766 0.014937784522771835 -0.018806975334882736 0.9987401366233826 0.04652293026447296 -0.0032807274255901575 -0.053682439029216766 -0.04747273027896881 0.9974289536476135 0.0002883031265810132
1403636584.0135555 0.9985619187355042 0.020291876047849655 0.04962358623743057 0.013853748328983784 -0.02274351194500923 0.9985225200653076 0.049349527806043625 0.005448753945529461 -0.048548877239227295 -0.05040716752409935 0.9975481033325195 0.0017429802101105452
1403636584.0635555 0.9988929629325867 0.022036336362361908 0.041560977697372437 0.012922230176627636 -0.024057159200310707 0.9985203742980957 0.04876674339175224 0.00986747071146965 -0.04042484983801842 -0.04971258342266083 0.9979451298713684 0.0013005099026486278
1403636584.1135554 0.9991057515144348 0.022316722199320793 0.03591464087367058 0.011622576043009758 -0.02407567948102951 0.9984930157661438 0.04931264743208885 0.007488387171179056 -0.03476002812385559 -0.05013320967555046 0.9981374740600586 8.680764585733414e-05
1403636584.1635556 0.9992253184318542 0.02325402945280075 0.03175276517868042 0.010645084083080292 -0.024805933237075806 0.9984714388847351 0.049388568848371506 0.0001699082786217332 -0.030555754899978638 -0.050137948244810104 0.9982748031616211 -0.00281673320569098
1403636584.2135556 0.9992682933807373 0.023781104013323784 0.02995767816901207 0.01015239767730236 -0.025228235870599747 0.9984853863716125 0.04889202490448952 -0.012958941049873829 -0.028749605640769005 -0.049612026661634445 0.9983547925949097 -0.006746574304997921
1403636584.2635555 0.9993053078651428 0.023435192182660103 0.028978414833545685 0.011011828668415546 -0.024753091856837273 0.9986351132392883 0.04598904773592949 -0.03184408321976662 -0.027861101552844048 -0.04667440056800842 0.9985215663909912 -0.012190371751785278
1403636584.3135555 0.9992979168891907 0.02366013266146183 0.02905057743191719 0.010242314077913761 -0.024844421073794365 0.9988457560539246 0.041106030344963074 -0.05172963812947273 -0.028044473379850388 -0.0417989119887352 0.9987324476242065 -0.01818443089723587
1403636584.3635557 0.9991672039031982 0.026005741208791733 0.03144288808107376 0.009943033568561077 -0.027206625789403915 0.9988924264907837 0.03838803619146347 -0.07531767338514328 -0.03040974587202072 -0.03921152278780937 0.9987680315971375 -0.02491576224565506
1403636584.4135554 0.9987050294876099 0.032418183982372284 0.03920955955982208 0.010179881006479263 -0.033758487552404404 0.9988508224487305 0.034018322825431824 -0.10042833536863327 -0.038061682134866714 -0.03529792279005051 0.9986516833305359 -0.031775444746017456
1403636584.4635556 0.9982598423957825 0.037115033715963364 0.0458216667175293 0.010531636886298656 -0.038398709148168564 0.9988850951194763 0.027459513396024704 -0.1275872439146042 -0.04475142061710358 -0.02917122095823288 0.998572051525116 -0.03878813609480858
1403636584.5135555 0.9980022311210632 0.03935008868575096 0.04942623898386955 0.010701451450586319 -0.04015381634235382 0.999075174331665 0.015374403446912766 -0.13945995271205902 -0.04877553507685661 -0.017328329384326935 0.9986593127250671 -0.040674373507499695
1403636584.5635555 0.9978940486907959 0.03782711178064346 0.052692729979753494 0.010330207645893097 -0.037982914596796036 0.999276340007782 0.001957811415195465 -0.1683521419763565 -0.052580539137125015 -0.00395510159432888 0.9986087083816528 -0.048731494694948196
1403636584.6135554 0.9976869225502014 0.03563985601067543 0.05788589268922806 0.010019314475357533 -0.03483367711305618 0.9992824792861938 -0.014877082780003548 -0.19839783012866974 -0.0583745613694191 0.012826293706893921 0.9982123374938965 -0.056500393897295
1403636584.6635556 0.997330367565155 0.03353708237409592 0.06486457586288452 0.009965470060706139 -0.03127206116914749 0.9988759160041809 -0.03562507778406143 -0.2258118838071823 -0.06598642468452454 0.033501528203487396 0.9972579479217529 -0.0645047053694725
1403636584.7135556 0.9968020915985107 0.035113267600536346 0.0717812180519104 0.007241310551762581 -0.030999135226011276 0.9978556036949158 -0.05764688551425934 -0.24344918131828308 -0.07365144044160843 0.05523739755153656 0.9957530498504639 -0.07112745195627213
1403636584.7635555 0.9962536096572876 0.03449249267578125 0.07930322736501694 0.006562028545886278 -0.028303317725658417 0.9965603947639465 -0.0778854489326477 -0.26702526211738586 -0.08171690255403519 0.0753491222858429 0.9938032031059265 -0.0790567398071289
1403636584.8135555 0.9959232807159424 0.035708799958229065 0.08283481746912003 0.006671864073723555 -0.027898365631699562 0.995218813419342 -0.09360118210315704 -0.2874276041984558 -0.08578117191791534 0.09090864658355713 0.9921578168869019 -0.08562547713518143
1403636584.8635557 0.9959065318107605 0.031526580452919006 0.08471257239580154 0.005339085590094328 -0.02237246371805668 0.9940164685249329 -0.1069151982665062 -0.30579474568367004 -0.08757635205984116 0.10458232462406158 0.9906527996063232 -0.09299341589212418
1403636584.9135554 0.9960954189300537 0.028303002938628197 0.08362237364053726 0.004238425754010677 -0.018449053168296814 0.993037760257721 -0.11634356528520584 -0.3193969130516052 -0.08633303642272949 0.11434655636548996 0.9896825551986694 -0.09903110563755035
1403636584.9635556 0.996125340461731 0.021913902834057808 0.0851689875125885 0.004337072838097811 -0.011539960280060768 0.9926536679267883 -0.12043898552656174 -0.32832613587379456 -0.08718258887529373 0.1189894825220108 0.9890605807304382 -0.10426845401525497
1403636585.0135555 0.9958066940307617 0.020693467929959297 0.08911054581403732 0.0033700866624712944 -0.009838566184043884 0.9926560521125793 -0.12057139724493027 -0.32412880659103394 -0.0909511148929596 0.1191890761256218 0.9886970520019531 -0.10188304632902145
1403636585.0635555 0.9955452084541321 0.017912834882736206 0.09256803244352341 0.0030506597831845284 -0.0070167831145226955 0.9931403398513794 -0.1167188435792923 -0.3230958580970764 -0.09402377903461456 0.11554934829473495 0.9888417720794678 -0.10149198770523071
1403636585.1135554 0.9954734444618225 0.017389710992574692 0.09343527257442474 0.0028758994303643703 -0.006814360152930021 0.9936476349830627 -0.11233150213956833 -0.31587567925453186 -0.0947951078414917 0.11118633300065994 0.9892681837081909 -0.09884048998355865
1403636585.1635556 0.9950841665267944 0.014764676801860332 0.09792491793632507 0.004018952138721943 -0.004285163711756468 0.9943170547485352 -0.10637399554252625 -0.30958521366119385 -0.0989389717578888 0.1054314523935318 0.9894924163818359 -0.09423898160457611
1403636585.2135556 0.9944789409637451 0.01600795052945614 0.10370837152004242 0.0047539277002215385 -0.005559839773923159 0.9949458837509155 -0.10026086866855621 -0.29476693272590637 -0.10478916764259338 0.09913071244955063 0.9895414710044861 -0.08723495900630951
1403636585.2635555 0.9936918616294861 0.022425148636102676 0.10987889766693115 0.007466193754225969 -0.0120608014985919 0.9954901933670044 -0.09409712255001068 -0.2746126055717468 -0.11149346828460693 0.0921783298254013 0.9894807934761047 -0.07922657579183578
1403636585.3135555 0.9930127859115601 0.028006283566355705 0.11463425308465958 0.009405393153429031 -0.017870893701910973 0.9959155917167664 -0.0885063111782074 -0.2562699615955353 -0.1166447326540947 0.08583931624889374 0.9894571900367737 -0.07108050584793091
1403636585.3635557 0.9924094676971436 0.03658729046583176 0.11740736663341522 0.012010889127850533 -0.02688704803586006 0.9961729645729065 -0.08316601812839508 -0.23720400035381317 -0.12000085413455963 0.07937803864479065 0.989595353603363 -0.06164981797337532
1403636585.4135554 0.9924871325492859 0.0368933267891407 0.11665399372577667 0.016029439866542816 -0.02810698188841343 0.9967049360275269 -0.07608781009912491 -0.22682428359985352 -0.11907674372196198 0.07223740220069885 0.9902536273002625 -0.05684049427509308
1403636585.4635556 0.9930081963539124 0.040642865002155304 0.11082812398672104 0.017693616449832916 -0.03331158682703972 0.9971821308135986 -0.06721816211938858 -0.20553384721279144 -0.11324773728847504 0.0630563423037529 0.9915636777877808 -0.049093037843704224
1403636585.5135555 0.99350905418396 0.04332798346877098 0.10517800599336624 0.01922626420855522 -0.03751005232334137 0.9976876378059387 -0.056677475571632385 -0.1854369193315506 -0.10739051550626755 0.052364349365234375 0.9928367733955383 -0.042033031582832336
1403636585.5635555 0.9945646524429321 0.04484160244464874 0.09397096931934357 0.020064862444996834 -0.040730878710746765 0.9981465935707092 -0.045216139405965805 -0.16579276323318481 -0.09582436084747314 0.04114285483956337 0.9945475459098816 -0.03797435387969017
1403636585.6135554 0.9957636594772339 0.043870266526937485 0.08080980181694031 0.020016230642795563 -0.041372474282979965 0.9986205101013184 -0.03232951462268829 -0.1494218409061432 -0.08211660385131836 0.028849253430962563 0.9962049722671509 -0.03777278587222099
1403636585.6635556 0.9969120621681213 0.0394112728536129 0.06792064756155014 0.020332708954811096 -0.03821253031492233 0.9990915656089783 -0.01885952427983284 -0.1341140866279602 -0.06860221177339554 0.01620587520301342 0.9975122809410095 -0.03715226799249649
1403636585.7135556 0.9978640079498291 0.03438785299658775 0.05554231256246567 0.02011362835764885 -0.03422684594988823 0.9994065165519714 -0.003847917541861534 -0.12193486094474792 -0.055641669780015945 0.00193866528570652 0.9984487891197205 -0.03812570497393608
1403636585.7635555 0.998460054397583 0.028415454551577568 0.047645509243011475 0.019924139603972435 -0.029024817049503326 0.9995049238204956 0.012146426364779472 -0.11351082473993301 -0.04727676883339882 -0.013510611839592457 0.9987903237342834 -0.04028938710689545
1403636585.8135555 0.9990578889846802 0.0204115379601717 0.03829992935061455 0.019483694806694984 -0.021512582898139954 0.9993606805801392 0.02855910360813141 -0.10717000812292099 -0.03769249841570854 -0.029356110841035843 0.9988580942153931 -0.043010953813791275
1403636585.8635557 0.9994215965270996 0.013656473718583584 0.03114461526274681 0.018897810950875282 -0.015109186060726643 0.9987856149673462 0.046895574778318405 -0.10305210947990417 -0.030466359108686447 -0.047339003533124924 0.9984140992164612 -0.04657577723264694
1403636585.9135554 0.9996431469917297 0.007190889213234186 0.025724278762936592 0.01875402219593525 -0.008876066654920578 0.9977797865867615 0.0660066306591034 -0.10132787376642227 -0.025192517787218094 -0.06621140241622925 0.9974874258041382 -0.050858475267887115
1403636585.9635556 0.999663770198822 0.0019939381163567305 0.025850508362054825 0.01846189983189106 -0.00424635736271739 0.9961667656898499 0.08737285435199738 -0.10033799707889557 -0.02557719126343727 -0.08745324611663818 0.9958400726318359 -0.054339177906513214
1403636586.0135555 0.9994781017303467 -0.003541979705914855 0.032108716666698456 0.018207132816314697 -5.417934153228998e-05 0.9937853813171387 0.11131293326616287 -0.0997961163520813 -0.03230343759059906 -0.11125656962394714 0.9932664632797241 -0.057330526411533356
1403636586.0635555 0.9989503026008606 -0.005968891549855471 0.04541704058647156 0.018364060670137405 -0.0002623190521262586 0.9907122850418091 0.13597312569618225 -0.10111499577760696 -0.04580683261156082 -0.13584230840206146 0.9896711111068726 -0.058536626398563385
1403636586.1135554 0.9982585906982422 -0.01105292234569788 0.057946059852838516 0.01731153018772602 0.0017811807338148355 0.9874895811080933 0.15767359733581543 -0.10149255394935608 -0.05896388739347458 -0.1572958081960678 0.9857897758483887 -0.060680389404296875
1403636586.1635556 0.9975156188011169 -0.017200814560055733 0.06831387430429459 0.015420839190483093 0.004861576482653618 0.9842290282249451 0.1768314093351364 -0.10287684947252274 -0.07027815282344818 -0.1760600060224533 0.9818675518035889 -0.06325483322143555
1403636586.2135556 0.9971204400062561 -0.022860711440443993 0.0723060667514801 0.013713236898183823 0.008385676890611649 0.9808712005615234 0.1944771409034729 -0.1040416806936264 -0.07536880671977997 -0.19331081211566925 0.9782384634017944 -0.06648438423871994
1403636586.2635555 0.9969862699508667 -0.027735130861401558 0.07245070487260818 0.012457277625799179 0.011658141389489174 0.976866602897644 0.21353155374526978 -0.10430925339460373 -0.07669699192047119 -0.2120434194803238 0.9742459058761597 -0.07007403671741486
1403636586.3135555 0.9967685341835022 -0.0332849882543087 0.0731067806482315 0.011302780359983444 0.015374665148556232 0.9723374843597412 0.23307357728481293 -0.1044938713312149 -0.07884230464696884 -0.23119643330574036 0.9697072505950928 -0.07421818375587463
1403636586.3635557 0.996496856212616 -0.03867524117231369 0.07414945960044861 0.010253915563225746 0.018680445849895477 0.967176616191864 0.25341761112213135 -0.10421096533536911 -0.08151659369468689 -0.25114473700523376 0.964510977268219 -0.07857497036457062
1403636586.4135554 0.9962533712387085 -0.045053303241729736 0.07381943613290787 0.009815004654228687 0.023189937695860863 0.9614930748939514 0.2738487124443054 -0.10501740872859955 -0.08331465721130371 -0.2711109519004822 0.958935558795929 -0.08220385015010834
1403636586.4635556 0.9962970614433289 -0.046024221926927567 0.07262102514505386 0.010603330098092556 0.02290402725338936 0.9562101364135742 0.2917831540107727 -0.10330347716808319 -0.08287004381418228 -0.2890394628047943 0.9537237286567688 -0.08684255182743073
1403636586.5135555 0.9963732957839966 -0.0451325848698616 0.07213280349969864 0.011637130752205849 0.020721398293972015 0.9509170055389404 0.30875104665756226 -0.10292470455169678 -0.0825270339846611 -0.3061366081237793 0.9484037756919861 -0.09188585728406906
1403636586.5635555 0.9965159296989441 -0.04164518415927887 0.0722602978348732 0.011203738860785961 0.016198238357901573 0.9465548396110535 0.32213595509529114 -0.1037011444568634 -0.081813745200634 -0.3198431730270386 0.943931519985199 -0.09216297417879105
1403636586.6135554 0.9967677593231201 -0.04054991528391838 0.06935261934995651 0.013755305670201778 0.01549550611525774 0.944098711013794 0.32929837703704834 -0.10451167076826096 -0.07882873713970184 -0.3271593749523163 0.9416754841804504 -0.0952422022819519
1403636586.6635556 0.9967389702796936 -0.041911520063877106 0.06895503401756287 0.01727842353284359 0.01682344079017639 0.9436901807785034 0.3304024934768677 -0.10617201030254364 -0.07891985774040222 -0.3281649649143219 0.9413178563117981 -0.09699207544326782
1403636586.7135556 0.9968821406364441 -0.041856229305267334 0.06688908487558365 0.021130578592419624 0.01786317676305771 0.9454162120819092 0.32537567615509033 -0.1076740026473999 -0.07685701549053192 -0.3231663405895233 0.9432160258293152 -0.09767801314592361
1403636586.7635555 0.9971583485603333 -0.04295767843723297 0.06188691034913063 0.024440890178084373 0.02108210138976574 0.9477882981300354 0.318202942609787 -0.109145388007164 -0.07232493162155151 -0.3159939646720886 0.9460004568099976 -0.09761710464954376
1403636586.8135555 0.9973981976509094 -0.04211001470685005 0.05851099640130997 0.028056183829903603 0.021902456879615784 0.9502987861633301 0.3105679154396057 -0.11092701554298401 -0.06868091225624084 -0.30847829580307007 0.9487487077713013 -0.09672360867261887
1403636586.8635557 0.997576892375946 -0.04012323170900345 0.05683683976531029 0.030810974538326263 0.021068710833787918 0.9528101682662964 0.3028348684310913 -0.1113535687327385 -0.06630542129278183 -0.3009035289287567 0.951346755027771 -0.09539682418107986
1403636586.9135554 0.9978858828544617 -0.03513637185096741 0.05467330664396286 0.03222695365548134 0.017261464148759842 0.9543293714523315 0.29825732111930847 -0.1122097373008728 -0.06265600025653839 -0.2966828942298889 0.9529184699058533 -0.09357717633247375
1403636586.9635556 0.9982171058654785 -0.031845156103372574 0.050480835139751434 0.03328251093626022 0.01569134183228016 0.9560385942459106 0.2928207516670227 -0.1120629534125328 -0.05758652836084366 -0.2915065288543701 0.9548339247703552 -0.09217908978462219
1403636587.0135555 0.9985699653625488 -0.02529308944940567 0.04709644243121147 0.033879101276397705 0.010502882301807404 0.9566425085067749 0.2910749912261963 -0.11297386884689331 -0.05241662263870239 -0.2901640236377716 0.9555403590202332 -0.09008778631687164
1403636587.0635555 0.9987499713897705 -0.022686926648020744 0.04453965649008751 0.03288513422012329 0.008695493452250957 0.9563366770744324 0.29213786125183105 -0.11298224329948425 -0.04922262951731682 -0.2913854122161865 0.9553385376930237 -0.08842772990465164
1403636587.1135554 0.9989121556282043 -0.01832195743918419 0.04288226738572121 0.03407575562596321 0.004809392150491476 0.955154299736023 0.29606956243515015 -0.11367197334766388 -0.04638376832008362 -0.29554128646850586 0.9542032480239868 -0.08677324652671814
1403636587.1635556 0.998968780040741 -0.01524539664387703 0.04276687279343605 0.03612726926803589 0.001652517355978489 0.9535250067710876 0.3013092577457428 -0.11472120881080627 -0.04537287726998329 -0.30092790722846985 0.952566921710968 -0.08469725400209427
1403636587.2135556 0.9990288615226746 -0.014141995459794998 0.04173179715871811 0.03905662149190903 0.0008024838170967996 0.9527785778045654 0.30366504192352295 -0.11515145003795624 -0.04405560344457626 -0.30333659052848816 0.9518645405769348 -0.08254195004701614
1403636587.2635555 0.9990304112434387 -0.01540282554924488 0.04124338552355766 0.04287406802177429 0.0020495892968028784 0.9520580768585205 0.3059103786945343 -0.11587463319301605 -0.04397797957062721 -0.30552929639816284 0.9511665105819702 -0.08112989366054535
1403636587.3135555 0.9989457130432129 -0.017346661537885666 0.042504072189331055 0.04876326024532318 0.003473409451544285 0.9517676830291748 0.3067997992038727 -0.11649130284786224 -0.04577596113085747 -0.3063287138938904 0.950824499130249 -0.07864174246788025
1403636587.3635557 0.9988094568252563 -0.0202547125518322 0.044379010796546936 0.05656801909208298 0.005574654787778854 0.951160192489624 0.3086472749710083 -0.11768011748790741 -0.04846310615539551 -0.30803239345550537 0.9501407146453857 -0.07580652832984924
1403636587.4135554 0.9987075924873352 -0.022717485204339027 0.045465484261512756 0.06494134664535522 0.0074999453499913216 0.9506260752677917 0.3102481961250305 -0.11873450875282288 -0.05026873201131821 -0.30950623750686646 0.9495677351951599 -0.07336489856243134
1403636587.4635556 0.9985194206237793 -0.027339844033122063 0.0470275916159153 0.07465771585702896 0.011289581656455994 0.9498520493507385 0.3124960958957672 -0.119758740067482 -0.05321284756064415 -0.3115025460720062 0.9487541913986206 -0.07108879089355469
1403636587.5135555 0.9983634948730469 -0.031727928668260574 0.04757903888821602 0.08620717376470566 0.015186554752290249 0.9491997361183167 0.31430748105049133 -0.12062288820743561 -0.05513433367013931 -0.3130705952644348 0.9481282234191895 -0.0688580870628357
1403636587.5635555 0.9982476830482483 -0.035771552473306656 0.047140832990407944 0.09970282763242722 0.01909073069691658 0.9486914873123169 0.3156263828277588 -0.12174779921770096 -0.056012559682130814 -0.3141734004020691 0.9477118253707886 -0.066979318857193
1403636587.6135554 0.9979209899902344 -0.03945035859942436 0.050965890288352966 0.11148020625114441 0.02142031490802765 0.9488373398780823 0.31503790616989136 -0.12334276735782623 -0.06078670173883438 -0.3132913410663605 0.9477095603942871 -0.06548185646533966
1403636587.6635556 0.9975229501724243 -0.04418520629405975 0.05473394691944122 0.1256968080997467 0.025011073797941208 0.950042188167572 0.31111767888069153 -0.12507407367229462 -0.06574635952711105 -0.3089781403541565 0.948793888092041 -0.06348998844623566
1403636587.7135556 0.9969994425773621 -0.04945700243115425 0.05955203250050545 0.14041024446487427 0.02904985100030899 0.9521107077598572 0.3043701946735382 -0.12704311311244965 -0.0717533677816391 -0.3017269968986511 0.9506903886795044 -0.06121177226305008
1403636587.7635555 0.9962770938873291 -0.056783389300107956 0.06486611068248749 0.15148861706256866 0.03496430069208145 0.9539145827293396 0.29803466796875 -0.1289779543876648 -0.07880014181137085 -0.29465723037719727 0.9523484706878662 -0.06034272536635399
1403636587.8135555 0.9955552220344543 -0.06142395734786987 0.07139254361391068 0.16651134192943573 0.03795819357037544 0.9554455876350403 0.29271644353866577 -0.13059137761592865 -0.08619148284196854 -0.2887055277824402 0.9535303711891174 -0.05838426202535629
1403636587.8635557 0.9948941469192505 -0.06616629660129547 0.07620875537395477 0.18141771852970123 0.04132062569260597 0.9559650421142578 0.29055726528167725 -0.13154049217700958 -0.09207800030708313 -0.2859247326850891 0.9538179636001587 -0.05658852308988571
1403636587.9135554 0.993949294090271 -0.07081662118434906 0.08396311849355698 0.19128334522247314 0.04324594512581825 0.95497727394104 0.2935097813606262 -0.1312447488307953 -0.10096824169158936 -0.2881028652191162 0.9522615671157837 -0.05566667765378952
