0.1037359 0.9999908804893494 -0.00259289494715631 -0.0033874637447297573 -0.00026818050537258387 0.002586305607110262 0.999994695186615 -0.0019481435883790255 -0.000445790879894048 0.0033924984745681286 0.0019393645925447345 0.9999923706054688 0.04123133420944214
0.2073381 0.9999723434448242 -0.0012835150118917227 -0.007321628276258707 -0.000972527137491852 0.0012566151563078165 0.9999924302101135 -0.0036774086765944958 -0.000522781047038734 0.0073262909427285194 0.003668106161057949 0.9999664425849915 0.08252356201410294
0.3110752 0.9999358057975769 -0.0013859273167327046 -0.011239569634199142 -0.001733257551677525 0.001329518505372107 0.9999864101409912 -0.005024672020226717 -0.0008066400769166648 0.011246380396187305 0.005009407177567482 0.9999242424964905 0.12480983138084412
0.4146917 0.9998668432235718 7.821487815817818e-05 -0.016321593895554543 -0.002594685647636652 -0.00017044332344084978 0.9999839663505554 -0.00564939109608531 -0.0011797626502811909 0.01632089540362358 0.0056514195166528225 0.999850869178772 0.16808471083641052
0.5184302 0.9997875094413757 -0.001288610976189375 -0.020573770627379417 -0.0037936228327453136 0.0011662719771265984 0.9999815225601196 -0.005957248620688915 -0.0015128119848668575 0.020581066608428955 0.005931987892836332 0.9997705817222595 0.21207423508167267
0.6220448 0.9996942281723022 0.0007261981372721493 -0.024717625230550766 -0.005592213477939367 -0.0008979836129583418 0.9999755024909973 -0.006939519662410021 -0.0023289774544537067 0.024711979553103447 0.006959593389183283 0.9996704459190369 0.2566928267478943
0.7257977 0.999553382396698 0.0034494507126510143 -0.029682772234082222 -0.007399530615657568 -0.0036816683132201433 0.9999629855155945 -0.007772219832986593 -0.0026927480939775705 0.029654864221811295 0.007878031581640244 0.9995291233062744 0.3024102747440338
0.8294199 0.9994205832481384 0.0037493205163627863 -0.03382888436317444 -0.009445932693779469 -0.00397278368473053 0.9999707341194153 -0.006540883798152208 -0.0028608646243810654 0.033803362399339676 0.006671489682048559 0.9994063377380371 0.34941232204437256
0.9331467 0.9992572665214539 0.0026952531188726425 -0.038444314152002335 -0.011237072758376598 -0.0028396176639944315 0.9999890327453613 -0.0037010591477155685 -0.003359102876856923 0.038433924317359924 0.00380747695453465 0.9992539286613464 0.3969600796699524
1.03691 0.9991240501403809 0.002428350504487753 -0.04177714139223099 -0.013513768091797829 -0.0024730779696255922 0.9999964237213135 -0.0010189816821366549 -0.0038301823660731316 0.04177451878786087 0.0011214080732315779 0.9991264343261719 0.4452041685581207
1.140497 0.999030590057373 0.0037256155628710985 -0.04386480152606964 -0.01672753132879734 -0.0037978021427989006 0.9999914765357971 -0.0015624403022229671 -0.004473943263292313 0.0438586100935936 0.0017275153659284115 0.9990363121032715 0.49343782663345337
1.244242 0.9989351034164429 0.003261602483689785 -0.04602319002151489 -0.01905536837875843 -0.0033201794140040874 0.999993622303009 -0.0011963807046413422 -0.005320321302860975 0.04601899906992912 0.0013479115441441536 0.9989397525787354 0.5427783131599426
1.347979 0.9988492131233215 0.00014440320956055075 -0.047960467636585236 -0.021405939012765884 -0.0002487385063432157 0.9999975562095642 -0.0021694719325751066 -0.005408719182014465 0.04796003922820091 0.002178904600441456 0.9988468885421753 0.5919443964958191
1.451596 0.9987637400627136 0.00046261862735264003 -0.04970580339431763 -0.024332871660590172 -0.0005396663909777999 0.9999986886978149 -0.001536657102406025 -0.00557164940983057 0.04970502480864525 0.001561582088470459 0.9987627267837524 0.6424074172973633
1.555212 0.9986787438392639 -0.0016145240515470505 -0.05136343091726303 -0.026773350313305855 0.0015171414706856012 0.9999969601631165 -0.0019348745699971914 -0.006060851737856865 0.051366399973630905 0.0018543924670666456 0.9986782073974609 0.6923062205314636
1.65896 0.9986226558685303 0.00042617510189302266 -0.05246594548225403 -0.030611306428909302 -0.0006052496028132737 0.9999940991401672 -0.003397309686988592 -0.007287045940756798 0.05246419087052345 0.0034243855625391006 0.9986169934272766 0.7430489659309387
1.762569 0.9984954595565796 0.0006424117018468678 -0.05483132600784302 -0.03254484385251999 -0.001012148568406701 0.9999769330024719 -0.006715657655149698 -0.007322393357753754 0.05482574552297592 0.006761051714420319 0.998473048210144 0.7950037121772766
1.866302 0.9984061121940613 0.00486795837059617 -0.05622715502977371 -0.03656971827149391 -0.005353105254471302 0.9999496936798096 -0.008480948396027088 -0.007943568751215935 0.056183043867349625 0.008768420666456223 0.998382031917572 0.8470830321311951
1.969923 0.9983441233634949 0.006018295884132385 -0.057208530604839325 -0.040022045373916626 -0.006496541202068329 0.9999454617500305 -0.00817740336060524 -0.00885032769292593 0.057156194001436234 0.008535521104931831 0.9983288049697876 0.8996552228927612
2.073666 0.9982733130455017 0.004907376132905483 -0.05853477492928505 -0.0435449481010437 -0.005265367683023214 0.9999683499336243 -0.005963208619505167 -0.010218214243650436 0.058503657579422 0.006261120550334454 0.9982675909996033 0.9530554413795471
2.177281 0.998179018497467 0.005977269262075424 -0.060023847967386246 -0.04653231427073479 -0.006296887062489986 0.9999669790267944 -0.005137116182595491 -0.010432245209813118 0.05999115854501724 0.005505725741386414 0.9981836676597595 1.0060726404190063
2.281017 0.998151421546936 0.005800910759717226 -0.060499243438243866 -0.05052214860916138 -0.006124408449977636 0.9999678730964661 -0.005163066554814577 -0.011362245306372643 0.060467347502708435 0.005524043459445238 0.998154878616333 1.0597941875457764
2.384639 0.9980185031890869 0.004969305358827114 -0.06272325664758682 -0.05329708382487297 -0.005364441778510809 0.9999668002128601 -0.006132849492132664 -0.01175403967499733 0.06269069015979767 0.006457172799855471 0.998012125492096 1.1128352880477905
2.48825 0.9979283809661865 0.004060627892613411 -0.06420502811670303 -0.05668264254927635 -0.004486450459808111 0.999968945980072 -0.006489455234259367 -0.013083881698548794 0.06417667120695114 0.006764065474271774 0.9979156255722046 1.1678532361984253
2.591988 0.997925877571106 0.004153368063271046 -0.06423868983983994 -0.060675378888845444 -0.004501331597566605 0.9999760985374451 -0.005272962618619204 -0.013217544183135033 0.06421523541212082 0.005551185924559832 0.9979206919670105 1.22140371799469
2.695832 0.9978986382484436 0.0051492489874362946 -0.06458932906389236 -0.06417738646268845 -0.005284574348479509 0.9999842047691345 -0.0019245028961449862 -0.013982153497636318 0.06457839906215668 0.00226178509183228 0.99791020154953 1.2769718170166016
2.799367 0.9979771375656128 0.005966153461486101 -0.06329328566789627 -0.06792524456977844 -0.00584047008305788 0.9999805092811584 0.0021705597173422575 -0.014924983493983746 0.06330500543117523 -0.0017965065781027079 0.9979925751686096 1.3312697410583496
2.903084 0.9980460405349731 0.005376669578254223 -0.06225023791193962 -0.07100541889667511 -0.005124973598867655 0.9999779462814331 0.004202255513519049 -0.014817317947745323 0.06227145716547966 -0.003875013440847397 0.9980517029762268 1.3868438005447388
3.006768 0.9981905817985535 0.0048436978831887245 -0.059934064745903015 -0.07510200887918472 -0.004502379801124334 0.9999728202819824 0.005828638561069965 -0.015743490308523178 0.059960685670375824 -0.005548245273530483 0.998185396194458 1.4418909549713135
3.110441 0.9982280731201172 0.005557750351727009 -0.059244342148303986 -0.07793071866035461 -0.0054114218801259995 0.9999818205833435 0.00263007078319788 -0.01601666957139969 0.05925789102911949 -0.0023048140574246645 0.9982401132583618 1.4983489513397217
3.214057 0.9983182549476624 0.006156275048851967 -0.057646241039037704 -0.0818849503993988 -0.006278525106608868 0.9999784231185913 -0.0019398112781345844 -0.016487188637256622 0.057633060961961746 0.002298482460901141 0.9983352422714233 1.553449273109436
3.317669 0.9983304738998413 0.00563293369486928 -0.05748642608523369 -0.0845680758357048 -0.005952260922640562 0.9999677538871765 -0.005385119002312422 -0.01657239720225334 0.05745423212647438 0.00571830291301012 0.9983318448066711 1.6106534004211426
3.421285 0.9984474778175354 0.0029313634149730206 -0.05562538281083107 -0.08851037919521332 -0.0031527720857411623 0.9999874234199524 -0.003893019165843725 -0.017699047923088074 0.05561327561736107 0.0040623489767313 0.9984440803527832 1.6669082641601562
3.524925 0.9984280467033386 0.0006405255408026278 -0.056045953184366226 -0.09073691815137863 -0.0005578778800554574 0.9999986886978149 0.001490277936682105 -0.01876007206737995 0.05604683235287666 -0.0014566686004400253 0.9984270334243774 1.7243871688842773
3.628545 0.9983825087547302 -0.0021455588284879923 -0.056815020740032196 -0.09485768526792526 0.002395670861005783 0.9999877214431763 0.0043344805017113686 -0.01889626309275627 0.05680502578616142 -0.004463579505681992 0.9983753561973572 1.7825791835784912
3.732256 0.998289167881012 -0.009030051529407501 -0.0577700175344944 -0.09765081107616425 0.009236134588718414 0.9999518394470215 0.003301289863884449 -0.01916864514350891 0.057737428694963455 -0.003829213324934244 0.9983245134353638 1.8406654596328735
3.835871 0.998176634311676 -0.01113734021782875 -0.059323012828826904 -0.10121463984251022 0.011131278239190578 0.999937891960144 -0.0004326094058342278 -0.019556479528546333 0.05932414159178734 -0.00022852045367471874 0.9982389211654663 1.898043155670166
3.939488 0.998088538646698 -0.010883730836212635 -0.06083442643284798 -0.10460051894187927 0.010602084919810295 0.9999314546585083 -0.004950541537255049 -0.01964660733938217 0.060884151607751846 0.0042961067520082 0.9981356263160706 1.956520438194275
4.043107 0.9979841113090515 -0.009977557696402073 -0.06267446279525757 -0.10895687341690063 0.009687175042927265 0.9999408721923828 -0.004935379605740309 -0.02100217714905739 0.06272001564502716 0.004318291787058115 0.9980218410491943 2.0147101879119873
4.146888 0.9979195594787598 -0.010654207319021225 -0.06358414888381958 -0.11337080597877502 0.010440126061439514 0.9999386668205261 -0.0036982200108468533 -0.021171241998672485 0.06361966580152512 0.003026701044291258 0.9979696273803711 2.074954032897949
4.25046 0.9978908896446228 -0.006948455236852169 -0.06454000622034073 -0.11694617569446564 0.006918345578014851 0.9999758005142212 -0.0006899989093653858 -0.02252497337758541 0.06454324722290039 0.00024203340581152588 0.9979149103164673 2.1324713230133057
4.354202 0.9978087544441223 -0.00628071092069149 -0.06586495786905289 -0.12092351168394089 0.006305093877017498 0.999980092048645 0.00016234174836426973 -0.022894829511642456 0.06586264073848724 -0.0005772710428573191 0.997828483581543 2.192047595977783
4.45794 0.9977644085884094 -0.005247499328106642 -0.06662321835756302 -0.1255541294813156 0.005478906910866499 0.9999794960021973 0.0032911659218370914 -0.023959213867783546 0.06660459190607071 -0.003648830810561776 0.9977728128433228 2.2508130073547363
4.561559 0.997824490070343 -0.005764257628470659 -0.06567533314228058 -0.13026677072048187 0.006213097367435694 0.9999586343765259 0.006632043980062008 -0.024786394089460373 0.06563439220190048 -0.0070256623439490795 0.9978191256523132 2.309633731842041
4.665293 0.9977898001670837 0.0003792820789385587 -0.0664488673210144 -0.1348787248134613 0.00020412923186086118 0.9999614953994751 0.008772840723395348 -0.024981485679745674 0.06644963473081589 -0.008767014369368553 0.9977513551712036 2.3687639236450195
4.768912 0.9977462291717529 0.0003505034255795181 -0.06710150092840195 -0.13856342434883118 0.00016280649288091809 0.9999706745147705 0.007644132245332003 -0.024692608043551445 0.06710221618413925 -0.007637826260179281 0.9977169036865234 2.4281296730041504
4.872532 0.9977824687957764 0.0005231182440184057 -0.06655815988779068 -0.14334586262702942 -8.7581473053433e-05 0.9999787211418152 0.006546452641487122 -0.025772180408239365 0.06656015664339066 -0.006526106968522072 0.9977611303329468 2.48667311668396
4.976146 0.9977625012397766 0.002973912050947547 -0.0667925477027893 -0.14737164974212646 -0.0027176709845662117 0.9999886155128479 0.003926904872059822 -0.026003628969192505 0.066803477704525 -0.003736598649993539 0.997759222984314 2.545750617980957
5.079909 0.9977099895477295 0.002658672397956252 -0.06758546829223633 -0.1516430824995041 -0.0023916587233543396 0.9999889135360718 0.004031357355415821 -0.02658858895301819 0.06759543716907501 -0.0038604838773608208 0.9977053999900818 2.603123903274536
5.183503 0.9976261854171753 0.00098242552485317 -0.06885674595832825 -0.15625466406345367 -0.000670802837703377 0.9999893307685852 0.004548650234937668 -0.026498885825276375 0.0688604861497879 -0.004491662606596947 0.9976162314414978 2.6630494594573975
5.287117 0.9975891709327698 0.001314980210736394 -0.06938418000936508 -0.16009286046028137 -0.0008972235373221338 0.9999812245368958 0.006051737815141678 -0.027387667447328568 0.06939082592725754 -0.005974892992526293 0.9975717067718506 2.7194409370422363
5.390861 0.997540295124054 0.002830849727615714 -0.07003903388977051 -0.16387227177619934 -0.002630764152854681 0.9999921917915344 0.002948845736682415 -0.028031514957547188 0.07004682719707489 -0.002757336013019085 0.9975398778915405 2.777208089828491
5.494473 0.9974604249000549 0.003773595904931426 -0.07112325727939606 -0.1684587597846985 -0.003928410355001688 0.9999901652336121 -0.0020369598641991615 -0.028091490268707275 0.07111488282680511 0.002311188727617264 0.9974654912948608 2.835901975631714
5.598233 0.9974403381347656 0.004911237396299839 -0.07133428007364273 -0.17271721363067627 -0.005115150474011898 0.9999833106994629 -0.0026761647313833237 -0.02936672791838646 0.07131995260715485 0.003034200519323349 0.9974488615989685 2.8911800384521484
5.701829 0.9974122047424316 0.003510155715048313 -0.07180964946746826 -0.1764502078294754 -0.003449664916843176 0.9999935626983643 0.0009663740638643503 -0.030383165925741196 0.07181257754564285 -0.0007161535322666168 0.9974178075790405 2.9497287273406982
5.805571 0.9974418878555298 0.0015812257770448923 -0.07146480679512024 -0.18114832043647766 -0.00129518483299762 0.9999908804893494 0.004048710688948631 -0.030757712200284004 0.07147055864334106 -0.003945792559534311 0.9974349141120911 3.00518798828125
5.909185 0.9974286556243896 -0.00029167981119826436 -0.07166695594787598 -0.18522006273269653 0.0006375806988216937 0.9999882578849792 0.004803679417818785 -0.03156304359436035 0.0716647058725357 -0.0048370203003287315 0.9974170923233032 3.062767267227173
6.012921 0.9974051713943481 -0.003588700434193015 -0.07190337032079697 -0.18908321857452393 0.0038503396790474653 0.9999864101409912 0.003500486258417368 -0.03200756013393402 0.07188983261585236 -0.0037682552356272936 0.997405469417572 3.1175496578216553
6.116541 0.9973783493041992 -0.006222155410796404 -0.0720963329076767 -0.19333288073539734 0.006407898850739002 0.9999766945838928 0.00234531844034791 -0.03280505910515785 0.07208006083965302 -0.0028011552058160305 0.9973949790000916 3.1742281913757324
6.220278 0.9972771406173706 -0.007545891683548689 -0.07335745543241501 -0.19721880555152893 0.007813702337443829 0.9999637603759766 0.0033644922077655792 -0.033272650092840195 0.07332942634820938 -0.003928524907678366 0.9973000288009644 3.228999376296997
6.323895 0.9971799850463867 -0.010933038778603077 -0.0742449015378952 -0.20118790864944458 0.011497694998979568 0.9999081492424011 0.00718220230191946 -0.03350405395030975 0.07415955513715744 -0.008015595376491547 0.997214138507843 3.284754753112793
6.427659 0.9971004724502563 -0.011476443149149418 -0.07522603869438171 -0.2051008939743042 0.012468518689274788 0.9998411536216736 0.012731533497571945 -0.03426550328731537 0.07506798207759857 -0.01363257598131895 0.9970852136611938 3.3404152393341064
6.531383 0.997098445892334 -0.009295410476624966 -0.07555388659238815 -0.20984818041324615 0.010420928709208965 0.999840259552002 0.014516308903694153 -0.03421919420361519 0.07540688663721085 -0.015261528082191944 0.9970360994338989 3.3960914611816406
6.634992 0.9969692826271057 -0.008646813221275806 -0.0773148313164711 -0.21357250213623047 0.009537984617054462 0.9998921751976013 0.011164694093167782 -0.03480328992009163 0.0772099494934082 -0.01186828501522541 0.9969442486763 3.450465679168701
6.738741 0.9969373941421509 -0.006930413190275431 -0.0778970867395401 -0.2189432680606842 0.007224536035209894 0.9999678134918213 0.003494592383503914 -0.03515153005719185 0.07787035405635834 -0.004046659916639328 0.996955394744873 3.5045900344848633
6.84235 0.996807873249054 -0.00505048967897892 -0.07967998087406158 -0.22210434079170227 0.004922586493194103 0.9999862313270569 -0.0018015624955296516 -0.035532038658857346 0.07968799024820328 0.00140357855707407 0.9968188405036926 3.5589637756347656
6.945963 0.9967791438102722 -0.00044381231418810785 -0.08019372075796127 -0.22764968872070312 0.00038514158222824335 0.9999997019767761 -0.0007470701239071786 -0.036177895963191986 0.08019403368234634 0.0007137776701711118 0.9967789649963379 3.60986328125
7.049705 0.9967021346092224 0.0015834142686799169 -0.08113209903240204 -0.2321367859840393 -0.0014302427880465984 0.999997079372406 0.0019460096955299377 -0.037398677319288254 0.08113494515419006 -0.0018235540483146906 0.9967014193534851 3.6632766723632812
7.153323 0.9966081976890564 0.004685425665229559 -0.08215867727994919 -0.23696228861808777 -0.004438641481101513 0.9999850392341614 0.003186136484146118 -0.037791259586811066 0.08217236399650574 -0.0028106574900448322 0.9966142177581787 3.713942527770996
7.256934 0.9965132474899292 0.005322902463376522 -0.08326300233602524 -0.24135850369930267 -0.005094518885016441 0.9999826550483704 0.002955131931230426 -0.03839943930506706 0.08327728509902954 -0.0025206441059708595 0.9965232610702515 3.7646234035491943
7.360549 0.9963380694389343 0.006583948154002428 -0.08524616062641144 -0.24561479687690735 -0.006300617940723896 0.999973714351654 0.0035922916140407324 -0.038580380380153656 0.0852675661444664 -0.0030420345719903708 0.9963534474372864 3.815894842147827
7.464167 0.996234655380249 0.007666913326829672 -0.08635853230953217 -0.25033873319625854 -0.007304370403289795 0.9999631643295288 0.004513307940214872 -0.039695076644420624 0.0863899439573288 -0.0038655197713524103 0.9962539076805115 3.862947940826416
7.567786 0.9961212277412415 0.00699863163754344 -0.08771304786205292 -0.25525227189064026 -0.0065689487382769585 0.9999650120735168 0.005186423193663359 -0.04057401418685913 0.0877462700009346 -0.004590123891830444 0.9961323142051697 3.9108898639678955
7.671396 0.995993435382843 0.0070564537309110165 -0.08914804458618164 -0.25929951667785645 -0.006550040561705828 0.9999606609344482 0.005971855018287897 -0.04075532779097557 0.0891866683959961 -0.005364004988223314 0.9960004687309265 3.9594714641571045
7.775144 0.995842695236206 0.010203196667134762 -0.09051627665758133 -0.26364684104919434 -0.009454471990466118 0.9999174475669861 0.00869662407785654 -0.04116871580481529 0.09059753268957138 -0.007804687134921551 0.9958569407463074 4.006209373474121
7.878754 0.9957097172737122 0.011248202994465828 -0.09184650331735611 -0.2679247558116913 -0.010090557858347893 0.9998638033866882 0.0130587974563241 -0.04182761162519455 0.09198088198900223 -0.012075988575816154 0.9956875443458557 4.051830768585205
7.982493 0.9955596327781677 0.014917422086000443 -0.09294403344392776 -0.2733006477355957 -0.013609745539724827 0.9997994899749756 0.01468752697110176 -0.04203382879495621 0.0931444764137268 -0.013357358984649181 0.9955631494522095 4.097047805786133
8.086111 0.9953919053077698 0.017710160464048386 -0.09424050152301788 -0.27761033177375793 -0.01677950657904148 0.9998024106025696 0.010658647865056992 -0.0422048456966877 0.09441064298152924 -0.009028222411870956 0.9954924583435059 4.140267372131348
8.189849 0.9952911138534546 0.017540542408823967 -0.09533122181892395 -0.28274470567703247 -0.017310258001089096 0.9998447895050049 0.0032421040814369917 -0.04283253103494644 0.09537331014871597 -0.001576629001647234 0.9954403638839722 4.183285713195801
8.29347 0.995136022567749 0.017192209139466286 -0.09699928015470505 -0.28664910793304443 -0.0175474863499403 0.9998419284820557 -0.0028107722755521536 -0.04329274967312813 0.09693564474582672 0.004499195143580437 0.9952805638313293 4.2250075340271
8.397102 0.9950966835021973 0.017751898616552353 -0.09730115532875061 -0.2911142408847809 -0.018225666135549545 0.9998258948326111 -0.003982428461313248 -0.04369091987609863 0.09721352905035019 0.005736280232667923 0.9952470660209656 4.266106605529785
8.500847 0.9949820041656494 0.02016313560307026 -0.0980018600821495 -0.2956586480140686 -0.020290415734052658 0.9997940063476562 -0.0003021812008228153 -0.044317279011011124 0.09797559678554535 0.0022891636472195387 0.9951860904693604 4.304566383361816
8.604438 0.9948087930679321 0.020361417904496193 -0.0997047945857048 -0.2991962432861328 -0.020291035994887352 0.9997925758361816 0.0017200503498315811 -0.045013345777988434 0.09971915185451508 0.00031199282966554165 0.9950155019760132 4.343008518218994
8.708175 0.994784414768219 0.01704595983028412 -0.1005660742521286 -0.30275076627731323 -0.017255257815122604 0.9998502731323242 -0.0012116831494495273 -0.04618910327553749 0.10053036361932755 0.0029406568501144648 0.9949296116828918 4.380405426025391
8.811795 0.9948659539222717 0.00935016106814146 -0.10076820850372314 -0.3057481050491333 -0.010054179467260838 0.9999284148216248 -0.006480905693024397 -0.0467318631708622 0.10070043802261353 0.0074607739225029945 0.9948888421058655 4.415500164031982
8.915403 0.9950234293937683 0.005385432858020067 -0.0994950607419014 -0.309185266494751 -0.006546206306666136 0.9999141693115234 -0.011343851685523987 -0.047369662672281265 0.09942545741796494 0.011938715353608131 0.9949734210968018 4.450656414031982
9.019162 0.9953221082687378 0.007534504402428865 -0.09631704539060593 -0.3125557005405426 -0.008699273690581322 0.9998939633369446 -0.011678865179419518 -0.048144735395908356 0.09621883183717728 0.012462122365832329 0.9952822923660278 4.4847412109375
9.12289 0.9956933259963989 0.012528943829238415 -0.09185779094696045 -0.3168255090713501 -0.013391599990427494 0.9998716711997986 -0.008780802600085735 -0.048819400370121 0.09173599630594254 0.009973106905817986 0.9957334399223328 4.517236232757568
9.226512 0.9961385130882263 0.01086486130952835 -0.08712003380060196 -0.3194601833820343 -0.011404693126678467 0.9999186396598816 -0.005701061803847551 -0.04954960197210312 0.08705101907253265 0.006672624498605728 0.9961815476417542 4.550288200378418
9.330247 0.9966740012168884 0.00764168007299304 -0.08113229274749756 -0.3218653202056885 -0.0078101675026118755 0.9999679327011108 -0.0017595291137695312 -0.0500599667429924 0.08111624419689178 0.0023873336613178253 0.9967018365859985 4.581930160522461
9.433986 0.9972922801971436 0.0027903621084988117 -0.07348613440990448 -0.32301801443099976 -0.0026673090178519487 0.9999948740005493 0.001772589166648686 -0.05078353360295296 0.07349072396755219 -0.0015717793721705675 0.9972946047782898 4.612756729125977
9.537749 0.9980595111846924 0.006804565899074078 -0.06189270690083504 -0.32577797770500183 -0.0067695328034460545 0.9999767541885376 0.0007757049752399325 -0.05081959068775177 0.06189654394984245 -0.00035521527752280235 0.9980825185775757 4.643033504486084
9.641587 0.9988009333610535 0.012148928828537464 -0.04742393642663956 -0.3261789381504059 -0.012124162167310715 0.9999262094497681 0.0008098506950773299 -0.0516471303999424 0.047430288046598434 -0.0002339041675440967 0.9988744854927063 4.672858715057373
9.745342 0.9994316101074219 0.01681610569357872 -0.02921690046787262 -0.3274151086807251 -0.016771798953413963 0.9998576641082764 0.0017608779016882181 -0.052233658730983734 0.029242364689707756 -0.0012698571663349867 0.9995715618133545 4.700688362121582
9.849229 0.9998573660850525 0.015273012220859528 -0.00721367821097374 -0.32652175426483154 -0.015259165316820145 0.9998815655708313 0.0019705656450241804 -0.05239652097225189 0.007242929190397263 -0.0018602104391902685 0.9999720454216003 4.7290802001953125
9.953059 0.9997437000274658 0.011751941405236721 0.019352657720446587 -0.3247670829296112 -0.011814499273896217 0.9999252557754517 0.0031212440226227045 -0.052919380366802216 -0.019314531236886978 -0.0033490867353975773 0.9998078346252441 4.756627559661865
10.05693 0.9987779855728149 0.01060833316296339 0.04827044904232025 -0.32204902172088623 -0.010850789956748486 0.9999297261238098 0.004763539414852858 -0.05349356308579445 -0.04821651056408882 -0.005281489342451096 0.9988229870796204 4.782380104064941
10.16083 0.9965855479240417 0.010479023680090904 0.08189929276704788 -0.3195295035839081 -0.011000032536685467 0.9999219179153442 0.0059129404835402966 -0.053731754422187805 -0.0818309411406517 -0.0067936452105641365 0.9966230392456055 4.808529853820801
10.26466 0.9928600192070007 0.009951320476830006 0.11886904388666153 -0.3144906163215637 -0.010832625441253185 0.9999184012413025 0.006770266219973564 -0.054342955350875854 -0.11879194527864456 -0.008009592071175575 0.9928868412971497 4.833746910095215
10.36867 0.986943781375885 0.010026216506958008 0.16075263917446136 -0.30915361642837524 -0.011228484101593494 0.999915361404419 0.006572309881448746 -0.05457228422164917 -0.160673126578331 -0.008291509933769703 0.9869729280471802 4.8592658042907715
10.47264 0.9785877466201782 0.009655540809035301 0.20560318231582642 -0.3023974895477295 -0.011293599382042885 0.9999131560325623 0.006795027293264866 -0.055279720574617386 -0.20551970601081848 -0.008971529081463814 0.9786118865013123 4.882781028747559
10.57663 0.9669461846351624 0.012074468657374382 0.25469428300857544 -0.29510653018951416 -0.01365180779248476 0.9998970031738281 0.004426243714988232 -0.055422548204660416 -0.2546146512031555 -0.007756976876407862 0.9670115113258362 4.905828475952148
10.68062 0.9514509439468384 0.01325410045683384 0.3075147271156311 -0.286104679107666 -0.01436628121882677 0.9998958110809326 0.0013530717696994543 -0.05582653358578682 -0.3074648678302765 -0.005705224350094795 0.9515423774719238 4.927966594696045
10.78461 0.9314954876899719 0.013278801925480366 0.3635106384754181 -0.2757030725479126 -0.013948158361017704 0.9999023675918579 -0.0007836455479264259 -0.05628027766942978 -0.3634856343269348 -0.004340342245995998 0.9315897226333618 4.949761390686035
10.88875 0.9074785113334656 0.014048158191144466 0.4198637306690216 -0.26376497745513916 -0.014383046887814999 0.9998937249183655 -0.002368298126384616 -0.05681273713707924 -0.4198523759841919 -0.0038897409103810787 0.9075840711593628 4.969606876373291
10.99272 0.8781867623329163 0.014013135805726051 0.47811266779899597 -0.25135159492492676 -0.013540240935981274 0.9998984336853027 -0.004435886163264513 -0.05714686959981918 -0.47812625765800476 -0.0025782249867916107 0.8782873153686523 4.989001274108887
11.09659 0.8443388938903809 0.012869671918451786 0.5356552004814148 -0.2370762825012207 -0.011083566583693027 0.9999170899391174 -0.006553320214152336 -0.05777818337082863 -0.5356951355934143 -0.00040374789386987686 0.8444113731384277 5.007669448852539
11.20057 0.8084151148796082 0.012156590819358826 0.5884873270988464 -0.22106242179870605 -0.009425854310393333 0.9999258518218994 -0.00770736625418067 -0.05831460282206535 -0.5885373950004578 0.0006837557884864509 0.8084697723388672 5.023806095123291
11.30431 0.7677990198135376 0.010997306555509567 0.6405965089797974 -0.2048335075378418 -0.008048667572438717 0.9999393224716187 -0.007519368082284927 -0.05848950147628784 -0.6406402587890625 0.0006174162845127285 0.7678409218788147 5.040693283081055
11.40818 0.724328875541687 0.010741924867033958 0.6893710494041443 -0.1882340908050537 -0.009977285750210285 0.9999372959136963 -0.005098002962768078 -0.059303298592567444 -0.6893825531005859 -0.0031854198314249516 0.7243905663490295 5.055849552154541
11.51192 0.6815063953399658 0.009409605525434017 0.7317517399787903 -0.1689314842224121 -0.008007177151739597 0.9999533891677856 -0.005401046015322208 -0.05919206142425537 -0.7317683696746826 -0.0021784177515655756 0.6815499067306519 5.067641735076904
11.61553 0.6352085471153259 0.008389805443584919 0.7722952365875244 -0.14974713325500488 -0.004780304152518511 0.9999645352363586 -0.006931312382221222 -0.05960072576999664 -0.7723259329795837 0.0007110225851647556 0.6352259516716003 5.079834461212158
11.71927 0.5887088179588318 0.006035956554114819 0.8083227276802063 -0.1297454833984375 0.0012322748079895973 0.9999642968177795 -0.008364472538232803 -0.05982770398259163 -0.8083442449569702 0.00592031329870224 0.5886803269386292 5.090773582458496
11.82277 0.541761040687561 0.007842662744224072 0.8404959440231323 -0.11059689521789551 -0.001091644517146051 0.9999622106552124 -0.008626995608210564 -0.0608740858733654 -0.8405318260192871 0.00375624792650342 0.541749119758606 5.100887298583984
11.92638 0.4950321316719055 0.010792986489832401 0.8688076734542847 -0.09020185470581055 -0.005891820415854454 0.9999415874481201 -0.00906496960669756 -0.061796605587005615 -0.8688546419143677 -0.0006314071943052113 0.49506688117980957 5.110135555267334
12.03 0.44864422082901 0.012383018620312214 0.8936248421669006 -0.06973111629486084 -0.005419736262410879 0.9999232888221741 -0.01113502774387598 -0.06228605657815933 -0.8936940431594849 0.00015245514805428684 0.4486768841743469 5.119075298309326
12.13361 0.4065115451812744 0.010923616588115692 0.9135803580284119 -0.048250555992126465 0.0013345840852707624 0.9999203681945801 -0.012549818493425846 -0.062244392931461334 -0.9136447310447693 0.006320895627140999 0.40646451711654663 5.12582540512085
12.2371 0.36704352498054504 0.0024561367463320494 0.9302005171775818 -0.026157259941101074 0.016825003549456596 0.9998154044151306 -0.009278850629925728 -0.06300738453865051 -0.9300515651702881 0.019056370481848717 0.36693450808525085 5.131232738494873
12.3406 0.3321974277496338 -0.001340107643045485 0.9432089328765869 -0.0035425424575805664 0.02139032818377018 0.9997525215148926 -0.006113211624324322 -0.06328684091567993 -0.9429672956466675 0.022206345573067665 0.3321438431739807 5.136595726013184
12.44411 0.29914993047714233 0.003052935702726245 0.9542011618614197 0.018632054328918457 0.01823865808546543 0.9997940063476562 -0.00891677662730217 -0.06364123523235321 -0.9540318250656128 0.02007080428302288 0.299032598733902 5.142549514770508
12.54767 0.268096923828125 0.010812539607286453 0.9633311629295349 0.04157567024230957 0.008045787923038006 0.9998769760131836 -0.013461894355714321 -0.06425873190164566 -0.9633583426475525 0.011359852738678455 0.2679770290851593 5.148829460144043
12.65107 0.239537313580513 0.01508463267236948 0.970770001411438 0.0648726224899292 0.0026708657387644053 0.9998652338981628 -0.01619577221572399 -0.06546707451343536 -0.9708834886550903 0.006472288630902767 0.23946475982666016 5.154150009155273
12.75469 0.21385779976844788 0.016166552901268005 0.9767310619354248 0.08888685703277588 0.004238826688379049 0.9998381733894348 -0.017477119341492653 -0.06669564545154572 -0.9768556356430054 0.00787781085819006 0.21375469863414764 5.158123970031738
12.85806 0.19051720201969147 0.017958663403987885 0.9815195202827454 0.11375963687896729 0.010836441069841385 0.9997332692146301 -0.020395314320921898 -0.06718891859054565 -0.9816240668296814 0.01452183909714222 0.1902717500925064 5.161356449127197
12.96167 0.17008863389492035 0.02461211383342743 0.9851213693618774 0.13931643962860107 0.01800835318863392 0.9994434714317322 -0.028079213574528694 -0.06699694693088531 -0.9852641820907593 0.022516367956995964 0.16955074667930603 5.164343357086182
13.0652 0.15083864331245422 0.030879586935043335 0.9880759716033936 0.16533154249191284 0.02030898816883564 0.9992042183876038 -0.034327708184719086 -0.06726578623056412 -0.9883497357368469 0.02524476870894432 0.15009143948554993 5.167224407196045
13.16877 0.1325693279504776 0.03174365684390068 0.9906652569770813 0.19260597229003906 0.017976222559809685 0.9992455840110779 -0.03442413732409477 -0.06804700195789337 -0.9910107851028442 0.022372005507349968 0.1318986862897873 5.1708455085754395
13.27235 0.11726336926221848 0.02739889919757843 0.9927228689193726 0.2208077311515808 0.015944167971611023 0.9994385242462158 -0.029467619955539703 -0.06936559826135635 -0.9929728507995605 0.019283611327409744 0.11676068603992462 5.173820972442627
13.37588 0.1023445650935173 0.0247047021985054 0.9944421648979187 0.25006282329559326 0.016560319811105728 0.999510645866394 -0.026534948498010635 -0.07032015174627304 -0.9946111440658569 0.019183993339538574 0.1018853634595871 5.176555156707764
13.4795 0.08948414027690887 0.02165544405579567 0.9957528114318848 0.28051894903182983 0.018209880217909813 0.9995608329772949 -0.023374712094664574 -0.07180209457874298 -0.9958216547966003 0.020224206149578094 0.08905050903558731 5.178448677062988
13.58311 0.07890158891677856 0.020552290603518486 0.9966705441474915 0.3108462691307068 0.022289935499429703 0.9995012283325195 -0.02237524837255478 -0.07274718582630157 -0.9966332316398621 0.023981167003512383 0.07840411365032196 5.179254055023193
13.68672 0.06755873560905457 0.021630818024277687 0.9974808096885681 0.34282952547073364 0.02463517151772976 0.9994239211082458 -0.023341478779911995 -0.0736527144908905 -0.9974111318588257 0.026150032877922058 0.06698694080114365 5.1819376945495605
13.79034 0.05986674502491951 0.023010892793536186 0.9979411363601685 0.3756309747695923 0.026966897770762444 0.999332070350647 -0.024660717695951462 -0.07397551834583282 -0.9978420734405518 0.028387730941176414 0.05920623615384102 5.183521270751953
13.89395 0.054477058351039886 0.022513022646307945 0.9982612133026123 0.4097933769226074 0.029161671176552773 0.9992833733558655 -0.024127483367919922 -0.07524807751178741 -0.9980891346931458 0.030425362288951874 0.05378149822354317 5.1847429275512695
13.99767 0.04992310702800751 0.023428604006767273 0.9984782338142395 0.44449058175086975 0.029802685603499413 0.9992446303367615 -0.024936698377132416 -0.07638585567474365 -0.9983083009719849 0.03100224956870079 0.04918716475367546 5.1854166984558105
14.1013 0.042992498725652695 0.024012066423892975 0.9987868666648865 0.4809868335723877 0.031064430251717567 0.9991957545280457 -0.025359051302075386 -0.0776401087641716 -0.9985923767089844 0.03211699798703194 0.04221199080348015 5.187459468841553
14.20492 0.038463059812784195 0.024256834760308266 0.9989655613899231 0.5193746089935303 0.03276893123984337 0.9991370439529419 -0.02552269585430622 -0.07862387597560883 -0.9987225532531738 0.033716727048158646 0.037634991109371185 5.188952922821045
14.30854 0.03573037311434746 0.024222495034337044 0.9990679025650024 0.5569150447845459 0.03480638191103935 0.9990694522857666 -0.025467343628406525 -0.07965733110904694 -0.9987550973892212 0.03568389639258385 0.03485403209924698 5.18982458114624
14.41227 0.03280765190720558 0.023377547040581703 0.999188244342804 0.5962741374969482 0.03557153791189194 0.9990656971931458 -0.02454264461994171 -0.08117744326591492 -0.9988284111022949 0.03634784743189812 0.031945426017045975 5.19084358215332
14.51589 0.030092893168330193 0.023020919412374496 0.9992820024490356 0.63754802942276 0.037364471703767776 0.9990100264549255 -0.02413986623287201 -0.08210600912570953 -0.9988484978675842 0.038064081221818924 0.029202938079833984 5.192159652709961
14.61968 0.029355522245168686 0.02280675247311592 0.9993088245391846 0.6794815063476562 0.0413348451256752 0.998856782913208 -0.024010678753256798 -0.08303864300251007 -0.998714029788971 0.04201113060116768 0.028379252180457115 5.19307804107666
14.72326 0.030701138079166412 0.022158438339829445 0.999282956123352 0.7226507663726807 0.045243460685014725 0.9986985921859741 -0.023535510525107384 -0.0846688449382782 -0.998504102230072 0.04593358933925629 0.029658660292625427 5.193471908569336
14.82686 0.03328944742679596 0.022626323625445366 0.9991896152496338 0.7669888734817505 0.04667286202311516 0.9986177086830139 -0.0241683516651392 -0.08520491421222687 -0.9983553290367126 0.047439590096473694 0.03218739852309227 5.194468021392822
14.93048 0.036926932632923126 0.02202870324254036 0.9990751147270203 0.8118991255760193 0.0495058074593544 0.9984891414642334 -0.023845573887228966 -0.0874197855591774 -0.9980911612510681 0.05034055933356285 0.03578059375286102 5.196494102478027
15.0341 0.04116970673203468 0.02135818637907505 0.9989238977432251 0.8587539196014404 0.049518369138240814 0.9984992742538452 -0.023389965295791626 -0.08866365253925323 -0.9979244470596313 0.05042804032564163 0.040050309151411057 5.1983642578125
15.13784 0.044643521308898926 0.01967521384358406 0.9988091588020325 0.9055261611938477 0.0513281524181366 0.9984403252601624 -0.021962150931358337 -0.09037008881568909 -0.9976835250854492 0.05224749818444252 0.04356400668621063 5.201605319976807
15.24145 0.04903049021959305 0.018269779160618782 0.998630166053772 0.9536761045455933 0.05131932348012924 0.9984659552574158 -0.020786434412002563 -0.09133380651473999 -0.9974780082702637 0.052268192172050476 0.048017680644989014 5.203489780426025
15.34508 0.05277220532298088 0.016391605138778687 0.9984719753265381 1.0025098323822021 0.04761012643575668 0.9986869096755981 -0.018911464139819145 -0.09230285882949829 -0.9974709749221802 0.04853538051247597 0.0519225038588047 5.206840991973877
15.44881 0.05703722685575485 0.01513147447258234 0.9982573986053467 1.0523940324783325 0.04735104367136955 0.9987189173698425 -0.017843957990407944 -0.09392517060041428 -0.9972485899925232 0.048286307603120804 0.056247662752866745 5.209829330444336
15.55255 0.0609089657664299 0.016300084069371223 0.9980102181434631 1.1023718118667603 0.0445697046816349 0.9988250136375427 -0.019033491611480713 -0.0950329527258873 -0.997147798538208 0.04564033821225166 0.060110904276371 5.2135090827941895
15.65617 0.06414582580327988 0.020330315455794334 0.9977334141731262 1.153072476387024 0.04216897487640381 0.9988442063331604 -0.023064056411385536 -0.09682066738605499 -0.9970492124557495 0.043552856892347336 0.06321437656879425 5.21720552444458
15.7599 0.06536142528057098 0.025234494358301163 0.9975425601005554 1.2038160562515259 0.03692883253097534 0.9989341497421265 -0.027689365670084953 -0.09857133775949478 -0.9971781373023987 0.03864790126681328 0.0643598809838295 5.2213544845581055
15.86364 0.06517179310321808 0.028532614931464195 0.9974662065505981 1.2544307708740234 0.03351111710071564 0.9989646673202515 -0.03076501190662384 -0.1005234569311142 -0.9973112344741821 0.035431213676929474 0.06414816528558731 5.2251105308532715
15.96739 0.06504382193088531 0.028423532843589783 0.9974775910377502 1.305400013923645 0.030889267101883888 0.9990577697753906 -0.030482802540063858 -0.10215902328491211 -0.9974042773246765 0.03279407322406769 0.06410455703735352 5.229067802429199
16.07102 0.06497254222631454 0.02620384842157364 0.9975429773330688 1.3568121194839478 0.02850896492600441 0.999198317527771 -0.028104199096560478 -0.1045631542801857 -0.9974797964096069 0.030264923349022865 0.06417340040206909 5.233028411865234
16.17474 0.06478610634803772 0.025328854098916054 0.9975776672363281 1.4071240425109863 0.029052264988422394 0.999206006526947 -0.027256956323981285 -0.1063864529132843 -0.9974762201309204 0.03074776567518711 0.06399880349636078 5.236799240112305
16.27845 0.06503669172525406 0.024416612461209297 0.9975841045379639 1.4589970111846924 0.026523875072598457 0.999305009841919 -0.02618793584406376 -0.10863423347473145 -0.9975303411483765 0.028162969276309013 0.0643438845872879 5.240681171417236
16.38209 0.06553217023611069 0.024796221405267715 0.9975423812866211 1.5107827186584473 0.025403037667274475 0.999325692653656 -0.026509368792176247 -0.11049623787403107 -0.9975270628929138 0.027077827602624893 0.0648580864071846 5.244030952453613
