1305031455.891657 0.9992920160293579 0.0022534974850714207 0.0375543013215065 -0.0682307556271553 -0.0021135471761226654 0.999990701675415 -0.003765891306102276 -0.027144253253936768 -0.03756244108080864 0.0036838522646576166 0.999287486076355 -0.024168238043785095
1305031455.927955 0.9987158179283142 0.0024106143973767757 0.05060509219765663 -0.0885629877448082 -0.002627538749948144 0.9999876618385315 0.004220523405820131 -0.03996506705880165 -0.05059428513050079 -0.004348070360720158 0.9987097978591919 -0.029319239780306816
1305031455.959716 0.9983519911766052 0.008253805339336395 0.056790534406900406 -0.097622349858284 -0.008236273191869259 0.9999659657478333 -0.000542785506695509 -0.03771788626909256 -0.056793082505464554 7.414841093122959e-05 0.9983859658241272 -0.03518666699528694
1305031455.991694 0.9977856874465942 0.011645514518022537 0.06548337638378143 -0.10739171504974365 -0.01194058544933796 0.9999202489852905 0.004116440191864967 -0.04083537682890892 -0.06543020904064178 -0.004889234434813261 0.9978452920913696 -0.03941693529486656
1305031456.02777 0.9967305064201355 0.018702136352658272 0.07860290259122849 -0.11973760277032852 -0.01947454921901226 0.9997692108154297 0.009071619249880314 -0.034650661051273346 -0.07841511070728302 -0.01057271659374237 0.9968647360801697 -0.043300434947013855
1305031456.059713 0.9953159093856812 0.028782928362488747 0.09229163825511932 -0.13503728806972504 -0.032134272158145905 0.9988694190979004 0.03503424674272537 -0.04728887602686882 -0.09117891639471054 -0.03783586621284485 0.9951154589653015 -0.04322204738855362
1305031456.091707 0.9941868185997009 0.03458262234926224 0.10196350514888763 -0.14683684706687927 -0.04019670933485031 0.9977569580078125 0.05352885276079178 -0.06224050000309944 -0.09988363832235336 -0.057316284626722336 0.9933469295501709 -0.04378122836351395
1305031456.127645 0.9931560754776001 0.03514048457145691 0.1113836020231247 -0.1573232263326645 -0.04182836413383484 0.9974232316017151 0.05828645080327988 -0.07049932330846786 -0.10904837399721146 -0.06254652887582779 0.9920667409896851 -0.0453278012573719
1305031456.159731 0.9916801452636719 0.03527338430285454 0.12379810959100723 -0.166863813996315 -0.04372681304812431 0.9968449473381042 0.06624440848827362 -0.08451241999864578 -0.12107083201408386 -0.07110659033060074 0.9900937080383301 -0.04370874911546707
1305031456.191658 0.9899033308029175 0.029759885743260384 0.1385829746723175 -0.17283707857131958 -0.03862128406763077 0.997347354888916 0.06169892102479935 -0.09785186499357224 -0.1363791823387146 -0.06642822921276093 0.9884270429611206 -0.04348330944776535
1305031456.227678 0.9868095517158508 0.02583235874772072 0.1598101556301117 -0.18191616237163544 -0.034066133201122284 0.9982178807258606 0.048998624086380005 -0.09125368297100067 -0.15825960040092468 -0.0537964403629303 0.9859309196472168 -0.04368027672171593
1305031456.259614 0.983293354511261 0.018468715250492096 0.18108847737312317 -0.18860973417758942 -0.02888723462820053 0.9980648159980774 0.05506507679820061 -0.1009371429681778 -0.17972105741500854 -0.059376273304224014 0.9819240570068359 -0.038692109286785126
1305031456.291675 0.978339433670044 0.00842819269746542 0.20683550834655762 -0.20080256462097168 -0.01996546983718872 0.998354434967041 0.053756169974803925 -0.11257615685462952 -0.20604208111763 -0.05672134831547737 0.9768978357315063 -0.033196717500686646
1305031456.327718 0.9741314649581909 -0.004597036633640528 0.22593459486961365 -0.20640929043293 -0.0068337516859173775 0.9987367391586304 0.04978528618812561 -0.12297771126031876 -0.22587800025939941 -0.05004141107201576 0.9728693962097168 -0.02959052100777626
1305031456.359846 0.9680890440940857 -0.011938879266381264 0.2503221035003662 -0.21451543271541595 0.0033463300205767155 0.9993913769721985 0.03472351282835007 -0.11470551043748856 -0.25058430433273315 -0.03277779370546341 0.9675396084785461 -0.0238308385014534
1305031456.391619 0.9601016044616699 -0.020408213138580322 0.2789057195186615 -0.22593526542186737 0.008064002729952335 0.9989392161369324 0.04533538967370987 -0.1338435411453247 -0.27953505516052246 -0.04127747565507889 0.9592477083206177 -0.010272778570652008
1305031456.427662 0.9510747194290161 -0.028941785916686058 0.3076027035713196 -0.24353356659412384 0.0225085262209177 0.9994478225708008 0.02444230020046234 -0.12687741219997406 -0.30814021825790405 -0.01632276549935341 0.9512008428573608 0.0013447701930999756
1305031456.45961 0.9460147619247437 -0.03973313048481941 0.3216789960861206 -0.2585846185684204 0.03529238700866699 0.9991841912269592 0.019627049565315247 -0.11898345500230789 -0.32219645380973816 -0.007214662153273821 0.9466453194618225 0.0076785460114479065
1305031456.491677 0.9428067803382874 -0.05264317989349365 0.32915663719177246 -0.2769029140472412 0.044829290360212326 0.9985045790672302 0.031289320439100266 -0.12016066908836365 -0.3303115665912628 -0.014743922278285027 0.9437567591667175 0.022160619497299194
1305031456.527641 0.943468451499939 -0.0685754120349884 0.3242909014225006 -0.2831408977508545 0.05763521045446396 0.9974011182785034 0.04323338344693184 -0.12348271906375885 -0.3264128863811493 -0.022098753601312637 0.9449689388275146 0.03512630611658096
1305031456.559608 0.9420692920684814 -0.08195357769727707 0.32525262236595154 -0.28780555725097656 0.06729407608509064 0.9961555004119873 0.05608814209699631 -0.13752636313438416 -0.32859882712364197 -0.030951332300901413 0.9439622163772583 0.05092426761984825
1305031456.591651 0.939856231212616 -0.09243927150964737 0.32882434129714966 -0.2903604507446289 0.08233695477247238 0.9956084489822388 0.04454789310693741 -0.12177632004022598 -0.3314982056617737 -0.014794220216572285 0.9433397650718689 0.05793336406350136
1305031456.627612 0.9344901442527771 -0.11189570277929306 0.3379465937614441 -0.30092132091522217 0.09587585180997849 0.9933475255966187 0.0637860894203186 -0.11017075181007385 -0.34283575415611267 -0.027206547558307648 0.939001202583313 0.07071439921855927
1305031456.659665 0.9275670051574707 -0.13557283580303192 0.34819450974464417 -0.30881404876708984 0.10553690791130066 0.9889703392982483 0.10392171144485474 -0.13618503510951996 -0.3584429621696472 -0.05964697524905205 0.9316441416740417 0.09123431146144867
1305031456.691612 0.9209839105606079 -0.15291288495063782 0.3583384156227112 -0.32034462690353394 0.12494689971208572 0.9871018528938293 0.10009123384952545 -0.1368011087179184 -0.3690217435359955 -0.04740913212299347 0.9282107353210449 0.10503266751766205
1305031456.727693 0.9157684445381165 -0.17451199889183044 0.3618201017379761 -0.33306393027305603 0.14752621948719025 0.9838724136352539 0.10114889591932297 -0.1230800524353981 -0.37363648414611816 -0.03925100713968277 0.9267444014549255 0.11990553140640259
1305031456.759615 0.9140884876251221 -0.19364407658576965 0.3562924265861511 -0.34436526894569397 0.1583699882030487 0.9793140292167664 0.12594778835773468 -0.14587172865867615 -0.3733111619949341 -0.05870141088962555 0.9258471131324768 0.13264572620391846
1305031456.791649 0.9167922735214233 -0.202727273106575 0.34408384561538696 -0.35163503885269165 0.17346292734146118 0.9782019853591919 0.11415478587150574 -0.1463852971792221 -0.3597257733345032 -0.04497043043375015 0.9319736957550049 0.14365805685520172
1305031456.827603 0.916353166103363 -0.2145671397447586 0.33802056312561035 -0.3580065667629242 0.19034996628761292 0.9762283563613892 0.10365872830152512 -0.12826116383075714 -0.35222694277763367 -0.030645789578557014 0.9354127049446106 0.15605933964252472
1305031456.859634 0.9135712385177612 -0.2321021407842636 0.33394044637680054 -0.35822805762290955 0.20364974439144135 0.9718636870384216 0.11835372447967529 -0.1310868263244629 -0.3520147502422333 -0.040117647498846054 0.93513423204422 0.17175577580928802
1305031456.891672 0.910234272480011 -0.2433585524559021 0.3350375294685364 -0.3589707911014557 0.21223245561122894 0.9689076542854309 0.12718187272548676 -0.13838177919387817 -0.3555712401866913 -0.04465944319963455 0.9335815906524658 0.18551811575889587
1305031456.92769 0.9027391076087952 -0.25233539938926697 0.34840935468673706 -0.36735308170318604 0.22486449778079987 0.967232346534729 0.1178872361779213 -0.13475492596626282 -0.3667399287223816 -0.028076499700546265 0.9298996329307556 0.19585591554641724
1305031456.959667 0.895034909248352 -0.26088106632232666 0.36173683404922485 -0.3805065453052521 0.23483414947986603 0.9652025103569031 0.11505132168531418 -0.12153822928667068 -0.37916404008865356 -0.018026739358901978 0.9251538515090942 0.20567701756954193
1305031456.991709 0.8889767527580261 -0.271634966135025 0.36869314312934875 -0.38878297805786133 0.23690173029899597 0.9617713689804077 0.13737905025482178 -0.12845194339752197 -0.39191552996635437 -0.034782711416482925 0.9193433523178101 0.22039403021335602
1305031457.027648 0.8833028078079224 -0.27850791811943054 0.37710681557655334 -0.39867398142814636 0.2423638254404068 0.9598554372787476 0.14119821786880493 -0.1290602833032608 -0.40129294991493225 -0.03332367539405823 0.9153433442115784 0.22955355048179626
1305031457.059621 0.8764183521270752 -0.28980767726898193 0.3845808207988739 -0.4095839560031891 0.25307002663612366 0.9566442370414734 0.14417719841003418 -0.12044309824705124 -0.409690797328949 -0.02903362549841404 0.9117622375488281 0.2345857173204422
1305031457.091655 0.86964350938797 -0.3080935478210449 0.3857440948486328 -0.4146198332309723 0.2612706422805786 0.9501960277557373 0.1698974370956421 -0.1293296366930008 -0.4188768267631531 -0.046966567635536194 0.9068276286125183 0.24093076586723328
1305031457.127632 0.8612698912620544 -0.3208293914794922 0.3940591812133789 -0.42220109701156616 0.26812100410461426 0.9456672072410583 0.18391479551792145 -0.14062868058681488 -0.43165409564971924 -0.05274471640586853 0.9004958271980286 0.2454458475112915
1305031457.159693 0.8503762483596802 -0.3320954740047455 0.4081333577632904 -0.43451154232025146 0.279619425535202 0.9422899484634399 0.18412718176841736 -0.14314810931682587 -0.445727676153183 -0.042455337941646576 0.8941612839698792 0.24776197969913483
1305031457.191735 0.8397489786148071 -0.3415580093860626 0.4220896363258362 -0.4485781490802765 0.289733350276947 0.939317524433136 0.18367677927017212 -0.1418566107749939 -0.45921245217323303 -0.03194887936115265 0.8877516984939575 0.24853967130184174
1305031457.227543 0.8286020755767822 -0.35555607080459595 0.43243324756622314 -0.46202942728996277 0.298542857170105 0.9340627193450928 0.1959570199251175 -0.1480623036623001 -0.47359344363212585 -0.03327047824859619 0.8801149725914001 0.25117769837379456
1305031457.259691 0.8183479309082031 -0.36816519498825073 0.44131743907928467 -0.46961846947669983 0.30778735876083374 0.9292270541191101 0.20446036756038666 -0.16515499353408813 -0.48535919189453125 -0.031487781554460526 0.8737475872039795 0.25299763679504395
1305031457.291656 0.8056708574295044 -0.37167197465896606 0.46125322580337524 -0.4853242039680481 0.3186558187007904 0.9283356666564941 0.19144512712955475 -0.1651066094636917 -0.4993525743484497 -0.0072607360780239105 0.8663683533668518 0.2510526180267334
1305031457.327548 0.7915391325950623 -0.37725505232810974 0.48077481985092163 -0.5021681785583496 0.32659661769866943 0.9260796308517456 0.18897436559200287 -0.16425089538097382 -0.5165272355079651 0.007438855245709419 0.8562384247779846 0.2475084811449051
1305031457.359712 0.7739500999450684 -0.3850916922092438 0.5026981830596924 -0.5203680992126465 0.33073171973228455 0.9227831959724426 0.19770589470863342 -0.1730160117149353 -0.5400165319442749 0.013243719935417175 0.8415502905845642 0.2511224150657654
1305031457.391684 0.7546584010124207 -0.3936602473258972 0.5249022841453552 -0.5374509692192078 0.34363511204719543 0.9186533689498901 0.19491277635097504 -0.1813438981771469 -0.5589326024055481 0.03328230604529381 0.8285448551177979 0.24980072677135468
1305031457.427641 0.7370301485061646 -0.4019125998020172 0.5433715581893921 -0.559113085269928 0.35565218329429626 0.9142916202545166 0.193861722946167 -0.1852377951145172 -0.5747156143188477 0.05036933720111847 0.8168015480041504 0.2520774304866791
1305031457.459614 0.728819727897644 -0.4095029830932617 0.5487524271011353 -0.5754202008247375 0.3637303411960602 0.9105608463287354 0.19641558825969696 -0.19378764927387238 -0.580105185508728 0.056446366012096405 0.8125833868980408 0.2515254616737366
1305031457.491705 0.7245058417320251 -0.4176363945007324 0.5483349561691284 -0.5860507488250732 0.3695824146270752 0.9068860411643982 0.20240193605422974 -0.2099345624446869 -0.5818076729774475 0.056013599038124084 0.8113953471183777 0.24650448560714722
1305031457.527638 0.718856692314148 -0.4184841513633728 0.5550820827484131 -0.5985766649246216 0.3739561140537262 0.9059133529663086 0.1986905038356781 -0.21918165683746338 -0.5860050320625305 0.06474634259939194 0.8077164888381958 0.24262472987174988
1305031457.559685 0.7095240950584412 -0.42135465145111084 0.5648325681686401 -0.6137808561325073 0.3808124363422394 0.9036898612976074 0.19577184319496155 -0.22716939449310303 -0.5929227471351624 0.07619044184684753 0.8016468286514282 0.23905998468399048
1305031457.591678 0.6987762451171875 -0.4212622344493866 0.5781435370445251 -0.6346794366836548 0.3850920498371124 0.9026306867599487 0.19225510954856873 -0.23188653588294983 -0.6028398275375366 0.08829519897699356 0.792961597442627 0.24130533635616302
1305031457.627526 0.6943339705467224 -0.42813554406166077 0.5784465074539185 -0.6438841819763184 0.3912472426891327 0.8991925120353699 0.19590407609939575 -0.24465341866016388 -0.6040082573890686 0.09029273688793182 0.7918468117713928 0.23970015347003937
1305031457.659632 0.6872559189796448 -0.4288248121738434 0.5863350629806519 -0.6643527746200562 0.3981597423553467 0.8974871039390564 0.1896989941596985 -0.24692362546920776 -0.6075758934020996 0.10308320820331573 0.7875440120697021 0.23804141581058502
1305031457.69157 0.6844402551651001 -0.43974149227142334 0.581523060798645 -0.6747170686721802 0.4019010663032532 0.8930584192276001 0.20229218900203705 -0.25739580392837524 -0.608290433883667 0.09525778144598007 0.7879776954650879 0.23829539120197296
1305031457.727669 0.6839155554771423 -0.44190120697021484 0.5805022716522217 -0.6819553375244141 0.3974893093109131 0.8929177522659302 0.21142418682575226 -0.27702295780181885 -0.611769437789917 0.08614712953567505 0.786331295967102 0.23849515616893768
1305031457.759556 0.6828709244728088 -0.43695351481437683 0.5854562520980835 -0.6922513246536255 0.393790066242218 0.8951723575592041 0.20879605412483215 -0.2894291877746582 -0.6153184771537781 0.08796603977680206 0.783355176448822 0.23847132921218872
1305031457.791567 0.6767635345458984 -0.4324261248111725 0.5958176851272583 -0.6975968480110168 0.39360713958740234 0.8964617252349854 0.20354284346103668 -0.3098815381526947 -0.6221450567245483 0.09676778316497803 0.7768986821174622 0.23746177554130554
1305031457.827699 0.6648800373077393 -0.42030537128448486 0.6174770593643188 -0.7176259160041809 0.39620837569236755 0.8992335200309753 0.18546700477600098 -0.3100737929344177 -0.6332088708877563 0.12133631855249405 0.7644109129905701 0.23497231304645538
1305031457.859623 0.6560273170471191 -0.42012012004852295 0.626998782157898 -0.723375678062439 0.39400655031204224 0.8991996049880981 0.19025996327400208 -0.32471343874931335 -0.6437291502952576 0.12222584336996078 0.7554295659065247 0.23523369431495667
1305031457.891593 0.642851710319519 -0.41293343901634216 0.6451570391654968 -0.7342799305915833 0.39077332615852356 0.901201069355011 0.1874377429485321 -0.3476640582084656 -0.6588155031204224 0.13161545991897583 0.7407020330429077 0.24342116713523865
1305031457.927633 0.6318706274032593 -0.40239739418029785 0.6624317169189453 -0.7522013187408447 0.403283953666687 0.9005546569824219 0.1623677760362625 -0.35064801573753357 -0.6618923544883728 0.16455265879631042 0.7313145995140076 0.24704140424728394
1305031457.959632 0.623772382736206 -0.39858293533325195 0.6723389625549316 -0.7703768610954285 0.409879207611084 0.8992455005645752 0.15282844007015228 -0.35803768038749695 -0.6655125021934509 0.18024760484695435 0.724295437335968 0.2560509145259857
1305031457.991644 0.6229674220085144 -0.3954455852508545 0.6749328970909119 -0.7730989456176758 0.4123266935348511 0.8992167115211487 0.14627400040626526 -0.37145641446113586 -0.664754331111908 0.1871689260005951 0.7232353687286377 0.26146069169044495
1305031458.027845 0.6170989871025085 -0.3883426785469055 0.6843819618225098 -0.7775841355323792 0.41392993927001953 0.8998812437057495 0.13738900423049927 -0.388059139251709 -0.669216513633728 0.19850356876850128 0.7160624861717224 0.26610374450683594
1305031458.059689 0.6082768440246582 -0.37673506140708923 0.698620080947876 -0.7939474582672119 0.4221905767917633 0.8989059925079346 0.1171460896730423 -0.380819708108902 -0.672126829624176 0.2236935794353485 0.705837607383728 0.2723032832145691
1305031458.09169 0.6001923680305481 -0.37872469425201416 0.7045116424560547 -0.8009827733039856 0.42506641149520874 0.8971515893936157 0.1201566755771637 -0.38345181941986084 -0.677560031414032 0.22734706103801727 0.6994467973709106 0.2843490242958069
1305031458.127605 0.5914245247840881 -0.38250967860221863 0.7098615169525146 -0.8075566291809082 0.4238198697566986 0.8963819146156311 0.12990887463092804 -0.39855459332466125 -0.6859984993934631 0.22402209043502808 0.6922574043273926 0.2997790575027466
1305031458.159638 0.5818819403648376 -0.3813042640686035 0.718345582485199 -0.8190722465515137 0.42297568917274475 0.8963057994842529 0.13314399123191833 -0.41362428665161133 -0.6946257948875427 0.22636860609054565 0.6828266978263855 0.32053232192993164
1305031458.191646 0.5766222476959229 -0.38099291920661926 0.7227386236190796 -0.8331542611122131 0.43099305033683777 0.8933622241020203 0.12707841396331787 -0.40833115577697754 -0.6940834522247314 0.23821908235549927 0.6793379187583923 0.3395519554615021
1305031458.227611 0.5775263905525208 -0.3940781354904175 0.7149585485458374 -0.8375869989395142 0.4298047125339508 0.8913465142250061 0.14411549270153046 -0.42147278785705566 -0.6940684914588928 0.22406210005283356 0.6841527819633484 0.3563856780529022
1305031458.259934 0.5775354504585266 -0.40159913897514343 0.710753858089447 -0.8346937298774719 0.42148852348327637 0.8923020958900452 0.1616920679807663 -0.45838382840156555 -0.699142575263977 0.206191748380661 0.6846054792404175 0.3800532817840576
1305031458.291664 0.5798341631889343 -0.3890532851219177 0.715842068195343 -0.8477421998977661 0.4255428910255432 0.8938674926757812 0.14111745357513428 -0.46230265498161316 -0.6947702169418335 0.22279679775238037 0.6838537454605103 0.40028828382492065
1305031458.327628 0.5843239426612854 -0.391870379447937 0.7106356620788574 -0.8508471250534058 0.4318311810493469 0.8915563821792603 0.13656124472618103 -0.4704211950302124 -0.6870861649513245 0.2270786017179489 0.6901795864105225 0.4184267222881317
1305031458.35959 0.5878957509994507 -0.39004963636398315 0.7086888551712036 -0.8451789021492004 0.4348514974117279 0.8911101818084717 0.12971828877925873 -0.49358880519866943 -0.6821164488792419 0.23191359639167786 0.6934935450553894 0.4367361068725586
1305031458.391626 0.5894210934638977 -0.3789811134338379 0.7134116291999817 -0.8507667779922485 0.44651034474372864 0.8888019323348999 0.10324558615684509 -0.4928959608078003 -0.6732097268104553 0.2576904594898224 0.6930975317955017 0.4500216841697693
1305031458.427598 0.585077166557312 -0.3782769441604614 0.7173500657081604 -0.8478868007659912 0.46435821056365967 0.8814544677734375 0.08607852458953857 -0.48892903327941895 -0.6648730635643005 0.28274479508399963 0.6913750767707825 0.46363693475723267
1305031458.459637 0.5758674144744873 -0.37927454710006714 0.724242627620697 -0.834030270576477 0.4795147478580475 0.8741909265518188 0.07652313262224197 -0.5018828511238098 -0.6621497273445129 0.3032178282737732 0.6852860450744629 0.4706987142562866
1305031458.491696 0.5615826845169067 -0.3445405662059784 0.7522743940353394 -0.8314871191978455 0.4843153953552246 0.874034583568573 0.03875868022441864 -0.49981430172920227 -0.6708676815032959 0.34257182478904724 0.657709002494812 0.4889122247695923
1305031458.527737 0.5454844236373901 -0.3142492175102234 0.7769775390625 -0.8400564193725586 0.48554909229278564 0.874117910861969 0.01265331357717514 -0.4921312928199768 -0.6831462383270264 0.37035855650901794 0.6294012665748596 0.5084646344184875
1305031458.559628 0.5341771841049194 -0.2930894196033478 0.7929397225379944 -0.8372800350189209 0.48168742656707764 0.8763428926467896 -0.0005794893950223923 -0.4830055832862854 -0.6947174072265625 0.3822585642337799 0.609299898147583 0.5327953100204468
1305031458.591641 0.5270819067955017 -0.2679663300514221 0.8064606189727783 -0.8357696533203125 0.47231224179267883 0.8812886476516724 -0.015861233696341515 -0.48367708921432495 -0.7064744234085083 0.3892613351345062 0.5910750031471252 0.5596559047698975
1305031458.627659 0.5304487347602844 -0.2500583529472351 0.8099969625473022 -0.8372765779495239 0.46939414739608765 0.8822941184043884 -0.035017967224121094 -0.45468848943710327 -0.7058991193771362 0.39878299832344055 0.5853877663612366 0.5856049060821533
1305031458.659623 0.5317987203598022 -0.26120781898498535 0.8055810928344727 -0.8399320840835571 0.46495142579078674 0.8851116299629211 -0.019938932731747627 -0.463558554649353 -0.7078210115432739 0.3851594626903534 0.5921502113342285 0.606673002243042
1305031458.691674 0.5592305064201355 -0.26129043102264404 0.786758303642273 -0.8409486413002014 0.4468545615673065 0.8943694829940796 -0.02059650607407093 -0.46467092633247375 -0.6982710957527161 0.36308473348617554 0.6169175505638123 0.6254103779792786
1305031458.72765 0.583067774772644 -0.25804799795150757 0.770352840423584 -0.8300408124923706 0.435781329870224 0.899601399898529 -0.028492959216237068 -0.46816182136535645 -0.6856579184532166 0.352318674325943 0.6369808912277222 0.6421850919723511
1305031458.759945 0.6133685111999512 -0.23499853909015656 0.7540258169174194 -0.8280614018440247 0.416486918926239 0.9074159264564514 -0.05599083751440048 -0.4610708951950073 -0.6710573434829712 0.34838494658470154 0.6544539928436279 0.6583068370819092
1305031458.791632 0.6426379680633545 -0.2247346192598343 0.7324691414833069 -0.819675624370575 0.40033620595932007 0.9136196374893188 -0.07092354446649551 -0.44902893900871277 -0.6532592177391052 0.33881211280822754 0.677095890045166 0.6752743721008301
1305031458.827564 0.6623775362968445 -0.2333291471004486 0.7119084000587463 -0.7999576926231384 0.39609527587890625 0.9156560301780701 -0.06842922419309616 -0.44427162408828735 -0.6358968019485474 0.3273095488548279 0.6989306807518005 0.6828108429908752
1305031458.859887 0.67123943567276 -0.23336702585220337 0.7035463452339172 -0.7902162671089172 0.3910059928894043 0.9178276062011719 -0.06860650330781937 -0.4555882215499878 -0.629723846912384 0.3211422264575958 0.7073299884796143 0.6850660443305969
1305031458.891665 0.6741231679916382 -0.2100251466035843 0.7081296443939209 -0.7875003814697266 0.38045594096183777 0.9204894304275513 -0.0891760066151619 -0.4443053901195526 -0.6330966949462891 0.32952770590782166 0.7004286646842957 0.6942798495292664
1305031458.927621 0.6610376834869385 -0.21735849976539612 0.7181816101074219 -0.7912936806678772 0.3914363384246826 0.9164612889289856 -0.08292259275913239 -0.44039633870124817 -0.6401617527008057 0.3359372615814209 0.690897524356842 0.7042915225028992
1305031458.959617 0.6425829529762268 -0.24604502320289612 0.7256370782852173 -0.791665256023407 0.4138078987598419 0.9084892272949219 -0.05839924514293671 -0.4491991400718689 -0.6448646187782288 0.3378007113933563 0.6855950355529785 0.7147434949874878
1305031458.991647 0.6306092739105225 -0.25360891222953796 0.7334948182106018 -0.7872291803359985 0.4198841154575348 0.906327486038208 -0.04762144014239311 -0.4768507182598114 -0.6527093052864075 0.33801326155662537 0.6780248880386353 0.7313627600669861
1305031459.027665 0.6291612982749939 -0.23807665705680847 0.7399160265922546 -0.8051404356956482 0.41980281472206116 0.9052347540855408 -0.06569447368383408 -0.4882047176361084 -0.6541573405265808 0.3519512712955475 0.6694837212562561 0.746362030506134
1305031459.059631 0.629141628742218 -0.23960784077644348 0.7394381761550903 -0.8116790056228638 0.43670138716697693 0.8959304094314575 -0.08124426007270813 -0.5015140175819397 -0.6430184245109558 0.3740278482437134 0.6683042049407959 0.7746054530143738
1305031459.09165 0.6358126997947693 -0.24605654180049896 0.7315724492073059 -0.8314842581748962 0.4565858840942383 0.8841022253036499 -0.09946249425411224 -0.5239988565444946 -0.6223113536834717 0.39726522564888 0.6744693517684937 0.7929379343986511
1305031459.127618 0.6702523827552795 -0.24063272774219513 0.7020381689071655 -0.8261359930038452 0.4647856652736664 0.8735840320587158 -0.14430955052375793 -0.5228855609893799 -0.5785636901855469 0.4230211675167084 0.6973643898963928 0.8126675486564636
1305031459.159639 0.6943603157997131 -0.24646714329719543 0.676104724407196 -0.851317286491394 0.46956706047058105 0.8671231269836426 -0.16614499688148499 -0.5439836382865906 -0.545316755771637 0.43284106254577637 0.7178288698196411 0.8208774924278259
1305031459.191674 0.7161701321601868 -0.2515100836753845 0.6510322093963623 -0.8548865914344788 0.47488173842430115 0.8591910600662231 -0.19046811759471893 -0.545768141746521 -0.5114564299583435 0.4455708861351013 0.734764575958252 0.831778347492218
1305031459.227607 0.7246711254119873 -0.2690857946872711 0.6343852281570435 -0.8542240262031555 0.49307647347450256 0.845590353012085 -0.20457898080348969 -0.5445971488952637 -0.4813807010650635 0.46105295419692993 0.7454547882080078 0.8433818817138672
1305031459.25976 0.723993718624115 -0.28598344326019287 0.6277312636375427 -0.8504589200019836 0.5094318389892578 0.8352339863777161 -0.20703496038913727 -0.5396155118942261 -0.4650939404964447 0.4696783125400543 0.7503931522369385 0.8496443033218384
1305031459.29169 0.7060202360153198 -0.3072918653488159 0.6380494832992554 -0.8333848118782043 0.5374783277511597 0.819164514541626 -0.20021633803844452 -0.5286873579025269 -0.4611426293849945 0.4842945337295532 0.7435094118118286 0.8623833656311035
1305031459.327632 0.6665256023406982 -0.32589206099510193 0.6704760193824768 -0.8496268391609192 0.5666055083274841 0.8059371709823608 -0.17153267562389374 -0.5363341569900513 -0.48446035385131836 0.494226336479187 0.7218299508094788 0.8628712296485901
1305031459.359651 0.6167101860046387 -0.33607497811317444 0.7118442058563232 -0.8553816676139832 0.6048024296760559 0.7811065316200256 -0.15519893169403076 -0.5319505333900452 -0.5038676857948303 0.5262379050254822 0.6849752068519592 0.8808780908584595
1305031459.391667 0.554068922996521 -0.34919559955596924 0.7556917667388916 -0.8757763504981995 0.6478850245475769 0.7508991956710815 -0.12804469466209412 -0.512908935546875 -0.5227356553077698 0.5605470538139343 0.6422884464263916 0.902651846408844
1305031459.427646 0.4683998227119446 -0.413213312625885 0.7809330821037292 -0.8696614503860474 0.710992693901062 0.7010034918785095 -0.05552970618009567 -0.5156394243240356 -0.5244911909103394 0.581247866153717 0.6221414804458618 0.8900657892227173
1305031459.459679 0.37086406350135803 -0.4335552453994751 0.821273148059845 -0.8697050213813782 0.7602288126945496 0.649655282497406 -0.0003410428762435913 -0.5168773531913757 -0.5333966612815857 0.6244821548461914 0.5705350041389465 0.9163094162940979
1305031459.491555 0.28157687187194824 -0.4570167064666748 0.843712329864502 -0.8927991986274719 0.8040211200714111 0.5922792553901672 0.05249159410595894 -0.5146397948265076 -0.52370285987854 0.6635819673538208 0.5342230796813965 0.9332172274589539
1305031459.527594 0.2107163816690445 -0.4807409942150116 0.8511679172515869 -0.8939614295959473 0.8290026187896729 0.549296498298645 0.10501449555158615 -0.5096180438995361 -0.5180283784866333 0.6834921836853027 0.5142812132835388 0.9514069557189941
1305031459.559647 0.1589924693107605 -0.48345863819122314 0.8608073592185974 -0.9090265035629272 0.8440065979957581 0.5189201831817627 0.13555389642715454 -0.5121506452560425 -0.5122249722480774 0.7049749493598938 0.49054664373397827 0.9646039605140686
1305031459.591695 0.12180542945861816 -0.47959864139556885 0.8689929246902466 -0.9199939370155334 0.8538877367973328 0.4969685673713684 0.15458974242210388 -0.5146583318710327 -0.5060032606124878 0.7231925129890442 0.47005677223205566 0.9901242256164551
1305031459.627608 0.10179400444030762 -0.488386869430542 0.8666696548461914 -0.9295605421066284 0.8590541481971741 0.48248153924942017 0.17098915576934814 -0.5259461402893066 -0.5016610026359558 0.7271106839179993 0.4686645269393921 1.0036967992782593
1305031459.659641 0.09389246255159378 -0.4823170602321625 0.8709502816200256 -0.9298465251922607 0.8599463701248169 0.48010867834091187 0.17316961288452148 -0.5207910537719727 -0.5016735792160034 0.7327114939689636 0.4598453640937805 1.0139693021774292
1305031459.691604 0.0648418664932251 -0.47849225997924805 0.8756943345069885 -0.9405266046524048 0.8564185500144958 0.4771028757095337 0.19728146493434906 -0.5273627638816833 -0.5121939778327942 0.7371689677238464 0.4407259225845337 1.0319247245788574
1305031459.727551 0.03656286746263504 -0.4903547465801239 0.870755672454834 -0.9483221769332886 0.8522313237190247 0.47034332156181335 0.22908270359039307 -0.5536438226699829 -0.5218859314918518 0.733709454536438 0.4350927770137787 1.0356993675231934
1305031459.759635 0.024390947073698044 -0.48503273725509644 0.8741558194160461 -0.9562574625015259 0.8441608548164368 0.47841206192970276 0.24189697206020355 -0.5756499767303467 -0.535534679889679 0.7320281267166138 0.42111459374427795 1.043033480644226
1305031459.79165 0.01909530907869339 -0.4794917106628418 0.8773386478424072 -0.9648992419242859 0.8384763598442078 0.48565563559532166 0.24717582762241364 -0.5939778089523315 -0.5446034073829651 0.7309079170227051 0.4113161563873291 1.056566834449768
1305031459.827664 0.0170959010720253 -0.4780738353729248 0.878153383731842 -0.9718048572540283 0.8343749642372131 0.4907655417919159 0.25093314051628113 -0.6105809211730957 -0.550931990146637 0.7284192442893982 0.40728288888931274 1.069856882095337
1305031459.85966 0.016825709491968155 -0.4837237298488617 0.8750591278076172 -0.9778648614883423 0.8318570852279663 0.49233537912368774 0.25616300106048584 -0.6259880065917969 -0.5547347068786621 0.7236139178276062 0.4106729030609131 1.0829172134399414
1305031459.891596 0.01505371555685997 -0.49764469265937805 0.867250382900238 -0.9774594306945801 0.8334587216377258 0.48540249466896057 0.26406601071357727 -0.6452859044075012 -0.5523766279220581 0.7188422083854675 0.4220733940601349 1.0911610126495361
1305031459.927607 0.015783488750457764 -0.5032455325126648 0.8639993667602539 -0.9781162738800049 0.8357990980148315 0.48092854022979736 0.2648535966873169 -0.6619704365730286 -0.5488084554672241 0.7179497480392456 0.4282028377056122 1.0992757081985474
1305031459.95965 0.01375782024115324 -0.5049675107002258 0.8630287647247314 -0.977630615234375 0.8395797610282898 0.47460058331489563 0.26431000232696533 -0.6708036661148071 -0.5430620312690735 0.7209452390670776 0.43049001693725586 1.1093029975891113
1305031459.991725 0.009995353408157825 -0.5161826014518738 0.8564202189445496 -0.9758983850479126 0.8432915210723877 0.4646061062812805 0.27018579840660095 -0.6853809952735901 -0.5373634099960327 0.7195113897323608 0.4399363398551941 1.1128627061843872
1305031460.027565 0.003524377942085266 -0.5238174200057983 0.8518232703208923 -0.9732626676559448 0.8463671803474426 0.45523908734321594 0.2764415144920349 -0.704027533531189 -0.5325883030891418 0.7199810743331909 0.4449463486671448 1.1159110069274902
1305031460.059659 -0.009980523958802223 -0.5233771800994873 0.8520427346229553 -0.9764370918273926 0.8441931009292603 0.4522842466831207 0.287709504365921 -0.7299396395683289 -0.535946249961853 0.7221602201461792 0.4373173415660858 1.1260651350021362
1305031460.091717 -0.011164641939103603 -0.5231646299362183 0.8521584868431091 -0.9752016067504883 0.8511347770690918 0.4423207640647888 0.28270459175109863 -0.7442349791526794 -0.5248283743858337 0.7284581065177917 0.44034522771835327 1.1369601488113403
1305031460.12769 -0.008875051513314247 -0.5281348824501038 0.8491140604019165 -0.9691166877746582 0.8661631941795349 0.42026057839393616 0.27044832706451416 -0.7616535425186157 -0.49968236684799194 0.7378717660903931 0.45372119545936584 1.139458179473877
1305031460.159678 -0.007063141092658043 -0.5210090279579163 0.8535219430923462 -0.9695879817008972 0.8757222294807434 0.4088471233844757 0.25681638717651367 -0.7726895809173584 -0.4827636182308197 0.7492620944976807 0.45337143540382385 1.1552488803863525
1305031460.191559 -0.004448287189006805 -0.5302984714508057 0.8477993607521057 -0.9640198945999146 0.8861748576164246 0.39072784781455994 0.24904990196228027 -0.7775475978851318 -0.4633294939994812 0.7524063587188721 0.4681991636753082 1.156609296798706
1305031460.227761 -0.00043513253331184387 -0.5390560626983643 0.8422697186470032 -0.9451315402984619 0.8941192626953125 0.37698274850845337 0.24173247814178467 -0.7746166586875916 -0.447828471660614 0.7531948685646057 0.48181644082069397 1.1484965085983276
1305031460.259667 -0.016915597021579742 -0.5319555401802063 0.846603274345398 -0.9458488821983337 0.8896071314811707 0.37850421667099 0.25560450553894043 -0.7927572727203369 -0.4564131796360016 0.757468044757843 0.46682876348495483 1.1511204242706299
1305031460.291689 -0.029444079846143723 -0.5237875580787659 0.8513399362564087 -0.9408338069915771 0.8851047158241272 0.3820936679840088 0.2656953036785126 -0.7992138266563416 -0.46445947885513306 0.7613481283187866 0.4523564279079437 1.1557673215866089
1305031460.327512 -0.045282505452632904 -0.5173806548118591 0.8545565009117126 -0.9326914548873901 0.8833706974983215 0.37871599197387695 0.27609825134277344 -0.8082757592201233 -0.46648213267326355 0.767392635345459 0.43988972902297974 1.158727765083313
1305031460.35963 -0.06842824071645737 -0.511162519454956 0.8567558526992798 -0.9285910129547119 0.8785451650619507 0.3760472238063812 0.2945280075073242 -0.8198255300521851 -0.472732275724411 0.7728526592254639 0.423347145318985 1.1665129661560059
1305031460.391611 -0.09035146981477737 -0.5122870206832886 0.8540483713150024 -0.9240487813949585 0.8732188940048218 0.3716019093990326 0.31527888774871826 -0.8298317790031433 -0.4788792133331299 0.7742571234703064 0.41376397013664246 1.16602623462677
1305031460.427477 -0.11746081709861755 -0.5079228281974792 0.8533565402030945 -0.9179577231407166 0.8695104122161865 0.36251887679100037 0.3354576528072357 -0.8418861627578735 -0.47974443435668945 0.7814054489135742 0.3990624248981476 1.1679149866104126
1305031460.45962 -0.14708371460437775 -0.5020575523376465 0.8522351384162903 -0.9117072224617004 0.8618249297142029 0.35778382420539856 0.3595116436481476 -0.8496283292770386 -0.48541146516799927 0.7873557806015015 0.380061537027359 1.1724462509155273
1305031460.491504 -0.17792940139770508 -0.5005443692207336 0.8472287058830261 -0.9089044332504272 0.8573364019393921 0.3437621593475342 0.3831474483013153 -0.8507264256477356 -0.4830274283885956 0.7945333123207092 0.3679695427417755 1.1736544370651245
1305031460.52757 -0.21379610896110535 -0.5001748204231262 0.8391163945198059 -0.9034002423286438 0.8483328819274902 0.33085596561431885 0.41335880756378174 -0.8607794046401978 -0.48437827825546265 0.8002247214317322 0.3535791337490082 1.1813608407974243
1305031460.559647 -0.23446714878082275 -0.500543475151062 0.8333554267883301 -0.8943946361541748 0.840126633644104 0.32696524262428284 0.43275946378707886 -0.8643868565559387 -0.48909324407577515 0.8015921115875244 0.3438573479652405 1.1853007078170776
1305031460.591855 -0.26083412766456604 -0.4998233914375305 0.825918972492218 -0.8908093571662903 0.8273919224739075 0.32504281401634216 0.45800623297691345 -0.8840958476066589 -0.497381329536438 0.8028223514556885 0.3287676274776459 1.190312385559082
1305031460.627625 -0.28051164746284485 -0.49863311648368835 0.8201696276664734 -0.8831149339675903 0.8198347091674805 0.3199160695075989 0.47489434480667114 -0.8937857151031494 -0.4991835057735443 0.8056170344352722 0.31905660033226013 1.1916148662567139
1305031460.659764 -0.29437270760536194 -0.4940733313560486 0.8180686235427856 -0.8785158395767212 0.8098797798156738 0.3254907727241516 0.48800650238990784 -0.9043657779693604 -0.5073847770690918 0.8061931133270264 0.3043244183063507 1.1986134052276611
1305031460.691671 -0.30803048610687256 -0.491727352142334 0.814445436000824 -0.8759794235229492 0.8015831112861633 0.3269527852535248 0.5005660057067871 -0.9161186218261719 -0.5124272704124451 0.8070353269577026 0.2934489846229553 1.210411787033081
1305031460.727675 -0.31379926204681396 -0.5004446506500244 0.8068985342979431 -0.867324948310852 0.7971667051315308 0.3228025734424591 0.5102192163467407 -0.9244173169136047 -0.5158053636550903 0.8033391237258911 0.2976425886154175 1.2115001678466797
1305031460.759667 -0.32617422938346863 -0.4996538758277893 0.8024689555168152 -0.8591914176940918 0.7873380780220032 0.32622021436691284 0.5231436491012573 -0.9359631538391113 -0.5231724381446838 0.8024502396583557 0.2869918644428253 1.2184278964996338
1305031460.79166 -0.3337967097759247 -0.49927958846092224 0.7995621562004089 -0.8529103398323059 0.7798885703086853 0.3301684558391571 0.5317542552947998 -0.9451087713241577 -0.5294843316078186 0.8010671734809875 0.2791733145713806 1.2269017696380615
1305031460.82766 -0.3324052393436432 -0.5053038597106934 0.7963509559631348 -0.8469036817550659 0.7756620645523071 0.3338642716407776 0.535614550113678 -0.9493768215179443 -0.5365211963653564 0.7957403063774109 0.28096675872802734 1.2312595844268799
1305031460.859714 -0.33983248472213745 -0.5128368735313416 0.7883604764938354 -0.8381199836730957 0.7652941346168518 0.33644700050354004 0.548751711845398 -0.9582881927490234 -0.5466617345809937 0.7898112535476685 0.27813535928726196 1.236237645149231
1305031460.891774 -0.34849488735198975 -0.5216209888458252 0.7787573337554932 -0.8286985158920288 0.7521734833717346 0.3401123881340027 0.5644099712371826 -0.9700559377670288 -0.5592731237411499 0.7824545502662659 0.2738220989704132 1.2410098314285278
1305031460.927562 -0.35384601354599 -0.5273104310035706 0.7724873423576355 -0.8182220458984375 0.7440295219421387 0.3417794406414032 0.5741139054298401 -0.9775639772415161 -0.5667566061019897 0.7779013514518738 0.27139726281166077 1.2497042417526245
1305031460.959649 -0.3635660409927368 -0.5351852178573608 0.7624937295913696 -0.8035773038864136 0.7388603091239929 0.33284521102905273 0.5859176516532898 -0.9904710054397583 -0.567366898059845 0.7763960361480713 0.27441591024398804 1.250428557395935
1305031460.991668 -0.36847227811813354 -0.531985342502594 0.7623777389526367 -0.7928832173347473 0.735405683517456 0.3348652720451355 0.5891042947769165 -0.9983007907867432 -0.5686887502670288 0.7777253985404968 0.26783642172813416 1.2510172128677368
1305031461.02762 -0.37565457820892334 -0.5298087000846863 0.7603857517242432 -0.7812777161598206 0.7325797080993652 0.33278143405914307 0.593787431716919 -1.0092082023620605 -0.5676360726356506 0.7801020741462708 0.2631162405014038 1.253683090209961
1305031461.059662 -0.3778323531150818 -0.5215773582458496 0.7649835348129272 -0.7733848094940186 0.7328606843948364 0.3364543616771698 0.5913660526275635 -1.0157506465911865 -0.5658252239227295 0.7840635776519775 0.25512009859085083 1.2605361938476562
1305031461.091728 -0.37427467107772827 -0.526138186454773 0.763607919216156 -0.7646632194519043 0.7340268492698669 0.3351183831691742 0.5906777381896973 -1.0200703144073486 -0.5666772127151489 0.7815845608711243 0.2607732117176056 1.2641443014144897
