0.1037359 0.9999939799308777 -0.002098466269671917 -0.0027637421153485775 -0.0010415212018415332 0.002091136993840337 0.9999942183494568 -0.0026521263644099236 0.00023360323393717408 0.002769291866570711 0.002646330976858735 0.9999926686286926 0.04154075309634209
0.2073381 0.9999779462814331 -0.0009651655564084649 -0.0065650977194309235 -0.0018556141294538975 0.000936196418479085 0.9999898076057434 -0.004414206370711327 0.00016089261043816805 0.006569290533661842 0.004407964181154966 0.9999687075614929 0.08330876380205154
0.3110752 0.9999449849128723 -0.0008319572662003338 -0.010461047291755676 -0.0026495717465877533 0.0007716051186434925 0.999983012676239 -0.005771945230662823 -0.0001254397793672979 0.010465670377016068 0.005763554945588112 0.9999285936355591 0.12585146725177765
0.4146917 0.9998846054077148 0.0005393953179009259 -0.01517887506633997 -0.0038564454298466444 -0.0006343356799334288 0.9999802708625793 -0.0062506599351763725 -0.0005920937401242554 0.015175200998783112 0.006259567569941282 0.9998652338981628 0.16923817992210388
0.5184302 0.9998175501823425 -0.0006219391943886876 -0.019094442948698997 -0.005431581288576126 0.0004940261133015156 0.9999774694442749 -0.0067029474303126335 -0.0009503961773589253 0.019098177552223206 0.006692289840430021 0.9997952580451965 0.21313360333442688
0.6220448 0.9997311234474182 0.001335994340479374 -0.02314751408994198 -0.007310505956411362 -0.001511155511252582 0.9999703764915466 -0.00755132595077157 -0.001857729279436171 0.023136742413043976 0.007584276143461466 0.9997035264968872 0.25792396068573
0.7257977 0.9996046423912048 0.004111355170607567 -0.027813106775283813 -0.009346896782517433 -0.004342630971223116 0.9999563694000244 -0.008260032162070274 -0.002316530793905258 0.027777936309576035 0.008377551101148129 0.9995789527893066 0.30393150448799133
0.8294199 0.9994832277297974 0.004405809100717306 -0.03183995932340622 -0.011432580649852753 -0.004624278750270605 0.9999661445617676 -0.006791095249354839 -0.0027189459651708603 0.031808964908123016 0.006934822537004948 0.9994699954986572 0.35122135281562805
0.9331467 0.9993226528167725 0.0035360651090741158 -0.036628611385822296 -0.0132624302059412 -0.0036487909965217113 0.9999887347221375 -0.003011146793141961 -0.004226320423185825 0.03661755844950676 0.0031427566427737474 0.999324381351471 0.3996132016181946
1.03691 0.999243438243866 0.0032823318615555763 -0.038751158863306046 -0.016360485926270485 -0.00333694601431489 0.9999935030937195 -0.0013447364326566458 -0.0037501417100429535 0.03874649479985237 0.0014730297261849046 0.9992480278015137 0.44662272930145264
1.140497 0.9991300106048584 0.004583417903631926 -0.04145224764943123 -0.018855232745409012 -0.004675105679780245 0.9999868273735046 -0.002115203533321619 -0.0040978239849209785 0.04144200682640076 0.0023071570321917534 0.9991382956504822 0.4958969056606293
1.244242 0.9990584850311279 0.003934421576559544 -0.043207790702581406 -0.021652229130268097 -0.004020955413579941 0.9999900460243225 -0.0019159968942403793 -0.004949958063662052 0.043199826031923294 0.0020879292860627174 0.9990643262863159 0.5445868372917175
1.347979 0.9989932179450989 0.000867032737005502 -0.04485281929373741 -0.023879559710621834 -0.0009658877970650792 0.999997079372406 -0.0021823521237820387 -0.005682188086211681 0.04485079646110535 0.0022234779316931963 0.9989912509918213 0.5943024158477783
1.451596 0.9989193677902222 0.0009769713506102562 -0.04646456986665726 -0.026959188282489777 -0.0010803912300616503 0.9999969601631165 -0.0022007175721228123 -0.005207493435591459 0.0464622788131237 0.002248539822176099 0.9989174604415894 0.6449034214019775
1.555212 0.9988803863525391 -0.0002334107120987028 -0.04730451852083206 -0.029974989593029022 8.865359268384054e-05 0.9999952912330627 -0.003062183503061533 -0.0053494833409786224 0.047305021435022354 0.00305456155911088 0.9988757967948914 0.6958840489387512
1.65896 0.9987958073616028 0.001647450728341937 -0.04903396591544151 -0.03316742926836014 -0.001869570231065154 0.9999881386756897 -0.004484383389353752 -0.006665907800197601 0.0490260124206543 0.004570654593408108 0.998786985874176 0.7471376061439514
1.762569 0.9987456202507019 0.002159956842660904 -0.05002490058541298 -0.03641059994697571 -0.0025307927280664444 0.9999697208404541 -0.0073508620262146 -0.007010999135673046 0.05000751465559006 0.007468244060873985 0.9987208843231201 0.7988971471786499
1.866302 0.9986466765403748 0.006102395243942738 -0.05165085569024086 -0.0399918369948864 -0.006551757454872131 0.9999421238899231 -0.00853513740003109 -0.008227064274251461 0.0515957772731781 0.00886198878288269 0.9986287355422974 0.851279616355896
1.969923 0.9985898733139038 0.006821861490607262 -0.05264746770262718 -0.04314306750893593 -0.007244217209517956 0.9999430775642395 -0.007835672236979008 -0.009206798858940601 0.05259101465344429 0.008206012658774853 0.9985824227333069 0.9043737053871155
2.073666 0.9985480308532715 0.006169017404317856 -0.05351276323199272 -0.046772267669439316 -0.006521729286760092 0.9999580979347229 -0.00641903281211853 -0.010089840739965439 0.053470924496650696 0.006758709438145161 0.9985465407371521 0.9573696851730347
2.177281 0.9984725117683411 0.0070578609593212605 -0.054796747863292694 -0.050092462450265884 -0.007380514405667782 0.9999566078186035 -0.005688039120286703 -0.01031380333006382 0.05475422367453575 0.006083780433982611 0.9984813332557678 1.0112791061401367
2.281017 0.998451828956604 0.006252023857086897 -0.05527014657855034 -0.05382933095097542 -0.006546592339873314 0.9999653100967407 -0.005150164477527142 -0.011489668861031532 0.05523601174354553 0.005504023749381304 0.9984580874443054 1.064903736114502
2.384639 0.9983323216438293 0.006183695513755083 -0.057395678013563156 -0.05675232410430908 -0.00655510276556015 0.9999588131904602 -0.00628496753051877 -0.012114616110920906 0.05735445395112038 0.006650721654295921 0.9983317255973816 1.119238257408142
2.48825 0.9983218908309937 0.004472821950912476 -0.057735513895750046 -0.06034526228904724 -0.004866569768637419 0.9999657869338989 -0.006681047845631838 -0.013073259964585304 0.05770367383956909 0.006950809620320797 0.9983095526695251 1.1728259325027466
2.591988 0.998314380645752 0.004078234545886517 -0.057893916964530945 -0.06384722143411636 -0.004368036985397339 0.9999785423278809 -0.004880073945969343 -0.013500746339559555 0.05787278339266777 0.0051247309893369675 0.9983107447624207 1.228293776512146
2.695832 0.9982873201370239 0.005900022108107805 -0.05820472165942192 -0.06735207140445709 -0.006012431345880032 0.9999802708625793 -0.0017563099972903728 -0.014512540772557259 0.058193206787109375 0.002103253500536084 0.9983031153678894 1.2831096649169922
2.799367 0.9983169436454773 0.007249017246067524 -0.057539209723472595 -0.07052519172430038 -0.007126090116798878 0.9999718070030212 0.0023413067683577538 -0.015589781105518341 0.05755455419421196 -0.001927336910739541 0.9983404874801636 1.3386101722717285
2.903084 0.9984219074249268 0.005594510585069656 -0.05587879568338394 -0.07360636442899704 -0.005314387381076813 0.9999725222587585 0.00516040762886405 -0.01584712229669094 0.055906131863594055 -0.004855302628129721 0.998424232006073 1.3948743343353271
3.006768 0.9985049962997437 0.005047725513577461 -0.054428473114967346 -0.07712341099977493 -0.0047266483306884766 0.999970555305481 0.006026191171258688 -0.016418781131505966 0.05445731058716774 -0.005759917665272951 0.9984995126724243 1.451145887374878
3.110441 0.9986076354980469 0.006486759055405855 -0.05235157534480095 -0.08076245337724686 -0.0063584730960428715 0.9999763369560242 0.0026166646275669336 -0.01631850376725197 0.05236731842160225 -0.0022801458835601807 0.9986252784729004 1.5070632696151733
3.214057 0.9986735582351685 0.0071867541410028934 -0.05098451301455498 -0.0844869539141655 -0.007308474741876125 0.9999708533287048 -0.0022013732232153416 -0.016727007925510406 0.05096720904111862 0.0025710726622492075 0.99869704246521 1.5640437602996826
3.317669 0.9987132549285889 0.006569047924131155 -0.05028407648205757 -0.08692537248134613 -0.006838308647274971 0.999963104724884 -0.00518459640443325 -0.01718384400010109 0.0502481646835804 0.005521783139556646 0.9987215995788574 1.619986653327942
3.421285 0.9987503886222839 0.0044766743667423725 -0.04977406561374664 -0.08971637487411499 -0.004672994837164879 0.999981701374054 -0.0038285721093416214 -0.018089964985847473 0.049756016582250595 0.004056381527334452 0.9987532496452332 1.6769380569458008
3.524925 0.9987609386444092 0.002553189406171441 -0.04969754070043564 -0.09237869828939438 -0.002512966515496373 0.999996542930603 0.0008718137978576124 -0.01869395561516285 0.04969959706068039 -0.0007458458421751857 0.998763918876648 1.734476089477539
3.628545 0.9987169504165649 -0.0010205169674009085 -0.05062941089272499 -0.09509944170713425 0.0012260408839210868 0.9999911189079285 0.004028480965644121 -0.01898275688290596 0.05062485858798027 -0.004085386637598276 0.9987094402313232 1.7926028966903687
3.732256 0.9986377358436584 -0.007784033194184303 -0.05159487947821617 -0.09754940867424011 0.007961037568747997 0.999963104724884 0.0032260152511298656 -0.01965932920575142 0.051567867398262024 -0.0036323699168860912 0.9986629486083984 1.849729061126709
3.835871 0.9985235333442688 -0.009216521866619587 -0.05353318527340889 -0.09994858503341675 0.009180148132145405 0.9999574422836304 -0.0009253069292753935 -0.02007114514708519 0.053539425134658813 0.00043249898590147495 0.9985657334327698 1.907544493675232
3.939488 0.9984855651855469 -0.009959914721548557 -0.05410496145486832 -0.10424140840768814 0.009739593602716923 0.999943196773529 -0.004334237892180681 -0.0206761471927166 0.05414505675435066 0.003800713922828436 0.998525857925415 1.9650154113769531
4.043107 0.9983779788017273 -0.008646147325634956 -0.05627341940999031 -0.1077863946557045 0.008366632275283337 0.9999515414237976 -0.005200730171054602 -0.02107841894030571 0.05631566047668457 0.004721474833786488 0.9984018802642822 2.023874521255493
4.146888 0.9983402490615845 -0.009194707497954369 -0.056852251291275024 -0.11179681867361069 0.008995595388114452 0.999952495098114 -0.003757211845368147 -0.021761231124401093 0.056884098798036575 0.003239555051550269 0.9983755350112915 2.08339786529541
4.25046 0.9982708692550659 -0.006897054612636566 -0.05837640538811684 -0.11486610770225525 0.006897583603858948 0.9999762177467346 -0.0001924594398587942 -0.022838138043880463 0.05837634950876236 -0.000210530124604702 0.9982946515083313 2.141744375228882
4.354202 0.9982120394706726 -0.00619334913790226 -0.0594533234834671 -0.11906656622886658 0.006253405474126339 0.999980092048645 0.000824112503323704 -0.023643873631954193 0.059447046369314194 -0.001194424694404006 0.9982307553291321 2.201634407043457
4.45794 0.9981635212898254 -0.004711971152573824 -0.060394469648599625 -0.12295471131801605 0.004914642311632633 0.9999827742576599 0.0032076698262244463 -0.024077612906694412 0.06037832424044609 -0.003498596139252186 0.9981694221496582 2.2609825134277344
4.561559 0.9981624484062195 -0.005037757568061352 -0.06038336455821991 -0.12668156623840332 0.005428237374871969 0.9999653697013855 0.0063043865375220776 -0.02449602447450161 0.060349512845277786 -0.0066205780021846294 0.9981553554534912 2.320228338241577
4.665293 0.9981712698936462 0.0012777093797922134 -0.060434821993112564 -0.13149280846118927 -0.0007795349811203778 0.9999655485153198 0.008266028948128223 -0.024643674492836 0.06044330075383186 -0.00820380263030529 0.9981380105018616 2.3793811798095703
4.768912 0.9981564283370972 0.0007798339356668293 -0.060689736157655716 -0.13522347807884216 -0.00030119650182314217 0.9999687671661377 0.007895379327237606 -0.0252311322838068 0.060694001615047455 -0.007862544618546963 0.998125433921814 2.4380664825439453
4.872532 0.998130202293396 0.0010071605211123824 -0.061116158962249756 -0.13813605904579163 -0.000621887797024101 0.9999797940254211 0.0063226367346942425 -0.025475438684225082 0.061121296137571335 -0.006272806786000729 0.9981106519699097 2.496727228164673
4.976146 0.9981642961502075 0.0030875024385750294 -0.06048496067523956 -0.1432189792394638 -0.002852868987247348 0.9999880790710449 0.003965176176279783 -0.025819852948188782 0.0604964941740036 -0.00378534197807312 0.9981613159179688 2.555111885070801
5.079909 0.9980945587158203 0.0031045342329889536 -0.06162511929869652 -0.14692191779613495 -0.002859743544831872 0.9999876618385315 0.0040600597858428955 -0.026464339345693588 0.06163697689771652 -0.0038760919123888016 0.9980911612510681 2.613892078399658
5.183503 0.9980413317680359 0.0006237724446691573 -0.0625523254275322 -0.15077045559883118 -0.00031051982659846544 0.9999873042106628 0.005017443560063839 -0.026661932468414307 0.06255467236042023 -0.004988193511962891 0.9980290532112122 2.671375274658203
5.287117 0.9979501366615295 0.0018092035315930843 -0.06396877765655518 -0.15412376821041107 -0.0014487545704469085 0.9999827742576599 0.005680704023689032 -0.027250956743955612 0.06397794187068939 -0.005576384253799915 0.9979357719421387 2.7299888134002686
5.390861 0.9979540109634399 0.004456499591469765 -0.06377986818552017 -0.15902955830097198 -0.004331677686423063 0.9999883770942688 0.0020952285267412663 -0.027790144085884094 0.06378846615552902 -0.0018146669026464224 0.9979617595672607 2.788609743118286
5.494473 0.9979131817817688 0.00419992208480835 -0.06443385034799576 -0.1625237613916397 -0.004300806671380997 0.9999896883964539 -0.0014270859537646174 -0.028567150235176086 0.0644271969795227 0.0017012254102155566 0.9979209899902344 2.8428823947906494
5.598233 0.9978284239768982 0.004933690186589956 -0.06568305194377899 -0.1656135767698288 -0.0051421429961919785 0.9999822378158569 -0.003004942089319229 -0.02883824333548546 0.06566707044839859 0.0033361688256263733 0.9978360533714294 2.9013078212738037
5.701829 0.9978727698326111 0.0038753333501517773 -0.0650746151804924 -0.17029479146003723 -0.0038332263939082623 0.9999922513961792 0.0007719030836597085 -0.029999325051903725 0.06507708877325058 -0.0005208154325373471 0.9978802800178528 2.956799268722534
5.805571 0.9978688359260559 0.0025854422710835934 -0.06519930809736252 -0.17408235371112823 -0.0023604067973792553 0.9999909400939941 0.003528289496898651 -0.030366798862814903 0.0652078241109848 -0.0033668740652501583 0.9978660941123962 3.0140912532806396
5.909185 0.9978668689727783 0.0005369386053644121 -0.06527858972549438 -0.17786255478858948 -0.00023249034711625427 0.9999890923500061 0.004671337548643351 -0.031449947506189346 0.06528037041425705 -0.004646196961402893 0.9978561401367188 3.069807529449463
6.012921 0.9978824853897095 -0.0029079767409712076 -0.06497819721698761 -0.1817103624343872 0.003156742313876748 0.9999881386756897 0.00372610823251307 -0.03234177827835083 0.064966581761837 -0.003923337906599045 0.9978798031806946 3.1257951259613037
6.116541 0.9978392720222473 -0.004933455493301153 -0.06551577150821686 -0.18548628687858582 0.00506819412112236 0.9999853372573853 0.0018905639881268144 -0.03262936696410179 0.0655054822564125 -0.0022185256239026785 0.997849702835083 3.181553363800049
6.220278 0.9977720975875854 -0.006154778879135847 -0.06643014401197433 -0.18929634988307953 0.006383448839187622 0.9999743700027466 0.003230539383366704 -0.033268656581640244 0.06640855967998505 -0.0036473958753049374 0.9977858662605286 3.2377147674560547
6.323895 0.9976557493209839 -0.009831325151026249 -0.06772427260875702 -0.1926300823688507 0.010345399379730225 0.9999201893806458 0.007244156673550606 -0.03362780809402466 0.06764765083789825 -0.007927807979285717 0.9976778030395508 3.2928569316864014
6.427659 0.9976311326026917 -0.010323108173906803 -0.06801123172044754 -0.19695690274238586 0.011199486441910267 0.9998589158058167 0.012517152354121208 -0.034261416643857956 0.06787244230508804 -0.013249190524220467 0.997606098651886 3.3491597175598145
6.531383 0.9976131319999695 -0.008697639219462872 -0.06849978864192963 -0.20095115900039673 0.009720206260681152 0.9998460412025452 0.014608912169933319 -0.03434790298342705 0.06836219877004623 -0.015239876694977283 0.9975441694259644 3.404296398162842
6.634992 0.9975287914276123 -0.007686202879995108 -0.06983673572540283 -0.20482879877090454 0.00846538133919239 0.9999051094055176 0.010868020355701447 -0.03458902984857559 0.06974659115076065 -0.01143235620111227 0.9974992275238037 3.4592854976654053
6.738741 0.997505247592926 -0.004668878391385078 -0.07043692469596863 -0.2096421718597412 0.004863883834332228 0.9999848008155823 0.002597254700958729 -0.03494471684098244 0.07042372971773148 -0.002933371812105179 0.9975128769874573 3.5136606693267822
6.84235 0.9973778128623962 -0.004689307417720556 -0.07221711426973343 -0.2131986916065216 0.004565129056572914 0.9999878406524658 -0.0018844810547307134 -0.0353858508169651 0.07222507894039154 0.001549859531223774 0.9973871111869812 3.566612958908081
6.945963 0.997312068939209 -0.00017353976727463305 -0.07327045500278473 -0.2174467146396637 0.00010573293548077345 0.9999995827674866 -0.00092931097606197 -0.035911206156015396 0.07327059656381607 0.0009190659620799124 0.9973117113113403 3.620224952697754
7.049705 0.9972442388534546 0.003594957524910569 -0.07410231977701187 -0.22233162820339203 -0.003517388366162777 0.9999931454658508 0.0011772671714425087 -0.037094466388225555 0.07410605251789093 -0.0009133762214332819 0.9972499012947083 3.6733345985412598
7.153323 0.9971610307693481 0.006052276585251093 -0.0750538632273674 -0.22647611796855927 -0.0058704945258796215 0.9999793767929077 0.0026423796080052853 -0.03761063516139984 0.07506830990314484 -0.0021942751482129097 0.997175931930542 3.723416566848755
7.256934 0.9970810413360596 0.006897273939102888 -0.07603804767131805 -0.23051129281520844 -0.006764322519302368 0.9999751448631287 0.0020059039816260338 -0.037891935557127 0.07605001330375671 -0.0014857032801955938 0.9971028566360474 3.7741942405700684
7.360549 0.9969645738601685 0.008786236867308617 -0.07735897600650787 -0.23526525497436523 -0.008560079149901867 0.9999580383300781 0.0032546117436140776 -0.03877097740769386 0.0773843303322792 -0.0025825337506830692 0.9969980120658875 3.8237178325653076
7.464167 0.9968584179878235 0.00988323986530304 -0.07858466356992722 -0.23950879275798798 -0.00957953929901123 0.9999451637268066 0.004240688867866993 -0.03979615867137909 0.07862226665019989 -0.0034745619632303715 0.9968984127044678 3.87315034866333
7.567786 0.9967185258865356 0.00959262065589428 -0.08037560433149338 -0.24401475489139557 -0.009276536293327808 0.9999476671218872 0.004305076319724321 -0.04004275053739548 0.08041271567344666 -0.003545341081917286 0.9967554211616516 3.923464298248291
7.671396 0.9966306686401367 0.00892774760723114 -0.08153248578310013 -0.24750007688999176 -0.008512087166309357 0.9999489188194275 0.005444273818284273 -0.04076285660266876 0.08157693594694138 -0.004731919150799513 0.9966558218002319 3.9695470333099365
7.775144 0.9964884519577026 0.011483021080493927 -0.08293859660625458 -0.2516009509563446 -0.010852182283997536 0.9999086856842041 0.008052932098507881 -0.04094656929373741 0.08302348107099533 -0.007124589756131172 0.9965221881866455 4.017062664031982
7.878754 0.9963757395744324 0.013254376128315926 -0.08402232825756073 -0.25570932030677795 -0.012250373139977455 0.9998474717140198 0.012453602626919746 -0.04189174994826317 0.08417456597089767 -0.011379160918295383 0.9963860511779785 4.062653541564941
7.982493 0.9962260127067566 0.016524795442819595 -0.0852099135518074 -0.26070380210876465 -0.015394988469779491 0.9997848272323608 0.013899256475269794 -0.0416593961417675 0.08542128652334213 -0.012534994632005692 0.9962661266326904 4.107433319091797
8.086111 0.996056854724884 0.019009433686733246 -0.08665676414966583 -0.2646356225013733 -0.0182024072855711 0.9997833371162415 0.010093675926327705 -0.0422867089509964 0.08682987838983536 -0.00847651157528162 0.9961872696876526 4.15116024017334
8.189849 0.9959242343902588 0.01957150548696518 -0.08804474025964737 -0.2688792645931244 -0.019412240013480186 0.9998078942298889 0.0026648472994565964 -0.04279528558254242 0.08807999640703201 -0.0009448397904634476 0.9961129426956177 4.194581508636475
8.29347 0.9958688616752625 0.018497027456760406 -0.08890005201101303 -0.273330420255661 -0.018847130239009857 0.9998174905776978 -0.0031002406030893326 -0.04345753416419029 0.08882647007703781 0.004762943834066391 0.9960356950759888 4.234694957733154
8.397102 0.9958339333534241 0.019342685118317604 -0.08910967409610748 -0.2775084972381592 -0.019827265292406082 0.9997929930686951 -0.004556003492325544 -0.04363047331571579 0.08900308609008789 0.006303823087364435 0.9960114359855652 4.275136947631836
8.500847 0.9957147836685181 0.02211480773985386 -0.08979246020317078 -0.2814330458641052 -0.022218653932213783 0.9997531175613403 -0.00015700585208833218 -0.04528192803263664 0.08976680785417557 0.002151399850845337 0.995960533618927 4.314484596252441
8.604438 0.9955440163612366 0.022392990067601204 -0.09160055220127106 -0.2843351662158966 -0.022276420146226883 0.9997491240501404 0.0022949313279241323 -0.04647798836231232 0.09162898361682892 -0.00024417322129011154 0.9957931637763977 4.3534464836120605
8.708175 0.9955636262893677 0.019076598808169365 -0.09213642030954361 -0.2891080379486084 -0.019284188747406006 0.9998130202293396 -0.0013632390182465315 -0.04682648926973343 0.09209320694208145 0.003133967285975814 0.9957454800605774 4.390898704528809
8.811795 0.9956658482551575 0.011177685111761093 -0.09232763946056366 -0.29161080718040466 -0.011884843930602074 0.9999039769172668 -0.007112982217222452 -0.0468011312186718 0.09223928302526474 0.008179454132914543 0.9957033395767212 4.426612377166748
8.915403 0.9958064556121826 0.007357676979154348 -0.09118781983852386 -0.2945545017719269 -0.00843996461480856 0.9998983144760132 -0.011488870717585087 -0.04802170395851135 0.09109403192996979 0.012210315093398094 0.9957675337791443 4.461995601654053
9.019162 0.9960848093032837 0.009679879061877728 -0.087869793176651 -0.2977650761604309 -0.010758440010249615 0.9998723864555359 -0.011809277348220348 -0.04889629781246185 0.08774427324533463 0.012708387337625027 0.9960619211196899 4.497036457061768
9.12289 0.9964177012443542 0.014225398190319538 -0.08336258679628372 -0.301456093788147 -0.014984616078436375 0.999851644039154 -0.00848882645368576 -0.05002609267830849 0.08322948217391968 0.009707573801279068 0.9964831471443176 4.529803276062012
9.226512 0.9967613220214844 0.012862537056207657 -0.0793822780251503 -0.3034495711326599 -0.013368150219321251 0.9998935461044312 -0.0058411709032952785 -0.05025716498494148 0.0792987123131752 0.006883447989821434 0.9968271255493164 4.562469959259033
9.330247 0.9972450137138367 0.008960124105215073 -0.0736352801322937 -0.3050856292247772 -0.009128972887992859 0.9999564290046692 -0.0019568107090890408 -0.05043811723589897 0.07361454516649246 0.0026236344128847122 0.9972833395004272 4.594160556793213
9.433986 0.9978698492050171 0.004090433474630117 -0.06510994583368301 -0.30678462982177734 -0.00394660048186779 0.9999895095825195 0.0023375479504466057 -0.05211532860994339 0.06511881947517395 -0.002075605094432831 0.9978753328323364 4.625661373138428
9.537749 0.9984737038612366 0.008111185394227505 -0.05463024973869324 -0.3084748387336731 -0.008015306666493416 0.9999659061431885 0.001973930513486266 -0.05269806459546089 0.054644398391246796 -0.0015330398455262184 0.9985046982765198 4.655579566955566
9.641587 0.9991296529769897 0.01335243508219719 -0.039518557488918304 -0.30960363149642944 -0.013323687948286533 0.9999107122421265 0.0009907209314405918 -0.05268505960702896 0.0395282618701458 -0.0004633261705748737 0.9992182850837708 4.685259819030762
9.745342 0.9996022582054138 0.018373679369688034 -0.02140020579099655 -0.3099265694618225 -0.018344677984714508 0.9998304843902588 0.0015507948119193316 -0.0530630461871624 0.021425075829029083 -0.0011575983371585608 0.9997698068618774 4.714242935180664
9.849229 0.9998579621315002 0.016810765489935875 0.001104719820432365 -0.3097855746746063 -0.01681327074766159 0.9998559951782227 0.0023016869090497494 -0.05368592590093613 -0.0010658687679097056 -0.0023199343122541904 0.9999967217445374 4.742002010345459
9.953059 0.9995303750038147 0.013434997759759426 0.027541162446141243 -0.307839572429657 -0.013514003716409206 0.999904990196228 0.0026844542007893324 -0.05357347056269646 -0.027502482756972313 -0.0030553846154361963 0.9996170401573181 4.769676685333252
10.05693 0.9983212947845459 0.012285631150007248 0.056599944829940796 -0.30468428134918213 -0.012550082989037037 0.9999118447303772 0.004319225437939167 -0.054317500442266464 -0.05654189735651016 -0.00502230878919363 0.9983877539634705 4.796159267425537
10.16083 0.9958810210227966 0.011787611991167068 0.08989949524402618 -0.30114609003067017 -0.012342166155576706 0.9999080300331116 0.005615154281258583 -0.0547776073217392 -0.08982505649328232 -0.00670158164575696 0.9959351420402527 4.823101043701172
10.26466 0.9916703701019287 0.012069477699697018 0.12823516130447388 -0.29730165004730225 -0.012889733538031578 0.9999014139175415 0.005568499676883221 -0.054676275700330734 -0.12815532088279724 -0.00717503298074007 0.9917281866073608 4.849166393280029
10.36867 0.9856048822402954 0.012046149000525475 0.16863463819026947 -0.29111969470977783 -0.013258669525384903 0.9998936653137207 0.006066032685339451 -0.05550853908061981 -0.16854362189769745 -0.008214583620429039 0.9856599569320679 4.87238073348999
10.47264 0.9768909215927124 0.012201527133584023 0.2133893519639969 -0.28415584564208984 -0.01366942934691906 0.9998919367790222 0.005404834635555744 -0.05539948493242264 -0.21330033242702484 -0.008196845650672913 0.9769522547721863 4.896454811096191
10.57663 0.964796245098114 0.014135504141449928 0.2626182436943054 -0.27653586864471436 -0.015581360086798668 0.999872624874115 0.003423721995204687 -0.05621068924665451 -0.2625364363193512 -0.007395144551992416 0.9648937582969666 4.9199347496032715
10.68062 0.9488666653633118 0.014444956555962563 0.3153468370437622 -0.26691675186157227 -0.015600343234837055 0.9998775720596313 0.001139866653829813 -0.05735361576080322 -0.31529176235198975 -0.00600110087543726 0.9489758610725403 4.942713737487793
10.78461 0.9285070896148682 0.015268086455762386 0.37100064754486084 -0.25641918182373047 -0.015584827400743961 0.9998761415481567 -0.0021444011945277452 -0.05713341012597084 -0.37098753452301025 -0.0037908898666501045 0.9286301732063293 4.9642486572265625
10.88875 0.9037882685661316 0.016183264553546906 0.4276740252971649 -0.2446904182434082 -0.01604531705379486 0.9998635649681091 -0.003927038051187992 -0.057546354830265045 -0.42767930030822754 -0.0033129542134702206 0.9039246439933777 4.984084129333496
10.99272 0.8740048408508301 0.016529373824596405 0.48563605546951294 -0.2317969799041748 -0.01534301321953535 0.9998616576194763 -0.00641883909702301 -0.05768126994371414 -0.48567500710487366 -0.0018410247284919024 0.8741375803947449 5.003616809844971
11.09659 0.8401769399642944 0.01527219358831644 0.542097270488739 -0.21718382835388184 -0.012608173303306103 0.9998832941055298 -0.00862818956375122 -0.05827983096241951 -0.5421658158302307 0.0004143501282669604 0.8402714729309082 5.021609306335449
11.20057 0.802642285823822 0.01535669807344675 0.5962628126144409 -0.20187067985534668 -0.011777522042393684 0.9998816847801208 -0.009897886775434017 -0.05894317850470543 -0.5963442325592041 0.0009219638304784894 0.8027281761169434 5.038495063781738
11.30431 0.7622217535972595 0.013587096706032753 0.6471734642982483 -0.1850137710571289 -0.010026688687503338 0.9999075531959534 -0.00918344222009182 -0.05957511439919472 -0.647238552570343 0.0005108115146867931 0.762287437915802 5.05490779876709
11.40818 0.718775749206543 0.01346147432923317 0.6951116919517517 -0.16813898086547852 -0.011688818223774433 0.9999051690101624 -0.007277334574609995 -0.060080789029598236 -0.6951438188552856 -0.0028942625503987074 0.718864917755127 5.0693769454956055
11.51192 0.6736361384391785 0.012721632607281208 0.7389536499977112 -0.14923548698425293 -0.010130053386092186 0.9999168515205383 -0.00797966867685318 -0.05991842970252037 -0.738993763923645 -0.0021102449391037226 0.6737090945243835 5.08292818069458
11.61553 0.626447319984436 0.011366714723408222 0.7793809175491333 -0.12987303733825684 -0.006237691733986139 0.9999348521232605 -0.009569630958139896 -0.060484666377305984 -0.779438853263855 0.0011333329603075981 0.6264774799346924 5.095364570617676
11.71927 0.5795685052871704 0.008944228291511536 0.8148745894432068 -0.11029720306396484 -0.0008404252585023642 0.9999458193778992 -0.010377869009971619 -0.061160191893577576 -0.8149231672286987 0.005329842679202557 0.5795446038246155 5.105663776397705
11.82277 0.5330711603164673 0.010676849633455276 0.846002995967865 -0.08980274200439453 -0.0025337422266602516 0.9999359846115112 -0.01102301012724638 -0.06213725358247757 -0.8460666537284851 0.0037324943114072084 0.5330641269683838 5.115545272827148
11.92638 0.4847012460231781 0.014114007353782654 0.8745658993721008 -0.06989002227783203 -0.006195544730871916 0.9999000430107117 -0.012702998705208302 -0.062322087585926056 -0.8746578693389893 0.0007387473597191274 0.484740287065506 5.1253838539123535
12.03 0.43888238072395325 0.01613038033246994 0.8983997106552124 -0.04862844944000244 -0.006231948733329773 0.9998694062232971 -0.014907820150256157 -0.06287740170955658 -0.8985229730606079 0.0009439988643862307 0.4389255940914154 5.133695125579834
12.13361 0.3962646722793579 0.01348346471786499 0.9180372357368469 -0.027751684188842773 0.0010492223082110286 0.9998847842216492 -0.015138470567762852 -0.06354674696922302 -0.9181358218193054 0.0069620669819414616 0.3962048590183258 5.140161037445068
12.2371 0.35710710287094116 0.005982398055493832 0.9340443015098572 -0.005249619483947754 0.016592957079410553 0.9997810125350952 -0.012747311033308506 -0.06392879784107208 -0.9339161515235901 0.020050713792443275 0.3569296598434448 5.145078182220459
12.3406 0.3216029405593872 0.0025912888813763857 0.9468709826469421 0.01694333553314209 0.02059224247932434 0.9997406005859375 -0.009730091318488121 -0.0643233209848404 -0.9466506838798523 0.02262742631137371 0.3214661180973053 5.150640964508057
12.44411 0.2876853048801422 0.006278121843934059 0.9577043652534485 0.039153218269348145 0.017514631152153015 0.9997768998146057 -0.011815149337053299 -0.06511326134204865 -0.9575648903846741 0.020172882825136185 0.28751111030578613 5.156525135040283
12.54767 0.25822409987449646 0.014417561702430248 0.9659774303436279 0.06281638145446777 0.007234049960970879 0.9998316764831543 -0.01685664989054203 -0.06572945415973663 -0.9660578966140747 0.011340725235641003 0.2580764889717102 5.161900043487549
12.65107 0.22858062386512756 0.018546974286437035 0.9733483791351318 0.0860358476638794 0.0026898670475929976 0.9998025298118591 -0.0196827445179224 -0.0668070912361145 -0.9735212922096252 0.007117271889001131 0.22848568856716156 5.167473316192627
12.75469 0.2038547545671463 0.020338762551546097 0.9787898063659668 0.11041975021362305 0.003950626589357853 0.9997589588165283 -0.021597297862172127 -0.06790699809789658 -0.9789932370185852 0.008269543759524822 0.20372526347637177 5.170793533325195
12.85806 0.17980477213859558 0.022489121183753014 0.9834452867507935 0.13529318571090698 0.01158209703862667 0.9996208548545837 -0.024976596236228943 -0.06835071742534637 -0.9836342334747314 0.015881268307566643 0.17947617173194885 5.174160957336426
12.96167 0.1601814180612564 0.028083370998501778 0.986687958240509 0.16025185585021973 0.01859722100198269 0.9993318915367126 -0.03146236762404442 -0.06882506608963013 -0.9869123697280884 0.023389345034956932 0.15955214202404022 5.176273345947266
13.0652 0.13974907994270325 0.03463809937238693 0.9895809292793274 0.1865527629852295 0.02078581601381302 0.9990650415420532 -0.037905458360910416 -0.06899209320545197 -0.9899687767028809 0.025866499170660973 0.13889846205711365 5.179372310638428
13.16877 0.12235628068447113 0.03558468818664551 0.9918480515480042 0.21318531036376953 0.016979726031422615 0.9991357326507568 -0.03794080391526222 -0.07021217793226242 -0.9923411011695862 0.02148360386490822 0.12164629995822906 5.182325839996338
13.27235 0.10622738301753998 0.03132038190960884 0.9938483238220215 0.241222083568573 0.015871472656726837 0.9993231296539307 -0.0331893227994442 -0.07151342928409576 -0.9942151308059692 0.019299453124403954 0.1056583821773529 5.185355186462402
13.37588 0.09169132262468338 0.027824828401207924 0.9953987002372742 0.270383358001709 0.01563720963895321 0.9994460344314575 -0.029378395527601242 -0.07309863716363907 -0.9956647753715515 0.018258998170495033 0.09120543301105499 5.187729358673096
13.4795 0.07645772397518158 0.026262573897838593 0.9967268705368042 0.30062589049339294 0.018188098445534706 0.9994499683380127 -0.027729514986276627 -0.07376305758953094 -0.9969069361686707 0.02024870179593563 0.07593800872564316 5.190646648406982
13.58311 0.06702907383441925 0.02466471493244171 0.9974460601806641 0.33109891414642334 0.02201736904680729 0.9994143843650818 -0.02619297057390213 -0.07520753145217896 -0.99750816822052 0.02371682971715927 0.06644676625728607 5.1905035972595215
13.68672 0.057370226830244064 0.02616307884454727 0.9980100989341736 0.36296701431274414 0.025002945214509964 0.9993054270744324 -0.02763431891798973 -0.07572554796934128 -0.9980399012565613 0.026538584381341934 0.056676238775253296 5.191174030303955
13.79034 0.048911284655332565 0.026036551222205162 0.9984636902809143 0.39525654911994934 0.02691495791077614 0.999262809753418 -0.027375860139727592 -0.0772746354341507 -0.9984404444694519 0.028212599456310272 0.04817447438836098 5.192906856536865
13.89395 0.04288731887936592 0.026495223864912987 0.9987284541130066 0.4294220209121704 0.02883448451757431 0.9991990327835083 -0.027745913714170456 -0.07831674069166183 -0.9986638426780701 0.029987772926688194 0.04208898916840553 5.194433689117432
13.99767 0.03765137866139412 0.02735806442797184 0.9989163279533386 0.4638679027557373 0.02919110469520092 0.9991684556007385 -0.02846525050699711 -0.07947691529989243 -0.998864471912384 0.03023122064769268 0.036821454763412476 5.195218086242676
14.1013 0.03151099383831024 0.028113309293985367 0.9991078972816467 0.5007503628730774 0.029681991785764694 0.9991370439529419 -0.029050279408693314 -0.08073563128709793 -0.9990624785423279 0.03057091496884823 0.03064936026930809 5.196545124053955
14.20492 0.026711564511060715 0.02823767252266407 0.9992442727088928 0.5372188091278076 0.03208316117525101 0.9990618228912354 -0.02909015491604805 -0.08190169930458069 -0.9991281628608704 0.03283596411347389 0.025780538097023964 5.197299480438232
14.30854 0.024297263473272324 0.028466803953051567 0.9992994666099548 0.5766217112541199 0.033618416637182236 0.999005913734436 -0.02927584946155548 -0.0829874575138092 -0.9991393685340881 0.03430618345737457 0.023316102102398872 5.197576522827148
14.41227 0.02024596929550171 0.02754182368516922 0.9994155168533325 0.6145185828208923 0.034199610352516174 0.9990164041519165 -0.028223633766174316 -0.08453242480754852 -0.999210000038147 0.0347510389983654 0.019284125417470932 5.1988983154296875
14.51589 0.018068494275212288 0.027056371793150902 0.9994705319404602 0.6551597118377686 0.03588832542300224 0.9989719986915588 -0.027691667899489403 -0.08596840500831604 -0.9991925358772278 0.036369677633047104 0.017078904435038567 5.199403285980225
14.61968 0.017166737467050552 0.026726009324193 0.9994953870773315 0.6961521506309509 0.04060094431042671 0.9987994432449341 -0.027404742315411568 -0.08739465475082397 -0.9990280270576477 0.04105090722441673 0.016061019152402878 5.199272632598877
14.72326 0.018196020275354385 0.02634170651435852 0.9994874000549316 0.7380592226982117 0.044157203286886215 0.9986562132835388 -0.027123697102069855 -0.08886963129043579 -0.9988589286804199 0.04462811350822449 0.017008395865559578 5.199807643890381
14.82686 0.020799756050109863 0.026645714417099953 0.9994284510612488 0.7821313142776489 0.045929644256830215 0.9985638856887817 -0.02757853828370571 -0.08960050344467163 -0.9987280964851379 0.046477023512125015 0.019546063616871834 5.200676441192627
14.93048 0.02391221560537815 0.02716727741062641 0.9993448257446289 0.8266032338142395 0.04833535477519035 0.9984301924705505 -0.028298979625105858 -0.0906384065747261 -0.9985449314117432 0.048980385065078735 0.022561542689800262 5.202735900878906
15.0341 0.028674902394413948 0.026256723329424858 0.9992438554763794 0.8721697926521301 0.048474472016096115 0.9984422326087952 -0.02762671187520027 -0.09247460216283798 -0.9984127879142761 0.04923001304268837 0.027357453480362892 5.2032694816589355
15.13784 0.03257092088460922 0.024439353495836258 0.9991704821586609 0.9194128513336182 0.04967353120446205 0.9984259009361267 -0.026040393859148026 -0.09421717375516891 -0.9982343316078186 0.05048048496246338 0.03130565956234932 5.204667091369629
15.24145 0.036986373364925385 0.022935764864087105 0.9990525245666504 0.9671090841293335 0.049994610249996185 0.9984421133995056 -0.024772631004452705 -0.09565745294094086 -0.998064398765564 0.050863489508628845 0.0357820987701416 5.206295967102051
15.34508 0.04046456143260002 0.02086506225168705 0.9989630579948425 1.014695167541504 0.04696602374315262 0.9986371397972107 -0.02276069112122059 -0.09699860215187073 -0.9980765581130981 0.04783833026885986 0.039429470896720886 5.209329605102539
15.44881 0.04472614824771881 0.019466890022158623 0.9988095760345459 1.063805103302002 0.046637680381536484 0.9986792802810669 -0.021552763879299164 -0.09858634322881699 -0.9979100227355957 0.0475461371243 0.04375919699668884 5.211862087249756
15.55255 0.04888036102056503 0.020736971870064735 0.9985894560813904 1.114241600036621 0.04281546548008919 0.9988219738006592 -0.022837597876787186 -0.10008741915225983 -0.9978864789009094 0.04387138783931732 0.047934919595718384 5.214156150817871
15.65617 0.0521710067987442 0.024783920496702194 0.9983305335044861 1.162571907043457 0.041197702288627625 0.9987875819206238 -0.026948191225528717 -0.10175197571516037 -0.9977880120277405 0.04253484308719635 0.051086727529764175 5.216731548309326
15.7599 0.053430359810590744 0.030419886112213135 0.9981080293655396 1.2136200666427612 0.035655390471220016 0.9988404512405396 -0.032350897789001465 -0.10309460014104843 -0.9979348182678223 0.0373164638876915 0.05228378623723984 5.220284461975098
15.86364 0.05294608324766159 0.032955195754766464 0.9980534315109253 1.2624995708465576 0.03248996660113335 0.9988692402839661 -0.03470570594072342 -0.10568700730800629 -0.9980687499046326 0.034264255315065384 0.05181550234556198 5.2236175537109375
15.96739 0.053270209580659866 0.03238101676106453 0.9980549812316895 1.3131226301193237 0.030187487602233887 0.9989650845527649 -0.034021779894828796 -0.1078399121761322 -0.998123824596405 0.03194111958146095 0.05223756283521652 5.226189613342285
16.07102 0.0532066710293293 0.030642002820968628 0.9981132745742798 1.3640468120574951 0.02755795419216156 0.9991032481193542 -0.032141439616680145 -0.10998192429542542 -0.9982032775878906 0.0292160976678133 0.05231453478336334 5.229124069213867
16.17474 0.05273253470659256 0.02953130006790161 0.9981718063354492 1.4130522012710571 0.02843328006565571 0.9991129636764526 -0.031061245128512383 -0.112241730093956 -0.9982038140296936 0.030019234865903854 0.051846083253622055 5.232781410217285
16.27845 0.05307585373520851 0.028917955234646797 0.9981715679168701 1.4651992321014404 0.025191985070705414 0.9992236495018005 -0.030287964269518852 -0.11474958062171936 -0.9982726573944092 0.026753483340144157 0.05230614170432091 5.235879421234131
16.38209 0.05332646146416664 0.02948864921927452 0.9981415271759033 1.5174064636230469 0.024209527298808098 0.9992318749427795 -0.03081427328288555 -0.11653835326433182 -0.9982836246490479 0.025807751342654228 0.05257158353924751 5.239017963409424
