1305031109.443302 0.9998955130577087 0.010914561338722706 -0.009471750818192959 -0.0092515479773283 -0.010861984454095364 0.999925434589386 0.005584646016359329 0.0032701054587960243 0.009531998075544834 -0.005481181666254997 0.999939501285553 -0.0015700727235525846
1305031109.475363 0.9997395873069763 0.018344635143876076 -0.013580797240138054 -0.01900673285126686 -0.01817692257463932 0.9997583627700806 0.012371613644063473 0.002140067284926772 0.01380446832627058 -0.01212153397500515 0.9998312592506409 -0.0013985349796712399
1305031109.511273 0.9996094107627869 0.026654385030269623 -0.008400256745517254 -0.041871797293424606 -0.026568979024887085 0.9995957016944885 0.010119440965354443 0.004021862521767616 0.008666587993502617 -0.009892304427921772 0.9999134540557861 -0.0002260580804431811
1305031109.543294 0.9993058443069458 0.032022278755903244 -0.019036998972296715 -0.04257938265800476 -0.031875044107437134 0.9994600415229797 0.007988184690475464 0.0022700903937220573 0.019282519817352295 -0.007375834975391626 0.9997867941856384 -0.0029582923743873835
1305031109.575362 0.9993244409561157 0.03170814365148544 -0.018576569855213165 -0.05424054339528084 -0.031642839312553406 0.9994919896125793 0.0037991427816450596 0.007483739405870438 0.018687596544623375 -0.0032087615691125393 0.9998202323913574 -0.00512395054101944
1305031109.61131 0.9990826845169067 0.03654814139008522 -0.022316139191389084 -0.06287750601768494 -0.036424584686756134 0.9993188381195068 0.005918619688600302 0.006646947469562292 0.022517254576086998 -0.005100335460156202 0.9997334480285645 -0.007703172974288464
1305031109.643229 0.9990125894546509 0.03727322071790695 -0.02417878434062004 -0.07253725826740265 -0.037160977721214294 0.9992963671684265 0.005075529683381319 0.010769282467663288 0.024350956082344055 -0.004172011744230986 0.9996947646141052 -0.009058913215994835
1305031109.675263 0.999178946018219 0.03486526012420654 -0.020631864666938782 -0.08858805149793625 -0.0346958190202713 0.9993616342544556 0.0085143456235528 0.013395870104432106 0.020915551111102104 -0.007791517302393913 0.9997508525848389 -0.012435464188456535
1305031109.711312 0.9990426301956177 0.03518863767385483 -0.02599169686436653 -0.1001746729016304 -0.03486349806189537 0.9993093609809875 0.012858273461461067 0.01739247888326645 0.02642621286213398 -0.011939803138375282 0.9995794296264648 -0.011956348083913326
1305031109.743274 0.9987069964408875 0.03885917365550995 -0.03277532011270523 -0.10769273340702057 -0.038122277706861496 0.9990124702453613 0.02281632088124752 0.01756286434829235 0.033629581332206726 -0.021537350490689278 0.9992021918296814 -0.012048195116221905
1305031109.775277 0.9986699819564819 0.037716444581747055 -0.03515363484621048 -0.11781206727027893 -0.036675672978162766 0.9988828897476196 0.02979542687535286 0.017310723662376404 0.03623814135789871 -0.028466515243053436 0.9989375472068787 -0.010321959853172302
1305031109.811371 0.9983220100402832 0.041263919323682785 -0.040626417845487595 -0.12303972244262695 -0.03994022682309151 0.9986611604690552 0.03287174925208092 0.020124273374676704 0.04192844405770302 -0.031193958595395088 0.9986335039138794 -0.010831356048583984
1305031109.843296 0.9981299638748169 0.04332596808671951 -0.0431203693151474 -0.13591252267360687 -0.04171795770525932 0.9984247088432312 0.03751745820045471 0.023786302655935287 0.044677916914224625 -0.0356484055519104 0.9983652234077454 -0.010256760753691196
1305031109.875306 0.9977960586547852 0.0473003126680851 -0.046537481248378754 -0.14914920926094055 -0.045127205550670624 0.9978898167610168 0.046687956899404526 0.02342301234602928 0.048647619783878326 -0.044484950602054596 0.9978249073028564 -0.010592689737677574
1305031109.911265 0.9966645836830139 0.05925995111465454 -0.05610578507184982 -0.1617332100868225 -0.05636388435959816 0.9970622658729553 0.0518658384680748 0.02130957692861557 0.059014514088630676 -0.04853051155805588 0.9970768094062805 -0.006734052207320929
1305031109.943299 0.9957438707351685 0.06678380817174911 -0.06351315230131149 -0.16894613206386566 -0.06358069181442261 0.9966632723808289 0.051184434443712234 0.029246075078845024 0.06671950221061707 -0.04692838340997696 0.9966675639152527 -0.006260918453335762
1305031109.975258 0.9949657320976257 0.07696154713630676 -0.06418576836585999 -0.18247994780540466 -0.07310084998607635 0.9954894185066223 0.06047380343079567 0.0296908151358366 0.06855040043592453 -0.055477339774370193 0.9961038827896118 -0.0028415508568286896
1305031110.011256 0.9934861660003662 0.09184795618057251 -0.06744731217622757 -0.1935543417930603 -0.0876358225941658 0.9941607713699341 0.06296270340681076 0.0333847776055336 0.07283646613359451 -0.05664177983999252 0.9957341551780701 0.0003892062231898308
1305031110.043299 0.9919043779373169 0.10495524853467941 -0.07148793339729309 -0.19839836657047272 -0.10003514587879181 0.9925713539123535 0.0692467913031578 0.032996512949466705 0.07822469621896744 -0.06153490021824837 0.9950347542762756 0.0011469107121229172
1305031110.075319 0.9908768534660339 0.11535796523094177 -0.06968509405851364 -0.21036005020141602 -0.11021807044744492 0.9911795854568481 0.0735875815153122 0.03490503504872322 0.07755935937166214 -0.0652356743812561 0.9948511123657227 0.002877095714211464
1305031110.111325 0.9896467924118042 0.12478949129581451 -0.07090023905038834 -0.22161777317523956 -0.11882725358009338 0.9894501566886902 0.08287670463323593 0.036244966089725494 0.08049439638853073 -0.07359378784894943 0.994034469127655 0.0054854582995176315
1305031110.143432 0.988175630569458 0.13253164291381836 -0.07709816843271255 -0.22735798358917236 -0.12519009411334991 0.9877326488494873 0.09333579987287521 0.028307441622018814 0.08852233737707138 -0.08258025348186493 0.9926452040672302 0.0027009770274162292
1305031110.175641 0.9873618483543396 0.13501423597335815 -0.08299199491739273 -0.2360323667526245 -0.12721490859985352 0.987503707408905 0.09302014112472534 0.034952156245708466 0.09451396018266678 -0.08128672093153 0.9921994805335999 0.0016392692923545837
1305031110.211637 0.9862681031227112 0.13954773545265198 -0.08832646906375885 -0.24488326907157898 -0.1302049309015274 0.9860240817070007 0.10393807291984558 0.03250090405344963 0.10159637033939362 -0.09101028740406036 0.9906540513038635 0.004191149026155472
1305031110.243323 0.9856338500976562 0.13905078172683716 -0.09586842358112335 -0.2542703151702881 -0.12857277691364288 0.9858046770095825 0.10797332227230072 0.029957240447402 0.1095213070511818 -0.0940961018204689 0.9895207285881042 0.004887733608484268
1305031110.279321 0.9843897223472595 0.14194445312023163 -0.10406064987182617 -0.26120099425315857 -0.13087402284145355 0.9856659173965454 0.10646440088748932 0.029294537380337715 0.11768107116222382 -0.0911836177110672 0.9888564348220825 0.005637990310788155
1305031110.311404 0.9834103584289551 0.1462419629096985 -0.10731936991214752 -0.2732168436050415 -0.13557428121566772 0.9856288433074951 0.1007751002907753 0.03167574107646942 0.12051460146903992 -0.0845535397529602 0.9891042113304138 0.003356821835041046
1305031110.343355 0.9821487665176392 0.1473201960325241 -0.11696447432041168 -0.2815980911254883 -0.1362280249595642 0.9858393669128418 0.09778914600610733 0.035694099962711334 0.1297145038843155 -0.08010965585708618 0.9883100986480713 0.0033732950687408447
1305031110.379281 0.9799020290374756 0.15580959618091583 -0.12456182390451431 -0.2934066355228424 -0.1442711055278778 0.9847845435142517 0.09687840938568115 0.036940231919288635 0.1377611607313156 -0.07696068286895752 0.9874711036682129 0.0015645027160644531
1305031110.411469 0.9773639440536499 0.16091367602348328 -0.1373564451932907 -0.3015667498111725 -0.14882981777191162 0.9843670129776001 0.09418760985136032 0.044093407690525055 0.15036524832248688 -0.07161284238100052 0.98603355884552 0.0019386820495128632
1305031110.44326 0.9739071726799011 0.1705961525440216 -0.14967188239097595 -0.306719034910202 -0.15602169930934906 0.9822294116020203 0.10432080924510956 0.04569444805383682 0.16480888426303864 -0.07824672013521194 0.9832169413566589 0.0012841299176216125
1305031110.479331 0.9698302149772644 0.18472307920455933 -0.1590805947780609 -0.31844162940979004 -0.16799843311309814 0.979295015335083 0.11295145750045776 0.04487156495451927 0.17665159702301025 -0.08281846344470978 0.9807829856872559 0.00311911478638649
1305031110.511429 0.9663528203964233 0.19295765459537506 -0.17008695006370544 -0.3295058608055115 -0.17459863424301147 0.9776492714881897 0.11712227016687393 0.045147959142923355 0.18888504803180695 -0.08348450809717178 0.9784440994262695 0.0008667968213558197
1305031110.543408 0.9625601768493652 0.19918927550315857 -0.1838521659374237 -0.3353421092033386 -0.17917267978191376 0.9764860272407532 0.1198846697807312 0.05019247904419899 0.2034088373184204 -0.08245490491390228 0.9756157994270325 0.00032516568899154663
1305031110.579426 0.9581526517868042 0.20952880382537842 -0.1950414627790451 -0.34102144837379456 -0.1867820918560028 0.9739348292350769 0.12869903445243835 0.054347794502973557 0.21692387759685516 -0.0868830680847168 0.9723145365715027 0.0009970813989639282
1305031110.611307 0.9546942710876465 0.21835388243198395 -0.202189102768898 -0.3470472991466522 -0.19174984097480774 0.9709452390670776 0.14316889643669128 0.04929263889789581 0.22757607698440552 -0.09791279584169388 0.9688252210617065 0.004613250494003296
1305031110.643418 0.9530037045478821 0.22429612278938293 -0.20365482568740845 -0.3557741641998291 -0.19817309081554413 0.9699811935424805 0.1409410834312439 0.04934358596801758 0.2291538417339325 -0.09395848959684372 0.9688448905944824 0.003280036151409149
1305031110.679606 0.9506190419197083 0.22703766822814941 -0.21160714328289032 -0.35787931084632874 -0.20082123577594757 0.9698078036308289 0.1383623629808426 0.055997177958488464 0.23663169145584106 -0.08903467655181885 0.9675115346908569 0.0013063400983810425
1305031110.711412 0.9494121670722961 0.23133648931980133 -0.21236787736415863 -0.36381322145462036 -0.20309153199195862 0.968116283416748 0.1466466784477234 0.05497270077466965 0.23952148854732513 -0.09609803557395935 0.9661235213279724 0.002484843134880066
1305031110.743249 0.9496414065361023 0.2361346036195755 -0.20596514642238617 -0.3696427345275879 -0.20849305391311646 0.9668812155723572 0.14721186459064484 0.05492125824093819 0.2339056432247162 -0.09685618430376053 0.9674229025840759 0.003373466432094574
1305031110.779193 0.9484841823577881 0.23726488649845123 -0.20995937287807465 -0.3712283968925476 -0.20922407507896423 0.9667139649391174 0.14727367460727692 0.0562857985496521 0.23791347444057465 -0.09575822204351425 0.9665545225143433 0.002465859055519104
1305031110.811386 0.9477410316467285 0.24034777283668518 -0.2098090946674347 -0.37379956245422363 -0.21191449463367462 0.9658371210098267 0.14916762709617615 0.056532613933086395 0.23849351704120636 -0.09691069275140762 0.9662966132164001 0.0024185776710510254
1305031110.843218 0.946332573890686 0.24516569077968597 -0.21059122681617737 -0.3777121305465698 -0.21589142084121704 0.9644182920455933 0.1526048630475998 0.05738355219364166 0.24051153659820557 -0.0989500880241394 0.9655894637107849 0.0035441815853118896
1305031110.879313 0.9450876712799072 0.24612559378147125 -0.2150155007839203 -0.3769323527812958 -0.21636360883712769 0.9642832279205322 0.15279003977775574 0.0576784573495388 0.2449413686990738 -0.09787844866514206 0.9645846486091614 0.0037682577967643738
1305031110.911333 0.9446215629577637 0.24657845497131348 -0.21653930842876434 -0.37704163789749146 -0.21619394421577454 0.9640256762504578 0.15464384853839874 0.05788791924715042 0.24688129127025604 -0.0992654487490654 0.9639480710029602 0.0039012953639030457
1305031110.943862 0.9426375031471252 0.24877651035785675 -0.2225864827632904 -0.3728874623775482 -0.2177204042673111 0.9636279344558716 0.15498045086860657 0.058356158435344696 0.25304606556892395 -0.09762877225875854 0.9625155925750732 0.005137920379638672
1305031110.979345 0.942225456237793 0.24976059794425964 -0.2232283353805542 -0.36610737442970276 -0.21915721893310547 0.9636039733886719 0.15309344232082367 0.060736969113349915 0.25334039330482483 -0.09532644599676132 0.9626690149307251 0.0072029829025268555
1305031111.011431 0.9430049657821655 0.24712389707565308 -0.22287069261074066 -0.35251384973526 -0.2144394814968109 0.9633932709693909 0.16090062260627747 0.05358373746275902 0.25447455048561096 -0.10393780469894409 0.9614778757095337 0.006509065628051758
1305031111.043327 0.9473857283592224 0.2400825321674347 -0.21170875430107117 -0.34918278455734253 -0.20989423990249634 0.9652952551841736 0.15540099143981934 0.05449800565838814 0.24167050421237946 -0.10278826206922531 0.964898943901062 0.006351165473461151
1305031111.079283 0.9500652551651001 0.23538097739219666 -0.2048703283071518 -0.3449500501155853 -0.20562967658042908 0.9660601615905762 0.1563459038734436 0.05649042874574661 0.23471792042255402 -0.10641136020421982 0.9662216901779175 0.005372598767280579
1305031111.111508 0.9519815444946289 0.23052117228507996 -0.20147207379341125 -0.33846375346183777 -0.20006820559501648 0.9665383100509644 0.16054995357990265 0.05236588791012764 0.23174063861370087 -0.11253242939710617 0.9662467837333679 0.00953759253025055
1305031111.143257 0.9536542296409607 0.2271740436553955 -0.19732160866260529 -0.3316316306591034 -0.1986396461725235 0.967856764793396 0.1542581021785736 0.052521735429763794 0.22602251172065735 -0.10791295766830444 0.9681262969970703 0.010828495025634766
1305031111.179326 0.9541242718696594 0.2261059582233429 -0.1962728202342987 -0.3187667727470398 -0.19977276027202606 0.9690273404121399 0.14517942070960999 0.05454964190721512 0.22301964461803436 -0.09930922091007233 0.9697421193122864 0.015412837266921997
1305031111.211433 0.959220826625824 0.2179933339357376 -0.1799287497997284 -0.31110212206840515 -0.1944279670715332 0.9709055423736572 0.13978642225265503 0.05328497663140297 0.2051663100719452 -0.09910281002521515 0.9736967086791992 0.012051112949848175
1305031111.243236 0.9613838195800781 0.21709761023521423 -0.1691441684961319 -0.3099747896194458 -0.19456130266189575 0.9708188772201538 0.1402021050453186 0.04940527305006981 0.19464588165283203 -0.10187909007072449 0.9755682945251465 0.01214851438999176
1305031111.279308 0.9613533020019531 0.21108436584472656 -0.17675812542438507 -0.2922813892364502 -0.188533753156662 0.9725940823554993 0.1360723376274109 0.04299168661236763 0.20063668489456177 -0.09748869389295578 0.9748029112815857 0.014880441129207611
1305031111.311547 0.9659788012504578 0.20219510793685913 -0.1612527072429657 -0.2908119559288025 -0.18392738699913025 0.9754288792610168 0.12128175050020218 0.04971941187977791 0.18181315064430237 -0.08749677985906601 0.9794326424598694 0.008749507367610931
1305031111.343397 0.9656317830085754 0.20372334122657776 -0.1614074856042862 -0.2884289622306824 -0.18431013822555542 0.9745728969573975 0.1274261623620987 0.050751522183418274 0.18326306343078613 -0.09329766035079956 0.9786266088485718 0.010435272008180618
1305031111.379134 0.9652114510536194 0.1969938427209854 -0.1719321459531784 -0.2733067572116852 -0.17551063001155853 0.9755300283432007 0.13242775201797485 0.041301313787698746 0.19381245970726013 -0.09764481335878372 0.9761670231819153 0.014989417046308517
1305031111.411296 0.9652785062789917 0.19525723159313202 -0.17352800071239471 -0.26675230264663696 -0.17620334029197693 0.9770987629890442 0.11929066479206085 0.04498475044965744 0.19284634292125702 -0.08457249402999878 0.9775775074958801 0.013304658234119415
1305031111.443386 0.9602158665657043 0.20434564352035522 -0.19033709168434143 -0.2491185963153839 -0.1831018626689911 0.9753201007843018 0.12338677793741226 0.04243554174900055 0.21085312962532043 -0.08362685143947601 0.9739340543746948 0.017970092594623566
1305031111.479259 0.9609231948852539 0.20013654232025146 -0.1912377029657364 -0.22561538219451904 -0.17917628586292267 0.9762968420982361 0.12140908092260361 0.03387321159243584 0.2110031247138977 -0.08239952474832535 0.974006175994873 0.024145375937223434
1305031111.511264 0.9653716087341309 0.19965490698814392 -0.16791477799415588 -0.21871201694011688 -0.18305207788944244 0.9770093560218811 0.1092902198433876 0.03343635052442551 0.18587461113929749 -0.07476851344108582 0.9797247052192688 0.020487692207098007
1305031111.54325 0.9667991399765015 0.19489692151546478 -0.16527152061462402 -0.20654304325580597 -0.17889049649238586 0.9780447483062744 0.10689538717269897 0.02591840736567974 0.18247660994529724 -0.0737808421254158 0.9804381132125854 0.019425377249717712
1305031111.579237 0.9723713397979736 0.17824451625347137 -0.1507413685321808 -0.19324614107608795 -0.16518671810626984 0.9816559553146362 0.09520938247442245 0.02733861841261387 0.1649467945098877 -0.06767837703227997 0.9839778542518616 0.01690847799181938
1305031111.611271 0.976961076259613 0.1678476780653 -0.1318112015724182 -0.19578176736831665 -0.15660272538661957 0.9834088683128357 0.09155622869729996 0.029541699215769768 0.14499181509017944 -0.06880488991737366 0.987037718296051 0.014738213270902634
1305031111.643395 0.9775552153587341 0.1512114256620407 -0.1466997116804123 -0.1741018146276474 -0.13874821364879608 0.9860620498657227 0.09181837737560272 0.019206462427973747 0.1585390418767929 -0.06940322369337082 0.9849104881286621 0.021570468321442604
1305031111.67932 0.9817172884941101 0.13291732966899872 -0.13625025749206543 -0.15868663787841797 -0.1230299323797226 0.9892836809158325 0.07862230390310287 0.021094830706715584 0.14524045586585999 -0.06042201817035675 0.9875497221946716 0.0172104649245739
1305031111.71176 0.9841574430465698 0.13090664148330688 -0.11957240104675293 -0.1497916877269745 -0.12236346304416656 0.9895540475845337 0.07622350752353668 0.01944107562303543 0.12830156087875366 -0.06038464233279228 0.9898951649665833 0.020656369626522064
1305031111.743386 0.9861331582069397 0.11942344903945923 -0.11523593962192535 -0.12324497848749161 -0.11182102560997009 0.9912354350090027 0.07034502923488617 0.014204729348421097 0.12262681126594543 -0.056483782827854156 0.9908442497253418 0.027147725224494934
1305031111.779423 0.991188645362854 0.10963588207960129 -0.07433094829320908 -0.1163674145936966 -0.10576537251472473 0.9929152131080627 0.054159022867679596 0.018587598577141762 0.07974209636449814 -0.045820169150829315 0.9957618713378906 0.023830145597457886
1305031111.811406 0.9931078553199768 0.10907159745693207 -0.04289674013853073 -0.11268913000822067 -0.10712796449661255 0.9932143092155457 0.04526768624782562 0.01731031760573387 0.04754306375980377 -0.040360257029533386 0.9980534911155701 0.025322943925857544
1305031111.843299 0.9943748712539673 0.10266008228063583 -0.026071622967720032 -0.10156404972076416 -0.10161616653203964 0.9940735101699829 0.038627900183200836 0.015169143676757812 0.029882654547691345 -0.035761307924985886 0.9989135265350342 0.023502180352807045
1305031111.879442 0.995728611946106 0.09171587973833084 -0.010630621574819088 -0.09737618267536163 -0.09123770147562027 0.9950632452964783 0.03904964029788971 0.015543743036687374 0.014159614220261574 -0.03791293501853943 0.999180793762207 0.022638048976659775
1305031111.911354 0.9967478513717651 0.08029517531394958 -0.006812197156250477 -0.09501747786998749 -0.07995841652154922 0.9959843754768372 0.04027283936738968 0.011247296817600727 0.010018554516136646 -0.039597176015377045 0.9991655349731445 0.023756029084324837
1305031111.9433 0.9978446364402771 0.06313413381576538 -0.017893657088279724 -0.0820087343454361 -0.06245455518364906 0.9973880648612976 0.03628448396921158 0.011450301855802536 0.02013770490884781 -0.035088736563920975 0.9991813898086548 0.024062715470790863
1305031111.979449 0.9985482096672058 0.0478617399930954 -0.024715693667531013 -0.06053168326616287 -0.046909842640161514 0.998185396194458 0.037755146622657776 0.007909368723630905 0.026477869600057602 -0.0365409292280674 0.9989814162254333 0.02415679395198822
1305031112.011433 0.9986940622329712 0.05071726813912392 -0.006162539590150118 -0.05512474477291107 -0.05051287263631821 0.9982810020446777 0.02972499653697014 0.00822122860699892 0.007659518625587225 -0.029374895617365837 0.9995390176773071 0.02610967494547367
1305031112.04327 0.9985568523406982 0.05346835404634476 0.0050483644008636475 -0.03997219353914261 -0.0535769909620285 0.9982598423957825 0.024631936103105545 0.004377484787255526 -0.003722548484802246 -0.024866865947842598 0.9996838569641113 0.025417692959308624
1305031112.079339 0.9982421398162842 0.05348294973373413 0.02553635463118553 -0.026976527646183968 -0.053958792239427567 0.9983749985694885 0.018322881311178207 0.0037835666444152594 -0.024514898657798767 -0.019668586552143097 0.999505877494812 0.024397198110818863
1305031112.111423 0.9968007206916809 0.06298567354679108 0.049204327166080475 -0.027284584939479828 -0.06353404372930527 0.9979329705238342 0.009659843519330025 0.005120920483022928 -0.04849418252706528 -0.01275508850812912 0.9987419843673706 0.025047652423381805
1305031112.144342 0.9960229396820068 0.07324723154306412 0.050727084279060364 -0.006635374389588833 -0.07370635122060776 0.9972536563873291 0.00723736546933651 0.005371676292270422 -0.05005766078829765 -0.010947490110993385 0.9986863732337952 0.023975586518645287
1305031112.17939 0.9937588572502136 0.0801771879196167 0.07755579799413681 0.0035309826489537954 -0.08126469701528549 0.9966321587562561 0.01096438616514206 0.002853893209248781 -0.07641550898551941 -0.017198508605360985 0.9969277381896973 0.0228855200111866
1305031112.211254 0.990691065788269 0.09342822432518005 0.09900747239589691 0.008811581879854202 -0.09492214024066925 0.9954294562339783 0.010477021336555481 -0.003599239978939295 -0.0975760817527771 -0.01977749541401863 0.9950315952301025 0.02636634185910225
1305031112.243369 0.9886159300804138 0.10202927887439728 0.11058200150728226 0.025364771485328674 -0.1026756688952446 0.9947149157524109 0.00015149405226111412 -0.009398408234119415 -0.10998210310935974 -0.011503849178552628 0.9938669204711914 0.02346883714199066
1305031112.279353 0.9852416515350342 0.1087418794631958 0.13218988478183746 0.02184663712978363 -0.10828395932912827 0.9940628409385681 -0.010669535025954247 -0.010776211507618427 -0.13256528973579407 -0.003801971208304167 0.991166889667511 0.027806688100099564
1305031112.311312 0.9836026430130005 0.11435887217521667 0.13945558667182922 0.025263821706175804 -0.11244922131299973 0.9934244155883789 -0.021523235365748405 -0.014535574242472649 -0.1409999281167984 0.005488639231771231 0.9899943470954895 0.030983613803982735
1305031112.343323 0.9840103983879089 0.11120936274528503 0.13912612199783325 0.03322312980890274 -0.10776563733816147 0.9936590790748596 -0.032069358974695206 -0.01740320771932602 -0.141810342669487 0.01656356267631054 0.9897552132606506 0.026845790445804596
1305031112.37936 0.9860302209854126 0.10037604719400406 0.1329251229763031 0.043575469404459 -0.09565507620573044 0.9945509433746338 -0.04145415127277374 -0.014998570084571838 -0.13636182248592377 0.028160076588392258 0.9902588129043579 0.02555222436785698
1305031112.411442 0.9879393577575684 0.08987798541784286 0.12608613073825836 0.054183974862098694 -0.08481341600418091 0.9953807592391968 -0.04498744383454323 -0.015463723801076412 -0.1295471042394638 0.03375106677412987 0.9909987449645996 0.02358810417354107
1305031112.443391 0.9886398911476135 0.08047843724489212 0.12694242596626282 0.060068659484386444 -0.07499727606773376 0.9960570931434631 -0.04739011451601982 -0.018297335132956505 -0.130255788564682 0.03733142465353012 0.9907774329185486 0.02325872704386711
1305031112.479418 0.9904243350028992 0.062251802533864975 0.12322424352169037 0.06837857514619827 -0.05604451149702072 0.9970089197158813 -0.0532180480659008 -0.017054567113518715 -0.12616857886314392 0.04580240696668625 0.990950882434845 0.024523593485355377
1305031112.511504 0.9921581745147705 0.046534840017557144 0.11600276082754135 0.07554936408996582 -0.04024288058280945 0.997619092464447 -0.056005142629146576 -0.01823204755783081 -0.11833275109529495 0.05089767277240753 0.9916687607765198 0.024428460747003555
1305031112.543212 0.9932736754417419 0.03952702507376671 0.10883413255214691 0.08331101387739182 -0.03315720707178116 0.9976637959480286 -0.05972849950194359 -0.019611017778515816 -0.11094076186418533 0.05571811646223068 0.992263913154602 0.02304556965827942
1305031112.579252 0.9943194389343262 0.02912433072924614 0.10237452387809753 0.09053479135036469 -0.022823084145784378 0.9978032112121582 -0.062192365527153015 -0.01988518424332142 -0.10396093875169754 0.05950258672237396 0.9927998185157776 0.02187420427799225
1305031112.611261 0.9951372742652893 0.012586234137415886 0.0976899266242981 0.10384979844093323 -0.006398825906217098 0.9979680776596069 -0.06339395046234131 -0.017537796869874 -0.09828932583332062 0.06246058642864227 0.9931957721710205 0.021015968173742294
1305031112.643246 0.993811845779419 -0.0014379071071743965 0.1110672578215599 0.1095721572637558 0.007856178097426891 0.9983220100402832 -0.05737127363681793 -0.01756812259554863 -0.11079839617013931 0.05788882076740265 0.9921554923057556 0.020962059497833252
1305031112.679952 0.992431104183197 -0.008291877806186676 0.12252268195152283 0.11359187960624695 0.014890765771269798 0.9984813332557678 -0.053041405975818634 -0.018782831728458405 -0.12189678847789764 0.05446438491344452 0.9910473823547363 0.022067148238420486
1305031112.711251 0.9911881685256958 -0.012033870443701744 0.13191305100917816 0.11503804475069046 0.018684323877096176 0.9986094832420349 -0.04929419234395027 -0.017929619178175926 -0.13113641738891602 0.051324520260095596 0.9900348782539368 0.021968690678477287
1305031112.743245 0.9902355074882507 -0.02081488072872162 0.13784159719944 0.11833907663822174 0.027270829305052757 0.9986095428466797 -0.045114170759916306 -0.009777669794857502 -0.13671086728572845 0.04843270406126976 0.9894262552261353 0.022678889334201813
1305031112.77931 0.9884054660797119 -0.025317389518022537 0.14971186220645905 0.11423242092132568 0.0296842809766531 0.9991943836212158 -0.027005929499864578 -0.01392432115972042 -0.14890752732753754 0.031136896461248398 0.9883607625961304 0.026415973901748657
1305031112.81131 0.9875906705856323 -0.020199155434966087 0.15574565529823303 0.10366279631853104 0.02375842072069645 0.999496579170227 -0.02102532982826233 -0.017263101413846016 -0.15524257719516754 0.024464700371026993 0.9875733852386475 0.02971915528178215
1305031112.843286 0.9893196821212769 -0.016349008306860924 0.14484277367591858 0.10206492245197296 0.019411403685808182 0.9996163249015808 -0.019754821434617043 -0.011887622997164726 -0.14446425437927246 0.022355441004037857 0.9892574548721313 0.02874172292649746
1305031112.879421 0.9902245402336121 -0.02107447013258934 0.13788045942783356 0.10162539780139923 0.022981232032179832 0.9996609091758728 -0.012251634150743484 -0.01125210803002119 -0.13757547736167908 0.015300542116165161 0.9903731346130371 0.031151555478572845
1305031112.911411 0.9908307194709778 -0.026220913976430893 0.13254036009311676 0.09603551030158997 0.027334876358509064 0.9996046423912048 -0.006591860204935074 -0.01101258397102356 -0.13231512904167175 0.010154396295547485 0.991155743598938 0.0318123996257782
1305031112.943321 0.9919720888137817 -0.023916924372315407 0.12417519837617874 0.0896073505282402 0.0244576558470726 0.9996969103813171 -0.0028317864052951336 -0.010865562595427036 -0.12406984716653824 0.005846076179295778 0.9922562837600708 0.03229638561606407
1305031112.979278 0.993740975856781 -0.020256418734788895 0.10985793173313141 0.08800531923770905 0.020719589665532112 0.9997807145118713 -0.0030760555528104305 -0.009548218920826912 -0.10977153480052948 0.005333001259714365 0.9939425587654114 0.030610311776399612
1305031113.011353 0.9944899082183838 -0.019389593973755836 0.10302557796239853 0.08353732526302338 0.019649215042591095 0.9998059272766113 -0.0015055828262120485 -0.006248443387448788 -0.10297641158103943 0.0035216466058045626 0.9946776032447815 0.027887478470802307
1305031113.043231 0.9946050643920898 -0.0138740548864007 0.10280266404151917 0.07485038042068481 0.01310001127421856 0.9998806118965149 0.008200757205486298 -0.007197835482656956 -0.10290418565273285 -0.0068098087795078754 0.9946679472923279 0.02988911047577858
1305031113.079251 0.9948415756225586 -0.003186351153999567 0.1013898029923439 0.06254807114601135 0.0018138641025871038 0.999905526638031 0.013626179657876492 -0.014119601808488369 -0.10142362862825394 -0.013371997512876987 0.9947535395622253 0.02924458310008049
1305031113.111316 0.9959778189659119 0.006279447581619024 0.08937941491603851 0.05577779933810234 -0.0067198388278484344 0.9999666810035706 0.004627294838428497 -0.008940357714891434 -0.08934737741947174 -0.005209309048950672 0.9959869980812073 0.026339765638113022
1305031113.143306 0.9966554641723633 0.008134173229336739 0.08131170272827148 0.05088014155626297 -0.008628754876554012 0.9999462962150574 0.00573312770575285 -0.002860554028302431 -0.08126069605350494 -0.0064155831933021545 0.9966723322868347 0.02393188513815403
1305031113.179343 0.9968090057373047 0.00501271104440093 0.07966578751802444 0.040170539170503616 -0.006162805017083883 0.9998801946640015 0.014197335578501225 -0.00724127609282732 -0.07958506792783737 -0.014643009752035141 0.996720552444458 0.02339758910238743
1305031113.211259 0.997735321521759 0.004889393225312233 0.06708400696516037 0.032965004444122314 -0.005559546407312155 0.9999364614486694 0.009806711226701736 -0.006285418290644884 -0.06703179329633713 -0.010157459415495396 0.9976991415023804 0.022703509777784348
1305031113.243227 0.998632550239563 0.0027788877487182617 0.05220450088381767 0.024315403774380684 -0.0033298649359494448 0.9999396800994873 0.010470187291502953 -0.0009197673061862588 -0.05217226594686508 -0.010629706084728241 0.9985814690589905 0.01885364204645157
1305031113.279312 0.9991954565048218 -0.0010202258126810193 0.04009174555540085 0.015867138281464577 0.00015932282258290797 0.9997694492340088 0.021470651030540466 -0.008503333665430546 -0.04010440781712532 -0.021446991711854935 0.998965322971344 0.018503515049815178
1305031113.311452 0.9994789361953735 -0.006326701492071152 0.0316513329744339 -0.003920920193195343 0.005887440871447325 0.9998853206634521 0.01395210437476635 -0.010693702846765518 -0.031735971570014954 -0.013758488930761814 0.9994015693664551 0.022046664729714394
1305031113.343252 0.9999573230743408 -0.0034552174620330334 0.008569872938096523 -0.013166758231818676 0.0034677337389439344 0.9999929666519165 -0.0014460794627666473 -0.0019910759292542934 -0.008564815856516361 0.0014757358003407717 0.9999622106552124 0.017413802444934845
1305031113.379312 0.9999752640724182 0.00187338434625417 -0.006780619733035564 -0.026594212278723717 -0.001842507510446012 0.9999879002571106 0.004557060543447733 0.0002601841406431049 0.006789074745029211 -0.004544454626739025 0.9999666213989258 0.01679747737944126
1305031113.411625 0.9998129606246948 0.0026729211676865816 -0.019150657579302788 -0.03969619795680046 -0.002528424607589841 0.9999681711196899 0.007565481588244438 -0.004947036504745483 0.01917027309536934 -0.007515646517276764 0.9997879862785339 0.018432417884469032
1305031113.443266 0.9994571805000305 0.012906583957374096 -0.030308350920677185 -0.05505107715725899 -0.012943094596266747 0.9999157786369324 -0.001008721999824047 0.0023187350016087294 0.030292779207229614 0.0014004572294652462 0.9995400905609131 0.01868346706032753
1305031113.479311 0.9987406730651855 0.025183066725730896 -0.04339253529906273 -0.0684497281908989 -0.024972788989543915 0.9996736645698547 0.005381239112466574 0.004896969068795443 0.04351389408111572 -0.004290829878300428 0.9990436434745789 0.0170222669839859
1305031113.511523 0.9981557726860046 0.030687015503644943 -0.052378375083208084 -0.08295822143554688 -0.030011581256985664 0.9994565844535828 0.01363365724682808 0.004653398413211107 0.0527682788670063 -0.012036556378006935 0.9985342025756836 0.01857888512313366
1305031113.543242 0.9974650740623474 0.03837596997618675 -0.05992184951901436 -0.09874968975782394 -0.03730982542037964 0.999126672744751 0.018811237066984177 0.0033621913753449917 0.06059142202138901 -0.016527876257896423 0.9980257749557495 0.01745585910975933
1305031113.579301 0.9963366389274597 0.04883788898587227 -0.07020224630832672 -0.1082165539264679 -0.04776814952492714 0.9987165331840515 0.016837775707244873 0.007282382342964411 0.0709344670176506 -0.013422666117548943 0.9973905682563782 0.015387002378702164
1305031113.611268 0.9954580664634705 0.05772610753774643 -0.0757032260298729 -0.12057432532310486 -0.05615000054240227 0.9981621503829956 0.022787053138017654 0.00892762653529644 0.07687950134277344 -0.018432816490530968 0.9968699812889099 0.01768144592642784
1305031113.643222 0.9949489831924438 0.06576128304004669 -0.0758424773812294 -0.13101361691951752 -0.06381803005933762 0.9975749254226685 0.02776980772614479 0.009723193012177944 0.07748474180698395 -0.022789418697357178 0.9967330098152161 0.01763998530805111
1305031113.679288 0.9945753216743469 0.07235081493854523 -0.07473450154066086 -0.14169029891490936 -0.07015306502580643 0.9970345497131348 0.03162873536348343 0.008488763123750687 0.07680124789476395 -0.02621430903673172 0.996701717376709 0.0178864523768425
1305031113.711931 0.9938912987709045 0.08179829269647598 -0.07408857345581055 -0.15128666162490845 -0.07959248125553131 0.9963054060935974 0.03225602209568024 0.008687319234013557 0.0764533206820488 -0.02616208977997303 0.9967299103736877 0.01782606542110443
1305031113.74359 0.9934633374214172 0.09124958515167236 -0.06858677417039871 -0.16160255670547485 -0.08933531492948532 0.9955349564552307 0.03048408031463623 0.010027753189206123 0.07106216251850128 -0.02415759488940239 0.9971793293952942 0.017306281253695488
1305031113.77932 0.9928215742111206 0.1006048247218132 -0.06468374282121658 -0.16961467266082764 -0.09878233075141907 0.9946326613426208 0.030789947137236595 0.007367169950157404 0.06743417680263519 -0.024179313331842422 0.9974306225776672 0.01593310758471489
1305031113.811237 0.9926207065582275 0.10311529785394669 -0.06380786746740341 -0.17871294915676117 -0.10149779170751572 0.994438886642456 0.028100479394197464 0.009455204010009766 0.06635060161352158 -0.021416757255792618 0.9975664019584656 0.015661105513572693
1305031113.843295 0.9922122359275818 0.11053310334682465 -0.05742393434047699 -0.1904631108045578 -0.1091315820813179 0.993660569190979 0.027003969997167587 0.01288637612015009 0.06004470959305763 -0.020526904612779617 0.9979845881462097 0.015003775246441364
1305031113.879281 0.9912177324295044 0.12119189649820328 -0.05291416868567467 -0.20630615949630737 -0.11990800499916077 0.9924229979515076 0.02681071311235428 0.008974133990705013 0.05576246231794357 -0.020230421796441078 0.9982390999794006 0.01637110486626625
1305031113.91129 0.9911370277404785 0.11968904733657837 -0.05763700604438782 -0.21408481895923615 -0.11877575516700745 0.9927387237548828 0.019031275063753128 0.013323654420673847 0.059496305882930756 -0.012016721069812775 0.9981562495231628 0.01601705513894558
1305031113.943291 0.9905353784561157 0.12477622181177139 -0.057190027087926865 -0.22024276852607727 -0.12417252361774445 0.992161750793457 0.014004736207425594 0.013593385927379131 0.058489229530096054 -0.0067707570269703865 0.9982650876045227 0.017688807100057602
1305031113.979293 0.989501953125 0.13461294770240784 -0.05258697271347046 -0.23236307501792908 -0.13445663452148438 0.9908981323242188 0.006515835411846638 0.015048357658088207 0.052985452115535736 0.0006232350133359432 0.9985951781272888 0.017699986696243286
1305031114.011257 0.9882690906524658 0.1446726769208908 -0.048928312957286835 -0.24634438753128052 -0.14493243396282196 0.9894400238990784 -0.001784403808414936 0.018430758267641068 0.048153478652238846 0.008854768238961697 0.9988008141517639 0.016896545886993408
1305031114.043301 0.9875123500823975 0.14882060885429382 -0.05168969929218292 -0.2613438069820404 -0.14917747676372528 0.9888055324554443 -0.0030943695455789566 0.018822163343429565 0.05065057426691055 0.010766670107841492 0.9986584782600403 0.017039794474840164
1305031114.079285 0.9867451190948486 0.15036648511886597 -0.06102466583251953 -0.2745846211910248 -0.15104980766773224 0.9885033965110779 -0.006717310287058353 0.01968272775411606 0.059313029050827026 0.015846040099859238 0.9981136918067932 0.016625534743070602
1305031114.111263 0.9849637746810913 0.15572962164878845 -0.07479705661535263 -0.27582746744155884 -0.15678676962852478 0.9875964522361755 -0.008439665660262108 0.020453672856092453 0.07255500555038452 0.020039955154061317 0.9971630573272705 0.015420963987708092
1305031114.143284 0.9830506443977356 0.1617303490638733 -0.08634084463119507 -0.28415143489837646 -0.16289271414279938 0.986622154712677 -0.0065444777719676495 0.021050531417131424 0.08412733674049377 0.020497847348451614 0.9962441325187683 0.017382243648171425
1305031114.179337 0.9817758798599243 0.16549868881702423 -0.09341422468423843 -0.29121774435043335 -0.16691865026950836 0.9859417676925659 -0.007543063256889582 0.017295250669121742 0.09085261076688766 0.02299817092716694 0.9955987334251404 0.01837560534477234
1305031114.211303 0.9810522794723511 0.16966883838176727 -0.0935351774096489 -0.30160000920295715 -0.17181068658828735 0.9850115180015564 -0.015283546410501003 0.0254007987678051 0.08954007923603058 0.03106430172920227 0.9954986572265625 0.01589779555797577
1305031114.243337 0.9795174598693848 0.1780300736427307 -0.09407813847064972 -0.31662440299987793 -0.1798156201839447 0.9836412072181702 -0.010787086561322212 0.02668284997344017 0.09061868488788605 0.027482856065034866 0.9955064058303833 0.01803131029009819
1305031114.27939 0.977604866027832 0.18231353163719177 -0.10511977225542068 -0.32846570014953613 -0.18421897292137146 0.9828473925590515 -0.00862850621342659 0.026904121041297913 0.10174359381198883 0.02780032716691494 0.994422197341919 0.016561884433031082
1305031114.311429 0.9756849408149719 0.18233805894851685 -0.12162097543478012 -0.33697986602783203 -0.18447355926036835 0.9828164577484131 -0.006440370809286833 0.03079969435930252 0.11835677921772003 0.028719628229737282 0.9925557374954224 0.01923760026693344
1305031114.343331 0.9730325937271118 0.18726962804794312 -0.13467498123645782 -0.34222421050071716 -0.18925289809703827 0.9819265007972717 -0.001962320413440466 0.030542055144906044 0.1318734586238861 0.02739703468978405 0.9908879995346069 0.021594099700450897
1305031114.37932 0.970687985420227 0.19528456032276154 -0.14010152220726013 -0.34864145517349243 -0.19726455211639404 0.9803503155708313 -0.00025074928998947144 0.030009960755705833 0.13729961216449738 0.027880467474460602 0.9901371598243713 0.02345949411392212
1305031114.411397 0.9684665203094482 0.2046617716550827 -0.14207787811756134 -0.3587406873703003 -0.20684832334518433 0.9783728122711182 -0.0006344388821162283 0.030215391889214516 0.13887527585029602 0.030003007501363754 0.9898552894592285 0.021315719932317734
1305031114.443345 0.9664828777313232 0.20890727639198303 -0.14922654628753662 -0.3688802123069763 -0.2112378180027008 0.9774346351623535 0.00023804185912013054 0.03249814361333847 0.1459088772535324 0.03129221871495247 0.9888030886650085 0.022061575204133987
1305031114.479332 0.9639204144477844 0.21163441240787506 -0.16145636141300201 -0.37868914008140564 -0.21371112763881683 0.9768860936164856 0.004596835933625698 0.03129035606980324 0.15869729220867157 0.030074037611484528 0.9868691563606262 0.020593691617250443
1305031114.511266 0.9600039124488831 0.21638299524784088 -0.1776818335056305 -0.38377392292022705 -0.21874511241912842 0.9757608771324158 0.006426823791116476 0.03470252826809883 0.17476561665534973 0.03269726410508156 0.9840670228004456 0.022164471447467804
