0.1033914 0.9999985098838806 0.0008519742987118661 0.0015138792805373669 -0.0004081826191395521 -0.0008447562577202916 0.9999882578849792 -0.004762319847941399 -0.0001289190840907395 -0.0015179188922047615 0.004761033225804567 0.9999875426292419 0.06800419837236404
0.2071056 0.9999961256980896 -0.0014978094259276986 0.002325973939150572 -0.0002799449139274657 0.0015105769271031022 0.9999837279319763 -0.0054970839992165565 -3.535440191626549e-05 -0.002317702164873481 0.005500576924532652 0.9999821782112122 0.13602076470851898
0.3102615 0.999992311000824 -0.003152972785755992 0.0023228556383401155 -0.00016718319966457784 0.0031561823561787605 0.9999939799308777 -0.001379492343403399 -0.0002114674134645611 -0.002318492392078042 0.001386813004501164 0.9999963641166687 0.20415644347667694
0.4136209 0.9999833703041077 -0.00552135705947876 0.0016647963784635067 -3.877372364513576e-05 0.005513550713658333 0.9999738931655884 0.004657912068068981 -0.0002968115732073784 -0.0016904710792005062 -0.004648656118661165 0.999987781047821 0.2720146179199219
0.5179293 0.9999594688415527 -0.008983740583062172 0.0005451171309687197 -0.0001271555811399594 0.00898114126175642 0.999949038028717 0.004595295060425997 -1.1728378012776375e-05 -0.000586372276302427 -0.004590214230120182 0.9999892115592957 0.33914631605148315
0.6203887 0.999932587146759 -0.011605349369347095 -0.00032847325201146305 -0.0002709160326048732 0.01160589698702097 0.9999312162399292 0.0017086853040382266 0.00020878331270068884 0.0003086207725573331 -0.0017123824218288064 0.9999985098838806 0.4056496322154999
0.7242193 0.9999247789382935 -0.01222564373165369 -0.0010048551484942436 -0.0005018436932004988 0.012223823927342892 0.999923586845398 -0.0017966083250939846 0.0004097630735486746 0.0010267433244735003 0.0017841903027147055 0.9999978542327881 0.4718966484069824
0.8272107 0.9999299645423889 -0.011685679666697979 -0.0018476751865819097 -0.0007425063522532582 0.011681214906275272 0.9999288320541382 -0.002409300534054637 0.00044099148362874985 0.0018756984500214458 0.0023875494953244925 0.9999954104423523 0.5381682515144348
0.930557 0.9999276399612427 -0.011634732596576214 -0.003036316717043519 -0.0009481785236857831 0.01163292583078146 0.9999321103096008 -0.0006111940019764006 0.00040892697870731354 0.0030432213097810745 0.0005758285988122225 0.9999951720237732 0.6043525338172913
1.03407 0.9999314546585083 -0.011157602071762085 -0.0035482882522046566 -0.0016685554292052984 0.011165737174451351 0.9999350309371948 0.0022809060756117105 0.0005207983776926994 0.003522608196362853 -0.002320368541404605 0.9999910593032837 0.670420229434967
1.137438 0.999925434589386 -0.011327540501952171 -0.004567652475088835 -0.002113837283104658 0.011343739926815033 0.9999293684959412 0.003536011092364788 0.0008865247946232557 0.004527275916188955 -0.0035875611938536167 0.9999833106994629 0.7361586093902588
1.244258 0.9999076128005981 -0.012624192982912064 -0.005040042567998171 -0.0025465660728514194 0.01264697965234518 0.9999097585678101 0.004514835774898529 0.0008055474609136581 0.004982592072337866 -0.004578160587698221 0.9999771118164062 0.8013021945953369
1.344229 0.9999085068702698 -0.01238480769097805 -0.005425486713647842 -0.003660414135083556 0.01240728422999382 0.9999144673347473 0.004128675442188978 0.0012830428313463926 0.005373889580368996 -0.004195614252239466 0.9999767541885376 0.867394745349884
1.447568 0.9998974800109863 -0.012923216447234154 -0.0061675431206822395 -0.004300988279283047 0.012941649183630943 0.9999118447303772 0.0029577387031167746 0.0015940637094900012 0.006128775887191296 -0.0030372533947229385 0.999976634979248 0.9311100244522095
1.551083 0.999885082244873 -0.013346504420042038 -0.007180339656770229 -0.005389323458075523 0.013358782045543194 0.9999093413352966 0.0016647030133754015 0.0010712979128584266 0.007157470565289259 -0.0017604321474209428 0.9999728202819824 0.9955710172653198
1.654521 0.9998468160629272 -0.014827600680291653 -0.009300033561885357 -0.005580398254096508 0.01482709962874651 0.9998900890350342 -0.00012276193592697382 0.001661099260672927 0.009300830774009228 -1.5149384125834331e-05 0.9999567270278931 1.060693383216858
1.757843 0.9998325109481812 -0.014551481232047081 -0.011101586744189262 -0.00600802106782794 0.014546738006174564 0.9998940825462341 -0.0005079878028482199 0.0013977410271763802 0.011107802391052246 0.0003464108449406922 0.9999382495880127 1.1253538131713867
1.861353 0.9998478293418884 -0.012812120839953423 -0.011833122931420803 -0.008570916950702667 0.01279225293546915 0.9999166131019592 -0.0017532444326207042 0.0017459029331803322 0.01185460016131401 0.0016016054432839155 0.9999284744262695 1.1890130043029785
1.964724 0.9998441934585571 -0.011487290263175964 -0.01339535228908062 -0.00970240868628025 0.01146671175956726 0.9999330043792725 -0.0016120747895911336 0.0015425228048115969 0.013412972912192345 0.0014582232106477022 0.999908983707428 1.25286066532135
2.068236 0.9998102784156799 -0.012182115577161312 -0.01519703771919012 -0.010739157907664776 0.01217197347432375 0.9999256134033203 -0.000759809510782361 0.0015388294123113155 0.015205164439976215 0.0005746874958276749 0.9998841881752014 1.3156743049621582
2.17162 0.9998053312301636 -0.01138007827103138 -0.016115285456180573 -0.01272139884531498 0.01138389203697443 0.9999352097511292 0.00014500966062769294 0.0018088552169501781 0.016112593933939934 -0.0003284361446276307 0.9998701214790344 1.3794586658477783
2.275131 0.9997698068618774 -0.011346031911671162 -0.018208125606179237 -0.013338579796254635 0.01136633288115263 0.9999349117279053 0.0010118918726220727 0.0018014952074736357 0.018195461481809616 -0.001218618592247367 0.9998337030410767 1.4426500797271729
2.378626 0.9997433423995972 -0.012231848202645779 -0.01907120645046234 -0.015261336229741573 0.012246806174516678 0.9999248385429382 0.0006677036872133613 0.001898151938803494 0.019061606377363205 -0.0009010935318656266 0.9998179078102112 1.5058680772781372
2.48201 0.9996820688247681 -0.012902669608592987 -0.021662170067429543 -0.01576855406165123 0.012921011075377464 0.9999162554740906 0.0007069644052535295 0.0015803046990185976 0.02165123075246811 -0.0009866367327049375 0.9997650980949402 1.5675203800201416
2.585514 0.9996642470359802 -0.012878806330263615 -0.02248632349073887 -0.01807311736047268 0.012909024953842163 0.9999159574508667 0.0011991416104137897 0.0014211186207830906 0.022468993440270424 -0.0014890155289322138 0.9997464418411255 1.628692626953125
2.689023 0.999640166759491 -0.012541787698864937 -0.023709701374173164 -0.019546162337064743 0.012619715183973312 0.9999154210090637 0.0031400113366544247 0.0017355275340378284 0.023668313398957253 -0.0034380906727164984 0.9997140765190125 1.6900304555892944
2.793694 0.9995964765548706 -0.013714834116399288 -0.024873806163668633 -0.02096206694841385 0.01386712770909071 0.9998860359191895 0.005960477516055107 0.0019038999453186989 0.024789225310087204 -0.00630300072953105 0.9996728897094727 1.7511770725250244
2.896139 0.9995968341827393 -0.013620494864881039 -0.02491234615445137 -0.02307869680225849 0.01380836870521307 0.999877393245697 0.00738506019115448 0.0022923704236745834 0.024808701127767563 -0.007726083509624004 0.9996623396873474 1.8110309839248657
2.999556 0.9996020793914795 -0.012655467726290226 -0.0252099446952343 -0.025606149807572365 0.012805490754544735 0.9999012351036072 0.005798500496894121 0.002706044353544712 0.025134071707725525 -0.0061190202832221985 0.9996652603149414 1.8701413869857788
3.103545 0.9995934367179871 -0.011039323173463345 -0.02628563717007637 -0.027002202346920967 0.011135084554553032 0.9999318718910217 0.003499576123431325 0.0027873259969055653 0.02624521218240261 -0.0037908467929810286 0.9996482729911804 1.9266842603683472
3.206573 0.9995961785316467 -0.01046336255967617 -0.02641698531806469 -0.029538273811340332 0.010518220253288746 0.9999428391456604 0.0019385963678359985 0.003020268166437745 0.02639518864452839 -0.0022156736813485622 0.9996491074562073 1.9846220016479492
3.310078 0.9995557069778442 -0.01010072510689497 -0.028042661026120186 -0.030549906194210052 0.010153807699680328 0.9999468922615051 0.0017511546611785889 0.0028348369523882866 0.028023481369018555 -0.00203511631116271 0.9996051788330078 2.0407185554504395
3.413963 0.9995248317718506 -0.009897948242723942 -0.029191456735134125 -0.03258682042360306 0.009945044293999672 0.9999495148658752 0.0014686397043988109 0.002818081295117736 0.029175445437431335 -0.0017582523869350553 0.99957275390625 2.0964293479919434
3.517076 0.9994577765464783 -0.00995081476867199 -0.03138458728790283 -0.03439360111951828 0.00997144728899002 0.9999501705169678 0.0005009946180507541 0.002654464915394783 0.03137803077697754 -0.0008136729593388736 0.9995071887969971 2.151522159576416
3.620721 0.9993998408317566 -0.009345180355012417 -0.03335728123784065 -0.03679921478033066 0.009365499950945377 0.9999560713768005 0.00045287894317880273 0.002569022122770548 0.033351581543684006 -0.0007650145562365651 0.9994434118270874 2.2057313919067383
3.724674 0.9993216395378113 -0.009690796956419945 -0.03552955761551857 -0.038622062653303146 0.00974896177649498 0.9999514222145081 0.0014642083551734686 0.0030705402605235577 0.03551364690065384 -0.0018095915438607335 0.9993674755096436 2.2617053985595703
3.827725 0.9992519617080688 -0.009666561149060726 -0.03744632378220558 -0.04067991301417351 0.009805784560739994 0.9999457597732544 0.003536094445735216 0.0033541368320584297 0.03741011396050453 -0.003900639247149229 0.9992923736572266 2.316333532333374
3.931241 0.9991855025291443 -0.00882576871663332 -0.039373550564050674 -0.043484557420015335 0.009030326269567013 0.9999465346336365 0.005020490847527981 0.003550969995558262 0.03932713344693184 -0.005371958017349243 0.9992120862007141 2.3690009117126465
4.034871 0.9991219639778137 -0.007273086346685886 -0.04125811532139778 -0.0459434874355793 0.007496313191950321 0.9999580979347229 0.005258388817310333 0.0036684675142169 0.04121813923120499 -0.005563056096434593 0.9991347193717957 2.4211583137512207
4.142151 0.9990584254264832 -0.005199001636356115 -0.04307256639003754 -0.04895346239209175 0.005395900458097458 0.9999754428863525 0.004456312861293554 0.003872809000313282 0.04304834455251694 -0.004684532526880503 0.9990620017051697 2.4729278087615967
4.243437 0.9989926218986511 -0.0036550797522068024 -0.0447256825864315 -0.05185779556632042 0.0038407272659242153 0.9999843239784241 0.004065565764904022 0.003753441385924816 0.044710125774145126 -0.004233248066157103 0.9989910125732422 2.523329734802246
4.345966 0.9989122748374939 -0.0029815156012773514 -0.04653344303369522 -0.05410734564065933 0.0032168878242373466 0.9999824166297913 0.004984053783118725 0.004261290654540062 0.04651777073740959 -0.005128325428813696 0.998904287815094 2.5725269317626953
4.449183 0.9988618493080139 -0.001755179138854146 -0.04766647517681122 -0.05656687915325165 0.002068706788122654 0.9999765753746033 0.006528992205858231 0.004858407191932201 0.047653887420892715 -0.006620168685913086 0.9988420009613037 2.6218833923339844
4.552519 0.9988576173782349 0.0009885851759463549 -0.04777566343545914 -0.05929362028837204 -0.00064615294104442 0.9999740123748779 0.0071824160404503345 0.005014294758439064 0.04778152331709862 -0.007143340539187193 0.9988322854042053 2.6705849170684814
4.656235 0.9989053606987 0.004535922780632973 -0.046557988971471786 -0.06258192658424377 -0.004290021490305662 0.999976396560669 0.005380196496844292 0.0049584126099944115 0.04658130183815956 -0.005174572113901377 0.9989010691642761 2.717771053314209
4.760815 0.998986542224884 0.005608682986348867 -0.044657573103904724 -0.06504380702972412 -0.00552131375297904 0.9999825954437256 0.0020794952288269997 0.005017424933612347 0.04466845467686653 -0.0018308195285499096 0.9990001916885376 2.763521671295166
4.863788 0.9990779757499695 0.006191166117787361 -0.042483583092689514 -0.06714098900556564 -0.006192397326231003 0.9999808073043823 0.0001025970559567213 0.005360729992389679 0.04248340427875519 0.00016057281754910946 0.9990971088409424 2.8084311485290527
4.966824 0.9992016553878784 0.007512449752539396 -0.03924154117703438 -0.06951204687356949 -0.007475738879293203 0.9999714493751526 0.0010822106851264834 0.0054115550592541695 0.03924855589866638 -0.0007879871409386396 0.9992291927337646 2.85579252243042
5.073257 0.9992667436599731 0.011640018783509731 -0.036474041640758514 -0.07134649157524109 -0.011517602950334549 0.999927282333374 0.0035645412281155586 0.005837239790707827 0.03651288524270058 -0.0031418344005942345 0.9993282556533813 2.90098237991333
5.174268 0.9993528127670288 0.016174929216504097 -0.03212890401482582 -0.07383745163679123 -0.01593858376145363 0.9998440146446228 0.0075986869633197784 0.00516284815967083 0.032246802002191544 -0.007081679999828339 0.9994547963142395 2.9454708099365234
5.277498 0.9993964433670044 0.021289804950356483 -0.02745058573782444 -0.07632413506507874 -0.021066689863801003 0.9997428059577942 0.00839161779731512 0.0054925717413425446 0.02762218564748764 -0.007808261550962925 0.9995879530906677 2.988384485244751
5.381142 0.9994352459907532 0.024839239194989204 -0.022631384432315826 -0.07684396207332611 -0.024651432409882545 0.9996596574783325 0.008539947681128979 0.005929669365286827 0.022835804149508476 -0.007977229543030262 0.9997074007987976 3.0305304527282715
5.484644 0.9994449615478516 0.028866739943623543 -0.016626497730612755 -0.07803264260292053 -0.028694739565253258 0.9995332360267639 0.01049234438687563 0.006375540047883987 0.01692161150276661 -0.010009429417550564 0.9998067617416382 3.0714077949523926
5.588095 0.9993749260902405 0.03381428122520447 -0.010311122052371502 -0.07870486378669739 -0.03369078412652016 0.9993610978126526 0.011924020946025848 0.006423387676477432 0.010707737877964973 -0.01156917680054903 0.9998757243156433 3.111229419708252
5.691619 0.999310314655304 0.0369701161980629 -0.0034443819895386696 -0.07834912091493607 -0.036928556859493256 0.999252438545227 0.011434938758611679 0.006618417799472809 0.003864558879286051 -0.0112998578697443 0.9999286532402039 3.148669719696045
5.795223 0.9991665482521057 0.040603157132864 0.004169710911810398 -0.07930205017328262 -0.04064881056547165 0.9991070628166199 0.011520949192345142 0.006856001913547516 -0.0036982002202421427 -0.011680841445922852 0.9999249577522278 3.1852002143859863
5.898736 0.9989305138587952 0.044796403497457504 0.011440884321928024 -0.07884305715560913 -0.04492335021495819 0.9989288449287415 0.01109117642045021 0.007122300565242767 -0.01093178428709507 -0.01159327756613493 0.9998730421066284 3.221748113632202
6.002373 0.9986035823822021 0.04921700805425644 0.01919877715408802 -0.07905514538288116 -0.04938168823719025 0.9987463355064392 0.008199606090784073 0.007413569837808609 -0.01877114363014698 -0.009136224165558815 0.9997820854187012 3.254448413848877
6.10587 0.9983038902282715 0.05140906572341919 0.02732483670115471 -0.07853609323501587 -0.05157274752855301 0.9986550807952881 0.005319047719240189 0.007285436615347862 -0.027014637365937233 -0.006719241850078106 0.9996124505996704 3.2861454486846924
6.209506 0.998033881187439 0.051690712571144104 0.03544605150818825 -0.07767622917890549 -0.051893677562475204 0.9986409544944763 0.004829484038054943 0.007757123559713364 -0.03514823690056801 -0.006659413687884808 0.9993599057197571 3.3163042068481445
6.313021 0.9977658987045288 0.05110298469662666 0.04303077608346939 -0.07560846209526062 -0.051427170634269714 0.9986558556556702 0.0064602321945130825 0.007488326169550419 -0.04264279827475548 -0.008658750914037228 0.9990528225898743 3.3445606231689453
6.416516 0.9972828030586243 0.05284154787659645 0.05132864788174629 -0.07444238662719727 -0.05327580124139786 0.9985544085502625 0.007128404453396797 0.00752737931907177 -0.05087777227163315 -0.009843610227108002 0.9986563324928284 3.3726513385772705
6.524037 0.9966446757316589 0.05585175007581711 0.05983273684978485 -0.07271827757358551 -0.05636816471815109 0.9983857870101929 0.006977022159844637 0.00785793922841549 -0.05934647098183632 -0.010326274670660496 0.9981840252876282 3.397840976715088
6.623722 0.99577796459198 0.060647428035736084 0.06890542060136795 -0.07201965153217316 -0.06125672906637192 0.9980992078781128 0.0067625283263623714 0.007517607882618904 -0.06836429983377457 -0.010954898782074451 0.997600257396698 3.4205055236816406
6.727294 0.9948806762695312 0.06414471566677094 0.07808691263198853 -0.0704476535320282 -0.06485046446323395 0.9978737235069275 0.006533544510602951 0.007740059867501259 -0.07750177383422852 -0.011564072221517563 0.9969251155853271 3.4414939880371094
6.830809 0.994199812412262 0.06318867951631546 0.08702657371759415 -0.06769496202468872 -0.06403906643390656 0.9979228973388672 0.007012080401182175 0.007683843374252319 -0.08640270680189133 -0.012544510886073112 0.996181309223175 3.46211838722229
6.934429 0.9932326674461365 0.06259561330080032 0.0978299155831337 -0.06606802344322205 -0.06344012916088104 0.9979702234268188 0.005542701110243797 0.007216854020953178 -0.09728438407182693 -0.011711535044014454 0.9951876997947693 3.4804234504699707
7.038067 0.9921079277992249 0.061169449239969254 0.10945402830839157 -0.06260755658149719 -0.06168175861239433 0.9980950355529785 0.0012976862490177155 0.006708645261824131 -0.10916615277528763 -0.008038762956857681 0.993990957736969 3.4985239505767822
7.141701 0.9905381798744202 0.062227535992860794 0.12231890112161636 -0.05911925435066223 -0.06235698238015175 0.9980500936508179 -0.0027733277529478073 0.006507265381515026 -0.12225296348333359 -0.004880349151790142 0.9924870133399963 3.5172250270843506
7.24533 0.9882943034172058 0.06388623267412186 0.13853846490383148 -0.05755564570426941 -0.06379848718643188 0.9979498982429504 -0.005078533664345741 0.006845999509096146 -0.13857890665531158 -0.0038194572553038597 0.9903439879417419 3.535670280456543
7.3533 0.9858716130256653 0.06555663049221039 0.1541413962841034 -0.05339163541793823 -0.0653732419013977 0.9978411793708801 -0.006263650022447109 0.0067321062088012695 -0.15421928465366364 -0.003901567542925477 0.9880289435386658 3.5537407398223877
7.452592 0.9830399751663208 0.06588435173034668 0.1711481362581253 -0.04952281713485718 -0.06549368053674698 0.9978214502334595 -0.007934113033115864 0.006999438628554344 -0.17129798233509064 -0.0034095714800059795 0.9852133989334106 3.5720055103302
7.55658 0.9797887802124023 0.06492171436548233 0.18920627236366272 -0.04517263174057007 -0.06436527520418167 0.99788498878479 -0.00909072533249855 0.006694301962852478 -0.18939626216888428 -0.0032713222317397594 0.9818953275680542 3.5894477367401123
7.663357 0.9759727120399475 0.06399179250001907 0.20828381180763245 -0.039410948753356934 -0.06343377381563187 0.9979421496391296 -0.009364435449242592 0.006409585475921631 -0.208454430103302 -0.004072795156389475 0.9780235886573792 3.6073825359344482
7.763356 0.9712821841239929 0.06451472640037537 0.2290167212486267 -0.036003828048706055 -0.06379396468400955 0.9979072213172913 -0.010557146742939949 0.006193973124027252 -0.22921854257583618 -0.004355916287750006 0.9733651876449585 3.6247432231903076
7.866988 0.9660638570785522 0.06646081805229187 0.24960678815841675 -0.030147254467010498 -0.06528221070766449 0.9977820515632629 -0.013006944209337234 0.006260879337787628 -0.24991761147975922 -0.0037293466739356518 0.968259871006012 3.6419589519500732
7.970621 0.9597737193107605 0.06791362911462784 0.27243736386299133 -0.024434924125671387 -0.06634100526571274 0.9976843595504761 -0.014990638941526413 0.0054085589945316315 -0.27282458543777466 -0.0036861496046185493 0.9620567560195923 3.6584606170654297
8.07425 0.9524562358856201 0.06901566684246063 0.29675567150115967 -0.018439292907714844 -0.06722240149974823 0.997605562210083 -0.01625586301088333 0.0054449960589408875 -0.297167032957077 -0.004465633537620306 0.9548150897026062 3.6757290363311768
8.177962 0.9438257813453674 0.07239817827939987 0.3224148750305176 -0.011361122131347656 -0.07058970630168915 0.997355043888092 -0.01731404848396778 0.005386393517255783 -0.32281577587127686 -0.006417729891836643 0.9464401602745056 3.693302631378174
8.283921 0.9340179562568665 0.07357308268547058 0.3495674133300781 -0.0034066438674926758 -0.07175128161907196 0.997256875038147 -0.01817752607166767 0.004261374473571777 -0.34994590282440186 -0.008103775791823864 0.9367348551750183 3.7104504108428955
8.385961 0.9228029251098633 0.07483568042516708 0.37793442606925964 0.004859209060668945 -0.07278072834014893 0.9971526265144348 -0.019739719107747078 0.0038238614797592163 -0.37833553552627563 -0.009290485642850399 0.9256219267845154 3.726693868637085
8.488779 0.9102498888969421 0.07259995490312576 0.407645046710968 0.014693498611450195 -0.06983058154582977 0.9973230957984924 -0.021691225469112396 0.003109060227870941 -0.408128559589386 -0.008721661753952503 0.9128828048706055 3.743185043334961
8.593446 0.8954018354415894 0.06994698196649551 0.43973058462142944 0.02542710304260254 -0.06588584184646606 0.9975260496139526 -0.02451416850090027 0.0024446845054626465 -0.4403574466705322 -0.007021996658295393 0.8977951407432556 3.759425401687622
8.696029 0.8780218362808228 0.06923997402191162 0.47358569502830505 0.03630685806274414 -0.06314950436353683 0.9975892305374146 -0.02877284213900566 0.001821167767047882 -0.47443628311157227 -0.004643521271646023 0.8802776336669922 3.7751400470733643
8.799662 0.858574390411377 0.07138854265213013 0.5076943635940552 0.048168301582336426 -0.06278567761182785 0.9974451065063477 -0.03407558053731918 0.0011919811367988586 -0.5088300108909607 -0.0026195156387984753 0.8608630895614624 3.7908194065093994
8.903911 0.8368664383888245 0.07322162389755249 0.5424879193305969 0.06177973747253418 -0.06229177117347717 0.9973145127296448 -0.038517147302627563 0.0003476068377494812 -0.543851375579834 -0.001558828167617321 0.8391801714897156 3.807798385620117
9.008027 0.8121603727340698 0.07596957683563232 0.578467071056366 0.07476091384887695 -0.0632140263915062 0.9971075057983398 -0.0421975739300251 -0.0003622472286224365 -0.5799996256828308 -0.0022960372734814882 0.8146135210990906 3.823296070098877
9.11058 0.7849575281143188 0.0801837220788002 0.6143390536308289 0.0908350944519043 -0.06638526171445847 0.9967663288116455 -0.04527604579925537 -0.0013281852006912231 -0.6159828901290894 -0.005243280436843634 0.7877421975135803 3.840271472930908
9.214197 0.7550240755081177 0.08489283919334412 0.6501783728599548 0.10763680934906006 -0.0701334998011589 0.9963506460189819 -0.04864904284477234 -0.001662418246269226 -0.6519354581832886 -0.008868086151778698 0.7582225799560547 3.857001304626465
9.317832 0.721988320350647 0.08552364259958267 0.6865993738174438 0.12516868114471436 -0.06936325877904892 0.9962788224220276 -0.051159270107746124 -0.0030788779258728027 -0.6884196400642395 -0.010688363574445248 0.725233793258667 3.8733062744140625
9.421456 0.6854381561279297 0.08257641643285751 0.7234331965446472 0.1462181806564331 -0.06524600088596344 0.9965171217918396 -0.05192836746573448 -0.004727646708488464 -0.7252016663551331 -0.011607433669269085 0.6884386539459229 3.890360116958618
9.525112 0.6462255716323853 0.08074471354484558 0.7588627338409424 0.1674560308456421 -0.062256842851638794 0.9966503381729126 -0.05302972346544266 -0.0065405964851379395 -0.7606027722358704 -0.012975228950381279 0.6490879058837891 3.9057908058166504
9.630085 0.603969395160675 0.08132249861955643 0.7928478121757507 0.193145751953125 -0.06082897633314133 0.9965826869010925 -0.055881794542074203 -0.007213473320007324 -0.7946828007698059 -0.014477230608463287 0.6068522334098816 3.9226431846618652
9.732384 0.5580639839172363 0.08046083897352219 0.82588791847229 0.21841466426849365 -0.056387536227703094 0.9966643452644348 -0.05899663269519806 -0.008741632103919983 -0.8278799057006836 -0.01364588551223278 0.5607394576072693 3.937042713165283
9.836009 0.5100187063217163 0.07978150248527527 0.8564554452896118 0.2479267120361328 -0.05360034480690956 0.9967020153999329 -0.06092694774270058 -0.010431990027427673 -0.8584916591644287 -0.014832419343292713 0.5126129984855652 3.951972723007202
9.939685 0.4615522623062134 0.07797558605670929 0.8836793899536133 0.2766225337982178 -0.05188256502151489 0.9967970848083496 -0.06085842475295067 -0.012037880718708038 -0.8855945467948914 -0.017758214846253395 0.46411949396133423 3.9646666049957275
10.0439 0.4119940400123596 0.07597333192825317 0.9080137610435486 0.3098001480102539 -0.05185237154364586 0.9968578815460205 -0.059879887849092484 -0.014064960181713104 -0.9097099304199219 -0.022412505000829697 0.4146389365196228 3.977524757385254
10.14677 0.3608207404613495 0.07622838020324707 0.9295147657394409 0.3428570032119751 -0.05380118638277054 0.9966956973075867 -0.06085316836833954 -0.014452993869781494 -0.9310820698738098 -0.02805190160870552 0.36372965574264526 3.990492343902588
10.25036 0.31267765164375305 0.07605421543121338 0.946809709072113 0.37637388706207275 -0.052369095385074615 0.9966536164283752 -0.06276347488164902 -0.017245031893253326 -0.9484145045280457 -0.02995883673429489 0.31561416387557983 3.9982283115386963
10.35367 0.2661532163619995 0.07283938676118851 0.961174726486206 0.4117159843444824 -0.04164103791117668 0.9970788359642029 -0.06402966380119324 -0.019363589584827423 -0.9630308747291565 -0.02298261597752571 0.2684088945388794 4.004444599151611
10.45717 0.22188375890254974 0.06696484982967377 0.9727709293365479 0.4491220712661743 -0.027666663751006126 0.9976696372032166 -0.062368232756853104 -0.021424129605293274 -0.9746805429458618 -0.013074824586510658 0.22321940958499908 4.01002311706543
10.56299 0.1797139197587967 0.06662162393331528 0.9814603924751282 0.4887528419494629 -0.018019013106822968 0.9977596402168274 -0.06442859023809433 -0.0226389542222023 -0.9835538268089294 -0.006106234155595303 0.18051175773143768 4.015206813812256
10.66453 0.14116936922073364 0.06755541265010834 0.987677812576294 0.5270400047302246 -0.015523343347012997 0.9976973533630371 -0.06602196395397186 -0.02547631785273552 -0.9898637533187866 -0.006011782214045525 0.14189299941062927 4.01866340637207
10.76705 0.10873757302761078 0.06795969605445862 0.9917446374893188 0.5668202042579651 -0.0068059200420975685 0.9976878762245178 -0.06762072443962097 -0.0282304510474205 -0.994047224521637 0.0006031801458448172 0.10894869267940521 4.020724296569824
10.87022 0.07975474745035172 0.06682080775499344 0.9945723414421082 0.6100726127624512 0.0007521337829530239 0.9977463483810425 -0.06709437072277069 -0.030525416135787964 -0.9968142509460449 0.0060991463251411915 0.07952475547790527 4.022815704345703
10.97342 0.054937176406383514 0.06509153544902802 0.9963659048080444 0.6518822908401489 0.007883796468377113 0.9978135228157043 -0.0656207948923111 -0.033086761832237244 -0.998458743095398 0.011460168287158012 0.05430389195680618 4.023465156555176
11.0772 0.03472607955336571 0.06415849179029465 0.9973353147506714 0.697300136089325 0.012487374246120453 0.997831404209137 -0.06462522596120834 -0.03529849275946617 -0.9993187785148621 0.014698280021548271 0.03384960815310478 4.024217128753662
11.18019 0.018539858981966972 0.06579331308603287 0.9976609945297241 0.7417213916778564 0.014562035910785198 0.9977089762687683 -0.06606708467006683 -0.03798281401395798 -0.9997220635414124 0.015752850100398064 0.017539290711283684 4.025130748748779
11.28415 0.005541546270251274 0.0656358003616333 0.9978282451629639 0.7874765396118164 0.01584719493985176 0.9977124929428101 -0.06571617722511292 -0.040590301156044006 -0.9998590350151062 0.016176950186491013 0.004488727077841759 4.024067401885986
11.3859 -0.006221333984285593 0.06651249527931213 0.9977662563323975 0.8333106637001038 0.0166426133364439 0.997654139995575 -0.06640128046274185 -0.043045151978731155 -0.99984210729599 0.01619233377277851 -0.0073136803694069386 4.02389669418335
11.48898 -0.01530252955853939 0.0693601444363594 0.9974743127822876 0.8810040354728699 0.02160254493355751 0.9973812103271484 -0.06902226060628891 -0.04589473456144333 -0.9996494650840759 0.020491765812039375 -0.01676080748438835 4.022136211395264
11.59255 -0.021521087735891342 0.07112178951501846 0.9972354173660278 0.9290807247161865 0.02566191740334034 0.9971770644187927 -0.07056383043527603 -0.048892587423324585 -0.9994389414787292 0.02407236397266388 -0.023285456001758575 4.020043849945068
11.69527 -0.02641356736421585 0.07062216848134995 0.9971533417701721 0.9794255495071411 0.026436036452651024 0.9972018599510193 -0.06992536038160324 -0.05159563571214676 -0.9993014931678772 0.02451380528509617 -0.028206629678606987 4.01900053024292
11.79949 -0.02941764146089554 0.0679347813129425 0.9972559213638306 1.0289534330368042 0.02434505894780159 0.9974403977394104 -0.06722921878099442 -0.05413079634308815 -0.9992706179618835 0.02230052836239338 -0.030996223911643028 4.017111301422119
11.90171 -0.032521579414606094 0.06136243790388107 0.9975855946540833 1.0828218460083008 0.022060219198465347 0.9979144334793091 -0.06066349521279335 -0.05677839368581772 -0.9992274641990662 0.02003408782184124 -0.0338074192404747 4.0163092613220215
12.00482 -0.03343270346522331 0.055938176810741425 0.99787437915802 1.1347451210021973 0.023232363164424896 0.9982061982154846 -0.055178407579660416 -0.05901830270886421 -0.9991708993911743 0.021338215097784996 -0.03467229753732681 4.0142035484313965
12.108 -0.033784169703722 0.052956320345401764 0.998025119304657 1.1888892650604248 0.025888724252581596 0.9983065128326416 -0.052094895392656326 -0.06251035630702972 -0.9990937113761902 0.02407761476933956 -0.03509793058037758 4.011567115783691
12.21119 -0.03341369703412056 0.05515516176819801 0.9979186058044434 1.2423863410949707 0.028725983574986458 0.9981166124343872 -0.054204266518354416 -0.06566067039966583 -0.9990286231040955 0.026855023577809334 -0.034935154020786285 4.009426593780518
12.3145 -0.032371118664741516 0.06298606097698212 0.9974893927574158 1.2968913316726685 0.030081801116466522 0.9976216554641724 -0.06201818957924843 -0.06751386821269989 -0.9990230798721313 0.027998676523566246 -0.03418886289000511 4.007602691650391
12.41765 -0.030634164810180664 0.07085803151130676 0.9970158934593201 1.3518246412277222 0.030603209510445595 0.9970828890800476 -0.06992246955633163 -0.07036443054676056 -0.9990620017051697 0.028369871899485588 -0.03271328657865524 4.006176471710205
12.52105 -0.02871224470436573 0.07143829017877579 0.9970316886901855 1.4070173501968384 0.031209420412778854 0.9970207214355469 -0.07053873687982559 -0.07332193851470947 -0.999100387096405 0.029091456905007362 -0.03085624985396862 4.005218982696533
12.62455 -0.026632091030478477 0.06720352917909622 0.997383713722229 1.4646904468536377 0.030385345220565796 0.9973310232162476 -0.06638864427804947 -0.07656405866146088 -0.9991834163665771 0.02853778377175331 -0.028603017330169678 4.003759860992432
12.72743 -0.023473624140024185 0.060768596827983856 0.9978758096694946 1.5224871635437012 0.03007028065621853 0.9977421760559082 -0.060053106397390366 -0.0801379457116127 -0.9992721676826477 0.02859674207866192 -0.025247957557439804 4.002202033996582
12.83073 -0.02109553851187229 0.05910011753439903 0.9980291128158569 1.5797128677368164 0.027819927781820297 0.9978994131088257 -0.05850439518690109 -0.08368124812841415 -0.9993903040885925 0.0265309177339077 -0.022695383056998253 4.001572608947754
12.93413 -0.017431683838367462 0.06437596678733826 0.9977734684944153 1.636467456817627 0.03565368428826332 0.9973304271697998 -0.06372448801994324 -0.08720207959413528 -0.9992121458053589 0.03446347266435623 -0.019680384546518326 3.99955415725708
13.03771 -0.01434569526463747 0.06995835155248642 0.9974467754364014 1.6930423974990845 0.037448182702064514 0.9968871474266052 -0.0693805068731308 -0.09043434262275696 -0.9991955161094666 0.036357250064611435 -0.016920853406190872 3.998699188232422
13.14165 -0.011834472417831421 0.0706380233168602 0.9974318742752075 1.7501436471939087 0.03162430226802826 0.9970291256904602 -0.0702342763543129 -0.09355096518993378 -0.9994297027587891 0.03071189485490322 -0.01403319276869297 3.999001979827881
13.24421 -0.008473571389913559 0.0671791136264801 0.9977049827575684 1.8087891340255737 0.027202172204852104 0.9973869919776917 -0.06692666560411453 -0.09718595445156097 -0.99959397315979 0.026572633534669876 -0.010278847068548203 3.999586343765259
13.34803 -0.004210452549159527 0.06334765255451202 0.9979825615882874 1.86580491065979 0.030852923169732094 0.997524619102478 -0.06318841874599457 -0.10126882791519165 -0.9995150566101074 0.030524633824825287 -0.006154491100460291 3.998993396759033
13.45277 -0.0008315392769873142 0.06414301693439484 0.9979403614997864 1.9227111339569092 0.03487695753574371 0.9973354935646057 -0.06407507508993149 -0.10556457936763763 -0.9993912577629089 0.03475185111165047 -0.0030664370860904455 3.999048948287964
13.55488 0.0021560320165008307 0.06889179348945618 0.9976218342781067 1.9812575578689575 0.035188380628824234 0.9970011711120605 -0.06892497092485428 -0.10873807966709137 -0.999378502368927 0.03525329753756523 -0.000274624238954857 3.9988391399383545
13.65796 0.005726474802941084 0.06972542405128479 0.997549831867218 2.039205551147461 0.031523801386356354 0.9970577359199524 -0.06987200677394867 -0.11220553517341614 -0.9994866847991943 0.031846676021814346 0.003511614864692092 4.000306606292725
13.76127 0.00931283924728632 0.06898055225610733 0.9975746273994446 2.0971219539642334 0.031024418771266937 0.9971176385879517 -0.0692385882139206 -0.11626064777374268 -0.9994751811027527 0.03159397467970848 0.007145913317799568 4.001157760620117
13.86467 0.013260528445243835 0.06593502312898636 0.9977357983589172 2.1533708572387695 0.03492540866136551 0.997184157371521 -0.06636273115873337 -0.1197841465473175 -0.9993019700050354 0.03572632744908333 0.010920383967459202 4.001059532165527
13.96817 0.016546504572033882 0.06657501310110092 0.9976441860198975 2.211530923843384 0.039049193263053894 0.9969765543937683 -0.06717810779809952 -0.12337076663970947 -0.9991003274917603 0.04006876423954964 0.013896777294576168 4.002009868621826
14.07164 0.02012936770915985 0.06745632737874985 0.9975191354751587 2.267514228820801 0.042089663445949554 0.9967795014381409 -0.06825568526983261 -0.1268233358860016 -0.9989110231399536 0.0433591827750206 0.01722532883286476 4.003323554992676
14.17505 0.0228711124509573 0.06693481653928757 0.997495174407959 2.3265528678894043 0.04279948025941849 0.9967758059501648 -0.06786788254976273 -0.13106484711170197 -0.9988218545913696 0.04424447938799858 0.019932597875595093 4.004076957702637
14.2786 0.02609691396355629 0.06546778231859207 0.9975133538246155 2.3843932151794434 0.04354477673768997 0.9968315362930298 -0.06656225770711899 -0.13516539335250854 -0.9987105131149292 0.04517356678843498 0.023163452744483948 4.006009101867676
14.38212 0.030496124178171158 0.06439613550901413 0.9974583387374878 2.443725109100342 0.045759208500385284 0.9967862367630005 -0.06575179100036621 -0.13849852979183197 -0.9984868168830872 0.04764808714389801 0.027451399713754654 4.006368160247803
14.4855 0.033182285726070404 0.06480574607849121 0.997346043586731 2.501145362854004 0.044308099895715714 0.996819019317627 -0.0662456750869751 -0.1421036422252655 -0.9984666705131531 0.04638868570327759 0.030205313116312027 4.00924825668335
14.58897 0.03628121688961983 0.06671180576086044 0.9971123933792114 2.5601351261138916 0.04145502299070358 0.9968100190162659 -0.06819996982812881 -0.14553573727607727 -0.9984813928604126 0.043809689581394196 0.03339994326233864 4.0116448402404785
14.69245 0.03885101154446602 0.06693270802497864 0.9970008134841919 2.618925094604492 0.04312113672494888 0.9967122673988342 -0.06859368830919266 -0.1489305943250656 -0.9983140826225281 0.04565674066543579 0.03583706542849541 4.014535427093506
14.79597 0.04185371473431587 0.06642910838127136 0.996912956237793 2.6764185428619385 0.04111349210143089 0.9968275427818298 -0.06814951449632645 -0.15272025763988495 -0.998277485370636 0.04383888468146324 0.038989800959825516 4.016642093658447
14.89949 0.04372342303395271 0.06715212762355804 0.9967842698097229 2.7355856895446777 0.03935662657022476 0.9968481063842773 -0.06888279318809509 -0.15612922608852386 -0.998268187046051 0.04224185645580292 0.040942735970020294 4.020304203033447
15.00287 0.04727885499596596 0.0675833523273468 0.9965928196907043 2.7942848205566406 0.036300767213106155 0.9969332218170166 -0.06932856142520905 -0.15938875079154968 -0.9982219338417053 0.03945485129952431 0.044680532068014145 4.022285461425781
15.1064 0.04975345730781555 0.0690302923321724 0.9963731169700623 2.8545045852661133 0.03479394689202309 0.9968832731246948 -0.07080303877592087 -0.16385900974273682 -0.9981552958488464 0.03819045051932335 0.04719655588269234 4.0268683433532715
15.20987 0.05306985229253769 0.07268141210079193 0.9959422945976257 2.9135921001434326 0.034089796245098114 0.9966345429420471 -0.07454841583967209 -0.1672613024711609 -0.9980087280273438 0.03790774196386337 0.05041356012225151 4.030458450317383
15.31336 0.0562618263065815 0.07484526932239532 0.9956067800521851 2.974203109741211 0.034095313400030136 0.9964605569839478 -0.07683617621660233 -0.17165566980838776 -0.997833788394928 0.03826845809817314 0.05351082235574722 4.034329891204834
15.41675 0.05914128199219704 0.07678644359111786 0.9952920079231262 3.034121513366699 0.0276623647660017 0.9965282678604126 -0.07852554321289062 -0.17601901292800903 -0.9978663921356201 0.03217622637748718 0.0568118579685688 4.038694381713867
15.52022 0.06201796233654022 0.07623123377561569 0.9951595664024353 3.0948593616485596 0.023936688899993896 0.9966785907745361 -0.07783930748701096 -0.1798352599143982 -0.9977880120277405 0.02864825539290905 0.05998724699020386 4.042973041534424
15.62392 0.0653148740530014 0.07660644501447678 0.9949198365211487 3.155744791030884 0.025921819731593132 0.9965820908546448 -0.07843615859746933 -0.1847170740365982 -0.9975280165672302 0.030913174152374268 0.06310585886240005 4.047187805175781
15.7272 0.06956073641777039 0.0778162032365799 0.9945380687713623 3.2164292335510254 0.025436393916606903 0.9964904189109802 -0.07974806427955627 -0.188941091299057 -0.9972533583641052 0.03084479458630085 0.06733724474906921 4.05130672454834
15.83062 0.07317513972520828 0.07874967157840729 0.9942052364349365 3.2779014110565186 0.021660881116986275 0.99651700258255 -0.08052707463502884 -0.19318869709968567 -0.9970839023590088 0.02742793783545494 0.0712144747376442 4.056389331817627
15.93425 0.07755006104707718 0.07696403563022614 0.9940134882926941 3.3392913341522217 0.020868029445409775 0.9966721534729004 -0.07879797369241714 -0.1973273754119873 -0.9967700242996216 0.026853887364268303 0.07568590342998505 4.061521053314209
16.03941 0.08262808620929718 0.07654424011707306 0.9936364889144897 3.401339054107666 0.021187027916312218 0.9966857433319092 -0.07854098081588745 -0.20247547328472137 -0.9963552951812744 0.027541901916265488 0.08073246479034424 4.066685199737549
16.14091 0.08729670941829681 0.08008337765932083 0.9929581880569458 3.4623403549194336 0.01778392679989338 0.9964792728424072 -0.08193083852529526 -0.20721933245658875 -0.9960235357284546 0.024810990318655968 0.08556516468524933 4.0731987953186035
16.2443 0.09285291284322739 0.08894629031419754 0.9916989803314209 3.5243258476257324 0.015558898448944092 0.9957506656646729 -0.09076650440692902 -0.21175482869148254 -0.9955582618713379 0.02385767549276352 0.09107444435358047 4.080166339874268
16.34828 0.10106400400400162 0.09373389184474945 0.990454375743866 3.5864036083221436 0.014382955618202686 0.9953100681304932 -0.09566102921962738 -0.2165299355983734 -0.9947760105133057 0.023913549259305 0.09924184530973434 4.085915565490723
