1403636581.0135555 0.9999967217445374 0.0024464393500238657 0.0007055783644318581 0.00017063388077076524 -0.0024360634852200747 0.9998940825462341 -0.014349774457514286 -0.016815470531582832 -0.0007406096556223929 0.014348010532557964 0.999896764755249 -0.005291967187076807
1403636581.0635555 0.9999989867210388 0.0010874868603423238 -0.000918685516808182 7.962982635945082e-06 -0.0011124786688014865 0.9996169209480286 -0.027655411511659622 -0.03295927122235298 0.0008882586844265461 0.027656404301524162 0.9996170401573181 -0.010164492763578892
1403636581.1135554 0.9999935030937195 0.0031679582316428423 0.0017305775545537472 -0.001096345135010779 -0.0031071959529072046 0.9994152784347534 -0.03405199199914932 -0.07451911270618439 -0.0018374407663941383 0.034046392887830734 0.9994184970855713 -0.020819170400500298
1403636581.1635556 0.9999781847000122 -0.006254814565181732 0.0021287614945322275 0.0009500260930508375 0.006359655410051346 0.9985505938529968 -0.05344278737902641 -0.07582757622003555 -0.0017914015334099531 0.0534551627933979 0.998568594455719 -0.02320057526230812
1403636581.2135556 0.9999468326568604 -0.009671596810221672 0.003568998072296381 0.0014826422557234764 0.009889759123325348 0.9976872801780701 -0.06724663823843002 -0.09730494767427444 -0.002910362323746085 0.06727837026119232 0.9977298974990845 -0.02884512022137642
1403636581.2635555 0.9998521208763123 -0.016736317425966263 0.003936790861189365 0.0019962762016803026 0.01702451892197132 0.9957312345504761 -0.09071614593267441 -0.0835585668683052 -0.002401730976998806 0.09076973795890808 0.9958689212799072 -0.026286382228136063
1403636581.3135555 0.9998764395713806 -0.015329718589782715 0.00346622196957469 0.003097369335591793 0.01560877449810505 0.9943612813949585 -0.10488945990800858 -0.09423422813415527 -0.0018387509044259787 0.1049305871129036 0.9944777488708496 -0.031091878190636635
1403636581.3635557 0.9998558759689331 -0.016368823125958443 0.004478078801184893 0.004062875173985958 0.016780095174908638 0.993005633354187 -0.11686813086271286 -0.09448832273483276 -0.002533764112740755 0.11692644655704498 0.9931373000144958 -0.031223785132169724
1403636581.4135554 0.999896228313446 -0.011251660995185375 0.008982699364423752 0.0042546214535832405 0.012241358868777752 0.9928142428398132 -0.1190377026796341 -0.09422596544027328 -0.007578779011964798 0.11913532018661499 0.9928490519523621 -0.03339937701821327
1403636581.4635556 0.999919056892395 -0.005601370707154274 0.011416766792535782 0.004322922322899103 0.006870841141790152 0.9934136867523193 -0.11437652260065079 -0.08896254003047943 -0.010700906626880169 0.11444569379091263 0.9933717846870422 -0.0321333110332489
1403636581.5135555 0.9999157190322876 0.0005141062429174781 0.012965232133865356 0.006617506500333548 0.0008290535188280046 0.9946416020393372 -0.10337936878204346 -0.08178584277629852 -0.012948906980454922 0.10338141024112701 0.9945573806762695 -0.029943818226456642
1403636581.5635555 0.9998965263366699 -0.0016091323923319578 0.01428716629743576 0.006448271218687296 0.0029135223012417555 0.9957774877548218 -0.09175273776054382 -0.06723900139331818 -0.014079198241233826 0.09178484976291656 0.9956791996955872 -0.024536339566111565
1403636581.6135554 0.9999173283576965 -0.003940845374017954 0.012233352288603783 0.006381794344633818 0.0049005961045622826 0.9968273639678955 -0.07944264262914658 -0.050495799630880356 -0.011881468817591667 0.07949600368738174 0.9967643022537231 -0.01903950795531273
1403636581.6635556 0.9999125003814697 -0.007763213012367487 0.010714879259467125 0.007191318087279797 0.008447378873825073 0.9978260397911072 -0.06535777449607849 -0.05332109332084656 -0.010184199549257755 0.06544256955385208 0.9978043437004089 -0.01860872469842434
1403636581.7135556 0.9999418258666992 -0.0054896860383450985 0.00928372610360384 0.005933593027293682 0.006035973317921162 0.9981874227523804 -0.05987758934497833 -0.030738918110728264 -0.008938189595937729 0.05993013456463814 0.9981625080108643 -0.010341621935367584
1403636581.7635555 0.9999376535415649 -0.009140215814113617 0.00642005167901516 0.006195697467774153 0.009498454630374908 0.9982606768608093 -0.05818428844213486 -0.009761063382029533 -0.0058770691975951195 0.05824163556098938 0.998285174369812 -0.0029298735316842794
1403636581.8135555 0.9999623894691467 -0.008663979358971119 0.00039025506703183055 0.006387261673808098 0.008672411553561687 0.9985030293464661 -0.05400600656867027 0.0006508835358545184 7.823603664292023e-05 0.054007355123758316 0.998540461063385 0.0004194052889943123
1403636581.8635557 0.9999528527259827 -0.009481369517743587 -0.0020787434186786413 0.006289448123425245 0.009367693215608597 0.9987462162971497 -0.04917743802070618 0.016618194058537483 0.0025424063205718994 0.04915565624833107 0.9987878203392029 0.005504160653799772
1403636581.9135554 0.9998796582221985 -0.014342446811497211 -0.005892785266041756 0.00571037782356143 0.014093070290982723 0.999085009098053 -0.04037948325276375 0.037180881947278976 0.0064665344543755054 0.04029157757759094 0.9991670250892639 0.011272485367953777
1403636581.9635556 0.9998712539672852 -0.0159353855997324 -0.0018775834469124675 0.0050126551650464535 0.015882782638072968 0.999553382396698 -0.02531455084681511 0.046895939856767654 0.0022801419254392385 0.025281472131609917 0.9996777772903442 0.01491977646946907
1403636582.0135555 0.99982088804245 -0.018892036750912666 0.001169729046523571 0.004521631170064211 0.01890302263200283 0.9997690916061401 -0.010225282050669193 0.06535406410694122 -0.000976282637566328 0.01024556253105402 0.9999470710754395 0.020126892253756523
1403636582.0635555 0.9998251795768738 -0.018212223425507545 0.004256794694811106 0.0036227009259164333 0.01817738637328148 0.9998022317886353 0.008084306493401527 0.06932929158210754 -0.004403185565024614 -0.008005514740943909 0.9999582767486572 0.021903932094573975
1403636582.1135554 0.9998569488525391 -0.01663273386657238 0.0030700634233653545 0.002871328964829445 0.016549818217754364 0.999542772769928 0.025302240625023842 0.08031558990478516 -0.003489505033940077 -0.025247812271118164 0.9996751546859741 0.0245845727622509
1403636582.1635556 0.9998605251312256 -0.016672519966959953 -0.0009724310366436839 0.001968425465747714 0.016698168590664864 0.9990484118461609 0.04029129445552826 0.08594126254320145 0.00029974858625791967 -0.04030190780758858 0.9991874694824219 0.026156963780522346
1403636582.2135556 0.9998627305030823 -0.015872377902269363 -0.004746792372316122 0.0009181631612591445 0.01609475538134575 0.9985586404800415 0.051202744245529175 0.0900857225060463 0.003927241079509258 -0.05127212032675743 0.9986769556999207 0.02675805799663067
1403636582.2635555 0.9998692870140076 -0.014737731777131557 -0.0066458252258598804 0.0004003793001174927 0.015102612785995007 0.9981624484062195 0.05868124961853027 0.08993005752563477 0.005768783390522003 -0.0587739534676075 0.998254656791687 0.02664138562977314
1403636582.3135555 0.9998438954353333 -0.014673281461000443 -0.009849704802036285 -3.8043042877689004e-05 0.015242085792124271 0.9980577826499939 0.060399461537599564 0.08542211353778839 0.008944317698478699 -0.060540154576301575 0.9981257319450378 0.025364039465785027
1403636582.3635557 0.9998125433921814 -0.015535080805420876 -0.011556691490113735 -0.0007578504155389965 0.016154099255800247 0.998324990272522 0.055552780628204346 0.07664167135953903 0.010674318298697472 -0.055729061365127563 0.9983887672424316 0.022360457107424736
1403636582.4135554 0.9997845888137817 -0.016684113070368767 -0.012336070649325848 -0.001309213344939053 0.017195705324411392 0.9989442825317383 0.0425984263420105 0.06598615646362305 0.011612331494688988 -0.042801376432180405 0.9990162253379822 0.018675949424505234
1403636582.4635556 0.9997785091400146 -0.017630189657211304 -0.01148141548037529 -0.001857148832641542 0.017933635041117668 0.9994776248931885 0.026885295286774635 0.05245339125394821 0.011001426726579666 -0.02708524279296398 0.9995726943016052 0.01441255770623684
1403636582.5135555 0.9998726844787598 -0.013907105661928654 -0.00782163068652153 -0.0018399122636765242 0.014016085304319859 0.9998030066490173 0.014055134728550911 0.03762984275817871 0.0076246242970228195 -0.014162974432110786 0.9998705983161926 0.009767734445631504
1403636582.5635555 0.9999029040336609 -0.013264407403767109 -0.00425209803506732 -0.001121665583923459 0.013279521837830544 0.999905526638031 0.0035464130342006683 0.02717049978673458 0.004204654600471258 -0.003602535231038928 0.9999846816062927 0.006457581650465727
1403636582.6135554 0.9999617338180542 -0.008552027866244316 0.001794865820556879 -0.00047925568651407957 0.008556381799280643 0.9999604225158691 -0.0024327316787093878 0.01151248812675476 -0.0017739906907081604 0.00244799698702991 0.9999954700469971 0.001301647280342877
1403636582.6635556 0.9999321103096008 -0.009015093557536602 0.007379291113466024 0.0001478666381444782 0.009069162420928478 0.999932050704956 -0.007326751947402954 -0.0039943186566233635 -0.007312737870961428 0.007393178064376116 0.999945878982544 -0.00384829961694777
1403636582.7135556 0.9998962879180908 -0.010446986183524132 0.009912805631756783 0.0011236699065193534 0.010569356381893158 0.9998675584793091 -0.012373696081340313 -0.01879378780722618 -0.009782223962247372 0.01247718371450901 0.9998742938041687 -0.00883866474032402
1403636582.7635555 0.9997963905334473 -0.014257094822824001 0.014273809269070625 0.002324856584891677 0.014526362530887127 0.9997149705886841 -0.01894194446504116 -0.0344003364443779 -0.01399968657642603 0.019145436584949493 0.9997186064720154 -0.013776478357613087
1403636582.8135555 0.9995905160903931 -0.01925361342728138 0.021164236590266228 0.0036074609961360693 0.019852900877594948 0.9993970394134521 -0.028480257838964462 -0.0495414175093174 -0.020603127777576447 0.028888769447803497 0.9993702173233032 -0.018297431990504265
1403636582.8635557 0.999245822429657 -0.024346213787794113 0.03024897910654545 0.005598056595772505 0.025591792538762093 0.998810887336731 -0.04149651154875755 -0.0651310384273529 -0.029202725738286972 0.04223934933543205 0.9986806511878967 -0.022825971245765686
1403636582.9135554 0.9988607168197632 -0.029616717249155045 0.03741774708032608 0.006908762734383345 0.03174556419253349 0.9978324770927429 -0.05764307081699371 -0.07906827330589294 -0.03562944754958153 0.05876524746417999 0.9976357817649841 -0.027226818725466728
1403636582.9635556 0.9986927509307861 -0.029767271131277084 0.04155297949910164 0.008205760270357132 0.032791730016469955 0.9967107772827148 -0.07411040365695953 -0.09227308630943298 -0.0392102375626564 0.07537611573934555 0.9963839650154114 -0.031572431325912476
1403636583.0135555 0.9984927177429199 -0.03013787232339382 0.04586979001760483 0.00879573542624712 0.034213270992040634 0.9952789545059204 -0.09082464873790741 -0.10175450146198273 -0.04291598126292229 0.09225710481405258 0.9948099255561829 -0.03533060848712921
1403636583.0635555 0.9985687732696533 -0.027602041140198708 0.045809194445610046 0.01011437177658081 0.03213299438357353 0.9943349957466125 -0.10131873190402985 -0.10759855806827545 -0.04275307431817055 0.10264569520950317 0.9937987327575684 -0.03801021724939346
1403636583.1135554 0.9985342621803284 -0.02610628865659237 0.04740961641073227 0.011239384301006794 0.031022923067212105 0.9938691854476929 -0.10612255334854126 -0.10985083878040314 -0.044348474591970444 0.10743780434131622 0.993222177028656 -0.03929112106561661
1403636583.1635556 0.9984288215637207 -0.021088335663080215 0.05191595107316971 0.010942893102765083 0.026508919894695282 0.9940083026885986 -0.10604233294725418 -0.10887180268764496 -0.04936862364411354 0.10725195705890656 0.9930053949356079 -0.03904537856578827
1403636583.2135556 0.9984612464904785 -0.01762416400015354 0.05257995426654816 0.011233154684305191 0.02301948517560959 0.9943278431892395 -0.10383928567171097 -0.10359864681959152 -0.05045163258910179 0.10488986223936081 0.9932032823562622 -0.0373430997133255
1403636583.2635555 0.9985895752906799 -0.015635505318641663 0.0507381334900856 0.011417833156883717 0.02066187933087349 0.9947625398635864 -0.10010472685098648 -0.09567958116531372 -0.048907190561294556 0.10101188719272614 0.993682324886322 -0.03408820554614067
1403636583.3135555 0.998686671257019 -0.01580037549138069 0.04873526096343994 0.011170937679708004 0.020432259887456894 0.995166003704071 -0.09605839848518372 -0.08533832430839539 -0.04698191583156586 0.09692800045013428 0.9941819310188293 -0.029777891933918
1403636583.3635557 0.9987949728965759 -0.014618526212871075 0.04685003310441971 0.011560333892703056 0.01886128820478916 0.9956321716308594 -0.0914383977651596 -0.07306047528982162 -0.04530870169401169 0.09221185743808746 0.9947080016136169 -0.02433554269373417
1403636583.4135554 0.998965322971344 -0.01635732501745224 0.04243508353829384 0.011721055954694748 0.019994912669062614 0.9960281848907471 -0.08676479011774063 -0.05941719934344292 -0.0408473014831543 0.08752349764108658 0.9953246712684631 -0.019032251089811325
1403636583.4635556 0.99921053647995 -0.012886286713182926 0.037577979266643524 0.011838462203741074 0.01586882397532463 0.9966538548469543 -0.08018363267183304 -0.04425251483917236 -0.03641897067427635 0.08071664720773697 0.9960715174674988 -0.013318943791091442
1403636583.5135555 0.9993434548377991 -0.012021513655781746 0.03417722135782242 0.012370729818940163 0.014530440792441368 0.9971424341201782 -0.07413541525602341 -0.02731148526072502 -0.033188346773386 0.07458335161209106 0.9966623187065125 -0.007296182215213776
1403636583.5635555 0.9994152784347534 -0.008121742866933346 0.03321189060807228 0.01272206287831068 0.010286539793014526 0.9977969527244568 -0.06553897261619568 -0.01121649332344532 -0.03260644152760506 0.06584228575229645 0.9972971081733704 -0.0018570926040410995
1403636583.6135554 0.999290406703949 -0.0055077578872442245 0.03725951537489891 0.01306941732764244 0.007512224372476339 0.9985194802284241 -0.05387324094772339 0.005123247392475605 -0.036907635629177094 0.05411490797996521 0.9978523850440979 0.004623424727469683
1403636583.6635556 0.9994703531265259 -0.008690578863024712 0.031360380351543427 0.012356666848063469 0.009860624559223652 0.9992535710334778 -0.03734993562102318 0.021775083616375923 -0.031012380495667458 0.03763938695192337 0.9988100528717041 0.010463389568030834
1403636583.7135556 0.9995002746582031 -0.016446202993392944 0.026991454884409904 0.011861670762300491 0.01688273437321186 0.9997289180755615 -0.016025494784116745 0.03738195076584816 -0.02672058716416359 0.016473177820444107 0.9995071887969971 0.01589195430278778
1403636583.7635555 0.9994649887084961 -0.02450212836265564 0.0216644499450922 0.011334897950291634 0.024361146613955498 0.9996804594993591 0.006747859995812178 0.051500700414180756 -0.021822864189743996 -0.0062164789997041225 0.9997425079345703 0.020157460123300552
1403636583.8135555 0.9993941187858582 -0.028417738154530525 0.020092148333787918 0.010984968394041061 0.02786152996122837 0.9992350339889526 0.027441054582595825 0.06424172222614288 -0.020856592804193497 -0.026864629238843918 0.9994214773178101 0.02387591078877449
1403636583.8635557 0.9993505477905273 -0.02980419248342514 0.020259061828255653 0.009767209179699421 0.028904102742671967 0.9986414313316345 0.043357424437999725 0.07157673686742783 -0.021523773670196533 -0.04274369403719902 0.9988543391227722 0.02574407309293747
1403636583.9135554 0.9994968175888062 -0.02355673350393772 0.0212442334741354 0.009633718989789486 0.02238146960735321 0.9982924461364746 0.05395819991827011 0.08198089152574539 -0.02247903123497963 -0.053455568850040436 0.998317301273346 0.028564274311065674
1403636583.9635556 0.9996780157089233 -0.017358528450131416 0.018512312322854996 0.009177482686936855 0.01621090993285179 0.9980403780937195 0.060436926782131195 0.0900428295135498 -0.019525131210684776 -0.06011736020445824 0.9980003833770752 0.030150756239891052
1403636584.0135555 0.9998193979263306 -0.014373225159943104 0.012428376823663712 0.008547129109501839 0.013572625815868378 0.9979674816131592 0.06226349622011185 0.09412699937820435 -0.013298043049871922 -0.06208357959985733 0.997982382774353 0.030802562832832336
1403636584.0635555 0.999920129776001 -0.01169982086867094 0.004779334180057049 0.007789188530296087 0.01138313952833414 0.9980337023735046 0.06163722276687622 0.09657926112413406 -0.0054910811595618725 -0.06157790496945381 0.9980872273445129 0.030726540833711624
1403636584.1135554 0.9999213814735413 -0.012473322451114655 -0.0012581897899508476 0.007205821108072996 0.012527095153927803 0.9980282783508301 0.0615033358335495 0.09548493474721909 0.0004885578528046608 -0.06151426210999489 0.9981061816215515 0.0299794040620327
1403636584.1635556 0.9999300241470337 -0.010789039544761181 -0.004855661652982235 0.006706234999001026 0.011067683808505535 0.9980408549308777 0.06157897412776947 0.09075416624546051 0.004181773401796818 -0.061628419905900955 0.9980904459953308 0.02811374142765999
1403636584.2135556 0.9999353885650635 -0.00931184459477663 -0.006524332799017429 0.006594690959900618 0.009694311767816544 0.9980737566947937 0.06127454712986946 0.08260875940322876 0.005941187031567097 -0.06133384257555008 0.9980996251106262 0.025555051863193512
1403636584.2635555 0.9999421238899231 -0.008770045824348927 -0.006234646309167147 0.00658975075930357 0.009123054333031178 0.9982134103775024 0.05904874578118324 0.07310391217470169 0.005705647170543671 -0.05910220369696617 0.9982357621192932 0.023114297538995743
1403636584.3135555 0.9999486207962036 -0.008478994481265545 -0.00557206105440855 0.006487790960818529 0.008768206462264061 0.998496413230896 0.05411053076386452 0.060779470950365067 0.0051048812456429005 -0.054156601428985596 0.9985193610191345 0.01947234570980072
1403636584.3635557 0.9999800324440002 -0.00555260106921196 -0.003033511806279421 0.006798206828534603 0.005699854344129562 0.9986871480941772 0.050907112658023834 0.04645690694451332 0.0027468621265143156 -0.05092337727546692 0.9986988306045532 0.01574508287012577
1403636584.4135554 0.9999899864196777 0.0007578878430649638 0.004396125208586454 0.008213712833821774 -0.0009599316981621087 0.9989345669746399 0.046141039580106735 0.035410672426223755 -0.004356470890343189 -0.04614480584859848 0.9989252686500549 0.012961175292730331
1403636584.4635556 0.9999209046363831 0.005792246665805578 0.01116773672401905 0.009232209995388985 -0.0062300716526806355 0.9991971254348755 0.03957679867744446 0.018627095967531204 -0.01092953234910965 -0.039643242955207825 0.9991540908813477 0.008728528395295143
1403636584.5135555 0.9998499751091003 0.00757484370842576 0.015578935854136944 0.009703153744339943 -0.008027519099414349 0.9995412826538086 0.029202623292803764 0.0016570297302678227 -0.015350584872066975 -0.02932330220937729 0.9994521141052246 0.004574383143335581
1403636584.5635555 0.9997939467430115 0.005821605212986469 0.019447118043899536 0.009620286524295807 -0.006123789120465517 0.9998608231544495 0.01551551092416048 -0.015313484705984592 -0.019354091957211494 -0.015631405636668205 0.9996904730796814 -0.00017083200509659946
1403636584.6135554 0.9996799826622009 0.003673564875498414 0.02502628043293953 0.010172668844461441 -0.0036180377937853336 0.9999908804893494 -0.002263687551021576 -0.032942287623882294 -0.02503436803817749 0.0021724170073866844 0.99968421459198 -0.005081852898001671
1403636584.6635556 0.9994480013847351 0.0011944766156375408 0.033200882375240326 0.010496018454432487 -0.0004407796950545162 0.9997422695159912 -0.02269918844103813 -0.050121501088142395 -0.03321944177150726 0.022672023624181747 0.9991908073425293 -0.009648853912949562
1403636584.7135556 0.9992024302482605 0.0012088119983673096 0.039912812411785126 0.01158874947577715 0.0005646488862112164 0.9990140199661255 -0.04439223185181618 -0.06681723147630692 -0.03992711752653122 0.04437935724854469 0.9982165098190308 -0.014914651401340961
1403636584.7635555 0.9988635778427124 -0.0001889809500426054 0.04765859246253967 0.012166083790361881 0.0032397620379924774 0.9979482293128967 -0.06394413858652115 -0.0818500816822052 -0.047548726201057434 0.0640258640050888 0.9968148469924927 -0.019528772681951523
1403636584.8135555 0.9986448884010315 -0.000502169830724597 0.05203916132450104 0.011902645230293274 0.004698833916336298 0.9967392683029175 -0.08055349439382553 -0.09538485109806061 -0.0518290251493454 0.08068887144327164 0.9953910112380981 -0.024902191013097763
1403636584.8635557 0.9985189437866211 -0.005045699421316385 0.05417098477482796 0.01220267079770565 0.010104319080710411 0.9955662488937378 -0.09351929277181625 -0.10684257745742798 -0.05345892161130905 0.09392814338207245 0.9941426515579224 -0.02916363626718521
1403636584.9135554 0.9985294938087463 -0.008110838010907173 0.053601015359163284 0.011725560761988163 0.01359418872743845 0.9946152567863464 -0.10274136066436768 -0.11562371253967285 -0.05247906967997551 0.10331892967224121 0.9932628870010376 -0.0335078164935112
1403636584.9635556 0.9983491897583008 -0.01467100903391838 0.055530283600091934 0.011669555678963661 0.0206030011177063 0.9939581751823425 -0.1078082025051117 -0.11858981847763062 -0.053613126277923584 0.1087743267416954 0.9926196336746216 -0.035058822482824326
1403636585.0135555 0.998094916343689 -0.01629406027495861 0.059506528079509735 0.010905097238719463 0.022633230313658714 0.993951678276062 -0.10746055841445923 -0.11998742818832397 -0.057395633310079575 0.10860267281532288 0.9924269914627075 -0.03531549125909805
1403636585.0635555 0.9978246688842773 -0.020769687369465828 0.06256561726331711 0.010755819268524647 0.027144780382514 0.9943280816078186 -0.10283359885215759 -0.11344647407531738 -0.06007494404911995 0.10430823266506195 0.9927289485931396 -0.03284529969096184
1403636585.1135554 0.9977907538414001 -0.021700767800211906 0.06279044598340988 0.010570550337433815 0.027802901342511177 0.9947977662086487 -0.09800228476524353 -0.10941246151924133 -0.06033707410097122 0.09953153878450394 0.993203341960907 -0.030833283439278603
1403636585.1635556 0.9974502325057983 -0.022973347455263138 0.06756695359945297 0.010561677627265453 0.029170401394367218 0.9953121542930603 -0.0922103077173233 -0.10179464519023895 -0.06513185054063797 0.09394615143537521 0.9934444427490234 -0.027602024376392365
1403636585.2135556 0.997108519077301 -0.021339939907193184 0.07293414324522018 0.0108195710927248 0.027699487283825874 0.9957945346832275 -0.08732806146144867 -0.09274142980575562 -0.07076385617256165 0.08909576386213303 0.9935060739517212 -0.024011429399251938
1403636585.2635555 0.9967610239982605 -0.015062322840094566 0.07899802923202515 0.011243212968111038 0.021430043503642082 0.996533215045929 -0.0803883895277977 -0.08195582777261734 -0.07751332223415375 0.08182092010974884 0.993628203868866 -0.019149500876665115
1403636585.3135555 0.9964641332626343 -0.009433340281248093 0.08348844200372696 0.01217961311340332 0.01572442054748535 0.9970581531524658 -0.07501912862062454 -0.07012808322906494 -0.08253514766693115 0.07606666535139084 0.9936808943748474 -0.01400006003677845
1403636585.3635557 0.9963183999061584 -0.0007873360300436616 0.08572578430175781 0.013310691341757774 0.006743306759744883 0.9975793361663818 -0.06920964270830154 -0.05737629532814026 -0.08546377718448639 0.06953291594982147 0.9939121007919312 -0.008473752066493034
1403636585.4135554 0.9962680339813232 0.0031511676497757435 0.08625605702400208 0.013883663341403008 0.0021569884847849607 0.9981123208999634 -0.06137721240520477 -0.04835117608308792 -0.08628664165735245 0.06133421137928963 0.9943805932998657 -0.004474164918065071
1403636585.4635556 0.9968180656433105 0.00643523596227169 0.07945113629102707 0.01470229309052229 -0.002275381237268448 0.9986269474029541 -0.052337296307086945 -0.03567003086209297 -0.07967884093523026 0.05198998004198074 0.9954638481140137 -0.0002033342607319355
1403636585.5135555 0.9972423911094666 0.009399020113050938 0.0736147090792656 0.016141200438141823 -0.00635948870331049 0.9991218447685242 -0.041415806859731674 -0.02613333985209465 -0.07393932342529297 0.04083344712853432 0.9964264035224915 0.004241644404828548
1403636585.5635555 0.9980209469795227 0.010524659417569637 0.061995040625333786 0.014980868436396122 -0.008675613440573215 0.9995116591453552 -0.030019721016287804 -0.013605896383523941 -0.06228071078658104 0.029422469437122345 0.9976248741149902 0.00578500609844923
1403636585.6135554 0.9987655878067017 0.010246217250823975 0.048602573573589325 0.014883855357766151 -0.009396118111908436 0.9997994899749756 -0.01768716797232628 -0.0028861835598945618 -0.04877404496073723 0.017208661884069443 0.9986616373062134 0.00671400036662817
1403636585.6635556 0.9993634819984436 0.006669620051980019 0.03504413738846779 0.015980005264282227 -0.006524781230837107 0.9999697208404541 -0.0042457785457372665 0.005643144715577364 -0.035071391612291336 0.004014420788735151 0.9993767738342285 0.007371117826551199
1403636585.7135556 0.9997556209564209 0.001007971353828907 0.02208440937101841 0.015177191235125065 -0.0012434886302798986 0.9999424815177917 0.010653276927769184 0.012507361359894276 -0.022072402760386467 -0.010678133927285671 0.9996992945671082 0.006124243140220642
1403636585.7635555 0.999899685382843 -0.004965829197317362 0.01326901838183403 0.015098434872925282 0.004615826532244682 0.9996439814567566 0.026279132813215256 0.018059924244880676 -0.01339479349553585 -0.026215244084596634 0.9995665550231934 0.00491749681532383
1403636585.8135555 0.9999184608459473 -0.012213768437504768 0.0037320666015148163 0.014783629216253757 0.012044941075146198 0.999031126499176 0.04232928529381752 0.02189592644572258 -0.004245452582836151 -0.042280882596969604 0.999096691608429 0.0032967878505587578
1403636585.8635557 0.9998177289962769 -0.018610820174217224 -0.004253573250025511 0.014391145668923855 0.018834993243217468 0.9979750514030457 0.06075409799814224 0.02377711422741413 0.0031142765656113625 -0.06082313507795334 0.9981436729431152 0.0009659649804234505
1403636585.9135554 0.9996604919433594 -0.023959720507264137 -0.010230476036667824 0.014195707626640797 0.02469811961054802 0.9965302348136902 0.07948291301727295 0.025021841749548912 0.008290590718388557 -0.07970860600471497 0.9967837333679199 -0.0014504074351862073
1403636585.9635556 0.9995549917221069 -0.027954084798693657 -0.010395524092018604 0.014031734317541122 0.02886021137237549 0.9944946765899658 0.10073462128639221 0.025662431493401527 0.007522349711507559 -0.10098981857299805 0.9948590397834778 -0.0036124452017247677
1403636586.0135555 0.9994495511054993 -0.03278609365224838 -0.005094001069664955 0.013951180502772331 0.03316555544734001 0.9916314482688904 0.12476818263530731 0.025653190910816193 0.0009607095853425562 -0.12486844509840012 0.9921728372573853 -0.004898154176771641
1403636586.0635555 0.9993965029716492 -0.03391295298933983 0.007517167367041111 0.014094523154199123 0.03240198642015457 0.9881401062011719 0.15009760856628418 0.02557726576924324 -0.012518265284597874 -0.14976346492767334 0.9886426329612732 -0.006403489038348198
1403636586.1135554 0.9990755915641785 -0.03833090886473656 0.01946347951889038 0.013582990504801273 0.03441816195845604 0.9844785332679749 0.17209725081920624 0.025378454476594925 -0.02575802057981491 -0.1712682545185089 0.9848876595497131 -0.00730842724442482
1403636586.1635556 0.9986155033111572 -0.04326252639293671 0.029923513531684875 0.012059823609888554 0.036731258034706116 0.9806963205337524 0.19205623865127563 0.023546865209937096 -0.03765472397208214 -0.19069118797779083 0.9809276461601257 -0.008705580607056618
1403636586.2135556 0.9982804656028748 -0.04819079861044884 0.033373840153217316 0.010957857593894005 0.040141019970178604 0.9768967628479004 0.2099081575870514 0.022765139117836952 -0.04271843656897545 -0.20820751786231995 0.9771513938903809 -0.010536152869462967
1403636586.2635555 0.9980984926223755 -0.05178335681557655 0.03343427926301956 0.010076634585857391 0.042833831161260605 0.972743034362793 0.22789528965950012 0.022812779992818832 -0.04432414099574089 -0.22602981328964233 0.9731114506721497 -0.01285078190267086
1403636586.3135555 0.9978075623512268 -0.05740015581250191 0.032947905361652374 0.00968837458640337 0.04747559130191803 0.9676089882850647 0.2479492872953415 0.022772114723920822 -0.046113021671772 -0.24584145843982697 0.9682125449180603 -0.015005717054009438
1403636586.3635557 0.9975196123123169 -0.06184094026684761 0.03362042084336281 0.009212923236191273 0.05059390515089035 0.9619916677474976 0.2683507800102234 0.022945839911699295 -0.048937633633613586 -0.2659841775894165 0.9627344012260437 -0.01755841076374054
1403636586.4135554 0.9971619844436646 -0.0678623765707016 0.03260247781872749 0.00901869311928749 0.055631645023822784 0.9559332728385925 0.2882649302482605 0.023460738360881805 -0.05072813481092453 -0.2856330871582031 0.9569954872131348 -0.02024039626121521
1403636586.4635556 0.9972236156463623 -0.06751874834299088 0.031405009329319 0.009468111209571362 0.054665081202983856 0.9501534104347229 0.30695292353630066 0.02407468669116497 -0.050564661622047424 -0.30438390374183655 0.9512062668800354 -0.023009654134511948
1403636586.5135555 0.9973518252372742 -0.06587323546409607 0.0308243241161108 0.010067937895655632 0.052433595061302185 0.9449734091758728 0.3229178190231323 0.02463529072701931 -0.05039980635046959 -0.32044634222984314 0.9459248185157776 -0.025804569944739342
1403636586.5635555 0.99757981300354 -0.06384502351284027 0.027540314942598343 0.011261279694736004 0.050942953675985336 0.9406819343566895 0.3354431986808777 0.024624641984701157 -0.04732305556535721 -0.33322834968566895 0.9416576623916626 -0.02828480303287506
1403636586.6135554 0.9977091550827026 -0.0627458393573761 0.025284547358751297 0.012457787990570068 0.050317492336034775 0.9381388425827026 0.3425838351249695 0.024119466543197632 -0.04521612450480461 -0.34052684903144836 0.9391469359397888 -0.029755882918834686
1403636586.6635556 0.9976262450218201 -0.06425564736127853 0.024763008579611778 0.014677731320261955 0.05186952278017998 0.937709629535675 0.343526154756546 0.023231327533721924 -0.045294009149074554 -0.3414262533187866 0.9388166069984436 -0.03073973022401333
1403636586.7135556 0.9976920485496521 -0.06382419914007187 0.02317543514072895 0.016871526837348938 0.05222568288445473 0.9394081830978394 0.33879923820495605 0.022252600640058517 -0.0433947816491127 -0.33680689334869385 0.9405732750892639 -0.031150728464126587
1403636586.7635555 0.997689962387085 -0.06530238687992096 0.018719973042607307 0.018843920901417732 0.055430103093385696 0.9418616890907288 0.33139753341674805 0.021377820521593094 -0.03927267715334892 -0.32959434390068054 0.943305492401123 -0.03105555847287178
1403636586.8135555 0.9977759718894958 -0.06496842205524445 0.014905638061463833 0.021145040169358253 0.05667100474238396 0.9445513486862183 0.32343655824661255 0.020510157570242882 -0.0350923016667366 -0.3218725323677063 0.9461324214935303 -0.030460365116596222
1403636586.8635557 0.997938334941864 -0.06288684159517288 0.012815969064831734 0.023219365626573563 0.055624786764383316 0.9471086263656616 0.3160555362701416 0.020321255549788475 -0.032013848423957825 -0.3146910071372986 0.9486539959907532 -0.029722819104790688
1403636586.9135554 0.9982382655143738 -0.058296848088502884 0.01104176975786686 0.023324035108089447 0.05197393521666527 0.9489156007766724 0.31122007966041565 0.02005026489496231 -0.02862086519598961 -0.31009790301322937 0.9502736926078796 -0.028242619708180428
1403636586.9635556 0.9984403252601624 -0.0554027333855629 0.006899532396346331 0.023943567648530006 0.05062691122293472 0.9505372047424316 0.3064572215080261 0.019976815208792686 -0.023536838591098785 -0.3056299686431885 0.9518594145774841 -0.02725096605718136
1403636587.0135555 0.9987972974777222 -0.04889519140124321 0.003616747446358204 0.024245653301477432 0.04548240825533867 0.9515730142593384 0.3040398955345154 0.019540367648005486 -0.018307693302631378 -0.30350974202156067 0.9526524543762207 -0.0261177159845829
1403636587.0635555 0.9989467859268188 -0.045871518552303314 0.0011186487972736359 0.02470371499657631 0.043344076722860336 0.9513459801673889 0.3050609827041626 0.019105495885014534 -0.015057838521897793 -0.3046911656856537 0.9523321390151978 -0.024968277662992477
1403636587.1135554 0.999150812625885 -0.04120158404111862 -0.00041223131120204926 0.0252616498619318 0.039307914674282074 0.9501335024833679 0.3093564212322235 0.01860332302749157 -0.012354310601949692 -0.3091098666191101 0.950946033000946 -0.023849286139011383
1403636587.1635556 0.9992769360542297 -0.038014549762010574 -0.0007944005774334073 0.026390783488750458 0.03634164482355118 0.9487408399581909 0.31395870447158813 0.018251609057188034 -0.011181323789060116 -0.31376054883003235 0.9494361877441406 -0.022937923669815063
1403636587.2135556 0.9993233680725098 -0.03670307993888855 -0.0023850183933973312 0.028245525434613228 0.03557346761226654 0.9480185508728027 0.3162201941013336 0.018045570701360703 -0.009345218539237976 -0.3160910904407501 0.9486827254295349 -0.02155437506735325
1403636587.2635555 0.9992521405220032 -0.03863145411014557 -0.0017265556380152702 0.03080042637884617 0.03717298433184624 0.9473071098327637 0.31816259026527405 0.017660513520240784 -0.010655510239303112 -0.3179888427257538 0.9480345249176025 -0.0201113261282444
1403636587.3135555 0.9991975426673889 -0.04004495218396187 -0.0008833814645186067 0.034378983080387115 0.038226328790187836 0.9467679262161255 0.31963932514190674 0.01728166826069355 -0.011963590048253536 -0.3194166421890259 0.9475387930870056 -0.0185064896941185
1403636587.3635557 0.9990742802619934 -0.04299274459481239 0.0014817402698099613 0.03857387229800224 0.0402391292154789 0.9461554288864136 0.32120180130004883 0.016925228759646416 -0.015211306512355804 -0.32084476947784424 0.9470095038414001 -0.016701512038707733
1403636587.4135554 0.9989683628082275 -0.04531756415963173 0.0029179309494793415 0.04373544082045555 0.04195086285471916 0.9455382227897644 0.32279664278030396 0.01645667664706707 -0.017387375235557556 -0.32234111428260803 0.9464638233184814 -0.015043878927826881
1403636587.4635556 0.9987481832504272 -0.04986320436000824 0.0039549279026687145 0.04975171014666557 0.04587254300713539 0.9445950388908386 0.3250165283679962 0.016123250126838684 -0.01994217559695244 -0.3244282007217407 0.9456999897956848 -0.01315988227725029
1403636587.5135555 0.9984997510910034 -0.054580435156822205 0.00438873004168272 0.05650194734334946 0.05014151334762573 0.9436072707176208 0.32724782824516296 0.015728915110230446 -0.02200256660580635 -0.32653677463531494 0.9449282884597778 -0.011654568836092949
1403636587.5635555 0.9982993602752686 -0.05807631090283394 0.005072807427495718 0.06415650993585587 0.05318677797913551 0.9429567456245422 0.3286392390727997 0.01524330209940672 -0.023869594559073448 -0.3278104364871979 0.9444417953491211 -0.0107496976852417
1403636587.6135554 0.9980419278144836 -0.06201356276869774 0.00816184189170599 0.07156715542078018 0.05592470243573189 0.9431635141372681 0.3275897204875946 0.014867844060063362 -0.028012966737151146 -0.3264918327331543 0.9447847604751587 -0.009335966780781746
1403636587.6635556 0.9976766705513 -0.06704288721084595 0.012104379944503307 0.07989833503961563 0.059525031596422195 0.9442590475082397 0.32377710938453674 0.01413959264755249 -0.033136628568172455 -0.322304368019104 0.9460559487342834 -0.00811008457094431
1403636587.7135556 0.9972193241119385 -0.07256809622049332 0.016959909349679947 0.08860613405704498 0.0634516030550003 0.9461399912834167 0.31747934222221375 0.013238069601356983 -0.039085324853658676 -0.31552040576934814 0.9481135010719299 -0.006294772028923035
1403636587.7635555 0.996485710144043 -0.08089061826467514 0.021745577454566956 0.09660720825195312 0.07014236599206924 0.9477442502975464 0.3112245500087738 0.012167170643806458 -0.045784395188093185 -0.30860552191734314 0.9500875473022461 -0.005297262687236071
1403636587.8135555 0.9959123730659485 -0.08547491580247879 0.02919895388185978 0.10530826449394226 0.07245877385139465 0.9490352272987366 0.30672749876976013 0.011322511360049248 -0.053928349167108536 -0.3033580482006073 0.9513492584228516 -0.003636138280853629
1403636587.8635557 0.9951717853546143 -0.09209645539522171 0.033931609243154526 0.11431767046451569 0.07744859904050827 0.9492284655570984 0.30490508675575256 0.011047673411667347 -0.06028952822089195 -0.3008050322532654 0.9517779350280762 -0.0025867391377687454
1403636587.9135554 0.9946117401123047 -0.09540702402591705 0.04055599123239517 0.12195133417844772 0.07840313017368317 0.9482035040855408 0.30783578753471375 0.011501798406243324 -0.06782504171133041 -0.3029973804950714 0.9505746960639954 -0.0015850500203669071
1403636587.9635556 0.9939658045768738 -0.09846971184015274 0.04832763597369194 0.13012871146202087 0.07836665958166122 0.9457659125328064 0.31525447964668274 0.01218324527144432 -0.07674964517354965 -0.30956488847732544 0.9477758407592773 -0.0006923908367753029
1403636588.0135555 0.9932273626327515 -0.10039626061916351 0.05847805738449097 0.13736578822135925 0.07609719783067703 0.9424581527709961 0.32554829120635986 0.013474524952471256 -0.08779694885015488 -0.31889352202415466 0.9437153339385986 0.00032519083470106125
1403636588.0635555 0.992222785949707 -0.10648807138204575 0.06445200741291046 0.14377723634243011 0.07884395122528076 0.9383522272109985 0.3365688621997833 0.013997495174407959 -0.09631926566362381 -0.3288697600364685 0.9394505023956299 0.0014841817319393158
1403636588.1135554 0.9919005036354065 -0.10873421281576157 0.06565070897340775 0.1495378613471985 0.07987949997186661 0.9358730316162109 0.34316298365592957 0.01496180146932602 -0.09875430166721344 -0.3351394832134247 0.9369786977767944 0.0024657603353261948
1403636588.1635556 0.9918189644813538 -0.10826057195663452 0.06763586401939392 0.15446601808071136 0.07836722582578659 0.9346438050270081 0.34684211015701294 0.016044938936829567 -0.10076478123664856 -0.3387041687965393 0.9354816675186157 0.0032320600003004074
1403636588.2135556 0.9919459819793701 -0.1082526221871376 0.06576181948184967 0.15883506834506989 0.07889272272586823 0.934225857257843 0.34784752130508423 0.01684940606355667 -0.0990917980670929 -0.3398578464984894 0.9352419376373291 0.003802018240094185
1403636588.2635555 0.9920780658721924 -0.10866512358188629 0.06303149461746216 0.16379666328430176 0.0804128348827362 0.9348053336143494 0.3459373414516449 0.01748463697731495 -0.09651350229978561 -0.3381282091140747 0.9361380338668823 0.004809342324733734
1403636588.3135555 0.9920398592948914 -0.10997425019741058 0.061339035630226135 0.16558100283145905 0.08258049935102463 0.9359133839607239 0.3424125015735626 0.01800953410565853 -0.09506458789110184 -0.33462145924568176 0.9375453591346741 0.005117148160934448
1403636588.3635557 0.9922042489051819 -0.11052992194890976 0.057566411793231964 0.1668851375579834 0.08471193164587021 0.9369791150093079 0.33896002173423767 0.018448613584041595 -0.09140375256538391 -0.3314409554004669 0.9390379786491394 0.005471942946314812
1403636588.4135554 0.9920767545700073 -0.1124524474143982 0.05601884052157402 0.16714590787887573 0.08733776956796646 0.9378401041030884 0.3358987271785736 0.01879863068461418 -0.09030933678150177 -0.3283447325229645 0.9402307868003845 0.005275050178170204
1403636588.4635556 0.9919495582580566 -0.11388371884822845 0.05537687614560127 0.16652658581733704 0.08899915218353271 0.938044011592865 0.3348918855190277 0.019145876169204712 -0.09008468687534332 -0.3272673189640045 0.940627932548523 0.0051812781020998955
1403636588.5135555 0.9918959140777588 -0.11252933740615845 0.05898952856659889 0.16495509445667267 0.08642609417438507 0.9379107356071472 0.33593738079071045 0.01928909495472908 -0.0931297093629837 -0.3281167149543762 0.9400352835655212 0.004671115428209305
