0.1037359 0.9999911785125732 -0.0025669147726148367 -0.0033347434364259243 -0.0003451429074630141 0.0025594772305339575 0.999994158744812 -0.00223274203017354 -0.00011562578583834693 0.0033404561690986156 0.002224186435341835 0.9999919533729553 0.040708549320697784
0.2073381 0.9999711513519287 -0.0010289077181369066 -0.007533034309744835 -0.001125537557527423 0.0009989070240408182 0.9999914765357971 -0.003985253162682056 -7.362652104347944e-05 0.0075370692647993565 0.003977612592279911 0.9999637007713318 0.08407953381538391
0.3110752 0.9999369978904724 -0.0013792773243039846 -0.011144289746880531 -0.0019576132763177156 0.0013191186590120196 0.9999845623970032 -0.00540369376540184 -0.0003910906089004129 0.0111515698954463 0.005388651974499226 0.9999233484268188 0.12419946491718292
0.4146917 0.9998696446418762 0.00012406847963575274 -0.016143029555678368 -0.002993422094732523 -0.00022109235578682274 0.9999819397926331 -0.006008635740727186 -0.0007069885614328086 0.016141992062330246 0.006011421792209148 0.999851644039154 0.16728733479976654
0.5184302 0.9997909069061279 -0.0011297543533146381 -0.020423324778676033 -0.004081652499735355 0.000999982818029821 0.9999792575836182 -0.006363180465996265 -0.001124761183746159 0.02043009176850319 0.006341426633298397 0.9997711777687073 0.21125616133213043
0.6220448 0.9996975660324097 0.0008012715261429548 -0.02458345517516136 -0.005858410615473986 -0.0009822661522775888 0.999972403049469 -0.007351244799792767 -0.001885172096081078 0.02457689307630062 0.0073731704615056515 0.9996707439422607 0.2558079659938812
0.7257977 0.9995605945587158 0.0037158350460231304 -0.029408350586891174 -0.007903256453573704 -0.003957288805395365 0.9999590516090393 -0.008156444877386093 -0.0022460012696683407 0.029376832768321037 0.008269238285720348 0.9995341300964355 0.30143606662750244
0.8294199 0.9994292855262756 0.003947259392589331 -0.03354892134666443 -0.009914647787809372 -0.004177813418209553 0.9999681115150452 -0.0068048653192818165 -0.0025165099650621414 0.03352099284529686 0.006941142491996288 0.9994139075279236 0.348206490278244
0.9331467 0.9992619156837463 0.0029090975876897573 -0.03830217942595482 -0.011587455868721008 -0.0030662696808576584 0.9999870657920837 -0.004045384936034679 -0.0030322070233523846 0.03828991577029228 0.004159844480454922 0.9992579817771912 0.39548662304878235
1.03691 0.9991392493247986 0.0026809675619006157 -0.041394125670194626 -0.014260921627283096 -0.0027692443691194057 0.9999939799308777 -0.002075395779684186 -0.002888847142457962 0.041388317942619324 0.0021882401779294014 0.9991406798362732 0.44373777508735657
1.140497 0.9990394711494446 0.003954603336751461 -0.043639395385980606 -0.017118364572525024 -0.004036695696413517 0.9999902844429016 -0.001793211093172431 -0.004209994338452816 0.04363188520073891 0.0019676480442285538 0.9990457892417908 0.4916478991508484
1.244242 0.9989263415336609 0.003369002602994442 -0.04620388150215149 -0.01908920146524906 -0.003443185705691576 0.9999929070472717 -0.001526058535091579 -0.004958852659910917 0.04619842767715454 0.001683508395217359 0.9989309310913086 0.540614128112793
1.347979 0.9988585114479065 0.0006126049556769431 -0.047760970890522 -0.02184407413005829 -0.0007283010636456311 0.9999970197677612 -0.002405037172138691 -0.005250368732959032 0.04775935783982277 0.0024370765313506126 0.9988558292388916 0.5896968841552734
1.451596 0.998760461807251 0.0007741154404357076 -0.04976825416088104 -0.024579161778092384 -0.0008604985196143389 0.9999982118606567 -0.0017143040895462036 -0.005557749420404434 0.04976684972643852 0.0017550045158714056 0.9987593293190002 0.6396324038505554
1.555212 0.9987150430679321 -0.0014377366751432419 -0.05065841227769852 -0.027538737282156944 0.0013679779367521405 0.9999980330467224 -0.0014116858365014195 -0.006603245623409748 0.050660356879234314 0.001340571790933609 0.9987149834632874 0.6895223259925842
1.65896 0.9986591935157776 0.0005118538392707705 -0.05176578462123871 -0.03134359046816826 -0.0006473867688328028 0.9999963641166687 -0.0026014670729637146 -0.007877575233578682 0.05176427215337753 0.0026314915157854557 0.9986557960510254 0.739682674407959
1.762569 0.9985288977622986 0.0010772664099931717 -0.05421040207147598 -0.033145222812891006 -0.001438453677110374 0.9999769926071167 -0.006624117959290743 -0.007424503564834595 0.05420202016830444 0.006692353170365095 0.998507559299469 0.7914745211601257
1.866302 0.9984461665153503 0.004927902482450008 -0.05550592765212059 -0.0370500311255455 -0.0053833904676139355 0.999953031539917 -0.008059592917561531 -0.0082414411008358 0.05546360835433006 0.00834587961435318 0.9984258413314819 0.8429039716720581
1.969923 0.9983864426612854 0.006028498988598585 -0.056462496519088745 -0.040509551763534546 -0.006473543122410774 0.9999493956565857 -0.007702532224357128 -0.00916216243058443 0.056413207203149796 0.008055615238845348 0.9983749985694885 0.8951988816261292
2.073666 0.9983149766921997 0.005236783996224403 -0.05778968334197998 -0.0438501238822937 -0.005552222952246666 0.999970555305481 -0.005299184937030077 -0.010603738948702812 0.05776023492217064 0.005611115600913763 0.9983147382736206 0.9481068849563599
2.177281 0.9982388615608215 0.005867775995284319 -0.059032242745161057 -0.04719552770256996 -0.006168724037706852 0.9999688863754272 -0.004917073529213667 -0.010425755754113197 0.05900155007839203 0.005272567272186279 0.9982439875602722 1.0006262063980103
2.281017 0.9982097148895264 0.005614309571683407 -0.05954883620142937 -0.05099629610776901 -0.005912093445658684 0.9999709129333496 -0.004825648386031389 -0.01130654476583004 0.05952001363039017 0.005169066600501537 0.9982137680053711 1.0540754795074463
2.384639 0.9980763792991638 0.004840257111936808 -0.061807308346033096 -0.053639210760593414 -0.00520993722602725 0.999969482421875 -0.005821402184665203 -0.0117945009842515 0.061777230352163315 0.006132216192781925 0.9980711340904236 1.1066983938217163
2.48825 0.9980093240737915 0.004039771389216185 -0.06293629854917526 -0.05711521953344345 -0.004435507580637932 0.9999712109565735 -0.0061494274996221066 -0.013167527504265308 0.06290963292121887 0.006416340358555317 0.9979985952377319 1.1609864234924316
2.591988 0.9979761242866516 0.004116636700928211 -0.06345861405134201 -0.060872726142406464 -0.004442066419869661 0.9999776482582092 -0.004987957887351513 -0.013371549546718597 0.06343667209148407 0.0052597494795918465 0.9979720711708069 1.2147374153137207
2.695832 0.9979742765426636 0.005324791185557842 -0.06339618563652039 -0.06486041098833084 -0.005455272272229195 0.9999833106994629 -0.00188527163118124 -0.013993078842759132 0.06338508427143097 0.0022272958885878325 0.9979866743087769 1.2699998617172241
2.799367 0.9980287551879883 0.006122921127825975 -0.06245841085910797 -0.06806451082229614 -0.005979428067803383 0.9999790191650391 0.0024840799160301685 -0.015013504773378372 0.06247228756546974 -0.0021057180128991604 0.9980445504188538 1.323722004890442
2.903084 0.998106837272644 0.00493589835241437 -0.061306022107601166 -0.07110585272312164 -0.0046595181338489056 0.999978244304657 0.004650373011827469 -0.014995023608207703 0.061327628791332245 -0.004355913028120995 0.9981082677841187 1.3788057565689087
3.006768 0.9982262849807739 0.004988613072782755 -0.05932527408003807 -0.07477125525474548 -0.004622455220669508 0.9999694228172302 0.006307675037533045 -0.01594766601920128 0.05935492739081383 -0.006022259127348661 0.998218834400177 1.4334691762924194
3.110441 0.9982619285583496 0.005549388937652111 -0.0586729533970356 -0.0775039866566658 -0.005357688292860985 0.9999797940254211 0.003424083348363638 -0.016293266788125038 0.05869078263640404 -0.0031037807930260897 0.9982714056968689 1.4900703430175781
3.214057 0.9983487129211426 0.006137900520116091 -0.057114746421575546 -0.08138473331928253 -0.006233112886548042 0.9999794363975525 -0.0014890189049765468 -0.016506759449839592 0.057104434818029404 0.0018425628077238798 0.9983665347099304 1.5442639589309692
3.317669 0.9984127879142761 0.005472248885780573 -0.0560520738363266 -0.08478103578090668 -0.00574421975761652 0.9999724626541138 -0.004692157730460167 -0.016733720898628235 0.056024856865406036 0.005006685853004456 0.9984167814254761 1.600852370262146
3.421285 0.9984763860702515 0.003407430602237582 -0.055074647068977356 -0.08794986456632614 -0.003615057561546564 0.9999867677688599 -0.0036707434337586164 -0.01754419319331646 0.055061399936676025 0.003864248050376773 0.9984754323959351 1.65679931640625
3.524925 0.9984660744667053 0.0015605678781867027 -0.05534471571445465 -0.09072519838809967 -0.0014975586673244834 0.9999982118606567 0.001179942861199379 -0.018099144101142883 0.05534646287560463 -0.0010952509474009275 0.9984666109085083 1.7140552997589111
3.628545 0.9984325170516968 -0.001820392906665802 -0.05593857169151306 -0.09436138719320297 0.0020705133210867643 0.9999881386756897 0.004413710907101631 -0.018526658415794373 0.05592988058924675 -0.0045226141810417175 0.9984244108200073 1.7710459232330322
3.732256 0.9983320236206055 -0.008619632571935654 -0.0570860356092453 -0.09706714749336243 0.008827941492199898 0.9999552369117737 0.0033978489227592945 -0.018826032057404518 0.05705419182777405 -0.003896133042871952 0.9983634352684021 1.8291476964950562
3.835871 0.9982231259346008 -0.010882452130317688 -0.05858437344431877 -0.10023120790719986 0.010900424793362617 0.9999405741691589 -1.2780498764186632e-05 -0.01944163255393505 0.05858103930950165 -0.0006258364301174879 0.9982824921607971 1.8850535154342651
3.939488 0.9981432557106018 -0.011464640498161316 -0.059821199625730515 -0.10378054529428482 0.011223561130464077 0.9999274611473083 -0.0043644350953400135 -0.019429102540016174 0.059866901487112045 0.0036849246826022863 0.9981996417045593 1.9429385662078857
4.043107 0.9980189204216003 -0.009941627271473408 -0.06212262064218521 -0.10752930492162704 0.009680625982582569 0.9999430179595947 -0.004500962793827057 -0.020683638751506805 0.0621638223528862 0.003890660824254155 0.9980584383010864 2.000385046005249
4.146888 0.9979687929153442 -0.009429067373275757 -0.06300166994333267 -0.11134742945432663 0.009243050590157509 0.9999520778656006 -0.0032433820888400078 -0.02152419090270996 0.06302924454212189 0.0026544672437012196 0.9980081915855408 2.0595293045043945
4.25046 0.9979242086410522 -0.006791168823838234 -0.06404007971286774 -0.11534851044416428 0.006783448159694672 0.9999769330024719 -0.0003379936679266393 -0.02220970205962658 0.06404091417789459 -9.71201661741361e-05 0.9979472756385803 2.117027997970581
4.354202 0.9978541135787964 -0.006175719667226076 -0.0651838406920433 -0.11945851147174835 0.006228263955563307 0.9999803900718689 0.0006029103533364832 -0.022685855627059937 0.06517884880304337 -0.0010075985919684172 0.9978731274604797 2.175684690475464
4.45794 0.9978114366531372 -0.004946514498442411 -0.0659378245472908 -0.12396423518657684 0.005189501214772463 0.9999803304672241 0.003514315001666546 -0.023435750976204872 0.06591914594173431 -0.0038488092832267284 0.9978176951408386 2.233891010284424
4.561559 0.9977959394454956 -0.005858514923602343 -0.0660986602306366 -0.12757034599781036 0.006317059509456158 0.9999574422836304 0.0067304084077477455 -0.02380669303238392 0.06605640798807144 -0.007133122067898512 0.997790515422821 2.292288303375244
4.665293 0.9978052973747253 0.0004496938199736178 -0.06621585041284561 -0.13240383565425873 0.00013568918802775443 0.9999609589576721 0.00883578136563301 -0.02418554574251175 0.06621724367141724 -0.008825373835861683 0.9977661967277527 2.3507754802703857
4.768912 0.9978025555610657 0.00039995007682591677 -0.06625686585903168 -0.136911541223526 0.00014799190103076398 0.9999659061431885 0.008264854550361633 -0.024408811703324318 0.06625791639089584 -0.008256497792899609 0.9977684020996094 2.40899658203125
4.872532 0.9977820515632629 0.0004084153624717146 -0.06656435877084732 -0.14010469615459442 3.267191641498357e-05 0.9999780654907227 0.00662525650113821 -0.02460629492998123 0.0665656104683876 -0.006612738128751516 0.9977601170539856 2.467334508895874
4.976146 0.9978152513504028 0.0024240221828222275 -0.06602161377668381 -0.1452832967042923 -0.0021576425060629845 0.9999892115592957 0.004105749074369669 -0.02472791075706482 0.06603087484836578 -0.003954329062253237 0.9978097081184387 2.5241353511810303
5.079909 0.9977448582649231 0.0018002092838287354 -0.06709615886211395 -0.14918391406536102 -0.00149692187551409 0.9999884366989136 0.004570196382701397 -0.02558036521077156 0.06710361689329147 -0.00445945281535387 0.9977360367774963 2.582799196243286
5.183503 0.9976842999458313 3.8912367017474025e-05 -0.0680149644613266 -0.15332171320915222 0.00033171274117194116 0.9999850988388062 0.005437867250293493 -0.02570006065070629 0.06801415979862213 -0.005447836592793465 0.9976694583892822 2.639690399169922
5.287117 0.997627854347229 0.0010061770444735885 -0.0688299760222435 -0.15749894082546234 -0.0005485029541887343 0.9999775886535645 0.006667923182249069 -0.026606492698192596 0.06883510947227478 -0.0066143530420959 0.9976061582565308 2.6980533599853516
5.390861 0.9975943565368652 0.0031212172470986843 -0.06925045698881149 -0.16168485581874847 -0.002928276779130101 0.9999917149543762 0.002887459471821785 -0.026750458404421806 0.06925888359546661 -0.002677729120478034 0.9975951313972473 2.7538623809814453
5.494473 0.9975472688674927 0.0032224610913544893 -0.0699210986495018 -0.16585467755794525 -0.003263874677941203 0.9999946355819702 -0.00047804927453398705 -0.02790677174925804 0.0699191763997078 0.0007050908170640469 0.9975524544715881 2.810741424560547
5.598233 0.9974852204322815 0.00447844248265028 -0.07073152810335159 -0.1701146513223648 -0.004673074930906296 0.9999857544898987 -0.0025864632334560156 -0.0278543159365654 0.0707189217209816 0.002910492941737175 0.9974919557571411 2.867025375366211
5.701829 0.9974799752235413 0.003091308753937483 -0.07088027894496918 -0.17437973618507385 -0.003032964887097478 0.9999951124191284 0.0009307435248047113 -0.028612062335014343 0.07088280469179153 -0.000713420333340764 0.9974843263626099 2.924267053604126
5.805571 0.9974790811538696 0.0015033949166536331 -0.07094434648752213 -0.17818719148635864 -0.0012162683997303247 0.9999909400939941 0.004090225789695978 -0.029348697513341904 0.07094985991716385 -0.003993628080934286 0.997471809387207 2.9796547889709473
5.909185 0.997451901435852 -0.0007110722362995148 -0.07133805006742477 -0.18216297030448914 0.0010824964847415686 0.9999861121177673 0.005168011877685785 -0.030346151441335678 0.0713333711028099 -0.005232066381722689 0.9974387884140015 3.0362095832824707
6.012921 0.9974372386932373 -0.00371829466894269 -0.07144934684038162 -0.18568551540374756 0.00398822920396924 0.99998539686203 0.0036356865894049406 -0.030764084309339523 0.07143477350473404 -0.003911325708031654 0.9974376559257507 3.090637445449829
6.116541 0.9974170327186584 -0.006271085236221552 -0.07155458629131317 -0.1900973618030548 0.006446864455938339 0.9999767541885376 0.002225887030363083 -0.03120363876223564 0.07153896987438202 -0.002681440208107233 0.9974342584609985 3.147064208984375
6.220278 0.9973095059394836 -0.0071670617908239365 -0.07295411825180054 -0.19326770305633545 0.0074283466674387455 0.9999669194221497 0.003310795873403549 -0.032158032059669495 0.07292798161506653 -0.0038438166957348585 0.9973297715187073 3.2021079063415527
6.323895 0.9971988201141357 -0.011370144784450531 -0.07392636686563492 -0.1974373757839203 0.011966762132942677 0.9998992681503296 0.0076324790716171265 -0.03221365064382553 0.07383213192224503 -0.008495759218931198 0.9972345232963562 3.255417823791504
6.427659 0.9971451759338379 -0.011773131787776947 -0.07458425313234329 -0.20156565308570862 0.01274905726313591 0.9998390674591064 0.012622281908988953 -0.03249010816216469 0.074423648416996 -0.013537127524614334 0.9971349239349365 3.312635898590088
6.531383 0.9971299171447754 -0.010216932743787766 -0.07501643896102905 -0.20588529109954834 0.011387939564883709 0.9998197555541992 0.01519889198243618 -0.03309622034430504 0.07484762370586395 -0.016009556129574776 0.9970664381980896 3.3651232719421387
6.634992 0.9970394372940063 -0.009278124198317528 -0.07632959634065628 -0.21014080941677094 0.010156516917049885 0.9998865127563477 0.011127745732665062 -0.03319632634520531 0.07621769607067108 -0.011870046146214008 0.9970205426216125 3.4199182987213135
6.738741 0.9969310760498047 -0.007349169347435236 -0.07793795317411423 -0.2143070548772812 0.007624397054314613 0.9999656677246094 0.003234379692003131 -0.03353653475642204 0.07791152596473694 -0.003818682860583067 0.996953010559082 3.472748041152954
6.84235 0.996843159198761 -0.00575721450150013 -0.07918571680784225 -0.21866056323051453 0.005613756366074085 0.9999821782112122 -0.002034175442531705 -0.03355027735233307 0.0791960135102272 0.001583225792273879 0.9968579411506653 3.5269277095794678
6.945963 0.9967823028564453 -0.0012405846500769258 -0.08014705032110214 -0.22331294417381287 0.0011865132255479693 0.9999990463256836 -0.0007222783751785755 -0.03452564403414726 0.0801478773355484 0.0006248594727367163 0.9967828989028931 3.5795562267303467
7.049705 0.9967429041862488 0.0014311610721051693 -0.08063023537397385 -0.2279806137084961 -0.001282815239392221 0.9999973773956299 0.0018915991531684995 -0.035690173506736755 0.08063272386789322 -0.001782004488632083 0.9967421889305115 3.6294853687286377
7.153323 0.9966285824775696 0.004190587438642979 -0.08193656802177429 -0.23259297013282776 -0.003929199185222387 0.9999866485595703 0.0033511179499328136 -0.03627588599920273 0.08194950968027115 -0.003017874900251627 0.9966318011283875 3.6808886528015137
7.256934 0.9965590834617615 0.0045393542386591434 -0.0827605202794075 -0.23682519793510437 -0.004288781434297562 0.9999855756759644 0.0032052178867161274 -0.03705914318561554 0.08277387171983719 -0.002839247463271022 0.996564507484436 3.7304446697235107
7.360549 0.9964247941970825 0.006759229581803083 -0.0842125341296196 -0.24143454432487488 -0.0064604626968503 0.9999717473983765 0.0038197869434952736 -0.03741167485713959 0.08423596620559692 -0.003262079320847988 0.9964406490325928 3.7797229290008545
7.464167 0.9962868690490723 0.007196767721325159 -0.08579406142234802 -0.24549512565135956 -0.0068059805780649185 0.9999651312828064 0.004846594296395779 -0.03864452242851257 0.08582596480846405 -0.004244686104357243 0.9963011145591736 3.8278400897979736
7.567786 0.9961559176445007 0.007110436446964741 -0.08730871230363846 -0.2500188946723938 -0.006681391038000584 0.99996417760849 0.0052053919062018394 -0.03922849893569946 0.08734259754419327 -0.0046020383015275 0.9961677193641663 3.8761913776397705
7.671396 0.996055006980896 0.006694402080029249 -0.08848504722118378 -0.2542738616466522 -0.00613668467849493 0.9999595880508423 0.006573503836989403 -0.04013398289680481 0.08852546662092209 -0.006004566326737404 0.9960558414459229 3.9231154918670654
7.775144 0.9959089756011963 0.01030128076672554 -0.08977238088846207 -0.2590761184692383 -0.009544922038912773 0.9999153017997742 0.00885055772960186 -0.04008009284734726 0.08985594660043716 -0.007957478985190392 0.9959229826927185 3.970649480819702
7.878754 0.9957634806632996 0.011458608321845531 -0.09123532474040985 -0.2626417577266693 -0.010286112315952778 0.9998584985733032 0.013311218470335007 -0.04064808785915375 0.0913749411702156 -0.012316366657614708 0.9957404136657715 4.0155158042907715
7.982493 0.9955893158912659 0.014323459006845951 -0.0927184447646141 -0.2675143778324127 -0.012997081503272057 0.9998047351837158 0.014893518760800362 -0.04074355214834213 0.0929136574268341 -0.013622762635350227 0.9955809712409973 4.059380054473877
8.086111 0.9954298138618469 0.017325902357697487 -0.09391053766012192 -0.2719690501689911 -0.01636715605854988 0.9998058676719666 0.010969823226332664 -0.04124632850289345 0.09408237040042877 -0.00938264187425375 0.9955202341079712 4.102733612060547
8.189849 0.9952999353408813 0.016913359984755516 -0.09535130858421326 -0.2764594554901123 -0.01661754958331585 0.9998542666435242 0.0038956226781010628 -0.042004767805337906 0.09540331363677979 -0.0022928090766072273 0.9954360723495483 4.145787239074707
8.29347 0.9952027201652527 0.016262434422969818 -0.09647228568792343 -0.280933141708374 -0.016573477536439896 0.9998597502708435 -0.002423688070848584 -0.04199051856994629 0.0964193269610405 0.0040109422989189625 0.9953327775001526 4.185978412628174
8.397102 0.9951814413070679 0.017230994999408722 -0.09652461856603622 -0.2856409549713135 -0.017669981345534325 0.9998370409011841 -0.0036948835477232933 -0.04224391281604767 0.09644521772861481 0.0053826672956347466 0.9953237771987915 4.226049423217773
8.500847 0.9949880242347717 0.019836999475955963 -0.09800699353218079 -0.2889045774936676 -0.019909000024199486 0.999801754951477 0.00024336762726306915 -0.0434015728533268 0.09799239784479141 0.0017090735491365194 0.9951857328414917 4.265881061553955
8.604438 0.9948416948318481 0.020124148577451706 -0.09942375123500824 -0.29290246963500977 -0.01994248852133751 0.9997971653938293 0.002820749534294009 -0.04475489258766174 0.09946036338806152 -0.0008234416600316763 0.9950411319732666 4.3036370277404785
8.708175 0.9948136210441589 0.01677744835615158 -0.10032177716493607 -0.29641735553741455 -0.016974223777651787 0.9998553991317749 -0.001108124852180481 -0.044636890292167664 0.10028866678476334 0.002805262105539441 0.9949544072151184 4.3404541015625
8.811795 0.9948797225952148 0.00895149726420641 -0.10066969692707062 -0.29912030696868896 -0.009538475424051285 0.9999401569366455 -0.005350892432034016 -0.0463717021048069 0.10061579197645187 0.006283729802817106 0.9949055314064026 4.376002788543701
8.915403 0.9950116276741028 0.004722814541310072 -0.0996478945016861 -0.3024560809135437 -0.005788906943053007 0.9999290108680725 -0.010412159375846386 -0.04706680402159691 0.09959163516759872 0.010937071405351162 0.9949683547019958 4.41046667098999
9.019162 0.9953013062477112 0.00701103825122118 -0.09657186269760132 -0.3057696521282196 -0.008019364438951015 0.9999172687530518 -0.010057002305984497 -0.04840388521552086 0.09649336338043213 0.010784192942082882 0.9952752590179443 4.444559097290039
9.12289 0.995703935623169 0.01182533148676157 -0.09183670580387115 -0.31008103489875793 -0.012628119438886642 0.9998869895935059 -0.008165261708199978 -0.04810262843966484 0.09172976016998291 0.009289910085499287 0.9957406520843506 4.47776460647583
9.226512 0.9961124658584595 0.010537473484873772 -0.08745753020048141 -0.31244319677352905 -0.010967289097607136 0.9999300837516785 -0.00443551829084754 -0.049306996166706085 0.08740469813346863 0.005377448629587889 0.9961583614349365 4.509663105010986
9.330247 0.9966170787811279 0.0070603690110147 -0.08187983930110931 -0.3141019344329834 -0.0071503170765936375 0.9999741911888123 -0.0008053698111325502 -0.04932968690991402 0.08187202364206314 0.0013881127815693617 0.9966418743133545 4.541205406188965
9.433986 0.9972963929176331 0.0024205478839576244 -0.07344412803649902 -0.3160403370857239 -0.0021867500618100166 0.9999922513961792 0.0032635792158544064 -0.05073975771665573 0.073451466858387 -0.003094150684773922 0.9972939491271973 4.572255611419678
9.537749 0.998014509677887 0.006338234059512615 -0.06266437470912933 -0.3181365728378296 -0.006184704601764679 0.9999774098396301 0.002643689513206482 -0.05085160210728645 0.0626797080039978 -0.002250880002975464 0.9980311989784241 4.602323532104492
9.641587 0.9988040328025818 0.011520713567733765 -0.047515109181404114 -0.31968092918395996 -0.011413753032684326 0.9999317526817322 0.002521815011277795 -0.05157187581062317 0.04754091799259186 -0.0019764734897762537 0.9988674521446228 4.6317219734191895
9.745342 0.9994293451309204 0.016566168516874313 -0.029436234384775162 -0.3201225697994232 -0.016474932432174683 0.9998587369918823 0.003339368849992752 -0.052152976393699646 0.02948739379644394 -0.002852502977475524 0.9995611310005188 4.660428524017334
9.849229 0.9998666048049927 0.01481163501739502 -0.006871236488223076 -0.32025423645973206 -0.014788847416639328 0.9998850226402283 0.003355666296556592 -0.05203446373343468 0.006920150946825743 -0.0032536019571125507 0.9999707937240601 4.688002109527588
9.953059 0.9997553825378418 0.011516004800796509 0.018882879987359047 -0.3178151845932007 -0.011582204140722752 0.9999271035194397 0.0034000331070274115 -0.051563069224357605 -0.01884235069155693 -0.0036179074086248875 0.9998159408569336 4.715514183044434
10.05693 0.9987434148788452 0.010576766915619373 0.04898696765303612 -0.3158922791481018 -0.010866627097129822 0.9999250173568726 0.0056545427069067955 -0.05261969938874245 -0.048923492431640625 -0.00617976114153862 0.9987834095954895 4.742518424987793
10.16083 0.9965888261795044 0.009965630248188972 0.08192358165979385 -0.3126969635486603 -0.01058268640190363 0.9999188780784607 0.00710127642378211 -0.05315833538770676 -0.08184616267681122 -0.007944025099277496 0.9966133236885071 4.767491817474365
10.26466 0.9927101731300354 0.010381584987044334 0.12007677555084229 -0.3087231516838074 -0.011313446797430515 0.9999109506607056 0.007081420160830021 -0.05303520709276199 -0.11999255418777466 -0.008388282731175423 0.9927393794059753 4.79330587387085
10.36867 0.9867883324623108 0.010847620666027069 0.16165050864219666 -0.3034082055091858 -0.012169919908046722 0.999900221824646 0.007192055694758892 -0.05351933464407921 -0.16155631840229034 -0.009064313024282455 0.9868218898773193 4.817649841308594
10.47264 0.978545606136322 0.009615875780582428 0.2058054804801941 -0.2965462803840637 -0.011444189585745335 0.999904990196228 0.0076951319351792336 -0.054266996681690216 -0.20571193099021912 -0.009885313920676708 0.9785626530647278 4.840588569641113
10.57663 0.9668293595314026 0.01241250243037939 0.25512105226516724 -0.289046049118042 -0.014209023676812649 0.999885618686676 0.005199963692575693 -0.054279737174510956 -0.25502732396125793 -0.008652499876916409 0.9668951034545898 4.864145755767822
10.68062 0.9514331817626953 0.012404515407979488 0.30760473012924194 -0.27951598167419434 -0.014127939008176327 0.9998945593833923 0.003376358188688755 -0.05570857599377632 -0.3075304627418518 -0.00755819957703352 0.9515082240104675 4.886361598968506
10.78461 0.931505560874939 0.013250690884888172 0.3634856045246124 -0.2695068120956421 -0.014283069409430027 0.9998979568481445 0.00015246360271703452 -0.0554569773375988 -0.363446444272995 -0.005333710461854935 0.9315998554229736 4.907501697540283
10.88875 0.9071341156959534 0.014148700051009655 0.42060387134552 -0.2583184242248535 -0.014963168650865555 0.9998871088027954 -0.0013635300565510988 -0.05593659356236458 -0.42057570815086365 -0.005056662950664759 0.9072433710098267 4.927277565002441
10.99272 0.8775842785835266 0.014438173733651638 0.4792049527168274 -0.24558234214782715 -0.014395179226994514 0.9998892545700073 -0.003763721091672778 -0.056174203753471375 -0.47920626401901245 -0.0035952602047473192 0.8776949644088745 4.947510719299316
11.09659 0.8444437980651855 0.012831540778279305 0.5354904532432556 -0.23084354400634766 -0.011499332264065742 0.9999168515205383 -0.005826316773891449 -0.05660990625619888 -0.5355207324028015 -0.0012377853272482753 0.844521164894104 4.965202808380127
11.20057 0.8076083064079285 0.012834692373871803 0.5895795226097107 -0.21561360359191895 -0.01045986171811819 0.9999176263809204 -0.007439478300511837 -0.05697917193174362 -0.5896264314651489 -0.00015873624943196774 0.8076760768890381 4.982043266296387
11.30431 0.7673208117485046 0.010755451396107674 0.6411733627319336 -0.1992654800415039 -0.008764823898673058 0.999941885471344 -0.006284408271312714 -0.05772479623556137 -0.6412036418914795 -0.0007976139313541353 0.767370343208313 4.9983906745910645
11.40818 0.7255932092666626 0.01061252225190401 0.6880421042442322 -0.18184828758239746 -0.009822438471019268 0.99993896484375 -0.005064779426902533 -0.05776967108249664 -0.6880537867546082 -0.0030832826159894466 0.7256530523300171 5.012186050415039
11.51192 0.6801531314849854 0.00964691024273634 0.7330064177513123 -0.16395807266235352 -0.009286555461585522 0.999946653842926 -0.0045430902391672134 -0.05836544930934906 -0.7330112457275391 -0.0037171083968132734 0.6802063584327698 5.025808811187744
11.61553 0.6339437365531921 0.007957207038998604 0.7733381986618042 -0.14469003677368164 -0.00582243874669075 0.9999678730964661 -0.00551615608856082 -0.059024617075920105 -0.7733572721481323 -0.0010057822801172733 0.6339696645736694 5.037922382354736
11.71927 0.5872164368629456 0.005839879158884287 0.8094088435173035 -0.12552189826965332 -0.000702040211763233 0.9999774098396301 -0.006705508101731539 -0.059469278901815414 -0.8094296455383301 0.003369346261024475 0.5872071981430054 5.048183441162109
11.82277 0.5411564707756042 0.007935479283332825 0.8408844470977783 -0.10524654388427734 -0.0026701174210757017 0.9999666810035706 -0.007718377280980349 -0.06010852009057999 -0.840917706489563 0.0019315889803692698 0.5411596298217773 5.058051586151123
11.92638 0.4928309917449951 0.010851708240807056 0.8700573444366455 -0.08568000793457031 -0.006627629045397043 0.9999399781227112 -0.008717537857592106 -0.06068892776966095 -0.8700998425483704 -0.0014701451873406768 0.4928734004497528 5.068135738372803
12.03 0.4474547803401947 0.012935995124280453 0.8942129015922546 -0.06450104713439941 -0.007137801498174667 0.9999151229858398 -0.010893438942730427 -0.061182498931884766 -0.8942781090736389 -0.0015083926264196634 0.44750916957855225 5.076654434204102
12.13361 0.404887318611145 0.010457893833518028 0.9143067598342896 -0.044127464294433594 0.0003242618404328823 0.9999328851699829 -0.01158088631927967 -0.06156717240810394 -0.9143664836883545 0.004985428415238857 0.40485677123069763 5.083112716674805
12.2371 0.3658392131328583 0.0032542110420763493 0.9306724071502686 -0.021701574325561523 0.015728650614619255 0.9998294711112976 -0.009678823873400688 -0.06158195436000824 -0.9305452108383179 0.018179113045334816 0.3657256066799164 5.088301658630371
12.3406 0.3301514685153961 -0.000519883877132088 0.9439277648925781 5.2809715270996094e-05 0.019376613199710846 0.9997928142547607 -0.006226577330380678 -0.06210137903690338 -0.943729043006897 0.020345833152532578 0.3300931453704834 5.093993663787842
12.44411 0.2979530692100525 0.003793747164309025 0.9545729756355286 0.022272586822509766 0.01627974398434162 0.9998264908790588 -0.009055032394826412 -0.062467608600854874 -0.9544416666030884 0.01823817938566208 0.29783961176872253 5.099433898925781
12.54767 0.26693275570869446 0.011472958140075207 0.9636468887329102 0.04491114616394043 0.005685074720531702 0.9998930096626282 -0.013479276560246944 -0.06331869959831238 -0.9636983871459961 0.009076465852558613 0.266838937997818 5.105541229248047
12.65107 0.23855745792388916 0.01572711020708084 0.9710010290145874 0.06805181503295898 0.00107678584754467 0.9998639225959778 -0.01645914651453495 -0.06431279331445694 -0.9711277484893799 0.004972012247890234 0.23850806057453156 5.110782623291016
12.75469 0.21315079927444458 0.01704711653292179 0.976870596408844 0.09184801578521729 0.001768156187608838 0.9998393654823303 -0.017833750694990158 -0.06550250947475433 -0.9770177006721497 0.005528538022190332 0.21308644115924835 5.114474296569824
12.85806 0.18974508345127106 0.01869869977235794 0.9816552400588989 0.11638182401657104 0.009836067445576191 0.999732255935669 -0.020944254472851753 -0.06592780351638794 -0.9817841649055481 0.01362969633191824 0.18951037526130676 5.117541313171387
12.96167 0.16914597153663635 0.025480646640062332 0.9852616190910339 0.14121031761169434 0.01715739630162716 0.9994381666183472 -0.028792794793844223 -0.06566251069307327 -0.9854418039321899 0.02177470736205578 0.1686137616634369 5.120355129241943
13.0652 0.1496310979127884 0.031707681715488434 0.9882333278656006 0.16760969161987305 0.018715914338827133 0.9992156624794006 -0.03489388898015022 -0.06616745889186859 -0.9885647296905518 0.02371690608561039 0.14892035722732544 5.123470306396484
13.16877 0.13122773170471191 0.03230413794517517 0.9908257126808167 0.19464415311813354 0.01680108904838562 0.9992529153823853 -0.0348040796816349 -0.06694039702415466 -0.9912099242210388 0.021214207634329796 0.1305869072675705 5.127228736877441
13.27235 0.11607355624437332 0.027956262230873108 0.9928470849990845 0.22224575281143188 0.014290684834122658 0.9994533061981201 -0.029813000932335854 -0.06830993294715881 -0.993137776851654 0.017648961395025253 0.11561057716608047 5.129719257354736
13.37588 0.10205432027578354 0.025337183848023415 0.9944560527801514 0.2511982321739197 0.015004418790340424 0.9995227456092834 -0.027006074786186218 -0.06929903477430344 -0.9946656227111816 0.017677323892712593 0.10162542760372162 5.131830215454102
13.4795 0.08779523521661758 0.022170156240463257 0.9958917498588562 0.2813025712966919 0.016738872975111008 0.9995783567428589 -0.02372788079082966 -0.07072952389717102 -0.9959978461265564 0.018753305077552795 0.08738712221384048 5.1343278884887695
13.58311 0.07665691524744034 0.02157464250922203 0.9968240261077881 0.3114379942417145 0.02122199721634388 0.9995041489601135 -0.023264644667506218 -0.07152120769023895 -0.9968317151069641 0.022937998175621033 0.07616103440523148 5.1355977058410645
13.68672 0.06577463448047638 0.022030198946595192 0.9975912570953369 0.3428444564342499 0.023547129705548286 0.9994435906410217 -0.023623641580343246 -0.07248353213071823 -0.9975566267967224 0.02504424750804901 0.06521928310394287 5.137503623962402
13.79034 0.05823898687958717 0.02370327338576317 0.9980211853981018 0.3752373456954956 0.025910884141921997 0.9993454217910767 -0.02524673379957676 -0.07270639389753342 -0.9979662895202637 0.027329957112669945 0.05758668854832649 5.138879299163818
13.89395 0.052542924880981445 0.022381607443094254 0.9983677864074707 0.4102747142314911 0.027409546077251434 0.9993398189544678 -0.02384592592716217 -0.0747409239411354 -0.9982424974441528 0.028617743402719498 0.05189475044608116 5.140596389770508
13.99767 0.047132715582847595 0.023905737325549126 0.9986025094985962 0.44259971380233765 0.02850864827632904 0.9992741346359253 -0.025267384946346283 -0.07528262585401535 -0.9984816908836365 0.029659727588295937 0.04641697555780411 5.14123010635376
14.1013 0.04129575192928314 0.024551527574658394 0.9988452792167664 0.47874292731285095 0.027846721932291985 0.9992814064025879 -0.02571352943778038 -0.07666654884815216 -0.9987587928771973 0.028876423835754395 0.04058239609003067 5.141661643981934
14.20492 0.03655625134706497 0.024674393236637115 0.9990269541740417 0.5155038237571716 0.03139530494809151 0.9991733431816101 -0.025826817378401756 -0.07741890102624893 -0.9988382458686829 0.03230889514088631 0.03575136885046959 5.143773555755615
14.30854 0.03352534770965576 0.024556513875722885 0.9991361498832703 0.5546290874481201 0.0336197167634964 0.9991046786308289 -0.025683823972940445 -0.07851488888263702 -0.9988721609115601 0.034451745450496674 0.03266974538564682 5.1448493003845215
14.41227 0.03047076426446438 0.024156702682375908 0.9992437958717346 0.592716634273529 0.03330783173441887 0.9991281628608704 -0.025169596076011658 -0.0796939805150032 -0.9989805221557617 0.03404957801103592 0.0296395942568779 5.146284103393555
14.51589 0.02787788026034832 0.023704303428530693 0.9993302226066589 0.6338160037994385 0.034975819289684296 0.9990835785865784 -0.024674154818058014 -0.08076413720846176 -0.9989992380142212 0.035640258342027664 0.027023255825042725 5.147429943084717
14.61968 0.02744823880493641 0.02322665974497795 0.999353289604187 0.6744529008865356 0.0399978943169117 0.9989038705825806 -0.024314798414707184 -0.0822707861661911 -0.9988225698471069 0.040639422833919525 0.0264891367405653 5.147767543792725
14.72326 0.02865363098680973 0.022880515083670616 0.999327540397644 0.7173081636428833 0.0430954173207283 0.9987801313400269 -0.02410365454852581 -0.08341352641582489 -0.9986599087715149 0.04375709220767021 0.027632633224129677 5.148177146911621
14.82686 0.03125505894422531 0.022899379953742027 0.9992489814758301 0.7623864412307739 0.04503120109438896 0.9986900687217712 -0.024295078590512276 -0.08471646159887314 -0.9984964728355408 0.04575673118233681 0.030182939022779465 5.149762153625488
14.93048 0.03494646027684212 0.022868765518069267 0.9991275072097778 0.8050969839096069 0.04752049967646599 0.9985692501068115 -0.02451810985803604 -0.08606305718421936 -0.9982587695121765 0.048335861414670944 0.033809732645750046 5.150979042053223
15.0341 0.039622314274311066 0.02208012156188488 0.9989708065986633 0.851658821105957 0.04873153939843178 0.9985234141349792 -0.024003081023693085 -0.08774960041046143 -0.99802565574646 0.049632441252470016 0.038487814366817474 5.152344703674316
15.13784 0.043324992060661316 0.020240595564246178 0.9988560676574707 0.8985125422477722 0.05009720101952553 0.998492956161499 -0.022406185045838356 -0.08912304043769836 -0.9978042244911194 0.051010631024837494 0.04224570095539093 5.154877185821533
15.24145 0.04750111326575279 0.018641289323568344 0.9986972808837891 0.9458693861961365 0.05030922219157219 0.9985122084617615 -0.021030696108937263 -0.09099777787923813 -0.9976033568382263 0.051242660731077194 0.04649261012673378 5.157288074493408
15.34508 0.05108550935983658 0.016871923580765724 0.9985517263412476 0.9938147068023682 0.04624531418085098 0.9987448453903198 -0.019241077825427055 -0.09148020297288895 -0.9976229667663574 0.0471612811088562 0.0502411425113678 5.160458564758301
15.44881 0.055033717304468155 0.01601044274866581 0.9983561038970947 1.0429637432098389 0.045020390301942825 0.9988148212432861 -0.01849951408803463 -0.09250140190124512 -0.9974689483642578 0.04596447944641113 0.05424770340323448 5.163651943206787
15.55255 0.059228383004665375 0.017107032239437103 0.998097836971283 1.09307861328125 0.04222541302442551 0.9989153742790222 -0.01962675154209137 -0.09412796050310135 -0.9973509907722473 0.04330756887793541 0.058441780507564545 5.166905403137207
15.65617 0.06201530992984772 0.02101125940680504 0.9978539943695068 1.1440951824188232 0.040015630424022675 0.9989222884178162 -0.02352066896855831 -0.09585854411125183 -0.9972726106643677 0.04138840734958649 0.06110769510269165 5.171014308929443
15.7599 0.06378591805696487 0.026062099263072014 0.997623085975647 1.1923751831054688 0.035011664032936096 0.9989851117134094 -0.02833625115454197 -0.097378209233284 -0.9973492622375488 0.036735910922288895 0.06280867755413055 5.174306392669678
15.86364 0.06355874240398407 0.02906225062906742 0.9975547194480896 1.2431631088256836 0.03230349346995354 0.9989922046661377 -0.031162330880761147 -0.099075086414814 -0.9974551200866699 0.03420513868331909 0.06255585700273514 5.178175449371338
15.96739 0.06407928466796875 0.028403447940945625 0.9975404143333435 1.293330192565918 0.02963934652507305 0.9990997910499573 -0.030351795256137848 -0.10126456618309021 -0.9975045919418335 0.031511373817920685 0.06317973136901855 5.18067741394043
16.07102 0.06359103322029114 0.02681964822113514 0.9976155161857605 1.3436279296875 0.027175579220056534 0.9992216229438782 -0.028595080599188805 -0.10349255800247192 -0.9976059198379517 0.028929172083735466 0.06281270831823349 5.185259819030762
16.17474 0.06311299651861191 0.02573302574455738 0.9976745247840881 1.395158290863037 0.02777775190770626 0.9992349743843079 -0.027530495077371597 -0.10534349083900452 -0.9976196885108948 0.02945069409906864 0.06234991177916527 5.189210891723633
16.27845 0.06351272761821747 0.024748574942350388 0.9976739883422852 1.4464740753173828 0.025253260508179665 0.9993324875831604 -0.026397351175546646 -0.10807342827320099 -0.9976614117622375 0.0268710944801569 0.06284534186124802 5.192997932434082
16.38209 0.06391508877277374 0.02558957226574421 0.9976271986961365 1.494398593902588 0.0235305018723011 0.9993546009063721 -0.02714141272008419 -0.10947564989328384 -0.9976778030395508 0.025209413841366768 0.06327169388532639 5.195986270904541
