0.0 0.9999999403953552 8.640199666842818e-12 0.0 -2.9802320611338473e-08 8.640199666842818e-12 1.0 0.0 2.384185791015625e-07 0.0 0.0 1.0 7.450580596923828e-09
0.1037359 0.9999910593032837 -0.002580350963398814 -0.003330033738166094 0.0007980996742844582 0.002573781879618764 0.9999947547912598 -0.00197554100304842 -0.00704706646502018 0.0033351141028106213 0.0019669525790959597 0.9999924898147583 0.6892934441566467
0.2073381 0.9999729990959167 -0.001453356584534049 -0.00719580240547657 -0.010110977105796337 0.0014274799032136798 0.9999924898147583 -0.003599930554628372 -0.008566395379602909 0.0072009810246527195 0.0035895616747438908 0.999967634677887 1.3922476768493652
0.3110752 0.999929666519165 -0.001686340430751443 -0.011738719418644905 -0.014928823336958885 0.0016270072665065527 0.9999858736991882 -0.005062168464064598 -0.011987007223069668 0.011747090145945549 0.005042713135480881 0.9999182224273682 2.1287195682525635
0.4146917 0.9998616576194763 -4.703884042100981e-05 -0.016631754115223885 -0.030787372961640358 -4.557495049084537e-05 0.9999844431877136 -0.005568061489611864 -0.01858150213956833 0.016631757840514183 0.005568050313740969 0.9998461604118347 2.8724164962768555
0.5184302 0.9997830986976624 -0.0010404458735138178 -0.020796552300453186 -0.05238007754087448 0.0009146073134616017 0.999981164932251 -0.006059529725462198 -0.021971439942717552 0.020802466198801994 0.006039195228368044 0.9997653961181641 3.639974594116211
0.6220448 0.9996811151504517 0.0009692723979242146 -0.02523079700767994 -0.07997585833072662 -0.001150234485976398 0.999973714351654 -0.00715875206515193 -0.035288404673337936 0.02522319182753563 0.007185491267591715 0.9996561408042908 4.410361289978027
0.7257977 0.9995391964912415 0.003886566497385502 -0.030102718621492386 -0.11043743789196014 -0.00413696002215147 0.999957263469696 -0.008260184898972511 -0.03555605560541153 0.030069326981902122 0.00838091317564249 0.9995127320289612 5.204996585845947
0.8294199 0.999398410320282 0.003641297109425068 -0.03448835387825966 -0.1409749984741211 -0.003857340896502137 0.9999732971191406 -0.006199791096150875 -0.050495389848947525 0.034464847296476364 0.006329093594104052 0.9993858933448792 6.009250640869141
0.9331467 0.9992411732673645 0.0025139686185866594 -0.03886757418513298 -0.1753791868686676 -0.0026417458429932594 0.9999912977218628 -0.0032364826183766127 -0.05943240225315094 0.03885909169912338 0.003336705034598708 0.9992390871047974 6.8334431648254395
1.03691 0.9991135001182556 0.0025578737258911133 -0.04201866313815117 -0.21759310364723206 -0.0025895307771861553 0.9999964237213135 -0.0006989897228777409 -0.0692654550075531 0.04201671853661537 0.0008071793708950281 0.9991165399551392 7.656446933746338
1.140497 0.9989978671073914 0.004012789111584425 -0.044578008353710175 -0.25979554653167725 -0.004086966160684824 0.9999904632568359 -0.001572960987687111 -0.07224639505147934 0.04457126930356026 0.001753574120812118 0.999004602432251 8.495448112487793
1.244242 0.9989007711410522 0.003456322243437171 -0.0467449389398098 -0.2983289659023285 -0.003519408404827118 0.9999930262565613 -0.0012673444580286741 -0.0875612124800682 0.04674024134874344 0.0014304667711257935 0.9989060163497925 9.331624031066895
1.347979 0.9988105893135071 0.0005520445411093533 -0.04875525087118149 -0.3391423225402832 -0.0006617430481128395 0.9999972581863403 -0.0022338656708598137 -0.0911693349480629 0.04875389114022255 0.002263471717014909 0.9988082647323608 10.195046424865723
1.451596 0.9987154006958008 0.000574112928006798 -0.05066671967506409 -0.38237735629081726 -0.0006459455471485853 0.9999988675117493 -0.0014013792388141155 -0.09724085032939911 0.05066586285829544 0.0014323072973638773 0.9987146854400635 11.049159049987793
1.555212 0.9986595511436462 -0.0012300526723265648 -0.0517444983124733 -0.4332307279109955 0.0011386037804186344 0.9999978542327881 -0.0017967562889680266 -0.1023637056350708 0.05174659937620163 0.0017354314913973212 0.9986587166786194 11.923545837402344
1.65896 0.9985425472259521 0.0006625658133998513 -0.05396497994661331 -0.48192355036735535 -0.0008597239502705634 0.9999930262565613 -0.003630308900028467 -0.11940637230873108 0.05396220460534096 0.0036714128218591213 0.9985361695289612 12.816781044006348
1.762569 0.998466968536377 0.0012663048692047596 -0.05533461272716522 -0.5333389043807983 -0.001619810936972499 0.9999786019325256 -0.006344136316329241 -0.12662416696548462 0.055325381457805634 0.006424042396247387 0.9984477162361145 13.708099365234375
1.866302 0.9983691573143005 0.004888469353318214 -0.05687536671757698 -0.5961891412734985 -0.005348388571292162 0.9999542832374573 -0.007937026210129261 -0.13881325721740723 0.056833963841199875 0.008228274062275887 0.9983497262001038 14.596293449401855
1.969923 0.9983030557632446 0.005406484939157963 -0.05797922611236572 -0.6529854536056519 -0.0058453078381717205 0.9999555349349976 -0.007401705719530582 -0.15324178338050842 0.05793663114309311 0.007728051859885454 0.9982904195785522 15.512186050415039
2.073666 0.9982179403305054 0.004450981970876455 -0.05950620397925377 -0.7032451629638672 -0.0048168012872338295 0.9999703168869019 -0.006005543749779463 -0.16695427894592285 0.059477709233760834 0.006281471811234951 0.9982098340988159 16.423603057861328
2.177281 0.9981610774993896 0.00521170673891902 -0.06039281561970711 -0.7665673494338989 -0.0055086673237383366 0.999973475933075 -0.0047516957856714725 -0.17509010434150696 0.06036645546555519 0.0050756423734128475 0.9981632828712463 17.344911575317383
2.281017 0.9980906844139099 0.004867419600486755 -0.061572905629873276 -0.8290852904319763 -0.005148536060005426 0.9999770522117615 -0.004407762549817562 -0.19072087109088898 0.06155002862215042 0.0047163572162389755 0.9980928301811218 18.280658721923828
2.384639 0.997964084148407 0.004504824988543987 -0.06361840665340424 -0.8813202381134033 -0.004837761167436838 0.9999755024909973 -0.005080272909253836 -0.204525887966156 0.06359395384788513 0.0053777010180056095 0.9979613423347473 19.21819496154785
2.48825 0.9979309439659119 0.003227736335247755 -0.06421414017677307 -0.9498232007026672 -0.0035946385469287634 0.9999779462814331 -0.005599020980298519 -0.21939493715763092 0.06419464945793152 0.005818263161927462 0.9979203343391418 20.163740158081055
2.591988 0.997893214225769 0.0031624038238078356 -0.06480024009943008 -1.0117673873901367 -0.003447327995672822 0.999984860420227 -0.004285619594156742 -0.22651413083076477 0.06478571146726608 0.004499978385865688 0.99788898229599 21.091238021850586
2.695832 0.9978839755058289 0.004667341243475676 -0.0648517981171608 -1.0778404474258423 -0.004740023519843817 0.9999883770942688 -0.0009669235441833735 -0.23569338023662567 0.06484653055667877 0.001272277208045125 0.9978943467140198 22.047456741333008
2.799367 0.9979467988014221 0.004926037043333054 -0.06385955214500427 -1.140291452407837 -0.004733106587082148 0.9999838471412659 0.0031721042469143867 -0.2489282488822937 0.06387414038181305 -0.0028633358888328075 0.9979537725448608 22.996475219726562
2.903084 0.9980484843254089 0.003697588574141264 -0.06233317032456398 -1.2038551568984985 -0.0033353460021317005 0.9999769330024719 0.005914466455578804 -0.2570052444934845 0.06235359609127045 -0.00569502217695117 0.9980378746986389 23.96504783630371
3.006768 0.9981570243835449 0.003937671426683664 -0.06055484339594841 -1.2663382291793823 -0.0035680264700204134 0.9999743700027466 0.006211221218109131 -0.25610417127609253 0.06057775393128395 -0.005983713548630476 0.998145580291748 24.9326171875
3.110441 0.9982022047042847 0.004099540878087282 -0.05979696288704872 -1.3188568353652954 -0.0038705156184732914 0.9999847412109375 0.003945370204746723 -0.26980340480804443 0.05981222540140152 -0.00370683241635561 0.9982028007507324 25.89695930480957
3.214057 0.9982866048812866 0.0052069430239498615 -0.05828038603067398 -1.3844144344329834 -0.005262932740151882 0.9999858140945435 -0.0008072517230175436 -0.2764664590358734 0.058275360614061356 0.0011125942692160606 0.9982998371124268 26.872434616088867
3.317669 0.9983828067779541 0.004522317089140415 -0.05666787177324295 -1.4470866918563843 -0.004748004022985697 0.9999813437461853 -0.0038486223202198744 -0.2827118933200836 0.05664941668510437 0.0041114576160907745 0.9983856081962585 27.847312927246094
3.421285 0.9984161257743835 0.0014397500781342387 -0.056242261081933975 -1.496872901916504 -0.00159464031457901 0.9999950528144836 -0.0027091987431049347 -0.2925856113433838 0.056238092482089996 0.002794593572616577 0.9984134435653687 28.830013275146484
3.524925 0.9983904361724854 0.00019326969049870968 -0.05671379342675209 -1.5496951341629028 -6.082010440877639e-05 0.9999971985816956 0.002337117912247777 -0.3089502453804016 0.05671410262584686 -0.0023299073800444603 0.9983877539634705 29.844223022460938
3.628545 0.9983465075492859 -0.0031648497097194195 -0.05739644169807434 -1.6059514284133911 0.003495118347927928 0.9999779462814331 0.00565468892455101 -0.3168981969356537 0.05737727880477905 -0.005845946259796619 0.9983354806900024 30.84060287475586
3.732256 0.9982303380966187 -0.010733077302575111 -0.058488041162490845 -1.6549785137176514 0.011058386415243149 0.9999250769615173 0.005241126287728548 -0.3269501328468323 0.05842740833759308 -0.005878634750843048 0.9982743263244629 31.849712371826172
3.835871 0.9981077313423157 -0.013111830689013004 -0.060074932873249054 -1.7103198766708374 0.013223647139966488 0.9999114871025085 0.00146406888961792 -0.331495463848114 0.06005042791366577 -0.0022557086776942015 0.9981927275657654 32.85845184326172
3.939488 0.9980577826499939 -0.012514082714915276 -0.0610235258936882 -1.7778866291046143 0.01236383430659771 0.9999195337295532 -0.0028391461819410324 -0.3369462192058563 0.06105414777994156 0.002079146448522806 0.9981322884559631 33.84823226928711
4.043107 0.9979122281074524 -0.011729390360414982 -0.0635107085108757 -1.8439273834228516 0.011533918790519238 0.9999275803565979 -0.003443546127527952 -0.34560835361480713 0.06354649364948273 0.002703829202800989 0.99797523021698 34.8762092590332
4.146888 0.9978757500648499 -0.011803889647126198 -0.0640682652592659 -1.9106392860412598 0.011705013923346996 0.999929666519165 -0.0019184164702892303 -0.35697123408317566 0.06408639997243881 0.001164421089924872 0.9979436993598938 35.89671325683594
4.25046 0.9978240132331848 -0.008559750393033028 -0.0653749480843544 -1.9843567609786987 0.008631923235952854 0.9999623894691467 0.0008216379792429507 -0.3723418414592743 0.06536544114351273 -0.0013841617619618773 0.9978604316711426 36.9137077331543
4.354202 0.9977312088012695 -0.007730161305516958 -0.06687773764133453 -2.048835039138794 0.007888655178248882 0.9999666213989258 0.0021061652805656195 -0.3877292573451996 0.06685922294855118 -0.0026289625093340874 0.9977589249610901 37.92496109008789
4.45794 0.9976621866226196 -0.0074070654809474945 -0.06793566048145294 -2.121912956237793 0.0077561428770422935 0.9999579787254333 0.0048760101199150085 -0.3943427801132202 0.06789669394493103 -0.005391527898609638 0.9976779222488403 38.982933044433594
4.561559 0.9976783394813538 -0.007511650212109089 -0.06768650561571121 -2.197678327560425 0.008050459437072277 0.9999380111694336 0.007691093720495701 -0.39789319038391113 0.0676245391368866 -0.008218144997954369 0.9976770281791687 40.01044464111328
4.665293 0.9976723790168762 -0.0012440030695870519 -0.06817640364170074 -2.2788562774658203 0.0019374348921701312 0.9999470114707947 0.01010596752166748 -0.4057210385799408 0.06816022843122482 -0.010214533656835556 0.9976221919059753 41.02894973754883
4.768912 0.9976679682731628 -0.00172210403252393 -0.06823106110095978 -2.3581066131591797 0.0023845084942877293 0.9999507665634155 0.009627996943891048 -0.4113762378692627 0.0682111382484436 -0.009768241085112095 0.9976230263710022 42.07213592529297
4.872532 0.9976787567138672 -0.0016697787214070559 -0.0680743157863617 -2.4280197620391846 0.0022185940761119127 0.9999656081199646 0.00798720307648182 -0.4154668152332306 0.06805862486362457 -0.008119693025946617 0.9976482391357422 43.094974517822266
4.976146 0.997695803642273 0.0003411071375012398 -0.06784325838088989 -2.5059945583343506 5.802650048281066e-05 0.9999826550483704 0.005881118588149548 -0.41982823610305786 0.06784410029649734 -0.005871502682566643 0.9976785778999329 44.10376739501953
5.079909 0.9976044297218323 -0.000595696154050529 -0.06917446851730347 -2.5724570751190186 0.0010029547847807407 0.9999824166297913 0.005852827336639166 -0.4242335557937622 0.06916975975036621 -0.005908184219151735 0.9975873827934265 45.13014221191406
5.183503 0.9975074529647827 -0.00251681893132627 -0.07051680237054825 -2.6354198455810547 0.003022302407771349 0.999970555305481 0.0070624807849526405 -0.4295794367790222 0.07049695402383804 -0.007257997989654541 0.9974855780601501 46.13758850097656
5.287117 0.9974320530891418 -0.0020834386814385653 -0.07159020751714706 -2.7061240673065186 0.0026373988948762417 0.9999673366546631 0.007644274737685919 -0.43057504296302795 0.0715719535946846 -0.00781345460563898 0.9974048137664795 47.132083892822266
5.390861 0.997433066368103 0.0003876554546877742 -0.07160459458827972 -2.7861227989196777 -4.4003896618960425e-05 0.9999884963035583 0.004800805356353521 -0.45129382610321045 0.0716056227684021 -0.004785330034792423 0.9974215030670166 48.14612579345703
5.494473 0.9973807334899902 0.000951156485825777 -0.072323277592659 -2.8618767261505127 -0.0009088229853659868 0.9999994039535522 0.0006182375364005566 -0.45807215571403503 0.07232381403446198 -0.0005508894100785255 0.9973809123039246 49.137508392333984
5.598233 0.9973702430725098 0.0019521191716194153 -0.07244797050952911 -2.946167469024658 -0.001984144328162074 0.9999980330467224 -0.000370074063539505 -0.4678262770175934 0.07244709879159927 0.0005128486081957817 0.9973720908164978 50.12333297729492
5.701829 0.9973279237747192 0.0007496004109270871 -0.07305067032575607 -3.0154519081115723 -0.000530653924215585 0.9999953508377075 0.0030165475327521563 -0.48155397176742554 0.07305260002613068 -0.002969722030684352 0.9973236322402954 51.148651123046875
5.805571 0.9972834587097168 -0.0008559022098779678 -0.0736536830663681 -3.0836267471313477 0.0012963375775143504 0.9999815225601196 0.005932215601205826 -0.48810070753097534 0.07364726811647415 -0.006011580117046833 0.9972661733627319 52.148826599121094
5.909185 0.9972660541534424 -0.002978414762765169 -0.07383301854133606 -3.152982234954834 0.0034748150501400232 0.9999722838401794 0.0065957363694906235 -0.49441811442375183 0.07381131500005722 -0.0068342601880431175 0.9972487092018127 53.11514663696289
6.012921 0.9972760081291199 -0.006076676771044731 -0.0735091045498848 -3.2280492782592773 0.006500262767076492 0.999963641166687 0.00552450492978096 -0.5095936059951782 0.07347286492586136 -0.005987285170704126 0.997279167175293 54.112037658691406
6.116541 0.9972307682037354 -0.009286902844905853 -0.0737873762845993 -3.295693874359131 0.009643594734370708 0.9999434947967529 0.004479239694774151 -0.5196136236190796 0.073741614818573 -0.005178411491215229 0.9972638487815857 55.082183837890625
6.220278 0.9971333742141724 -0.010698188096284866 -0.07490301132202148 -3.3680076599121094 0.011130916886031628 0.9999237656593323 0.005362128838896751 -0.5238463878631592 0.07483994215726852 -0.006180497817695141 0.9971763491630554 56.05819320678711
6.323895 0.9970054626464844 -0.013648884370923042 -0.0761169046163559 -3.4421467781066895 0.014424785040318966 0.9998493194580078 0.009653049521148205 -0.5324326157569885 0.07597368955612183 -0.010722111910581589 0.9970521330833435 57.06039810180664
6.427659 0.996979296207428 -0.013985982164740562 -0.07639767974615097 -3.5181403160095215 0.015153372660279274 0.9997767806053162 0.01472216285765171 -0.537010908126831 0.07617473602294922 -0.01583537459373474 0.9969687461853027 58.03916549682617
6.531383 0.9969545006752014 -0.012561460956931114 -0.07696622610092163 -3.597951889038086 0.01388042327016592 0.9997655153274536 0.01662597618997097 -0.535036563873291 0.07673933357000351 -0.01764366775751114 0.9968949556350708 59.00190734863281
6.634992 0.9968089461326599 -0.012091884389519691 -0.0789017304778099 -3.6693639755249023 0.0131657300516963 0.9998274445533752 0.013103899545967579 -0.541375994682312 0.07872964441776276 -0.014100886881351471 0.9967962503433228 59.975276947021484
6.738741 0.9967697858810425 -0.009886219166219234 -0.0797002911567688 -3.7537121772766113 0.010335579514503479 0.9999328851699829 0.0052275462076067924 -0.5423035621643066 0.07964326441287994 -0.006034409627318382 0.9968051314353943 60.92506408691406
6.84235 0.996703565120697 -0.008289145305752754 -0.08070413768291473 -3.8284590244293213 0.008347255177795887 0.9999650716781616 0.00038265716284513474 -0.5535567402839661 0.08069813251495361 -0.0010550543665885925 0.9967380166053772 61.84807205200195
6.945963 0.996623694896698 -0.004289119970053434 -0.0819920152425766 -3.914323091506958 0.004418468102812767 0.9999892115592957 0.0013961708173155785 -0.5617021322250366 0.08198514580726624 -0.0017537357052788138 0.9966319799423218 62.79850769042969
7.049705 0.9965687394142151 -0.001861387980170548 -0.08274789154529572 -3.996297836303711 0.0021998081356287003 0.9999895095825195 0.0039987824857234955 -0.576463520526886 0.08273959904909134 -0.0041670906357467175 0.9965624213218689 63.702674865722656
7.153323 0.9964569211006165 0.00061542954063043 -0.08410339802503586 -4.072770118713379 -0.00015089478984009475 0.9999847412109375 0.0055296216160058975 -0.5893769264221191 0.08410552144050598 -0.005497338250279427 0.9964416027069092 64.60298919677734
7.256934 0.9963694214820862 0.001642129966057837 -0.08511893451213837 -4.15880012512207 -0.0012198865879327059 0.9999867081642151 0.00501240324229002 -0.5940561294555664 0.08512603491544724 -0.004890368785709143 0.9963582158088684 65.5144271850586
7.360549 0.996224582195282 0.0030457598622888327 -0.0867595449090004 -4.238374710083008 -0.002531523583456874 0.9999785423278809 0.006036541424691677 -0.6019562482833862 0.08677607029676437 -0.005794116761535406 0.9962109923362732 66.37870788574219
7.464167 0.9961168766021729 0.003989608958363533 -0.08794911950826645 -4.321657180786133 -0.0034300112165510654 0.9999728798866272 0.006512956228107214 -0.6149516105651855 0.0879727154970169 -0.006186000071465969 0.9961037039756775 67.24712371826172
7.567786 0.9959905743598938 0.003840177785605192 -0.0893750786781311 -4.398074150085449 -0.003205896820873022 0.9999685883522034 0.007239320315420628 -0.6268635392189026 0.08940007537603378 -0.006923767738044262 0.9959717392921448 68.08897399902344
7.671396 0.9958667159080505 0.003490086179226637 -0.09075865149497986 -4.482773780822754 -0.0027709391433745623 0.9999638199806213 0.00804852694272995 -0.6298679113388062 0.09078344702720642 -0.007763771340250969 0.995840311050415 68.9493637084961
7.775144 0.9957568645477295 0.006503186654299498 -0.09179355949163437 -4.567172050476074 -0.0055545917712152 0.9999285936355591 0.010585710406303406 -0.6317533254623413 0.09185583889484406 -0.010030916891992092 0.995721697807312 69.76554107666016
7.878754 0.9956347346305847 0.007945561781525612 -0.09299575537443161 -4.647670745849609 -0.0065875244326889515 0.9998672604560852 0.014901097863912582 -0.6401752233505249 0.09310180693864822 -0.014223441481590271 0.9955549836158752 70.57711791992188
7.982493 0.9954054951667786 0.011065890081226826 -0.09510701894760132 -4.724634170532227 -0.009550312533974648 0.9998202323913574 0.016375938430428505 -0.6418523788452148 0.09527114778757095 -0.015392396599054337 0.9953323006629944 71.38114929199219
8.086111 0.9953016042709351 0.014237737283110619 -0.09577018767595291 -4.814983367919922 -0.013105851598083973 0.9998367428779602 0.012437460944056511 -0.6480210423469543 0.09593162685632706 -0.01112387701869011 0.9953259229660034 72.13056182861328
8.189849 0.9951496124267578 0.01394110918045044 -0.09737855195999146 -4.888395309448242 -0.013517206534743309 0.9998960494995117 0.005011550150811672 -0.6519808769226074 0.0974382758140564 -0.0036709560081362724 0.9952349066734314 72.8804702758789
8.29347 0.9950420260429382 0.013170777820050716 -0.09857908636331558 -4.967238426208496 -0.013277837075293064 0.9999117851257324 -0.0004300109576433897 -0.6655932664871216 0.09856472909450531 0.0017367962282150984 0.9951291680335999 73.61262512207031
8.397102 0.9949604868888855 0.013705959543585777 -0.09932690113782883 -5.040258407592773 -0.0139409638941288 0.9999014735221863 -0.0016722423024475574 -0.6703835129737854 0.09929419308900833 0.0030485279858112335 0.9950535297393799 74.3249740600586
8.500847 0.9948843717575073 0.016448618844151497 -0.09967339783906937 -5.123559951782227 -0.01634225808084011 0.9998646378517151 0.0018835836090147495 -0.6818674802780151 0.09969090670347214 -0.0002450592874083668 0.9950183629989624 75.02013397216797
8.604438 0.9947227239608765 0.016848178580403328 -0.10120769590139389 -5.187741756439209 -0.016496090218424797 0.999854564666748 0.004314849153161049 -0.7009603977203369 0.10126569867134094 -0.002622546162456274 0.9948559403419495 75.68871307373047
8.708175 0.9947023391723633 0.013383520767092705 -0.10192112624645233 -5.2633209228515625 -0.013353749178349972 0.999910295009613 0.0009744194685481489 -0.7097219824790955 0.10192503780126572 0.000391772307921201 0.9947919845581055 76.34495544433594
8.811795 0.9947830438613892 0.005719552747905254 -0.10185147821903229 -5.31715202331543 -0.006163438316434622 0.9999728798866272 -0.0040440186858177185 -0.7230459451675415 0.10182556509971619 0.0046506780199706554 0.9947913885116577 76.97340393066406
8.915403 0.9948738217353821 0.0017203364986926317 -0.10110887140035629 -5.364875793457031 -0.002597549231722951 0.9999601244926453 -0.008544922806322575 -0.7399249076843262 0.10109013319015503 0.008763754740357399 0.9948387145996094 77.58714294433594
9.019162 0.9952034950256348 0.004033192526549101 -0.09774279594421387 -5.433107852935791 -0.004947389010339975 0.9999462366104126 -0.009112517349421978 -0.7456957697868347 0.09770076721906662 0.009552382864058018 0.995169997215271 78.1864013671875
9.12289 0.9956143498420715 0.009188584983348846 -0.09309994429349899 -5.505736351013184 -0.009794913232326508 0.9999336004257202 -0.006057816557586193 -0.7554369568824768 0.09303808212280273 0.006943155080080032 0.9956383109092712 78.7723159790039
9.226512 0.9960191249847412 0.007333420217037201 -0.08883759379386902 -5.546209335327148 -0.0076471115462481976 0.9999657273292542 -0.003191236872226 -0.764703631401062 0.08881113678216934 0.0038578836247324944 0.9960409998893738 79.34626007080078
9.330247 0.9965266585350037 0.003739937674254179 -0.08319003880023956 -5.579472064971924 -0.0036703222431242466 0.9999927282333374 0.000989740714430809 -0.7753210067749023 0.08319313079118729 -0.0006809700280427933 0.996533215045929 79.90412139892578
9.433986 0.9971511363983154 -0.0005682299961335957 -0.07542616128921509 -5.601181983947754 0.0009351823246106505 0.9999879002571106 0.004829826299101114 -0.7932800054550171 0.0754224956035614 -0.00488660391420126 0.9971396327018738 80.45028686523438
9.537749 0.9978998899459839 0.0030370978638529778 -0.0647023618221283 -5.631162643432617 -0.002734613139182329 0.9999849200248718 0.004763075150549412 -0.8008335828781128 0.06471584737300873 -0.004576135892421007 0.9978931546211243 80.97911071777344
9.641587 0.9987459778785706 0.008437643758952618 -0.049347635358572006 -5.660869598388672 -0.008242882788181305 0.9999574422836304 0.004148924723267555 -0.8041291236877441 0.04938054829835892 -0.003736954415217042 0.998772919178009 81.49454498291016
9.745342 0.9994273781776428 0.01329858135432005 -0.031113702803850174 -5.677404403686523 -0.013157205656170845 0.9999022483825684 0.004744247533380985 -0.809341311454773 0.03117375448346138 -0.004332161042839289 0.999504566192627 82.00032806396484
9.849229 0.9998865723609924 0.011844180524349213 -0.009305901825428009 -5.664030075073242 -0.011793584562838078 0.999915599822998 0.005473152734339237 -0.8185623288154602 0.009369954466819763 -0.005362781696021557 0.9999417066574097 82.48237609863281
9.953059 0.9998225569725037 0.008053700439631939 0.01702803559601307 -5.633443832397461 -0.008163351565599442 0.9999462962150574 0.006379845552146435 -0.8214462399482727 -0.01697573810815811 -0.00651771854609251 0.9998347759246826 82.95771789550781
10.05693 0.9988808035850525 0.0069705103524029255 0.046783193945884705 -5.593522071838379 -0.007353578228503466 0.9999407529830933 0.008021039888262749 -0.8284672498703003 -0.04672451317310333 -0.008356085978448391 0.9988729357719421 83.423583984375
10.16083 0.9967859387397766 0.006658937782049179 0.07983393967151642 -5.533442974090576 -0.007458232343196869 0.9999250173568726 0.009717974811792374 -0.8351458311080933 -0.0797632485628128 -0.010282160714268684 0.9967607855796814 83.88861083984375
10.26466 0.9930528402328491 0.006608287803828716 0.11748337000608444 -5.45775032043457 -0.007866308093070984 0.9999165534973145 0.010247606784105301 -0.838562548160553 -0.11740584671497345 -0.011100576259195805 0.9930219650268555 84.3403549194336
10.36867 0.9872319102287292 0.006643895525485277 0.15915122628211975 -5.362719535827637 -0.008341547101736069 0.9999152421951294 0.010001230984926224 -0.8405146598815918 -0.15907128155231476 -0.01120110135525465 0.9872035384178162 84.778076171875
10.47264 0.9790200591087341 0.006497616413980722 0.2036600112915039 -5.243251800537109 -0.008757922798395157 0.9999095797538757 0.010199124924838543 -0.8448064923286438 -0.20357538759708405 -0.011768785305321217 0.978988528251648 85.17970275878906
10.57663 0.9675169587135315 0.008625359274446964 0.25265881419181824 -5.106992721557617 -0.010936548002064228 0.9999102354049683 0.0077444808557629585 -0.846739649772644 -0.2525693476200104 -0.010256130248308182 0.9675244092941284 85.59230041503906
10.68062 0.9521897435188293 0.009497761726379395 0.3053596019744873 -4.943546295166016 -0.011814175173640251 0.9999136924743652 0.00573878875002265 -0.8616275787353516 -0.3052787482738495 -0.009071987122297287 0.9522197842597961 85.97770690917969
10.78461 0.9323636293411255 0.010312878526747227 0.36137479543685913 -4.760568618774414 -0.012382183223962784 0.9999174475669861 0.003411051817238331 -0.8626930713653564 -0.36130985617637634 -0.0076549481600522995 0.9324144124984741 86.36217498779297
10.88875 0.9079468250274658 0.010709486901760101 0.4189484715461731 -4.574604034423828 -0.012649206444621086 0.9999182224273682 0.0018527237698435783 -0.8687518835067749 -0.4188944101333618 -0.00698153767734766 0.9080081582069397 86.70500946044922
10.99272 0.8789129853248596 0.011045190505683422 0.4768540859222412 -4.3480377197265625 -0.012284208089113235 0.9999243021011353 -0.00051924679428339 -0.8696321845054626 -0.4768238067626953 -0.005401400849223137 0.8789823055267334 87.0486831665039
11.09659 0.8460392951965332 0.00931481085717678 0.5330390930175781 -4.0986328125 -0.008946593850851059 0.9999546408653259 -0.0032740901224315166 -0.8713321089744568 -0.5330454707145691 -0.001998876454308629 0.8460842370986938 87.33877563476562
11.20057 0.8089455962181091 0.009038231335580349 0.5878138542175293 -3.8370285034179688 -0.008267487399280071 0.9999579191207886 -0.0039976960979402065 -0.883305549621582 -0.5878252387046814 -0.0016258254181593657 0.808986246585846 87.63548278808594
11.30431 0.7688696384429932 0.007421236950904131 0.6393624544143677 -3.5594520568847656 -0.0071487147361040115 0.9999699592590332 -0.0030101598240435123 -0.8916104435920715 -0.6393656730651855 -0.002256200648844242 0.7688994407653809 87.91004943847656
11.40818 0.7264801263809204 0.0070222485810518265 0.6871515512466431 -3.259998321533203 -0.009101789444684982 0.9999585151672363 -0.0005962089635431767 -0.9003203511238098 -0.6871272325515747 -0.0058211758732795715 0.7265137434005737 88.164794921875
11.51192 0.6817913055419922 0.005815001204609871 0.7315236330032349 -2.9460372924804688 -0.00815616361796856 0.9999667406082153 -0.0003472282551229 -0.905943751335144 -0.7315013408660889 -0.005729689262807369 0.6818158626556396 88.38963317871094
11.61553 0.6358290314674377 0.004472283646464348 0.7718170285224915 -2.612110137939453 -0.004138136748224497 0.9999886751174927 -0.0023853883612900972 -0.9046854972839355 -0.7718188762664795 -0.00167718599550426 0.6358402967453003 88.593994140625
11.71927 0.5889211297035217 0.002446715719997883 0.8081867694854736 -2.2651519775390625 0.00164242263417691 0.9999898076057434 -0.004224204458296299 -0.901066780090332 -0.8081886768341064 0.0038151054177433252 0.588911235332489 88.79447937011719
11.82277 0.5450459718704224 0.004412706010043621 0.8383944034576416 -1.909027099609375 0.00037914072163403034 0.9999848008155823 -0.00550968199968338 -0.9057861566543579 -0.8384060859680176 0.003320898162201047 0.5450360178947449 88.93678283691406
11.92638 0.49964067339897156 0.00659197149798274 0.8662075400352478 -1.5546722412109375 -0.002972846385091543 0.9999781847000122 -0.005895206239074469 -0.9173986911773682 -0.8662276268005371 0.00037038311711512506 0.4996494650840759 89.07725524902344
12.03 0.4541855454444885 0.008585206232964993 0.8908656239509583 -1.2075920104980469 -0.003604873549193144 0.9999630451202393 -0.00779871828854084 -0.9245455265045166 -0.8908998370170593 0.0003306069993413985 0.45419973134994507 89.21748352050781
12.13361 0.4112115800380707 0.0062337517738342285 0.9115185737609863 -0.8480491638183594 0.0033773540053516626 0.9999592900276184 -0.00836220569908619 -0.9291452169418335 -0.9115336537361145 0.0065171560272574425 0.41117382049560547 89.34093475341797
12.2371 0.37252312898635864 -0.00197022408246994 0.9280207753181458 -0.46657562255859375 0.018450096249580383 0.999815821647644 -0.00528353126719594 -0.9378602504730225 -0.927839457988739 0.019090311601758003 0.37249088287353516 89.431884765625
12.3406 0.3379628658294678 -0.005812244489789009 0.9411414265632629 -0.09409141540527344 0.022135820239782333 0.9997533559799194 -0.0017747320234775543 -0.9450123906135559 -0.940899133682251 0.021432729437947273 0.33800816535949707 89.52073669433594
12.44411 0.3033767640590668 -0.0012699700891971588 0.9528698325157166 0.2661781311035156 0.018649674952030182 0.9998154640197754 -0.0046051861718297005 -0.9516448378562927 -0.9526881575584412 0.01916782185435295 0.3033444881439209 89.63188171386719
12.54767 0.27320176362991333 0.006867949850857258 0.9619322419166565 0.6399936676025391 0.009152479469776154 0.9999107718467712 -0.009738532826304436 -0.9521381855010986 -0.9619132876396179 0.011464650742709637 0.2731144428253174 89.7342529296875
12.65107 0.244927316904068 0.011023305356502533 0.9694787859916687 1.0255966186523438 0.004555270541459322 0.999911367893219 -0.012520167976617813 -0.9672105312347412 -0.9695307016372681 0.007482769899070263 0.24485531449317932 89.820556640625
12.75469 0.2192467749118805 0.012773428112268448 0.9755857586860657 1.4215469360351562 0.005573726259171963 0.9998816251754761 -0.014344139024615288 -0.9801985025405884 -0.9756534695625305 0.008582552894949913 0.2191496044397354 89.88844299316406
12.85806 0.19583335518836975 0.014046436175704002 0.9805365800857544 1.8390426635742188 0.012709788046777248 0.9997771978378296 -0.016860468313097954 -0.9912382364273071 -0.9805548191070557 0.015764253214001656 0.1956111341714859 89.94879150390625
12.96167 0.17644192278385162 0.019952580332756042 0.9841088056564331 2.264126777648926 0.01942186802625656 0.9995294213294983 -0.02374739944934845 -0.9950696229934692 -0.9841193556785583 0.023303264752030373 0.17597129940986633 89.98889923095703
13.0652 0.15656302869319916 0.02717600390315056 0.9872939586639404 2.6926631927490234 0.021756736561655998 0.9992839694023132 -0.030956169590353966 -0.985378623008728 -0.9874283671379089 0.026326879858970642 0.15585961937904358 90.04922485351562
13.16877 0.13874147832393646 0.028013724833726883 0.9899323582649231 3.137706756591797 0.018952876329421997 0.9993417263031006 -0.030936289578676224 -0.9978779554367065 -0.9901473522186279 0.023054206743836403 0.13811920583248138 90.1081771850586
13.27235 0.1229807585477829 0.02366786077618599 0.9921267628669739 3.601162910461426 0.01765468716621399 0.9995051622390747 -0.02603229507803917 -1.0171159505844116 -0.9922521114349365 0.020717157050967216 0.12250204384326935 90.16477966308594
13.37588 0.10888678580522537 0.020357877016067505 0.9938455820083618 4.088016510009766 0.01764543168246746 0.9995930790901184 -0.022408857941627502 -1.0397834777832031 -0.993897557258606 0.019976867362856865 0.10848324000835419 90.2071533203125
13.4795 0.09553702175617218 0.0181665550917387 0.9952600002288818 4.579070091247559 0.019990289583802223 0.9995967745780945 -0.020164625719189644 -1.0522940158843994 -0.9952250719070435 0.0218220092356205 0.09513534605503082 90.24482727050781
13.58311 0.08406664431095123 0.017070269212126732 0.996313750743866 5.087296485900879 0.02369283139705658 0.9995362758636475 -0.019124627113342285 -1.067930817604065 -0.9961784482002258 0.025213245302438736 0.08362321555614471 90.27306365966797
13.68672 0.07371895015239716 0.017863743007183075 0.9971189498901367 5.608193397521973 0.02649887092411518 0.9994513988494873 -0.01986464112997055 -1.0806382894515991 -0.9969269633293152 0.027886930853128433 0.07320511341094971 90.30374908447266
13.79034 0.06638963520526886 0.01828772760927677 0.9976261258125305 6.161323547363281 0.029227999970316887 0.9993672966957092 -0.020264700055122375 -1.0926356315612793 -0.9973655939102173 0.030503982678055763 0.0658131092786789 90.33063507080078
13.89395 0.060806434601545334 0.018740640953183174 0.9979736804962158 6.716922760009766 0.030914226546883583 0.9993087649345398 -0.020649312064051628 -1.1042206287384033 -0.9976707696914673 0.032107193022966385 0.06018505245447159 90.35614013671875
13.99767 0.05522340536117554 0.01983685977756977 0.998276948928833 7.2913947105407715 0.03173909708857536 0.9992625117301941 -0.02161221206188202 -1.119736671447754 -0.997969388961792 0.03287791088223457 0.0545530766248703 90.38412475585938
14.1013 0.049360327422618866 0.020169731229543686 0.9985772371292114 7.881844997406006 0.03224768489599228 0.9992426633834839 -0.021777190268039703 -1.1374658346176147 -0.9982602596282959 0.03327672928571701 0.04867251589894295 90.40892028808594
14.20492 0.04491175711154938 0.02005801722407341 0.9987894892692566 8.493743896484375 0.034328099340200424 0.9991770386695862 -0.02160939946770668 -1.1546536684036255 -0.998400866985321 0.035257067531347275 0.044186241924762726 90.42877197265625
14.30854 0.04207909479737282 0.020096074789762497 0.9989120960235596 9.12661075592041 0.03623586893081665 0.9991092085838318 -0.02162647619843483 -1.1685137748718262 -0.9984569549560547 0.0371064692735672 0.04131341353058815 90.45236206054688
14.41227 0.03917203098535538 0.01938081905245781 0.9990443587303162 9.772757530212402 0.03704019635915756 0.9990966320037842 -0.02083415538072586 -1.1882590055465698 -0.9985457062721252 0.03782092034816742 0.03841876983642578 90.47333526611328
14.51589 0.03653355687856674 0.018975619226694107 0.9991521835327148 10.44165325164795 0.03891610726714134 0.9990343451499939 -0.02039632573723793 -1.2026619911193848 -0.9985743165016174 0.039628271013498306 0.0357598215341568 90.49637603759766
14.61968 0.035897329449653625 0.018556024879217148 0.9991831183433533 11.12673282623291 0.04349284619092941 0.9988512992858887 -0.020112408325076103 -1.2192211151123047 -0.9984086155891418 0.04417930543422699 0.03504902869462967 90.51222229003906
14.72326 0.037137679755687714 0.018200796097517014 0.9991443157196045 11.849648475646973 0.0473242923617363 0.9986803531646729 -0.019951356574892998 -1.2360522747039795 -0.998188853263855 0.0480247437953949 0.03622732311487198 90.52709197998047
14.82686 0.03951370343565941 0.018178822472691536 0.9990535974502563 12.584609031677246 0.04879239946603775 0.9986067414283752 -0.020100483670830727 -1.2567131519317627 -0.998026967048645 0.04954046383500099 0.038571666926145554 90.55803680419922
14.93048 0.04327904060482979 0.01823774352669716 0.9988965392112732 13.320623397827148 0.05127619951963425 0.998475193977356 -0.020451685413718224 -1.2732847929000854 -0.9977461695671082 0.05210474133491516 0.04227788373827934 90.59078216552734
15.0341 0.04751410707831383 0.0175643190741539 0.9987161159515381 14.074094772338867 0.052028462290763855 0.998444676399231 -0.020034806802868843 -1.2906928062438965 -0.9975146055221558 0.052913598716259 0.046526357531547546 90.6255874633789
15.13784 0.05167056620121002 0.015795264393091202 0.9985392093658447 14.857857704162598 0.05342937260866165 0.9983991980552673 -0.01855781301856041 -1.3142108917236328 -0.9972338676452637 0.05431021377444267 0.050743915140628815 90.66482543945312
15.24145 0.05599115043878555 0.014005808159708977 0.9983330368995667 15.647689819335938 0.053391583263874054 0.9984288215637207 -0.017001600936055183 -1.3330096006393433 -0.9970026016235352 0.05425451695919037 0.05515538901090622 90.70610046386719
15.34508 0.060042452067136765 0.01197182945907116 0.9981239438056946 16.44430160522461 0.05046660080552101 0.9986128807067871 -0.015013525262475014 -1.3507113456726074 -0.9969192147254944 0.051273368299007416 0.059354983270168304 90.75850677490234
15.44881 0.06416395306587219 0.011020790785551071 0.9978784918785095 17.274709701538086 0.04978247359395027 0.9986587166786194 -0.014230435714125633 -1.3667025566101074 -0.9966968297958374 0.050589948892593384 0.06352924555540085 90.81649017333984
15.55255 0.06821803748607635 0.012156084179878235 0.9975963830947876 18.095123291015625 0.046726107597351074 0.9987894892692566 -0.015365867875516415 -1.3831965923309326 -0.9965755939483643 0.047662027180194855 0.06756746768951416 90.8755874633789
15.65617 0.0714183822274208 0.016010528430342674 0.9973179697990417 18.921489715576172 0.044678378850221634 0.998816192150116 -0.01923402026295662 -1.4089555740356445 -0.9964452385902405 0.04593220725655556 0.07061852514743805 90.93991088867188
15.7599 0.07275903224945068 0.021072128787636757 0.9971268177032471 19.758739471435547 0.03879309445619583 0.998960554599762 -0.023941554129123688 -1.4403457641601562 -0.9965947866439819 0.040423594415187836 0.07186594605445862 91.01326751708984
15.86364 0.07277879863977432 0.02456744760274887 0.9970453977584839 20.59479331970215 0.0360654778778553 0.9989779591560364 -0.027247648686170578 -1.4607646465301514 -0.9966956973075867 0.03794196993112564 0.07181839644908905 91.07779693603516
15.96739 0.07296008616685867 0.023785488680005074 0.9970511198043823 21.43366241455078 0.03351767733693123 0.9990923404693604 -0.026286864653229713 -1.493760585784912 -0.9967714548110962 0.035336725413799286 0.07209660857915878 91.1386489868164
16.07102 0.07243933528661728 0.022141873836517334 0.9971269965171814 22.278240203857422 0.030644942075014114 0.9992320537567139 -0.0244149137288332 -1.5236388444900513 -0.9969018697738647 0.03232549503445625 0.07170514762401581 91.21808624267578
16.17474 0.0725768506526947 0.02103840559720993 0.9971408843994141 23.11353302001953 0.031646933406591415 0.9992254376411438 -0.023385807871818542 -1.553541898727417 -0.9968606233596802 0.03325371444225311 0.07185482978820801 91.27719116210938
16.27845 0.07297517359256744 0.019953057169914246 0.9971341490745544 23.948455810546875 0.029034700244665146 0.9993336200714111 -0.022121969610452652 -1.5877597332000732 -0.9969110488891602 0.030565856024622917 0.07234719395637512 91.34049224853516
16.38209 0.07285432517528534 0.02064352110028267 0.9971289038658142 24.803813934326172 0.027277979999780655 0.9993706345558167 -0.022682970389723778 -1.614400863647461 -0.99696946144104 0.028852222487330437 0.07224535942077637 91.41985321044922
16.48571 0.07294312119483948 0.0211922749876976 0.997110903263092 25.638843536376953 0.02398824878036976 0.999447762966156 -0.02299678884446621 -1.6457781791687012 -0.9970476031303406 0.02559640444815159 0.072394460439682 91.4878921508789
