1305031455.15972 0.999026894569397 -0.016437280923128128 0.040927689522504807 -0.04472145438194275 0.01640978641808033 0.9998648166656494 0.0010075720492750406 0.01913253217935562 -0.040938716381788254 -0.0003349766484461725 0.9991617202758789 0.0019708704203367233
1305031455.191655 0.9984188079833984 -0.030026448890566826 0.04752299189567566 -0.0556114986538887 0.029707763344049454 0.999531090259552 0.0073981680907309055 0.021112658083438873 -0.047722864896059036 -0.005974669009447098 0.9988427758216858 0.0056489333510398865
1305031455.227581 0.9974397420883179 -0.042184002697467804 0.05774509161710739 -0.06947087496519089 0.04186512529850006 0.9991006851196289 0.006721513345837593 0.023120680823922157 -0.05797669664025307 -0.004286797717213631 0.9983087182044983 0.007543512154370546
1305031455.259631 0.9961889982223511 -0.05557240918278694 0.06722579896450043 -0.08137227594852448 0.05502171069383621 0.9984349608421326 0.01001731213182211 0.029365163296461105 -0.06767726689577103 -0.00628025783225894 0.9976875185966492 0.007177901919931173
1305031455.291831 0.9935415983200073 -0.08041113615036011 0.08005798608064651 -0.09752655029296875 0.07871916145086288 0.9966058731079102 0.024076130241155624 0.029240142554044724 -0.08172227442264557 -0.017618535086512566 0.9964993000030518 0.012879399582743645
1305031455.327766 0.9906048774719238 -0.10517440736293793 0.08740874379873276 -0.11443006992340088 0.10274723917245865 0.9941979646682739 0.031830448657274246 0.029956884682178497 -0.09024935960769653 -0.022550391033291817 0.9956637620925903 0.012680836021900177
1305031455.35963 0.9885972738265991 -0.12212270498275757 0.0881003737449646 -0.12609708309173584 0.1190604642033577 0.992111325263977 0.0392337329685688 0.03936607763171196 -0.0921967402100563 -0.028297090902924538 0.9953387379646301 0.018990226089954376
1305031455.391665 0.9846160411834717 -0.14468009769916534 0.0979733094573021 -0.13722392916679382 0.13910725712776184 0.9883632063865662 0.06153957173228264 0.03454013168811798 -0.10573677718639374 -0.04696406051516533 0.9932845830917358 0.024716895073652267
1305031455.427642 0.9792999029159546 -0.16890175640583038 0.11155213415622711 -0.1530771553516388 0.16098706424236298 0.983981728553772 0.07657074183225632 0.03081357292830944 -0.12269819527864456 -0.05702727288007736 0.9908042550086975 0.024331441149115562
1305031455.459589 0.9744545221328735 -0.1900337040424347 0.11968991160392761 -0.16962093114852905 0.18021048605442047 0.979661762714386 0.08824341744184494 0.021824995055794716 -0.13402487337589264 -0.06441982090473175 0.9888818860054016 0.02673204615712166
1305031455.491637 0.9691290855407715 -0.21176886558532715 0.12626397609710693 -0.18281809985637665 0.2012389749288559 0.97529137134552 0.09115613996982574 0.02228160947561264 -0.14244818687438965 -0.06293285638093948 0.9877995848655701 0.028844298794865608
1305031455.52761 0.9609552025794983 -0.24084129929542542 0.13623711466789246 -0.20263075828552246 0.22823311388492584 0.968264102935791 0.101853147149086 0.010120277293026447 -0.15644395351409912 -0.06678251177072525 0.9854264855384827 0.030428729951381683
1305031455.559669 0.95442134141922 -0.26449498534202576 0.13828310370445251 -0.2205112725496292 0.2523908019065857 0.9625403881072998 0.0990714430809021 0.004781058523803949 -0.15930697321891785 -0.059654537588357925 0.9854250550270081 0.03268980607390404
1305031455.591645 0.9462481141090393 -0.2907854914665222 0.14162704348564148 -0.242038756608963 0.27915453910827637 0.9553876519203186 0.0964745283126831 0.0012186593376100063 -0.16336216032505035 -0.051753003150224686 0.9852077960968018 0.03504808619618416
1305031455.627617 0.9371917843818665 -0.31740039587020874 0.14466729760169983 -0.2575060725212097 0.30410099029541016 0.9466275572776794 0.10685931146144867 -0.01352057047188282 -0.17086327075958252 -0.05615419149398804 0.9836933016777039 0.037891920655965805
1305031455.659615 0.9331416487693787 -0.32684704661369324 0.14972539246082306 -0.2685750722885132 0.3140774369239807 0.9438078999519348 0.10286916792392731 -0.023647591471672058 -0.1749345064163208 -0.04896615073084831 0.9833617210388184 0.03677831590175629
1305031455.691605 0.932395875453949 -0.3243447542190552 0.15949471294879913 -0.2884466052055359 0.31185615062713623 0.9449961185455322 0.09863173216581345 -0.03195581212639809 -0.182712584733963 -0.04222443327307701 0.9822592735290527 0.0374000109732151
1305031455.727628 0.9344815611839294 -0.3132878839969635 0.16910088062286377 -0.3040997087955475 0.300150990486145 0.948739230632782 0.09901206940412521 -0.04083657264709473 -0.19145195186138153 -0.041769154369831085 0.9806128740310669 0.038375504314899445
1305031455.759683 0.9347221255302429 -0.3052798807621002 0.18193039298057556 -0.3191407322883606 0.291097491979599 0.9513682723045349 0.10079886019229889 -0.048282597213983536 -0.20385470986366272 -0.04125944897532463 0.9781312942504883 0.03780170530080795
1305031455.791666 0.9319040179252625 -0.306183397769928 0.1944393366575241 -0.3333115875720978 0.29034993052482605 0.9510308504104614 0.10600490123033524 -0.06548081338405609 -0.217374786734581 -0.042330920696258545 0.975169837474823 0.036807429045438766
1305031455.82759 0.9304220676422119 -0.3031991124153137 0.20587611198425293 -0.352149099111557 0.28797367215156555 0.9522948861122131 0.101021409034729 -0.0731678307056427 -0.22668440639972687 -0.03470563516020775 0.9733496308326721 0.03401986509561539
1305031455.859526 0.9295538067817688 -0.30396825075149536 0.2086460143327713 -0.3642388582229614 0.2869732975959778 0.9518145322799683 0.108146071434021 -0.08979719877243042 -0.23146529495716095 -0.040651753544807434 0.9719935059547424 0.028014585375785828
1305031455.891657 0.9280626773834229 -0.30374839901924133 0.21549174189567566 -0.3774597942829132 0.28578805923461914 0.9518555402755737 0.11088758707046509 -0.09999678283929825 -0.23879896104335785 -0.041325658559799194 0.9701893925666809 0.025152787566184998
1305031455.927955 0.9264828562736511 -0.303764671087265 0.22216343879699707 -0.3884153962135315 0.28376996517181396 0.9516326785087585 0.11777054518461227 -0.11297602951526642 -0.24719250202178955 -0.04606907069683075 0.9678707122802734 0.02355676144361496
1305031455.959716 0.925811231136322 -0.299649178981781 0.23039937019348145 -0.40088215470314026 0.2786273956298828 0.9529088139533997 0.11971399188041687 -0.12009437382221222 -0.25542181730270386 -0.04663698002696037 0.9657042622566223 0.020309969782829285
1305031455.991694 0.9250208139419556 -0.29717016220092773 0.23669882118701935 -0.40945911407470703 0.27399760484695435 0.9534135460853577 0.12620513141155243 -0.1260339915752411 -0.263176292181015 -0.051887478679418564 0.9633514881134033 0.019478455185890198
1305031456.02777 0.9235773682594299 -0.29235899448394775 0.2480546534061432 -0.4245338439941406 0.2655453681945801 0.9544296264648438 0.13619762659072876 -0.12625230848789215 -0.27656933665275574 -0.05991929769515991 0.9591241478919983 0.017691463232040405
1305031456.059713 0.9235864281654358 -0.28741365671157837 0.2537347376346588 -0.43715211749076843 0.25164690613746643 0.9537593722343445 0.16436767578125 -0.14255262911319733 -0.28924351930618286 -0.08795619755983353 0.9532061815261841 0.0207526758313179
1305031456.091707 0.9236764311790466 -0.2827335000038147 0.25861823558807373 -0.44576549530029297 0.24076274037361145 0.9533101916313171 0.18229888379573822 -0.15702834725379944 -0.29808542132377625 -0.10611958056688309 0.9486221075057983 0.02413066476583481
1305031456.127645 0.9214195013046265 -0.2820909917354584 0.26722782850265503 -0.4545116722583771 0.2369442880153656 0.9529675245285034 0.18897145986557007 -0.1672751009464264 -0.3079666793346405 -0.11080390214920044 0.9449228048324585 0.027556419372558594
1305031456.159731 0.918830931186676 -0.2855744957923889 0.2723912298679352 -0.45506370067596436 0.23574604094028473 0.9506974220275879 0.20149005949497223 -0.18562068045139313 -0.31650200486183167 -0.12092015147209167 0.9408532381057739 0.027580857276916504
1305031456.191658 0.9131067395210266 -0.28905391693115234 0.28754812479019165 -0.4565543830394745 0.2377655953168869 0.9504285454750061 0.20038270950317383 -0.19866637885570526 -0.3312153220176697 -0.1146017536520958 0.9365697503089905 0.029132187366485596
1305031456.227678 0.905205249786377 -0.2899267375469208 0.3107185363769531 -0.467055082321167 0.2392205148935318 0.9519299864768982 0.19131861627101898 -0.192252516746521 -0.35125067830085754 -0.09885238111019135 0.9310484528541565 0.0302448570728302
1305031456.259614 0.896003782749176 -0.2982034981250763 0.3290167450904846 -0.47063392400741577 0.2404477298259735 0.9487482309341431 0.20508955419063568 -0.2055531144142151 -0.37331247329711914 -0.10464968532323837 0.9217843413352966 0.036676302552223206
1305031456.291675 0.8841985464096069 -0.3075524568557739 0.3515740633010864 -0.47716742753982544 0.24469894170761108 0.9460901021957397 0.21221661567687988 -0.22142556309700012 -0.3978884518146515 -0.10161187499761581 0.9117892980575562 0.04578365385532379
1305031456.327718 0.872636616230011 -0.3185608685016632 0.3701677918434143 -0.4771215617656708 0.2543249726295471 0.9435028433799744 0.21241667866706848 -0.23068039119243622 -0.416922003030777 -0.09121967107057571 0.9043533205986023 0.053487539291381836
1305031456.359846 0.8593782186508179 -0.321308970451355 0.39778077602386475 -0.48885008692741394 0.25793546438217163 0.9440892934799194 0.20533999800682068 -0.22587482631206512 -0.4415181279182434 -0.07386299967765808 0.8942068219184875 0.05679260194301605
1305031456.391619 0.8477557301521301 -0.3300428092479706 0.41518914699554443 -0.4857727289199829 0.260152131319046 0.9409216046333313 0.21676592528820038 -0.2390081286430359 -0.46220242977142334 -0.07575219124555588 0.8835329413414001 0.06889867782592773
1305031456.427662 0.828782856464386 -0.3339816927909851 0.44897112250328064 -0.5044597387313843 0.2649892270565033 0.9409311413764954 0.21078239381313324 -0.24334517121315002 -0.49284836649894714 -0.055720314383506775 0.8683292865753174 0.08763684332370758
1305031456.45961 0.8166235685348511 -0.34209132194519043 0.4648650288581848 -0.5215787291526794 0.2741222083568573 0.9386631846427917 0.20920893549919128 -0.23903164267539978 -0.5079202651977539 -0.043415140360593796 0.8603093028068542 0.09947660565376282
1305031456.491677 0.8116779327392578 -0.35926300287246704 0.4605528712272644 -0.5271201729774475 0.285398930311203 0.9318783283233643 0.22394251823425293 -0.24561981856822968 -0.5096335411071777 -0.050327934324741364 0.8589183688163757 0.11504144966602325
1305031456.527641 0.8075761795043945 -0.3731451630592346 0.4567092955112457 -0.5348560810089111 0.29687270522117615 0.9263319969177246 0.23189574480056763 -0.24690786004066467 -0.5095953345298767 -0.05168898403644562 0.8588603138923645 0.13002359867095947
1305031456.559608 0.8032532930374146 -0.3850260376930237 0.45446568727493286 -0.5340033173561096 0.3048906624317169 0.9212356209754944 0.24159196019172668 -0.25723153352737427 -0.511689305305481 -0.05549725890159607 0.8573763966560364 0.14482881128787994
1305031456.591651 0.7955107688903809 -0.394048810005188 0.46031299233436584 -0.5393682718276978 0.31873878836631775 0.9182025194168091 0.23518006503582 -0.24711604416370392 -0.5153331160545349 -0.0403687059879303 0.8560388088226318 0.15170641243457794
1305031456.627612 0.7868325114250183 -0.41332194209098816 0.4583226442337036 -0.5453395843505859 0.32890021800994873 0.9092041254043579 0.25528889894485474 -0.23694796860218048 -0.5222254991531372 -0.05012725293636322 0.8513330817222595 0.1636783927679062
1305031456.659665 0.7730494141578674 -0.43961191177368164 0.4573136866092682 -0.5439201593399048 0.3361677825450897 0.8952752947807312 0.2923581302165985 -0.25714796781539917 -0.5379458069801331 -0.07227320224046707 0.8398755788803101 0.18806065618991852
1305031456.691612 0.7587379217147827 -0.4528166651725769 0.4682667851448059 -0.5535851716995239 0.3497883379459381 0.8896545171737671 0.29353514313697815 -0.26242807507514954 -0.5495133996009827 -0.05892195180058479 0.8334046006202698 0.20488286018371582
1305031456.727693 0.7475612759590149 -0.46947595477104187 0.4698343575000763 -0.565944492816925 0.3667457699775696 0.8815308213233948 0.29732298851013184 -0.2543700337409973 -0.5537595748901367 -0.04995739087462425 0.8311765789985657 0.22097982466220856
1305031456.759615 0.7408633828163147 -0.49029016494750977 0.4590608775615692 -0.5699068903923035 0.37784820795059204 0.869306743144989 0.3186478018760681 -0.2770882844924927 -0.5552948713302612 -0.06261914223432541 0.8292927742004395 0.2385537028312683
1305031456.791649 0.7436208128929138 -0.4946252405643463 0.4498598277568817 -0.5709793567657471 0.39647001028060913 0.8679925203323364 0.2989991307258606 -0.272061824798584 -0.5383675694465637 -0.04398604482412338 0.8415613174438477 0.25021499395370483
1305031456.827603 0.7389993071556091 -0.5045782327651978 0.44640880823135376 -0.5794309973716736 0.41316553950309753 0.8628160357475281 0.2912781238555908 -0.2596290111541748 -0.5321412682533264 -0.03081364929676056 0.8460947275161743 0.26195037364959717
1305031456.859634 0.7309758067131042 -0.5205351114273071 0.4412679374217987 -0.5798733234405518 0.42359185218811035 0.8530906438827515 0.30464112758636475 -0.2616039514541626 -0.5350181460380554 -0.0357678085565567 0.8440831303596497 0.2793309688568115
1305031456.891672 0.7242864966392517 -0.5312469601631165 0.4395287334918976 -0.5767198801040649 0.4308466613292694 0.8463929295539856 0.31303367018699646 -0.26767560839653015 -0.5383124351501465 -0.03735659644007683 0.8419169783592224 0.29175639152526855
1305031456.92769 0.7120590209960938 -0.5347177982330322 0.45502597093582153 -0.5843273401260376 0.43778344988822937 0.8447967171669006 0.3076753616333008 -0.2655807137489319 -0.5489240884780884 -0.019880155101418495 0.835635781288147 0.3042696714401245
1305031456.959667 0.6994196772575378 -0.5422671437263489 0.46557316184043884 -0.5965620875358582 0.44554436206817627 0.84015953540802 0.3092283308506012 -0.25580960512161255 -0.558840274810791 -0.008846856653690338 0.8292282223701477 0.3169715702533722
1305031456.991709 0.6923761367797852 -0.5540297627449036 0.46224045753479004 -0.5986810326576233 0.4452008605003357 0.8321765065193176 0.3305729329586029 -0.26278042793273926 -0.5678130984306335 -0.023090938106179237 0.8228336572647095 0.3303380608558655
1305031457.027648 0.6834147572517395 -0.5618176460266113 0.4661598205566406 -0.6040945053100586 0.44872769713401794 0.8269587755203247 0.33879581093788147 -0.2677590847015381 -0.5758366584777832 -0.022359246388077736 0.8172589540481567 0.3411443829536438
1305031457.059621 0.6712489128112793 -0.5702171921730042 0.473579078912735 -0.6171278953552246 0.4559136629104614 0.8213716149330139 0.3427700102329254 -0.2613154649734497 -0.5844378471374512 -0.014172921888530254 0.8113147616386414 0.34966543316841125
1305031457.091655 0.6607992649078369 -0.5864804983139038 0.4683854579925537 -0.6209812760353088 0.45906513929367065 0.8095192909240723 0.3659750521183014 -0.2699590027332306 -0.5938044190406799 -0.026816679164767265 0.8041625022888184 0.3567890524864197
1305031457.127632 0.6500228047370911 -0.6006401181221008 0.4655122458934784 -0.619509756565094 0.46340811252593994 0.7988119125366211 0.3836047947406769 -0.2844136655330658 -0.6022652387619019 -0.03362970054149628 0.7975873947143555 0.36222127079963684
1305031457.159693 0.6338382363319397 -0.6064869165420532 0.48002350330352783 -0.6321353316307068 0.46827682852745056 0.7948460578918457 0.385922908782959 -0.2892603278160095 -0.6156021952629089 -0.01982875168323517 0.7878075838088989 0.3678743839263916
1305031457.191735 0.6156517863273621 -0.6110900640487671 0.49753567576408386 -0.6495411396026611 0.4716956615447998 0.7915482521057129 0.3885287046432495 -0.29157334566116333 -0.6312496662139893 -0.004512968007475138 0.7755666375160217 0.37428024411201477
1305031457.227543 0.6010388731956482 -0.6236215233802795 0.49984821677207947 -0.65826416015625 0.47531163692474365 0.7817097902297974 0.403743177652359 -0.3024081289768219 -0.642519474029541 -0.005081679206341505 0.7662526965141296 0.37879663705825806
1305031457.259691 0.5855500102043152 -0.6347160339355469 0.5042484402656555 -0.6608110070228577 0.4805496335029602 0.7727451920509338 0.4146527349948883 -0.3223479688167572 -0.6528425812721252 -0.00048352405428886414 0.7574936151504517 0.3816157579421997
1305031457.291656 0.5688326954841614 -0.6322154998779297 0.5260540246963501 -0.676417887210846 0.4856412708759308 0.7743958830833435 0.4055408835411072 -0.3254178464412689 -0.6637634038925171 0.024788666516542435 0.7475317716598511 0.38199383020401
1305031457.327548 0.5499241352081299 -0.6340895891189575 0.5436115860939026 -0.6940235495567322 0.4871814250946045 0.772196352481842 0.4078809916973114 -0.330416738986969 -0.678408145904541 0.04053390771150589 0.7335662841796875 0.38214999437332153
1305031457.359712 0.5278622508049011 -0.6427274346351624 0.5552142262458801 -0.7035567760467529 0.4860800802707672 0.7646790742874146 0.42307448387145996 -0.3450324833393097 -0.6964823007583618 0.04655349999666214 0.7160622477531433 0.3877527713775635
1305031457.391684 0.5022978782653809 -0.6455164551734924 0.5753307938575745 -0.7181881666183472 0.48903465270996094 0.7607975602149963 0.4266524016857147 -0.35961562395095825 -0.7131212949752808 0.06705016642808914 0.6978268027305603 0.3912002146244049
1305031457.427641 0.4804275333881378 -0.6480324864387512 0.590968132019043 -0.7379068732261658 0.49338826537132263 0.7567885518074036 0.4287647306919098 -0.36906662583351135 -0.7250913381576538 0.08558633923530579 0.6833136677742004 0.3971557915210724
1305031457.459614 0.46905943751335144 -0.6518310904502869 0.5959022641181946 -0.7514649033546448 0.49782779812812805 0.7524679899215698 0.4312302768230438 -0.380324125289917 -0.7294865250587463 0.09438411146402359 0.6774518489837646 0.4002126455307007
1305031457.491705 0.4611090421676636 -0.6570857167243958 0.596336305141449 -0.759473443031311 0.5023224949836731 0.747290849685669 0.4350040555000305 -0.39692676067352295 -0.7314715385437012 0.09896884113550186 0.6746513843536377 0.40055057406425476
1305031457.527638 0.4554781913757324 -0.6589385271072388 0.5986146926879883 -0.7656159400939941 0.5064775943756104 0.7447909712791443 0.4344729781150818 -0.4120411276817322 -0.7321338057518005 0.10529202967882156 0.6729736328125 0.3960381746292114
1305031457.559685 0.44534289836883545 -0.6591501832008362 0.6059626340866089 -0.7762903571128845 0.5107524991035461 0.742887556552887 0.4327237904071808 -0.42301151156425476 -0.7353920936584473 0.11678650230169296 0.6675023436546326 0.39385491609573364
1305031457.591678 0.43224042654037476 -0.6563092470169067 0.6184062361717224 -0.7954294681549072 0.5098732709884644 0.743506908416748 0.43269720673561096 -0.4343690574169159 -0.7437725067138672 0.12827958166599274 0.6560081839561462 0.40021243691444397
1305031457.627526 0.4262966811656952 -0.6618810892105103 0.6165910959243774 -0.7992295622825623 0.5138131976127625 0.73816978931427 0.4371514320373535 -0.45029687881469727 -0.7444911599159241 0.13045641779899597 0.6547625064849854 0.4014866352081299
1305031457.659632 0.4135720431804657 -0.6573434472084045 0.6299664378166199 -0.8233053684234619 0.51654452085495 0.7391817569732666 0.4321943521499634 -0.45867419242858887 -0.7497599124908447 0.14666223526000977 0.6452521085739136 0.4076292812824249
1305031457.69157 0.410190612077713 -0.6670165061950684 0.6219586730003357 -0.8282702565193176 0.5196764469146729 0.7313724756240845 0.441622793674469 -0.4685596525669098 -0.7494531869888306 0.14206776022911072 0.6466349363327026 0.4116232395172119
1305031457.727669 0.4113059937953949 -0.6702712178230286 0.6177084445953369 -0.828334391117096 0.5156220197677612 0.7299277186393738 0.448708713054657 -0.48815980553627014 -0.7516390681266785 0.133947491645813 0.6458303928375244 0.4136236608028412
1305031457.759556 0.4073745012283325 -0.6697006821632385 0.6209243535995483 -0.8342270255088806 0.513336181640625 0.7302404642105103 0.45081573724746704 -0.5087985992431641 -0.7553356885910034 0.1350921243429184 0.6412630081176758 0.4152437150478363
1305031457.791567 0.4049820601940155 -0.6627609729766846 0.6298708319664001 -0.8314796686172485 0.5075088739395142 0.7359684705734253 0.4480905532836914 -0.5293442010879517 -0.7605421543121338 0.1381964087486267 0.634411096572876 0.41635969281196594
1305031457.827699 0.39173072576522827 -0.6476253271102905 0.6535508036613464 -0.8490784764289856 0.5076664090156555 0.7445453405380249 0.4335055351257324 -0.5319226384162903 -0.7673473358154297 0.16196830570697784 0.620438814163208 0.41629141569137573
1305031457.859623 0.3795522451400757 -0.6451749801635742 0.6630908250808716 -0.8550577163696289 0.5012733340263367 0.745813250541687 0.4387342035770416 -0.5467358827590942 -0.7776021361351013 0.1658671647310257 0.6064841151237488 0.4211490750312805
1305031457.891593 0.3660092353820801 -0.6403892040252686 0.6752325892448425 -0.8549623489379883 0.4987271726131439 0.7475650906562805 0.4386543929576874 -0.5702993273735046 -0.7856897711753845 0.17620524764060974 0.5929951667785645 0.42674803733825684
1305031457.927633 0.35289880633354187 -0.6244487166404724 0.6967971324920654 -0.8691832423210144 0.5010525584220886 0.7550539970397949 0.4228944778442383 -0.5828173160552979 -0.7901953458786011 0.1998930424451828 0.5793392658233643 0.4369944632053375
1305031457.959632 0.3442575931549072 -0.6185472011566162 0.7063187956809998 -0.8807684183120728 0.5060346126556396 0.7559211850166321 0.4153459370136261 -0.5939332246780396 -0.7908323407173157 0.21443574130535126 0.5732378363609314 0.44636109471321106
1305031457.991644 0.3410378396511078 -0.6135480999946594 0.7122161388397217 -0.8792524337768555 0.5062564611434937 0.7582563161849976 0.4107939302921295 -0.6070346832275391 -0.7920842170715332 0.22046779096126556 0.5692068934440613 0.4565061032772064
1305031458.027845 0.33440515398979187 -0.6052435040473938 0.7223942279815674 -0.8778398036956787 0.5065667629241943 0.7618120312690735 0.40377286076545715 -0.6233739852905273 -0.7947095036506653 0.23091718554496765 0.5613502264022827 0.46308186650276184
1305031458.059689 0.32299795746803284 -0.589958667755127 0.7400141954421997 -0.8944289684295654 0.5116246342658997 0.7666664719581604 0.38789522647857666 -0.6209117770195007 -0.7961863279342651 0.25332003831863403 0.5494691133499146 0.4715779423713684
1305031458.09169 0.3134487569332123 -0.591952919960022 0.7425237894058228 -0.8975213766098022 0.5102585554122925 0.7644457221031189 0.3940292000770569 -0.6278483867645264 -0.800865888595581 0.25537109375 0.541663646697998 0.4854477047920227
1305031458.127605 0.30361872911453247 -0.5945383906364441 0.7445398569107056 -0.8982244729995728 0.5044739246368408 0.7632201313972473 0.40373384952545166 -0.642778217792511 -0.8082832098007202 0.253019779920578 0.5316570997238159 0.5044898986816406
1305031458.159638 0.29464882612228394 -0.5930448174476624 0.7493196129798889 -0.8984230756759644 0.5036315321922302 0.762762725353241 0.4056454300880432 -0.6531506776809692 -0.8121190071105957 0.25785812735557556 0.5234232544898987 0.5248376131057739
1305031458.191646 0.2865952253341675 -0.5909548997879028 0.754079282283783 -0.908940315246582 0.5078034400939941 0.7611377835273743 0.4034908711910248 -0.6542062759399414 -0.81240314245224 0.26728555560112 0.5182274580001831 0.5481956005096436
1305031458.227611 0.28678908944129944 -0.6030541062355042 0.7443639039993286 -0.9082410335540771 0.5068118572235107 0.7548730373382568 0.4163033366203308 -0.6637564301490784 -0.812953770160675 0.2578612267971039 0.5221242904663086 0.569133996963501
1305031458.259934 0.2908059358596802 -0.6123346090316772 0.7351722717285156 -0.892505943775177 0.5029268860816956 0.7514941096305847 0.42699071764945984 -0.6902401447296143 -0.8139387965202332 0.2455665022134781 0.5264984965324402 0.5859622955322266
1305031458.291664 0.2899011969566345 -0.6007969379425049 0.7449834942817688 -0.8987932205200195 0.5043548941612244 0.7574559450149536 0.41459202766418457 -0.7051366567611694 -0.8133777976036072 0.25554537773132324 0.5226022601127625 0.6120257377624512
1305031458.327628 0.2952658534049988 -0.5997039675712585 0.743756115436554 -0.8945853114128113 0.5124475955963135 0.7564212083816528 0.4064781367778778 -0.7072083353996277 -0.806359589099884 0.2611168622970581 0.5306621193885803 0.6328060030937195
1305031458.35959 0.30019092559814453 -0.5994922518730164 0.7419531345367432 -0.8804546594619751 0.5210557579994202 0.754582941532135 0.39888033270835876 -0.7267565727233887 -0.7989909648895264 0.26685860753059387 0.5388877987861633 0.6415692567825317
1305031458.391626 0.2995230257511139 -0.5812038779258728 0.7566293478012085 -0.8812497854232788 0.5301199555397034 0.7607367038726807 0.37450316548347473 -0.72310471534729 -0.793258547782898 0.2889319062232971 0.5359658002853394 0.6641049385070801
1305031458.427598 0.2881276607513428 -0.5771639347076416 0.7641100883483887 -0.8783717751502991 0.5456660389900208 0.7546820640563965 0.3642849922180176 -0.7247204184532166 -0.7869125008583069 0.31198829412460327 0.5323835015296936 0.6776630878448486
1305031458.459637 0.2738226056098938 -0.5677464008331299 0.7763279676437378 -0.8624807000160217 0.5587135553359985 0.750912606716156 0.352092981338501 -0.7256211042404175 -0.7828541398048401 0.3373338580131531 0.5228244066238403 0.6863551139831543
1305031458.491696 0.25666338205337524 -0.52754807472229 0.8098252415657043 -0.8613710403442383 0.5510504245758057 0.7682393193244934 0.32580944895744324 -0.7295213937759399 -0.7940196990966797 0.3626311123371124 0.4878845810890198 0.7055007815361023
1305031458.527737 0.24130599200725555 -0.4985431730747223 0.8326019644737244 -0.8584150075912476 0.5532125234603882 0.775566816329956 0.30405905842781067 -0.7170071601867676 -0.797325074672699 0.3872345983982086 0.46294936537742615 0.7231258153915405
1305031458.559628 0.2317976951599121 -0.47823193669319153 0.847091555595398 -0.8621640801429749 0.5438538789749146 0.7857100367546082 0.294758677482605 -0.7078171372413635 -0.8065312504768372 0.3923696279525757 0.44221407175064087 0.7377766966819763
1305031458.591641 0.22698324918746948 -0.45453745126724243 0.8613212704658508 -0.8515746593475342 0.531903088092804 0.7987089157104492 0.2813236117362976 -0.7027320861816406 -0.81581711769104 0.3942836821079254 0.4230634868144989 0.7674919962882996
1305031458.627659 0.22815828025341034 -0.43437325954437256 0.8713575005531311 -0.8579877018928528 0.5294317603111267 0.8064321875572205 0.2633802890777588 -0.6720885634422302 -0.817095935344696 0.40123188495635986 0.41396522521972656 0.7975009679794312
1305031458.659623 0.2319064736366272 -0.4468133747577667 0.8640469908714294 -0.8515532612800598 0.5279681086540222 0.8038551807403564 0.27398282289505005 -0.6741386651992798 -0.8169877529144287 0.39265090227127075 0.42232242226600647 0.8208547830581665
1305031458.691674 0.25229504704475403 -0.4537612795829773 0.8546624779701233 -0.8511481285095215 0.521185040473938 0.8078970909118652 0.2750793397426605 -0.6795766353607178 -0.8152995705604553 0.376036137342453 0.44032201170921326 0.8511713743209839
1305031458.72765 0.29357558488845825 -0.45579883456230164 0.8402742743492126 -0.8295092582702637 0.5183335542678833 0.8144708275794983 0.26070624589920044 -0.6701608896255493 -0.8032082915306091 0.3590053617954254 0.4753645658493042 0.8567212820053101
1305031458.759945 0.3320484459400177 -0.4359900951385498 0.8364546298980713 -0.8205981254577637 0.5131019353866577 0.8275803327560425 0.22767771780490875 -0.6562288999557495 -0.7914986610412598 0.35358649492263794 0.4985041320323944 0.8701528310775757
1305031458.791632 0.3719116151332855 -0.43285512924194336 0.8211687803268433 -0.8174590468406677 0.5100780129432678 0.83439701795578 0.2088109850883484 -0.6428274512290955 -0.7755657434463501 0.34120094776153564 0.5311117768287659 0.8724479079246521
1305031458.827564 0.3896111845970154 -0.4427824914455414 0.8075560927391052 -0.8025436401367188 0.5120486617088318 0.8329717516899109 0.20967629551887512 -0.6352511644363403 -0.7655124664306641 0.3318157494068146 0.551261305809021 0.8789770603179932
1305031458.859887 0.39892977476119995 -0.44671010971069336 0.8008153438568115 -0.7933268547058105 0.5083863735198975 0.8345552086830139 0.21227583289146423 -0.6485684514045715 -0.7631502151489258 0.3224404752254486 0.5600302219390869 0.8801686763763428
1305031458.891665 0.40667474269866943 -0.4208710789680481 0.8108533620834351 -0.7912581562995911 0.49597012996673584 0.8470886945724487 0.19093042612075806 -0.6323602199554443 -0.7672216296195984 0.3245124816894531 0.553229033946991 0.8909827470779419
1305031458.927621 0.3914647400379181 -0.42450618743896484 0.8164250254631042 -0.7921566367149353 0.5021046996116638 0.8420517444610596 0.19707848131656647 -0.6256412863731384 -0.7711329460144043 0.3327816128730774 0.5427799820899963 0.9020580649375916
1305031458.959617 0.3644142746925354 -0.4492058753967285 0.8157305121421814 -0.7895488739013672 0.5169841647148132 0.8261671662330627 0.22399874031543732 -0.6366890668869019 -0.7745510339736938 0.3400914967060089 0.5332993268966675 0.9142062664031982
1305031458.991647 0.3511354327201843 -0.4544932544231415 0.8186206817626953 -0.7743058800697327 0.5156920552253723 0.8236110210418701 0.23606525361537933 -0.6596972346305847 -0.7815149426460266 0.3392653167247772 0.5235775113105774 0.9313188791275024
1305031459.027665 0.3468416929244995 -0.44118162989616394 0.8276832699775696 -0.780870258808136 0.5188814401626587 0.8253781199455261 0.2225150465965271 -0.676855742931366 -0.7813212275505066 0.35229194164276123 0.5151965618133545 0.9515688419342041
1305031459.059631 0.3465728759765625 -0.4353105425834656 0.8308982849121094 -0.7797462940216064 0.5375529527664185 0.8180862665176392 0.2043815702199936 -0.685910165309906 -0.7687157988548279 0.37581866979599 0.5175290107727051 0.9744735956192017
1305031459.09165 0.35446107387542725 -0.43236884474754333 0.8291047215461731 -0.7864320278167725 0.5616472363471985 0.807356059551239 0.18091027438640594 -0.7099657654762268 -0.7476025819778442 0.4015386998653412 0.5290151834487915 0.9964421987533569
1305031459.127618 0.3871939778327942 -0.4194471836090088 0.8210633397102356 -0.7839406728744507 0.5762965679168701 0.8052307963371277 0.139591246843338 -0.7120394706726074 -0.719696581363678 0.41912704706192017 0.5535064935684204 1.0205789804458618
1305031459.159639 0.42313021421432495 -0.42398330569267273 0.8007490038871765 -0.7958576083183289 0.5977272391319275 0.7947962284088135 0.10498161613941193 -0.7350001335144043 -0.6809426546096802 0.43420854210853577 0.5897286534309387 1.020816683769226
1305031459.191674 0.4374881684780121 -0.4256556034088135 0.7920993566513062 -0.7972316741943359 0.6149422526359558 0.784314751625061 0.08183066546916962 -0.7382283806800842 -0.6560869812965393 0.4512953460216522 0.6048820614814758 1.0400196313858032
1305031459.227607 0.4400763213634491 -0.4393422603607178 0.7831418514251709 -0.8011022210121155 0.6361796855926514 0.7680434584617615 0.0733792707324028 -0.7480480670928955 -0.6337257623672485 0.4659264087677002 0.6174982786178589 1.0514764785766602
1305031459.25976 0.4412934184074402 -0.444303035736084 0.7796505093574524 -0.7987112402915955 0.6480132341384888 0.7587958574295044 0.06563372164964676 -0.734164834022522 -0.6207568645477295 0.47626012563705444 0.6227657198905945 1.0579745769500732
1305031459.29169 0.41071781516075134 -0.4575158655643463 0.7886635065078735 -0.7985163927078247 0.6656425595283508 0.7415789365768433 0.08355012536048889 -0.7324093580245972 -0.6230818629264832 0.4906524121761322 0.6091216802597046 1.0663800239562988
1305031459.327632 0.36566832661628723 -0.4644428789615631 0.8065851330757141 -0.7923409938812256 0.6836146116256714 0.7221209406852722 0.10588804632425308 -0.7241916060447693 -0.631631076335907 0.512673556804657 0.5815566778182983 1.0784895420074463
1305031459.359651 0.3068963289260864 -0.46706607937812805 0.8292551040649414 -0.7961180210113525 0.7049840092658997 0.6969037652015686 0.13161584734916687 -0.7256309390068054 -0.6393842697143555 0.5442191362380981 0.5431513786315918 1.08595609664917
1305031459.391667 0.2405368685722351 -0.45602190494537354 0.8568466901779175 -0.8188847899436951 0.7229875326156616 0.6731770038604736 0.1553116738796234 -0.6955367922782898 -0.6476349234580994 0.5821313261985779 0.49162209033966064 1.117608666419983
1305031459.427646 0.16522419452667236 -0.4848323464393616 0.8588589429855347 -0.7930774688720703 0.7441620230674744 0.63277667760849 0.21404807269573212 -0.6793354153633118 -0.6472432613372803 0.6037642359733582 0.4653438329696655 1.11879301071167
1305031459.459679 0.038187384605407715 -0.47320547699928284 0.880124032497406 -0.8096715211868286 0.7631902098655701 0.5823596119880676 0.2799963057041168 -0.6859467029571533 -0.6450445055961609 0.6610097289085388 0.3833845257759094 1.1523178815841675
1305031459.491555 -0.06643392145633698 -0.46081945300102234 0.885003924369812 -0.8260684609413147 0.7677464485168457 0.5429056882858276 0.34032151103019714 -0.7004684805870056 -0.6373004913330078 0.7020674347877502 0.31772512197494507 1.2046709060668945
1305031459.527594 -0.13615486025810242 -0.475168913602829 0.8692963719367981 -0.8298705816268921 0.7848407030105591 0.4837285578250885 0.3873392641544342 -0.6913225650787354 -0.604555070400238 0.7349973917007446 0.30706992745399475 1.2060811519622803
1305031459.559647 -0.1779562532901764 -0.49636581540107727 0.8496778607368469 -0.8351356983184814 0.7916660308837891 0.4406299889087677 0.4232139587402344 -0.7040741443634033 -0.5844626426696777 0.7479747533798218 0.31454306840896606 1.1845245361328125
1305031459.591695 -0.23050689697265625 -0.47590017318725586 0.8487553000450134 -0.8464015126228333 0.7995074987411499 0.4045669734477997 0.44397446513175964 -0.7097808122634888 -0.5546661615371704 0.7809253931045532 0.2872302532196045 1.2160604000091553
1305031459.627608 -0.25388002395629883 -0.480442613363266 0.8394758701324463 -0.8447614312171936 0.8012822270393372 0.3816479444503784 0.4607512652873993 -0.7195181846618652 -0.5417490601539612 0.7896325588226318 0.28807729482650757 1.2263145446777344
1305031459.659641 -0.25924673676490784 -0.47821399569511414 0.8391081094741821 -0.8473783731460571 0.7981400489807129 0.3831426799297333 0.4649454355239868 -0.7197277545928955 -0.5438418388366699 0.7902613282203674 0.2823531925678253 1.2317754030227661
1305031459.691604 -0.2904169261455536 -0.4715114235877991 0.8326674103736877 -0.8467267751693726 0.7823736667633057 0.3840150237083435 0.49033042788505554 -0.72650146484375 -0.5509533882141113 0.7938572764396667 0.2573736608028412 1.2594563961029053
1305031459.727551 -0.317008912563324 -0.48092231154441833 0.8174465894699097 -0.852379322052002 0.7676514983177185 0.3760513961315155 0.5189377665519714 -0.7572537660598755 -0.5569707155227661 0.7920221090316772 0.24996908009052277 1.2620559930801392
1305031459.759635 -0.3224031925201416 -0.47672420740127563 0.8177958726882935 -0.8524155616760254 0.7612490653991699 0.382919043302536 0.5233286023139954 -0.7724117040634155 -0.5626329779624939 0.7912692427635193 0.2394515722990036 1.2697362899780273
1305031459.79165 -0.31711089611053467 -0.4817640781402588 0.8169112205505371 -0.8568675518035889 0.759304404258728 0.38713082671165466 0.5230550169944763 -0.7896605134010315 -0.5682408809661865 0.7861506938934326 0.2430422008037567 1.2740535736083984
1305031459.827664 -0.31334927678108215 -0.48476454615592957 0.8165877461433411 -0.8580210208892822 0.7576847076416016 0.3907488286495209 0.522713303565979 -0.8024178743362427 -0.5724737644195557 0.7825078964233398 0.2448578178882599 1.2827149629592896
1305031459.85966 -0.31194838881492615 -0.4896337687969208 0.8142154812812805 -0.8632704019546509 0.7539913654327393 0.3938489258289337 0.5257186889648438 -0.8196863532066345 -0.5780876278877258 0.777908444404602 0.24631908535957336 1.299376368522644
1305031459.891596 -0.3107501268386841 -0.5017316341400146 0.8072792291641235 -0.8600627183914185 0.7588382959365845 0.3804851472377777 0.5285788774490356 -0.8359453678131104 -0.5723626017570496 0.7768502235412598 0.2624973654747009 1.30330491065979
1305031459.927607 -0.3179023861885071 -0.5003843903541565 0.8053281903266907 -0.8486782312393188 0.7573949694633484 0.3769245147705078 0.5331799983978271 -0.8522621393203735 -0.5703428983688354 0.7794505953788757 0.25916343927383423 1.3181748390197754
1305031459.95965 -0.33619967103004456 -0.5004587173461914 0.7978163361549377 -0.8327564001083374 0.7489944100379944 0.3714750409126282 0.5486471056938171 -0.8739783763885498 -0.57094407081604 0.7820149660110474 0.24995099008083344 1.3425079584121704
1305031459.991725 -0.33962053060531616 -0.5076908469200134 0.7917752265930176 -0.8269452452659607 0.7518788576126099 0.3592236340045929 0.5528438687324524 -0.8857547044754028 -0.5650981068611145 0.7830763459205627 0.2597223222255707 1.3466854095458984
1305031460.027565 -0.3445515036582947 -0.5095486044883728 0.7884443402290344 -0.8190253973007202 0.7551888823509216 0.3484586179256439 0.555217444896698 -0.8993825912475586 -0.5576503872871399 0.7867254018783569 0.26474350690841675 1.3491339683532715
1305031460.059659 -0.35064226388931274 -0.5095973610877991 0.7857230305671692 -0.8130685091018677 0.7545585036277771 0.34320807456970215 0.559329628944397 -0.9194262027740479 -0.5546993017196655 0.7889986038208008 0.2641777992248535 1.3564696311950684
1305031460.091717 -0.36219125986099243 -0.5066314339637756 0.7823951244354248 -0.8024044036865234 0.7526453733444214 0.33620038628578186 0.56612229347229 -0.9454158544540405 -0.5498569011688232 0.7939104437828064 0.2595449388027191 1.374650478363037
1305031460.12769 -0.35714778304100037 -0.5033731460571289 0.7868042588233948 -0.7944110631942749 0.7742320895195007 0.311673104763031 0.5508398413658142 -0.9543986916542053 -0.5225037336349487 0.8059002757072449 0.27841436862945557 1.370818853378296
1305031460.159678 -0.3546319603919983 -0.4955748915672302 0.7928693294525146 -0.786739706993103 0.7888970375061035 0.29657283425331116 0.538224995136261 -0.9651395082473755 -0.5018742680549622 0.8163639307022095 0.2857833504676819 1.377312183380127
1305031460.191559 -0.35218074917793274 -0.4968518912792206 0.7931626439094543 -0.7775068283081055 0.7984307408332825 0.28268495202064514 0.5315989851951599 -0.9675043821334839 -0.48834100365638733 0.8205043077468872 0.29714566469192505 1.3855035305023193
1305031460.227761 -0.35227248072624207 -0.49594491720199585 0.7936893105506897 -0.7588783502578735 0.8031072616577148 0.2752513885498047 0.5284462571144104 -0.9619899392127991 -0.4805442988872528 0.8235747218132019 0.30133357644081116 1.3864622116088867
1305031460.259667 -0.3646436929702759 -0.48954203724861145 0.7920754551887512 -0.7571176290512085 0.7980974316596985 0.27387741208076477 0.5366857051849365 -0.9767513275146484 -0.47966182231903076 0.8278524875640869 0.29083457589149475 1.3820977210998535
1305031460.291689 -0.3764675557613373 -0.4835220277309418 0.7902395725250244 -0.748758852481842 0.7887783050537109 0.28009477257728577 0.5471524000167847 -0.9810310006141663 -0.48590219020843506 0.8293088674545288 0.2759450674057007 1.3853602409362793
1305031460.327512 -0.39287883043289185 -0.474315881729126 0.7878264784812927 -0.7393442392349243 0.7799661755561829 0.2819511592388153 0.5587095618247986 -0.9896566867828369 -0.4871333837509155 0.8339831233024597 0.25917771458625793 1.3901711702346802
1305031460.35963 -0.4098728597164154 -0.4686880111694336 0.7825189232826233 -0.7324355244636536 0.7712209224700928 0.2800180912017822 0.5716714859008789 -0.9959905743598938 -0.4870550036430359 0.8378074765205383 0.24669018387794495 1.3930200338363647
1305031460.391611 -0.42925840616226196 -0.465227335691452 0.7741451859474182 -0.7220101356506348 0.7594648003578186 0.27797532081604004 0.5881692171096802 -0.9977556467056274 -0.4888256788253784 0.840412437915802 0.2340005487203598 1.3953763246536255
