1403636580.0635555 0.9999986886978149 -0.0015741233946755528 0.0004185454163234681 -0.0001752786192810163 0.0015710043953731656 0.9999717473983765 0.007350228726863861 0.005228816997259855 -0.0004301037988625467 -0.007349562831223011 0.9999728202819824 0.0017057344084605575
1403636580.1135554 0.999982476234436 -0.005891698412597179 -0.0004522766685113311 -0.0002940855920314789 0.00589683698490262 0.9999062418937683 0.012354726903140545 0.01085098646581173 0.00037944401265121996 -0.012357178144156933 0.9999235272407532 0.0035504698753356934
1403636580.1635556 0.999971330165863 -0.007492358796298504 -0.0011442173272371292 -0.0007099804352037609 0.007506338879466057 0.9998905658721924 0.01274578832089901 0.02238932065665722 0.0010485961101949215 -0.012754011899232864 0.9999181032180786 0.006799415219575167
1403636580.2135556 0.999971330165863 -0.00739326560869813 -0.0016192042967304587 -0.0008754239534027874 0.00742275919765234 0.9997912049293518 0.019036101177334785 0.024650610983371735 0.001478126971051097 -0.019047575071454048 0.999817430973053 0.0075908806174993515
1403636580.2635555 0.9999706149101257 -0.007186789996922016 -0.00266820820979774 -0.0008657868020236492 0.007251226343214512 0.9996615052223206 0.024981535971164703 0.026859324425458908 0.002487767953425646 -0.025000151246786118 0.99968421459198 0.00823917705565691
1403636580.3135555 0.9999923706054688 -0.002923802938312292 -0.0026382424402981997 -0.0010286860633641481 0.0030076648108661175 0.9994714856147766 0.03236302360892296 0.03231403976678848 0.0025422251783311367 -0.032370708882808685 0.9994725584983826 0.009558014571666718
1403636580.3635557 0.9999909996986389 -0.0009291550959460437 -0.004143727943301201 -0.0011089524487033486 0.0011158300330862403 0.9989737868309021 0.04527757316827774 0.03211405873298645 0.004097405821084976 -0.045281797647476196 0.9989657402038574 0.009315461851656437
1403636580.4135554 0.9999889135360718 0.002356911776587367 -0.0040873452089726925 -0.001241373596712947 -0.002105098683387041 0.9981626272201538 0.06055448204278946 0.035344891250133514 0.004222556948661804 -0.06054519861936569 0.9981564879417419 0.009875725954771042
1403636580.4635556 0.9999813437461853 0.004047933034598827 -0.004586576949805021 -0.001532310270704329 -0.0036793246399611235 0.9969695210456848 0.07770694047212601 0.038688547909259796 0.004887229762971401 -0.07768861949443817 0.9969657063484192 0.010333558544516563
1403636580.5135555 0.9999787211418152 0.004538147710263729 -0.004660911858081818 -0.0017591343494132161 -0.00407714257016778 0.9955110549926758 0.0945565328001976 0.03994864225387573 0.005069100763648748 -0.09453551471233368 0.9955085515975952 0.010476510971784592
1403636580.5635555 0.9999709129333496 0.001846011495217681 -0.007386108860373497 -0.0019176480127498507 -0.0010402199113741517 0.9941886067390442 0.10764707624912262 0.03963157534599304 0.0075419023633003235 -0.10763627290725708 0.9941617250442505 0.010175459086894989
1403636580.6135554 0.9999409914016724 0.001549644861370325 -0.010747816413640976 -0.002080249600112438 -0.000323027721606195 0.9935718774795532 0.11320192366838455 0.03685581311583519 0.010854151099920273 -0.11319178342819214 0.9935138821601868 0.008941040374338627
1403636580.6635556 0.99993497133255 0.0003395803505554795 -0.01139751635491848 -0.00225340505130589 0.0009323679842054844 0.9937743544578552 0.11140776425600052 0.03185180202126503 0.011364391073584557 -0.11141114681959152 0.99370938539505 0.0074772886000573635
1403636580.7135556 0.9999538660049438 0.004783086013048887 -0.008351800963282585 -0.0022592018358409405 -0.0038925393018871546 0.994614839553833 0.10356677323579788 0.02705477923154831 0.008802195079624653 -0.10352949053049088 0.9945874810218811 0.0063143386505544186
1403636580.7635555 0.999946117401123 0.009846330620348454 -0.0033113574609160423 -0.002337638521566987 -0.00949330348521471 0.9955663084983826 0.09358173608779907 0.018845723941922188 0.004218114074319601 -0.09354526549577713 0.9956061840057373 0.004192832857370377
1403636580.8135555 0.9998292326927185 0.017878621816635132 0.004666133318096399 -0.0030300284270197153 -0.018187010660767555 0.9968169927597046 0.07762197405099869 0.017638886347413063 -0.0032635079696774483 -0.07769360393285751 0.996971845626831 0.0036203498020768166
1403636580.8635557 0.9996213912963867 0.023364568129181862 0.01451834011822939 -0.0029097963124513626 -0.02423686347901821 0.997710645198822 0.06313501298427582 0.007414866704493761 -0.013009980320930481 -0.06346301734447479 0.9978992938995361 0.0013100947253406048
1403636580.9135554 0.9992460608482361 0.02956218272447586 0.025164060294628143 -0.002701783087104559 -0.03074958734214306 0.9983649849891663 0.048186302185058594 -0.0019084331579506397 -0.02369842305779457 -0.048923760652542114 0.9985213875770569 -0.0008949473267421126
1403636580.9635556 0.999018669128418 0.03317408636212349 0.02934182807803154 -0.003052075859159231 -0.03416343033313751 0.9988417625427246 0.03388535603880882 -0.012369000352919102 -0.028183724731206894 -0.03485451638698578 0.9989950060844421 -0.003435289952903986
1403636581.0135555 0.9989134669303894 0.03584397956728935 0.029785342514514923 -0.0033441996201872826 -0.03645450249314308 0.9991307258605957 0.020213333889842033 -0.01978490687906742 -0.029034927487373352 -0.021277181804180145 0.9993517994880676 -0.005685523618012667
1403636581.0635555 0.9990447163581848 0.03382667526602745 0.027668576687574387 -0.0037446212954819202 -0.0340573750436306 0.9993885159492493 0.007909698411822319 -0.028958875685930252 -0.027384094893932343 -0.008844465017318726 0.9995858073234558 -0.008048152551054955
1403636581.1135554 0.9990301728248596 0.03327680751681328 0.02883037179708481 -0.003789068665355444 -0.03310897573828697 0.9994320273399353 -0.006279515102505684 -0.032826293259859085 -0.029022958129644394 0.00531888147816062 0.9995645880699158 -0.009256096556782722
1403636581.1635556 0.9991920590400696 0.02731694094836712 0.029477771371603012 -0.0038491515442728996 -0.02669648453593254 0.9994179010391235 -0.021240253001451492 -0.0406448058784008 -0.030040830373764038 0.020436139777302742 0.999339759349823 -0.01117207296192646
1403636581.2135556 0.9992712736129761 0.02365630306303501 0.0299547016620636 -0.0036793414037674665 -0.02252068743109703 0.9990352988243103 -0.0376971960067749 -0.045651793479919434 -0.030817588791251183 0.03699512779712677 0.9988401532173157 -0.012274160981178284
1403636581.2635555 0.9993613362312317 0.018729498609900475 0.030430857092142105 -0.0038974739145487547 -0.017033973708748817 0.9983384013175964 -0.05505189672112465 -0.05085073038935661 -0.03141137957572937 0.05449838936328888 0.998019814491272 -0.013909476809203625
1403636581.3135555 0.9993842244148254 0.019769007340073586 0.028986606746912003 -0.003117959713563323 -0.017704134806990623 0.9974012970924377 -0.06983906775712967 -0.054697006940841675 -0.030291924253106117 0.0692828893661499 0.9971371293067932 -0.015107562765479088
1403636581.3635557 0.9993336200714111 0.02037154510617256 0.03028719685971737 -0.0029717774596065283 -0.017824014648795128 0.9964625835418701 -0.08212549239397049 -0.051005635410547256 -0.0318530797958374 0.08153091371059418 0.9961615800857544 -0.014583507552742958
1403636581.4135554 0.9991021752357483 0.025432294234633446 0.03388439863920212 -0.00246846629306674 -0.02248573862016201 0.9961553812026978 -0.08466927707195282 -0.050971150398254395 -0.03590745851397514 0.08383132517337799 0.9958327412605286 -0.014957629144191742
1403636581.4635556 0.9988191723823547 0.031485892832279205 0.03699956089258194 -0.0024107545614242554 -0.028444351628422737 0.9963859915733337 -0.08003722876310349 -0.04889417439699173 -0.03938589245080948 0.07889027148485184 0.9961050152778625 -0.014776518568396568
1403636581.5135555 0.9985072612762451 0.03738855943083763 0.039815887808799744 -0.0022492173593491316 -0.03453277796506882 0.9969388842582703 -0.07014498859643936 -0.04462733119726181 -0.04231664165854454 0.06866533309221268 0.9967418313026428 -0.01415470615029335
1403636581.5635555 0.9985122680664062 0.03529292345046997 0.04156505689024925 -0.0020579874981194735 -0.03285551443696022 0.9977797269821167 -0.0579315721988678 -0.039416879415512085 -0.043517351150512695 0.056479740887880325 0.9974549412727356 -0.012075386941432953
1403636581.6135554 0.9986896514892578 0.032317183911800385 0.03968022018671036 -0.001548200030811131 -0.03051251731812954 0.9985085725784302 -0.04527311772108078 -0.032923415303230286 -0.04108414053916931 0.04400305449962616 0.9981862902641296 -0.010137967765331268
1403636581.6635556 0.9988692402839661 0.02773415669798851 0.038615766912698746 -0.0012688913848251104 -0.026366688311100006 0.9990224242210388 -0.03548230975866318 -0.02565278299152851 -0.03956209495663643 0.03442401811480522 0.9986239671707153 -0.007642925716936588
1403636581.7135556 0.9988566637039185 0.03015488013625145 0.037093665450811386 -0.0006815427914261818 -0.02918875589966774 0.9992274641990662 -0.026317037642002106 -0.024287940934300423 -0.03785860165953636 0.025204233825206757 0.9989652037620544 -0.007148310076445341
1403636581.7635555 0.9990415573120117 0.027075791731476784 0.03439578413963318 -0.00026498251827433705 -0.02627141959965229 0.9993756413459778 -0.02362634614109993 -0.016543705016374588 -0.035014014691114426 0.022700075060129166 0.9991289973258972 -0.004449683241546154
1403636581.8135555 0.9992630481719971 0.026084130629897118 0.02816387638449669 -2.0055922504980117e-05 -0.025528643280267715 0.9994758367538452 -0.019906042143702507 -0.011256500147283077 -0.028668345883488655 0.019172385334968567 0.9994051456451416 -0.003161852713674307
1403636581.8635557 0.9993321299552917 0.025528041645884514 0.02614637091755867 0.0001438198087271303 -0.025109726935625076 0.999553382396698 -0.016204284504055977 -0.0023370496928691864 -0.0265483595430851 0.015536935068666935 0.9995267391204834 -0.0007311783265322447
1403636581.9135554 0.9995185136795044 0.021062301471829414 0.02278004214167595 0.00020593279623426497 -0.020907515659928322 0.9997568130493164 -0.007011616602540016 0.005462578497827053 -0.022922184318304062 0.006531965918838978 0.9997158646583557 0.0013670502230525017
1403636581.9635556 0.9994521141052246 0.019022701308131218 0.02708670310676098 0.0002625787165015936 -0.019194552674889565 0.9997972249984741 0.006098659709095955 0.012886999174952507 -0.026965197175741196 -0.006615232676267624 0.9996144771575928 0.003435244783759117
1403636582.0135555 0.999398410320282 0.015504797920584679 0.031023310497403145 0.0003323783748783171 -0.01619361899793148 0.999625027179718 0.022076457738876343 0.019030950963497162 -0.030669383704662323 -0.022565556690096855 0.9992747902870178 0.005144165828824043
1403636582.0635555 0.9992852210998535 0.01621827855706215 0.03414643555879593 0.0003170739801134914 -0.01754630170762539 0.9990867972373962 0.0389583520591259 0.02535073831677437 -0.033483415842056274 -0.03952965512871742 0.9986571073532104 0.006986445281654596
1403636582.1135554 0.9992743134498596 0.01744651608169079 0.03386183828115463 0.00012385231093503535 -0.019327126443386078 0.998242199420929 0.056029342114925385 0.030207699164748192 -0.032824791967868805 -0.05664312466979027 0.9978546500205994 0.007966463454067707
1403636582.1635556 0.9993853569030762 0.016772883012890816 0.03078518621623516 -0.00029388105031102896 -0.018910296261310577 0.9973321557044983 0.07050608098506927 0.03388801962137222 -0.029520461335778236 -0.07104489207267761 0.9970360994338989 0.008646748028695583
1403636582.2135556 0.9994551539421082 0.018066613003611565 0.027625512331724167 -0.0006581277120858431 -0.02026674896478653 0.996462881565094 0.08155522495508194 0.03588839992880821 -0.026054363697767258 -0.08207065612077713 0.9962857365608215 0.0088771041482687
1403636582.2635555 0.9995258450508118 0.0178904440253973 0.02506660297513008 -0.0006272385944612324 -0.020107395946979523 0.9956313371658325 0.09117991477251053 0.031122490763664246 -0.023325851187109947 -0.09164071828126907 0.9955189228057861 0.007691649720072746
1403636582.3135555 0.9995934367179871 0.01829284057021141 0.021873991936445236 -0.0009208591654896736 -0.020262427628040314 0.9954128861427307 0.09350181370973587 0.02883847989141941 -0.020063238218426704 -0.09390702843666077 0.995378851890564 0.007219716906547546
1403636582.3635557 0.9996512532234192 0.016854099929332733 0.02033260278403759 -0.001831041881814599 -0.018554812297225 0.996071994304657 0.08658254891633987 0.029146412387490273 -0.018793463706970215 -0.08692960441112518 0.9960370659828186 0.006988726556301117
1403636582.4135554 0.9996469020843506 0.017444733530282974 0.020043369382619858 -0.002368951216340065 -0.01888812705874443 0.9970617294311523 0.07423829287290573 0.02342572994530201 -0.018689405173063278 -0.07459065318107605 0.9970390200614929 0.005397635046392679
1403636582.4635556 0.9996872544288635 0.015639279037714005 0.01951989158987999 -0.002653420204296708 -0.016762301325798035 0.9981313347816467 0.05876042693853378 0.017104435712099075 -0.01856444589793682 -0.05906924977898598 0.9980812668800354 0.00347358756698668
1403636582.5135555 0.9995697140693665 0.01934126205742359 0.022060200572013855 -0.0028419068548828363 -0.020339790731668472 0.9987354874610901 0.04597543179988861 0.009879889898002148 -0.021143082529306412 -0.04640434682369232 0.998698890209198 0.0016225166618824005
1403636582.5635555 0.999468207359314 0.02006441354751587 0.02570790797472 -0.0030549971852451563 -0.020991837605834007 0.9991194009780884 0.03632824122905731 0.00231316895224154 -0.024956364184617996 -0.03684857115149498 0.9990091323852539 -0.0004876370367128402
1403636582.6135554 0.9992231726646423 0.02407597191631794 0.031200284138321877 -0.0030103488825261593 -0.025032613426446915 0.9992169141769409 0.030642252415418625 -0.0053985342383384705 -0.030438106507062912 -0.031399477273225784 0.999043345451355 -0.002643793588504195
1403636582.6635556 0.9990215301513672 0.02463691681623459 0.03672804310917854 -0.003137925174087286 -0.025586167350411415 0.9993447065353394 0.025603322312235832 -0.01223856769502163 -0.03607318550348282 -0.026518000289797783 0.9989972710609436 -0.004708859138190746
1403636582.7135556 0.9989510178565979 0.023498881608247757 0.03930285945534706 -0.0030388515442609787 -0.024343451485037804 0.9994798898696899 0.021150095388293266 -0.01965613290667534 -0.0387854129076004 -0.022084668278694153 0.9990034699440002 -0.006979536730796099
1403636582.7635555 0.9988588094711304 0.020045125856995583 0.04334999993443489 -0.002758074551820755 -0.020708080381155014 0.9996744990348816 0.014898511581122875 -0.02755984105169773 -0.04303725063800812 -0.015779204666614532 0.9989488124847412 -0.009199332445859909
1403636582.8135555 0.9986147880554199 0.015579074621200562 0.050257448107004166 -0.0025433460250496864 -0.01589452475309372 0.9998563528060913 0.0058831097558140755 -0.03417319059371948 -0.050158578902482986 -0.006673778872936964 0.9987189173698425 -0.010691972449421883
1403636582.8635557 0.998202383518219 0.010666565038263798 0.05897567421197891 -0.0019895704463124275 -0.010284670628607273 0.9999241232872009 -0.006775201298296452 -0.04206373915076256 -0.05904346704483032 0.006156476680189371 0.9982364773750305 -0.01290022861212492
1403636582.9135554 0.9978337287902832 0.006175937131047249 0.06549441069364548 -0.0017341317143291235 -0.004699473734945059 0.9997318387031555 -0.022673504427075386 -0.048447832465171814 -0.06561686843633652 0.022316593676805496 0.9975952506065369 -0.014742085710167885
1403636582.9635556 0.9976192116737366 0.0060476986691355705 0.06869631260633469 -0.0011698935413733125 -0.0033600458409637213 0.9992267489433289 -0.039172083139419556 -0.05461832135915756 -0.06888008117675781 0.03884799778461456 0.9968683123588562 -0.01621263660490513
1403636583.0135555 0.9973997473716736 0.005281263962388039 0.07187384366989136 -0.00048808433348312974 -0.0010367782087996602 0.9982595443725586 -0.05896427109837532 -0.05237214267253876 -0.07206017524003983 0.05873643234372139 0.9956693053245544 -0.016224471852183342
1403636583.0635555 0.9973751902580261 0.008264546282589436 0.07193366438150406 -0.00020827696425840259 -0.003252779832109809 0.9975758194923401 -0.0695122554898262 -0.05523088574409485 -0.07233376801013947 0.06909580528736115 0.9949842095375061 -0.016930386424064636
1403636583.1135554 0.9972214698791504 0.010316486470401287 0.07377474009990692 -0.0001355414278805256 -0.004831057041883469 0.9972354173660278 -0.07414907962083817 -0.05638982355594635 -0.0743357464671135 0.07358666509389877 0.994514524936676 -0.0174676775932312
1403636583.1635556 0.9968791007995605 0.01505134254693985 0.07749418169260025 0.00031448144000023603 -0.00925932452082634 0.9971731305122375 -0.07456515729427338 -0.055635761469602585 -0.07839742302894592 0.0736149325966835 0.9942005276679993 -0.017425231635570526
1403636583.2135556 0.9967471361160278 0.018359355628490448 0.07847066968679428 0.00045207608491182327 -0.012669372372329235 0.9972949624061584 -0.07240322977304459 -0.05328032001852989 -0.0795876756310463 0.07117355614900589 0.9942837357521057 -0.016652604565024376
1403636583.2635555 0.9968352317810059 0.020055849105119705 0.07692161947488785 0.0006746382568962872 -0.014773713424801826 0.9975324869155884 -0.06863351911306381 -0.04949785768985748 -0.07810831069946289 0.06727990508079529 0.9946720600128174 -0.015475057996809483
1403636583.3135555 0.9969658255577087 0.019963150843977928 0.07523781806230545 0.0006805268349125981 -0.015084750019013882 0.9977803230285645 -0.06485916674137115 -0.04446832090616226 -0.07636561989784241 0.0635274276137352 0.9950540661811829 -0.013720951974391937
1403636583.3635557 0.9970690011978149 0.0209845919162035 0.07357286661863327 0.0010560523951426148 -0.016527444124221802 0.9980207085609436 -0.06067532300949097 -0.03846752271056175 -0.0747004896402359 0.05928151309490204 0.9954423904418945 -0.011663587763905525
1403636583.4135554 0.9974339008331299 0.01903868280351162 0.06901472061872482 0.0015385969309136271 -0.015147177502512932 0.9982889294624329 -0.056477803736925125 -0.03169684484601021 -0.06997189670801163 0.055287498980760574 0.996015727519989 -0.009013158269226551
1403636583.4635556 0.9976325035095215 0.02336580492556095 0.06467711180448532 0.0016355441184714437 -0.02032002992928028 0.9986714124679565 -0.04735583811998367 -0.030824346467852592 -0.06569767743349075 0.04592948406934738 0.9967819452285767 -0.008553294464945793
1403636583.5135555 0.9978023171424866 0.02474173903465271 0.06146716699004173 0.002079667756333947 -0.02221575193107128 0.9988937973976135 -0.04144388809800148 -0.023246653378009796 -0.06242455542087555 0.03998727351427078 0.9972483515739441 -0.0061683934181928635
1403636583.5635555 0.9977551698684692 0.027998829260468483 0.06083342060446739 0.0025687303859740496 -0.025999080389738083 0.9991032481193542 -0.033419158309698105 -0.015338925644755363 -0.06171456351876259 0.03176252543926239 0.9975882172584534 -0.0035253942478448153
1403636583.6135554 0.9973965287208557 0.03040548600256443 0.06538625806570053 0.0030836756341159344 -0.02898687683045864 0.9993257522583008 -0.022536369040608406 -0.007314507383853197 -0.06602739542722702 0.02058235928416252 0.997605562210083 -0.0008801984367892146
1403636583.6635556 0.9978620409965515 0.02653633989393711 0.05972601845860481 0.0032207919284701347 -0.026216119527816772 0.9996374249458313 -0.0061388821341097355 0.0004312843084335327 -0.059867262840270996 0.004559973254799843 0.9981959462165833 0.001585125457495451
1403636583.7135556 0.9982554316520691 0.01829003356397152 0.056138504296541214 0.003274259390309453 -0.01914396695792675 0.9997084736824036 0.01471127662807703 0.007971200160682201 -0.055853068828582764 -0.015760326758027077 0.998314619064331 0.0037875992711633444
1403636583.7635555 0.9986253976821899 0.009186936542391777 0.051605165004730225 0.0034351658541709185 -0.01115826703608036 0.9992138147354126 0.038043003529310226 0.0137666966766119 -0.051215093582868576 -0.038566529750823975 0.9979427456855774 0.005302754696458578
1403636583.8135555 0.998695969581604 0.0044137854129076 0.05086282268166542 0.0033819570671766996 -0.007380663882941008 0.9982724785804749 0.058291688561439514 0.01998870261013508 -0.05051765590906143 -0.05859106779098511 0.9970030188560486 0.007069027051329613
1403636583.8635557 0.9987016320228577 0.002957097254693508 0.05085671320557594 0.0034092452842742205 -0.006687885615974665 0.9972841739654541 0.07334598153829575 0.025572124868631363 -0.05050170421600342 -0.07359085977077484 0.9960090517997742 0.008322374895215034
1403636583.9135554 0.9985830187797546 0.00886373408138752 0.05247555300593376 0.003524462226778269 -0.013240473344922066 0.9964069724082947 0.08365465700626373 0.030432233586907387 -0.051545508205890656 -0.08423090726137161 0.9951121211051941 0.009388664737343788
1403636583.9635556 0.9986478686332703 0.01537044532597065 0.04966014623641968 0.0032341917976737022 -0.019874971359968185 0.9956042766571045 0.09152651578187943 0.0313476137816906 -0.04803504794836044 -0.09238976985216141 0.9945635199546814 0.0095560597255826
1403636584.0135555 0.9988230466842651 0.019271785393357277 0.04450725391507149 0.0029510704334825277 -0.02340182289481163 0.995276153087616 0.09422137588262558 0.03389103338122368 -0.0424811914563179 -0.09515205025672913 0.9945558309555054 0.009757478721439838
1403636584.0635555 0.9990839958190918 0.02171558327972889 0.03687356412410736 0.002665749052539468 -0.025099720805883408 0.995261013507843 0.09394413232803345 0.035088684409856796 -0.0346587635576725 -0.09478358179330826 0.9948943257331848 0.00960763543844223
1403636584.1135554 0.9993119239807129 0.020334601402282715 0.03101825714111328 0.002328365808352828 -0.023172196000814438 0.9952977895736694 0.09405001997947693 0.03408581018447876 -0.028959935531020164 -0.09470406919717789 0.9950841665267944 0.009294141083955765
1403636584.1635556 0.9993873834609985 0.02184031531214714 0.02734307013452053 0.001984605798497796 -0.024333616718649864 0.9952322840690613 0.09444885700941086 0.03186313807964325 -0.025149915367364883 -0.09505636245012283 0.9951541423797607 0.008600660599768162
1403636584.2135556 0.9993934631347656 0.023317787796258926 0.025860322639346123 0.0018019152339547873 -0.025663569569587708 0.9952001571655273 0.09443577378988266 0.027891559526324272 -0.02353416383266449 -0.0950421616435051 0.9951950311660767 0.007626284379512072
1403636584.2635555 0.9993836879730225 0.023977724835276604 0.025637954473495483 0.0014447984285652637 -0.026232752948999405 0.9954521656036377 0.09157928079366684 0.02330944687128067 -0.023325493559241295 -0.09219539165496826 0.9954676032066345 0.006350935436785221
1403636584.3135555 0.9993886947631836 0.02398848533630371 0.025432344526052475 0.0016247146995738149 -0.026078250259160995 0.9960136413574219 0.08530297875404358 0.02063051238656044 -0.02328467182815075 -0.08591406792402267 0.9960303902626038 0.005535888485610485
1403636584.3635557 0.9992407560348511 0.02710183896124363 0.027988089248538017 0.001534822629764676 -0.029320083558559418 0.9961884021759033 0.082152359187603 0.013854766264557838 -0.025654930621385574 -0.08291061967611313 0.9962266683578491 0.0040516844019293785
1403636584.4135554 0.998790979385376 0.033765215426683426 0.03572754189372063 0.0016332714585587382 -0.0364823043346405 0.996258020401001 0.07835233211517334 0.006300888955593109 -0.03294826298952103 -0.07956103980541229 0.9962853193283081 0.0024219427723437548
1403636584.4635556 0.9983307123184204 0.03896916285157204 0.042628366500139236 0.0016773254610598087 -0.04196684807538986 0.9965322613716125 0.07184800505638123 -0.0017054317286238074 -0.03968068212270737 -0.07351704686880112 0.9965041279792786 0.0006838511326350272
1403636584.5135555 0.9981057643890381 0.04052421450614929 0.046288419514894485 0.0015783931594341993 -0.043353281915187836 0.9971438050270081 0.061844632029533386 -0.009321946650743484 -0.04365000128746033 -0.0637342557311058 0.9970118403434753 -0.0009084962075576186
1403636584.5635555 0.9979771375656128 0.03958708792924881 0.04974311590194702 0.001456418540328741 -0.04201885685324669 0.9979228377342224 0.048830851912498474 -0.01793127879500389 -0.047706712037324905 -0.05082222819328308 0.9975675940513611 -0.0028452996630221605
1403636584.6135554 0.9977683424949646 0.03795941546559334 0.054931651800870895 0.0012810330372303724 -0.03974553942680359 0.9987038373947144 0.03179618716239929 -0.026599470525979996 -0.05365348234772682 -0.03390851616859436 0.9979837536811829 -0.004795471206307411
1403636584.6635556 0.9973835349082947 0.03653152287006378 0.062382448464632034 0.0009778193198144436 -0.0373060405254364 0.999239981174469 0.01129602175205946 -0.0346832349896431 -0.061922382563352585 -0.013593707233667374 0.9979884028434753 -0.0065845344215631485
1403636584.7135556 0.9970943927764893 0.03481450304389 0.06775689125061035 0.001093570375815034 -0.03404683619737625 0.999342679977417 -0.012452150695025921 -0.03913560137152672 -0.06814586371183395 0.010109062306582928 0.9976241588592529 -0.008105190470814705
1403636584.7635555 0.996588945388794 0.03380967676639557 0.07528200000524521 0.0009070417727343738 -0.03145371749997139 0.9989843368530273 -0.032264068722724915 -0.046128615736961365 -0.0762963742017746 0.029786117374897003 0.9966402649879456 -0.010081678628921509
1403636584.8135555 0.9963036179542542 0.0349678099155426 0.07846257090568542 0.0012272493913769722 -0.031180502846837044 0.9983125925064087 -0.04898584634065628 -0.04917517676949501 -0.08004309982061386 0.046358272433280945 0.9957128167152405 -0.011120199225842953
1403636584.8635557 0.9963269829750061 0.03046501614153385 0.08002776652574539 0.0011440882226452231 -0.025507107377052307 0.9977339506149292 -0.062260426580905914 -0.054230947047472 -0.08174318075180054 0.05999046191573143 0.9948463439941406 -0.012780856341123581
1403636584.9135554 0.9964460730552673 0.02789105661213398 0.07948052883148193 0.00039872946217656136 -0.022234277799725533 0.9972150325775146 -0.07118874043226242 -0.05857614427804947 -0.08124470710754395 0.0691685602068901 0.9942912459373474 -0.014714029617607594
1403636584.9635556 0.9964519143104553 0.021618638187646866 0.0813383162021637 0.0002758018672466278 -0.01549399085342884 0.9970487952232361 -0.07518989592790604 -0.06130695715546608 -0.08272378891706467 0.07366286218166351 0.9938463568687439 -0.015839075669646263
1403636585.0135555 0.9962015748023987 0.019097937270998955 0.08495527505874634 1.7474638298153877e-05 -0.012674347497522831 0.9970638751983643 -0.07551801204681396 -0.060782719403505325 -0.08614808320999146 0.07415442168712616 0.9935187101364136 -0.016083575785160065
1403636585.0635555 0.9959540367126465 0.016791794449090958 0.08828014135360718 0.00013872783165425062 -0.010436352342367172 0.9973524212837219 -0.07196645438671112 -0.06026240810751915 -0.08925488591194153 0.07075395435094833 0.9934924840927124 -0.0156736858189106
1403636585.1135554 0.9959514737129211 0.01522676832973957 0.08859267085790634 0.0002847546711564064 -0.009224935434758663 0.9976587295532227 -0.0677654966711998 -0.05805589631199837 -0.08941709995269775 0.0666738823056221 0.9937600493431091 -0.014536309987306595
1403636585.1635556 0.995517909526825 0.014296983368694782 0.09348571300506592 0.00047524942783638835 -0.008468646556138992 0.9980123043060303 -0.0624467171728611 -0.05424552038311958 -0.09419271349906921 0.06137511879205704 0.9936603307723999 -0.013016385957598686
1403636585.2135556 0.9949623942375183 0.014785535633563995 0.09915167838335037 0.0008855330524966121 -0.00929322000592947 0.998408317565918 -0.05562787130475044 -0.05121805518865585 -0.09981635212898254 0.05442620441317558 0.993516206741333 -0.011309230700135231
1403636585.2635555 0.994193971157074 0.021052666008472443 0.10552371293306351 0.0014607177581638098 -0.01590356044471264 0.9986523389816284 -0.0494019016623497 -0.045927807688713074 -0.10642153024673462 0.04743687063455582 0.9931889176368713 -0.009159784764051437
1403636585.3135555 0.9935663342475891 0.026402892544865608 0.11013053357601166 0.0021306027192622423 -0.02162315882742405 0.9987810254096985 -0.044371578842401505 -0.04031151533126831 -0.11116781830787659 0.04170474037528038 0.9929262399673462 -0.0070044975727796555
1403636585.3635557 0.9930210709571838 0.03487345948815346 0.11266341805458069 0.002881548833101988 -0.030630232766270638 0.9987627267837524 -0.03917727246880531 -0.034106358885765076 -0.11389026045799255 0.0354529470205307 0.9928606748580933 -0.004787979647517204
1403636585.4135554 0.9927629232406616 0.039126552641391754 0.1135370284318924 0.003142238361760974 -0.035973384976387024 0.9989115595817566 -0.029690109193325043 -0.034292109310626984 -0.11457513272762299 0.02539093606173992 0.9930899739265442 -0.004243054892867804
1403636585.4635556 0.9933523535728455 0.0420888252556324 0.10714267939329147 0.0037822318263351917 -0.04008675366640091 0.9989802241325378 -0.02077256143093109 -0.02829139493405819 -0.10790770500898361 0.016339469701051712 0.9940266609191895 -0.00241889338940382
1403636585.5135555 0.9937776327133179 0.04476252943277359 0.10199148207902908 0.004058442078530788 -0.04393632709980011 0.9989809393882751 -0.010333896614611149 -0.022255534306168556 -0.1023501306772232 0.005788465496152639 0.9947314858436584 -0.0006928469520062208
1403636585.5635555 0.9948630332946777 0.04583500698208809 0.09025738388299942 0.004371884744614363 -0.04613080993294716 0.9989346861839294 0.0011928090825676918 -0.01667073927819729 -0.0901065468788147 -0.005350327119231224 0.9959177374839783 9.145544026978314e-05
1403636585.6135554 0.9959772825241089 0.045177798718214035 0.07738238573074341 0.004509829916059971 -0.04635150730609894 0.9988348484039307 0.013438457623124123 -0.011536654084920883 -0.0766851156949997 -0.01697118766605854 0.9969108700752258 0.00042857369408011436
1403636585.6635556 0.9970793128013611 0.04066126421093941 0.06464887410402298 0.004581507295370102 -0.04250046983361244 0.998722493648529 0.027332719415426254 -0.007327540311962366 -0.06345488876104355 -0.03000050038099289 0.9975336790084839 0.0002876564103644341
1403636585.7135556 0.9980022311210632 0.035532329231500626 0.05224083364009857 0.004544790834188461 -0.03775449097156525 0.9983962774276733 0.042184069752693176 -0.0038340401370078325 -0.05065815895795822 -0.04407211393117905 0.9977432489395142 -7.957531488500535e-05
1403636585.7635555 0.9985936880111694 0.029630903154611588 0.04396264627575874 0.004508484620600939 -0.032161541283130646 0.9977972507476807 0.058019205927848816 -0.0013990596635267138 -0.04214664548635483 -0.059351518750190735 0.9973469972610474 -0.0009231014992110431
1403636585.8135555 0.9991703033447266 0.02104249969124794 0.03487132489681244 0.004373820498585701 -0.023612260818481445 0.9969038963317871 0.07499893754720688 -0.0003170564887113869 -0.0331851951777935 -0.075760118663311 0.9965736269950867 -0.0019345724722370505
1403636585.8635557 0.9995127320289612 0.014470726251602173 0.02766227349638939 0.004245649557560682 -0.017004435881972313 0.9954579472541809 0.09367060661315918 0.0007109383586794138 -0.02618115395307541 -0.09409534931182861 0.9952188730239868 -0.0030407037120312452
1403636585.9135554 0.9997209906578064 0.008109496906399727 0.022183857858181 0.004192471504211426 -0.010552247054874897 0.9936165809631348 0.1123146042227745 0.0013329691719263792 -0.021131429821252823 -0.1125173568725586 0.9934249520301819 -0.004097093362361193
1403636585.9635556 0.9997425079345703 0.0031692234333604574 0.022475525736808777 0.004033442586660385 -0.0061445944011211395 0.9910193681716919 0.13357867300510406 0.001640171860344708 -0.021850336343050003 -0.13368235528469086 0.9907833337783813 -0.0050173657946288586
1403636586.0135555 0.999582052230835 -0.0018278486095368862 0.02885374054312706 0.003975070547312498 -0.002737588481977582 0.9875316619873047 0.15739740431308746 0.001762170111760497 -0.028781676664948463 -0.15741057693958282 0.9871137738227844 -0.005791613832116127
1403636586.0635555 0.9990865588188171 -0.004326670430600643 0.042513661086559296 0.003997408784925938 -0.003483350155875087 0.983305037021637 0.18193230032920837 0.0017343773506581783 -0.042591046541929245 -0.18191418051719666 0.9823916554450989 -0.006499842740595341
1403636586.1135554 0.9984505772590637 -0.009536725468933582 0.054821331053972244 0.00378983560949564 -0.0018309535225853324 0.97903972864151 0.20366069674491882 0.0014774207957088947 -0.05561451613903046 -0.20344558358192444 0.9775055646896362 -0.007071511819958687
1403636586.1635556 0.9977887868881226 -0.015633931383490562 0.06459978222846985 0.0033539438154548407 0.000897175632417202 0.9750213027000427 0.22210951149463654 0.0011636285344138741 -0.06645859777927399 -0.22156046330928802 0.9728794097900391 -0.007743682246655226
1403636586.2135556 0.9974018931388855 -0.02119867503643036 0.06884804368019104 0.0027249690610915422 0.0041151512414216995 0.9709276556968689 0.2393374741077423 0.0008830719161778688 -0.07192011922597885 -0.23843234777450562 0.9684925079345703 -0.008603103458881378
1403636586.2635555 0.9972449541091919 -0.0245676152408123 0.06999173760414124 0.002228465862572193 0.005673617124557495 0.9660598635673523 0.2582562267780304 0.0006765061989426613 -0.07396093755960464 -0.25714758038520813 0.9635377526283264 -0.009737847372889519
1403636586.3135555 0.997019350528717 -0.03120196983218193 0.07056189328432083 0.0019127825507894158 0.010381682775914669 0.9605129361152649 0.2780418395996094 0.0005625826306641102 -0.07645104080438614 -0.27648046612739563 0.9579737782478333 -0.01083742082118988
1403636586.3635557 0.9967748522758484 -0.036397065967321396 0.07152071595191956 0.0016579520888626575 0.013433549553155899 0.9543336033821106 0.2984410524368286 0.0005828128196299076 -0.07911699265241623 -0.29651767015457153 0.951744556427002 -0.01207480113953352
1403636586.4135554 0.9965553879737854 -0.04322480410337448 0.07077321410179138 0.001452686614356935 0.01853254623711109 0.9479151368141174 0.3179837763309479 0.0011782681103795767 -0.08083175122737885 -0.3155768811702728 0.9454509615898132 -0.011895816773176193
1403636586.4635556 0.9966043829917908 -0.044009797275066376 0.06959017366170883 0.0017101789126172662 0.01810276135802269 0.9416046738624573 0.3362334370613098 0.0015133745037019253 -0.08032400161027908 -0.3338318467140198 0.9392040967941284 -0.0132512915879488
1403636586.5135555 0.996627151966095 -0.043377235531806946 0.06966054439544678 0.0019095491152256727 0.016076035797595978 0.9356308579444885 0.3526138365268707 0.0016314927488565445 -0.0804719552397728 -0.35030460357666016 0.9331725835800171 -0.014667218551039696
1403636586.5635555 0.9968555569648743 -0.041749145835638046 0.06734967231750488 0.002259995322674513 0.014330185018479824 0.930914044380188 0.3649570643901825 0.0015671290457248688 -0.0779334008693695 -0.3628442883491516 0.9285851716995239 -0.015405994839966297
1403636586.6135554 0.9970939755439758 -0.04077474772930145 0.06435023248195648 0.003041531890630722 0.013965553604066372 0.9282224774360657 0.37176352739334106 0.0013542724773287773 -0.0748898833990097 -0.3697844445705414 0.9260945320129395 -0.016252562403678894
1403636586.6635556 0.9970452189445496 -0.04236931353807449 0.06407483667135239 0.004032469820231199 0.01543697714805603 0.927629292011261 0.3731832206249237 0.0007840003818273544 -0.07524919509887695 -0.37109139561653137 0.925542414188385 -0.01676054298877716
1403636586.7135556 0.9971568584442139 -0.042010508477687836 0.062556192278862 0.005006823223084211 0.016051089391112328 0.9295346736907959 0.3683851361274719 0.0003406447358429432 -0.07362418621778488 -0.36633360385894775 0.9275662899017334 -0.01692797988653183
1403636586.7635555 0.9974439740180969 -0.04288790747523308 0.05715026706457138 0.006083743646740913 0.01935945264995098 0.9321233630180359 0.36162298917770386 -0.00015348708257079124 -0.06878036260604858 -0.3595921993255615 0.9305711984634399 -0.01689950004220009
1403636586.8135555 0.9976763725280762 -0.04195684194564819 0.05367889255285263 0.007164061535149813 0.02029201202094555 0.9351149797439575 0.3537629544734955 -0.0005889111198484898 -0.06503871083259583 -0.3518517315387726 0.9337935447692871 -0.016585614532232285
1403636586.8635557 0.9978602528572083 -0.03988520801067352 0.05180519074201584 0.007623760960996151 0.01948774792253971 0.9377936124801636 0.3466457426548004 -0.0006084372289478779 -0.062408607453107834 -0.34489455819129944 0.9365643858909607 -0.016308650374412537
1403636586.9135554 0.9981456995010376 -0.03480646386742592 0.0499335452914238 0.007954560220241547 0.015724042430520058 0.9399694800376892 0.34089580178260803 -0.000663230661302805 -0.05880138650536537 -0.33947864174842834 0.938774049282074 -0.015849541872739792
1403636586.9635556 0.9984394311904907 -0.03166359290480614 0.046001069247722626 0.008218691684305668 0.014350609853863716 0.9415363073348999 0.33660557866096497 -0.0007368535734713078 -0.053969815373420715 -0.3354201316833496 0.9405214190483093 -0.015309816226363182
1403636587.0135555 0.9987871646881104 -0.025266654789447784 0.042256128042936325 0.00844730157405138 0.009692278690636158 0.9423823952674866 0.33439719676971436 -0.0009323270060122013 -0.04827052354812622 -0.33358219265937805 0.9414843320846558 -0.014809790998697281
1403636587.0635555 0.998947262763977 -0.022395391017198563 0.040031515061855316 0.008626880124211311 0.007665964774787426 0.9419481754302979 0.33567067980766296 -0.001123900292441249 -0.045225080102682114 -0.3350105583667755 0.9411283135414124 -0.014217805117368698
1403636587.1135554 0.9990991950035095 -0.01811293698847294 0.038374174386262894 0.008954501710832119 0.0039826128631830215 0.9403567910194397 0.3401664197444916 -0.0013923186343163252 -0.042246825993061066 -0.33970722556114197 0.9395818710327148 -0.013708772137761116
1403636587.1635556 0.9991595149040222 -0.015008434653282166 0.03814432770013809 0.009552406147122383 0.0009561674669384956 0.9388392567634583 0.34435418248176575 -0.001534410985186696 -0.04097960144281387 -0.3440282940864563 0.9380645751953125 -0.01313683483749628
1403636587.2135556 0.9992272853851318 -0.013847669586539268 0.0367799736559391 0.010438687168061733 0.00021386006847023964 0.9377687573432922 0.3472602069377899 -0.001719790045171976 -0.0392998531460762 -0.34698405861854553 0.9370471835136414 -0.012447059154510498
1403636587.2635555 0.9992019534111023 -0.015312720090150833 0.03688649833202362 0.011619681492447853 0.0014795241877436638 0.9371376037597656 0.3489566743373871 -0.0018336125649511814 -0.03991119936108589 -0.3486236333847046 0.9364125728607178 -0.012007059529423714
1403636587.3135555 0.9991244077682495 -0.017285434529185295 0.03809517249464989 0.013308117166161537 0.0028456856962293386 0.9366147518157959 0.3503490090370178 -0.002031854819506407 -0.041736431419849396 -0.349933922290802 0.9358441233634949 -0.011273547075688839
1403636587.3635557 0.9990024566650391 -0.01988549344241619 0.039979416877031326 0.01551784947514534 0.004569245968014002 0.9361854791641235 0.3514764606952667 -0.0022376496344804764 -0.04441743344068527 -0.3509432077407837 0.9353426098823547 -0.010453078895807266
1403636587.4135554 0.9988970160484314 -0.02293008752167225 0.040971606969833374 0.018115375190973282 0.0069796121679246426 0.9354568123817444 0.35337159037590027 -0.0025807160418480635 -0.046430014073848724 -0.35269588232040405 0.9345853328704834 -0.009690504521131516
1403636587.4635556 0.9987318515777588 -0.02699984796345234 0.04249172285199165 0.020490309223532677 0.010153151117265224 0.9347036480903625 0.3552829921245575 -0.002805842086672783 -0.04930974915623665 -0.35440099239349365 0.9337925910949707 -0.009157802909612656
1403636587.5135555 0.9985894560813904 -0.03137585148215294 0.042831405997276306 0.02378695271909237 0.014031738042831421 0.9339832067489624 0.3570413291454315 -0.0030162634793668985 -0.05120628699660301 -0.355936735868454 0.9331061244010925 -0.008515224792063236
