0.1037359 0.9999874830245972 -0.003326350823044777 -0.0037148436531424522 -9.753063204698265e-05 0.003319471376016736 0.9999927878379822 -0.001856361050158739 -0.000133915978949517 0.00372099201194942 0.0018440063577145338 0.9999914169311523 0.042660903185606
0.2073381 0.9999680519104004 -0.0020330811385065317 -0.007734373677521944 -0.0007914360030554235 0.002003671135753393 0.999990701675415 -0.003808380104601383 -3.575778100639582e-05 0.0077420431189239025 0.0037927618250250816 0.9999628663063049 0.0848689079284668
0.3110752 0.9999287724494934 -0.0021697222255170345 -0.011738719418644905 -0.0014301848132163286 0.002110034693032503 0.9999849200248718 -0.0050947112031280994 -0.0003554346621967852 0.01174959633499384 0.0050695776008069515 0.9999181032180786 0.12743477523326874
0.4146917 0.9998563528060913 -0.0007787100039422512 -0.016927184537053108 -0.002245777752250433 0.0006830376805737615 0.9999837279319763 -0.005657052155584097 -0.0007568334694951773 0.016931310296058655 0.005644677672535181 0.9998406767845154 0.17123092710971832
0.5184302 0.9997727870941162 -0.002114455681294203 -0.021205486729741096 -0.003422892652451992 0.001990532735362649 0.9999808669090271 -0.005863317754119635 -0.0012630929704755545 0.021217474713921547 0.0058197746984660625 0.9997579455375671 0.21539655327796936
0.6220448 0.9996777176856995 -0.00017498084343969822 -0.025388099253177643 -0.00516937579959631 -2.638412581745797e-07 0.9999761581420898 -0.0069024707190692425 -0.0019583834800869226 0.025388706475496292 0.006900252308696508 0.9996538162231445 0.2603617310523987
0.7257977 0.9995401501655579 0.0027562861796468496 -0.030195334926247597 -0.007229529321193695 -0.002994837472215295 0.999964714050293 -0.00785790104418993 -0.0022741868160665035 0.03017261065542698 0.007944717071950436 0.9995130896568298 0.30648860335350037
0.8294199 0.9994015693664551 0.002995746908709407 -0.03445849567651749 -0.009192988276481628 -0.0032208249904215336 0.9999737739562988 -0.006478202994912863 -0.0025793672539293766 0.03443818911910057 0.006585311144590378 0.9993850588798523 0.3540428876876831
0.9331467 0.9992228150367737 0.0019206453580409288 -0.03937143832445145 -0.01074152160435915 -0.0020624594762921333 0.9999915361404419 -0.003561675315722823 -0.003304693615064025 0.039364270865917206 0.0036401094403117895 0.9992182850837708 0.40211957693099976
1.03691 0.9990933537483215 0.0017454494955018163 -0.042536597698926926 -0.01343986950814724 -0.0017995749367401004 0.9999976754188538 -0.0012341947294771671 -0.0034584414679557085 0.042534343898296356 0.0013096239417791367 0.9990942478179932 0.4511375427246094
1.140497 0.9989978075027466 0.0030469761695712805 -0.044658321887254715 -0.01643054559826851 -0.003105471609160304 0.9999943971633911 -0.0012405271409079432 -0.004491814412176609 0.044654298573732376 0.00137796881608665 0.999001681804657 0.49918466806411743
1.244242 0.9988930225372314 0.0023305704817175865 -0.04698406904935837 -0.018686791881918907 -0.0023620151914656162 0.9999970197677612 -0.000613765383604914 -0.005492405034601688 0.04698250815272331 0.0007240628474391997 0.998895525932312 0.5487281680107117
1.347979 0.9988152384757996 -0.0005229417001828551 -0.04866037145256996 -0.0213531032204628 0.0004404470091685653 0.9999985098838806 -0.0017060254467651248 -0.005513451993465424 0.04866119101643562 0.001682571484707296 0.9988139271736145 0.5982452034950256
1.451596 0.9987169504165649 -0.00043382259900681674 -0.050638843327760696 -0.024112805724143982 0.0003723966365214437 0.9999991655349731 -0.0012224531965330243 -0.005574491806328297 0.050639327615499496 0.0012020263820886612 0.9987163543701172 0.6491687297821045
1.555212 0.9986414313316345 -0.002356416080147028 -0.05205457657575607 -0.02675435319542885 0.0022824315819889307 0.9999963045120239 -0.0014806858962401748 -0.006144843064248562 0.05205787345767021 0.001359863206744194 0.9986431002616882 0.6997900605201721
1.65896 0.9985858798027039 -0.0004039086925331503 -0.05316120386123657 -0.03067031130194664 0.00024225471133831888 0.9999952912330627 -0.0030472292564809322 -0.007253857329487801 0.053162191063165665 0.0030300412327051163 0.9985813498497009 0.7506816387176514
1.762569 0.998465895652771 0.00023021642118692398 -0.05536936596035957 -0.03286086022853851 -0.0005945262964814901 0.9999783635139465 -0.006563252303749323 -0.007116282358765602 0.055366646498441696 0.006586102303117514 0.9984443783760071 0.8030084371566772
1.866302 0.9983751773834229 0.004333184100687504 -0.056818075478076935 -0.03673478588461876 -0.004809349309653044 0.9999545216560364 -0.008246456272900105 -0.007722081616520882 0.05677974969148636 0.008506313897669315 0.9983505010604858 0.8552268147468567
1.969923 0.9983157515525818 0.005400774069130421 -0.05776204913854599 -0.04038764908909798 -0.005864997860044241 0.9999518394470215 -0.007870318368077278 -0.008720551617443562 0.05771676450967789 0.008195837028324604 0.9982994198799133 0.9083884358406067
2.073666 0.9982372522354126 0.004492430482059717 -0.05917942151427269 -0.043765224516391754 -0.004839023109525442 0.9999720454216003 -0.005714637227356434 -0.01000673696398735 0.059152089059352875 0.0059909336268901825 0.9982311129570007 0.9618736505508423
2.177281 0.9981610774993896 0.00541213434189558 -0.060375235974788666 -0.047213371843099594 -0.005727845709770918 0.9999708533287048 -0.0050573283806443214 -0.010116137564182281 0.0603460967540741 0.00539384875446558 0.9981629252433777 1.0155363082885742
2.281017 0.9981431365013123 0.0051229665987193584 -0.060696281492710114 -0.05142352357506752 -0.005436798557639122 0.9999727606773376 -0.005006528925150633 -0.011026274412870407 0.06066896766424179 0.005327226594090462 0.9981437921524048 1.0696099996566772
2.384639 0.9980177879333496 0.0045235492289066315 -0.06276863068342209 -0.0543840192258358 -0.004888250958174467 0.9999720454216003 -0.0056578959338366985 -0.01175239309668541 0.06274127960205078 0.005953509360551834 0.998012125492096 1.1231423616409302
2.48825 0.9979547262191772 0.003799807047471404 -0.06381026655435562 -0.05840720981359482 -0.0042041814886033535 0.9999719858169556 -0.006204058416187763 -0.013062814250588417 0.0637848898768425 0.006459640339016914 0.9979428052902222 1.1782951354980469
2.591988 0.9979166388511658 0.0034403211902827024 -0.06442292034626007 -0.0618436336517334 -0.0037532830610871315 0.9999817609786987 -0.004737541079521179 -0.013277823105454445 0.06440545618534088 0.004969468805938959 0.9979114532470703 1.2329350709915161
2.695832 0.9978985786437988 0.004649669397622347 -0.06462708860635757 -0.06538532674312592 -0.00474756583571434 0.999987781047821 -0.0013612997718155384 -0.014012806117534637 0.0646199882030487 0.0016652599442750216 0.9979085326194763 1.2885715961456299
2.799367 0.9979804754257202 0.005326061509549618 -0.06329759955406189 -0.06958524882793427 -0.005177814047783613 0.9999834299087524 0.0025058677420020103 -0.01472195703536272 0.06330990791320801 -0.002173063578084111 0.9979915618896484 1.3436439037322998
2.903084 0.9980791211128235 0.004346081987023354 -0.061800625175237656 -0.07302691787481308 -0.004077716264873743 0.999981701374054 0.004467900842428207 -0.014503263868391514 0.061818927526474 -0.004207313060760498 0.998078465461731 1.3990039825439453
3.006768 0.9982014298439026 0.004417796153575182 -0.059786099940538406 -0.07678619772195816 -0.004041006322950125 0.9999711513519287 0.0064217583276331425 -0.01574045792222023 0.0598127543926239 -0.0061686113476753235 0.998190701007843 1.4552816152572632
3.110441 0.998228132724762 0.005068328697234392 -0.059286534786224365 -0.07953744381666183 -0.004902724642306566 0.9999837279319763 0.0029384358786046505 -0.015659144148230553 0.059300459921360016 -0.0026425644755363464 0.9982367157936096 1.5122791528701782
3.214057 0.9983205199241638 0.006392301060259342 -0.057578135281801224 -0.0838640108704567 -0.006575032602995634 0.9999739527702332 -0.0029847403056919575 -0.014854921959340572 0.05755756422877312 0.0033583035692572594 0.9983364939689636 1.5683116912841797
3.317669 0.9983920454978943 0.0053880843333899975 -0.05642849579453468 -0.08712197840213776 -0.00565831083804369 0.9999732971191406 -0.004630120005458593 -0.01658298447728157 0.056402042508125305 0.004941965918987989 0.9983958601951599 1.624744176864624
3.421285 0.9984235167503357 0.003065200988203287 -0.056045711040496826 -0.08996275812387466 -0.0032903009559959173 0.9999869465827942 -0.003924516495317221 -0.01699940487742424 0.056032948195934296 0.004102736711502075 0.9984205365180969 1.682078242301941
3.524925 0.998438835144043 0.001587685663253069 -0.05583149939775467 -0.09326887875795364 -0.0015310348244383931 0.9999982714653015 0.0010574283078312874 -0.017705455422401428 0.05583307147026062 -0.0009702975512482226 0.998439610004425 1.7397042512893677
3.628545 0.9984259605407715 -0.001582503435201943 -0.0560617670416832 -0.09689558297395706 0.0018031270010396838 0.9999908804893494 0.003885004436597228 -0.018048342317342758 0.05605509877204895 -0.003979975823312998 0.9984197616577148 1.7980254888534546
3.732256 0.9982964396476746 -0.008851625956594944 -0.057668279856443405 -0.09925868362188339 0.00908621959388256 0.9999514818191528 0.003807055065408349 -0.018988534808158875 0.057631783187389374 -0.004324556794017553 0.9983285069465637 1.8550159931182861
3.835871 0.9981717467308044 -0.010322502814233303 -0.05955328419804573 -0.10215066373348236 0.010326564311981201 0.999946653842926 -0.000239561777561903 -0.019433027133345604 0.05955257639288902 -0.0003758575767278671 0.9982250928878784 1.9126869440078735
3.939488 0.9981111884117126 -0.010716909542679787 -0.06049121171236038 -0.10622788965702057 0.01049487292766571 0.9999369978904724 -0.003987081814557314 -0.019918760284781456 0.06053013354539871 0.003344701137393713 0.9981607794761658 1.9705742597579956
4.043107 0.9980274438858032 -0.009527543559670448 -0.06205175444483757 -0.11079151928424835 0.009254233911633492 0.9999461770057678 -0.004690440837293863 -0.02053171768784523 0.062093108892440796 0.0041069467552006245 0.9980618953704834 2.029036283493042
4.146888 0.9979385137557983 -0.009646398946642876 -0.0634474828839302 -0.1140219122171402 0.009472684934735298 0.9999505281448364 -0.003038161201402545 -0.0217322688549757 0.06347363442182541 0.0024308799766004086 0.9979804754257202 2.088491439819336
4.25046 0.997890293598175 -0.0067285154946148396 -0.06457336992025375 -0.11793895065784454 0.006739786360412836 0.9999772906303406 -4.329602234065533e-05 -0.022567052394151688 0.06457219272851944 -0.00039200647734105587 0.9979129433631897 2.147033452987671
4.354202 0.9978275895118713 -0.006294488441199064 -0.06557733565568924 -0.12250389158725739 0.006384063512086868 0.9999789595603943 0.0011564800515770912 -0.02318628877401352 0.06556867808103561 -0.0015726176789030433 0.9978468418121338 2.2066562175750732
4.45794 0.9977413415908813 -0.004685606341809034 -0.06700893491506577 -0.12631088495254517 0.004934119991958141 0.9999815821647644 0.0035436407197266817 -0.023792877793312073 0.06699108332395554 -0.003866267390549183 0.9977461695671082 2.2666032314300537
4.561559 0.9977722764015198 -0.005160233471542597 -0.06651168316602707 -0.13089105486869812 0.0056153275072574615 0.9999620914459229 0.006657173857092857 -0.024044252932071686 0.0664748027920723 -0.007015828043222427 0.9977633953094482 2.3256993293762207
4.665293 0.9977982044219971 0.000978598720394075 -0.06631550192832947 -0.13617977499961853 -0.00041787323425523937 0.9999639987945557 0.008468760177493095 -0.023983344435691833 0.06632141023874283 -0.00842240173369646 0.9977628588676453 2.3846492767333984
4.768912 0.9977400898933411 0.0008707318338565528 -0.06718794256448746 -0.1396876871585846 -0.00032302740146405995 0.9999666810035706 0.008162258192896843 -0.024693327024579048 0.06719280034303665 -0.008122107945382595 0.997706949710846 2.4442787170410156
4.872532 0.9977270364761353 0.0010930210119113326 -0.06737635284662247 -0.14304858446121216 -0.0006349203758873045 0.9999765753746033 0.00682017020881176 -0.025174541398882866 0.06738221645355225 -0.006761890836060047 0.9977043271064758 2.5027458667755127
4.976146 0.9977497458457947 0.003109450452029705 -0.0669749453663826 -0.1484488844871521 -0.002841115230694413 0.9999876022338867 0.004101364873349667 -0.025108356028795242 0.06698684394359589 -0.0039018525276333094 0.9977462291717529 2.5615394115448
5.079909 0.997678279876709 0.0031598047353327274 -0.06803075224161148 -0.15258456766605377 -0.0028812806122004986 0.9999871253967285 0.004191829357296228 -0.02577703818678856 0.06804312765598297 -0.00398608110845089 0.9976744651794434 2.620309829711914
5.183503 0.9976084232330322 0.0004081904189661145 -0.06911734491586685 -0.15648673474788666 -3.955469583161175e-05 0.9999857544898987 0.00533475773409009 -0.025982018560171127 0.06911854445934296 -0.005319265183061361 0.9975942373275757 2.6782026290893555
5.287117 0.9975491166114807 0.0012611523270606995 -0.06995830684900284 -0.16061735153198242 -0.0008125263848342001 0.9999788999557495 0.006440847646445036 -0.026700008660554886 0.0699649527668953 -0.006368218455463648 0.9975290894508362 2.736828327178955
5.390861 0.9975165128707886 0.0030748043209314346 -0.07036595046520233 -0.16487979888916016 -0.0028753746300935745 0.9999915957450867 0.0029352849815040827 -0.027125954627990723 0.07037437707185745 -0.002725666854530573 0.997516930103302 2.7937772274017334
5.494473 0.9974398016929626 0.0033838502131402493 -0.07143119722604752 -0.1690828800201416 -0.0034426215570420027 0.9999938607215881 -0.0006996742449700832 -0.028203943744301796 0.07142835855484009 0.0009437934495508671 0.9974452257156372 2.8509819507598877
5.598233 0.997408390045166 0.004780612885951996 -0.07178913801908493 -0.17374484241008759 -0.004989073146134615 0.9999839067459106 -0.0027247522957623005 -0.02822265215218067 0.07177495211362839 0.003075852058827877 0.9974161386489868 2.9084365367889404
5.701829 0.9973931908607483 0.003777537727728486 -0.07205972820520401 -0.17788931727409363 -0.0037494273856282234 0.9999929666519165 0.0005253711715340614 -0.02864895947277546 0.0720611959695816 -0.00025381892919540405 0.9974002242088318 2.9658825397491455
5.805571 0.9974058270454407 0.0017021658131852746 -0.07196354120969772 -0.18208743631839752 -0.0014237910509109497 0.9999912977218628 0.0039193881675601006 -0.029636725783348083 0.07196959108114243 -0.0038067593704909086 0.997399628162384 3.0225236415863037
5.909185 0.997359573841095 -0.0003195327881257981 -0.07262133806943893 -0.18574732542037964 0.0006657270132564008 0.9999886155128479 0.00474295811727643 -0.030385727062821388 0.0726189985871315 -0.004778780043125153 0.9973483681678772 3.0792996883392334
6.012921 0.9973596334457397 -0.003551210043951869 -0.0725340023636818 -0.18984860181808472 0.0038163638673722744 0.9999865889549255 0.0035173012875020504 -0.03104114532470703 0.07252053916454315 -0.0037848304491490126 0.9973597526550293 3.1350228786468506
6.116541 0.9973264336585999 -0.006206986494362354 -0.07281148433685303 -0.19404752552509308 0.0063793109729886055 0.9999774694442749 0.0021343843545764685 -0.03157520666718483 0.07279659807682037 -0.0025931650307029486 0.9973434209823608 3.191711187362671
6.220278 0.997241199016571 -0.007702960632741451 -0.07382914423942566 -0.19815167784690857 0.007970594801008701 0.9999626874923706 0.0033310973085463047 -0.032185640186071396 0.07380074262619019 -0.003910370171070099 0.9972652792930603 3.246425151824951
6.323895 0.9971396327018738 -0.011323219165205956 -0.07472937554121017 -0.2021361142396927 0.011897778138518333 0.9999030232429504 0.007247832603752613 -0.03231295943260193 0.07464005053043365 -0.008116213604807854 0.9971774816513062 3.3023338317871094
6.427659 0.9970792531967163 -0.011371370404958725 -0.07552120089530945 -0.20630282163619995 0.01235775463283062 0.9998441934585571 0.012606576085090637 -0.03320759907364845 0.07536608725786209 -0.013503027148544788 0.9970645308494568 3.3575029373168945
6.531383 0.9970726370811462 -0.009788070805370808 -0.0758296325802803 -0.21111270785331726 0.010933397337794304 0.9998321533203125 0.014703534543514252 -0.03319167345762253 0.07567299157381058 -0.015489568933844566 0.9970123767852783 3.4127044677734375
6.634992 0.9969506859779358 -0.008717777207493782 -0.07754509150981903 -0.21500806510448456 0.009616425260901451 0.9998908042907715 0.011222844012081623 -0.03378201648592949 0.07743877172470093 -0.011934326961636543 0.9969258308410645 3.467376947402954
6.738741 0.9969252347946167 -0.0068516600877046585 -0.07805763930082321 -0.22000379860401154 0.007104083430022001 0.9999704360961914 0.0029565636068582535 -0.033694855868816376 0.07803507894277573 -0.0035020001232624054 0.9969445466995239 3.5207459926605225
6.84235 0.9968116283416748 -0.005088246893137693 -0.07962779700756073 -0.22400282323360443 0.004963981918990612 0.9999861717224121 -0.0017584470333531499 -0.03447658568620682 0.0796356126666069 0.001357569359242916 0.9968231320381165 3.5746304988861084
6.945963 0.9967610836029053 -0.0004726797924377024 -0.08041840046644211 -0.22875574231147766 0.00042179322917945683 0.9999997019767761 -0.0006497550057247281 -0.03518567979335785 0.08041868358850479 0.000613730400800705 0.9967609643936157 3.627019166946411
7.049705 0.9966676235198975 0.0026355863083153963 -0.08152732998132706 -0.2332627773284912 -0.002490320708602667 0.9999951124191284 0.0018834422808140516 -0.03659559041261673 0.08153189718723297 -0.0016741369618102908 0.9966692924499512 3.6803784370422363
7.153323 0.9965505599975586 0.004750935360789299 -0.08285047113895416 -0.23783385753631592 -0.0044935280457139015 0.9999844431877136 0.003293083282187581 -0.0371113121509552 0.08286483585834503 -0.0029094330966472626 0.9965565800666809 3.731874704360962
7.256934 0.9964826703071594 0.005767397116869688 -0.08359948545694351 -0.24250578880310059 -0.005548345390707254 0.9999805688858032 0.002852351637557149 -0.037826552987098694 0.0836142972111702 -0.002378480276092887 0.9964954257011414 3.7828006744384766
7.360549 0.9963343739509583 0.007357276510447264 -0.08522719144821167 -0.24721165001392365 -0.007060260511934757 0.9999678730964661 0.0037858569994568825 -0.03837611526250839 0.0852522999048233 -0.003170252777636051 0.9963542819023132 3.832632064819336
7.464167 0.9962370991706848 0.00931269396096468 -0.08616739511489868 -0.2524681091308594 -0.008985497057437897 0.9999507665634155 0.004184326622635126 -0.03904543071985245 0.08620212227106094 -0.0033943243324756622 0.9962718486785889 3.882883310317993
7.567786 0.9960618019104004 0.00840158760547638 -0.08826206624507904 -0.2561894953250885 -0.008023169822990894 0.9999570846557617 0.004641333129256964 -0.03963019698858261 0.08829726278781891 -0.0039149136282503605 0.9960864186286926 3.9311347007751465
7.671396 0.9959635734558105 0.007494999561458826 -0.0894441157579422 -0.26026269793510437 -0.006974386516958475 0.9999570250511169 0.0061316657811403275 -0.040311798453330994 0.08948620408773422 -0.0054830992594361305 0.9959728717803955 3.977867603302002
7.775144 0.9958123564720154 0.010612419806420803 -0.09080182015895844 -0.2647935450077057 -0.009859832935035229 0.9999133348464966 0.008732832968235016 -0.040654800832271576 0.09088660776615143 -0.007800973951816559 0.9958305954933167 4.024933815002441
7.878754 0.9956863522529602 0.011780179105699062 -0.0920318141579628 -0.26900094747543335 -0.010596517473459244 0.9998549222946167 0.013339536264538765 -0.04149114340543747 0.09217558801174164 -0.012306775897741318 0.9956667423248291 4.070927619934082
7.982493 0.9955343008041382 0.015275581739842892 -0.09315571933984756 -0.27480244636535645 -0.014003860764205456 0.9997998476028442 0.014290040358901024 -0.04085739329457283 0.09335534274578094 -0.012921687215566635 0.9955489635467529 4.11641263961792
8.086111 0.9953711628913879 0.01808665320277214 -0.09438834339380264 -0.2791748642921448 -0.017180349677801132 0.9997982978820801 0.010405771434307098 -0.041313882917165756 0.0945575013756752 -0.008735980838537216 0.9954810738563538 4.15997314453125
8.189849 0.9952409863471985 0.01797574758529663 -0.09577135741710663 -0.28375470638275146 -0.017766650766134262 0.9998375177383423 0.0030356724746525288 -0.04199640452861786 0.09581036120653152 -0.0013196899089962244 0.9953987002372742 4.202646255493164
8.29347 0.9951043128967285 0.01728232577443123 -0.09730708599090576 -0.2876802086830139 -0.0176298376172781 0.9998409152030945 -0.002712560584768653 -0.04272103309631348 0.09724472463130951 0.004414789378643036 0.9952506422996521 4.244048118591309
8.397102 0.9950494766235352 0.017970917746424675 -0.09774210304021835 -0.29203373193740845 -0.0184513907879591 0.999821662902832 -0.004013974219560623 -0.04287507012486458 0.09765253216028214 0.005797581281512976 0.9952036738395691 4.284940242767334
8.500847 0.9949250817298889 0.020739758387207985 -0.09845772385597229 -0.29651886224746704 -0.02089039981365204 0.9997817873954773 -0.0004992527537979186 -0.04359550401568413 0.09842585772275925 0.0025535407476127148 0.9951410889625549 4.32427978515625
8.604438 0.9947903156280518 0.020819080993533134 -0.09979309886693954 -0.30037176609039307 -0.02074974775314331 0.9997831583023071 0.001732757082208991 -0.044329844415187836 0.09980753809213638 0.00034695188514888287 0.9950067400932312 4.362505912780762
8.708175 0.994760274887085 0.017751770094037056 -0.10068263113498688 -0.3040564954280853 -0.017902610823512077 0.9998396635055542 -0.0005947945173829794 -0.04616507142782211 0.1006559208035469 0.0023941602557897568 0.9949184656143188 4.3989362716674805
8.811795 0.994831919670105 0.009930981323122978 -0.1010485514998436 -0.30698955059051514 -0.010666877962648869 0.9999203681945801 -0.006744885351508856 -0.045890696346759796 0.10097353160381317 0.007787896320223808 0.9948588013648987 4.435171127319336
8.915403 0.9949946999549866 0.0060808658599853516 -0.09974296391010284 -0.3105577528476715 -0.007224038243293762 0.9999123215675354 -0.011103997007012367 -0.04716794565320015 0.09966670721769333 0.011768963187932968 0.9949513673782349 4.469875812530518
9.019162 0.9953096508979797 0.008146061562001705 -0.09639705717563629 -0.3139571249485016 -0.009298876859247684 0.9998904466629028 -0.011515825986862183 -0.04771667718887329 0.09629271924495697 0.012358197942376137 0.9952763915061951 4.503714561462402
9.12289 0.9956062436103821 0.013118254020810127 -0.09271518886089325 -0.31743699312210083 -0.013973027467727661 0.9998655915260315 -0.008576166816055775 -0.048532720655202866 0.09259022772312164 0.009833994321525097 0.9956557750701904 4.537326812744141
9.226512 0.9960309267044067 0.011441124603152275 -0.08826912194490433 -0.3196890652179718 -0.011977261863648891 0.9999129176139832 -0.005546635016798973 -0.049197711050510406 0.0881979689002037 0.006581839639693499 0.9960812926292419 4.570206642150879
9.330247 0.9965856075286865 0.007938184775412083 -0.08218337595462799 -0.3220609128475189 -0.008071505464613438 0.9999666810035706 -0.0012901281006634235 -0.050131045281887054 0.08217039704322815 0.0019490625709295273 0.9966164827346802 4.6016058921813965
9.433986 0.9972104430198669 0.0033129362855106592 -0.07456857711076736 -0.3234562873840332 -0.003175620920956135 0.9999932050704956 0.0019599399529397488 -0.05055836960673332 0.0745745599269867 -0.0017176716355606914 0.9972139596939087 4.633140563964844
9.537749 0.997994601726532 0.007296375930309296 -0.06287723779678345 -0.32636207342147827 -0.007258904632180929 0.9999734163284302 0.0008243488846346736 -0.05025595426559448 0.06288158893585205 -0.00036627589724957943 0.9980208873748779 4.663126468658447
9.641587 0.9987636804580688 0.012540552765130997 -0.04810178279876709 -0.3271845579147339 -0.012501846998929977 0.9999212622642517 0.0011054256465286016 -0.05152017995715141 0.048111867159605026 -0.000502697890624404 0.9988418221473694 4.692629814147949
9.745342 0.9993876218795776 0.017342232167720795 -0.030389215797185898 -0.32773202657699585 -0.017301639541983604 0.9998490810394287 0.0015981483738869429 -0.05178394541144371 0.030412333086133003 -0.0010713865049183369 0.9995368719100952 4.721437454223633
9.849229 0.9998379945755005 0.016102014109492302 -0.008046725764870644 -0.32710373401641846 -0.01608804427087307 0.9998689889907837 0.0017974262591451406 -0.05192676931619644 0.008074609562754631 -0.0016676788218319416 0.999966025352478 4.749556064605713
9.953059 0.9997673034667969 0.012262360192835331 0.017744746059179306 -0.325061172246933 -0.012310844846069813 0.9999209046363831 0.0026257133577018976 -0.05217783898115158 -0.01771114580333233 -0.002843555761501193 0.9998391270637512 4.7770562171936035
10.05693 0.9987912178039551 0.011300858110189438 0.04783681035041809 -0.32310304045677185 -0.011531610041856766 0.9999231696128845 0.004550497978925705 -0.052994243800640106 -0.04778171330690384 -0.0050966329872608185 0.9988448619842529 4.803562164306641
10.16083 0.9966984987258911 0.010699376463890076 0.08048512786626816 -0.3196180462837219 -0.011231498792767525 0.9999179244041443 0.006161598488688469 -0.05364490672945976 -0.0804126039147377 -0.007045222911983728 0.9967367649078369 4.829423904418945
10.26466 0.9928550124168396 0.01087093260139227 0.11883041262626648 -0.3156740665435791 -0.011742079630494118 0.9999090433120728 0.006633308716118336 -0.054047949612140656 -0.11874749511480331 -0.00798123050481081 0.9928925037384033 4.855471134185791
10.36867 0.9871000647544861 0.010617304593324661 0.15975254774093628 -0.3099692463874817 -0.011843434534966946 0.9999072551727295 0.006724982522428036 -0.054657015949487686 -0.1596662998199463 -0.008530248887836933 0.9871342182159424 4.879792213439941
10.47264 0.9786713719367981 0.010363518260419369 0.20517097413539886 -0.3037976026535034 -0.011941159144043922 0.9999080300331116 0.0064526936039328575 -0.054696694016456604 -0.20508524775505066 -0.008765045553445816 0.9787048697471619 4.903805732727051
10.57663 0.9670587778091431 0.012264291755855083 0.25425782799720764 -0.2961019277572632 -0.01399500947445631 0.9998896718025208 0.004999093245714903 -0.055646296590566635 -0.25416845083236694 -0.008392756804823875 0.9671235084533691 4.9273576736450195
10.68062 0.9516381025314331 0.013577000238001347 0.3069210648536682 -0.28708338737487793 -0.014864462427794933 0.9998877644538879 0.0018575141439214349 -0.05602177232503891 -0.30686143040657043 -0.006329897791147232 0.9517331719398499 4.949274063110352
10.78461 0.9319248199462891 0.013905808329582214 0.3623849153518677 -0.27670538425445557 -0.01495751179754734 0.9998880624771118 9.663926903158426e-05 -0.056639790534973145 -0.3623429834842682 -0.005510435905307531 0.932028591632843 4.970276355743408
10.88875 0.9072266817092896 0.015171592123806477 0.4203682243824005 -0.26513826847076416 -0.015499814413487911 0.9998763799667358 -0.0026354750152677298 -0.05643811076879501 -0.42035624384880066 -0.004124655853956938 0.9073498249053955 4.99168586730957
10.99272 0.878259003162384 0.015169505961239338 0.477944552898407 -0.25241994857788086 -0.014504240825772285 0.9998819828033447 -0.0050826724618673325 -0.056669533252716064 -0.4779652953147888 -0.002468320308253169 0.8783753514289856 5.0108184814453125
11.09659 0.8446012139320374 0.013726433739066124 0.5352199673652649 -0.23807191848754883 -0.011753890663385391 0.9999057054519653 -0.007095756940543652 -0.05731545016169548 -0.5352668762207031 -0.00029783148784190416 0.844683051109314 5.029257297515869
11.20057 0.8074250817298889 0.013399098068475723 0.5898179411888123 -0.2232668399810791 -0.010622677393257618 0.9999101161956787 -0.0081735048443079 -0.0580131858587265 -0.5898745059967041 0.0003340465482324362 0.8074949383735657 5.0460309982299805
11.30431 0.7683650851249695 0.011801127344369888 0.6399028301239014 -0.2061605453491211 -0.009168248623609543 0.9999303817749023 -0.007431976031512022 -0.058550529181957245 -0.6399460434913635 -0.00015631760470569134 0.7684199213981628 5.061705589294434
11.40818 0.7253654599189758 0.012137540616095066 0.6882569193840027 -0.18935012817382812 -0.01105921994894743 0.9999210238456726 -0.005978298373520374 -0.058818235993385315 -0.6882750391960144 -0.0032751336693763733 0.7254423499107361 5.076410293579102
11.51192 0.6810458898544312 0.010680170729756355 0.7321627140045166 -0.17035651206970215 -0.009184136986732483 0.999939501285553 -0.006043336354196072 -0.05891525372862816 -0.7321830987930298 -0.0026084959972649813 0.6811028122901917 5.0898542404174805
11.61553 0.6348149180412292 0.009106088429689407 0.7726104259490967 -0.15136075019836426 -0.005605267360806465 0.9999583959579468 -0.007180079817771912 -0.05955839157104492 -0.7726439237594604 0.00022733228979632258 0.6348395347595215 5.101848125457764
11.71927 0.5893387794494629 0.007178329862654209 0.8078539967536926 -0.1309652328491211 0.00020699918968603015 0.9999591112136841 -0.009036321192979813 -0.05962735041975975 -0.807886004447937 0.005492680240422487 0.5893131494522095 5.111950874328613
11.82277 0.5409943461418152 0.008827229030430317 0.8409799337387085 -0.1116936206817627 -0.0017815707251429558 0.9999546408653259 -0.009349818341434002 -0.060732677578926086 -0.8410243988037109 0.003559934441000223 0.5409855842590332 5.123241424560547
11.92638 0.4944969117641449 0.011884675361216068 0.8690981864929199 -0.09122014045715332 -0.006089070811867714 0.9999293088912964 -0.010209213942289352 -0.06139623373746872 -0.8691580891609192 -0.00024357406073249876 0.4945344030857086 5.132445335388184
12.03 0.4490053653717041 0.013568026013672352 0.8934260606765747 -0.07013344764709473 -0.005887847859412432 0.999907910823822 -0.012226080521941185 -0.061960987746715546 -0.8935097455978394 0.00022922013886272907 0.4490438997745514 5.1409430503845215
12.13361 0.4054207503795624 0.011223961599171162 0.9140612483024597 -0.04978537559509277 0.0008450141758657992 0.999919593334198 -0.012653029523789883 -0.06254273653030396 -0.9141297936439514 0.005902194883674383 0.40537869930267334 5.148155212402344
12.2371 0.3660123348236084 0.003396394196897745 0.9306037425994873 -0.027617335319519043 0.016523130238056183 0.9998119473457336 -0.010147633031010628 -0.06299018114805222 -0.9304632544517517 0.019090646877884865 0.36588746309280396 5.153507709503174
12.3406 0.33134716749191284 0.0001802144106477499 0.9435088634490967 -0.0052797794342041016 0.02036893554031849 0.9997654557228088 -0.0073442463763058186 -0.06312540918588638 -0.9432889819145203 0.021651767194271088 0.3312658667564392 5.158858776092529
12.44411 0.2975945472717285 0.004561607260257006 0.9546814560890198 0.01707327365875244 0.017652316018939018 0.9997913241386414 -0.010279752314090729 -0.06343421339988708 -0.9545291662216187 0.01991153694689274 0.297451913356781 5.165113925933838
12.54767 0.2664676606655121 0.012250103056430817 0.9637659192085266 0.03970968723297119 0.006971555761992931 0.9998685121536255 -0.014636527746915817 -0.06427827477455139 -0.9638187289237976 0.010619111359119415 0.26634714007377625 5.171295166015625
12.65107 0.23817487061023712 0.01635584607720375 0.9710845351219177 0.06278455257415771 0.0021676565520465374 0.9998466968536377 -0.01737193763256073 -0.06533768773078918 -0.9712199568748474 0.006242537405341864 0.23810292780399323 5.17646598815918
12.75469 0.21240149438381195 0.01821560226380825 0.9770128130912781 0.08706426620483398 0.003035112051293254 0.9998092651367188 -0.01930045336484909 -0.06640017777681351 -0.9771777391433716 0.007064788602292538 0.2123056948184967 5.180572509765625
12.85806 0.189320906996727 0.01985064335167408 0.9817146062850952 0.1116759181022644 0.00999273732304573 0.9997048377990723 -0.022141488268971443 -0.0670018345117569 -0.9818642735481262 0.014001862145960331 0.18906667828559875 5.1834259033203125
12.96167 0.16909970343112946 0.025555653497576714 0.9852675199508667 0.13699758052825928 0.016912490129470825 0.999441385269165 -0.028825951740145683 -0.0673401728272438 -0.9854538440704346 0.021537788212299347 0.1685730516910553 5.186303615570068
13.0652 0.14902275800704956 0.031879257410764694 0.9883196949958801 0.16264832019805908 0.01985948160290718 0.9991821646690369 -0.035224128514528275 -0.0674610435962677 -0.9886343479156494 0.02487671747803688 0.14826776087284088 5.189359664916992
13.16877 0.13158895075321198 0.03307121619582176 0.9907526969909668 0.19038575887680054 0.01622001640498638 0.9992377758026123 -0.03550875186920166 -0.06838448345661163 -0.9911717772483826 0.02074257843196392 0.13095222413539886 5.192715167999268
13.27235 0.1159626692533493 0.02883715182542801 0.9928348660469055 0.2187463641166687 0.014638549648225307 0.9994202256202698 -0.03073820471763611 -0.06962484121322632 -0.9931457042694092 0.018098149448633194 0.11547333002090454 5.195775508880615
13.37588 0.10169441998004913 0.025471162050962448 0.9944894909858704 0.24781709909439087 0.01464112102985382 0.9995256066322327 -0.027097316458821297 -0.07105596363544464 -0.9947079420089722 0.01731608249247074 0.10127325356006622 5.198062419891357
13.4795 0.08810778707265854 0.023507393896579742 0.9958335161209106 0.27780264616012573 0.01704566180706024 0.9995396137237549 -0.025103017687797546 -0.07175935059785843 -0.9959651827812195 0.019186409190297127 0.08766651898622513 5.200077056884766
13.58311 0.07683485001325607 0.02232901006937027 0.9967937469482422 0.3092420995235443 0.02115977741777897 0.999487578868866 -0.024020392447710037 -0.07303187251091003 -0.996819257736206 0.022937532514333725 0.0763229951262474 5.201903820037842
13.68672 0.06648638844490051 0.023787187412381172 0.9975036978721619 0.34077930450439453 0.0246487557888031 0.9993715882301331 -0.025474639609456062 -0.07342356443405151 -0.9974828362464905 0.02628093957901001 0.06585827469825745 5.203361988067627
13.79034 0.05878349021077156 0.0235848817974329 0.9979920387268066 0.37416979670524597 0.026024090126156807 0.9993448853492737 -0.025149714201688766 -0.07488518208265305 -0.9979314208030701 0.02745022065937519 0.05813120678067207 5.2051472663879395
13.89395 0.052987538278102875 0.023655302822589874 0.9983150362968445 0.4084298610687256 0.027846088632941246 0.9992956519126892 -0.025156525894999504 -0.075970858335495 -0.9982069134712219 0.029132142663002014 0.052291516214609146 5.2068772315979
13.99767 0.04767967015504837 0.0248336810618639 0.9985538721084595 0.4437498152256012 0.028626540675759315 0.9992462992668152 -0.026217781007289886 -0.07701431959867477 -0.9984524250030518 0.02983519248664379 0.04693283140659332 5.208308219909668
14.1013 0.041472528129816055 0.02576969377696514 0.9988073706626892 0.48021045327186584 0.029191043227910995 0.9992092847824097 -0.02699214592576027 -0.07805237174034119 -0.9987130165100098 0.030275655910372734 0.040687497705221176 5.2098002433776855
14.20492 0.037209536880254745 0.025617361068725586 0.9989789724349976 0.5174487233161926 0.03153514862060547 0.9991433024406433 -0.02679617702960968 -0.07937591522932053 -0.9988096356391907 0.032500024884939194 0.03636981174349785 5.21075439453125
14.30854 0.034599870443344116 0.026020152494311333 0.9990624189376831 0.5557125210762024 0.033400341868400574 0.9990724921226501 -0.027177145704627037 -0.08015511184930801 -0.9988428950309753 0.03430934250354767 0.03369868919253349 5.211612224578857
14.41227 0.031216399744153023 0.025145065039396286 0.9991962313652039 0.5962010622024536 0.033828943967819214 0.9990841746330261 -0.026199109852313995 -0.08159695565700531 -0.9989399909973145 0.03461959958076477 0.030337179079651833 5.213198661804199
14.51589 0.029393263161182404 0.024608401581645012 0.9992648363113403 0.6365231275558472 0.03631956875324249 0.9990105032920837 -0.02567046694457531 -0.08293412625789642 -0.9989078640937805 0.037047408521175385 0.02847040817141533 5.213648796081543
14.61968 0.028194431215524673 0.023995107039809227 0.9993143677711487 0.6789509654045105 0.040285397320985794 0.9988723397254944 -0.025121096521615982 -0.0846300721168518 -0.9987903237342834 0.040966060012578964 0.02719598263502121 5.214832305908203
14.72326 0.029743516817688942 0.023739853873848915 0.9992755651473999 0.7210304141044617 0.043565258383750916 0.9987371563911438 -0.02502378448843956 -0.08556869626045227 -0.9986076951026917 0.04427799955010414 0.02867172285914421 5.2151288986206055
14.82686 0.032248690724372864 0.023619042709469795 0.9992008209228516 0.7657885551452637 0.04580072686076164 0.9986355900764465 -0.02508387714624405 -0.08726683259010315 -0.9984298944473267 0.04657304659485817 0.03112291917204857 5.216624736785889
14.93048 0.03554398566484451 0.02361692488193512 0.9990890622138977 0.8124144673347473 0.04803512617945671 0.9985249042510986 -0.025312505662441254 -0.08850941061973572 -0.998212993144989 0.048891082406044006 0.03435712307691574 5.218486785888672
15.0341 0.03983646258711815 0.022822417318820953 0.9989454746246338 0.8581985235214233 0.04877537116408348 0.9985028505325317 -0.024757394567131996 -0.09025605022907257 -0.9980150461196899 0.049710191786289215 0.038663651794195175 5.220797061920166
15.13784 0.04406963288784027 0.021103210747241974 0.9988054633140564 0.9043265581130981 0.050554946064949036 0.9984487891197205 -0.023326275870203972 -0.09172986447811127 -0.9977484345436096 0.05152253806591034 0.042934395372867584 5.222384452819824
15.24145 0.0478970967233181 0.019821852445602417 0.9986555576324463 0.954521656036377 0.049783337861299515 0.9985131621360779 -0.022206716239452362 -0.09274384379386902 -0.9976109266281128 0.0507800430059433 0.04683908820152283 5.225030899047852
15.34508 0.05243220552802086 0.017901776358485222 0.998464047908783 1.0028334856033325 0.046587374061346054 0.9987069368362427 -0.020352568477392197 -0.09360712766647339 -0.9975372552871704 0.047582946717739105 0.05153041332960129 5.227379322052002
15.44881 0.05628195405006409 0.01663990505039692 0.9982762932777405 1.0522828102111816 0.04623053967952728 0.9987452626228333 -0.019254161044955254 -0.09532201290130615 -0.9973440766334534 0.04723450914025307 0.05544205382466316 5.230846881866455
15.55255 0.05974530428647995 0.017755551263689995 0.998055636882782 1.1028059720993042 0.043005846440792084 0.9988676905632019 -0.02034439705312252 -0.0967598706483841 -0.9972867965698242 0.04413771629333496 0.05891406163573265 5.2348408699035645
15.65617 0.06284656375646591 0.021554771810770035 0.9977903962135315 1.1526826620101929 0.040962107479572296 0.9988686442375183 -0.024158092215657234 -0.09868747740983963 -0.9971820712089539 0.04238985851407051 0.0618925467133522 5.238636016845703
15.7599 0.06431831419467926 0.026559898629784584 0.9975758790969849 1.2022411823272705 0.03532800450921059 0.9989585876464844 -0.028874471783638 -0.1004943698644638 -0.9973039627075195 0.03709952533245087 0.06331302970647812 5.24222469329834
15.86364 0.06397587805986404 0.030009903013706207 0.9975001811981201 1.2550697326660156 0.032338012009859085 0.9989604949951172 -0.032127875834703445 -0.10223496705293655 -0.9974273443222046 0.03431258723139763 0.06293891370296478 5.2461700439453125
15.96739 0.06419721245765686 0.029586918652057648 0.9974985718727112 1.3050014972686768 0.02950483001768589 0.9990670680999756 -0.031532324850559235 -0.10420367121696472 -0.997501015663147 0.03145530819892883 0.06326435506343842 5.2497663497924805
16.07102 0.06445412337779999 0.027919288724660873 0.9975301027297974 1.3552210330963135 0.026812506839632988 0.9991991519927979 -0.029698465019464493 -0.10619239509105682 -0.997560441493988 0.028660466894507408 0.06365392357110977 5.252913475036621
16.17474 0.06375391036272049 0.02689993567764759 0.9976029992103577 1.4080997705459595 0.028015457093715668 0.9991944432258606 -0.028733232989907265 -0.10821671783924103 -0.9975723624229431 0.029780160635709763 0.06294894218444824 5.2571702003479
16.27845 0.06400323659181595 0.026167606934905052 0.9976065158843994 1.4583568572998047 0.025650812312960625 0.999282717704773 -0.027857249602675438 -0.11042150855064392 -0.9976199865341187 0.027372371405363083 0.06328609585762024 5.260939598083496
