1305031455.327766 0.9976514577865601 -0.06053360924124718 0.03205113485455513 -0.04509010910987854 0.05989288538694382 0.9979924559593201 0.020588111132383347 0.011523243971168995 -0.03323306143283844 -0.01862012781202793 0.9992741346359253 0.004360124934464693
1305031455.35963 0.996559739112854 -0.07667962461709976 0.03144662454724312 -0.05376918241381645 0.07570065557956696 0.9966417551040649 0.031223496422171593 0.017888730391860008 -0.03373522311449051 -0.02873554639518261 0.999017596244812 0.0059325071051716805
1305031455.391665 0.9941695928573608 -0.09951718896627426 0.0415101982653141 -0.06369786709547043 0.0973484143614769 0.9939245581626892 0.05135474354028702 0.015429459512233734 -0.046368684619665146 -0.047014374285936356 0.9978175163269043 0.013771691359579563
1305031455.427642 0.990650475025177 -0.123879574239254 0.05714422091841698 -0.0811021700501442 0.11990996450185776 0.9904300570487976 0.06833847612142563 0.0097722876816988 -0.06506308168172836 -0.06084736809134483 0.9960244297981262 0.010948063805699348
1305031455.459589 0.9873690009117126 -0.14436954259872437 0.06526729464530945 -0.09654106199741364 0.13905709981918335 0.9870713353157043 0.07970854640007019 0.0017344090156257153 -0.07593096792697906 -0.0696258619427681 0.9946792721748352 0.010670321062207222
1305031455.491637 0.9832974672317505 -0.16631962358951569 0.07391712814569473 -0.11146228760480881 0.16025705635547638 0.9837004542350769 0.08155477046966553 0.003682499285787344 -0.08627646416425705 -0.06834686547517776 0.993924081325531 0.012703225016593933
1305031455.52761 0.9772418737411499 -0.19519086182117462 0.08305896073579788 -0.12940068542957306 0.1874086558818817 0.9778667688369751 0.093030646443367 -0.0083965715020895 -0.09937933087348938 -0.07534747570753098 0.992192804813385 0.013671166263520718
1305031455.559669 0.9718343615531921 -0.21944215893745422 0.08592578768730164 -0.14686359465122223 0.2120995968580246 0.9733705520629883 0.0869687870144844 -0.009359179064631462 -0.10272223502397537 -0.06629441678524017 0.992498517036438 0.015470586717128754
1305031455.591645 0.9653260707855225 -0.24611155688762665 0.08703272044658661 -0.16566972434520721 0.23908938467502594 0.9673831462860107 0.08370324969291687 -0.011307219974696636 -0.10479433089494705 -0.05999232083559036 0.9926828145980835 0.015269773080945015
1305031455.627617 0.9582050442695618 -0.2724052369594574 0.08739852905273438 -0.17627759277820587 0.2645503282546997 0.96000075340271 0.0917159765958786 -0.021794989705085754 -0.10888656973838806 -0.06476141512393951 0.9919424653053284 0.016645634546875954
1305031455.659615 0.9547228813171387 -0.28188538551330566 0.09510418027639389 -0.19180801510810852 0.2739638686180115 0.9576793909072876 0.08828502148389816 -0.032527126371860504 -0.11596556752920151 -0.05823264271020889 0.9915448427200317 0.016764113679528236
1305031455.691605 0.954160213470459 -0.2794012725353241 0.10729952156543732 -0.21296119689941406 0.27120575308799744 0.9587711691856384 0.08488429337739944 -0.041264619678258896 -0.1265924572944641 -0.051892973482608795 0.9905965328216553 0.01464523933827877
1305031455.727628 0.9561824202537537 -0.2685401141643524 0.11662491410970688 -0.22845576703548431 0.2596465051174164 0.9618663787841797 0.08600475639104843 -0.049921177327632904 -0.1352733075618744 -0.05195499584078789 0.9894452095031738 0.013524254783987999
1305031455.759683 0.9562471508979797 -0.2629043757915497 0.1283455640077591 -0.24184001982212067 0.25285956263542175 0.9633625149726868 0.08941357582807541 -0.05877603590488434 -0.14715053141117096 -0.05304809659719467 0.9876905083656311 0.011450644582509995
1305031455.791666 0.9543554782867432 -0.2634180784225464 0.1407703161239624 -0.2553752660751343 0.2521193027496338 0.9632021188735962 0.09315356612205505 -0.07339293509721756 -0.1601286381483078 -0.053410738706588745 0.9856500625610352 0.009685344994068146
1305031455.82759 0.9534326791763306 -0.2613355219364166 0.15056465566158295 -0.27118539810180664 0.2503449618816376 0.9641336798667908 0.08816912025213242 -0.07978925853967667 -0.16820615530014038 -0.046370234340429306 0.9846605658531189 0.005966152995824814
1305031455.859526 0.9523940086364746 -0.2602848708629608 0.15873673558235168 -0.28840965032577515 0.2480514943599701 0.9642828702926636 0.09289241582155228 -0.09328014403581619 -0.1772456169128418 -0.04909530654549599 0.9829413294792175 0.0026480741798877716
1305031455.891657 0.9517752528190613 -0.2586428225040436 0.1650078296661377 -0.29987838864326477 0.2462240606546402 0.964827835559845 0.09209134429693222 -0.09894335269927979 -0.18302293121814728 -0.04702136293053627 0.9819835424423218 -0.00020797178149223328
1305031455.927955 0.9507535696029663 -0.2583230435848236 0.17127980291843414 -0.3098607659339905 0.244248628616333 0.9646390080451965 0.09906700998544693 -0.11096922308206558 -0.19081449508666992 -0.05235345661640167 0.9802290201187134 -0.0028969943523406982
1305031455.959716 0.9493794441223145 -0.25476643443107605 0.18377362191677094 -0.33209842443466187 0.23830872774124146 0.9652713537216187 0.10705183446407318 -0.12662014365196228 -0.20466460287570953 -0.05783795565366745 0.9771218299865723 -0.008048370480537415
1305031455.991694 0.9486625790596008 -0.25171342492103577 0.1915198117494583 -0.3415561616420746 0.23321138322353363 0.9657139182090759 0.11405736207962036 -0.13260714709758759 -0.21366310119628906 -0.0635373592376709 0.9748390316963196 -0.009544268250465393
1305031456.02777 0.948555052280426 -0.24646389484405518 0.19874335825443268 -0.35109958052635193 0.22581276297569275 0.966629683971405 0.12097744643688202 -0.12955382466316223 -0.22192783653736115 -0.06987497955560684 0.9725561141967773 -0.01405642181634903
1305031456.059713 0.9481562376022339 -0.24069321155548096 0.20752446353435516 -0.3647744357585907 0.21224115788936615 0.9656010866165161 0.15022717416286469 -0.1461716741323471 -0.23654448986053467 -0.09839361906051636 0.9666257500648499 -0.009701654314994812
1305031456.091707 0.9482974410057068 -0.23548252880573273 0.2127906084060669 -0.3729093074798584 0.2019919604063034 0.9649302363395691 0.16765649616718292 -0.1595628261566162 -0.24480825662612915 -0.11600623279809952 0.9626064896583557 -0.007907718420028687
1305031456.127645 0.9466041326522827 -0.23589813709259033 0.21975556015968323 -0.37969446182250977 0.19949007034301758 0.96404629945755 0.17555207014083862 -0.17071641981601715 -0.2532669007778168 -0.12233927845954895 0.9596295356750488 -0.006327465176582336
1305031456.159731 0.9436304569244385 -0.2384926974773407 0.2295272946357727 -0.3855518400669098 0.19748817384243011 0.9621453285217285 0.18781547248363495 -0.1887272745370865 -0.2656312584877014 -0.13189946115016937 0.9550092220306396 -0.003423333168029785
1305031456.191658 0.9387643337249756 -0.24243664741516113 0.24483884871006012 -0.38753175735473633 0.20029045641422272 0.9621575474739075 0.1847611963748932 -0.19944079220294952 -0.2803663909435272 -0.12440831959247589 0.9517968893051147 -0.001712799072265625
1305031456.227678 0.9320440888404846 -0.24522154033184052 0.26675865054130554 -0.39621350169181824 0.20253874361515045 0.9630315899848938 0.17761774361133575 -0.19585536420345306 -0.30045270919799805 -0.11151859164237976 0.9472548365592957 -0.0017469525337219238
1305031456.259614 0.923639714717865 -0.2528524696826935 0.28801971673965454 -0.4025120735168457 0.20375625789165497 0.9604544043540955 0.1897645741701126 -0.20781928300857544 -0.3246122896671295 -0.11658824980258942 0.9386342167854309 0.005855366587638855
1305031456.291675 0.9138960838317871 -0.26193755865097046 0.31013351678848267 -0.4078628718852997 0.2090585082769394 0.9585585594177246 0.1935451179742813 -0.21947398781776428 -0.34797799587249756 -0.11204403638839722 0.9307832717895508 0.012510299682617188
1305031456.327718 0.9036231637001038 -0.2716257870197296 0.33118677139282227 -0.4115212857723236 0.21715521812438965 0.956990122795105 0.19238907098770142 -0.2278691530227661 -0.36920037865638733 -0.10192827135324478 0.9237434267997742 0.019818052649497986
1305031456.359846 0.8917807936668396 -0.2778050899505615 0.3571433424949646 -0.4219239354133606 0.2228987067937851 0.9566312432289124 0.1875443458557129 -0.22761479020118713 -0.3937552273273468 -0.08764167129993439 0.9150276184082031 0.022666558623313904
1305031456.391619 0.87980055809021 -0.2867518663406372 0.3791100084781647 -0.4241066575050354 0.22514614462852478 0.9537990093231201 0.19893932342529297 -0.24107268452644348 -0.41864094138145447 -0.0896717831492424 0.9037137031555176 0.03658697009086609
1305031456.427662 0.8644745349884033 -0.2926388382911682 0.40871310234069824 -0.4376329183578491 0.23276321589946747 0.9536890983581543 0.19052132964134216 -0.2432592511177063 -0.4455391466617584 -0.0695674791932106 0.892555296421051 0.04942891001701355
1305031456.45961 0.8538581132888794 -0.30078649520874023 0.4247986078262329 -0.4548680782318115 0.24191458523273468 0.9519516825675964 0.18779122829437256 -0.2377566695213318 -0.4608727991580963 -0.05758211761713028 0.8855961561203003 0.061325594782829285
1305031456.491677 0.8488900065422058 -0.31536081433296204 0.42418545484542847 -0.46410587430000305 0.25183647871017456 0.9468826651573181 0.19997909665107727 -0.24126258492469788 -0.4647194445133209 -0.06293492019176483 0.88321852684021 0.07606841623783112
1305031456.527641 0.8464508652687073 -0.32865214347839355 0.4189375340938568 -0.4701594412326813 0.26251402497291565 0.9420966506004333 0.2086631953716278 -0.24273201823234558 -0.4632572829723358 -0.06664619594812393 0.8837143182754517 0.08932870626449585
1305031456.559608 0.8416924476623535 -0.3432958126068115 0.41677552461624146 -0.4700552821159363 0.27251020073890686 0.9364305138587952 0.2209891676902771 -0.255144327878952 -0.4661458134651184 -0.07242931425571442 0.8817380666732788 0.10607510805130005
1305031456.591651 0.8336626887321472 -0.3499235510826111 0.4272705614566803 -0.47933369874954224 0.28256654739379883 0.9349808692932129 0.21439942717552185 -0.2451915740966797 -0.47451311349868774 -0.05800442770123482 0.878335177898407 0.1147986650466919
1305031456.627612 0.8245831727981567 -0.3670688569545746 0.43049177527427673 -0.4898269772529602 0.2911587059497833 0.9277701377868652 0.23338636755943298 -0.23456399142742157 -0.4850662648677826 -0.06710502505302429 0.8718988299369812 0.12678781151771545
1305031456.659665 0.8138220310211182 -0.3962339758872986 0.4250793159008026 -0.48506996035575867 0.30260300636291504 0.913444995880127 0.2721205949783325 -0.25597265362739563 -0.4961099624633789 -0.09282737225294113 0.8632831573486328 0.14722223579883575
1305031456.691612 0.8022767901420593 -0.41043621301651 0.4334673583507538 -0.49226975440979004 0.31831690669059753 0.9084224700927734 0.27100345492362976 -0.2586577534675598 -0.5050011277198792 -0.07943974435329437 0.8594551086425781 0.15929798781871796
1305031456.727693 0.7912867069244385 -0.4291597902774811 0.4355309307575226 -0.5040557980537415 0.3374766707420349 0.9005128145217896 0.2742009162902832 -0.24942271411418915 -0.5098772048950195 -0.06998994201421738 0.8573951721191406 0.1745731234550476
1305031456.759615 0.7859541773796082 -0.4485626816749573 0.4255203902721405 -0.5086886286735535 0.3487376868724823 0.8899209499359131 0.29397740960121155 -0.26868870854377747 -0.510546863079071 -0.08265773952007294 0.8558677434921265 0.19069866836071014
1305031456.791649 0.7853373885154724 -0.45433834195137024 0.4205016493797302 -0.5167137980461121 0.36410701274871826 0.8883338570594788 0.27980196475982666 -0.26996687054634094 -0.5006704926490784 -0.06663136929273605 0.8630696535110474 0.20812878012657166
1305031456.827603 0.7821898460388184 -0.4653753936290741 0.41425207257270813 -0.5222473740577698 0.3824244439601898 0.8835173845291138 0.27046018838882446 -0.2547362446784973 -0.49186432361602783 -0.053131103515625 0.8690492510795593 0.2188134342432022
1305031456.859634 0.7756046056747437 -0.4823063910007477 0.4072073698043823 -0.5217871069908142 0.393875390291214 0.873907208442688 0.28486573696136475 -0.2580338716506958 -0.4932539463043213 -0.06055424362421036 0.8677750825881958 0.23275822401046753
1305031456.891672 0.7696223258972168 -0.49344998598098755 0.4052017331123352 -0.5180364847183228 0.401607483625412 0.8674728274345398 0.2936025857925415 -0.2639941871166229 -0.49637964367866516 -0.06323111057281494 0.8657997250556946 0.24238106608390808
1305031456.92769 0.7577657103538513 -0.4979514479637146 0.4217052757740021 -0.5267911553382874 0.40970373153686523 0.8660726547241211 0.2864624559879303 -0.26048001646995544 -0.5078718662261963 -0.04429720342159271 0.8602927923202515 0.2548551559448242
1305031456.959667 0.7462773323059082 -0.5052169561386108 0.43338891863822937 -0.5394924879074097 0.41717344522476196 0.8623487949371338 0.28691592812538147 -0.24985343217849731 -0.5186871886253357 -0.03332049399614334 0.8543144464492798 0.2657553255558014
1305031456.991709 0.7385944128036499 -0.517825186252594 0.43166589736938477 -0.5427436232566833 0.417495995759964 0.8540876507759094 0.3102116286754608 -0.25835004448890686 -0.5293158292770386 -0.04890178143978119 0.847014307975769 0.2790060043334961
1305031457.027648 0.7307248115539551 -0.5231776237487793 0.4385504424571991 -0.5505878329277039 0.4193713366985321 0.8509130477905273 0.31634587049484253 -0.26134416460990906 -0.5386732816696167 -0.04724624380469322 0.841188907623291 0.28956830501556396
1305031457.059621 0.7202240824699402 -0.532372772693634 0.4448106586933136 -0.562246561050415 0.42718270421028137 0.8455325365066528 0.32029634714126587 -0.2552459239959717 -0.5466188788414001 -0.04066972807049751 0.8363933563232422 0.29535889625549316
1305031457.091655 0.7113237380981445 -0.5495883226394653 0.438145250082016 -0.5640625953674316 0.43190011382102966 0.8335732817649841 0.34440943598747253 -0.2641788721084595 -0.5545095205307007 -0.05575159564614296 0.83030766248703 0.30169397592544556
1305031457.127632 0.6994684338569641 -0.5621792674064636 0.4412466883659363 -0.566947877407074 0.4359591603279114 0.8248829245567322 0.35987213253974915 -0.2758193016052246 -0.5662893652915955 -0.059353604912757874 0.8220665454864502 0.3089485168457031
1305031457.159693 0.6843568086624146 -0.5687406659126282 0.4562780559062958 -0.5790935754776001 0.4416114091873169 0.8212429285049438 0.3613024353981018 -0.27906861901283264 -0.5802025198936462 -0.04576224833726883 0.813185453414917 0.31483009457588196
1305031457.191735 0.669613242149353 -0.5753905773162842 0.4696207046508789 -0.5929296016693115 0.4466175138950348 0.8171608448028564 0.36439117789268494 -0.28191983699798584 -0.5934228897094727 -0.03426036238670349 0.8041612505912781 0.3176097869873047
1305031457.227543 0.6555799245834351 -0.5881398916244507 0.4736098349094391 -0.60201495885849 0.45209336280822754 0.8080659508705139 0.37767863273620605 -0.29041627049446106 -0.6048358082771301 -0.03348267450928688 0.7956458330154419 0.32079389691352844
1305031457.259691 0.6431725025177002 -0.5973222851753235 0.4790981709957123 -0.6045461893081665 0.4582720100879669 0.8015300631523132 0.38410457968711853 -0.3049198389053345 -0.6134457588195801 -0.027488214895129204 0.7892582416534424 0.32261425256729126
1305031457.291656 0.6256604194641113 -0.5984671711921692 0.5003858208656311 -0.6207699775695801 0.46319594979286194 0.8011295199394226 0.37900015711784363 -0.3121206760406494 -0.6276929378509521 -0.005348786246031523 0.7784425616264343 0.3260648250579834
1305031457.327548 0.6066290140151978 -0.6013214588165283 0.5200132131576538 -0.6379494667053223 0.4655804932117462 0.7989295721054077 0.3807185888290405 -0.315463662147522 -0.64438796043396 0.011152965016663074 0.7646173238754272 0.3272438645362854
1305031457.359712 0.5879700779914856 -0.6093785762786865 0.5319292545318604 -0.647917628288269 0.46552273631095886 0.7927135229110718 0.393565833568573 -0.32830891013145447 -0.6614980101585388 0.016220146790146828 0.7497714757919312 0.32878196239471436
1305031457.391684 0.5646613836288452 -0.6154620051383972 0.5498763918876648 -0.659636378288269 0.4719066619873047 0.7873668074607849 0.3966834843158722 -0.3418138027191162 -0.6770979166030884 0.03549841791391373 0.7350362539291382 0.3291775584220886
1305031457.427641 0.5408540368080139 -0.619450569152832 0.5689970850944519 -0.6818142533302307 0.475246787071228 0.783204972743988 0.4009118378162384 -0.352671355009079 -0.6939864754676819 0.05357927456498146 0.7179915308952332 0.3390982151031494
1305031457.459614 0.5304012894630432 -0.6252545714378357 0.5724781155586243 -0.6941990852355957 0.4809286892414093 0.7780378460884094 0.4041840434074402 -0.3643537163734436 -0.6981275677680969 0.0609414167702198 0.7133750915527344 0.3405606746673584
1305031457.491705 0.5228511691093445 -0.6310416460037231 0.5730733871459961 -0.7017697691917419 0.4857773184776306 0.7730158567428589 0.40800368785858154 -0.37966257333755493 -0.7004621624946594 0.06506088376045227 0.7107177972793579 0.3406267762184143
1305031457.527638 0.5153671503067017 -0.6321147680282593 0.5786429047584534 -0.711670994758606 0.4889017939567566 0.771428108215332 0.4072757363319397 -0.39424049854278564 -0.7038264274597168 0.07300299406051636 0.7066108584403992 0.3375054597854614
1305031457.559685 0.5041621327400208 -0.6313458681106567 0.589256227016449 -0.7256391048431396 0.49195459485054016 0.7707449197769165 0.40488630533218384 -0.40438759326934814 -0.7097895741462708 0.08575894683599472 0.6991739273071289 0.33670303225517273
1305031457.591678 0.49177008867263794 -0.6300384402275085 0.6010105609893799 -0.7431227564811707 0.4933449923992157 0.7703709602355957 0.4039049446582794 -0.414215087890625 -0.7174767851829529 0.09787717461585999 0.6896717548370361 0.340946227312088
1305031457.627526 0.48547354340553284 -0.6343189477920532 0.6016268730163574 -0.7486991882324219 0.49551886320114136 0.7665961384773254 0.4084011912345886 -0.4279893636703491 -0.7202614545822144 0.09984952211380005 0.6864790320396423 0.34455183148384094
1305031457.659632 0.4764740467071533 -0.6321017146110535 0.6110810041427612 -0.7676668167114258 0.5019447207450867 0.766218900680542 0.4011981785297394 -0.4326125383377075 -0.7218199372291565 0.11556842923164368 0.6823635101318359 0.34495776891708374
1305031457.69157 0.471232146024704 -0.6416225433349609 0.6051946878433228 -0.7768904566764832 0.5035452842712402 0.7590500712394714 0.4126559793949127 -0.44572192430496216 -0.7241425514221191 0.11028619110584259 0.6807749271392822 0.34945690631866455
1305031457.727669 0.4713198244571686 -0.6444218754768372 0.6021444201469421 -0.7787852883338928 0.4998350739479065 0.7576751708984375 0.4196343719959259 -0.46392595767974854 -0.7266516089439392 0.10319092869758606 0.6792121529579163 0.35229846835136414
1305031457.759556 0.47056904435157776 -0.6414420008659363 0.6059015989303589 -0.7845145463943481 0.4965793192386627 0.7601326107978821 0.4190552234649658 -0.4796898365020752 -0.729365348815918 0.10368377715349197 0.6762217283248901 0.35243383049964905
1305031457.791567 0.46694403886795044 -0.6383687853813171 0.6119220852851868 -0.7812533974647522 0.493104487657547 0.7623881697654724 0.4190610647201538 -0.5042163133621216 -0.7340376973152161 0.10606342554092407 0.6707751154899597 0.3488643765449524
1305031457.827699 0.4535313844680786 -0.6228901743888855 0.6374301314353943 -0.8001528978347778 0.4915480613708496 0.7714223265647888 0.40408942103385925 -0.5070987939834595 -0.7434310913085938 0.13006030023097992 0.656044602394104 0.352573037147522
1305031457.859623 0.44181233644485474 -0.622469961643219 0.6460132598876953 -0.8048621416091919 0.48624280095100403 0.7713144421577454 0.41066035628318787 -0.5229817032814026 -0.7539030313491821 0.13268443942070007 0.6434478163719177 0.35514572262763977
1305031457.891593 0.43016597628593445 -0.6182003617286682 0.6578643918037415 -0.8054504990577698 0.48182615637779236 0.7734814286231995 0.4117888808250427 -0.5491470694541931 -0.7634139060974121 0.13983871042728424 0.6305904984474182 0.3594098687171936
1305031457.927633 0.41552382707595825 -0.6017763614654541 0.6820595264434814 -0.8231460452079773 0.48678046464920044 0.7805633544921875 0.3921296298503876 -0.5567783713340759 -0.7683649063110352 0.16907402873039246 0.6172756552696228 0.37022653222084045
1305031457.959632 0.4054829180240631 -0.5958346128463745 0.6932276487350464 -0.8346276879310608 0.4895193576812744 0.7820004820823669 0.3858056962490082 -0.5668574571609497 -0.7719808220863342 0.18291078507900238 0.6087603569030762 0.3850487470626831
1305031457.991644 0.4036649763584137 -0.5908553004264832 0.6985302567481995 -0.8353883028030396 0.490993857383728 0.7841414213180542 0.37953561544418335 -0.5781911015510559 -0.7719971537590027 0.18976889550685883 0.606636643409729 0.3917005658149719
1305031458.027845 0.39884451031684875 -0.5834153294563293 0.7074953317642212 -0.8358951807022095 0.4941801130771637 0.7866479158401489 0.3700961768627167 -0.5939728021621704 -0.7724694013595581 0.20201930403709412 0.6020624041557312 0.3911002278327942
1305031458.059689 0.38695067167282104 -0.5705671310424805 0.7243772149085999 -0.8493832945823669 0.4989128112792969 0.7902016639709473 0.3559035658836365 -0.5926140546798706 -0.7754709720611572 0.22368395328521729 0.5904322862625122 0.4006994962692261
1305031458.09169 0.3754415512084961 -0.5701759457588196 0.7307142615318298 -0.8555380702018738 0.4960513412952423 0.7895819544792175 0.3612387776374817 -0.5979552865028381 -0.7829282879829407 0.2268475890159607 0.5792783498764038 0.42064839601516724
1305031458.127605 0.366587370634079 -0.5730630159378052 0.7329477667808533 -0.8569962978363037 0.4911665618419647 0.7882693409919739 0.3706573247909546 -0.6116480827331543 -0.7901703119277954 0.2241211086511612 0.5704390406608582 0.4372824728488922
1305031458.159638 0.357687771320343 -0.5730360150337219 0.7373529076576233 -0.8594169616699219 0.4915732741355896 0.7868790626525879 0.37306445837020874 -0.6238969564437866 -0.7939867973327637 0.22902236878871918 0.56314617395401 0.4549204707145691
1305031458.191646 0.352282851934433 -0.5741921067237854 0.7390536069869995 -0.8673487901687622 0.49823516607284546 0.7835358381271362 0.37125900387763977 -0.6249048709869385 -0.7922489643096924 0.23743432760238647 0.5621089339256287 0.4710521697998047
1305031458.227611 0.348894864320755 -0.585578978061676 0.7316895723342896 -0.8696471452713013 0.4947494566440582 0.7781748175621033 0.38686805963516235 -0.6366979479789734 -0.7959240078926086 0.2270268201828003 0.5612160563468933 0.49781692028045654
1305031458.259934 0.3533312976360321 -0.5940704345703125 0.7226598858833313 -0.8551794290542603 0.49170297384262085 0.7751098275184631 0.39677828550338745 -0.660753607749939 -0.795854926109314 0.21513985097408295 0.5659767389297485 0.5142009854316711
1305031458.291664 0.3574918508529663 -0.5799382925033569 0.7320322394371033 -0.8618906736373901 0.4945606589317322 0.7824620008468628 0.37836891412734985 -0.666804313659668 -0.7922179698944092 0.22677059471607208 0.566538393497467 0.5358712077140808
1305031458.327628 0.36500877141952515 -0.5810562968254089 0.7274216413497925 -0.8592149615287781 0.504564106464386 0.780097246170044 0.3699505031108856 -0.6701599359512329 -0.7824215888977051 0.23199567198753357 0.577922523021698 0.5480639934539795
1305031458.35959 0.3650077283382416 -0.5789644122123718 0.729088306427002 -0.8483573198318481 0.502736508846283 0.7816997766494751 0.3690548241138458 -0.6974292993545532 -0.7835976481437683 0.23183144629001617 0.5763929486274719 0.5737948417663574
1305031458.391626 0.36154550313949585 -0.5635011792182922 0.7427995204925537 -0.8517681360244751 0.5184454917907715 0.7836705446243286 0.3421619236469269 -0.6908948421478271 -0.774918794631958 0.2613939344882965 0.5754773616790771 0.5903695821762085
1305031458.427598 0.3521307110786438 -0.5608292818069458 0.7493160963058472 -0.8503047227859497 0.5346376895904541 0.7776504158973694 0.33079057931900024 -0.6915408968925476 -0.7682229280471802 0.2841310501098633 0.5736751556396484 0.6008897423744202
1305031458.459637 0.3406530022621155 -0.5542678236961365 0.759435772895813 -0.8386006355285645 0.5503039956092834 0.7724734544754028 0.3169386386871338 -0.6946769952774048 -0.7623128294944763 0.3099544644355774 0.5681613087654114 0.6020772457122803
1305031458.491696 0.32440391182899475 -0.5214839577674866 0.7891873121261597 -0.8289268016815186 0.5431533455848694 0.7857494354248047 0.2959432601928711 -0.7034846544265747 -0.7744331359863281 0.3326444625854492 0.5381460785865784 0.6234241724014282
1305031458.527737 0.30833739042282104 -0.48416846990585327 0.8188461065292358 -0.8336606025695801 0.5432115197181702 0.7962564826011658 0.2662647068500519 -0.6835505962371826 -0.7809284925460815 0.362707257270813 0.508521556854248 0.6453278660774231
1305031458.559628 0.29561859369277954 -0.468530535697937 0.8325195908546448 -0.832388699054718 0.5351415872573853 0.8031187653541565 0.2619611918926239 -0.6822988986968994 -0.791348934173584 0.36807531118392944 0.4881470501422882 0.6613945960998535
1305031458.591641 0.2912425398826599 -0.4449857771396637 0.8468561768531799 -0.8251609802246094 0.5238386988639832 0.8149036169052124 0.2480425089597702 -0.6772596836090088 -0.8004815578460693 0.37137556076049805 0.47043532133102417 0.6865289211273193
1305031458.627659 0.2921296954154968 -0.42490607500076294 0.8568050861358643 -0.8348816633224487 0.5187697410583496 0.8230347633361816 0.23128297924995422 -0.6509390473365784 -0.8034539818763733 0.3769198954105377 0.4608612060546875 0.7153475284576416
1305031458.659623 0.29095789790153503 -0.4310775101184845 0.8541169762611389 -0.8327516317367554 0.5173666477203369 0.8218439817428589 0.23854635655879974 -0.6472405195236206 -0.8047827482223511 0.3724846839904785 0.462147057056427 0.7478032112121582
1305031458.691674 0.32205653190612793 -0.4347338080406189 0.8410031199455261 -0.8313365578651428 0.5079412460327148 0.828995406627655 0.23401394486427307 -0.6444053053855896 -0.7989214658737183 0.3518144488334656 0.48780253529548645 0.7681481838226318
1305031458.72765 0.3559337258338928 -0.44542205333709717 0.8215293288230896 -0.8113741874694824 0.5083017945289612 0.8299614191055298 0.22976821660995483 -0.6503839492797852 -0.784181535243988 0.3358026146888733 0.5218200087547302 0.7691456079483032
1305031458.759945 0.38669323921203613 -0.4184820055961609 0.8217915296554565 -0.8125742077827454 0.4969463050365448 0.8452231884002686 0.19657646119594574 -0.6372657418251038 -0.7768608927726746 0.33237147331237793 0.5348050594329834 0.7931646704673767
1305031458.791632 0.42682012915611267 -0.4112273156642914 0.8054294586181641 -0.8041391372680664 0.49219387769699097 0.8527984619140625 0.17458488047122955 -0.6177753210067749 -0.7586631178855896 0.32191112637519836 0.5663952231407166 0.8006603121757507
1305031458.827564 0.44677114486694336 -0.41967663168907166 0.7901057004928589 -0.7897694110870361 0.49349868297576904 0.8522397875785828 0.1736275553703308 -0.607764482498169 -0.7462269067764282 0.31234437227249146 0.5878660678863525 0.8053591251373291
1305031458.859887 0.45874837040901184 -0.42247363924980164 0.7817069888114929 -0.7779272794723511 0.4913354814052582 0.8536171317100525 0.1729949712753296 -0.617743194103241 -0.7403643727302551 0.30471929907798767 0.5991717576980591 0.8048996925354004
1305031458.891665 0.46485233306884766 -0.4013514518737793 0.7891953587532043 -0.7760365009307861 0.4788535237312317 0.863707423210144 0.1571904867887497 -0.6093015670776367 -0.7447225451469421 0.3048386871814728 0.5936850309371948 0.8123189210891724
1305031458.927621 0.4494863450527191 -0.4067762792110443 0.7952955961227417 -0.7795391082763672 0.485857218503952 0.8584246635437012 0.16446802020072937 -0.6058819890022278 -0.7496030926704407 0.31247395277023315 0.5834856033325195 0.8210757970809937
1305031458.959617 0.4250577986240387 -0.42943239212036133 0.7968147397041321 -0.7755484580993652 0.49988600611686707 0.8452463746070862 0.18887165188789368 -0.6130992770195007 -0.754612386226654 0.31803521513938904 0.573945939540863 0.8352404832839966
1305031458.991647 0.40958523750305176 -0.4385617673397064 0.7999396324157715 -0.7624349594116211 0.5035142302513123 0.8398842215538025 0.202651709318161 -0.6385837197303772 -0.760732114315033 0.3197779059410095 0.5648264288902283 0.8506459593772888
1305031459.027665 0.40699392557144165 -0.42378905415534973 0.8091716766357422 -0.771183431148529 0.5043860077857971 0.8428258895874023 0.18772083520889282 -0.6545912623405457 -0.761544942855835 0.3317336142063141 0.5567783713340759 0.8714504837989807
1305031459.059631 0.4037804901599884 -0.42033636569976807 0.8125753998756409 -0.7796153426170349 0.5213248133659363 0.8355985879898071 0.17319199442863464 -0.6666911840438843 -0.7517855763435364 0.35368430614471436 0.5565301775932312 0.89239102602005
1305031459.09165 0.4075499176979065 -0.42407655715942383 0.8087411522865295 -0.7897378206253052 0.5466418862342834 0.8227190375328064 0.15593601763248444 -0.6966932415962219 -0.7314954400062561 0.37854012846946716 0.5671170353889465 0.9104554653167725
1305031459.127618 0.4400586187839508 -0.418748140335083 0.7943542003631592 -0.7959251403808594 0.5647433996200562 0.8168251514434814 0.11773543804883957 -0.7136914730072021 -0.6981497406959534 0.3967958688735962 0.5959361791610718 0.9258997440338135
1305031459.159639 0.4743860960006714 -0.4118812084197998 0.7780179977416992 -0.7946958541870117 0.5790748596191406 0.8116667866706848 0.07661154866218567 -0.7102921605110168 -0.66304612159729 0.4141872525215149 0.623553454875946 0.9421384334564209
1305031459.191674 0.4947854280471802 -0.414629191160202 0.7637211680412292 -0.7938980460166931 0.5965237021446228 0.8011302351951599 0.04847411438822746 -0.7090758085250854 -0.6319389343261719 0.4315934479236603 0.643723726272583 0.9547842741012573
1305031459.227607 0.4973836839199066 -0.42715322971343994 0.7550824880599976 -0.8068053126335144 0.6153473854064941 0.7872401475906372 0.04000668227672577 -0.7187753319740295 -0.6115202307701111 0.4447394609451294 0.6544080376625061 0.9652379155158997
1305031459.25976 0.495270699262619 -0.43832308053970337 0.7500531673431396 -0.7980058193206787 0.6317326426506042 0.7743778228759766 0.035396065562963486 -0.7108978629112244 -0.5963394641876221 0.4563024640083313 0.6604295969009399 0.9739406108856201
1305031459.29169 0.4742395579814911 -0.44920268654823303 0.7571748495101929 -0.7887412309646606 0.6499661803245544 0.7587432265281677 0.043041352182626724 -0.6940352320671082 -0.5938356518745422 0.4717261791229248 0.6517926454544067 0.9810322523117065
1305031459.327632 0.425915002822876 -0.46259555220603943 0.7775614261627197 -0.7847757935523987 0.6711665987968445 0.7378655076026917 0.0713428258895874 -0.6954699158668518 -0.6067386865615845 0.49148720502853394 0.6247466206550598 0.9912638068199158
1305031459.359651 0.3701311945915222 -0.46396133303642273 0.804824709892273 -0.7889541983604431 0.6933329701423645 0.7145805954933167 0.09308065474033356 -0.6909842491149902 -0.6182979941368103 0.5235594511032104 0.5861681699752808 1.001848816871643
1305031459.391667 0.299324631690979 -0.4949266016483307 0.8157526254653931 -0.7957503795623779 0.735918402671814 0.6639231443405151 0.13277889788150787 -0.678379476070404 -0.6073129773139954 0.5605834126472473 0.5629540681838989 0.993073046207428
1305031459.427646 0.20092280209064484 -0.5035604238510132 0.8402718901634216 -0.8035818934440613 0.7559192180633545 0.6252718567848206 0.1939620077610016 -0.6657097339630127 -0.6230701208114624 0.5962063670158386 0.506282389163971 1.017228126525879
1305031459.459679 0.10044006258249283 -0.49097317457199097 0.8653652667999268 -0.8034957647323608 0.7680606245994568 0.5911406874656677 0.24624311923980713 -0.6609405279159546 -0.6324514746665955 0.6399203538894653 0.4364713728427887 1.0517146587371826
1305031459.491555 0.0022241175174713135 -0.5050417184829712 0.8630921840667725 -0.8223559856414795 0.794677734375 0.5248160362243652 0.3050500750541687 -0.6668230891227722 -0.6070274710655212 0.6852016448974609 0.4025126099586487 1.0649776458740234
1305031459.527594 -0.08538393676280975 -0.5157897472381592 0.8524497151374817 -0.8307503461837769 0.8013096451759338 0.47291502356529236 0.36640721559524536 -0.6786983609199524 -0.592125415802002 0.7143614292144775 0.37292808294296265 1.0834749937057495
1305031459.559647 -0.14200983941555023 -0.5018513798713684 0.8532165884971619 -0.8385741114616394 0.7977299690246582 0.45230039954185486 0.3988122045993805 -0.683616042137146 -0.5860545039176941 0.7372716069221497 0.3361109495162964 1.110624074935913
1305031459.591695 -0.1763802021741867 -0.49583113193511963 0.8503185510635376 -0.8483554124832153 0.8004763126373291 0.4304693639278412 0.41705355048179626 -0.6894766092300415 -0.5728240609169006 0.7542197704315186 0.3209749460220337 1.131035327911377
1305031459.627608 -0.19245180487632751 -0.5095707178115845 0.8386299014091492 -0.848635196685791 0.8056745529174805 0.40584105253219604 0.4314875304698944 -0.6987522840499878 -0.5602236986160278 0.7587031722068787 0.3324435353279114 1.1311216354370117
1305031459.659641 -0.20752200484275818 -0.5005459189414978 0.8404691815376282 -0.8509325981140137 0.7991880178451538 0.40871289372444153 0.4407404363155365 -0.7023346424102783 -0.5641213059425354 0.7631562948226929 0.31521356105804443 1.145817756652832
1305031459.691604 -0.2386431246995926 -0.49434351921081543 0.835867166519165 -0.857946515083313 0.7891852259635925 0.40285345911979675 0.46356847882270813 -0.7095944881439209 -0.5658940672874451 0.7702814340591431 0.29399043321609497 1.1633144617080688
1305031459.727551 -0.26373496651649475 -0.5005292296409607 0.8245691657066345 -0.8570228815078735 0.7769194841384888 0.39642009139060974 0.4891290068626404 -0.7312926054000854 -0.5716991424560547 0.7696242928504944 0.2843210995197296 1.172978401184082
1305031459.759635 -0.272060364484787 -0.49986883997917175 0.8222616910934448 -0.8596106767654419 0.7678940296173096 0.40219640731811523 0.49857479333877563 -0.7532769441604614 -0.5799327492713928 0.7670522928237915 0.27442455291748047 1.1794224977493286
1305031459.79165 -0.28069010376930237 -0.49740031361579895 0.8208568692207336 -0.8596757054328918 0.7585036158561707 0.40909504890441895 0.5072608590126038 -0.7743964195251465 -0.5881202220916748 0.7650060057640076 0.26245108246803284 1.1960301399230957
1305031459.827664 -0.27705714106559753 -0.4976930618286133 0.8219130039215088 -0.8608392477035522 0.7547946572303772 0.4165918529033661 0.5066913366317749 -0.7871665358543396 -0.5945791006088257 0.7607580423355103 0.26023635268211365 1.2098276615142822
1305031459.85966 -0.28017738461494446 -0.5069952607154846 0.8151419162750244 -0.8581759929656982 0.7481880187988281 0.41667884588241577 0.5163267850875854 -0.8073558807373047 -0.6014277338981628 0.7545424699783325 0.26258382201194763 1.226589560508728
1305031459.891596 -0.27634498476982117 -0.5156077146530151 0.8110376000404358 -0.849328875541687 0.7560809254646301 0.40431395173072815 0.5146573185920715 -0.8114449977874756 -0.5932751297950745 0.7554330825805664 0.2781108021736145 1.2314393520355225
1305031459.927607 -0.2768285870552063 -0.5142486095428467 0.8117352724075317 -0.8444738388061523 0.758626401424408 0.4015268385410309 0.5130909085273743 -0.8222246170043945 -0.5897897481918335 0.7578421235084534 0.27896836400032043 1.243516445159912
1305031459.95965 -0.28391534090042114 -0.5217656493186951 0.8044579029083252 -0.843018651008606 0.7541462182998657 0.3966229557991028 0.5234057903289795 -0.8484969139099121 -0.5921617746353149 0.7552818059921265 0.28088030219078064 1.256973147392273
1305031459.991725 -0.2919921278953552 -0.5305820107460022 0.7957533597946167 -0.838123083114624 0.7585769295692444 0.37824928760528564 0.5305548906326294 -0.8662246465682983 -0.5824960470199585 0.758557915687561 0.29204145073890686 1.258821964263916
1305031460.027565 -0.2899337708950043 -0.5291589498519897 0.7974517345428467 -0.8272486925125122 0.7651922106742859 0.37229079008102417 0.5252431631088257 -0.862251877784729 -0.5748209357261658 0.7624896168708801 0.2969686985015869 1.261810541152954
1305031460.059659 -0.29709210991859436 -0.526421070098877 0.7966285943984985 -0.8213088512420654 0.7632652521133423 0.3703657388687134 0.5293915271759033 -0.8793996572494507 -0.5737267732620239 0.7653169631958008 0.2917661964893341 1.274090051651001
1305031460.091717 -0.3038884699344635 -0.5242062211036682 0.7955247759819031 -0.8136560916900635 0.7695242762565613 0.3572348356246948 0.5293540954589844 -0.8994267582893372 -0.5616799592971802 0.7730401158332825 0.2948298752307892 1.2854106426239014
1305031460.12769 -0.3015170097351074 -0.5194949507713318 0.799507737159729 -0.8043688535690308 0.7860581278800964 0.3391450345516205 0.5168105363845825 -0.9106391668319702 -0.5396293997764587 0.7842867970466614 0.3060952126979828 1.29026198387146
1305031460.159678 -0.295192152261734 -0.5158525109291077 0.8042125701904297 -0.8042478561401367 0.801468551158905 0.32450827956199646 0.5023369193077087 -0.9192640781402588 -0.5201054811477661 0.7928369641304016 0.31764718890190125 1.2914670705795288
1305031460.191559 -0.2939637005329132 -0.5212376713752747 0.8011845350265503 -0.7965645790100098 0.8125486373901367 0.3051323890686035 0.496647447347641 -0.925258994102478 -0.5033386945724487 0.7969978451728821 0.33383312821388245 1.2923635244369507
1305031460.227761 -0.2949630916118622 -0.519949734210968 0.8016539812088013 -0.7793666124343872 0.8191365599632263 0.2943536043167114 0.49231231212615967 -0.922360360622406 -0.49194732308387756 0.801878035068512 0.33908629417419434 1.293161153793335
1305031460.259667 -0.30831217765808105 -0.5108674764633179 0.8024699687957764 -0.7709687352180481 0.8121347427368164 0.2979126572608948 0.5016822814941406 -0.9316396117210388 -0.49535900354385376 0.8063886761665344 0.3230431079864502 1.2979753017425537
1305031460.291689 -0.3210982382297516 -0.5080298185348511 0.7992506623268127 -0.7677290439605713 0.8027287125587463 0.3018067479133606 0.5143337845802307 -0.9421471357345581 -0.5025161504745483 0.8067331314086914 0.31090047955513 1.296820878982544
1305031460.327512 -0.33753883838653564 -0.500248372554779 0.7973827123641968 -0.7587850093841553 0.7950307130813599 0.3020307719707489 0.5260261297225952 -0.9503117799758911 -0.5039777159690857 0.8114979863166809 0.2957656979560852 1.2995264530181885
1305031460.35963 -0.35399430990219116 -0.49263274669647217 0.7949849367141724 -0.7525776028633118 0.7862139940261841 0.30360904335975647 0.5382278561592102 -0.9546951055526733 -0.5065131783485413 0.8155577778816223 0.279838889837265 1.3064565658569336
1305031460.391611 -0.3772669732570648 -0.49216872453689575 0.7844996452331543 -0.7417081594467163 0.7749615907669067 0.296022891998291 0.5583949685096741 -0.9629682302474976 -0.5070543885231018 0.818621039390564 0.26973217725753784 1.305798053741455
1305031460.427477 -0.402251660823822 -0.48221755027770996 0.7782415151596069 -0.7350204586982727 0.7639023065567017 0.29175159335136414 0.5756165385246277 -0.971930205821991 -0.5046255588531494 0.8260431885719299 0.2510094940662384 1.3108787536621094
1305031460.45962 -0.42692628502845764 -0.4732095003128052 0.7705885767936707 -0.7254585027694702 0.7506482601165771 0.2897201478481293 0.5937926173210144 -0.9719638228416443 -0.5042433142662048 0.8319464921951294 0.2315247356891632 1.31531822681427
1305031460.491504 -0.45967233180999756 -0.46666720509529114 0.7555945515632629 -0.7231220006942749 0.7314057946205139 0.2836575508117676 0.6201483607292175 -0.9808796048164368 -0.5037329196929932 0.8377112746238708 0.2109335958957672 1.3225103616714478
1305031460.52757 -0.4971345067024231 -0.4654374122619629 0.7322741150856018 -0.7115043997764587 0.7132038474082947 0.26145535707473755 0.6503703594207764 -0.9950991868972778 -0.4941636323928833 0.8455821871757507 0.20197322964668274 1.324123740196228
