1305031108.543737 0.9999516606330872 0.003204540116712451 0.009288993664085865 0.01464714203029871 -0.003143369685858488 0.9999733567237854 -0.006592432036995888 -0.0038309027440845966 -0.009309870190918446 0.006562916096299887 0.9999351501464844 0.0022625750862061977
1305031108.575414 0.9997095465660095 0.005954470951110125 0.023350641131401062 0.019178859889507294 -0.005669266916811466 0.9999087452888489 -0.012261180207133293 -0.0030609501991420984 -0.023421522229909897 0.012125239707529545 0.999652087688446 -0.0002388149732723832
1305031108.611407 0.9988213181495667 0.007545145694166422 0.047948043793439865 0.016319185495376587 -0.007024799473583698 0.9999147057533264 -0.011011541821062565 -0.0042290352284908295 -0.04802703112363815 0.010661737062036991 0.9987891316413879 0.0022087697871029377
1305031108.643303 0.9989385008811951 0.001359169720672071 0.0460418239235878 0.03927132859826088 -0.0010825240751728415 0.9999812245368958 -0.006032971665263176 -0.007398654241114855 -0.046049151569604874 0.005976725835353136 0.9989213943481445 0.004057259764522314
1305031108.675375 0.9980753064155579 -0.0032466251868754625 0.06192823499441147 0.04452564939856529 0.0033198941964656115 0.9999938607215881 -0.0010802627075463533 -0.005269813351333141 -0.061924368143081665 0.0012837786925956607 0.9980800151824951 0.0024566990323364735
1305031108.711411 0.9964441657066345 -0.011908421292901039 0.08340976387262344 0.0440659336745739 0.011408803053200245 0.9999140501022339 0.006464006844907999 -0.004891388583928347 -0.08347957581281662 -0.005489417817443609 0.9964942932128906 0.00487152487039566
1305031108.743502 0.9962390661239624 -0.011353162117302418 0.08589967340230942 0.05984242260456085 0.010479033924639225 0.9998886585235596 0.010620229877531528 -0.007921737618744373 -0.08601067215204239 -0.009680142626166344 0.9962471127510071 0.006692241411656141
1305031108.775493 0.9946721792221069 -0.019499972462654114 0.10122770071029663 0.05828448012471199 0.018356896936893463 0.999756932258606 0.012211472727358341 -0.005618682596832514 -0.10144121944904327 -0.010288185440003872 0.9947883486747742 0.006185879465192556
1305031108.811244 0.994652509689331 -0.0259604100137949 0.09996239095926285 0.06559604406356812 0.02418324537575245 0.9995279312133789 0.018949424847960472 -0.009366856887936592 -0.10040715336799622 -0.016430675983428955 0.9948107600212097 0.00650784419849515
1305031108.843264 0.9941064715385437 -0.03685395047068596 0.10195247828960419 0.06546764820814133 0.035182639956474304 0.9992161393165588 0.018143557012081146 -0.010267103090882301 -0.1025412380695343 -0.014449668116867542 0.9946237802505493 0.0070314910262823105
1305031108.876515 0.9941825866699219 -0.04943550378084183 0.09569285064935684 0.06677036732435226 0.048293307423591614 0.9987319707870483 0.014216932468116283 -0.008882042020559311 -0.09627433866262436 -0.00951290037482977 0.9953094720840454 0.005397259257733822
1305031108.911364 0.9943940043449402 -0.0588362030684948 0.08785639703273773 0.06786519289016724 0.05850520730018616 0.9982669949531555 0.006340010091662407 -0.008056501857936382 -0.08807715773582458 -0.0011644097976386547 0.9961130023002625 0.0033250111155211926
1305031108.943243 0.9946934580802917 -0.060147352516651154 0.08347012847661972 0.06953061372041702 0.06062433496117592 0.9981556534767151 -0.003189303446561098 -0.009410749189555645 -0.08312433212995529 0.008232698775827885 0.9965051412582397 0.005331496242433786
1305031108.975268 0.9959873557090759 -0.05764368176460266 0.06845709681510925 0.07094420492649078 0.05844001844525337 0.998244047164917 -0.009685773402452469 -0.00843972060829401 -0.0677785724401474 0.013647540472447872 0.9976069331169128 0.00235409801825881
1305031109.011269 0.9967380166053772 -0.05571312829852104 0.05839020386338234 0.07257173955440521 0.056418053805828094 0.9983522295951843 -0.010493079200387001 -0.00676202867180109 -0.05770938843488693 0.013753111474215984 0.9982386231422424 -0.001286855898797512
1305031109.043277 0.9968677759170532 -0.052155688405036926 0.05945062264800072 0.06056724861264229 0.05320551618933678 0.9984519481658936 -0.016213759779930115 -0.003444537753239274 -0.05851294472813606 0.019326074048876762 0.9980995059013367 -0.003000452183187008
1305031109.07541 0.9981604814529419 -0.04090370982885361 0.04475041478872299 0.0634479969739914 0.04156852513551712 0.9990371465682983 -0.014027264900505543 -0.0009921534219756722 -0.04413355886936188 0.015861669555306435 0.9988996982574463 -0.009273272007703781
1305031109.111282 0.9981940984725952 -0.03998878225684166 0.044827114790678024 0.05606856197118759 0.04031844809651375 0.9991660118103027 -0.0064740595407783985 -0.0017752215499058366 -0.04453083500266075 0.008269728161394596 0.9989737868309021 -0.009835969656705856
1305031109.143334 0.9989598989486694 -0.034802261739969254 0.029462629929184914 0.056920409202575684 0.03503883630037308 0.9993574619293213 -0.007551629561930895 -0.0011221463792026043 -0.02918088808655739 0.008576111868023872 0.9995373487472534 -0.00950542651116848
1305031109.175464 0.9996049404144287 -0.027416657656431198 0.006196074187755585 0.058346956968307495 0.02745196782052517 0.9996069669723511 -0.0056878020986914635 -0.0003719917731359601 -0.006037697196006775 0.005855649244040251 0.9999646544456482 -0.011573877185583115
1305031109.211379 0.9991798400878906 -0.036378055810928345 -0.017784200608730316 0.06544212996959686 0.03650900721549988 0.999308168888092 0.0070949639193713665 0.002095271600410342 0.01751379296183586 -0.007738425396382809 0.9998167753219604 -0.0141591876745224
1305031109.24329 0.998473048210144 -0.044664882123470306 -0.032506123185157776 0.06554211676120758 0.04546292498707771 0.9986719489097595 0.0242401584982872 0.002436947776004672 0.03138027340173721 -0.025680966675281525 0.9991776347160339 -0.014806019142270088
1305031109.275308 0.9968793988227844 -0.051060426980257034 -0.06020180508494377 0.07764384150505066 0.05286825820803642 0.998185396194458 0.028828086331486702 0.00035506102722138166 0.05862058326601982 -0.031920891255140305 0.9977698922157288 -0.008032489567995071
1305031109.311329 0.9973596334457397 -0.04945027828216553 -0.05318347364664078 0.033110883086919785 0.050801221281290054 0.9984117746353149 0.024356063455343246 8.506214362569153e-05 0.05189458280801773 -0.026993539184331894 0.9982877969741821 -0.01462223008275032
1305031109.343248 0.9961444735527039 -0.050769492983818054 -0.07154321670532227 0.02116192691028118 0.05285457521677017 0.9982218742370605 0.027557874098420143 0.005640857387334108 0.07001689821481705 -0.031233012676239014 0.9970567226409912 -0.013044278137385845
1305031109.375397 0.9934544563293457 -0.046900685876607895 -0.10415619611740112 0.02886093594133854 0.05006382241845131 0.9983544945716858 0.02796385996043682 0.008518066257238388 0.10267328470945358 -0.032995276153087616 0.9941678047180176 -0.018077455461025238
1305031109.411329 0.9904261231422424 -0.038011401891708374 -0.13270728290081024 0.03353089839220047 0.04238078370690346 0.9986433982849121 0.030256131663918495 0.006722596008330584 0.13137714564800262 -0.03559070825576782 0.9906933307647705 -0.022100092843174934
1305031109.443302 0.9875707030296326 -0.026446737349033356 -0.15493454039096832 0.03642752766609192 0.03297388553619385 0.9986670017242432 0.039710722863674164 0.005408808123320341 0.1536778062582016 -0.04432593658566475 0.9871262907981873 -0.025560475885868073
1305031109.475363 0.9840734004974365 -0.021372724324464798 -0.17647293210029602 0.04535311460494995 0.028776118531823158 0.9988051652908325 0.03949970006942749 0.00951848179101944 0.17541785538196564 -0.043948814272880554 0.9835125803947449 -0.028747379779815674
1305031109.511273 0.9813726544380188 -0.014097061939537525 -0.191595658659935 0.04675626754760742 0.021390900015830994 0.999120831489563 0.03605390712618828 0.011511099524796009 0.19091899693012238 -0.039480723440647125 0.9808114171028137 -0.028982508927583694
1305031109.543294 0.977943480014801 -0.011564057320356369 -0.2085496336221695 0.05329934135079384 0.01803273893892765 0.9994125366210938 0.029142841696739197 0.013868319801986217 0.2080901563167572 -0.032260775566101074 0.9775774478912354 -0.03480595350265503
1305031109.575362 0.9741629958152771 -0.009031971916556358 -0.22566549479961395 0.059582218527793884 0.016176322475075722 0.9994240999221802 0.029830005019903183 0.01359400525689125 0.22526608407497406 -0.03270972520112991 0.9737480282783508 -0.03554792329668999
1305031109.61131 0.970302402973175 -0.0075621395371854305 -0.24177707731723785 0.06528909504413605 0.014647653326392174 0.9995139837265015 0.02752201445400715 0.016027279198169708 0.2414514124393463 -0.03024614043533802 0.9699414968490601 -0.03973861411213875
1305031109.643229 0.9657684564590454 -0.0027419847901910543 -0.2593909502029419 0.07113011181354523 0.010730956681072712 0.9995104670524597 0.02938799187541008 0.01676786318421364 0.2591833770275116 -0.03116551786661148 0.9653249979019165 -0.04201986640691757
1305031109.675263 0.9611501693725586 -0.00787829328328371 -0.27591365575790405 0.07746841013431549 0.018013620749115944 0.9992519617080688 0.03421865403652191 0.01866113394498825 0.27543768286705017 -0.0378594696521759 0.9605730772018433 -0.0452575646340847
1305031109.711312 0.9550098180770874 -0.005076155997812748 -0.29653075337409973 0.08100941777229309 0.018240099772810936 0.9989660978317261 0.04164345562458038 0.01834673248231411 0.2960127294063568 -0.04517867788672447 0.9541149139404297 -0.04390869289636612
1305031109.743274 0.9493255615234375 -0.002627522684633732 -0.3142834007740021 0.08462698757648468 0.019250739365816116 0.9985737800598145 0.049800410866737366 0.019785061478614807 0.313704252243042 -0.05332700163125992 0.9480220675468445 -0.04570478945970535
1305031109.775277 0.9444020986557007 -0.002752375788986683 -0.32878148555755615 0.08753769844770432 0.021227499470114708 0.9983893036842346 0.052616581320762634 0.022201042622327805 0.32810696959495544 -0.056670431047677994 0.9429391622543335 -0.045754093676805496
1305031109.811371 0.9362621903419495 -0.0009375642985105515 -0.3513009250164032 0.0974653959274292 0.022148385643959045 0.9981645345687866 0.05636436864733696 0.024135777726769447 0.35060322284698486 -0.06055257469415665 0.9345644116401672 -0.04253900796175003
1305031109.843296 0.9294859170913696 0.0012687743874266744 -0.3688555657863617 0.1000143513083458 0.023573284968733788 0.9977455139160156 0.06283475458621979 0.02508482150733471 0.36810365319252014 -0.06709915399551392 0.9273604154586792 -0.04189417138695717
1305031109.875306 0.9206315875053406 0.003430244280025363 -0.39041733741760254 0.10472226142883301 0.02539628930389881 0.9973175525665283 0.0686487928032875 0.02719026431441307 0.38960543274879456 -0.07311539351940155 0.9180749654769897 -0.04180572181940079
1305031109.911265 0.9093450903892517 0.014617729000747204 -0.41578561067581177 0.1042216494679451 0.016155483201146126 0.9973881840705872 0.0703979879617691 0.02753695473074913 0.4157285988330841 -0.07073328644037247 0.9067338705062866 -0.032041940838098526
1305031109.943299 0.9028489589691162 0.025526048615574837 -0.42919930815696716 0.10393716394901276 0.009065553545951843 0.9968841075897217 0.07835832983255386 0.026234369724988937 0.42986196279525757 -0.07463668286800385 0.8998042941093445 -0.031255245208740234
1305031109.975258 0.9017152786254883 0.021430671215057373 -0.4317988157272339 0.09699490666389465 0.01676921918988228 0.9962853789329529 0.08446556329727173 0.027744967490434647 0.4320048689842224 -0.08340483903884888 0.8980063796043396 -0.04001909866929054
1305031110.011256 0.8877127170562744 0.037874624133110046 -0.45883724093437195 0.10888609290122986 0.0013678747927770019 0.9963892102241516 0.08489320427179337 0.03113466128706932 0.4603956639766693 -0.07598840445280075 0.8844555616378784 -0.034448642283678055
1305031110.043299 0.8821010589599609 0.0476674921810627 -0.46864229440689087 0.10821517556905746 -0.006847801152616739 0.9960594177246094 0.08842398971319199 0.03232017159461975 0.4710104465484619 -0.07478972524404526 0.8789515495300293 -0.032686635851860046
1305031110.075319 0.8754585981369019 0.0527876652777195 -0.4804016947746277 0.11073271930217743 -0.0092295091599226 0.9956619143486023 0.09258630126714706 0.033840931951999664 0.4832049608230591 -0.07662160694599152 0.8721478581428528 -0.03384963423013687
1305031110.111325 0.8554021716117859 0.06727784126996994 -0.5135765075683594 0.13050784170627594 -0.022543199360370636 0.9954248070716858 0.09285180270671844 0.043099887669086456 0.517473578453064 -0.06784798204898834 0.8530051112174988 -0.02361925318837166
1305031110.143432 0.8451383113861084 0.06726314127445221 -0.5302990674972534 0.1305292397737503 -0.02209044061601162 0.9955989122390747 0.09107620269060135 0.04504451900720596 0.5340912938117981 -0.06525743752717972 0.8429045081138611 -0.021448396146297455
1305031110.175641 0.8347898125648499 0.07467743754386902 -0.5454807877540588 0.13154232501983643 -0.025271190330386162 0.9949116706848145 0.09753101319074631 0.044301703572273254 0.5499886274337769 -0.06763293594121933 0.8324291706085205 -0.020019587129354477
1305031110.211637 0.8253352642059326 0.07342468947172165 -0.5598489046096802 0.1323288083076477 -0.020227305591106415 0.9947175979614258 0.10063879936933517 0.047152284532785416 0.5642807483673096 -0.07173649221658707 0.8224602937698364 -0.019053243100643158
1305031110.243323 0.8153131008148193 0.06406309455633163 -0.575465738773346 0.13275480270385742 -0.010534027591347694 0.995337188243866 0.09588034451007843 0.04990789666771889 0.5789247751235962 -0.07211050391197205 0.8121858835220337 -0.018635708838701248
1305031110.279321 0.8062501549720764 0.05950877070426941 -0.5885741710662842 0.13150207698345184 -0.006566903088241816 0.9957667589187622 0.0916830450296402 0.05057992786169052 0.5915383696556091 -0.07005435228347778 0.803227424621582 -0.016985692083835602
1305031110.311404 0.7933216094970703 0.058837972581386566 -0.6059530377388 0.1338820606470108 -0.008357317186892033 0.9962776899337769 0.08579693734645844 0.051054034382104874 0.6087454557418823 -0.0630004033446312 0.7908600568771362 -0.015441961586475372
1305031110.343355 0.7813293933868408 0.05501120537519455 -0.6216899156570435 0.13365860283374786 -0.0026018554344773293 0.9963864684104919 0.08489686250686646 0.051638033241033554 0.6241136193275452 -0.06471483409404755 0.7786487936973572 -0.014222480356693268
1305031110.379281 0.7671858668327332 0.05280930921435356 -0.6392474174499512 0.13554240763187408 -0.001802392303943634 0.9967785477638245 0.08018247783184052 0.05335346609354019 0.6414225101470947 -0.06036267802119255 0.7648094296455383 -0.014672715216875076
1305031110.411469 0.7495593428611755 0.06077224761247635 -0.6591416001319885 0.1369500756263733 -0.007384933531284332 0.9964823722839355 0.08347680419683456 0.05241314321756363 0.6618961095809937 -0.057703081518411636 0.747371256351471 -0.012884024530649185
1305031110.44326 0.7318488359451294 0.07212667912244797 -0.6776392459869385 0.13822324573993683 -0.01117775309830904 0.9955199956893921 0.09388935565948486 0.052451204508543015 0.6813754439353943 -0.06113830953836441 0.7293762564659119 -0.010340195149183273
1305031110.479331 0.7152023315429688 0.07462149113416672 -0.6949225664138794 0.1371220052242279 -0.012216439470648766 0.9954668283462524 0.09432129561901093 0.05453338474035263 0.6988107562065125 -0.05896933004260063 0.7128717303276062 -0.009676121175289154
1305031110.511429 0.6967609524726868 0.07935426384210587 -0.7129005789756775 0.1356322467327118 -0.01563495583832264 0.9953058362007141 0.09550833702087402 0.054420966655015945 0.717133104801178 -0.055400300770998 0.6947308778762817 -0.007703784853219986
1305031110.543408 0.6782112121582031 0.08741110563278198 -0.7296500205993652 0.13763427734375 -0.018360650166869164 0.9946061372756958 0.10208624601364136 0.054012518376111984 0.7346377372741699 -0.055839184671640396 0.6761577725410461 -0.0063349902629852295
1305031110.579426 0.66203773021698 0.0995861366391182 -0.742824912071228 0.13750486075878143 -0.023800864815711975 0.9934265613555908 0.11197046935558319 0.05410187691450119 0.7490925192832947 -0.056448791176080704 0.6600559949874878 -0.005211528390645981
1305031110.611307 0.6509421467781067 0.10187013447284698 -0.7522613406181335 0.13488638401031494 -0.023141957819461823 0.9931575059890747 0.11446689814329147 0.05616180598735809 0.7587746381759644 -0.057102520018815994 0.648845374584198 -0.003945428878068924
1305031110.643418 0.6397290825843811 0.10450130701065063 -0.7614631652832031 0.13480626046657562 -0.030942605808377266 0.993412435054779 0.11033760011196136 0.056066080927848816 0.7679775357246399 -0.04702449589967728 0.6387481689453125 -0.002395138144493103
1305031110.679606 0.6285527944564819 0.11169812083244324 -0.7697044610977173 0.13720256090164185 -0.03566112741827965 0.9927319884300232 0.1149420291185379 0.05513335391879082 0.7769489288330078 -0.0447985902428627 0.6279675364494324 -0.00235617533326149
1305031110.711412 0.6209282875061035 0.11508747190237045 -0.7753727436065674 0.1361413598060608 -0.03471311181783676 0.9922299385070801 0.11947659403085709 0.05570428818464279 0.7830983996391296 -0.047270771116018295 0.6200985312461853 -0.0009794384241104126
1305031110.743249 0.6144880056381226 0.11263296008110046 -0.7808447480201721 0.13562679290771484 -0.03212607279419899 0.9925076961517334 0.11788258701562881 0.056717272847890854 0.7882718443870544 -0.04735194146633148 0.613502562046051 -0.000539880245923996
1305031110.779193 0.608628511428833 0.11529909074306488 -0.7850335836410522 0.13604089617729187 -0.03474897891283035 0.9923098087310791 0.1188015416264534 0.05634515732526779 0.7926941514015198 -0.04502686485648155 0.6079545617103577 -0.00022614002227783203
1305031110.811386 0.6052961945533752 0.11767913401126862 -0.7872536182403564 0.1363341212272644 -0.03624449670314789 0.9920603632926941 0.12042643129825592 0.05646687000989914 0.7951747179031372 -0.044360026717185974 0.6047555804252625 0.0001241154968738556
1305031110.843218 0.5991801619529724 0.12229447811841965 -0.7912188768386841 0.13609468936920166 -0.03983961045742035 0.9915948510169983 0.12309547513723373 0.05664343759417534 0.7996223568916321 -0.04223450645804405 0.5990161299705505 0.0006480105221271515
1305031110.879313 0.5977846384048462 0.1206669956445694 -0.7925233244895935 0.1350879818201065 -0.03773603215813637 0.9917462468147278 0.12253650277853012 0.05677573382854462 0.8007681369781494 -0.04334373399615288 0.5974042415618896 0.0005686357617378235
1305031110.911333 0.5947602391242981 0.12362909317016602 -0.7943402528762817 0.1362755000591278 -0.03977047652006149 0.9914191961288452 0.12452393770217896 0.056708723306655884 0.8029189109802246 -0.04247058555483818 0.5945735573768616 0.0003554336726665497
1305031110.943862 0.593551754951477 0.1281951516866684 -0.7945200800895691 0.13484087586402893 -0.043924927711486816 0.9909207820892334 0.12706978619098663 0.05579846724867821 0.8035962581634521 -0.0405232235789299 0.5937935709953308 0.0011881403625011444
1305031110.979345 0.5991730690002441 0.13550971448421478 -0.7890682816505432 0.1350085586309433 -0.05170420929789543 0.9900642037391663 0.13076625764369965 0.05477852001786232 0.7989482879638672 -0.03755347430706024 0.6002259850502014 0.0006996653974056244
1305031111.011431 0.6116204261779785 0.14137041568756104 -0.7784183025360107 0.13558398187160492 -0.05731882154941559 0.9892378449440002 0.13462121784687042 0.054395951330661774 0.7890723943710327 -0.03771904855966568 0.6131412982940674 -0.0007707923650741577
1305031111.043327 0.6258540749549866 0.13649356365203857 -0.7679039239883423 0.13577628135681152 -0.0528910830616951 0.989728569984436 0.1328154355287552 0.0544123537838459 0.7781447768211365 -0.04250778630375862 0.6266449689865112 -0.0015748552978038788
1305031111.079283 0.6442598700523376 0.17389827966690063 -0.7447742223739624 0.12089632451534271 -0.07527560740709305 0.9834969639778137 0.16452154517173767 0.03737048804759979 0.7610931992530823 -0.049931276589632034 0.64671790599823 0.007290441542863846
1305031111.111508 0.6549243927001953 0.17343442142009735 -0.7355232238769531 0.12004423886537552 -0.07410164177417755 0.9833559989929199 0.16589117050170898 0.03708545118570328 0.7520524859428406 -0.05414268746972084 0.6568756103515625 0.0065172165632247925
1305031111.143257 0.6663263440132141 0.17188702523708344 -0.7255783081054688 0.11958402395248413 -0.07792980968952179 0.9837924838066101 0.16149111092090607 0.03689047321677208 0.7415767908096313 -0.051061589270830154 0.668921947479248 0.005446057766675949
1305031111.179326 0.6795898675918579 0.17549915611743927 -0.7122905254364014 0.1187138482928276 -0.08813031017780304 0.9834617376327515 0.15822793543338776 0.035892046988010406 0.7282793521881104 -0.044755708426237106 0.6838175058364868 0.004559561610221863
1305031111.211433 0.6967608332633972 0.156419575214386 -0.7000409364700317 0.12361855804920197 -0.07306381314992905 0.986334502696991 0.14766854047775269 0.04140784591436386 0.7135727405548096 -0.05174199491739273 0.6986678242683411 0.003488559275865555
1305031111.243236 0.7089568972587585 0.15037786960601807 -0.6890331506729126 0.12274225056171417 -0.06996838003396988 0.9871804714202881 0.143455371260643 0.042314764112234116 0.7017725706100464 -0.05349312722682953 0.7103899121284485 0.002103663980960846
1305031111.279308 0.7207455635070801 0.14816498756408691 -0.677180290222168 0.12062545120716095 -0.07681678980588913 0.9879452586174011 0.13440074026584625 0.04169865697622299 0.6889304518699646 -0.04484991729259491 0.7234385013580322 0.0012867972254753113
1305031111.311547 0.731758177280426 0.14134325087070465 -0.6667473316192627 0.125130295753479 -0.07164487987756729 0.9887924194335938 0.13098274171352386 0.04066954925656319 0.677788257598877 -0.048078663647174835 0.7336834669113159 -0.0011460110545158386
1305031111.343397 0.7411530613899231 0.15407589077949524 -0.6534161567687988 0.11455994844436646 -0.07600381970405579 0.9863069653511047 0.1463625580072403 0.034429796040058136 0.667019784450531 -0.05881492421030998 0.7427148222923279 -0.005269128829240799
1305031111.379134 0.7495846748352051 0.1512940675020218 -0.6443856358528137 0.11086447536945343 -0.07834950089454651 0.9869633316993713 0.14058679342269897 0.0343339666724205 0.6572550535202026 -0.05489441752433777 0.7516663670539856 -0.005530189722776413
1305031111.411296 0.7538227438926697 0.14736953377723694 -0.6403385400772095 0.11396153271198273 -0.07959538698196411 0.9878283739089966 0.13364022970199585 0.03381412476301193 0.6522391438484192 -0.049773041158914566 0.7563773989677429 -0.00839296355843544
1305031111.443386 0.7562372088432312 0.1626310646533966 -0.6337637901306152 0.11188824474811554 -0.09875597804784775 0.9858912825584412 0.1351507157087326 0.033034831285476685 0.6468018293380737 -0.03961803391575813 0.7616284489631653 -0.00982944667339325
1305031111.479259 0.7841697931289673 0.14953579008579254 -0.6022596955299377 0.09822437167167664 -0.09048642963171005 0.9877122640609741 0.12742279469966888 0.03264432027935982 0.6139136552810669 -0.04542477801442146 0.7880649566650391 -0.013126056641340256
1305031111.511264 0.8005661964416504 0.1478351205587387 -0.5807225108146667 0.10044030845165253 -0.09455128759145737 0.9881147146224976 0.12119985371828079 0.03097679279744625 0.5917381644248962 -0.042120445519685745 0.805029034614563 -0.013133108615875244
1305031111.54325 0.816379725933075 0.14362795650959015 -0.5593703389167786 0.09954392910003662 -0.09678561240434647 0.9889081120491028 0.11266427487134933 0.030478274449706078 0.569347620010376 -0.03783782944083214 0.821225643157959 -0.014867022633552551
1305031111.579237 0.8382148742675781 0.12968535721302032 -0.5296956300735474 0.09644649922847748 -0.08730778843164444 0.9906965494155884 0.10439226031303406 0.030150439590215683 0.5383058190345764 -0.04125659540295601 0.8417390584945679 -0.01919161155819893
1305031111.611271 0.8466081023216248 0.11960799992084503 -0.5186026692390442 0.09922310709953308 -0.07591822743415833 0.9915955066680908 0.10476178675889969 0.030071791261434555 0.5267743468284607 -0.049320779740810394 0.8485730886459351 -0.019942786544561386
1305031111.643395 0.8505186438560486 0.09334194660186768 -0.5175958275794983 0.11274564266204834 -0.05999043956398964 0.9949196577072144 0.0808444619178772 0.04122691601514816 0.5225124955177307 -0.03770892322063446 0.851797342300415 -0.02185918390750885
1305031111.67932 0.8755423426628113 0.1016445979475975 -0.4723283350467682 0.08492851257324219 -0.06480236351490021 0.993491530418396 0.09367600083351135 0.02308553457260132 0.47877582907676697 -0.05140930041670799 0.8764306902885437 -0.02034720964729786
1305031111.71176 0.890208899974823 0.10072243958711624 -0.44427844882011414 0.08333795517683029 -0.06677789986133575 0.9935683012008667 0.09144791215658188 0.02254125103354454 0.45063188672065735 -0.05173975229263306 0.8912093043327332 -0.022194037213921547
1305031111.743386 0.9112924337387085 0.0922205001115799 -0.40129968523979187 0.0749419778585434 -0.06499378383159637 0.9945951104164124 0.08097119629383087 0.021789807826280594 0.40659794211387634 -0.04770644009113312 0.9123607277870178 -0.022868476808071136
1305031111.779423 0.9303550124168396 0.09239373356103897 -0.3548280596733093 0.07013051211833954 -0.06929167360067368 0.9945970177650452 0.0773012787103653 0.018139133229851723 0.36005309224128723 -0.04733099788427353 0.9317303895950317 -0.020553940907120705
1305031111.811406 0.94469153881073 0.08132237195968628 -0.3177174925804138 0.06592021137475967 -0.06104285269975662 0.9954409003257751 0.073288194835186 0.016746575012803078 0.3222290873527527 -0.04984035715460777 0.9453487396240234 -0.023037569597363472
1305031111.843299 0.9536158442497253 0.07805553078651428 -0.29073020815849304 0.06359709054231644 -0.06068144366145134 0.9958164095878601 0.06831829249858856 0.014943032525479794 0.29484662413597107 -0.04750746861100197 0.9543628096580505 -0.02071487158536911
1305031111.879442 0.9595248699188232 0.07420297712087631 -0.27167239785194397 0.06358684599399567 -0.0557447113096714 0.9956203103065491 0.07505198568105698 0.011630760505795479 0.27605170011520386 -0.05686993896961212 0.9594588279724121 -0.01965956762433052
1305031111.911354 0.9624735116958618 0.05925679951906204 -0.26482710242271423 0.05997271090745926 -0.0417407751083374 0.9965818524360657 0.0712912306189537 0.012080738320946693 0.26814648509025574 -0.057561829686164856 0.9616568684577942 -0.015397589653730392
1305031111.9433 0.9654222130775452 0.030566774308681488 -0.2588934600353241 0.05872994288802147 -0.014840707182884216 0.9979357123374939 0.062481798231601715 0.01535623800009489 0.26026901602745056 -0.05647914856672287 0.9638827443122864 -0.016961243003606796
1305031111.979449 0.9716636538505554 0.013248017057776451 -0.23599690198898315 0.05056040361523628 0.002124330261722207 0.9978981614112854 0.06476489454507828 0.012659741565585136 0.23635901510715485 -0.063431017100811 0.9695930480957031 -0.016399575397372246
1305031112.011433 0.9788517355918884 0.011460188776254654 -0.2042502760887146 0.04229143634438515 0.0013044360093772411 0.9980596303939819 0.06225109472870827 0.010522544384002686 0.20456743240356445 -0.06120102480053902 0.9769371747970581 -0.011304612271487713
1305031112.04327 0.9845539331436157 0.015064029023051262 -0.17443256080150604 0.04063877835869789 -0.00564629165455699 0.9985054135322571 0.05436159670352936 0.009516743011772633 0.17499077320098877 -0.05253702402114868 0.983167290687561 -0.015073534101247787
1305031112.079339 0.990896463394165 0.01415202021598816 -0.1338808238506317 0.02916099689900875 -0.0069393860176205635 0.9985066056251526 0.05418753623962402 0.005754462908953428 0.13444779813289642 -0.05276518315076828 0.9895148277282715 -0.005250826012343168
1305031112.111423 0.9944272637367249 0.01992664486169815 -0.10352472215890884 0.023738840594887733 -0.015194595791399479 0.9988120794296265 0.04629862681031227 0.007357700262218714 0.10432431101799011 -0.04446760192513466 0.9935487508773804 -0.002295546233654022
1305031112.144342 0.9964065551757812 0.030653957277536392 -0.07895750552415848 0.02130078710615635 -0.026876086369156837 0.9984627962112427 0.04847326502203941 0.004589299205690622 0.08032204210758209 -0.04617701470851898 0.9956987500190735 -0.005778155289590359
1305031112.17939 0.9987152218818665 0.037850700318813324 -0.033694177865982056 0.011898394674062729 -0.03596184030175209 0.9978383779525757 0.05500202253460884 0.0017291768454015255 0.03570324182510376 -0.0537196584045887 0.9979175925254822 0.0005757667240686715
1305031112.211254 0.9987369179725647 0.050241291522979736 0.0006191954016685486 0.005165304988622665 -0.05020802840590477 0.9974509477615356 0.050703272223472595 0.0015720278024673462 0.0019297823309898376 -0.0506703145802021 0.9987136125564575 0.0073972707614302635
1305031112.243369 0.9974480867385864 0.06440821290016174 0.03080485202372074 0.0017375136958435178 -0.06560765206813812 0.9970572590827942 0.039654433727264404 -0.0033058866392821074 -0.028160130605101585 -0.04157427325844765 0.9987385272979736 0.010507149621844292
1305031112.279353 0.996367871761322 0.06669174879789352 0.052946384996175766 -0.00017977145034819841 -0.06791528314352036 0.9974560737609863 0.0216545257717371 0.0017094636568799615 -0.051367513835430145 -0.025171741843223572 0.9983625411987305 0.010990262031555176
1305031112.311312 0.9954244494438171 0.07064925879240036 0.06433535367250443 0.0006170266424305737 -0.07132097333669662 0.9974197149276733 0.00820210948586464 0.0007675735978409648 -0.06358987838029861 -0.012753038667142391 0.9978945851325989 0.015255095437169075
1305031112.343323 0.995012104511261 0.06634875386953354 0.07448980957269669 -0.00030193873681128025 -0.06604871898889542 0.9977953433990479 -0.006486702710390091 0.0015925336629152298 -0.07475595921278 0.0015343911945819855 0.9972006678581238 0.016678960993885994
1305031112.37936 0.9961868524551392 0.05540649965405464 0.06739349663257599 0.012489142827689648 -0.054318975657224655 0.9983637928962708 -0.017865130677819252 0.005373999942094088 -0.06827306747436523 0.014136262238025665 0.9975665211677551 0.014760307967662811
1305031112.411442 0.9970176219940186 0.04706805571913719 0.06115885078907013 0.02306734398007393 -0.04581790417432785 0.9987143874168396 -0.021685924381017685 0.005036656744778156 -0.06210093945264816 0.01881907880306244 0.997892439365387 0.012846129946410656
1305031112.443391 0.9971444010734558 0.0398189052939415 0.064167819917202 0.026578441262245178 -0.038565270602703094 0.9990425109863281 -0.02065899968147278 -0.0005169964861124754 -0.06492900103330612 0.01812535710632801 0.9977251887321472 0.013587558642029762
1305031112.479418 0.997771143913269 0.020907238125801086 0.06336887180805206 0.03206895291805267 -0.019359029829502106 0.9995012283325195 -0.024948015809059143 -0.000798150256741792 -0.06385886669158936 0.023665647953748703 0.9976782202720642 0.014081595465540886
1305031112.511504 0.9983186721801758 0.0069906688295304775 0.05753900855779648 0.03794900327920914 -0.005535257048904896 0.9996616244316101 -0.02541501261293888 -0.004212386440485716 -0.057697199285030365 0.02505379170179367 0.9980196356773376 0.014550367370247841
1305031112.543212 0.9987871646881104 -0.00020564772421494126 0.049235690385103226 0.047440074384212494 0.0015610718401148915 0.999620795249939 -0.027492554858326912 -0.007281803991645575 -0.049211371690034866 0.02753607928752899 0.9984086751937866 0.013228416442871094
1305031112.579252 0.9989408254623413 -0.01218500267714262 0.04437004402279854 0.05363856628537178 0.013653258793056011 0.9993641376495361 -0.03293975815176964 -0.0047879908233881 -0.043940458446741104 0.03351067006587982 0.9984718561172485 0.011356777511537075
1305031112.611261 0.9987828731536865 -0.023520125076174736 0.04335381090641022 0.06412041932344437 0.024888286367058754 0.9992004632949829 -0.031292982399463654 -0.004527335055172443 -0.042583122849464417 0.032333895564079285 0.9985694885253906 0.009594960138201714
1305031112.643246 0.9977720379829407 -0.03609160706400871 0.056109409779310226 0.06975166499614716 0.037447620183229446 0.9990268349647522 -0.02330639772117138 -0.005978130269795656 -0.055213622748851776 0.025355635210871696 0.998152494430542 0.007439604494720697
1305031112.679952 0.9967344999313354 -0.041856009513139725 0.06905399262905121 0.07170608639717102 0.04332197085022926 0.9988635778427124 -0.019869523122906685 -0.0054313428699970245 -0.06814384460449219 0.02279619127511978 0.9974150657653809 0.01255968026816845
1305031112.711251 0.9960773587226868 -0.047208648175001144 0.0748429149389267 0.07500166445970535 0.048555269837379456 0.9986879825592041 -0.01627546176314354 -0.004420250188559294 -0.07397637516260147 0.019845636561512947 0.9970625042915344 0.008460938930511475
1305031112.743245 0.995345413684845 -0.058367855846881866 0.0766870453953743 0.08173532038927078 0.059535425156354904 0.9981411695480347 -0.013026284985244274 0.004680650308728218 -0.07578416913747787 0.017531249672174454 0.9969701170921326 0.00808766484260559
1305031112.77931 0.9941410422325134 -0.06078099086880684 0.0893821194767952 0.07628685235977173 0.060338590294122696 0.9981486797332764 0.007645700126886368 -0.0013865673681721091 -0.08968135714530945 -0.0022077132016420364 0.9959680438041687 0.010603087022900581
1305031112.81131 0.9943180084228516 -0.05968529358506203 0.08814416825771332 0.07347133010625839 0.059246279299259186 0.9982145428657532 0.007590869441628456 0.001209815382026136 -0.08843984454870224 -0.002325521782040596 0.9960788488388062 0.013587461784482002
1305031112.843286 0.9952859878540039 -0.05642450228333473 0.07888048142194748 0.06980587542057037 0.055942352861166 0.9983994364738464 0.008310718461871147 0.006689282599836588 -0.0792231634259224 -0.003858780488371849 0.9968494176864624 0.013675909489393234
1305031112.879421 0.9955296516418457 -0.062434226274490356 0.07087267935276031 0.07014981657266617 0.061414964497089386 0.9979763627052307 0.016472939401865005 0.0061964001506567 -0.0717577338218689 -0.012046657502651215 0.9973492622375488 0.013699526898562908
1305031112.911411 0.9954751133918762 -0.06763589382171631 0.06674330681562424 0.06271835416555405 0.06651124358177185 0.9976060390472412 0.018933581188321114 0.009279139339923859 -0.06786410510540009 -0.014408726245164871 0.9975905418395996 0.016129519790410995
1305031112.943321 0.9962376952171326 -0.0640471801161766 0.058383118361234665 0.05466725304722786 0.06279842555522919 0.997761607170105 0.022980399429798126 0.008336402475833893 -0.05972426384687424 -0.01922757551074028 0.9980295896530151 0.017666511237621307
1305031112.979278 0.9972177147865295 -0.05991735681891441 0.044349197298288345 0.05311852693557739 0.05898495391011238 0.9980154037475586 0.0220436230301857 0.01019622664898634 -0.045581988990306854 -0.01936635747551918 0.9987727403640747 0.016704751178622246
1305031113.011353 0.9975448250770569 -0.05777328461408615 0.03958332538604736 0.04759737476706505 0.05668940395116806 0.9979997277259827 0.027979541569948196 0.00863583479076624 -0.04112062230706215 -0.025666888803243637 0.9988244771957397 0.014815079048275948
1305031113.043231 0.9979739785194397 -0.05324246361851692 0.03483181446790695 0.04210134595632553 0.05195865407586098 0.9979717135429382 0.036779265850782394 0.008050590753555298 -0.036719389259815216 -0.03489493206143379 0.9987162351608276 0.015299654565751553
1305031113.079251 0.9985989332199097 -0.040935829281806946 0.03353532776236534 0.030196035280823708 0.03966204449534416 0.998497724533081 0.03780682384967804 0.005278933327645063 -0.03503260388970375 -0.03642376884818077 0.9987221360206604 0.01837175339460373
1305031113.111316 0.9991340637207031 -0.03524072468280792 0.022118795663118362 0.024256648495793343 0.03467772901058197 0.9990772604942322 0.025340760126709938 0.013402190990746021 -0.02299141138792038 -0.02455177903175354 0.9994341731071472 0.01335093006491661
1305031113.143306 0.9993467330932617 -0.03356160968542099 0.013404207304120064 0.019705861806869507 0.03318772092461586 0.9990788102149963 0.027204230427742004 0.01795048825442791 -0.014304877258837223 -0.026741599664092064 0.9995401501655579 0.011859199963510036
1305031113.179343 0.9992930889129639 -0.0353752039372921 0.012720546685159206 0.007930074818432331 0.03489931672811508 0.9987470507621765 0.03586570546030998 0.013143866322934628 -0.013973365537822247 -0.03539641574025154 0.9992756247520447 0.013023379258811474
1305031113.211259 0.9992342591285706 -0.0388062410056591 0.004998431541025639 -0.0055999462492764 0.03862529620528221 0.998732328414917 0.03227689117193222 0.012824316509068012 -0.006244639866054058 -0.03205910697579384 0.9994664788246155 0.008626529946923256
1305031113.243227 0.9989967942237854 -0.04207110032439232 -0.015342346392571926 -0.009076283313333988 0.04251245781779289 0.9986551403999329 0.0296754390001297 0.02105528861284256 0.014073234051465988 -0.030297910794615746 0.9994418621063232 0.005307355895638466
1305031113.279312 0.9986743330955505 -0.04237942770123482 -0.029215900227427483 -0.016129683703184128 0.043526314198970795 0.9982589483261108 0.03980601206421852 0.013916335999965668 0.02747807838022709 -0.04102490469813347 0.9987801909446716 0.007336224429309368
1305031113.311452 0.9961919784545898 -0.04816121608018875 -0.07267779111862183 -8.102647552732378e-05 0.0502924881875515 0.9983479976654053 0.027784673497080803 0.012600783258676529 0.07121957093477249 -0.03133402019739151 0.9969685077667236 0.0017242907779291272
1305031113.343252 0.9919241666793823 -0.04164491221308708 -0.11980056762695312 0.017294468358159065 0.04539433866739273 0.9985557198524475 0.028739314526319504 0.004039993043988943 0.11843068897724152 -0.03394549340009689 0.9923819303512573 -0.003611493855714798
1305031113.379312 0.9861988425254822 -0.03702390193939209 -0.16137245297431946 0.027919093146920204 0.04344329237937927 0.998391330242157 0.03643365576863289 0.004201146773993969 0.15976394712924957 -0.0429413765668869 0.9862208366394043 -0.004310753662139177
1305031113.411625 0.9805478453636169 -0.03990747034549713 -0.1921810507774353 0.03318506479263306 0.04611987620592117 0.9985445737838745 0.027959823608398438 0.007858971133828163 0.19078554213047028 -0.036279305815696716 0.9809610843658447 -0.009310923516750336
1305031113.443266 0.9733837842941284 -0.030527208000421524 -0.22713859379291534 0.04299573600292206 0.03664744645357132 0.9990686774253845 0.02277577668428421 0.010428058914840221 0.22623176872730255 -0.03049362450838089 0.9735960364341736 -0.015090090222656727
1305031113.479311 0.9648361206054688 -0.018648141995072365 -0.2621901035308838 0.05366530641913414 0.02636059932410717 0.9993161559104919 0.02592877484858036 0.013997652567923069 0.26152729988098145 -0.03192850202322006 0.9646677374839783 -0.019284535199403763
1305031113.511523 0.95691978931427 -0.016031036153435707 -0.2899097502231598 0.05845038220286369 0.025388818234205246 0.999269962310791 0.028545893728733063 0.01755097508430481 0.2892404794692993 -0.03467658907175064 0.9566280841827393 -0.019762009382247925
1305031113.543242 0.9469224214553833 -0.011594623327255249 -0.32125335931777954 0.069302499294281 0.021131474524736404 0.9994328618049622 0.02621551603078842 0.02204998955130577 0.3207671642303467 -0.03161260858178139 0.9466302990913391 -0.025667566806077957
1305031113.579301 0.9368611574172974 -0.002416896168142557 -0.34969332814216614 0.0779673308134079 0.012250271625816822 0.999589204788208 0.025911007076501846 0.023136893287301064 0.3494870066642761 -0.028558850288391113 0.9365057945251465 -0.027362100780010223
1305031113.611268 0.928719162940979 0.012515135109424591 -0.3705725073814392 0.08063485473394394 -0.0006431983783841133 0.9994831085205078 0.03214303031563759 0.022496193647384644 0.37078315019607544 -0.029613491147756577 0.9282470941543579 -0.023329127579927444
