0.1033914 0.9999984502792358 0.0009244009852409363 0.0015045386971905828 -0.0003876623813994229 -0.0009173841099254787 0.9999887347221375 -0.004657808691263199 -0.00020346988458186388 -0.0015088273212313652 0.004656421486288309 0.9999879598617554 0.0682152584195137
0.2071056 0.9999962449073792 -0.0014365565730258822 0.0023464993573725224 -0.0002749018603935838 0.0014493217458948493 0.999984085559845 -0.005447510629892349 -7.948960410431027e-05 -0.0023386364337056875 0.005450891796499491 0.9999824166297913 0.13639362156391144
0.3102615 0.9999925494194031 -0.003151299199089408 0.0022151980083435774 -5.8708537835627794e-05 0.0031542296055704355 0.999994158744812 -0.001320726121775806 -0.00026333582354709506 -0.0022110226564109325 0.0013277035905048251 0.9999966621398926 0.2047540247440338
0.4136209 0.9999839663505554 -0.0054583437740802765 0.0015773013001307845 3.933097468689084e-05 0.00545088667422533 0.9999740719795227 0.004694121889770031 -0.00031840556766837835 -0.0016028831014409661 -0.004685447551310062 0.9999877214431763 0.2726893723011017
0.5179293 0.9999604225158691 -0.008880704641342163 0.00048067618627101183 -3.8725309423170984e-05 0.008878418244421482 0.9999501705169678 0.004565643146634102 5.129596684128046e-05 -0.0005211984389461577 -0.004561195150017738 0.9999894499778748 0.3399387001991272
0.6203887 0.9999319314956665 -0.011650513857603073 -0.0005256711156107485 -1.8182880012318492e-05 0.011651411652565002 0.9999306201934814 0.0017362938961014152 0.00018964969785884023 0.0005054058856330812 -0.0017423001118004322 0.9999983310699463 0.4064962863922119
0.7242193 0.9999237060546875 -0.012278979644179344 -0.0012784467544406652 -0.00019277550745755434 0.012276962399482727 0.9999234080314636 -0.001573135843500495 0.00025059294421225786 0.001297665061429143 0.0015573202399536967 0.9999979734420776 0.4729020297527313
0.8272107 0.9999281764030457 -0.011818233877420425 -0.0019932317081838846 -0.00058708805590868 0.011813906021416187 0.9999279975891113 -0.002167536411434412 0.0001866997918114066 0.0020187045447528362 0.002143832854926586 0.9999955892562866 0.5392175316810608
0.930557 0.9999270439147949 -0.01166678685694933 -0.0031321197748184204 -0.000815181527286768 0.011665687896311283 0.9999318718910217 -0.00036885743611492217 0.00013731091166846454 0.003136209910735488 0.0003322922275401652 0.9999950528144836 0.6055660843849182
1.03407 0.9999303817749023 -0.011161567643284798 -0.003828622866421938 -0.0013598664663732052 0.011171855032444 0.9999340176582336 0.0026762294583022594 6.224517710506916e-05 0.003798499470576644 -0.0027188160456717014 0.9999890923500061 0.6716532707214355
1.137438 0.9999249577522278 -0.011275045573711395 -0.0048004258424043655 -0.0019806737545877695 0.011293773539364338 0.9999287128448486 0.0038920289371162653 0.0005262657068669796 0.0047562001273036 -0.0039459518156945705 0.9999809265136719 0.7376136183738708
1.244258 0.9999057650566101 -0.012683993205428123 -0.005241794511675835 -0.0024541649036109447 0.01270903181284666 0.9999078512191772 0.004771162755787373 0.000584067078307271 0.005180793348699808 -0.004837330896407366 0.9999748468399048 0.8027335405349731
1.344229 0.9998928308486938 -0.013334239833056927 -0.006035401485860348 -0.002691343193873763 0.013361343182623386 0.999900758266449 0.004473031964153051 0.0010490098502486944 0.005975157953798771 -0.004553193226456642 0.9999718070030212 0.8680168390274048
1.447568 0.9998897910118103 -0.013181721791625023 -0.0068266442976891994 -0.0037476837169378996 0.013205314986407757 0.9999068975448608 0.0034221194218844175 0.00126755447126925 0.006780898664146662 -0.003511890070512891 0.9999708533287048 0.9328795075416565
1.551083 0.9998782277107239 -0.013413350097835064 -0.007969677448272705 -0.004533832892775536 0.013429895043373108 0.9999077916145325 0.0020260829478502274 0.0007816943107172847 0.007941766642034054 -0.002132868394255638 0.9999661445617676 0.9980934262275696
1.654521 0.9998389482498169 -0.014917625114321709 -0.009975201450288296 -0.005107705015689135 0.014919649809598923 0.9998885989189148 0.00012849103950429708 0.0016422142507508397 0.009972174651920795 -0.0002772968146018684 0.9999502301216125 1.0626733303070068
1.757843 0.9998211860656738 -0.01459843572229147 -0.012015054933726788 -0.005410683341324329 0.014603071846067905 0.999893307685852 0.00029814185108989477 0.0007499075727537274 0.012009421363472939 -0.00047354528214782476 0.999927818775177 1.1275625228881836
1.861353 0.9998239278793335 -0.013341120444238186 -0.013194692321121693 -0.007344214245676994 0.013329289853572845 0.9999106526374817 -0.0009842524304986 0.0012340731918811798 0.013206644915044308 0.0008082033018581569 0.999912440776825 1.1909480094909668
1.964724 0.999819278717041 -0.011862683109939098 -0.014851238578557968 -0.008454556576907635 0.011847353540360928 0.9999291300773621 -0.0011197139974683523 0.0014727325178682804 0.014863469637930393 0.0009435637039132416 0.9998891353607178 1.2550660371780396
2.068236 0.9997856616973877 -0.01260204054415226 -0.016432294622063637 -0.00972875114530325 0.01259915716946125 0.9999206066131592 -0.0002792192972265184 0.0014498531818389893 0.01643451116979122 7.212642231024802e-05 0.9998648762702942 1.3175112009048462
2.17162 0.9997709393501282 -0.011607023887336254 -0.017978569492697716 -0.010989493690431118 0.011627049185335636 0.9999319314956665 0.0010097110643982887 0.0014619333669543266 0.01796562597155571 -0.0012185175437480211 0.9998378157615662 1.3806747198104858
2.275131 0.9997510313987732 -0.011686782352626324 -0.019008539617061615 -0.012901212088763714 0.011715969070792198 0.9999302625656128 0.0014247327344492078 0.0017894476186484098 0.018990565091371536 -0.0016470813425257802 0.9998183250427246 1.4444124698638916
2.378626 0.9997186660766602 -0.012537522241473198 -0.02013448253273964 -0.01453651674091816 0.012571937404572964 0.9999196529388428 0.0015835579251870513 0.0014500069664791226 0.020113013684749603 -0.0018362418049946427 0.9997960329055786 1.5075099468231201
2.48201 0.9996605515480042 -0.01335917692631483 -0.022364050149917603 -0.015594076365232468 0.013390745036303997 0.999909520149231 0.001262358040548861 0.0014840636868029833 0.0223451629281044 -0.0015614008298143744 0.9997490644454956 1.5692912340164185
2.585514 0.9996458888053894 -0.013216530904173851 -0.02309279888868332 -0.017833741381764412 0.01326008141040802 0.9999105930328369 0.0017338452162221074 0.0014429838629439473 0.023067818954586983 -0.0020394441671669483 0.9997318983078003 1.6307836771011353
2.689023 0.9996176362037659 -0.012975630350410938 -0.024416739121079445 -0.019259104505181313 0.013064407743513584 0.9999085664749146 0.0034800346475094557 0.0018973909318447113 0.02436935529112816 -0.003797694342210889 0.9996958374977112 1.6916382312774658
2.793694 0.9995602965354919 -0.01441116537898779 -0.02591642551124096 -0.0202626995742321 0.014581036753952503 0.9998733997344971 0.006377639248967171 0.0020729731768369675 0.02582123503088951 -0.006752722896635532 0.9996438026428223 1.7527992725372314
2.896139 0.999569833278656 -0.013969404622912407 -0.025791609659790993 -0.02277902513742447 0.014176947064697742 0.9998683929443359 0.007881620898842812 0.0022706110030412674 0.0256781205534935 -0.008243875578045845 0.9996362328529358 1.8124890327453613
2.999556 0.9995646476745605 -0.013120625168085098 -0.026426808908581734 -0.02490968070924282 0.013297409750521183 0.9998902082443237 0.006524984259158373 0.0026407288387417793 0.026338301599025726 -0.00687355175614357 0.9996294379234314 1.8720420598983765
3.103545 0.9995603561401367 -0.011594877578318119 -0.02728934958577156 -0.02655920386314392 0.01171233132481575 0.9999228119850159 0.004148205276578665 0.0027355956844985485 0.02723914571106434 -0.004466003272682428 0.9996189475059509 1.928379774093628
3.206573 0.9995678067207336 -0.010763989761471748 -0.027356941252946854 -0.02919779345393181 0.010838615708053112 0.9999380111694336 0.0025811390951275826 0.0029781204648315907 0.027327461168169975 -0.002876534126698971 0.9996223449707031 1.9865061044692993
3.310078 0.9995328783988953 -0.010195226408541203 -0.028812142089009285 -0.03055603988468647 0.010259980335831642 0.9999451637268066 0.0021005813032388687 0.0031182891689240932 0.02878914587199688 -0.0023952126502990723 0.9995826482772827 2.0414981842041016
3.413963 0.9994975924491882 -0.009989089332520962 -0.030080165714025497 -0.032520394772291183 0.010046551004052162 0.9999479651451111 0.0017598065314814448 0.0032339910976588726 0.030061025172472 -0.0020611248910427094 0.9995459914207458 2.097121477127075
3.517076 0.9994319677352905 -0.010251369327306747 -0.03210311010479927 -0.03445248305797577 0.010285372845828533 0.9999467134475708 0.0008942437707446516 0.0028999114874750376 0.032092224806547165 -0.0012239282950758934 0.9994841814041138 2.151974678039551
3.620721 0.9993667006492615 -0.010060044005513191 -0.03413114324212074 -0.03693634644150734 0.010101481340825558 0.9999484419822693 0.0010418207384645939 0.002782472874969244 0.0341189019382 -0.0013859359314665198 0.9994168281555176 2.2063071727752686
3.724674 0.9992882609367371 -0.010105465538799763 -0.03634236380457878 -0.0387720912694931 0.010184423066675663 0.9999461770057678 0.0019882165361195803 0.003234064904972911 0.036320317536592484 -0.0023569276090711355 0.9993374347686768 2.2622580528259277
3.827725 0.9992228746414185 -0.010120762512087822 -0.03809616342186928 -0.040951844304800034 0.01028124988079071 0.9999391436576843 0.004019143059849739 0.003648810088634491 0.038053154945373535 -0.00440769549459219 0.9992660284042358 2.316866397857666
3.931241 0.9991564154624939 -0.009269877336919308 -0.04000702127814293 -0.04401066154241562 0.009496322833001614 0.9999398589134216 0.005473845172673464 0.0037862788885831833 0.03995387628674507 -0.00584914768114686 0.9991844296455383 2.3694467544555664
4.034871 0.9990952610969543 -0.007591941859573126 -0.04184405505657196 -0.04657198116183281 0.007838713005185127 0.9999528527259827 0.005736473947763443 0.0038716355338692665 0.041798532009124756 -0.006059287581592798 0.9991077184677124 2.421719789505005
4.142151 0.9990242719650269 -0.005707106087356806 -0.04379340633749962 -0.04937275871634483 0.005925657693296671 0.9999706149101257 0.004862335044890642 0.004169156774878502 0.04376436397433281 -0.00511709600687027 0.9990288019180298 2.4733283519744873
4.243437 0.998960554599762 -0.004042674787342548 -0.04540449380874634 -0.052330125123262405 0.004253848921507597 0.9999805688858032 0.004555294290184975 0.004027124959975481 0.04538518935441971 -0.004743704106658697 0.9989583492279053 2.523799419403076
4.345966 0.9988812208175659 -0.0034234982449561357 -0.04716497287154198 -0.05480638146400452 0.0036869498435407877 0.9999780058860779 0.00549989752471447 0.00449339859187603 0.04714510589838028 -0.005667639430612326 0.998871922492981 2.5730459690093994
4.449183 0.9988386631011963 -0.0018810052424669266 -0.04814239218831062 -0.05755093693733215 0.0022199733648449183 0.9999729990959167 0.0069884504191577435 0.005320452153682709 0.048127949237823486 -0.007087208796292543 0.9988160133361816 2.6224617958068848
4.552519 0.9988263249397278 0.0006376882665790617 -0.048429448157548904 -0.060096047818660736 -0.0002597860584501177 0.9999694228172302 0.007809043861925602 0.005156202241778374 0.04843295365571976 -0.007787298411130905 0.9987961053848267 2.670677900314331
4.656235 0.998878002166748 0.0041568647138774395 -0.04717402532696724 -0.06338806450366974 -0.003896079957485199 0.9999765753746033 0.005618740804493427 0.0054598283022642136 0.04719628021121025 -0.005428642965853214 0.9988709092140198 2.7182068824768066
4.760815 0.9989543557167053 0.0053606354631483555 -0.045403432101011276 -0.06568950414657593 -0.005233345087617636 0.9999820590019226 0.0029219684656709433 0.00495376018807292 0.045418281108140945 -0.0026813014410436153 0.9989644885063171 2.762883424758911
4.863788 0.9990426898002625 0.0058456165716052055 -0.043353356420993805 -0.0675152987241745 -0.005830531939864159 0.9999828934669495 0.0004743947647511959 0.005897275172173977 0.04335538297891617 -0.00022116745822131634 0.9990597367286682 2.808206558227539
4.966824 0.9991788864135742 0.00719342241063714 -0.0398714505136013 -0.07034799456596375 -0.007128757890313864 0.9999729990959167 0.0017637356650084257 0.00558990053832531 0.03988306224346161 -0.0014780532801523805 0.9992032051086426 2.8548166751861572
5.073257 0.9992337226867676 0.011291934177279472 -0.03747578710317612 -0.0716637372970581 -0.01114841178059578 0.999929666519165 0.00403647730126977 0.006341477856040001 0.037518735975027084 -0.0036155886482447386 0.999289333820343 2.901090383529663
5.174268 0.9993293285369873 0.01600763201713562 -0.03293311223387718 -0.07436364889144897 -0.015745967626571655 0.9998424649238586 0.008189553394913673 0.005516715347766876 0.033059023320674896 -0.007665497716516256 0.9994239807128906 2.9443905353546143
5.277498 0.9993810057640076 0.020931435748934746 -0.028274090960621834 -0.07681086659431458 -0.020686453208327293 0.9997462034225464 0.008929564617574215 0.005870914086699486 0.028453826904296875 -0.008339147083461285 0.9995602965354919 2.987520456314087
5.381142 0.9994221925735474 0.0245456974953413 -0.023516006767749786 -0.0773015022277832 -0.0243337694555521 0.9996610283851624 0.009256436489522457 0.006161775439977646 0.02373524196445942 -0.008678851649165154 0.9996806979179382 3.0286433696746826
5.484644 0.9994426965713501 0.028481826186180115 -0.017408721148967743 -0.07849183678627014 -0.0282900407910347 0.9995374083518982 0.011165346950292587 0.006611719727516174 0.01771867834031582 -0.01066663023084402 0.9997861385345459 3.069679021835327
5.588095 0.9993737936019897 0.03359690681099892 -0.011100145056843758 -0.07923281192779541 -0.03345557674765587 0.9993597269058228 0.012681601569056511 0.006691332906484604 0.01151910237967968 -0.01230230089277029 0.9998579621315002 3.109133005142212
5.691619 0.9993181824684143 0.036656416952610016 -0.004401215352118015 -0.07878892123699188 -0.03660017251968384 0.9992549419403076 0.01224308367818594 0.006725527346134186 0.0048467242158949375 -0.01207365095615387 0.999915361404419 3.14681077003479
5.795223 0.9991845488548279 0.040230643004179 0.0034193876199424267 -0.08006444573402405 -0.0402696318924427 0.9991140961647034 0.012222150340676308 0.007164325565099716 -0.0029246537014842033 -0.01234988123178482 0.9999194741249084 3.182600259780884
5.898736 0.9989543557167053 0.04444490000605583 0.010714558884501457 -0.07964882254600525 -0.04456933215260506 0.9989381432533264 0.011668078601360321 0.007702577859163284 -0.010184594430029392 -0.012133417651057243 0.999874472618103 3.2183830738067627
6.002373 0.998634934425354 0.04887120798230171 0.0184372179210186 -0.07987821102142334 -0.04904169961810112 0.998757004737854 0.008910509757697582 0.007841190323233604 -0.017978832125663757 -0.009802536107599735 0.9997903108596802 3.2515299320220947
6.10587 0.9983444213867188 0.050950128585100174 0.026693617925047874 -0.07956448197364807 -0.05112704262137413 0.9986741542816162 0.005986738950014114 0.007800331339240074 -0.026353199034929276 -0.0073415907099843025 0.9996256828308105 3.2828707695007324
6.209506 0.9980871081352234 0.051272887736558914 0.03454337641596794 -0.07839912176132202 -0.05149466171860695 0.998657763004303 0.005560765974223614 0.00801848340779543 -0.0342119000852108 -0.0073289284482598305 0.9993877410888672 3.3133676052093506
6.313021 0.9978196024894714 0.050807807594537735 0.042127154767513275 -0.07628180086612701 -0.05115540325641632 0.9986646771430969 0.007213803939521313 0.00782063603401184 -0.041704386472702026 -0.00935310684144497 0.9990861415863037 3.3411705493927
6.416516 0.9973538517951965 0.05234949290752411 0.05044509470462799 -0.07537637650966644 -0.05280579999089241 0.9985747933387756 0.007754839491099119 0.007955925539135933 -0.04996723309159279 -0.01039811223745346 0.9986966848373413 3.368832588195801
6.524037 0.9967288970947266 0.05506362020969391 0.05915673077106476 -0.07382708787918091 -0.05561482533812523 0.9984225630760193 0.00771065428853035 0.008218666538596153 -0.058638837188482285 -0.010975423268973827 0.9982189536094666 3.3935844898223877
6.623722 0.9958860874176025 0.06019844114780426 0.0677274614572525 -0.07241326570510864 -0.06083778664469719 0.9981200695037842 0.007415372878313065 0.007955726236104965 -0.06715375930070877 -0.011505255475640297 0.9976763129234314 3.4159913063049316
6.727294 0.9949873685836792 0.06381954997777939 0.07698792964220047 -0.07127544283866882 -0.06456917524337769 0.9978866577148438 0.007284630089998245 0.008013512939214706 -0.076360322535038 -0.012219162657856941 0.9970054626464844 3.4372503757476807
6.830809 0.9943046569824219 0.06289303302764893 0.08603812754154205 -0.06846633553504944 -0.06381205469369888 0.9979300498962402 0.007970454171299934 0.007909925654530525 -0.08535873889923096 -0.013415329158306122 0.9962599873542786 3.457211971282959
6.934429 0.9933393001556396 0.062056928873062134 0.09708657115697861 -0.06718069314956665 -0.06295554339885712 0.997996985912323 0.0062172929756343365 0.007780702784657478 -0.09650629013776779 -0.012288021855056286 0.9952564835548401 3.477447509765625
7.038067 0.9922012686729431 0.06050027906894684 0.10897840559482574 -0.06439459323883057 -0.06107131391763687 0.998131513595581 0.0019068103283643723 0.0074046035297214985 -0.10865941643714905 -0.008547392673790455 0.9940422773361206 3.4965250492095947
7.141701 0.9906008839607239 0.0616629533469677 0.122096486389637 -0.06154978275299072 -0.0618470199406147 0.9980829954147339 -0.0022853626869618893 0.007654919289052486 -0.12200335413217545 -0.005287421867251396 0.9925156235694885 3.5146212577819824
7.24533 0.9883992075920105 0.06338638812303543 0.1380191445350647 -0.05949363112449646 -0.06335162371397018 0.9979804158210754 -0.004649258218705654 0.007678035646677017 -0.1380351036787033 -0.004148415289819241 0.9904186725616455 3.533768892288208
7.3533 0.9859992265701294 0.0648934543132782 0.1536034494638443 -0.05488908290863037 -0.06476716697216034 0.9978832006454468 -0.005831425543874502 0.007588881999254227 -0.1536567062139511 -0.004198675975203514 0.9881154894828796 3.5510449409484863
7.452592 0.98320072889328 0.06560039520263672 0.1703311651945114 -0.05069565773010254 -0.0653207078576088 0.9978378415107727 -0.0072516389191150665 0.0076913051307201385 -0.17043860256671906 -0.003996335435658693 0.9853602647781372 3.569282054901123
7.55658 0.9799588918685913 0.06459086388349533 0.188436359167099 -0.046353280544281006 -0.06416096538305283 0.9979041218757629 -0.008386814966797829 0.007399013265967369 -0.1885831654071808 -0.0038715247064828873 0.9820494651794434 3.586160182952881
7.663357 0.9761385917663574 0.06351183354854584 0.2076520025730133 -0.04136127233505249 -0.06308265775442123 0.9979702234268188 -0.008694828487932682 0.0071289315819740295 -0.20778276026248932 -0.0046118805184960365 0.9781640768051147 3.60406231880188
7.763356 0.9715673327445984 0.06390968710184097 0.22797465324401855 -0.036858201026916504 -0.06334385275840759 0.9979435205459595 -0.009805656969547272 0.006893996149301529 -0.2281324863433838 -0.004913938231766224 0.973617672920227 3.620760202407837
7.866988 0.9662725329399109 0.066053107380867 0.24890610575675964 -0.031410276889801025 -0.06506527960300446 0.9978064298629761 -0.012203013524413109 0.006825048476457596 -0.24916613101959229 -0.004403708502650261 0.9684507250785828 3.6380884647369385
7.970621 0.9600558280944824 0.06753281503915787 0.2715364098548889 -0.02522885799407959 -0.06610941886901855 0.9977084994316101 -0.014397094957530499 0.006541606038808823 -0.27188640832901 -0.004129095934331417 0.9623204469680786 3.6552422046661377
8.07425 0.95276939868927 0.06864021718502045 0.29583653807640076 -0.01947200298309326 -0.06700845062732697 0.9976294636726379 -0.01566377840936184 0.006282832473516464 -0.2962104380130768 -0.004899580497294664 0.9551101326942444 3.671769857406616
8.177962 0.9442476630210876 0.07134688645601273 0.32141268253326416 -0.01238095760345459 -0.06971088796854019 0.9974289536476135 -0.016611402854323387 0.005871929228305817 -0.321771502494812 -0.006720689125359058 0.9467934966087341 3.6884214878082275
8.283921 0.9343360066413879 0.07322605699300766 0.34878939390182495 -0.004648327827453613 -0.0716165080666542 0.9972782731056213 -0.017525991424918175 0.005253549665212631 -0.34912344813346863 -0.008603909984230995 0.9370372891426086 3.706179618835449
8.385961 0.9231463670730591 0.07458661496639252 0.37714383006095886 0.003499150276184082 -0.07275082916021347 0.9971667528152466 -0.019132252782583237 0.004845544695854187 -0.3775022327899933 -0.009775658138096333 0.9259570837020874 3.72259259223938
8.488779 0.9105696678161621 0.07226408272981644 0.4069899022579193 0.013307332992553711 -0.06972374022006989 0.9973434209823608 -0.0210909154266119 0.004170723259449005 -0.40743282437324524 -0.009172112680971622 0.9131891131401062 3.7393617630004883
8.593446 0.895707368850708 0.06998873502016068 0.4391012191772461 0.023959875106811523 -0.06616972386837006 0.997519314289093 -0.02401813119649887 0.003577612340450287 -0.4396929144859314 -0.0075419931672513485 0.8981165289878845 3.7554922103881836
8.696029 0.8784388303756714 0.0690489187836647 0.4728397727012634 0.03471684455871582 -0.06325964629650116 0.9975998401641846 -0.02815638668835163 0.0028803497552871704 -0.4736489951610565 -0.005178012885153294 0.8806984424591064 3.7707579135894775
8.799662 0.8590389490127563 0.071164570748806 0.5069396495819092 0.046774864196777344 -0.06287507712841034 0.9974597096443176 -0.03347867354750633 0.0024388357996940613 -0.508034348487854 -0.0031143834348767996 0.8613311052322388 3.786351203918457
8.903911 0.8373863101005554 0.07302699983119965 0.5417112708091736 0.060147881507873535 -0.06234707683324814 0.9973281621932983 -0.03807064890861511 0.0016434341669082642 -0.5430440306663513 -0.0018942663446068764 0.8397020101547241 3.8031532764434814
9.008027 0.8127173781394958 0.07585450261831284 0.5776993632316589 0.07309257984161377 -0.0634724348783493 0.9971148371696472 -0.041631534695625305 0.0007685869932174683 -0.5791905522346497 -0.002833315636962652 0.8151872754096985 3.818530559539795
9.11058 0.7853677272796631 0.08038262277841568 0.6137884855270386 0.08865642547607422 -0.06694821268320084 0.996746838092804 -0.04487241804599762 0.00011394917964935303 -0.615398645401001 -0.005850693676620722 0.7881942391395569 3.835530996322632
9.214197 0.7557058334350586 0.08447855710983276 0.6494399309158325 0.10569524765014648 -0.07018336653709412 0.9963814616203308 -0.04794114828109741 -0.0007354766130447388 -0.6511397957801819 -0.009350469335913658 0.7589002251625061 3.8521385192871094
9.317832 0.7226418256759644 0.08549010008573532 0.6859155893325806 0.12346780300140381 -0.06979427486658096 0.9962751865386963 -0.050640933215618134 -0.0018447190523147583 -0.687690019607544 -0.011277724988758564 0.725916862487793 3.8685996532440186
9.421456 0.6861289739608765 0.0826440155506134 0.7227703332901001 0.1441795825958252 -0.06568410247564316 0.9965059161186218 -0.05158969759941101 -0.003101050853729248 -0.72450852394104 -0.01207733154296875 0.6891601085662842 3.885582447052002
9.525112 0.6471513509750366 0.08091350644826889 0.7580553889274597 0.1668260097503662 -0.06265437602996826 0.9966328740119934 -0.052890848368406296 -0.0049435049295425415 -0.7597825527191162 -0.013267088681459427 0.6500418782234192 3.901625633239746
9.630085 0.6047123074531555 0.08122469484806061 0.7922912240028381 0.19073855876922607 -0.06135732680559158 0.9965806603431702 -0.05533750355243683 -0.006003037095069885 -0.7940770387649536 -0.015149603597819805 0.6076284646987915 3.917633056640625
9.732384 0.5587794184684753 0.08034245669841766 0.8254153728485107 0.2159264087677002 -0.05713910609483719 0.9966608285903931 -0.05832943692803383 -0.007912397384643555 -0.8273455500602722 -0.014570213854312897 0.5615042448043823 3.9318718910217285
9.836009 0.5107086896896362 0.07985296100378036 0.8560373783111572 0.2455507516860962 -0.05451461672782898 0.9966814517974854 -0.06044931709766388 -0.009255275130271912 -0.8580237627029419 -0.015794556587934494 0.5133671760559082 3.947150230407715
9.939685 0.4622567296028137 0.07805419713258743 0.8833041787147522 0.27419185638427734 -0.052747372537851334 0.9967749118804932 -0.060477059334516525 -0.0108332559466362 -0.8851759433746338 -0.018636051565408707 0.46488305926322937 3.9597277641296387
10.0439 0.41246241331100464 0.07616052031517029 0.9077854156494141 0.3064035177230835 -0.0527271032333374 0.9968244433403015 -0.059673480689525604 -0.012501858174800873 -0.909447431564331 -0.023251833394169807 0.4151684045791626 3.9726977348327637
10.14677 0.3616676926612854 0.07642626017332077 0.9291692972183228 0.3390904664993286 -0.054914556443691254 0.9966502785682678 -0.06060190871357918 -0.01289454847574234 -0.9306884407997131 -0.029107172042131424 0.3646531105041504 3.984511137008667
10.25036 0.3130771815776825 0.07612328976392746 0.9466719627380371 0.3733201026916504 -0.053093891590833664 0.996626615524292 -0.06258133798837662 -0.015794120728969574 -0.9482424259185791 -0.03066970966756344 0.31606268882751465 3.9936561584472656
10.35367 0.26609018445014954 0.07296615839004517 0.9611825346946716 0.4086543321609497 -0.0419791154563427 0.9970622062683105 -0.06406853348016739 -0.017708733677864075 -0.9630336761474609 -0.023301586508750916 0.2683715224266052 4.0003814697265625
10.45717 0.2222985327243805 0.06699070334434509 0.9726744294166565 0.4454101324081421 -0.028709417209029198 0.9976538419723511 -0.06214975565671921 -0.020137548446655273 -0.9745558500289917 -0.014109120704233646 0.22370024025440216 4.005298614501953
10.56299 0.18046656250953674 0.06605668365955353 0.9813603758811951 0.4837842583656311 -0.019402412697672844 0.9977871775627136 -0.06359438598155975 -0.02203185483813286 -0.9833897948265076 -0.007564098108559847 0.18134887516498566 4.009655952453613
10.66453 0.14177455008029938 0.06759005039930344 0.9875887632369995 0.5226373076438904 -0.016270549967885017 0.9976905584335327 -0.06594567000865936 -0.02405865490436554 -0.9897652268409729 -0.006719193421304226 0.1425468623638153 4.01381254196167
10.76705 0.10937324166297913 0.06780795007944107 0.9916852116584778 0.5623515844345093 -0.008068825118243694 0.997698187828064 -0.06732916831970215 -0.026984166353940964 -0.9939679503440857 -0.0006377231329679489 0.10966866463422775 4.015693187713623
10.87022 0.08025531470775604 0.06683842837810516 0.9945309162139893 0.6051785945892334 2.415212475170847e-05 0.9977491497993469 -0.06705666333436966 -0.029157564043998718 -0.9967742562294006 0.005405673757195473 0.08007306605577469 4.018207550048828
10.97342 0.055476605892181396 0.06505079567432404 0.9963387250900269 0.646612823009491 0.007215618621557951 0.9978232383728027 -0.06554948538541794 -0.03169248253107071 -0.9984338879585266 0.01082566287368536 0.05488646402955055 4.018761157989502
11.0772 0.035488311201334 0.0642409548163414 0.9973031282424927 0.6921456456184387 0.011724593117833138 0.9978362917900085 -0.06469252705574036 -0.03384547308087349 -0.9993013143539429 0.013988804072141647 0.03465832397341728 4.0193023681640625
11.18019 0.01930038258433342 0.06591679155826569 0.9976384043693542 0.7361596822738647 0.013743982650339603 0.9977125525474548 -0.06618757545948029 -0.03642135113477707 -0.9997193217277527 0.014988970942795277 0.018350275233387947 4.020190715789795
11.28415 0.006141692399978638 0.06565392017364502 0.9978234767913818 0.7823626399040222 0.014885595068335533 0.997725784778595 -0.06573911756277084 -0.03923973813652992 -0.9998703598976135 0.01525694876909256 0.0051504275761544704 4.019437313079834
11.3859 -0.005621836520731449 0.066552072763443 0.9977671504020691 0.8279298543930054 0.01569437049329281 0.9976658821105957 -0.06645689159631729 -0.04163036122918129 -0.9998610615730286 0.015285719186067581 -0.00665320735424757 4.019262313842773
11.48898 -0.014624803327023983 0.06933145225048065 0.9974864721298218 0.875621497631073 0.020580900833010674 0.9974026083946228 -0.06902389973402023 -0.04462403059005737 -0.9996812343597412 0.019519707188010216 -0.016013724729418755 4.017391681671143
11.59255 -0.02070774883031845 0.07117611914873123 0.9972487688064575 0.9231825470924377 0.0248273815959692 0.9971916079521179 -0.07065650820732117 -0.04749997332692146 -0.9994772672653198 0.023295938968658447 -0.02241671085357666 4.015188694000244
11.69527 -0.02591514214873314 0.07056701183319092 0.9971702694892883 0.9740180373191833 0.025350335985422134 0.9972309470176697 -0.06991248577833176 -0.05031249299645424 -0.9993426203727722 0.02346680499613285 -0.027632275596261024 4.014762878417969
11.79949 -0.029202280566096306 0.06782901287078857 0.9972693920135498 1.0231616497039795 0.023107226938009262 0.997474193572998 -0.0671662986278534 -0.05290971323847771 -0.9993064403533936 0.021082721650600433 -0.030695857480168343 4.013328552246094
11.90171 -0.032172948122024536 0.06134714186191559 0.9975978136062622 1.0769709348678589 0.021114708855748177 0.9979334473609924 -0.06068682298064232 -0.05542118474841118 -0.9992592334747314 0.01911151222884655 -0.033401794731616974 4.012453079223633
12.00482 -0.03316116705536842 0.05579293891787529 0.9978914856910706 1.1286184787750244 0.02212466299533844 0.9982369542121887 -0.055077020078897476 -0.05782919004559517 -0.9992050528526306 0.020251594483852386 -0.03433709964156151 4.010342121124268
12.108 -0.03346845135092735 0.053112857043743134 0.998027503490448 1.1828351020812988 0.024882325902581215 0.9983217120170593 -0.05229410156607628 -0.060922883450984955 -0.9991299510002136 0.023083042353391647 -0.0347338542342186 4.007965087890625
12.21119 -0.03313204273581505 0.05529847368597984 0.997920036315918 1.2359468936920166 0.027928588911890984 0.9981294870376587 -0.05438282713294029 -0.0639839619398117 -0.9990606307983398 0.026068685576319695 -0.03461447358131409 4.00598669052124
12.3145 -0.03248719125986099 0.06280892342329025 0.9974966645240784 1.2906988859176636 0.029060157015919685 0.9976608753204346 -0.06187281385064125 -0.06630504876375198 -0.9990496039390564 0.026977336034178734 -0.03423643857240677 4.0041680335998535
12.41765 -0.030175428837537766 0.07046230137348175 0.9970579147338867 1.3448917865753174 0.029586710035800934 0.9971380233764648 -0.06957253813743591 -0.06946820765733719 -0.9991065859794617 0.027400285005569458 -0.03217381611466408 4.002755165100098
12.52105 -0.028311247006058693 0.07149402797222137 0.9970391392707825 1.4017261266708374 0.030291909351944923 0.9970422387123108 -0.07063409686088562 -0.07195780426263809 -0.9991400837898254 0.0282024834305048 -0.030393196269869804 4.001338005065918
12.62455 -0.025917623192071915 0.06714626401662827 0.9974064826965332 1.458502173423767 0.029772182926535606 0.9973508715629578 -0.06636888533830643 -0.07505319267511368 -0.999220609664917 0.027974845841526985 -0.027848055586218834 4.000105381011963
12.72743 -0.02320006676018238 0.06081724166870117 0.9978792071342468 1.515713095664978 0.029429294168949127 0.9977568984031677 -0.06012556701898575 -0.07849399000406265 -0.999297559261322 0.027971962466835976 -0.024937836453318596 3.998187303543091
12.83073 -0.020946135744452477 0.05885518714785576 0.9980466961860657 1.5715535879135132 0.027369782328605652 0.9979254603385925 -0.05827361345291138 -0.08228853344917297 -0.9994059205055237 0.026095712557435036 -0.022513534873723984 3.998401165008545
12.93413 -0.01714264415204525 0.06440167874097824 0.9977768063545227 1.629072904586792 0.03500533476471901 0.9973503351211548 -0.06377273052930832 -0.08561789989471436 -0.9992401003837585 0.033834271132946014 -0.019351620227098465 3.995973825454712
13.03771 -0.01375546958297491 0.07023444771766663 0.9974356889724731 1.6849644184112549 0.036583349108695984 0.9968975186347961 -0.06969204545021057 -0.08837410062551498 -0.999235987663269 0.03553089126944542 -0.016282200813293457 3.9950222969055176
13.14165 -0.011162777431309223 0.07081560045480728 0.9974269866943359 1.742482304573059 0.03079798072576523 0.9970402121543884 -0.07044347375631332 -0.09194789081811905 -0.9994633197784424 0.02993238903582096 -0.013310716487467289 3.9953808784484863
13.24421 -0.008206802420318127 0.06706549227237701 0.9977148175239563 1.800028920173645 0.026390016078948975 0.9974154233932495 -0.06682831048965454 -0.09554298967123032 -0.9996179938316345 0.025781262665987015 -0.009955451823771 3.995544910430908
13.34803 -0.003397751599550247 0.06296192109584808 0.9980100989341736 1.8564791679382324 0.030697453767061234 0.9975520968437195 -0.06282852590084076 -0.10025779157876968 -0.9995229244232178 0.03042289800941944 -0.005322204902768135 3.994600772857666
13.45277 0.00019368443463463336 0.06432362645864487 0.9979290962219238 1.9149620532989502 0.035047389566898346 0.9973155856132507 -0.06429089605808258 -0.10339841991662979 -0.9993856549263 0.03498726710677147 -0.002061210572719574 3.994283437728882
13.55488 0.0031873174011707306 0.06858018040657043 0.9976404905319214 1.9719501733779907 0.034323550760746 0.9970502853393555 -0.06864926964044571 -0.10711038112640381 -0.9994056820869446 0.0344613753259182 0.0008239999879151583 3.9947874546051025
13.65796 0.006603445392102003 0.06982365995645523 0.9975374341011047 2.030242443084717 0.030894508585333824 0.9970687031745911 -0.06999536603689194 -0.11024360358715057 -0.9995008111000061 0.03128063678741455 0.004426922183483839 3.995753049850464
13.76127 0.01009096298366785 0.06949765235185623 0.9975310564041138 2.087632656097412 0.03038138709962368 0.9970999956130981 -0.06977495551109314 -0.11384505033493042 -0.9994874000549316 0.031010469421744347 0.00795026496052742 3.996537685394287
13.86467 0.013932345435023308 0.06618126481771469 0.9977102279663086 2.1450603008270264 0.03408525511622429 0.9971957802772522 -0.06662311404943466 -0.11783064901828766 -0.9993218183517456 0.03493542969226837 0.011637472547590733 3.996483564376831
13.96817 0.017813704907894135 0.06663279980421066 0.997618556022644 2.203111171722412 0.03824039548635483 0.9970014095306396 -0.06727441400289536 -0.12151895463466644 -0.9991098046302795 0.039347726851701736 0.0152122238650918 3.9972305297851562
14.07164 0.021092552691698074 0.06748414784669876 0.9974973797798157 2.2602803707122803 0.04156003147363663 0.9967977404594421 -0.06831563264131546 -0.125236377120018 -0.9989134073257446 0.04289696738123894 0.018220365047454834 3.998695135116577
14.17505 0.023729993030428886 0.06700627505779266 0.9974703192710876 2.3181405067443848 0.041740532964468 0.9968148469924927 -0.06795526295900345 -0.1289471685886383 -0.998846709728241 0.0432475246489048 0.02085752971470356 4.000244617462158
14.2786 0.0271634329110384 0.0656275823712349 0.9974743723869324 2.3763034343719482 0.043600983917713165 0.9968151450157166 -0.06677155196666718 -0.13297173380851746 -0.9986796379089355 0.04530460387468338 0.024215497076511383 4.001883506774902
14.38212 0.030797021463513374 0.06515039503574371 0.9974000453948975 2.434561014175415 0.045216385275125504 0.9967610239982605 -0.06650479882955551 -0.1359499841928482 -0.9985023736953735 0.04714697226881981 0.02775140479207039 4.003731727600098
14.4855 0.03426482155919075 0.06558378040790558 0.9972585439682007 2.4916675090789795 0.04393337294459343 0.9967811107635498 -0.0670618787407875 -0.13905858993530273 -0.9984467029571533 0.04611080139875412 0.03127320855855942 4.00419282913208
14.58897 0.037104781717061996 0.06677272915840149 0.9970780611038208 2.5508317947387695 0.04083188995718956 0.9968305826187134 -0.06827564537525177 -0.14379864931106567 -0.9984768033027649 0.043245941400527954 0.03426072746515274 4.007594108581543
14.69245 0.0403297021985054 0.06729105114936829 0.9969179630279541 2.6089086532592773 0.0422537699341774 0.9967222809791565 -0.06898721307516098 -0.1467338651418686 -0.9982926249504089 0.044905778020620346 0.037354208528995514 4.008865833282471
14.79597 0.04213067516684532 0.06646247208118439 0.9968991279602051 2.667135000228882 0.0400112085044384 0.9968723654747009 -0.06815165281295776 -0.15098559856414795 -0.9983106255531311 0.04275841265916824 0.03933965787291527 4.013054847717285
14.89949 0.04454096406698227 0.06686221808195114 0.996767520904541 2.7265913486480713 0.038754839450120926 0.99689120054245 -0.06860228627920151 -0.15477485954761505 -0.9982554912567139 0.041685186326503754 0.041811250150203705 4.016180038452148
15.00287 0.04711078852415085 0.06703159958124161 0.9966380000114441 2.7856860160827637 0.0355401337146759 0.9970017075538635 -0.06873603910207748 -0.1585087776184082 -0.9982571601867676 0.03865886107087135 0.04458722844719887 4.019415855407715
15.1064 0.050673957914114 0.06944741308689117 0.9962977766990662 2.8453502655029297 0.03466106951236725 0.9968562126159668 -0.07124928385019302 -0.16155439615249634 -0.9981136322021484 0.038143232464790344 0.04810753092169762 4.0225396156311035
15.20987 0.054045259952545166 0.07252133637666702 0.9959015846252441 2.9045135974884033 0.03310549631714821 0.9966806769371033 -0.07437465339899063 -0.16611835360527039 -0.9979895353317261 0.03698940575122833 0.05146501958370209 4.026397705078125
15.31336 0.057431694120168686 0.07483550161123276 0.9955406785011292 2.964444160461426 0.03298003971576691 0.9965001344680786 -0.07681021094322205 -0.1701095998287201 -0.997804582118988 0.037244316190481186 0.05476260930299759 4.029905796051025
15.41675 0.0604109913110733 0.07668975740671158 0.9952231645584106 3.0247089862823486 0.02674516662955284 0.9965618848800659 -0.0784163698554039 -0.17432565987110138 -0.9978151917457581 0.0313546247780323 0.0581522099673748 4.034135341644287
15.52022 0.06287620961666107 0.07625541090965271 0.9951038360595703 3.084688663482666 0.023512430489063263 0.9966868162155151 -0.07786235958337784 -0.17813345789909363 -0.9977443218231201 0.028292996808886528 0.06087495759129524 4.038966655731201
15.62392 0.06670410186052322 0.07665874809026718 0.9948235750198364 3.1454434394836426 0.025973506271839142 0.9965729713439941 -0.07853507995605469 -0.18273338675498962 -0.9974346160888672 0.03107767179608345 0.06448443233966827 4.0432209968566895
15.7272 0.06992821395397186 0.07799693197011948 0.9944981336593628 3.2068588733673096 0.025322215631604195 0.9964785575866699 -0.0799327865242958 -0.1871761679649353 -0.997230589389801 0.03077245131134987 0.06770692020654678 4.048741817474365
15.83062 0.07374182343482971 0.07898008823394775 0.9941449761390686 3.267368793487549 0.020907163619995117 0.9965175986289978 -0.08071938157081604 -0.19141986966133118 -0.9970582127571106 0.026737147942185402 0.0718337893486023 4.053513050079346
15.93425 0.07795731723308563 0.0777544304728508 0.9939199090003967 3.329202175140381 0.019860804080963135 0.9966350197792053 -0.07952461391687393 -0.19522780179977417 -0.9967589378356934 0.025939572602510452 0.07615073025226593 4.058537006378174
16.03941 0.08264680951833725 0.07693880796432495 0.9936044812202454 3.391902446746826 0.020035430788993835 0.9966856837272644 -0.07884392887353897 -0.20079658925533295 -0.9963775277137756 0.0264234971255064 0.0808313861489296 4.064889430999756
16.14091 0.0879802480340004 0.08000461757183075 0.9929041862487793 3.4516170024871826 0.016896666958928108 0.9965060949325562 -0.08179207146167755 -0.20578303933143616 -0.995978832244873 0.02397286333143711 0.08632107079029083 4.069899082183838
16.2443 0.09409787505865097 0.08935980498790741 0.9915444850921631 3.513387441635132 0.014665366150438786 0.9957310557365417 -0.091128870844841 -0.2098783701658249 -0.9954547882080078 0.023116398602724075 0.09238570183515549 4.076104164123535
16.34828 0.10136643797159195 0.09367089718580246 0.9904294013977051 3.5738937854766846 0.013399510644376278 0.9953385591506958 -0.09550655633211136 -0.2153586596250534 -0.9947588443756104 0.022952431812882423 0.09963877499103546 4.0829949378967285
16.45345 0.10875146836042404 0.09632740914821625 0.9893907904624939 3.636046886444092 0.008750448003411293 0.9951625466346741 -0.09785118699073792 -0.2208895981311798 -0.9940304160118103 0.01929907500743866 0.10738248378038406 4.090160846710205
