1305031105.211268 0.9999683499336243 0.00353111419826746 -0.007118618581444025 -0.003134715836495161 -0.003341009607538581 0.9996420741081238 0.02654254250228405 -0.0024158628657460213 0.00720979506149888 -0.026517920196056366 0.9996223449707031 0.010541737079620361
1305031105.24327 0.9998313784599304 0.006808855105191469 -0.017062857747077942 -0.005876678507775068 -0.006087018176913261 0.9990988373756409 0.04200522229075432 0.0002322790678590536 0.017333492636680603 -0.041894275695085526 0.9989716410636902 0.017872920259833336
1305031105.275288 0.9993520975112915 0.0011203698813915253 -0.035973627120256424 -0.0022504732478410006 -0.0002458719536662102 0.9997045397758484 0.024304654449224472 0.0360458679497242 0.03599022328853607 -0.024280063807964325 0.9990571737289429 0.02272650972008705
1305031105.31129 0.9990130066871643 0.012271279469132423 -0.042690593749284744 -0.011377396993339062 -0.008708016015589237 0.9965386390686035 0.082673579454422 0.0031282813288271427 0.04355732351541519 -0.08222021907567978 0.9956620335578918 0.03391575440764427
1305031105.343302 0.9984754323959351 0.0037740224506706 -0.05506923049688339 -0.013356312178075314 -0.0015463849995285273 0.9991808533668518 0.040438249707221985 0.05274209380149841 0.05517672002315521 -0.0402914397418499 0.9976633191108704 0.0415114164352417
1305031105.375338 0.9975915551185608 0.004526414908468723 -0.06921567022800446 -0.011242249980568886 -0.0014863135293126106 0.9990343451499939 0.043910738080739975 0.05551203340291977 0.06934758275747299 -0.04370209947228432 0.996634840965271 0.05095852538943291
1305031105.411286 0.9970475435256958 0.009721814654767513 -0.07616838067770004 -0.014303706586360931 -0.004930784460157156 0.9980115294456482 0.0628378689289093 0.05100461095571518 0.07662779837846756 -0.06227676570415497 0.995112955570221 0.056159112602472305
1305031105.443316 0.9962338805198669 0.011623786762356758 -0.08592387288808823 -0.014375855214893818 -0.005892515182495117 0.9977585077285767 0.06665681302547455 0.05854281038045883 0.08650606870651245 -0.06589946895837784 0.9940693974494934 0.06572183221578598
1305031105.47528 0.9961189031600952 0.0194182638078928 -0.08584923297166824 -0.021113337948918343 -0.012496627867221832 0.9966811537742615 0.08043969422578812 0.05314391106367111 0.08712632954120636 -0.07905468344688416 0.9930557012557983 0.07525893300771713
1305031105.511332 0.9954737424850464 0.019492633640766144 -0.09301593154668808 -0.01985037513077259 -0.011784237809479237 0.9965038299560547 0.08271247893571854 0.0597517229616642 0.09430302679538727 -0.08124200254678726 0.9922231435775757 0.08242188394069672
1305031105.543282 0.9955134987831116 0.024892203509807587 -0.09128613770008087 -0.023015908896923065 -0.01396790612488985 0.9928660988807678 0.11841219663619995 0.038349173963069916 0.09358247369527817 -0.11660587042570114 0.9887595772743225 0.09629890322685242
1305031105.575449 0.9953585863113403 0.024187738075852394 -0.09314576536417007 -0.0242944173514843 -0.013359646312892437 0.9932566285133362 0.11516349017620087 0.046545736491680145 0.09530322253704071 -0.11338459700345993 0.9889698028564453 0.10361357033252716
1305031105.611378 0.9952533841133118 0.0227978453040123 -0.09460865706205368 -0.02532801777124405 -0.01262133102864027 0.9942004084587097 0.10679998248815536 0.05748022720217705 0.09649477899074554 -0.10509897768497467 0.9897692203521729 0.11242355406284332
1305031105.643273 0.9949560761451721 0.01758260652422905 -0.09875756502151489 -0.023700065910816193 -0.00794264953583479 0.9952359795570374 0.09716985374689102 0.06656409800052643 0.09999559074640274 -0.09589534997940063 0.9903559684753418 0.12146279215812683
1305031105.675166 0.9946917295455933 0.01532213855534792 -0.10175157338380814 -0.022499095648527145 -0.006731988862156868 0.996423065662384 0.08423532545566559 0.08056092262268066 0.10267830640077591 -0.08310320228338242 0.9912371039390564 0.12883295118808746
1305031105.711309 0.9950671792030334 0.01761329174041748 -0.09762587398290634 -0.02168221026659012 -0.010720465332269669 0.9974409937858582 0.07068447768688202 0.08912933617830276 0.09862106293439865 -0.06928922235965729 0.9927098155021667 0.13773950934410095
1305031105.743312 0.9964996576309204 0.015363593585789204 -0.08217142522335052 -0.027532484382390976 -0.012285075150430202 0.9992081522941589 0.037839848548173904 0.11294245719909668 0.08268773555755615 -0.03669789433479309 0.9958995580673218 0.14370985329151154
1305031105.775339 0.9971933960914612 0.016413820907473564 -0.07304782420396805 -0.02689916081726551 -0.014459138736128807 0.9995251297950745 0.027207840234041214 0.12125344574451447 0.07345973700284958 -0.026075242087244987 0.9969572424888611 0.15365637838840485
1305031105.811283 0.9978296756744385 0.014178425073623657 -0.06430244445800781 -0.026563679799437523 -0.013401630334556103 0.9998319149017334 0.012495657429099083 0.13016486167907715 0.06446883082389832 -0.011606743559241295 0.9978522062301636 0.1630428284406662
1305031105.843271 0.9981908202171326 0.008782010525465012 -0.059479713439941406 -0.024626094847917557 -0.008909900672733784 0.9999583959579468 -0.00188530795276165 0.13939857482910156 0.05946069955825806 0.002411868190392852 0.9982277154922485 0.17326848208904266
1305031105.875337 0.9987257122993469 0.003028612583875656 -0.05037616565823555 -0.02325824648141861 -0.003972690552473068 0.9998180270195007 -0.018651066347956657 0.15268640220165253 0.05031052231788635 0.018827438354492188 0.9985561370849609 0.1808149814605713
1305031105.911262 0.999019205570221 -0.007665497716516256 -0.043609101325273514 -0.022365886718034744 0.006451279856264591 0.9995893836021423 -0.02791619673371315 0.1643800139427185 0.04380520060658455 0.027607493102550507 0.9986585378646851 0.19073575735092163
1305031105.943272 0.9991777539253235 -0.01373655442148447 -0.03814941272139549 -0.02217133343219757 0.012285211123526096 0.999201238155365 -0.03802100941538811 0.17625047266483307 0.038641247898340225 0.03752106800675392 0.9985484480857849 0.1993532031774521
1305031105.975329 0.9992029666900635 -0.017088616266846657 -0.036075834184885025 -0.020806103944778442 0.015728438273072243 0.9991667866706848 -0.03765612095594406 0.18332526087760925 0.03668929263949394 0.037058718502521515 0.9986393451690674 0.20821067690849304
1305031106.011285 0.9989537596702576 -0.021663261577486992 -0.04027549922466278 -0.015129541046917439 0.019958341494202614 0.9989070296287537 -0.04226202145218849 0.19362539052963257 0.04114703834056854 0.04141399264335632 0.9982944130897522 0.21773351728916168
1305031106.043355 0.9990878701210022 -0.024185864254832268 -0.035190362483263016 -0.016868531703948975 0.0227526668459177 0.9989172220230103 -0.04057269170880318 0.1996919810771942 0.036133553832769394 0.03973504528403282 0.9985567331314087 0.22679029405117035
1305031106.07533 0.9991087317466736 -0.028700299561023712 -0.030950894579291344 -0.01966060698032379 0.027319561690092087 0.9986512064933777 -0.044146761298179626 0.20818816125392914 0.0321761891245842 0.04326185584068298 0.9985454678535461 0.2353132963180542
1305031106.111327 0.9990021586418152 -0.031652022153139114 -0.031505387276411057 -0.020374244078993797 0.0299985408782959 0.9982149600982666 -0.05163935571908951 0.2216433733701706 0.03308365121483803 0.05064272880554199 0.9981687664985657 0.24442732334136963
1305031106.143355 0.9995673298835754 -0.01355652790516615 -0.02610062249004841 -0.02789241448044777 0.015480626374483109 0.9970642328262329 0.07498659193515778 0.1474941223859787 0.02500743791460991 -0.07535818964242935 0.9968429803848267 0.25217512249946594
1305031106.175534 0.9994091987609863 -0.01569647714495659 -0.030575156211853027 -0.028059203177690506 0.01791825331747532 0.9971116781234741 0.07380261272192001 0.154140442609787 0.02932840958237648 -0.07430684566497803 0.9968041777610779 0.2588518559932709
1305031106.211275 0.9992842078208923 -0.017241768538951874 -0.0336710661649704 -0.029042154550552368 0.01986817643046379 0.9966531991958618 0.07929344475269318 0.15508097410202026 0.03219121694564819 -0.07990565896034241 0.9962825775146484 0.26641881465911865
1305031106.243267 0.9982283711433411 -0.038694605231285095 -0.045198194682598114 -0.02398962900042534 0.04835512489080429 0.970224142074585 0.23733270168304443 0.06373123079538345 0.03466888517141342 -0.23909781873226166 0.9703763723373413 0.2542600929737091
1305031106.276385 0.9978949427604675 -0.04180332273244858 -0.04958129674196243 -0.02401270531117916 0.052201155573129654 0.971409022808075 0.2316022515296936 0.07184742391109467 0.03848198056221008 -0.2337028980255127 0.9715462327003479 0.2567903995513916
1305031106.311238 0.9975112080574036 -0.04893488436937332 -0.05076281726360321 -0.025504540652036667 0.05934905260801315 0.9714303016662598 0.22978441417217255 0.07937857508659363 0.03806806728243828 -0.23222526907920837 0.9719167351722717 0.25881078839302063
1305031106.343258 0.9984349012374878 -0.03650124743580818 -0.04237400367856026 -0.033782970160245895 0.03902281075716019 0.997417688369751 0.06029032915830612 0.1866532564163208 0.04006391763687134 -0.061849504709243774 0.9972811341285706 0.28239086270332336
1305031106.375388 0.9976887106895447 -0.03267713263630867 -0.05957627296447754 -0.02185794711112976 0.04754865914583206 0.9620850086212158 0.26857316493988037 0.07556281238794327 0.04854123666882515 -0.27078521251678467 0.96141517162323 0.2639140486717224
1305031106.41132 0.9988183379173279 -0.019802670925855637 -0.04438413307070732 -0.023823758587241173 0.03155018761754036 0.9588353633880615 0.28220444917678833 0.07265153527259827 0.03696868196129799 -0.28327128291130066 0.9583271145820618 0.2660140097141266
1305031106.443278 0.9991296529769897 -0.011538290418684483 -0.040085434913635254 -0.022956689819693565 0.023052629083395004 0.9536319375038147 0.3000911474227905 0.06174662336707115 0.03476421907544136 -0.30075404047966003 0.95306795835495 0.2682730257511139
1305031106.475345 0.9993430972099304 -0.010564328171312809 -0.03466946631669998 -0.0268542543053627 0.020164813846349716 0.9569169878959656 0.28966042399406433 0.06689675152301788 0.03011574037373066 -0.29016920924186707 0.9565013647079468 0.26243871450424194
1305031106.511129 0.999090850353241 -0.010048105381429195 -0.041430164128541946 -0.02757555991411209 0.02183329313993454 0.9553032517433167 0.2948203384876251 0.05912747234106064 0.03661597892642021 -0.2954568564891815 0.9546541571617126 0.26044121384620667
1305031106.543302 0.9984158873558044 -0.005258966237306595 -0.056018512696027756 -0.023955630138516426 0.022564830258488655 0.9494730234146118 0.3130365014076233 0.04043762758374214 0.05154181271791458 -0.3138046860694885 0.9480875730514526 0.2588309347629547
1305031106.575282 0.998315155506134 -0.0014582178555428982 -0.05800671875476837 -0.024442583322525024 0.019777819514274597 0.9483723640441895 0.31654199957847595 0.03210028260946274 0.05455037206411362 -0.3171559274196625 0.9468032717704773 0.25324487686157227
1305031106.611151 0.998474657535553 0.003052002750337124 -0.05512634292244911 -0.028974400833249092 0.013674557209014893 0.9536899924278259 0.3004799485206604 0.040293607860803604 0.05349051579833031 -0.3007754981517792 0.9521937370300293 0.2406144142150879
1305031106.643207 0.9982377290725708 0.00929192267358303 -0.05860910192131996 -0.029547536745667458 0.009864982217550278 0.947935938835144 0.318308025598526 0.024795282632112503 0.05851536989212036 -0.3183252811431885 0.9461738467216492 0.23718608915805817
1305031106.675279 0.9980395436286926 0.009410660713911057 -0.061874691396951675 -0.031796567142009735 0.011025707237422466 0.9467313885688782 0.3218352794647217 0.01669301837682724 0.06160740554332733 -0.3218865394592285 0.9447717666625977 0.22869816422462463
1305031106.711508 0.9968044757843018 0.011037169024348259 -0.07911410182714462 -0.027915582060813904 0.010926317423582077 0.9622601270675659 0.2719114124774933 0.04914025217294693 0.07912951707839966 -0.2719069719314575 0.9590646624565125 0.21919526159763336
1305031106.743341 0.9962623119354248 0.011500929482281208 -0.0856102779507637 -0.031875282526016235 0.012910334393382072 0.9601386189460754 0.2792254090309143 0.03879116475582123 0.08540912717580795 -0.27928707003593445 0.9564014673233032 0.2098863422870636
1305031106.77539 0.9949505925178528 0.012902086600661278 -0.09953389316797256 -0.02919839322566986 0.01659398525953293 0.9569084644317627 0.28991442918777466 0.02697519212961197 0.09898537397384644 -0.29010218381881714 0.951862633228302 0.20150704681873322
1305031106.811289 0.9943225979804993 0.014677377417683601 -0.10539071261882782 -0.029695142060518265 0.017595812678337097 0.9541259407997131 0.2988877296447754 0.018443338572978973 0.1049429178237915 -0.29904526472091675 0.9484508037567139 0.19247488677501678
1305031106.843416 0.993261456489563 0.019816044718027115 -0.11418882012367249 -0.028315404430031776 0.01786130666732788 0.9473294019699097 0.3197622001171112 -0.0005338527262210846 0.11451087892055511 -0.31964707374572754 0.9405918121337891 0.18777590990066528
1305031106.875905 0.9925969839096069 0.02880522422492504 -0.11798906326293945 -0.027175171300768852 0.009117059409618378 0.9510558247566223 0.3088841438293457 -0.004449106752872467 0.1211116835474968 -0.3076731860637665 0.9437527060508728 0.17605306208133698
1305031106.911243 0.9927130341529846 0.036170266568660736 -0.11494635790586472 -0.02696407213807106 0.0018986581126227975 0.9490750432014465 0.31504377722740173 -0.01678602769970894 0.12048796564340591 -0.3129662871360779 0.9420906901359558 0.1650269776582718
1305031106.943439 0.992569088935852 0.045637886971235275 -0.11280016601085663 -0.026002895087003708 -0.006345837377011776 0.9451545476913452 0.3265613913536072 -0.032392892986536026 0.12151721119880676 -0.3234189450740814 0.9384208917617798 0.15870828926563263
1305031106.975547 0.9928258061408997 0.052375175058841705 -0.10748821496963501 -0.026130393147468567 -0.014202293008565903 0.9442512392997742 0.32891905307769775 -0.04846534878015518 0.11872308701276779 -0.3250328004360199 0.9382209777832031 0.15161089599132538
1305031107.011576 0.993356466293335 0.05716118961572647 -0.09987754374742508 -0.026991505175828934 -0.020943395793437958 0.9432165622711182 0.33151718974113464 -0.062120914459228516 0.11315610259771347 -0.3272229731082916 0.9381475448608398 0.1401667296886444
1305031107.043281 0.993303120136261 0.05915426090359688 -0.0992443710565567 -0.02475973218679428 -0.04384079575538635 0.9877223968505859 0.14994090795516968 0.07141869515180588 0.10689553618431091 -0.14458584785461426 0.9837014079093933 0.12024649232625961
1305031107.075432 0.9930365681648254 0.06157371401786804 -0.10043437778949738 -0.023399176076054573 -0.04418634623289108 0.9849710464477539 0.166971355676651 0.04762844741344452 0.10920600593090057 -0.16137085855007172 0.980833113193512 0.11458466947078705
1305031107.111229 0.9928960204124451 0.061991989612579346 -0.10156002640724182 -0.02300533838570118 -0.04438513517379761 0.9849131107330322 0.16725973784923553 0.03873172402381897 0.1103966012597084 -0.16156378388404846 0.9806680679321289 0.10416664183139801
1305031107.14326 0.9934478402137756 0.06225426122546196 -0.09584257751703262 -0.02456396445631981 -0.04557937756180763 0.9848581552505493 0.16726261377334595 0.03464805334806442 0.10480417311191559 -0.16179825365543365 0.9812427759170532 0.09254799783229828
1305031107.175399 0.9932584166526794 0.0650952011346817 -0.09591779857873917 -0.021650055423378944 -0.04700518772006035 0.9825336933135986 0.18004925549030304 0.01780116558074951 0.1059628427028656 -0.1743268221616745 0.978969931602478 0.08911406993865967
1305031107.211358 0.9931002259254456 0.05754171311855316 -0.10218073427677155 -0.011317497119307518 -0.03712515905499458 0.9807906746864319 0.19149768352508545 -0.002180160954594612 0.11123701184988022 -0.1863829344511032 0.9761596918106079 0.0779772475361824
1305031107.243378 0.9935910105705261 0.05671419948339462 -0.09777729958295822 -0.008901519700884819 -0.03773273155093193 0.9818146228790283 0.1860547661781311 -0.008673978969454765 0.10655112564563751 -0.1811729371547699 0.9776621460914612 0.0706169381737709
1305031107.275398 0.9951439499855042 0.06828949600458145 -0.07088717818260193 -0.025359008461236954 -0.05544162914156914 0.983954906463623 0.16958458721637726 -0.010725034400820732 0.08133064210414886 -0.1648310124874115 0.9829629063606262 0.06508803367614746
1305031107.311226 0.9946328997612 0.05898451805114746 -0.08500829339027405 -0.006088084075599909 -0.04297759756445885 0.9828851819038391 0.17913635075092316 -0.029952004551887512 0.09411965310573578 -0.17452147603034973 0.9801447987556458 0.05954935401678085
1305031107.343509 0.9958849549293518 0.05844460055232048 -0.06926244497299194 -0.01187920942902565 -0.04622364044189453 0.9849578142166138 0.16649767756462097 -0.04112205654382706 0.07795146852731705 -0.1626109778881073 0.983606219291687 0.052357885986566544
1305031107.375413 0.9963636994361877 0.05841844156384468 -0.06202059984207153 -0.008750900626182556 -0.048429615795612335 0.9872156977653503 0.15185429155826569 -0.04412185028195381 0.07009879499673843 -0.1482984870672226 0.9864551424980164 0.04513326287269592
1305031107.411271 0.9968796372413635 0.058713648468256 -0.052760206162929535 -0.007904766127467155 -0.050815146416425705 0.9888100624084473 0.1402585506439209 -0.04609518125653267 0.06040490046143532 -0.13713987171649933 0.9887081980705261 0.041780631989240646
1305031107.443419 0.997419536113739 0.05741081386804581 -0.04310572147369385 -0.007267715409398079 -0.051649246364831924 0.9908636808395386 0.12458499521017075 -0.041921090334653854 0.04986441135406494 -0.1220371425151825 0.9912721514701843 0.036718886345624924
1305031107.475377 0.9982115626335144 0.05458126589655876 -0.02438129484653473 -0.01505877636373043 -0.0537891648709774 0.9980382919311523 0.03204088658094406 0.028645150363445282 0.026082290336489677 -0.030672138556838036 0.9991891384124756 0.025213750079274178
1305031107.511352 0.99839848279953 0.05455508828163147 -0.01496946346014738 -0.016156435012817383 -0.054076023399829865 0.9980638027191162 0.030731625854969025 0.0283949114382267 0.016617044806480408 -0.029872920364141464 0.9994155764579773 0.02265819162130356
1305031107.543605 0.9986909627914429 0.05065217614173889 -0.0071137938648462296 -0.016851739957928658 -0.05036705732345581 0.9980908036231995 0.03575146198272705 0.02834688499569893 0.008911097422242165 -0.035346366465091705 0.9993353486061096 0.023183349519968033
1305031107.575454 0.9989412426948547 0.04587310180068016 -0.00347188301384449 -0.015739724040031433 -0.04572834074497223 0.9983711838722229 0.03411714360117912 0.02890486642718315 0.005031285807490349 -0.033922258764505386 0.9994118213653564 0.02514040842652321
1305031107.611271 0.9989185333251953 0.04594597592949867 -0.0071197934448719025 -0.00818166695535183 -0.0456119142472744 0.9980945587158203 0.04155316948890686 0.022815585136413574 0.009015427902340889 -0.041183486580848694 0.9991109371185303 0.023332541808485985
1305031107.643323 0.9989979863166809 0.044402096420526505 -0.005612081382423639 -0.00657234899699688 -0.04407810792326927 0.9978469014167786 0.04856514185667038 0.022983916103839874 0.007756391540169716 -0.048269111663103104 0.9988042712211609 0.02529383823275566
1305031107.675568 0.9990302920341492 0.04374886676669121 -0.004956142511218786 -0.006087023299187422 -0.04343261197209358 0.9977012276649475 0.05201657488942146 0.02210477739572525 0.007220414467155933 -0.051750876009464264 0.9986339807510376 0.026208091527223587
1305031107.711307 0.9991533160209656 0.04089485853910446 -0.004497017245739698 -0.0063634151592850685 -0.04057278111577034 0.997550368309021 0.056982532143592834 0.021681059151887894 0.006816293112933636 -0.05675182864069939 0.9983651041984558 0.026456255465745926
1305031107.743538 0.9991475343704224 0.04064756631851196 -0.007219898980110884 -0.006430196575820446 -0.04009050130844116 0.9970581531524658 0.0653284415602684 0.021387804299592972 0.009854099713265896 -0.0649833008646965 0.9978377223014832 0.02498178742825985
1305031107.775802 0.9988269805908203 0.04338543489575386 -0.021505966782569885 0.0012437417171895504 -0.04183052480220795 0.9967993497848511 0.06812625378370285 0.024115025997161865 0.02439282089471817 -0.06714673340320587 0.9974449276924133 0.027878304943442345
1305031107.811596 0.9987712502479553 0.043096885085105896 -0.02446294203400612 0.00039945205207914114 -0.04115205630660057 0.996326744556427 0.07509630918502808 0.023469118401408195 0.027609501034021378 -0.07399733364582062 0.9968761801719666 0.032860539853572845
1305031107.843332 0.9986417293548584 0.04581616818904877 -0.024805806577205658 0.0008443578262813389 -0.043672073632478714 0.9957576394081116 0.08099037408828735 0.023388249799609184 0.028411241248250008 -0.07979705184698105 0.9964061975479126 0.03351844102144241
1305031107.875358 0.9983764886856079 0.05212070047855377 -0.022969301789999008 0.002957708202302456 -0.05052443966269493 0.9965846538543701 0.06531625241041183 0.03700254112482071 0.026295185089111328 -0.06404969841241837 0.997600257396698 0.03375692665576935
1305031107.911541 0.9982063174247742 0.05722522735595703 -0.017581406980752945 0.004664429929107428 -0.056145042181015015 0.9968070387840271 0.056774038821458817 0.04257907718420029 0.020774178206920624 -0.055685095489025116 0.9982322454452515 0.03563786298036575
1305031107.943122 0.9980695843696594 0.06146836653351784 -0.008858362212777138 0.0054220776073634624 -0.061090122908353806 0.9974077939987183 0.03802292048931122 0.05364156514406204 0.011172603815793991 -0.037408359348773956 0.9992376565933228 0.03673723712563515
1305031107.975807 0.9980375170707703 0.06219756230711937 -0.007239408791065216 0.014997296966612339 -0.061970993876457214 0.9976803064346313 0.02816690504550934 0.056541893631219864 0.008974526077508926 -0.027662992477416992 0.9995770454406738 0.03915901482105255
1305031108.01132 0.997523307800293 0.06936047226190567 0.011673427186906338 0.011032335460186005 -0.06892570853233337 0.9970338940620422 -0.034243933856487274 0.1011308804154396 -0.014013978652656078 0.03335452824831009 0.9993454217910767 0.03639834746718407
1305031108.043418 0.9978456497192383 0.06560427695512772 0.00018176157027482986 0.039863213896751404 -0.06554359942674637 0.9970343112945557 -0.0403306670486927 0.1022489070892334 -0.002827087417244911 0.040231868624687195 0.9991864562034607 0.041278861463069916
1305031108.075352 0.9985480904579163 0.05366210266947746 -0.0046866415068507195 0.06635870039463043 -0.05383513122797012 0.9971475601196289 -0.052900850772857666 0.1103069856762886 0.0018345024436712265 0.0530763603746891 0.9985888600349426 0.04718882963061333
1305031108.111378 0.9983264207839966 0.05624479800462723 0.013447079807519913 0.06582383066415787 -0.054756518453359604 0.9941551685333252 -0.0930447056889534 0.13673041760921478 -0.01860176771879196 0.09215269237756729 0.9955711960792542 0.05093585327267647
1305031108.143334 0.9985602498054504 0.053640272468328476 -0.000346469838405028 0.08857135474681854 -0.053420040756464005 0.9938325881958008 -0.09717405587434769 0.13548703491687775 -0.00486811064183712 0.09705270081758499 0.995267391204834 0.05895337834954262
1305031108.176058 0.9987320899963379 0.049639079719781876 -0.008374528959393501 0.10757710784673691 -0.05026048421859741 0.992627739906311 -0.11028912663459778 0.15065574645996094 0.0028381403535604477 0.11057024449110031 0.9938642978668213 0.06622453033924103
1305031108.211475 0.9985812902450562 0.05260184407234192 -0.008282249793410301 0.11665646731853485 -0.05318017303943634 0.9930928945541382 -0.10458590090274811 0.1523563414812088 0.0027236323803663254 0.1048780158162117 0.9944814443588257 0.07262177020311356
1305031108.243347 0.9980552196502686 0.05586732551455498 -0.027651630342006683 0.144965261220932 -0.058829765766859055 0.9908478856086731 -0.1214875876903534 0.1637634038925171 0.02061137743294239 0.12287810444831848 0.9922077059745789 0.08433784544467926
1305031108.275358 0.9984704256057739 0.05415948107838631 -0.011113942600786686 0.14692558348178864 -0.055203333497047424 0.9877151250839233 -0.1461898386478424 0.18601906299591064 0.0030598416924476624 0.1465797871351242 0.9891942143440247 0.0850779265165329
1305031108.311332 0.9973337054252625 0.027396658435463905 0.06763830035924911 0.08644869178533554 -0.0339076928794384 0.9946995377540588 0.09707282483577728 0.006614320911467075 -0.06462031602859497 -0.09910745173692703 0.9929763078689575 0.0669514387845993
1305031108.343278 0.997400164604187 0.028396781533956528 0.06623290479183197 0.09067725390195847 -0.03512785583734512 0.9940831661224365 0.10278517007827759 0.012675882317125797 -0.06292226165533066 -0.10484457015991211 0.9924960136413574 0.07002945244312286
1305031108.37541 0.9983911514282227 0.019663289189338684 0.053184155374765396 0.1026628166437149 -0.025168227031826973 0.9941638708114624 0.10490341484546661 0.02045956254005432 -0.05081102252006531 -0.10607315599918365 0.9930592775344849 0.0735296681523323
1305031108.411361 0.9992722868919373 0.008589574135839939 0.037164948880672455 0.11603531241416931 -0.012462817132472992 0.9943649768829346 0.10527598857879639 0.029451310634613037 -0.03605124354362488 -0.10566253960132599 0.9937483668327332 0.08093403279781342
1305031108.44361 0.999687910079956 -0.0026650952640920877 0.02484036609530449 0.13066864013671875 0.00011639483273029327 0.9947799444198608 0.10204443335533142 0.03977327048778534 -0.024982649832963943 -0.10200972855091095 0.9944697022438049 0.08551350235939026
1305031108.475471 0.9986595511436462 -0.027010012418031693 0.044153451919555664 0.12322558462619781 0.020351873710751534 0.9892464280128479 0.14483509957790375 0.010302540846168995 -0.04759063944220543 -0.14374229311943054 0.9884703159332275 0.07924173027276993
1305031108.511378 0.9987225532531738 -0.034828461706638336 0.03660796582698822 0.1418292373418808 0.029517600312829018 0.9901659488677979 0.13674797117710114 0.015246830880641937 -0.04101068526506424 -0.13549268245697021 0.9899292588233948 0.08607030659914017
1305031108.543737 0.9985510110855103 -0.02921021543443203 0.045194145292043686 0.15224026143550873 0.023164624348282814 0.9913815259933472 0.12894180417060852 0.014717747457325459 -0.04857105016708374 -0.12770800292491913 0.9906218647956848 0.08808154612779617
1305031108.575414 0.9978851675987244 -0.02238655649125576 0.06102471053600311 0.15364089608192444 0.015001696534454823 0.9927940368652344 0.1188906878232956 0.018933001905679703 -0.06324651092290878 -0.1177237406373024 0.9910303354263306 0.08785480260848999
1305031108.611407 0.9974578619003296 -0.019551053643226624 0.06852451711893082 0.16291917860507965 0.011515431106090546 0.9932108521461487 0.1157565489411354 0.023795928806066513 -0.07032245397567749 -0.11467321217060089 0.9909111261367798 0.09217429161071777
1305031108.643303 0.9949306845664978 -0.034126896411180496 0.09459506720304489 0.16158829629421234 0.02173491194844246 0.9913983345031738 0.12906190752983093 0.013975849375128746 -0.09818586707115173 -0.12635165452957153 0.9871143698692322 0.08642546087503433
1305031108.675375 0.9939363598823547 -0.03573483228683472 0.10398830473423004 0.16895365715026855 0.02173127606511116 0.9909038543701172 0.13280607759952545 0.01744767278432846 -0.10778820514678955 -0.12974099814891815 0.985671877861023 0.08665169030427933
1305031108.711411 0.994072437286377 -0.024856768548488617 0.10584018379449844 0.18087518215179443 0.012625384144484997 0.9933196306228638 0.11470282077789307 0.03898102790117264 -0.1079842746257782 -0.1126866266131401 0.987745463848114 0.10389254987239838
1305031108.743502 0.9920794367790222 -0.02464778907597065 0.12316988408565521 0.1791512370109558 0.00936366431415081 0.9923426508903503 0.12315962463617325 0.034929174929857254 -0.12526234984397888 -0.12103080749511719 0.984713613986969 0.1056932732462883
1305031108.775493 0.9893927574157715 -0.045313768088817596 0.1380162090063095 0.18073830008506775 0.025847075507044792 0.9898560643196106 0.1397024393081665 0.02425418235361576 -0.14294663071632385 -0.13465330004692078 0.9805278182029724 0.09779147803783417
1305031108.811244 0.9880695343017578 -0.0687074065208435 0.13783356547355652 0.19048136472702026 0.047393251210451126 0.9871891140937805 0.1523531824350357 0.01628005877137184 -0.14653562009334564 -0.14400318264961243 0.9786676168441772 0.091556616127491
1305031108.843264 0.9869378209114075 -0.08135320246219635 0.13905201852321625 0.19111794233322144 0.0596199706196785 0.986289918422699 0.15387515723705292 0.014162184670567513 -0.14966385066509247 -0.14357493817806244 0.9782571792602539 0.0922064334154129
1305031108.876515 0.9866137504577637 -0.09350313991308212 0.13360531628131866 0.19152241945266724 0.07305379956960678 0.9859051704406738 0.15051305294036865 0.014340590685606003 -0.14579561352729797 -0.13873790204524994 0.9795383810997009 0.09151177853345871
1305031108.911364 0.9866127967834473 -0.10653333365917206 0.1234736368060112 0.1940394639968872 0.08795130252838135 0.9851819276809692 0.1472446769475937 0.012145088985562325 -0.13733047246932983 -0.13441382348537445 0.9813629388809204 0.0921272560954094
1305031108.943243 0.9867276549339294 -0.10689155757427216 0.12224073708057404 0.18949249386787415 0.08913805335760117 0.9857765436172485 0.14247466623783112 0.007987268269062042 -0.13573139905929565 -0.1296873688697815 0.9822210669517517 0.09065410494804382
1305031108.975268 0.9882788062095642 -0.10149017721414566 0.11403758823871613 0.18500834703445435 0.08608326315879822 0.9874053001403809 0.13274258375167847 0.009353320114314556 -0.12607336044311523 -0.12136996537446976 0.9845683574676514 0.08578795194625854
1305031109.011269 0.9899579882621765 -0.09739650040864944 0.10245446115732193 0.18721190094947815 0.08363650739192963 0.9878541231155396 0.13095468282699585 0.011396671645343304 -0.11396458745002747 -0.12107070535421371 0.9860801100730896 0.08539833128452301
1305031109.043277 0.990031898021698 -0.0956607535481453 0.10337171703577042 0.18165075778961182 0.08142463862895966 0.9876156449317932 0.1341090053319931 0.006589827127754688 -0.11492050439119339 -0.12435515969991684 0.9855602979660034 0.0829482451081276
1305031109.07541 0.9919553399085999 -0.07542078197002411 0.10166763514280319 0.17299649119377136 0.06284870952367783 0.9905819892883301 0.1216450035572052 0.019443929195404053 -0.10988468676805496 -0.11427673697471619 0.9873531460762024 0.08662302792072296
1305031109.111282 0.9918139576911926 -0.08181102573871613 0.09804025292396545 0.17158181965351105 0.0673501119017601 0.9874758720397949 0.1426723301410675 0.006563928909599781 -0.10848452895879745 -0.13490137457847595 0.9849024415016174 0.07843638956546783
1305031109.143334 0.9925045967102051 -0.0714673325419426 0.09913143515586853 0.15804560482501984 0.057039909064769745 0.9883050322532654 0.1414198875427246 0.008397613652050495 -0.10807900875806808 -0.13470543920993805 0.9849737286567688 0.08213350176811218
1305031109.175464 0.9936075806617737 -0.06538471579551697 0.09202633053064346 0.14735494554042816 0.051849737763404846 0.988440752029419 0.14246605336666107 0.007315616589039564 -0.10027766972780228 -0.13678382337093353 0.9855123162269592 0.0779317170381546
1305031109.211379 0.9945381879806519 -0.07078777998685837 0.07669878005981445 0.1458202302455902 0.05979984626173973 0.9887460470199585 0.13713259994983673 0.01976361870765686 -0.08554291725158691 -0.13179701566696167 0.987578809261322 0.0759551152586937
1305031109.24329 0.9947260618209839 -0.07737994939088821 0.06732165813446045 0.1397024691104889 0.06607282161712646 0.9854752421379089 0.15643808245658875 0.019948532804846764 -0.07844899594783783 -0.15116487443447113 0.9853907823562622 0.07560479640960693
1305031109.275308 0.9938033223152161 -0.09488364309072495 0.05789526551961899 0.13246473670005798 0.08338423073291779 0.9808288812637329 0.176130011677742 0.004549224860966206 -0.0734972134232521 -0.1702110469341278 0.9826629161834717 0.07393211126327515
1305031109.311329 0.9943212270736694 -0.0972810611128807 0.043145518749952316 0.12144806236028671 0.0885724201798439 0.981244683265686 0.17121316492557526 0.003552098758518696 -0.058992110192775726 -0.1664193868637085 0.9842888712882996 0.06912051886320114
1305031109.343248 0.9951186776161194 -0.09412718564271927 0.029642105102539062 0.10797937214374542 0.08720426261425018 0.979357123374939 0.18235984444618225 -0.0008508684113621712 -0.046195220202207565 -0.17888477444648743 0.9827849268913269 0.06352069973945618
1305031109.375397 0.9957054853439331 -0.0925743505358696 -0.0006384328007698059 0.11108571290969849 0.09115910530090332 0.9792346358299255 0.18107861280441284 0.002092660404741764 -0.016138069331645966 -0.18035918474197388 0.9834684133529663 0.06479577720165253
1305031109.411329 0.9971415400505066 -0.07324478030204773 -0.01853596419095993 0.10724309831857681 0.07536885887384415 0.9814571142196655 0.17624300718307495 0.009642956778407097 0.005283362232148647 -0.17713631689548492 0.9841721653938293 0.06704113632440567
1305031109.443302 0.99750155210495 -0.0657169371843338 -0.025913845747709274 0.0980905294418335 0.06934799998998642 0.9808505773544312 0.1819981336593628 0.009434405714273453 0.013457255437970161 -0.18334056437015533 0.9829573035240173 0.06267084181308746
1305031109.475363 0.9978018403053284 -0.06121104955673218 -0.02538071759045124 0.08686529099941254 0.0650046169757843 0.9785175919532776 0.19564732909202576 0.0017033573240041733 0.012859703972935677 -0.1968672275543213 0.9803457856178284 0.061035603284835815
1305031109.511273 0.9977173805236816 -0.06237558275461197 -0.025863852351903915 0.07710157334804535 0.06640516966581345 0.9758153557777405 0.2082662284374237 -0.010813562199473381 0.012247622013092041 -0.20950838923454285 0.9777301549911499 0.06006903946399689
1305031109.543294 0.9979766607284546 -0.06006618216633797 -0.020845122635364532 0.06284397095441818 0.06316608935594559 0.9740398526191711 0.2173856496810913 -0.022387098520994186 0.007246462162584066 -0.21826255321502686 0.9758632183074951 0.056465476751327515
1305031109.575362 0.998221218585968 -0.05790659412741661 -0.01417623832821846 0.047928620129823685 0.05961201712489128 0.972461462020874 0.22531162202358246 -0.02872149646282196 0.000738820992410183 -0.2257559597492218 0.9741836190223694 0.05319167673587799
1305031109.61131 0.998336672782898 -0.0561266653239727 -0.013166984543204308 0.035904690623283386 0.05764887481927872 0.9702383279800415 0.23518997430801392 -0.037746503949165344 -0.0004253145307302475 -0.2355578988790512 0.9718602299690247 0.05086120218038559
1305031109.643229 0.9984976649284363 -0.018107298761606216 -0.051716651767492294 0.0587792694568634 0.02384960651397705 0.9933459758758545 0.11267095059156418 0.06300171464681625 0.049332357943058014 -0.11373509466648102 0.9922856092453003 0.06377053260803223
1305031109.675263 0.998583972454071 -0.028019387274980545 -0.04522301256656647 0.04397762566804886 0.03408379852771759 0.9896422028541565 0.139450341463089 0.04601570591330528 0.0408472903072834 -0.14079426229000092 0.9891957640647888 0.0612947940826416
1305031109.711312 0.9984617233276367 -0.029646670445799828 -0.04685460776090622 0.03167140856385231 0.03673490881919861 0.9866741299629211 0.15850728750228882 0.03649482503533363 0.041531018912792206 -0.15998467803001404 0.9862453937530518 0.0591704323887825
1305031109.743274 0.998663604259491 -0.031364522874355316 -0.04107631742954254 0.013466846197843552 0.03818381205201149 0.983387291431427 0.17745786905288696 0.02870391681790352 0.034828051924705505 -0.1787891685962677 0.9832707047462463 0.05785317346453667
1305031109.775277 0.9991914629936218 -0.033182039856910706 -0.022705739364027977 -0.011892054229974747 0.03689023479819298 0.9811888933181763 0.18949179351329803 0.022265318781137466 0.015990905463695526 -0.19017620384693146 0.9816197156906128 0.05193677917122841
1305031109.811371 0.9992215037345886 -0.03924432396888733 -0.0040439218282699585 -0.037890881299972534 0.039244264364242554 0.9782131910324097 0.2038593739271164 0.015284797176718712 -0.004044506698846817 -0.2038593739271164 0.9789918065071106 0.04613427072763443
1305031109.843296 0.9983728528022766 -0.026830842718482018 -0.05031842365860939 -0.009137822315096855 0.036158524453639984 0.980181872844696 0.19477154314517975 0.02890114113688469 0.044095322489738464 -0.1962740421295166 0.9795572757720947 0.044839248061180115
1305031109.875306 0.9986152052879333 -0.02588731236755848 -0.04580036550760269 -0.027673739939928055 0.03497164696455002 0.9770154356956482 0.210280641913414 0.022081408649683 0.03930405527353287 -0.21159116923809052 0.976567804813385 0.04236607253551483
1305031109.911265 0.9980926513671875 -0.013434218242764473 -0.060256581753492355 -0.03439873829483986 0.02728961780667305 0.9715084433555603 0.23542867600917816 0.00284538883715868 0.05537697300314903 -0.23662400245666504 0.9700220823287964 0.05082966014742851
1305031109.943299 0.9979225397109985 -0.01477143820375204 -0.06270972639322281 -0.04568914696574211 0.02980516478419304 0.9687857627868652 0.24610070884227753 -0.0006365645676851273 0.0571170337498188 -0.24745848774909973 0.9672136306762695 0.04908863082528114
1305031109.975258 0.9974567294120789 -0.0028350050561130047 -0.07121941447257996 -0.050799231976270676 0.023071298375725746 0.9582563042640686 0.28497812151908875 -0.025561414659023285 0.0674385353922844 -0.2858964800834656 0.9558846950531006 0.06083201617002487
1305031110.011256 0.9973005056381226 0.004708064720034599 -0.07327822595834732 -0.05995617061853409 0.01816771738231182 0.9510942697525024 0.3083658516407013 -0.039279647171497345 0.07114631682634354 -0.3088647127151489 0.9484413862228394 0.06050427258014679
1305031110.043299 0.9954694509506226 0.017971301451325417 -0.09336778521537781 -0.051370371133089066 0.008881178684532642 0.960107684135437 0.27948957681655884 -0.012103001587092876 0.09466595202684402 -0.2790525257587433 0.9555981755256653 0.04839090630412102
1305031110.075319 0.996251106262207 0.025086788460612297 -0.08279161900281906 -0.06932133436203003 0.0007370358798652887 0.9545333981513977 0.2981031537055969 -0.02360299788415432 0.08650584518909454 -0.29704657196998596 0.9509363174438477 0.04876313358545303
1305031110.111325 0.9951527118682861 0.033627379685640335 -0.09241291135549545 -0.07186214625835419 -0.0024195811711251736 0.9478074312210083 0.3188343644142151 -0.03214506804943085 0.09831122308969498 -0.31706535816192627 0.9432944059371948 0.05427417531609535
1305031110.143432 0.9920119643211365 0.035294558852910995 -0.12110530585050583 -0.06626073271036148 0.006551736034452915 0.9443473815917969 0.328885018825531 -0.03613466024398804 0.12597332894802094 -0.3270513415336609 0.9365724921226501 0.07039894908666611
1305031110.175641 0.9894775152206421 0.0334358848631382 -0.14077019691467285 -0.0622003935277462 0.01599038578569889 0.9417010545730591 0.33607056736946106 -0.03758101165294647 0.143800288438797 -0.3347853124141693 0.9312572479248047 0.0714406818151474
1305031110.211637 0.9923400282859802 0.06914854049682617 -0.10237076133489609 -0.09864020347595215 -0.04012411832809448 0.9641494154930115 0.26230886578559875 0.026404302567243576 0.1168389841914177 -0.25619205832481384 0.9595385789871216 0.06547805666923523
1305031110.243323 0.9917415976524353 0.06506834924221039 -0.11052022874355316 -0.10686776041984558 -0.03329126536846161 0.962811291217804 0.2681157886981964 0.022831138223409653 0.12385597079992294 -0.26222220063209534 0.9570263028144836 0.0678057000041008
1305031110.279321 0.988667368888855 0.06654926389455795 -0.1345667839050293 -0.10242336243391037 -0.026739638298749924 0.9601050615310669 0.2783576548099518 0.013114792294800282 0.1477227807044983 -0.2716047763824463 0.9510040879249573 0.07821337878704071
