1305031453.359684 1.0 0.0 0.0 0.0 0.0 1.0 0.0 0.0 0.0 0.0 1.0 0.0
1305031453.39169 0.9996271729469299 -0.024356212466955185 0.012342534027993679 0.0021428698673844337 0.02434263378381729 0.9997028708457947 0.0012492150999605656 0.004631655290722847 -0.012369292788207531 -0.0009482995956204832 0.999923050403595 -0.009320142678916454
1305031453.423683 0.9988989233970642 -0.04269802197813988 0.01943640038371086 0.007545460946857929 0.04271354898810387 0.9990872740745544 -0.00038434588350355625 0.006594191305339336 -0.01940224878489971 0.0012141203042119741 0.9998109936714172 -0.017857255414128304
1305031453.459685 0.9976375699043274 -0.05945894867181778 0.03440752997994423 0.009290935471653938 0.05970732867717743 0.9981964230537415 -0.006236041896045208 0.009471205994486809 -0.03397468850016594 0.008275691419839859 0.9993884563446045 -0.02751048654317856
1305031453.491698 0.9957028031349182 -0.08017007261514664 0.04635435715317726 0.013786392286419868 0.08088234812021255 0.996629536151886 -0.013696982525289059 0.013885201886296272 -0.04510003328323364 0.01738736964762211 0.9988311529159546 -0.038648996502161026
1305031453.523684 0.993587076663971 -0.09790405631065369 0.05656331405043602 0.014725400134921074 0.09953821450471878 0.9946719408035278 -0.02682763710618019 0.01979079097509384 -0.053635403513908386 0.03228580579161644 0.9980385303497314 -0.05125982314348221
1305031453.559753 0.991690993309021 -0.11072809249162674 0.06548623740673065 0.012588578276336193 0.1135738417506218 0.9926645755767822 -0.04144825041294098 0.026731671765446663 -0.06041637808084488 0.04854138195514679 0.9969922304153442 -0.066202312707901
1305031453.59164 0.9902881979942322 -0.1178014948964119 0.07383856922388077 0.010182172060012817 0.12194515019655228 0.9910469055175781 -0.054362114518880844 0.03164762258529663 -0.06677355617284775 0.06283841282129288 0.9957874417304993 -0.0810442864894867
1305031453.627706 0.9889244437217712 -0.1243625283241272 0.08100935071706772 0.0014369301497936249 0.1298396736383438 0.9893187880516052 -0.06625701487064362 0.036946896463632584 -0.07190419733524323 0.07604140788316727 0.994508683681488 -0.09780549257993698
1305031453.6596 0.9895713329315186 -0.11984705924987793 0.07990889251232147 -0.010872386395931244 0.12650789320468903 0.9883792996406555 -0.08427360653877258 0.04615059122443199 -0.06888037174940109 0.09350384026765823 0.9932333827018738 -0.11305636912584305
1305031453.691678 0.9912792444229126 -0.1117454394698143 0.06984548270702362 -0.016453538089990616 0.11849699169397354 0.987757682800293 -0.10145530104637146 0.05853099375963211 -0.05765325203537941 0.10884701460599899 0.99238520860672 -0.12658283114433289
1305031453.727652 0.9928399324417114 -0.10307113081216812 0.060375552624464035 -0.024802256375551224 0.10931505262851715 0.9877485036849976 -0.11136981844902039 0.06803744286298752 -0.048156850039958954 0.11717236787080765 0.991943359375 -0.1427956372499466
1305031453.759694 0.994976282119751 -0.087876096367836 0.04795951768755913 -0.04061326012015343 0.09304489195346832 0.9885167479515076 -0.1190682202577591 0.07116731256246567 -0.036945540457963943 0.12293243408203125 0.9917271137237549 -0.15488973259925842
1305031453.791716 0.9970304369926453 -0.07179336994886398 0.027852695435285568 -0.04600580409169197 0.07488822937011719 0.9882136583328247 -0.1335119903087616 0.08555230498313904 -0.017939139157533646 0.1352013647556305 0.9906556606292725 -0.1657855063676834
1305031453.827773 0.9980223178863525 -0.06098712980747223 0.015238409861922264 -0.05862867087125778 0.0625021904706955 0.9886141419410706 -0.13687776029109955 0.0896572396159172 -0.006717123091220856 0.13755947351455688 0.9904707074165344 -0.17950275540351868
1305031453.859705 0.9989900588989258 -0.04472891241312027 -0.004266471602022648 -0.07877619564533234 0.04367705062031746 0.9889861345291138 -0.14141596853733063 0.09725698828697205 0.010544860735535622 0.14108680188655853 0.9899410605430603 -0.19091790914535522
1305031453.89171 0.9988713264465332 -0.03219720721244812 -0.034920766949653625 -0.09224046021699905 0.026848141103982925 0.9892005324363708 -0.1440882533788681 0.10936039686203003 0.039182886481285095 0.14298805594444275 0.988948404788971 -0.20409424602985382
1305031453.927723 0.9972939491271973 -0.02408895455300808 -0.06945809721946716 -0.10906597226858139 0.01407440286129713 0.9898784160614014 -0.14121906459331512 0.1157706007361412 0.07215689867734909 0.1398593783378601 0.9875386953353882 -0.19903740286827087
1305031453.959641 0.9942655563354492 -0.011332975700497627 -0.10633714497089386 -0.11291798949241638 -0.0031967475078999996 0.9907745718955994 -0.13548269867897034 0.11964544653892517 0.10689155757427216 0.13504572212696075 0.9850567579269409 -0.20868530869483948
1305031453.991624 0.9915165305137634 0.011058224365115166 -0.12950962781906128 -0.12485768646001816 -0.027885911986231804 0.9912716150283813 -0.1288524866104126 0.12037098407745361 0.1269543170928955 0.13137085735797882 0.9831705689430237 -0.21722544729709625
1305031454.027662 0.9877653121948242 0.027676327154040337 -0.15347227454185486 -0.13777703046798706 -0.047929421067237854 0.9903703927993774 -0.12988145649433136 0.12059967964887619 0.14839977025985718 0.1356482207775116 0.9795800447463989 -0.22164177894592285
1305031454.059654 0.9823648929595947 0.04850529879331589 -0.1805724799633026 -0.14600130915641785 -0.07266438007354736 0.9888898730278015 -0.12967947125434875 0.12543852627277374 0.17227616906166077 0.14051371812820435 0.9749754071235657 -0.2227480709552765
1305031454.091651 0.976924479007721 0.07755055278539658 -0.19900941848754883 -0.16801634430885315 -0.10401328653097153 0.9865424036979675 -0.1261558085680008 0.12744231522083282 0.18654778599739075 0.14394429326057434 0.9718436002731323 -0.22623589634895325
1305031454.127701 0.9689508676528931 0.10430130362510681 -0.22417747974395752 -0.1851683408021927 -0.1351916640996933 0.982626736164093 -0.12715305387973785 0.12915343046188354 0.20702055096626282 0.15351198613643646 0.9662176966667175 -0.23154687881469727
1305031454.159672 0.9583984017372131 0.12460405379533768 -0.2568003535270691 -0.193273663520813 -0.1607033610343933 0.9790957570075989 -0.12468262016773224 0.13556718826293945 0.23589617013931274 0.16076427698135376 0.958388090133667 -0.2328215092420578
1305031454.191658 0.9468963146209717 0.15171991288661957 -0.2834937274456024 -0.2142506241798401 -0.19089561700820923 0.9747381210327148 -0.1159503161907196 0.14148853719234467 0.2587401568889618 0.1639106273651123 0.9519385099411011 -0.236196368932724
1305031454.227671 0.9291256666183472 0.18440288305282593 -0.32050132751464844 -0.22089903056621552 -0.2273000180721283 0.9684993624687195 -0.10170387476682663 0.1299116015434265 0.2916508615016937 0.16734565794467926 0.9417722821235657 -0.24002164602279663
1305031454.259627 0.9129655361175537 0.20938396453857422 -0.3502175807952881 -0.22507016360759735 -0.2610745429992676 0.9593693614006042 -0.10700628161430359 0.1376737505197525 0.3135826587677002 0.18912595510482788 0.9305359721183777 -0.23713204264640808
1305031454.291639 0.9015198945999146 0.23040252923965454 -0.36630117893218994 -0.2313310205936432 -0.28387290239334106 0.953764796257019 -0.09873638302087784 0.14374186098575592 0.3266160488128662 0.1929958164691925 0.9252429008483887 -0.2383994460105896
1305031454.327699 0.8870737552642822 0.261573851108551 -0.3803674578666687 -0.2528504431247711 -0.31634727120399475 0.9445319175720215 -0.08822654187679291 0.1382511556148529 0.33619141578674316 0.19859163463115692 0.9206175208091736 -0.24111641943454742
1305031454.359636 0.8687905669212341 0.2851189076900482 -0.40485814213752747 -0.25646156072616577 -0.3483165204524994 0.9330084919929504 -0.09039156138896942 0.14262539148330688 0.35196375846862793 0.21955016255378723 0.9099006652832031 -0.24456974864006042
1305031454.391677 0.8545497059822083 0.30487754940986633 -0.42046937346458435 -0.26317763328552246 -0.37235027551651 0.9240289330482483 -0.08675114810466766 0.14972686767578125 0.36207738518714905 0.23069511353969574 0.9031499028205872 -0.2481118142604828
1305031454.427465 0.8350767493247986 0.3309399485588074 -0.43946048617362976 -0.27920034527778625 -0.40281933546066284 0.9118857383728027 -0.0787457674741745 0.15431733429431915 0.3746776580810547 0.24278196692466736 0.8948036432266235 -0.2513783872127533
1305031454.459913 0.8118080496788025 0.35347798466682434 -0.4647805392742157 -0.2760782241821289 -0.4322162866592407 0.898950457572937 -0.07125397026538849 0.15738509595394135 0.3926279544830322 0.25873029232025146 0.8825541734695435 -0.24775375425815582
1305031454.491617 0.7939529418945312 0.3780381679534912 -0.4761573374271393 -0.27947986125946045 -0.4607812166213989 0.8850850462913513 -0.06561422348022461 0.16311350464820862 0.3966350257396698 0.2714989483356476 0.8769087791442871 -0.248713418841362
1305031454.5277 0.7742198705673218 0.4045930802822113 -0.4867112934589386 -0.28371888399124146 -0.489668071269989 0.8701344728469849 -0.055598512291908264 0.17262136936187744 0.4010095000267029 0.28137245774269104 0.8717917799949646 -0.2502092719078064
1305031454.559575 0.7573458552360535 0.4268680810928345 -0.494176983833313 -0.29130789637565613 -0.5119851231575012 0.8578872084617615 -0.0435979925096035 0.18346163630485535 0.40533751249313354 0.28603002429008484 0.8682674169540405 -0.25518661737442017
1305031454.591635 0.7305623888969421 0.45508119463920593 -0.5090970396995544 -0.29950186610221863 -0.5410225987434387 0.8406384587287903 -0.02493060752749443 0.19082561135292053 0.41662105917930603 0.2936463952064514 0.8603480458259583 -0.2570788264274597
1305031454.62758 0.700975775718689 0.47502800822257996 -0.5319599509239197 -0.29888036847114563 -0.5633493065834045 0.8262062668800354 -0.004554964601993561 0.19384700059890747 0.43734490871429443 0.3028722107410431 0.8467572331428528 -0.259248286485672
1305031454.659528 0.6809558868408203 0.4839359223842621 -0.5496407747268677 -0.29859429597854614 -0.5722612142562866 0.8199687600135803 0.012968037277460098 0.20769135653972626 0.45696407556533813 0.3057074248790741 0.8353003859519958 -0.2616386115550995
1305031454.691884 0.6566201448440552 0.49423205852508545 -0.5697233080863953 -0.29716816544532776 -0.5796210765838623 0.8139945268630981 0.03810856491327286 0.2137943059206009 0.4825861155986786 0.30520084500312805 0.8209525346755981 -0.2623414993286133
1305031454.727659 0.631932258605957 0.4991772174835205 -0.5928606390953064 -0.2887762784957886 -0.5827142596244812 0.8103695511817932 0.06119837984442711 0.21307840943336487 0.5109850764274597 0.3067951798439026 0.8029763102531433 -0.2566540837287903
1305031454.759732 0.6306378245353699 0.49306002259254456 -0.5993227362632751 -0.2846125364303589 -0.5686854720115662 0.819086492061615 0.07545901089906693 0.21596240997314453 0.5281030535697937 0.2932388484477997 0.7969430088996887 -0.25401532649993896
1305031454.791641 0.6384878158569336 0.48262110352516174 -0.5995082259178162 -0.28210097551345825 -0.5560431480407715 0.8278318643569946 0.07423141598701477 0.22984236478805542 0.5321177244186401 0.28595662117004395 0.7969186305999756 -0.2585484981536865
1305031454.82757 0.6428471803665161 0.47446686029434204 -0.6013557314872742 -0.2745506763458252 -0.5419264435768127 0.8365415334701538 0.08070991933345795 0.23563697934150696 0.5413532257080078 0.2740063965320587 0.7948943376541138 -0.2556016147136688
1305031454.85962 0.653249979019165 0.46768832206726074 -0.5954259634017944 -0.2699953317642212 -0.5266566276550293 0.8456712961196899 0.08644592761993408 0.2405734658241272 0.5439643859863281 0.2571142911911011 0.7987458109855652 -0.2529720962047577
1305031454.891764 0.6686305403709412 0.4576820135116577 -0.5860549211502075 -0.26549679040908813 -0.5131341814994812 0.8544004559516907 0.08181240409612656 0.25191882252693176 0.5381696224212646 0.24602247774600983 0.8061304688453674 -0.2556999623775482
1305031454.927567 0.6815677881240845 0.452256441116333 -0.5752646923065186 -0.263713538646698 -0.5011695027351379 0.8613240718841553 0.08336745202541351 0.25823476910591125 0.5331927537918091 0.2314845770597458 0.813707709312439 -0.25714582204818726
1305031454.959648 0.6958592534065247 0.4451052248477936 -0.5636144876480103 -0.264432817697525 -0.48867717385292053 0.8685474991798401 0.0825822502374649 0.26729610562324524 0.5262836813926697 0.2179599106311798 0.8218995928764343 -0.26181966066360474
1305031454.991937 0.7072111964225769 0.43890634179115295 -0.5542685389518738 -0.2693917453289032 -0.47766774892807007 0.8746021389961243 0.08309422433376312 0.27458882331848145 0.521234929561615 0.20599102973937988 0.828179657459259 -0.26938721537590027
1305031455.027799 0.712304413318634 0.4325510561466217 -0.5527404546737671 -0.27069494128227234 -0.47331979870796204 0.8775391578674316 0.07676788419485092 0.29052138328552246 0.5182572603225708 0.20694085955619812 0.8298100829124451 -0.27378877997398376
1305031455.059636 0.7176907062530518 0.43101876974105835 -0.5469395518302917 -0.2744438350200653 -0.47016987204551697 0.8792991042137146 0.07598254829645157 0.2979714274406433 0.5136733055114746 0.20262250304222107 0.833716869354248 -0.27673763036727905
1305031455.0917 0.7239360213279724 0.42744359374046326 -0.5414873361587524 -0.2794146239757538 -0.4697391986846924 0.8802697062492371 0.0668611228466034 0.31004536151885986 0.5052341222763062 0.2059546709060669 0.8380458950996399 -0.2821395993232727
1305031455.127695 0.7306563258171082 0.42569947242736816 -0.5337802171707153 -0.2849451005458832 -0.4682420492172241 0.8814220428466797 0.062004633247852325 0.3194810450077057 0.4968809485435486 0.20463424921035767 0.8433469533920288 -0.28626391291618347
1305031455.15972 0.7408081889152527 0.4209741950035095 -0.5234346985816956 -0.2946856617927551 -0.46168872714042664 0.8851149678230286 0.05843672528862953 0.32949355244636536 0.48790016770362854 0.198373481631279 0.8500596284866333 -0.29370591044425964
1305031455.191655 0.752537727355957 0.41049283742904663 -0.5149588584899902 -0.3066250681877136 -0.44968414306640625 0.8915801048278809 0.053563304245471954 0.34610867500305176 0.4811144173145294 0.1912604570388794 0.8555397987365723 -0.2954699993133545
1305031455.227581 0.7613325715065002 0.4018484055995941 -0.5088130235671997 -0.3162080645561218 -0.439576655626297 0.8967829942703247 0.05052301660180092 0.3524894416332245 0.47659745812416077 0.18519748747348785 0.859393298625946 -0.2998531460762024
1305031455.259631 0.7717606425285339 0.3910664916038513 -0.5014504194259644 -0.32216447591781616 -0.4272848069667816 0.9029182195663452 0.046543847769498825 0.3672026991844177 0.4709704518318176 0.17834143340587616 0.8639335632324219 -0.302951842546463
1305031455.291831 0.7873521447181702 0.3803538978099823 -0.4851880669593811 -0.3356079161167145 -0.40567827224731445 0.9122485518455505 0.05681431293487549 0.37027707695961 0.46422162652015686 0.15209737420082092 0.8725621700286865 -0.30942749977111816
1305031455.327766 0.7998583316802979 0.3638151288032532 -0.47735223174095154 -0.34842631220817566 -0.38381069898605347 0.9215113520622253 0.0592133030295372 0.38058432936668396 0.4614281952381134 0.13585065305233002 0.8767145872116089 -0.316406786441803
1305031455.35963 0.8059608340263367 0.3554987907409668 -0.4733368158340454 -0.3535807430744171 -0.3685503900051117 0.9270634651184082 0.06873072683811188 0.39207974076271057 0.46324700117111206 0.11905419826507568 0.8781960010528564 -0.31886041164398193
1305031455.391665 0.8194458484649658 0.34841951727867126 -0.4550960063934326 -0.36634141206741333 -0.3488439619541168 0.9331967830657959 0.08632297068834305 0.3906962275505066 0.4547707736492157 0.08802048116922379 0.8862482309341431 -0.3222384750843048
1305031455.427642 0.8351417183876038 0.3348097503185272 -0.43639498949050903 -0.38224875926971436 -0.32958242297172546 0.9397987127304077 0.09029831737279892 0.3970873951911926 0.44035616517066956 0.06841620802879333 0.8952125906944275 -0.33270126581192017
1305031455.459589 0.8451452851295471 0.32177087664604187 -0.4268406927585602 -0.39704886078834534 -0.31077709794044495 0.9454787969589233 0.097403384745121 0.39592042565345764 0.434910386800766 0.050332341343164444 0.8990659117698669 -0.33981797099113464
1305031455.491637 0.8561661839485168 0.30396634340286255 -0.4178323447704315 -0.41043850779533386 -0.28966930508613586 0.9519922137260437 0.09900744259357452 0.40138164162635803 0.42786815762519836 0.036266401410102844 0.9031133055686951 -0.34833720326423645
1305031455.52761 0.8678764700889587 0.2823145389556885 -0.40876510739326477 -0.4280482828617096 -0.2636122703552246 0.9591416716575623 0.10274069756269455 0.40045166015625 0.42106884717941284 0.018589243292808533 0.9068381786346436 -0.3567148447036743
1305031455.559669 0.8769144415855408 0.25704535841941833 -0.40613874793052673 -0.4482424855232239 -0.23946908116340637 0.9662924408912659 0.09451720118522644 0.4099057614803314 0.4167439937591553 0.014374167658388615 0.9089102149009705 -0.3647143542766571
1305031455.591645 0.8836209177970886 0.23150545358657837 -0.4069634974002838 -0.46227365732192993 -0.21171878278255463 0.9728278517723083 0.09370815008878708 0.41388824582099915 0.4175993800163269 0.003359341062605381 0.9086250066757202 -0.3769661486148834
1305031455.627617 0.8916693329811096 0.21074612438678741 -0.40063929557800293 -0.48103734850883484 -0.1856570541858673 0.977415919303894 0.10094349086284637 0.4082530736923218 0.41286471486091614 -0.015626704320311546 0.9106582999229431 -0.38544827699661255
1305031455.659615 0.8972824811935425 0.19886329770088196 -0.3941289186477661 -0.4997299015522003 -0.17537237703800201 0.9798922538757324 0.09516192227602005 0.40387439727783203 0.4051280915737152 -0.016267800703644753 0.9141151309013367 -0.398588091135025
1305031455.691605 0.8994907140731812 0.19802165031433105 -0.3894919455051422 -0.5164766311645508 -0.17838837206363678 0.9801633358001709 0.08635596185922623 0.4062447249889374 0.39886608719825745 -0.008195566013455391 0.9169725179672241 -0.4096572995185852
1305031455.727628 0.9011778235435486 0.2083858847618103 -0.3800707161426544 -0.534191906452179 -0.18974663317203522 0.9780301451683044 0.08633191883563995 0.40143415331840515 0.3897109925746918 -0.005683285184204578 0.9209197163581848 -0.42119652032852173
1305031455.759683 0.904694139957428 0.212773859500885 -0.3691284954547882 -0.5477558970451355 -0.19527068734169006 0.9770911931991577 0.08462970703840256 0.3983638286590576 0.37867921590805054 -0.004484035540372133 0.9255170822143555 -0.43396443128585815
1305031455.791666 0.9106776714324951 0.21232320368289948 -0.3543798625469208 -0.5687463879585266 -0.1970430612564087 0.977196991443634 0.07912097126245499 0.39438411593437195 0.36309814453125 -0.002225607866421342 0.9317482709884644 -0.44468364119529724
1305031455.82759 0.9143315553665161 0.2100883573293686 -0.3462090492248535 -0.5850219130516052 -0.19761212170124054 0.9776774048805237 0.07138935476541519 0.394195556640625 0.35347890853881836 0.0031415666453540325 0.9354372620582581 -0.45996928215026855
1305031455.859526 0.9152866005897522 0.21372100710868835 -0.3414290249347687 -0.5986706614494324 -0.20132562518119812 0.9768900871276855 0.07179027795791626 0.3893096446990967 0.34888172149658203 0.0030297250486910343 0.9371619820594788 -0.4722874164581299
1305031455.891657 0.9179347157478333 0.21383491158485413 -0.33417147397994995 -0.6118045449256897 -0.20186643302440643 0.9768661856651306 0.07058621197938919 0.3863629102706909 0.3415346145629883 0.002664485014975071 0.9398654103279114 -0.48514804244041443
1305031455.927955 0.9201055765151978 0.21647590398788452 -0.32641085982322693 -0.6236476302146912 -0.20382723212242126 0.9762879014015198 0.07291488349437714 0.3805229365825653 0.334455281496048 -0.0005579539574682713 0.942411482334137 -0.49420166015625
1305031455.959716 0.9225496649742126 0.22052879631519318 -0.3166530430316925 -0.6368440389633179 -0.20891639590263367 0.9753799438476562 0.07062496244907379 0.3796677589416504 0.3244318962097168 0.00099899061024189 0.9459085464477539 -0.5060053467750549
1305031455.991694 0.9249016642570496 0.2251332551240921 -0.30638551712036133 -0.6474132537841797 -0.21278691291809082 0.9743238091468811 0.07358613610267639 0.3778790831565857 0.31508538126945496 -0.0028650944586843252 0.949059009552002 -0.5144417881965637
1305031456.02777 0.9267974495887756 0.23365254700183868 -0.2940291464328766 -0.6553989052772522 -0.22072210907936096 0.9722992181777954 0.07691583037376404 0.3850437104701996 0.3038559556007385 -0.006386646069586277 0.9526965618133545 -0.5233080387115479
1305031456.059713 0.9278831481933594 0.2531113922595978 -0.27380189299583435 -0.6748451590538025 -0.2347687929868698 0.9670602083206177 0.09837742149829865 0.37608906626701355 0.28968340158462524 -0.027002602815628052 0.9567415118217468 -0.5299203991889954
1305031456.091707 0.9282382130622864 0.2648274004459381 -0.2612284719944 -0.6888039112091064 -0.24376706779003143 0.963507890701294 0.110590361058712 0.3676261007785797 0.2809830904006958 -0.03897529095411301 0.958920955657959 -0.5346764326095581
1305031456.127645 0.9306516647338867 0.2685236632823944 -0.2485608607530594 -0.7036415338516235 -0.24692468345165253 0.9621933102607727 0.11494467407464981 0.3591254949569702 0.2700289487838745 -0.04559764266014099 0.9617719650268555 -0.5406105518341064
1305031456.159731 0.9327910542488098 0.27046889066696167 -0.23821696639060974 -0.711825430393219 -0.2481440305709839 0.9612900018692017 0.11977511644363403 0.3469357192516327 0.2613910734653473 -0.0526130385696888 0.9637980461120605 -0.5433084964752197
1305031456.191658 0.937838077545166 0.2645609378814697 -0.22464945912361145 -0.7207395434379578 -0.24451448023319244 0.9630010724067688 0.11332087963819504 0.3329675495624542 0.24631793797016144 -0.05134658142924309 0.9678279161453247 -0.5458269119262695
1305031456.227678 0.9442596435546875 0.2559334635734558 -0.20705516636371613 -0.7283505201339722 -0.2404310405254364 0.9657776951789856 0.09729516506195068 0.34081217646598816 0.22487035393714905 -0.042089398950338364 0.9734792709350586 -0.5495560765266418
1305031456.291675 0.9572797417640686 0.24208353459835052 -0.158148854970932 -0.7577767968177795 -0.22964417934417725 0.9688243269920349 0.09296763688325882 0.3222902715206146 0.17572440207004547 -0.05267807096242905 0.9830289483070374 -0.5470418930053711
1305031456.327718 0.9636938571929932 0.22803574800491333 -0.13890229165554047 -0.7686055302619934 -0.21832989156246185 0.9724482297897339 0.08171053975820541 0.3165176212787628 0.15370818972587585 -0.04841741546988487 0.9869294166564941 -0.544647216796875
1305031456.391619 0.9739159941673279 0.2074529230594635 -0.09192898869514465 -0.7898420095443726 -0.20173470675945282 0.9770941138267517 0.06775200366973877 0.309278666973114 0.10387863218784332 -0.047439489513635635 0.9934579133987427 -0.5381104350090027
1305031456.427662 0.979364275932312 0.19157001376152039 -0.06439454853534698 -0.8130794167518616 -0.18895021080970764 0.9809721112251282 0.044627394527196884 0.3165680766105652 0.07171852141618729 -0.031539104878902435 0.9969261884689331 -0.5335591435432434
1305031456.491677 0.9848390221595764 0.16842854022979736 -0.041520439088344574 -0.8528156876564026 -0.16649965941905975 0.984957218170166 0.04623083025217056 0.3323748707771301 0.048682473599910736 -0.03861677646636963 0.9980674982070923 -0.5229254961013794
1305031456.527641 0.9868346452713013 0.15552985668182373 -0.044359803199768066 -0.8632896542549133 -0.15290655195713043 0.9865703582763672 0.05743204057216644 0.33369484543800354 0.052696481347084045 -0.04989302158355713 0.9973633289337158 -0.5109104514122009
1305031456.591651 0.990277886390686 0.13459192216396332 -0.03513762727379799 -0.8837653994560242 -0.13256901502609253 0.9896652102470398 0.05466362461447716 0.34239399433135986 0.04213177040219307 -0.049474023282527924 0.9978863596916199 -0.4933050572872162
1305031456.627612 0.9921054840087891 0.12338818609714508 -0.022407444193959236 -0.8937138319015503 -0.12141334265470505 0.9897886514663696 0.07468034327030182 0.3537471890449524 0.03139331191778183 -0.07137022912502289 0.9969556331634521 -0.48308634757995605
1305031456.691612 0.9960052371025085 0.08912906050682068 0.0054476298391819 -0.9298417568206787 -0.08921278268098831 0.9906072020530701 0.10362668335437775 0.3355441391468048 0.0038396865129470825 -0.1036987155675888 0.994601309299469 -0.45828020572662354
1305031456.727693 0.9975537657737732 0.06863591074943542 0.013254478573799133 -0.949455976486206 -0.06961928308010101 0.9925639033317566 0.09984996169805527 0.35779476165771484 -0.0063026174902915955 -0.10052846372127533 0.9949142336845398 -0.448833167552948
1305031456.791649 0.9991800785064697 0.04024133086204529 -0.004439366515725851 -0.979198694229126 -0.03944874927401543 0.9923787713050842 0.11673920601606369 0.3398215174674988 0.00910327397286892 -0.11646837741136551 0.9931526780128479 -0.4304962158203125
1305031456.827603 0.9996106624603271 0.024733906611800194 -0.012910677120089531 -0.9859986901283264 -0.023212244734168053 0.9939842224121094 0.10703573375940323 0.362201452255249 0.015480419620871544 -0.10669437795877457 0.9941713809967041 -0.4195460379123688
1305031456.891672 0.9999536275863647 0.001147214905358851 -0.009567059576511383 -1.0017462968826294 0.00014193588867783546 0.9910255074501038 0.13367246091365814 0.35076889395713806 0.009634551592171192 -0.13366761803627014 0.9909793734550476 -0.3935316205024719
1305031456.92769 0.9999237060546875 -0.012067575938999653 0.002628409769386053 -1.0136462450027466 0.011666364967823029 0.992745041847229 0.11967115104198456 0.3591403365135193 -0.004053482320159674 -0.11963136494159698 0.992810070514679 -0.3856157660484314
1305031456.959667 0.9996111989021301 -0.023595212027430534 0.014859367161989212 -1.0263630151748657 0.021752581000328064 0.9932576417922974 0.11386798322200775 0.37702998518943787 -0.017445921897888184 -0.11350047588348389 0.9933847784996033 -0.38037198781967163
1305031456.991709 0.9992026686668396 -0.028823742642998695 0.02762664668262005 -1.0404589176177979 0.024781499058008194 0.990276575088501 0.13688744604587555 0.36904072761535645 -0.03130364418029785 -0.13609366118907928 0.9902012944221497 -0.3719383478164673
1305031457.027648 0.998586118221283 -0.03744196519255638 0.03773363679647446 -1.0537548065185547 0.03182069584727287 0.9896543622016907 0.13989894092082977 0.3697945475578308 -0.04258134961128235 -0.1385004222393036 0.9894466400146484 -0.3674887418746948
1305031457.091655 0.9965042471885681 -0.05944732949137688 0.05869761109352112 -1.0776585340499878 0.04918724671006203 0.9854080677032471 0.16294658184051514 0.37604254484176636 -0.06752784550189972 -0.15948975086212158 0.9848872423171997 -0.36242029070854187
1305031457.127632 0.9950242042541504 -0.06994898617267609 0.07095052301883698 -1.0888265371322632 0.056515589356422424 0.9827196598052979 0.17626170814037323 0.3651552200317383 -0.08205379545688629 -0.1713748723268509 0.9817829728126526 -0.3595828711986542
1305031457.191735 0.9900023341178894 -0.09840800613164902 0.10105064511299133 -1.1159136295318604 0.08032764494419098 0.9822383522987366 0.16957396268844604 0.369556725025177 -0.11594326049089432 -0.1597614288330078 0.9803231954574585 -0.36654865741729736
1305031457.227543 0.9873238801956177 -0.11236989498138428 0.11209174990653992 -1.1279375553131104 0.09088866412639618 0.9792523384094238 0.181118905544281 0.36432164907455444 -0.13011841475963593 -0.16863517463207245 0.9770523905754089 -0.3693491816520691
1305031457.291656 0.9797081351280212 -0.13626620173454285 0.14698104560375214 -1.1573545932769775 0.11118164658546448 0.9796438217163086 0.16714252531528473 0.3538510799407959 -0.16676492989063263 -0.14740929007530212 0.9749153852462769 -0.3799262046813965
1305031457.327548 0.9745108485221863 -0.14564093947410583 0.17063802480697632 -1.1756606101989746 0.11859457939863205 0.9800931215286255 0.15922583639621735 0.358734667301178 -0.19043095409870148 -0.1349305361509323 0.9723836183547974 -0.38872599601745605
1305031457.391684 0.9607396721839905 -0.17447827756404877 0.21572339534759521 -1.2068531513214111 0.14110586047172546 0.9767237305641174 0.16155439615249634 0.34118759632110596 -0.2388899177312851 -0.12477190047502518 0.9629971981048584 -0.4023725092411041
1305031457.427641 0.9537721276283264 -0.18860182166099548 0.23398303985595703 -1.2287802696228027 0.1549241840839386 0.975698709487915 0.15495245158672333 0.3421150743961334 -0.25752130150794983 -0.11153966188430786 0.9598133563995361 -0.4110153019428253
1305031457.491705 0.946941077709198 -0.20674407482147217 0.24608829617500305 -1.259132981300354 0.17130054533481598 0.9724912643432617 0.15785101056098938 0.32682573795318604 -0.2719534635543823 -0.10732054710388184 0.9563073515892029 -0.42364978790283203
1305031457.527638 0.9444200396537781 -0.2109561711549759 0.25212737917900085 -1.2726823091506958 0.1764073520898819 0.9723833203315735 0.15281035006046295 0.3183887004852295 -0.2774006724357605 -0.09984004497528076 0.9555526375770569 -0.4344937205314636
1305031457.559685 0.9399747848510742 -0.21752049028873444 0.2629300355911255 -1.2876684665679932 0.18363235890865326 0.9718612432479858 0.14752961695194244 0.31332385540008545 -0.2876221537590027 -0.09039166569709778 0.953468918800354 -0.44321274757385254
1305031457.591678 0.9348800182342529 -0.22274327278137207 0.27637797594070435 -1.3090468645095825 0.18974937498569489 0.9716235399246216 0.14121879637241364 0.3119910955429077 -0.29999086260795593 -0.07958008348941803 0.9506169557571411 -0.4504771828651428
1305031457.627526 0.9321823716163635 -0.23098494112491608 0.2787148952484131 -1.321590781211853 0.19634154438972473 0.9694867730140686 0.14678342640399933 0.29784148931503296 -0.3041151165962219 -0.0821056067943573 0.9490905404090881 -0.4556199014186859
1305031457.659632 0.92844158411026 -0.23595602810382843 0.2869163155555725 -1.3414638042449951 0.20413890480995178 0.9693629741668701 0.13661137223243713 0.3022257089614868 -0.310360312461853 -0.06826488673686981 0.9481647610664368 -0.46288490295410156
1305031457.69157 0.9264854192733765 -0.24307017028331757 0.2873007655143738 -1.356525182723999 0.20820003747940063 0.9670160412788391 0.14674001932144165 0.2972292900085449 -0.3134925961494446 -0.07613646239042282 0.9465334415435791 -0.4664987325668335
1305031457.727669 0.926349937915802 -0.2433212250471115 0.28752484917640686 -1.3660190105438232 0.20486442744731903 0.9660375714302063 0.15748651325702667 0.2767324149608612 -0.31607964634895325 -0.08698400110006332 0.9447367191314697 -0.4689118564128876
1305031457.759556 0.9252113699913025 -0.23918725550174713 0.29457300901412964 -1.3822808265686035 0.20157814025878906 0.967529833316803 0.15248654782772064 0.26655298471450806 -0.321480929851532 -0.0817028135061264 0.9433846473693848 -0.47387900948524475
1305031457.791567 0.9233916997909546 -0.23646391928195953 0.3023783564567566 -1.3887931108474731 0.20185764133930206 0.9691453576087952 0.14145943522453308 0.2503680884838104 -0.3264985978603363 -0.06958507746458054 0.9426328539848328 -0.47880762815475464
1305031457.827699 0.9176241755485535 -0.23333251476287842 0.3217480182647705 -1.404829502105713 0.2037683129310608 0.9712367653846741 0.12319710105657578 0.24948561191558838 -0.34123939275741577 -0.04748658835887909 0.9387761950492859 -0.48595568537712097
1305031457.859623 0.9115855693817139 -0.23330897092819214 0.3384946584701538 -1.4191570281982422 0.2031875103712082 0.9714606404304504 0.12238809466362 0.23871223628520966 -0.357388436794281 -0.04278935492038727 0.932975172996521 -0.4884459972381592
1305031457.891593 0.9053409695625305 -0.23251618444919586 0.35537847876548767 -1.4342660903930664 0.20433948934078217 0.9720693826675415 0.11544011533260345 0.21668630838394165 -0.37229424715042114 -0.031894803047180176 0.927566647529602 -0.48765724897384644
1305031457.927633 0.8985897898674011 -0.23310482501983643 0.3717504143714905 -1.4561843872070312 0.21540208160877228 0.9724516272544861 0.0891055092215538 0.21529632806777954 -0.3822802007198334 6.511682840937283e-06 0.9240464568138123 -0.487106591463089
1305031457.991644 0.8938425183296204 -0.2360038459300995 0.38124483823776245 -1.4841755628585815 0.2263633757829666 0.9714765548706055 0.07066049426794052 0.19838988780975342 -0.38704660534858704 0.023140516132116318 0.9217697381973267 -0.4838542938232422
1305031458.027845 0.8898492455482483 -0.23288331925868988 0.3923436105251312 -1.497046709060669 0.22947189211845398 0.971684992313385 0.056312307715415955 0.18653187155723572 -0.3943485617637634 0.03992234915494919 0.9180933833122253 -0.47899940609931946
1305031458.059689 0.8849958181381226 -0.23307809233665466 0.4030592739582062 -1.5114243030548096 0.23903752863407135 0.9703330397605896 0.03626292571425438 0.19400054216384888 -0.3995538353919983 0.06425374001264572 0.9144551753997803 -0.480245977640152
1305031458.09169 0.8796142339706421 -0.23592016100883484 0.41306233406066895 -1.5281621217727661 0.24190856516361237 0.9695308208465576 0.03860344737768173 0.19172421097755432 -0.4095839858055115 0.06596717238426208 0.9098842144012451 -0.47275468707084656
1305031458.127605 0.8749499917030334 -0.23683799803256989 0.4223390221595764 -1.5420351028442383 0.24047894775867462 0.9695860743522644 0.04552679508924484 0.1807398498058319 -0.42027655243873596 0.06172999367117882 0.9052938222885132 -0.45632919669151306
1305031458.159638 0.870183527469635 -0.2386343628168106 0.43108507990837097 -1.5594738721847534 0.2432161122560501 0.9689089059829712 0.045402463525533676 0.1709900200366974 -0.42851677536964417 0.0653383731842041 0.9011682868003845 -0.44019615650177
1305031458.191646 0.8664650917053223 -0.24567097425460815 0.4346080422401428 -1.5782955884933472 0.25207221508026123 0.9667119383811951 0.043904565274715424 0.17414866387844086 -0.4309268295764923 0.07151085138320923 0.8995488882064819 -0.4266335964202881
1305031458.227611 0.866352915763855 -0.2514660358428955 0.43150612711906433 -1.596724271774292 0.25117576122283936 0.9661571979522705 0.058745115995407104 0.1673945039510727 -0.43167513608932495 0.057489871978759766 0.9001952409744263 -0.4108129143714905
1305031458.259934 0.867313027381897 -0.2495957762002945 0.4306623041629791 -1.6099786758422852 0.24266773462295532 0.9674354791641235 0.07197955250740051 0.13733619451522827 -0.43460381031036377 0.04207904264330864 0.8996381163597107 -0.38914263248443604
1305031458.291664 0.8680599331855774 -0.24512960016727448 0.43172141909599304 -1.6325597763061523 0.2466350793838501 0.9676300287246704 0.053508512675762177 0.13193359971046448 -0.4308631420135498 0.0600290447473526 0.9004184603691101 -0.3721924424171448
1305031458.327628 0.8712500929832458 -0.24822303652763367 0.423448383808136 -1.6419609785079956 0.25160565972328186 0.9665923118591309 0.04892908036708832 0.12908150255680084 -0.42144715785980225 0.06391255557537079 0.9045979380607605 -0.35562318563461304
1305031458.35959 0.873731791973114 -0.2443932741880417 0.42055270075798035 -1.6511505842208862 0.2521716058254242 0.9669359922409058 0.03800295293331146 0.11150887608528137 -0.415935218334198 0.07284707576036453 0.9064717888832092 -0.33407700061798096
1305031458.391626 0.8739390969276428 -0.24748408794403076 0.4183085560798645 -1.6581590175628662 0.26721668243408203 0.9635642170906067 0.011799104511737823 0.11496662348508835 -0.4059872329235077 0.10146734118461609 0.9082283973693848 -0.3204967975616455
1305031458.427598 0.8700979351997375 -0.2567620873451233 0.4207170605659485 -1.6632492542266846 0.2841378152370453 0.9587802886962891 -0.0024940669536590576 0.11522781848907471 -0.40273475646972656 0.12171170115470886 0.9071884155273438 -0.3058127164840698
1305031458.459637 0.8626807332038879 -0.2664937376976013 0.4298405647277832 -1.657150387763977 0.3033580482006073 0.9527033567428589 -0.01817348226904869 0.10588845610618591 -0.40466737747192383 0.14607350528240204 0.9027218818664551 -0.29380160570144653
1305031458.491696 0.855605959892273 -0.2525100111961365 0.4518595337867737 -1.6579347848892212 0.30594706535339355 0.9508394002914429 -0.04796558991074562 0.08723214268684387 -0.41753408312797546 0.17928479611873627 0.8907985687255859 -0.2838329076766968
1305031458.527737 0.8449999690055847 -0.23449790477752686 0.48060980439186096 -1.673311471939087 0.31253352761268616 0.9458209276199341 -0.08800847828388214 0.10767307877540588 -0.4339330196380615 0.22457385063171387 0.8725070953369141 -0.2642470598220825
1305031458.559628 0.8387402892112732 -0.22224758565425873 0.4971122741699219 -1.6757915019989014 0.30996671319007874 0.9454421997070312 -0.1002979576587677 0.11138354241847992 -0.4476998746395111 0.2382122129201889 0.8618698716163635 -0.24426722526550293
1305031458.591641 0.8340786695480347 -0.20121973752975464 0.5136374235153198 -1.6837782859802246 0.3028811514377594 0.9452473521232605 -0.12153377383947372 0.11661440134048462 -0.4610593616962433 0.2569398581981659 0.8493562340736389 -0.21371161937713623
1305031458.627659 0.8346730470657349 -0.184593066573143 0.5188894271850586 -1.6977272033691406 0.29745206236839294 0.9440209269523621 -0.14264211058616638 0.15012910962104797 -0.46351179480552673 0.27340424060821533 0.8428563475608826 -0.1868196725845337
1305031458.659623 0.837181806564331 -0.1911650002002716 0.5124280452728271 -1.7038066387176514 0.2959464490413666 0.9462482333183289 -0.13049906492233276 0.1497349888086319 -0.4599372446537018 0.2609027028083801 0.8487564325332642 -0.16061431169509888
1305031458.691674 0.8535125851631165 -0.18538214266300201 0.486980140209198 -1.7093989849090576 0.27923712134361267 0.9517744779586792 -0.12709029018878937 0.15122944116592407 -0.43993493914604187 0.24445608258247375 0.8641172647476196 -0.14000505208969116
1305031458.72765 0.8725730180740356 -0.18136848509311676 0.45356547832489014 -1.6953092813491821 0.2628760039806366 0.9569489359855652 -0.1230652779340744 0.13660332560539246 -0.41171878576278687 0.22661493718624115 0.8826852440834045 -0.12470483779907227
1305031458.759945 0.8905524611473083 -0.1557527631521225 0.4273843765258789 -1.6944345235824585 0.2410823553800583 0.9583534598350525 -0.1530946046113968 0.15525677800178528 -0.38574036955833435 0.2393736094236374 0.8910132646560669 -0.098690927028656
1305031458.791632 0.9103613495826721 -0.14482779800891876 0.38764312863349915 -1.682264804840088 0.22152984142303467 0.9617846608161926 -0.1609187126159668 0.168119415640831 -0.349523663520813 0.23236863315105438 0.9076552391052246 -0.08999139070510864
1305031458.827564 0.9173523783683777 -0.1418314427137375 0.3719521760940552 -1.6793525218963623 0.21057629585266113 0.9658358097076416 -0.1510591357946396 0.1660989671945572 -0.33781975507736206 0.21689870953559875 0.915878176689148 -0.07809561491012573
1305031458.891665 0.9246276617050171 -0.12336242944002151 0.36034083366394043 -1.669318675994873 0.1945938766002655 0.9663007259368896 -0.16851168870925903 0.16305555403232574 -0.32740962505340576 0.2259306162595749 0.9174739122390747 -0.06591641902923584
1305031458.927621 0.9168524146080017 -0.1272294521331787 0.37841057777404785 -1.6800708770751953 0.20378023386001587 0.9642235636711121 -0.1695479303598404 0.17626303434371948 -0.3433009386062622 0.23256301879882812 0.9099774360656738 -0.046367764472961426
1305031458.959617 0.9071633219718933 -0.15731187164783478 0.3902660608291626 -1.6837794780731201 0.23055607080459595 0.9616959095001221 -0.14827293157577515 0.16810940206050873 -0.351992130279541 0.22448594868183136 0.9086845517158508 -0.03727346658706665
1305031458.991647 0.8993963003158569 -0.16708609461784363 0.40394127368927 -1.6961255073547363 0.23857341706752777 0.9619318842887878 -0.13330304622650146 0.13183654844760895 -0.3662909269332886 0.21626189351081848 0.9050202965736389 -0.025579869747161865
1305031459.027665 0.8971800208091736 -0.1609126329421997 0.4113091230392456 -1.7206517457962036 0.2422129213809967 0.9579960107803345 -0.1535460203886032 0.12524257600307465 -0.36932507157325745 0.23738278448581696 0.8984700441360474 -0.0084456205368042
