1305031103.675523 0.9977717399597168 0.0005761312204413116 -0.06671792268753052 -0.0004575359635055065 0.0005810025613754988 0.9998497366905212 0.017322935163974762 -0.04140673577785492 0.06671788543462753 -0.017323099076747894 0.997621476650238 -0.06561868637800217
1305031103.71161 0.9975763559341431 0.0009181053610518575 -0.06957454979419708 0.0015455852262675762 -2.379450961598195e-05 0.9999173283576965 0.012853749096393585 -0.044375840574502945 0.06958060711622238 -0.01282094232738018 0.9974939227104187 -0.07986877113580704
1305031103.743326 0.9985345005989075 0.01381315104663372 -0.0523265041410923 -0.01694365404546261 -0.013046023435890675 0.9998027682304382 0.014973754063248634 -0.06146819517016411 0.052523016929626465 -0.014269158244132996 0.9985176920890808 -0.10275232791900635
1305031103.775342 0.9986041784286499 0.022531555965542793 -0.04777323082089424 -0.020733768120408058 -0.022302964702248573 0.9997371435165405 0.00531268585473299 -0.058416105806827545 0.0478803776204586 -0.004239785019308329 0.9988440871238708 -0.11987288296222687
1305031103.811242 0.9986297488212585 0.028529301285743713 -0.043873585760593414 -0.022276250645518303 -0.02838507667183876 0.9995894432067871 0.003906766418367624 -0.05636432394385338 0.04396703094244003 -0.002656057709828019 0.9990293979644775 -0.13711592555046082
1305031103.843251 0.9980500936508179 0.020589057356119156 -0.05892477184534073 -0.005287443287670612 -0.02031753398478031 0.9997800588607788 0.0052034733816981316 -0.04627116397023201 0.059018947184085846 -0.003996123094111681 0.9982488751411438 -0.14878591895103455
1305031103.875361 0.9977700114250183 0.030069032683968544 -0.05958886817097664 -0.012495427392423153 -0.02877524308860302 0.9993337988853455 0.022452540695667267 -0.059552740305662155 0.06022429093718529 -0.020687784999608994 0.9979704022407532 -0.16264723241329193
1305031103.911221 0.9968534708023071 0.032690830528736115 -0.07221172004938126 -0.005957064218819141 -0.031151048839092255 0.9992648363113403 0.022347688674926758 -0.06512153148651123 0.07288919389247894 -0.020027900114655495 0.9971389770507812 -0.18101580440998077
1305031103.943211 0.9963147640228271 0.034036360681056976 -0.07872970402240753 -0.0029191728681325912 -0.032642755657434464 0.9992879629135132 0.01892128214240074 -0.06720855087041855 0.07931764423847198 -0.016281595453619957 0.9967164993286133 -0.20175175368785858
1305031103.975373 0.9958428740501404 0.037618935108184814 -0.08295664936304092 -0.0009737052023410797 -0.036211948841810226 0.9991747140884399 0.0184008851647377 -0.07498262077569962 0.08358041942119598 -0.015320363454520702 0.9963833093643188 -0.21839934587478638
1305031104.011232 0.9955180883407593 0.038687486201524734 -0.08629672229290009 0.004242047667503357 -0.03782148286700249 0.999216616153717 0.01164824329316616 -0.08073310554027557 0.08667977154254913 -0.008332165889441967 0.9962012767791748 -0.2313116043806076
1305031104.043249 0.9958617687225342 0.042138464748859406 -0.08052249997854233 0.005991493351757526 -0.042668621987104416 0.9990774393081665 -0.004874000325798988 -0.07929830998182297 0.0802428349852562 0.008289611898362637 0.9967408776283264 -0.24918720126152039
1305031104.075425 0.9963251352310181 0.04611125960946083 -0.07218018174171448 0.009599709883332253 -0.04704495891928673 0.9988290071487427 -0.01128847524523735 -0.08052383363246918 0.07157512754201889 0.014642704278230667 0.9973277449607849 -0.26906147599220276
1305031104.111235 0.9968482851982117 0.047731075435876846 -0.06336534768342972 0.014836175367236137 -0.04878111556172371 0.998694896697998 -0.01512791495770216 -0.08756272494792938 0.06256057322025299 0.018171267583966255 0.9978758096694946 -0.28306758403778076
1305031104.14323 0.9975059628486633 0.04993826895952225 -0.04987790808081627 0.01042483001947403 -0.05128420516848564 0.9983435869216919 -0.02607901580631733 -0.08919878304004669 0.048492953181266785 0.028571927919983864 0.9984147548675537 -0.3022138774394989
1305031104.175424 0.9977792501449585 0.051426179707050323 -0.04232894256711006 0.007975662127137184 -0.05294044688344002 0.9979677200317383 -0.035465896129608154 -0.08905138075351715 0.040419042110443115 0.03762804716825485 0.9984740614891052 -0.3198491930961609
1305031104.211283 0.9979085326194763 0.05142337456345558 -0.039168115705251694 0.010253183543682098 -0.053029969334602356 0.9977448582649231 -0.0411468967795372 -0.09477237612009048 0.03696388378739357 0.043137919157743454 0.9983850717544556 -0.3317491412162781
1305031104.243196 0.9981210231781006 0.051515791565179825 -0.03317616134881973 0.007869039662182331 -0.05318719521164894 0.9972485303878784 -0.051639653742313385 -0.09445087611675262 0.030424633994698524 0.05330716818571091 0.9981145262718201 -0.3483653664588928
1305031104.275546 0.9980824589729309 0.0531952865421772 -0.03164861351251602 0.012583191506564617 -0.05511082336306572 0.9964847564697266 -0.0630946233868599 -0.09054406732320786 0.028181010857224464 0.06471780687570572 0.9975056648254395 -0.357099324464798
1305031104.311219 0.9982500076293945 0.05352167412638664 -0.025143401697278023 0.012460133992135525 -0.055190034210681915 0.9959366917610168 -0.07116195559501648 -0.09042946994304657 0.021232523024082184 0.07242509722709656 0.9971478581428528 -0.3704386055469513
1305031104.343342 0.9984043836593628 0.05320431664586067 -0.01891794428229332 0.015733223408460617 -0.054529137909412384 0.9954411387443542 -0.07825204730033875 -0.08897354453802109 0.014668344520032406 0.07915876805782318 0.9967541098594666 -0.3837243914604187
1305031104.375837 0.998576819896698 0.05242275819182396 -0.009808103553950787 0.015780679881572723 -0.05304810404777527 0.995276153087616 -0.08130955696105957 -0.08993910253047943 0.005499290302395821 0.08171413093805313 0.996640682220459 -0.3968692719936371
1305031104.411509 0.9986347556114197 0.05223251134157181 0.00042905285954475403 0.009919282980263233 -0.052003271877765656 0.9949564933776855 -0.08577331155538559 -0.0877164676785469 -0.004907053895294666 0.08563391864299774 0.9963146448135376 -0.40966954827308655
1305031104.443288 0.9986300468444824 0.05180128291249275 0.007401909679174423 0.0015336161013692617 -0.05094144493341446 0.9947446584701538 -0.08881435543298721 -0.08353374153375626 -0.011963706463575363 0.08831562846899033 0.9960207343101501 -0.4199340343475342
1305031104.475456 0.9987034201622009 0.05058106407523155 0.005757862702012062 -0.003007155144587159 -0.049882929772138596 0.9948995113372803 -0.08767405897378922 -0.08392661809921265 -0.010163141414523125 0.08727318048477173 0.9961326122283936 -0.4308949112892151
1305031104.511329 0.9988592863082886 0.04775239899754524 0.0002267765812575817 -0.0037632386665791273 -0.04754801094532013 0.9950011372566223 -0.08781790733337402 -0.08734998106956482 -0.004419159144163132 0.08770694583654404 0.9961365461349487 -0.44182246923446655
1305031104.543368 0.9989134073257446 0.04646513983607292 -0.003595145884901285 -0.0034754020161926746 -0.04659700021147728 0.9944489598274231 -0.09433961659669876 -0.08843567967414856 -0.0008083139546215534 0.09440461546182632 0.9955335855484009 -0.4527357220649719
1305031104.575343 0.9989743828773499 0.04479992762207985 -0.006574491038918495 0.003867474151775241 -0.045237068086862564 0.9937601089477539 -0.10195224732160568 -0.09224040806293488 0.0019660149700939655 0.10214507579803467 0.9947676062583923 -0.4620959758758545
1305031104.611336 0.999183714389801 0.04034985601902008 0.0019541457295417786 0.006628875620663166 -0.03986075147986412 0.9926192164421082 -0.114535853266716 -0.10680720210075378 -0.006561212241649628 0.11436446756124496 0.9934171438217163 -0.4857015907764435
1305031104.643243 0.998866856098175 0.04454812780022621 0.016751132905483246 0.007553710602223873 -0.04179549962282181 0.9894112348556519 -0.1389915645122528 -0.10507078468799591 -0.022765561938285828 0.1381339281797409 0.9901518821716309 -0.4930788278579712
1305031104.675525 0.998619556427002 0.042357973754405975 0.031061792746186256 0.009934633038938046 -0.03694058209657669 0.9867509007453918 -0.15798123180866241 -0.11216096580028534 -0.03734200447797775 0.15661565959453583 0.9869534969329834 -0.5070088505744934
1305031104.711277 0.9981593489646912 0.038791269063949585 0.046617068350315094 0.007825793698430061 -0.029341470450162888 0.9816202521324158 -0.1885753870010376 -0.10777471214532852 -0.05307532101869583 0.18686042726039886 0.980951726436615 -0.5207152366638184
1305031104.74328 0.9978817105293274 0.037160083651542664 0.05339668691158295 0.01953563466668129 -0.02488204650580883 0.9764054417610168 -0.2145071029663086 -0.10584771633148193 -0.060107916593551636 0.21272410452365875 0.9752617478370667 -0.529607892036438
1305031104.775327 0.9972148537635803 0.03316943719983101 0.0667995736002922 0.02010604366660118 -0.01622403785586357 0.9706876277923584 -0.2397965043783188 -0.09897913783788681 -0.07279543578624725 0.23804491758346558 0.9685222506523132 -0.5367792248725891
1305031104.811465 0.99656081199646 0.02997685968875885 0.07725071907043457 0.026415415108203888 -0.008796090260148048 0.9652723073959351 -0.2610977292060852 -0.09594498574733734 -0.08239485323429108 0.25952035188674927 0.9622162580490112 -0.5471675992012024
1305031104.843258 0.9953777194023132 0.02682216465473175 0.09221626818180084 0.022145003080368042 -0.0002313258301001042 0.9608743786811829 -0.27698442339897156 -0.09236854314804077 -0.09603758156299591 0.27568283677101135 0.9564390778541565 -0.5523444414138794
1305031104.87535 0.9948189854621887 0.025218607857823372 0.09848593920469284 0.019096147269010544 0.0043700989335775375 0.9572414755821228 -0.2892570495605469 -0.08443796634674072 -0.1015695109963417 0.28818875551223755 0.9521716833114624 -0.5546112656593323
1305031104.911534 0.9946394562721252 0.020787648856639862 0.10129284858703613 0.01926865056157112 0.009977640584111214 0.9557192921638489 -0.2941106855869293 -0.07926152646541595 -0.10292140394449234 0.2935447692871094 0.9503887891769409 -0.5565363168716431
1305031104.943262 0.9943786263465881 0.02028834819793701 0.10392031073570251 0.016458716243505478 0.011691926047205925 0.9544289708137512 -0.2982090711593628 -0.07308447360992432 -0.10523472726345062 0.2977478504180908 0.9488266110420227 -0.5537829995155334
1305031104.975202 0.9945127964019775 0.01885939948260784 0.1029009073972702 0.014399800449609756 0.012673968449234962 0.9546511769294739 -0.29745665192604065 -0.06641007959842682 -0.10384432971477509 0.29712867736816406 0.9491737484931946 -0.5486917495727539
1305031105.01129 0.9947494268417358 0.016281912103295326 0.10103684663772583 0.018496938049793243 0.01351468451321125 0.9577176570892334 -0.28739210963249207 -0.06673884391784668 -0.10144408047199249 0.2872486412525177 0.9524691104888916 -0.5449249148368835
1305031105.043373 0.994663417339325 0.017526470124721527 0.10167436301708221 0.015824854373931885 0.011544393375515938 0.9603714346885681 -0.27848416566848755 -0.06088356673717499 -0.10252602398395538 0.2781718075275421 0.9550439119338989 -0.5323613286018372
1305031105.07532 0.9949169158935547 0.01960555464029312 0.09877187758684158 0.017766322940587997 0.007486553397029638 0.9637480974197388 -0.2667086720466614 -0.058448925614356995 -0.10042017698287964 0.2660925090312958 0.958702564239502 -0.5206385254859924
1305031105.111299 0.9948483109474182 0.023084284737706184 0.09871181845664978 0.013040322810411453 0.002705835970118642 0.9673349857330322 -0.253486692905426 -0.06487967073917389 -0.10133897513151169 0.2524479031562805 0.9622892141342163 -0.5071220993995667
1305031105.143106 0.9949186444282532 0.029713116586208344 0.09619811922311783 0.0048075392842292786 -0.004846035037189722 0.9684860110282898 -0.2490207403898239 -0.046976298093795776 -0.10056572407484055 0.24728922545909882 0.963708758354187 -0.4927205443382263
1305031105.175159 0.995671272277832 0.03041527420282364 0.08782637119293213 0.007913090288639069 -0.010320684872567654 0.97527676820755 -0.2207457423210144 -0.04944773018360138 -0.09236906468868256 0.21888384222984314 0.9713690280914307 -0.475593239068985
1305031105.211268 0.9958723187446594 0.03500770032405853 0.0837414413690567 -0.00043092668056488037 -0.01817614957690239 0.9808554649353027 -0.1938869208097458 -0.06119098514318466 -0.08892576396465302 0.19156457483768463 0.9774431586265564 -0.45992863178253174
1305031105.24327 0.9966030120849609 0.03618689253926277 0.0739792138338089 -0.003956982865929604 -0.022364921867847443 0.9834544658660889 -0.1797696053981781 -0.0570543110370636 -0.07926049828529358 0.17750437557697296 0.9809229969978333 -0.44031861424446106
1305031105.275288 0.9971989989280701 0.03694571927189827 0.06503336876630783 -0.011481141671538353 -0.02628943882882595 0.9871395826339722 -0.1576848179101944 -0.05722714960575104 -0.07002276182174683 0.15553349256515503 0.9853456020355225 -0.42749378085136414
1305031105.31129 0.9978943467140198 0.03829779103398323 0.05234703794121742 -0.0150922741740942 -0.03090355359017849 0.9903082251548767 -0.135406494140625 -0.06321874260902405 -0.05702544003725052 0.133503720164299 0.9894062280654907 -0.41523176431655884
1305031105.343302 0.9984633922576904 0.038945358246564865 0.03942541778087616 -0.01479710079729557 -0.03408750891685486 0.9925275444984436 -0.11716330051422119 -0.0699232667684555 -0.04369376227259636 0.11563938856124878 0.9923295974731445 -0.39850902557373047
1305031105.375338 0.9989643096923828 0.03728863596916199 0.026077698916196823 -0.010740051046013832 -0.03414454311132431 0.9931130409240723 -0.1120750680565834 -0.06804629415273666 -0.030077237635850906 0.11106856912374496 0.9933575987815857 -0.380158394575119
1305031105.411286 0.9991679191589355 0.03771842271089554 0.015524644404649734 -0.009110182523727417 -0.0359128974378109 0.9939725399017334 -0.10358143597841263 -0.06116123124957085 -0.019338004291057587 0.10293769836425781 0.994499921798706 -0.36385446786880493
1305031105.443316 0.9992026686668396 0.03905252367258072 0.008308039978146553 -0.010610687546432018 -0.03816823288798332 0.9953622817993164 -0.08830183744430542 -0.06712548434734344 -0.011717922985553741 0.08791431039571762 0.9960591197013855 -0.34650304913520813
1305031105.47528 0.999244213104248 0.03884066641330719 0.0015339124947786331 -0.010490907356142998 -0.038591064512729645 0.9960033893585205 -0.08054672181606293 -0.06880077719688416 -0.004656277596950531 0.0804266408085823 0.9967496991157532 -0.3320929706096649
1305031105.511332 0.9992624521255493 0.038028690963983536 -0.005323570687323809 -0.006991533562541008 -0.03831503912806511 0.996626079082489 -0.07258538156747818 -0.06664514541625977 0.0025452820118516684 0.07273581624031067 0.9973479509353638 -0.3149089515209198
1305031105.543282 0.9993559122085571 0.035182442516088486 -0.007063945755362511 -0.006063714623451233 -0.03555479645729065 0.9974238276481628 -0.06230374798178673 -0.07164694368839264 0.004853749647736549 0.0625147819519043 0.9980322122573853 -0.29762256145477295
1305031105.575449 0.9993510246276855 0.03471371904015541 -0.00961578544229269 -0.006238939240574837 -0.03520306572318077 0.9977803826332092 -0.056529246270656586 -0.07174570858478546 0.007632099557667971 0.05683106929063797 0.9983546137809753 -0.28203561902046204
1305031105.611378 0.9993627071380615 0.03355399891734123 -0.012177946977317333 -0.005065334029495716 -0.034124962985515594 0.9981572031974792 -0.050176214426755905 -0.0751153975725174 0.010471896268427372 0.05055980011820793 0.9986662268638611 -0.2644021511077881
1305031105.643273 0.9995179772377014 0.028544137254357338 -0.012210164219141006 -0.006615306716412306 -0.029118187725543976 0.9983370900154114 -0.04975193738937378 -0.0747118815779686 0.0107697369530797 0.050083477050065994 0.9986869692802429 -0.24841131269931793
1305031105.675166 0.9995484948158264 0.025436995550990105 -0.01598999835550785 -0.002387488726526499 -0.02615441381931305 0.9985811114311218 -0.04638545215129852 -0.07381395250558853 0.014787404797971249 0.046782709658145905 0.9987956881523132 -0.23178589344024658
1305031105.711309 0.9995681643486023 0.025569960474967957 -0.01448000967502594 0.004200728610157967 -0.02620392106473446 0.9986237287521362 -0.045430589467287064 -0.0795741006731987 0.013298425823450089 0.04579039663076401 0.9988626837730408 -0.2136593759059906
1305031105.743312 0.999668538570404 0.025518033653497696 -0.0034419747535139322 0.0009965652134269476 -0.025662001222372055 0.9983317852020264 -0.05172630026936531 -0.07264505326747894 0.0021162850316613913 0.051797471940517426 0.9986553192138672 -0.19658124446868896
1305031105.775339 0.9996848702430725 0.024852067232131958 0.0035619998816400766 0.005739670712500811 -0.024651098996400833 0.998527467250824 -0.04832666367292404 -0.07672878354787827 -0.004757762886583805 0.048223622143268585 0.998825192451477 -0.17975136637687683
1305031105.811283 0.9996294379234314 0.02350221388041973 0.013742581009864807 0.006054413504898548 -0.022738656029105186 0.998319685459137 -0.053301021456718445 -0.07456556707620621 -0.014972171746194363 0.052968770265579224 0.9984838366508484 -0.16138257086277008
1305031105.843271 0.9996353983879089 0.019477570429444313 0.018703123554587364 0.010864601470530033 -0.01842353492975235 0.998318612575531 -0.054964181035757065 -0.07533614337444305 -0.019742237403988838 0.054599568247795105 0.9983131885528564 -0.14597560465335846
1305031105.875337 0.9994470477104187 0.016450418159365654 0.0288959052413702 0.01212565042078495 -0.014716236852109432 0.9981356859207153 -0.059235140681266785 -0.0686175599694252 -0.02981647104024887 0.05877714231610298 0.9978258013725281 -0.13097093999385834
1305031105.911262 0.999322772026062 0.005801031365990639 0.036338843405246735 0.013968653976917267 -0.0038295492995530367 0.9985289573669434 -0.05408933386206627 -0.06620476394891739 -0.03659915179014206 0.05391353368759155 0.9978746771812439 -0.11420108377933502
1305031105.943272 0.999053418636322 0.0007251474307850003 0.043496277183294296 0.014038707129657269 0.0015262006781995296 0.998661458492279 -0.0517040491104126 -0.060034140944480896 -0.04347553476691246 0.051721490919589996 0.9977148175239563 -0.09909342974424362
1305031105.975329 0.9989483952522278 -0.0036785753909498453 0.04569937288761139 0.01698678731918335 0.005675392225384712 0.999031126499176 -0.04364199563860893 -0.05650630220770836 -0.045494552701711655 0.0438554584980011 0.9980013370513916 -0.08356264978647232
1305031106.011285 0.9987245202064514 -0.007017185445874929 0.04999993368983269 0.018136413767933846 0.008832274004817009 0.9993064999580383 -0.036173850297927856 -0.05291995778679848 -0.049711402505636215 0.03656931221485138 0.9980937838554382 -0.06817422062158585
1305031106.043355 0.9984157085418701 -0.010339549742639065 0.055308666080236435 0.016994621604681015 0.011857816949486732 0.9995598196983337 -0.02719341404736042 -0.050510331988334656 -0.055003151297569275 0.02780616283416748 0.9980988502502441 -0.053862422704696655
1305031106.07533 0.9982810020446777 -0.014462080784142017 0.05679594352841377 0.016453685238957405 0.015582885593175888 0.9996914863586426 -0.019340766593813896 -0.04748452082276344 -0.056498702615499496 0.02019255794584751 0.998198390007019 -0.04008685052394867
1305031106.111327 0.9982613325119019 -0.017507227137684822 0.05628183111548424 0.016270944848656654 0.018168753013014793 0.9997715353965759 -0.01126368623226881 -0.0408262200653553 -0.05607176572084427 0.01226667407900095 0.9983513355255127 -0.02690029889345169
1305031106.143355 0.9982488751411438 -0.0209425650537014 0.05532247945666313 0.013171874918043613 0.02081325277686119 0.9997791647911072 0.002912646159529686 -0.04026329517364502 -0.055371254682540894 -0.0017561055719852448 0.9984642267227173 -0.014345340430736542
1305031106.175534 0.998399019241333 -0.02334464341402054 0.05152101069688797 0.01306813582777977 0.022837135940790176 0.9996849894523621 0.010417446494102478 -0.038751035928726196 -0.051747970283031464 -0.009224172681570053 0.9986175298690796 -0.002287144074216485
1305031106.211275 0.9983950257301331 -0.023693948984146118 0.05143843591213226 0.009234093129634857 0.022867640480399132 0.9996007680892944 0.01659364253282547 -0.03843820095062256 -0.05181106925010681 -0.015390735119581223 0.9985383152961731 0.010617068968713284
1305031106.243267 0.99849534034729 -0.03117067925632 0.04511634260416031 0.01180992741137743 0.030367141589522362 0.9993695616722107 0.01838775910437107 -0.03798667713999748 -0.04566106200218201 -0.01699003018438816 0.9988124370574951 0.018919363617897034
1305031106.276385 0.9985412359237671 -0.03358547016978264 0.04227939620614052 0.010604968294501305 0.032810404896736145 0.9992828965187073 0.01889466866850853 -0.03216582536697388 -0.04288366064429283 -0.017479892820119858 0.998927116394043 0.026252171024680138
1305031106.311238 0.9984393119812012 -0.04078761488199234 0.038150686770677567 0.011679062619805336 0.03980159014463425 0.9988625049591064 0.026257766410708427 -0.02942008525133133 -0.0391782745718956 -0.024698317050933838 0.9989268779754639 0.033027533441782
1305031106.343258 0.9984136819839478 -0.0409831702709198 0.03860744833946228 0.007554170209914446 0.039783675223588943 0.9987166523933411 0.031341418623924255 -0.01990176923573017 -0.03984237462282181 -0.02975575439631939 0.998762845993042 0.03774050623178482
1305031106.375388 0.9989938735961914 -0.028512921184301376 0.03461978957056999 0.01444827951490879 0.026759980246424675 0.9983864426612854 0.050083041191101074 -0.019438112154603004 -0.035991936922073364 -0.04910621419548988 0.9981449842453003 0.04078651964664459
1305031106.41132 0.9987090229988098 -0.01787247322499752 0.047549739480018616 0.013560449704527855 0.01479866448789835 0.9978255033493042 0.06422850489616394 -0.02537710592150688 -0.048594262450933456 -0.0634419173002243 0.9968017339706421 0.04374600201845169
1305031106.443278 0.998206377029419 -0.00903056375682354 0.05918233096599579 0.007961994968354702 0.005022241733968258 0.9977046251296997 0.06753043085336685 -0.029016176238656044 -0.05965632200241089 -0.06711207330226898 0.9959603548049927 0.04106217250227928
1305031106.475345 0.9981709122657776 -0.006759874522686005 0.060076210647821426 0.003728113602846861 0.002518658759072423 0.9975160360336304 0.07039444148540497 -0.03386153280735016 -0.06040284410119057 -0.070114366710186 0.9957085251808167 0.03595241531729698
1305031106.511129 0.9986385703086853 -0.006431497633457184 0.051763590425252914 0.003810569178313017 0.0028660756070166826 0.997636079788208 0.06866059452295303 -0.03870324417948723 -0.05208280310034752 -0.06841876357793808 0.996296226978302 0.029819121584296227
1305031106.543302 0.9990716576576233 -0.0028503278736025095 0.042984627187252045 0.004373617470264435 0.0001992762554436922 0.9981038570404053 0.06155296415090561 -0.040045708417892456 -0.04307857155799866 -0.061487264931201935 0.99717777967453 0.018968593329191208
1305031106.575282 0.9992347359657288 0.0002605132758617401 0.03911135345697403 0.004087083041667938 -0.0023945344146341085 0.9985095858573914 0.05452575534582138 -0.04070253297686577 -0.03903885558247566 -0.054577700793743134 0.9977461099624634 0.0065279770642519
1305031106.611151 0.9994094371795654 0.006933700293302536 0.03365379571914673 0.0023812339641153812 -0.008757906965911388 0.9984828233718872 0.05436401069164276 -0.04161318391561508 -0.033225782215595245 -0.054626643657684326 0.9979538917541504 -0.008920527063310146
1305031106.643207 0.999524712562561 0.011907695792615414 0.028444305062294006 0.001961491070687771 -0.01352012064307928 0.9982720613479614 0.0571843758225441 -0.04873870313167572 -0.027714211493730545 -0.05754173919558525 0.997958242893219 -0.021809130907058716
1305031106.675279 0.999591052532196 0.01336271408945322 0.025288641452789307 -0.0035335784777998924 -0.014622082933783531 0.9986277222633362 0.05028846859931946 -0.04671265557408333 -0.02458193153142929 -0.05063765496015549 0.9984143972396851 -0.03807150945067406
1305031106.711508 0.9997662901878357 0.015970630571246147 0.014580546878278255 -0.006090848706662655 -0.016767604276537895 0.9982740879058838 0.05628175288438797 -0.05180357024073601 -0.013656515628099442 -0.05651305988430977 0.9983083009719849 -0.053054019808769226
1305031106.743341 0.9998555183410645 0.016474086791276932 0.004189403261989355 -0.009750357829034328 -0.016665570437908173 0.998572587966919 0.05074489489197731 -0.05136282742023468 -0.003347447607666254 -0.05080738291144371 0.998702883720398 -0.0707760602235794
1305031106.77539 0.9997830986976624 0.017898816615343094 -0.01064729318022728 -0.006749240681529045 -0.01733427867293358 0.9985514283180237 0.05093943700194359 -0.055134378373622894 0.011543619446456432 -0.05074382573366165 0.9986449480056763 -0.09031309932470322
1305031106.811289 0.999641478061676 0.019832449033856392 -0.017990747466683388 -0.0074819112196564674 -0.018914179876446724 0.9985777735710144 0.04985005781054497 -0.053063295781612396 0.018953800201416016 -0.04949190467596054 0.9985946416854858 -0.10878712683916092
1305031106.843416 0.9993833303451538 0.02211993746459484 -0.027274008840322495 -0.006124651990830898 -0.020571580156683922 0.9982300400733948 0.05580015480518341 -0.06351985037326813 0.028460044413805008 -0.055204667150974274 0.9980694055557251 -0.1258111149072647
1305031106.875905 0.9989898204803467 0.029744915664196014 -0.03368142247200012 -0.0031275535002350807 -0.028188975527882576 0.9985544681549072 0.04576468467712402 -0.0674394965171814 0.03499400243163109 -0.04476900398731232 0.9983842968940735 -0.14598016440868378
1305031106.911243 0.9987669587135315 0.03813629224896431 -0.03178452327847481 -0.0036671417765319347 -0.036984656006097794 0.9986647963523865 0.03606538102030754 -0.06337636709213257 0.03311748802661896 -0.034845370799303055 0.9988439083099365 -0.16770105063915253
1305031106.943439 0.998444676399231 0.04681767150759697 -0.030274229124188423 -0.003105422016233206 -0.045754674822092056 0.9983428716659546 0.034900449216365814 -0.06977131217718124 0.03185802325606346 -0.03346097841858864 0.9989321231842041 -0.18538996577262878
1305031106.975547 0.9982420802116394 0.05286268889904022 -0.026803359389305115 -0.002338362392038107 -0.05218088626861572 0.9983112215995789 0.025529205799102783 -0.0769769549369812 0.028107643127441406 -0.02408570423722267 0.9993146061897278 -0.20471276342868805
1305031107.011576 0.9980056285858154 0.060412198305130005 -0.018307555466890335 -0.006696176249533892 -0.0602685883641243 0.9981478452682495 0.008297598920762539 -0.06967722624540329 0.018774915486574173 -0.0071776811964809895 0.9997978806495667 -0.23121047019958496
1305031107.043281 0.9978238344192505 0.06434162706136703 -0.014421218074858189 -0.006292763166129589 -0.06418914347887039 0.9978793859481812 0.010798911564052105 -0.0755525454878807 0.015085472725331783 -0.00984971970319748 0.9998377561569214 -0.24826949834823608
1305031107.075432 0.99775630235672 0.06613704562187195 -0.01040638703852892 -0.011727509088814259 -0.06609728187322617 0.9978047013282776 0.004119070712476969 -0.08299137651920319 0.010655984282493591 -0.0034219897352159023 0.9999374151229858 -0.2683599293231964
1305031107.111229 0.9976332783699036 0.0675373524427414 -0.012908266857266426 -0.01116720587015152 -0.06764227896928787 0.9976785182952881 -0.007872108370065689 -0.07891309261322021 0.012346659786999226 0.008726624771952629 0.9998857378959656 -0.2879561185836792
1305031107.14326 0.9975561499595642 0.06869233399629593 -0.01278739981353283 -0.008138218894600868 -0.06887130439281464 0.9975255131721497 -0.014124901033937931 -0.07481279969215393 0.011785505339503288 0.014971069991588593 0.9998185038566589 -0.30527666211128235
1305031107.175399 0.9974548816680908 0.07067795842885971 -0.00940009206533432 -0.008285164833068848 -0.07081743329763412 0.9973698854446411 -0.01543930172920227 -0.08289750665426254 0.008284162729978561 0.016065701842308044 0.9998365044593811 -0.3194824457168579
1305031107.211358 0.9972888231277466 0.07334832102060318 -0.0059169381856918335 -0.006198622286319733 -0.07347574084997177 0.9969741702079773 -0.025379378348588943 -0.08976782858371735 0.0040375120006501675 0.025745322927832603 0.9996603727340698 -0.33642327785491943
1305031107.243378 0.9972413182258606 0.0742279663681984 -0.0003617396578192711 -0.0055858539417386055 -0.07418330758810043 0.9964470863342285 -0.039878521114587784 -0.08662807196378708 -0.002599632367491722 0.03979533910751343 0.9992043972015381 -0.35327085852622986
1305031107.275398 0.997308075428009 0.07321435958147049 0.00402106624096632 -0.0017638831632211804 -0.0729285478591919 0.9961203932762146 -0.04925432801246643 -0.0908207967877388 -0.007611572742462158 0.04882848635315895 0.9987781047821045 -0.36692172288894653
1305031107.311226 0.996993362903595 0.07666337490081787 0.011256946250796318 -0.0023701987229287624 -0.07580184191465378 0.9951031804084778 -0.06343132257461548 -0.09513992071151733 -0.016064682975411415 0.062387317419052124 0.9979226589202881 -0.38091790676116943
1305031107.343509 0.9969215989112854 0.07665831595659256 0.016452699899673462 0.0015337448567152023 -0.07501969486474991 0.9936383962631226 -0.08399242162704468 -0.09973913431167603 -0.02278675138950348 0.08249958604574203 0.9963305592536926 -0.39650484919548035
1305031107.375413 0.9967672228813171 0.07655881345272064 0.024372246116399765 0.003945285454392433 -0.0735623687505722 0.9916056394577026 -0.10633386671543121 -0.09106440842151642 -0.03230845183134079 0.10419721901416779 0.9940319061279297 -0.40697404742240906
1305031107.411271 0.9963243007659912 0.07883728295564651 0.033507853746414185 0.0057547613978385925 -0.07433059811592102 0.9900728464126587 -0.11929348111152649 -0.09162416309118271 -0.04257999733090401 0.11636433005332947 0.9922935366630554 -0.41796496510505676
1305031107.443419 0.9959600567817688 0.07888928055763245 0.04289659112691879 0.0062852054834365845 -0.0726209357380867 0.9885885119438171 -0.13198010623455048 -0.08675597608089447 -0.0528188981115818 0.12833172082901 0.9903237223625183 -0.42424890398979187
1305031107.475377 0.9957973957061768 0.0765327736735344 0.05030355229973793 0.010691063478589058 -0.0690060406923294 0.9881204962730408 -0.13731737434864044 -0.08855919539928436 -0.06021524965763092 0.1332690417766571 0.9892489910125732 -0.42741507291793823
1305031107.511352 0.9954355955123901 0.07635311782360077 0.05725692957639694 0.01208757609128952 -0.06743472814559937 0.9872564673423767 -0.14414307475090027 -0.0800071656703949 -0.06753303855657578 0.13962402939796448 0.9878990054130554 -0.43109768629074097
1305031107.543605 0.9955999851226807 0.07094821333885193 0.06121150776743889 0.01775325834751129 -0.06189379468560219 0.9883715510368347 -0.13889117538928986 -0.08066251873970032 -0.07035377621650696 0.1344914734363556 0.9884141087532043 -0.43107518553733826
1305031107.575454 0.995722234249115 0.0654415488243103 0.06522686779499054 0.02017524279654026 -0.05612005293369293 0.9891577363014221 -0.1357114017009735 -0.08763891458511353 -0.07340080291032791 0.13147035241127014 0.9885990023612976 -0.4308752119541168
1305031107.611271 0.9957039952278137 0.06236143410205841 0.06844206899404526 0.02165921777486801 -0.05226559564471245 0.9887010455131531 -0.14049454033374786 -0.07784190773963928 -0.07643017172813416 0.13631385564804077 0.987713098526001 -0.4302223026752472
1305031107.643323 0.9957442283630371 0.059348318725824356 0.07050604373216629 0.0245000459253788 -0.04956556484103203 0.9898492693901062 -0.13319788873195648 -0.07846933603286743 -0.07769542932510376 0.12913639843463898 0.9885784983634949 -0.428621768951416
1305031107.675568 0.9956876635551453 0.05836581811308861 0.07210946083068848 0.02346508391201496 -0.048595130443573 0.9902545213699341 -0.1305162012577057 -0.07901038229465485 -0.07902439683675766 0.12644918262958527 0.9888203740119934 -0.4240318238735199
1305031107.711307 0.995866060256958 0.0556156225502491 0.07181859016418457 0.023318307474255562 -0.04600346088409424 0.9905544519424438 -0.12917295098304749 -0.07463014870882034 -0.07832424342632294 0.12533503770828247 0.989017903804779 -0.42111310362815857
1305031107.743538 0.9960097074508667 0.054470885545015335 0.07069621980190277 0.02025754190981388 -0.04535955190658569 0.9911654591560364 -0.12463346868753433 -0.06879067420959473 -0.07686054706573486 0.12092938274145126 0.9896810054779053 -0.419146865606308
1305031107.775802 0.9961903095245361 0.057160764932632446 0.06586156040430069 0.019399205222725868 -0.04906214028596878 0.9917265772819519 -0.11862191557884216 -0.06937248259782791 -0.07209718227386475 0.1149386614561081 0.9907527565956116 -0.4145617187023163
1305031107.811596 0.9965019226074219 0.05667823925614357 0.06141487881541252 0.02178628370165825 -0.049345094710588455 0.9921433925628662 -0.11496349424123764 -0.0669454038143158 -0.06744828820228577 0.11153078079223633 0.9914694428443909 -0.41182610392570496
1305031107.843332 0.9965102076530457 0.05763351917266846 0.06038079038262367 0.023837236687541008 -0.050786811858415604 0.9927035570144653 -0.10936331003904343 -0.06701615452766418 -0.06624321639537811 0.10591510683298111 0.9921662211418152 -0.41067829728126526
1305031107.875358 0.9960675239562988 0.06432797759771347 0.060919538140296936 0.029833169654011726 -0.05761390179395676 0.9926746487617493 -0.10619630664587021 -0.07200519740581512 -0.06730467826128006 0.10226890444755554 0.9924772381782532 -0.4085606038570404
1305031107.911541 0.9954016208648682 0.06882526725530624 0.06662364304065704 0.034004658460617065 -0.06140265241265297 0.9922873973846436 -0.1076817736029625 -0.07321718335151672 -0.07352103292942047 0.10309576243162155 0.991950511932373 -0.4064417779445648
1305031107.943122 0.9949613809585571 0.07003583014011383 0.07174235582351685 0.040991976857185364 -0.06179280951619148 0.9918643236160278 -0.11129554361104965 -0.07476392388343811 -0.07895336300134659 0.10630158334970474 0.9911944270133972 -0.40350234508514404
1305031107.975807 0.9943610429763794 0.0699150487780571 0.07973837852478027 0.04856231063604355 -0.060407306998968124 0.991412878036499 -0.11597974598407745 -0.07696981728076935 -0.08716237545013428 0.11050893366336823 0.9900456666946411 -0.401524156332016
1305031108.01132 0.9934704303741455 0.07317566871643066 0.08753199875354767 0.05999334529042244 -0.0620199590921402 0.9903421401977539 -0.1239999309182167 -0.07702326029539108 -0.09576038271188736 0.1177615225315094 0.9884139895439148 -0.39915621280670166
1305031108.043418 0.9928284287452698 0.06869879364967346 0.09783824533224106 0.07806253433227539 -0.05577597767114639 0.9900505542755127 -0.1291857808828354 -0.07513000071048737 -0.10573969036340714 0.12280227988958359 0.9867820739746094 -0.4026428461074829
1305031108.075352 0.9916300177574158 0.0586295947432518 0.1150323897600174 0.09041611850261688 -0.043128322809934616 0.9901914000511169 -0.13289451599121094 -0.07526858896017075 -0.1216956228017807 0.12682104110717773 0.9844321608543396 -0.39528757333755493
1305031108.111378 0.9902541637420654 0.05821966379880905 0.12651988863945007 0.10120175778865814 -0.04058181494474411 0.9896335005760193 -0.13776344060897827 -0.07833489030599594 -0.1332288682460785 0.13128642737865448 0.9823513031005859 -0.3878587484359741
1305031108.143334 0.9895303249359131 0.05722204968333244 0.1324971318244934 0.11519667506217957 -0.03786833956837654 0.9888189435005188 -0.1442323923110962 -0.07322552800178528 -0.13926894962787628 0.13770487904548645 0.9806333184242249 -0.3853326439857483
1305031108.176058 0.9886601567268372 0.051799073815345764 0.14095455408096313 0.12535406649112701 -0.031430959701538086 0.9892138242721558 -0.1430661976337433 -0.06722865253686905 -0.14684489369392395 0.1370134949684143 0.979624330997467 -0.38178548216819763
1305031108.211475 0.9885271787643433 0.051170945167541504 0.14211112260818481 0.14053869247436523 -0.032326988875865936 0.9907389879226685 -0.13187521696090698 -0.07118824124336243 -0.14754323661327362 0.12576821446418762 0.9810267090797424 -0.3813004493713379
1305031108.243347 0.9879738688468933 0.054487600922584534 0.1447020024061203 0.16153085231781006 -0.0359998382627964 0.9911926984786987 -0.12743988633155823 -0.08024069666862488 -0.1503714770078659 0.12069802731275558 0.9812341332435608 -0.37833085656166077
1305031108.275358 0.9865607619285583 0.05453541502356529 0.15402507781982422 0.1720973551273346 -0.03426322340965271 0.9907464385032654 -0.13132934272289276 -0.0728456974029541 -0.1597619354724884 0.124286949634552 0.9793002605438232 -0.3771786093711853
1305031108.311332 0.9858827590942383 0.0506412498652935 0.15959559381008148 0.17963546514511108 -0.03076043166220188 0.9917219877243042 -0.12466417253017426 -0.06913287937641144 -0.16458763182163239 0.11799498647451401 0.9792793989181519 -0.37074947357177734
1305031108.343278 0.9868333339691162 0.04534795507788658 0.1552528440952301 0.19387589395046234 -0.02727840095758438 0.9928042888641357 -0.11659955233335495 -0.06357692182064056 -0.15942326188087463 0.11082922667264938 0.9809694290161133 -0.3645939826965332
1305031108.37541 0.9879249930381775 0.034645114094018936 0.15100906789302826 0.20420785248279572 -0.01866254024207592 0.9941911697387695 -0.10599818825721741 -0.0628940612077713 -0.15380418300628662 0.10190001130104065 0.9828329682350159 -0.36095061898231506
1305031108.411361 0.9894582033157349 0.021573126316070557 0.143202543258667 0.21851491928100586 -0.007944165728986263 0.9954388737678528 -0.09507031738758087 -0.0637938603758812 -0.14460036158561707 0.09293045103549957 0.9851166009902954 -0.3584786057472229
1305031108.44361 0.9901822209358215 0.006927743088454008 0.1396106779575348 0.23513799905776978 0.005188453011214733 0.9962612390518188 -0.08623525500297546 -0.06194565072655678 -0.13968610763549805 0.08611293137073517 0.9864442348480225 -0.35326263308525085
1305031108.475471 0.9906566143035889 -0.008265356533229351 0.1361280083656311 0.25216734409332275 0.019140969961881638 0.9967082738876343 -0.07877867668867111 -0.06593898683786392 -0.13502883911132812 0.08064817637205124 0.987554132938385 -0.35502079129219055
1305031108.511378 0.9901059865951538 -0.014227000996470451 0.1395975649356842 0.2713666558265686 0.025093885138630867 0.9967616200447083 -0.07639588415622711 -0.0728452205657959 -0.13805867731571198 0.07914300262928009 0.9872569441795349 -0.35618627071380615
1305031108.543737 0.9879865050315857 -0.010458647273480892 0.15418493747711182 0.28481733798980713 0.022901827469468117 0.996599555015564 -0.07914920896291733 -0.08202684670686722 -0.15283292531967163 0.08172941207885742 0.984866738319397 -0.3561503291130066
1305031108.575414 0.9865391850471497 -0.0077948253601789474 0.16333843767642975 0.2986515760421753 0.023341495543718338 0.9953474998474121 -0.09347916394472122 -0.06845050305128098 -0.16184991598129272 0.09603336453437805 0.9821315407752991 -0.3548486828804016
1305031108.611407 0.9856792092323303 -0.00907957088202238 0.16838648915290833 0.32576727867126465 0.024985089898109436 0.9953915476799011 -0.09258200973272324 -0.06927301734685898 -0.1667698621749878 0.09546331316232681 0.9813636541366577 -0.3562111556529999
1305031108.643303 0.983407199382782 -0.012194771319627762 0.18100161850452423 0.335389107465744 0.029475070536136627 0.9952212572097778 -0.09309035539627075 -0.06657849252223969 -0.17900145053863525 0.09688074886798859 0.9790672659873962 -0.35779789090156555
1305031108.675375 0.9806509017944336 -0.022827697917819023 0.19442841410636902 0.3437681794166565 0.0408564992249012 0.9951727986335754 -0.08922801911830902 -0.05999845266342163 -0.19145308434963226 0.09544514864683151 0.9768500924110413 -0.35028934478759766
1305031108.711411 0.9773463010787964 -0.032592982053756714 0.20912109315395355 0.3558708727359772 0.05007524788379669 0.9956275224685669 -0.0788557305932045 -0.06238103285431862 -0.2056366503238678 0.08754108846187592 0.974705159664154 -0.3482089042663574
