1305031453.359684 1.0 0.0 0.0 0.0 0.0 1.0 0.0 0.0 0.0 0.0 1.0 0.0
1305031453.39169 0.9996346235275269 -0.024047771468758583 0.012340167537331581 0.002159168478101492 0.024033842608332634 0.9997103214263916 0.001275734044611454 0.004504204727709293 -0.012367271818220615 -0.0009786863811314106 0.999923050403595 -0.009469467215240002
1305031453.423683 0.9988918900489807 -0.04278213158249855 0.019613871350884438 0.00736960070207715 0.042797189205884933 0.9990836977958679 -0.00034831438097171485 0.006589827593415976 -0.01958099752664566 0.0011873469920828938 0.999807596206665 -0.01782333292067051
1305031453.459685 0.9976943135261536 -0.05874492600560188 0.033987268805503845 0.009698791429400444 0.05900603532791138 0.9982349276542664 -0.006730172783136368 0.010071043856441975 -0.03353192284703255 0.008720111101865768 0.9993996024131775 -0.027730479836463928
1305031453.491698 0.9957324862480164 -0.07909803837537766 0.047541432082653046 0.012089239433407784 0.07983952760696411 0.9967107176780701 -0.013902587816119194 0.014543330296874046 -0.04628538340330124 0.01763894595205784 0.9987725019454956 -0.03858674317598343
1305031453.523684 0.9935798048973083 -0.09715045243501663 0.05797361582517624 0.012839248403906822 0.09883405268192291 0.9947400093078613 -0.026910003274679184 0.020340535789728165 -0.05505434423685074 0.03246700391173363 0.9979553818702698 -0.05110732093453407
1305031453.559753 0.9917635321617126 -0.10972165316343307 0.0660766139626503 0.011523713357746601 0.11262030154466629 0.9927560091018677 -0.04185866564512253 0.027493907138705254 -0.061005160212516785 0.04895547777414322 0.9969361424446106 -0.06624668836593628
1305031453.59164 0.990373969078064 -0.11746807396411896 0.07321800291538239 0.010679243132472038 0.12163057923316956 0.991037130355835 -0.05523918941617012 0.03305642306804657 -0.06607292592525482 0.06361299753189087 0.9957849979400635 -0.0808480829000473
1305031453.627706 0.9890329241752625 -0.12443424016237259 0.07956152409315109 0.0029606549069285393 0.1299116164445877 0.989203155040741 -0.06782317161560059 0.0392535999417305 -0.07026301324367523 0.07741532474756241 0.9945200085639954 -0.09805173426866531
1305031453.6596 0.989678144454956 -0.1191696971654892 0.07959715276956558 -0.01083847600966692 0.12587857246398926 0.9883646965026855 -0.08538210391998291 0.04789324849843979 -0.06849604099988937 0.09452037513256073 0.9931637048721313 -0.11212093383073807
1305031453.691678 0.9913922548294067 -0.1102103739976883 0.07067497819662094 -0.016981162130832672 0.11700136214494705 0.9880338907241821 -0.10049767792224884 0.05730614811182022 -0.05875337868928909 0.10790170729160309 0.992423951625824 -0.12574094533920288
1305031453.727652 0.992978036403656 -0.10202230513095856 0.059884198009967804 -0.023793814703822136 0.10816393792629242 0.987991452217102 -0.11033377051353455 0.06674187630414963 -0.047908566892147064 0.1160363107919693 0.992088794708252 -0.14290545880794525
1305031453.759694 0.995025098323822 -0.08522289991378784 0.05159548297524452 -0.04501589387655258 0.09094396978616714 0.9884552359580994 -0.12118333578109741 0.07403211295604706 -0.04067222401499748 0.12527276575565338 0.9912883043289185 -0.15275385975837708
1305031453.791716 0.9970566034317017 -0.0702296793460846 0.030758537352085114 -0.04979270324110985 0.07373541593551636 0.9882767200469971 -0.13368776440620422 0.08583857119083405 -0.02100909873843193 0.13556227087974548 0.9905459880828857 -0.16644327342510223
1305031453.827773 0.998115062713623 -0.0595790259540081 0.014721039682626724 -0.05701620504260063 0.06104425713419914 0.9885298013687134 -0.13813918828964233 0.09173525869846344 -0.006321992725133896 0.1387774497270584 0.9903033971786499 -0.1794457882642746
1305031453.859705 0.9990369081497192 -0.043874483555555344 0.0005713423015549779 -0.0865505114197731 0.04348841682076454 0.9883463382720947 -0.1458776742219925 0.10399307310581207 0.0058356220833957195 0.14576202630996704 0.9893024563789368 -0.1890607327222824
1305031453.89171 0.9991624355316162 -0.030301418155431747 -0.027501262724399567 -0.10262791812419891 0.025968417525291443 0.9889227151870728 -0.14614222943782806 0.1120089739561081 0.031624939292669296 0.14530567824840546 0.9888811707496643 -0.19870027899742126
1305031453.927723 0.997111976146698 -0.02439943328499794 -0.07191982120275497 -0.10495354235172272 0.01419602707028389 0.9901753664016724 -0.13910894095897675 0.11496815085411072 0.07460740953683853 0.13768623769283295 0.9876619577407837 -0.20638342201709747
1305031453.959641 0.9942010641098022 -0.011107716709375381 -0.10696209967136383 -0.11275346577167511 -0.003648415207862854 0.9905945062637329 -0.13678206503391266 0.12306711077690125 0.1074753999710083 0.13637913763523102 0.9848095178604126 -0.21248018741607666
1305031453.991624 0.9910812973976135 0.010188794694840908 -0.1328684389591217 -0.1210341602563858 -0.027507903054356575 0.9912404417991638 -0.12917301058769226 0.12178371846675873 0.13038846850395203 0.13167588412761688 0.9826801419258118 -0.21770018339157104
1305031454.027662 0.9876417517662048 0.029033273458480835 -0.15401631593704224 -0.13867667317390442 -0.04957110062241554 0.9901111721992493 -0.13123488426208496 0.12379380315542221 0.1486831158399582 0.13724777102470398 0.9793142676353455 -0.2213689386844635
1305031454.059654 0.9828680157661438 0.0504877008497715 -0.1772608757019043 -0.1509091705083847 -0.07475940883159637 0.9882875084877014 -0.13303710520267487 0.1318824291229248 0.16846796870231628 0.14400984346866608 0.975130558013916 -0.22529050707817078
1305031454.091651 0.9763736128807068 0.07553606480360031 -0.20245704054832458 -0.1614738255739212 -0.10269472002983093 0.9865491986274719 -0.12717947363853455 0.13006845116615295 0.19012722373008728 0.1449659764766693 0.9709977507591248 -0.23038512468338013
1305031454.127701 0.9684751033782959 0.1026093065738678 -0.22699619829654694 -0.18006429076194763 -0.13402776420116425 0.9827278852462769 -0.1276037096977234 0.1304856836795807 0.20998211205005646 0.15400482714176178 0.9654998779296875 -0.2330252230167389
1305031454.159672 0.9580714702606201 0.12250778079032898 -0.2590191066265106 -0.18864651024341583 -0.1592903584241867 0.9791473150253296 -0.1260848194360733 0.138776034116745 0.2381715178489685 0.1620575338602066 0.9576072692871094 -0.23645806312561035
1305031454.191658 0.9453104138374329 0.15163102746009827 -0.2887842655181885 -0.20612585544586182 -0.19146454334259033 0.9747467637062073 -0.11493545770645142 0.14110489189624786 0.2640637159347534 0.1639416366815567 0.9504701495170593 -0.2349824160337448
1305031454.227671 0.929306149482727 0.18278658390045166 -0.3209036588668823 -0.21996738016605377 -0.22609199583530426 0.9686451554298401 -0.10300085693597794 0.1315096765756607 0.29201459884643555 0.16827310621738434 0.941494345664978 -0.2384348213672638
1305031454.259627 0.9131588339805603 0.21235911548137665 -0.3479144871234894 -0.22607509791851044 -0.2637414038181305 0.9586284160614014 -0.10710763186216354 0.14032790064811707 0.310775488615036 0.1895657777786255 0.9313879013061523 -0.24882805347442627
1305031454.291639 0.9016786217689514 0.23315833508968353 -0.3641604781150818 -0.23381486535072327 -0.2867133915424347 0.9527959823608398 -0.099876269698143 0.1476673036813736 0.3236836791038513 0.1944659948348999 0.9259653091430664 -0.2462121844291687
1305031454.327699 0.8861554861068726 0.2632855176925659 -0.3813255727291107 -0.2498360276222229 -0.3181910514831543 0.9439632892608643 -0.08768074214458466 0.14017312228679657 0.33687224984169006 0.19903318583965302 0.9202733039855957 -0.24968788027763367
1305031454.359636 0.8677604794502258 0.28627336025238037 -0.4062504768371582 -0.25464898347854614 -0.34975624084472656 0.932510256767273 -0.08997348695993423 0.14439299702644348 0.35307568311691284 0.22016406059265137 0.9093213677406311 -0.2508680820465088
1305031454.391677 0.8542667627334595 0.3058677613735199 -0.42032504081726074 -0.26186826825141907 -0.3733115494251251 0.9236573576927185 -0.08657755702733994 0.15180355310440063 0.36175501346588135 0.23087255656719208 0.9032337665557861 -0.2562296390533447
1305031454.427465 0.8348368406295776 0.33137089014053345 -0.4395917057991028 -0.28066107630729675 -0.40286293625831604 0.9119618535041809 -0.07763385027647018 0.15489208698272705 0.37516528367996216 0.2419067919254303 0.8948363065719604 -0.2553164064884186
1305031454.459913 0.812220573425293 0.35133734345436096 -0.46568214893341064 -0.2735012471675873 -0.4301619529724121 0.8999311327934265 -0.07130827009677887 0.1591189205646515 0.39402857422828674 0.2582367956638336 0.8820744752883911 -0.25517070293426514
1305031454.491617 0.795862078666687 0.38018113374710083 -0.4712387025356293 -0.2849330008029938 -0.46180060505867004 0.8844997882843018 -0.06633462011814117 0.16624784469604492 0.391591340303421 0.27041149139404297 0.8795077204704285 -0.2594233453273773
1305031454.5277 0.7763507962226868 0.4053195118904114 -0.4826962351799011 -0.2882676422595978 -0.4894947409629822 0.8701669573783875 -0.05660694092512131 0.17556223273277283 0.3970823884010315 0.280224084854126 0.873956561088562 -0.26127684116363525
1305031454.559575 0.7602749466896057 0.42603713274002075 -0.49038198590278625 -0.2960907518863678 -0.5106772780418396 0.8585493564605713 -0.045844245702028275 0.18733333051204681 0.4014858305454254 0.28528115153312683 0.8703009486198425 -0.26274073123931885
1305031454.591635 0.7344393134117126 0.4549822509288788 -0.5035773515701294 -0.3056505620479584 -0.5402385592460632 0.8410451412200928 -0.028023071587085724 0.19518715143203735 0.4107813835144043 0.29263314604759216 0.8634954690933228 -0.2669718861579895
1305031454.62758 0.7024524807929993 0.4755697548389435 -0.5295223593711853 -0.30064061284065247 -0.564156174659729 0.8256394267082214 -0.006881051231175661 0.19885492324829102 0.43392208218574524 0.3035668730735779 0.8482680916786194 -0.26954323053359985
1305031454.659528 0.6808026432991028 0.48626700043678284 -0.5477702617645264 -0.29900163412094116 -0.5739112496376038 0.818804919719696 0.01357792317867279 0.20847605168819427 0.45511946082115173 0.3051275908946991 0.8365185856819153 -0.2717307507991791
1305031454.691884 0.6561223864555359 0.49578264355659485 -0.5689489245414734 -0.30033305287361145 -0.5811893343925476 0.8128758072853088 0.03810252994298935 0.21713337302207947 0.48137545585632324 0.30566713213920593 0.821489691734314 -0.26765328645706177
1305031454.727659 0.6317774057388306 0.5006905794143677 -0.5917485952377319 -0.2935677766799927 -0.5852985978126526 0.8086450099945068 0.059319980442523956 0.2192533165216446 0.5082154870033264 0.3088725507259369 0.8039370775222778 -0.2619480490684509
1305031454.759732 0.6277953386306763 0.495160847902298 -0.6005736589431763 -0.28265097737312317 -0.5692337155342102 0.8183090686798096 0.07964444905519485 0.21530935168266296 0.5308916568756104 0.29186633229255676 0.7955929040908813 -0.2612275779247284
1305031454.791641 0.6367642283439636 0.484768271446228 -0.5996090173721313 -0.28217196464538574 -0.5546620488166809 0.8281704187393188 0.0805220827460289 0.22655397653579712 0.5356130003929138 0.28130680322647095 0.7962318062782288 -0.26479673385620117
1305031454.82757 0.6413581967353821 0.47634151577949524 -0.6014634966850281 -0.2745007574558258 -0.5405990481376648 0.83684241771698 0.08629809319972992 0.23301160335540771 0.5444374680519104 0.2698025703430176 0.7942256927490234 -0.2622278332710266
1305031454.85962 0.6516553163528442 0.4693336486816406 -0.5958786606788635 -0.26923245191574097 -0.5252441763877869 0.8459737300872803 0.09190776944160461 0.2381143867969513 0.5472331047058105 0.2530895471572876 0.7977980375289917 -0.2596028745174408
1305031454.891764 0.6665053367614746 0.4602160155773163 -0.5864911079406738 -0.26533618569374084 -0.5122811198234558 0.854279100894928 0.08817671984434128 0.24861925840377808 0.5416074395179749 0.24167799949645996 0.8051416277885437 -0.2616317868232727
1305031454.927567 0.6812237501144409 0.4539696276187897 -0.5743219256401062 -0.26482799649238586 -0.49987539649009705 0.8616020679473877 0.08812852948904037 0.2568531632423401 0.534844696521759 0.22705413401126862 0.8138720393180847 -0.2648050785064697
1305031454.959648 0.6946794390678406 0.4479480981826782 -0.5628170371055603 -0.26602432131767273 -0.4887158274650574 0.8680289387702942 0.08765026181936264 0.265342652797699 0.5278041958808899 0.2141687422990799 0.821921169757843 -0.26933392882347107
1305031454.991937 0.7067193388938904 0.44030970335006714 -0.5537825226783752 -0.27031946182250977 -0.4771818518638611 0.8745484948158264 0.08638498187065125 0.2746690809726715 0.522345781326294 0.20320500433444977 0.8281682729721069 -0.27684691548347473
1305031455.027799 0.7107257843017578 0.4330306053161621 -0.5543946027755737 -0.2695541977882385 -0.47182032465934753 0.8779746294021606 0.08090818673372269 0.28989166021347046 0.5217800140380859 0.2040710747241974 0.8283118605613708 -0.2789413034915924
1305031455.059636 0.7163540720939636 0.4330960512161255 -0.5470508933067322 -0.27524641156196594 -0.4692005515098572 0.8793018460273743 0.08172626793384552 0.2958250641822815 0.5164180994033813 0.19813162088394165 0.833100438117981 -0.28274935483932495
1305031455.0917 0.7224368453025818 0.4304683804512024 -0.5410932302474976 -0.28045734763145447 -0.469190776348114 0.8800191283226013 0.07366512715816498 0.3060929775238037 0.5078828930854797 0.20065753161907196 0.8377300500869751 -0.2886175215244293
1305031455.127695 0.729740560054779 0.4271899163722992 -0.5338422060012817 -0.2855915427207947 -0.4673846364021301 0.8815469145774841 0.066533662378788 0.31835275888442993 0.4990294277667999 0.2009573131799698 0.8429624438285828 -0.29255926609039307
1305031455.15972 0.7393865585327148 0.4228755831718445 -0.5239120125770569 -0.29522907733917236 -0.46046122908592224 0.8853157758712769 0.06474299728870392 0.3269467353820801 0.49120569229125977 0.19337098300457 0.8493083119392395 -0.2993306517601013
1305031455.191655 0.7494211196899414 0.41612595319747925 -0.5149826407432556 -0.3046337962150574 -0.44946929812431335 0.8908709287643433 0.06577450037002563 0.33576393127441406 0.4861535131931305 0.18217606842517853 0.854673445224762 -0.3048086166381836
1305031455.227581 0.7584838271141052 0.4065122604370117 -0.5093623399734497 -0.3141654133796692 -0.4395124316215515 0.8961796760559082 0.06075228750705719 0.34448227286338806 0.4811766743659973 0.17779140174388885 0.8584049940109253 -0.30815866589546204
1305031455.259631 0.7689468860626221 0.39434194564819336 -0.5032048225402832 -0.3203052282333374 -0.4264850616455078 0.902774453163147 0.05575757846236229 0.3609585165977478 0.4762679934501648 0.1717347353696823 0.8623665571212769 -0.3087596297264099
1305031455.291831 0.7846308946609497 0.38476380705833435 -0.4861186146736145 -0.3352510631084442 -0.40762004256248474 0.910968542098999 0.0631047785282135 0.3671889007091522 0.46711909770965576 0.14863771200180054 0.871611475944519 -0.31586921215057373
1305031455.327766 0.7989591956138611 0.36461129784584045 -0.47824978828430176 -0.3493063449859619 -0.38409295678138733 0.9212956428527832 0.060721687972545624 0.3831680119037628 0.4627492129802704 0.13517823815345764 0.8761221170425415 -0.3214452862739563
1305031455.35963 0.8039769530296326 0.3573381304740906 -0.475321501493454 -0.35439974069595337 -0.3696156144142151 0.926444947719574 0.0713026374578476 0.3929866850376129 0.4658384323120117 0.11836057901382446 0.8769180774688721 -0.3214953541755676
1305031455.391665 0.8178137540817261 0.3513026237487793 -0.45581477880477905 -0.3679145276546478 -0.3515046238899231 0.9320696592330933 0.08769609034061432 0.39216938614845276 0.455658882856369 0.0885019302368164 0.8857439160346985 -0.3265933394432068
1305031455.427642 0.8332563638687134 0.335828572511673 -0.4392072558403015 -0.38183867931365967 -0.3291720449924469 0.9395864009857178 0.0939311683177948 0.39704465866088867 0.4442179501056671 0.06630602478981018 0.8934617042541504 -0.3350597023963928
1305031455.459589 0.8436084985733032 0.32284316420555115 -0.42906540632247925 -0.39707812666893005 -0.31073006987571716 0.9451962113380432 0.10025431215763092 0.396983802318573 0.43791741132736206 0.04874810203909874 0.8976925015449524 -0.34250372648239136
1305031455.491637 0.8546543121337891 0.3055327236652374 -0.41978055238723755 -0.41003507375717163 -0.2902831733226776 0.9515360593795776 0.10156175494194031 0.40246814489364624 0.43046677112579346 0.035055022686719894 0.9019254446029663 -0.3521251380443573
1305031455.52761 0.8671801090240479 0.28191134333610535 -0.4105176627635956 -0.4286021888256073 -0.26145875453948975 0.9593232274055481 0.10648098587989807 0.40127691626548767 0.4238373637199402 0.01499522477388382 0.9056140780448914 -0.36073461174964905
1305031455.559669 0.8756446242332458 0.25971996784210205 -0.4071757197380066 -0.44793030619621277 -0.23699885606765747 0.9656778573989868 0.10629098117351532 0.40130001306533813 0.42080652713775635 0.0034270286560058594 0.9071438312530518 -0.37432861328125
1305031455.591645 0.8835793733596802 0.23226937651634216 -0.40661823749542236 -0.46421748399734497 -0.20954035222530365 0.9726454615592957 0.10026666522026062 0.41107457876205444 0.41878432035446167 -0.003390628844499588 0.9080793261528015 -0.3858610689640045
1305031455.627617 0.891098141670227 0.2111695110797882 -0.40168607234954834 -0.481356143951416 -0.18309636414051056 0.9771954417228699 0.10753943026065826 0.4060608744621277 0.41523492336273193 -0.022280946373939514 0.9094412922859192 -0.39366471767425537
1305031455.659615 0.8978654742240906 0.20123949646949768 -0.3915868401527405 -0.5039680004119873 -0.17597496509552002 0.9793235659599304 0.09979067742824554 0.402387410402298 0.4035720229148865 -0.020689142867922783 0.9147139191627502 -0.4065762758255005
1305031455.691605 0.899818480014801 0.2016211897134781 -0.3868793845176697 -0.5199661254882812 -0.17963846027851105 0.9793662428855896 0.09258429706096649 0.4032881557941437 0.3975635766983032 -0.013810655102133751 0.9174706935882568 -0.41881072521209717
1305031455.727628 0.9016509652137756 0.2111482471227646 -0.3774149417877197 -0.5377038717269897 -0.19179213047027588 0.9774250984191895 0.08863456547260284 0.4021618962287903 0.3876098394393921 -0.007532239891588688 0.9217928051948547 -0.4310612678527832
1305031455.759683 0.9052704572677612 0.21696409583091736 -0.36525627970695496 -0.5528145432472229 -0.19944292306900024 0.9761688709259033 0.08553943037986755 0.40077829360961914 0.37511077523231506 -0.004588541109114885 0.9269685745239258 -0.44330403208732605
1305031455.791666 0.9108947515487671 0.2151000052690506 -0.3521404266357422 -0.5713411569595337 -0.19795139133930206 0.9765651822090149 0.08447282761335373 0.3913460969924927 0.362058162689209 -0.007239157799631357 0.9321272969245911 -0.4561265707015991
1305031455.82759 0.9139074087142944 0.21306873857975006 -0.34550684690475464 -0.5862235426902771 -0.19829241931438446 0.977033257484436 0.07801377773284912 0.38967570662498474 0.35419392585754395 -0.0027859844267368317 0.9351678490638733 -0.47009825706481934
1305031455.859526 0.9150992631912231 0.21666882932186127 -0.340070515871048 -0.600933313369751 -0.201741024851799 0.9762377142906189 0.07912243157625198 0.3844248652458191 0.3491330146789551 -0.0037987027317285538 0.9370654821395874 -0.4826695919036865
1305031455.891657 0.9178211092948914 0.21733832359313965 -0.33221763372421265 -0.6148242354393005 -0.20320101082324982 0.976090669631958 0.077177494764328 0.3820255398750305 0.34104815125465393 -0.003328177146613598 0.940039873123169 -0.49504536390304565
1305031455.927955 0.9203131198883057 0.22015772759914398 -0.323348730802536 -0.62754887342453 -0.2055077701807022 0.9754429459571838 0.07923254370689392 0.3761568069458008 0.3328518271446228 -0.006468083709478378 0.9429568648338318 -0.5064772367477417
1305031455.959716 0.9225053191184998 0.22426152229309082 -0.314150869846344 -0.6400873064994812 -0.21144215762615204 0.9745257496833801 0.07477959990501404 0.3780890703201294 0.3229182958602905 -0.002559846267104149 0.9464232921600342 -0.518061637878418
1305031455.991694 0.9244931936264038 0.2291334718465805 -0.30464792251586914 -0.6499910354614258 -0.21519352495670319 0.973365843296051 0.07906098663806915 0.37448301911354065 0.31464940309524536 -0.007533088326454163 0.9491779804229736 -0.526069700717926
1305031456.02777 0.9271140098571777 0.23593653738498688 -0.29119327664375305 -0.660005509853363 -0.22262686491012573 0.9717357158660889 0.0785301998257637 0.3864370584487915 0.30149105191230774 -0.007979016751050949 0.9534355998039246 -0.5327823162078857
1305031456.059713 0.9279214143753052 0.2561629116535187 -0.2708180546760559 -0.6792798042297363 -0.23650719225406647 0.9661052823066711 0.10346512496471405 0.37419500946998596 0.28814268112182617 -0.03195708245038986 0.957054078578949 -0.540876030921936
1305031456.091707 0.9287363886833191 0.26793673634529114 -0.2562393546104431 -0.6955469250679016 -0.24540355801582336 0.9623560309410095 0.11682545393705368 0.364099383354187 0.2778953015804291 -0.045618005096912384 0.9595276117324829 -0.5467852354049683
1305031456.127645 0.9307520985603333 0.27008962631225586 -0.24647940695285797 -0.7068971395492554 -0.24739119410514832 0.9615262746810913 0.11943572759628296 0.35746636986732483 0.26925480365753174 -0.05018821358680725 0.961760401725769 -0.5521193742752075
1305031456.159731 0.9329320788383484 0.27207115292549133 -0.23582862317562103 -0.7157644033432007 -0.2481762021780014 0.9604495763778687 0.12627436220645905 0.34242406487464905 0.26085716485977173 -0.05927835777401924 0.9635557532310486 -0.5542985200881958
1305031456.191658 0.9376178979873657 0.2658936381340027 -0.22399365901947021 -0.7234376668930054 -0.24518172442913055 0.9624859690666199 0.11621825397014618 0.3333170413970947 0.24649247527122498 -0.05404917150735855 0.9676364064216614 -0.5536050796508789
1305031456.227678 0.9439201951026917 0.2575817108154297 -0.20655834674835205 -0.7311963438987732 -0.2421693056821823 0.9653566479682922 0.0971623957157135 0.34509992599487305 0.22442974150180817 -0.041691459715366364 0.9735979437828064 -0.5568287372589111
1305031456.291675 0.9563809037208557 0.24525436758995056 -0.15870049595832825 -0.759356677532196 -0.23255984485149384 0.9679863452911377 0.09443658590316772 0.3241042494773865 0.17678087949752808 -0.053409989923238754 0.9828000068664551 -0.5549274682998657
1305031456.327718 0.962640643119812 0.23142994940280914 -0.1405818909406662 -0.7693723440170288 -0.2212395966053009 0.9715556502342224 0.08445507287979126 0.3169938027858734 0.15612855553627014 -0.05019761249423027 0.9864604473114014 -0.5520063042640686
1305031456.391619 0.9728905558586121 0.2124142050743103 -0.09145628660917282 -0.7929039597511292 -0.206372931599617 0.9758790135383606 0.07120674848556519 0.3078387379646301 0.10437557846307755 -0.050402261316776276 0.9932600259780884 -0.546761155128479
1305031456.427662 0.9784761667251587 0.19553875923156738 -0.06594812870025635 -0.8141717314720154 -0.19282646477222443 0.9801860451698303 0.045312777161598206 0.3191778361797333 0.07350184768438339 -0.03162092715501785 0.9967936873435974 -0.541317343711853
1305031456.491677 0.9843392372131348 0.17142465710639954 -0.041105758398771286 -0.8561151027679443 -0.16962149739265442 0.9845280647277832 0.04396587982773781 0.3391222655773163 0.048006605356931686 -0.036304932087659836 0.9981870055198669 -0.5284997224807739
1305031456.527641 0.9861770868301392 0.15997429192066193 -0.043160174041986465 -0.866943359375 -0.1575021892786026 0.9859497547149658 0.05564272031188011 0.33950722217559814 0.051455166190862656 -0.04807576164603233 0.9975175261497498 -0.5186985731124878
1305031456.591651 0.9899605512619019 0.13728950917720795 -0.033608321100473404 -0.8879761695861816 -0.13528577983379364 0.989222526550293 0.0560055635869503 0.3443840742111206 0.04093508794903755 -0.05089658126235008 0.9978646039962769 -0.502018392086029
1305031456.627612 0.9920623898506165 0.12283485382795334 -0.026903312653303146 -0.8913492560386658 -0.12067732214927673 0.9901589751243591 0.07086747884750366 0.36144107580184937 0.03534355387091637 -0.06705833226442337 0.9971228837966919 -0.49350595474243164
1305031456.691612 0.9959190487861633 0.08998655527830124 0.006892099976539612 -0.9338613152503967 -0.09021331369876862 0.9904261827468872 0.10448773205280304 0.3379940986633301 0.0025763697922229767 -0.10468309372663498 0.9945022463798523 -0.46826329827308655
1305031456.727693 0.9972144961357117 0.0732063353061676 0.014283468946814537 -0.9522144794464111 -0.07429353147745132 0.991874635219574 0.10327249020338058 0.3563980162143707 -0.0066072093322873116 -0.10404600203037262 0.9945504665374756 -0.4592323899269104
1305031456.791649 0.999010443687439 0.04446318745613098 -0.0009925346821546555 -0.9864218831062317 -0.04407357797026634 0.9927524328231812 0.11180360615253448 0.34817177057266235 0.00595648679882288 -0.11164921522140503 0.993729829788208 -0.4360857903957367
1305031456.827603 0.9994719624519348 0.02878596819937229 -0.015072411857545376 -0.9867137670516968 -0.026974773034453392 0.9936727285385132 0.1090269535779953 0.3635251522064209 0.018115488812327385 -0.10856281220912933 0.9939244389533997 -0.42719921469688416
1305031456.891672 0.9999417662620544 0.004408662673085928 -0.00984652154147625 -1.0036870241165161 -0.003029163461178541 0.9907099008560181 0.13595865666866302 0.3518204391002655 0.010354440659284592 -0.135920912027359 0.9906655550003052 -0.4033639132976532
1305031456.92769 0.9999558329582214 -0.009042065590620041 0.002558523789048195 -1.015574336051941 0.008663215674459934 0.9925188422203064 0.12178396433591843 0.36036884784698486 -0.0036405622959136963 -0.12175643444061279 0.9925532937049866 -0.3953482508659363
1305031456.959667 0.9996508955955505 -0.02020924724638462 0.017019184306263924 -1.029719591140747 0.018089216202497482 0.9930098652839661 0.11663783341646194 0.37716910243034363 -0.019257381558418274 -0.11628926545381546 0.9930286407470703 -0.3920033872127533
1305031456.991709 0.9992278814315796 -0.025522103533148766 0.02987157367169857 -1.0451010465621948 0.021233288571238518 0.9904823899269104 0.1359921097755432 0.37355881929397583 -0.03305806964635849 -0.13525284826755524 0.9902594685554504 -0.38157355785369873
1305031457.027648 0.9987368583679199 -0.03356482833623886 0.037391602993011475 -1.055994987487793 0.02799883484840393 0.9896792769432068 0.14053821563720703 0.3730652332305908 -0.04172283411026001 -0.13931378722190857 0.9893689155578613 -0.3754764795303345
1305031457.091655 0.9968230724334717 -0.0561194010078907 0.05651869252324104 -1.0782984495162964 0.04607446864247322 0.9851250648498535 0.1655474752187729 0.3773382008075714 -0.06496839225292206 -0.162417471408844 0.984580934047699 -0.37107357382774353
1305031457.127632 0.9955072999000549 -0.06659896671772003 0.06730325520038605 -1.0880519151687622 0.05387783795595169 0.9829599857330322 0.17574679851531982 0.3693276643753052 -0.07786095887422562 -0.17133106291294098 0.982132077217102 -0.3683934807777405
1305031457.191735 0.9902264475822449 -0.09451573342084885 0.10255993902683258 -1.1191495656967163 0.07642471790313721 0.9828428626060486 0.16786621510982513 0.37479937076568604 -0.11666632443666458 -0.1583874225616455 0.9804602861404419 -0.37436240911483765
1305031457.227543 0.9874265789985657 -0.1084890142083168 0.11497317999601364 -1.1328555345535278 0.08693932741880417 0.9801451563835144 0.17820483446121216 0.37052905559539795 -0.13202369213104248 -0.16596850752830505 0.9772533774375916 -0.3781566619873047
1305031457.291656 0.9801472425460815 -0.1337878406047821 0.14632923901081085 -1.1595462560653687 0.10932573676109314 0.9803734421730042 0.1640598028898239 0.36026114225387573 -0.1654065102338791 -0.1448051780462265 0.9755368232727051 -0.388725608587265
1305031457.327548 0.9755291938781738 -0.1440706104040146 0.16609114408493042 -1.174391746520996 0.117798812687397 0.980313777923584 0.158456489443779 0.3629351258277893 -0.18565036356449127 -0.135013610124588 0.9732961058616638 -0.3980185091495514
1305031457.391684 0.9618211984634399 -0.17091064155101776 0.213750958442688 -1.2081739902496338 0.13855613768100739 0.9776327610015869 0.1582290530204773 0.34753942489624023 -0.2360129952430725 -0.12257155030965805 0.9639885425567627 -0.41049760580062866
1305031457.427641 0.9541643261909485 -0.186418816447258 0.23413324356079102 -1.2321029901504517 0.15275071561336517 0.9760873317718506 0.1546630710363388 0.34569889307022095 -0.2573665976524353 -0.11180996894836426 0.9598233699798584 -0.4194891154766083
1305031457.491705 0.9477232098579407 -0.20300869643688202 0.24618718028068542 -1.26371169090271 0.16794998943805695 0.9733577966690063 0.15610063076019287 0.3320569097995758 -0.27131789922714233 -0.1065930724143982 0.9565691351890564 -0.4330103397369385
1305031457.527638 0.9446050524711609 -0.2083001434803009 0.25363853573799133 -1.2775087356567383 0.1738232672214508 0.9730172157287598 0.15173296630382538 0.32346031069755554 -0.2784006595611572 -0.09923945367336273 0.9553243517875671 -0.44237154722213745
1305031457.559685 0.939949631690979 -0.21496041119098663 0.26511648297309875 -1.2933489084243774 0.1811978965997696 0.9725308418273926 0.14611972868442535 0.3188498616218567 -0.2892439067363739 -0.08930663764476776 0.9530803561210632 -0.45013710856437683
1305031457.591678 0.9348031282424927 -0.22056391835212708 0.27837878465652466 -1.3148936033248901 0.18787279725074768 0.9722445607185364 0.13944314420223236 0.3178035616874695 -0.30140841007232666 -0.0780520811676979 0.9502951502799988 -0.45836207270622253
1305031457.627526 0.9327805638313293 -0.22720254957675934 0.2798205614089966 -1.326673984527588 0.1938222199678421 0.9706966876983643 0.14205963909626007 0.30733442306518555 -0.30389726161956787 -0.07827505469322205 0.9494838118553162 -0.4637739360332489
1305031457.659632 0.9283084869384766 -0.2334623485803604 0.2893761396408081 -1.348393440246582 0.20176659524440765 0.9700371623039246 0.1353444904088974 0.3074219822883606 -0.31230345368385315 -0.06725504994392395 0.9475986957550049 -0.47146210074424744
1305031457.69157 0.9270403385162354 -0.24070625007152557 0.28750085830688477 -1.3602756261825562 0.20596618950366974 0.9676087498664856 0.1459839940071106 0.3018207550048828 -0.3133276402950287 -0.07611759752035141 0.9465895891189575 -0.47507554292678833
1305031457.727669 0.9268094301223755 -0.2404842972755432 0.288429319858551 -1.3709999322891235 0.20275314152240753 0.9669334888458252 0.1546957641839981 0.28336215019226074 -0.3160938620567322 -0.08489355444908142 0.9449220895767212 -0.4776548147201538
1305031457.759556 0.9258060455322266 -0.23628468811511993 0.2950470447540283 -1.3863099813461304 0.19913528859615326 0.9683276414871216 0.150621235370636 0.272002249956131 -0.32129162549972534 -0.08069177716970444 0.9435361623764038 -0.48146623373031616
1305031457.791567 0.9240915179252625 -0.23355700075626373 0.3024998903274536 -1.3927266597747803 0.19824543595314026 0.9696570634841919 0.14305229485034943 0.2521049976348877 -0.32673195004463196 -0.07222415506839752 0.942353367805481 -0.48570165038108826
1305031457.827699 0.9181243777275085 -0.23009896278381348 0.3226487338542938 -1.4101371765136719 0.2010313868522644 0.9720606803894043 0.12117934226989746 0.2548004388809204 -0.34151726961135864 -0.04639517515897751 0.9387296438217163 -0.4930573105812073
1305031457.859623 0.9124422669410706 -0.23059646785259247 0.33804503083229065 -1.422703504562378 0.2010062336921692 0.9721390604972839 0.12059122323989868 0.24431395530700684 -0.35643458366394043 -0.04208337888121605 0.9333720803260803 -0.4966607689857483
1305031457.891593 0.9056705236434937 -0.22839806973934174 0.357204794883728 -1.4408684968948364 0.2016570121049881 0.9731521010398865 0.11094826459884644 0.2250719666481018 -0.37295496463775635 -0.028449710458517075 0.9274132251739502 -0.49543842673301697
1305031457.927633 0.8991824984550476 -0.22787699103355408 0.37355440855026245 -1.4630199670791626 0.2111087292432785 0.9736883640289307 0.08581323176622391 0.22254416346549988 -0.3832804262638092 0.0016988435527309775 0.9236304759979248 -0.49475640058517456
1305031457.991644 0.8953117728233337 -0.231376051902771 0.38063350319862366 -1.4879459142684937 0.22283488512039185 0.9725483059883118 0.0670400857925415 0.2058660089969635 -0.3856959640979767 0.02479664608836174 0.9222926497459412 -0.49297481775283813
1305031458.027845 0.8915231823921204 -0.22899942100048065 0.3908269703388214 -1.4993866682052612 0.22732014954090118 0.9724699854850769 0.05126029998064041 0.19597545266151428 -0.39180606603622437 0.04314310848712921 0.9190357327461243 -0.48813924193382263
1305031458.059689 0.8856673240661621 -0.22947357594966888 0.40365248918533325 -1.516142725944519 0.23601599037647247 0.971145749092102 0.03423900157213211 0.19988279044628143 -0.39986246824264526 0.06494408845901489 0.9142714738845825 -0.4868330955505371
1305031458.09169 0.8796674013137817 -0.23119348287582397 0.4156137704849243 -1.53461754322052 0.23829518258571625 0.9705430269241333 0.03552032634615898 0.19903166592121124 -0.41158315539360046 0.06779270619153976 0.9088473320007324 -0.47602009773254395
1305031458.127605 0.874738335609436 -0.23361334204673767 0.42456766963005066 -1.5486750602722168 0.2386179268360138 0.9701955318450928 0.04221329838037491 0.18764230608940125 -0.42177534103393555 0.064383864402771 0.9044116139411926 -0.4634079933166504
1305031458.159638 0.8714888095855713 -0.23594599962234497 0.42992642521858215 -1.5617419481277466 0.2414623349905014 0.9694749712944031 0.04259344935417175 0.17791205644607544 -0.42685267329216003 0.0666913092136383 0.9018588066101074 -0.45069628953933716
1305031458.191646 0.867847204208374 -0.24215607345104218 0.4338219165802002 -1.581099271774292 0.2498260885477066 0.9674535989761353 0.040255770087242126 0.18152210116386414 -0.42945072054862976 0.07344416528940201 0.9000989198684692 -0.43702763319015503
1305031458.227611 0.8671478629112244 -0.24655817449092865 0.43273961544036865 -1.6011695861816406 0.24851132929325104 0.9671737551689148 0.053076937794685364 0.17835068702697754 -0.43162092566490173 0.06151513755321503 0.8999552130699158 -0.417232871055603
1305031458.259934 0.8690347075462341 -0.2483685165643692 0.42789220809936523 -1.611238718032837 0.24206362664699554 0.9677255153656006 0.07008976489305496 0.14208495616912842 -0.43149030208587646 0.04266669601202011 0.9011080265045166 -0.40178412199020386
1305031458.291664 0.8699632883071899 -0.2411014288663864 0.4301556348800659 -1.6339839696884155 0.24469609558582306 0.9684153199195862 0.04791213572025299 0.1435750275850296 -0.4281209707260132 0.0635756105184555 0.9014824628829956 -0.38232094049453735
1305031458.327628 0.8725383281707764 -0.244588702917099 0.4229104518890381 -1.6465277671813965 0.24921774864196777 0.9673871397972107 0.04530506581068039 0.13687923550605774 -0.4201992452144623 0.0658663734793663 0.9050382971763611 -0.3650550842285156
1305031458.35959 0.8748638033866882 -0.24646244943141937 0.4169769287109375 -1.6512911319732666 0.2542594075202942 0.9663992524147034 0.037745069712400436 0.11448545753955841 -0.4122689664363861 0.07299849390983582 0.9081330299377441 -0.34582090377807617
1305031458.391626 0.8745953440666199 -0.24488352239131927 0.4184674322605133 -1.6632132530212402 0.2645178437232971 0.9643126726150513 0.011466022580862045 0.11813241243362427 -0.4063412547111511 0.10066397488117218 0.9081594347953796 -0.32935404777526855
1305031458.427598 0.8709682822227478 -0.2568773627281189 0.4188416004180908 -1.6660994291305542 0.28477898240089417 0.9585837125778198 -0.004285749047994614 0.11922822147607803 -0.4003937542438507 0.12301003932952881 0.9080492258071899 -0.3172508478164673
1305031458.459637 0.8640238642692566 -0.265400767326355 0.4278145134449005 -1.6615869998931885 0.3024967312812805 0.9529457092285156 -0.01975604146718979 0.10909205675125122 -0.4024406671524048 0.1464821696281433 0.90365070104599 -0.3074513077735901
1305031458.491696 0.8576861619949341 -0.25231796503067017 0.44800686836242676 -1.6558194160461426 0.305508017539978 0.9509111642837524 -0.049325209110975266 0.09306114912033081 -0.41356906294822693 0.1791752129793167 0.8926684856414795 -0.29053598642349243
1305031458.527737 0.8453283905982971 -0.23144838213920593 0.4815096855163574 -1.6819214820861816 0.3109690845012665 0.9460344910621643 -0.09119826555252075 0.1153145357966423 -0.43441706895828247 0.22682714462280273 0.8716830015182495 -0.27465224266052246
1305031458.559628 0.8412213921546936 -0.21834421157836914 0.4946437478065491 -1.6762335300445557 0.3093024492263794 0.9446945190429688 -0.10901428759098053 0.1282806396484375 -0.4434845745563507 0.244699627161026 0.8622318506240845 -0.2512235641479492
1305031458.591641 0.8365424871444702 -0.1982954889535904 0.5107599496841431 -1.6848475933074951 0.30187511444091797 0.9447654485702515 -0.12763053178787231 0.13033334910869598 -0.4572398066520691 0.26095399260520935 0.8501969575881958 -0.22363722324371338
1305031458.627659 0.8378044962882996 -0.18264733254909515 0.5145130157470703 -1.6963226795196533 0.29642415046691895 0.943562388420105 -0.1477247029542923 0.16196571290493011 -0.4584936797618866 0.2762784957885742 0.8446620106697083 -0.19611984491348267
1305031458.659623 0.8395301699638367 -0.1885949820280075 0.5095303058624268 -1.7048935890197754 0.2940863370895386 0.9462969899177551 -0.13429521024227142 0.15939775109291077 -0.45683959126472473 0.26259076595306396 0.8499080538749695 -0.17495965957641602
1305031458.691674 0.8559480905532837 -0.17851929366588593 0.48526662588119507 -1.7165484428405762 0.27253517508506775 0.9533215165138245 -0.13001024723052979 0.16143834590911865 -0.43940579891204834 0.24353426694869995 0.8646466135978699 -0.15773802995681763
1305031458.72765 0.872643768787384 -0.17266741394996643 0.4568138122558594 -1.7064664363861084 0.2570968568325043 0.9577199220657349 -0.1291269063949585 0.15042974054813385 -0.41520366072654724 0.23012717068195343 0.8801406025886536 -0.13367730379104614
1305031458.759945 0.891323983669281 -0.14598315954208374 0.4292207956314087 -1.7084236145019531 0.2314375787973404 0.9606004953384399 -0.1538936048746109 0.16306479275226593 -0.38984379172325134 0.236506849527359 0.8899924159049988 -0.1205514669418335
1305031458.791632 0.9083433747291565 -0.13222180306911469 0.39677414298057556 -1.7000446319580078 0.21304690837860107 0.9626764059066772 -0.16692857444286346 0.1808110922574997 -0.3598935604095459 0.23615996539592743 0.902610182762146 -0.09764993190765381
1305031458.827564 0.916466474533081 -0.13479827344417572 0.37672096490859985 -1.6905955076217651 0.2070673257112503 0.9654363989830017 -0.15828990936279297 0.18070535361766815 -0.3423629105091095 0.22307395935058594 0.9127024412155151 -0.0831449031829834
1305031458.891665 0.9238114953041077 -0.11617287248373032 0.36479616165161133 -1.6791108846664429 0.18945243954658508 0.9667240977287292 -0.17190757393836975 0.1723192036151886 -0.33268624544143677 0.22792164981365204 0.9150801301002502 -0.06953674554824829
1305031458.927621 0.9178071618080139 -0.12234670668840408 0.3777053654193878 -1.6863903999328613 0.19882500171661377 0.9650855660438538 -0.17052441835403442 0.18076957762241364 -0.34365490078926086 0.23160579800605774 0.9100879430770874 -0.05983304977416992
1305031458.959617 0.9064167141914368 -0.15232793986797333 0.393960565328598 -1.6942522525787354 0.22569501399993896 0.9630586504936218 -0.1469004899263382 0.1696024239063263 -0.35703009366989136 0.2220679521560669 0.9073121547698975 -0.04887819290161133
1305031458.991647 0.8998836874961853 -0.16093482077121735 0.40535083413124084 -1.703101634979248 0.23387664556503296 0.9625588059425354 -0.13704811036586761 0.14106465876102448 -0.3681182265281677 0.21812938153743744 0.9038299322128296 -0.034720420837402344
1305031459.027665 0.8986767530441284 -0.1519293636083603 0.4114578068256378 -1.7271767854690552 0.23358012735843658 0.9597784280776978 -0.15577417612075806 0.1330215185880661 -0.3712416887283325 0.2360989898443222 0.8980183005332947 -0.020457148551940918
