1305031102.175304 1.0 0.0 0.0 0.0 0.0 1.0 0.0 0.0 0.0 0.0 1.0 0.0
1305031102.211214 0.9999762773513794 0.0034266668371856213 -0.005978386849164963 -0.0016016707522794604 -0.003403470618650317 0.9999866485595703 0.003885856596753001 0.00803335104137659 0.005991622805595398 -0.003865417093038559 0.9999746084213257 0.010883879847824574
1305031102.275326 0.9998503923416138 0.0027317546773701906 -0.017079902812838554 -0.0035567714367061853 -0.002279228065162897 0.999647319316864 0.026458242908120155 0.008530217222869396 0.01714615523815155 -0.026415355503559113 0.9995039701461792 0.03518961742520332
1305031102.311267 0.9997360706329346 0.0007636108784936368 -0.022960564121603966 -0.0014361198991537094 7.567478314740583e-05 0.9993325471878052 0.03653028607368469 0.006465900223702192 0.022973133251070976 -0.036522384732961655 0.9990687370300293 0.0487881638109684
1305031102.343233 0.9996656179428101 -0.002985109807923436 -0.02568500116467476 -0.0028026122599840164 0.004014850594103336 0.9991862773895264 0.040133435279130936 0.0074792783707380295 0.025544296950101852 -0.0402231365442276 0.9988641738891602 0.06009703502058983
1305031102.375329 0.999561607837677 -0.0027407952584326267 -0.02947966754436493 -0.0034881243482232094 0.004042763262987137 0.999014675617218 0.04419643059372902 0.008169667795300484 0.029329488053917885 -0.04429623484611511 0.9985877871513367 0.07237432152032852
1305031102.411258 0.9994509220123291 -0.0008523399592377245 -0.03312339261174202 -0.006985130719840527 0.0023676357232034206 0.9989508390426636 0.045734744518995285 0.012915728613734245 0.03304965794086456 -0.045788057148456573 0.998404324054718 0.08315476775169373
1305031102.443271 0.9990720748901367 -0.0014021670212969184 -0.043046850711107254 -0.003820133628323674 0.0037017008289694786 0.9985670447349548 0.053386200219392776 0.019825393334031105 0.042910318821668625 -0.05349601060152054 0.9976456761360168 0.09348171949386597
1305031102.475318 0.9988253712654114 -0.0001983528636628762 -0.048454057425260544 -0.0021206566598266363 0.0035322103649377823 0.9976291656494141 0.06872860342264175 0.018765313550829887 0.0483255460858345 -0.06881900876760483 0.9964579939842224 0.10560564696788788
1305031102.511219 0.9989221692085266 0.0029931478202342987 -0.0463188961148262 -0.0014544129371643066 0.000596758327446878 0.9970079660415649 0.07729689031839371 0.020445246249437332 0.0464116707444191 -0.07724122703075409 0.9959315657615662 0.11881370097398758
1305031102.575286 0.9991047382354736 0.009509970434010029 -0.04122123494744301 -0.001198423095047474 -0.005626840051263571 0.995620846748352 0.09331411123275757 0.014557388611137867 0.04192814230918884 -0.09299862384796143 0.9947829842567444 0.1441459357738495
1305031102.611233 0.9994041323661804 0.008023236878216267 -0.033568352460861206 -0.004056663252413273 -0.00500298198312521 0.9960094094276428 0.08910836279392242 0.0120780561119318 0.03414933383464813 -0.0888873040676117 0.9954560399055481 0.15601059794425964
1305031102.675285 0.9994469881057739 0.0037066482473164797 -0.03304623067378998 -0.009411669336259365 -0.000908366811927408 0.9964405298233032 0.08429381251335144 0.022924363613128662 0.03324105218052864 -0.08421715348958969 0.9958928227424622 0.17923389375209808
1305031102.711263 0.9994370341300964 0.0016539681237190962 -0.033509016036987305 -0.010035869665443897 0.0012675989419221878 0.9962093830108643 0.08697912842035294 0.022305428981781006 0.03352586179971695 -0.08697263151407242 0.9956464171409607 0.19258207082748413
1305031102.743234 0.9993986487388611 -0.0023764190264046192 -0.03459205850958824 -0.009634219110012054 0.005357599817216396 0.9962509274482727 0.08634553849697113 0.029611017554998398 0.034257177263498306 -0.08647894859313965 0.9956644773483276 0.20419541001319885
1305031102.775472 0.9994787573814392 0.0016335123218595982 -0.03223688155412674 -0.007073831744492054 0.001304689678363502 0.9958580136299133 0.09091320633888245 0.030337223783135414 0.03225186467170715 -0.09090787172317505 0.9953369498252869 0.21756023168563843
1305031102.811232 0.9997068047523499 0.003390328725799918 -0.02397734299302101 -0.009784048423171043 -0.0011617359705269337 0.9957253932952881 0.0923556461930275 0.03396254777908325 0.024187976494431496 -0.09230071306228638 0.9954372644424438 0.22968962788581848
1305031102.84329 0.9997643828392029 0.0038295816630125046 -0.02137000672519207 -0.005496010184288025 -0.001776767778210342 0.9954503178596497 0.09526488184928894 0.03543788194656372 0.02163759618997574 -0.0952044427394867 0.9952226877212524 0.2418600171804428
1305031102.875363 0.9998878836631775 0.008008787408471107 -0.012645397335290909 -0.00955271441489458 -0.006794252432882786 0.9956122636795044 0.09332706779241562 0.03802640363574028 0.013337339274585247 -0.093230701982975 0.9955552220344543 0.2535332441329956
1305031102.911185 0.9999006986618042 0.010346908122301102 -0.009559803642332554 -0.010193328373134136 -0.009432029910385609 0.99578458070755 0.09123602509498596 0.04231993108987808 0.010463504120707512 -0.09113682061433792 0.9957833886146545 0.26535987854003906
1305031102.975203 0.9998043179512024 0.014193549752235413 -0.013778436928987503 -0.02494841255247593 -0.012881774455308914 0.995765209197998 0.09102563560009003 0.04866412654519081 0.01501205563545227 -0.09083031862974167 0.9957532286643982 0.28627341985702515
1305031103.011215 0.999558687210083 0.00944279134273529 -0.028162531554698944 -0.023783527314662933 -0.006788166705518961 0.995651364326477 0.09290919452905655 0.051823534071445465 0.028917375952005386 -0.0926770269870758 0.9952762126922607 0.2972349226474762
1305031103.043227 0.9991950392723083 0.005020000506192446 -0.039797671139240265 -0.02442094497382641 -0.0011591902002692223 0.9953374266624451 0.09644630551338196 0.054700903594493866 0.04009626433253288 -0.09632252156734467 0.9945423007011414 0.30859285593032837
1305031103.075319 0.9988291263580322 0.001309086917899549 -0.0483582504093647 -0.02016112580895424 0.003404381684958935 0.9952532052993774 0.09725888818502426 0.05405106022953987 0.04825601726770401 -0.09730963408946991 0.9940835237503052 0.3200325071811676
1305031103.11124 0.9988780617713928 -0.0015355125069618225 -0.04733128845691681 -0.020937884226441383 0.005886775441467762 0.9957479238510132 0.09193047881126404 0.06177499145269394 0.046988870948553085 -0.09210596233606339 0.9946398138999939 0.32701677083969116
1305031103.143318 0.9987393617630005 -0.00506427139043808 -0.04994029551744461 -0.018548406660556793 0.009837071411311626 0.9953526854515076 0.09579306095838547 0.0629829540848732 0.04922309145331383 -0.09616357088088989 0.9941477179527283 0.3360472321510315
1305031103.175452 0.9988994598388672 -0.006214804481714964 -0.04648876190185547 -0.019373659044504166 0.010630507953464985 0.995387077331543 0.09534933418035507 0.0684857964515686 0.04568174108862877 -0.09573859721422195 0.9943578243255615 0.34331759810447693
1305031103.243216 0.9987538456916809 -0.015588605776429176 -0.047409363090991974 -0.0203203484416008 0.02100258134305477 0.993034839630127 0.11593449860811234 0.07826174050569534 0.045271895825862885 -0.11678574979305267 0.9921247959136963 0.35898497700691223
1305031103.27537 0.998555600643158 -0.02236386388540268 -0.048851337283849716 -0.02684667333960533 0.02876061014831066 0.9905042052268982 0.13443990051746368 0.07904095947742462 0.04538086801767349 -0.13565072417259216 0.9897168874740601 0.36447831988334656
1305031103.31121 0.9974677562713623 -0.019938547164201736 -0.06826788187026978 -0.02603912726044655 0.03003317303955555 0.9881992936134338 0.15020042657852173 0.073519267141819 0.06446749716997147 -0.15187038481235504 0.986295759677887 0.37077924609184265
1305031103.343223 0.9966025352478027 -0.018965665251016617 -0.08014807850122452 -0.01957281306385994 0.03087811917066574 0.9881858825683594 0.15011724829673767 0.07581678777933121 0.07635413855314255 -0.15208205580711365 0.9854141473770142 0.3727693259716034
1305031103.375327 0.9966598749160767 -0.022579994052648544 -0.07848060876131058 -0.017926383763551712 0.03480105474591255 0.986820638179779 0.15803152322769165 0.07431454211473465 0.07387793064117432 -0.16023492813110352 0.9843102693557739 0.3733866214752197
1305031103.41126 0.996685266494751 -0.024954237043857574 -0.07743306457996368 -0.018653791397809982 0.03734000772237778 0.985937774181366 0.16288787126541138 0.07012929022312164 0.07227946072816849 -0.16523930430412292 0.9836013913154602 0.3731743097305298
1305031103.44328 0.9965144991874695 -0.023951563984155655 -0.07990750670433044 -0.020942464470863342 0.03678105026483536 0.9859116673469543 0.16317269206047058 0.06781800836324692 0.07487349212169647 -0.16554304957389832 0.9833562970161438 0.3687201142311096
1305031103.475274 0.9962152242660522 -0.018697381019592285 -0.08488614112138748 -0.020560380071401596 0.032466430217027664 0.9859503507614136 0.16385319828987122 0.0636277049779892 0.08062988519668579 -0.1659890115261078 0.982825756072998 0.36450833082199097
1305031103.511333 0.9959573745727539 -0.014857163652777672 -0.08858950436115265 -0.01909012347459793 0.029083354398608208 0.9864387512207031 0.1615327000617981 0.057493068277835846 0.08498818427324295 -0.16345617175102234 0.982883095741272 0.35793617367744446
1305031103.543444 0.9957882761955261 -0.011140093207359314 -0.09100369364023209 -0.018389973789453506 0.025080909952521324 0.9878274202346802 0.1535189300775528 0.052986256778240204 0.08818571269512177 -0.15515483915805817 0.9839462637901306 0.3499206602573395
1305031103.575474 0.9957103729248047 -0.011312296614050865 -0.09183034300804138 -0.02066822350025177 0.024518191814422607 0.9892763495445251 0.14398322999477386 0.05104927718639374 0.08921679854393005 -0.14561711251735687 0.9853101372718811 0.3399659991264343
1305031103.611223 0.9950729012489319 -0.013940012082457542 -0.09816084057092667 -0.02124938741326332 0.027726493775844574 0.9896895289421082 0.14052040874958038 0.04544735327363014 0.0951898992061615 -0.14254970848560333 0.9851996898651123 0.3296738564968109
1305031103.643445 0.9943112730979919 -0.013273338787257671 -0.10568345338106155 -0.021013792604207993 0.027549609541893005 0.9904902577400208 0.1347966194152832 0.04134286567568779 0.10288923233747482 -0.1369413584470749 0.9852211475372314 0.3186519742012024
1305031103.675523 0.9934215545654297 -0.015599951148033142 -0.11344711482524872 -0.01673889346420765 0.030335504561662674 0.9911350011825562 0.12934912741184235 0.03803782910108566 0.11042356491088867 -0.13193967938423157 0.985088050365448 0.3077961504459381
1305031103.71161 0.9932078719139099 -0.015732336789369583 -0.11528506875038147 -0.015163484960794449 0.030128372833132744 0.9917975664138794 0.12421771883964539 0.03473836928606033 0.11238520592451096 -0.12684735655784607 0.9855349659919739 0.2952331006526947
1305031103.743326 0.9931191205978394 -0.014575231820344925 -0.11619773507118225 -0.012048378586769104 0.028874846175312996 0.9920671582221985 0.12234795093536377 0.026552878320217133 0.1134926974773407 -0.12486128509044647 0.9856617450714111 0.2828174829483032
1305031103.775342 0.9933973550796509 -0.00833117961883545 -0.11442112922668457 -0.011738192290067673 0.021547164767980576 0.9931598901748657 0.11475768685340881 0.025150945410132408 0.11268240213394165 -0.11646545678377151 0.9867818355560303 0.2680233418941498
1305031103.811242 0.9939610958099365 -0.0008371598087251186 -0.10972926020622253 -0.013629524037241936 0.013394515961408615 0.9934186935424805 0.11375250667333603 0.02540726214647293 0.10891187936067581 -0.11453534662723541 0.9874309301376343 0.25574779510498047
1305031103.843251 0.994203507900238 0.004450017586350441 -0.10742276161909103 -0.01613209769129753 0.008569061756134033 0.9926849603652954 0.12042936682701111 0.02453204058110714 0.10717286914587021 -0.12065179646015167 0.9868927001953125 0.24412594735622406
1305031103.875361 0.9936668276786804 0.01285900454968214 -0.11162811517715454 -0.017842326313257217 0.0024482659064233303 0.9907169342041016 0.13591913878917694 0.014149708673357964 0.11233965307474136 -0.13533161580562592 0.9844111204147339 0.23194031417369843
1305031103.911221 0.9927304983139038 0.01649639755487442 -0.119223453104496 -0.016417404636740685 -8.664373308420181e-05 0.9906604886054993 0.13635168969631195 0.006031051278114319 0.12035928666591644 -0.13535010814666748 0.9834601879119873 0.21821735799312592
1305031103.943211 0.991914689540863 0.017200179398059845 -0.1257351040840149 -0.013936098664999008 -0.0008475705981254578 0.9916483163833618 0.12896806001663208 0.0056484155356884 0.12690328061580658 -0.127818763256073 0.9836452603340149 0.20008286833763123
1305031103.975373 0.9911283254623413 0.019670849665999413 -0.13144434988498688 -0.009878506883978844 -0.002983683720231056 0.992030680179596 0.1259610801935196 0.0001804996281862259 0.13287459313869476 -0.12445142865180969 0.9832884073257446 0.18732920289039612
1305031104.011232 0.9908413887023926 0.020747985690832138 -0.1334272027015686 -0.005021523684263229 -0.004231157712638378 0.9924101829528809 0.12289928644895554 -0.009334893897175789 0.13496442139148712 -0.12120914459228516 0.9834089279174805 0.17717084288597107
1305031104.043249 0.9914813041687012 0.022326523438096046 -0.1283213496208191 -0.0009292569011449814 -0.008152980357408524 0.9939053654670715 0.10993437469005585 -0.013362107798457146 0.129993736743927 -0.10795167088508606 0.9856205582618713 0.162106454372406
1305031104.075425 0.992540717124939 0.026175307109951973 -0.1190711259841919 0.001272536814212799 -0.014225098304450512 0.9948731064796448 0.10012602806091309 -0.01219448447227478 0.12108149379491806 -0.09768536686897278 0.9878242611885071 0.1461990773677826
1305031104.111235 0.9934354424476624 0.02975320816040039 -0.11045724153518677 0.005720984190702438 -0.019176026806235313 0.9952337145805359 0.0956140086054802 -0.017861995846033096 0.11277559399604797 -0.09286819398403168 0.9892709851264954 0.1345844864845276
1305031104.14323 0.9947763681411743 0.03143290430307388 -0.09711837768554688 0.0034503107890486717 -0.023010537028312683 0.9959723949432373 0.08665678650140762 -0.02275363728404045 0.09945111721754074 -0.0839693695306778 0.9914931058883667 0.11955614387989044
1305031104.175424 0.995465099811554 0.032258763909339905 -0.08949171006679535 0.0020508747547864914 -0.025308644399046898 0.9966524839401245 0.07773807644844055 -0.02443329244852066 0.09169989824295044 -0.07512059807777405 0.9929491877555847 0.10513076186180115
1305031104.211283 0.995930016040802 0.03220835328102112 -0.08417811989784241 0.0025887321680784225 -0.026269111782312393 0.9971491098403931 0.07073500752449036 -0.02988193742930889 0.08621640503406525 -0.06823582202196121 0.9939369559288025 0.0918550193309784
1305031104.243196 0.996288537979126 0.03153833746910095 -0.08009085059165955 0.00359741086140275 -0.026686079800128937 0.9977839589118958 0.06094855070114136 -0.03156033530831337 0.08183557540178299 -0.058585021644830704 0.9949224591255188 0.07845345884561539
1305031104.275546 0.996642529964447 0.03268835321068764 -0.07506696879863739 0.004577469080686569 -0.028812704607844353 0.9982236623764038 0.052144430577754974 -0.03390702232718468 0.07663815468549728 -0.049806445837020874 0.9958142638206482 0.0649460032582283
1305031104.311219 0.9970039129257202 0.0321279838681221 -0.07036274671554565 0.007161720655858517 -0.029065122827887535 0.998603105545044 0.04412922263145447 -0.034436844289302826 0.07168219238519669 -0.041951898485422134 0.9965448975563049 0.05482054874300957
1305031104.343342 0.9974529147148132 0.0323328822851181 -0.06357978284358978 0.009565089829266071 -0.030028793960809708 0.9988689422607422 0.036867186427116394 -0.03412039950489998 0.06469986587762833 -0.03486405685544014 0.9972954988479614 0.04376058652997017
1305031104.375837 0.9980271458625793 0.0312642902135849 -0.0544467568397522 0.010494556277990341 -0.029478542506694794 0.9990107417106628 0.03329813480377197 -0.035214364528656006 0.05543391406536102 -0.03162742406129837 0.9979613423347473 0.03298681229352951
1305031104.411509 0.9985268712043762 0.030133327469229698 -0.04512297362089157 0.0072130258195102215 -0.028795702382922173 0.9991349577903748 0.0300062857568264 -0.03568967059254646 0.045988112688064575 -0.028662730008363724 0.9985306262969971 0.021929804235696793
1305031104.443288 0.9987944960594177 0.02900296449661255 -0.03960329294204712 0.0020222312305122614 -0.027908729389309883 0.9992207884788513 0.027908889576792717 -0.03503900766372681 0.040381863713264465 -0.026769956573843956 0.9988256096839905 0.011299909092485905
1305031104.475456 0.9987649917602539 0.027131246402859688 -0.04162317141890526 -0.0006625911919400096 -0.02589910849928856 0.9992185235023499 0.02986140362918377 -0.03758479654788971 0.04240080714225769 -0.028746511787176132 0.9986870288848877 0.0015629789559170604
1305031104.511329 0.998590350151062 0.025823382660746574 -0.04637441784143448 -0.002135188551619649 -0.024542367085814476 0.9993070960044861 0.02798360586166382 -0.039840247482061386 0.0470648929476738 -0.026806015521287918 0.9985320568084717 -0.006759784650057554
1305031104.543368 0.9984426498413086 0.02448429726064205 -0.05012757331132889 -0.0016685742884874344 -0.023439979180693626 0.9994980096817017 0.021316174417734146 -0.04150908812880516 0.0506243072450161 -0.02010798640549183 0.9985153675079346 -0.01581338420510292
1305031104.575343 0.9983583688735962 0.022006072103977203 -0.05288035422563553 0.005719693843275309 -0.021163878962397575 0.9996408820152283 0.016433995217084885 -0.04860921576619148 0.05322302132844925 -0.015287862159311771 0.9984655380249023 -0.024048270657658577
1305031104.611336 0.9986434578895569 0.016573511064052582 -0.04936258867383003 0.015604904852807522 -0.016506679356098175 0.9998621940612793 0.001761261373758316 -0.057623978704214096 0.04938497766852379 -0.0009440593421459198 0.9987793564796448 -0.028186175972223282
1305031104.643243 0.9992930889129639 0.015575585886836052 -0.0342191681265831 0.01681944727897644 -0.01643865555524826 0.9995501041412354 -0.025087015703320503 -0.05425525829195976 0.03381303325295448 0.02563178911805153 0.9990993738174438 -0.041664790362119675
1305031104.675525 0.9996883869171143 0.01435838919132948 -0.020420316606760025 0.020596899092197418 -0.015275166369974613 0.9988488554954529 -0.04547169432044029 -0.06020379811525345 0.019743915647268295 0.045769453048706055 0.9987568259239197 -0.05075324699282646
1305031104.711277 0.9999353885650635 0.010241829790174961 -0.004959546960890293 0.02129245176911354 -0.010563245043158531 0.9975032806396484 -0.06982558220624924 -0.06565036624670029 0.004232022911310196 0.06987343728542328 0.9975470304489136 -0.06311198323965073
1305031104.74328 0.9999380707740784 0.0069933487102389336 0.008657127618789673 0.023339824751019478 -0.006127030588686466 0.9953294992446899 -0.09634087234735489 -0.06431109458208084 -0.009290438145399094 0.09628184884786606 0.9953107237815857 -0.0746552050113678
1305031104.775327 0.9997230172157288 0.003922286443412304 0.02320507913827896 0.02361333556473255 -0.0010963957756757736 0.9927055835723877 -0.12055908143520355 -0.06360141932964325 -0.023508679121732712 0.12050025165081024 0.9924349188804626 -0.0825003981590271
1305031104.811465 0.999434232711792 -0.0001879683113656938 0.03363233804702759 0.029596738517284393 0.005033307708799839 0.9895588755607605 -0.14404155313968658 -0.05834493786096573 -0.03325410559773445 0.14412935078144073 0.9889999628067017 -0.08886440098285675
1305031104.843258 0.9987762570381165 -0.003994309809058905 0.04929658770561218 0.026345953345298767 0.011989431455731392 0.9865572452545166 -0.16297563910484314 -0.05102842301130295 -0.04798293486237526 0.16336721181869507 0.9853978157043457 -0.09592913091182709
1305031104.87535 0.9983355402946472 -0.00851844809949398 0.05703991279006004 0.023153692483901978 0.018494615331292152 0.9840847253799438 -0.17673516273498535 -0.042504310607910156 -0.05462660267949104 0.17749591171741486 0.9826043844223022 -0.10039225220680237
1305031104.911534 0.9981489777565002 -0.011222022585570812 0.05977217108011246 0.02269977517426014 0.021943995729088783 0.9830760955810547 -0.18187850713729858 -0.039452724158763885 -0.05671955645084381 0.18285347521305084 0.9815027117729187 -0.10262434184551239
1305031104.943262 0.9980406165122986 -0.012514953501522541 0.061305806040763855 0.02264266461133957 0.02360367588698864 0.9827081561088562 -0.18365108966827393 -0.03757587820291519 -0.05794733390212059 0.18473830819129944 0.9810779094696045 -0.10194291174411774
1305031104.975202 0.9980689287185669 -0.015177998691797256 0.060232922434806824 0.021297236904501915 0.026019876822829247 0.9826692938804626 -0.1835322082042694 -0.030634285882115364 -0.05640339106321335 0.18474504351615906 0.981166660785675 -0.09813292324542999
1305031105.01129 0.9981539845466614 -0.016149504110217094 0.05854818597435951 0.022321032360196114 0.026175934821367264 0.9842618107795715 -0.17476674914360046 -0.027537770569324493 -0.054804347455501556 0.1759766787290573 0.9828676581382751 -0.09197835624217987
1305031105.043373 0.9982675313949585 -0.013675482012331486 0.05722629651427269 0.021074146032333374 0.02297908067703247 0.9859876036643982 -0.1652284562587738 -0.022723570466041565 -0.05416484177112579 0.16625720262527466 0.9845936894416809 -0.08357060700654984
1305031105.07532 0.9984302520751953 -0.010456482879817486 0.055024489760398865 0.021148864179849625 0.018617717549204826 0.9885150790214539 -0.14997142553329468 -0.024551063776016235 -0.05282435938715935 0.1507604420185089 0.9871580004692078 -0.07457515597343445
1305031105.111299 0.9985353946685791 -0.007222726009786129 0.05361668020486832 0.01795201748609543 0.014582391828298569 0.9903008341789246 -0.1381727159023285 -0.026037421077489853 -0.05209866166114807 0.13875222206115723 0.9889557957649231 -0.061349887400865555
1305031105.143106 0.9988365173339844 -0.00495178671553731 0.047969985753297806 0.014686754904687405 0.011180880479514599 0.9913890361785889 -0.1304716169834137 -0.012958414852619171 -0.0469108521938324 0.13085615634918213 0.9902909398078918 -0.046501461416482925
1305031105.175159 0.9991649985313416 -0.0008418030338361859 0.040848199278116226 0.012998461723327637 0.005193615332245827 0.9942941069602966 -0.10654757916927338 -0.006768549792468548 -0.04052543267607689 0.10667076706886292 0.993468165397644 -0.0330464243888855
1305031105.211268 0.9993147850036621 0.005846274085342884 0.036548715084791183 0.00471123680472374 -0.0029654265381395817 0.9969188570976257 -0.07838481664657593 -0.015769530087709427 -0.036894362419843674 0.07822271436452866 0.9962530136108398 -0.02175302803516388
1305031105.24327 0.9995845556259155 0.008543814532458782 0.027524827048182487 -0.0012288420693948865 -0.006776281166821718 0.9979473352432251 -0.06368104368448257 -0.011450744234025478 -0.02801240049302578 0.06346806138753891 0.9975906610488892 -0.007470809388905764
1305031105.275288 0.9998194575309753 0.010753605514764786 0.01566271483898163 -0.004628253635019064 -0.010086432099342346 0.9990637302398682 -0.042069561779499054 -0.01081040594726801 -0.016100451350212097 0.041903987526893616 0.9989919066429138 0.0021824100986123085
1305031105.31129 0.999914288520813 0.012770559638738632 0.002843607682734728 -0.00968493614345789 -0.012709717266261578 0.9997096061706543 -0.020473847165703773 -0.01329360343515873 -0.0031042431946843863 0.020435946062207222 0.9997863173484802 0.01742573268711567
1305031105.343302 0.9998404383659363 0.013131602667272091 -0.012104339897632599 -0.007973609492182732 -0.013152699917554855 0.9999120831489563 -0.0016650445759296417 -0.017359314486384392 0.01208141352981329 0.0018239691853523254 0.9999253153800964 0.03335011750459671
1305031105.375338 0.999681830406189 0.013635733164846897 -0.02121083252131939 -0.010135002434253693 -0.013512752018868923 0.9998911619186401 0.005930541083216667 -0.018255596980452538 0.021289391443133354 -0.00564204715192318 0.9997574090957642 0.04688077047467232
1305031105.411286 0.9994179606437683 0.014800971373915672 -0.030731216073036194 -0.01156075019389391 -0.014402151107788086 0.9998096823692322 0.013158692046999931 -0.00970641989260912 0.030920131132006645 -0.012708447873592377 0.9994410276412964 0.060188841074705124
1305031105.443316 0.9991674423217773 0.017478276044130325 -0.03686400130391121 -0.015377351082861423 -0.016445284709334373 0.9994688034057617 0.028141047805547714 -0.013160383328795433 0.03733625262975693 -0.027511373162269592 0.9989240765571594 0.07260773330926895
1305031105.47528 0.9988932609558105 0.01747170090675354 -0.043668054044246674 -0.015655791386961937 -0.01593710295855999 0.9992516040802002 0.035246841609478 -0.012288077734410763 0.04425117373466492 -0.03451189398765564 0.9984241724014282 0.08563713729381561
1305031105.511332 0.9986041784286499 0.017708545550704002 -0.049761123955249786 -0.014598493464291096 -0.015528262592852116 0.9989168047904968 0.04386511445045471 -0.009740862995386124 0.05048399791121483 -0.043031178414821625 0.9977973699569702 0.09913528710603714
1305031105.543282 0.9985206127166748 0.015079938806593418 -0.05224105343222618 -0.013911018148064613 -0.012298423796892166 0.9985101819038391 0.0531621016561985 -0.01121286116540432 0.05296489596366882 -0.05244097858667374 0.9972184300422668 0.11464553326368332
1305031105.575449 0.998444676399231 0.015208148397505283 -0.05363743007183075 -0.016202524304389954 -0.012057201936841011 0.9982094764709473 0.058587316423654556 -0.009384581819176674 0.05443239212036133 -0.05784948170185089 0.996840238571167 0.12838907539844513
1305031105.611378 0.9982650279998779 0.01381147000938654 -0.05723680928349495 -0.013806900009512901 -0.010032852180302143 0.9977833032608032 0.06578650325536728 -0.01182956900447607 0.05801853537559509 -0.0650981143116951 0.9961907863616943 0.14318440854549408
1305031105.643273 0.9983770251274109 0.00864468514919281 -0.05628868192434311 -0.01680562272667885 -0.004922431893646717 0.9978119134902954 0.06593378633260727 -0.009365885518491268 0.05673548951745033 -0.06554969400167465 0.9962350726127625 0.15738767385482788
1305031105.711309 0.9983012080192566 0.006436257157474756 -0.05790585279464722 -0.00981171429157257 -0.002370892558246851 0.9975439310073853 0.07000306248664856 -0.009537733159959316 0.058214202523231506 -0.06974682211875916 0.995864748954773 0.18786732852458954
1305031105.743312 0.9987743496894836 0.006497757509350777 -0.04906458780169487 -0.010751109570264816 -0.003394570667296648 0.9980036020278931 0.06306736916303635 -0.0018323957920074463 0.049376435577869415 -0.06282352656126022 0.9968024492263794 0.20011819899082184
1305031105.775339 0.9990697503089905 0.005806110333651304 -0.042730312794446945 -0.006924477405846119 -0.002932536182925105 0.9977482557296753 0.06700699776411057 -0.004031221382319927 0.04302314296364784 -0.06681933999061584 0.9968371391296387 0.2164461314678192
1305031105.811283 0.9995052814483643 0.004880922846496105 -0.031071949750185013 -0.008919973857700825 -0.002935505472123623 0.9980499744415283 0.0623505637049675 -0.0004448946565389633 0.031315695494413376 -0.0622284896671772 0.9975705146789551 0.23019008338451385
1305031105.843271 0.9996945858001709 0.0020119762048125267 -0.0246288925409317 -0.006903044879436493 -0.0005425664130598307 0.9982268214225769 0.05952402204275131 0.001657889224588871 0.024704985320568085 -0.05949246510863304 0.997922956943512 0.24433059990406036
1305031105.875337 0.9998584985733032 -0.0024889884516596794 -0.016636379063129425 -0.004103223793208599 0.0033937692642211914 0.9985035061836243 0.0545806884765625 0.01001686044037342 0.01647561974823475 -0.05462942644953728 0.9983708262443542 0.2556452453136444
1305031105.911262 0.9998640418052673 -0.01310503575950861 -0.010005439631640911 -0.002913788892328739 0.013688728213310242 0.9980628490447998 0.060688480734825134 0.01296856440603733 0.009190733544528484 -0.06081719696521759 0.9981065988540649 0.2701473534107208
1305031105.943272 0.9998391270637512 -0.017635170370340347 -0.0032863649539649487 -0.0030942363664507866 0.017811628058552742 0.997724175453186 0.06503433734178543 0.01810017228126526 0.002131993882358074 -0.06508240103721619 0.9978776574134827 0.2824978232383728
1305031105.975329 0.9997745156288147 -0.021232927218079567 -7.185153663158417e-05 -0.0024371251929551363 0.021182335913181305 0.9971473217010498 0.07244595885276794 0.02347661182284355 -0.0014665937051177025 -0.07243114709854126 0.9973723292350769 0.29568758606910706
1305031106.011285 0.9996891021728516 -0.02457801066339016 0.004195652902126312 -0.001831383677199483 0.024162406101822853 0.9964824914932251 0.08024169504642487 0.027930444106459618 -0.006153076887130737 -0.08011537045240402 0.9967665672302246 0.3081957995891571
1305031106.043355 0.9995978474617004 -0.026754096150398254 0.009398385882377625 -0.003669326426461339 0.02580740675330162 0.9956554770469666 0.08946602046489716 0.031099863350391388 -0.011751136742532253 -0.08918748795986176 0.9959455728530884 0.32005488872528076
1305031106.07533 0.9994858503341675 -0.030304716899991035 0.010464539751410484 -0.004448044113814831 0.02915700152516365 0.9949166774749756 0.09638854116201401 0.03565416857600212 -0.013332374393939972 -0.09603387117385864 0.9952886700630188 0.3317966163158417
1305031106.111327 0.9994141459465027 -0.031885821372270584 0.012432684190571308 -0.007877797819674015 0.03046259470283985 0.9943715333938599 0.10147543251514435 0.045026712119579315 -0.015598336234688759 -0.10103724896907806 0.9947603344917297 0.3426297605037689
1305031106.143355 0.9992928504943848 -0.036781925708055496 0.007804115302860737 -0.008106812834739685 0.03560253605246544 0.9923436641693115 0.11826469004154205 0.04449639469385147 -0.012094368226826191 -0.1179032027721405 0.9929515719413757 0.35231250524520874
1305031106.175534 0.9992525577545166 -0.038312241435050964 0.005151035729795694 -0.009617296978831291 0.037355370819568634 0.99128258228302 0.1263463795185089 0.04634971171617508 -0.009946743957698345 -0.12605951726436615 0.9919728636741638 0.36208871006965637
1305031106.211275 0.9991996884346008 -0.03997364640235901 0.0013902867212891579 -0.009959758259356022 0.03941703960299492 0.9899981021881104 0.13546264171600342 0.044960733503103256 -0.006791316904127598 -0.1352994590997696 0.9907815456390381 0.3719225823879242
1305031106.243267 0.9989467263221741 -0.04588537663221359 -8.158199489116669e-05 -0.012327746488153934 0.04548872634768486 0.9900751113891602 0.1329740434885025 0.049601033329963684 -0.006020792759954929 -0.1328376978635788 0.9911195635795593 0.37966710329055786
1305031106.276385 0.9988570213317871 -0.04768753796815872 -0.0032356870360672474 -0.01355636864900589 0.04769471287727356 0.9899988174438477 0.13276822865009308 0.05603930726647377 -0.0031280647963285446 -0.132770836353302 0.9911418557167053 0.3855457603931427
1305031106.311238 0.9984768033027649 -0.05475394055247307 -0.006781506817787886 -0.013561260886490345 0.055163539946079254 0.9885587692260742 0.1403874307870865 0.05889546498656273 -0.0009828461334109306 -0.14054769277572632 0.9900734424591064 0.39109089970588684
1305031106.343258 0.9984962344169617 -0.054181721061468124 -0.008345773443579674 -0.015393638052046299 0.054819829761981964 0.9877048134803772 0.14640352129936218 0.0665171667933464 0.00031076371669769287 -0.14664089679718018 0.9891897439956665 0.3945392668247223
1305031106.375388 0.9991492629051208 -0.039640188217163086 -0.011371420696377754 -0.010638628154993057 0.040973640978336334 0.9854636192321777 0.1648714244365692 0.06717151403427124 0.004670586436986923 -0.16519710421562195 0.986249566078186 0.3960210978984833
1305031106.41132 0.9995861649513245 -0.02874789573252201 -0.00106818787753582 -0.00920496229082346 0.02846386656165123 0.9829631447792053 0.18158599734306335 0.06037622317671776 -0.004170228261500597 -0.18154126405715942 0.9833745360374451 0.3987062871456146
1305031106.443278 0.9997139573097229 -0.021085243672132492 0.011293262243270874 -0.014412983320653439 0.018625743687152863 0.9824644923210144 0.18551698327064514 0.056137461215257645 -0.015006900765001774 -0.1852535605430603 0.9825761914253235 0.39725202322006226
1305031106.475345 0.9997726082801819 -0.01762695610523224 0.012002709321677685 -0.017488135024905205 0.015102987177670002 0.9826152920722961 0.18503835797309875 0.05431032180786133 -0.015055710449814796 -0.18481500446796417 0.9826580286026001 0.3941318094730377
1305031106.511129 0.9998264908790588 -0.018467601388692856 0.002414828399196267 -0.016138695180416107 0.017699740827083588 0.9825003743171692 0.18541759252548218 0.04764803871512413 -0.005796785466372967 -0.1853426992893219 0.9826568365097046 0.3876614272594452
1305031106.543302 0.9998522996902466 -0.015964051708579063 -0.006365957669913769 -0.014848649501800537 0.01684669591486454 0.9836632609367371 0.1792282611131668 0.044800326228141785 0.0034007499925792217 -0.17930902540683746 0.9837868809700012 0.3780539333820343
1305031106.575282 0.999849796295166 -0.01384696364402771 -0.010415852069854736 -0.014147985726594925 0.015434005297720432 0.984948992729187 0.1721547245979309 0.04317108541727066 0.007875261828303337 -0.1722896844148636 0.985014796257019 0.36775898933410645
1305031106.611151 0.9998451471328735 -0.007094966247677803 -0.01610315777361393 -0.015081573277711868 0.009729942306876183 0.9854012727737427 0.16996978223323822 0.04273718595504761 0.014662140980362892 -0.1701001524925232 0.9853177070617676 0.35641953349113464
1305031106.643207 0.9997624754905701 -0.001824299106374383 -0.02171524241566658 -0.014373622834682465 0.00553370313718915 0.9850789904594421 0.17201347649097443 0.035785794258117676 0.02107742801308632 -0.17209279537200928 0.9848552346229553 0.3454083204269409
1305031106.675279 0.9997255802154541 -0.001087420852854848 -0.02339869923889637 -0.019518712535500526 0.004943233449012041 0.9862191081047058 0.16536998748779297 0.03565310686826706 0.0228964164853096 -0.16544027626514435 0.9859539270401001 0.3322533071041107
1305031106.711508 0.9993903040885925 0.0012504099868237972 -0.03489173203706741 -0.020241880789399147 0.004703975282609463 0.9854243397712708 0.17004862427711487 0.0306367427110672 0.0345957949757576 -0.1701090931892395 0.9848178029060364 0.31975260376930237
1305031106.743341 0.9988243579864502 0.000726092723198235 -0.048470355570316315 -0.019891204312443733 0.007430677302181721 0.9857776761054993 0.16789042949676514 0.026445765048265457 0.047902897000312805 -0.16805323958396912 0.984613299369812 0.3048335909843445
1305031106.77539 0.9981005191802979 0.002037573838606477 -0.06157245114445686 -0.01795106753706932 0.008196309208869934 0.9861758947372437 0.1654984951019287 0.023470701649785042 0.061058491468429565 -0.16568881273269653 0.9842861294746399 0.2889835834503174
1305031106.811289 0.9977542161941528 0.004255019593983889 -0.06684544682502747 -0.01942618377506733 0.006786673795431852 0.9864219427108765 0.16409015655517578 0.02320173941552639 0.06663601845502853 -0.16417530179023743 0.9841779470443726 0.2739563584327698
1305031106.843416 0.9970685243606567 0.007781823631376028 -0.07611531019210815 -0.017624380066990852 0.0052218311466276646 0.9855737686157227 0.16916552186012268 0.013466790318489075 0.0763336643576622 -0.1690671145915985 0.9826441407203674 0.2608703374862671
1305031106.875905 0.9966172575950623 0.015064436942338943 -0.08078919351100922 -0.015529471449553967 -0.002079177647829056 0.9873629808425903 0.1584608554840088 0.008555751293897629 0.08215538412332535 -0.15775686502456665 0.9840546250343323 0.24311348795890808
1305031106.911243 0.9965644478797913 0.022068733349442482 -0.0798264592885971 -0.014173937030136585 -0.010069257579743862 0.9889800548553467 0.14770632982254028 0.010507820174098015 0.08220646530389786 -0.14639508724212646 0.985804557800293 0.2226862609386444
1305031106.943439 0.9966434240341187 0.03194340690970421 -0.07537643611431122 -0.015625599771738052 -0.020468391478061676 0.9887205362319946 0.14836753904819489 0.0022146478295326233 0.07926559448242188 -0.1463266760110855 0.9860554933547974 0.21039003133773804
1305031106.975547 0.996762216091156 0.03691847622394562 -0.07142806798219681 -0.014068280346691608 -0.026640918105840683 0.9898168444633484 0.13983118534088135 -0.006876606494188309 0.07586304843425751 -0.13747552037239075 0.9875956773757935 0.19321773946285248
1305031107.011576 0.9969536066055298 0.04387759044766426 -0.06448328495025635 -0.015561999753117561 -0.03578516095876694 0.9919227957725525 0.12169108539819717 -0.001527426764369011 0.06930194795131683 -0.11901281028985977 0.9904712438583374 0.17187729477882385
1305031107.043281 0.9970542192459106 0.04868169128894806 -0.05926990881562233 -0.015958942472934723 -0.041007161140441895 0.9913791418075562 0.12444181740283966 -0.008833339437842369 0.06481698900461197 -0.12164472788572311 0.990455150604248 0.1569506973028183
1305031107.075432 0.997238278388977 0.04970305785536766 -0.055185988545417786 -0.019325366243720055 -0.04295676574110985 0.9921625852584839 0.11733745038509369 -0.01617523469030857 0.06058550253510475 -0.11464276909828186 0.9915575385093689 0.1410643458366394
1305031107.111229 0.9970253109931946 0.049994438886642456 -0.058660365641117096 -0.016921207308769226 -0.04357539862394333 0.9934088587760925 0.10601946711540222 -0.015487885102629662 0.06357410550117493 -0.10314793884754181 0.9926323294639587 0.12451135367155075
1305031107.14326 0.9970305562019348 0.05012371763586998 -0.05846047401428223 -0.013667205348610878 -0.04403641074895859 0.9938980340957642 0.10113173723220825 -0.014887234196066856 0.0631728321313858 -0.09825704991817474 0.9931538701057434 0.10919326543807983
1305031107.175399 0.9970628023147583 0.051876913756132126 -0.05634389817714691 -0.011828957125544548 -0.04605594649910927 0.9939102530479431 0.10010552406311035 -0.023404475301504135 0.061193954199552536 -0.09721650183200836 0.9933801889419556 0.09691443294286728
1305031107.211358 0.9970927834510803 0.05441783368587494 -0.053336501121520996 -0.008964216336607933 -0.04957202821969986 0.9948587417602539 0.08831010013818741 -0.028011808171868324 0.05786791816353798 -0.08540934324264526 0.9946640729904175 0.08442438393831253
1305031107.243378 0.9974109530448914 0.05420869216322899 -0.04725322127342224 -0.007757478393614292 -0.0505756214261055 0.9959034323692322 0.07495659589767456 -0.0284451674669981 0.05112293362617493 -0.07237264513969421 0.9960665702819824 0.06936735659837723
1305031107.275398 0.9976752400398254 0.05343051627278328 -0.04230169206857681 -0.004419781267642975 -0.050602927803993225 0.9965814352035522 0.06530643999576569 -0.033032603561878204 0.04564642906188965 -0.06301403045654297 0.9969682693481445 0.058499425649642944
1305031107.311226 0.9978869557380676 0.054298002272844315 -0.0356869176030159 -0.0029176068492233753 -0.052387844771146774 0.9972488880157471 0.05244171991944313 -0.03877668082714081 0.03843623027205467 -0.05046134442090988 0.9979860782623291 0.04750053957104683
1305031107.343509 0.9980855584144592 0.05443299561738968 -0.02936556190252304 0.0001639537513256073 -0.05347951874136925 0.9980452656745911 0.032332636415958405 -0.044970933347940445 0.03106813132762909 -0.030700283125042915 0.9990456700325012 0.035947758704423904
1305031107.375413 0.9983879327774048 0.0526014119386673 -0.021321363747119904 0.002981577068567276 -0.052375659346580505 0.998566746711731 0.011011926457285881 -0.039389628916978836 0.021870046854019165 -0.009877454489469528 0.9997119307518005 0.025199491530656815
1305031107.411271 0.9984238147735596 0.05477253720164299 -0.012247685343027115 0.005218614358454943 -0.05479995533823967 0.9984955191612244 -0.0019144993275403976 -0.04097361862659454 0.012124400585889816 0.002582656219601631 0.9999231696128845 0.016644012182950974
1305031107.443419 0.9985336661338806 0.05396485701203346 -0.004284650087356567 0.007785747293382883 -0.05401886999607086 0.9984461069107056 -0.01369202509522438 -0.039132822304964066 0.0035391002893447876 0.013903401792049408 0.9998971223831177 0.008722294121980667
