0.0 1.0 -4.0472514228895307e-11 2.3283064365386963e-10 -2.9802322387695312e-08 -4.0472514228895307e-11 0.9999999403953552 0.0 -5.9604641222676946e-08 2.3283064365386963e-10 0.0 0.9999999403953552 -6.938893903907228e-18
0.1037359 0.9999911189079285 -0.002591197146102786 -0.003326123347505927 0.0006713415496051311 0.002584640635177493 0.9999946355819702 -0.001973955426365137 -0.007025348488241434 0.003331220941618085 0.0019653409253805876 0.9999924898147583 0.6890374422073364
0.2073381 0.9999730587005615 -0.001465739798732102 -0.007191981188952923 -0.009954730980098248 0.0014397903578355908 0.9999923706054688 -0.003611952066421509 -0.00838707946240902 0.007197220344096422 0.0036014998331665993 0.9999675750732422 1.3928163051605225
0.3110752 0.9999252557754517 -0.0033856681548058987 -0.01174477580934763 0.016681481152772903 0.0033269808627665043 0.9999818205833435 -0.005012802314013243 0.0030107777565717697 0.011761537753045559 0.004973352421075106 0.9999184012413025 2.041465997695923
0.4146917 0.9998586177825928 -0.002094555413350463 -0.016682859510183334 0.003118898719549179 0.00200482620857656 0.9999833703041077 -0.005393457133322954 -0.004635862074792385 0.016693878918886185 0.005359248258173466 0.9998462200164795 2.781503915786743
0.5184302 0.999778151512146 -0.0029638726264238358 -0.02085190638899803 -0.017963431775569916 0.0028390055522322655 0.9999779462814331 -0.006015336140990257 -0.006108616478741169 0.02086927555501461 0.005954804364591837 0.9997645020484924 3.5487351417541504
0.6220448 0.9996745586395264 -0.0010435080621391535 -0.025488356128335 -0.03971477597951889 0.0008578082197345793 0.9999729990959167 -0.007295528426766396 -0.01452685333788395 0.02549528144299984 0.007271289825439453 0.9996485114097595 4.31826114654541
0.7257977 0.9995371699333191 0.0018923688912764192 -0.03036119043827057 -0.0701054260134697 -0.002147211693227291 0.9999626874923706 -0.008363315835595131 -0.01613829843699932 0.030344229191541672 0.008424635976552963 0.9995040893554688 5.112752914428711
0.8294199 0.9993904232978821 0.0015368566382676363 -0.03487585112452507 -0.09806683659553528 -0.0017572351498529315 0.9999786615371704 -0.006289158947765827 -0.030521349981427193 0.03486543893814087 0.006346610374748707 0.9993718266487122 5.922980785369873
0.9331467 0.9992290139198303 0.0005600419826805592 -0.039255741983652115 -0.1334211379289627 -0.000684603932313621 0.9999948143959045 -0.0031597232446074486 -0.041766226291656494 0.03925377503037453 0.0031841618474572897 0.9992241859436035 6.742464542388916
1.03691 0.9990985989570618 0.0004975352203473449 -0.0424470454454422 -0.17446544766426086 -0.000538063992280513 0.9999994039535522 -0.0009433779050596058 -0.046452656388282776 0.0424465537071228 0.0009653670713305473 0.9990981817245483 7.5789008140563965
1.140497 0.998985767364502 0.001828454784117639 -0.044990699738264084 -0.21517588198184967 -0.001907128607854247 0.9999967813491821 -0.0017058036755770445 -0.052373819053173065 0.04498743638396263 0.0017898769583553076 0.9989859461784363 8.417576789855957
1.244242 0.9988763928413391 0.0013503546360880136 -0.04737237095832825 -0.25257477164268494 -0.0014222561148926616 0.9999977946281433 -0.001484112930484116 -0.06546692550182343 0.047370269894599915 0.001549821114167571 0.9988760948181152 9.259602546691895
1.347979 0.9987857937812805 -0.0013161706738173962 -0.049246467649936676 -0.2979963421821594 0.0011954474030062556 0.9999961853027344 -0.00248078815639019 -0.07098837941884995 0.049249548465013504 0.0024189045652747154 0.998783528804779 10.130473136901855
1.451596 0.9986864328384399 -0.0014223193284124136 -0.051218919456005096 -0.3409985899925232 0.0013411532854661345 0.9999977350234985 -0.0016190274618566036 -0.07819744944572449 0.05122111737728119 0.0015482085291296244 0.9986860156059265 10.984832763671875
1.555212 0.9986209869384766 -0.0031352597288787365 -0.05240515619516373 -0.3908078968524933 0.003033998189494014 0.9999933242797852 -0.002011713571846485 -0.08381465822458267 0.05241112783551216 0.0018499422585591674 0.998623788356781 11.857672691345215
1.65896 0.9985193014144897 -0.000908247719053179 -0.05439111217856407 -0.4461796283721924 0.0006909730145707726 0.9999916553497314 -0.004013338591903448 -0.09806910157203674 0.054394304752349854 0.003969813697040081 0.9985116124153137 12.758198738098145
1.762569 0.998450756072998 -0.0005161574808880687 -0.055639974772930145 -0.49854257702827454 0.00015554021229036152 0.9999788999557495 -0.00648539187386632 -0.10904701054096222 0.05564215034246445 0.0064666904509067535 0.9984298348426819 13.64957332611084
1.866302 0.9983541369438171 0.0032658393029123545 -0.05725538358092308 -0.5618152022361755 -0.00374598428606987 0.9999586939811707 -0.00828070193529129 -0.11877033114433289 0.05722597613930702 0.008481552824378014 0.9983251094818115 14.53338623046875
1.969923 0.9982842803001404 0.0040300083346664906 -0.058413926512002945 -0.6190205216407776 -0.004497232381254435 0.999958872795105 -0.007869233377277851 -0.13254012167453766 0.05837981030344963 0.008118432015180588 0.9982613921165466 15.453470230102539
2.073666 0.9982016682624817 0.003002873621881008 -0.05986928939819336 -0.6700477600097656 -0.0033946936018764973 0.999973475933075 -0.0064439550042152405 -0.1468089073896408 0.0598483569920063 0.00663560489192605 0.998185396194458 16.36672592163086
2.177281 0.9981223940849304 0.0036659857723861933 -0.061140477657318115 -0.7284431457519531 -0.003984068986028433 0.9999791979789734 -0.005081383511424065 -0.1565234363079071 0.061120565980672836 0.0053154295310378075 0.9981161952018738 17.289705276489258
2.281017 0.9980720281600952 0.0035001221112906933 -0.06196796894073486 -0.801692008972168 -0.0038037325721234083 0.9999812841415405 -0.004782190080732107 -0.17403650283813477 0.06195008009672165 0.005008679814636707 0.9980666041374207 18.226104736328125
2.384639 0.9979451894760132 0.003101983340457082 -0.06399829685688019 -0.8537788987159729 -0.003448463510721922 0.9999799728393555 -0.005304149352014065 -0.1892993152141571 0.06398056447505951 0.005513946525752544 0.9979358911514282 19.164844512939453
2.48825 0.9979107975959778 0.0016011367551982403 -0.06458810716867447 -0.921995997428894 -0.001996290171518922 0.9999796152114868 -0.0060539646074175835 -0.2016577422618866 0.06457710266113281 0.006170252338051796 0.9978935718536377 20.114328384399414
2.591988 0.9978669285774231 0.0020164367742836475 -0.06524870544672012 -0.9879710674285889 -0.0023237077984958887 0.9999865889549255 -0.004633684176951647 -0.2116309404373169 0.06523849070072174 0.004775420296937227 0.9978581666946411 21.042938232421875
2.695832 0.9978610277175903 0.0034518984612077475 -0.06527961790561676 -1.054440975189209 -0.003554543713107705 0.9999926686286926 -0.0014563072472810745 -0.22014236450195312 0.06527411937713623 0.0016852321568876505 0.9978658556938171 21.998220443725586
2.799367 0.997919499874115 0.0037174238823354244 -0.06436514109373093 -1.1156951189041138 -0.003546356223523617 0.9999898672103882 0.0027718069031834602 -0.23499256372451782 0.06437481194734573 -0.0025377776473760605 0.9979224801063538 22.948389053344727
2.903084 0.9980150461196899 0.002441497053951025 -0.06292787194252014 -1.1790101528167725 -0.0021005943417549133 0.9999827742576599 0.005482946056872606 -0.24162843823432922 0.06294017285108566 -0.005339877679944038 0.9980028867721558 23.914838790893555
3.006768 0.9981269240379333 0.0026672719977796078 -0.06111697852611542 -1.2417843341827393 -0.0023281672038137913 0.9999814629554749 0.00561899458989501 -0.24013343453407288 0.0611308217048645 -0.005466179456561804 0.9981147050857544 24.88042640686035
3.110441 0.9981765151023865 0.0027577897999435663 -0.060300201177597046 -1.2966229915618896 -0.002565872622653842 0.9999914169311523 0.003259906079620123 -0.2519018352031708 0.06030866131186485 -0.003099239431321621 0.9981749057769775 25.848648071289062
3.214057 0.998251736164093 0.003857189789414406 -0.05897917598485947 -1.361618161201477 -0.00393201457336545 0.9999915957450867 -0.0011526667512953281 -0.2640506625175476 0.058974236249923706 0.0013825586065649986 0.9982585310935974 26.830238342285156
3.317669 0.9983494877815247 0.003154868260025978 -0.0573442317545414 -1.4256755113601685 -0.003398798406124115 0.9999855756759644 -0.004156767390668392 -0.2706582546234131 0.057330284267663956 0.004344807472079992 0.9983458518981934 27.804018020629883
3.421285 0.9983914494514465 0.000380106910597533 -0.056696198880672455 -1.4793152809143066 -0.0005659345188178122 0.9999945759773254 -0.0032615945674479008 -0.27873894572257996 0.056694649159908295 0.003288434585556388 0.9983860850334167 28.78432273864746
3.524925 0.998365581035614 -0.0009900787845253944 -0.0571405254304409 -1.53609037399292 0.0011042575351893902 0.9999974370002747 0.0019666648004204035 -0.297859251499176 0.05713843181729317 -0.0020265476778149605 0.9983642101287842 29.80266571044922
3.628545 0.9983005523681641 -0.00437843706458807 -0.058109331876039505 -1.5891659259796143 0.004685972351580858 0.9999757409095764 0.00515714380890131 -0.30464810132980347 0.05808534100651741 -0.005420677363872528 0.9982969164848328 30.799964904785156
3.732256 0.9981921315193176 -0.011800769716501236 -0.058932092040777206 -1.6421228647232056 0.012110174633562565 0.9999145865440369 0.004895750433206558 -0.3164548873901367 0.058869294822216034 -0.005600577685981989 0.9982500076293945 31.799802780151367
3.835871 0.9980737566947937 -0.014039996080100536 -0.0604284331202507 -1.6980472803115845 0.014117253012955189 0.9998999238014221 0.0008517780224792659 -0.32421067357063293 0.060410428792238235 -0.001703220303170383 0.9981721043586731 32.81939697265625
3.939488 0.9980010390281677 -0.013828758150339127 -0.06166624650359154 -1.7632107734680176 0.013665742240846157 0.9999019503593445 -0.0030645004007965326 -0.3318772614002228 0.06170257180929184 0.002215659711509943 0.9980921149253845 33.82299041748047
4.043107 0.9978602528572083 -0.013291658833622932 -0.06401797384023666 -1.8255070447921753 0.013083024881780148 0.9999076724052429 -0.0036770927254110575 -0.3415182828903198 0.06406092643737793 0.002831675112247467 0.9979420900344849 34.8341064453125
4.146888 0.9978216290473938 -0.013689897954463959 -0.0645330399274826 -1.8920128345489502 0.013574833981692791 0.9999054074287415 -0.0022211428731679916 -0.35131698846817017 0.06455733627080917 0.0013402788899838924 0.9979131817817688 35.8547477722168
4.25046 0.9977892637252808 -0.010021485388278961 -0.06569613516330719 -1.97786545753479 0.010081978514790535 0.9999489784240723 0.0005893373745493591 -0.3668203055858612 0.06568686664104462 -0.001250381814315915 0.9978394508361816 36.890689849853516
4.354202 0.9977040886878967 -0.009587609209120274 -0.06704139709472656 -2.047179698944092 0.009739836677908897 0.9999505877494812 0.001944163115695119 -0.37980878353118896 0.06701946258544922 -0.002592671662569046 0.9977482557296753 37.91368865966797
4.45794 0.9976350665092468 -0.008760614320635796 -0.0681724101305008 -2.120820999145508 0.009092091582715511 0.999948263168335 0.00455356715247035 -0.38983312249183655 0.06812900304794312 -0.005162627436220646 0.9976632595062256 38.959659576416016
4.561559 0.9976353645324707 -0.009080491028726101 -0.06812659651041031 -2.1944732666015625 0.009615986607968807 0.9999253153800964 0.0075364913791418076 -0.3937673568725586 0.06805308908224106 -0.008173776790499687 0.9976481795310974 39.99369430541992
4.665293 0.9976357817649841 -0.002743051154538989 -0.06866798549890518 -2.268728733062744 0.003437677165493369 0.9999440312385559 0.0099995918571949 -0.4049549102783203 0.06863673031330109 -0.010212008841335773 0.9975894093513489 41.01203918457031
4.768912 0.9976387023925781 -0.0031050932593643665 -0.06860866397619247 -2.345004081726074 0.0037390992511063814 0.9999515414237976 0.009114423766732216 -0.40504565834999084 0.06857702136039734 -0.00934943649917841 0.9976019859313965 42.02874755859375
4.872532 0.9976534247398376 -0.0032538585364818573 -0.068388432264328 -2.4146103858947754 0.0037834993563592434 0.9999638199806213 0.007616501767188311 -0.40913164615631104 0.06836117804050446 -0.007857375778257847 0.9976295828819275 43.05223083496094
4.976146 0.9976270198822021 -0.0005150777869857848 -0.06884980946779251 -2.4872171878814697 0.0008862835238687694 0.9999852180480957 0.005361092276871204 -0.41728439927101135 0.06884603202342987 -0.0054093897342681885 0.9976125955581665 44.08546829223633
5.079909 0.9975614547729492 -0.0011501945555210114 -0.06978482007980347 -2.5588693618774414 0.0015357190277427435 0.9999837875366211 0.005471077747642994 -0.42410141229629517 0.06977738440036774 -0.005564905237406492 0.9975470304489136 45.101314544677734
5.183503 0.9974849224090576 -0.00286879763007164 -0.07082106173038483 -2.634052276611328 0.0033574311528354883 0.999971330165863 0.006781475152820349 -0.43121713399887085 0.0707995742559433 -0.007002195343375206 0.9974659085273743 46.10920715332031
5.287117 0.9974313378334045 -0.002476894063875079 -0.07158635556697845 -2.7147958278656006 0.0030347746796905994 0.9999657869338989 0.007685406599193811 -0.43826213479042053 0.07156486809253693 -0.007882912643253803 0.9974047541618347 47.135589599609375
5.390861 0.9973822236061096 -0.0003662303206510842 -0.07230920344591141 -2.7816238403320312 0.0006936780409887433 0.9999895691871643 0.004503385629504919 -0.4516807496547699 0.072306789457798 -0.004541756585240364 0.9973719716072083 48.141902923583984
5.494473 0.9973777532577515 5.975912790745497e-05 -0.07237204164266586 -2.871148109436035 -3.9922982978168875e-05 1.0 0.00027554435655474663 -0.45844823122024536 0.07237204164266586 -0.0002719322219491005 0.9973776340484619 49.13582229614258
5.598233 0.9973187446594238 0.00071525207022205 -0.0731760710477829 -2.943692207336426 -0.0007884243968874216 0.9999991655349731 -0.0009710699087008834 -0.4709286093711853 0.07317531108856201 0.0010261600837111473 0.9973185062408447 50.15000915527344
5.701829 0.9972864985466003 -0.0007461624918505549 -0.07361429929733276 -3.0107345581054688 0.0009453623788431287 0.9999959468841553 0.002671194029971957 -0.4816485047340393 0.07361201196908951 -0.0027335381601005793 0.9972831606864929 51.150760650634766
5.805571 0.9972874522209167 -0.0024105601478368044 -0.07356579601764679 -3.0901176929473877 0.002847970463335514 0.9999788403511047 0.00584151316434145 -0.49461957812309265 0.07355015724897385 -0.006035180296748877 0.9972732067108154 52.14461898803711
5.909185 0.9972602128982544 -0.00456622801721096 -0.07383140921592712 -3.1605277061462402 0.005038288421928883 0.9999679327011108 0.0062087830156087875 -0.49975457787513733 0.0738007053732872 -0.0065637570805847645 0.9972513318061829 53.14351272583008
6.012921 0.9972183704376221 -0.0077600846998393536 -0.07413122802972794 -3.227184772491455 0.00816506426781416 0.9999532699584961 0.005161513574421406 -0.5098472833633423 0.0740877315402031 -0.005752443335950375 0.997235119342804 54.12305450439453
6.116541 0.9971932768821716 -0.010041756555438042 -0.07419304549694061 -3.306278705596924 0.010351152159273624 0.9999392032623291 0.0037868048530071974 -0.5203199982643127 0.07415049523115158 -0.004544159863144159 0.9972366690635681 55.11323547363281
6.220278 0.9970880150794983 -0.011636150069534779 -0.07536614686250687 -3.3736696243286133 0.012012550607323647 0.9999175071716309 0.00454291794449091 -0.5223959684371948 0.07530705630779266 -0.005435029044747353 0.9971455335617065 56.082275390625
6.323895 0.9969967007637024 -0.01455457229167223 -0.07606549561023712 -3.4524269104003906 0.015298018231987953 0.9998406171798706 0.009200208820402622 -0.5383659601211548 0.07591945677995682 -0.01033622957766056 0.9970602989196777 57.056907653808594
6.427659 0.996872067451477 -0.015342268161475658 -0.07752887904644012 -3.5136942863464355 0.016488218680024147 0.9997637271881104 0.01416243426501751 -0.5406436324119568 0.0772932842373848 -0.015396442264318466 0.9968894720077515 58.06142044067383
6.531383 0.9968713521957397 -0.013673054054379463 -0.07785061746835709 -3.594299793243408 0.014990275725722313 0.9997538328170776 0.016360633075237274 -0.5392448902130127 0.07760775834321976 -0.01747644692659378 0.9968307614326477 59.02901840209961
6.634992 0.9967532753944397 -0.012362949550151825 -0.07956171780824661 -3.6709651947021484 0.013383738696575165 0.9998346567153931 0.012309631332755089 -0.5430706143379211 0.07939638197422028 -0.013334497809410095 0.9967538714408875 59.9793586730957
6.738741 0.9967136383056641 -0.010139762423932552 -0.08036772906780243 -3.7562994956970215 0.01055278442800045 0.999933123588562 0.004716083873063326 -0.5516546964645386 0.08031455427408218 -0.005548689514398575 0.9967540502548218 60.938629150390625
6.84235 0.9966760873794556 -0.007994456216692924 -0.08107300102710724 -3.8386220932006836 0.00800074078142643 0.9999678730964661 -0.0002473127096891403 -0.5602625012397766 0.0810723751783371 -0.00040215346962213516 0.9967081546783447 61.87275314331055
6.945963 0.9966089129447937 -0.003572072135284543 -0.08220595866441727 -3.9214870929718018 0.0036536375992000103 0.9999929070472717 0.0008417856879532337 -0.5709327459335327 0.08220238238573074 -0.0011392817832529545 0.996614933013916 62.80122756958008
7.049705 0.9965322017669678 -0.0014889052836224437 -0.0831935778260231 -4.004889011383057 0.0017664318438619375 0.9999930262565613 0.0032624080777168274 -0.5839909315109253 0.08318815380334854 -0.0033980512525886297 0.9965280294418335 63.73248291015625
7.153323 0.9964560270309448 0.0010894760489463806 -0.08410785347223282 -4.086489677429199 -0.000673845293931663 0.9999872446060181 0.0049698674120008945 -0.5965896248817444 0.08411220461130142 -0.004895579069852829 0.9964441657066345 64.62938690185547
7.256934 0.9963411092758179 0.001781367463991046 -0.08544747531414032 -4.163959503173828 -0.0014048567973077297 0.9999890327453613 0.004466269165277481 -0.6039724349975586 0.08545449376106262 -0.004329886753112078 0.9963326454162598 65.52442169189453
7.360549 0.9962018728256226 0.0033591703977435827 -0.08700951188802719 -4.247642993927002 -0.0029201272409409285 0.9999823570251465 0.00517271226271987 -0.6094987392425537 0.08702535927295685 -0.00489898631349206 0.9961940050125122 66.38838195800781
7.464167 0.996096670627594 0.004554500337690115 -0.08815120160579681 -4.332170009613037 -0.00405893987044692 0.9999749064445496 0.005800133571028709 -0.6235291957855225 0.08817541599273682 -0.005419694818556309 0.9960901737213135 67.26797485351562
7.567786 0.9959405660629272 0.004071705508977175 -0.0899207592010498 -4.403907775878906 -0.0035018743947148323 0.9999727606773376 0.006493877619504929 -0.634886622428894 0.0899447575211525 -0.006152626592665911 0.9959276914596558 68.1114730834961
7.671396 0.995845377445221 0.004116001073271036 -0.09096722304821014 -4.488384246826172 -0.0034618719946593046 0.9999669194221497 0.007347448728978634 -0.6416396498680115 0.09099448472261429 -0.007002003025263548 0.9958267211914062 68.96118927001953
7.775144 0.9957408905029297 0.006949454080313444 -0.0919339656829834 -4.574273109436035 -0.006067081820219755 0.9999328255653381 0.009873902425169945 -0.6443440914154053 0.09199640154838562 -0.009274075739085674 0.9957161545753479 69.77249908447266
7.878754 0.995598554611206 0.008354315534234047 -0.09334763139486313 -4.649654865264893 -0.007048995234072208 0.9998728632926941 0.01430442463606596 -0.65514075756073 0.0934552550315857 -0.013583456166088581 0.9955307841300964 70.58415222167969
7.982493 0.9953920245170593 0.011634217575192451 -0.09518032521009445 -4.729551315307617 -0.010165985673666 0.9998220205307007 0.015896186232566833 -0.6560544967651367 0.0953483134508133 -0.014855329878628254 0.9953330755233765 71.37175750732422
8.086111 0.9952532052993774 0.014536832459270954 -0.09622752666473389 -4.817834854125977 -0.013454679399728775 0.9998389482498169 0.011885087005794048 -0.6630651354789734 0.09638479351997375 -0.010533956810832024 0.9952882528305054 72.14724731445312
8.189849 0.9951004385948181 0.014236785471439362 -0.09783938527107239 -4.8923563957214355 -0.013859461061656475 0.9998936057090759 0.004535173065960407 -0.669915497303009 0.09789354354143143 -0.0031569506973028183 0.9951916933059692 72.9022216796875
8.29347 0.9949811100959778 0.013349603861570358 -0.09916799515485764 -4.9662394523620605 -0.01351941842585802 0.9999080300331116 -0.0010405430803075433 -0.6809046268463135 0.09914498776197433 0.0023760139010846615 0.995070219039917 73.62774658203125
8.397102 0.9949188232421875 0.014176768250763416 -0.0996771901845932 -5.044271469116211 -0.014486056752502918 0.9998921751976013 -0.002379779936745763 -0.6851868033409119 0.09963271766901016 0.0038116169162094593 0.995016872882843 74.34394836425781
8.500847 0.9948045611381531 0.017169563099741936 -0.10034427791833878 -5.122041702270508 -0.017108656466007233 0.9998525381088257 0.0014675376005470753 -0.7003669142723083 0.10035468637943268 0.0002568429335951805 0.9949516654014587 75.03587341308594
8.604438 0.9946657419204712 0.017342563718557358 -0.10168201476335526 -5.19289493560791 -0.017048252746462822 0.9998475909233093 0.0037627974525094032 -0.7176165580749512 0.10173177719116211 -0.0020092253107577562 0.9948097467422485 75.70413970947266
8.708175 0.9946401119232178 0.014123459346592426 -0.10242807120084763 -5.261263847351074 -0.01413788367062807 0.9998998045921326 0.0005852023605257273 -0.7328000068664551 0.10242607444524765 0.0008660503663122654 0.9947401285171509 76.34741973876953
8.811795 0.9947030544281006 0.005955677479505539 -0.10261736810207367 -5.315808296203613 -0.00646699033677578 0.9999681711196899 -0.0046507506631314754 -0.7397420406341553 0.10258639603853226 0.005289741791784763 0.9947100281715393 76.9864273071289
8.915403 0.9948188662528992 0.0018690591678023338 -0.1016470417380333 -5.370701789855957 -0.0028426777571439743 0.9999513626098633 -0.009434420615434647 -0.7524312138557434 0.10162446647882462 0.009674487635493279 0.9947758316993713 77.60344696044922
9.019162 0.9951637387275696 0.004351883195340633 -0.09813375025987625 -5.441506862640381 -0.005327283404767513 0.9999389052391052 -0.009679654613137245 -0.7635111212730408 0.09808561205863953 0.010155628435313702 0.9951262474060059 78.19792175292969
9.12289 0.9955058693885803 0.009212439879775047 -0.09425105899572372 -5.500943183898926 -0.009852689690887928 0.9999313354492188 -0.006329942960292101 -0.7830255031585693 0.09418627619743347 0.007230121176689863 0.9955282807350159 78.78809356689453
9.226512 0.995941162109375 0.007658293470740318 -0.08967967331409454 -5.539365768432617 -0.007995457388460636 0.9999622106552124 -0.003401004010811448 -0.7916139364242554 0.0896502360701561 0.004104230087250471 0.995964765548706 79.35321807861328
9.330247 0.9964718222618103 0.004099807236343622 -0.08382746577262878 -5.577401161193848 -0.004046014975756407 0.9999914169311523 0.0008115819655358791 -0.8018046617507935 0.08383007347583771 -0.0004695518873631954 0.9964799284934998 79.91020202636719
9.433986 0.9971404075622559 -0.0005176888662390411 -0.07556797564029694 -5.611676216125488 0.0008548768237233162 0.9999898076057434 0.004429757595062256 -0.813564658164978 0.07556488364934921 -0.004481691401451826 0.9971307516098022 80.45616912841797
9.537749 0.9978824853897095 0.0034999556373804808 -0.06494640558958054 -5.641167640686035 -0.003216671058908105 0.9999848008155823 0.004465863108634949 -0.8281263113021851 0.0649610310792923 -0.004247496370226145 0.9978787302970886 80.98512268066406
9.641587 0.9987034201622009 0.008370249532163143 -0.05021381005644798 -5.663362979888916 -0.008190842345356941 0.9999592900276184 0.003777592210099101 -0.8303968906402588 0.05024338141083717 -0.003361402079463005 0.9987313151359558 81.49815368652344
9.745342 0.9993981122970581 0.013348703272640705 -0.03202011436223984 -5.677457809448242 -0.013230651617050171 0.9999048709869385 0.00389583851210773 -0.8308127522468567 0.03206906467676163 -0.003469846211373806 0.9994796514511108 82.004638671875
9.849229 0.9998757839202881 0.012209809385240078 -0.009967103600502014 -5.666103839874268 -0.012159591540694237 0.9999131560325623 0.005083344876766205 -0.843834400177002 0.010028302669525146 -0.0049615176394581795 0.9999373555183411 82.4892349243164
9.953059 0.9998241662979126 0.008579171262681484 0.016675066202878952 -5.641922473907471 -0.008677294477820396 0.9999454021453857 0.005820934660732746 -0.8445062637329102 -0.016624219715595245 -0.005964604206383228 0.9998440146446228 82.96991729736328
10.05693 0.9989097714424133 0.007619607262313366 0.046056732535362244 -5.59816312789917 -0.007961760275065899 0.9999421238899231 0.007250078953802586 -0.848499059677124 -0.04599881172180176 -0.0076088672503829 0.9989124536514282 83.43372344970703
10.16083 0.9968582391738892 0.0069508966989815235 0.07890105992555618 -5.536770820617676 -0.007702589500695467 0.9999277591705322 0.009226697497069836 -0.8602822422981262 -0.07883124053478241 -0.009805451147258282 0.996839702129364 83.88369750976562
10.26466 0.9931523203849792 0.0069222706370055676 0.11662130057811737 -5.45991325378418 -0.008141687139868736 0.9999169707298279 0.00998308602720499 -0.86595219373703 -0.1165425181388855 -0.010864218696951866 0.9931262135505676 84.34083557128906
10.36867 0.9874100685119629 0.007237672805786133 0.15801596641540527 -5.359591484069824 -0.008879425004124641 0.9999136924743652 0.009686284698545933 -0.865609884262085 -0.15793220698833466 -0.010967426002025604 0.9873890280723572 84.77587890625
10.47264 0.9791092872619629 0.00741558987647295 0.20319944620132446 -5.243677139282227 -0.00956187304109335 0.9999083876609802 0.009582742117345333 -0.8658196330070496 -0.2031097412109375 -0.01132552046328783 0.9790903925895691 85.20281982421875
10.57663 0.9677885174751282 0.009430300444364548 0.25158774852752686 -5.109016418457031 -0.011620866134762764 0.9999064207077026 0.007222626358270645 -0.8717186450958252 -0.2514960765838623 -0.009913644753396511 0.9678074717521667 85.59828186035156
10.68062 0.9521966576576233 0.010685017332434654 0.3052988648414612 -4.962745666503906 -0.012741722166538239 0.9999075531959534 0.004744848236441612 -0.8808091282844543 -0.3052198886871338 -0.008408064022660255 0.9522446393966675 85.98635864257812
10.78461 0.9327354431152344 0.009824483655393124 0.3604274392127991 -4.779447555541992 -0.011866836808621883 0.9999237060546875 0.00345391477458179 -0.8982504606246948 -0.3603660762310028 -0.007498722989112139 0.9327808022499084 86.33995056152344
10.88875 0.908484935760498 0.010635911487042904 0.4177823066711426 -4.577022552490234 -0.012237348593771458 0.9999244213104248 0.0011545149609446526 -0.8949265480041504 -0.41773852705955505 -0.0061614071018993855 0.9085464477539062 86.69557189941406
10.99272 0.879853367805481 0.011193519458174706 0.4751133918762207 -4.353282928466797 -0.012016672641038895 0.9999269843101501 -0.0013045140076428652 -0.8946808576583862 -0.475093275308609 -0.004561502020806074 0.8799235820770264 87.01727294921875
11.09659 0.8462134599685669 0.010054944083094597 0.5327491164207458 -4.112377166748047 -0.009791508316993713 0.9999465942382812 -0.003319949610158801 -0.9021686911582947 -0.5327540040016174 -0.00240703159943223 0.8462666273117065 87.33525085449219
11.20057 0.8090541362762451 0.009468707256019115 0.5876578092575073 -3.8520355224609375 -0.008915223181247711 0.9999529123306274 -0.003837884170934558 -0.9165860414505005 -0.5876665115356445 -0.0021340446546673775 0.8091003894805908 87.63495635986328
11.30431 0.769530177116394 0.007774230092763901 0.6385630965232849 -3.5724449157714844 -0.007874991744756699 0.9999653697013855 -0.002684022067114711 -0.9275419116020203 -0.6385618448257446 -0.0029632425867021084 0.7695647478103638 87.90223693847656
11.40818 0.7275883555412292 0.007040273863822222 0.6859778761863708 -3.2681884765625 -0.009482328779995441 0.9999549984931946 -0.00020514917559921741 -0.9359294176101685 -0.6859484314918518 -0.006355403922498226 0.7276222705841064 88.15106201171875
11.51192 0.6842052340507507 0.005963262170553207 0.7292650938034058 -2.941650390625 -0.007887161336839199 0.9999685883522034 -0.000776997534558177 -0.9336147904396057 -0.7292469143867493 -0.005220206454396248 0.6842307448387146 88.36614990234375
11.61553 0.6372519135475159 0.004523218609392643 0.7706422209739685 -2.617786407470703 -0.004898976068943739 0.9999863505363464 -0.0018183216452598572 -0.9418227076530457 -0.7706401944160461 -0.0026166285388171673 0.6372652649879456 88.58516693115234
11.71927 0.5907069444656372 0.002048416528850794 0.8068834543228149 -2.2831954956054688 0.00032544886926189065 0.9999961256980896 -0.002776921261101961 -0.9491128325462341 -0.8068860769271851 0.0019029449904337525 0.5907039642333984 88.76703643798828
11.82277 0.544625997543335 0.0038411938585340977 0.8386701941490173 -1.9368782043457031 -0.0016019752947613597 0.9999923706054688 -0.003539755241945386 -0.9576134085655212 -0.8386775255203247 0.0005843137623742223 0.5446280241012573 88.9383544921875
11.92638 0.4979868531227112 0.00751842837780714 0.8671519756317139 -1.5925941467285156 -0.005707475822418928 0.9999691247940063 -0.005392305087298155 -0.9585384726524353 -0.8671658039093018 -0.0022639529779553413 0.49801427125930786 89.09524536132812
12.03 0.4516221880912781 0.009700829163193703 0.8921564817428589 -1.250701904296875 -0.005684909410774708 0.9999518394470215 -0.007995158433914185 -0.9603837728500366 -0.8921912908554077 -0.0014610402286052704 0.4516555070877075 89.24701690673828
12.13361 0.4096866846084595 0.007914727553725243 0.9121919870376587 -0.8928260803222656 0.0004450924170669168 0.9999605417251587 -0.008876160718500614 -0.9635458588600159 -0.9122262597084045 0.004042453598231077 0.40966683626174927 89.3546142578125
12.2371 0.36846745014190674 -0.00024944491451606154 0.9296404719352722 -0.5281581878662109 0.014306927099823952 0.9998829960823059 -0.005402326583862305 -0.9812940359115601 -0.9295303821563721 0.015290881507098675 0.36842799186706543 89.4582290649414
12.3406 0.33331412076950073 -0.0035883865784853697 0.9428088068962097 -0.15326881408691406 0.01810026541352272 0.9998327493667603 -0.00259361881762743 -0.9832366704940796 -0.9426419734954834 0.017929580062627792 0.3333233594894409 89.54833984375
12.44411 0.2999919652938843 0.0005689981626346707 0.9539415240287781 0.2145977020263672 0.015314113348722458 0.9998679757118225 -0.005412316881120205 -0.9881385564804077 -0.953818678855896 0.01623242348432541 0.2999436855316162 89.64672088623047
12.54767 0.2692564129829407 0.00836454052478075 0.963032066822052 0.5853919982910156 0.004748886916786432 0.9999385476112366 -0.010012848302721977 -0.999359130859375 -0.9630566835403442 0.007269357331097126 0.2692001461982727 89.74446105957031
12.65107 0.23981690406799316 0.012692047283053398 0.9707351326942444 0.9797229766845703 -0.00016193243209272623 0.9999149441719055 -0.013033557683229446 -1.0130420923233032 -0.9708179831504822 0.002968474989756942 0.23979859054088593 89.8477783203125
12.75469 0.21567121148109436 0.014033283106982708 0.9763652086257935 1.3941326141357422 0.0012390327174216509 0.9998918771743774 -0.014645123854279518 -1.0309622287750244 -0.9764652252197266 0.0043682800605893135 0.21563048660755157 89.9205322265625
12.85806 0.1921634078025818 0.015182157047092915 0.9812455177307129 1.8058147430419922 0.008688145317137241 0.9998148083686829 -0.017170920968055725 -1.0414519309997559 -0.9813244342803955 0.01182482484728098 0.19199590384960175 89.9754867553711
12.96167 0.17221860587596893 0.021420400589704514 0.9848257899284363 2.222079277038574 0.014932559803128242 0.9995918273925781 -0.02435285598039627 -1.0432913303375244 -0.98494553565979 0.018899988383054733 0.1718284636735916 90.01810455322266
13.0652 0.15253642201423645 0.028165826573967934 0.9878964424133301 2.650801658630371 0.017298709601163864 0.9993645548820496 -0.031163804233074188 -1.0412237644195557 -0.9881463646888733 0.021842949092388153 0.15195229649543762 90.0702133178711
13.16877 0.13504207134246826 0.029232021421194077 0.9904086589813232 3.104241371154785 0.015099123120307922 0.9993879199028015 -0.031555816531181335 -1.0524319410324097 -0.9907249212265015 0.019215663895010948 0.1345180720090866 90.1312026977539
13.27235 0.11948252469301224 0.024747099727392197 0.9925279021263123 3.5672836303710938 0.013338162563741207 0.9995590448379517 -0.026528093963861465 -1.0741488933563232 -0.9927466511726379 0.016408143565058708 0.11909976601600647 90.18150329589844
13.37588 0.10493166744709015 0.021608591079711914 0.9942446351051331 4.040487289428711 0.013081412762403488 0.9996473789215088 -0.023106608539819717 -1.0937342643737793 -0.9943934679031372 0.015430738218128681 0.10461197793483734 90.22296142578125
13.4795 0.09204411506652832 0.019004231318831444 0.9955735802650452 4.541364669799805 0.015619378536939621 0.9996672868728638 -0.02052644081413746 -1.1093575954437256 -0.9956324100494385 0.01743958331644535 0.09171665459871292 90.25761413574219
13.58311 0.08051479607820511 0.018320348113775253 0.9965850710868835 5.042626857757568 0.019397061318159103 0.9996129274368286 -0.01994311437010765 -1.1206129789352417 -0.9965646266937256 0.02093653939664364 0.08012828230857849 90.28253173828125
13.68672 0.07029470056295395 0.019127439707517624 0.9973428845405579 5.561498641967773 0.02257421612739563 0.9995296001434326 -0.02076045423746109 -1.1328182220458984 -0.9972707629203796 0.023973584175109863 0.06982984393835068 90.30903625488281
13.79034 0.06253358721733093 0.01945435255765915 0.9978532791137695 6.1016130447387695 0.02510109357535839 0.9994630813598633 -0.02105877548456192 -1.1459885835647583 -0.99772709608078 0.02636408805847168 0.062011685222387314 90.33525848388672
13.89395 0.05705676227807999 0.019831687211990356 0.9981738924980164 6.663014888763428 0.026382608339190483 0.9994235634803772 -0.021364573389291763 -1.1630809307098389 -0.9980222582817078 0.02755342796444893 0.056500665843486786 90.3607406616211
13.99767 0.051605235785245895 0.020925527438521385 0.9984482526779175 7.243296146392822 0.027102654799818993 0.9993828535079956 -0.022345928475260735 -1.1741868257522583 -0.9982997179031372 0.02821376360952854 0.0510062500834465 90.38542175292969
14.1013 0.04576379060745239 0.02166721038520336 0.998717188835144 7.835845947265625 0.02787289209663868 0.9993478059768677 -0.022958092391490936 -1.1881712675094604 -0.998563289642334 0.028887789696455002 0.04513001814484596 90.40747833251953
14.20492 0.04130098968744278 0.021472303196787834 0.9989160299301147 8.451631546020508 0.029913146048784256 0.9992943406105042 -0.022717218846082687 -1.206516146659851 -0.9986987709999084 0.030818963423371315 0.04062953218817711 90.42828369140625
14.30854 0.0383811891078949 0.02156602032482624 0.9990304112434387 9.083065032958984 0.03148889169096947 0.9992445111274719 -0.022780396044254303 -1.2226712703704834 -0.9987668395042419 0.03233269602060318 0.037673093378543854 90.4466323852539
14.41227 0.03538602218031883 0.020946651697158813 0.9991541504859924 9.73607349395752 0.032153159379959106 0.999238908290863 -0.022087158635258675 -1.2412294149398804 -0.998856246471405 0.03290754556655884 0.034685589373111725 90.47080993652344
14.51589 0.03297621011734009 0.020580990239977837 0.999244213104248 10.40107250213623 0.03448933735489845 0.9991691708564758 -0.021717628464102745 -1.2566578388214111 -0.998860776424408 0.035179439932107925 0.03223898634314537 90.487060546875
14.61968 0.03226745128631592 0.020077913999557495 0.9992775321006775 11.101356506347656 0.03867565467953682 0.9990242123603821 -0.021321691572666168 -1.2753591537475586 -0.9987306594848633 0.0393357053399086 0.03145943954586983 90.50294494628906
14.72326 0.033405520021915436 0.01975506730377674 0.9992465972900391 11.803108215332031 0.04221772402524948 0.9988843202590942 -0.021159272640943527 -1.2928194999694824 -0.9985498189926147 0.042892757803201675 0.03253423795104027 90.51931762695312
14.82686 0.03589211404323578 0.019471803680062294 0.9991658926010132 12.519752502441406 0.044317249208688736 0.9987955093383789 -0.02105655148625374 -1.3128364086151123 -0.9983724355697632 0.04503605142235756 0.034985944628715515 90.54104614257812
14.93048 0.039786286652088165 0.01942746527493 0.9990192651748657 13.281582832336426 0.04648834094405174 0.9986922740936279 -0.02127252332866192 -1.3343181610107422 -0.9981261491775513 0.04728911444544792 0.03883111849427223 90.57115173339844
15.0341 0.04406474158167839 0.019250623881816864 0.9988431930541992 14.040814399719238 0.0469483844935894 0.9986697435379028 -0.021318450570106506 -1.3465769290924072 -0.9979248642921448 0.04783347249031067 0.04310235008597374 90.60385131835938
15.13784 0.048075057566165924 0.017208639532327652 0.9986954927444458 14.815206527709961 0.04862605035305023 0.9986257553100586 -0.019548188894987106 -1.3705763816833496 -0.9976593255996704 0.04950239881873131 0.04717221111059189 90.6364974975586
15.24145 0.05191249027848244 0.015440592542290688 0.998532235622406 15.612314224243164 0.0481366366147995 0.9986795783042908 -0.017945434898138046 -1.397390604019165 -0.9974909424781799 0.04899756610393524 0.05110067129135132 90.6889877319336
15.34508 0.05626707151532173 0.013811307959258556 0.9983201622962952 16.41449546813965 0.04507875442504883 0.9988495111465454 -0.016359345987439156 -1.4098161458969116 -0.9973976016044617 0.04592352360486984 0.05557972937822342 90.73554992675781
15.44881 0.06041629984974861 0.012328002601861954 0.9980971813201904 17.227773666381836 0.044269852340221405 0.9989067912101746 -0.015017720870673656 -1.4332129955291748 -0.9971911311149597 0.04509292542934418 0.059804484248161316 90.7861328125
15.55255 0.06413314491510391 0.013488337397575378 0.9978501796722412 18.062236785888672 0.04148506745696068 0.9990082383155823 -0.016170291230082512 -1.4525492191314697 -0.9970786571502686 0.04243292659521103 0.0635099783539772 90.85328674316406
15.65617 0.06750572472810745 0.01748576946556568 0.9975655674934387 18.89014434814453 0.03894641622900963 0.9990382194519043 -0.02014710009098053 -1.4775640964508057 -0.9969582557678223 0.04021165519952774 0.06675979495048523 90.9090347290039
15.7599 0.06889807432889938 0.022703509777784348 0.9973652958869934 19.718904495239258 0.03308524191379547 0.9991390705108643 -0.025029417127370834 -1.501032829284668 -0.9970749020576477 0.034722547978162766 0.06808760017156601 90.97663879394531
15.86364 0.06865734606981277 0.025826605036854744 0.9973059296607971 20.562898635864258 0.03058360330760479 0.9991405010223389 -0.02797957882285118 -1.5313174724578857 -0.9971714615821838 0.03242221474647522 0.06780843436717987 91.04658508300781
15.96739 0.06862067431211472 0.02529394067823887 0.997322142124176 21.393980026245117 0.027720868587493896 0.999244213104248 -0.02725001983344555 -1.5630161762237549 -0.9972575306892395 0.02951654978096485 0.06786763668060303 91.11044311523438
16.07102 0.06853349506855011 0.023501623421907425 0.9973719120025635 22.23052406311035 0.02533647231757641 0.9993590116500854 -0.025289416313171387 -1.5917696952819824 -0.9973268508911133 0.027003062888979912 0.06789412349462509 91.17677307128906
16.17474 0.0685126855969429 0.022147325798869133 0.9974043369293213 23.07821273803711 0.0267795380204916 0.9993524551391602 -0.02403010055422783 -1.6273891925811768 -0.9972907304763794 0.028356395661830902 0.0678752213716507 91.23500061035156
16.27845 0.06913374364376068 0.021452806890010834 0.9973767399787903 23.91657829284668 0.024297617375850677 0.9994360208511353 -0.023181306198239326 -1.6578519344329834 -0.9973114132881165 0.025836488232016563 0.06857350468635559 91.2955093383789
16.38209 0.06965305656194687 0.02178855612874031 0.9973332285881042 24.751482009887695 0.022809095680713654 0.99946528673172 -0.023428108543157578 -1.6909468173980713 -0.9973104000091553 0.024380110204219818 0.06911883503198624 91.35078430175781
16.48571 0.0689745545387268 0.0224490687251091 0.9973658323287964 25.593168258666992 0.019201919436454773 0.999531626701355 -0.023825757205486298 -1.7200216054916382 -0.997433602809906 0.020794712007045746 0.06851119548082352 91.42845916748047
