1403636580.0635555 0.9999986290931702 -0.001601332682184875 0.0003582360513973981 -0.00013752715312875807 0.0015986073995009065 0.9999707341194153 0.007482558488845825 0.005294067785143852 -0.00037020741729065776 -0.007481974549591541 0.9999719262123108 0.0017398583004251122
1403636580.1135554 0.9999868869781494 -0.005110130645334721 -0.00032475776970386505 -0.00014766042295377702 0.00511389272287488 0.9999040365219116 0.01287711039185524 0.01001296192407608 0.0002589225769042969 -0.012878604233264923 0.9999169707298279 0.0033917182590812445
1403636580.1635556 0.9999718070030212 -0.0074504679068923 -0.0009550108225084841 -0.0006334937643259764 0.0074645052663981915 0.9998496770858765 0.015650903806090355 0.01767476089298725 0.0008382609812542796 -0.015657588839530945 0.9998769760131836 0.005630081053823233
1403636580.2135556 0.9999630451202393 -0.008374808356165886 -0.0018959958106279373 -0.000564086134545505 0.008412410505115986 0.9997485876083374 0.020781349390745163 0.02094496786594391 0.0017214807448908687 -0.0207965224981308 0.9997822642326355 0.006591445300728083
1403636580.2635555 0.9999774098396301 -0.0064636049792170525 -0.0018467996269464493 -0.0008529119659215212 0.0065092057920992374 0.9996443390846252 0.025858083739876747 0.02650492452085018 0.0016790080117061734 -0.02586951106786728 0.9996638894081116 0.008167746476829052
1403636580.3135555 0.9999919533729553 -0.003332279622554779 -0.0022824180778115988 -0.0009716183412820101 0.003404957242310047 0.9994623064994812 0.032615430653095245 0.030064206570386887 0.0021725071128457785 -0.03262294828891754 0.99946528673172 0.009083634242415428
1403636580.3635557 0.9999940991401672 -0.0008081301348283887 -0.003336744848638773 -0.0013592841569334269 0.0009526397916488349 0.9990513920783997 0.043536778539419174 0.03472758084535599 0.0032983957789838314 -0.04353969544172287 0.999046266078949 0.009956643916666508
1403636580.4135554 0.9999901056289673 0.0017872637836262584 -0.004065264016389847 -0.0011969658080488443 -0.0015383085701614618 0.9981708526611328 0.0604386031627655 0.03337572515010834 0.00416584825143218 -0.060431767255067825 0.9981635808944702 0.009190266951918602
1403636580.4635556 0.9999819993972778 0.003821904771029949 -0.004616928286850452 -0.0013806545175611973 -0.003449999261647463 0.9969445466995239 0.07803670316934586 0.03651167452335358 0.0049010710790753365 -0.07801938056945801 0.9969398379325867 0.00966170709580183
1403636580.5135555 0.9999796748161316 0.004075639881193638 -0.004882297944277525 -0.0016659607645124197 -0.0035952627658843994 0.9955037832260132 0.09465313702821732 0.037375014275312424 0.005246119573712349 -0.09463369101285934 0.9954981803894043 0.009678664617240429
1403636580.5635555 0.9999752044677734 0.002098330296576023 -0.006709950976073742 -0.0019537080079317093 -0.0013621506514027715 0.9941615462303162 0.10789378732442856 0.03702324628829956 0.006897172424942255 -0.10788199305534363 0.9941397309303284 0.009347880259156227
1403636580.6135554 0.9999399781227112 0.0011564347660169005 -0.010886009782552719 -0.0019702366553246975 8.200848242267966e-05 0.9935855865478516 0.11308275163173676 0.03431891277432442 0.010946955531835556 -0.11307689547538757 0.9935258030891418 0.008238302543759346
1403636580.6635556 0.9999380707740784 0.0001437882165191695 -0.011126099154353142 -0.0023134739603847265 0.0010937289334833622 0.9938040971755981 0.11114023625850677 0.030499055981636047 0.011073144152760506 -0.11114552617073059 0.9937424659729004 0.006777496077120304
1403636580.7135556 0.9999570846557617 0.003173337085172534 -0.008712525479495525 -0.0024203998036682606 -0.002251463243737817 0.9945903420448303 0.10385079681873322 0.023834114894270897 0.00899494905024767 -0.10382671654224396 0.9945546984672546 0.005059549584984779
1403636580.7635555 0.999936580657959 0.010983251966536045 -0.0024693829473108053 -0.0021952432580292225 -0.010710219852626324 0.9957194924354553 0.09180337935686111 0.02098800614476204 0.0034671130124479532 -0.09177110344171524 0.9957740902900696 0.004806962795555592
1403636580.8135555 0.9998347163200378 0.01758445054292679 0.004609191790223122 -0.002171775558963418 -0.017896167933940887 0.9966539144515991 0.07975355535745621 0.01146776881068945 -0.00319134583696723 -0.07982288300991058 0.9968039393424988 0.0024887938052415848
1403636580.8635557 0.999619722366333 0.023280393332242966 0.014780831523239613 -0.002425574930384755 -0.024171987548470497 0.997700572013855 0.06332110613584518 0.007186118513345718 -0.013272701762616634 -0.06365431100130081 0.9978837370872498 0.0014530308544635773
1403636580.9135554 0.9992424845695496 0.029527045786380768 0.025347400456666946 -0.0024296105839312077 -0.0307440347969532 0.9983231425285339 0.049047067761421204 -0.0032116586808115244 -0.02385668084025383 -0.04978920891880989 0.9984747767448425 -0.001020668656565249
1403636580.9635556 0.9989831447601318 0.034025322645902634 0.02958049066364765 -0.0027086040936410427 -0.03498707711696625 0.9988549947738647 0.03262719884514809 -0.008914696983993053 -0.02843647077679634 -0.033628951758146286 0.9990297555923462 -0.002538038417696953
1403636581.0135555 0.9989046454429626 0.035969652235507965 0.029928144067525864 -0.0030143978074193 -0.03655983507633209 0.9991428852081299 0.019411873072385788 -0.01831667311489582 -0.02920425310730934 -0.020484773442149162 0.9993634819984436 -0.005248005501925945
1403636581.0635555 0.9989748597145081 0.03552202135324478 0.02806098945438862 -0.0033468150068074465 -0.035684604197740555 0.999349057674408 0.0053144595585763454 -0.023853151127696037 -0.027853939682245255 -0.006310357712209225 0.9995920062065125 -0.006596561521291733
1403636581.1135554 0.9990302324295044 0.03350593522191048 0.02856745757162571 -0.0034386906772851944 -0.03330839052796364 0.9994179606437683 -0.007363451179116964 -0.03147938847541809 -0.02879755012691021 0.006404771935194731 0.9995647072792053 -0.008677876554429531
1403636581.1635556 0.9991720914840698 0.027675094082951546 0.029820118099451065 -0.0034703731071203947 -0.026985110715031624 0.9993641972541809 -0.02329757623374462 -0.03544985130429268 -0.030445920303463936 0.022473588585853577 0.9992837309837341 -0.009883161634206772
1403636581.2135556 0.999255895614624 0.023794785141944885 0.030354393646121025 -0.0034321360290050507 -0.022587696090340614 0.9989638924598694 -0.03950805217027664 -0.04102374613285065 -0.03126302734017372 0.03879301995038986 0.9987581968307495 -0.011592542752623558
1403636581.2635555 0.9993473291397095 0.019081218168139458 0.030672049149870872 -0.003625301644206047 -0.01730455458164215 0.9982137680053711 -0.05718141421675682 -0.045367587357759476 -0.031708355993032455 0.05661332607269287 0.9978924989700317 -0.012775427661836147
1403636581.3135555 0.9993391036987305 0.020846907049417496 0.02978171594440937 -0.0034997942857444286 -0.018661199137568474 0.9972391724586487 -0.07187272608280182 -0.0490325428545475 -0.031197821721434593 0.07126946747303009 0.9969691038131714 -0.014529408887028694
1403636581.3635557 0.9993144273757935 0.02082742564380169 0.030612003058195114 -0.0031868957448750734 -0.018235845491290092 0.9964136481285095 -0.08262745290994644 -0.05057515576481819 -0.032223138958215714 0.08201256394386292 0.9961102604866028 -0.015199854969978333
1403636581.4135554 0.9990366697311401 0.026612568646669388 0.03489284962415695 -0.0030228174291551113 -0.02354407124221325 0.9960529208183289 -0.08558031171560287 -0.05000665783882141 -0.03703264519572258 0.0846763327717781 0.9957200884819031 -0.015322028659284115
1403636581.4635556 0.9987611770629883 0.03230444714426994 0.03784957155585289 -0.0029244765173643827 -0.02915509231388569 0.996288001537323 -0.08099359273910522 -0.04822424799203873 -0.04032554104924202 0.07978971302509308 0.9959957003593445 -0.015056770294904709
1403636581.5135555 0.9984697103500366 0.037821460515260696 0.040345627814531326 -0.0026669546496123075 -0.0349060595035553 0.9968888163566589 -0.07066823542118073 -0.04451196640729904 -0.04289288818836212 0.06915178149938583 0.996683657169342 -0.014110984280705452
1403636581.5635555 0.9985364079475403 0.03465219587087631 0.04152298718690872 -0.0020437147468328476 -0.03222891688346863 0.9978151321411133 -0.05767258629202843 -0.04011477157473564 -0.04343074932694435 0.056249942630529404 0.9974716305732727 -0.012660931795835495
1403636581.6135554 0.9986833333969116 0.03219220042228699 0.03994046151638031 -0.0016794564435258508 -0.030401423573493958 0.9985394477844238 -0.0446612574160099 -0.034577202051877975 -0.041319865733385086 0.04338820278644562 0.998203456401825 -0.010777977295219898
1403636581.6635556 0.9988568425178528 0.027649521827697754 0.038995303213596344 -0.0013538447674363852 -0.026304779574275017 0.9990555047988892 -0.034586161375045776 -0.028010770678520203 -0.03991476073861122 0.033520862460136414 0.9986407160758972 -0.008734816685318947
1403636581.7135556 0.9988404512405396 0.03036014921963215 0.03736363351345062 -0.0007447361713275313 -0.029343709349632263 0.9991921782493591 -0.02745814435184002 -0.021982692182064056 -0.038167085498571396 0.026329917833209038 0.9989244341850281 -0.0065169730223715305
1403636581.7635555 0.9990161061286926 0.027294747531414032 0.03495530039072037 -0.00040852598613128066 -0.02645007148385048 0.999352216720581 -0.024403240531682968 -0.014966614544391632 -0.035598739981651306 0.023454658687114716 0.9990909099578857 -0.004241270944476128
1403636581.8135555 0.9992141127586365 0.02725256234407425 0.028781410306692123 -9.593197319190949e-05 -0.026650279760360718 0.999422013759613 -0.021106457337737083 -0.00802435539662838 -0.029339982196688652 0.02032283879816532 0.9993628859519958 -0.002268177457153797
1403636581.8635557 0.9993270635604858 0.025773337110877037 0.026100117713212967 0.00024742010282352567 -0.025353102013468742 0.9995455741882324 -0.016305625438690186 -0.0017592046642675996 -0.026508504524827003 0.015632931143045425 0.99952632188797 -0.0004643155261874199
1403636581.9135554 0.9995163083076477 0.02096424251794815 0.022970981895923615 0.00022072163119446486 -0.020815391093492508 0.9997608065605164 -0.006699933670461178 0.004721154924482107 -0.02310594916343689 0.006218542344868183 0.999713659286499 0.0012213555164635181
1403636581.9635556 0.9994544386863708 0.01865849271416664 0.027251476421952248 0.0002540154382586479 -0.018850989639759064 0.9997989535331726 0.0068240100517869 0.011540338397026062 -0.02711867354810238 -0.007334005553275347 0.9996052980422974 0.0031863267067819834
1403636582.0135555 0.999386191368103 0.01578238606452942 0.031274981796741486 0.00023036608763504773 -0.016525182873010635 0.9995840191841125 0.023636238649487495 0.016016675159335136 -0.030888939276337624 -0.0241385567933321 0.999231219291687 0.004351715091615915
1403636582.0635555 0.9992586374282837 0.016095560044050217 0.03497261554002762 0.00015570598770864308 -0.017522018402814865 0.9990106821060181 0.04087173193693161 0.021649004891514778 -0.034280166029930115 -0.04145422577857971 0.9985520839691162 0.005862925201654434
1403636582.1135554 0.9992458820343018 0.017825258895754814 0.03449612110853195 -3.958449815399945e-05 -0.01981382444500923 0.9981088042259216 0.05819007009267807 0.02624802477657795 -0.033393632620573044 -0.058829691261053085 0.997709333896637 0.006917538121342659
1403636582.1635556 0.9994328618049622 0.015685943886637688 0.029798047617077827 -2.0440726075321436e-05 -0.01781197264790535 0.9972109794616699 0.07247714698314667 0.02787938341498375 -0.02857806161046028 -0.0729668140411377 0.9969248175621033 0.007160999812185764
1403636582.2135556 0.9995105266571045 0.01633230596780777 0.026682697236537933 -0.000440737116150558 -0.018520472571253777 0.9962993264198303 0.08393239229917526 0.029854221269488335 -0.025213142856955528 -0.08438549935817719 0.9961141347885132 0.007532044779509306
1403636582.2635555 0.9995374083518982 0.01712881587445736 0.025128763169050217 -0.0007596062496304512 -0.019359232857823372 0.9956275820732117 0.09138365089893341 0.0297369584441185 -0.023453595116734505 -0.09182785451412201 0.9954986572265625 0.007443314418196678
1403636582.3135555 0.9996196031570435 0.017184719443321228 0.021568505093455315 -0.0009476798586547375 -0.019125143066048622 0.9954593777656555 0.09324627369642258 0.02779536508023739 -0.0198681578040123 -0.0936233177781105 0.995409369468689 0.006994264200329781
1403636582.3635557 0.9996780157089233 0.015912722796201706 0.019765518605709076 -0.0014113506767898798 -0.017595700919628143 0.9959547519683838 0.08811746537685394 0.02406647987663746 -0.018283367156982422 -0.08843686431646347 0.9959139823913574 0.005843161605298519
1403636582.4135554 0.9996621608734131 0.017075108364224434 0.019595883786678314 -0.0017885627457872033 -0.018507063388824463 0.996982753276825 0.07538445293903351 0.02009095810353756 -0.01824956014752388 -0.07572164386510849 0.9969619512557983 0.0046943239867687225
1403636582.4635556 0.9996781945228577 0.015967566519975662 0.019711125642061234 -0.002404644386842847 -0.01712808571755886 0.9980403184890747 0.06018446385860443 0.014351936988532543 -0.018711496144533157 -0.060502707958221436 0.9979925751686096 0.002978718839585781
1403636582.5135555 0.9995654225349426 0.019577238708734512 0.02203497104346752 -0.0023135764058679342 -0.020587440580129623 0.9987017512321472 0.0465928316116333 0.008984727784991264 -0.021094201132655144 -0.04702622815966606 0.9986708760261536 0.0016078309854492545
1403636582.5635555 0.999442458152771 0.020912298932671547 0.02602611482143402 -0.002600255189463496 -0.021861132234334946 0.999086320400238 0.0367228239774704 0.002262190682813525 -0.025234373286366463 -0.03727131336927414 0.9989864826202393 -0.00027113244868814945
1403636582.6135554 0.9992077350616455 0.024424586445093155 0.03142150118947029 -0.0027118693105876446 -0.02536644972860813 0.9992299675941467 0.029934145510196686 -0.003864157944917679 -0.030666174367070198 -0.030707482248544693 0.9990578889846802 -0.0020713703706860542
1403636582.6635556 0.9989852905273438 0.025191431865096092 0.03733353316783905 -0.002909018425270915 -0.026142681017518044 0.9993401765823364 0.025214510038495064 -0.010840950533747673 -0.036673709750175476 -0.02616492286324501 0.998984694480896 -0.00416476558893919
1403636582.7135556 0.9989262819290161 0.023885518312454224 0.039697546511888504 -0.0027543294709175825 -0.02471117116510868 0.9994856715202332 0.02043960429728031 -0.01733197271823883 -0.039188921451568604 -0.021398628130555153 0.9990026354789734 -0.0061628613620996475
1403636582.7635555 0.9988301992416382 0.02042941376566887 0.043828871101140976 -0.002473175758495927 -0.0210794098675251 0.9996738433837891 0.014419665560126305 -0.024670027196407318 -0.043519992381334305 -0.015326684340834618 0.9989349246025085 -0.008130867965519428
1403636582.8135555 0.9986209273338318 0.015377691946923733 0.05019766092300415 -0.0021142964251339436 -0.015644250437617302 0.9998655915260315 0.004921553656458855 -0.031179524958133698 -0.05011522397398949 -0.005700072273612022 0.9987271428108215 -0.00976833887398243
1403636582.8635557 0.9981854557991028 0.010697450488805771 0.05925679951906204 -0.0015396976377815008 -0.010187801904976368 0.999908447265625 -0.00889615062624216 -0.03474574163556099 -0.05934653803706169 0.008276311680674553 0.9982032775878906 -0.010468831285834312
1403636582.9135554 0.9978357553482056 0.005279500503093004 0.06554476916790009 -0.0012653251178562641 -0.0036345336120575666 0.9996760487556458 -0.025190750136971474 -0.040793463587760925 -0.06565654277801514 0.024898003786802292 0.9975316524505615 -0.012171061709523201
1403636582.9635556 0.9976067543029785 0.005548542365431786 0.06891918182373047 -0.0007951861480250955 -0.002666028216481209 0.9991204142570496 -0.04184634983539581 -0.046349842101335526 -0.06909075379371643 0.041562456637620926 0.9967442154884338 -0.013671550899744034
1403636583.0135555 0.9973706603050232 0.005074536427855492 0.07229026407003403 -0.0005494308425113559 -0.0008114452939480543 0.998264729976654 -0.05887957662343979 -0.05034647136926651 -0.07246361672878265 0.05866611376404762 0.9956440925598145 -0.015273327007889748
1403636583.0635555 0.9973315000534058 0.009019157849252224 0.07244818657636642 -0.000361927377525717 -0.003993715159595013 0.9975939393043518 -0.06921356171369553 -0.053106892853975296 -0.07289814949035645 0.06873952597379684 0.9949676990509033 -0.016511548310518265
1403636583.1135554 0.9972133636474609 0.0105849988758564 0.0738481879234314 -0.00010400760220363736 -0.005101047921925783 0.9972410202026367 -0.07405681163072586 -0.05420533940196037 -0.07442834973335266 0.0734737291932106 0.9945160150527954 -0.016655154526233673
1403636583.1635556 0.9968395233154297 0.015496660023927689 0.07791601121425629 0.00013040401972830296 -0.009691179729998112 0.9971857070922852 -0.07434282451868057 -0.05356455594301224 -0.07884879410266876 0.07335276156663895 0.9941842555999756 -0.016870718449354172
1403636583.2135556 0.9967198371887207 0.018944071605801582 0.07868226617574692 0.000344473693985492 -0.013259639963507652 0.9973058104515076 -0.07214947044849396 -0.051323190331459045 -0.07983709126710892 0.07086952030658722 0.994285523891449 -0.016147281974554062
1403636583.2635555 0.9968125224113464 0.02061956189572811 0.07706961035728455 0.0006124498322606087 -0.01534692570567131 0.9975406527519226 -0.06839065253734589 -0.04783555120229721 -0.07829026132822037 0.06698987632989883 0.9946774244308472 -0.014913915656507015
1403636583.3135555 0.9969402551651001 0.020210444927215576 0.07551053166389465 0.0005965927848592401 -0.015363306738436222 0.9978169798851013 -0.06422974169254303 -0.043510887771844864 -0.07664379477500916 0.06287313997745514 0.9950742721557617 -0.013161986134946346
1403636583.3635557 0.9970454573631287 0.021258952096104622 0.07381409406661987 0.0009188912226818502 -0.016852546483278275 0.9980672597885132 -0.05981387197971344 -0.03788866475224495 -0.07494303584098816 0.058393195271492004 0.9954766631126404 -0.010895741172134876
1403636583.4135554 0.9973949790000916 0.019038086757063866 0.06957586854696274 0.0012644544476643205 -0.015197989530861378 0.9983534216880798 -0.05531144142150879 -0.03169746324419975 -0.07051434367895126 0.05410994216799736 0.9960420727729797 -0.008586358278989792
1403636583.4635556 0.9976384043693542 0.022743580862879753 0.06481124460697174 0.001748233917169273 -0.01959768496453762 0.9986178278923035 -0.048768527805805206 -0.025095626711845398 -0.06583084166049957 0.047383204102516174 0.9967051148414612 -0.006567724514752626
1403636583.5135555 0.9978006482124329 0.023824967443943024 0.06185773015022278 0.0021650621201843023 -0.021222446113824844 0.9988755583763123 -0.042394161224365234 -0.018079465255141258 -0.06279822438955307 0.04098815098404884 0.9971842765808105 -0.004401203244924545
1403636583.5635555 0.9977365136146545 0.02767830528318882 0.061284810304641724 0.002441123826429248 -0.025600852444767952 0.999079167842865 -0.034427985548973083 -0.01320188120007515 -0.062181293964385986 0.03278111666440964 0.9975263476371765 -0.0029780471231788397
1403636583.6135554 0.9973812103271484 0.03023693338036537 0.06569913774728775 0.0028747019823640585 -0.028791600838303566 0.9993245601654053 -0.022835979238152504 -0.006764146964997053 -0.06634524464607239 0.020884593948721886 0.9975781440734863 -0.000655731710139662
1403636583.6635556 0.9978517293930054 0.026581253856420517 0.05987802520394325 0.0030695979949086905 -0.02627994678914547 0.9996376633644104 -0.005814088508486748 0.00016265326121356338 -0.060010891407728195 0.004228001460433006 0.9981887936592102 0.001535314484499395
1403636583.7135556 0.9982258677482605 0.018414214253425598 0.05662132427096367 0.003081458155065775 -0.01929216831922531 0.9997013807296753 0.014998340979218483 0.007316575385630131 -0.05632824823260307 -0.016064081341028214 0.9982830286026001 0.003750312840566039
1403636583.7635555 0.9985961318016052 0.009794062003493309 0.05205467343330383 0.0031587753910571337 -0.011785008944571018 0.9992052316665649 0.038078948855400085 0.013555510900914669 -0.051640354096889496 -0.03863896057009697 0.9979179501533508 0.005338496528565884
1403636583.8135555 0.9986631870269775 0.004866764415055513 0.05145911127328873 0.0030596796423196793 -0.007940145209431648 0.9981853365898132 0.059690043330192566 0.01741562969982624 -0.05107523500919342 -0.06001884117722511 0.9968896508216858 0.006218389142304659
1403636583.8635557 0.9986746311187744 0.0034536286257207394 0.05135129392147064 0.003193987999111414 -0.007302096579223871 0.997160792350769 0.07494648545980453 0.022716011852025986 -0.05094665288925171 -0.07522213459014893 0.9958645105361938 0.007592520210891962
1403636583.9135554 0.99857097864151 0.008974816650152206 0.052680812776088715 0.0032596117816865444 -0.013449805788695812 0.9962717890739441 0.0852157324552536 0.027218831703066826 -0.05171960964798927 -0.08580253273248672 0.9949688911437988 0.008580450899899006
1403636583.9635556 0.9986467957496643 0.014837504364550114 0.049845196306705475 0.0032506128773093224 -0.019358597695827484 0.9956186413764954 0.09148142486810684 0.03086378052830696 -0.048269446939229965 -0.09232255071401596 0.9945585131645203 0.009277819655835629
1403636584.0135555 0.9987891316413879 0.019423844292759895 0.045198701322078705 0.0026484383270144463 -0.023669293150305748 0.9951600432395935 0.09537442773580551 0.03143464773893356 -0.0431273989379406 -0.0963287502527237 0.9944148063659668 0.009093716740608215
1403636584.0635555 0.9990646243095398 0.021406564861536026 0.03757196292281151 0.0023297802545130253 -0.02491561695933342 0.9951118230819702 0.09556026011705399 0.03249823674559593 -0.03534269705414772 -0.09640700370073318 0.9947143197059631 0.008923000656068325
1403636584.1135554 0.9992707371711731 0.021481193602085114 0.03156697750091553 0.002009244402870536 -0.024403885006904602 0.9951469302177429 0.09532582759857178 0.0320143923163414 -0.02936607226729393 -0.09602665156126022 0.9949455261230469 0.008634611964225769
1403636584.1635556 0.9993720054626465 0.022336026653647423 0.027507727965712547 0.001740889623761177 -0.02487572841346264 0.995095431804657 0.09574149549007416 0.029874680563807487 -0.02523432858288288 -0.09636565297842026 0.9950260519981384 0.0079609714448452
1403636584.2135556 0.9993795156478882 0.023569218814373016 0.02617274783551693 0.0015716173220425844 -0.025970689952373505 0.9950844049453735 0.09556573629379272 0.02627856284379959 -0.023791685700416565 -0.09618615359067917 0.995078980922699 0.007020055316388607
1403636584.2635555 0.9994193315505981 0.02292291447520256 0.025210775434970856 0.001713131321594119 -0.025100840255618095 0.9956462383270264 0.08976919203996658 0.025549672544002533 -0.02304323948919773 -0.09034986793994904 0.9956434369087219 0.006900885608047247
1403636584.3135555 0.9993793368339539 0.023940416052937508 0.02584347315132618 0.0014358821790665388 -0.026098284870386124 0.9958949089050293 0.08667376637458801 0.017938964068889618 -0.023662379011511803 -0.08729444444179535 0.9959014654159546 0.0048880809918046
1403636584.3635557 0.9992203712463379 0.02748972177505493 0.028335902839899063 0.0015256521292030811 -0.029756702482700348 0.9961084723472595 0.08296043425798416 0.0126712117344141 -0.025945071130990982 -0.08373893052339554 0.9961498975753784 0.0039248173125088215
1403636584.4135554 0.9987520575523376 0.03439616784453392 0.036209575831890106 0.0015699564246460795 -0.037162378430366516 0.9962038993835449 0.07871973514556885 0.005647407379001379 -0.03336446359753609 -0.07996714860200882 0.9962389469146729 0.0023535811342298985
1403636584.4635556 0.9983035922050476 0.0394684299826622 0.042806170880794525 0.0017608129419386387 -0.042497824877500534 0.9964744448661804 0.07233631610870361 -0.0018352435436099768 -0.039800260215997696 -0.07403276860713959 0.9964612126350403 0.000774514046497643
1403636584.5135555 0.9980648159980774 0.04104825481772423 0.046707358211278915 0.0014283336931839585 -0.04387814179062843 0.9971563816070557 0.061268847435712814 -0.00846370030194521 -0.04405955225229263 -0.0631997212767601 0.9970278143882751 -0.0007593022310175002
1403636584.5635555 0.9979391098022461 0.03990457206964493 0.05025043711066246 0.001294226385653019 -0.04233013093471527 0.9979419112205505 0.04816775023937225 -0.016487764194607735 -0.04822491109371185 -0.0501955971121788 0.9975743889808655 -0.0025579885113984346
1403636584.6135554 0.9977481365203857 0.03820274397730827 0.05513015761971474 0.0012466083280742168 -0.039939623326063156 0.9987286925315857 0.030754420906305313 -0.02423700876533985 -0.05388517677783966 -0.032887041568756104 0.9980053901672363 -0.004340243060141802
1403636584.6635556 0.9974160194396973 0.03574201464653015 0.0623197965323925 0.0009925205959007144 -0.03640320152044296 0.9992919564247131 0.00950628798455 -0.028800074011087418 -0.061935897916555405 -0.011750366538763046 0.9980109333992004 -0.005465555936098099
1403636584.7135556 0.9970425367355347 0.03541186824440956 0.06820646673440933 0.0009000494028441608 -0.03466722369194031 0.9993259906768799 -0.012070611119270325 -0.03613665699958801 -0.06858793646097183 0.009670384228229523 0.9975981116294861 -0.0073166582733392715
1403636584.7635555 0.99653559923172 0.034508123993873596 0.0756697729229927 0.0007389897364191711 -0.03215605020523071 0.9989677667617798 -0.03208482638001442 -0.0427246056497097 -0.07669885456562042 0.02954043075442314 0.9966166019439697 -0.00925657618790865
1403636584.8135555 0.9962413907051086 0.03548350930213928 0.07901929318904877 0.0008928949828259647 -0.0316716805100441 0.998297393321991 -0.048981230705976486 -0.047456637024879456 -0.08062278479337692 0.0462944470345974 0.9956690669059753 -0.010519265197217464
1403636584.8635557 0.9962311387062073 0.03147987648844719 0.08082526922225952 0.0006742867990396917 -0.02645098976790905 0.9976910352706909 -0.06255343556404114 -0.05210302397608757 -0.08260783553123474 0.060179755091667175 0.9947635531425476 -0.01226021908223629
1403636584.9135554 0.9963929653167725 0.028629884123802185 0.07988383620977402 0.00028335885144770145 -0.022923480719327927 0.9971801042556763 -0.07145826518535614 -0.05603255704045296 -0.08170443028211594 0.06936927884817123 0.9942396283149719 -0.01436068769544363
1403636584.9635556 0.9964454770088196 0.02210579253733158 0.08128849416971207 0.0004435442970134318 -0.015967441722750664 0.9970254302024841 -0.0754024088382721 -0.05862633138895035 -0.0827135369181633 0.07383641600608826 0.993834376335144 -0.014953656122088432
1403636585.0135555 0.996172308921814 0.019418731331825256 0.08522681146860123 -6.265455158427358e-05 -0.012959071435034275 0.997046172618866 -0.07570278644561768 -0.0572672039270401 -0.08644510060548782 0.07430856674909592 0.9934815168380737 -0.015070188790559769
1403636585.0635555 0.9959138631820679 0.01706688478589058 0.08868084847927094 -0.0001982143148779869 -0.010681877844035625 0.9973486661911011 -0.07198178023099899 -0.05682362988591194 -0.08967423439025879 0.07074037939310074 0.9934557676315308 -0.014862129464745522
1403636585.1135554 0.9958565831184387 0.016105860471725464 0.08950038254261017 -0.0003455711412243545 -0.010031360201537609 0.9976409077644348 -0.0679110586643219 -0.054573316127061844 -0.09038300812244415 0.06673189252614975 0.9936688542366028 -0.013360602781176567
1403636585.1635556 0.9954665899276733 0.014102387242019176 0.09406042844057083 9.423866868019104e-05 -0.00826985016465187 0.9980348944664001 -0.06211234629154205 -0.05148893594741821 -0.09475152939558029 0.06105291098356247 0.9936270713806152 -0.012070612981915474
1403636585.2135556 0.9949245452880859 0.01461829524487257 0.09955637902021408 0.00039456639206036925 -0.009082172065973282 0.9983986020088196 -0.0558357909321785 -0.04742167890071869 -0.10021317005157471 0.05464821308851242 0.9934641122817993 -0.010634074918925762
1403636585.2635555 0.9941360950469971 0.021163180470466614 0.10604538023471832 0.000848347379360348 -0.015987232327461243 0.9986498951911926 -0.04942343011498451 -0.04362370818853378 -0.10694818198680878 0.047438234090805054 0.9931322932243347 -0.00914798118174076
1403636585.3135555 0.9935057759284973 0.026414277032017708 0.11067238450050354 0.0014667485374957323 -0.021646706387400627 0.9987943172454834 -0.04406069219112396 -0.03858577087521553 -0.11170276999473572 0.04137885570526123 0.9928799271583557 -0.007149255834519863
1403636585.3635557 0.9929783344268799 0.03471516817808151 0.11308752000331879 0.002300745341926813 -0.03057609684765339 0.9988047480583191 -0.038132257759571075 -0.033061157912015915 -0.11427613347768784 0.03440673649311066 0.9928529858589172 -0.005120352376252413
1403636585.4135554 0.9927244782447815 0.039398517459630966 0.11377965658903122 0.00314309261739254 -0.03607849031686783 0.9988651871681213 -0.031093420460820198 -0.028394680470228195 -0.11487556993961334 0.026762204244732857 0.9930194020271301 -0.002728416584432125
1403636585.4635556 0.9932621121406555 0.04292294383049011 0.1076480969786644 0.003596181981265545 -0.04077881574630737 0.9989251494407654 -0.022041745483875275 -0.022841259837150574 -0.10847846418619156 0.017503470182418823 0.9939447641372681 -0.0010275052627548575
1403636585.5135555 0.993762195110321 0.04462345317006111 0.10220254212617874 0.003980207722634077 -0.04367871955037117 0.998979926109314 -0.011464172974228859 -0.017297180369496346 -0.10260984301567078 0.006928592920303345 0.994697630405426 0.00042209902312606573
1403636585.5635555 0.994857907295227 0.04520583525300026 0.09063257277011871 0.0038217189721763134 -0.045434221625328064 0.9989672303199768 0.0004573846235871315 -0.012862367555499077 -0.0905182883143425 -0.0045728525146842 0.9958842396736145 0.000825187424197793
1403636585.6135554 0.995938241481781 0.04528938978910446 0.07781939953565598 0.004025361966341734 -0.046477265655994415 0.9988278150558472 0.013520751148462296 -0.010838339105248451 -0.07711584866046906 -0.017082663252949715 0.9968757033348083 0.0003865266335196793
1403636585.6635556 0.9970322847366333 0.04128803685307503 0.06497575342655182 0.004251494072377682 -0.04314262047410011 0.99869304895401 0.027402732521295547 -0.006855160929262638 -0.06375943124294281 -0.030124634504318237 0.9975104331970215 0.0002622339525260031
1403636585.7135556 0.9979897141456604 0.03566791117191315 0.05238501727581024 0.004200253169983625 -0.0379173643887043 0.9983726739883423 0.04259376972913742 -0.003721389453858137 -0.05078054964542389 -0.044494446367025375 0.997718095779419 -0.00030578678706660867
1403636585.7635555 0.9985858798027039 0.029196718707680702 0.044426269829273224 0.0041601513512432575 -0.03176729753613472 0.9977934956550598 0.05830054357647896 -0.0013844658387824893 -0.04262605682015419 -0.0596294105052948 0.9973099827766418 -0.0008600931032560766
1403636585.8135555 0.9991436004638672 0.021603349596261978 0.0352884978055954 0.004031302407383919 -0.024190044030547142 0.9969200491905212 0.07459982484579086 0.00026662880554795265 -0.033568207174539566 -0.07538958638906479 0.996588945388794 -0.0016657455125823617
1403636585.8635557 0.9995025992393494 0.014597666449844837 0.02795248106122017 0.003932421561330557 -0.017142893746495247 0.9955095648765564 0.09309569001197815 0.0011995239183306694 -0.026467978954315186 -0.09352858364582062 0.9952647089958191 -0.0026769801042973995
1403636585.9135554 0.9997101426124573 0.008464212529361248 0.022539105266332626 0.0038306480273604393 -0.010932606644928455 0.9936761260032654 0.11175023764371872 0.0017935649957507849 -0.021450700238347054 -0.11196425557136536 0.9934806823730469 -0.0037536760792136192
1403636585.9635556 0.9997346997261047 0.0030220376793295145 0.02283383347094059 0.0037691702600568533 -0.0060361530631780624 0.9910825490951538 0.13311219215393066 0.002034195000305772 -0.022227948531508446 -0.13321471214294434 0.9908378720283508 -0.004660083446651697
1403636586.0135555 0.9995662569999695 -0.002439817413687706 0.029348744079470634 0.003681484144181013 -0.00219717132858932 0.9876067042350769 0.15693338215351105 0.002170796738937497 -0.02936791256070137 -0.1569298356771469 0.9871730208396912 -0.005421919282525778
1403636586.0635555 0.9990792870521545 -0.004384062252938747 0.04267581179738045 0.003495602635666728 -0.0034437852445989847 0.98335862159729 0.18164202570915222 0.0020052283070981503 -0.04276195541024208 -0.18162178993225098 0.9824382662773132 -0.005560560617595911
1403636586.1135554 0.9984404444694519 -0.009364593774080276 0.05503558740019798 0.0032615771051496267 -0.0020285325590521097 0.9790937900543213 0.20339903235435486 0.0017939009703695774 -0.055789753794670105 -0.20319350063800812 0.9775478839874268 -0.006113034673035145
1403636586.1635556 0.9977288246154785 -0.01560677494853735 0.06552553921937943 0.002742870943620801 0.0006594858132302761 0.9750046730041504 0.2221834361553192 0.001434597186744213 -0.06735528260469437 -0.2216356247663498 0.972800612449646 -0.006835193373262882
1403636586.2135556 0.997377872467041 -0.021318955346941948 0.06915833801031113 0.002334786579012871 0.004155927803367376 0.9709210395812988 0.23936356604099274 0.0011451520258560777 -0.07225028425455093 -0.23844853043556213 0.9684638977050781 -0.007607894949615002
1403636586.2635555 0.9972415566444397 -0.025360029190778732 0.06975662708282471 0.0019376478157937527 0.0065047480165958405 0.9660639762878418 0.25822070240974426 0.0009760011453181505 -0.07393784821033478 -0.2570546865463257 0.9635642766952515 -0.008596313185989857
1403636586.3135555 0.9970197081565857 -0.031439393758773804 0.07045000791549683 0.0016551916487514973 0.010658795945346355 0.9605724811553955 0.27782514691352844 0.0008736334275454283 -0.07640700787305832 -0.27624621987342834 0.9580448865890503 -0.009666787460446358
1403636586.3635557 0.9967806339263916 -0.03671901673078537 0.07127504795789719 0.0014297551242634654 0.01385536603629589 0.9544791579246521 0.29795539379119873 0.000981310149654746 -0.07897119224071503 -0.29600855708122253 0.951915442943573 -0.01074187085032463
1403636586.4135554 0.996533215045929 -0.04321211203932762 0.07109435647726059 0.0012776256771758199 0.018440209329128265 0.948001503944397 0.31773093342781067 0.0011669415980577469 -0.08112739026546478 -0.31531840562820435 0.945512056350708 -0.01197628490626812
1403636586.4635556 0.996584951877594 -0.04394915699958801 0.06990786641836166 0.0015251842560246587 0.01796051859855652 0.9416977763175964 0.3359799087047577 0.0014380505308508873 -0.08059815317392349 -0.33357688784599304 0.9392713904380798 -0.013285540044307709
1403636586.5135555 0.9966484904289246 -0.04282279685139656 0.06969976425170898 0.0017522962298244238 0.015589842572808266 0.9358496069908142 0.35205429792404175 0.0015943092294037342 -0.08030448108911514 -0.34978777170181274 0.9333809018135071 -0.014556480571627617
1403636586.5635555 0.9968453645706177 -0.04198339954018593 0.06735394150018692 0.0021159667521715164 0.014547588303685188 0.9309116005897522 0.36495471000671387 0.0014912332408130169 -0.07802259922027588 -0.3628236651420593 0.9285857677459717 -0.01463604811578989
1403636586.6135554 0.997079610824585 -0.040983591228723526 0.06443916261196136 0.0027968469075858593 0.014159146696329117 0.928378701210022 0.37136584520339966 0.0013469476252794266 -0.07504384219646454 -0.36936894059181213 0.9262478947639465 -0.01545458473265171
1403636586.6635556 0.9970177412033081 -0.042642757296562195 0.0643196776509285 0.0036800203379243612 0.015660874545574188 0.9279248714447021 0.3724382519721985 0.0008979425765573978 -0.07556561380624771 -0.37032029032707214 0.9258255362510681 -0.01588081754744053
1403636586.7135556 0.9971575140953064 -0.04195266589522362 0.06258420646190643 0.004680887330323458 0.015975382179021835 0.9294787049293518 0.36852964758872986 0.0003173304721713066 -0.07363148033618927 -0.36648234724998474 0.9275069236755371 -0.016084590926766396
1403636586.7635555 0.9974213242530823 -0.04276064783334732 0.05763900279998779 0.00559963658452034 0.019103609025478363 0.9323350191116333 0.36109066009521484 -5.48679381608963e-05 -0.06917933374643326 -0.3590584099292755 0.9307477474212646 -0.016014568507671356
1403636586.8135555 0.9976329803466797 -0.04219844564795494 0.05429331213235855 0.006307103205472231 0.020323511213064194 0.9352327585220337 0.3534497320652008 -0.00035612331703305244 -0.06569191813468933 -0.3515097200870514 0.9338765740394592 -0.01570049673318863
1403636586.8635557 0.9978350400924683 -0.03979695960879326 0.05235866829752922 0.007086184807121754 0.019226141273975372 0.9378702044487 0.3464536964893341 -0.0005423971451818943 -0.06289343535900116 -0.3446969985961914 0.9366047978401184 -0.015308761969208717
1403636586.9135554 0.9981300234794617 -0.03515530005097389 0.05000530928373337 0.007483243010938168 0.016016868874430656 0.939899742603302 0.3410746455192566 -0.0006260015070438385 -0.05899055302143097 -0.3396358788013458 0.938705325126648 -0.01486790832132101
1403636586.9635556 0.998430609703064 -0.03179188445210457 0.04610308259725571 0.007721724919974804 0.014452837407588959 0.941631555557251 0.3363349735736847 -0.0006273547187447548 -0.054104842245578766 -0.3351408541202545 0.9406132102012634 -0.014425908215343952
1403636587.0135555 0.9987682700157166 -0.0255740936845541 0.0425196997821331 0.00791562907397747 0.009905707091093063 0.9424589276313782 0.334175169467926 -0.0007821959443390369 -0.048619307577610016 -0.33334237337112427 0.9415514469146729 -0.01390333566814661
1403636587.0635555 0.9989352822303772 -0.022509850561618805 0.04026930406689644 0.008070362731814384 0.007703282870352268 0.9420157074928284 0.335480272769928 -0.001019074348732829 -0.04548593610525131 -0.33481281995773315 0.9411861896514893 -0.01338017825037241
1403636587.1135554 0.9990946650505066 -0.018287207931280136 0.0384114608168602 0.008403872139751911 0.0041572474874556065 0.9405430555343628 0.33964917063713074 -0.0012133207637816668 -0.042338866740465164 -0.3391819894313812 0.9397675395011902 -0.01288679800927639
1403636587.1635556 0.9991487860679626 -0.015015915036201477 0.03841976821422577 0.008939404040575027 0.0008568842895328999 0.9387444853782654 0.3446129858493805 -0.0014661618042737246 -0.04124102368950844 -0.3442867696285248 0.937958300113678 -0.01233288086950779
1403636587.2135556 0.9992101192474365 -0.014114507474005222 0.037148866802453995 0.009764113463461399 0.00032081641256809235 0.9376353621482849 0.3476203978061676 -0.0016505680978298187 -0.03973858058452606 -0.3473338782787323 0.9368992447853088 -0.011738358065485954
1403636587.2635555 0.9991841912269592 -0.015480171889066696 0.037302155047655106 0.01103286724537611 0.0014895889908075333 0.9371218085289001 0.34899941086769104 -0.001778678852133453 -0.040359240025281906 -0.34865909814834595 0.9363802671432495 -0.011098182760179043
1403636587.3135555 0.9991177916526794 -0.017950065433979034 0.03796566277742386 0.01212405040860176 0.0035481080412864685 0.936896562576294 0.3495888411998749 -0.001727126887999475 -0.04184504598379135 -0.3491457402706146 0.9361337423324585 -0.010807964950799942
1403636587.3635557 0.9989849328994751 -0.021008439362049103 0.03984551504254341 0.01417633332312107 0.005681021139025688 0.9362764954566956 0.35121774673461914 -0.0019817594438791275 -0.04468496888875961 -0.3506348431110382 0.9354456663131714 -0.010040540248155594
1403636587.4135554 0.9988899230957031 -0.02301596663892269 0.04109817370772362 0.01654895767569542 0.007024034857749939 0.9355228543281555 0.35319629311561584 -0.002299932297319174 -0.04657744988799095 -0.35251548886299133 0.9346461296081543 -0.009307961910963058
1403636587.4635556 0.9987244009971619 -0.0276933703571558 0.04221988841891289 0.019024401903152466 0.01093118917196989 0.9349281787872314 0.35466840863227844 -0.002474549226462841 -0.04929453879594803 -0.35375452041625977 0.9340384006500244 -0.00877102930098772
1403636587.5135555 0.9985814690589905 -0.032202962785959244 0.042402856051921844 0.02208302542567253 0.01496803481131792 0.9340371489524841 0.3568618893623352 -0.0027125729247927666 -0.05109786614775658 -0.35572096705436707 0.9331942796707153 -0.0081471623852849
