0.1037359 0.9999966025352478 -0.0022974677849560976 -0.0011763707734644413 -0.0063470592722296715 0.002295123180374503 0.9999953508377075 -0.001990397460758686 -0.0002494485815986991 0.0011809375137090683 0.0019876910373568535 0.9999973773956299 0.05055070295929909
0.2073381 0.9999828338623047 -0.001241578022018075 -0.005715396720916033 -0.006390773691236973 0.0012196069583296776 0.999991774559021 -0.0038460884243249893 -0.00012370922195259482 0.005720125045627356 0.0038390515837818384 0.9999762773513794 0.09374205023050308
0.3110752 0.9999522566795349 -0.0011702993651852012 -0.009703844785690308 -0.007029430009424686 0.0011204571928828955 0.9999861717224121 -0.00514021422713995 -0.0004190389299765229 0.009709730744361877 0.00512909609824419 0.9999397397041321 0.13711996376514435
0.4146917 0.9998931288719177 0.0002071048365905881 -0.014615170657634735 -0.00799231231212616 -0.0002917096426244825 0.9999831914901733 -0.00578691903501749 -0.0007272964576259255 0.014613723382353783 0.00579056516289711 0.9998764991760254 0.18070414662361145
0.5184302 0.9998242855072021 -0.0010963678359985352 -0.018719198182225227 -0.009205869399011135 0.0009830192429944873 0.9999810457229614 -0.00606333464384079 -0.001208823174238205 0.018725499510765076 0.006043868139386177 0.9998064041137695 0.22438131272792816
0.6220448 0.9997469782829285 0.0008234957349486649 -0.022477466613054276 -0.011260775849223137 -0.0009828399633988738 0.9999744296073914 -0.007078942842781544 -0.00186730467248708 0.02247106470167637 0.007099243346601725 0.9997223019599915 0.2688257694244385
0.7257977 0.9996236562728882 0.0037189784925431013 -0.027174560353159904 -0.013094347901642323 -0.003928821068257093 0.9999629855155945 -0.007672709878534079 -0.0024422521237283945 0.027145016938447952 0.007776588201522827 0.9996011853218079 0.31428179144859314
0.8294199 0.999503493309021 0.003959378227591515 -0.031256649643182755 -0.014998147264122963 -0.004157396033406258 0.9999716877937317 -0.0062727597542107105 -0.0027686371468007565 0.031230920925736427 0.0063995919190347195 0.9994917511940002 0.36092445254325867
0.9331467 0.9993618130683899 0.0028987748082727194 -0.03560227155685425 -0.016925161704421043 -0.0030208940152078867 0.9999896287918091 -0.0033767647109925747 -0.003454493824392557 0.035592127591371536 0.003482160856947303 0.9993603229522705 0.4079027473926544
1.03691 0.9992532134056091 0.0026634568348526955 -0.038547467440366745 -0.019427882507443428 -0.0026877629570662975 0.9999961256980896 -0.0005787271074950695 -0.003971359692513943 0.03854577615857124 0.0006819012924097478 0.9992566108703613 0.45557376742362976
1.140497 0.999142587184906 0.004054473713040352 -0.04119989648461342 -0.0221216082572937 -0.004090127535164356 0.9999912977218628 -0.0007811365649104118 -0.004906661342829466 0.041196368634700775 0.0009489795775152743 0.9991506338119507 0.5040456652641296
1.244242 0.9990787506103516 0.0036449055187404156 -0.04275703802704811 -0.024743374437093735 -0.0037059274036437273 0.9999922513961792 -0.0013479945482686162 -0.004907429683953524 0.04275179281830788 0.0015052072703838348 0.9990847110748291 0.5522944927215576
1.347979 0.9990286827087402 0.0007868282846175134 -0.04405592009425163 -0.02728249318897724 -0.000865176145453006 0.999998152256012 -0.001759347622282803 -0.005513141863048077 0.04405444860458374 0.0017957550007849932 0.9990275502204895 0.6010948419570923
1.451596 0.9989418983459473 0.0005776108591817319 -0.04598499834537506 -0.030107900500297546 -0.0006507460493594408 0.9999985098838806 -0.001575457863509655 -0.005230210721492767 0.045984022319316864 0.0016037155874073505 0.9989408850669861 0.6515607237815857
1.555212 0.9988952279090881 -0.0006320732645690441 -0.04698842018842697 -0.032942354679107666 0.0005131799844093621 0.9999966025352478 -0.002542287576943636 -0.00521490816026926 0.04698987677693367 0.002515365369617939 0.9988921880722046 0.7022481560707092
1.65896 0.9988142848014832 0.001252071699127555 -0.04866510257124901 -0.03607013076543808 -0.0014502429403364658 0.9999907612800598 -0.004037037491798401 -0.00646646972745657 0.04865959286689758 0.004102827049791813 0.9988069534301758 0.7530242800712585
1.762569 0.9987550377845764 0.0017708661034703255 -0.0498507134616375 -0.03913353383541107 -0.0021179562900215387 0.9999737739562988 -0.006910620257258415 -0.006804333999752998 0.049837175756692886 0.00700759794563055 0.9987326860427856 0.8044215440750122
1.866302 0.9986650943756104 0.005693546961992979 -0.0513383187353611 -0.042747613042593 -0.0061247628182172775 0.999947190284729 -0.008246084675192833 -0.007894248701632023 0.0512886717915535 0.008549509570002556 0.9986472725868225 0.8566309809684753
1.969923 0.9986180663108826 0.006657712627202272 -0.05213133245706558 -0.04609575867652893 -0.00704969884827733 0.9999482035636902 -0.007338920142501593 -0.009097423404455185 0.05207977071404457 0.0076962863095104694 0.9986132979393005 0.9088635444641113
2.073666 0.9985572099685669 0.0054596466943621635 -0.053418196737766266 -0.049340907484292984 -0.0057864864356815815 0.9999654293060303 -0.005965752527117729 -0.009689209051430225 0.05338378623127937 0.006266248878091574 0.9985544681549072 0.9619516134262085
2.177281 0.9985067248344421 0.006448444444686174 -0.0542447566986084 -0.05292566493153572 -0.0067372992634773254 0.9999640583992004 -0.005143842194229364 -0.009963970631361008 0.0542096346616745 0.005501624196767807 0.9985145330429077 1.0145546197891235
2.281017 0.9984614849090576 0.005464346148073673 -0.05518147721886635 -0.05625612661242485 -0.005744399037212133 0.9999713897705078 -0.004917779006063938 -0.01084988098591566 0.05515305697917938 0.005227197427302599 0.9984642863273621 1.0684477090835571
2.384639 0.9983145594596863 0.00522052776068449 -0.05779809132218361 -0.05879807099699974 -0.005567443091422319 0.9999673366546631 -0.005842798855155706 -0.011548507958650589 0.05776570364832878 0.006154739763587713 0.9983112215995789 1.1224186420440674
2.48825 0.9983230829238892 0.0037742373533546925 -0.057764410972595215 -0.06254875659942627 -0.0041505564004182816 0.9999709129333496 -0.006396133452653885 -0.012378014624118805 0.057738594710826874 0.006625162437558174 0.998309850692749 1.1756975650787354
2.591988 0.9982924461364746 0.0036495402455329895 -0.0582989826798439 -0.06584006547927856 -0.003946197684854269 0.9999797940254211 -0.004974243231117725 -0.012566379271447659 0.05827966332435608 0.005195809993892908 0.9982868432998657 1.2304075956344604
2.695832 0.9982970952987671 0.005227940157055855 -0.058100998401641846 -0.06956629455089569 -0.005322092678397894 0.9999846816062927 -0.0014658564468845725 -0.0137437479570508 0.058092474937438965 0.0017725789221003652 0.9983096718788147 1.2849241495132446
2.799367 0.9983178377151489 0.006340375170111656 -0.05762994661927223 -0.07279197871685028 -0.006220459472388029 0.9999780654907227 0.0022599510848522186 -0.01458862517029047 0.05764303728938103 -0.0018976647406816483 0.9983354210853577 1.339797019958496
2.903084 0.9984272122383118 0.00499853678047657 -0.055842604488134384 -0.07592916488647461 -0.004711257293820381 0.9999749064445496 0.005274944938719273 -0.014869467355310917 0.05586758628487587 -0.005003557540476322 0.9984256625175476 1.395490288734436
3.006768 0.9985191822052002 0.005026551429182291 -0.054168280214071274 -0.07934342324733734 -0.004718811716884375 0.9999719262123108 0.005807619541883469 -0.015192474238574505 0.05419595539569855 -0.005543408915400505 0.9985150098800659 1.451074242591858
3.110441 0.9986189603805542 0.005850068759173155 -0.052213266491889954 -0.08290857821702957 -0.0057017928920686245 0.9999791979789734 0.0029883193783462048 -0.015400446020066738 0.05222968012094498 -0.002686483087018132 0.9986315369606018 1.5060263872146606
3.214057 0.9986410737037659 0.006379769649356604 -0.05172331631183624 -0.08556011319160461 -0.006455314811319113 0.9999783039093018 -0.001293630339205265 -0.0161353200674057 0.051713939756155014 0.0016257627867162228 0.998660683631897 1.562268853187561
3.317669 0.9987185001373291 0.0060027893632650375 -0.050251588225364685 -0.08894798904657364 -0.0062559726648032665 0.9999686479568481 -0.004882557783275843 -0.016243619844317436 0.05022069439291954 0.005190673284232616 0.9987248182296753 1.6180140972137451
3.421285 0.9987863302230835 0.0038964503910392523 -0.04909828305244446 -0.09200837463140488 -0.004097944125533104 0.9999836087226868 -0.004003881011158228 -0.016801731660962105 0.04908187687397003 0.004200223367661238 0.9987859725952148 1.674371361732483
3.524925 0.9987587332725525 0.001785174012184143 -0.0497761107981205 -0.09416979551315308 -0.0017350056441500783 0.9999980926513672 0.0010510633001103997 -0.017590021714568138 0.049777887761592865 -0.0009633970912545919 0.9987598657608032 1.7316088676452637
3.628545 0.9987261891365051 -0.001752516021952033 -0.05042596906423569 -0.09689301252365112 0.001968259457498789 0.9999891519546509 0.004229072481393814 -0.017914462834596634 0.050418008118867874 -0.004322937689721584 0.998718798160553 1.789251446723938
3.732256 0.9986289143562317 -0.008623498491942883 -0.05163310095667839 -0.09916339814662933 0.00883228238672018 0.9999536871910095 0.0038167694583535194 -0.018818970769643784 0.05159779265522957 -0.004267573822289705 0.9986587762832642 1.845091462135315
3.835871 0.9985290169715881 -0.01017012633383274 -0.05325818061828613 -0.10189713537693024 0.010173945687711239 0.9999482035636902 -0.0001994119957089424 -0.019224438816308975 0.05325745791196823 -0.0003427271731197834 0.9985807538032532 1.9018534421920776
3.939488 0.9984764456748962 -0.010629495605826378 -0.05414607748389244 -0.10572265833616257 0.010428731329739094 0.9999375343322754 -0.003989087417721748 -0.019538551568984985 0.05418512225151062 0.0034183342941105366 0.9985251426696777 1.9588731527328491
4.043107 0.998376727104187 -0.009310788474977016 -0.05618855357170105 -0.10938660055398941 0.009063678793609142 0.9999480843544006 -0.004651116207242012 -0.02004696987569332 0.056228939443826675 0.004134291782975197 0.9984093904495239 2.017030715942383
4.146888 0.9983364343643188 -0.009898073971271515 -0.05680161714553833 -0.11334110796451569 0.009713533334434032 0.9999465346336365 -0.00352409016340971 -0.02045339345932007 0.05683346837759018 0.0029664828907698393 0.9983792901039124 2.0754716396331787
4.25046 0.9982864856719971 -0.007073873188346624 -0.05808791518211365 -0.11681009083986282 0.007049969397485256 0.9999749064445496 -0.0006164812948554754 -0.02123352326452732 0.05809082090854645 0.0002059058751910925 0.9983113408088684 2.1339659690856934
4.354202 0.9982104897499084 -0.006614169105887413 -0.059430819004774094 -0.12048675119876862 0.006680128164589405 0.9999772310256958 0.0009112301049754024 -0.022229710593819618 0.05942344665527344 -0.0013066052924841642 0.9982320666313171 2.1923255920410156
4.45794 0.998177170753479 -0.005136868916451931 -0.0601319745182991 -0.12463240325450897 0.005355642642825842 0.9999796152114868 0.003477630903944373 -0.022833965718746185 0.06011289358139038 -0.0037933376152068377 0.9981844425201416 2.250809669494629
4.561559 0.9981581568717957 -0.00568912411108613 -0.06039831042289734 -0.12804751098155975 0.006102399434894323 0.9999591708183289 0.006660239305347204 -0.023288002237677574 0.060357946902513504 -0.007016547489911318 0.9981521368026733 2.309523582458496
4.665293 0.9981488585472107 0.0006360581610351801 -0.060815006494522095 -0.1323012113571167 -0.00010924017988145351 0.9999623894691467 0.008665560744702816 -0.023510344326496124 0.06081823632121086 -0.008642876520752907 0.9981114268302917 2.3680853843688965
4.768912 0.9981439113616943 0.00026051996974274516 -0.06089736521244049 -0.1363193243741989 0.0002247331285616383 0.9999682903289795 0.0079613933339715 -0.023795604705810547 0.06089751049876213 -0.0079603036865592 0.9981123805046082 2.425696849822998
4.872532 0.9981268644332886 0.000405199418310076 -0.061176203191280365 -0.13937515020370483 1.9259375676483614e-06 0.9999779462814331 0.006654758471995592 -0.02424207702279091 0.06117755547165871 -0.006642411462962627 0.9981049299240112 2.48394513130188
4.976146 0.9981589317321777 0.0028130931314080954 -0.060586437582969666 -0.14427512884140015 -0.002581049455329776 0.9999890327453613 0.003907877020537853 -0.024291982874274254 0.060596778988838196 -0.003744307206943631 0.9981552958488464 2.541006088256836
5.079909 0.9980837106704712 0.002529443008825183 -0.06182685121893883 -0.14793696999549866 -0.0022647532168775797 0.9999879598617554 0.004350848030298948 -0.02523573860526085 0.06183710694313049 -0.0042024883441627026 0.9980774521827698 2.599165678024292
5.183503 0.9980371594429016 -4.7475998144363984e-05 -0.0626240149140358 -0.15179406106472015 0.00037425532354973257 0.9999863505363464 0.005206400528550148 -0.025233082473278046 0.06262291222810745 -0.005219618324190378 0.9980236291885376 2.6555662155151367
5.287117 0.9979636073112488 0.0005388146382756531 -0.06378256529569626 -0.15541334450244904 -0.00015847600298002362 0.9999820590019226 0.005967962089926004 -0.025537576526403427 0.0637846514582634 -0.005945701152086258 0.99794602394104 2.7137928009033203
5.390861 0.9979512691497803 0.003520787227898836 -0.06388013064861298 -0.16043169796466827 -0.0034037670120596886 0.9999923706054688 0.001940620131790638 -0.025824109092354774 0.06388647854328156 -0.0017192112281918526 0.9979557394981384 2.7716972827911377
5.494473 0.9978958964347839 0.003668608143925667 -0.06473197042942047 -0.1632579267024994 -0.003774307668209076 0.9999916553497314 -0.001510661095380783 -0.02687755972146988 0.06472588330507278 0.0017518011154606938 0.9979015588760376 2.8253674507141113
5.598233 0.9978430867195129 0.004224375821650028 -0.06550632417201996 -0.16681045293807983 -0.004433943424373865 0.9999854564666748 -0.0030541380401700735 -0.027081241831183434 0.06549246609210968 0.00333800190128386 0.9978474974632263 2.882646322250366
5.701829 0.997861921787262 0.0033605024218559265 -0.06527075171470642 -0.17092829942703247 -0.003315233625471592 0.9999942183494568 0.0008018575608730316 -0.02837499976158142 0.06527309119701385 -0.0005837553180754185 0.9978673458099365 2.9380037784576416
5.805571 0.9978559613227844 0.0020205641631036997 -0.06541741639375687 -0.17469830811023712 -0.0017727144295349717 0.9999910593032837 0.0038465624675154686 -0.029004335403442383 0.0654246136546135 -0.0037223491817712784 0.9978506565093994 2.994752883911133
5.909185 0.9978477954864502 -2.1428724721772596e-05 -0.06557206064462662 -0.17831137776374817 0.00032562666456215084 0.9999892115592957 0.004628458060324192 -0.02971998229622841 0.06557126343250275 -0.004639849532395601 0.9978371262550354 3.0491867065429688
6.012921 0.9978281855583191 -0.0036847437731921673 -0.06576642394065857 -0.18168890476226807 0.003943014424294233 0.9999849796295166 0.0037977297324687243 -0.03058299794793129 0.06575145572423935 -0.004048801027238369 0.9978278279304504 3.105146646499634
6.116541 0.9978070855140686 -0.005598088726401329 -0.06595204770565033 -0.18578755855560303 0.005746711045503616 0.9999813437461853 0.002063991269096732 -0.03111852891743183 0.06593926250934601 -0.0024384725838899612 0.9978207349777222 3.1592471599578857
6.220278 0.9977469444274902 -0.00678712734952569 -0.06674536317586899 -0.18952316045761108 0.0070216176100075245 0.9999699592590332 0.0032792312558740377 -0.031705427914857864 0.0667211040854454 -0.003740503918379545 0.9977647662162781 3.2143404483795166
6.323895 0.997611403465271 -0.01064273715019226 -0.0682496726512909 -0.19272008538246155 0.011179368942975998 0.9999094605445862 0.007485660258680582 -0.03204669430851936 0.06816382706165314 -0.008230768144130707 0.9976402521133423 3.268561363220215
6.427659 0.9975807666778564 -0.011026573367416859 -0.0686359852552414 -0.19694046676158905 0.011913991533219814 0.9998504519462585 0.012533451430499554 -0.03255926072597504 0.06848752498626709 -0.013320859521627426 0.9975631237030029 3.3241655826568604
6.531383 0.9975627660751343 -0.00974193587899208 -0.06909143179655075 -0.20087310671806335 0.010807905346155167 0.9998279809951782 0.015071374364197254 -0.032808780670166016 0.06893272697925568 -0.015781374648213387 0.9974965453147888 3.378042459487915
6.634992 0.9974480271339417 -0.009158001281321049 -0.07080703228712082 -0.20446297526359558 0.009985142387449741 0.9998859167098999 0.01133650541305542 -0.03300551697611809 0.07069514691829681 -0.012014591135084629 0.9974256753921509 3.432485818862915
6.738741 0.9974397420883179 -0.006060865242034197 -0.07125462591648102 -0.2091284841299057 0.006298307329416275 0.999975323677063 0.003108082339167595 -0.033397939056158066 0.07123403996229172 -0.003548908047378063 0.9974534511566162 3.4859437942504883
6.84235 0.9973292946815491 -0.005463279318064451 -0.07283107936382294 -0.21298737823963165 0.005343503784388304 0.9999840259552002 -0.0018393287900835276 -0.03337513655424118 0.07283997535705566 0.0014452432515099645 0.9973426461219788 3.537522077560425
6.945963 0.9972792267799377 -0.0010328812059015036 -0.07370913028717041 -0.21745026111602783 0.0009747914155013859 0.9999992847442627 -0.0008240563329309225 -0.033978041261434555 0.07370994240045547 0.0007499631028622389 0.9972795248031616 3.590433120727539
7.049705 0.997205913066864 0.0023455226328223944 -0.0746641606092453 -0.2218041568994522 -0.002243185183033347 0.9999963641166687 0.001454467186704278 -0.03512846678495407 0.0746673122048378 -0.0012829178012907505 0.9972077012062073 3.6416709423065186
7.153323 0.9971140027046204 0.0050246682949364185 -0.07575120031833649 -0.22598621249198914 -0.004803484305739403 0.9999836683273315 0.003101799637079239 -0.03600677102804184 0.07576554268598557 -0.002728978870436549 0.9971219301223755 3.6924209594726562
7.256934 0.9970577955245972 0.005502033047378063 -0.07645478844642639 -0.23045668005943298 -0.005306519567966461 0.9999821186065674 0.002760151168331504 -0.03647738695144653 0.07646859437227249 -0.002346321940422058 0.997069239616394 3.7417030334472656
7.360549 0.996903657913208 0.007553607691079378 -0.07826796919107437 -0.2345086932182312 -0.007290874607861042 0.9999668598175049 0.0036420568358153105 -0.03725903853774071 0.07829286903142929 -0.003060138551518321 0.9969257116317749 3.790304660797119
7.464167 0.9968230128288269 0.00802629441022873 -0.0792415663599968 -0.23900416493415833 -0.0077114831656217575 0.9999611377716064 0.004278041422367096 -0.03790948539972305 0.07927283644676208 -0.003653381485491991 0.9968463182449341 3.8390443325042725
7.567786 0.9967107176780701 0.007895206101238728 -0.08065611124038696 -0.24341103434562683 -0.007552863098680973 0.9999611377716064 0.004548709839582443 -0.03843802213668823 0.08068890124559402 -0.003924563992768526 0.996731698513031 3.8874998092651367
7.671396 0.9965925812721252 0.007391867693513632 -0.08214949071407318 -0.24695231020450592 -0.006929703056812286 0.9999585151672363 0.0059095886535942554 -0.039182696491479874 0.08218976855278015 -0.005320181138813496 0.996602475643158 3.933736562728882
7.775144 0.9964781403541565 0.010292492806911469 -0.08321908116340637 -0.251598060131073 -0.00964291114360094 0.9999198317527771 0.008203878067433834 -0.03897615149617195 0.08329685777425766 -0.007372511550784111 0.9964974522590637 3.980875253677368
7.878754 0.9963423609733582 0.011958426795899868 -0.08461027592420578 -0.25528770685195923 -0.010915177874267101 0.9998586773872375 0.0127819599583745 -0.03995678201317787 0.084751196205616 -0.01181167270988226 0.996332049369812 4.025172233581543
7.982493 0.9961583614349365 0.015354902483522892 -0.08621266484260559 -0.2598414719104767 -0.014174843207001686 0.9997974634170532 0.014283313415944576 -0.040020961314439774 0.08641455322504044 -0.013006392866373062 0.9961743354797363 4.06995153427124
8.086111 0.9959837794303894 0.01790807396173477 -0.0877242162823677 -0.2638213038444519 -0.01707695983350277 0.9998020529747009 0.010215536691248417 -0.04049353674054146 0.08788979798555374 -0.008676446042954922 0.9960923790931702 4.113844871520996
8.189849 0.995945394039154 0.017762739211320877 -0.08818832784891129 -0.2687976360321045 -0.01753395050764084 0.9998405575752258 0.0033683825749903917 -0.04133317992091179 0.08823408931493759 -0.0018084353068843484 0.9960982203483582 4.153943061828613
8.29347 0.9958066940307617 0.017101800069212914 -0.08986876904964447 -0.2721954882144928 -0.01743895560503006 0.9998434782028198 -0.0029677266720682383 -0.041375502943992615 0.08980395644903183 0.004522500094026327 0.9959492683410645 4.195367813110352
8.397102 0.9957228302955627 0.01773173175752163 -0.09067243337631226 -0.275546133518219 -0.018138501793146133 0.9998287558555603 -0.0036639960017055273 -0.042474567890167236 0.09059193730354309 0.005292987916618586 0.9958741664886475 4.235678672790527
8.500847 0.9956498146057129 0.020666230469942093 -0.09085307270288467 -0.2804468274116516 -0.020742204040288925 0.9997847676277161 0.00010797466529766098 -0.04320049285888672 0.09083575010299683 0.001776988385245204 0.9958643317222595 4.273494720458984
8.604438 0.9954977035522461 0.02101949416100979 -0.09242523461580276 -0.2839348316192627 -0.020897498354315758 0.9997789263725281 0.002287649316713214 -0.04411149397492409 0.09245289117097855 -0.0003458939027041197 0.9957169890403748 4.311333179473877
8.708175 0.9954745173454285 0.017823146656155586 -0.09334280341863632 -0.28719350695610046 -0.017976107075810432 0.9998380541801453 -0.0007980719674378633 -0.04494185373187065 0.09331347048282623 0.002472400665283203 0.9956337213516235 4.347453594207764
8.811795 0.9955797791481018 0.010136452503502369 -0.09337003529071808 -0.2899894416332245 -0.010761437006294727 0.9999228715896606 -0.006192558445036411 -0.04538756608963013 0.09330005943775177 0.007169983349740505 0.9956122636795044 4.3824567794799805
8.915403 0.9957353472709656 0.0060624489560723305 -0.09205625206232071 -0.2932201027870178 -0.007160170003771782 0.9999070167541504 -0.011598890647292137 -0.04550584778189659 0.09197737276554108 0.012208564206957817 0.9956862926483154 4.417294502258301
9.019162 0.9960169792175293 0.008424435742199421 -0.08876419812440872 -0.29641103744506836 -0.009445888921618462 0.999893844127655 -0.011093726381659508 -0.047118496149778366 0.0886613205075264 0.011887999251484871 0.9959909319877625 4.450756072998047
9.12289 0.9963132739067078 0.013413569889962673 -0.08473433554172516 -0.29982632398605347 -0.014191671274602413 0.9998623728752136 -0.008587149903178215 -0.047272391617298126 0.08460750430822372 0.009758014231920242 0.996366560459137 4.483265399932861
9.226512 0.9967014789581299 0.011689946986734867 -0.08030851930379868 -0.30173683166503906 -0.012173070572316647 0.9999105930328369 -0.005528870038688183 -0.04787261784076691 0.08023671060800552 0.006488234736025333 0.9967547655105591 4.51597785949707
9.330247 0.9972227811813354 0.008380700834095478 -0.07400340586900711 -0.3042512536048889 -0.008502928540110588 0.9999628663063049 -0.0013367393985390663 -0.0485694594681263 0.07398948073387146 0.0019622715190052986 0.9972570538520813 4.546592712402344
9.433986 0.9978147745132446 0.0034529822878539562 -0.065982386469841 -0.3056078851222992 -0.0033316146582365036 0.9999924302101135 0.0019493435975164175 -0.049126580357551575 0.06598863005638123 -0.001725256210193038 0.9978188872337341 4.577571392059326
9.537749 0.9984819293022156 0.0071110655553638935 -0.05461958795785904 -0.3079098165035248 -0.007069848012179136 0.9999744892120361 0.0009477965068072081 -0.049112468957901 0.05462495610117912 -0.0005602053715847433 0.9985067248344421 4.607321739196777
9.641587 0.9991279244422913 0.012516248039901257 -0.039832703769207 -0.3084369897842407 -0.012460766360163689 0.9999208450317383 0.0016408369410783052 -0.050569262355566025 0.03985010087490082 -0.0011430599261075258 0.9992051124572754 4.636970043182373
9.745342 0.9996017813682556 0.017514050006866455 -0.02211928926408291 -0.30869168043136597 -0.0174722820520401 0.9998452067375183 0.0020801126956939697 -0.050725799053907394 0.02215229533612728 -0.0016928098630160093 0.9997532367706299 4.664324760437012
9.849229 0.9998685717582703 0.016207093372941017 0.000333370640873909 -0.30800312757492065 -0.016207857057452202 0.9998657703399658 0.0024346241261810064 -0.050994452089071274 -0.0002938713878393173 -0.0024397072847932577 0.999997079372406 4.692336559295654
9.953059 0.999573826789856 0.012440968304872513 0.02640410140156746 -0.3055974245071411 -0.012532103806734085 0.9999160170555115 0.003288831328973174 -0.051311247050762177 -0.026360973715782166 -0.003618328832089901 0.999646008014679 4.719527244567871
10.05693 0.99837327003479 0.01129675842821598 0.05588456988334656 -0.3032448887825012 -0.011597400531172752 0.9999199509620667 0.005058299284428358 -0.051937539130449295 -0.05582295358181 -0.005698187742382288 0.9984244704246521 4.744740009307861
10.16083 0.9959261417388916 0.010980303399264812 0.08950044959783554 -0.3003455102443695 -0.011549520306289196 0.9999162554740906 0.005844508297741413 -0.051986537873744965 -0.08942878246307373 -0.006854387931525707 0.9959697127342224 4.771044731140137
10.26466 0.9917895793914795 0.010909602977335453 0.1274135857820511 -0.2959831953048706 -0.011823019944131374 0.9999094605445862 0.006414791103452444 -0.05248119309544563 -0.12733209133148193 -0.007868537679314613 0.991828978061676 4.796477317810059
10.36867 0.9856839776039124 0.010993975214660168 0.1682446151971817 -0.29049205780029297 -0.012337264604866505 0.9998998045921326 0.006940911989659071 -0.05316261202096939 -0.16815149784088135 -0.00891722273081541 0.9857208728790283 4.819468975067139
10.47264 0.9770035743713379 0.010728358291089535 0.21295319497585297 -0.2833132743835449 -0.01250696461647749 0.9998972415924072 0.007006663829088211 -0.05381393060088158 -0.21285617351531982 -0.009508933871984482 0.977037250995636 4.843541145324707
10.57663 0.9647760391235352 0.012992183677852154 0.2627512514591217 -0.2764779329299927 -0.01474007684737444 0.9998803734779358 0.004682161379605532 -0.05395692586898804 -0.262658953666687 -0.008390212431550026 0.9648522138595581 4.86610221862793
10.68062 0.9488843083381653 0.013827281072735786 0.3153207302093506 -0.2670234441757202 -0.015182588249444962 0.9998829960823059 0.0018421122804284096 -0.05460537225008011 -0.3152583837509155 -0.006535336375236511 0.948983371257782 4.888277053833008
10.78461 0.9286790490150452 0.014328851364552975 0.3706073462963104 -0.25660061836242676 -0.015159928239881992 0.999884843826294 -0.0006704952684231102 -0.054815035313367844 -0.37057435512542725 -0.004995706491172314 0.9287893772125244 4.909008979797363
10.88875 0.9041281938552856 0.014832873828709126 0.4270034730434418 -0.24467873573303223 -0.015095113776624203 0.9998822212219238 -0.002770952880382538 -0.05514492094516754 -0.426994264125824 -0.003940369002521038 0.9042457342147827 4.928740501403809
10.99272 0.873685359954834 0.01535634696483612 0.48624879121780396 -0.23300814628601074 -0.014980819076299667 0.999876856803894 -0.004660028964281082 -0.055510953068733215 -0.4862605929374695 -0.0032130051404237747 0.873807966709137 4.9483208656311035
11.09659 0.8399822115898132 0.014124622568488121 0.5424298048019409 -0.21838712692260742 -0.01204195898026228 0.9999001622200012 -0.007389302831143141 -0.055725932121276855 -0.5424801707267761 -0.00032503489637747407 0.8400685787200928 4.965900421142578
11.20057 0.8026812672615051 0.014590037055313587 0.596229612827301 -0.20289206504821777 -0.01141613069921732 0.9998934268951416 -0.009098786860704422 -0.056041549891233444 -0.5962989330291748 0.0004967892309650779 0.8027623891830444 4.9825334548950195
11.30431 0.7620965242385864 0.012529200874269009 0.6473420858383179 -0.18686485290527344 -0.009606309235095978 0.9999215006828308 -0.008044099435210228 -0.056848715990781784 -0.6473920941352844 -8.818843343760818e-05 0.7621570825576782 4.998344898223877
11.40818 0.7181246280670166 0.012662054039537907 0.6957991123199463 -0.17027688026428223 -0.011337284930050373 0.9999146461486816 -0.006495248526334763 -0.057225145399570465 -0.6958220601081848 -0.0032240753062069416 0.7182069420814514 5.01310920715332
11.51192 0.6731681227684021 0.01145815197378397 0.7394005656242371 -0.15188956260681152 -0.00978152733296156 0.9999304413795471 -0.006590125150978565 -0.057309966534376144 -0.7394247651100159 -0.002796206157654524 0.6732333302497864 5.026009559631348
11.61553 0.6266118884086609 0.00999534036964178 0.7792673110961914 -0.13260889053344727 -0.006082842592149973 0.9999500513076782 -0.007934708148241043 -0.057830341160297394 -0.7793077826499939 0.0002318217884749174 0.6266413927078247 5.037729263305664
11.71927 0.5788508653640747 0.007711509708315134 0.815396785736084 -0.11378359794616699 -0.0009710638551041484 0.9999610781669617 -0.00876764114946127 -0.05851515009999275 -0.8154327273368835 0.004283356014639139 0.5788359045982361 5.04845666885376
11.82277 0.5326858162879944 0.00951375812292099 0.8462595343589783 -0.09353899955749512 -0.002518363995477557 0.9999501705169678 -0.009656358510255814 -0.05928914621472359 -0.8463093042373657 0.0030126171186566353 0.5326833128929138 5.05795955657959
11.92638 0.48416081070899963 0.01269290316849947 0.8748868703842163 -0.07448983192443848 -0.006675844080746174 0.9999192953109741 -0.01081247627735138 -0.05976732820272446 -0.8749534487724304 -0.0006056306301616132 0.48420655727386475 5.067440509796143
12.03 0.43877315521240234 0.01490388996899128 0.8984742164611816 -0.053543686866760254 -0.007064667530357838 0.9998887777328491 -0.01313609629869461 -0.060240358114242554 -0.8985699415206909 -0.0005836546188220382 0.4388297200202942 5.075319290161133
12.13361 0.39565950632095337 0.012173742987215519 0.9183164834976196 -0.03342139720916748 0.00038853101432323456 0.9999097585678101 -0.013422793708741665 -0.0608794167637825 -0.9183971881866455 0.005667651072144508 0.39561912417411804 5.081881999969482
12.2371 0.3566104769706726 0.004765124525874853 0.9342409372329712 -0.011195898056030273 0.016156615689396858 0.9998059272766113 -0.011266708374023438 -0.06111932918429375 -0.9341133832931519 0.019112002104520798 0.35646432638168335 5.086631774902344
12.3406 0.3226074278354645 0.0012960677267983556 0.9465319514274597 0.010949969291687012 0.019796261563897133 0.9997710585594177 -0.008116145618259907 -0.061482544988393784 -0.9463258981704712 0.02135612443089485 0.32250791788101196 5.091254234313965
12.44411 0.2885867953300476 0.004854405298829079 0.9574413895606995 0.03271055221557617 0.01648653857409954 0.9998137354850769 -0.010038522072136402 -0.06234493479132652 -0.9573118090629578 0.018681881949305534 0.28845301270484924 5.097064018249512
12.54767 0.25781068205833435 0.01298552006483078 0.9661080837249756 0.054807066917419434 0.006293825339525938 0.9998657703399658 -0.015118797309696674 -0.06286092102527618 -0.9661749005317688 0.00997830368578434 0.2576943039894104 5.1027445793151855
12.65107 0.22875726222991943 0.016583219170570374 0.97334223985672 0.0776451826095581 0.0025006954092532396 0.9998415112495422 -0.017622418701648712 -0.06401944160461426 -0.973480224609375 0.006465289741754532 0.22867952287197113 5.1079325675964355
12.75469 0.2036331593990326 0.018973730504512787 0.9788633584976196 0.10128271579742432 0.0027237767353653908 0.9997973442077637 -0.019946129992604256 -0.06492844969034195 -0.9790434837341309 0.006727899424731731 0.2035401612520218 5.111209869384766
12.85806 0.18009570240974426 0.021008184179663658 0.9834246635437012 0.12605786323547363 0.010400988161563873 0.9996752738952637 -0.023260077461600304 -0.06534801423549652 -0.9835941195487976 0.014417629688978195 0.17981873452663422 5.11422061920166
12.96167 0.1601116955280304 0.026592470705509186 0.9867406487464905 0.15000176429748535 0.01712256297469139 0.9994117617607117 -0.02971232309937477 -0.06586098670959473 -0.9869503974914551 0.021652815863490105 0.15956220030784607 5.116499423980713
13.0652 0.14075542986392975 0.03282744437456131 0.9895000457763672 0.17573219537734985 0.01907435618340969 0.9991745948791504 -0.03586171939969063 -0.06620180606842041 -0.9898605942726135 0.023921804502606392 0.14001309871673584 5.119037628173828
13.16877 0.12155129760503769 0.03435036912560463 0.9919905662536621 0.20157968997955322 0.016358060762286186 0.99919593334198 -0.036604274064302444 -0.06682185083627701 -0.9924504160881042 0.02067634090781212 0.12089169025421143 5.122613906860352
13.27235 0.10558110475540161 0.0300796777009964 0.993955671787262 0.22986823320388794 0.014574895612895489 0.9993882179260254 -0.03179227560758591 -0.06817324459552765 -0.9943040013313293 0.017843464389443398 0.10507810860872269 5.12554931640625
13.37588 0.09068600833415985 0.026575837284326553 0.9955248236656189 0.25715169310569763 0.01443362608551979 0.9995037913322449 -0.027996866032481194 -0.06972070783376694 -0.9957749843597412 0.016907962039113045 0.0902574434876442 5.127565383911133
13.4795 0.07574088871479034 0.02504883147776127 0.9968128800392151 0.28688469529151917 0.017016083002090454 0.9995062947273254 -0.0264094527810812 -0.07016019523143768 -0.9969823956489563 0.018962126225233078 0.07527728378772736 5.130153656005859
13.58311 0.06585486978292465 0.023454362526535988 0.9975534677505493 0.3156130611896515 0.020831435918807983 0.9994734525680542 -0.024874718859791756 -0.0716213658452034 -0.9976117610931396 0.022418593987822533 0.06533161550760269 5.130390167236328
13.68672 0.0559026375412941 0.0245225690305233 0.998134970664978 0.3467380106449127 0.024601014330983162 0.9993608593940735 -0.02593052200973034 -0.0722186416387558 -0.9981330633163452 0.026004718616604805 0.05526363477110863 5.131100654602051
13.79034 0.04751688614487648 0.024793125689029694 0.9985626339912415 0.37761586904525757 0.025331640616059303 0.9993404150009155 -0.026017848402261734 -0.07362739741802216 -0.998549222946167 0.02653152123093605 0.04685749113559723 5.132740020751953
13.89395 0.04149315506219864 0.025018954649567604 0.9988254904747009 0.4115927815437317 0.027091387659311295 0.9992906451225281 -0.02615603618323803 -0.07481355220079422 -0.9987714290618896 0.028144866228103638 0.040785934776067734 5.134261608123779
13.99767 0.036292534321546555 0.026076190173625946 0.9990008473396301 0.44412705302238464 0.028167705982923508 0.9992356300354004 -0.02710561640560627 -0.0755351260304451 -0.9989441633224487 0.029123295098543167 0.035530298948287964 5.1347784996032715
14.1013 0.03010299988090992 0.026964208111166954 0.9991828799247742 0.4804718792438507 0.028622910380363464 0.9992029666900635 -0.027827084064483643 -0.0767480731010437 -0.9991368055343628 0.02943720854818821 0.029307221993803978 5.1360087394714355
14.20492 0.025353606790304184 0.027082402259111404 0.9993115663528442 0.5149564146995544 0.03093143366277218 0.9991330504417419 -0.02786232903599739 -0.07776930183172226 -0.9991999268531799 0.03161654621362686 0.02449394017457962 5.136801719665527
14.30854 0.022713137790560722 0.027266554534435272 0.9993700385093689 0.5539644956588745 0.032645829021930695 0.9990746974945068 -0.028000449761748314 -0.07887442409992218 -0.9992088675498962 0.0332612469792366 0.021801989525556564 5.137326717376709
14.41227 0.019259987398982048 0.02625700831413269 0.9994695782661438 0.5900221467018127 0.03304067626595497 0.9990923404693604 -0.026883795857429504 -0.08027533441781998 -0.9992683529853821 0.03354094177484512 0.018374964594841003 5.138181686401367
14.51589 0.016785187646746635 0.025904249399900436 0.9995234608650208 0.6303654313087463 0.034256111830472946 0.9990625381469727 -0.026467571035027504 -0.08144107460975647 -0.9992721676826477 0.03468405455350876 0.015882069244980812 5.1390533447265625
14.61968 0.016123391687870026 0.02545371651649475 0.9995458722114563 0.6687560677528381 0.03922247141599655 0.9988903403282166 -0.02606971375644207 -0.08283892273902893 -0.9991004467010498 0.039625003933906555 0.015107140876352787 5.138801097869873
14.72326 0.017000889405608177 0.024929990991950035 0.999544620513916 0.7099961638450623 0.04272400960326195 0.9987578988075256 -0.025637051090598106 -0.08438042551279068 -0.9989421963691711 0.04314041882753372 0.015914665535092354 5.139209270477295
14.82686 0.01974327675998211 0.025253305211663246 0.9994860887527466 0.7524295449256897 0.044505298137664795 0.9986677765846252 -0.026111766695976257 -0.08511503040790558 -0.9988139867782593 0.04499795660376549 0.01859308034181595 5.139777660369873
14.93048 0.023133913055062294 0.02551431767642498 0.9994066953659058 0.7970320582389832 0.046829719096422195 0.998549222946167 -0.02657642774283886 -0.08628925681114197 -0.9986349940299988 0.04741675406694412 0.021905524656176567 5.141176700592041
15.0341 0.027771778404712677 0.024642236530780792 0.9993104338645935 0.8394808769226074 0.047303419560194016 0.9985436797142029 -0.02593793347477913 -0.08799782395362854 -0.9984944462776184 0.04799114540219307 0.02656567096710205 5.142149448394775
15.13784 0.031781502068042755 0.02282075025141239 0.9992341995239258 0.8862754106521606 0.04914025962352753 0.998494565486908 -0.02436680719256401 -0.08965861797332764 -0.9982861280441284 0.049877047538757324 0.030612243339419365 5.143450736999512
15.24145 0.03597316890954971 0.021231122314929962 0.9991270303726196 0.9333136081695557 0.04884443059563637 0.9985419511795044 -0.0229773111641407 -0.09105049073696136 -0.9981584548950195 0.0496283620595932 0.034883707761764526 5.145277500152588
15.34508 0.039640337228775024 0.019226282835006714 0.9990289211273193 0.9782952070236206 0.045692671090364456 0.998734176158905 -0.0210336372256279 -0.09219405800104141 -0.9981687664985657 0.046482086181640625 0.03871164470911026 5.147974014282227
15.44881 0.04361668601632118 0.017957279458642006 0.9988868832588196 1.0271838903427124 0.045316021889448166 0.9987737536430359 -0.01993398182094097 -0.09361197054386139 -0.9980200529098511 0.04613503813743591 0.042749445885419846 5.150719165802002
15.55255 0.048123281449079514 0.018903980031609535 0.998662531375885 1.076458215713501 0.04199617728590965 0.998898446559906 -0.020932145416736603 -0.09509127587080002 -0.9979581832885742 0.042947329580783844 0.04727636277675629 5.152474403381348
15.65617 0.05101649463176727 0.023313838988542557 0.9984256029129028 1.1223915815353394 0.039982251822948456 0.9988783001899719 -0.025367379188537598 -0.09636922180652618 -0.997897207736969 0.04121346399188042 0.050027135759592056 5.155675411224365
15.7599 0.05229312554001808 0.028737494722008705 0.9982181787490845 1.1725468635559082 0.03453376889228821 0.9989359974861145 -0.030567260459065437 -0.0978531688451767 -0.9980345964431763 0.03607069328427315 0.0512450709939003 5.159119129180908
15.86364 0.051728665828704834 0.031500060111284256 0.998164176940918 1.2230045795440674 0.031569790095090866 0.998951256275177 -0.03316096216440201 -0.10012131929397583 -0.9981620907783508 0.033227212727069855 0.05067996680736542 5.162590026855469
15.96739 0.05207442492246628 0.031164204701781273 0.9981568455696106 1.2686824798583984 0.028793415054678917 0.999050498008728 -0.03269428387284279 -0.10173795372247696 -0.9982280731201172 0.03044288046658039 0.05112766474485397 5.16508674621582
16.07102 0.05168044939637184 0.02898944541811943 0.9982428550720215 1.3194305896759033 0.026336872950196266 0.9991913437843323 -0.0303804948925972 -0.10424421727657318 -0.9983164072036743 0.027860667556524277 0.050875164568424225 5.168401718139648
16.17474 0.05186406895518303 0.028029901906847954 0.9982606768608093 1.3703306913375854 0.027078621089458466 0.9991990327835083 -0.029463104903697968 -0.10625386238098145 -0.9982870817184448 0.028559600934386253 0.05106351524591446 5.170877933502197
16.27845 0.0524289570748806 0.027205143123865128 0.9982539415359497 1.4155879020690918 0.02428773231804371 0.9992983937263489 -0.02850920706987381 -0.10837951302528381 -0.9983293414115906 0.025740034878253937 0.051731426268815994 5.17362117767334
16.38209 0.0523853674530983 0.027793264016509056 0.998240053653717 1.4664227962493896 0.022910496219992638 0.9993161559104919 -0.02902550809085369 -0.11029089987277985 -0.9983640909194946 0.0243906918913126 0.05171278491616249 5.176782131195068
