0.1033914 0.9999986886978149 0.0007750146905891597 0.0014221303863450885 -0.00034947809763252735 -0.0007684618467465043 0.9999890923500061 -0.004602550063282251 -0.00021664024097844958 -0.0014256818685680628 0.00460145203396678 0.999988317489624 0.06852567940950394
0.2071056 0.9999963641166687 -0.0014997953549027443 0.002252718433737755 -0.00024154630955308676 0.0015118054579943419 0.999984622001648 -0.005339130759239197 -0.00013899797340855002 -0.00224467646330595 0.005342517979443073 0.9999831914901733 0.13705070316791534
0.3102615 0.9999926686286926 -0.00307517871260643 0.002280118642374873 -0.00013678550021722913 0.003078141249716282 0.9999943971633911 -0.0012969326926395297 -0.0002518427500035614 -0.002276117680594325 0.001303941709920764 0.999996542930603 0.20566244423389435
0.4136209 0.9999839663505554 -0.0054504177533090115 0.001539489603601396 1.422830973751843e-05 0.0054429927840828896 0.999973714351654 0.004787543322890997 -0.0003325011348351836 -0.001565543352626264 -0.004779086913913488 0.9999873638153076 0.2741794288158417
0.5179293 0.9999598264694214 -0.008956247009336948 0.0003969935642089695 -3.1266536097973585e-05 0.008954321034252644 0.9999492764472961 0.0046177813783288 4.393735434859991e-05 -0.000438331306213513 -0.00461404025554657 0.9999892711639404 0.3419208824634552
0.6203887 0.9999321699142456 -0.011628166772425175 -0.00067380559630692 7.340047159232199e-05 0.01162940077483654 0.9999305605888367 0.0018597141606733203 0.00014426681445911527 0.0006521337782032788 -0.0018674248130992055 0.9999980330467224 0.40892621874809265
0.7242193 0.9999240636825562 -0.012242553755640984 -0.001403228146955371 -0.00022037705639377236 0.01224046852439642 0.9999240040779114 -0.0014864410040900111 0.00018851144704967737 0.001421319437213242 0.0014691520482301712 0.9999978542327881 0.4755619466304779
0.8272107 0.9999300241470337 -0.01165152806788683 -0.0020586091559380293 -0.0006578536704182625 0.011646941304206848 0.999929666519165 -0.002226831391453743 0.00031046883668750525 0.002084410283714533 0.0022026989609003067 0.9999954104423523 0.5422252416610718
0.930557 0.9999294281005859 -0.011504900641739368 -0.002980084391310811 -0.0009943100158125162 0.01150395255535841 0.9999337792396545 -0.0003349591279402375 8.3557577454485e-05 0.0029837405309081078 0.00030065281316637993 0.9999955296516418 0.6088031530380249
1.03407 0.9999301433563232 -0.011123839765787125 -0.003989336546510458 -0.0012503409525379539 0.011133777908980846 0.9999349117279053 0.0024778135120868683 0.0004713069647550583 0.003961514215916395 -0.0025220566894859076 0.9999889731407166 0.6750732064247131
1.137438 0.9999298453330994 -0.01092592440545559 -0.004554229322820902 -0.002238882938399911 0.010943674482405186 0.999932587146759 0.003890953492373228 0.0007104286924004555 0.004511409439146519 -0.0039405208081007 0.9999820590019226 0.741255521774292
1.244258 0.999907910823822 -0.012378389947116375 -0.0055633410811424255 -0.0019750262144953012 0.01240508258342743 0.9999115467071533 0.00478924997150898 0.0007021997589617968 0.00550356600433588 -0.004857821390032768 0.9999730587005615 0.8068935871124268
1.344229 0.999904990196228 -0.012420992366969585 -0.005982869770377874 -0.003163506044074893 0.01245181541889906 0.9999092221260071 0.005142449401319027 0.00026126066222786903 0.005918452516198158 -0.005216457415372133 0.9999688863754272 0.8732165694236755
1.447568 0.9998924732208252 -0.012779517099261284 -0.007195113226771355 -0.0031878098379820585 0.012803762219846249 0.999912440776825 0.0033339683432132006 0.0013271062634885311 0.007151877041906118 -0.0034257343504577875 0.9999685287475586 0.9383454918861389
1.551083 0.9998866319656372 -0.012887025251984596 -0.007798623759299517 -0.004445550963282585 0.01290127169340849 0.9999151825904846 0.0017792994622141123 0.0009308142471127212 0.007775032427161932 -0.0018797095399349928 0.9999679923057556 1.0041422843933105
1.654521 0.9998374581336975 -0.014672281220555305 -0.010478216223418713 -0.004402615129947662 0.014675935730338097 0.9998922944068909 0.000272168661467731 0.0015327638247981668 0.010473095811903477 -0.0004259018460288644 0.9999450445175171 1.0686982870101929
1.757843 0.9998139142990112 -0.014279081486165524 -0.012970765121281147 -0.004099776037037373 0.014287094585597515 0.9998978972434998 0.0005255663418211043 0.0005766083486378193 0.012961934320628643 -0.0007107830024324358 0.9999157190322876 1.1336177587509155
1.861353 0.9998344779014587 -0.012656706385314465 -0.013070165179669857 -0.007337408140301704 0.012642491608858109 0.9999194145202637 -0.0011696034343913198 0.0014754593139514327 0.013083918951451778 0.0010041703935712576 0.9999138712882996 1.1975609064102173
1.964724 0.9998186230659485 -0.011530552059412003 -0.015161426737904549 -0.00799095444381237 0.01151589397341013 0.9999331831932068 -0.0010536502813920379 0.0014091131743043661 0.015172564424574375 0.0008788616978563368 0.9998844861984253 1.261808156967163
2.068236 0.9997968077659607 -0.011675598099827766 -0.016434181481599808 -0.009645655751228333 0.011676370166242123 0.9999317526817322 -4.907562833977863e-05 0.0012466383632272482 0.016433637589216232 -0.00014282581105362624 0.999864935874939 1.325425624847412
2.17162 0.9997782707214355 -0.011057458817958832 -0.017922190949320793 -0.011206411756575108 0.011076333001255989 0.9999381899833679 0.0009541070903651416 0.0014736060984432697 0.017910530790686607 -0.0011524077272042632 0.9998388886451721 1.3892935514450073
2.275131 0.9997510313987732 -0.010861090384423733 -0.019486891105771065 -0.012267837300896645 0.010892318561673164 0.9999395608901978 0.0014970200136303902 0.0016353875398635864 0.019469454884529114 -0.0017089046305045485 0.9998089671134949 1.4531954526901245
2.378626 0.9997212290763855 -0.011486021801829338 -0.02062484622001648 -0.01390773244202137 0.011525128968060017 0.999932050704956 0.0017782050417736173 0.0012582564959302545 0.02060302160680294 -0.002015413250774145 0.9997857213020325 1.5169165134429932
2.48201 0.9996650218963623 -0.012366227805614471 -0.02273479849100113 -0.014917682856321335 0.01239639800041914 0.9999223947525024 0.0011866389540955424 0.0015786582371219993 0.022718362510204315 -0.0014680710155516863 0.9997408390045166 1.5788480043411255
2.585514 0.9996477365493774 -0.012417993508279324 -0.02345537208020687 -0.017085682600736618 0.012463469058275223 0.9999207258224487 0.0017936333315446973 0.001337238121777773 0.023431241512298584 -0.002085336484014988 0.9997233152389526 1.6404023170471191
2.689023 0.999607503414154 -0.012083438225090504 -0.025274608284235 -0.018236462026834488 0.012179596349596977 0.9999191761016846 0.003654122119769454 0.0016924655064940453 0.025228409096598625 -0.003960523754358292 0.9996737837791443 1.702211618423462
2.793694 0.9995496273040771 -0.013396777212619781 -0.02685338258743286 -0.019471783190965652 0.013580610044300556 0.9998854994773865 0.0066751097328960896 0.0018784822896122932 0.02676088735461235 -0.007036788389086723 0.9996170401573181 1.7638601064682007
2.896139 0.999563992023468 -0.013030056841671467 -0.026500219479203224 -0.02199922502040863 0.013240067288279533 0.9998822212219238 0.007764765527099371 0.0024988343939185143 0.026395920664072037 -0.008112245239317417 0.999618649482727 1.8241381645202637
2.999556 0.9995673298835754 -0.012507935985922813 -0.02662300318479538 -0.024601168930530548 0.012679129838943481 0.9998999834060669 0.006271198391914368 0.0028593754395842552 0.026541896164417267 -0.0066060409881174564 0.9996259212493896 1.8839043378829956
3.103545 0.9995497465133667 -0.010525677353143692 -0.0280972458422184 -0.02576463110744953 0.01063847541809082 0.9999359250068665 0.003868100931867957 0.0030403640121221542 0.028054729104042053 -0.004165271297097206 0.9995976686477661 1.9414929151535034
3.206573 0.9995435476303101 -0.010079208761453629 -0.028480807319283485 -0.02810538560152054 0.010149930603802204 0.9999457001686096 0.002339674159884453 0.003244558349251747 0.02845567837357521 -0.0026276842691004276 0.999591588973999 1.999527931213379
3.310078 0.9995120167732239 -0.009486024267971516 -0.029761092737317085 -0.029764879494905472 0.009554245509207249 0.999951958656311 0.002150913467630744 0.003110226709395647 0.0297392588108778 -0.002434208057820797 0.9995548725128174 2.055896282196045
3.413963 0.9994712471961975 -0.009312295354902744 -0.031153898686170578 -0.03168921545147896 0.009370315819978714 0.9999545812606812 0.0017169079510495067 0.0032794938888400793 0.03113649971783161 -0.0020079221576452255 0.9995131492614746 2.112095594406128
3.517076 0.9994099736213684 -0.00948155764490366 -0.03301633521914482 -0.03373052924871445 0.009514669887721539 0.9999544024467468 0.0008459390955977142 0.0029360931366682053 0.03300682082772255 -0.0011595793766900897 0.9994544386863708 2.1677489280700684
3.620721 0.9993491172790527 -0.009072909131646156 -0.0349150151014328 -0.03622708097100258 0.00910803209990263 0.9999582171440125 0.0008469419553875923 0.002825463656336069 0.034905869513750076 -0.0011643975740298629 0.9993898868560791 2.222625970840454
3.724674 0.999264657497406 -0.00926236156374216 -0.03720627725124359 -0.03818120062351227 0.009339035488665104 0.9999545812606812 0.0018875140231102705 0.0033371434547007084 0.037187110632658005 -0.002233596984297037 0.9993058443069458 2.2788422107696533
3.827725 0.9991955161094666 -0.009218541905283928 -0.03902769833803177 -0.04051392897963524 0.009378987364470959 0.999948263168335 0.003929974976927042 0.003761494532227516 0.03898944705724716 -0.0042928545735776424 0.9992303848266602 2.3338563442230225
3.931241 0.9991194009780884 -0.008372513577342033 -0.04111344739794731 -0.043206837028265 0.008600180968642235 0.9999486207962036 0.005363753531128168 0.003917603753507137 0.041066426783800125 -0.005712613463401794 0.9991400837898254 2.3862667083740234
4.034871 0.9990524649620056 -0.006563346367329359 -0.04302595183253288 -0.04589429870247841 0.006815340369939804 0.9999604225158691 0.005712741520255804 0.004036404192447662 0.042986758053302765 -0.006000565364956856 0.9990575909614563 2.4388644695281982
4.142151 0.9989858269691467 -0.0048140911385416985 -0.04476630315184593 -0.04894981533288956 0.005029160063713789 0.9999763369560242 0.004692885559052229 0.004434417467564344 0.044742655009031296 -0.004913263488560915 0.9989864826202393 2.4913690090179443
4.243437 0.9989165663719177 -0.002999300602823496 -0.046439625322818756 -0.051986098289489746 0.0032031352166086435 0.9999855756759644 0.004315441939979792 0.004327230621129274 0.046426013112068176 -0.004459519870579243 0.9989117383956909 2.5421981811523438
4.345966 0.9988375902175903 -0.0026284160558134317 -0.04813050851225853 -0.05445166677236557 0.0028881607577204704 0.9999816417694092 0.005327923223376274 0.004720570519566536 0.048115625977516174 -0.005460739601403475 0.9988268613815308 2.591381311416626
4.449183 0.9987927079200745 -0.00132298085372895 -0.04910454899072647 -0.0574183315038681 0.0016693457728251815 0.9999740123748779 0.007013282738626003 0.005185277201235294 0.04909399896860123 -0.0070867897011339664 0.9987690448760986 2.6409387588500977
4.552519 0.9987780451774597 0.0013975187903270125 -0.04940113425254822 -0.06000441312789917 -0.001027539256028831 0.9999712705612183 0.007513891905546188 0.005521608516573906 0.04941021651029587 -0.007453948725014925 0.9987507462501526 2.6901912689208984
4.656235 0.9988195300102234 0.004916227422654629 -0.04832415655255318 -0.063097283244133 -0.004664797801524401 0.9999750256538391 0.0053143734112381935 0.005785837769508362 0.04834907874464989 -0.005082678981125355 0.9988175630569458 2.738212823867798
4.760815 0.9989022612571716 0.006130068097263575 -0.04643978551030159 -0.06558036804199219 -0.006019881460815668 0.9999787211418152 0.002512186300009489 0.00546441413462162 0.04645419493317604 -0.002229866571724415 0.9989179372787476 2.7835679054260254
4.863788 0.9989978075027466 0.0068331495858728886 -0.04423569142818451 -0.06784724444150925 -0.006814456079155207 0.999976634979248 0.0005733774742111564 0.005700589157640934 0.04423857480287552 -0.0002713605063036084 0.9990209341049194 2.828861713409424
4.966824 0.9991248250007629 0.007994374260306358 -0.04105528071522713 -0.06991992890834808 -0.007940702140331268 0.9999673962593079 0.0014702504267916083 0.0058488016948103905 0.04106568545103073 -0.0011429559672251344 0.9991558194160461 2.8758418560028076
5.073257 0.9991989135742188 0.012154391966760159 -0.038128823041915894 -0.07202410697937012 -0.012011372484266758 0.9999198913574219 0.003977816551923752 0.006223398260772228 0.03817411884665489 -0.0035166500601917505 0.9992648959159851 2.9211366176605225
5.174268 0.9992845058441162 0.016806475818157196 -0.03388308361172676 -0.0744374543428421 -0.01654857210814953 0.999832034111023 0.00787775032222271 0.005685210227966309 0.034009791910648346 -0.007311397232115269 0.9993947148323059 2.9653871059417725
5.277498 0.9993299245834351 0.021791568025946617 -0.02940710261464119 -0.07667726278305054 -0.02154504507780075 0.9997301697731018 0.008674071170389652 0.005977580323815346 0.029588187113404274 -0.008034681901335716 0.9995298385620117 3.0084991455078125
5.381142 0.9993752837181091 0.025463709607720375 -0.02450435608625412 -0.07740515470504761 -0.025249943137168884 0.999640703201294 0.008993810974061489 0.006296290084719658 0.0247245654463768 -0.008369458839297295 0.9996592402458191 3.0504987239837646
5.484644 0.9993892312049866 0.029674455523490906 -0.018454276025295258 -0.07872559875249863 -0.02947700209915638 0.9995062351226807 0.01088128425180912 0.0068059880286455154 0.018768062815070152 -0.01033066213130951 0.9997704029083252 3.091313362121582
5.588095 0.99933922290802 0.03428306803107262 -0.012067994102835655 -0.07932280004024506 -0.034136366099119186 0.9993431568145752 0.012159640900790691 0.007026541978120804 0.012476938776671886 -0.01173965074121952 0.999853253364563 3.1315762996673584
5.691619 0.9992924332618713 0.03722037374973297 -0.005397115834057331 -0.0790899246931076 -0.03715570271015167 0.999241828918457 0.011626466177403927 0.007273580878973007 0.005825766362249851 -0.011417706497013569 0.9999179244041443 3.169226884841919
5.795223 0.9991621971130371 0.04085760936141014 0.0023679928854107857 -0.08005451411008835 -0.04088262468576431 0.9990953803062439 0.011708083562552929 0.007528921589255333 -0.0018874865490943193 -0.01179508212953806 0.9999286532402039 3.2056503295898438
5.898736 0.9989428520202637 0.044955454766750336 0.00960540771484375 -0.07935165613889694 -0.045062355697155 0.9989211559295654 0.011217650957405567 0.007788240909576416 -0.00909075140953064 -0.011638632044196129 0.999890923500061 3.242243766784668
6.002373 0.9986169338226318 0.04957536607980728 0.017508501186966896 -0.07987669110298157 -0.04972972348332405 0.9987265467643738 0.008493034169077873 0.00813279114663601 -0.01706516370177269 -0.009351982735097408 0.9998105764389038 3.2749311923980713
6.10587 0.9983364939689636 0.05168105289340019 0.025562748312950134 -0.07926951348781586 -0.051837895065546036 0.9986403584480286 0.005510986316949129 0.008122272789478302 -0.025243181735277176 -0.006826937198638916 0.9996579885482788 3.3063299655914307
6.209506 0.9980694651603699 0.05214913189411163 0.03373224660754204 -0.07849463820457458 -0.052348196506500244 0.9986162781715393 0.005044908262789249 0.008468110114336014 -0.03342248126864433 -0.006800992414355278 0.9994181990623474 3.337064027786255
6.313021 0.9978198409080505 0.051652394235134125 0.04107995331287384 -0.07602179050445557 -0.05197107046842575 0.9986258745193481 0.006727013271301985 0.008170373737812042 -0.040676046162843704 -0.008847316727042198 0.9991332292556763 3.3654966354370117
6.416516 0.9973500967025757 0.0533357597887516 0.04947839677333832 -0.07495330274105072 -0.05376426875591278 0.9985265731811523 0.007369504775851965 0.00837501510977745 -0.049012430012226105 -0.010010147467255592 0.9987480044364929 3.393018960952759
6.524037 0.9966904520988464 0.05635271966457367 0.05858732759952545 -0.07440370321273804 -0.056883275508880615 0.9983532428741455 0.007426385302096605 0.008481165394186974 -0.058072347193956375 -0.010734444484114647 0.998254656791687 3.4182450771331787
6.623722 0.9958142042160034 0.061649445444345474 0.06747917085886002 -0.07342660427093506 -0.062269389629364014 0.9980340600013733 0.0071207089349627495 0.00838049128651619 -0.06690751016139984 -0.011292788200080395 0.99769526720047 3.4406371116638184
6.727294 0.9949893355369568 0.06463813036680222 0.07627633213996887 -0.07152915000915527 -0.06534422934055328 0.9978395700454712 0.006795237772166729 0.008278440684080124 -0.07567231357097626 -0.011745406314730644 0.9970635771751404 3.4628243446350098
6.830809 0.9943172931671143 0.06375310570001602 0.08525720238685608 -0.06880944967269897 -0.06459502875804901 0.9978858828544617 0.007150264922529459 0.008669018745422363 -0.08462110906839371 -0.012616821564733982 0.9963334202766418 3.4834020137786865
6.934429 0.9933943748474121 0.06305713951587677 0.0958714634180069 -0.06646361947059631 -0.06387989968061447 0.9979422092437744 0.0055338721722364426 0.008387310430407524 -0.09532523155212402 -0.011621574871242046 0.9953783750534058 3.502089738845825
7.038067 0.9922557473182678 0.06147189810872078 0.1079341396689415 -0.06394302845001221 -0.06196874752640724 0.9980773329734802 0.0012519542360678315 0.007821410894393921 -0.10764964669942856 -0.00793080311268568 0.9941573739051819 3.520610809326172
7.141701 0.9906672835350037 0.0625537559390068 0.12110080569982529 -0.06097060441970825 -0.06266423314809799 0.9980305433273315 -0.002899669110774994 0.007759846746921539 -0.12104367464780807 -0.004716083407402039 0.99263596534729 3.5396735668182373
7.24533 0.9883618354797363 0.06449969857931137 0.13777068257331848 -0.06044661998748779 -0.0644272118806839 0.9979099631309509 -0.004990221932530403 0.007421795278787613 -0.13780462741851807 -0.003944035153836012 0.9904516339302063 3.5603675842285156
7.3533 0.9860525131225586 0.06602030992507935 0.15277963876724243 -0.05508476495742798 -0.06584121286869049 0.9978106021881104 -0.006236824207007885 0.007428562268614769 -0.15285691618919373 -0.003909361083060503 0.9882405996322632 3.5755627155303955
7.452592 0.9832468032836914 0.0665467381477356 0.16969767212867737 -0.0514216423034668 -0.06618830561637878 0.9977768063545227 -0.007774772588163614 0.00777859054505825 -0.1698378026485443 -0.0035874811001122 0.9854655265808105 3.594663143157959
7.55658 0.9800701141357422 0.06546119600534439 0.18755653500556946 -0.04695308208465576 -0.06496337056159973 0.9978487491607666 -0.00880654901266098 0.007223762571811676 -0.18772955238819122 -0.003553267102688551 0.9822143316268921 3.6105406284332275
7.663357 0.9762591123580933 0.06479251384735107 0.2066882848739624 -0.0421481728553772 -0.06428458541631699 0.9978893995285034 -0.009179776534438133 0.007062181830406189 -0.20684681832790375 -0.004325028043240309 0.9783638119697571 3.6269800662994385
7.763356 0.9716034531593323 0.0651887059211731 0.22745782136917114 -0.03770089149475098 -0.06449207663536072 0.9978629946708679 -0.010501593351364136 0.0070732347667217255 -0.2276563048362732 -0.004465842619538307 0.9737313389778137 3.6460394859313965
7.866988 0.9664642214775085 0.0672958493232727 0.24782708287239075 -0.031150996685028076 -0.06620249897241592 0.997724711894989 -0.012752346694469452 0.0068382397294044495 -0.24812136590480804 -0.004082086030393839 0.9687203764915466 3.6631031036376953
7.970621 0.9601821303367615 0.06897047162055969 0.2707275152206421 -0.025568902492523193 -0.06747163832187653 0.9976106882095337 -0.014851212501525879 0.006244886666536331 -0.27110496163368225 -0.00400655809789896 0.9625415205955505 3.6796233654022217
8.07425 0.9529933333396912 0.06940925121307373 0.2949340343475342 -0.01935899257659912 -0.06757938116788864 0.9975789785385132 -0.016405418515205383 0.006741233170032501 -0.29535868763923645 -0.00429720152169466 0.9553767442703247 3.6972849369049072
8.177962 0.9444285035133362 0.07281074672937393 0.32055169343948364 -0.011807918548583984 -0.07096057385206223 0.997326135635376 -0.017466358840465546 0.00634625181555748 -0.32096630334854126 -0.006250806152820587 0.9470700025558472 3.7154932022094727
8.283921 0.9346327781677246 0.07440242171287537 0.34774377942085266 -0.004575252532958984 -0.07255054265260696 0.9971957206726074 -0.018363073468208313 0.005576193332672119 -0.348134845495224 -0.008066272363066673 0.9374096989631653 3.731126070022583
8.385961 0.9234820604324341 0.0752820074558258 0.37618255615234375 0.0036280155181884766 -0.0732007622718811 0.9971197247505188 -0.019845571368932724 0.005076274275779724 -0.3765930235385895 -0.009209825657308102 0.9263330101966858 3.7485463619232178
8.488779 0.9108124375343323 0.07338540256023407 0.4062454104423523 0.013074517250061035 -0.07055496424436569 0.9972659945487976 -0.021963147446513176 0.004459366202354431 -0.406746506690979 -0.008658324368298054 0.9135000705718994 3.7653567790985107
8.593446 0.8961241245269775 0.0703464224934578 0.4381926953792572 0.024061203002929688 -0.06627216190099716 0.9974981546401978 -0.024606376886367798 0.003737039864063263 -0.43882736563682556 -0.006989609450101852 0.898544192314148 3.781132459640503
8.696029 0.8789045810699463 0.06980549544095993 0.47186216711997986 0.03525269031524658 -0.06359101831912994 0.997550904750824 -0.029127344489097595 0.0033433735370635986 -0.4727397859096527 -0.004406040068715811 0.881191074848175 3.797257661819458
8.799662 0.8594551086425781 0.07159224897623062 0.5061733722686768 0.04677891731262207 -0.06298757344484329 0.9974307417869568 -0.03412530571222305 0.0022328123450279236 -0.507315993309021 -0.0025534648448228836 0.8617563843727112 3.8129100799560547
8.903911 0.837774395942688 0.07369285821914673 0.5410207509994507 0.060134291648864746 -0.06259050220251083 0.9972802400588989 -0.03891846910119057 0.0018409639596939087 -0.5424172282218933 -0.00125786941498518 0.8401082754135132 3.8295950889587402
9.008027 0.8131261467933655 0.07664186507463455 0.5770198702812195 0.07365429401397705 -0.06373622268438339 0.9970563054084778 -0.042616695165634155 0.0011445879936218262 -0.5785875916481018 -0.0021243197843432426 0.8156175017356873 3.845677614212036
9.11058 0.7859785556793213 0.0806996300816536 0.6129643321037292 0.08953392505645752 -0.06664751470088959 0.9967265129089355 -0.04576439782977104 0.00037163496017456055 -0.6146510243415833 -0.004882704932242632 0.7887840867042542 3.8625082969665527
9.214197 0.7563310861587524 0.08503861725330353 0.6486385464668274 0.1069345474243164 -0.0701059103012085 0.996341347694397 -0.048878103494644165 -0.0005051344633102417 -0.6504218578338623 -0.008505365811288357 0.7595255970954895 3.8793725967407227
9.317832 0.7231901288032532 0.08611630648374557 0.6852591037750244 0.12415611743927002 -0.0697811022400856 0.996229350566864 -0.0515521802008152 -0.0016723424196243286 -0.6871147155761719 -0.010536103509366512 0.7264725565910339 3.8957931995391846
9.421456 0.6867868304252625 0.08340946584939957 0.7220572233200073 0.14525830745697021 -0.06582435220479965 0.9964492917060852 -0.05249723419547081 -0.0029983073472976685 -0.723872184753418 -0.011474530212581158 0.6898386478424072 3.9126157760620117
9.525112 0.6475775837898254 0.08170841634273529 0.7576061487197876 0.16664767265319824 -0.06286051869392395 0.9965738654136658 -0.05375010892748833 -0.004986509680747986 -0.759402334690094 -0.012816149741411209 0.6504950523376465 3.928339719772339
9.630085 0.6053975820541382 0.08192124962806702 0.7916960120201111 0.191672682762146 -0.06124778464436531 0.996534526348114 -0.056281812489032745 -0.0059738606214523315 -0.7935631275177002 -0.014416754245758057 0.6083170175552368 3.945033550262451
9.732384 0.5590916872024536 0.08143311738967896 0.8250970840454102 0.21616899967193604 -0.057114265859127045 0.9965836405754089 -0.05965700373053551 -0.007327035069465637 -0.8271362781524658 -0.013771080411970615 0.5618326663970947 3.9595537185668945
9.836009 0.5114174485206604 0.08020168542861938 0.8555816411972046 0.24642467498779297 -0.05416378751397133 0.9966639280319214 -0.061050668358802795 -0.009755834937095642 -0.8576236963272095 -0.015119165182113647 0.5140554308891296 3.974602222442627
9.939685 0.4629572033882141 0.07879798859357834 0.882871150970459 0.2759215831756592 -0.05257377773523331 0.9967281818389893 -0.06139148026704788 -0.01095379889011383 -0.8848201036453247 -0.017994239926338196 0.46558520197868347 3.9876842498779297
10.0439 0.4130682647228241 0.0768282413482666 0.9074535965919495 0.3084295988082886 -0.052147191017866135 0.9967957139015198 -0.06065512076020241 -0.012688182294368744 -0.9092058539390564 -0.02226644940674305 0.41575103998184204 4.00093936920166
10.14677 0.36202824115753174 0.07732933014631271 0.9289541244506836 0.34228944778442383 -0.05496039241552353 0.9965901970863342 -0.061540648341178894 -0.01338919997215271 -0.9305455088615417 -0.02877623215317726 0.36504384875297546 4.0139689445495605
10.25036 0.3141222596168518 0.07681449502706528 0.9462699294090271 0.3749755620956421 -0.05294082686305046 0.9965878129005432 -0.0633249506354332 -0.01622849702835083 -0.9479053020477295 -0.0302045326679945 0.31711703538894653 4.021336078643799
10.35367 0.2672578692436218 0.07355118542909622 0.9608139395713806 0.41059160232543945 -0.04123469442129135 0.9970424175262451 -0.06485475599765778 -0.01801922917366028 -0.9627424478530884 -0.02228592522442341 0.2695002555847168 4.028206825256348
10.45717 0.22327914834022522 0.06754158437252045 0.9724117517471313 0.4477824568748474 -0.028413934633135796 0.9976235628128052 -0.06276851147413254 -0.020697996020317078 -0.9743403196334839 -0.013615144416689873 0.22466765344142914 4.033368110656738
10.56299 0.1809472143650055 0.0666598379611969 0.981231153011322 0.4867092967033386 -0.019099175930023193 0.9977504014968872 -0.06426001340150833 -0.022666409611701965 -0.9833073019981384 -0.00711303623393178 0.18181326985359192 4.038387298583984
10.66453 0.14270305633544922 0.0682128518819809 0.9874122142791748 0.5259405374526978 -0.01604156754910946 0.9976506233215332 -0.06660177558660507 -0.02470409870147705 -0.9896355271339417 -0.006335361395031214 0.14346204698085785 4.0420966148376465
10.76705 0.1102755144238472 0.06851973384618759 0.9915363192558289 0.5653781890869141 -0.007464045658707619 0.9976497292518616 -0.06811206787824631 -0.027674563229084015 -0.9938729405403137 0.0001102214737329632 0.11052779108285904 4.044107913970947
10.87022 0.0811273604631424 0.06740480661392212 0.9944218993186951 0.6090348362922668 0.00035082330578006804 0.9977085590362549 -0.06765621900558472 -0.02988816425204277 -0.9967036843299866 0.0058376369997859 0.08091780543327332 4.04667329788208
10.97342 0.05619001016020775 0.06575952470302582 0.996252179145813 0.6511690616607666 0.007670816965401173 0.9977707862854004 -0.06629239767789841 -0.032449230551719666 -0.9983905553817749 0.011367039754986763 0.05556032806634903 4.047614097595215
11.0772 0.03638564050197601 0.06469909846782684 0.997241199016571 0.6965383291244507 0.012029672972857952 0.9978013634681702 -0.06517434865236282 -0.03473351150751114 -0.9992655515670776 0.014367894269526005 0.03552733361721039 4.047863483428955
11.18019 0.020333176478743553 0.06625927239656448 0.9975952506065369 0.740917980670929 0.014055442065000534 0.9976839423179626 -0.06655165553092957 -0.03742420673370361 -0.9996944665908813 0.015374846756458282 0.01935478113591671 4.048486232757568
11.28415 0.007066558115184307 0.0662478357553482 0.9977781772613525 0.7869020104408264 0.015308345668017864 0.9976789951324463 -0.06634965538978577 -0.04006979987025261 -0.9998577833175659 0.01574319787323475 0.0060360124334692955 4.0479888916015625
11.3859 -0.004946899134665728 0.06711554527282715 0.997732937335968 0.8325679302215576 0.01615625061094761 0.9976202845573425 -0.06702788174152374 -0.04275171458721161 -0.9998572468757629 0.015788042917847633 -0.00601946422830224 4.047877788543701
11.48898 -0.013726298697292805 0.07011185586452484 0.9974446892738342 0.8813384175300598 0.020992089062929153 0.9973390102386475 -0.06981554627418518 -0.04529885575175285 -0.9996854066848755 0.019980138167738914 -0.015161567367613316 4.046252250671387
11.59255 -0.01977914199233055 0.07180070132017136 0.997222900390625 0.9289830923080444 0.025109827518463135 0.9971389770507812 -0.07129663228988647 -0.04841054975986481 -0.9994890093803406 0.02362990938127041 -0.021525457501411438 4.043885231018066
11.69527 -0.024988442659378052 0.07116158306598663 0.9971517324447632 0.9800455570220947 0.02587716467678547 0.9971750378608704 -0.0705147534608841 -0.05135294049978256 -0.999352753162384 0.02404140867292881 -0.026759307831525803 4.0434675216674805
11.79949 -0.02833641692996025 0.06840973347425461 0.9972547888755798 1.0295556783676147 0.023463137447834015 0.9974260926246643 -0.06775479018688202 -0.05405034124851227 -0.9993230104446411 0.021478798240423203 -0.029868589714169502 4.042085647583008
11.90171 -0.031200991943478584 0.06187744811177254 0.9975959658622742 1.0836493968963623 0.021454105153679848 0.9978933930397034 -0.06122490391135216 -0.05667171627283096 -0.9992828369140625 0.019492249935865402 -0.03246279060840607 4.041074752807617
12.00482 -0.032271262258291245 0.05628617852926254 0.9978930950164795 1.136138916015625 0.022574910894036293 0.9981994032859802 -0.05557340383529663 -0.059175003319978714 -0.9992241263389587 0.020733920857310295 -0.03348381817340851 4.039254665374756
12.108 -0.03260282054543495 0.05365012213587761 0.9980274438858032 1.190380334854126 0.025299496948719025 0.9982826113700867 -0.05283737555146217 -0.06230241432785988 -0.9991481304168701 0.02352694422006607 -0.033904142677783966 4.036860942840576
12.21119 -0.032328780740499496 0.05583538860082626 0.9979165196418762 1.2438435554504395 0.028294099494814873 0.9980893135070801 -0.05492844432592392 -0.06544899195432663 -0.9990767240524292 0.026459379121661186 -0.03384682536125183 4.035120487213135
12.3145 -0.03157621622085571 0.06329870969057083 0.9974949359893799 1.2992690801620483 0.02936471812427044 0.9976205825805664 -0.06237710639834404 -0.06787609308958054 -0.99906986951828 0.027321524918079376 -0.0333598256111145 4.033032417297363
12.41765 -0.029295194894075394 0.0710509791970253 0.9970424175262451 1.3539628982543945 0.030050134286284447 0.9970822930335999 -0.07017088681459427 -0.07103586196899414 -0.999118983745575 0.02790558710694313 -0.031344808638095856 4.0317864418029785
12.52105 -0.027394337579607964 0.07206109911203384 0.9970240592956543 1.4107412099838257 0.03076663613319397 0.9969865083694458 -0.07121306657791138 -0.07361758500337601 -0.9991510510444641 0.02872423641383648 -0.029528865590691566 4.030436992645264
12.62455 -0.025115348398685455 0.06767541915178299 0.9973912835121155 1.4682193994522095 0.030341709032654762 0.9972978234291077 -0.06690505892038345 -0.07682438939809799 -0.9992240071296692 0.02858220785856247 -0.02710087224841118 4.029296875
12.72743 -0.022375762462615967 0.06137342005968094 0.9978641271591187 1.525460958480835 0.029793087393045425 0.9977115392684937 -0.060695987194776535 -0.08028005063533783 -0.9993055462837219 0.028371334075927734 -0.02415306679904461 4.027461051940918
12.83073 -0.020011935383081436 0.05936841666698456 0.9980354905128479 1.5820729732513428 0.027915209531784058 0.9978793859481812 -0.058799389749765396 -0.0841318666934967 -0.9994099736213684 0.02668367698788643 -0.021626777946949005 4.027701377868652
12.93413 -0.01638723537325859 0.06501570343971252 0.9977496266365051 1.6395761966705322 0.03553830459713936 0.9972909688949585 -0.06440213322639465 -0.08753135800361633 -0.9992339611053467 0.03440295532345772 -0.01865338906645775 4.025484085083008
13.03771 -0.013140853494405746 0.0707835704088211 0.9974050521850586 1.6959102153778076 0.037144698202610016 0.9968373775482178 -0.070253886282444 -0.09059728682041168 -0.9992234706878662 0.03612511605024338 -0.015728523954749107 4.0248799324035645
13.14165 -0.010600563138723373 0.07115286588668823 0.9974090456962585 1.7540068626403809 0.03123907372355461 0.9970018267631531 -0.07079179584980011 -0.09420444816350937 -0.9994557499885559 0.030407702550292015 -0.012791531160473824 4.025132656097412
13.24421 -0.0074844397604465485 0.06748351454734802 0.9976922869682312 1.8111436367034912 0.02705676667392254 0.9973686337471008 -0.06725864857435226 -0.09785062819719315 -0.9996058344841003 0.026490936055779457 -0.009290631860494614 4.025423049926758
13.34803 -0.002680373378098011 0.06346777826547623 0.9979802966117859 1.8681291341781616 0.03106369450688362 0.9975075721740723 -0.06335428357124329 -0.1024160087108612 -0.9995138645172119 0.030831141397356987 -0.004645235370844603 4.024594306945801
13.45277 0.0009638274786993861 0.0648079589009285 0.9978973865509033 1.9263997077941895 0.03553265333175659 0.9972653985023499 -0.06480125337839127 -0.1056448444724083 -0.9993680715560913 0.03552038595080376 -0.001341607072390616 4.02414083480835
13.55488 0.003891249652951956 0.06896967440843582 0.9976111054420471 1.9835999011993408 0.034807417541742325 0.9970048069953918 -0.06906352937221527 -0.10955393314361572 -0.9993864893913269 0.0349930040538311 0.0014789389679208398 4.024766445159912
13.65796 0.0073914178647100925 0.07012724131345749 0.9975106120109558 2.0420351028442383 0.031410735100507736 0.9970293641090393 -0.07032614946365356 -0.11281713843345642 -0.9994792342185974 0.0318523608148098 0.005166713148355484 4.0256028175354
13.76127 0.010915480554103851 0.06980197876691818 0.9975011348724365 2.099949836730957 0.030809327960014343 0.9970634579658508 -0.07010850310325623 -0.11643504351377487 -0.9994657635688782 0.03149760141968727 0.008732873946428299 4.026547908782959
13.86467 0.014642039313912392 0.06620712578296661 0.9976984262466431 2.1577138900756836 0.03481188789010048 0.9971667528152466 -0.06668273359537125 -0.1206934005022049 -0.9992866516113281 0.035708144307136536 0.012295760214328766 4.026897430419922
13.96817 0.018497290089726448 0.06718448549509048 0.9975690245628357 2.2163782119750977 0.03865794464945793 0.9969456791877747 -0.06785929948091507 -0.12400805950164795 -0.9990813136100769 0.039819180965423584 0.015843577682971954 4.027324199676514
14.07164 0.021743495017290115 0.06800059229135513 0.9974482655525208 2.275017738342285 0.0419362373650074 0.9967440366744995 -0.06886676698923111 -0.12792205810546875 -0.9988837242126465 0.04332662746310234 0.018821008503437042 4.0288238525390625
14.17505 0.024325121194124222 0.06754102557897568 0.9974199533462524 2.332409143447876 0.04247912019491196 0.9967441558837891 -0.06853124499320984 -0.13185447454452515 -0.9988011717796326 0.04403654485940933 0.021376848220825195 4.030510425567627
14.2786 0.02797427773475647 0.06635858863592148 0.997403621673584 2.390188217163086 0.044044144451618195 0.9967432022094727 -0.06754995137453079 -0.1354641318321228 -0.998637855052948 0.045819446444511414 0.0249604694545269 4.032156467437744
14.38212 0.031393323093652725 0.06570830196142197 0.9973448514938354 2.4482550621032715 0.0457199290394783 0.9966978430747986 -0.06710478663444519 -0.1386609822511673 -0.9984608292579651 0.04770518094301224 0.028285479173064232 4.0343780517578125
14.4855 0.034597113728523254 0.06598959118127823 0.9972203969955444 2.506636381149292 0.0448131300508976 0.9967116117477417 -0.06751064211130142 -0.14232856035232544 -0.998396098613739 0.04702424630522728 0.031526144593954086 4.035733222961426
14.58897 0.03738212585449219 0.06729689240455627 0.9970324039459229 2.565680503845215 0.041351135820150375 0.9967710971832275 -0.06882964074611664 -0.14671111106872559 -0.9984450936317444 0.04380142316222191 0.034478623420000076 4.038724899291992
14.69245 0.040309544652700424 0.06753037124872208 0.9969026446342468 2.6238467693328857 0.04286805912852287 0.9966779947280884 -0.06924851983785629 -0.15005095303058624 -0.9982671737670898 0.0455266572535038 0.037280745804309845 4.040748119354248
14.79597 0.04247737675905228 0.06683837622404099 0.9968592524528503 2.6826066970825195 0.0403120256960392 0.9968326091766357 -0.0685543566942215 -0.15385760366916656 -0.9982838034629822 0.043097421526908875 0.039648447185754776 4.044206142425537
14.89949 0.04513420909643173 0.06755300611257553 0.9966942667961121 2.7423009872436523 0.0391848161816597 0.9968234896659851 -0.06933622062206268 -0.15767568349838257 -0.9982120394706726 0.04218472167849541 0.04234379157423973 4.047077178955078
15.00287 0.0477139949798584 0.06795208156108856 0.9965469241142273 2.8021819591522217 0.03610553964972496 0.9969140291213989 -0.06970582157373428 -0.16120503842830658 -0.998208224773407 0.03930681198835373 0.045113299041986465 4.050704002380371
15.1064 0.051004666835069656 0.07013703137636185 0.9962325692176819 2.861387252807617 0.034823305904865265 0.9967994689941406 -0.07195980846881866 -0.16443945467472076 -0.9980910420417786 0.03836240619421005 0.04839901253581047 4.053834915161133
15.20987 0.054673418402671814 0.07317159324884415 0.995819628238678 2.9206151962280273 0.033705830574035645 0.9966076612472534 -0.07508005201816559 -0.1692866086959839 -0.9979352355003357 0.03766980767250061 0.05202164128422737 4.057199001312256
15.31336 0.05829321965575218 0.0754748284816742 0.9954423904418945 2.9808876514434814 0.03374295309185982 0.9964191913604736 -0.07752489298582077 -0.17329852283000946 -0.9977290034294128 0.03810834512114525 0.05553774535655975 4.060480117797852
15.41675 0.06125709041953087 0.0772470012307167 0.995128333568573 3.0412328243255615 0.027658650651574135 0.9964864253997803 -0.07905499637126923 -0.17743439972400665 -0.9977387189865112 0.03236658498644829 0.05890531837940216 4.064657211303711
15.52022 0.06373738497495651 0.0767437294125557 0.9950115084648132 3.1016077995300293 0.02400677464902401 0.9966323971748352 -0.07840654253959656 -0.18145519495010376 -0.9976779222488403 0.02888444997370243 0.061680376529693604 4.069606781005859
15.62392 0.06736119836568832 0.07696224004030228 0.9947559237480164 3.1626503467559814 0.026411307975649834 0.9965335726737976 -0.07888825237751007 -0.1863236129283905 -0.9973790049552917 0.031586818397045135 0.06509502232074738 4.0740180015563965
15.7272 0.07101720571517944 0.07832685112953186 0.9943950176239014 3.2240564823150635 0.025409087538719177 0.9964466094970703 -0.0803031176328659 -0.19092951714992523 -0.9971514344215393 0.03096957691013813 0.06877464056015015 4.0787577629089355
15.83062 0.07484372705221176 0.07894452661275864 0.9940654635429382 3.285860538482666 0.021073851734399796 0.9965135455131531 -0.08072561025619507 -0.19544965028762817 -0.9969726800918579 0.026990599930286407 0.07291913032531738 4.084217548370361
15.93425 0.0786546841263771 0.07720084488391876 0.9939082264900208 3.3484246730804443 0.02054544724524021 0.9966596364974976 -0.07904046773910522 -0.19990134239196777 -0.9966902732849121 0.026637189090251923 0.07680582255125046 4.090141296386719
16.03941 0.08343328535556793 0.0772586241364479 0.9935139417648315 3.410398483276367 0.020831027999520302 0.9966370463371277 -0.07925084978342056 -0.20458664000034332 -0.9962956309318542 0.027308078482747078 0.08154331892728806 4.095341682434082
16.14091 0.08800841122865677 0.08074741810560226 0.9928415417671204 3.472593069076538 0.01726626604795456 0.9964357614517212 -0.08257026225328445 -0.209333598613739 -0.9959701895713806 0.024409547448158264 0.08630050718784332 4.1024169921875
16.2443 0.09426452219486237 0.08960023522377014 0.9915069341659546 3.5349059104919434 0.015466177836060524 0.9956897497177124 -0.09144861996173859 -0.2140294313430786 -0.9954270720481873 0.02395518496632576 0.09247242659330368 4.108560562133789
16.34828 0.10185012966394424 0.0943479835987091 0.9903156161308289 3.597524642944336 0.01337761152535677 0.9952726364135742 -0.09619604796171188 -0.21936435997486115 -0.9947097897529602 0.02304564043879509 0.10010648518800735 4.114463806152344
16.45345 0.10884463787078857 0.09664294868707657 0.989349901676178 3.6599531173706055 0.008980559185147285 0.9951266050338745 -0.09819524735212326 -0.22513799369335175 -0.9940182566642761 0.019572941586375237 0.10744629055261612 4.1227946281433105
