1403636580.0635555 0.9999978542327881 -0.0020087372977286577 0.00033113383688032627 -0.0001605832076165825 0.002006307477131486 0.9999721646308899 0.007179195526987314 0.006670728325843811 -0.0003455457335803658 -0.007178515661507845 0.9999741911888123 0.0021580324973911047
1403636580.1135554 0.9999877214431763 -0.004954027011990547 -0.00012986871297471225 -0.0004778343136422336 0.0049552819691598415 0.999906063079834 0.01277706678956747 0.013795695267617702 6.655858305748552e-05 -0.01277755293995142 0.9999183416366577 0.004561859183013439
1403636580.1635556 0.9999455809593201 -0.010217597708106041 -0.002078919904306531 -0.0005679949535988271 0.010243404656648636 0.9998655319213867 0.012807291001081467 0.026313140988349915 0.0019477803725749254 -0.012827889993786812 0.9999157786369324 0.008044352754950523
1403636580.2135556 0.9999764561653137 -0.006746711675077677 -0.0012405288871377707 -0.0009907027706503868 0.006772137712687254 0.9997397065162659 0.02178165502846241 0.026355601847171783 0.0010932505829259753 -0.021789537742733955 0.9997619390487671 0.008274450898170471
1403636580.2635555 0.9999788403511047 -0.0061850412748754025 -0.0020106351003050804 -0.0010975137120112777 0.006235313136130571 0.999641478061676 0.0260400902479887 0.032590270042419434 0.0018488552886992693 -0.026052070781588554 0.9996588826179504 0.010054335929453373
1403636580.3135555 0.999997079372406 -0.001579310861416161 -0.0017958282260224223 -0.0013167413417249918 0.0016395230777561665 0.9994193315505981 0.03403720259666443 0.03816888481378555 0.0017410297878086567 -0.03404004126787186 0.9994189739227295 0.011392883025109768
1403636580.3635557 0.9999943971633911 0.0011342718498781323 -0.0031453922856599092 -0.0016182505059987307 -0.0009912975365296006 0.9989824295043945 0.04509006068110466 0.04371222108602524 0.003193335607647896 -0.04508669301867485 0.9989780783653259 0.0127011863514781
1403636580.4135554 0.9999892115592957 0.0015139434253796935 -0.004397137556225061 -0.0015608021058142185 -0.001245811115950346 0.9981762766838074 0.06035415083169937 0.04453740268945694 0.004480491392314434 -0.060348037630319595 0.9981673955917358 0.012429709546267986
1403636580.4635556 0.9999836087226868 0.003078990150243044 -0.00484007503837347 -0.0018834518268704414 -0.0026936724316328764 0.9969736933708191 0.07769394665956497 0.04838345944881439 0.00506464671343565 -0.07767963409423828 0.9969655871391296 0.01301353145390749
1403636580.5135555 0.9999768733978271 0.005258260294795036 -0.004346572328358889 -0.0021519141737371683 -0.0048189410008490086 0.9954128861427307 0.0955493226647377 0.048878103494644165 0.004829058423638344 -0.09552615135908127 0.995415210723877 0.012993182986974716
1403636580.5635555 0.9999693036079407 0.002301411936059594 -0.007499105762690306 -0.0022914737928658724 -0.001469988375902176 0.9940356612205505 0.10904533416032791 0.04847625643014908 0.007705336436629295 -0.10903094708919525 0.9940085411071777 0.012645130045711994
1403636580.6135554 0.9999396204948425 0.0020298960153013468 -0.010798643343150616 -0.0024620997719466686 -0.0007856845040805638 0.9934806227684021 0.11399810016155243 0.04534979537129402 0.010959647595882416 -0.11398271471261978 0.9934223294258118 0.011314436793327332
1403636580.6635556 0.9999358057975769 0.001362011767923832 -0.011255374178290367 -0.0027223757933825254 -9.091343963518739e-05 0.9936890602111816 0.11216942965984344 0.03961682692170143 0.011337118223309517 -0.11216117441654205 0.9936254024505615 0.009593047201633453
1403636580.7135556 0.9999592304229736 0.0035556061193346977 -0.008298691362142563 -0.002996642142534256 -0.0026781281922012568 0.9946311116218567 0.103449746966362 0.03339488059282303 0.008621962741017342 -0.10342331230640411 0.9946001768112183 0.007597565650939941
1403636580.7635555 0.999954879283905 0.008827618323266506 -0.0035156789235770702 -0.002906219568103552 -0.008469055406749249 0.995771050453186 0.09147889912128448 0.026632603257894516 0.004308351781219244 -0.09144500643014908 0.9958009123802185 0.006052117794752121
1403636580.8135555 0.9998676180839539 0.015789734199643135 0.003944894298911095 -0.0029419942293316126 -0.016051918268203735 0.9967510104179382 0.07892738282680511 0.015833405777812004 -0.0026858365163207054 -0.07898023724555969 0.9968727827072144 0.003405581461265683
1403636580.8635557 0.9996209740638733 0.023284653201699257 0.014681309461593628 -0.0030615695286542177 -0.024168912321329117 0.9977052211761475 0.06324584037065506 0.008927946910262108 -0.013174963183701038 -0.06357668340206146 0.997890055179596 0.0017262055771425366
1403636580.9135554 0.9992510080337524 0.029505984857678413 0.025031834840774536 -0.0030694929882884026 -0.030690724030137062 0.998358964920044 0.04834534972906113 -0.002937870565801859 -0.023564282804727554 -0.049077358096838 0.9985170960426331 -0.0011031747562810779
1403636580.9635556 0.9990142583847046 0.03334328159689903 0.029304230585694313 -0.003438395680859685 -0.03428557515144348 0.9988911151885986 0.032263483852148056 -0.01147556770592928 -0.02819596603512764 -0.033236388117074966 0.999049723148346 -0.0032771979458630085
1403636581.0135555 0.998908519744873 0.03595023974776268 0.029821889474987984 -0.00390753336250782 -0.036514051258563995 0.9991604685783386 0.018581805750727654 -0.02236836962401867 -0.029128829017281532 -0.019650446251034737 0.999382495880127 -0.006396401207894087
1403636581.0635555 0.9989756941795349 0.03554424270987511 0.02800637297332287 -0.004058181308209896 -0.03568486496806145 0.9993529319763184 0.004537184257060289 -0.02844412438571453 -0.027826976031064987 -0.005531940143555403 0.999597430229187 -0.007718087639659643
1403636581.1135554 0.9990728497505188 0.0325080044567585 0.02822391875088215 -0.0039983694441616535 -0.03226875886321068 0.9994397163391113 -0.008891504257917404 -0.03680240362882614 -0.02849714644253254 0.007972510531544685 0.9995620846748352 -0.010106634348630905
1403636581.1635556 0.9991881251335144 0.027376096695661545 0.029550230130553246 -0.004296164959669113 -0.02665027417242527 0.9993399977684021 -0.024682801216840744 -0.044273123145103455 -0.030206436291337013 0.023875245824456215 0.9992585182189941 -0.012308207340538502
1403636581.2135556 0.9992915391921997 0.02283007651567459 0.029912889003753662 -0.004102901555597782 -0.021588526666164398 0.9989180564880371 -0.04119068384170532 -0.05089511722326279 -0.030820902436971664 0.04051573574542999 0.9987034797668457 -0.014341273345053196
1403636581.2635555 0.9993719458580017 0.018280180171132088 0.03034896031022072 -0.00427649263292551 -0.016471384093165398 0.9981328845024109 -0.05881596729159355 -0.05697765201330185 -0.031367458403110504 0.05827915295958519 0.9978073835372925 -0.016338270157575607
1403636581.3135555 0.9993904829025269 0.019574522972106934 0.028900884091854095 -0.003529649693518877 -0.017390023916959763 0.9971071481704712 -0.07399316132068634 -0.06108075752854347 -0.030265653505921364 0.07344548404216766 0.9968398809432983 -0.01789897307753563
1403636581.3635557 0.9993524551391602 0.019665561616420746 0.030123304575681686 -0.0035689615178853273 -0.017056528478860855 0.9962735772132874 -0.08454544842243195 -0.06339578330516815 -0.03167368099093437 0.08397690951824188 0.9959641695022583 -0.018879812210798264
1403636581.4135554 0.9991075396537781 0.0248436089605093 0.03415573760867119 -0.003399514127522707 -0.02178008109331131 0.9959428906440735 -0.08731094002723694 -0.06332948803901672 -0.03618628904223442 0.08648911863565445 0.995595395565033 -0.01981355994939804
1403636581.4635556 0.9988278746604919 0.03091680072247982 0.03723790496587753 -0.003134044585749507 -0.02775663696229458 0.9961976408958435 -0.08258085697889328 -0.06089877709746361 -0.03964944928884506 0.081450454890728 0.9958884716033936 -0.019079700112342834
1403636581.5135555 0.9985527992248535 0.03630621358752251 0.039670430123806 -0.0028840843588113785 -0.033397916704416275 0.9968695044517517 -0.0716647058725357 -0.05651526898145676 -0.04214811697602272 0.07023609429597855 0.996639609336853 -0.01803716830909252
1403636581.5635555 0.9985650777816772 0.03407007083296776 0.04131188243627548 -0.00243048882111907 -0.03161310404539108 0.9977729320526123 -0.058734823018312454 -0.05084974318742752 -0.04322098195552826 0.05734455585479736 0.9974185228347778 -0.01588224247097969
1403636581.6135554 0.99869704246521 0.03215743973851204 0.039621468633413315 -0.0020664127077907324 -0.030348287895321846 0.998505711555481 -0.04544597864151001 -0.043882690370082855 -0.04102369397878647 0.044184327125549316 0.9981808066368103 -0.013547162525355816
1403636581.6635556 0.9988517165184021 0.02800801955163479 0.03886536881327629 -0.0017526893643662333 -0.026633061468601227 0.9990163445472717 -0.035455379635095596 -0.035251714289188385 -0.039820171892642975 0.034379564225673676 0.9986152648925781 -0.010889185592532158
1403636581.7135556 0.9988163709640503 0.030951356515288353 0.037519391626119614 -0.0009876833064481616 -0.029916459694504738 0.9991647005081177 -0.027837656438350677 -0.02729053422808647 -0.038349661976099014 0.026682259514927864 0.9989081025123596 -0.007976394146680832
1403636581.7635555 0.9990318417549133 0.027065204456448555 0.03467981517314911 -0.0003982566995546222 -0.026226019486784935 0.9993575215339661 -0.024428701028227806 -0.019061310216784477 -0.03531870245933533 0.023495536297559738 0.999099850654602 -0.00515805184841156
1403636581.8135555 0.9992102980613708 0.027407225221395493 0.028767308220267296 -7.588539301650599e-05 -0.026809196919202805 0.9994205236434937 -0.02097231149673462 -0.01040644757449627 -0.02932542935013771 0.02018452249467373 0.9993661046028137 -0.00265886215493083
1403636581.8635557 0.9993318319320679 0.025683095678687096 0.026004459708929062 0.00016489738482050598 -0.02526642382144928 0.9995489716529846 -0.01622718945145607 -0.0027912654913961887 -0.02640949748456478 0.015559304505586624 0.9995300769805908 -0.0008559672278352082
1403636581.9135554 0.9995166659355164 0.021064890548586845 0.022863948717713356 0.0002647514920681715 -0.020923666656017303 0.9997605681419373 -0.006398510187864304 0.006063825450837612 -0.022993259131908417 0.005917021073400974 0.9997181296348572 0.001501731458120048
1403636581.9635556 0.9994393587112427 0.019084507599473 0.027510780841112137 0.00020222924649715424 -0.019300337880849838 0.9997848868370056 0.007601315621286631 0.014311550185084343 -0.027359794825315475 -0.008128020912408829 0.999592661857605 0.00393103389069438
1403636582.0135555 0.9993905425071716 0.01565755344927311 0.031198104843497276 0.0003772862837649882 -0.016381558030843735 0.9995991587638855 0.023087937384843826 0.022349487990140915 -0.03082410804927349 -0.023584945127367973 0.9992464780807495 0.006135917734354734
1403636582.0635555 0.9992585778236389 0.016394762322306633 0.03483317792415619 0.00027404859429225326 -0.017804894596338272 0.9990181922912598 0.0405658558011055 0.02927127107977867 -0.0341339148581028 -0.04115598648786545 0.9985694885253906 0.008014403283596039
1403636582.1135554 0.999276340007782 0.017422128468751907 0.03381487354636192 0.00015492484089918435 -0.019333764910697937 0.9981838464736938 0.05705428123474121 0.03370826691389084 -0.03275945782661438 -0.05766676366329193 0.9977982640266418 0.009144781157374382
1403636582.1635556 0.9993945956230164 0.016970627009868622 0.03037162870168686 -0.000259628111962229 -0.01911662332713604 0.9972341656684875 0.07182230055332184 0.037845924496650696 -0.029068753123283386 -0.07235942780971527 0.9969549775123596 0.009924639016389847
1403636582.2135556 0.9994670748710632 0.01791747286915779 0.027285875752568245 -0.0006669166032224894 -0.020132973790168762 0.9963282346725464 0.08321365714073181 0.039981018751859665 -0.02569470927119255 -0.0837186649441719 0.9961581230163574 0.01022384688258171
1403636582.2635555 0.9995026588439941 0.018525345250964165 0.02551695890724659 -0.0010564695112407207 -0.020759938284754753 0.9956991076469421 0.0902908518910408 0.04004274681210518 -0.023734545335173607 -0.09077569842338562 0.995588481426239 0.01020079292356968
1403636582.3135555 0.9995762705802917 0.018785148859024048 0.02223336324095726 -0.0014191076625138521 -0.020764783024787903 0.9955013394355774 0.0924442857503891 0.03749765083193779 -0.02039676159620285 -0.09286679327487946 0.9954696297645569 0.009579158388078213
1403636582.3635557 0.9996505379676819 0.017046034336090088 0.02020183764398098 -0.0019991870503872633 -0.01874476484954357 0.9960214495658875 0.08712078630924225 0.032612938433885574 -0.018636398017406464 -0.08746902644634247 0.99599289894104 0.008039277978241444
1403636582.4135554 0.9996798634529114 0.016543513163924217 0.019141562283039093 -0.002589371521025896 -0.017936989665031433 0.9970163702964783 0.07507739961147308 0.025861378759145737 -0.017842400819063187 -0.07539670169353485 0.9969939589500427 0.006105960346758366
1403636582.4635556 0.9996984601020813 0.015237034298479557 0.01925332099199295 -0.0031019586604088545 -0.01635598950088024 0.9981023669242859 0.059363316744565964 0.018324771896004677 -0.01831226795911789 -0.05966031551361084 0.9980507493019104 0.0037821168079972267
1403636582.5135555 0.9995675683021545 0.019367873668670654 0.02212422341108322 -0.0032813595607876778 -0.02037244290113449 0.9987280368804932 0.04612114652991295 0.011991406790912151 -0.02120281010866165 -0.04655193164944649 0.9986908435821533 0.002051864517852664
1403636582.5635555 0.9994561076164246 0.020540600642561913 0.025798335671424866 -0.0036065098829567432 -0.021453721448779106 0.9991346597671509 0.03563135489821434 0.0034246486611664295 -0.025044117122888565 -0.036165446043014526 0.9990319609642029 -0.000335618678946048
1403636582.6135554 0.9992101192474365 0.024391457438468933 0.03137166425585747 -0.00365233002230525 -0.02532823383808136 0.9992343187332153 0.02981819026172161 -0.005079734604805708 -0.030620334669947624 -0.03058922477066517 0.9990628957748413 -0.0027846519369632006
1403636582.6635556 0.9990342855453491 0.024255715310573578 0.03663505241274834 -0.003599901217967272 -0.025167537853121758 0.9993796348571777 0.02463676780462265 -0.013958938419818878 -0.03601474314928055 -0.025534991174936295 0.9990249276161194 -0.0054535591043531895
1403636582.7135556 0.9989708065986633 0.022978801280260086 0.03910307586193085 -0.0034370587673038244 -0.023764152079820633 0.9995227456092834 0.01973915845155716 -0.02252260595560074 -0.038630831986665726 -0.02064809575676918 0.9990401864051819 -0.007998366840183735
1403636582.7635555 0.9988656044006348 0.02000129222869873 0.043216899037361145 -0.0027834605425596237 -0.020569486543536186 0.9997071623802185 0.012742949649691582 -0.029352517798542976 -0.0429493710398674 -0.0136174401268363 0.9989843368530273 -0.009833003394305706
1403636582.8135555 0.9986559152603149 0.014779954217374325 0.04967889189720154 -0.002299047540873289 -0.014937161467969418 0.9998844861984253 0.0027946457266807556 -0.03789537027478218 -0.04963184520602226 -0.0035329479724168777 0.9987612962722778 -0.012056651525199413
1403636582.8635557 0.9982582926750183 0.00950760580599308 0.05822483077645302 -0.001576097565703094 -0.008908950723707676 0.9999048709869385 -0.010532766580581665 -0.04687376692891121 -0.05831943079829216 0.009995697997510433 0.9982478618621826 -0.014616157859563828
1403636582.9135554 0.9978803992271423 0.0047681513242423534 0.06489996612071991 -0.001366865006275475 -0.0030716632027179003 0.9996517300605774 -0.0262148454785347 -0.054518040269613266 -0.06500235199928284 0.025959929451346397 0.9975473284721375 -0.016690580174326897
1403636582.9635556 0.997658908367157 0.004180312622338533 0.06825941056013107 -0.0007035842863842845 -0.0012194052105769515 0.9990588426589966 -0.043361518532037735 -0.061392560601234436 -0.06837642937898636 0.04317677021026611 0.9967247843742371 -0.018689105287194252
1403636583.0135555 0.9974177479743958 0.00413962546736002 0.07169860601425171 -0.00040725013241171837 0.00020379750640131533 0.9981703162193298 -0.0604659803211689 -0.0663052499294281 -0.07181771099567413 0.06032446399331093 0.9955918192863464 -0.020546063780784607
1403636583.0635555 0.9973968863487244 0.007197875063866377 0.07174725085496902 -1.5859142877161503e-05 -0.00208526523783803 0.9974684119224548 -0.07108034193515778 -0.06962145864963531 -0.07207725942134857 0.07074570655822754 0.9948868155479431 -0.021728381514549255
1403636583.1135554 0.9972172975540161 0.010281099937856197 0.07383698970079422 -0.00033699459163472056 -0.004721652250736952 0.9971665740013123 -0.07507695257663727 -0.07011501491069794 -0.07439962774515152 0.07451941072940826 0.9944403171539307 -0.022326577454805374
1403636583.1635556 0.9968234896659851 0.015291259624063969 0.07816049456596375 -0.00024033314548432827 -0.009401841089129448 0.9971264600753784 -0.07517024129629135 -0.06950833648443222 -0.0790853202342987 0.07419661432504654 0.9941027760505676 -0.02221270464360714
1403636583.2135556 0.9967146515846252 0.018855635076761246 0.07876641303300858 0.00027120194863528013 -0.013070673681795597 0.9972224235534668 -0.0733247920870781 -0.06621936708688736 -0.07993021607398987 0.07205437123775482 0.9941927790641785 -0.020840629935264587
1403636583.2635555 0.9968582391738892 0.019671695306897163 0.07672452926635742 0.0009803419234231114 -0.014307999052107334 0.9974554777145386 -0.06984204053878784 -0.06295047700405121 -0.07790321111679077 0.06852483749389648 0.994603157043457 -0.019744873046875
1403636583.3135555 0.9969865679740906 0.019292745739221573 0.07513809204101562 0.0008323141373693943 -0.01435818336904049 0.9977383017539978 -0.06566839665174484 -0.057287536561489105 -0.07623507082462311 0.06439167261123657 0.9950084686279297 -0.017525948584079742
1403636583.3635557 0.9970701336860657 0.02067646011710167 0.07364580780267715 0.001208445755764842 -0.01619870960712433 0.9980132579803467 -0.06088786944746971 -0.049979258328676224 -0.07475841790437698 0.059516508132219315 0.9954240322113037 -0.014762182720005512
1403636583.4135554 0.9973978400230408 0.019472433254122734 0.0694132149219513 0.0016845294740051031 -0.015556508675217628 0.9982807040214539 -0.05651552975177765 -0.04174893721938133 -0.0703943520784378 0.0552886538207531 0.9959858655929565 -0.011790651828050613
1403636583.4635556 0.9976561069488525 0.022680077701807022 0.06456073373556137 0.002404088620096445 -0.019460465759038925 0.9985561370849609 -0.05006890371441841 -0.03337634354829788 -0.06560307741165161 0.048695169389247894 0.9966569542884827 -0.009246105328202248
1403636583.5135555 0.9978076219558716 0.024157041683793068 0.061615485697984695 0.0028602106031030416 -0.021495094522833824 0.9988219738006592 -0.04350557178258896 -0.024342376738786697 -0.06259385496377945 0.04208576679229736 0.9971514344215393 -0.0059944335371255875
1403636583.5635555 0.997722864151001 0.028439614921808243 0.06115926802158356 0.0034360934514552355 -0.026333250105381012 0.9990411400794983 -0.034975312650203705 -0.015018151141703129 -0.06209531053900719 0.033285144716501236 0.9975151419639587 -0.0029193563386797905
1403636583.6135554 0.997330904006958 0.031231548637151718 0.06599809229373932 0.003826079424470663 -0.029749197885394096 0.9992851614952087 -0.023325389251112938 -0.006552134174853563 -0.06667938828468323 0.02129974588751793 0.9975470304489136 7.484224624931812e-05
1403636583.6635556 0.9978331327438354 0.026656435802578926 0.060152843594551086 0.003885870799422264 -0.02635144628584385 0.9996355175971985 -0.005858030170202255 0.00043192855082452297 -0.06028706952929497 0.004260222893208265 0.9981719851493835 0.002058790996670723
1403636583.7135556 0.9982051253318787 0.018846193328499794 0.05684491619467735 0.003999052103608847 -0.019756555557250977 0.9996848106384277 0.01549559086561203 0.009266423061490059 -0.056534964591264725 -0.016590837389230728 0.9982627630233765 0.004738807678222656
1403636583.7635555 0.9985789656639099 0.009648815728724003 0.05241081863641739 0.0040135253220796585 -0.011674958281219006 0.9991906881332397 0.03849133476614952 0.01684948429465294 -0.05199700593948364 -0.03904853016138077 0.9978835582733154 0.00662235775962472
1403636583.8135555 0.9986559748649597 0.004869852680712938 0.05160036310553551 0.004042338579893112 -0.007932179607450962 0.998208224773407 0.05930948629975319 0.024283070117235184 -0.05121907219290733 -0.05963907390832901 0.9969050884246826 0.008583929389715195
1403636583.8635557 0.998677134513855 0.0029961783438920975 0.05133243277668953 0.00389088224619627 -0.006819150410592556 0.997200608253479 0.07446236908435822 0.029338926076889038 -0.05096564069390297 -0.07471391558647156 0.9959017038345337 0.009775253012776375
1403636583.9135554 0.9985647201538086 0.008914553560316563 0.052810605615377426 0.004012292250990868 -0.013377062045037746 0.9963117241859436 0.08475922793149948 0.035175107419490814 -0.05186023935675621 -0.08534400910139084 0.995000958442688 0.011081620119512081
1403636583.9635556 0.9986095428466797 0.015267563983798027 0.050456807017326355 0.003928413148969412 -0.019810808822512627 0.9956715703010559 0.0908060297369957 0.039873018860816956 -0.04885202646255493 -0.09167934209108353 0.9945894479751587 0.012043533846735954
1403636584.0135555 0.9987883567810059 0.019707202911376953 0.04509347677230835 0.003672016318887472 -0.023867273703217506 0.9953182935714722 0.09365908801555634 0.04300664737820625 -0.043036606162786484 -0.09462185204029083 0.9945825338363647 0.012553059495985508
1403636584.0635555 0.9990949034690857 0.020812325179576874 0.0370970256626606 0.0032700845040380955 -0.02420671284198761 0.9953217506408691 0.0935344249010086 0.0434749461710453 -0.03497679904103279 -0.0943477675318718 0.9949246644973755 0.012028488330543041
1403636584.1135554 0.9993170499801636 0.02031751722097397 0.03086557239294052 0.0029397904872894287 -0.023128008469939232 0.9953402280807495 0.09361147880554199 0.04279855638742447 -0.02881978452205658 -0.09426140785217285 0.9951302409172058 0.011657938361167908
1403636584.1635556 0.999405026435852 0.021564828231930733 0.026918925344944 0.002577268984168768 -0.024006351828575134 0.9952881336212158 0.09394316375255585 0.04008406773209572 -0.024766216054558754 -0.09453348070383072 0.9952134490013123 0.010766929015517235
1403636584.2135556 0.9994236826896667 0.02246003970503807 0.02544940635561943 0.0022690300829708576 -0.024745408445596695 0.9953242540359497 0.09336674958467484 0.035421669483184814 -0.023233385756611824 -0.09394270926713943 0.9953064918518066 0.009457840584218502
1403636584.2635555 0.9993928074836731 0.023699607700109482 0.02554088830947876 0.00221869139932096 -0.025923775508999825 0.9955503344535828 0.09059534966945648 0.030030876398086548 -0.02328016608953476 -0.09120246022939682 0.9955601692199707 0.008261973038315773
1403636584.3135555 0.9993830919265747 0.023820770904421806 0.025804437696933746 0.0018594685243442655 -0.025952333584427834 0.9959836602210999 0.08569160103797913 0.0246867798268795 -0.023659562692046165 -0.08630842715501785 0.9959875345230103 0.006836854852735996
1403636584.3635557 0.9992585182189941 0.026381991803646088 0.028041668236255646 0.001812871778383851 -0.028616510331630707 0.996178150177002 0.08252465724945068 0.016426002606749535 -0.025757331401109695 -0.08326593041419983 0.9961944818496704 0.004895810037851334
1403636584.4135554 0.9988017082214355 0.03324490413069725 0.03591333329677582 0.0019258519168943167 -0.03597528859972954 0.9962831735610962 0.07826726883649826 0.007850258611142635 -0.03317786380648613 -0.07946547865867615 0.9962853789329529 0.003047823440283537
1403636584.4635556 0.9983533024787903 0.038314539939165115 0.042692575603723526 0.001930959871970117 -0.041293565183877945 0.9966046810150146 0.07123295217752457 -0.0013690699124708772 -0.03981836140155792 -0.07287859171628952 0.9965455532073975 0.0011390952859073877
1403636584.5135555 0.998150110244751 0.03964706510305405 0.04609127342700958 0.0019623180851340294 -0.04242563247680664 0.9972385168075562 0.06095675379037857 -0.011398686096072197 -0.04354723542928696 -0.06279944628477097 0.997075617313385 -0.0011981003917753696
1403636584.5635555 0.9980000257492065 0.03900066763162613 0.04974870756268501 0.001776195946149528 -0.04137309268116951 0.998009979724884 0.04758480563759804 -0.020502055063843727 -0.04779386892914772 -0.04954790323972702 0.9976275563240051 -0.003136290004476905
1403636584.6135554 0.9978001713752747 0.037480611354112625 0.054681435227394104 0.001643890980631113 -0.039171766489744186 0.9987762570381165 0.030190270394086838 -0.030869899317622185 -0.05348297953605652 -0.03226582705974579 0.9980473518371582 -0.0056335399858653545
1403636584.6635556 0.9974783062934875 0.03481735289096832 0.061845771968364716 0.0015420294366776943 -0.0354611761868 0.9993274211883545 0.00934290885925293 -0.04061863571405411 -0.0614788755774498 -0.011512473225593567 0.9980419874191284 -0.007833766750991344
1403636584.7135556 0.9970804452896118 0.035033248364925385 0.06784693896770477 0.001804283936508 -0.03416860103607178 0.9993199706077576 -0.0138633968308568 -0.04656505212187767 -0.0682864785194397 0.01150468923151493 0.9975993633270264 -0.00943725649267435
1403636584.7635555 0.9966040253639221 0.03382553160190582 0.07507513463497162 0.0016869718674570322 -0.03135504946112633 0.9989352226257324 -0.033845480531454086 -0.055382560938596725 -0.07614003866910934 0.03137655556201935 0.9966033697128296 -0.011935390532016754
1403636584.8135555 0.9963271021842957 0.034289177507162094 0.07846540212631226 0.0013908968539908528 -0.030393682420253754 0.9982710480690002 -0.05031329020857811 -0.06272564083337784 -0.08005493134260178 0.04774364084005356 0.9956463575363159 -0.014541452750563622
1403636584.8635557 0.9963486790657043 0.029713168740272522 0.0800396054983139 0.00122038961853832 -0.02463144063949585 0.997662365436554 -0.06374601274728775 -0.06910079717636108 -0.08174656331539154 0.06154176592826843 0.9947512745857239 -0.016943152993917465
1403636584.9135554 0.9965069890022278 0.02676524966955185 0.07910547405481339 0.0006719563389196992 -0.020991329103708267 0.9971154928207397 -0.07294110208749771 -0.07387306541204453 -0.08082956820726395 0.0710257813334465 0.9941940307617188 -0.018938351422548294
1403636584.9635556 0.9964566826820374 0.021671701222658157 0.08126649260520935 0.000295311096124351 -0.015419433824717999 0.9969280958175659 -0.07678843289613724 -0.07537521421909332 -0.08268097788095474 0.07526326924562454 0.9937300682067871 -0.019628318026661873
1403636585.0135555 0.9961956143379211 0.01925082877278328 0.08499244600534439 0.00010252255015075207 -0.012732330709695816 0.9969819784164429 -0.07658134400844574 -0.07609151303768158 -0.08621019124984741 0.07520783692598343 0.9934341907501221 -0.01964113488793373
1403636585.0635555 0.9959627389907837 0.01645391620695591 0.08824657648801804 8.720962796360254e-05 -0.010032182559370995 0.997301459312439 -0.07272613048553467 -0.07575711607933044 -0.0892050638794899 0.07154720276594162 0.9934401512145996 -0.01924428716301918
1403636585.1135554 0.9959181547164917 0.015889544039964676 0.08885128051042557 0.00015963928308337927 -0.009808305650949478 0.9976052641868591 -0.0684652179479599 -0.0731731578707695 -0.08972640335559845 0.0673142671585083 0.9936889410018921 -0.017989125102758408
1403636585.1635556 0.995475172996521 0.014589703641831875 0.09389541298151016 0.0004508543061092496 -0.008707737550139427 0.9979912638664246 -0.06275128573179245 -0.06894892454147339 -0.09462232887744904 0.06164974346756935 0.993602454662323 -0.01631109043955803
1403636585.2135556 0.994908332824707 0.015364459715783596 0.09960496425628662 0.0006549741374328732 -0.009818628430366516 0.9983863234519958 -0.05593124404549599 -0.06417487561702728 -0.10030356794595718 0.05466849356889725 0.993453860282898 -0.014666909351944923
1403636585.2635555 0.9941264390945435 0.021375706419348717 0.106092169880867 0.0008051476906985044 -0.016163427382707596 0.9986308813095093 -0.04974876716732979 -0.05833316594362259 -0.10701031982898712 0.047741759568452835 0.9931110143661499 -0.013066318817436695
1403636585.3135555 0.9934664368629456 0.026812143623828888 0.11093055456876755 0.0015577453887090087 -0.021990129724144936 0.9987687468528748 -0.044466398656368256 -0.05175681412220001 -0.11198621243238449 0.04173649847507477 0.9928328990936279 -0.010261539369821548
1403636585.3635557 0.9929540753364563 0.03489263355731964 0.11324595659971237 0.002820336725562811 -0.03069131448864937 0.9987820386886597 -0.0386333242058754 -0.04465106874704361 -0.11445604264736176 0.03488545119762421 0.9928156137466431 -0.007322544232010841
1403636585.4135554 0.9927763342857361 0.038782861083745956 0.1135387122631073 0.0037374701350927353 -0.03533871844410896 0.9988567233085632 -0.03219239413738251 -0.03802775964140892 -0.1146574318408966 0.02794753760099411 0.9930118322372437 -0.004552643280476332
1403636585.4635556 0.9933174252510071 0.041986335068941116 0.1075064167380333 0.004289901815354824 -0.03974718227982521 0.9989475011825562 -0.02288774773478508 -0.031090756878256798 -0.10835424810647964 0.018461724743247032 0.9939408302307129 -0.0022436543367803097
1403636585.5135555 0.9937319159507751 0.04474719986319542 0.10244311392307281 0.004596319515258074 -0.04372479021549225 0.9989690780639648 -0.012205278500914574 -0.02405175194144249 -0.10288365185260773 0.00764947384595871 0.9946640133857727 -0.00035999497049488127
1403636585.5635555 0.994843602180481 0.045186229050159454 0.09079740941524506 0.005178662016987801 -0.045366689562797546 0.9989705085754395 -7.635354995727539e-05 -0.018095841631293297 -0.09070737659931183 -0.004043218679726124 0.9958693385124207 0.0006773221539333463
1403636585.6135554 0.9959784150123596 0.04480105638504028 0.07758748531341553 0.0052504451014101505 -0.045940350741147995 0.9988601207733154 0.012961091473698616 -0.013651438988745213 -0.07691837102174759 -0.01647336781024933 0.996901273727417 0.0005210347007960081
1403636585.6635556 0.9970579147338867 0.04083137586712837 0.06487077474594116 0.005390570033341646 -0.04266699030995369 0.9987199306488037 0.02716721221804619 -0.00854410044848919 -0.06367845088243484 -0.02985512837767601 0.9975237250328064 0.0005519573460333049
1403636585.7135556 0.9980059862136841 0.035242047160863876 0.05236494541168213 0.00530721852555871 -0.037474773824214935 0.9984025359153748 0.04228587448596954 -0.004609634634107351 -0.05079105496406555 -0.04416392371058464 0.9977323412895203 -0.00018311658641323447
1403636585.7635555 0.9985995888710022 0.028839940205216408 0.04435187950730324 0.005245852284133434 -0.03141054883599281 0.9977990388870239 0.0583987794816494 -0.001727443654090166 -0.042570047080516815 -0.05971011519432068 0.9973075985908508 -0.0010222822893410921
1403636585.8135555 0.9991843104362488 0.020333116874098778 0.03488987684249878 0.0051908534951508045 -0.02288493700325489 0.9969679713249207 0.07437124848365784 0.0001457202306482941 -0.033271901309490204 -0.07510904222726822 0.9966200590133667 -0.0021249777637422085
1403636585.8635557 0.99952632188797 0.013617144897580147 0.027601266279816628 0.0050343056209385395 -0.01612611673772335 0.9955525398254395 0.09281802177429199 0.001426593866199255 -0.0262146033346653 -0.09321916103363037 0.9953004121780396 -0.0034855108242481947
1403636585.9135554 0.9997234344482422 0.00757263321429491 0.022266507148742676 0.00485595129430294 -0.010020479559898376 0.9936615228652954 0.11196516454219818 0.002033144934102893 -0.021277500316500664 -0.11215728521347046 0.9934626817703247 -0.0046751732006669044
1403636585.9635556 0.9997392296791077 0.002759662689641118 0.0226665660738945 0.004777630791068077 -0.005751743447035551 0.9910963773727417 0.13302209973335266 0.002400666940957308 -0.022097662091255188 -0.13311778008937836 0.9908539652824402 -0.005936012137681246
1403636586.0135555 0.9995849132537842 -0.003169007133692503 0.028634265065193176 0.004775898531079292 -0.0013578437501564622 0.9876444935798645 0.1567050963640213 0.0025302553549408913 -0.02877708524465561 -0.1566789150238037 0.9872304201126099 -0.006856316700577736
1403636586.0635555 0.9990963339805603 -0.005201266147196293 0.04218924418091774 0.004785002674907446 -0.002537196734920144 0.9834200143814087 0.18132419884204865 0.002533710328862071 -0.04243287444114685 -0.18126730620861053 0.9825181365013123 -0.007662889081984758
1403636586.1135554 0.9984428882598877 -0.010210760869085789 0.054843105375766754 0.004443060606718063 -0.0011530774645507336 0.9791186451911926 0.2032858282327652 0.0022232565097510815 -0.055773623287677765 -0.2030324935913086 0.9775823354721069 -0.008174549788236618
1403636586.1635556 0.9977536797523499 -0.016150590032339096 0.06501583755016327 0.003879059571772814 0.001321831252425909 0.9750616550445557 0.22192984819412231 0.0017803199589252472 -0.06697876006364822 -0.22134533524513245 0.972892701625824 -0.00908661913126707
1403636586.2135556 0.9974055886268616 -0.022134510800242424 0.06849697977304459 0.0033231107518076897 0.005097989924252033 0.97088223695755 0.2395031452178955 0.0014251279644668102 -0.07180380076169968 -0.2385326623916626 0.968476414680481 -0.01023679506033659
1403636586.2635555 0.9972879886627197 -0.025424806401133537 0.06906481832265854 0.0028235712088644505 0.0067522721365094185 0.9660834074020386 0.25814202427864075 0.0012305178679525852 -0.07328559458255768 -0.2569756805896759 0.9636351466178894 -0.011511807329952717
1403636586.3135555 0.9970502853393555 -0.0320545993745327 0.06973659992218018 0.002406336134299636 0.0114605613052845 0.9606030583381653 0.2776876986026764 0.0011450722813606262 -0.07589039206504822 -0.27606940269470215 0.9581368565559387 -0.01287433784455061
1403636586.3635557 0.9967983365058899 -0.03753328695893288 0.0705990269780159 0.0021232743747532368 0.014854762703180313 0.9545338153839111 0.2977321445941925 0.0012563159689307213 -0.07856404781341553 -0.29573026299476624 0.9520353078842163 -0.014317498542368412
1403636586.4135554 0.9965405464172363 -0.04396483674645424 0.0705263763666153 0.0019283642759546638 0.019327964633703232 0.9479506611824036 0.31783002614974976 0.0013441951014101505 -0.08082890510559082 -0.3153674006462097 0.9455210566520691 -0.015891822054982185
1403636586.4635556 0.9965551495552063 -0.044235385954380035 0.07015001028776169 0.002070084912702441 0.018127337098121643 0.9416018724441528 0.3362398147583008 0.0017524161376059055 -0.08092708885669708 -0.33380988240242004 0.9391601085662842 -0.017129061743617058
1403636586.5135555 0.9966228604316711 -0.043422941118478775 0.06969545781612396 0.002409622073173523 0.016133319586515427 0.9357462525367737 0.3523045480251312 0.0019792309030890465 -0.08051536977291107 -0.3499903082847595 0.9332866668701172 -0.01875259168446064
1403636586.5635555 0.9968630075454712 -0.04180175065994263 0.06720699369907379 0.0029417825862765312 0.01445916946977377 0.931041955947876 0.3646254539489746 0.001969556789845228 -0.0778145119547844 -0.3625098466873169 0.9287257194519043 -0.020074045285582542
1403636586.6135554 0.9970577955245972 -0.04092159494757652 0.06481723487377167 0.0034909017849713564 0.013921767473220825 0.9281891584396362 0.3718481659889221 0.0016975337639451027 -0.07537925243377686 -0.3698517084121704 0.9260278344154358 -0.02046632207930088
1403636586.6635556 0.9970325827598572 -0.04243694990873337 0.06422941386699677 0.004718734882771969 0.015472495928406715 0.927777886390686 0.37281182408332825 0.0011449260637164116 -0.0754116103053093 -0.37071171402931213 0.9256812334060669 -0.020983992144465446
1403636586.7135556 0.9971432089805603 -0.04211447015404701 0.06270629912614822 0.005885683931410313 0.016090281307697296 0.9295217990875244 0.36841580271720886 0.000524468719959259 -0.07380251586437225 -0.3663543462753296 0.9275438189506531 -0.02118082158267498
1403636586.7635555 0.9974083304405212 -0.04289991408586502 0.05776417627930641 0.007102574687451124 0.019200580194592476 0.9323951005935669 0.3609304428100586 6.359908729791641e-05 -0.06934292614459991 -0.35888582468032837 0.9308019876480103 -0.021172629669308662
1403636586.8135555 0.9976348876953125 -0.04221478849649429 0.05424749106168747 0.008371835574507713 0.02035207487642765 0.9352163076400757 0.3534913659095764 -0.0005503259599208832 -0.06565570831298828 -0.35155126452445984 0.9338634014129639 -0.020852267742156982
1403636586.8635557 0.9978376626968384 -0.0401485376060009 0.05203874409198761 0.00966911856085062 0.019671102985739708 0.9378819465637207 0.34639623761177063 -0.000842744018882513 -0.06271351128816605 -0.34462353587150574 0.9366438388824463 -0.021054832264780998
1403636586.9135554 0.998153805732727 -0.03493877127766609 0.04968118667602539 0.010210895910859108 0.015914112329483032 0.9398474097251892 0.34122341871261597 -0.0010043955408036709 -0.05861468240618706 -0.3398028314113617 0.9386683702468872 -0.020476074889302254
1403636586.9635556 0.9984530806541443 -0.03198561817407608 0.04547804594039917 0.010582683607935905 0.014848924241960049 0.9416462779045105 0.336276113986969 -0.0009893979877233505 -0.053580254316329956 -0.33508065342903137 0.9406646490097046 -0.01989174447953701
1403636587.0135555 0.998778223991394 -0.025729529559612274 0.042189572006464005 0.010182474739849567 0.010173228569328785 0.9425289630889893 0.33396947383880615 -0.0009360136464238167 -0.0483577586710453 -0.333132266998291 0.941639244556427 -0.018607711419463158
1403636587.0635555 0.9989439845085144 -0.022654853761196136 0.03997236117720604 0.010422310791909695 0.007932526990771294 0.9419611692428589 0.33562803268432617 -0.001255516428500414 -0.04525601491332054 -0.3349565267562866 0.941146194934845 -0.01795589178800583
1403636587.1135554 0.9991092085838318 -0.018313243985176086 0.038019292056560516 0.010860067792236805 0.004313602112233639 0.9405310153961182 0.3396804630756378 -0.001459338702261448 -0.04197897017002106 -0.33921393752098083 0.9397721290588379 -0.017274418845772743
1403636587.1635556 0.9991574883460999 -0.015449361875653267 0.03802330046892166 0.011546021327376366 0.0013981600059196353 0.9387211799621582 0.3446744978427887 -0.0017693641129881144 -0.04101826995611191 -0.34433096647262573 0.9379518628120422 -0.01660214550793171
1403636587.2135556 0.9992154836654663 -0.014203639701008797 0.03696826845407486 0.012412314303219318 0.00048157741548493505 0.9377606511116028 0.3472819924354553 -0.0019106604158878326 -0.039600055664777756 -0.34699174761772156 0.9370318055152893 -0.015980517491698265
1403636587.2635555 0.9991943836212158 -0.015663519501686096 0.03694741427898407 0.014038445428013802 0.0017886568093672395 0.9371494054794312 0.34892404079437256 -0.0020763070788234472 -0.040090616792440414 -0.3485768735408783 0.9364224076271057 -0.015148196369409561
1403636587.3135555 0.9991132020950317 -0.017926599830389023 0.03809649497270584 0.01609441079199314 0.003459314815700054 0.9367216229438782 0.35005810856819153 -0.002289964584633708 -0.04196115955710411 -0.3496159017086029 0.93595290184021 -0.014289471320807934
1403636587.3635557 0.9989913702011108 -0.020360853523015976 0.04001755639910698 0.018622681498527527 0.004996093455702066 0.9361423254013062 0.3515858054161072 -0.0026121269911527634 -0.04462071880698204 -0.35103127360343933 0.9352999329566956 -0.01331996452063322
1403636587.4135554 0.9988722205162048 -0.022711975499987602 0.04169207438826561 0.02160552702844143 0.006543994415551424 0.9356349110603333 0.3529088497161865 -0.0029191558714956045 -0.04702381789684296 -0.35223808884620667 0.9347283244132996 -0.012406274676322937
1403636587.4635556 0.9987015724182129 -0.026955053210258484 0.04322391748428345 0.024937201291322708 0.009862505830824375 0.9347875118255615 0.35507065057754517 -0.0033097094856202602 -0.049976129084825516 -0.3541833460330963 0.9338396191596985 -0.011627821251749992
1403636587.5135555 0.9985604286193848 -0.0323774553835392 0.04276511073112488 0.0286905225366354 0.014992463402450085 0.9339702725410461 0.3570362329483032 -0.00345292454585433 -0.051501259207725525 -0.3558811545372009 0.9331110119819641 -0.010947643779218197
