0.0 1.0 -3.501554601825774e-11 0.0 -2.087089182034596e-18 -3.501554601825774e-11 0.9999999403953552 0.0 5.9604641222676946e-08 0.0 0.0 0.9999999403953552 7.450580152834618e-09
0.1037359 0.9999911189079285 -0.002581845037639141 -0.0033287443220615387 0.000787409720942378 0.0025752843357622623 0.999994695186615 -0.0019736075773835182 -0.007066635414958 0.003333822125568986 0.0019650175236165524 0.9999924302101135 0.6892952919006348
0.2073381 0.9999730587005615 -0.0014533567009493709 -0.007195803336799145 -0.010110951028764248 0.001427479786798358 0.9999924302101135 -0.0035999303217977285 -0.00856657326221466 0.007200980558991432 0.003589561441913247 0.9999675750732422 1.3922475576400757
0.3110752 0.9999322295188904 -0.0015831537311896682 -0.01153639517724514 -0.018635651096701622 0.0015272555174306035 0.9999870657920837 -0.0048525636084377766 -0.015061920508742332 0.01154392771422863 0.004834616091102362 0.9999216198921204 2.1324853897094727
0.4146917 0.9998658299446106 -1.1833552889584098e-05 -0.016382569447159767 -0.035039179027080536 -7.462768553523347e-05 0.9999859929084778 -0.0052770101465284824 -0.022700181230902672 0.016382403671741486 0.005277525633573532 0.9998518228530884 2.8763420581817627
0.5184302 0.9997885227203369 -0.000996233313344419 -0.02054029516875744 -0.056510381400585175 0.00087767094373703 0.9999828934669495 -0.005780387669801712 -0.0255845058709383 0.020545700564980507 0.005761138629168272 0.9997722506523132 3.643845558166504
0.6220448 0.999690592288971 0.0008874991326592863 -0.024858858436346054 -0.08667074143886566 -0.0010567542631179094 0.9999763369560242 -0.006796343717724085 -0.03971319645643234 0.024852242320775986 0.006820512004196644 0.9996678233146667 4.41149377822876
0.7257977 0.9995502233505249 0.00383780337870121 -0.029742011800408363 -0.11667032539844513 -0.004074834752827883 0.9999604225158691 -0.007913090288639069 -0.03971729427576065 0.02971046417951584 0.008030724711716175 0.9995262622833252 5.205944538116455
0.8294199 0.9994148015975952 0.0035583265125751495 -0.03401868790388107 -0.15017464756965637 -0.0037574758753180504 0.9999761581420898 -0.00579198868945241 -0.05538677051663399 0.03399726375937462 0.00591642502695322 0.9994043707847595 6.0147905349731445
0.9331467 0.9992650151252747 0.0025720191188156605 -0.03824672847986221 -0.1868457943201065 -0.00267895613797009 0.9999926090240479 -0.002744993893429637 -0.06632218509912491 0.038239385932683945 0.002845437964424491 0.9992644786834717 6.835780143737793
1.03691 0.9991369247436523 0.002572164172306657 -0.041458822786808014 -0.22751355171203613 -0.002586681628599763 0.999996542930603 -0.00029651704244315624 -0.07369393855333328 0.041457924991846085 0.00040350222843699157 0.9991400837898254 7.668385028839111
1.140497 0.9990254640579224 0.0039045759476721287 -0.04396560415625572 -0.2686198353767395 -0.0039544617757201195 0.9999916553497314 -0.0010477353353053331 -0.07928702980279922 0.04396114498376846 0.0012205748353153467 0.9990323781967163 8.504735946655273
1.244242 0.998921811580658 0.003406684612855315 -0.04630136489868164 -0.30607250332832336 -0.003451348515227437 0.9999936819076538 -0.0008847219869494438 -0.08950910717248917 0.046298060566186905 0.0010435704607516527 0.9989270567893982 9.347149848937988
1.347979 0.9988439083099365 0.0005259495228528976 -0.0480685792863369 -0.35161352157592773 -0.0006141098565421999 0.9999980926513672 -0.0018193057039752603 -0.09460702538490295 0.04806753620505333 0.0018467223271727562 0.9988422989845276 10.21126651763916
1.451596 0.9987366199493408 0.00044193578651174903 -0.05024956166744232 -0.39137476682662964 -0.000492387916892767 0.9999992847442627 -0.0009916572598740458 -0.10066118836402893 0.05024908483028412 0.0010151462629437447 0.9987361431121826 11.067648887634277
1.555212 0.9986907243728638 -0.0013752749655395746 -0.05113567039370537 -0.4426972270011902 0.001313400804065168 0.9999983310699463 -0.0012435817625373602 -0.1075349822640419 0.051137298345565796 0.0011747919488698244 0.9986909031867981 11.940149307250977
1.65896 0.9985764622688293 0.0008593277889303863 -0.05333315208554268 -0.49239087104797363 -0.0010412000119686127 0.9999937415122986 -0.0033824238926172256 -0.12037338316440582 0.05332990735769272 0.0034331397619098425 0.9985709190368652 12.826687812805176
1.762569 0.9984968900680542 0.0014042062684893608 -0.054791029542684555 -0.5417866706848145 -0.0017381763318553567 0.9999802708625793 -0.006048161536455154 -0.12786132097244263 0.05478144437074661 0.0061343079432845116 0.998479425907135 13.720555305480957
1.866302 0.9984093308448792 0.005022960714995861 -0.05615844577550888 -0.607271134853363 -0.00546156195923686 0.9999557137489319 -0.007659317459911108 -0.13958103954792023 0.05611749365925789 0.007953846827149391 0.9983924031257629 14.607132911682129
1.969923 0.9983401298522949 0.005810174159705639 -0.05729975551366806 -0.6626706719398499 -0.0062233214266598225 0.9999558329582214 -0.007034463342279196 -0.15544572472572327 0.05725635588169098 0.007379380986094475 0.9983322024345398 15.518906593322754
2.073666 0.9982686638832092 0.0048557729460299015 -0.0586179718375206 -0.7143509984016418 -0.005191858392208815 0.9999708533287048 -0.005582548212260008 -0.16945034265518188 0.058589156717061996 0.005877218674868345 0.9982647895812988 16.431396484375
2.177281 0.998198926448822 0.005537616554647684 -0.05973530933260918 -0.7747336030006409 -0.005811146926134825 0.9999734163284302 -0.004406277555972338 -0.17556974291801453 0.05970931798219681 0.004745473153889179 0.9982044100761414 17.352737426757812
2.281017 0.9981316328048706 0.005330659914761782 -0.0608668178319931 -0.8370035886764526 -0.005582695361226797 0.9999765157699585 -0.003971468191593885 -0.19352447986602783 0.060844212770462036 0.004303848370909691 0.9981379508972168 18.28746795654297
2.384639 0.9980061054229736 0.004940432030707598 -0.06292378157377243 -0.8878904581069946 -0.005240161437541246 0.9999756813049316 -0.0045992350205779076 -0.20714522898197174 0.06289952993392944 0.004919796250760555 0.9980077743530273 19.22551918029785
2.48825 0.9979732036590576 0.003512902185320854 -0.06353756785392761 -0.9555341005325317 -0.0038574712816625834 0.9999784827232361 -0.005301203578710556 -0.21864673495292664 0.06351757794618607 0.005535554140806198 0.9979652762413025 20.1726016998291
2.591988 0.9979386329650879 0.0037851836532354355 -0.0640639215707779 -1.0201977491378784 -0.004031253978610039 0.9999849796295166 -0.003712188685312867 -0.2298681139945984 0.06404890865087509 0.003962794318795204 0.997938871383667 21.104930877685547
2.695832 0.9979286193847656 0.005233332980424166 -0.06411697715520859 -1.0854930877685547 -0.005269240587949753 0.9999859929084778 -0.00039095012471079826 -0.2388005554676056 0.0641140416264534 0.0007279878482222557 0.9979422688484192 22.059614181518555
2.799367 0.9979836940765381 0.005725695751607418 -0.06321202218532562 -1.1480575799942017 -0.005496098659932613 0.9999775886535645 0.00380546017549932 -0.2515355050563812 0.06323239952325821 -0.0034503680653870106 0.9979928731918335 23.018085479736328
2.903084 0.9980922341346741 0.004594746045768261 -0.06156892329454422 -1.2104463577270508 -0.004222976043820381 0.9999719858169556 0.00616704486310482 -0.2548173666000366 0.06159554049372673 -0.00589527515694499 0.9980836510658264 23.979331970214844
3.006768 0.9981939196586609 0.004756690002977848 -0.05988381803035736 -1.2706602811813354 -0.004386041779071093 0.9999703168869019 0.006319364532828331 -0.25223618745803833 0.059912100434303284 -0.0060452986508607864 0.9981852173805237 24.946537017822266
3.110441 0.9982454776763916 0.004919461905956268 -0.059007108211517334 -1.3252427577972412 -0.004684895742684603 0.9999805092811584 0.004112906754016876 -0.2655285894870758 0.059026189148426056 -0.0038292487151920795 0.9982489943504333 25.915390014648438
3.214057 0.9983179569244385 0.005943036638200283 -0.05767063423991203 -1.3890538215637207 -0.005982191767543554 0.9999819397926331 -0.0005063007120043039 -0.27423644065856934 0.05766657739877701 0.0008504459983669221 0.9983354806900024 26.888851165771484
3.317669 0.9983978271484375 0.0051432144828140736 -0.05635090544819832 -1.4474657773971558 -0.005345831159502268 0.9999797344207764 -0.003445474663749337 -0.2810364365577698 0.056332044303417206 0.003741196822375059 0.9984050393104553 27.863197326660156
3.421285 0.9984552264213562 0.002267007250338793 -0.055516526103019714 -1.5020521879196167 -0.002405464416369796 0.9999940991401672 -0.002427290193736553 -0.2904913127422333 0.05551069974899292 0.0025570839643478394 0.998454749584198 28.845626831054688
3.524925 0.998439371585846 0.0008684470085427165 -0.055839259177446365 -1.556069016456604 -0.0007179935928434134 0.9999960660934448 0.002714405069127679 -0.3058985769748688 0.055841393768787384 -0.0026700759772211313 0.9984360933303833 29.85677146911621
3.628545 0.9983967542648315 -0.002457322785630822 -0.056549713015556335 -1.61097252368927 0.0027983852196484804 0.9999783635139465 0.005952803418040276 -0.31286388635635376 0.05653386190533638 -0.006101507693529129 0.9983819723129272 30.854568481445312
3.732256 0.9982864856719971 -0.009832346811890602 -0.05768471211194992 -1.6590080261230469 0.01016797311604023 0.9999329447746277 0.005527657922357321 -0.3224436640739441 0.057626497000455856 -0.006104723084717989 0.9983194470405579 31.86191177368164
3.835871 0.9981725811958313 -0.012249619700014591 -0.059173841029405594 -1.7144631147384644 0.012371529825031757 0.9999220371246338 0.001694283913820982 -0.3260199725627899 0.05914847180247307 -0.00242325896397233 0.9982461333274841 32.870296478271484
3.939488 0.9981028437614441 -0.0115966796875 -0.06046748161315918 -1.7782421112060547 0.011477048508822918 0.9999314546585083 -0.0023254179395735264 -0.33493727445602417 0.06049030274152756 0.0016270182095468044 0.9981673955917358 33.87141418457031
4.043107 0.9979797005653381 -0.010605702176690102 -0.0626421570777893 -1.8409786224365234 0.010428708977997303 0.9999406933784485 -0.003151780227199197 -0.3414195775985718 0.06267186254262924 0.002492136089131236 0.998030960559845 34.88723373413086
4.146888 0.997920572757721 -0.010949068702757359 -0.06351954489946365 -1.910443902015686 0.010853605344891548 0.9999393820762634 -0.0018477948615327477 -0.34943288564682007 0.06353592127561569 0.0011545363813638687 0.9979788661003113 35.924556732177734
4.25046 0.9978930950164795 -0.007962419651448727 -0.0643901452422142 -1.9831455945968628 0.008044024929404259 0.9999671578407288 0.0010081845102831721 -0.36208871006965637 0.0643799901008606 -0.0015240164939314127 0.997924268245697 36.93696975708008
4.354202 0.9978072643280029 -0.007931802421808243 -0.06570985168218613 -2.0574934482574463 0.00811315979808569 0.9999640583992004 0.0024936075787991285 -0.3743186593055725 0.06568771600723267 -0.003021254437044263 0.9978355765342712 37.98247528076172
4.45794 0.9977315664291382 -0.006461194716393948 -0.06700782477855682 -2.1254377365112305 0.006822815630584955 0.9999634027481079 0.005169250536710024 -0.38623154163360596 0.06697198748588562 -0.005614706315100193 0.9977389574050903 39.01891326904297
4.561559 0.997724175453186 -0.007041859906166792 -0.06705844402313232 -2.1917576789855957 0.007630143780261278 0.9999345541000366 0.008520610630512238 -0.3952585756778717 0.06699404865503311 -0.009012884460389614 0.9977126717567444 40.04853439331055
4.665293 0.9977154731750488 -0.0007129281293600798 -0.06755229085683823 -2.2732350826263428 0.0014192028902471066 0.999944806098938 0.010407807305455208 -0.39497628808021545 0.06754113733768463 -0.010479902848601341 0.9976615309715271 41.083377838134766
4.768912 0.9977362751960754 -0.0015867118490859866 -0.06722907721996307 -2.353621244430542 0.0022704731673002243 0.9999464154243469 0.010095437057316303 -0.3970717191696167 0.06720944494009018 -0.010225227102637291 0.997686505317688 42.0922737121582
4.872532 0.9977312088012695 -0.0011818116763606668 -0.06731291115283966 -2.4237208366394043 0.0017605851171538234 0.9999620914459229 0.008539578877389431 -0.40782302618026733 0.06730027496814728 -0.008638713508844376 0.9976953268051147 43.13606643676758
4.976146 0.9976935982704163 0.0006970664253458381 -0.06787414103746414 -2.4821131229400635 -0.00023278521257452667 0.9999765157699585 0.006847989745438099 -0.4205501675605774 0.06787732243537903 -0.006816395558416843 0.9976703524589539 44.14821243286133
5.079909 0.9976641535758972 0.000415709160733968 -0.06830878555774689 -2.5712969303131104 2.3445882106898353e-05 0.9999793767929077 0.006428040564060211 -0.41728001832962036 0.06831004470586777 -0.0064146267250180244 0.9976435303688049 45.17731857299805
5.183503 0.9975636601448059 -0.00178614747710526 -0.06973876059055328 -2.6350417137145996 0.0023250270169228315 0.9999679923057556 0.0076467115432024 -0.42290326952934265 0.06972285360097885 -0.007790224626660347 0.9975359439849854 46.203582763671875
5.287117 0.9975178837776184 -0.0012855640379711986 -0.07040201872587204 -2.7092692852020264 0.001876896247267723 0.9999635219573975 0.008333860896527767 -0.42480313777923584 0.07038872689008713 -0.008445312269032001 0.9974839091300964 47.21095275878906
5.390861 0.9974961876869202 0.0011669285595417023 -0.07071002572774887 -2.780301094055176 -0.0008130223723128438 0.999987006187439 0.005033611319959164 -0.4360704720020294 0.07071497291326523 -0.004963519051671028 0.9974842071533203 48.196720123291016
5.494473 0.9974365830421448 0.0012273925822228193 -0.07154536247253418 -2.8654134273529053 -0.00115272868424654 0.9999986290931702 0.0010848694946616888 -0.447299599647522 0.07154660671949387 -0.0009996158769354224 0.9974367022514343 49.21422576904297
5.598233 0.9974074363708496 0.002201723400503397 -0.07192645221948624 -2.941251277923584 -0.0022112997248768806 0.9999974966049194 -5.350785795599222e-05 -0.45718201994895935 0.07192615419626236 0.00021242041839286685 0.9974098801612854 50.204898834228516
5.701829 0.9974155426025391 0.0007849897374399006 -0.07184425741434097 -3.0184550285339355 -0.0005239963647909462 0.999993085861206 0.003651541192084551 -0.467511922121048 0.07184664160013199 -0.003604457713663578 0.9974091053009033 51.19808578491211
5.805571 0.9973844885826111 -0.00129670777823776 -0.07226768881082535 -3.089352607727051 0.0017848277930170298 0.9999760985374451 0.006690169218927622 -0.4797304570674896 0.07225727289915085 -0.006801656447350979 0.9973627328872681 52.194644927978516
5.909185 0.9973576068878174 -0.003265869803726673 -0.07257631421089172 -3.1565310955047607 0.003816954093053937 0.9999648928642273 0.007455773651599884 -0.48811501264572144 0.07254941761493683 -0.007713091094046831 0.9973349571228027 53.1788215637207
6.012921 0.9973427653312683 -0.00636707479134202 -0.07257221639156342 -3.22784423828125 0.006831917446106672 0.9999576807022095 0.006158808246254921 -0.49713730812072754 0.07252991944551468 -0.006638249382376671 0.9973440766334534 54.15938186645508
6.116541 0.9972968697547913 -0.009160918183624744 -0.07290330529212952 -3.2950820922851562 0.009548967704176903 0.9999420046806335 0.0049760364927351475 -0.5058090686798096 0.07285350561141968 -0.005658735986799002 0.9973264932632446 55.1263427734375
6.220278 0.9971872568130493 -0.010922279208898544 -0.07415097206830978 -3.362576961517334 0.011395057663321495 0.9999172687530518 0.005955847445875406 -0.5102733969688416 0.07407978922128677 -0.006784047931432724 0.9972291588783264 56.103294372558594
6.323895 0.9970701336860657 -0.01375807635486126 -0.07524581998586655 -3.4351484775543213 0.014576290734112263 0.9998403191566467 0.010335501283407211 -0.5211840271949768 0.07509160786867142 -0.011402024887502193 0.9971113801002502 57.0933837890625
6.427659 0.9970284700393677 -0.014068769291043282 -0.07573911547660828 -3.509152889251709 0.015258216299116611 0.9997687935829163 0.015148820355534554 -0.5218859314918518 0.0755084827542305 -0.0162594486027956 0.9970125555992126 58.071407318115234
6.531383 0.9970093369483948 -0.012738257646560669 -0.07622557133436203 -3.5888772010803223 0.014071652665734291 0.9997566938400269 0.01698124036192894 -0.5185291767120361 0.07599073648452759 -0.018003076314926147 0.9969459176063538 59.03725051879883
6.634992 0.9968824982643127 -0.011893903836607933 -0.0780005231499672 -3.6602954864501953 0.012994768097996712 0.999822735786438 0.013621186837553978 -0.5259754657745361 0.07782468944787979 -0.014592322520911694 0.996860146522522 60.000858306884766
6.738741 0.9968279004096985 -0.009680314920842648 -0.07899592816829681 -3.7397265434265137 0.010153512470424175 0.9999327659606934 0.005590677261352539 -0.5249657034873962 0.07893647998571396 -0.0063750287517905235 0.9968591928482056 60.94743728637695
6.84235 0.9967833757400513 -0.00804846454411745 -0.07973869144916534 -3.819977283477783 0.008150804787874222 0.9999662637710571 0.0009580375626683235 -0.5367683172225952 0.07972829043865204 -0.001604890450835228 0.9968152642250061 61.873741149902344
6.945963 0.9966962933540344 -0.003980543464422226 -0.08112142980098724 -3.901658296585083 0.0041576651856303215 0.9999893307685852 0.0020146260503679514 -0.5458374619483948 0.08111253380775452 -0.0023452455643564463 0.9967020750045776 62.821895599365234
7.049705 0.996638834476471 -0.0014464333653450012 -0.0819077417254448 -3.983537197113037 0.001816024538129568 0.9999885559082031 0.00443797605112195 -0.558205246925354 0.08190038055181503 -0.0045718057081103325 0.9966299533843994 63.727806091308594
7.153323 0.9965339303016663 0.0011403486132621765 -0.08317922055721283 -4.059048652648926 -0.000621502404101193 0.9999801516532898 0.0062633175402879715 -0.5741339921951294 0.08318471163511276 -0.006189911626279354 0.9965149164199829 64.626220703125
7.256934 0.9964566826820374 0.0022770429495722055 -0.08407683670520782 -4.147305011749268 -0.0018170485273003578 0.9999829530715942 0.005547237582504749 -0.5760778188705444 0.0840880274772644 -0.00537481065839529 0.9964438080787659 65.53219604492188
7.360549 0.9963262677192688 0.0035017563495785 -0.085567906498909 -4.228557109832764 -0.0029624642338603735 0.9999749064445496 0.00642866687849164 -0.5829727649688721 0.08558827638626099 -0.0061515579000115395 0.996311604976654 66.40037536621094
7.464167 0.9962143898010254 0.004792640917003155 -0.08679845184087753 -4.310826301574707 -0.004208974074572325 0.9999672770500183 0.0069061522372066975 -0.59427809715271 0.08682870119810104 -0.006514674983918667 0.9962019324302673 67.26017761230469
7.567786 0.9960715770721436 0.004560402128845453 -0.08843398839235306 -4.38369083404541 -0.0038934454787522554 0.9999626278877258 0.007712876424193382 -0.6064119338989258 0.08846583962440491 -0.007338264025747776 0.9960521459579468 68.10236358642578
7.671396 0.9959608316421509 0.004193219356238842 -0.0896909236907959 -4.466550350189209 -0.0034454558044672012 0.9999579787254333 0.008490324020385742 -0.6100799441337585 0.08972275257110596 -0.008147003129124641 0.9959333539009094 68.95968627929688
7.775144 0.9958569407463074 0.006881057750433683 -0.09067261964082718 -4.549957752227783 -0.005891643930226564 0.999920129776001 0.01117507740855217 -0.6125548481941223 0.09074226766824722 -0.010594568215310574 0.9958179593086243 69.77338409423828
7.878754 0.9957032203674316 0.008514828979969025 -0.09220986813306808 -4.620941638946533 -0.007113662548363209 0.999854326248169 0.01551344245672226 -0.6229665279388428 0.09232854843139648 -0.014790834859013557 0.9956187009811401 70.58147430419922
7.982493 0.9955045580863953 0.011882604099810123 -0.09396541863679886 -4.702369213104248 -0.010313629172742367 0.9997994303703308 0.017165420576930046 -0.6244010925292969 0.09415055811405182 -0.016119131818413734 0.9954273700714111 71.37003326416016
8.086111 0.995367169380188 0.014778101816773415 -0.09500416368246078 -4.789365768432617 -0.013595329597592354 0.9998219609260559 0.013084943406283855 -0.6289116740226746 0.09518062323331833 -0.011732707731425762 0.9953908324241638 72.14417266845703
8.189849 0.9952276349067688 0.014561505056917667 -0.0964876264333725 -4.864907264709473 -0.014063769020140171 0.9998840689659119 0.005836648400872946 -0.6346949934959412 0.09656143188476562 -0.0044518131762743 0.9953170418739319 72.89214324951172
8.29347 0.9951169490814209 0.01357258390635252 -0.0977642685174942 -4.941512107849121 -0.01362020242959261 0.9999071955680847 0.00018030450155492872 -0.6452485918998718 0.09775763750076294 0.0011521452106535435 0.9952094554901123 73.6275863647461
8.397102 0.9950339794158936 0.014079973101615906 -0.0985347181558609 -5.015748023986816 -0.014245784841477871 0.9998980760574341 -0.0009794044308364391 -0.6502599716186523 0.09851088374853134 0.002378244884312153 0.9951330423355103 74.34243774414062
8.500847 0.9949578642845154 0.01701868698000908 -0.09883951395750046 -5.097169876098633 -0.01683920808136463 0.9998546242713928 0.0026498420629650354 -0.6627391576766968 0.09887026250362396 -0.0009721010574139655 0.9950997233390808 75.03551483154297
8.604438 0.9947898387908936 0.01737140491604805 -0.10045632719993591 -5.162946701049805 -0.016961783170700073 0.9998438954353333 0.004930367227643728 -0.6789085865020752 0.10052631795406342 -0.0032007601112127304 0.9949291348457336 75.70545959472656
8.708175 0.9947822690010071 0.013971819542348385 -0.10105974227190018 -5.234607696533203 -0.013880563899874687 0.9999023079872131 0.0016061636852100492 -0.6882515549659729 0.10107231140136719 -0.00019501733186189085 0.9948789477348328 76.35808563232422
8.811795 0.9948504567146301 0.006202683784067631 -0.10116395354270935 -5.287202835083008 -0.006578156258910894 0.9999726414680481 -0.0033783467952162027 -0.7016607522964478 0.10114022344350815 0.004026422277092934 0.9948639273643494 76.98635864257812
8.915403 0.9949648380279541 0.0022048859391361475 -0.10020029544830322 -5.337534427642822 -0.003023786935955286 0.9999632239341736 -0.008021519519388676 -0.7155706882476807 0.10017891973257065 0.008284114301204681 0.9949348568916321 77.6043472290039
9.019162 0.9952707290649414 0.004525740630924702 -0.09703445434570312 -5.400557518005371 -0.005401453468948603 0.9999469518661499 -0.008763990364968777 -0.7175195813179016 0.09698964655399323 0.00924666877835989 0.9952424168586731 78.20198059082031
9.12289 0.9956654906272888 0.009615172632038593 -0.09250815957784653 -5.471641540527344 -0.010165243409574032 0.9999332427978516 -0.005476820282638073 -0.7307965755462646 0.09244930744171143 0.006393449380993843 0.9956968426704407 78.79119110107422
9.226512 0.9961016774177551 0.007850372232496738 -0.08786226063966751 -5.5175461769104 -0.00810164213180542 0.9999638795852661 -0.0025035818107426167 -0.7403361201286316 0.08783945441246033 0.0032056495547294617 0.9961294531822205 79.36124420166016
9.330247 0.9966052770614624 0.004310545511543751 -0.08221475780010223 -5.550065040588379 -0.00418480159714818 0.9999897480010986 0.0017017144709825516 -0.750588059425354 0.08222126215696335 -0.0013518864288926125 0.9966131448745728 79.91809844970703
9.433986 0.9972196221351624 -0.0001647898752707988 -0.07451862841844559 -5.572849273681641 0.0005655171698890626 0.9999854564666748 0.005356475245207548 -0.7664953470230103 0.0745166540145874 -0.005383726209402084 0.9972051978111267 80.46553802490234
9.537749 0.9979498982429504 0.003424078691750765 -0.06390858441591263 -5.600184917449951 -0.0030990850646048784 0.9999818205833435 0.005183728877454996 -0.7725212574005127 0.06392515450716019 -0.004975045565515757 0.9979422688484192 80.99488830566406
9.641587 0.9987791180610657 0.008875072002410889 -0.04859650135040283 -5.629471778869629 -0.00865698978304863 0.9999514818191528 0.004696238785982132 -0.7772457599639893 0.0486358106136322 -0.0042698075994849205 0.998807430267334 81.5103988647461
9.745342 0.999449610710144 0.013698537833988667 -0.030211079865694046 -5.6476030349731445 -0.013551294803619385 0.9998953938484192 0.005073194392025471 -0.7791498303413391 0.03027740865945816 -0.004661004990339279 0.9995306134223938 82.01473999023438
9.849229 0.9998872876167297 0.012257435359060764 -0.00867190957069397 -5.628437519073486 -0.012206205166876316 0.999907910823822 0.005936289206147194 -0.7908344268798828 0.008743874728679657 -0.005829771049320698 0.9999447464942932 82.49506378173828
9.953059 0.9997990131378174 0.008679463528096676 0.018072262406349182 -5.604476451873779 -0.008809817023575306 0.9999356269836426 0.007145767565816641 -0.79732745885849 -0.01800907589495182 -0.007303543854504824 0.9998112320899963 82.97481536865234
10.05693 0.9988241791725159 0.007608107756823301 0.0478796511888504 -5.565662860870361 -0.008026797324419022 0.9999310970306396 0.008558445610105991 -0.8002071976661682 -0.04781123995780945 -0.008932703174650669 0.9988163709640503 83.4426040649414
10.16083 0.996679425239563 0.0071694678626954556 0.08111076056957245 -5.507946014404297 -0.00801899004727602 0.9999162554740906 0.01015267614275217 -0.8063820600509644 -0.08103117346763611 -0.01076938770711422 0.9966533184051514 83.90865325927734
10.26466 0.992942750453949 0.007142501883208752 0.11838026344776154 -5.427057266235352 -0.008480018936097622 0.9999057054519653 0.01079860981553793 -0.8106734752655029 -0.1182919591665268 -0.011726267635822296 0.9929096102714539 84.34994506835938
10.36867 0.9870579242706299 0.007186179514974356 0.1602039337158203 -5.335663795471191 -0.008995207026600838 0.9999036192893982 0.010569646954536438 -0.8130154013633728 -0.16011254489421844 -0.011873921379446983 0.9870272874832153 84.78973388671875
10.47264 0.97879958152771 0.006840975489467382 0.20470623672008514 -5.216243743896484 -0.009304392151534557 0.9998953342437744 0.011073792353272438 -0.8231852650642395 -0.20460906624794006 -0.012743690051138401 0.9787607192993164 85.19397735595703
10.57663 0.967258095741272 0.008923240937292576 0.25363755226135254 -5.079319000244141 -0.01152813620865345 0.999894917011261 0.008785692974925041 -0.8268088698387146 -0.25353243947029114 -0.011421998031437397 0.967259407043457 85.6049575805664
10.68062 0.9518389105796814 0.010029713623225689 0.30643486976623535 -4.915369033813477 -0.012605411931872368 0.9998998641967773 0.006427503190934658 -0.8377563953399658 -0.30633968114852905 -0.009980682283639908 0.9518699049949646 85.99214172363281
10.78461 0.9319788217544556 0.010516094043850899 0.3623601794242859 -4.7313232421875 -0.012856255285441875 0.9999091029167175 0.004047401249408722 -0.8392660617828369 -0.3622846305370331 -0.00843068677932024 0.9320293664932251 86.3765869140625
10.88875 0.9075290560722351 0.010933616198599339 0.419846773147583 -4.543758392333984 -0.013036441057920456 0.9999126195907593 0.0021395599469542503 -0.8419502973556519 -0.4197867214679718 -0.007415018975734711 0.9075924158096313 86.71945190429688
10.99272 0.8785161972045898 0.011253180913627148 0.47758007049560547 -4.316875457763672 -0.012870877981185913 0.9999170303344727 0.00011521391570568085 -0.8458640575408936 -0.4775392413139343 -0.006248090416193008 0.8785882592201233 87.0599365234375
11.09659 0.8455947637557983 0.009940235875546932 0.5337328314781189 -4.062705993652344 -0.009931420907378197 0.9999464750289917 -0.002888608258217573 -0.8446065187454224 -0.5337330102920532 -0.00285813445225358 0.8456482291221619 87.35580444335938
11.20057 0.8084239959716797 0.00973924808204174 0.5885199308395386 -3.8016357421875 -0.009394585154950619 0.9999492168426514 -0.0036429455503821373 -0.8566253781318665 -0.5885255336761475 -0.002583856927230954 0.8084744811058044 87.65278625488281
11.30431 0.7685102820396423 0.008236350491642952 0.6397845149040222 -3.521228790283203 -0.008042601868510246 0.9999625086784363 -0.003212360665202141 -0.8603547811508179 -0.6397868990898132 -0.002676800126209855 0.7685477137565613 87.9250259399414
11.40818 0.7257363796234131 0.007870201021432877 0.6879278421401978 -3.2266807556152344 -0.00998432282358408 0.9999497532844543 -0.00090680958237499 -0.8684638738632202 -0.6879004240036011 -0.006210389547049999 0.7257784605026245 88.18145751953125
11.51192 0.6812212467193604 0.0064609721302986145 0.7320491075515747 -2.909046173095703 -0.009243791922926903 0.9999571442604065 -0.00022352184168994427 -0.8791486024856567 -0.732019305229187 -0.00661464361473918 0.6812518239021301 88.40556335449219
11.61553 0.6353064775466919 0.004948776215314865 0.772244393825531 -2.5737991333007812 -0.005084950011223555 0.9999845623970032 -0.0022249442990869284 -0.8791336417198181 -0.7722433805465698 -0.0025133017916232347 0.6353217959403992 88.60945892333984
11.71927 0.5881267189979553 0.0030497442930936813 0.8087630867958069 -2.2289505004882812 0.0005534748779609799 0.9999910593032837 -0.00417332723736763 -0.8751739859580994 -0.808768630027771 0.0029020742513239384 0.5881198048591614 88.8109359741211
11.82277 0.5437301993370056 0.00506592495366931 0.8392448425292969 -1.8727073669433594 -0.0011148630874231458 0.9999852180480957 -0.005313904490321875 -0.8816457986831665 -0.8392593860626221 0.0019536875188350677 0.543727695941925 88.96002197265625
11.92638 0.4979898929595947 0.007930843159556389 0.8671465516090393 -1.52099609375 -0.003843408776447177 0.9999685287475586 -0.006938406266272068 -0.8836244344711304 -0.8671742677688599 0.0001224576699314639 0.4980047643184662 89.10247039794922
12.03 0.4524644911289215 0.00995595008134842 0.8917269110679626 -1.1745529174804688 -0.004387873690575361 0.9999503493309021 -0.008937828242778778 -0.8907638788223267 -0.8917716145515442 0.0001312647946178913 0.4524857997894287 89.24211120605469
12.13361 0.4095015525817871 0.007791966199874878 0.9122761487960815 -0.8141365051269531 0.002650010399520397 0.9999491572380066 -0.00973033718764782 -0.8938455581665039 -0.9123055338859558 0.006402128841727972 0.40946006774902344 89.36463928222656
12.2371 0.37081095576286316 -0.0003932296531274915 0.9287082552909851 -0.4327373504638672 0.01772730052471161 0.9998207092285156 -0.006654746830463409 -0.9037026166915894 -0.9285391569137573 0.01893114112317562 0.37075144052505493 89.45478057861328
12.3406 0.3363564610481262 -0.0041551063768565655 0.9417256712913513 -0.06011199951171875 0.021505536511540413 0.9997633099555969 -0.0032699594739824533 -0.910313606262207 -0.9414891004562378 0.021352184936404228 0.3363662660121918 89.54159545898438
12.44411 0.3015258312225342 -1.9299332052469254e-05 0.9534581303596497 0.3001136779785156 0.01809137500822544 0.9998200535774231 -0.005701063200831413 -0.9208120107650757 -0.9532862901687622 0.018968386575579643 0.3014719486236572 89.65401458740234
12.54767 0.2714512050151825 0.00838211178779602 0.962415874004364 0.6844501495361328 0.008570131845772266 0.9999013543128967 -0.01112581230700016 -0.9189037084579468 -0.962414026260376 0.011268144473433495 0.271352618932724 89.75870513916016
12.65107 0.24311937391757965 0.012638016603887081 0.9699140787124634 1.0707817077636719 0.004002102185040712 0.9998934864997864 -0.014031819067895412 -0.933502197265625 -0.9699880480766296 0.007293102331459522 0.24304291605949402 89.84504699707031
12.75469 0.21741364896297455 0.014299044385552406 0.9759748578071594 1.4694252014160156 0.004837779328227043 0.9998646378517151 -0.015726743265986443 -0.9489234685897827 -0.9760674834251404 0.008140761405229568 0.21731503307819366 89.91358184814453
12.85806 0.1939675211906433 0.015619434416294098 0.9808835983276367 1.8852272033691406 0.012141121551394463 0.9997584223747253 -0.018320871517062187 -0.9596331119537354 -0.9809327721595764 0.015462681651115417 0.19373102486133575 89.9735336303711
12.96167 0.17461249232292175 0.02150118537247181 0.9844025373458862 2.3062639236450195 0.01892651990056038 0.9995035529136658 -0.02518818899989128 -0.9639208912849426 -0.9844552874565125 0.02302948571741581 0.17411890625953674 90.01093292236328
13.0652 0.15479020774364471 0.028588498011231422 0.987533688545227 2.730717658996582 0.02124122530221939 0.9992538690567017 -0.03225722536444664 -0.9573426246643066 -0.9877188801765442 0.025969525799155235 0.15406747162342072 90.06652069091797
13.16877 0.13696087896823883 0.029417304322123528 0.9901396036148071 3.1756887435913086 0.018426330760121346 0.9993103742599487 -0.03223859518766403 -0.9705268144607544 -0.9904049634933472 0.022660067304968834 0.13632439076900482 90.12456512451172
13.27235 0.12119300663471222 0.025070425122976303 0.9923123121261597 3.639327049255371 0.017164839431643486 0.9994786381721497 -0.027347849681973457 -0.9902809858322144 -0.9924805164337158 0.020347250625491142 0.12069949507713318 90.18048858642578
13.37588 0.10715528577566147 0.021610049530863762 0.9940074682235718 4.121730804443359 0.017464321106672287 0.9995685815811157 -0.023613624274730682 -1.013174295425415 -0.9940887689590454 0.019889991730451584 0.10673165321350098 90.22015380859375
13.4795 0.09380007535219193 0.0194027628749609 0.9954019784927368 4.612709999084473 0.019870126619935036 0.9995744228363037 -0.02135651744902134 -1.0263596773147583 -0.9953926205635071 0.021782008931040764 0.09337461739778519 90.25688934326172
13.58311 0.08238425850868225 0.01844622753560543 0.9964300394058228 5.121183395385742 0.02361096814274788 0.9995118379592896 -0.02045542187988758 -1.0412521362304688 -0.9963208436965942 0.0252118781208992 0.08190852403640747 90.28385925292969
13.68672 0.07199138402938843 0.01907637156546116 0.9972228407859802 5.641324996948242 0.02640870027244091 0.9994301199913025 -0.02102508768439293 -1.056157112121582 -0.9970554709434509 0.02784898690879345 0.07144658267498016 90.31409454345703
13.79034 0.06458761543035507 0.01967858523130417 0.9977179765701294 6.196130275726318 0.029469363391399384 0.9993317723274231 -0.021618125960230827 -1.0664525032043457 -0.9974768161773682 0.030798373743891716 0.06396454572677612 90.34143829345703
13.89395 0.05898209288716316 0.02006782591342926 0.9980573654174805 6.753335475921631 0.031133443117141724 0.9992745518684387 -0.021932190284132957 -1.079484224319458 -0.9977734088897705 0.032366566359996796 0.05831452086567879 90.36646270751953
13.99767 0.05347888544201851 0.02123235911130905 0.9983432292938232 7.325686931610107 0.031925901770591736 0.999226450920105 -0.022961340844631195 -1.0950621366500854 -0.9980584979057312 0.033100951462984085 0.05275965481996536 90.3925552368164
14.1013 0.047429151833057404 0.021585684269666672 0.9986412525177002 7.918954372406006 0.032296523451805115 0.99921053647995 -0.02313186414539814 -1.113615870475769 -0.9983522891998291 0.033349767327308655 0.046694569289684296 90.41901397705078
14.20492 0.04298791661858559 0.02147100307047367 0.9988448023796082 8.530448913574219 0.034422554075717926 0.9991435408592224 -0.022958889603614807 -1.1317424774169922 -0.9984822869300842 0.03536974638700485 0.04221201688051224 90.4374008178711
14.30854 0.0401340126991272 0.02142835408449173 0.9989645481109619 9.16296100616455 0.03630005940794945 0.9990787506103516 -0.02288918010890484 -1.147210717201233 -0.9985346794128418 0.037181105464696884 0.03931919485330582 90.46022033691406
14.41227 0.037301965057849884 0.02080479823052883 0.9990875124931335 9.809967041015625 0.03739473223686218 0.9990538358688354 -0.022200269624590874 -1.1672091484069824 -0.9986040592193604 0.03818872198462486 0.036488693207502365 90.47923278808594
14.51589 0.03471970558166504 0.020339231938123703 0.999190092086792 10.476777076721191 0.039031825959682465 0.9990023970603943 -0.021691683679819107 -1.1830922365188599 -0.9986345767974854 0.03975333645939827 0.033891189843416214 90.50011444091797
14.61968 0.03405305743217468 0.019980527460575104 0.9992202520370483 11.159852981567383 0.04346829280257225 0.9988243579864502 -0.021453995257616043 -1.201332926750183 -0.9984742403030396 0.04416497424244881 0.033144496381282806 90.51508331298828
14.72326 0.035282257944345474 0.019552376121282578 0.9991860389709473 11.88211441040039 0.04743977636098862 0.9986487627029419 -0.02121700905263424 -1.2187976837158203 -0.9982507824897766 0.04814974218606949 0.03430701792240143 90.52953338623047
14.82686 0.03782733529806137 0.019499260932207108 0.9990940690040588 12.613668441772461 0.048873402178287506 0.9985769987106323 -0.021339595317840576 -1.2397717237472534 -0.9980883598327637 0.0496363490819931 0.03682050481438637 90.55113220214844
14.93048 0.04167507216334343 0.019547216594219208 0.9989400506019592 13.35177993774414 0.05142257735133171 0.9984415173530579 -0.021682774648070335 -1.2574392557144165 -0.997806966304779 0.05227169021964073 0.04060494527220726 90.58120727539062
15.0341 0.0458119697868824 0.01888142339885235 0.9987715482711792 14.108932495117188 0.05187811702489853 0.9984270930290222 -0.02125447243452072 -1.2747694253921509 -0.997602105140686 0.05278809368610382 0.04476037248969078 90.6199722290039
15.13784 0.049939677119255066 0.01710209622979164 0.9986058473587036 14.89158821105957 0.053535450249910355 0.9983700513839722 -0.019775332883000374 -1.3007545471191406 -0.997316300868988 0.054448384791612625 0.04894271865487099 90.65377807617188
15.24145 0.05419183522462845 0.015331771224737167 0.9984129071235657 15.683231353759766 0.05351083353161812 0.9984006881713867 -0.01823604665696621 -1.3205980062484741 -0.9970955848693848 0.05441414192318916 0.05328474938869476 90.69402313232422
15.34508 0.05834720656275749 0.013242206536233425 0.9982085824012756 16.480632781982422 0.05060901492834091 0.9985870122909546 -0.016205422580242157 -1.3394856452941895 -0.9970126152038574 0.05146389454603195 0.05759458988904953 90.74394226074219
15.44881 0.06242621690034866 0.012269685976207256 0.9979743957519531 17.31140899658203 0.049784205853939056 0.9986413717269897 -0.015392038971185684 -1.3586288690567017 -0.9968070983886719 0.050644222646951675 0.06173057109117508 90.80108642578125
15.55255 0.06642822921276093 0.013477982953190804 0.9977002739906311 18.132097244262695 0.0467078760266304 0.9987705945968628 -0.01660231687128544 -1.3754562139511108 -0.9966974258422852 0.04770331829786301 0.06571701914072037 90.85928344726562
15.65617 0.06976479291915894 0.017137717455625534 0.9974163770675659 18.960529327392578 0.044963471591472626 0.998782217502594 -0.02030618116259575 -1.4019423723220825 -0.996549665927887 0.04626394808292389 0.06890926510095596 90.92040252685547
15.7599 0.07110524922609329 0.022370193153619766 0.9972178936004639 19.800025939941406 0.038863010704517365 0.9989272356033325 -0.025179609656333923 -1.4340338706970215 -0.9967113733291626 0.04054529219865799 0.07015959918498993 90.99181365966797
15.86364 0.07116933166980743 0.025771725922822952 0.9971312880516052 20.63815689086914 0.03616606816649437 0.9989421367645264 -0.028399847447872162 -1.456218957901001 -0.9968082904815674 0.0380835123360157 0.07016198337078094 91.05404663085938
15.96739 0.0712958499789238 0.025034010410308838 0.9971411228179932 21.475139617919922 0.033720843493938446 0.9990529417991638 -0.027493061497807503 -1.4903061389923096 -0.9968849420547485 0.03558458015322685 0.07038415968418121 91.11592864990234
16.07102 0.07074896991252899 0.023466384038329124 0.9972180128097534 22.314390182495117 0.030707882717251778 0.9991981387138367 -0.02569158747792244 -1.5204315185546875 -0.9970212578773499 0.03244011104106903 0.06997162103652954 91.19176483154297
16.17474 0.0709008052945137 0.02228815294802189 0.9972343444824219 23.150409698486328 0.031569305807352066 0.9991993308067322 -0.024576568976044655 -1.5517735481262207 -0.996983528137207 0.033224496990442276 0.07014041393995285 91.2481460571289
16.27845 0.07131704688072205 0.021235277876257896 0.9972276091575623 23.98634147644043 0.029185274615883827 0.9993007779121399 -0.023366620764136314 -1.586736798286438 -0.9970264434814453 0.030770806595683098 0.07064744085073471 91.3109359741211
16.38209 0.07125429064035416 0.0218187365680933 0.9972195625305176 24.8414306640625 0.027486322447657585 0.9993380308151245 -0.02382907085120678 -1.6155457496643066 -0.9970794916152954 0.029107818379998207 0.07060742378234863 91.38678741455078
16.48571 0.07131019234657288 0.02227163501083851 0.9972055554389954 25.674407958984375 0.02430623210966587 0.9994149208068848 -0.024059118703007698 -1.6482868194580078 -0.997157871723175 0.02595396712422371 0.0707271546125412 91.45327758789062
