0.1037359 0.9999904632568359 -0.002718866104260087 -0.0034153535962104797 -0.00041690218495205045 0.002711591310799122 0.9999940395355225 -0.002132649999111891 -0.00019147625425830483 0.003421131055802107 0.0021233689039945602 0.9999918937683105 0.042321011424064636
0.2073381 0.999970555305481 -0.0015718387439846992 -0.007501417305320501 -0.0010068266419693828 0.0015434876549988985 0.9999916553497314 -0.0037837063428014517 -0.00030952211818657815 0.0075073037296533585 0.003772017080336809 0.999964714050293 0.08438969403505325
0.3110752 0.9999340772628784 -0.0015657847980037332 -0.011376965790987015 -0.0018077497370541096 0.0015068233478814363 0.9999854564666748 -0.0051892162300646305 -0.0005508253816515207 0.011384925805032253 0.005171732045710087 0.9999217391014099 0.12703533470630646
0.4146917 0.9998646378517151 -0.0001721588778309524 -0.016450045630335808 -0.002669592620804906 7.677285611862317e-05 0.9999831318855286 -0.005798987578600645 -0.0009047394851222634 0.01645076461136341 0.00579694053158164 0.9998477697372437 0.17073644697666168
0.5184302 0.9997864365577698 -0.0014249556697905064 -0.02061515487730503 -0.003912140615284443 0.0012998024467378855 0.9999805688858032 -0.006083056330680847 -0.0013740480644628406 0.020623421296477318 0.006054961588233709 0.9997689723968506 0.21471384167671204
0.6220448 0.9996907114982605 0.0005369870341382921 -0.024863911792635918 -0.005467759445309639 -0.0007112114690244198 0.9999752640724182 -0.00699880626052618 -0.0021787260193377733 0.024859530851244926 0.007014323957264423 0.9996664524078369 0.2594124972820282
0.7257977 0.9995510578155518 0.0033394047059118748 -0.02977389469742775 -0.007270392030477524 -0.0035717354621738195 0.9999635815620422 -0.007753404788672924 -0.0025802713353186846 0.02974691614508629 0.007856268435716629 0.9995266199111938 0.3051699697971344
0.8294199 0.9994198679924011 0.0034539434127509594 -0.03388253599405289 -0.009369251318275928 -0.0036722752265632153 0.9999728798866272 -0.006383656989783049 -0.0028677931986749172 0.03385956212878227 0.006504380144178867 0.9994053840637207 0.3525596261024475
0.9331467 0.9992549419403076 0.002345810644328594 -0.03852350264787674 -0.011322547681629658 -0.002451465232297778 0.9999933838844299 -0.0026956016663461924 -0.004228167701512575 0.038516923785209656 0.002788033103570342 0.9992539882659912 0.40091708302497864
1.03691 0.9991421103477478 0.0024782742839306593 -0.04133857414126396 -0.013789260759949684 -0.002514585619792342 0.9999964237213135 -0.0008263947675004601 -0.003981960937380791 0.04133639484643936 0.000929635192733258 0.999144971370697 0.44791677594184875
1.140497 0.9990273714065552 0.0038825967349112034 -0.043923791497945786 -0.016519734635949135 -0.003967174794524908 0.9999904632568359 -0.0018385470611974597 -0.004205181263387203 0.0439162403345108 0.0020110122859477997 0.9990332126617432 0.4972643554210663
1.244242 0.9989340901374817 0.003302306868135929 -0.04603971540927887 -0.019054699689149857 -0.003380053909495473 0.9999929666519165 -0.0016109509160742164 -0.004969863221049309 0.0460340790450573 0.001764850807376206 0.998938262462616 0.5457243323326111
1.347979 0.9988780617713928 0.0002691820845939219 -0.04735545068979263 -0.021555285900831223 -0.0003642297233454883 0.9999979138374329 -0.0019985029939562082 -0.00555085577070713 0.04735482111573219 0.0020135091617703438 0.9988760352134705 0.5951719880104065
1.451596 0.9987671375274658 0.0003169296542182565 -0.04963928833603859 -0.024329157546162605 -0.0004132803878746927 0.9999979734420776 -0.0019307658076286316 -0.005206115078181028 0.04963859170675278 0.0019489004043862224 0.9987654089927673 0.6461065411567688
1.555212 0.9987244009971619 -0.0010930660646408796 -0.050481099635362625 -0.027446473017334938 0.0009714673506096005 0.9999966025352478 -0.0024332688190042973 -0.0056331162340939045 0.050483588129282 0.0023811247665435076 0.9987221360206604 0.6966670751571655
1.65896 0.9986158013343811 0.0008928533061407506 -0.05259047821164131 -0.030413996428251266 -0.0011198408901691437 0.9999902248382568 -0.004286822397261858 -0.006574300117790699 0.05258613079786301 0.004339780192822218 0.9986070394515991 0.7482172250747681
1.762569 0.998572587966919 0.0013838615268468857 -0.053394611924886703 -0.03406176716089249 -0.0017653856193646789 0.9999733567237854 -0.007098861504346132 -0.0069930292665958405 0.05338335782289505 0.007182989735156298 0.9985483288764954 0.7999612092971802
1.866302 0.9984453916549683 0.005389242898672819 -0.05547814071178436 -0.037224166095256805 -0.005870044231414795 0.9999467730522156 -0.008507193066179752 -0.008088198490440845 0.05542933568358421 0.008819625712931156 0.99842369556427 0.8523942828178406
1.969923 0.9983847141265869 0.006175949238240719 -0.056479357182979584 -0.04059487581253052 -0.006623659748584032 0.9999482035636902 -0.00774320587515831 -0.009103784337639809 0.056428611278533936 0.008104799315333366 0.9983737468719482 0.9054692387580872
2.073666 0.9983212351799011 0.00530770979821682 -0.057678449898958206 -0.044095929712057114 -0.005684766918420792 0.9999634623527527 -0.006375096272677183 -0.009831287898123264 0.057642512023448944 0.00669228145852685 0.9983147978782654 0.9587113261222839
2.177281 0.9982467889785767 0.005974584724754095 -0.058887578547000885 -0.04760793596506119 -0.006314092315733433 0.9999644756317139 -0.0055809770710766315 -0.01005219854414463 0.05885213986039162 0.00594301288947463 0.9982489943504333 1.0125117301940918
2.281017 0.9981812834739685 0.005246383603662252 -0.06005513295531273 -0.05085553228855133 -0.0055589559487998486 0.999971866607666 -0.005038865376263857 -0.011242028325796127 0.060026995837688446 0.0053635453805327415 0.9981822967529297 1.066291332244873
2.384639 0.9980307221412659 0.004923519212752581 -0.0625346302986145 -0.053792960941791534 -0.005338309332728386 0.9999648332595825 -0.006467615719884634 -0.01156100258231163 0.06250058114528656 0.0067887082695961 0.9980217814445496 1.1204766035079956
2.48825 0.9980104565620422 0.003291179658845067 -0.06296441704034805 -0.0573456808924675 -0.0037046121433377266 0.9999722838401794 -0.00645050872117281 -0.012914570979773998 0.06294146925210953 0.006670933682471514 0.9979948997497559 1.1744916439056396
2.591988 0.9979947209358215 0.002926818560808897 -0.06322959065437317 -0.06100532412528992 -0.003221578896045685 0.9999843835830688 -0.0045603057369589806 -0.01341005228459835 0.06321524828672409 0.0047548613511025906 0.9979885220527649 1.2298835515975952
2.695832 0.9979986548423767 0.004858201369643211 -0.06304704397916794 -0.06525428593158722 -0.004971229936927557 0.9999862313270569 -0.0016360139707103372 -0.014304893091320992 0.06303823739290237 0.0019461613846942782 0.998009204864502 1.285375714302063
2.799367 0.9980342984199524 0.006294550374150276 -0.062352489680051804 -0.06875453889369965 -0.0061711096204817295 0.9999785423278809 0.002172127366065979 -0.015134393237531185 0.062364835292100906 -0.0017830738797783852 0.9980517625808716 1.3408464193344116
2.903084 0.9981219172477722 0.004631782416254282 -0.061083320528268814 -0.0718165710568428 -0.004314894322305918 0.9999765753746033 0.005318691022694111 -0.015714166685938835 0.061106521636247635 -0.005045133177191019 0.99811851978302 1.3980098962783813
3.006768 0.9982274770736694 0.004450343549251556 -0.05934713035821915 -0.07575652748346329 -0.00408362690359354 0.999971866607666 0.006299029104411602 -0.016192372888326645 0.059373483061790466 -0.006045511923730373 0.9982175230979919 1.4543260335922241
3.110441 0.9983286261558533 0.005530692171305418 -0.05752717703580856 -0.07956808805465698 -0.005388271063566208 0.9999820590019226 0.0026305485516786575 -0.016034916043281555 0.05754067376255989 -0.0023161794524639845 0.9983404874801636 1.5109047889709473
3.214057 0.9983575940132141 0.005931715480983257 -0.05698234960436821 -0.08275837451219559 -0.006045663263648748 0.999980092048645 -0.0018275175243616104 -0.01660074293613434 0.05697036534547806 0.002169012324884534 0.9983734488487244 1.5677380561828613
3.317669 0.998430609703064 0.005493123084306717 -0.055733151733875275 -0.086055688560009 -0.005778076592832804 0.9999710917472839 -0.004952981136739254 -0.01710568740963936 0.05570434033870697 0.005267239175736904 0.9984334707260132 1.6248716115951538
3.421285 0.9984741806983948 0.0036326306872069836 -0.05510011315345764 -0.08934669941663742 -0.0038536645006388426 0.9999849796295166 -0.0039057950489223003 -0.017840255051851273 0.055085111409425735 0.004112173803150654 0.9984732270240784 1.68183434009552
3.524925 0.9984681606292725 0.0014726207591593266 -0.05531075596809387 -0.09203335642814636 -0.001426744507625699 0.9999986290931702 0.0008689090609550476 -0.018354780972003937 0.05531196668744087 -0.0007886635139584541 0.998468816280365 1.740559458732605
3.628545 0.9984251856803894 -0.0022850700188428164 -0.056053683161735535 -0.09531238675117493 0.002538098720833659 0.999987006187439 0.004443267360329628 -0.018971115350723267 0.05604280158877373 -0.00457853963598609 0.998417854309082 1.798597812652588
3.732256 0.9983173608779907 -0.009207122027873993 -0.05725155398249626 -0.09774991124868393 0.00943292211741209 0.9999486804008484 0.003674984211102128 -0.019738761708140373 0.05721478536725044 -0.004208847880363464 0.9983530044555664 1.856879711151123
3.835871 0.9982079863548279 -0.010407675988972187 -0.05892741680145264 -0.10083281993865967 0.010394915007054806 0.999945878982544 -0.0005231238901615143 -0.019988084211945534 0.05892966687679291 -9.035831317305565e-05 0.9982621073722839 1.914690375328064
3.939488 0.9981338381767273 -0.011321106925606728 -0.06000756099820137 -0.1048194020986557 0.011096306145191193 0.9999300837516785 -0.004078147932887077 -0.020529942587018013 0.060049526393413544 0.0034046764485538006 0.9981895685195923 1.9732005596160889
4.043107 0.9980054497718811 -0.010490481741726398 -0.06225036457180977 -0.10868147760629654 0.010222074575722218 0.9999369978904724 -0.004628669936209917 -0.021046828478574753 0.06229498237371445 0.0039831106550991535 0.9980498552322388 2.032301187515259
4.146888 0.9979665875434875 -0.010465512983500957 -0.06287620961666107 -0.11289354413747787 0.010243658907711506 0.9999401569366455 -0.0038497683126479387 -0.021198835223913193 0.06291274726390839 0.0031978574115782976 0.9980139136314392 2.0926284790039062
4.25046 0.9979093074798584 -0.007807753048837185 -0.0641566589474678 -0.11596156656742096 0.007819260470569134 0.9999695420265198 -7.17064831405878e-05 -0.02303593046963215 0.06415526568889618 -0.0004301003646105528 0.9979398846626282 2.150097370147705
4.354202 0.9978213906288147 -0.007472530473023653 -0.06554888188838959 -0.12085258215665817 0.007537852507084608 0.9999712705612183 0.0007492732838727534 -0.02324720472097397 0.06554139405488968 -0.0012417378602549434 0.9978492259979248 2.2119226455688477
4.45794 0.9977901577949524 -0.005516096483916044 -0.0662154033780098 -0.12515340745449066 0.005746221169829369 0.9999781250953674 0.0032854380551725626 -0.023943323642015457 0.06619583070278168 -0.0036586655769497156 0.9977999925613403 2.271291732788086
4.561559 0.9977744221687317 -0.006225155666470528 -0.06638939678668976 -0.12915760278701782 0.0066537074744701385 0.9999583959579468 0.006235969718545675 -0.024154258891940117 0.06634781509637833 -0.006663826294243336 0.9977743029594421 2.3317298889160156
4.665293 0.997787356376648 5.908976891078055e-05 -0.06648662686347961 -0.1344197392463684 0.00048599994624964893 0.9999664425849915 0.008182286284863949 -0.024343885481357574 0.06648489087820053 -0.008196492679417133 0.9977536797523499 2.3912901878356934
4.768912 0.9977502226829529 -0.00016132547170855105 -0.06704097241163254 -0.13815119862556458 0.0006851006182841957 0.9999693632125854 0.007789845112711191 -0.024971453472971916 0.0670376643538475 -0.007818249985575676 0.9977198243141174 2.450908660888672
4.872532 0.9977412223815918 -0.00016839904128573835 -0.06717435270547867 -0.14170001447200775 0.0005983163136988878 0.9999793767929077 0.006379955448210239 -0.025333065539598465 0.06717189401388168 -0.0064057353883981705 0.9977208375930786 2.509847640991211
4.976146 0.997774064540863 0.0019182624528184533 -0.06665720045566559 -0.1470179706811905 -0.0016712266951799393 0.9999915361404419 0.0037616295740008354 -0.025372328236699104 0.06666385382413864 -0.003641856135800481 0.9977688193321228 2.5689218044281006
5.079909 0.9977047443389893 0.001867615501396358 -0.06768821179866791 -0.15149429440498352 -0.0016178358346223831 0.9999916553497314 0.0037447805516421795 -0.025977926328778267 0.06769464910030365 -0.003626676741987467 0.9976994395256042 2.62802791595459
5.183503 0.9976279139518738 -0.0004987327847629786 -0.06883504986763 -0.15507660806179047 0.0008552420185878873 0.9999863505363464 0.005149803590029478 -0.026622653007507324 0.06883154809474945 -0.005196457263082266 0.9976147413253784 2.68648099899292
5.287117 0.9975143074989319 -6.492591637652367e-07 -0.07046515494585037 -0.15858399868011475 0.0004260092682670802 0.9999817609786987 0.006021425127983093 -0.027059005573391914 0.0704638659954071 -0.006036475300788879 0.9974960684776306 2.7453176975250244
5.390861 0.9975419640541077 0.002289674011990428 -0.07003441452980042 -0.1637226939201355 -0.0020947775337845087 0.9999937415122986 0.0028561893850564957 -0.027870891615748405 0.0700405091047287 -0.002702462486922741 0.9975404739379883 2.803248405456543
5.494473 0.9974549412727356 0.0025490745902061462 -0.0712541788816452 -0.16770699620246887 -0.0026217279955744743 0.9999961853027344 -0.0009261358063668013 -0.028779800981283188 0.07125154137611389 0.0011105870362371206 0.99745774269104 2.861006736755371
5.598233 0.9974409937858582 0.004025231581181288 -0.0713811069726944 -0.1725533902645111 -0.004238195717334747 0.999987006187439 -0.0028322613798081875 -0.028994984924793243 0.07136879116296768 0.0031275409273803234 0.9974451065063477 2.919032335281372
5.701829 0.9974222183227539 0.0029082500841468573 -0.07169700413942337 -0.17670273780822754 -0.0028768121264874935 0.9999957084655762 0.0005417380016297102 -0.029601668938994408 0.07169826328754425 -0.0003340824041515589 0.9974263310432434 2.9766530990600586
5.805571 0.997427225112915 0.0010838914895430207 -0.07168024033308029 -0.18086419999599457 -0.0008085674489848316 0.9999921917915344 0.0038699102587997913 -0.030508756637573242 0.0716838613152504 -0.003801995189860463 0.9974201917648315 3.034442186355591
5.909185 0.9974013566970825 -0.0009498273720964789 -0.07203955203294754 -0.18482714891433716 0.0012953722616657615 0.9999879598617554 0.004750032443553209 -0.03139733523130417 0.07203415781259537 -0.004831006284803152 0.9973904490470886 3.0911147594451904
6.012921 0.9973844885826111 -0.0038886431138962507 -0.07217316329479218 -0.18876340985298157 0.004141306504607201 0.9999858140945435 0.003351493738591671 -0.031956031918525696 0.07215909659862518 -0.0036416188813745975 0.9973863959312439 3.1481306552886963
6.116541 0.9973300099372864 -0.006651848088949919 -0.07272300124168396 -0.19266240298748016 0.006808158941566944 0.9999750256538391 0.0019017324084416032 -0.032343894243240356 0.07270852476358414 -0.002391763962805271 0.99735027551651 3.204792022705078
6.220278 0.9972373843193054 -0.008024511858820915 -0.07384562492370605 -0.19668903946876526 0.00827544741332531 0.9999609589576721 0.0030927492771297693 -0.0329766720533371 0.07381794601678848 -0.0036953098606318235 0.9972648024559021 3.2611238956451416
6.323895 0.9971262216567993 -0.011600304394960403 -0.0748656690120697 -0.2005477100610733 0.012162824161350727 0.9999010562896729 0.007062167394906282 -0.03308857977390289 0.07477632910013199 -0.007952448911964893 0.9971686005592346 3.3166134357452393
6.427659 0.9970784187316895 -0.01172603014856577 -0.07547836005687714 -0.2049124389886856 0.012688787654042244 0.9998440146446228 0.01228848285973072 -0.03391299396753311 0.07532248646020889 -0.013210310600697994 0.9970716834068298 3.3739631175994873
6.531383 0.9970623850822449 -0.009983331896364689 -0.07593948394060135 -0.20948077738285065 0.01110838819295168 0.9998345375061035 0.014407250098884106 -0.03411966562271118 0.07578308135271072 -0.01520849484950304 0.9970083236694336 3.4294207096099854
6.634992 0.9969524145126343 -0.008723157458007336 -0.077521912753582 -0.21352840960025787 0.009580723941326141 0.9998968839645386 0.010697209276258945 -0.03459371253848076 0.07742061465978622 -0.011407325975596905 0.9969332218170166 3.4849188327789307
6.738741 0.996853232383728 -0.007580984383821487 -0.07890570163726807 -0.2179771065711975 0.00785088911652565 0.9999643564224243 0.0031109319534152746 -0.034995343536138535 0.07887929677963257 -0.0037206225097179413 0.9968771934509277 3.5397331714630127
6.84235 0.9967492818832397 -0.0066494327038526535 -0.08029097318649292 -0.22203636169433594 0.006519878748804331 0.9999770522117615 -0.0018756156787276268 -0.03525399789214134 0.08030158281326294 0.0013460309710353613 0.9967696666717529 3.593864679336548
6.945963 0.9967231154441833 -0.0011826809495687485 -0.08087965846061707 -0.22709989547729492 0.0011186724295839667 0.9999990463256836 -0.0008367116097360849 -0.036268264055252075 0.08088057488203049 0.0007434922736138105 0.9967235922813416 3.6469528675079346
7.049705 0.9967077374458313 0.0017322753556072712 -0.0810588076710701 -0.23231706023216248 -0.0015913406386971474 0.9999971985816956 0.0018032484222203493 -0.037387505173683167 0.0810616984963417 -0.0016683194553479552 0.9967077374458313 3.6990277767181396
7.153323 0.9965477585792542 0.0036639790050685406 -0.08294057846069336 -0.23648560047149658 -0.0034301397390663624 0.9999897480010986 0.0029616751708090305 -0.03770876303315163 0.08295056968927383 -0.0026669534854590893 0.9965501427650452 3.751962661743164
7.256934 0.9964882731437683 0.0051555875688791275 -0.0835733711719513 -0.24140948057174683 -0.00493986252695322 0.9999839663505554 0.002787846140563488 -0.03897387534379959 0.08358638733625412 -0.002365215215831995 0.9964977502822876 3.802051544189453
7.360549 0.9963260293006897 0.006233062129467726 -0.08541289716959 -0.24582844972610474 -0.00596940191462636 0.9999765753746033 0.0033419495448470116 -0.03871562331914902 0.08543171733617783 -0.0028198077343404293 0.9963400959968567 3.8525564670562744
7.464167 0.996207058429718 0.007408012170344591 -0.08669910579919815 -0.25032395124435425 -0.007057210896164179 0.9999656081199646 0.0043520089238882065 -0.04007640480995178 0.08672837167978287 -0.0037236481439322233 0.9962249398231506 3.9022538661956787
7.567786 0.9960793256759644 0.007240375969558954 -0.0881679356098175 -0.25502926111221313 -0.00684031518176198 0.9999648332595825 0.004838789813220501 -0.04092329740524292 0.08819987624883652 -0.004216721281409264 0.9960938692092896 3.949939250946045
7.671396 0.9959700703620911 0.006241925992071629 -0.08946938812732697 -0.25953829288482666 -0.005738936364650726 0.9999662041664124 0.005878073163330555 -0.04105731099843979 0.08950304985046387 -0.005340925883501768 0.9959721565246582 3.9985551834106445
7.775144 0.9958083629608154 0.009744377806782722 -0.09094304591417313 -0.263812780380249 -0.00902337022125721 0.9999246001243591 0.008335920982062817 -0.04131237044930458 0.09101741015911102 -0.007480368949472904 0.9958212375640869 4.047705173492432
7.878754 0.9956766366958618 0.011365344747900963 -0.09218894690275192 -0.2678390145301819 -0.010257391259074211 0.9998695254325867 0.012483234517276287 -0.04156427085399628 0.09231880307197571 -0.011483646929264069 0.9956632852554321 4.0930705070495605
7.982493 0.9954899549484253 0.01422847993671894 -0.09379363805055618 -0.27313077449798584 -0.012955417856574059 0.999815821647644 0.014167966321110725 -0.04195959120988846 0.0939779207110405 -0.012888933531939983 0.9954908490180969 4.139686107635498
8.086111 0.9953128099441528 0.01663191057741642 -0.0952666848897934 -0.2775576412677765 -0.01573191024363041 0.9998243451118469 0.01019052043557167 -0.04239941015839577 0.09541942924261093 -0.008644030429422855 0.9953996539115906 4.183566093444824
8.189849 0.9951833486557007 0.01682637818157673 -0.09657595306634903 -0.2817797064781189 -0.016659624874591827 0.9998578429222107 0.002532806247472763 -0.04252967610955238 0.0966048464179039 -0.0009116865694522858 0.9953223466873169 4.226188659667969
8.29347 0.9950845837593079 0.01623380184173584 -0.09768892824649811 -0.2867848873138428 -0.01660786010324955 0.999857485294342 -0.0030170835088938475 -0.043403975665569305 0.09762601554393768 0.004624657332897186 0.9952124357223511 4.268773555755615
8.397102 0.9950110912322998 0.016961727291345596 -0.09831224381923676 -0.2906193733215332 -0.017438847571611404 0.9998399019241333 -0.003995764069259167 -0.04397249594330788 0.09822873771190643 0.0056902822107076645 0.9951475858688354 4.308990001678467
8.500847 0.9947664141654968 0.01992141827940941 -0.1002141609787941 -0.29313981533050537 -0.01999371498823166 0.9998000264167786 0.0002829933073371649 -0.04572414234280586 0.10019975900650024 0.0017221414018422365 0.9949658513069153 4.348174571990967
8.604438 0.9947515726089478 0.019936472177505493 -0.10035942494869232 -0.29953986406326294 -0.01982797123491764 0.9998011589050293 0.0020786107052117586 -0.04614175856113434 0.10038093477487564 -7.777781138429418e-05 0.9949491024017334 4.388728141784668
8.708175 0.9947383999824524 0.01672961749136448 -0.10107134282588959 -0.3034510612487793 -0.016955526545643806 0.9998552799224854 -0.001376437721773982 -0.046638477593660355 0.10103369504213333 0.0030829135794192553 0.9948782920837402 4.425216197967529
8.811795 0.9948129653930664 0.008860842324793339 -0.10133367776870728 -0.3059332072734833 -0.009520227089524269 0.9999364614486694 -0.006025283597409725 -0.047934383153915405 0.10127385705709457 0.006958748679608107 0.994834303855896 4.461027145385742
8.915403 0.9949262738227844 0.004840897396206856 -0.10049077123403549 -0.30949923396110535 -0.0059607201255857944 0.9999234080314636 -0.010846265591681004 -0.04881247505545616 0.10043056309223175 0.011390233412384987 0.9948787689208984 4.497661590576172
9.019162 0.9952392578125 0.007202771492302418 -0.097196064889431 -0.31309300661087036 -0.008312930352985859 0.9999046921730042 -0.011021730490028858 -0.04964107647538185 0.0971074253320694 0.011777244508266449 0.9952041506767273 4.531757354736328
9.12289 0.9956094026565552 0.012035171501338482 -0.0928298756480217 -0.31715142726898193 -0.012854062020778656 0.9998835325241089 -0.008228547871112823 -0.05018560215830803 0.09272003173828125 0.009385662153363228 0.9956479668617249 4.565020561218262
9.226512 0.9960453510284424 0.010461616329848766 -0.08822968602180481 -0.3199344575405121 -0.010969736613333225 0.9999258518218994 -0.00527613889425993 -0.05069134384393692 0.0881679579615593 0.006223129574209452 0.9960861802101135 4.599012851715088
9.330247 0.9965528845787048 0.006870638579130173 -0.0826752632856369 -0.32161688804626465 -0.007012883201241493 0.9999743103981018 -0.0014302604831755161 -0.050970375537872314 0.08266332745552063 0.0020051223691552877 0.9965755343437195 4.6309075355529785
9.433986 0.9972454905509949 0.002383076585829258 -0.0741337239742279 -0.3236880600452423 -0.0022460620384663343 0.9999956488609314 0.001931518316268921 -0.05155324190855026 0.07413800805807114 -0.0017596888355910778 0.9972463846206665 4.661772727966309
9.537749 0.9979504346847534 0.006021736655384302 -0.06370720267295837 -0.3253374695777893 -0.005903748329728842 0.9999803900718689 0.002040135208517313 -0.05253912881016731 0.06371822953224182 -0.0016598430229350924 0.9979665875434875 4.693113803863525
9.641587 0.9987624287605286 0.011237437836825848 -0.04844735562801361 -0.3270970582962036 -0.011176541447639465 0.9999362826347351 0.0015276572667062283 -0.053023844957351685 0.0484614297747612 -0.0009842927101999521 0.9988246560096741 4.722514629364014
9.745342 0.9994142651557922 0.016178278252482414 -0.030152592808008194 -0.3276674449443817 -0.01611449010670185 0.99986732006073 0.0023573976941406727 -0.05352107435464859 0.030186723917722702 -0.0018701236695051193 0.9995424747467041 4.751848220825195
9.849229 0.9998601078987122 0.014666279777884483 -0.008042409084737301 -0.32751935720443726 -0.014645217917859554 0.9998891949653625 0.0026712294202297926 -0.05367229878902435 0.008080694824457169 -0.002553073689341545 0.9999641180038452 4.780297756195068
9.953059 0.9997696876525879 0.011091855354607105 0.018377352505922318 -0.32580697536468506 -0.011156421154737473 0.9999319314956665 0.0034145349636673927 -0.05386117100715637 -0.018338225781917572 -0.003618774237111211 0.9998252987861633 4.80796480178833
10.05693 0.9987891316413879 0.01012362353503704 0.04814360290765762 -0.3236084580421448 -0.010347381234169006 0.9999367594718933 0.004400786478072405 -0.05388040095567703 -0.048096008598804474 -0.004893618635833263 0.9988307952880859 4.834403991699219
10.16083 0.9967032670974731 0.009789558127522469 0.08053974062204361 -0.31970834732055664 -0.010326712392270565 0.9999271035194397 0.0062556033954024315 -0.05474313348531723 -0.08047263324260712 -0.007066692691296339 0.9967317581176758 4.861259937286377
10.26466 0.9928827285766602 0.010149666108191013 0.11866264790296555 -0.3155999779701233 -0.011063653975725174 0.9999138712882996 0.007046174257993698 -0.05520835891366005 -0.11858092993497849 -0.00830886885523796 0.9929095506668091 4.887200832366943
10.36867 0.9870761036872864 0.010586024262011051 0.1599016785621643 -0.31038689613342285 -0.011808534152805805 0.9999077916145325 0.006697078235447407 -0.055293187499046326 -0.15981605648994446 -0.008498731069266796 0.9871101975440979 4.911229133605957
10.47264 0.9786979556083679 0.009357432834804058 0.20509223639965057 -0.30395519733428955 -0.011126361787319183 0.9999101758003235 0.007473484613001347 -0.05635499954223633 -0.20500385761260986 -0.00959621649235487 0.978714108467102 4.935648441314697
10.57663 0.9670788645744324 0.011706680990755558 0.2542074918746948 -0.2962465286254883 -0.013450276106595993 0.9998964667320251 0.00512182991951704 -0.05663926899433136 -0.25412124395370483 -0.00837237574160099 0.9671361446380615 4.959359169006348
10.68062 0.9517602324485779 0.011861995793879032 0.30661338567733765 -0.2866082191467285 -0.01352088712155819 0.99990314245224 0.0032868548296391964 -0.05793573707342148 -0.3065447211265564 -0.007273983210325241 0.9518284797668457 4.981680393218994
10.78461 0.9320484399795532 0.012849712744355202 0.36210572719573975 -0.2758218050003052 -0.013700464740395546 0.9999061822891235 -0.00021819659741595387 -0.05741285905241966 -0.3620745539665222 -0.0047576455399394035 0.9321370720863342 5.003848552703857
10.88875 0.9077774286270142 0.01352310087531805 0.4192342162132263 -0.26451313495635986 -0.01391694974154234 0.9999009370803833 -0.0021187879610806704 -0.057642336934804916 -0.41922125220298767 -0.003911071922630072 0.9078757166862488 5.023860454559326
10.99272 0.8785570859909058 0.013793827965855598 0.47743794322013855 -0.2513730525970459 -0.013407917693257332 0.9999012351036072 -0.004215925931930542 -0.05802220106124878 -0.4774489402770996 -0.0026975171640515327 0.8786553740501404 5.044154167175293
11.09659 0.8451659679412842 0.012398913502693176 0.5343600511550903 -0.23681187629699707 -0.010563540272414684 0.9999231696128845 -0.006493775639683008 -0.058391373604536057 -0.5343995690345764 -0.00015641620848327875 0.8452320694923401 5.0623979568481445
11.20057 0.8080321550369263 0.012065500020980835 0.5890147686004639 -0.22185206413269043 -0.00956992618739605 0.9999271631240845 -0.007354333996772766 -0.05917809531092644 -0.5890606641769409 0.0003057114081457257 0.8080887794494629 5.079439640045166
11.30431 0.7691207528114319 0.010784431360661983 0.6390125155448914 -0.20429706573486328 -0.008159792982041836 0.9999417662620544 -0.007054537069052458 -0.059471338987350464 -0.6390514373779297 0.0002115801617037505 0.7691640257835388 5.095339298248291
11.40818 0.7267434597015381 0.010624496266245842 0.6868269443511963 -0.1869518756866455 -0.010243344120681286 0.9999368190765381 -0.0046293227933347225 -0.060190461575984955 -0.6868327260017395 -0.003671075450256467 0.7268063426017761 5.109908103942871
11.51192 0.6818578243255615 0.009440390393137932 0.7314238548278809 -0.16846609115600586 -0.00840869639068842 0.9999518394470215 -0.005067376885563135 -0.060106061398983 -0.7314363718032837 -0.002695089904591441 0.6819043755531311 5.123566627502441
11.61553 0.6361154317855835 0.00792321003973484 0.7715533375740051 -0.14925003051757812 -0.005095239728689194 0.9999687075614929 -0.0060680219903588295 -0.060736894607543945 -0.7715770602226257 -7.128698052838445e-05 0.6361358165740967 5.135260581970215
11.71927 0.5887459516525269 0.00526853185147047 0.8083010911941528 -0.12921667098999023 0.0003881459415424615 0.9999766945838928 -0.0068005966022610664 -0.06145654246211052 -0.8083180785179138 0.004317563027143478 0.5887302756309509 5.14703369140625
11.82277 0.5431892275810242 0.007087147794663906 0.8395804166793823 -0.10888862609863281 -0.0014666810166090727 0.9999708533287048 -0.007492142729461193 -0.062244806438684464 -0.8396090865135193 0.002838255139067769 0.5431838035583496 5.1566548347473145
11.92638 0.4946710467338562 0.010569650679826736 0.8690159916877747 -0.0887291431427002 -0.005529503803700209 0.9999440908432007 -0.009014535695314407 -0.06250248104333878 -0.8690626621246338 -0.00034599730861373246 0.49470189213752747 5.167274475097656
12.03 0.4490715265274048 0.01285678893327713 0.8934033513069153 -0.0677030086517334 -0.005722926929593086 0.9999174475669861 -0.011512966826558113 -0.06278640776872635 -0.8934774994850159 5.7264347560703754e-05 0.44910797476768494 5.175843715667725
12.13361 0.40687039494514465 0.011221049353480339 0.9134169816970825 -0.04654121398925781 0.0006018605781719089 0.9999210238456726 -0.012551816180348396 -0.06306001543998718 -0.913485586643219 0.005656711757183075 0.4068315327167511 5.182534217834473
12.2371 0.3674416244029999 0.0027188460808247328 0.9300426840782166 -0.02405726909637451 0.01650323159992695 0.9998193383216858 -0.009442931041121483 -0.06368248164653778 -0.9299003481864929 0.018818436190485954 0.36733028292655945 5.188050270080566
12.3406 0.33276140689849854 -0.0006370670162141323 0.9430108666419983 -0.001590132713317871 0.020666006952524185 0.9997645616531372 -0.006617031060159206 -0.063860222697258 -0.9427846670150757 0.021690160036087036 0.33269619941711426 5.193360805511475
12.44411 0.2989761531352997 0.003281743498519063 0.9542551040649414 0.020846843719482422 0.017596527934074402 0.9998050928115845 -0.008951534517109394 -0.06438745558261871 -0.9540983438491821 0.019467873498797417 0.29886019229888916 5.1996941566467285
12.54767 0.26813358068466187 0.010577008128166199 0.9633237719535828 0.043442368507385254 0.007501880172640085 0.9998863935470581 -0.013066544197499752 -0.06526904553174973 -0.9633525609970093 0.010730316862463951 0.2680237889289856 5.205731391906738
12.65107 0.23955388367176056 0.015281596221029758 0.9707628488540649 0.06722903251647949 0.00217271875590086 0.9998651742935181 -0.016275880858302116 -0.06630709022283554 -0.9708806276321411 0.006008145399391651 0.2394883781671524 5.211313247680664
12.75469 0.2143394947052002 0.0167872104793787 0.9766150712966919 0.09137511253356934 0.003886305959895253 0.9998297691345215 -0.018039187416434288 -0.06725950539112091 -0.9767515063285828 0.007661935407668352 0.2142377495765686 5.215112686157227
12.85806 0.19067376852035522 0.01809420995414257 0.9814866781234741 0.11639988422393799 0.0103536332026124 0.9997374415397644 -0.02044207975268364 -0.06806846708059311 -0.9815989136695862 0.014059721492230892 0.19043634831905365 5.2184600830078125
12.96167 0.16995775699615479 0.024765687063336372 0.9851401448249817 0.14154070615768433 0.017276398837566376 0.9994556307792664 -0.028106115758419037 -0.0680011659860611 -0.9852999448776245 0.02179652452468872 0.16943737864494324 5.221530437469482
13.0652 0.15099705755710602 0.03121253289282322 0.988041341304779 0.16833513975143433 0.019649287685751915 0.9992092847824097 -0.034568220376968384 -0.06814785301685333 -0.9883388876914978 0.02463401108980179 0.15026435256004333 5.224361896514893
13.16877 0.13262854516506195 0.03207652270793915 0.9906466603279114 0.1955377459526062 0.01716689020395279 0.9992520213127136 -0.03465347737073898 -0.0689614936709404 -0.9910170435905457 0.021602362394332886 0.13197870552539825 5.228060245513916
13.27235 0.11770042032003403 0.0275140218436718 0.9926677942276001 0.22421228885650635 0.015427147038280964 0.999444842338562 -0.029531050473451614 -0.07036454975605011 -0.9929293394088745 0.01878984645009041 0.11721058189868927 5.230861186981201
13.37588 0.10288749635219574 0.02451390214264393 0.9943907856941223 0.2535012364387512 0.016129054129123688 0.9995236992835999 -0.02630927599966526 -0.07156078517436981 -0.9945622086524963 0.018745480105280876 0.10244311392307281 5.233551502227783
13.4795 0.09000594168901443 0.021751750260591507 0.9957036375999451 0.28433382511138916 0.017475150525569916 0.9995730519294739 -0.023415930569171906 -0.07287074625492096 -0.9957878589630127 0.019507644698023796 0.08958738297224045 5.235550880432129
13.58311 0.0785079076886177 0.02149435319006443 0.996681809425354 0.3146462142467499 0.0214639063924551 0.9994993209838867 -0.023245811462402344 -0.07349447160959244 -0.996682345867157 0.023217661306262016 0.07800722867250443 5.236953258514404
13.68672 0.06812078505754471 0.02165260724723339 0.9974420666694641 0.3472258448600769 0.024150103330612183 0.9994357228279114 -0.0233452245593071 -0.07470232248306274 -0.9973847270011902 0.02567862533032894 0.06755941361188889 5.239021301269531
13.79034 0.06040661782026291 0.023176949471235275 0.9979047775268555 0.3799237906932831 0.025904666632413864 0.999357283115387 -0.024778783321380615 -0.0750797688961029 -0.9978377223014832 0.02734719216823578 0.059767402708530426 5.240626811981201
13.89395 0.05498897284269333 0.022510018199682236 0.9982330799102783 0.41479936242103577 0.028082968667149544 0.9993153214454651 -0.024081410840153694 -0.07651534676551819 -0.9980919361114502 0.029357558116316795 0.05431918054819107 5.241994857788086
13.99767 0.050844598561525345 0.023557748645544052 0.9984285831451416 0.4506986737251282 0.02977650612592697 0.9992414712905884 -0.025093283504247665 -0.0774063766002655 -0.9982625842094421 0.031005574390292168 0.05010456591844559 5.242258071899414
14.1013 0.043276917189359665 0.024045860394835472 0.9987736940383911 0.48729896545410156 0.02960086241364479 0.9992404580116272 -0.02533971145749092 -0.07888457179069519 -0.9986245036125183 0.03066118247807026 0.04253227263689041 5.2450642585754395
14.20492 0.039285264909267426 0.02402372658252716 0.9989391565322876 0.5257789492607117 0.031815558671951294 0.9991738796234131 -0.025280579924583435 -0.07991324365139008 -0.9987214803695679 0.03277496248483658 0.0384884849190712 5.246373653411865
14.30854 0.036225900053977966 0.024464190006256104 0.9990441203117371 0.5636155605316162 0.03384411707520485 0.9990968108177185 -0.025692690163850784 -0.08061859011650085 -0.9987703561782837 0.03474249690771103 0.035365212708711624 5.247313022613525
14.41227 0.03332401439547539 0.023811308667063713 0.9991608262062073 0.603060781955719 0.03498639166355133 0.9990755915641785 -0.02497614361345768 -0.08206206560134888 -0.9988320469856262 0.03578933700919151 0.03246014192700386 5.2484846115112305
14.51589 0.030669428408145905 0.023076994344592094 0.9992631673812866 0.6450681686401367 0.03670112043619156 0.9990333318710327 -0.024198124185204506 -0.08321235328912735 -0.9988555312156677 0.03741621971130371 0.029792821034789085 5.249429702758789
14.61968 0.029709920287132263 0.02288084290921688 0.9992966055870056 0.6880941987037659 0.04096454381942749 0.9988702535629272 -0.024088988080620766 -0.0843019038438797 -0.998718798160553 0.041651416569948196 0.028739040717482567 5.2505316734313965
14.72326 0.031555019319057465 0.0221618190407753 0.9992563128471375 0.7323454022407532 0.04453203082084656 0.9987301230430603 -0.023556407541036606 -0.08598575741052628 -0.998509407043457 0.04524223133921623 0.03052804432809353 5.250449180603027
14.82686 0.034205082803964615 0.02230810560286045 0.9991658926010132 0.7764108777046204 0.046551238745450974 0.998630166053772 -0.02388976514339447 -0.08693402260541916 -0.9983300566673279 0.047329556196928024 0.03311976045370102 5.251336574554443
14.93048 0.037663817405700684 0.022493410855531693 0.9990372657775879 0.8230664730072021 0.04856555163860321 0.9985240697860718 -0.024312784895300865 -0.0881909504532814 -0.9981095790863037 0.04943450912833214 0.03651582449674606 5.253783226013184
15.0341 0.04274880886077881 0.021541565656661987 0.9988535642623901 0.8697841763496399 0.04911129176616669 0.9985136389732361 -0.023636095225811005 -0.09002339094877243 -0.9978780746459961 0.050065405666828156 0.04162733256816864 5.254862308502197
15.13784 0.04558560252189636 0.02006884105503559 0.9987587928771973 0.9166080355644226 0.0502096526324749 0.9984884858131409 -0.0223550908267498 -0.09131494909524918 -0.9976978898048401 0.05116640403866768 0.04450904577970505 5.258511066436768
15.24145 0.05004328116774559 0.018615251407027245 0.9985736608505249 0.9671554565429688 0.05056371912360191 0.9984968900680542 -0.02114780619740486 -0.0922747328877449 -0.9974662661552429 0.05154988914728165 0.049026817083358765 5.260718822479248
15.34508 0.0541919581592083 0.016517261043190956 0.9983940124511719 1.0161172151565552 0.04726630449295044 0.998699963092804 -0.01908789575099945 -0.09345215559005737 -0.9974112510681152 0.0482247993350029 0.05334079638123512 5.263581275939941
15.44881 0.05836068466305733 0.01541079580783844 0.9981767535209656 1.0661110877990723 0.046770233660936356 0.9987406134605408 -0.01815403439104557 -0.0948043018579483 -0.9971993565559387 0.04774443805217743 0.057566434144973755 5.266568183898926
15.55255 0.06189906969666481 0.016371654346585274 0.997948169708252 1.1184033155441284 0.04332426190376282 0.9988788962364197 -0.01907416805624962 -0.09671258926391602 -0.9971417784690857 0.04441604018211365 0.061120398342609406 5.270955562591553
15.65617 0.06521612405776978 0.020056983456015587 0.9976696372032166 1.1689105033874512 0.04131043702363968 0.9988866448402405 -0.022781848907470703 -0.0986189991235733 -0.9970155954360962 0.0426999107003212 0.06431496143341064 5.2744927406311035
15.7599 0.06698964536190033 0.02491305023431778 0.9974426627159119 1.219834804534912 0.035954009741544724 0.9989786148071289 -0.027366135269403458 -0.1005154550075531 -0.9971056580543518 0.037695303559303284 0.0660255029797554 5.277847766876221
15.86364 0.06598694622516632 0.02871837094426155 0.9974071383476257 1.272416353225708 0.03272591158747673 0.9989856481552124 -0.03092891536653042 -0.10203607380390167 -0.9972836375236511 0.034681953489780426 0.06498019397258759 5.283194541931152
15.96739 0.0664638876914978 0.02879422903060913 0.9973732829093933 1.3235052824020386 0.030130449682474136 0.9990696907043457 -0.03085106424987316 -0.103541299700737 -0.9973337650299072 0.03210178017616272 0.06553447991609573 5.286534309387207
16.07102 0.06590753048658371 0.02658764272928238 0.9974713921546936 1.3768147230148315 0.027471279725432396 0.9992176294326782 -0.028449343517422676 -0.10611598193645477 -0.9974474906921387 0.02927684225142002 0.06512557715177536 5.291031837463379
16.17474 0.0659075379371643 0.025089673697948456 0.9975102543830872 1.4270418882369995 0.02832391858100891 0.9992339611053467 -0.02700444683432579 -0.10853055119514465 -0.9974236488342285 0.03003319725394249 0.06514641642570496 5.294086456298828
16.27845 0.06580926477909088 0.02432861179113388 0.9975355863571167 1.4796873331069946 0.025602376088500023 0.9993324875831604 -0.026061467826366425 -0.11056263744831085 -0.9975036382675171 0.027254369109869003 0.06514246761798859 5.2987236976623535
16.38209 0.06650393456220627 0.024980835616588593 0.9974735379219055 1.5321998596191406 0.024278514087200165 0.9993499517440796 -0.02664654143154621 -0.11251592636108398 -0.9974907040596008 0.025989269837737083 0.06585423648357391 5.302057266235352
