0.0 1.0 0.0 0.0 0.0 0.0 1.0 0.0 0.0 0.0 0.0 1.0 0.0
0.1033914 0.9999986886978149 0.0004797656729351729 0.0015435077948495746 -0.0027537462301552296 -0.0004728720523416996 0.999989926815033 -0.004463471006602049 -0.0022687637247145176 -0.0015456336550414562 0.00446273572742939 0.999988853931427 0.9719759225845337
0.2071056 0.9999960660934448 -0.0019373471150174737 0.0020237413700670004 0.003369320882484317 0.0019475240260362625 0.99998539686203 -0.005038923118263483 -0.0027393363416194916 -0.002013949677348137 0.0050428444519639015 0.9999852776527405 1.938683271408081
0.3102615 0.999993085861206 -0.002982665318995714 0.0022018132731318474 0.0015459833666682243 0.0029854325111955404 0.999994695186615 -0.0012545629870146513 -0.0015231708530336618 -0.002198060043156147 0.0012611276470124722 0.9999967813491821 2.9065299034118652
0.4136209 0.9999828934669495 -0.005655280780047178 0.0015052621020004153 0.004605425056070089 0.005648013669997454 0.9999725818634033 0.0047891391441226006 -0.00381677970290184 -0.001532304915599525 -0.004780554678291082 0.9999873638153076 3.874047040939331
0.5179293 0.9999596476554871 -0.008986939676105976 -8.353369776159525e-05 0.014286134392023087 0.008987232111394405 0.9999487400054932 0.004661718383431435 0.003489883616566658 4.163477569818497e-05 -0.004662280436605215 0.9999890923500061 4.830896377563477
0.6203887 0.9999274611473083 -0.011990625411272049 -0.001156666548922658 0.016272732987999916 0.011992881074547768 0.9999261498451233 0.0019648789893835783 0.0033853091299533844 0.001133020967245102 -0.001978608313947916 0.9999973177909851 5.784045696258545
0.7242193 0.9999189376831055 -0.012514375150203705 -0.0023335455916821957 0.016635306179523468 0.012510937638580799 0.9999206066131592 -0.0014824720565229654 0.007387217134237289 0.002351912669837475 0.0014531570486724377 0.9999961853027344 6.730147361755371
0.8272107 0.9999251365661621 -0.011956344358623028 -0.0025835479609668255 0.0038348734378814697 0.011950690299272537 0.9999261498451233 -0.002193820895627141 0.008298071101307869 0.002609587274491787 0.002162781311199069 0.9999942779541016 7.685758590698242
0.930557 0.9999247789382935 -0.011708756908774376 -0.0036582285538315773 -0.0006926748901605606 0.011708825826644897 0.9999313950538635 -2.35741026699543e-06 0.005788253154605627 0.003658005967736244 -4.047690890729427e-05 0.9999933242797852 8.634406089782715
1.03407 0.9999276399612427 -0.011194569990038872 -0.004403077065944672 -0.01138993725180626 0.01120784506201744 0.9999327063560486 0.0030017076060175896 0.0033697299659252167 0.004369177855551243 -0.0030508392956107855 0.9999858140945435 9.582245826721191
1.137438 0.9999160170555115 -0.011729184538125992 -0.005507498513907194 -0.012463528662919998 0.01175123080611229 0.9999229907989502 0.003987656906247139 0.01056848093867302 0.00546030281111598 -0.004052042029798031 0.9999768733978271 10.531373023986816
1.244258 0.9999005198478699 -0.012655844911932945 -0.006225581280887127 -0.018740367144346237 0.012685076333582401 0.9999086260795593 0.004678349010646343 0.01722007989883423 0.00616580480709672 -0.004756855312734842 0.9999696612358093 11.470544815063477
1.344229 0.9998926520347595 -0.012978223152458668 -0.0067898547276854515 -0.029300913214683533 0.01301218569278717 0.9999029040336609 0.00498177669942379 0.014042727649211884 0.006724541541188955 -0.00506959343329072 0.9999645352363586 12.411563873291016
1.447568 0.9998859167098999 -0.013257942162454128 -0.007231434341520071 -0.0391642265021801 0.013286197558045387 0.999904215335846 0.003873160108923912 0.012434188276529312 0.0071793911047279835 -0.003968796227127314 0.9999663233757019 13.327630043029785
1.551083 0.999865710735321 -0.013920647092163563 -0.008645111694931984 -0.05192311108112335 0.013936041854321957 0.999901294708252 0.0017231348901987076 0.018797671422362328 0.00862027145922184 -0.0018433814402669668 0.9999611377716064 14.257551193237305
1.654521 0.9998331069946289 -0.015165181830525398 -0.010176442563533783 -0.06985422968864441 0.01516664493829012 0.9998849630355835 6.677615601802245e-05 0.026417700573801994 0.01017425861209631 -0.00022110746067482978 0.9999482035636902 15.195656776428223
1.757843 0.9998198747634888 -0.01486223191022873 -0.011792385950684547 -0.08213622868061066 0.014856070280075073 0.9998894929885864 -0.0006099816528148949 0.029349476099014282 0.011800147593021393 0.00043468340300023556 0.9999303221702576 16.118803024291992
1.861353 0.9998170137405396 -0.013782723806798458 -0.013267243281006813 -0.10489317029714584 0.01376511063426733 0.9999042749404907 -0.0014179982244968414 0.027987182140350342 0.013285516761243343 0.0012351135956123471 0.9999110102653503 17.043848037719727
1.964724 0.9998300671577454 -0.011943193152546883 -0.014040458016097546 -0.1366291642189026 0.011925967410206795 0.9999279379844666 -0.0013100497890263796 0.026543233543634415 0.014055092819035053 0.0011423812247812748 0.9999005794525146 17.954753875732422
2.068236 0.9997843503952026 -0.012654125690460205 -0.016465960070490837 -0.13873285055160522 0.012652767822146416 0.9999199509620667 -0.00018662316142581403 0.019286226481199265 0.016467005014419556 -2.175705594709143e-05 0.9998643398284912 18.8636531829834
2.17162 0.9997718930244446 -0.011813726276159286 -0.01779690571129322 -0.15913835167884827 0.01184689998626709 0.9999282956123352 0.0017596210818737745 0.012692444026470184 0.01777484267950058 -0.001970057375729084 0.9998400211334229 19.771087646484375
2.275131 0.9997548460960388 -0.011269954033195972 -0.019061557948589325 -0.18305230140686035 0.01130271703004837 0.9999348521232605 0.0016118877101689577 0.02073674090206623 0.01904214918613434 -0.001826939987950027 0.9998169541358948 20.674819946289062
2.378626 0.9997011423110962 -0.013142107054591179 -0.02061433158814907 -0.20638391375541687 0.013174321502447128 0.9999122023582458 0.0014276212314143777 0.02271825075149536 0.020593762397766113 -0.0016987742856144905 0.9997864365577698 21.591257095336914
2.48201 0.9996674656867981 -0.012802290730178356 -0.02238079532980919 -0.22302836179733276 0.01282354723662138 0.9999173879623413 0.0008065024740062654 0.026972047984600067 0.022368624806404114 -0.0010932354489341378 0.9997491836547852 22.47098159790039
2.585514 0.999630331993103 -0.012633826583623886 -0.02407524548470974 -0.2409048080444336 0.012663726694881916 0.9999191761016846 0.001089825527742505 0.028972841799259186 0.024059535935521126 -0.0013943049125373363 0.9997095465660095 23.3569393157959
2.689023 0.9996123313903809 -0.012339535169303417 -0.024956844747066498 -0.26740562915802 0.012419554404914379 0.9999182224273682 0.0030539105646312237 0.03293677791953087 0.02491712011396885 -0.0033626798540353775 0.9996838569641113 24.23100471496582
2.793694 0.999589204788208 -0.013398588635027409 -0.02534080483019352 -0.2928008735179901 0.01354953646659851 0.9998913407325745 0.005794395226985216 0.035041578114032745 0.02526042051613331 -0.006135368719696999 0.9996621012687683 25.087196350097656
2.896139 0.9995715022087097 -0.013472579419612885 -0.02598627470433712 -0.3150143027305603 0.01365829911082983 0.9998823404312134 0.006982624530792236 0.0424448698759079 0.025889143347740173 -0.007334561087191105 0.9996379613876343 25.93902015686035
2.999556 0.9995620846748352 -0.012754705734550953 -0.02670188434422016 -0.34262678027153015 0.012918107211589813 0.9998987913131714 0.005955980159342289 0.044925227761268616 0.026623213663697243 -0.006298309192061424 0.9996257424354553 26.787137985229492
3.103545 0.9995510578155518 -0.011239781975746155 -0.027772879227995872 -0.3675219714641571 0.011338787153363228 0.9999300241470337 0.003409865079447627 0.04527865722775459 0.02773260697722435 -0.0037232451140880585 0.9996084570884705 27.609363555908203
3.206573 0.9995462894439697 -0.010731738060712814 -0.028138963505625725 -0.3974328935146332 0.010792378336191177 0.9999397993087769 0.002004093024879694 0.04711427167057991 0.028115762397646904 -0.0023068711161613464 0.9996020197868347 28.423494338989258
3.310078 0.9995262026786804 -0.009665491990745068 -0.029223555698990822 -0.4244890809059143 0.009710963815450668 0.9999518394470215 0.0014144647866487503 0.05200124531984329 0.029208477586507797 -0.001697584055364132 0.9995719194412231 29.228017807006836
3.413963 0.999485969543457 -0.009462899528443813 -0.030631236732006073 -0.4481107294559479 0.009499795734882355 0.999954342842102 0.0010592256439849734 0.04795106127858162 0.03061981499195099 -0.0013496715109795332 0.9995301961898804 30.039379119873047
3.517076 0.9994186162948608 -0.009112883359193802 -0.03285223990678787 -0.4740779399871826 0.009122566320002079 0.9999584555625916 0.00014487456064671278 0.049215998500585556 0.03284955397248268 -0.0004444874357432127 0.9994601607322693 30.82914924621582
3.620721 0.9993543028831482 -0.00892301369458437 -0.03480321168899536 -0.5044534802436829 0.008937843143939972 0.9999600648880005 0.00027052423683926463 0.047878071665763855 0.03479940444231033 -0.0005814153118990362 0.9993941783905029 31.602773666381836
3.724674 0.999262809753418 -0.00976626668125391 -0.037127163261175156 -0.5267837047576904 0.00982255581766367 0.9999508857727051 0.0013340456644073129 0.05031730607151985 0.03711231052875519 -0.001697746105492115 0.9993096590042114 32.388771057128906
3.827725 0.9991894960403442 -0.009673367254436016 -0.039073243737220764 -0.5595867037773132 0.00981780607253313 0.9999456405639648 0.003506395500153303 0.05424857884645462 0.039037201553583145 -0.0038871674332767725 0.999230146408081 33.15835189819336
3.931241 0.9990901947021484 -0.008816768415272236 -0.041726253926754 -0.5791228413581848 0.009014764800667763 0.999949038028717 0.004559323191642761 0.06233444809913635 0.041683927178382874 -0.0049313269555568695 0.9991186857223511 33.92082214355469
4.034871 0.9990543127059937 -0.007412920240312815 -0.04284263774752617 -0.6343673467636108 0.007648938335478306 0.9999564290046692 0.005347676575183868 0.053015828132629395 0.042801134288311005 -0.005670321639627218 0.999067485332489 34.66947555541992
4.142151 0.9989798665046692 -0.004903757944703102 -0.04489072412252426 -0.6683017611503601 0.005111403297632933 0.9999766945838928 0.004511936567723751 0.05793701112270355 0.04486755281686783 -0.004736787639558315 0.9989817142486572 35.39853286743164
4.243437 0.9988968372344971 -0.003474183613434434 -0.046829499304294586 -0.7031961679458618 0.0036541533190757036 0.9999862313270569 0.0037580179050564766 0.059593550860881805 0.04681580141186714 -0.003924994263797998 0.9988957643508911 36.12907791137695
4.345966 0.9988171458244324 -0.0032016781624406576 -0.048518721014261246 -0.7421516180038452 0.0034421514719724655 0.9999822378158569 0.004873550962656736 0.06392460316419601 0.048502255231142044 -0.005034795496612787 0.998810350894928 36.835758209228516
4.449183 0.9987671375274658 -0.0017310901312157512 -0.04961022362112999 -0.7790522575378418 0.002048275200650096 0.9999777674674988 0.006343417800962925 0.07384242117404938 0.049598146229982376 -0.006437211763113737 0.9987484812736511 37.562416076660156
4.552519 0.9987686276435852 0.0008735035080462694 -0.04960387572646141 -0.8193874359130859 -0.000535669969394803 0.9999765753746033 0.006823508068919182 0.07741226255893707 0.04960867762565613 -0.006788534112274647 0.9987456202507019 38.25859451293945
4.656235 0.9988110065460205 0.0039898413233459 -0.04858686029911041 -0.8613189458847046 -0.0037508315872401 0.9999803900718689 0.005009390413761139 0.07609677314758301 0.048605889081954956 -0.004821193404495716 0.9988065361976624 38.945343017578125
4.760815 0.9988914132118225 0.005988339427858591 -0.046691086143255234 -0.8971167802810669 -0.005919191054999828 0.9999811053276062 0.0016190859023481607 0.08289565145969391 0.046699900180101395 -0.001340916845947504 0.9989081025123596 39.606502532958984
4.863788 0.998974084854126 0.0064040301367640495 -0.04483010619878769 -0.9265186190605164 -0.006410286296159029 0.9999794363975525 4.198867827653885e-06 0.08534356206655502 0.04482921585440636 0.00028317980468273163 0.9989945888519287 40.26851272583008
4.966824 0.9991055727005005 0.007461158093065023 -0.04162177816033363 -0.9576859474182129 -0.007436055690050125 0.9999720454216003 0.0007579046068713069 0.08637776225805283 0.04162627458572388 -0.00044772474211640656 0.999133288860321 40.94792938232422
5.073257 0.9991759061813354 0.01213219203054905 -0.03873303160071373 -0.9807780981063843 -0.012011760845780373 0.9999222159385681 0.0033404571004211903 0.09001393616199493 0.03877055644989014 -0.0028724526055157185 0.9992440342903137 41.597633361816406
5.174268 0.9992707371711731 0.01607096567749977 -0.034638866782188416 -1.0141724348068237 -0.015840107575058937 0.9998505115509033 0.006928895600140095 0.08879216015338898 0.03474503755569458 -0.00637515913695097 0.9993759393692017 42.22915267944336
5.277498 0.9993060231208801 0.02135891281068325 -0.030514173209667206 -1.0420931577682495 -0.021118709817528725 0.9997435808181763 0.008172567933797836 0.08401522040367126 0.030680904164910316 -0.007522477302700281 0.9995008707046509 42.83686828613281
5.381142 0.9993654489517212 0.02483971044421196 -0.025522381067276 -1.0564991235733032 -0.02463473379611969 0.9996620416641235 0.008314448408782482 0.09271633625030518 0.025720281526446342 -0.007680437061935663 0.999639630317688 43.44012451171875
5.484644 0.999409019947052 0.028168940916657448 -0.01969604194164276 -1.0736441612243652 -0.027967005968093872 0.9995541572570801 0.010454006493091583 0.09505409002304077 0.019981732591986656 -0.009896989911794662 0.9997513890266418 44.023773193359375
5.588095 0.9993605613708496 0.03321852162480354 -0.01322929933667183 -1.083703875541687 -0.033063530921936035 0.9993839859962463 0.01176760345697403 0.09752631187438965 0.013612050563097 -0.011322669684886932 0.9998432397842407 44.593040466308594
5.691619 0.9993088841438293 0.03673181310296059 -0.005705531686544418 -1.1022557020187378 -0.03666572645306587 0.9992638230323792 0.011284776963293552 0.10181218385696411 0.006115841679275036 -0.011067782528698444 0.9999200105667114 45.155086517333984
5.795223 0.9991876482963562 0.0402710922062397 0.0014754096046090126 -1.100579023361206 -0.04028504341840744 0.9991263151168823 0.011125817894935608 0.10719594359397888 -0.0010260720737278461 -0.011176221072673798 0.9999369978904724 45.67843246459961
5.898736 0.9989674687385559 0.04455295577645302 0.00889301672577858 -1.098022699356079 -0.04464717581868172 0.9989455342292786 0.01069314032793045 0.11156514286994934 -0.0084072295576334 -0.011079147458076477 0.9999033212661743 46.18046188354492
6.002373 0.9986714124679565 0.048860665410757065 0.016371997073292732 -1.0944972038269043 -0.0489928163588047 0.9987689256668091 0.007770084775984287 0.11924868822097778 -0.015972189605236053 -0.008561872877180576 0.9998357892036438 46.654991149902344
6.10587 0.9984036087989807 0.050936345010995865 0.024405462667346 -1.083769679069519 -0.05106900632381439 0.998683512210846 0.004843056667596102 0.11687333881855011 -0.02412664145231247 -0.006081689614802599 0.9996904134750366 47.117584228515625
6.209506 0.9981542825698853 0.05152134597301483 0.032148994505405426 -1.065603256225586 -0.05169535055756569 0.9986523389816284 0.004604436922818422 0.11927315592765808 -0.03186844289302826 -0.006257892120629549 0.999472439289093 47.560951232910156
6.313021 0.9978969693183899 0.0508984737098217 0.04013805836439133 -1.0459206104278564 -0.051188066601753235 0.9986697435379028 0.00621973630040884 0.1160532683134079 -0.03976808488368988 -0.008261244744062424 0.9991748332977295 47.96405792236328
6.416516 0.9974475502967834 0.052748680114746094 0.04812530055642128 -1.024148941040039 -0.05312888324260712 0.9985654950141907 0.006654723547399044 0.12354980409145355 -0.047705236822366714 -0.009194580838084221 0.99881911277771 48.36416244506836
6.524037 0.996849536895752 0.05541159212589264 0.056750427931547165 -1.0008232593536377 -0.055886559188365936 0.9984138607978821 0.006815620698034763 0.1206500381231308 -0.056282736361026764 -0.00996573455631733 0.9983651041984558 48.73102569580078
6.623722 0.9960337281227112 0.06041732430458069 0.06532057374715805 -0.98038649559021 -0.06095906347036362 0.9981201887130737 0.006330680567771196 0.12206953763961792 -0.06481531262397766 -0.010287451557815075 0.9978441596031189 49.06370162963867
6.727294 0.9951683878898621 0.06403208523988724 0.07442956417798996 -0.9617841243743896 -0.06467156857252121 0.9978871941566467 0.00621092738583684 0.12058880925178528 -0.07387460023164749 -0.01099439337849617 0.9972069263458252 49.374568939208984
6.830809 0.9944526553153992 0.06350487470626831 0.0838518813252449 -0.9308023452758789 -0.06430330872535706 0.9979068040847778 0.006853005848824978 0.11798590421676636 -0.08324116468429565 -0.012206940911710262 0.996454656124115 49.664615631103516
6.934429 0.9936133027076721 0.0622018501162529 0.09414632618427277 -0.8850769996643066 -0.06297792494297028 0.9980008602142334 0.00529179023578763 0.11460363864898682 -0.09362895786762238 -0.011187133379280567 0.9955442547798157 49.942665100097656
7.038067 0.9924908876419067 0.060960572212934494 0.106044702231884 -0.851677417755127 -0.06138015165925026 0.9981142282485962 0.0006942992913536727 0.11334383487701416 -0.10580239444971085 -0.007198126055300236 0.9943611025810242 50.21146774291992
7.141701 0.9909198880195618 0.06201909855008125 0.11929666996002197 -0.8107900619506836 -0.062057673931121826 0.9980669021606445 -0.003395110135897994 0.11416330933570862 -0.11927662044763565 -0.004038993269205093 0.9928529858589172 50.4824104309082
7.24533 0.9888229370117188 0.06374133378267288 0.1347825527191162 -0.7672467231750488 -0.06355205178260803 0.997962236404419 -0.005710849072784185 0.11456239223480225 -0.1348719298839569 -0.0029186904430389404 0.990858793258667 50.75422668457031
7.3533 0.9862662553787231 0.06547676771879196 0.15163061022758484 -0.7360239028930664 -0.06514693051576614 0.9978500604629517 -0.007147543132305145 0.11740919947624207 -0.1517726182937622 -0.002828889060765505 0.9884114265441895 51.046382904052734
7.452592 0.9836057424545288 0.06575288623571396 0.1679174304008484 -0.6632575988769531 -0.06527149677276611 0.9978322386741638 -0.008390589617192745 0.1133190393447876 -0.1681051403284073 -0.0027071915101259947 0.9857653379440308 51.288551330566406
7.55658 0.9804227948188782 0.06466352194547653 0.18598315119743347 -0.6009120941162109 -0.06399007141590118 0.9979041218757629 -0.009628099389374256 0.11414104700088501 -0.18621593713760376 -0.0024614681024104357 0.9825056791305542 51.547088623046875
7.663357 0.9766318202018738 0.06391524523496628 0.20519571006298065 -0.5304908752441406 -0.06323021650314331 0.9979498982429504 -0.009900668635964394 0.11037486791610718 -0.20540784299373627 -0.0033052642829716206 0.9786708354949951 51.79557800292969
7.763356 0.9721052646636963 0.0644170418381691 0.2255256175994873 -0.4610595703125 -0.06351852416992188 0.9979172945022583 -0.011245658621191978 0.1079069972038269 -0.22578036785125732 -0.0033930938225239515 0.9741722941398621 52.04545211791992
7.866988 0.9668617248535156 0.06625595688819885 0.2465531826019287 -0.38430213928222656 -0.06491562724113464 0.997798502445221 -0.013569748029112816 0.10977691411972046 -0.246909499168396 -0.002885084133595228 0.9690342545509338 52.28984451293945
7.970621 0.9606614112854004 0.06784360110759735 0.269307941198349 -0.30193519592285156 -0.06611466407775879 0.9976916313171387 -0.015495985746383667 0.10023677349090576 -0.2697376012802124 -0.002918807789683342 0.9629294276237488 52.53520965576172
8.07425 0.9535101652145386 0.06881432980298996 0.2933986186981201 -0.19550704956054688 -0.06685823202133179 0.9976226687431335 -0.0167032890021801 0.09426814317703247 -0.29385051131248474 -0.0036893587093800306 0.9558442234992981 52.789276123046875
8.177962 0.9449751377105713 0.07204370945692062 0.31911084055900574 -0.10050201416015625 -0.07007201761007309 0.9973853826522827 -0.017671052366495132 0.08973056077957153 -0.3195495009422302 -0.005662032403051853 0.9475526809692383 53.05363845825195
8.283921 0.9352346062660217 0.0739946961402893 0.3462095260620117 0.013212203979492188 -0.0719030424952507 0.9972324967384338 -0.018900973722338676 0.0830003023147583 -0.34665003418922424 -0.0072166696190834045 0.9379668235778809 53.30027389526367
8.385961 0.9240092039108276 0.07498444616794586 0.37494608759880066 0.12969017028808594 -0.07265660166740417 0.9971489906311035 -0.02036377415060997 0.0760725736618042 -0.37540408968925476 -0.008425994776189327 0.9268229603767395 53.54229736328125
8.488779 0.9116171002388 0.07245896756649017 0.4046034812927246 0.2715435028076172 -0.06944821029901505 0.9973400235176086 -0.022135350853204727 0.06250262260437012 -0.40513110160827637 -0.007920023053884506 0.9142243266105652 53.776161193847656
8.593446 0.8969178199768066 0.06986017525196075 0.43664389848709106 0.42346954345703125 -0.06544485688209534 0.997538685798645 -0.025168241932988167 0.05818498134613037 -0.43732750415802 -0.006002252921462059 0.8992822766304016 54.0059700012207
8.696029 0.8797398805618286 0.06922020763158798 0.47038960456848145 0.5882072448730469 -0.06280982494354248 0.9975943565368652 -0.029331780970096588 0.04881846904754639 -0.47128838300704956 -0.003740754909813404 0.8819712996482849 54.242027282714844
8.799662 0.8602091073989868 0.07141578197479248 0.5049158930778503 0.7482585906982422 -0.06258609890937805 0.9974446892738342 -0.03445360064506531 0.0365598201751709 -0.5060862302780151 -0.00196341285482049 0.862480640411377 54.45932388305664
8.903911 0.8385600447654724 0.07314039766788483 0.5398774147033691 0.9355068206787109 -0.06179940700531006 0.9973214864730835 -0.039123669266700745 0.029335737228393555 -0.5412929058074951 -0.0005565638421103358 0.8408340215682983 54.6861457824707
9.008027 0.8140437602996826 0.07609431445598602 0.5757972598075867 1.1385040283203125 -0.06291474401950836 0.9970996379852295 -0.04282455891370773 0.018246054649353027 -0.5773859024047852 -0.0013650753535330296 0.816470205783844 54.92475128173828
9.11058 0.7866234183311462 0.08006920665502548 0.6122193336486816 1.3537521362304688 -0.06580298393964767 0.9967802166938782 -0.04581565037369728 0.0052797794342041016 -0.6139165163040161 -0.00424619484692812 0.789359450340271 55.16897964477539
9.214197 0.7568719983100891 0.08416005223989487 0.64812171459198 1.5914497375488281 -0.06928680092096329 0.996418297290802 -0.048474494367837906 -0.013291597366333008 -0.6498799920082092 -0.008217286318540573 0.7599924206733704 55.40674591064453
9.317832 0.72408127784729 0.08506219834089279 0.6844491958618164 1.8575687408447266 -0.06860312819480896 0.9963268637657166 -0.051246341317892075 -0.02682352066040039 -0.6862942576408386 -0.009848847053945065 0.727257251739502 55.64430236816406
9.421456 0.6875047087669373 0.08288813382387161 0.7214338779449463 2.129739761352539 -0.065346859395504 0.9964954257011414 -0.052217356860637665 -0.05354142189025879 -0.7232337594032288 -0.011243761517107487 0.6905117630958557 55.85698699951172
9.525112 0.6482111215591431 0.08183305710554123 0.7570506930351257 2.4392662048339844 -0.06263433396816254 0.9965694546699524 -0.054094210267066956 -0.07104110717773438 -0.7588803172111511 -0.012352894060313702 0.651112973690033 56.08717346191406
9.630085 0.6060653328895569 0.08131363242864609 0.7912476062774658 2.7820587158203125 -0.06058765947818756 0.9965903162956238 -0.05600813031196594 -0.09109902381896973 -0.7931039929389954 -0.013995261862874031 0.6089254021644592 56.30436325073242
9.732384 0.5600806474685669 0.08117043226957321 0.8244519233703613 3.1464614868164062 -0.05727551877498627 0.9966010451316833 -0.05920978635549545 -0.11255979537963867 -0.82645583152771 -0.014058666303753853 0.5628259778022766 56.51500701904297
9.836009 0.5119011402130127 0.08006748557090759 0.8553048372268677 3.549318313598633 -0.0536460317671299 0.9966831207275391 -0.06119507551193237 -0.1334308385848999 -0.8573675751686096 -0.014557876624166965 0.5144985914230347 56.730777740478516
9.939685 0.4635550081729889 0.07826822996139526 0.8826045393943787 3.966775894165039 -0.05153768137097359 0.99678635597229 -0.06132547929883003 -0.15520083904266357 -0.8845679759979248 -0.017059655860066414 0.4660990834236145 56.913238525390625
10.0439 0.41397497057914734 0.07622881978750229 0.9070909023284912 4.395284652709961 -0.05128099396824837 0.9968580007553101 -0.0603690966963768 -0.176832914352417 -0.9088426232337952 -0.02152523770928383 0.4165832996368408 57.080345153808594
10.14677 0.36365893483161926 0.07631807774305344 0.9284006357192993 4.864665985107422 -0.05460190773010254 0.996671199798584 -0.06054234504699707 -0.19882357120513916 -0.929930567741394 -0.028675680980086327 0.3666154742240906 57.24746322631836
10.25036 0.31421393156051636 0.0767335519194603 0.9462460279464722 5.333398818969727 -0.05248206481337547 0.9966078996658325 -0.06339013576507568 -0.22084712982177734 -0.9479004740715027 -0.029742879793047905 0.3171752691268921 57.37845993041992
10.35367 0.26738473773002625 0.07331236451864243 0.9607968330383301 5.831327438354492 -0.041388168931007385 0.9970550537109375 -0.06456087529659271 -0.25424110889434814 -0.9627005457878113 -0.02250303141772747 0.26963162422180176 57.474334716796875
10.45717 0.22330427169799805 0.06741222739219666 0.9724149107933044 6.347423553466797 -0.027968110516667366 0.9976380467414856 -0.06273824721574783 -0.2884421944618225 -0.9743474721908569 -0.01318688876926899 0.22466224431991577 57.551841735839844
10.56299 0.18121284246444702 0.06647313386201859 0.9811947345733643 6.87457275390625 -0.018910400569438934 0.9977640509605408 -0.06410317122936249 -0.3146780729293823 -0.9832620024681091 -0.006938467267900705 0.1820647269487381 57.61359405517578
10.66453 0.14279106259346008 0.06796664744615555 0.9874165058135986 7.414773941040039 -0.01568698137998581 0.997669517993927 -0.06640388816595078 -0.3422558307647705 -0.9896285533905029 -0.00600770115852356 0.14352452754974365 57.66868209838867
10.76705 0.11035484075546265 0.06850814819335938 0.991528332233429 7.955227375030518 -0.006713537499308586 0.997650146484375 -0.06818392872810364 -0.3777390122413635 -0.9938696026802063 0.0008677640580572188 0.11055546253919601 57.694801330566406
10.87022 0.08165628463029861 0.06681513786315918 0.9944184422492981 8.525382995605469 0.0004419789183884859 0.9977477788925171 -0.06707513332366943 -0.4142092764377594 -0.9966604709625244 0.00591661874204874 0.08144286274909973 57.71256637573242
10.97342 0.05640571191906929 0.06522925198078156 0.9962748289108276 9.107787132263184 0.00792738702148199 0.9978027939796448 -0.06577811390161514 -0.44564464688301086 -0.9983764886856079 0.011608116328716278 0.05576469749212265 57.73197555541992
11.0772 0.03653336688876152 0.06439077854156494 0.997255802154541 9.697242736816406 0.012415925040841103 0.9978156685829163 -0.06488177925348282 -0.47607117891311646 -0.9992552995681763 0.014752202667295933 0.03565409407019615 57.73834991455078
11.18019 0.02077675238251686 0.06588103622198105 0.9976111650466919 10.295055389404297 0.014817840419709682 0.997696578502655 -0.0661952793598175 -0.5114614963531494 -0.999674379825592 0.016157766804099083 0.01975267380475998 57.739463806152344
11.28415 0.007767658680677414 0.06580972671508789 0.9978019595146179 10.905492782592773 0.015774846076965332 0.9976997375488281 -0.06592579931020737 -0.5433117151260376 -0.9998454451560974 0.016252262517809868 0.006711652502417564 57.73155212402344
11.3859 -0.003978736698627472 0.06662972271442413 0.9977697730064392 11.523340225219727 0.016577957198023796 0.9976449608802795 -0.06655527651309967 -0.5790448188781738 -0.9998546242713928 0.016276178881525993 -0.005073957145214081 57.724639892578125
11.48898 -0.013105015270411968 0.06955426186323166 0.9974921941757202 12.177411079406738 0.02157698944211006 0.9973650574684143 -0.06926193088293076 -0.6204090714454651 -0.999681293964386 0.020615195855498314 -0.014571258798241615 57.70612716674805
11.59255 -0.019449535757303238 0.07150180637836456 0.9972508549690247 12.817660331726074 0.02616685815155506 0.9971341490745544 -0.07098311930894852 -0.654935359954834 -0.9994683265686035 0.024714333936572075 -0.021264778450131416 57.68217086791992
11.69527 -0.02417176589369774 0.0707637220621109 0.9972001910209656 13.474044799804688 0.02637929655611515 0.997189462184906 -0.07012353092432022 -0.6938176155090332 -0.999359667301178 0.024610433727502823 -0.025970526039600372 57.66492462158203
11.79949 -0.027452418580651283 0.06819994747638702 0.9972938895225525 14.1382417678833 0.02441057562828064 0.9974181652069092 -0.06753648817539215 -0.7331801056861877 -0.9993250966072083 0.022490477189421654 -0.02904633805155754 57.640892028808594
11.90171 -0.030353713780641556 0.061499521136283875 0.9976454377174377 14.84230899810791 0.022073909640312195 0.9979031085968018 -0.060843802988529205 -0.7653297185897827 -0.9992954730987549 0.020175103098154068 -0.03164760395884514 57.636173248291016
12.00482 -0.031606487929821014 0.05601929873228073 0.9979292750358582 15.533050537109375 0.02341315522789955 0.9981955885887146 -0.055292703211307526 -0.7967014908790588 -0.9992260932922363 0.021617062389850616 -0.03286105394363403 57.6128044128418
12.108 -0.031850822269916534 0.05340634286403656 0.9980646967887878 16.235050201416016 0.026196032762527466 0.9982730150222778 -0.05258149653673172 -0.8330135345458984 -0.9991493225097656 0.024470577016472816 -0.033194851130247116 57.577877044677734
12.21119 -0.03144708275794983 0.05549651011824608 0.9979634881019592 16.94092559814453 0.029179221019148827 0.9980827569961548 -0.05458366498351097 -0.8708981275558472 -0.9990794658660889 0.027403302490711212 -0.03300613537430763 57.54931640625
12.3145 -0.030601302161812782 0.06307234615087509 0.9975396990776062 17.680734634399414 0.030050761997699738 0.9976139664649963 -0.06215517967939377 -0.9057430624961853 -0.9990798234939575 0.028074802830815315 -0.03242366015911102 57.52422332763672
12.41765 -0.028523575514554977 0.07107355445623398 0.9970631003379822 18.404685974121094 0.030815916135907173 0.9970574378967285 -0.07019157707691193 -0.939266562461853 -0.9991179704666138 0.028723303228616714 -0.030629843473434448 57.505165100097656
12.52105 -0.026131847873330116 0.07163084298372269 0.9970888495445251 19.144079208374023 0.031598690897226334 0.9969901442527771 -0.07079561799764633 -0.9804322719573975 -0.9991589188575745 0.029656680300831795 -0.028316641226410866 57.481651306152344
12.62455 -0.024204740300774574 0.06765701621770859 0.9974150061607361 19.892751693725586 0.030926696956157684 0.9972803592681885 -0.06689737737178802 -1.0174164772033691 -0.9992284774780273 0.029227519407868385 -0.026231318712234497 57.47220230102539
12.72743 -0.021408822387456894 0.060703545808792114 0.9979262351989746 20.664093017578125 0.030558723956346512 0.9977282285690308 -0.06003592535853386 -1.0749602317810059 -0.9993036985397339 0.029210051521658897 -0.02321520633995533 57.45014190673828
12.83073 -0.019032198935747147 0.05913683772087097 0.9980683922767639 21.446006774902344 0.028521418571472168 0.9978750944137573 -0.05858151987195015 -1.1244678497314453 -0.9994120001792908 0.027351392433047295 -0.020678427070379257 57.45119094848633
12.93413 -0.015640651807188988 0.06460651010274887 0.9977882504463196 22.191102981567383 0.036233168095350266 0.997291624546051 -0.06400637328624725 -1.1666594743728638 -0.9992209672927856 0.035151924937963486 -0.017939185723662376 57.431243896484375
13.03771 -0.012198654934763908 0.06995118409395218 0.997475802898407 22.929790496826172 0.0379924476146698 0.9968622326850891 -0.06944353133440018 -1.2101738452911377 -0.9992035627365112 0.03704942762851715 -0.014817992225289345 57.41554260253906
13.14165 -0.009990963153541088 0.07074429094791412 0.9974443912506104 23.682565689086914 0.031743116676807404 0.9970139861106873 -0.0703958123922348 -1.2527269124984741 -0.9994461536407471 0.030958671122789383 -0.01220677513629198 57.41963195800781
13.24421 -0.006565874442458153 0.06741128861904144 0.9977037310600281 24.43790626525879 0.027867499738931656 0.9973499178886414 -0.06720399856567383 -1.2929375171661377 -0.9995900392532349 0.02736225537955761 -0.008427059277892113 57.417724609375
13.34803 -0.0019116136245429516 0.06361019611358643 0.9979729652404785 25.254186630249023 0.03153999149799347 0.9974821209907532 -0.0635184794664383 -1.3570612668991089 -0.9995006918907166 0.031354643404483795 -0.003913065884262323 57.42002487182617
13.45277 0.0019272525096312165 0.0647626593708992 0.9978988170623779 26.014766693115234 0.036006662994623184 0.9972490668296814 -0.0647900328040123 -1.4036625623703003 -0.9993497729301453 0.036055874079465866 -0.0004099360667169094 57.41067886352539
13.55488 0.004533082712441683 0.06944460421800613 0.9975754618644714 26.77322006225586 0.03533473610877991 0.9969516396522522 -0.06956173479557037 -1.4484848976135254 -0.9993652701377869 0.035564396530389786 0.002065458334982395 57.42031478881836
13.65796 0.0082110445946455 0.06995202600955963 0.9975165724754333 27.54778289794922 0.03171439841389656 0.9970301389694214 -0.07017896324396133 -1.4989324808120728 -0.9994632601737976 0.03221187740564346 0.0059681725688278675 57.43693542480469
13.76127 0.011235377751290798 0.06962691247463226 0.9975098371505737 28.324432373046875 0.03103649616241455 0.9970678687095642 -0.06994565576314926 -1.5417381525039673 -0.9994550943374634 0.031745076179504395 0.009041458368301392 57.46199035644531
13.86467 0.015239406377077103 0.06672351062297821 0.9976550936698914 29.086700439453125 0.03497268259525299 0.9971249103546143 -0.06722226738929749 -1.586745262145996 -0.9992721080780029 0.03591510280966759 0.01286209188401699 57.467796325683594
13.96817 0.018541404977440834 0.06688156723976135 0.9975886344909668 29.854673385620117 0.03946540877223015 0.9969335794448853 -0.06757114827632904 -1.6429791450500488 -0.9990488886833191 0.04062310978770256 0.01584504172205925 57.481685638427734
14.07164 0.022186506539583206 0.06780786067247391 0.997451663017273 30.6136531829834 0.042624782770872116 0.9967259168624878 -0.06870662420988083 -1.693631649017334 -0.9988447427749634 0.04404051601886749 0.019223570823669434 57.48942184448242
14.17505 0.024668049067258835 0.06744406372308731 0.9974179863929749 31.404903411865234 0.04301103204488754 0.9967262148857117 -0.06846100091934204 -1.7478916645050049 -0.998769998550415 0.044588785618543625 0.021686449646949768 57.51547622680664
14.2786 0.028282534331083298 0.06603503972291946 0.9974163174629211 32.1673583984375 0.04441944137215614 0.9967468976974487 -0.06725025177001953 -1.7935402393341064 -0.9986124634742737 0.04620668292045593 0.02525728940963745 57.53181076049805
14.38212 0.03252023831009865 0.06517507135868073 0.9973437786102295 32.93681335449219 0.046479858458042145 0.9966934323310852 -0.06664812564849854 -1.8403761386871338 -0.9983897805213928 0.048523806035518646 0.029383378103375435 57.5455207824707
14.4855 0.034252144396305084 0.06482145935297012 0.9973088502883911 33.7237434387207 0.044436682015657425 0.9968087673187256 -0.06631510704755783 -1.9028339385986328 -0.9984248876571655 0.046588536351919174 0.031262386590242386 57.596923828125
14.58897 0.03774581104516983 0.06677454710006714 0.9970539212226868 34.50938034057617 0.04183156043291092 0.9967846870422363 -0.06834015995264053 -1.9473915100097656 -0.9984114170074463 0.04428786784410477 0.03483116626739502 57.6274528503418
14.69245 0.04061891883611679 0.06722558289766312 0.9969106316566467 35.29460525512695 0.04353373125195503 0.9966675043106079 -0.06898295879364014 -1.9919564723968506 -0.9982258677482605 0.046201255172491074 0.0375569686293602 57.66230392456055
14.79597 0.04305407404899597 0.06675177812576294 0.996840238571167 36.06660079956055 0.041163813322782516 0.9967997670173645 -0.06852694600820541 -2.0399911403656006 -0.9982243180274963 0.043984122574329376 0.040168531239032745 57.701202392578125
14.89949 0.04582642391324043 0.06745381653308868 0.9966694116592407 36.842384338378906 0.03973041847348213 0.9968051314353943 -0.06928978860378265 -2.0838193893432617 -0.9981590509414673 0.042773399502038956 0.04300003871321678 57.735565185546875
15.00287 0.04836162179708481 0.06688720732927322 0.9965878129005432 37.61989974975586 0.036751773208379745 0.996960461139679 -0.06869568675756454 -2.1426947116851807 -0.998153567314148 0.03994860500097275 0.045756399631500244 57.7872314453125
15.1064 0.051612868905067444 0.06916709989309311 0.9962690472602844 38.39347457885742 0.03511359170079231 0.9968562126159668 -0.07102695107460022 -2.189689874649048 -0.9980497360229492 0.038648493587970734 0.04902190342545509 57.82958221435547
15.20987 0.05472680181264877 0.07280857861042023 0.9958432912826538 39.18029022216797 0.034063056111335754 0.9966213703155518 -0.07473739981651306 -2.238884925842285 -0.9979201555252075 0.03801161050796509 0.052061811089515686 57.878875732421875
15.31336 0.058276738971471786 0.07525008171796799 0.9954603314399719 40.021461486816406 0.034339312463998795 0.9964138269424438 -0.07733246684074402 -2.2924282550811768 -0.9977096915245056 0.03869010508060455 0.05548372119665146 57.93777847290039
15.41675 0.06175687909126282 0.07763814926147461 0.9950671195983887 40.811100006103516 0.028281452134251595 0.9964336156845093 -0.07950000464916229 -2.3416824340820312 -0.9976904988288879 0.03305160999298096 0.05934091657400131 57.985042572021484
15.52022 0.06446518748998642 0.07650459557771683 0.9949830174446106 41.605098724365234 0.024174151942133904 0.9966447353363037 -0.07819859683513641 -2.402202606201172 -0.9976271390914917 0.02909396030008793 0.06239945814013481 58.03962326049805
15.62392 0.06778044253587723 0.07678148150444031 0.9947414398193359 42.4028434753418 0.026990337297320366 0.9965282678604126 -0.07875849306583405 -2.4627041816711426 -0.9973351955413818 0.032186683267354965 0.06547277420759201 58.1010856628418
15.7272 0.07149657607078552 0.07831110805273056 0.994361937046051 43.21553039550781 0.026319917291402817 0.9964179396629333 -0.08036547899246216 -2.5233421325683594 -0.9970936179161072 0.031917374581098557 0.06917930394411087 58.16715621948242
15.83062 0.07536564767360687 0.07923850417137146 0.9940026998519897 44.018096923828125 0.022602152079343796 0.996445894241333 -0.0811469629406929 -2.577493667602539 -0.9968997836112976 0.028582295402884483 0.07330682873725891 58.233192443847656
15.93425 0.07935085892677307 0.07759835571050644 0.9938217997550964 44.83195114135742 0.021202770993113518 0.9966086745262146 -0.07950885593891144 -2.6317696571350098 -0.9966211915016174 0.02738087624311447 0.07743643969297409 58.3071174621582
16.03941 0.08430902659893036 0.07687479257583618 0.9934698939323425 45.653778076171875 0.02191060408949852 0.9966354370117188 -0.07897914946079254 -2.7015976905822754 -0.9961986541748047 0.02842617779970169 0.08234099298715591 58.37257385253906
16.14091 0.08934290707111359 0.08084269613027573 0.9927147626876831 46.48902130126953 0.01869417168200016 0.9963887333869934 -0.08282437175512314 -2.7612547874450684 -0.9958255887031555 0.025957750156521797 0.08750896900892258 58.453948974609375
16.2443 0.09541325271129608 0.08949841558933258 0.9914063215255737 47.29966354370117 0.016604097560048103 0.9956682324409485 -0.09148115664720535 -2.8229312896728516 -0.995299220085144 0.025189919397234917 0.09351390600204468 58.535213470458984
16.34828 0.10290603339672089 0.09415940940380096 0.9902244210243225 48.12738800048828 0.014870492741465569 0.9952525496482849 -0.09618289768695831 -2.8921847343444824 -0.9945799708366394 0.024622926488518715 0.1010173037648201 58.628238677978516
16.45345 0.10969722270965576 0.0972333624958992 0.9891977310180664 48.93582534790039 0.010822929441928864 0.9950278997421265 -0.09900665283203125 -2.958019256591797 -0.9939060807228088 0.02156677655875683 0.10809946060180664 58.72908020019531
16.55445 0.11673703789710999 0.09551595151424408 0.9885590672492981 49.77375411987305 0.006873209960758686 0.9952629804611206 -0.09697534888982773 -3.0391485691070557 -0.9931390881538391 0.01811518892645836 0.11552755534648895 58.8351936340332
