1305031453.359684 1.0 0.0 0.0 0.0 0.0 1.0 0.0 0.0 0.0 0.0 1.0 0.0
1305031453.39169 0.999634861946106 -0.024042366072535515 0.012334135361015797 0.002164709847420454 0.02402840368449688 0.9997104406356812 0.0012789943721145391 0.0045020668767392635 -0.0123613141477108 -0.000982157769612968 0.9999231100082397 -0.009477103129029274
1305031453.423683 0.9989034533500671 -0.042645059525966644 0.019319334998726845 0.007685915566980839 0.04266032949090004 0.9990895390510559 -0.0003786831221077591 0.0065683419816195965 -0.019285596907138824 0.0012024370953440666 0.9998133182525635 -0.01782931014895439
1305031453.459685 0.9976048469543457 -0.060445141047239304 0.033629223704338074 0.010296916589140892 0.06073379144072533 0.9981248378753662 -0.007627855055034161 0.011039282195270061 -0.03310510516166687 0.009652015753090382 0.9994052648544312 -0.02744344063103199
1305031453.491698 0.9956347346305847 -0.08130121976137161 0.04584124684333801 0.014378983527421951 0.08212341368198395 0.9964882731437683 -0.01634395495057106 0.017165247350931168 -0.04435146227478981 0.020037250593304634 0.99881511926651 -0.03831159323453903
1305031453.523684 0.9935073256492615 -0.09894761443138123 0.05614881217479706 0.015275878831744194 0.1007029116153717 0.9944838881492615 -0.029337134212255478 0.022826431319117546 -0.05293625220656395 0.03480100259184837 0.9979913830757141 -0.0510394312441349
1305031453.559753 0.9916840195655823 -0.11150477826595306 0.0642615258693695 0.014136793091893196 0.1143844947218895 0.9925048351287842 -0.04301537573337555 0.02877836860716343 -0.0589834563434124 0.05000818148255348 0.9970054626464844 -0.06613413989543915
1305031453.59164 0.9901420474052429 -0.1190415546298027 0.07380932569503784 0.010293358936905861 0.12341537326574326 0.9906689524650574 -0.0578242689371109 0.036026060581207275 -0.06623711436986923 0.06636344641447067 0.9955945014953613 -0.08072404563426971
1305031453.627706 0.9890651702880859 -0.1266658902168274 0.07553640753030777 0.00819275714457035 0.13193990290164948 0.988820493221283 -0.06946799159049988 0.04064621031284332 -0.06589273363351822 0.07867464423179626 0.9947202801704407 -0.09935444593429565
1305031453.6596 0.98966383934021 -0.12291049212217331 0.07388186454772949 -0.0029411916621029377 0.12911175191402435 0.9878925681114197 -0.08601395785808563 0.048763491213321686 -0.062415335327386856 0.09466391801834106 0.993550717830658 -0.1140645295381546
1305031453.691678 0.9914023280143738 -0.1117071583867073 0.0681394711136818 -0.013899233192205429 0.1182594895362854 0.9878100156784058 -0.10122339427471161 0.05831093341112137 -0.05600147694349289 0.10841123759746552 0.992527425289154 -0.1290188729763031
1305031453.727652 0.9929502010345459 -0.10248789936304092 0.05955009162425995 -0.022873617708683014 0.10865149646997452 0.9877894520759583 -0.1116546168923378 0.06815122067928314 -0.04737969860434532 0.1173376739025116 0.9919612407684326 -0.1440485566854477
1305031453.759694 0.9948598146438599 -0.08539646118879318 0.05441739782691002 -0.048730768263339996 0.09145409613847733 0.9884555339813232 -0.12079651653766632 0.073139488697052 -0.04347357526421547 0.12515230476856232 0.9911845326423645 -0.15301336348056793
1305031453.791716 0.9970501065254211 -0.07040565460920334 0.03056350350379944 -0.04914875328540802 0.073859304189682 0.9884216785430908 -0.13254274427890778 0.0845668837428093 -0.020877866074442863 0.13440915942192078 0.9907059073448181 -0.16781260073184967
1305031453.827773 0.9981135129928589 -0.05911768600344658 0.016572002321481705 -0.05962419509887695 0.060838986188173294 0.9886323809623718 -0.13749390840530396 0.09057144820690155 -0.008255299180746078 0.13824273645877838 0.9903639554977417 -0.1803940236568451
1305031453.859705 0.9991012811660767 -0.0423482209444046 0.001805660082027316 -0.08849232643842697 0.0421617217361927 0.988513171672821 -0.14513495564460754 0.10339654237031937 0.004361287225037813 0.14508064091205597 0.9894102215766907 -0.18909776210784912
1305031453.89171 0.9991989731788635 -0.029286149889230728 -0.027271779254078865 -0.10299760103225708 0.025000616908073425 0.988964855670929 -0.14602573215961456 0.11209520697593689 0.031247364357113838 0.14522691071033478 0.9889047741889954 -0.19927893579006195
1305031453.927723 0.9972617626190186 -0.022116314619779587 -0.070567786693573 -0.10764680057764053 0.01212830189615488 0.9902258515357971 -0.13894514739513397 0.11499149352312088 0.07295100390911102 0.13770881295204163 0.9877825975418091 -0.20333701372146606
1305031453.959641 0.9942783117294312 -0.009541009552776814 -0.10639370232820511 -0.11435428261756897 -0.004755917936563492 0.9910616278648376 -0.13332024216651917 0.1180945485830307 0.10671470314264297 0.1330634355545044 0.9853456616401672 -0.21162812411785126
1305031453.991624 0.9915030598640442 0.013850291259586811 -0.12934431433677673 -0.12566889822483063 -0.030461210757493973 0.9913906455039978 -0.12734487652778625 0.11960656940937042 0.12646694481372833 0.13020282983779907 0.9833887219429016 -0.21873174607753754
1305031454.027662 0.9871907234191895 0.029948759824037552 -0.15670844912528992 -0.13603901863098145 -0.05044625326991081 0.9904247522354126 -0.1285066455602646 0.1192362830042839 0.15135928988456726 0.13476596772670746 0.9792490601539612 -0.2204473316669464
1305031454.059654 0.9824544191360474 0.052850157022476196 -0.1788581907749176 -0.14850348234176636 -0.07637520879507065 0.9889180064201355 -0.12731143832206726 0.12386995553970337 0.17014764249324799 0.1387380212545395 0.9756032228469849 -0.2287667989730835
1305031454.091651 0.9764739274978638 0.07919991761445999 -0.2005642205476761 -0.16480226814746857 -0.10542555153369904 0.9867109060287476 -0.12364064902067184 0.1256377249956131 0.18810656666755676 0.1418764740228653 0.9718471765518188 -0.232270747423172
1305031454.127701 0.968447208404541 0.10583758354187012 -0.22562909126281738 -0.18364618718624115 -0.13668888807296753 0.9825958013534546 -0.125783309340477 0.12878656387329102 0.20838961005210876 0.1526554822921753 0.9660589694976807 -0.23550820350646973
1305031454.159672 0.9586701393127441 0.12714791297912598 -0.25452879071235657 -0.19855840504169464 -0.16306746006011963 0.9786232113838196 -0.12532179057598114 0.13833308219909668 0.23315337300300598 0.16164761781692505 0.9589106440544128 -0.23354299366474152
1305031454.191658 0.9460161328315735 0.15499818325042725 -0.2846560478210449 -0.21051672101020813 -0.19373326003551483 0.974498987197876 -0.11322170495986938 0.14083369076251984 0.25984787940979004 0.16225691139698029 0.9519200325012207 -0.24512606859207153
1305031454.227671 0.929219663143158 0.186997190117836 -0.31872057914733887 -0.22212456166744232 -0.22963696718215942 0.9679603576660156 -0.10158530622720718 0.13101111352443695 0.28951266407966614 0.167585089802742 0.9423893094062805 -0.24487796425819397
1305031454.259627 0.9115503430366516 0.21267956495285034 -0.3519138693809509 -0.22086891531944275 -0.26440513134002686 0.9586197733879089 -0.10553658753633499 0.137961283326149 0.31490612030029297 0.18924972414970398 0.9300637245178223 -0.24486097693443298
1305031454.291639 0.8998902440071106 0.23435541987419128 -0.36779749393463135 -0.22831876575946808 -0.2881736159324646 0.9525367021560669 -0.09813141077756882 0.14532344043254852 0.32734304666519165 0.19429703056812286 0.9247135519981384 -0.2439112812280655
1305031454.327699 0.8875188231468201 0.266309916973114 -0.37601780891418457 -0.2580866515636444 -0.3201054334640503 0.9433379769325256 -0.08744091540575027 0.13990162312984467 0.33142539858818054 0.19797083735466003 0.9224774837493896 -0.24858570098876953
1305031454.359636 0.8694868683815002 0.28718283772468567 -0.4018937647342682 -0.2600362002849579 -0.34975922107696533 0.9324700832366943 -0.09037619829177856 0.14438171684741974 0.3487994074821472 0.21914701163768768 0.9112154245376587 -0.2478523999452591
1305031454.391677 0.8570761680603027 0.3050236999988556 -0.4151880443096161 -0.27091020345687866 -0.37188947200775146 0.9240147471427917 -0.08885417133569717 0.15436413884162903 0.35653722286224365 0.2305588722229004 0.9053859710693359 -0.2521294355392456
1305031454.427465 0.8363070487976074 0.3311694264411926 -0.4369409680366516 -0.28511589765548706 -0.40304577350616455 0.9116343855857849 -0.08047901093959808 0.15857499837875366 0.3716781735420227 0.24341237545013428 0.8958825469017029 -0.25301405787467957
1305031454.459913 0.8122072815895081 0.3568485975265503 -0.4614958167076111 -0.2804413139820099 -0.43472832441329956 0.8977658748626709 -0.07090628147125244 0.1595371663570404 0.3890123963356018 0.25821587443351746 0.8843041658401489 -0.2541874945163727
1305031454.491617 0.7944149374961853 0.38325896859169006 -0.47118717432022095 -0.28589165210723877 -0.4644729197025299 0.8832213282585144 -0.06469130516052246 0.16552488505840302 0.3913690447807312 0.27024540305137634 0.8796576857566833 -0.25651314854621887
1305031454.5277 0.7741780877113342 0.408701628446579 -0.483333557844162 -0.2897544801235199 -0.49293333292007446 0.8683064579963684 -0.055323947221040726 0.17455311119556427 0.39707067608833313 0.28108179569244385 0.8736863732337952 -0.2562992572784424
1305031454.559575 0.7568827271461487 0.43037843704223633 -0.4918363094329834 -0.29595059156417847 -0.5142830014228821 0.8565981388092041 -0.041864629834890366 0.18473297357559204 0.40328845381736755 0.2846296429634094 0.8696805834770203 -0.2591298520565033
1305031454.591635 0.7284536361694336 0.46260350942611694 -0.5053248405456543 -0.3036271035671234 -0.5468955039978027 0.8369057178497314 -0.022227954119443893 0.19105127453804016 0.41262656450271606 0.29255184531211853 0.8626428842544556 -0.26888489723205566
1305031454.62758 0.701252281665802 0.4766727685928345 -0.5301209688186646 -0.3026893436908722 -0.5654103755950928 0.824785590171814 -0.006305032409727573 0.20056293904781342 0.4342307150363922 0.3041572868824005 0.8478986024856567 -0.26466691493988037
1305031454.659528 0.6806187629699707 0.48708412051200867 -0.5472723841667175 -0.30184754729270935 -0.5746688842773438 0.8182731866836548 0.013590244576334953 0.21090340614318848 0.4544380009174347 0.3052506148815155 0.8368442058563232 -0.2677508294582367
1305031454.691884 0.6561557054519653 0.4976906478404999 -0.5672422051429749 -0.30227598547935486 -0.581731379032135 0.8124029636383057 0.03987538442015648 0.2164122313261032 0.4806748628616333 0.3038181662559509 0.8225851655006409 -0.26687273383140564
1305031454.727659 0.6301172375679016 0.5027972459793091 -0.5917323231697083 -0.2935255169868469 -0.5848473310470581 0.8085925579071045 0.06427868455648422 0.21493157744407654 0.5107894539833069 0.30556991696357727 0.8035677671432495 -0.25933241844177246
1305031454.759732 0.6245239973068237 0.4998816251754761 -0.6000733971595764 -0.28576862812042236 -0.5748351812362671 0.8143379092216492 0.08011390268802643 0.2162708044052124 0.5287100672721863 0.2949102520942688 0.7959231734275818 -0.25882259011268616
1305031454.791641 0.6360043287277222 0.4857640266418457 -0.5996096730232239 -0.2822212874889374 -0.5562735199928284 0.8271344304084778 0.08005178719758987 0.22792509198188782 0.534844160079956 0.2826336920261383 0.7962788343429565 -0.26253968477249146
1305031454.82757 0.6405473351478577 0.4767429232597351 -0.6020092964172363 -0.27419033646583557 -0.5423252582550049 0.8358681797981262 0.08489775657653809 0.2354000061750412 0.5436749458312988 0.272103875875473 0.7939630150794983 -0.2594187557697296
1305031454.85962 0.6518122553825378 0.4702923595905304 -0.5949503779411316 -0.2689920961856842 -0.5274756550788879 0.8447998762130737 0.08990299701690674 0.2405247837305069 0.5448947548866272 0.25522202253341675 0.7987186908721924 -0.25970906019210815
1305031454.891764 0.6660770773887634 0.4613528251647949 -0.5860841870307922 -0.26541078090667725 -0.5138424038887024 0.8533810377120972 0.08778782188892365 0.24971584975719452 0.5406543016433716 0.24268153309822083 0.8054803013801575 -0.2602579593658447
1305031454.927567 0.6800233125686646 0.45556768774986267 -0.5744792819023132 -0.2650511562824249 -0.5020084977149963 0.8603695034980774 0.08804335445165634 0.25746139883995056 0.5343742370605469 0.22852195799350739 0.8137701749801636 -0.2621079683303833
1305031454.959648 0.6941090226173401 0.44854825735092163 -0.5630428194999695 -0.26583462953567505 -0.4891781210899353 0.8677114844322205 0.08821266889572144 0.2659704387187958 0.5281263589859009 0.21419906616210938 0.8217064142227173 -0.266049861907959
1305031454.991937 0.7057256102561951 0.4420432448387146 -0.5536688566207886 -0.27046695351600647 -0.4789004623889923 0.873546838760376 0.08700714260339737 0.27467185258865356 0.5221165418624878 0.2037491649389267 0.828179121017456 -0.27429232001304626
1305031455.027799 0.7099291086196899 0.43592652678489685 -0.5531443953514099 -0.27094724774360657 -0.47401899099349976 0.8766416311264038 0.08249466121196747 0.2888672947883606 0.5208710432052612 0.20363560318946838 0.8289909362792969 -0.27728545665740967
1305031455.059636 0.7159194946289062 0.43507954478263855 -0.5460450649261475 -0.2754131257534027 -0.4711346924304962 0.8782359957695007 0.08205912262201309 0.29574620723724365 0.5152586102485657 0.19851309061050415 0.8337273001670837 -0.28200989961624146
1305031455.0917 0.722057044506073 0.4323786497116089 -0.5400762557983398 -0.2808581292629242 -0.4710366725921631 0.8790068626403809 0.07396815717220306 0.3060843348503113 0.5067130327224731 0.20098654925823212 0.8383592963218689 -0.2876623272895813
1305031455.127695 0.7290582656860352 0.42895734310150146 -0.5333570241928101 -0.2856696844100952 -0.4698029160499573 0.8803144097328186 0.06581629812717438 0.3195034861564636 0.49775421619415283 0.20258882641792297 0.8433259129524231 -0.29116684198379517
1305031455.15972 0.7390668988227844 0.4251876473426819 -0.5224897861480713 -0.2954464554786682 -0.4636406898498535 0.8837555646896362 0.06335140764713287 0.3283408582210541 0.48868948221206665 0.19542662799358368 0.8502888679504395 -0.29981082677841187
1305031455.191655 0.7487709522247314 0.4178699851036072 -0.5145160555839539 -0.305674284696579 -0.4515343904495239 0.8898403644561768 0.06557950377464294 0.337091326713562 0.4852408170700073 0.18321773409843445 0.854969322681427 -0.30245327949523926
1305031455.227581 0.7576401233673096 0.4083208739757538 -0.5091714262962341 -0.3148401379585266 -0.44182252883911133 0.8950695991516113 0.060359250754117966 0.34562087059020996 0.48038986325263977 0.17923280596733093 0.8585460782051086 -0.30616670846939087
1305031455.259631 0.7705212235450745 0.3942839503288269 -0.5008365511894226 -0.32303884625434875 -0.42919057607650757 0.9018464684486389 0.0496830940246582 0.36792975664138794 0.4712669253349304 0.17667248845100403 0.8641147613525391 -0.30870944261550903
1305031455.291831 0.7853581309318542 0.3847656846046448 -0.48494115471839905 -0.33735477924346924 -0.4088838994503021 0.9105917811393738 0.06030461937189102 0.3711017668247223 0.4647866189479828 0.1509239375591278 0.8724650144577026 -0.31401535868644714
1305031455.327766 0.7986463904380798 0.36821117997169495 -0.47600895166397095 -0.3504572808742523 -0.3880617916584015 0.9196586012840271 0.06030230224132538 0.38407617807388306 0.4599696397781372 0.13656072318553925 0.8773705363273621 -0.3224834203720093
1305031455.35963 0.8045564889907837 0.35962021350860596 -0.47261226177215576 -0.35528498888015747 -0.37174689769744873 0.9255808591842651 0.07144586741924286 0.39337798953056335 0.46313416957855225 0.11820991337299347 0.8783696293830872 -0.3231589198112488
1305031455.391665 0.8175581097602844 0.35273438692092896 -0.455167293548584 -0.36708641052246094 -0.35251134634017944 0.9315878748893738 0.08876869827508926 0.3918955624103546 0.45534008741378784 0.08787807822227478 0.8859699964523315 -0.32653647661209106
1305031455.427642 0.8334607481956482 0.3382151126861572 -0.4369826316833496 -0.38254570960998535 -0.3312912881374359 0.9387632608413696 0.09470783174037933 0.39695122838020325 0.4422549605369568 0.06583329290151596 0.8944700360298157 -0.335457980632782
1305031455.459589 0.8442744016647339 0.3263202905654907 -0.4251067638397217 -0.39879110455513 -0.3136812746524811 0.9440659284591675 0.10170339792966843 0.39560985565185547 0.43451669812202454 0.04748246818780899 0.8994112610816956 -0.34546416997909546
1305031455.491637 0.8557487726211548 0.3081737160682678 -0.41559961438179016 -0.4122968912124634 -0.29314085841178894 0.9506824016571045 0.10134841501712799 0.40337124466896057 0.4263361692428589 0.035100482404232025 0.9038835167884827 -0.35535281896591187
1305031455.52761 0.8671519160270691 0.2867090106010437 -0.40724122524261475 -0.4283841550350189 -0.2664899528026581 0.9578874111175537 0.10693342238664627 0.4007393717765808 0.42075011134147644 0.015798203647136688 0.9070389866828918 -0.36440718173980713
1305031455.559669 0.8763758540153503 0.26312685012817383 -0.4033975601196289 -0.4501948952674866 -0.24327103793621063 0.9647111296653748 0.10075550526380539 0.407212495803833 0.4156735837459564 0.009835260920226574 0.9094606637954712 -0.3743024468421936
1305031455.591645 0.8832916021347046 0.23746737837791443 -0.4042341113090515 -0.46467864513397217 -0.2163027971982956 0.9713951349258423 0.09800313413143158 0.4134316146373749 0.41594362258911133 0.0008716301526874304 0.9093899726867676 -0.3854754567146301
1305031455.627617 0.8919753432273865 0.21837228536605835 -0.39584535360336304 -0.4859682023525238 -0.1915186494588852 0.9756737947463989 0.10668352991342545 0.40638458728790283 0.40951257944107056 -0.019347326830029488 0.9120991826057434 -0.3947809934616089
1305031455.659615 0.8969929814338684 0.2063765674829483 -0.3909122049808502 -0.5033028721809387 -0.182122603058815 0.9783207178115845 0.09858942776918411 0.4043387472629547 0.4027840495109558 -0.017240073531866074 0.9151325821876526 -0.40673840045928955
1305031455.691605 0.8990422487258911 0.204639732837677 -0.3870989680290222 -0.5185033679008484 -0.18354173004627228 0.9787766337394714 0.09115202724933624 0.4054180383682251 0.3975367546081543 -0.010900718159973621 0.9175214767456055 -0.4185180962085724
1305031455.727628 0.9010489583015442 0.21397823095321655 -0.3772587180137634 -0.5374102592468262 -0.19515393674373627 0.9768224358558655 0.08793818205595016 0.4044181704521179 0.3873315751552582 -0.005613091867417097 0.9219233989715576 -0.42736107110977173
1305031455.759683 0.9049084782600403 0.21913327276706696 -0.36485815048217773 -0.5529462099075317 -0.20240293443202972 0.975692629814148 0.08400686830282211 0.40411844849586487 0.37439799308776855 -0.0021701569203287363 0.9272655844688416 -0.43957987427711487
1305031455.791666 0.910143256187439 0.21711775660514832 -0.3528444766998291 -0.5704021453857422 -0.20067642629146576 0.9761339426040649 0.08301602303981781 0.394222229719162 0.3624476194381714 -0.004748919513076544 0.9319920539855957 -0.4519367218017578
1305031455.82759 0.9139282703399658 0.21629735827445984 -0.3434394299983978 -0.587827205657959 -0.2027677297592163 0.9763273000717163 0.07530242204666138 0.3935987055301666 0.3515969514846802 0.0008174199610948563 0.9361510872840881 -0.4687888026237488
1305031455.859526 0.9147309064865112 0.21877460181713104 -0.33971327543258667 -0.6004668474197388 -0.20466439425945282 0.9757747054100037 0.07730603218078613 0.3874598741531372 0.3483961820602417 -0.0011869959998875856 0.9373466372489929 -0.48081713914871216
1305031455.891657 0.9172599911689758 0.21846845746040344 -0.3330248296260834 -0.6128990054130554 -0.2046714723110199 0.9758421182632446 0.0764319971203804 0.38401663303375244 0.34167757630348206 -0.0019473298452794552 0.9398153424263 -0.49234914779663086
1305031455.927955 0.9196428656578064 0.22096876800060272 -0.3246995508670807 -0.6254082918167114 -0.2069183886051178 0.9752717614173889 0.0776519924402237 0.3792651295661926 0.3338288962841034 -0.004225797951221466 0.9426242113113403 -0.5023343563079834
1305031455.959716 0.9215496778488159 0.22709974646568298 -0.3149157166481018 -0.6396787166595459 -0.2147119790315628 0.9738713502883911 0.0739823579788208 0.38077208399772644 0.3234887421131134 -0.0005622695316560566 0.9462318420410156 -0.5124462842941284
1305031455.991694 0.9237933158874512 0.23274269700050354 -0.3040340840816498 -0.6506968140602112 -0.21972529590129852 0.9725292921066284 0.07686088979244232 0.37872281670570374 0.3135707974433899 -0.004199605900794268 0.9495554566383362 -0.5212807059288025
1305031456.02777 0.9258321523666382 0.240599125623703 -0.29145658016204834 -0.6586772203445435 -0.2264704555273056 0.9705756306648254 0.08181680738925934 0.3837966322898865 0.30256563425064087 -0.009742341004312038 0.9530787467956543 -0.5313689708709717
1305031456.059713 0.9262595176696777 0.2589401304721832 -0.27384909987449646 -0.6749496459960938 -0.2399330586194992 0.9654818177223206 0.10137593746185303 0.3774412274360657 0.29064664244651794 -0.028194988146424294 0.9564149379730225 -0.537936806678772
1305031456.091707 0.9268237352371216 0.271334707736969 -0.2595672011375427 -0.6906083822250366 -0.24880819022655487 0.9614988565444946 0.11668141186237335 0.36529266834259033 0.28123319149017334 -0.043560683727264404 0.9586502909660339 -0.543021559715271
1305031456.127645 0.9288131594657898 0.2751659154891968 -0.2481728196144104 -0.7037526965141296 -0.25218668580055237 0.9601197838783264 0.12071384489536285 0.35731786489486694 0.2714919447898865 -0.049534719437360764 0.9611651301383972 -0.5484590530395508
1305031456.159731 0.931233286857605 0.2767162322998047 -0.2371344268321991 -0.7130546569824219 -0.25290635228157043 0.9592285752296448 0.12617021799087524 0.3439851403236389 0.2623794674873352 -0.057521089911460876 0.9632488489151001 -0.5515346527099609
1305031456.191658 0.9364383220672607 0.26957863569259644 -0.22452306747436523 -0.7212921977043152 -0.24888932704925537 0.9615123271942139 0.11639643460512161 0.3343408405780792 0.24725966155529022 -0.05311669781804085 0.9674922823905945 -0.5507176518440247
1305031456.227678 0.942891538143158 0.26097986102104187 -0.20699067413806915 -0.7287177443504333 -0.24492648243904114 0.9643516540527344 0.1001843810081482 0.34228551387786865 0.2257579118013382 -0.04376550391316414 0.9731999039649963 -0.5554870963096619
1305031456.291675 0.9560557007789612 0.24677380919456482 -0.15830421447753906 -0.7578578591346741 -0.23397743701934814 0.9675673246383667 0.09522661566734314 0.3241555690765381 0.1766693890094757 -0.05400232598185539 0.9827877879142761 -0.5543102025985718
1305031456.327718 0.9622896909713745 0.23279204964637756 -0.14073532819747925 -0.7670949101448059 -0.22239823639392853 0.971176028251648 0.08576776087284088 0.3161991536617279 0.1566448211669922 -0.051234155893325806 0.9863252639770508 -0.5511703491210938
1305031456.391619 0.9723447561264038 0.21518710255622864 -0.09077544510364532 -0.7927595973014832 -0.2096686065196991 0.9755018949508667 0.06659578531980515 0.3142772614955902 0.10288217663764954 -0.045721299946308136 0.9936422109603882 -0.5444459915161133
1305031456.427662 0.977551281452179 0.20012089610099792 -0.06591780483722687 -0.8127527236938477 -0.19746732711791992 0.9792925119400024 0.04463905468583107 0.32091987133026123 0.07348602265119553 -0.030620340257883072 0.9968261122703552 -0.5399858355522156
1305031456.491677 0.9834797382354736 0.17561504244804382 -0.043896887451410294 -0.8515909314155579 -0.17349836230278015 0.98365718126297 0.04813310503959656 0.33491456508636475 0.05163239315152168 -0.03972189873456955 0.9978759288787842 -0.5279818177223206
1305031456.527641 0.9854751825332642 0.1644832342863083 -0.042235832661390305 -0.8669196963310242 -0.16187700629234314 0.9850388765335083 0.05911146476864815 0.33631235361099243 0.05132676661014557 -0.05141587182879448 0.9973574876785278 -0.5186044573783875
1305031456.591651 0.9894742965698242 0.139909565448761 -0.03695730119943619 -0.8828516006469727 -0.13771763443946838 0.9888656139373779 0.056379836052656174 0.344738632440567 0.04443388059735298 -0.050696730613708496 0.9977250695228577 -0.5003253221511841
1305031456.627612 0.9912827014923096 0.1295183151960373 -0.024159230291843414 -0.8930519819259644 -0.12750470638275146 0.989243745803833 0.07168988138437271 0.3604854345321655 0.03318451717495918 -0.06798451393842697 0.997134268283844 -0.49114155769348145
1305031456.691612 0.9954689145088196 0.09497727453708649 0.0045832134783267975 -0.9295752048492432 -0.09493592381477356 0.99000084400177 0.10433366894721985 0.33916836977005005 0.005371946841478348 -0.10429603606462479 0.9945317506790161 -0.4652438759803772
1305031456.727693 0.9970995783805847 0.07529855519533157 0.011062949895858765 -0.9472332000732422 -0.07604452967643738 0.9915847778320312 0.10477019846439362 0.35616084933280945 -0.003080815076828003 -0.10530759394168854 0.9944348931312561 -0.45605355501174927
1305031456.791649 0.9988795518875122 0.04709119722247124 -0.004690699744969606 -0.9803934097290039 -0.04621918499469757 0.992045521736145 0.11708669364452362 0.34377193450927734 0.010167141444981098 -0.1167386993765831 0.9931105971336365 -0.43817973136901855
1305031456.827603 0.9994001388549805 0.03101646527647972 -0.015401104465126991 -0.9845297336578369 -0.029135974124073982 0.9934903979301453 0.11012613773345947 0.3634035885334015 0.01871657371520996 -0.10961136221885681 0.9937981963157654 -0.4267546236515045
1305031456.891672 0.9999457597732544 0.00723642110824585 -0.007493729703128338 -1.0052462816238403 -0.006178561598062515 0.9911426305770874 0.13265755772590637 0.35657963156700134 0.00838732160627842 -0.13260404765605927 0.9911335706710815 -0.4002038240432739
1305031456.92769 0.9999760389328003 -0.006924543529748917 -5.7054683566093445e-05 -1.0123143196105957 0.006881101056933403 0.9927122592926025 0.12031126022338867 0.3633641004562378 -0.0007764617912471294 -0.1203087568283081 0.9927362203598022 -0.39203667640686035
1305031456.959667 0.999741792678833 -0.018708093091845512 0.012897571548819542 -1.0243356227874756 0.01704893633723259 0.9928025603294373 0.11854260414838791 0.37673497200012207 -0.015022444538772106 -0.11829208582639694 0.9928652048110962 -0.3899174928665161
1305031456.991709 0.99944007396698 -0.023186037316918373 0.024124613031744957 -1.0378261804580688 0.019605450332164764 0.9900538325309753 0.1393163800239563 0.37136971950531006 -0.027114856988191605 -0.1387653946876526 0.9899539947509766 -0.3796221613883972
1305031457.027648 0.9988804459571838 -0.031441137194633484 0.035343121737241745 -1.0522856712341309 0.026089077815413475 0.9894031882286072 0.14283090829849243 0.3720453381538391 -0.039459362626075745 -0.14174894988536835 0.989115834236145 -0.37419575452804565
1305031457.091655 0.9971117973327637 -0.05440669134259224 0.052990108728408813 -1.0732086896896362 0.04480075091123581 0.9847567081451416 0.16806888580322266 0.37621185183525085 -0.06132643669843674 -0.16520948708057404 0.9843499660491943 -0.3702049255371094
1305031457.127632 0.9956958889961243 -0.0651121586561203 0.06595537811517715 -1.0852313041687012 0.052272628992795944 0.982185959815979 0.1804947853088379 0.3662508726119995 -0.07653284072875977 -0.1762702465057373 0.9813620448112488 -0.3667251169681549
1305031457.191735 0.9907706379890442 -0.09162411093711853 0.09989294409751892 -1.1152838468551636 0.0736517384648323 0.9825618863105774 0.17072656750679016 0.37319183349609375 -0.11379365622997284 -0.16179358959197998 0.9802417159080505 -0.37453484535217285
1305031457.227543 0.9881918430328369 -0.10495185106992722 0.11163351684808731 -1.12815260887146 0.08339419960975647 0.9796132445335388 0.18276549875736237 0.3673616349697113 -0.12853926420211792 -0.17129774391651154 0.9767981767654419 -0.3771979808807373
1305031457.291656 0.9808154702186584 -0.13057686388492584 0.14474354684352875 -1.1564704179763794 0.10532032698392868 0.9797657132148743 0.1701967716217041 0.3556904196739197 -0.1640385091304779 -0.15168720483779907 0.9747216701507568 -0.38746321201324463
1305031457.327548 0.9766603112220764 -0.14138911664485931 0.16169074177742004 -1.1687744855880737 0.11504364013671875 0.9800460934638977 0.16209504008293152 0.3603779673576355 -0.18138284981250763 -0.13971029222011566 0.9734378457069397 -0.39923399686813354
1305031457.391684 0.9625252485275269 -0.16746293008327484 0.21331094205379486 -1.2062160968780518 0.13454432785511017 0.9778157472610474 0.16054321825504303 0.3460713326931 -0.23546387255191803 -0.1258271038532257 0.9637033939361572 -0.4102092981338501
1305031457.427641 0.9552144408226013 -0.18189896643161774 0.23340578377246857 -1.2295860052108765 0.1477861851453781 0.9765956401824951 0.15626971423625946 0.34529444575309753 -0.25636839866638184 -0.11477692425251007 0.9597402811050415 -0.41824281215667725
1305031457.491705 0.9494957327842712 -0.20071977376937866 0.24118371307849884 -1.2570725679397583 0.1652386635541916 0.9732752442359924 0.15947259962558746 0.3293546140193939 -0.26674744486808777 -0.11156569421291351 0.9572871923446655 -0.43419432640075684
1305031457.527638 0.9463949799537659 -0.20505361258983612 0.24957887828350067 -1.2714790105819702 0.16996745765209198 0.9731757044792175 0.15504863858222961 0.3209294378757477 -0.27467745542526245 -0.10431696474552155 0.95586097240448 -0.44270262122154236
1305031457.559685 0.9414267539978027 -0.2123458832502365 0.2619636058807373 -1.2887563705444336 0.17819222807884216 0.9727787375450134 0.14815260469913483 0.3175041079521179 -0.2862921953201294 -0.09279494732618332 0.9536382555961609 -0.4524863660335541
1305031457.591678 0.9358351230621338 -0.2178584337234497 0.2770385146141052 -1.3121566772460938 0.18381403386592865 0.9723930954933167 0.1437503844499588 0.31427109241485596 -0.3007075786590576 -0.08360309898853302 0.9500449895858765 -0.45875680446624756
1305031457.627526 0.9343692064285278 -0.22511214017868042 0.2761860489845276 -1.321756362915039 0.19007666409015656 0.9705471992492676 0.1480168104171753 0.3012322187423706 -0.3013719916343689 -0.08580583333969116 0.9496379494667053 -0.4651906192302704
1305031457.659632 0.930686354637146 -0.22884294390678406 0.2854011654853821 -1.342557430267334 0.19652408361434937 0.9708019495010376 0.13755680620670319 0.30595794320106506 -0.30854693055152893 -0.0719340443611145 0.948485255241394 -0.4709243178367615
1305031457.69157 0.9283990263938904 -0.23737996816635132 0.2858777642250061 -1.3577055931091309 0.20147505402565002 0.9680173397064209 0.149499773979187 0.2987123429775238 -0.3122228980064392 -0.08119820803403854 0.9465324282646179 -0.4751650393009186
1305031457.727669 0.9283186793327332 -0.23816178739070892 0.28548818826675415 -1.3673293590545654 0.19864806532859802 0.9668217897415161 0.16060668230056763 0.2772790193557739 -0.3142665922641754 -0.0923825055360794 0.9448290467262268 -0.47926491498947144
1305031457.759556 0.9273799061775208 -0.23408447206020355 0.2918403446674347 -1.3821496963500977 0.19483724236488342 0.9681243300437927 0.15739664435386658 0.26523756980895996 -0.31938186287879944 -0.08910511434078217 0.9434275031089783 -0.48339977860450745
1305031457.791567 0.9250009059906006 -0.23218420147895813 0.30077213048934937 -1.3895463943481445 0.1938997060060501 0.9691965579986572 0.15185818076133728 0.24322468042373657 -0.32676640152931213 -0.08214932680130005 0.9415280818939209 -0.4841551184654236
1305031457.827699 0.919818103313446 -0.22689612209796906 0.32008254528045654 -1.406768560409546 0.19672074913978577 0.9725725650787354 0.12411059439182281 0.25219571590423584 -0.3394637703895569 -0.051192283630371094 0.9392250776290894 -0.4962378442287445
1305031457.859623 0.9137223958969116 -0.22705115377902985 0.33698540925979614 -1.4214730262756348 0.19624446332454681 0.9727699756622314 0.12331557273864746 0.24146592617034912 -0.35580816864967346 -0.046544693410396576 0.9333992600440979 -0.4985920190811157
1305031457.891593 0.9075296521186829 -0.22714117169380188 0.3532659709453583 -1.435349941253662 0.19791385531425476 0.9731764197349548 0.1172933354973793 0.2188260406255722 -0.3704322874546051 -0.03653094917535782 0.9281408786773682 -0.49656784534454346
1305031457.927633 0.9007874131202698 -0.22729623317718506 0.3700249195098877 -1.4584455490112305 0.20753835141658783 0.9738010168075562 0.09294871985912323 0.2149513065814972 -0.38145750761032104 -0.006932690739631653 0.9243603944778442 -0.4976057708263397
1305031457.991644 0.8959622383117676 -0.22986777126789093 0.38001617789268494 -1.4869099855422974 0.2189735621213913 0.9730474948883057 0.07231318205595016 0.20108264684677124 -0.38639625906944275 0.01842360943555832 0.9221488833427429 -0.4935482144355774
1305031458.027845 0.8924035429954529 -0.22787125408649445 0.38947468996047974 -1.498255729675293 0.22213897109031677 0.9731440544128418 0.060373447835445404 0.1856091022491455 -0.3927723169326782 0.032640039920806885 0.9190562963485718 -0.4887274503707886
1305031458.059689 0.8868330717086792 -0.22626465559005737 0.40290382504463196 -1.5152465105056763 0.22994522750377655 0.9723835587501526 0.03994257375597954 0.19369007647037506 -0.40081462264060974 0.057223428040742874 0.9143703579902649 -0.4853908121585846
1305031458.09169 0.8816195130348206 -0.22847388684749603 0.41297289729118347 -1.5313063859939575 0.23312272131443024 0.9716294407844543 0.03987300023436546 0.19448399543762207 -0.41036659479141235 0.06112055480480194 0.9098700284957886 -0.47721603512763977
1305031458.127605 0.8764910101890564 -0.23080013692378998 0.4224863648414612 -1.5471514463424683 0.23228409886360168 0.9714239239692688 0.04878228157758713 0.1804521679878235 -0.4216722846031189 0.055379629135131836 0.905055582523346 -0.46396178007125854
1305031458.159638 0.8710064888000488 -0.23461705446243286 0.4316277801990509 -1.5650230646133423 0.23715196549892426 0.9702447652816772 0.04882699251174927 0.17080798745155334 -0.430240273475647 0.059832751750946045 0.9007292985916138 -0.4499253034591675
1305031458.191646 0.867009162902832 -0.2423834502696991 0.4353681206703186 -1.5860422849655151 0.24572046101093292 0.9680700302124023 0.049618326127529144 0.17007595300674438 -0.4334934651851654 0.06395931541919708 0.8988840579986572 -0.4405031204223633
1305031458.227611 0.8670980930328369 -0.2461985945701599 0.4330440163612366 -1.6042054891586304 0.2445005178451538 0.9677520990371704 0.06062491610646248 0.1684095561504364 -0.43400514125823975 0.05331174284219742 0.8993316888809204 -0.41978394985198975
1305031458.259934 0.8697100877761841 -0.24596057832241058 0.42791083455085754 -1.614220142364502 0.2366495430469513 0.968634843826294 0.07578562945127487 0.13484662771224976 -0.4331297278404236 0.03535338118672371 0.9006380438804626 -0.4040820002555847
1305031458.291664 0.870349645614624 -0.23973044753074646 0.4301404654979706 -1.636599063873291 0.24064327776432037 0.9691535830497742 0.05321940779685974 0.13638383150100708 -0.42963048815727234 0.057190924882888794 0.9011918902397156 -0.38429129123687744
1305031458.327628 0.8745817542076111 -0.24520082771778107 0.4183100461959839 -1.6452491283416748 0.24695265293121338 0.9676891565322876 0.050914034247398376 0.12987664341926575 -0.4172782003879547 0.05877429619431496 0.906876266002655 -0.372494637966156
1305031458.35959 0.8777496218681335 -0.24360805749893188 0.4125659167766571 -1.6511791944503784 0.24975614249706268 0.9674861431121826 0.039906419813632965 0.11278994381427765 -0.4088733196258545 0.06801304221153259 0.9100533127784729 -0.3534802794456482
1305031458.391626 0.8767908811569214 -0.24514642357826233 0.41369184851646423 -1.6611005067825317 0.263339638710022 0.9646090269088745 0.013480179011821747 0.1156931072473526 -0.40235546231269836 0.0971221774816513 0.9103171825408936 -0.33458828926086426
1305031458.427598 0.8725184202194214 -0.25525400042533875 0.41660189628601074 -1.6657452583312988 0.28092148900032043 0.9597308039665222 -0.0003218315541744232 0.11632563918828964 -0.3997434973716736 0.11731323599815369 0.9090890288352966 -0.3165215849876404
1305031458.459637 0.8649278879165649 -0.26417168974876404 0.4267471432685852 -1.6621900796890259 0.2995108664035797 0.9539498090744019 -0.016517428681254387 0.10729782283306122 -0.4027319550514221 0.14210179448127747 0.9042201638221741 -0.30336230993270874
1305031458.491696 0.8566045165061951 -0.2501137852668762 0.45130011439323425 -1.6639286279678345 0.304557204246521 0.9511303305625916 -0.05095119774341583 0.10099851340055466 -0.41650161147117615 0.18109172582626343 0.8909165263175964 -0.28749072551727295
1305031458.527737 0.8474218845367432 -0.22837860882282257 0.47929060459136963 -1.6794477701187134 0.306112140417099 0.9477671980857849 -0.08962483704090118 0.11771547794342041 -0.4337875247001648 0.22266671061515808 0.8730681538581848 -0.2684284448623657
1305031458.559628 0.8407610058784485 -0.21823734045028687 0.49547290802001953 -1.6812152862548828 0.3076265752315521 0.9456417560577393 -0.10548724234104156 0.12518514692783356 -0.4455186128616333 0.2411101758480072 0.8621943593025208 -0.2503354549407959
1305031458.591641 0.8377256393432617 -0.19784092903137207 0.5089939832687378 -1.6850261688232422 0.300119549036026 0.9454831480979919 -0.12645043432712555 0.13000042736530304 -0.456228107213974 0.258689820766449 0.8514314889907837 -0.22076863050460815
1305031458.627659 0.8369973301887512 -0.1824813187122345 0.5158838629722595 -1.7011497020721436 0.29345113039016724 0.9454149007797241 -0.14169318974018097 0.15592651069164276 -0.46186792850494385 0.2699835002422333 0.8448591232299805 -0.19370585680007935
1305031458.659623 0.8363690376281738 -0.18421873450279236 0.5162853002548218 -1.7204893827438354 0.29027673602104187 0.9477872252464294 -0.1320553719997406 0.1591578871011734 -0.46500158309936523 0.26031261682510376 0.8461742997169495 -0.1631718873977661
1305031458.691674 0.853590190410614 -0.17426122725009918 0.4909346103668213 -1.7274410724639893 0.2681698203086853 0.9549224972724915 -0.1273106336593628 0.1572476178407669 -0.4466192424297333 0.24032500386238098 0.8618440628051758 -0.1467168927192688
1305031458.72765 0.8719646334648132 -0.16655132174491882 0.46036767959594727 -1.7148678302764893 0.25019875168800354 0.959878146648407 -0.126628115773201 0.14849308133125305 -0.4208068251609802 0.22559866309165955 0.8786506652832031 -0.12962353229522705
1305031458.759945 0.8891099691390991 -0.14323177933692932 0.43470466136932373 -1.7192983627319336 0.22775550186634064 0.9622868299484253 -0.14876680076122284 0.1566920280456543 -0.3970024287700653 0.23127642273902893 0.8882006406784058 -0.11038589477539062
1305031458.791632 0.9076370000839233 -0.12827768921852112 0.3996748626232147 -1.7098770141601562 0.20640689134597778 0.9654841423034668 -0.1588602364063263 0.17252172529697418 -0.3655015230178833 0.22668306529521942 0.9027865529060364 -0.09711951017379761
1305031458.827564 0.9150411486625671 -0.13040301203727722 0.38169994950294495 -1.6994950771331787 0.20147810876369476 0.9675572514533997 -0.15244527161121368 0.173972487449646 -0.34943723678588867 0.21639788150787354 0.9116280674934387 -0.07769775390625
1305031458.891665 0.9236894249916077 -0.11655062437057495 0.36498451232910156 -1.6853044033050537 0.1856534481048584 0.9694570302963257 -0.1602679342031479 0.16185995936393738 -0.33515751361846924 0.21579846739768982 0.917115330696106 -0.071982741355896
1305031458.927621 0.9178012609481812 -0.12045393139123917 0.37832754850387573 -1.689687967300415 0.19546586275100708 0.9664773941040039 -0.16647697985172272 0.17715686559677124 -0.345592200756073 0.22674286365509033 0.9105787873268127 -0.05343294143676758
1305031458.959617 0.9079432487487793 -0.14964288473129272 0.3914666473865509 -1.6949620246887207 0.2213747650384903 0.964379072189331 -0.14479713141918182 0.168196901679039 -0.3558543920516968 0.21812838315963745 0.9087285995483398 -0.043299198150634766
1305031458.991647 0.9006545543670654 -0.15447399020195007 0.4061516523361206 -1.707700490951538 0.22526973485946655 0.9652555584907532 -0.13242179155349731 0.13583528995513916 -0.37158438563346863 0.2107599824666977 0.9041600227355957 -0.02996814250946045
