0.1037359 0.9999868869781494 -0.0028252536430954933 -0.004289605654776096 0.000734959205146879 0.0028150035068392754 0.9999932646751404 -0.002393701346591115 0.00012983189662918448 0.004296340048313141 0.0023815950844436884 0.9999879598617554 0.03948846831917763
0.2073381 0.9999626874923706 -0.0015993095003068447 -0.008505374193191528 0.0002869541640393436 0.0015638042241334915 0.9999900460243225 -0.00417950376868248 0.00010918133193627 0.008511973544955254 0.0041660466231405735 0.9999551177024841 0.0797596126794815
0.3110752 0.9999192357063293 -0.0016207348089665174 -0.012604676187038422 -0.00029507011640816927 0.0015509648947045207 0.9999834299087524 -0.0055430615320801735 -0.0001350729144178331 0.012613451108336449 0.005523065570741892 0.9999052286148071 0.12083032727241516
0.4146917 0.9998460412025452 -0.00013157614739611745 -0.017547857016324997 -0.0013357537100091577 2.2905929654370993e-05 0.9999808073043823 -0.006192847155034542 -0.0005245401407591999 0.017548341304063797 0.006191491615027189 0.9998267889022827 0.16273987293243408
0.5184302 0.9997649788856506 -0.0013913593720644712 -0.021642711013555527 -0.0026916004717350006 0.0012501137098297477 0.9999779462814331 -0.006538412533700466 -0.0008585891919210553 0.02165132947266102 0.006509818136692047 0.9997444152832031 0.20521962642669678
0.6220448 0.9996626377105713 0.0007117174100130796 -0.02596367709338665 -0.004466649144887924 -0.0009087534854188561 0.9999708533287048 -0.007577905897051096 -0.0014984873123466969 0.02595752291381359 0.007598943077027798 0.9996341466903687 0.2487691044807434
0.7257977 0.9995195865631104 0.0034710264299064875 -0.03080005943775177 -0.006429089233279228 -0.0037274511996656656 0.9999588131904602 -0.00827193632721901 -0.0020136351231485605 0.03077007830142975 0.00838276743888855 0.9994913339614868 0.29306626319885254
0.8294199 0.9993759989738464 0.0037508553359657526 -0.03512220084667206 -0.00835530087351799 -0.0039984313771128654 0.9999676942825317 -0.0069813975133001804 -0.0022476997692137957 0.035094864666461945 0.0071174753829836845 0.9993587136268616 0.3386550843715668
0.9331467 0.9991989731788635 0.002800827380269766 -0.0399196483194828 -0.010027902200818062 -0.0029697283171117306 0.9999868869781494 -0.004172357730567455 -0.002811124548316002 0.039907440543174744 0.0042875660583376884 0.9991942048072815 0.3848392963409424
1.03691 0.9990800023078918 0.0025799437426030636 -0.04280786216259003 -0.012843126431107521 -0.0026677236892282963 0.9999943971633911 -0.0019935593008995056 -0.002894744509831071 0.04280248284339905 0.0021059243008494377 0.9990813732147217 0.4327591061592102
1.140497 0.9989629983901978 0.003756912425160408 -0.04537409916520119 -0.015450939536094666 -0.003842683741822839 0.9999909996986389 -0.0018032420193776488 -0.004072474781423807 0.045366909354925156 0.0019757309928536415 0.9989683628082275 0.4782859981060028
1.244242 0.9988585710525513 0.0033588316291570663 -0.047648102045059204 -0.017616597935557365 -0.00343494163826108 0.9999930262565613 -0.001515543437562883 -0.004834489431232214 0.047642674297094345 0.001677482039667666 0.9988629817962646 0.5271210074424744
1.347979 0.9987735152244568 0.00027334020705893636 -0.04951108992099762 -0.02013031579554081 -0.0003920731251128018 0.9999971389770508 -0.002388412831351161 -0.005030418746173382 0.04951028898358345 0.0024048956111073494 0.9987706542015076 0.5733987092971802
1.451596 0.9986746907234192 0.0005182214081287384 -0.05146499350667 -0.022921815514564514 -0.0006172551074996591 0.9999980330467224 -0.0019084190716966987 -0.005166127812117338 0.05146390572190285 0.0019376566633582115 0.9986729025840759 0.6233494877815247
1.555212 0.9985795021057129 -0.001791911548934877 -0.05325095355510712 -0.025100668892264366 0.0016924315132200718 0.9999967813491821 -0.0019131687004119158 -0.005917396396398544 0.053254202008247375 0.0018203268991783261 0.9985793828964233 0.6708081960678101
1.65896 0.9985216856002808 0.00026985484873875976 -0.0543534941971302 -0.0289950892329216 -0.0004431651905179024 0.9999949336051941 -0.0031765433959662914 -0.007254281081259251 0.054352350533008575 0.0031959351617842913 0.9985167384147644 0.7209517359733582
1.762569 0.9983951449394226 0.0007118588546290994 -0.05662995204329491 -0.030927158892154694 -0.0011046010768041015 0.9999754428863525 -0.006904239300638437 -0.0069276317954063416 0.05662364885210991 0.006955710705369711 0.9983714818954468 0.7696591019630432
1.866302 0.9983115792274475 0.005021252669394016 -0.057869501411914825 -0.03500185161828995 -0.005539719481021166 0.9999458193778992 -0.008802330121397972 -0.007448984310030937 0.05782216787338257 0.009108047932386398 0.9982854127883911 0.8208260536193848
1.969923 0.9982436895370483 0.005794772878289223 -0.05896056815981865 -0.03820302337408066 -0.006293951068073511 0.999945878982544 -0.008284098468720913 -0.008482430130243301 0.058909378945827484 0.00864064134657383 0.99822598695755 0.870133638381958
2.073666 0.9981598854064941 0.00476520461961627 -0.06045053154230118 -0.04156462848186493 -0.005109291989356279 0.9999716281890869 -0.005538748577237129 -0.0101796705275774 0.060422420501708984 0.005837415345013142 0.9981558322906494 0.9229230880737305
2.177281 0.9980756640434265 0.005813762079924345 -0.06173411011695862 -0.0446644052863121 -0.006158139556646347 0.999966561794281 -0.005389586556702852 -0.009967874735593796 0.06170070916414261 0.0057593826204538345 0.9980780482292175 0.9724480509757996
2.281017 0.9980610609054565 0.0054085152223706245 -0.0620078518986702 -0.04892613738775253 -0.005754457321017981 0.999968945980072 -0.005401768255978823 -0.01076313853263855 0.06197670102119446 0.0057481154799461365 0.9980610609054565 1.025762677192688
2.384639 0.9979042410850525 0.004789931699633598 -0.06453078985214233 -0.051152750849723816 -0.005197866354137659 0.9999677538871765 -0.006155162584036589 -0.01145569235086441 0.06449920684099197 0.006477686110883951 0.9978967308998108 1.0751465559005737
2.48825 0.9978134632110596 0.0037994771264493465 -0.06598421931266785 -0.05445030331611633 -0.004242734517902136 0.999969482421875 -0.006578810513019562 -0.01266672182828188 0.0659572035074234 0.006844379939138889 0.9977989196777344 1.1291234493255615
2.591988 0.9977735280990601 0.003751767799258232 -0.0665869414806366 -0.057962387800216675 -0.00411352189257741 0.9999775290489197 -0.005296534392982721 -0.012879966758191586 0.06656557321548462 0.005558648146688938 0.9977665543556213 1.1796298027038574
2.695832 0.9977691769599915 0.00452143419533968 -0.06660525500774384 -0.06174590438604355 -0.004670462105423212 0.999987006187439 -0.002081929473206401 -0.013729624450206757 0.06659497320652008 0.0023883620742708445 0.9977772235870361 1.2343565225601196
2.799367 0.9978377223014832 0.005591403227299452 -0.06548840552568436 -0.06535284221172333 -0.005468826740980148 0.999983012676239 0.0020508295856416225 -0.014451884664595127 0.06549876183271408 -0.0016882498748600483 0.9978511929512024 1.2848894596099854
2.903084 0.9979316592216492 0.004443199839442968 -0.06413101404905319 -0.06855252385139465 -0.004178161267191172 0.9999822378158569 0.004266301169991493 -0.014410369098186493 0.06414882838726044 -0.003989526070654392 0.9979323148727417 1.339306116104126
3.006768 0.9980669021606445 0.004845578223466873 -0.06195925548672676 -0.0726204365491867 -0.00450165057554841 0.999973714351654 0.0056892577558755875 -0.015137916430830956 0.061985183507204056 -0.005399342160671949 0.9980624914169312 1.391008734703064
3.110441 0.9980939030647278 0.005277329124510288 -0.06148812174797058 -0.07533906400203705 -0.005109422840178013 0.9999827742576599 0.0028876513242721558 -0.01560842152684927 0.061502307653427124 -0.002567978110164404 0.998103678226471 1.4470797777175903
3.214057 0.9982010722160339 0.005944983102381229 -0.05966033414006233 -0.07981326431035995 -0.006076320074498653 0.999979555606842 -0.0020202375017106533 -0.015775546431541443 0.059647101908922195 0.002379119396209717 0.9982167482376099 1.5025616884231567
3.317669 0.9982640147209167 0.00556274363771081 -0.05863361060619354 -0.08280310779809952 -0.005890579894185066 0.9999679923057556 -0.005419903434813023 -0.01607152633368969 0.05860157310962677 0.005755879916250706 0.9982649087905884 1.55214262008667
3.421285 0.9982999563217163 0.0035212705843150616 -0.058180391788482666 -0.08579805493354797 -0.0037924384232610464 0.999982476234436 -0.004551047459244728 -0.016766835004091263 0.058163341134786606 0.004763954319059849 0.998295783996582 1.608597993850708
3.524925 0.9983043074607849 0.0018381178379058838 -0.0581844188272953 -0.08881694823503494 -0.0018244344973936677 0.9999982714653015 0.0002882963162846863 -0.017329692840576172 0.058184847235679626 -0.00018165394430980086 0.9983058571815491 1.661402940750122
3.628545 0.998291015625 -0.0010554257314652205 -0.058427661657333374 -0.09252427518367767 0.0012376185040920973 0.9999945163726807 0.003082157112658024 -0.017700612545013428 0.05842409282922745 -0.0031492020934820175 0.9982868432998657 1.7185488939285278
3.732256 0.9981510043144226 -0.008526351302862167 -0.060182396322488785 -0.09457065165042877 0.008734972216188908 0.9999566674232483 0.0032042632810771465 -0.018776055425405502 0.06015246734023094 -0.0037240292876958847 0.9981823563575745 1.771429419517517
3.835871 0.9980241060256958 -0.010431441478431225 -0.06196075677871704 -0.09766340255737305 0.010400255210697651 0.9999455809593201 -0.0008258288726210594 -0.01913238875567913 0.06196599826216698 0.0001797899603843689 0.9980782270431519 1.828041434288025
3.939488 0.9979689717292786 -0.010450804606080055 -0.06283838301897049 -0.10163594782352448 0.010163948871195316 0.9999364018440247 -0.004882848355919123 -0.019453097134828568 0.06288541853427887 0.0042342450469732285 0.9980117678642273 1.8808934688568115
4.043107 0.9978683590888977 -0.009239684790372849 -0.06460161507129669 -0.10606503486633301 0.008896463550627232 0.9999446868896484 -0.00559851573780179 -0.019975796341896057 0.06464977562427521 0.0050118546932935715 0.9978954792022705 1.9387482404708862
4.146888 0.997787356376648 -0.00948610994964838 -0.06580526381731033 -0.10937860608100891 0.009223651140928268 0.9999483823776245 -0.00429106829687953 -0.02069064974784851 0.06584256887435913 0.0036746093537658453 0.997823178768158 1.9932440519332886
4.25046 0.997735857963562 -0.0066362228244543076 -0.06692684441804886 -0.11346479505300522 0.006557207554578781 0.9999774694442749 -0.0014002632815390825 -0.02145949937403202 0.06693463772535324 0.0009582391940057278 0.9977568984031677 2.051058530807495
4.354202 0.9976493716239929 -0.006014362443238497 -0.0682598352432251 -0.117286816239357 0.00603008596226573 0.9999818205833435 2.4295906769111753e-05 -0.02246636338531971 0.06825847178697586 -0.0004358516598585993 0.9976674914360046 2.105222463607788
4.45794 0.9975714087486267 -0.004366803448647261 -0.06951431930065155 -0.12145895510911942 0.0045373630709946156 0.9999870657920837 0.0022958810441195965 -0.022904427722096443 0.06950339674949646 -0.0026057169307023287 0.9975783228874207 2.164525032043457
4.561559 0.9975994825363159 -0.005069992505013943 -0.06906208395957947 -0.12552207708358765 0.005465281195938587 0.9999697804450989 0.005535947624593973 -0.02344556525349617 0.06903192400932312 -0.005900103133171797 0.9975970387458801 2.217916488647461
4.665293 0.9976247549057007 0.001280520111322403 -0.06887078285217285 -0.13092055916786194 -0.0007611016626469791 0.9999711513519287 0.00756765715777874 -0.02377653680741787 0.06887847185134888 -0.007497265003621578 0.9975969195365906 2.276005744934082
4.768912 0.9975589513778687 0.0009740323876030743 -0.06982289999723434 -0.13427767157554626 -0.00048201988101936877 0.9999749064445496 0.007063078228384256 -0.024201544001698494 0.06982803344726562 -0.007012180518358946 0.9975343346595764 2.3302969932556152
4.872532 0.9975340366363525 0.0009363699937239289 -0.0701778307557106 -0.13762080669403076 -0.0005354268359951675 0.9999834895133972 0.005731835030019283 -0.024611230939626694 0.07018203288316727 -0.005680125672370195 0.997518002986908 2.387935161590576
4.976146 0.9975787401199341 0.0031801622826606035 -0.06947314739227295 -0.14279475808143616 -0.0029731716495007277 0.9999908208847046 0.003082631155848503 -0.0247361958026886 0.06948231160640717 -0.0028686118312180042 0.9975790977478027 2.4410488605499268
5.079909 0.9974940419197083 0.002800795016810298 -0.07069496810436249 -0.1469080150127411 -0.002565499860793352 0.9999908208847046 0.0034188926219940186 -0.025609729811549187 0.070703886449337 -0.0032289570663124323 0.9974921941757202 2.4988460540771484
5.183503 0.9974249601364136 0.0008287465898320079 -0.0717138722538948 -0.15067823231220245 -0.0005264137871563435 0.9999908804893494 0.004234616179019213 -0.025796376168727875 0.07171674072742462 -0.004185961559414864 0.9974161386489868 2.5520834922790527
5.287117 0.99735027551651 0.001699551590718329 -0.0727304071187973 -0.15475916862487793 -0.0013157717185094953 0.9999849200248718 0.005324333440512419 -0.026657655835151672 0.07273837924003601 -0.005214528180658817 0.9973373413085938 2.6097640991210938
5.390861 0.9973101615905762 0.003751488169655204 -0.07320086658000946 -0.15880408883094788 -0.003629986196756363 0.9999918341636658 0.0017928051529452205 -0.027007989585399628 0.07320699095726013 -0.0015222644433379173 0.9973155856132507 2.662001848220825
5.494473 0.9972291588783264 0.003952350001782179 -0.07428621500730515 -0.16302451491355896 -0.004113762639462948 0.9999895691871643 -0.002019959269091487 -0.027933519333600998 0.07427744567394257 0.002319958060979843 0.9972348809242249 2.7187206745147705
5.598233 0.9972186088562012 0.005596170201897621 -0.07432178407907486 -0.167597696185112 -0.005893433466553688 0.9999755024909973 -0.0037809552159160376 -0.02822158671915531 0.07429881393909454 0.004208449274301529 0.997227132320404 2.7712018489837646
5.701829 0.9972110390663147 0.00436231167986989 -0.07450541853904724 -0.17211438715457916 -0.004403859376907349 0.9999902844429016 -0.00039335573092103004 -0.028964990749955177 0.07450298219919205 0.000720370328053832 0.9972204566001892 2.8280200958251953
5.805571 0.9972099661827087 0.002555148210376501 -0.07460398972034454 -0.17572638392448425 -0.002349918708205223 0.9999931454658508 0.0028385757468640804 -0.02970428764820099 0.07461071759462357 -0.0026553429197520018 0.9972091913223267 2.8799116611480713
5.909185 0.9971815943717957 0.00043050653766840696 -0.07502569258213043 -0.1796901971101761 -0.0001431548735126853 0.9999926686286926 0.0038353847339749336 -0.030764251947402954 0.07502678036689758 -0.003813834860920906 0.9971742033958435 2.9355876445770264
6.012921 0.9971708655357361 -0.0023624536115676165 -0.07513051480054855 -0.18340298533439636 0.0025408384390175343 0.9999942183494568 0.002278841333463788 -0.031093142926692963 0.07512469589710236 -0.0024632883723825216 0.9971711039543152 2.9873838424682617
6.116541 0.9971182942390442 -0.0050838058814406395 -0.07569143176078796 -0.18731993436813354 0.0051917121745646 0.9999858140945435 0.0012289001606404781 -0.03209512308239937 0.07568412274122238 -0.0016183266416192055 0.9971305727958679 3.0429930686950684
6.220278 0.9970414042472839 -0.006163706071674824 -0.07661858201026917 -0.19119420647621155 0.00633599516004324 0.9999779462814331 0.0020057677756994963 -0.03232917934656143 0.07660452276468277 -0.0024852887727320194 0.9970583915710449 3.093154191970825
6.323895 0.9969213604927063 -0.009996476583182812 -0.07776782661676407 -0.1950678527355194 0.010509731248021126 0.9999256134033203 0.006193338893353939 -0.032650504261255264 0.07770012319087982 -0.0069915903732180595 0.9969521760940552 3.1479458808898926
6.427659 0.996872067451477 -0.009901652112603188 -0.07841119915246964 -0.19894742965698242 0.010814920999109745 0.9998783469200134 0.011231028474867344 -0.033302292227745056 0.07829046994447708 -0.01204390823841095 0.9968578219413757 3.1991024017333984
6.531383 0.9968827366828918 -0.008635462261736393 -0.07842399924993515 -0.20419979095458984 0.0097051952034235 0.9998647570610046 0.013269483111798763 -0.033404093235731125 0.07829881459474564 -0.013989238068461418 0.9968317747116089 3.2538671493530273
6.634992 0.9967525601387024 -0.006800249684602022 -0.08023827522993088 -0.20784157514572144 0.0075883097015321255 0.9999258518218994 0.0095206368714571 -0.033954374492168427 0.08016758412122726 -0.010098590515553951 0.9967302083969116 3.3081259727478027
6.738741 0.9966464638710022 -0.005620911251753569 -0.08163412660360336 -0.2119574099779129 0.005781145766377449 0.9999818205833435 0.0017266146605834365 -0.03435279056429863 0.08162292093038559 -0.002192763378843665 0.9966608285903931 3.3551735877990723
6.84235 0.9965071082115173 -0.004832075443118811 -0.08336815237998962 -0.21565228700637817 0.00460917130112648 0.9999852776527405 -0.0028659822419285774 -0.03521272912621498 0.08338075131177902 0.002471713349223137 0.9965146780014038 3.408572196960449
6.945963 0.9964800477027893 0.0007669237093068659 -0.08382637798786163 -0.22071774303913116 -0.0009496023994870484 0.9999971985816956 -0.002139402786269784 -0.03589004650712013 0.08382450044155121 0.00221147364936769 0.9964780807495117 3.4566352367401123
7.049705 0.9964395761489868 0.003567843697965145 -0.08423526585102081 -0.22581684589385986 -0.003552405396476388 0.9999936819076538 0.0003331531770527363 -0.03687547147274017 0.08423591405153275 -3.272923640906811e-05 0.9964458346366882 3.5078835487365723
7.153323 0.9962806701660156 0.006267842836678028 -0.08594055473804474 -0.22945278882980347 -0.006111518479883671 0.9999791979789734 0.002081966260448098 -0.03797750174999237 0.0859518051147461 -0.0015489961951971054 0.9962981343269348 3.5581939220428467
7.256934 0.9962006211280823 0.00645978469401598 -0.08684932440519333 -0.2344026416540146 -0.006339447572827339 0.9999785423278809 0.001661324524320662 -0.03835655003786087 0.08685819059610367 -0.001104435184970498 0.9962201118469238 3.604025363922119
7.360549 0.9960417747497559 0.008780880831182003 -0.08845340460538864 -0.23928126692771912 -0.008599133230745792 0.9999600648880005 0.0024355680216103792 -0.03905697911977768 0.08847127854824066 -0.0016653041820973158 0.9960773587226868 3.654233694076538
7.464167 0.9959020614624023 0.009208709932863712 -0.08996796607971191 -0.24301567673683167 -0.008951302617788315 0.9999546408653259 0.003264195052906871 -0.0399329848587513 0.0899939239025116 -0.002445488702505827 0.995939314365387 3.6980481147766113
7.567786 0.995730996131897 0.008599001914262772 -0.09190060198307037 -0.24694690108299255 -0.008301660418510437 0.9999590516090393 0.003617275506258011 -0.04019288346171379 0.09192793071269989 -0.002838905667886138 0.9957615733146667 3.746037006378174
7.671396 0.9956162571907043 0.008294201456010342 -0.09316273033618927 -0.25149741768836975 -0.007896623574197292 0.9999580979347229 0.004635402001440525 -0.04081745445728302 0.09319724887609482 -0.0038794102147221565 0.9956400990486145 3.7940526008605957
7.775144 0.9955022931098938 0.01175577100366354 -0.09400582313537598 -0.25635844469070435 -0.011112532578408718 0.9999110698699951 0.007363122422248125 -0.04140692204236984 0.09408405423164368 -0.0062853628769516945 0.99554443359375 3.835050582885742
7.878754 0.9953686594963074 0.013206306844949722 -0.09522031992673874 -0.2605743408203125 -0.012173449620604515 0.9998606443405151 0.011419802904129028 -0.04172554239630699 0.09535787999629974 -0.010207755491137505 0.995390772819519 3.8800244331359863
7.982493 0.9951543211936951 0.016528358682990074 -0.09692704677581787 -0.26549091935157776 -0.015315608121454716 0.9997950196266174 0.013242698274552822 -0.04208565130829811 0.09712604433298111 -0.011694030836224556 0.99520343542099 3.925034284591675
8.086111 0.9950084686279297 0.01908114366233349 -0.09794951975345612 -0.269924521446228 -0.01825735718011856 0.9997900724411011 0.00929988082498312 -0.04284190759062767 0.09810639917850494 -0.00746516278013587 0.9951478838920593 3.9631378650665283
8.189849 0.9948944449424744 0.01878090761601925 -0.09915844351053238 -0.27474144101142883 -0.01865721307694912 0.9998236298561096 0.002174715045839548 -0.043526045978069305 0.09918177872896194 -0.0003135930746793747 0.9950692653656006 4.00502872467041
8.29347 0.9947434067726135 0.018237553536891937 -0.10076218098402023 -0.27831873297691345 -0.018731674179434776 0.9998167753219604 -0.0039597926661372185 -0.04359608143568039 0.10067148506641388 0.005826421082019806 0.9949026703834534 4.043455123901367
8.397102 0.9946680665016174 0.018679175525903702 -0.10142257064580917 -0.28260642290115356 -0.01925582066178322 0.9998035430908203 -0.00470946216955781 -0.04478723928332329 0.10131466388702393 0.006637326441705227 0.9948322772979736 4.083577632904053
8.500847 0.9945657253265381 0.021646352484822273 -0.10183592140674591 -0.287348210811615 -0.02184228040277958 0.9997612237930298 -0.0008091372437775135 -0.045755233615636826 0.10179407894611359 0.0030290677677839994 0.994800865650177 4.122895240783691
8.604438 0.9943510293960571 0.022106178104877472 -0.10381413251161575 -0.29033440351486206 -0.022130222991108894 0.9997547268867493 0.0009203467052429914 -0.04600090533494949 0.10380901396274567 0.001382282585836947 0.9945962429046631 4.156771659851074
8.708175 0.9943496584892273 0.018946776166558266 -0.10444975644350052 -0.29441267251968384 -0.01931917853653431 0.9998101592063904 -0.002554750069975853 -0.04645390436053276 0.10438153892755508 0.004558197688311338 0.9945268630981445 4.193487167358398
8.811795 0.994436502456665 0.011041596531867981 -0.10475783050060272 -0.2971755266189575 -0.011908172629773617 0.9998998641967773 -0.007650323212146759 -0.04724006727337837 0.10466287285089493 0.00885523296892643 0.9944683313369751 4.228732109069824
8.915403 0.994555652141571 0.007050542626529932 -0.10396792739629745 -0.3002832531929016 -0.008362622000277042 0.9998906850814819 -0.012189547531306744 -0.04849483072757721 0.10387063026428223 0.012992625124752522 0.9945058822631836 4.260394096374512
9.019162 0.9948728680610657 0.009248633868992329 -0.10070879757404327 -0.30403968691825867 -0.010576575063169003 0.9998639225959778 -0.012660027481615543 -0.04896145313978195 0.10057800263166428 0.013660270720720291 0.994835376739502 4.294247150421143
9.12289 0.9952420592308044 0.014107413589954376 -0.09640686213970184 -0.30785539746284485 -0.01512607466429472 0.9998371005058289 -0.009843599051237106 -0.04969847574830055 0.09625230729579926 0.011255021207034588 0.9952932596206665 4.326724529266357
9.226512 0.995698869228363 0.012717322446405888 -0.09177049994468689 -0.3103789687156677 -0.013390088453888893 0.9998878240585327 -0.006718984805047512 -0.050276096910238266 0.09167476743459702 0.007918902672827244 0.995757520198822 4.3559465408325195
9.330247 0.9962307810783386 0.009060916490852833 -0.08626796305179596 -0.3122078776359558 -0.009325544349849224 0.999953031539917 -0.002665005624294281 -0.0507226400077343 0.0862397700548172 0.0034594577737152576 0.9962685108184814 4.387454032897949
9.433986 0.9969421029090881 0.004799052607268095 -0.07799526304006577 -0.3141641914844513 -0.0047889286652207375 0.9999885559082031 0.00031681545078754425 -0.05102068558335304 0.0779958963394165 5.766795948147774e-05 0.9969537258148193 4.418947219848633
9.537749 0.9976926445960999 0.008407455869019032 -0.06737114489078522 -0.3157429099082947 -0.00836444366723299 0.9999646544456482 0.0009204987436532974 -0.05251710116863251 0.06737648695707321 -0.00035485258558765054 0.9977275133132935 4.445097923278809
9.641587 0.9985470175743103 0.013787692412734032 -0.052095927298069 -0.31768476963043213 -0.013787948526442051 0.9999048709869385 0.0003544829087331891 -0.05297691747546196 0.052095867693424225 0.0003643280651886016 0.9986419081687927 4.474362373352051
9.745342 0.9992506504058838 0.01871088333427906 -0.033886898308992386 -0.3182078003883362 -0.018701622262597084 0.9998250007629395 0.0005903173005208373 -0.05310562998056412 0.03389201685786247 4.386508953757584e-05 0.9994254112243652 4.503190994262695
9.849229 0.9997847080230713 0.016963999718427658 -0.011949757114052773 -0.31772342324256897 -0.0169476680457592 0.9998552203178406 0.0014666286297142506 -0.053731769323349 0.011972907930612564 -0.0012637920444831252 0.9999275207519531 4.527792453765869
9.953059 0.999808132648468 0.013413935899734497 0.014279957860708237 -0.31600236892700195 -0.013439791277050972 0.9999082088470459 0.0017159685958176851 -0.0536627359688282 -0.014255632646381855 -0.0019075588788837194 0.9998965263366699 4.5550761222839355
10.05693 0.9989747405052185 0.012322409078478813 0.04356395825743675 -0.3136875331401825 -0.01249447651207447 0.9999150633811951 0.0036797202192246914 -0.054588332772254944 -0.0435149148106575 -0.004220255650579929 0.999043881893158 4.579324245452881
10.16083 0.9969635605812073 0.011918182484805584 0.07695416361093521 -0.31057435274124146 -0.012320040725171566 0.9999127388000488 0.004749387502670288 -0.0548848956823349 -0.07689085602760315 -0.005683043971657753 0.997023344039917 4.606105804443359
10.26466 0.9932838678359985 0.012174664065241814 0.11506065726280212 -0.30692023038864136 -0.012855788692831993 0.9999038577079773 0.0051794881001114845 -0.05517499893903732 -0.11498653888702393 -0.006623897701501846 0.9933449625968933 4.631516933441162
10.36867 0.9877445697784424 0.011991659179329872 0.1556176394224167 -0.3018786311149597 -0.013047181069850922 0.9998983144760132 0.005763127002865076 -0.056004639714956284 -0.15553270280361176 -0.007722868584096432 0.9878005385398865 4.651973724365234
10.47264 0.9796392321586609 0.011741491965949535 0.200422465801239 -0.29534339904785156 -0.013047703541815281 0.9999014139175415 0.005197562277317047 -0.056050512939691544 -0.20034168660640717 -0.0077067892998456955 0.979695737361908 4.675709247589111
10.57663 0.9681093096733093 0.013804051093757153 0.25014764070510864 -0.2884864807128906 -0.01506163738667965 0.9998817443847656 0.003113742684945464 -0.05663634091615677 -0.250075101852417 -0.006782077252864838 0.9682026505470276 4.698032855987549
10.68062 0.9529238343238831 0.014577828347682953 0.30285927653312683 -0.279171347618103 -0.015388081781566143 0.9998815655708313 0.00028913491405546665 -0.057301115244627 -0.3028191924095154 -0.004935947246849537 0.9530352354049683 4.720473289489746
10.78461 0.9335120916366577 0.015167774632573128 0.358225017786026 -0.26964104175567627 -0.015379984863102436 0.9998790621757507 -0.002257085405290127 -0.057613223791122437 -0.3582160174846649 -0.003402476664632559 0.9336325526237488 4.739714622497559
10.88875 0.9094483256340027 0.015828263014554977 0.4155157208442688 -0.2584720849990845 -0.01550333946943283 0.9998711347579956 -0.004155660048127174 -0.05806240439414978 -0.41552796959877014 -0.0026625224854797125 0.9095764756202698 4.759820938110352
10.99272 0.8802862167358398 0.016268325969576836 0.47416403889656067 -0.2460792064666748 -0.014918315224349499 0.9998668432235718 -0.006609046831727028 -0.05817553400993347 -0.47420841455459595 -0.0012558749876916409 0.880411684513092 4.779512882232666
11.09659 0.8477419018745422 0.014736528508365154 0.5302042365074158 -0.23245573043823242 -0.011949373409152031 0.9998908638954163 -0.008685208857059479 -0.05875486508011818 -0.5302743911743164 0.0010272071231156588 0.8478256464004517 4.795360565185547
11.20057 0.8112214207649231 0.014772088266909122 0.5845524668693542 -0.21710491180419922 -0.01054092962294817 0.9998878240585327 -0.010639594867825508 -0.058936845511198044 -0.5846441388130188 0.002469340804964304 0.8112861514091492 4.81246280670166
11.30431 0.7711853384971619 0.012957274913787842 0.636478841304779 -0.2009570598602295 -0.009243709035217762 0.9999153017997742 -0.009155941195786 -0.06000876426696777 -0.6365436911582947 0.00117750174831599 0.7712397575378418 4.829010963439941
11.40818 0.7304342985153198 0.01271950826048851 0.6828644871711731 -0.18520474433898926 -0.009968115016818047 0.9999186992645264 -0.007962665520608425 -0.06001545488834381 -0.6829102635383606 -0.0009906686609610915 0.7305015325546265 4.8404388427734375
11.51192 0.6850082278251648 0.011963672004640102 0.7284371256828308 -0.1672346591949463 -0.009262438863515854 0.9999274015426636 -0.007712341379374266 -0.060485996305942535 -0.7284764647483826 -0.0014640884473919868 0.68506920337677 4.854673862457275
11.61553 0.6394144296646118 0.010792679153382778 0.7687864899635315 -0.14787793159484863 -0.005508902482688427 0.9999401569366455 -0.009455888532102108 -0.06083820015192032 -0.7688425183296204 0.0018110575620085 0.6394354701042175 4.866663932800293
11.71927 0.5936926007270813 0.0079827681183815 0.8046523332595825 -0.13057494163513184 -3.6096727853873745e-05 0.9999510049819946 -0.009893648326396942 -0.06167588755488396 -0.8046919703483582 0.005844738334417343 0.5936636924743652 4.875223159790039
11.82277 0.5477743148803711 0.009725743904709816 0.8365696668624878 -0.11035346984863281 -0.0018278004135936499 0.9999439716339111 -0.010428274981677532 -0.06261292099952698 -0.8366241455078125 0.004183255136013031 0.5477613210678101 4.885288715362549
11.92638 0.5009615421295166 0.012281638570129871 0.8653824329376221 -0.09014439582824707 -0.00533956428989768 0.9999241232872009 -0.011100053787231445 -0.0633283257484436 -0.8654530644416809 0.0009399330010637641 0.5009891390800476 4.894899845123291
12.03 0.454739511013031 0.014742475003004074 0.8905025124549866 -0.07193267345428467 -0.005836726166307926 0.9998908042907715 -0.013572869822382927 -0.06370169669389725 -0.8906053304672241 0.0009745012503117323 0.4547758996486664 4.903027534484863
12.13361 0.41228073835372925 0.01236808579415083 0.9109730124473572 -0.05113232135772705 0.0012623814400285482 0.99989914894104 -0.014146734960377216 -0.06425246596336365 -0.9110559225082397 0.00698242150247097 0.41222354769706726 4.909897804260254
12.2371 0.3732262849807739 0.004539367742836475 0.9277292490005493 -0.030190706253051758 0.016939062625169754 0.9997880458831787 -0.011706548742949963 -0.06451915204524994 -0.9275857210159302 0.02008405327796936 0.37307026982307434 4.915112495422363
12.3406 0.3383541703224182 0.0011223084293305874 0.9410182237625122 -0.00802159309387207 0.02121860720217228 0.9997360110282898 -0.008821739815175533 -0.06476010382175446 -0.9407796859741211 0.022951964288949966 0.3382410705089569 4.92063570022583
12.44411 0.3048345148563385 0.004867472220212221 0.9523928761482239 0.01424562931060791 0.018396036699414253 0.9997703433036804 -0.010997665114700794 -0.06552208960056305 -0.9522277116775513 0.02087271399796009 0.3046749234199524 4.926964282989502
12.54767 0.2738240957260132 0.01292966678738594 0.9616929292678833 0.0345311164855957 0.0081314817070961 0.9998428821563721 -0.015757866203784943 -0.06600674986839294 -0.9617454409599304 0.012134871445596218 0.2736758291721344 4.932925224304199
12.65107 0.24450615048408508 0.016240961849689484 0.9695116877555847 0.0575709342956543 0.003790884278714657 0.9998360872268677 -0.01770498789846897 -0.06732524186372757 -0.9696403741836548 0.008004285395145416 0.24440447986125946 4.938709259033203
12.75469 0.22018106281757355 0.018850771710276604 0.9752769470214844 0.0802232027053833 0.004648623522371054 0.999781608581543 -0.02037390135228634 -0.06805969774723053 -0.975447952747345 0.00901964120566845 0.2200453281402588 4.94188928604126
12.85806 0.19707182049751282 0.020644167438149452 0.9801717400550842 0.10431236028671265 0.01271464116871357 0.9996404051780701 -0.02361059933900833 -0.06832340359687805 -0.9803065657615662 0.01711551658809185 0.19673846662044525 4.944830894470215
12.96167 0.17685216665267944 0.026154695078730583 0.9838900566101074 0.12838101387023926 0.018925584852695465 0.9993717074394226 -0.029968084767460823 -0.0690625011920929 -0.9840553998947144 0.023920617997646332 0.1762460470199585 4.947611331939697
13.0652 0.1572546660900116 0.03250092267990112 0.9870231747627258 0.15419089794158936 0.02173023670911789 0.9991024732589722 -0.03636077418923378 -0.06921574473381042 -0.9873189926147461 0.027166148647665977 0.15640723705291748 4.950769901275635
13.16877 0.139709010720253 0.03377457708120346 0.9896164536476135 0.1796310544013977 0.018368564546108246 0.999157726764679 -0.03669339418411255 -0.07015438377857208 -0.9900222420692444 0.023304235190153122 0.13897094130516052 4.95384407043457
13.27235 0.12430950254201889 0.029421234503388405 0.991807222366333 0.20704901218414307 0.016870329156517982 0.9993531703948975 -0.03175954148173332 -0.07139971852302551 -0.9921000599861145 0.020680125802755356 0.12373273819684982 4.9568023681640625
13.37588 0.10993557423353195 0.026143180206418037 0.9935948252677917 0.235093355178833 0.017206508666276932 0.9994542002677917 -0.02820114605128765 -0.0727558359503746 -0.993789792060852 0.02019660547375679 0.10942573100328445 4.959229946136475
13.4795 0.09591135382652283 0.023633375763893127 0.9951093196868896 0.26477131247520447 0.019684012979269028 0.9994776248931885 -0.025634316727519035 -0.07373025268316269 -0.9951952695846558 0.022046364843845367 0.09539604187011719 4.961745262145996
13.58311 0.08540965616703033 0.02284320630133152 0.9960839748382568 0.294126957654953 0.02383243478834629 0.9994041323661804 -0.02496287226676941 -0.07468269765377045 -0.996060848236084 0.02587117813527584 0.08481436222791672 4.963081359863281
13.68672 0.07531341165304184 0.023431938141584396 0.9968845248222351 0.32458123564720154 0.026996862143278122 0.9993096590042114 -0.025528516620397568 -0.07563449442386627 -0.9967945218086243 0.028835391625761986 0.0746287927031517 4.964669227600098
13.79034 0.06833075731992722 0.024699175730347633 0.9973569512367249 0.3569122850894928 0.029071692377328873 0.9992196559906006 -0.026737062260508537 -0.076271653175354 -0.9972389936447144 0.030821815133094788 0.0675593763589859 4.965792655944824
13.89395 0.061938248574733734 0.024550002068281174 0.997778058052063 0.38884562253952026 0.031078459694981575 0.9991652965545654 -0.026513366028666496 -0.07745523750782013 -0.997596025466919 0.032651595771312714 0.0611235648393631 4.968150615692139
13.99767 0.05681074038147926 0.02610461227595806 0.9980437159538269 0.4234653115272522 0.031715985387563705 0.9991064071655273 -0.0279377531260252 -0.07825848460197449 -0.9978810548782349 0.03324109688401222 0.05593203380703926 4.969598293304443
14.1013 0.0504751056432724 0.026024924591183662 0.9983861446380615 0.45719558000564575 0.032966844737529755 0.999072253704071 -0.02770950086414814 -0.07977168262004852 -0.9981811046600342 0.03431227430701256 0.04957031086087227 4.971035003662109
14.20492 0.0462968684732914 0.02552931196987629 0.9986014366149902 0.4950258135795593 0.03522904962301254 0.9990098476409912 -0.027173027396202087 -0.08126424252986908 -0.9983063340187073 0.036437805742025375 0.045351650565862656 4.972412109375
14.30854 0.043485336005687714 0.025994393974542618 0.9987157583236694 0.5296140313148499 0.03733660280704498 0.9989208579063416 -0.027625413611531258 -0.08211918920278549 -0.9983561635017395 0.03848996385931969 0.042467858642339706 4.97324800491333
14.41227 0.040236666798591614 0.02542712353169918 0.998866617679596 0.5683252811431885 0.03787827491760254 0.998918890953064 -0.026954278349876404 -0.08348517119884491 -0.9984719753265381 0.03891990706324577 0.03923002630472183 4.974788188934326
14.51589 0.03807368874549866 0.024762636050581932 0.9989680647850037 0.6071962118148804 0.04028771072626114 0.9988421201705933 -0.026294998824596405 -0.08475637435913086 -0.9984624981880188 0.04124727472662926 0.03703197091817856 4.9752516746521
14.61968 0.03714756295084953 0.02458604797720909 0.9990072250366211 0.6499135494232178 0.04453515261411667 0.9986633658409119 -0.026233598589897156 -0.08575843274593353 -0.9983169436454773 0.045465465635061264 0.03600296378135681 4.977241516113281
14.72326 0.03960558772087097 0.024094654247164726 0.9989248514175415 0.6901265382766724 0.04817083105444908 0.9985008239746094 -0.02599431946873665 -0.08713249862194061 -0.9980536103248596 0.0491485632956028 0.0383855476975441 4.975605487823486
14.82686 0.043387506157159805 0.023548545315861702 0.9987807869911194 0.73354172706604 0.051307786256074905 0.9983505010604858 -0.025767235085368156 -0.0889606773853302 -0.9977399706840515 0.052363209426403046 0.042107708752155304 4.975397109985352
14.93048 0.046118706464767456 0.02376561053097248 0.9986532330513 0.7753384709358215 0.052649784833192825 0.9982695579528809 -0.026187894865870476 -0.09008671343326569 -0.9975475072860718 0.05378662422299385 0.04478764906525612 4.978635787963867
15.0341 0.05069756507873535 0.02322191372513771 0.9984440207481384 0.8208542466163635 0.05292513221502304 0.9982624053955078 -0.025905044749379158 -0.09138479083776474 -0.9973106384277344 0.0541561059653759 0.04938044771552086 4.9805402755737305
15.13784 0.05395956337451935 0.021537140011787415 0.998310923576355 0.866426944732666 0.054621290415525436 0.9982067942619324 -0.024487223476171494 -0.09301766008138657 -0.997048020362854 0.05585033819079399 0.0526864193379879 4.983945846557617
15.24145 0.05913577228784561 0.019952725619077682 0.9980505704879761 0.9114893078804016 0.054686132818460464 0.9982340931892395 -0.023196617141366005 -0.09400564432144165 -0.9967508316040039 0.055951278656721115 0.057940203696489334 4.984902858734131
15.34508 0.06296024471521378 0.01795445755124092 0.997854471206665 0.9588853120803833 0.0515391081571579 0.9984455108642578 -0.021216981112957 -0.09519420564174652 -0.9966843724250793 0.05276435613632202 0.06193701550364494 4.988541603088379
15.44881 0.06722026318311691 0.017128961160779 0.9975910782814026 1.0080430507659912 0.05062943324446678 0.9985058903694153 -0.020556211471557617 -0.09654007852077484 -0.9964526891708374 0.051889266818761826 0.06625259667634964 4.9917168617248535
15.55255 0.0715518370270729 0.017526496201753616 0.9972829222679138 1.0533480644226074 0.04798491299152374 0.9986274838447571 -0.020992888137698174 -0.09847841411828995 -0.9962819218635559 0.049356602132320404 0.07061263918876648 4.994328022003174
15.65617 0.07471444457769394 0.021829232573509216 0.9969660639762878 1.1029305458068848 0.04561920464038849 0.9986388683319092 -0.025284644216299057 -0.10005085170269012 -0.9961609244346619 0.04736991226673126 0.07361691445112228 4.9985198974609375
15.7599 0.07646860927343369 0.026833267882466316 0.9967108964920044 1.1522746086120605 0.04013459011912346 0.9987449049949646 -0.02996719256043434 -0.10189208388328552 -0.996263861656189 0.042294133454561234 0.07529570162296295 5.001952648162842
15.86364 0.07586666196584702 0.030062267556786537 0.9966647028923035 1.1985089778900146 0.037122320383787155 0.9987673163414001 -0.032951466739177704 -0.10374891757965088 -0.9964267611503601 0.03949841484427452 0.07465717196464539 5.006359577178955
15.96739 0.07606804370880127 0.030011512339115143 0.9966508746147156 1.2482764720916748 0.0344013087451458 0.9988728761672974 -0.032704055309295654 -0.10545135289430618 -0.9965090155601501 0.03677382692694664 0.07494986057281494 5.010275840759277
16.07102 0.07653673738241196 0.027773868292570114 0.9966799020767212 1.298114538192749 0.03194787725806236 0.9990304112434387 -0.030292699113488197 -0.10796359181404114 -0.9965549111366272 0.0341603085398674 0.07557521760463715 5.013828754425049
16.17474 0.07651534676551819 0.026765834540128708 0.9967091083526611 1.3449987173080444 0.03294849395751953 0.999025821685791 -0.029357431456446648 -0.10982362926006317 -0.9965239763259888 0.03508634865283966 0.07555888593196869 5.017220973968506
16.27845 0.07675431668758392 0.025904132053256035 0.9967135190963745 1.3950198888778687 0.0308527909219265 0.9991220831871033 -0.02834262140095234 -0.1122048944234848 -0.9965726733207703 0.032926805317401886 0.07588770985603333 5.02161979675293
16.38209 0.07717738300561905 0.026213282719254494 0.9966727495193481 1.4447805881500244 0.0293039008975029 0.9991627931594849 -0.028547920286655426 -0.11448375880718231 -0.9965866208076477 0.031409651041030884 0.07634459435939789 5.025389194488525
