1403636579.7635555 1.0 0.0 0.0 0.0 0.0 1.0 0.0 0.0 0.0 0.0 1.0 0.0
1403636579.8135555 0.9999852180480957 0.0012104145716875792 0.005305102095007896 0.00045297996257431805 -0.0011948097962886095 0.9999949336051941 -0.0029436510521918535 0.015141458250582218 -0.005308637395501137 0.0029372693970799446 0.9999815821647644 0.006979287602007389
1403636579.8635557 0.9999411702156067 0.004880927037447691 0.009701209142804146 0.0005698185414075851 -0.0048960791900753975 0.9999868273735046 0.0015386941377073526 0.03377125784754753 -0.009693572297692299 -0.0015861010178923607 0.9999517798423767 0.013677176088094711
1403636579.9135554 0.9999180436134338 0.0057933456264436245 0.011413933709263802 0.0005532779614441097 -0.005924780387431383 0.9999160766601562 0.011515324003994465 0.056045401841402054 -0.011346262879669666 -0.011582006700336933 0.9998685717582703 0.02050035633146763
1403636579.9635556 0.999918520450592 0.005563321523368359 0.011490076780319214 -0.00016656031948514283 -0.005837090779095888 0.9996965527534485 0.023932062089443207 0.08020123839378357 -0.01135344710201025 -0.023997178301215172 0.9996476173400879 0.027433693408966064
1403636580.0135555 0.9999340176582336 0.0021464156452566385 0.011283488012850285 -0.0007534846081398427 -0.002530081896111369 0.9994152188301086 0.03409891575574875 0.10501876473426819 -0.011203699745237827 -0.03412521630525589 0.9993547797203064 0.034371379762887955
1403636580.0635555 0.9999282956123352 0.0011268222006037831 0.011921221390366554 -0.001498707919381559 -0.0016156984493136406 0.9991545677185059 0.041079115122556686 0.13140855729579926 -0.011864854954183102 -0.04109542816877365 0.9990847706794739 0.041851308196783066
1403636580.1135554 0.9999322891235352 -0.003512813476845622 0.011089344508945942 -0.0021709795109927654 0.002997687319293618 0.9989308714866638 0.04613194614648819 0.15600652992725372 -0.011239542625844479 -0.046095579862594604 0.998873770236969 0.048602741211652756
1403636580.1635556 0.9999287128448486 -0.006062853150069714 0.01028705108910799 -0.002935337834060192 0.00554284593090415 0.9987414479255676 0.049846433103084564 0.18100802600383759 -0.01057631429284811 -0.04978586360812187 0.9987038969993591 0.0545634850859642
1403636580.2135556 0.9999350905418396 -0.006822387687861919 0.00912965927273035 -0.0032314627896994352 0.0063170334324240685 0.998505711555481 0.0542813278734684 0.20402276515960693 -0.009486347436904907 -0.05422012880444527 0.9984839558601379 0.06067918613553047
1403636580.2635555 0.9999475479125977 -0.005077239125967026 0.008894775994122028 -0.003869863925501704 0.004538343753665686 0.9982125163078308 0.05959198623895645 0.22527363896369934 -0.009181437082588673 -0.059548504650592804 0.9981830716133118 0.06610868126153946
1403636580.3135555 0.9999535083770752 -0.00011629010259639472 0.009636744856834412 -0.004671873524785042 -0.0005332939908839762 0.9977275133132935 0.06737693399190903 0.24520239233970642 -0.00962267629802227 -0.0673789530992508 0.9976810216903687 0.0702052116394043
1403636580.3635557 0.9999734163284302 0.000830235832836479 0.007247881032526493 -0.005380760412663221 -0.0013960747746750712 0.9969196319580078 0.07841727137565613 0.2630259394645691 -0.007160448934882879 -0.07842528820037842 0.9968942999839783 0.07298824191093445
1403636580.4135554 0.9999623894691467 0.0037727297749370337 0.007813254371285439 -0.0060483841225504875 -0.0044851237908005714 0.9956310987472534 0.0932655930519104 0.2795409560203552 -0.007427255157381296 -0.09329712390899658 0.9956105351448059 0.0755348801612854
1403636580.4635556 0.9999701976776123 0.004132252652198076 0.00651741586625576 -0.007078074850142002 -0.004827870987355709 0.9938523769378662 0.11060791462659836 0.2926230728626251 -0.00602028938010335 -0.11063607782125473 0.9938426613807678 0.07673470675945282
1403636580.5135555 0.9999749064445496 0.0037444329354912043 0.005993886850774288 -0.007930112071335316 -0.004480255302041769 0.9917796850204468 0.12787874042987823 0.2991091012954712 -0.005465782713145018 -0.12790237367153168 0.9917716383934021 0.07735378295183182
1403636580.5635555 0.9999895095825195 0.002084447303786874 0.004087315406650305 -0.009017170406877995 -0.0026407097466289997 0.9899777173995972 0.14119893312454224 0.29769518971443176 -0.0037520306650549173 -0.1412082463502884 0.989972710609436 0.07601742446422577
1403636580.6135554 0.9999995231628418 0.0006464598700404167 0.0007039075717329979 -0.009664829820394516 -0.0007420313195325434 0.9893503189086914 0.14555229246616364 0.28797370195388794 -0.0006023175083100796 -0.14555276930332184 0.9893502593040466 0.07234854996204376
1403636580.6635556 0.999998927116394 0.0013462707865983248 0.0002497662208043039 -0.01046827994287014 -0.0013681951677426696 0.9896080493927002 0.14378434419631958 0.26948651671409607 -5.359765054890886e-05 -0.14378458261489868 0.9896089434623718 0.06692083179950714
1403636580.7135556 0.9999843239784241 0.004520429763942957 0.0033193877898156643 -0.01136192586272955 -0.004929831717163324 0.9906994700431824 0.1359788328409195 0.24423924088478088 -0.002673833165317774 -0.135993093252182 0.9907060861587524 0.06076435372233391
1403636580.7635555 0.9999054670333862 0.010892429389059544 0.00837391521781683 -0.011899087578058243 -0.0118545051664114 0.992078423500061 0.1250603049993515 0.21407246589660645 -0.006945368833839893 -0.12514787912368774 0.9921136498451233 0.05457358807325363
1403636580.8135555 0.9997155070304871 0.017974749207496643 0.01567237079143524 -0.011918041855096817 -0.019623620435595512 0.9934768080711365 0.11233405023813248 0.17920316755771637 -0.013550959527492523 -0.11260975152254105 0.9935467839241028 0.04852094501256943
1403636580.8635557 0.9994074106216431 0.0231187641620636 0.025501519441604614 -0.011861972510814667 -0.025497514754533768 0.9949302673339844 0.09728242456912994 0.14047224819660187 -0.02312318980693817 -0.09787500649690628 0.9949300289154053 0.03975453972816467
1403636580.9135554 0.9988824129104614 0.03038535639643669 0.036201111972332 -0.01235441118478775 -0.033264901489019394 0.9960938096046448 0.08179467171430588 0.10197558999061584 -0.03357434272766113 -0.08290751278400421 0.9959914684295654 0.03214051201939583
1403636580.9635556 0.998569667339325 0.03475950285792351 0.04062385484576225 -0.013701706193387508 -0.03741414099931717 0.9970830082893372 0.06652545183897018 0.06378155201673508 -0.03819296881556511 -0.06795023381710052 0.9969573616981506 0.024208055809140205
1403636581.0135555 0.9984468817710876 0.03778877854347229 0.04093668609857559 -0.015383176505565643 -0.03991381824016571 0.9978280663490295 0.05240112543106079 0.028439238667488098 -0.03886760398745537 -0.05395369231700897 0.9977866411209106 0.016259515658020973
1403636581.0635555 0.9985140562057495 0.037771616131067276 0.03927871957421303 -0.017165588214993477 -0.03933274373412132 0.9984347224235535 0.03976229578256607 -0.007686831057071686 -0.03771534189581871 -0.04124815762042999 0.9984368085861206 0.008677869103848934
1403636581.1135554 0.9985768795013428 0.03543201461434364 0.039856649935245514 -0.01796101965010166 -0.03651107847690582 0.9989770650863647 0.026679586619138718 -0.038919951766729355 -0.03887055814266205 -0.02809682860970497 0.9988491535186768 0.0018080661538988352
1403636581.1635556 0.9987319111824036 0.02995654195547104 0.040463510900735855 -0.01795775629580021 -0.03040914051234722 0.9994809627532959 0.01061641052365303 -0.0668853223323822 -0.04012449085712433 -0.011833405122160912 0.9991246461868286 -0.0035193380899727345
1403636581.2135556 0.9987937808036804 0.0264128427952528 0.04139517620205879 -0.018406180664896965 -0.026224907487630844 0.9996431469917297 -0.005076603032648563 -0.09393233060836792 -0.041514500975608826 0.003984895534813404 0.9991300106048584 -0.011246881447732449
1403636581.2635555 0.9988986849784851 0.022081634029746056 0.04139883816242218 -0.018269555643200874 -0.021150583401322365 0.9995162487030029 -0.02279459871351719 -0.11603148281574249 -0.041882168501615524 0.02189389243721962 0.9988826513290405 -0.01777116023004055
1403636581.3135555 0.9988802671432495 0.02416684851050377 0.04067223519086838 -0.01698184385895729 -0.02262181043624878 0.9990204572677612 -0.038028374314308167 -0.1306309998035431 -0.04155142605304718 0.03706572204828262 0.9984485507011414 -0.0226950291544199
1403636581.3635557 0.9988245964050293 0.024678228422999382 0.04171702638268471 -0.017430294305086136 -0.022632280364632607 0.9985509514808655 -0.048823852092027664 -0.1384626030921936 -0.042861457914114 0.04782230779528618 0.9979358315467834 -0.026897763833403587
1403636581.4135554 0.998505175113678 0.029614802449941635 0.045936647802591324 -0.01686755381524563 -0.027257472276687622 0.9983204007148743 -0.05112107843160629 -0.1394875943660736 -0.04737343639135361 0.04979254677891731 0.9976353645324707 -0.02837314084172249
1403636581.4635556 0.9982110261917114 0.035330548882484436 0.04823467880487442 -0.015119182877242565 -0.033079881221055984 0.9983617067337036 -0.04668757691979408 -0.1297828108072281 -0.04980515316128731 0.04500845447182655 0.9977443218231201 -0.02699199691414833
1403636581.5135555 0.9978712797164917 0.04097709059715271 0.050733551383018494 -0.01325143314898014 -0.03916071727871895 0.9985735416412354 -0.03629320487380028 -0.11296407878398895 -0.05214838311076164 0.03422918543219566 0.9980524778366089 -0.023184044286608696
1403636581.5635555 0.9979076981544495 0.03792039304971695 0.05236565321683884 -0.01106683537364006 -0.03671225532889366 0.9990413188934326 -0.023843808099627495 -0.09012230485677719 -0.053219616413116455 0.021871468052268028 0.9983432292938232 -0.01612788997590542
1403636581.6135554 0.9981243014335632 0.03469466045498848 0.050439443439245224 -0.009344281628727913 -0.034211497753858566 0.9993604421615601 -0.010411251336336136 -0.0635872408747673 -0.0507684051990509 0.008666109293699265 0.9986729025840759 -0.008145016618072987
1403636581.6635556 0.9983249306678772 0.02999921888113022 0.0494699627161026 -0.007660138886421919 -0.030020851641893387 0.9995492696762085 -0.00030600372701883316 -0.03375561535358429 -0.049456849694252014 -0.0011796439066529274 0.9987756609916687 -0.00044583858107216656
1403636581.7135556 0.998275637626648 0.033183503895998 0.048419710248708725 -0.005491558462381363 -0.033551182597875595 0.9994139075279236 0.00680050253868103 -0.0034068948589265347 -0.04816566780209541 -0.008413322269916534 0.998803973197937 0.008364175446331501
1403636581.7635555 0.9985182881355286 0.02956458181142807 0.04568537324666977 -0.0027765987906605005 -0.030061284080147743 0.999495804309845 0.010223539546132088 0.028870627284049988 -0.045360080897808075 -0.011581744998693466 0.9989036321640015 0.016756825149059296
1403636581.8135555 0.9987779259681702 0.02954108454287052 0.039623428136110306 -0.001247734879143536 -0.030077578499913216 0.9994627833366394 0.013012423180043697 0.062061671167612076 -0.0392177440226078 -0.01418830081820488 0.9991299510002136 0.02455243654549122
1403636581.8635557 0.9988831877708435 0.028622061014175415 0.03759365156292915 -5.623255856335163e-05 -0.02931029163300991 0.9994103312492371 0.017885150387883186 0.09485099464654922 -0.03705957159399986 -0.018967056646943092 0.9991330504417419 0.031979430466890335
1403636581.9135554 0.9991261959075928 0.02405150607228279 0.034179992973804474 0.00043983187060803175 -0.02499367669224739 0.9993116855621338 0.02741040103137493 0.12824951112270355 -0.03349720686674118 -0.028240734711289406 0.9990397691726685 0.03940524905920029
1403636581.9635556 0.9989625811576843 0.022884780541062355 0.039370302110910416 -0.00023169838823378086 -0.024459034204483032 0.9989009499549866 0.0399797260761261 0.16076137125492096 -0.038412101566791534 -0.04090121015906334 0.9984245300292969 0.046415943652391434
1403636582.0135555 0.9989497065544128 0.017445694655179977 0.04236721992492676 0.0014206671621650457 -0.019830917939543724 0.998202919960022 0.056547269225120544 0.18983007967472076 -0.0413045808672905 -0.05732806771993637 0.997500479221344 0.054119326174259186
1403636582.0635555 0.9987082481384277 0.019457843154668808 0.04693806543946266 4.364573396742344e-05 -0.022864576429128647 0.9970571994781494 0.07316970080137253 0.21594910323619843 -0.045376215130090714 -0.07414840161800385 0.9962142109870911 0.059514570981264114
1403636582.1135554 0.9987143874168396 0.020448455587029457 0.04638271406292915 -0.0004654042422771454 -0.024586841464042664 0.995594322681427 0.09048306196928024 0.23754240572452545 -0.044328127056360245 -0.09150714427232742 0.9948171377182007 0.06401348114013672
1403636582.1635556 0.9988836050033569 0.019773906096816063 0.04290144145488739 -0.0018373201601207256 -0.024208229035139084 0.9941313862800598 0.10543554276227951 0.2530404031276703 -0.040564801543951035 -0.1063564270734787 0.993500292301178 0.0666675865650177
1403636582.2135556 0.9990044832229614 0.02029324136674404 0.039725761860609055 -0.0032515169586986303 -0.024808835238218307 0.9928577542304993 0.11669576913118362 0.26147541403770447 -0.03707391023635864 -0.11756517738103867 0.992372989654541 0.06783552467823029
1403636582.2635555 0.9991043210029602 0.019864551723003387 0.03736269474029541 -0.004608113318681717 -0.024352390319108963 0.9920108914375305 0.12377896159887314 0.2610146403312683 -0.03460539132356644 -0.12457797676324844 0.9916062951087952 0.0680626779794693
1403636582.3135555 0.9991729855537415 0.020877541974186897 0.03489096090197563 -0.006311082746833563 -0.02512173354625702 0.9917113184928894 0.12600553035736084 0.2512240707874298 -0.03197108581662178 -0.12677782773971558 0.9914159178733826 0.06587470322847366
1403636582.3635557 0.9992756843566895 0.01930798403918743 0.032793767750263214 -0.0084874602034688 -0.023133285343647003 0.9924325942993164 0.12059132754802704 0.23368482291698456 -0.030217230319976807 -0.12126263231039047 0.992160439491272 0.06090467795729637
1403636582.4135554 0.9993147850036621 0.0192099679261446 0.031637903302907944 -0.010595438070595264 -0.022511346265673637 0.9939460754394531 0.10753664374351501 0.20966637134552002 -0.029380595311522484 -0.10817516595125198 0.993697464466095 0.05400852859020233
1403636582.4635556 0.9993166327476501 0.018920263275504112 0.031753383576869965 -0.012603048235177994 -0.021785276010632515 0.9954786896705627 0.09245193004608154 0.18181100487709045 -0.02986060082912445 -0.09308051317930222 0.9952106475830078 0.04802284389734268
1403636582.5135555 0.9991387128829956 0.023004181683063507 0.03453318402171135 -0.013865185901522636 -0.02569948509335518 0.9964834451675415 0.07975098490715027 0.15130966901779175 -0.03257713466882706 -0.0805698037147522 0.9962164163589478 0.040564339607954025
1403636582.5635555 0.9991046190261841 0.02108708769083023 0.03667498752474785 -0.01408749632537365 -0.023614846169948578 0.9972733855247498 0.06991450488567352 0.12018340826034546 -0.03510069102048874 -0.07071799784898758 0.9968785047531128 0.033280957490205765
1403636582.6135554 0.9987549185752869 0.026027420535683632 0.04255462437868118 -0.014076218008995056 -0.02871689572930336 0.9975454211235046 0.06386163085699081 0.08731584995985031 -0.04078802093863487 -0.06500419229269028 0.9970510005950928 0.02504292130470276
1403636582.6635556 0.9984868168830872 0.02677646279335022 0.0480334646999836 -0.014047940261662006 -0.029605267569422722 0.9978081583976746 0.05918150395154953 0.05348730459809303 -0.04634350538253784 -0.06051399186253548 0.9970909357070923 0.017214054241776466
1403636582.7135556 0.9984029531478882 0.02553807757794857 0.050393812358379364 -0.013555070385336876 -0.028278442099690437 0.9981167316436768 0.054437100887298584 0.021489553153514862 -0.048908691853284836 -0.055775225162506104 0.9972447156906128 0.009245279245078564
1403636582.7635555 0.9982724785804749 0.021639248356223106 0.054624322801828384 -0.012531271204352379 -0.02425123192369938 0.9985712170600891 0.047616370022296906 -0.01056008879095316 -0.05351589620113373 -0.048858821392059326 0.9973709583282471 0.0025035259313881397
1403636582.8135555 0.9979876279830933 0.017154667526483536 0.06104321405291557 -0.011193925514817238 -0.01950078085064888 0.999085545539856 0.03804778680205345 -0.04235339164733887 -0.0603346973657608 -0.03916161134839058 0.9974097013473511 -0.004597143270075321
1403636582.8635557 0.9974710941314697 0.012798531912267208 0.06991066038608551 -0.009319956414401531 -0.014568283222615719 0.9995847344398499 0.024863557890057564 -0.07497745752334595 -0.06956341117620468 -0.025819161906838417 0.9972432851791382 -0.01194785162806511
1403636582.9135554 0.997037947177887 0.008480152115225792 0.07644245028495789 -0.00845043919980526 -0.009170802310109138 0.9999201893806458 0.008688394911587238 -0.10438430309295654 -0.07636267691850662 -0.009363698773086071 0.9970360994338989 -0.019645487889647484
1403636582.9635556 0.9967471957206726 0.008841965347528458 0.08010580390691757 -0.007377177476882935 -0.008207490667700768 0.9999322891235352 -0.00824627373367548 -0.1304800808429718 -0.08017328381538391 0.007561980746686459 0.9967522621154785 -0.02738822251558304
1403636583.0135555 0.9964601993560791 0.009107561782002449 0.08357090502977371 -0.00589023670181632 -0.007054739166051149 0.9996668100357056 -0.02482638694345951 -0.1507783830165863 -0.08376916497945786 0.024148937314748764 0.9961925148963928 -0.033876802772283554
1403636583.0635555 0.9964381456375122 0.01201316062361002 0.08346609771251678 -0.005227881483733654 -0.009082572534680367 0.9993318319320679 -0.0354025699198246 -0.16307036578655243 -0.08383563905954361 0.03451839089393616 0.9958816170692444 -0.03866277262568474
1403636583.1135554 0.9962255954742432 0.015202830545604229 0.08545956015586853 -0.004793860949575901 -0.01175319030880928 0.9991011619567871 -0.04072495922446251 -0.1687655746936798 -0.08600187301635742 0.03956681862473488 0.9955089688301086 -0.0405576229095459
1403636583.1635556 0.9958220720291138 0.019291894510388374 0.08925376832485199 -0.0033748941496014595 -0.01565953902900219 0.9990273714065552 -0.04121968895196915 -0.1653394252061844 -0.08996215462684631 0.039649803191423416 0.9951556324958801 -0.038712143898010254
1403636583.2135556 0.995639979839325 0.023451194167137146 0.09028290212154388 -0.0028158121276646852 -0.020015742629766464 0.999047577381134 -0.03877124935388565 -0.15513238310813904 -0.09110613912343979 0.03679513558745384 0.9951611757278442 -0.036546725779771805
1403636583.2635555 0.9957419633865356 0.025357604026794434 0.08862783759832382 -0.0016893106512725353 -0.022310372442007065 0.99913090467453 -0.03520558401942253 -0.1375439614057541 -0.08944353461265564 0.03307836130261421 0.9954424500465393 -0.030571114271879196
1403636583.3135555 0.995874285697937 0.025340573862195015 0.08713369816541672 -0.0017255926504731178 -0.022707222029566765 0.999258816242218 -0.031081590801477432 -0.11609958112239838 -0.08785674721002579 0.02897479385137558 0.995711624622345 -0.024365320801734924
1403636583.3635557 0.9959803223609924 0.02600533328950405 0.08571454137563705 -0.00040491053368896246 -0.023835262283682823 0.9993712902069092 -0.026244480162858963 -0.09070123732089996 -0.08634316176176071 0.02409595251083374 0.9959740042686462 -0.016658326610922813
1403636583.4135554 0.9963917136192322 0.024184348061680794 0.08135594427585602 0.001194381038658321 -0.022499704733490944 0.9995142221450806 -0.021560639142990112 -0.0612151101231575 -0.08183788508176804 0.0196523554623127 0.9964518547058105 -0.007087398320436478
1403636583.4635556 0.9967821836471558 0.026312435045838356 0.07571703940629959 0.005381035152822733 -0.025251727551221848 0.9995695352554321 -0.014932441525161266 -0.02845875732600689 -0.07607734948396683 0.01297240611165762 0.9970176219940186 0.002638102974742651
1403636583.5135555 0.997003972530365 0.027188275009393692 0.07241439819335938 0.008290051482617855 -0.026627441868185997 0.9996075630187988 -0.008699105121195316 0.005070759914815426 -0.07262250036001205 0.006744833197444677 0.9973366856575012 0.013558749109506607
1403636583.5635555 0.9969428181648254 0.03055850975215435 0.0719093531370163 0.010261520743370056 -0.030658794566988945 0.9995298385620117 0.0002909582108259201 0.038378626108169556 -0.07186666131019592 -0.0024947230704128742 0.9974111318588257 0.022177457809448242
1403636583.6135554 0.9964793920516968 0.03336561843752861 0.07691407948732376 0.012746956199407578 -0.03433595597743988 0.999346137046814 0.011327732354402542 0.07324013113975525 -0.07648584246635437 -0.013928772881627083 0.9969733953475952 0.032549161463975906
1403636583.6635556 0.9969462752342224 0.03061465360224247 0.07183864712715149 0.01216866821050644 -0.032666802406311035 0.9990859627723694 0.027566978707909584 0.10759390145540237 -0.07092903554439545 -0.029829539358615875 0.9970352649688721 0.040060605853796005
1403636583.7135556 0.9974328875541687 0.021249696612358093 0.06838145852088928 0.012925613671541214 -0.02461831644177437 0.9985048770904541 0.0488024577498436 0.1398531049489975 -0.06724219769239426 -0.05036060884594917 0.9964650273323059 0.04790271073579788
1403636583.7635555 0.9978672862052917 0.012925471179187298 0.06398424506187439 0.013525526039302349 -0.017533589154481888 0.9972512125968933 0.07199034094810486 0.16977640986442566 -0.06287785619497299 -0.07295868545770645 0.9953508377075195 0.05580272153019905
1403636583.8135555 0.9979932904243469 0.006649560760706663 0.06297305971384048 0.014401651918888092 -0.012474628165364265 0.9956284761428833 0.09256486594676971 0.19663266837596893 -0.062082286924123764 -0.09316466748714447 0.99371337890625 0.061610087752342224
1403636583.8635557 0.9980177879333496 0.005096096079796553 0.06272851675748825 0.01503092609345913 -0.011836436577141285 0.9941286444664001 0.10755541920661926 0.22103840112686157 -0.06181211769580841 -0.10808469355106354 0.9922182559967041 0.06720582395792007
1403636583.9135554 0.9978816509246826 0.01056597102433443 0.06419193744659424 0.01557948812842369 -0.01808619126677513 0.9928812980651855 0.11772695928812027 0.24250230193138123 -0.062491074204444885 -0.11863856762647629 0.9909691214561462 0.07132810354232788
1403636583.9635556 0.9979615807533264 0.01680854894220829 0.06156454235315323 0.015461146831512451 -0.024348026141524315 0.9920032024383545 0.12384163588285446 0.2597603499889374 -0.05899064242839813 -0.1250881552696228 0.9903903007507324 0.07416322082281113
1403636584.0135555 0.9982362985610962 0.019893458113074303 0.055932238698005676 0.01447229739278555 -0.026853621006011963 0.991592526435852 0.12658272683620453 0.2711356580257416 -0.05294382944703102 -0.12786144018173218 0.9903778433799744 0.0753522664308548
1403636584.0635555 0.9986149072647095 0.021252300590276718 0.048131417483091354 0.013161830604076385 -0.027205118909478188 0.9915788769721985 0.12661385536193848 0.2761179208755493 -0.04503525793552399 -0.12774790823459625 0.9907838106155396 0.07368464767932892
1403636584.1135554 0.9988980889320374 0.02077476680278778 0.04208294674754143 0.011646181344985962 -0.025969497859477997 0.9915727972984314 0.12692037224769592 0.27370184659957886 -0.0390915721654892 -0.12787337601184845 0.9910199046134949 0.07222117483615875
1403636584.1635556 0.999028742313385 0.0223988126963377 0.03794331103563309 0.010427048429846764 -0.027058422565460205 0.9915183186531067 0.127118781208992 0.26390540599823 -0.03477417677640915 -0.1280220001935959 0.9911615252494812 0.06984506547451019
1403636584.2135556 0.999062716960907 0.023356540128588676 0.03644203394651413 0.009635656140744686 -0.027813833206892014 0.9915076494216919 0.12703949213027954 0.2462865114212036 -0.033165354281663895 -0.1279340237379074 0.9912279844284058 0.0665242001414299
1403636584.2635555 0.9990251064300537 0.02469979040324688 0.03658630698919296 0.00820216629654169 -0.02906857617199421 0.9918380975723267 0.12414614111185074 0.22393885254859924 -0.033221304416656494 -0.125088632106781 0.9915893077850342 0.06141464412212372
1403636584.3135555 0.998958945274353 0.025735504925251007 0.03766320273280144 0.00596268568187952 -0.0300659891217947 0.9923977255821228 0.11934278160333633 0.19948147237300873 -0.03430553153157234 -0.12035093456506729 0.9921385049819946 0.055310241878032684
1403636584.3635557 0.9987334609031677 0.0299675315618515 0.04041473940014839 0.005216849036514759 -0.034479476511478424 0.9926493167877197 0.11601105332374573 0.1697119027376175 -0.03664110228419304 -0.11725762486457825 0.9924253821372986 0.049888912588357925
1403636584.4135554 0.998214602470398 0.035564519464969635 0.04798656702041626 0.00534450076520443 -0.04074495658278465 0.9929066896438599 0.11169720441102982 0.13749240338802338 -0.04367372766137123 -0.11345300823450089 0.9925830364227295 0.04494021087884903
1403636584.4635556 0.9976944327354431 0.040502648800611496 0.054456986486911774 0.0060515496879816055 -0.046062223613262177 0.9933996796607971 0.1050499677658081 0.10207302868366241 -0.04984276369214058 -0.10731618851423264 0.9929747581481934 0.03835286572575569
1403636584.5135555 0.9973841309547424 0.04301838204264641 0.05808918923139572 0.005865761078894138 -0.04841013252735138 0.9943138360977173 0.0948493629693985 0.06634406000375748 -0.05367862433195114 -0.09741333872079849 0.9937953352928162 0.03199189156293869
1403636584.5635555 0.9972302913665771 0.042108647525310516 0.06130753457546234 0.005267033819109201 -0.04705868288874626 0.9955475926399231 0.08167320489883423 0.029036102816462517 -0.05759541690349579 -0.08433204889297485 0.9947718381881714 0.025228174403309822
1403636584.6135554 0.997003436088562 0.04071298614144325 0.06577736884355545 0.005249861162155867 -0.04492366313934326 0.9969474077224731 0.06385676562786102 -0.0070344228297472 -0.06297678500413895 -0.066620372235775 0.9957889914512634 0.01910177618265152
1403636584.6635556 0.9964984655380249 0.03889675810933113 0.07401244342327118 0.00268814479932189 -0.0421658530831337 0.9981791973114014 0.0431315116584301 -0.043817680329084396 -0.07220001518726349 -0.04610127955675125 0.9963241219520569 0.011100484058260918
1403636584.7135556 0.9960490465164185 0.03904123604297638 0.07976256310939789 0.00171887397300452 -0.04084360972046852 0.9989429116249084 0.021090907976031303 -0.07701797783374786 -0.07885483652353287 -0.024265365675091743 0.9965907335281372 0.0034068813547492027
1403636584.7635555 0.9954611659049988 0.0386178158223629 0.08698032796382904 0.0005569224013015628 -0.038856010884046555 0.999244213104248 0.0010464377701282501 -0.10753676295280457 -0.08687420189380646 -0.004421396180987358 0.996209442615509 -0.005288132932037115
1403636584.8135555 0.9951245784759521 0.03945646062493324 0.09039032459259033 -2.8202717658132315e-05 -0.03818225488066673 0.9991461634635925 -0.015783540904521942 -0.13520583510398865 -0.09093590825796127 0.012255290523171425 0.9957812428474426 -0.011631287634372711
1403636584.8635557 0.9950980544090271 0.03563976660370827 0.09224953502416611 -0.0013453788124024868 -0.03306325525045395 0.9990233778953552 -0.029309585690498352 -0.1577313393354416 -0.09320404380559921 0.026115842163562775 0.9953044056892395 -0.019124099984765053
1403636584.9135554 0.9953088760375977 0.03270900622010231 0.09105182439088821 -0.0024124053306877613 -0.02926134131848812 0.998812735080719 -0.03894604369997978 -0.17373813688755035 -0.09221762418746948 0.03609904646873474 0.9950842261314392 -0.024156903848052025
1403636584.9635556 0.9953028559684753 0.02711048722267151 0.09293778240680695 -0.0026191449724137783 -0.023222295567393303 0.9988194108009338 -0.04266587272286415 -0.18808753788471222 -0.09398478269577026 0.04030723497271538 0.9947574734687805 -0.028482016175985336
1403636585.0135555 0.9950247406959534 0.024792999029159546 0.09649389982223511 -0.0028988795820623636 -0.020765382796525955 0.9988796710968018 -0.04252242669463158 -0.19001860916614532 -0.09744005650281906 0.04030713438987732 0.9944248795509338 -0.029106156900525093
1403636585.0635555 0.9947455525398254 0.022157499566674232 0.09995085746049881 -0.0028525940142571926 -0.01828715205192566 0.9990532398223877 -0.03947392851114273 -0.1863570511341095 -0.10073086619377136 0.03743870556354523 0.9942091107368469 -0.02638484537601471
1403636585.1135554 0.994688093662262 0.021191466599702835 0.1007290631532669 -0.0037966889794915915 -0.017819469794631004 0.9992541670799255 -0.03425862267613411 -0.17870523035526276 -0.10137991607189178 0.03228171169757843 0.9943239092826843 -0.025053726509213448
1403636585.1635556 0.9942737817764282 0.01888602413237095 0.10518059134483337 -0.001645220210775733 -0.01597091555595398 0.9994665384292603 -0.028488965705037117 -0.16336198151111603 -0.10566253215074539 0.026646004989743233 0.9940449595451355 -0.018290098756551743
1403636585.2135556 0.9936337471008301 0.01993817277252674 0.11088015884160995 -0.00045387231511995196 -0.017568102106451988 0.9995967149734497 -0.022311240434646606 -0.1439906507730484 -0.11128028482198715 0.020221248269081116 0.9935833215713501 -0.011146689765155315
1403636585.2635555 0.9927771687507629 0.02607312612235546 0.11710483580827713 0.0027359870728105307 -0.02435462549328804 0.9995740652084351 -0.01608220860362053 -0.12064407765865326 -0.1174742579460144 0.01311400905251503 0.9929893612861633 -0.0018662770744413137
1403636585.3135555 0.9920653700828552 0.031138041988015175 0.12180650234222412 0.005218131933361292 -0.030020439997315407 0.9994888305664062 -0.011000126600265503 -0.09516718238592148 -0.12208676338195801 0.007256164215505123 0.9924928545951843 0.004903418943285942
1403636585.3635557 0.991400957107544 0.04008094221353531 0.12457035481929779 0.007132540922611952 -0.039746616035699844 0.9991963505744934 -0.005168973468244076 -0.06940437853336334 -0.12467744946479797 0.00017328187823295593 0.9921972155570984 0.013438328169286251
1403636585.4135554 0.991117537021637 0.044076960533857346 0.12547236680984497 0.010451771318912506 -0.044650476425886154 0.9990010857582092 0.0017608050256967545 -0.04315952584147453 -0.12526942789554596 -0.007347565144300461 0.9920955300331116 0.02204330824315548
1403636585.4635556 0.9917333722114563 0.04719861224293709 0.119319386780262 0.012847191654145718 -0.0488627664744854 0.9987442493438721 0.011058514006435871 -0.01624538190662861 -0.11864760518074036 -0.016797371208667755 0.9927942752838135 0.029800014570355415
1403636585.5135555 0.9922731518745422 0.048886917531490326 0.11403587460517883 0.015162251889705658 -0.051700834184885025 0.9984235763549805 0.021848367527127266 0.008978884667158127 -0.11278805881738663 -0.0275752991437912 0.9932363033294678 0.035280317068099976
1403636585.5635555 0.9934719204902649 0.04992172494530678 0.10257505625486374 0.016017286106944084 -0.053640738129615784 0.9979872703552246 0.03382214903831482 0.03353353589773178 -0.10068018734455109 -0.03910355269908905 0.9941501617431641 0.037659723311662674
1403636585.6135554 0.9948281049728394 0.04828313738107681 0.08936360478401184 0.017137128859758377 -0.05258903652429581 0.9975342750549316 0.04647281765937805 0.055495504289865494 -0.08689942955970764 -0.050932012498378754 0.9949142336845398 0.037989623844623566
1403636585.6635556 0.9960547089576721 0.04412247613072395 0.07699432969093323 0.017235195264220238 -0.04883010685443878 0.9969809651374817 0.06037062406539917 0.0738658457994461 -0.07409819960594177 -0.06389208137989044 0.9952021241188049 0.036652758717536926
1403636585.7135556 0.9972286224365234 0.03813338652253151 0.06388330459594727 0.018428213894367218 -0.042951878160238266 0.9961948394775391 0.07583442330360413 0.08918249607086182 -0.060748390853405 -0.07836814969778061 0.9950718879699707 0.03327106684446335
1403636585.7635555 0.9979252815246582 0.031965773552656174 0.055887456983327866 0.01850457489490509 -0.03702501580119133 0.9950732588768005 0.09196899831295013 0.09969787299633026 -0.05267224460840225 -0.09384742379188538 0.9941923022270203 0.03074217587709427
1403636585.8135555 0.9986092448234558 0.02345135435461998 0.04722050577402115 0.0175440963357687 -0.028443101793527603 0.9937461614608765 0.10797952115535736 0.10696117579936981 -0.04439293593168259 -0.10917242616415024 0.9930311441421509 0.025736697018146515
1403636585.8635557 0.9990808367729187 0.016313759610056877 0.03963904455304146 0.01681649126112461 -0.02121354639530182 0.9917373657226562 0.1265186369419098 0.111632339656353 -0.03724752366542816 -0.12724323570728302 0.9911719560623169 0.021297015249729156
1403636585.9135554 0.9993714690208435 0.009491699747741222 0.034156471490859985 0.016561565920710564 -0.014369992539286613 0.9892471432685852 0.14554555714130402 0.11375536769628525 -0.032407715916633606 -0.14594489336013794 0.9887617826461792 0.01646898128092289
1403636585.9635556 0.9994078278541565 0.003622046671807766 0.03422151133418083 0.016530385240912437 -0.009270291775465012 0.9860200881958008 0.16636866331100464 0.11493705213069916 -0.033140502870082855 -0.16658735275268555 0.9854695796966553 0.012638185173273087
1403636586.0135555 0.9991734027862549 -0.0018944302573800087 0.04060887172818184 0.016124878078699112 -0.0058716838248074055 0.9817143082618713 0.1902690827846527 0.11509142816066742 -0.0402267687022686 -0.1903502494096756 0.980891764163971 0.00908130593597889
1403636586.0635555 0.9985263347625732 -0.004457092843949795 0.05408843234181404 0.01613420434296131 -0.007281577680259943 0.9766085147857666 0.2149014174938202 0.11476454883813858 -0.053781069815158844 -0.21497850120067596 0.9751368165016174 0.006155950948596001
1403636586.1135554 0.997721791267395 -0.009666203521192074 0.06676779687404633 0.01492177415639162 -0.006402187515050173 0.9716497659683228 0.23633798956871033 0.11375636607408524 -0.06715940684080124 -0.23622696101665497 0.9693742394447327 0.003475721925497055
1403636586.1635556 0.9969708323478699 -0.017402606084942818 0.0758042186498642 0.01351224072277546 -0.0024583423510193825 0.9671080112457275 0.2543538510799408 0.11221061646938324 -0.07773728668689728 -0.25376972556114197 0.9641357660293579 0.0004316549748182297
1403636586.2135556 0.9965279698371887 -0.02256273850798607 0.08014421910047531 0.010760296136140823 -7.076095789670944e-05 0.9623515009880066 0.27180755138397217 0.11044841259717941 -0.08325962722301483 -0.2708694338798523 0.9590086340904236 -0.003374658524990082
1403636586.2635555 0.9963204860687256 -0.02638513222336769 0.08154408633708954 0.00784653052687645 0.0015798755921423435 0.9569257497787476 0.2903282046318054 0.10974699258804321 -0.08569198101758957 -0.2891310751438141 0.9534464478492737 -0.008092645555734634
1403636586.3135555 0.9960781931877136 -0.033601000905036926 0.08184916526079178 0.006697247736155987 0.006596823688596487 0.9507109522819519 0.31000787019729614 0.10862136632204056 -0.08823148906230927 -0.30825212597846985 0.9472041726112366 -0.012905269861221313
1403636586.3635557 0.9958122968673706 -0.038502372801303864 0.08291788399219513 0.0055244420655071735 0.00904802605509758 0.9440433382987976 0.329696923494339 0.10909342765808105 -0.09097220003604889 -0.327565997838974 0.940438449382782 -0.01819722168147564
1403636586.4135554 0.9955683946609497 -0.04536307603120804 0.08237676322460175 0.0050122360698878765 0.01380136702209711 0.9369592666625977 0.34916573762893677 0.10948193073272705 -0.0930229052901268 -0.34648141264915466 0.9334330558776855 -0.023934002965688705
1403636586.4635556 0.9955511093139648 -0.04750197380781174 0.08137310296297073 0.005326354876160622 0.014325509779155254 0.9298880696296692 0.3675634264945984 0.1104230061173439 -0.09312786161899567 -0.36476245522499084 0.9264316558837891 -0.030591990798711777
1403636586.5135555 0.9955899119377136 -0.04673711583018303 0.08134131878614426 0.006200405769050121 0.01202510204166174 0.9234891533851624 0.38343581557273865 0.11100661009550095 -0.09303851425647736 -0.38076668977737427 0.9199786186218262 -0.036276597529649734
1403636586.5635555 0.9958820939064026 -0.045822806656360626 0.07822652161121368 0.00851429346948862 0.011173980310559273 0.9183230400085449 0.395673930644989 0.11074137687683105 -0.08996811509132385 -0.39317047595977783 0.9150534272193909 -0.04139179736375809
1403636586.6135554 0.9961713552474976 -0.04535822570323944 0.07473360002040863 0.012135433033108711 0.011407667770981789 0.9150031805038452 0.40328508615493774 0.10895224660634995 -0.0866737887263298 -0.4008885324001312 0.9120175838470459 -0.044901054352521896
1403636586.6635556 0.9961250424385071 -0.04654533788561821 0.07462155818939209 0.016411801800131798 0.012452025897800922 0.9145675897598267 0.404241144657135 0.10671574622392654 -0.08706200867891312 -0.4017455279827118 0.9116033911705017 -0.046944912523031235
1403636586.7135556 0.9962759017944336 -0.04584527760744095 0.07302422821521759 0.020929347723722458 0.012888181954622269 0.9165937900543213 0.39961159229278564 0.10455857962369919 -0.08525387197732925 -0.39718225598335266 0.9137712717056274 -0.04788469523191452
1403636586.7635555 0.9965584874153137 -0.0465041846036911 0.06861934810876846 0.024933360517024994 0.015885427594184875 0.9196045994758606 0.392523854970932 0.10255918651819229 -0.08135668188333511 -0.39008286595344543 0.9171786308288574 -0.04775705188512802
1403636586.8135555 0.9968563914299011 -0.04593048617243767 0.06455803662538528 0.02983730100095272 0.01760515570640564 0.9228598475456238 0.3847331702709198 0.10085246711969376 -0.07724902033805847 -0.38238710165023804 0.9207674264907837 -0.04657075181603432
1403636586.8635557 0.9970727562904358 -0.0436144582927227 0.0627993792295456 0.03339938446879387 0.016719013452529907 0.92583829164505 0.3775497376918793 0.10013462603092194 -0.0746087059378624 -0.3753945529460907 0.9238574504852295 -0.045221224427223206
1403636586.9135554 0.9974210858345032 -0.03829801082611084 0.06069923937320709 0.03525455668568611 0.012999098747968674 0.9281399846076965 0.37200403213500977 0.10023895651102066 -0.07058442384004593 -0.37025555968284607 0.92624431848526 -0.04273718222975731
1403636586.9635556 0.9977400898933411 -0.03500130772590637 0.05735720694065094 0.03606138005852699 0.011507529765367508 0.9300117492675781 0.3673492968082428 0.10012605786323547 -0.0662006065249443 -0.36585909128189087 0.9283128380775452 -0.04062287136912346
1403636587.0135555 0.9981435537338257 -0.02859894186258316 0.0537719801068306 0.036954041570425034 0.006964021362364292 0.9306961297988892 0.3657267689704895 0.0992027223110199 -0.060504790395498276 -0.36467334628105164 0.9291676878929138 -0.038058895617723465
1403636587.0635555 0.9983741641044617 -0.025731723755598068 0.050862789154052734 0.03804012015461922 0.0052912598475813866 0.9302930235862732 0.36677905917167664 0.09834691137075424 -0.05675516277551651 -0.36591359972953796 0.9289166331291199 -0.03598455712199211
1403636587.1135554 0.9985214471817017 -0.021771695464849472 0.04980698227882385 0.03927250951528549 0.0017434703186154366 0.9286407828330994 0.37097620964050293 0.09776396304368973 -0.05432957410812378 -0.37034088373184204 0.9273057579994202 -0.03320175036787987
1403636587.1635556 0.9986636638641357 -0.018753118813037872 0.048156097531318665 0.04271375760436058 -0.0006947387009859085 0.9268800616264343 0.37535688281059265 0.09691981971263885 -0.051674045622348785 -0.37488871812820435 0.9256286025047302 -0.031044263392686844
1403636587.2135556 0.9987329840660095 -0.01759607531130314 0.047146622091531754 0.04636361449956894 -0.0015558721497654915 0.9256311655044556 0.3784237504005432 0.09602084755897522 -0.05029916763305664 -0.3780176043510437 0.9244310259819031 -0.028234466910362244
1403636587.2635555 0.998699963092804 -0.01889050379395485 0.04734387248754501 0.05229327455163002 -0.0005085458979010582 0.925055742263794 0.379830926656723 0.09570559859275818 -0.05097092315554619 -0.37936124205589294 0.9238436818122864 -0.025333862751722336
1403636587.3135555 0.9985983371734619 -0.021292882040143013 0.04845462739467621 0.059638239443302155 0.0012252377346158028 0.9245587587356567 0.3810373544692993 0.0946585088968277 -0.05291253328323364 -0.38044390082359314 0.9232891798019409 -0.02226129174232483
