1305031453.359684 1.0 0.0 0.0 0.0 0.0 1.0 0.0 0.0 0.0 0.0 1.0 0.0
1305031453.39169 0.999634861946106 -0.024042366072535515 0.012334135361015797 0.002164709847420454 0.02402840368449688 0.9997104406356812 0.0012789943721145391 0.0045020668767392635 -0.0123613141477108 -0.000982157769612968 0.9999231100082397 -0.009477103129029274
1305031453.423683 0.9989034533500671 -0.042645059525966644 0.019319334998726845 0.007685915566980839 0.04266032949090004 0.9990895390510559 -0.0003786831221077591 0.0065683419816195965 -0.019285596907138824 0.0012024370953440666 0.9998133182525635 -0.01782931014895439
1305031453.459685 0.9976398944854736 -0.05969022586941719 0.03393696993589401 0.009591102600097656 0.05999434366822243 0.998166561126709 -0.008013533428311348 0.011772452853620052 -0.03339641913771629 0.010030646808445454 0.9993918538093567 -0.027004044502973557
1305031453.491698 0.9957477450370789 -0.07971637696027756 0.0461704283952713 0.013871057890355587 0.08049750328063965 0.9966373443603516 -0.015311172232031822 0.016099650412797928 -0.04479461535811424 0.018962668254971504 0.9988162517547607 -0.03803529590368271
1305031453.523684 0.9935891032218933 -0.09774311631917953 0.05680778995156288 0.014267629012465477 0.09947986155748367 0.9946289658546448 -0.028587229549884796 0.022212127223610878 -0.05370846018195152 0.0340551882982254 0.9979758262634277 -0.05067319795489311
1305031453.559753 0.9917590618133545 -0.11041032522916794 0.06498876214027405 0.0130385123193264 0.11335477977991104 0.9926018118858337 -0.04350205138325691 0.029583239927887917 -0.05970487743616104 0.05051033943891525 0.9969373345375061 -0.06546594202518463
1305031453.59164 0.9903411269187927 -0.11737799644470215 0.07380232214927673 0.010212105698883533 0.12167271226644516 0.9909518361091614 -0.05665886402130127 0.034926410764455795 -0.06648405641317368 0.0650913342833519 0.9956620931625366 -0.08035217225551605
1305031453.627706 0.9890364408493042 -0.12487934529781342 0.07881642878055573 0.0037743141874670982 0.13030165433883667 0.9891490340232849 -0.06786394864320755 0.03887646645307541 -0.06948639452457428 0.07738980650901794 0.9945765137672424 -0.09844231605529785
1305031453.6596 0.9896788597106934 -0.1198742538690567 0.07852242141962051 -0.009302501566708088 0.1264527440071106 0.9883259534835815 -0.08497917652130127 0.047571081668138504 -0.06741894036531448 0.09403147548437119 0.9932838082313538 -0.11287695169448853
1305031453.691678 0.9913999438285828 -0.110020712018013 0.07086259126663208 -0.017559371888637543 0.11677589267492294 0.9881571531295776 -0.09954311698675156 0.05624886602163315 -0.05907156690955162 0.10696209222078323 0.9925068020820618 -0.12762421369552612
1305031453.727652 0.9929381608963013 -0.1008576899766922 0.0624612495303154 -0.027057860046625137 0.10732540488243103 0.9880387187004089 -0.11072766780853271 0.0671139657497406 -0.050546396523714066 0.11664941161870956 0.9918860793113708 -0.142522394657135
1305031453.759694 0.9948174357414246 -0.08588473498821259 0.05442452058196068 -0.049015678465366364 0.09194009751081467 0.9884105920791626 -0.12079538404941559 0.07400655001401901 -0.04341929033398628 0.1251731663942337 0.9911843538284302 -0.15320532023906708
1305031453.791716 0.9970499277114868 -0.07113520801067352 0.028829554095864296 -0.046798571944236755 0.07434887439012527 0.9883888959884644 -0.13251261413097382 0.0851229801774025 -0.01906850002706051 0.13426516950130463 0.990761935710907 -0.16811470687389374
1305031453.827773 0.9980855584144592 -0.06014929711818695 0.014391448348760605 -0.05636627599596977 0.06155325472354889 0.9887301325798035 -0.1364695429801941 0.09004291146993637 -0.00602070614695549 0.13709412515163422 0.9905397295951843 -0.18245592713356018
1305031453.859705 0.9990798830986023 -0.04262927919626236 0.004686079919338226 -0.09287790954113007 0.042857877910137177 0.9884842038154602 -0.14512819051742554 0.10352350026369095 0.0015545939095318317 0.14519551396369934 0.9894017577171326 -0.1881057322025299
1305031453.89171 0.9993289709091187 -0.028977088630199432 -0.022405022755265236 -0.11116515100002289 0.025349441915750504 0.9886612892150879 -0.14800699055194855 0.11450974643230438 0.026439795270562172 0.14733974635601044 0.9887324571609497 -0.19627699255943298
1305031453.927723 0.9975741505622864 -0.02185278944671154 -0.06609202921390533 -0.11463958770036697 0.012421349063515663 0.9900903701782227 -0.13988104462623596 0.1157323494553566 0.06849386543035507 0.1387207806110382 0.9879600405693054 -0.20213977992534637
1305031453.959641 0.9944494962692261 -0.00954266544431448 -0.10478153079748154 -0.11667950451374054 -0.004666311200708151 0.9908984899520874 -0.13452966511249542 0.12006714940071106 0.10511162877082825 0.13427191972732544 0.9853540658950806 -0.2122178077697754
1305031453.991624 0.991689920425415 0.01283824723213911 -0.12800903618335724 -0.12872502207756042 -0.029483485966920853 0.9912062287330627 -0.12899968028068542 0.12228454649448395 0.12522722780704498 0.13170184195041656 0.9833477735519409 -0.21828734874725342
1305031454.027662 0.9873707294464111 0.02976343035697937 -0.15560612082481384 -0.13732698559761047 -0.05009455978870392 0.9904541373252869 -0.12841780483722687 0.11993393301963806 0.15029855072498322 0.1345909982919693 0.9794363975524902 -0.2236548513174057
1305031454.059654 0.983039379119873 0.052661240100860596 -0.17567072808742523 -0.1539139747619629 -0.07634289562702179 0.9884520769119263 -0.1308981031179428 0.12951035797595978 0.16674882173538208 0.14208920300006866 0.9757077097892761 -0.22614786028862
1305031454.091651 0.9763765335083008 0.07862409949302673 -0.2012634426355362 -0.16369733214378357 -0.10506665706634521 0.9866717457771301 -0.12425728142261505 0.12665893137454987 0.18881136178970337 0.14246796071529388 0.9716240167617798 -0.2290523797273636
1305031454.127701 0.9682036638259888 0.1054503545165062 -0.22685183584690094 -0.18068647384643555 -0.13671697676181793 0.9824588894844055 -0.12681949138641357 0.12974947690963745 0.20949943363666534 0.1538015902042389 0.96563720703125 -0.23233947157859802
1305031454.159672 0.9590863585472107 0.12794138491153717 -0.25255534052848816 -0.20068004727363586 -0.16365957260131836 0.9784595966339111 -0.12582673132419586 0.13927267491817474 0.23101675510406494 0.16201181709766388 0.9593661427497864 -0.2341773360967636
1305031454.191658 0.9470238089561462 0.15481841564178467 -0.2813841700553894 -0.21714520454406738 -0.1936817169189453 0.9742007851600647 -0.11584504693746567 0.14284147322177887 0.25618976354599 0.16420701146125793 0.9525769352912903 -0.2335362434387207
1305031454.227671 0.9303560256958008 0.1854213923215866 -0.3163171410560608 -0.22843027114868164 -0.22772139310836792 0.9683545231819153 -0.10213896632194519 0.1322806477546692 0.28736841678619385 0.16705776751041412 0.9431389570236206 -0.23899313807487488
1305031454.259627 0.9130297899246216 0.21238984167575836 -0.3482341170310974 -0.22884592413902283 -0.2638992965221405 0.9585657715797424 -0.10727927833795547 0.14092609286308289 0.31102025508880615 0.1898479163646698 0.9312487244606018 -0.24174590408802032
1305031454.291639 0.9017193913459778 0.23648682236671448 -0.3619062602519989 -0.23887088894844055 -0.2895249128341675 0.9520068764686584 -0.09928850829601288 0.14730536937713623 0.3210567533969879 0.1943112462759018 0.9269118905067444 -0.24173584580421448
1305031454.327699 0.8871909976005554 0.267558753490448 -0.3759046196937561 -0.257920503616333 -0.3208687901496887 0.9432163238525391 -0.08594223111867905 0.1389862298965454 0.3315647542476654 0.19686321914196014 0.9226644039154053 -0.24691227078437805
1305031454.359636 0.8688914179801941 0.2871752381324768 -0.4031849503517151 -0.26260483264923096 -0.35019102692604065 0.9322811961174011 -0.09065289050340652 0.14612260460853577 0.3498484492301941 0.21995925903320312 0.9106172919273376 -0.24256791174411774
1305031454.391677 0.8544795513153076 0.30655890703201294 -0.4193880259990692 -0.268380731344223 -0.37378451228141785 0.923469603061676 -0.0865388885140419 0.1528083086013794 0.3607628047466278 0.23070648312568665 0.9036728739738464 -0.24563729763031006
1305031454.427465 0.8346414566040039 0.33445459604263306 -0.43762287497520447 -0.28663843870162964 -0.4061184525489807 0.9104196429252625 -0.07876477390527725 0.15761131048202515 0.37207722663879395 0.2434670627117157 0.8957021236419678 -0.250190794467926
1305031454.459913 0.8112372756004333 0.35759273171424866 -0.4626244902610779 -0.2827073335647583 -0.4362213611602783 0.8969864845275879 -0.0715985894203186 0.1609431952238083 0.38936474919319153 0.2598901391029358 0.8836583495140076 -0.24743357300758362
1305031454.491617 0.7926619052886963 0.38447076082229614 -0.4731486141681671 -0.28714802861213684 -0.46671533584594727 0.8820018768310547 -0.0651877298951149 0.1662861555814743 0.3922552168369293 0.2724975347518921 0.8785675168037415 -0.24976873397827148
1305031454.5277 0.7744330763816833 0.4079611897468567 -0.4835505485534668 -0.2928345799446106 -0.49254485964775085 0.8684755563735962 -0.05612385272979736 0.17649473249912262 0.3970555067062378 0.28163450956344604 0.8735153079032898 -0.24922464787960052
1305031454.559575 0.7568759918212891 0.4289606809616089 -0.4930837154388428 -0.2967595160007477 -0.5138646960258484 0.8567716479301453 -0.043421585112810135 0.1867944896221161 0.4038340151309967 0.2862430512905121 0.8688976168632507 -0.2529469132423401
1305031454.591635 0.7299075722694397 0.45853015780448914 -0.5069368481636047 -0.30848929286003113 -0.5446377396583557 0.8382694721221924 -0.025966722518205643 0.19607101380825043 0.4130430519580841 0.2950502634048462 0.8615919351577759 -0.25413477420806885
1305031454.62758 0.7020531892776489 0.4749555289745331 -0.5306020975112915 -0.30529844760894775 -0.5646516680717468 0.825286865234375 -0.008369714953005314 0.2031688243150711 0.4339236617088318 0.30548131465911865 0.8475796580314636 -0.2559264898300171
1305031454.659528 0.6812130808830261 0.4848015010356903 -0.5485583543777466 -0.30437105894088745 -0.5737219452857971 0.8189718723297119 0.011324020102620125 0.2143619805574417 0.4547436833381653 0.3070058524608612 0.8360356092453003 -0.257301390171051
1305031454.691884 0.6574918031692505 0.49592849612236023 -0.5672383904457092 -0.3059006929397583 -0.5815008282661438 0.8127252459526062 0.03653052821755409 0.22092045843601227 0.479125440120697 0.30583107471466064 0.8227430582046509 -0.25850385427474976
1305031454.727659 0.6326727271080017 0.501424252986908 -0.5901685953140259 -0.2994440495967865 -0.5859999060630798 0.8081991672515869 0.058465514332056046 0.2216787487268448 0.5062897205352783 0.3088492155075073 0.8051601648330688 -0.2513082027435303
1305031454.759732 0.6304587125778198 0.49304333329200745 -0.599524974822998 -0.28992417454719543 -0.5678083300590515 0.8195614814758301 0.07689360529184341 0.22109317779541016 0.5292593836784363 0.2919370234012604 0.7966538071632385 -0.24787038564682007
1305031454.791641 0.6385476589202881 0.4856385588645935 -0.5970025658607483 -0.2890588641166687 -0.5564876198768616 0.8272151947021484 0.07769448310136795 0.23072445392608643 0.5315810441970825 0.2826128602027893 0.7984682321548462 -0.2559301257133484
1305031454.82757 0.6431472301483154 0.476669579744339 -0.5992895364761353 -0.2806304395198822 -0.5427471995353699 0.8358482718467712 0.0823594257235527 0.23827798664569855 0.540173351764679 0.27229344844818115 0.796284556388855 -0.2533412575721741
1305031454.85962 0.6537836790084839 0.4705761671066284 -0.5925580859184265 -0.2761339545249939 -0.5286938548088074 0.8443223834037781 0.087192602455616 0.24316520988941193 0.5413408279418945 0.2562766969203949 0.800794780254364 -0.2528097331523895
1305031454.891764 0.6678648591041565 0.4614342451095581 -0.5839821100234985 -0.2724658250808716 -0.5145344138145447 0.8531765937805176 0.08569684624671936 0.25217223167419434 0.5377832651138306 0.24324503540992737 0.807230532169342 -0.2525618076324463
1305031454.927567 0.6822499632835388 0.45539265871047974 -0.5719724297523499 -0.27151772379875183 -0.501261293888092 0.8608611226081848 0.08749435842037201 0.25857970118522644 0.5322331190109253 0.22701461613178253 0.8155931234359741 -0.2548008859157562
1305031454.959648 0.6967599391937256 0.44818779826164246 -0.5600475072860718 -0.27273380756378174 -0.4892522394657135 0.867904543876648 0.08587271720170975 0.2685958445072174 0.5245549082756042 0.21417191624641418 0.8239979147911072 -0.2597808837890625
1305031454.991937 0.7084027528762817 0.4412986636161804 -0.5508366823196411 -0.27701595425605774 -0.47914791107177734 0.8737272620201111 0.0837724357843399 0.27828168869018555 0.5182496309280396 0.20458760857582092 0.8303982615470886 -0.2682298719882965
1305031455.027799 0.7125548720359802 0.4336813986301422 -0.5515307784080505 -0.2762567400932312 -0.4740905165672302 0.8770878911018372 0.07716920971870422 0.2945323586463928 0.5172077417373657 0.206488236784935 0.8305774331092834 -0.27068108320236206
1305031455.059636 0.7182244658470154 0.4333970844745636 -0.5443534851074219 -0.2815454602241516 -0.4703240692615509 0.8789301514625549 0.07922697067260742 0.29938653111457825 0.5127854347229004 0.19911986589431763 0.8351062536239624 -0.27384430170059204
1305031455.0917 0.7232546806335449 0.4311204254627228 -0.5394793152809143 -0.2867504358291626 -0.4708743393421173 0.879305362701416 0.07141038775444031 0.30954840779304504 0.5051535367965698 0.20237906277179718 0.8389652371406555 -0.27806180715560913
1305031455.127695 0.7310168743133545 0.42762234807014465 -0.5317457914352417 -0.2919011414051056 -0.4696085751056671 0.880651593208313 0.06261372566223145 0.3233480751514435 0.4950577914714813 0.20394065976142883 0.844586193561554 -0.2831953763961792
1305031455.15972 0.7407433390617371 0.4238060712814331 -0.521236777305603 -0.3011423349380493 -0.46295732259750366 0.8842747807502747 0.06106330081820488 0.331407368183136 0.48679548501968384 0.19607815146446228 0.8512247204780579 -0.29139259457588196
1305031455.191655 0.7509196400642395 0.4170704483985901 -0.5120274424552917 -0.31254851818084717 -0.4523704946041107 0.8897215723991394 0.06129094213247299 0.3419419229030609 0.4811244606971741 0.18560156226158142 0.8567796349525452 -0.2953509986400604
1305031455.227581 0.7599197030067444 0.407186359167099 -0.5066768527030945 -0.3216036558151245 -0.44192150235176086 0.8952619433403015 0.056670308113098145 0.3498930335044861 0.4766838550567627 0.18084655702114105 0.8602715134620667 -0.29877814650535583
1305031455.259631 0.7729210257530212 0.39175498485565186 -0.4991205334663391 -0.32907453179359436 -0.42878398299217224 0.9023239016532898 0.044225357472896576 0.3735722303390503 0.467693954706192 0.17983217537403107 0.8654032945632935 -0.2998441159725189
1305031455.291831 0.7877721190452576 0.38144582509994507 -0.48364681005477905 -0.3428174555301666 -0.40806856751441956 0.911346971988678 0.054098352789878845 0.3775523006916046 0.4614056944847107 0.15474385023117065 0.8735898733139038 -0.3048953711986542
1305031455.327766 0.8008133172988892 0.3655453324317932 -0.4744202494621277 -0.3563840091228485 -0.38796910643577576 0.9200862050056458 0.054049961268901825 0.3903122842311859 0.4562651515007019 0.14077644050121307 0.8786376714706421 -0.31354960799217224
1305031455.35963 0.8067305088043213 0.3568853735923767 -0.4709765315055847 -0.3613872528076172 -0.3712816834449768 0.9261819124221802 0.06585569679737091 0.39918822050094604 0.4597128629684448 0.12173715233802795 0.8796841502189636 -0.3140908479690552
1305031455.391665 0.8201457262039185 0.3502662479877472 -0.4524097442626953 -0.37450286746025085 -0.3532172739505768 0.9320060014724731 0.08125521242618561 0.39942100644111633 0.4501095116138458 0.0931578129529953 0.888100802898407 -0.31833285093307495
1305031455.427642 0.8352288007736206 0.3351041078567505 -0.4360024333000183 -0.38789379596710205 -0.3298613429069519 0.939697265625 0.09033600986003876 0.40164506435394287 0.43998223543167114 0.06836909055709839 0.8954000473022461 -0.3260800242424011
1305031455.459589 0.8462967872619629 0.32305246591567993 -0.4235786497592926 -0.40496569871902466 -0.3131137490272522 0.9449430108070374 0.09509220719337463 0.4021944999694824 0.43097740411758423 0.052152037620544434 0.9008544087409973 -0.33685046434402466
1305031455.491637 0.8577373027801514 0.30443325638771057 -0.4142550528049469 -0.4183143973350525 -0.2913495600223541 0.9517680406570435 0.09619305282831192 0.4088166654109955 0.4235590100288391 0.03818463534116745 0.9050633907318115 -0.3460557460784912
1305031455.52761 0.8694413900375366 0.2841697335243225 -0.40412774682044983 -0.43646255135536194 -0.2659933567047119 0.958585798740387 0.101788230240345 0.4056585729122162 0.4163162112236023 0.018996387720108032 0.9090214371681213 -0.35673192143440247
1305031455.559669 0.8779337406158447 0.2594858407974243 -0.4023672938346863 -0.4543057978153229 -0.2388150840997696 0.9657230377197266 0.1017172783613205 0.4065662920475006 0.4149695336818695 0.0067903026938438416 0.9098100066184998 -0.36865514516830444
1305031455.591645 0.8838199973106384 0.23163461685180664 -0.40645739436149597 -0.4666312634944916 -0.20897088944911957 0.9727967977523804 0.09998778998851776 0.41251128911972046 0.41856110095977783 -0.0034334659576416016 0.9081822037696838 -0.3759992718696594
1305031455.627617 0.8933777809143066 0.2133355289697647 -0.39542895555496216 -0.49061036109924316 -0.1879412680864334 0.9768282771110535 0.10239418596029282 0.41150447726249695 0.4081105589866638 -0.01715928316116333 0.9127712249755859 -0.38389259576797485
1305031455.659615 0.8980737924575806 0.2028103917837143 -0.3902965188026428 -0.5082421898841858 -0.17952412366867065 0.9790894985198975 0.09568018466234207 0.4080232083797455 0.40154018998146057 -0.015860239043831825 0.915704071521759 -0.3952592611312866
1305031455.691605 0.9002609252929688 0.2021298110485077 -0.38558241724967957 -0.5242798328399658 -0.1824008971452713 0.9793222546577454 0.08750870078802109 0.4099472165107727 0.3952975273132324 -0.008450082503259182 0.9185141921043396 -0.4080609679222107
1305031455.727628 0.9018450975418091 0.21168936789035797 -0.37664729356765747 -0.5422239899635315 -0.19449147582054138 0.9773346185684204 0.08360661566257477 0.4092225730419159 0.3858090937137604 -0.0021455353125929832 0.9225761890411377 -0.41901934146881104
1305031455.759683 0.9055613279342651 0.2162735015153885 -0.3649444580078125 -0.5565928816795349 -0.1999260038137436 0.9763312935829163 0.08250389993190765 0.40569987893104553 0.3741500973701477 -0.001750466413795948 0.9273665547370911 -0.4313342571258545
1305031455.791666 0.9108483195304871 0.21535129845142365 -0.35210689902305603 -0.5750673413276672 -0.19946059584617615 0.9765291810035706 0.08127795159816742 0.3961479365825653 0.3613460063934326 -0.003800448961555958 0.9324240684509277 -0.4439750909805298
1305031455.82759 0.9145378470420837 0.2131885141134262 -0.3437603712081909 -0.5921145677566528 -0.200893834233284 0.9770040512084961 0.07144813239574432 0.3980153799057007 0.35108715295791626 0.0037172995507717133 0.9363354444503784 -0.4593360126018524
1305031455.859526 0.9158756732940674 0.2167057991027832 -0.33795005083084106 -0.6068917512893677 -0.20408326387405396 0.976234495639801 0.07291251420974731 0.3926938772201538 0.34571903944015503 0.0021911347284913063 0.9383354783058167 -0.47137051820755005
1305031455.891657 0.9182206392288208 0.217732772231102 -0.33085232973098755 -0.6192153096199036 -0.2049153596162796 0.9760085344314575 0.07360223680734634 0.3879021406173706 0.33894020318984985 0.00021363049745559692 0.9408079385757446 -0.48337608575820923
1305031455.927955 0.9216988682746887 0.21987886726856232 -0.3195692300796509 -0.6354789137840271 -0.20582400262355804 0.9755103588104248 0.07756190001964569 0.3794686794281006 0.3287973403930664 -0.005713706370443106 0.9443831443786621 -0.49546653032302856
1305031455.959716 0.9227491617202759 0.22310955822467804 -0.3142548203468323 -0.6436087489128113 -0.21117794513702393 0.9747933745384216 0.07198438793420792 0.3826143145561218 0.32239389419555664 -5.9839338064193726e-05 0.9466056823730469 -0.5046117305755615
1305031455.991694 0.9256073236465454 0.2290317416191101 -0.3013229966163635 -0.6572329998016357 -0.21729643642902374 0.9734176993370056 0.07238876074552536 0.38342082500457764 0.30989253520965576 -0.0015271393349394202 0.950770378112793 -0.5134571194648743
1305031456.02777 0.9276950359344482 0.23698312044143677 -0.2884804904460907 -0.6655782461166382 -0.2244565486907959 0.9714952707290649 0.07626432180404663 0.3899590075016022 0.29833081364631653 -0.005998705513775349 0.9544436931610107 -0.5224449634552002
1305031456.059713 0.928081214427948 0.2559777498245239 -0.27044549584388733 -0.6824107766151428 -0.23823092877864838 0.9663408994674683 0.09711431711912155 0.38212770223617554 0.28620171546936035 -0.02570146508514881 0.95782470703125 -0.5299155712127686
1305031456.091707 0.9284414052963257 0.26776406168937683 -0.25748613476753235 -0.6965126395225525 -0.24639050662517548 0.9626075625419617 0.11259859800338745 0.36998850107192993 0.27800795435905457 -0.041099049150943756 0.9596991539001465 -0.5350083112716675
1305031456.127645 0.9306540489196777 0.27110010385513306 -0.24573953449726105 -0.7101148962974548 -0.24956434965133667 0.9614424705505371 0.11552514135837555 0.36307385563850403 0.2675832509994507 -0.04618609696626663 0.9624271392822266 -0.5398993492126465
1305031456.159731 0.9330590963363647 0.27343815565109253 -0.23373550176620483 -0.720147967338562 -0.2508859634399414 0.9603098034858704 0.12190666794776917 0.34875965118408203 0.2577924132347107 -0.055105164647102356 0.9646276235580444 -0.5431021451950073
1305031456.191658 0.9380756616592407 0.26703551411628723 -0.22069475054740906 -0.7291471362113953 -0.2473486214876175 0.9623138308525085 0.11300788819789886 0.3377845883369446 0.24255473911762238 -0.051421377807855606 0.9687739610671997 -0.5441242456436157
1305031456.227678 0.9446747303009033 0.25887662172317505 -0.20142631232738495 -0.7394234538078308 -0.2446393370628357 0.9651370644569397 0.09307032078504562 0.3502526879310608 0.21849767863750458 -0.038644369691610336 0.9750720262527466 -0.5474940538406372
1305031456.291675 0.9572944641113281 0.24515767395496368 -0.15324802696704865 -0.7675435543060303 -0.2338779866695404 0.9682731628417969 0.0880238488316536 0.3322903513908386 0.16996563971042633 -0.0484234094619751 0.9842595458030701 -0.5466841459274292
1305031456.327718 0.963553786277771 0.23134565353393555 -0.13432584702968597 -0.7783646583557129 -0.2224714607000351 0.9718221426010132 0.07789751887321472 0.3251664936542511 0.14856207370758057 -0.04517477750778198 0.9878707528114319 -0.5441451668739319
1305031456.391619 0.9737576246261597 0.21099987626075745 -0.08529423922300339 -0.8018139600753784 -0.20609675347805023 0.9765145778656006 0.06279651075601578 0.3186330795288086 0.09654112905263901 -0.04356970638036728 0.9943749308586121 -0.5380289554595947
1305031456.427662 0.9790555834770203 0.19422748684883118 -0.061040282249450684 -0.8213868737220764 -0.1920405924320221 0.9805750846862793 0.039912231266498566 0.32628604769706726 0.067606620490551 -0.027354074642062187 0.9973370432853699 -0.5316785573959351
1305031456.491677 0.9846027493476868 0.1701158881187439 -0.04022438824176788 -0.8587242960929871 -0.1683657467365265 0.9847634434700012 0.04352007433772087 0.34024396538734436 0.047014981508255005 -0.036077581346035004 0.9982424974441528 -0.5188640356063843
1305031456.527641 0.9865404367446899 0.15857169032096863 -0.03991082310676575 -0.8722150921821594 -0.1562570184469223 0.9861472249031067 0.055653564631938934 0.33992263674736023 0.04818302392959595 -0.04866814240813255 0.9976521134376526 -0.5097923874855042
1305031456.591651 0.9901439547538757 0.1366736739873886 -0.030582455918192863 -0.8930760025978088 -0.13494908809661865 0.9894485473632812 0.05272868648171425 0.34878426790237427 0.037466391921043396 -0.048081908375024796 0.9981404542922974 -0.49208417534828186
1305031456.627612 0.9918336272239685 0.12652477622032166 -0.016051456332206726 -0.905012309551239 -0.1251114010810852 0.9896573424339294 0.07018116116523743 0.36219823360443115 0.024765100330114365 -0.0675998106598854 0.9974051117897034 -0.4834677278995514
1305031456.691612 0.9957336187362671 0.09166739135980606 0.010571368038654327 -0.9394417405128479 -0.09226694703102112 0.9906015396118164 0.10097208619117737 0.3424643278121948 -0.0012161657214164734 -0.10151669383049011 0.9948330521583557 -0.45759573578834534
1305031456.727693 0.9973074793815613 0.07095286250114441 0.018530363216996193 -0.9585061073303223 -0.07248286157846451 0.9921181797981262 0.10221405327320099 0.3585408329963684 -0.011131927371025085 -0.10328197479248047 0.9945898056030273 -0.4504524767398834
1305031456.791649 0.9990451335906982 0.04368605092167854 -0.0005181667511351407 -0.9873908758163452 -0.04333554208278656 0.9923959970474243 0.11520462483167648 0.34526512026786804 0.005547060631215572 -0.11507215350866318 0.9933417439460754 -0.4301994740962982
1305031456.827603 0.9995361566543579 0.0286830123513937 -0.01023267675191164 -0.9927624464035034 -0.027414517477154732 0.9937933683395386 0.10781049728393555 0.3651648163795471 0.013261497020721436 -0.10747997462749481 0.9941187500953674 -0.4186955690383911
1305031456.891672 0.9999794960021973 0.003856789553537965 -0.005108168348670006 -1.0106778144836426 -0.003156893653795123 0.991435170173645 0.13056139647960663 0.35831066966056824 0.005567965097725391 -0.13054259121418 0.9914271235466003 -0.3904218077659607
1305031456.92769 0.9999391436576843 -0.010434716939926147 0.0035828356631100178 -1.0192025899887085 0.009942990727722645 0.9930589199066162 0.11719639599323273 0.3663251996040344 -0.004780879244208336 -0.11715364456176758 0.9931022524833679 -0.38109710812568665
1305031456.959667 0.999610960483551 -0.020628996193408966 0.018770508468151093 -1.0343281030654907 0.018390102311968803 0.9934820532798767 0.11249479651451111 0.3826194405555725 -0.020968817174434662 -0.1121058389544487 0.9934750199317932 -0.3769136071205139
1305031456.991709 0.9991646409034729 -0.025727737694978714 0.03175075724720955 -1.0491859912872314 0.021326733753085136 0.9910327792167664 0.13190613687038422 0.3786430358886719 -0.03485969826579094 -0.1311187893152237 0.9907535910606384 -0.3682701289653778
1305031457.027648 0.9984772205352783 -0.03444688394665718 0.04308854043483734 -1.0629734992980957 0.028226349502801895 0.9901058673858643 0.13745412230491638 0.37698957324028015 -0.04739708453416824 -0.13602854311466217 0.9895704388618469 -0.3641600012779236
1305031457.091655 0.9964781999588013 -0.0561225563287735 0.062300704419612885 -1.0851924419403076 0.045459385961294174 0.9859025478363037 0.16102685034275055 0.38270288705825806 -0.07045964896678925 -0.15762759745121002 0.9849817156791687 -0.3594024181365967
1305031457.127632 0.9949026107788086 -0.0673801377415657 0.07502494752407074 -1.0968809127807617 0.053525470197200775 0.9833971261978149 0.1733931005001068 0.3724214732646942 -0.08546257019042969 -0.16849350929260254 0.9819908738136292 -0.35682398080825806
1305031457.191735 0.9895957112312317 -0.09539248049259186 0.10770589113235474 -1.1262598037719727 0.07658933848142624 0.9829922914505005 0.16691383719444275 0.3767068386077881 -0.1217963919043541 -0.15692810714244843 0.9800710082054138 -0.3637838363647461
1305031457.227543 0.986672043800354 -0.1088709756731987 0.1209353506565094 -1.140701174736023 0.0864899754524231 0.980410099029541 0.17696206271648407 0.37273934483528137 -0.13783226907253265 -0.16414380073547363 0.9767594337463379 -0.36644095182418823
1305031457.291656 0.9795147776603699 -0.13420122861862183 0.15013588964939117 -1.1656267642974854 0.10888072848320007 0.9801381826400757 0.16575299203395844 0.35962527990341187 -0.16939817368984222 -0.146010622382164 0.9746719002723694 -0.37801674008369446
1305031457.327548 0.9746837615966797 -0.14437970519065857 0.17072245478630066 -1.1813533306121826 0.11768026649951935 0.9805054068565369 0.15735498070716858 0.3654015362262726 -0.1901131570339203 -0.1332806795835495 0.9726733565330505 -0.3857502043247223
1305031457.391684 0.9601901769638062 -0.17149730026721954 0.22050726413726807 -1.2164742946624756 0.138876810669899 0.97796630859375 0.15586961805820465 0.3513333201408386 -0.2423798143863678 -0.11904115229845047 0.9628505706787109 -0.39733293652534485
1305031457.427641 0.9524397253990173 -0.18579936027526855 0.24153092503547668 -1.2405941486358643 0.15259723365306854 0.9768804907798767 0.14972855150699615 0.3519940972328186 -0.2637662887573242 -0.10575047880411148 0.9587723016738892 -0.4052802622318268
1305031457.491705 0.9459330439567566 -0.20340821146965027 0.2526576817035675 -1.2715184688568115 0.16829025745391846 0.9736643433570862 0.15380513668060303 0.3352108299732208 -0.2772890329360962 -0.10296953469514847 0.9552528262138367 -0.41933372616767883
1305031457.527638 0.9429916739463806 -0.20762678980827332 0.2601113021373749 -1.2851966619491577 0.173589825630188 0.9736534357070923 0.14787045121192932 0.32831019163131714 -0.2839600741863251 -0.0942879468202591 0.9541889429092407 -0.428552508354187
1305031457.559685 0.9381730556488037 -0.21625199913978577 0.27030783891677856 -1.2999627590179443 0.1826847642660141 0.9725661873817444 0.14401884377002716 0.32187992334365845 -0.2940365672111511 -0.08573348820209503 0.9519413709640503 -0.43794959783554077
1305031457.591678 0.9331420063972473 -0.2232479602098465 0.281791090965271 -1.3194260597229004 0.19077713787555695 0.9718566536903381 0.13819760084152222 0.3203900456428528 -0.3047129213809967 -0.075198695063591 0.9494709968566895 -0.4452541172504425
1305031457.627526 0.9312537312507629 -0.22996264696121216 0.2826369106769562 -1.3306235074996948 0.19631198048591614 0.9701306223869324 0.14250636100769043 0.30778318643569946 -0.30696582794189453 -0.07722458243370056 0.9485822319984436 -0.4519452452659607
1305031457.659632 0.9270928502082825 -0.23465676605701447 0.29229292273521423 -1.3511384725570679 0.2047833353281021 0.9702194929122925 0.12937505543231964 0.31549668312072754 -0.31394702196121216 -0.060085952281951904 0.9475373029708862 -0.45793846249580383
1305031457.69157 0.9251007437705994 -0.24354924261569977 0.29132869839668274 -1.3648099899291992 0.20915251970291138 0.9671643376350403 0.14439009130001068 0.30479860305786133 -0.31692880392074585 -0.07264327257871628 0.945663332939148 -0.4612535238265991
1305031457.727669 0.9254958629608154 -0.23964005708694458 0.2933087944984436 -1.3786602020263672 0.20251615345478058 0.9674960970878601 0.1514546275138855 0.28785446286201477 -0.32006964087486267 -0.0807708352804184 0.9439446330070496 -0.4647568166255951
1305031457.759556 0.9248116612434387 -0.2371855080127716 0.297433078289032 -1.3908040523529053 0.20030270516872406 0.9682842493057251 0.1493469476699829 0.2745100259780884 -0.3234226405620575 -0.07854112982749939 0.9429894089698792 -0.4701339900493622
1305031457.791567 0.9222216606140137 -0.23683901131153107 0.30563783645629883 -1.3974659442901611 0.2007201611995697 0.9688418507575989 0.1451098918914795 0.25157052278518677 -0.3304823935031891 -0.07247579097747803 0.9410252571105957 -0.4719144403934479
1305031457.827699 0.9171127080917358 -0.22950540482997894 0.32593220472335815 -1.415694236755371 0.20110265910625458 0.9723386764526367 0.11880765855312347 0.25847482681274414 -0.34418344497680664 -0.0434141680598259 0.9378982782363892 -0.4817301034927368
1305031457.859623 0.9111586809158325 -0.2312910109758377 0.3410196006298065 -1.4277607202529907 0.20095086097717285 0.9719384908676147 0.12228778004646301 0.24302925169467926 -0.3597341775894165 -0.0428953543305397 0.9320683479309082 -0.4849294126033783
1305031457.891593 0.9036895632743835 -0.23119884729385376 0.3604058027267456 -1.4449741840362549 0.2023080736398697 0.972368061542511 0.11649841070175171 0.22021803259849548 -0.3773813545703888 -0.03236537426710129 0.9254922270774841 -0.4815390706062317
1305031457.927633 0.898269772529602 -0.22680984437465668 0.3763890266418457 -1.4680346250534058 0.21100440621376038 0.9739282727241516 0.08331174403429031 0.22679780423641205 -0.3854718506336212 0.004583324305713177 0.9227081537246704 -0.4827812612056732
1305031457.991644 0.8937776684761047 -0.23046232759952545 0.38477078080177307 -1.4945192337036133 0.22331692278385162 0.9726530313491821 0.06384114921092987 0.21146315336227417 -0.38896140456199646 0.028866026550531387 0.9208016991615295 -0.47957730293273926
1305031458.027845 0.8898488879203796 -0.22692395746707916 0.39582133293151855 -1.5072382688522339 0.22666916251182556 0.9727824926376343 0.04811853542923927 0.20134656131267548 -0.3959672749042511 0.04690227657556534 0.9170660376548767 -0.47484004497528076
1305031458.059689 0.8840622305870056 -0.22653019428253174 0.40880078077316284 -1.5244351625442505 0.23423343896865845 0.9716574549674988 0.03188066929578781 0.20435863733291626 -0.40443626046180725 0.06757030636072159 0.912066638469696 -0.47199296951293945
1305031458.09169 0.8787738084793091 -0.22978006303310394 0.4182794690132141 -1.5388081073760986 0.2381354123353958 0.9706734418869019 0.03293071314692497 0.20396170020103455 -0.4135795533657074 0.07066849619150162 0.9077212810516357 -0.4629002511501312
1305031458.127605 0.8736832141876221 -0.23171734809875488 0.42776715755462646 -1.5542429685592651 0.23801518976688385 0.970455527305603 0.039557747542858124 0.19238947331905365 -0.42429521679878235 0.06725412607192993 0.9030230641365051 -0.45007777214050293
1305031458.159638 0.8688575029373169 -0.2339686155319214 0.4362858235836029 -1.5717689990997314 0.24073581397533417 0.9697401523590088 0.04062394052743912 0.18122881650924683 -0.4325886368751526 0.06973319500684738 0.8988906741142273 -0.4356403350830078
1305031458.191646 0.8651571273803711 -0.2408534586429596 0.4398781359195709 -1.5908539295196533 0.25017452239990234 0.9674669504165649 0.03768664598464966 0.18574804067611694 -0.43464455008506775 0.07744144648313522 0.8972663879394531 -0.422260046005249
1305031458.227611 0.8642286062240601 -0.2450975775718689 0.43935883045196533 -1.6123489141464233 0.24786487221717834 0.9673923254013062 0.05210678279399872 0.17939156293869019 -0.43780359625816345 0.06386946141719818 0.8967991471290588 -0.40367549657821655
1305031458.259934 0.8666641116142273 -0.24943070113658905 0.43206217885017395 -1.6173242330551147 0.24343836307525635 0.9673753976821899 0.07016081362962723 0.1423364281654358 -0.43546661734580994 0.044374674558639526 0.8991105556488037 -0.38776952028274536
1305031458.291664 0.8677428364753723 -0.2394305318593979 0.4355403184890747 -1.6409631967544556 0.24366044998168945 0.9687171578407288 0.04708145558834076 0.14558297395706177 -0.4331881105899811 0.0652693435549736 0.8989371061325073 -0.3670600652694702
1305031458.327628 0.8714178800582886 -0.24222171306610107 0.4265669882297516 -1.6517460346221924 0.2485470473766327 0.9677191376686096 0.04176178574562073 0.14253059029579163 -0.42291259765625 0.06963000446557999 0.9034912586212158 -0.35081493854522705
1305031458.35959 0.8733019232749939 -0.24058085680007935 0.4236327111721039 -1.6602442264556885 0.24961340427398682 0.9677129983901978 0.03499578312039375 0.1199052631855011 -0.4183742105960846 0.07518252730369568 0.905157744884491 -0.32754456996917725
1305031458.391626 0.873351514339447 -0.24430331587791443 0.421394020318985 -1.6703569889068604 0.26509490609169006 0.9641748666763306 0.009563744068145752 0.12081659585237503 -0.4086340069770813 0.10335688292980194 0.9068272709846497 -0.3208133578300476
1305031458.427598 0.870191216468811 -0.2543032467365265 0.422015517950058 -1.6720325946807861 0.28337621688842773 0.9589871764183044 -0.006440427154302597 0.12418325990438461 -0.4030696451663971 0.12519356608390808 0.9065656661987305 -0.3051866888999939
1305031458.459637 0.8631737232208252 -0.2614244520664215 0.4319586753845215 -1.6660479307174683 0.2995458245277405 0.9538440704345703 -0.021302802488207817 0.11183123290538788 -0.4064522087574005 0.1477794498205185 0.9016416668891907 -0.28884148597717285
1305031458.491696 0.8554845452308655 -0.245914489030838 0.4557107388973236 -1.6666216850280762 0.3030306398868561 0.9513643980026245 -0.05548207461833954 0.10453547537326813 -0.4199031591415405 0.18555837869644165 0.8883970975875854 -0.2720831632614136
1305031458.527737 0.8448712229728699 -0.22486190497875214 0.4854171574115753 -1.6843037605285645 0.30577605962753296 0.9475231170654297 -0.09327966719865799 0.12062927335500717 -0.43896886706352234 0.227238267660141 0.8692921996116638 -0.2501237392425537
1305031458.559628 0.837661623954773 -0.21231530606746674 0.5032348036766052 -1.68900465965271 0.30406761169433594 0.9466513395309448 -0.10674390196800232 0.1244792640209198 -0.4537245035171509 0.24243268370628357 0.8575315475463867 -0.2313232421875
1305031458.591641 0.8331298232078552 -0.19095978140830994 0.5190654993057251 -1.6974313259124756 0.2955038249492645 0.9470088481903076 -0.12590408325195312 0.12693502008914948 -0.46751704812049866 0.25828033685684204 0.8454105257987976 -0.20531654357910156
1305031458.627659 0.8343867063522339 -0.1797388195991516 0.5210496783256531 -1.7056612968444824 0.2944919168949127 0.9444684982299805 -0.14578750729560852 0.15935109555721283 -0.46591120958328247 0.27508804202079773 0.840983510017395 -0.17942124605178833
1305031458.659623 0.8340961933135986 -0.1841655671596527 0.5199679136276245 -1.721358299255371 0.293601393699646 0.94622802734375 -0.13583382964134216 0.1630084067583084 -0.46699225902557373 0.26596179604530334 0.843316376209259 -0.14922112226486206
1305031458.691674 0.8502588868141174 -0.17229710519313812 0.49736645817756653 -1.7330111265182495 0.26984694600105286 0.9539732336997986 -0.13083505630493164 0.16138963401317596 -0.45193174481391907 0.2454565167427063 0.857617974281311 -0.1248740553855896
1305031458.72765 0.8695682287216187 -0.16785073280334473 0.46441054344177246 -1.7148160934448242 0.25587543845176697 0.957512378692627 -0.1330331712961197 0.15587684512138367 -0.4223491847515106 0.23451270163059235 0.8755712509155273 -0.11378347873687744
1305031458.759945 0.8858235478401184 -0.14488714933395386 0.4408222436904907 -1.721690058708191 0.23308581113815308 0.9603883028030396 -0.15272581577301025 0.16167345643043518 -0.40123263001441956 0.23803755640983582 0.8845058083534241 -0.09846961498260498
1305031458.791632 0.9057941436767578 -0.13216812908649445 0.4025775194168091 -1.7063151597976685 0.2134159505367279 0.9630991816520691 -0.16399304568767548 0.17871876060962677 -0.36604738235473633 0.23446044325828552 0.9005762934684753 -0.08248353004455566
1305031458.827564 0.9153146147727966 -0.13363079726696014 0.37992343306541443 -1.6945784091949463 0.20619669556617737 0.9658234715461731 -0.1570608913898468 0.18084244430065155 -0.34595078229904175 0.22209906578063965 0.911586582660675 -0.07143694162368774
1305031458.891665 0.923149824142456 -0.11212139576673508 0.3677270710468292 -1.6852164268493652 0.18483833968639374 0.9681593179702759 -0.16882653534412384 0.1704944670200348 -0.3370893597602844 0.22382225096225739 0.9144803881645203 -0.06255507469177246
1305031458.927621 0.9161255955696106 -0.12264226377010345 0.38167089223861694 -1.6903796195983887 0.20022310316562653 0.9647863507270813 -0.17058135569095612 0.18200823664665222 -0.3473103940486908 0.23269331455230713 0.9084212779998779 -0.04694259166717529
1305031458.959617 0.9063140153884888 -0.15245985984802246 0.39414578676223755 -1.6947360038757324 0.2267240732908249 0.9624885320663452 -0.14903707802295685 0.17320600152015686 -0.356638640165329 0.22443673014640808 0.9068832397460938 -0.03726071119308472
1305031458.991647 0.8985773324966431 -0.15996931493282318 0.40861785411834717 -1.707440972328186 0.23402172327041626 0.9624080061912537 -0.13785703480243683 0.1422146111726761 -0.3712042272090912 0.21950066089630127 0.9022344350814819 -0.021986842155456543
