1305031455.891657 0.9986869096755981 0.008071978576481342 0.05059003457427025 -0.08542337268590927 -0.007902519777417183 0.9999623894691467 -0.0035487436689436436 -0.031888362020254135 -0.050616778433322906 0.003144295420497656 0.9987131357192993 -0.02931186556816101
1305031455.927955 0.9981710314750671 0.008554460480809212 0.05984451249241829 -0.0999804213643074 -0.008652420714497566 0.9999614953994751 0.0013779696309939027 -0.04096119850873947 -0.059830453246831894 -0.00189324957318604 0.9982066750526428 -0.034186653792858124
1305031455.959716 0.997521162033081 0.014292112551629543 0.06890014559030533 -0.11351870745420456 -0.014280234463512897 0.9998977184295654 -0.0006649113493040204 -0.04198051989078522 -0.06890259683132172 -0.0003206467954441905 0.9976234436035156 -0.03970128670334816
1305031455.991694 0.9968259930610657 0.016991741955280304 0.07777675986289978 -0.12380155175924301 -0.017406808212399483 0.9998375177383423 0.00466177798807621 -0.045991118997335434 -0.0776849240064621 -0.00600082753226161 0.9969598650932312 -0.04333885386586189
1305031456.02777 0.995492160320282 0.023484164848923683 0.09189166128635406 -0.13745681941509247 -0.024549754336476326 0.9996436238288879 0.010482902638614178 -0.0410638228058815 -0.09161272644996643 -0.012691566720604897 0.9957138895988464 -0.047795090824365616
1305031456.059713 0.9939509630203247 0.03348839282989502 0.10459483414888382 -0.151900514960289 -0.037238430231809616 0.9987241625785828 0.03410787135362625 -0.050779446959495544 -0.10331915318965912 -0.0377964973449707 0.993929922580719 -0.047938380390405655
1305031456.091707 0.9916704893112183 0.04017795994877815 0.12237294018268585 -0.17326945066452026 -0.04692954942584038 0.9975018501281738 0.05279828608036041 -0.0661439374089241 -0.11994591355323792 -0.05810141935944557 0.991078794002533 -0.044580355286598206
1305031456.127645 0.9904035329818726 0.041050128638744354 0.13196831941604614 -0.18408529460430145 -0.049034059047698975 0.9971216320991516 0.05782860144972801 -0.07483407109975815 -0.12921461462974548 -0.06374458968639374 0.9895656108856201 -0.04474565386772156
1305031456.159731 0.9896125197410583 0.038321077823638916 0.13855893909931183 -0.18619918823242188 -0.04819750785827637 0.996476411819458 0.06864091008901596 -0.09185191988945007 -0.13544028997421265 -0.07460610568523407 0.9879727363586426 -0.04764258861541748
1305031456.191658 0.9875941872596741 0.033558618277311325 0.15339955687522888 -0.1919308751821518 -0.04355233535170555 0.9971092343330383 0.062258534133434296 -0.10325943678617477 -0.1508668065071106 -0.06816708296537399 0.9862010478973389 -0.04716243967413902
1305031456.227678 0.9842809438705444 0.029743045568466187 0.17408739030361176 -0.20055654644966125 -0.038966450840234756 0.9979985356330872 0.04980504885315895 -0.09670048952102661 -0.17225758731365204 -0.055805712938308716 0.9834698438644409 -0.04775344207882881
1305031456.259614 0.9801383018493652 0.022471893578767776 0.19703778624534607 -0.2091648280620575 -0.03443070873618126 0.997752845287323 0.057478658854961395 -0.10861042886972427 -0.19530333578586578 -0.06312118470668793 0.9787095189094543 -0.04288697987794876
1305031456.291675 0.9755058884620667 0.013716018758714199 0.21954531967639923 -0.21860024333000183 -0.02617497183382511 0.9982009530067444 0.05394100025296211 -0.11765535175800323 -0.21841049194335938 -0.05836636573076248 0.974109947681427 -0.03824574872851372
1305031456.327718 0.9705179333686829 0.0020513967610895634 0.24102015793323517 -0.22680051624774933 -0.013978731818497181 0.9987596869468689 0.04778752103447914 -0.1261279284954071 -0.24062319099903107 -0.049747809767723083 0.9693428874015808 -0.03233039751648903
1305031456.359846 0.964125394821167 -0.006248673889786005 0.26537376642227173 -0.23312999308109283 -0.002523734699934721 0.999461829662323 0.03270294517278671 -0.11700969189405441 -0.2654353678226471 -0.03219947591423988 0.9635907411575317 -0.027558136731386185
1305031456.391619 0.9564048051834106 -0.016223622485995293 0.2915933430194855 -0.24182702600955963 0.0037257394287735224 0.9990522861480713 0.04336494952440262 -0.13629890978336334 -0.2920205593109131 -0.04038804769515991 0.9555588364601135 -0.014092020690441132
1305031456.427662 0.947579562664032 -0.023733165115118027 0.3186376392841339 -0.2590842545032501 0.016484595835208893 0.9995406866073608 0.025426393374800682 -0.13319827616214752 -0.31909480690956116 -0.018840909004211426 0.947535514831543 -0.006124168634414673
1305031456.45961 0.9409696459770203 -0.0342608243227005 0.33675238490104675 -0.2786942720413208 0.030504466965794563 0.9993993639945984 0.016440758481621742 -0.12109239399433136 -0.3371134102344513 -0.005197804421186447 0.9414496421813965 0.004353828728199005
1305031456.491677 0.9383687376976013 -0.0489787794649601 0.34214815497398376 -0.29405903816223145 0.04176752269268036 0.9987230896949768 0.028417257592082024 -0.12218751013278961 -0.34310317039489746 -0.01237518060952425 0.9392162561416626 0.019701912999153137
1305031456.527641 0.9391372203826904 -0.06372911483049393 0.33757922053337097 -0.2998417913913727 0.053301095962524414 0.9977737069129944 0.040080033242702484 -0.12525254487991333 -0.33938199281692505 -0.01964731328189373 0.9404434561729431 0.032165393233299255
1305031456.559608 0.9382238984107971 -0.07755763083696365 0.3372250199317932 -0.30319079756736755 0.06287643313407898 0.9965451955795288 0.054259054362773895 -0.14045169949531555 -0.34026819467544556 -0.02970363199710846 0.93985915184021 0.04704508185386658
1305031456.591651 0.9346200227737427 -0.08871392160654068 0.3444053530693054 -0.3098065257072449 0.07879026979207993 0.9959747195243835 0.04273412376642227 -0.12509813904762268 -0.3468101918697357 -0.012804382480680943 0.937847912311554 0.05476190149784088
1305031456.627612 0.9296978712081909 -0.105866938829422 0.35278013348579407 -0.3185417950153351 0.08978819102048874 0.9940487742424011 0.06168428063392639 -0.11330567300319672 -0.35721099376678467 -0.025672251358628273 0.9336708188056946 0.0659775510430336
1305031456.659665 0.9229967594146729 -0.13298746943473816 0.3610972762107849 -0.323881596326828 0.10181663930416107 0.9893404245376587 0.10410891473293304 -0.14104938507080078 -0.3710933327674866 -0.05932646617293358 0.9266985058784485 0.08859385550022125
1305031456.691612 0.9163366556167603 -0.14809203147888184 0.37201571464538574 -0.3356421887874603 0.12086732685565948 0.9880536794662476 0.09560807049274445 -0.1368749886751175 -0.3817303776741028 -0.04264463484287262 0.9232894778251648 0.10279341787099838
1305031456.727693 0.9112736582756042 -0.1696881800889969 0.3752147853374481 -0.34923255443573 0.1413934826850891 0.9846927523612976 0.10192179679870605 -0.12894028425216675 -0.38676613569259644 -0.03982573375105858 0.9213173985481262 0.11386203020811081
1305031456.759615 0.9090844988822937 -0.1911645084619522 0.3701638877391815 -0.360129714012146 0.15330849587917328 0.9796665906906128 0.129421204328537 -0.1541590690612793 -0.38737788796424866 -0.060905542224645615 0.9199070334434509 0.12764734029769897
1305031456.791649 0.912135660648346 -0.19914425909519196 0.35825949907302856 -0.3678104877471924 0.1683957576751709 0.9789388179779053 0.11541979014873505 -0.15217500925064087 -0.3736991584300995 -0.04494915157556534 0.9264601469039917 0.14090435206890106
1305031456.827603 0.9126916527748108 -0.2106456607580185 0.35017484426498413 -0.3708936274051666 0.18705981969833374 0.9772158265113831 0.1002880111336708 -0.129006028175354 -0.3633216619491577 -0.026028359308838844 0.9313001036643982 0.1545637995004654
1305031456.859634 0.9096991419792175 -0.22772538661956787 0.34725886583328247 -0.37314847111701965 0.19872984290122986 0.9729896187782288 0.11746297031641006 -0.134512796998024 -0.3646286129951477 -0.03784523159265518 0.9303836226463318 0.16788700222969055
1305031456.891672 0.9054399132728577 -0.24046607315540314 0.3497925102710724 -0.37534603476524353 0.2077508121728897 0.9696605205535889 0.12883248925209045 -0.1442759782075882 -0.3701598644256592 -0.04398038238286972 0.9279264211654663 0.18213056027889252
1305031456.92769 0.898043692111969 -0.24842703342437744 0.36304497718811035 -0.38337594270706177 0.22011220455169678 0.9682971835136414 0.11811444163322449 -0.1393519639968872 -0.38087818026542664 -0.0261613167822361 0.9242550730705261 0.1924089640378952
1305031456.959667 0.8899490237236023 -0.25564509630203247 0.3776724636554718 -0.39702919125556946 0.2291909158229828 0.9666523337364197 0.11425706744194031 -0.1250244677066803 -0.39428725838661194 -0.015123878605663776 0.9188628196716309 0.2037481963634491
1305031456.991709 0.8842070698738098 -0.2682061195373535 0.3824177086353302 -0.40405896306037903 0.23250439763069153 0.9628024697303772 0.13767004013061523 -0.13325677812099457 -0.40511661767959595 -0.03281503915786743 0.9136759042739868 0.21542523801326752
1305031457.027648 0.8781099319458008 -0.275648832321167 0.39107629656791687 -0.41349202394485474 0.23821255564689636 0.9607325792312622 0.14229455590248108 -0.13444489240646362 -0.41494297981262207 -0.03179097920656204 0.9092917442321777 0.22580496966838837
1305031457.059621 0.8702549934387207 -0.2873370051383972 0.4001171588897705 -0.42597705125808716 0.2487076371908188 0.957417905330658 0.14661341905593872 -0.12725988030433655 -0.4252066910266876 -0.02807888574898243 0.9046605825424194 0.23084735870361328
1305031457.091655 0.8625949025154114 -0.30394572019577026 0.40440937876701355 -0.43336915969848633 0.2550194561481476 0.9516439437866211 0.17128585278987885 -0.13502980768680573 -0.43691524863243103 -0.04461803659796715 0.898395299911499 0.23958422243595123
1305031457.127632 0.8554155230522156 -0.3169211447238922 0.4096650183200836 -0.4379825294017792 0.2623986601829529 0.9471030235290527 0.1847778856754303 -0.14542481303215027 -0.44655492901802063 -0.05056629702448845 0.8933261632919312 0.2446231096982956
1305031457.159693 0.8445232510566711 -0.3270224332809448 0.4240718483924866 -0.4506731331348419 0.2733004093170166 0.944196343421936 0.18384815752506256 -0.14691773056983948 -0.46052950620651245 -0.0393650196492672 0.8867710828781128 0.2471829354763031
1305031457.191735 0.8319634199142456 -0.33618083596229553 0.4413835406303406 -0.4674855172634125 0.28409552574157715 0.9414478540420532 0.1815645396709442 -0.14423856139183044 -0.4765780568122864 -0.025659922510385513 0.8787575364112854 0.2497793436050415
1305031457.227543 0.8227517008781433 -0.35066932439804077 0.44733738899230957 -0.47727859020233154 0.2930692732334137 0.9360461831092834 0.19475112855434418 -0.1512836515903473 -0.48702168464660645 -0.029130995273590088 0.8729038834571838 0.2512044310569763
1305031457.259691 0.8125094175338745 -0.3632657527923584 0.45592373609542847 -0.48505914211273193 0.3022146224975586 0.9312794804573059 0.20343253016471863 -0.16848333179950714 -0.4984925389289856 -0.02750401385128498 0.8664575219154358 0.25222742557525635
1305031457.291656 0.7991358041763306 -0.365106999874115 0.47757622599601746 -0.5023700594902039 0.31315162777900696 0.9309654831886292 0.18772149085998535 -0.1662387102842331 -0.5131454467773438 -0.0004611397162079811 0.8583015203475952 0.250620573759079
1305031457.327548 0.784894585609436 -0.3712545335292816 0.49609509110450745 -0.5186702609062195 0.32141977548599243 0.9284365177154541 0.1862657219171524 -0.16594243049621582 -0.5297447443008423 0.013255815953016281 0.8480533361434937 0.2483525574207306
1305031457.359712 0.7697697281837463 -0.3832848370075226 0.5104382038116455 -0.5295956134796143 0.3286329507827759 0.9235010743141174 0.19785402715206146 -0.17702682316303253 -0.5472245812416077 0.015444731339812279 0.8368432521820068 0.24757587909698486
1305031457.391684 0.7497432827949524 -0.3917666971683502 0.5332950949668884 -0.5470613241195679 0.3410995602607727 0.9193963408470154 0.19586096704006195 -0.18626047670841217 -0.567041277885437 0.03506125137209892 0.8229426741600037 0.2473946064710617
1305031457.427641 0.7326278686523438 -0.3985810875892639 0.5517150163650513 -0.5702126026153564 0.3504554331302643 0.9157916307449341 0.19623123109340668 -0.1922103762626648 -0.5834701061248779 0.04958710819482803 0.8106192946434021 0.24767670035362244
1305031457.459614 0.7235912084579468 -0.4061407744884491 0.5580908060073853 -0.5874250531196594 0.3586288094520569 0.9120731949806213 0.19876587390899658 -0.2005871683359146 -0.5897465348243713 0.056322209537029266 0.8056219220161438 0.24729855358600616
1305031457.491705 0.7188473343849182 -0.41322922706604004 0.5590171217918396 -0.5980743169784546 0.3652418851852417 0.9087185859680176 0.20206163823604584 -0.2131495624780655 -0.5914870500564575 0.058924999088048935 0.8041585683822632 0.24490191042423248
1305031457.527638 0.7132799625396729 -0.4141082465648651 0.5654609799385071 -0.6110324859619141 0.3702258765697479 0.9076592922210693 0.19770511984825134 -0.2222985476255417 -0.5951172709465027 0.06832919269800186 0.8007287383079529 0.2404605746269226
1305031457.559685 0.7032824158668518 -0.4176885783672333 0.5752651691436768 -0.6271964907646179 0.3771136701107025 0.9051517248153687 0.19617757201194763 -0.23177659511566162 -0.6026434302330017 0.07897214591503143 0.7940933704376221 0.2367137372493744
1305031457.591678 0.6925771832466125 -0.41760438680648804 0.588169515132904 -0.6476438641548157 0.3819921314716339 0.9039924740791321 0.19204026460647583 -0.23601697385311127 -0.6118976473808289 0.09167344123125076 0.7856062054634094 0.23870939016342163
1305031457.627526 0.6871421337127686 -0.4244175851345062 0.5896655321121216 -0.6585408449172974 0.3869701325893402 0.9007226824760437 0.19736455380916595 -0.25047367811203003 -0.6148900389671326 0.09256547689437866 0.7831614017486572 0.23860976099967957
1305031457.659632 0.6799461245536804 -0.422919362783432 0.5990095138549805 -0.6790121793746948 0.3940967619419098 0.8996673226356506 0.18784700334072113 -0.24898140132427216 -0.6183534860610962 0.10834193229675293 0.7783963680267334 0.23911134898662567
1305031457.69157 0.6766892671585083 -0.43420663475990295 0.5946058034896851 -0.6906050443649292 0.3975609242916107 0.8952251076698303 0.20128875970840454 -0.260572224855423 -0.6197070479393005 0.10018222033977509 0.7784128785133362 0.23947638273239136
1305031457.727669 0.6770153641700745 -0.4359086751937866 0.5929871797561646 -0.697450578212738 0.39395883679389954 0.8952150344848633 0.20829416811466217 -0.27795344591140747 -0.6216483116149902 0.09259425103664398 0.777804434299469 0.2387542575597763
1305031457.759556 0.6742141842842102 -0.4329010844230652 0.5983576774597168 -0.708076000213623 0.3910890519618988 0.896548330783844 0.20796746015548706 -0.2931833565235138 -0.6264858841896057 0.09379660338163376 0.773768424987793 0.23990008234977722
1305031457.791567 0.6695728898048401 -0.4270140826702118 0.6077260971069336 -0.7133909463882446 0.3884190618991852 0.8987237811088562 0.2035338580608368 -0.31444865465164185 -0.6330898404121399 0.09977170079946518 0.7676215171813965 0.23858574032783508
1305031457.827699 0.6589590907096863 -0.4132116734981537 0.6285133361816406 -0.7308209538459778 0.39246976375579834 0.9017106890678406 0.18134212493896484 -0.30949848890304565 -0.6416701078414917 0.1271754801273346 0.756363570690155 0.2364087998867035
1305031457.859623 0.6482424139976501 -0.41335487365722656 0.6394681334495544 -0.7401779890060425 0.38969147205352783 0.9016020894050598 0.18776090443134308 -0.326289564371109 -0.654157817363739 0.12748077511787415 0.7455375790596008 0.23637837171554565
1305031457.891593 0.6371028423309326 -0.40464282035827637 0.6560213565826416 -0.7495653629302979 0.3846164047718048 0.9044766426086426 0.18436868488788605 -0.34878912568092346 -0.6679596304893494 0.13485485315322876 0.7318769693374634 0.24559739232063293
1305031457.927633 0.6227907538414001 -0.39543259143829346 0.675103485584259 -0.7697848677635193 0.39702680706977844 0.9032519459724426 0.16280558705329895 -0.35639458894729614 -0.6741671562194824 0.16664038598537445 0.7195343375205994 0.25291523337364197
1305031457.959632 0.6171877980232239 -0.39362961053848267 0.6812743544578552 -0.7834739685058594 0.40458735823631287 0.9013912677764893 0.15428127348423004 -0.3644962012767792 -0.6748244762420654 0.18041449785232544 0.7155854105949402 0.25679364800453186
1305031457.991644 0.614487886428833 -0.39279329776763916 0.6841914653778076 -0.7878148555755615 0.40781399607658386 0.9005376696586609 0.15073032677173615 -0.3816843330860138 -0.6753460764884949 0.1864008903503418 0.7135562300682068 0.2627347409725189
1305031458.027845 0.6088407039642334 -0.3828268349170685 0.694806694984436 -0.7931191921234131 0.4095616042613983 0.9017872214317322 0.137981578707695 -0.393628865480423 -0.679391086101532 0.20055745542049408 0.7058359384536743 0.2694120407104492
1305031458.059689 0.6001214981079102 -0.3706587851047516 0.7088484764099121 -0.808140754699707 0.41742345690727234 0.9010488986968994 0.11776411533355713 -0.3859916627407074 -0.6823574304580688 0.22521719336509705 0.6954606175422668 0.27735209465026855
1305031458.09169 0.5911496877670288 -0.3708016872406006 0.716273844242096 -0.8170042037963867 0.4200461804866791 0.8996579051017761 0.11906694620847702 -0.3871297836303711 -0.6885514855384827 0.23048166930675507 0.6875863671302795 0.2910361588001251
1305031458.127605 0.5819208025932312 -0.3745923936367035 0.721837043762207 -0.8233762979507446 0.4189417362213135 0.8988442420959473 0.12871228158473969 -0.4021017551422119 -0.6970335841178894 0.2275073081254959 0.6799885630607605 0.30672597885131836
1305031458.159638 0.5744125247001648 -0.3751971125602722 0.727514386177063 -0.8322229385375977 0.42080408334732056 0.8976851105690002 0.13071051239967346 -0.414919376373291 -0.7021210789680481 0.23105928301811218 0.6735261678695679 0.3236764967441559
1305031458.191646 0.568572998046875 -0.3780342936515808 0.7306262254714966 -0.8441782593727112 0.42797330021858215 0.8944307565689087 0.12974002957344055 -0.4159197211265564 -0.7025407552719116 0.2389218509197235 0.6703378558158875 0.34247276186943054
1305031458.227611 0.5680883526802063 -0.3882357180118561 0.7256366014480591 -0.850548267364502 0.42791658639907837 0.8925122022628784 0.14251036942005157 -0.42298394441604614 -0.7029671669006348 0.2295534610748291 0.6731583476066589 0.3639225959777832
1305031458.259934 0.5711991786956787 -0.39664772152900696 0.7186111211776733 -0.8466923236846924 0.42261549830436707 0.8926445245742798 0.15678560733795166 -0.4558514654636383 -0.7036529183387756 0.214140385389328 0.6775074601173401 0.3784100413322449
1305031458.291664 0.5723154544830322 -0.3828078806400299 0.7251985669136047 -0.8594062328338623 0.42376571893692017 0.8951811194419861 0.13810649514198303 -0.4634803533554077 -0.7020522356033325 0.2282739281654358 0.6745467782020569 0.40376999974250793
1305031458.327628 0.5770765542984009 -0.38439154624938965 0.7205731868743896 -0.8620532155036926 0.4299766719341278 0.8931251764297485 0.13208961486816406 -0.46911150217056274 -0.6943361163139343 0.23360392451286316 0.6806808114051819 0.4229147732257843
1305031458.35959 0.5822575688362122 -0.3834834396839142 0.7168797254562378 -0.8577723503112793 0.43566998839378357 0.8916468024253845 0.1231163963675499 -0.49088960886001587 -0.686416506767273 0.24063752591609955 0.6862403154373169 0.4358464777469635
1305031458.391626 0.5817750096321106 -0.36981290578842163 0.7244142889976501 -0.8632007837295532 0.4432549774646759 0.8909294605255127 0.09884198009967804 -0.4916951060295105 -0.6819550395011902 0.2635965049266815 0.6822418570518494 0.4584823250770569
1305031458.427598 0.5775877833366394 -0.37078243494033813 0.727263867855072 -0.8589512705802917 0.4624314308166504 0.8827795386314392 0.08280955255031586 -0.4889833331108093 -0.6727180480957031 0.28847989439964294 0.6813440918922424 0.46958595514297485
1305031458.459637 0.5666292309761047 -0.37016698718070984 0.7361438274383545 -0.8497790694236755 0.4805023670196533 0.8742160201072693 0.06974080204963684 -0.4971712827682495 -0.6693643927574158 0.3142016530036926 0.6732224822044373 0.47714272141456604
1305031458.491696 0.5543537139892578 -0.3452386260032654 0.7572993040084839 -0.8390634059906006 0.4805598258972168 0.8756784200668335 0.04742894321680069 -0.5164473652839661 -0.6795250773429871 0.33763518929481506 0.6513433456420898 0.4869956374168396
1305031458.527737 0.5397589206695557 -0.3039914667606354 0.7850155830383301 -0.8514924645423889 0.4825885593891144 0.8758165240287781 0.007336519658565521 -0.49103912711143494 -0.6897599101066589 0.3748796284198761 0.6194325089454651 0.5116339325904846
1305031458.559628 0.5274099111557007 -0.2842366695404053 0.8006548881530762 -0.8469319939613342 0.47981077432632446 0.8773599863052368 -0.004595072474330664 -0.48247474431991577 -0.701156497001648 0.38658636808395386 0.599108099937439 0.5363017320632935
1305031458.591641 0.5196229219436646 -0.2582787573337555 0.8144225478172302 -0.8465708494186401 0.4682615101337433 0.8833938837051392 -0.018611393868923187 -0.4843699336051941 -0.7146490812301636 0.3910336196422577 0.5799737572669983 0.5649957060813904
1305031458.627659 0.5224630236625671 -0.24048064649105072 0.818047285079956 -0.8485302925109863 0.4650745689868927 0.8844974040985107 -0.03701462969183922 -0.456542432308197 -0.7146593928337097 0.3997918367385864 0.5739585161209106 0.5912795066833496
1305031458.659623 0.5226548314094543 -0.25291013717651367 0.8141672015190125 -0.8498706221580505 0.464245080947876 0.8854085803031921 -0.022981949150562286 -0.4627656936645508 -0.7150583267211914 0.38998478651046753 0.5801753401756287 0.615912914276123
1305031458.691674 0.5505732893943787 -0.24731683731079102 0.7973101139068604 -0.8501070141792297 0.44408461451530457 0.8955193758010864 -0.028877276927232742 -0.4595230519771576 -0.7068648338317871 0.36997219920158386 0.6028786897659302 0.6382750272750854
1305031458.72765 0.5747467279434204 -0.2478708177804947 0.7798886299133301 -0.837202250957489 0.434395432472229 0.9000779390335083 -0.034061599522829056 -0.4656006097793579 -0.693517804145813 0.35835689306259155 0.6249907612800598 0.6518985629081726
1305031458.759945 0.6037871837615967 -0.22774186730384827 0.7639206051826477 -0.8318167328834534 0.41927143931388855 0.9057857394218445 -0.06134842336177826 -0.45824676752090454 -0.6779770255088806 0.3573314845561981 0.6423873901367188 0.6679782271385193
1305031458.791632 0.6382229328155518 -0.2155558466911316 0.739058256149292 -0.8229817152023315 0.3997099697589874 0.9132470488548279 -0.07881423085927963 -0.44366416335105896 -0.6579539775848389 0.34571003913879395 0.6690149903297424 0.6789793968200684
1305031458.827564 0.6566064357757568 -0.224035382270813 0.7201917767524719 -0.8030640482902527 0.3952953815460205 0.9154358506202698 -0.07562360912561417 -0.4395410716533661 -0.6423469185829163 0.33434343338012695 0.6896411776542664 0.6881365776062012
1305031458.859887 0.6629374623298645 -0.2227175533771515 0.7147802114486694 -0.7994465231895447 0.38969355821609497 0.9178497791290283 -0.07543745636940002 -0.4521351158618927 -0.6392596364021301 0.32855552434921265 0.6952685713768005 0.6917125582695007
1305031458.891665 0.6669508218765259 -0.20045162737369537 0.717631995677948 -0.7946409583091736 0.37740635871887207 0.921325147151947 -0.09340493381023407 -0.44428905844688416 -0.6424492597579956 0.33313533663749695 0.6901302933692932 0.7002677917480469
1305031458.927621 0.6539385318756104 -0.20548398792743683 0.7281075716018677 -0.7990425825119019 0.3862025737762451 0.9182335138320923 -0.08772127330303192 -0.4395330548286438 -0.6505475044250488 0.3385613262653351 0.6798266768455505 0.7111680507659912
1305031458.959617 0.6370747089385986 -0.23283563554286957 0.7347946763038635 -0.7958393096923828 0.4083602726459503 0.9104640483856201 -0.06555242091417313 -0.4462072551250458 -0.6537413001060486 0.3418227434158325 0.6751144528388977 0.7231553792953491
1305031458.991647 0.6217238903045654 -0.24483627080917358 0.7439855933189392 -0.7989341616630554 0.4165174961090088 0.9077884554862976 -0.04932800307869911 -0.4795607030391693 -0.6633042693138123 0.3405514061450958 0.6663724184036255 0.734449565410614
1305031459.027665 0.6211993098258972 -0.22928810119628906 0.749358594417572 -0.8106956481933594 0.4180760085582733 0.9057546257972717 -0.06943243741989136 -0.4884911775588989 -0.6628150343894958 0.3564201891422272 0.658514142036438 0.753075122833252
1305031459.059631 0.6240123510360718 -0.23115159571170807 0.7464431524276733 -0.8190755248069763 0.43313223123550415 0.8973893523216248 -0.0841950923204422 -0.502785325050354 -0.6503884196281433 0.37584733963012695 0.6601012945175171 0.7705805897712708
1305031459.09165 0.6320257186889648 -0.23741284012794495 0.7376845479011536 -0.8405570387840271 0.45465847849845886 0.8844687342643738 -0.10488443076610565 -0.5245530009269714 -0.6275580525398254 0.4016842246055603 0.6669487953186035 0.7898966073989868
1305031459.127618 0.6566222906112671 -0.24168221652507782 0.7144486308097839 -0.8633826971054077 0.4643060564994812 0.8760247826576233 -0.13038599491119385 -0.548970639705658 -0.594362735748291 0.41733717918395996 0.6874319314956665 0.7996591925621033
1305031459.159639 0.684968888759613 -0.24347493052482605 0.6866859197616577 -0.8615595102310181 0.4680373966693878 0.8693558573722839 -0.15862374007701874 -0.5596625804901123 -0.5583535432815552 0.43004706501960754 0.7094370126724243 0.8188579678535461
1305031459.191674 0.7151424288749695 -0.25002428889274597 0.6527320146560669 -0.8491820693016052 0.4768574833869934 0.8572877049446106 -0.19407397508621216 -0.5478951334953308 -0.5110559463500977 0.45005080103874207 0.7323087453842163 0.8286863565444946
1305031459.227607 0.7192394733428955 -0.2590906322002411 0.644644558429718 -0.8661330342292786 0.48896390199661255 0.8479340672492981 -0.20474901795387268 -0.5474239587783813 -0.4935675859451294 0.46247151494026184 0.7365535497665405 0.8462947010993958
1305031459.25976 0.7193465828895569 -0.2749980092048645 0.6379000544548035 -0.861407995223999 0.5045507550239563 0.8380274176597595 -0.20769859850406647 -0.5419386625289917 -0.477461040019989 0.4712602496147156 0.7415825724601746 0.8533564209938049
1305031459.29169 0.7001902461051941 -0.29446834325790405 0.6504013538360596 -0.8510088920593262 0.5309505462646484 0.8237964510917664 -0.19862255454063416 -0.5317218899726868 -0.47731029987335205 0.4844045341014862 0.7331624031066895 0.8620190620422363
1305031459.327632 0.6623298525810242 -0.3189639151096344 0.6779242157936096 -0.847802996635437 0.5672022700309753 0.8046475052833557 -0.17556749284267426 -0.5344878435134888 -0.4894903004169464 0.5008037686347961 0.7138591408729553 0.8698347806930542
1305031459.359651 0.6147438883781433 -0.3296019434928894 0.7165561318397522 -0.8532131314277649 0.6049460172653198 0.7799815535545349 -0.1602155864238739 -0.5282465815544128 -0.5060930848121643 0.5319693088531494 0.6788803339004517 0.883033812046051
1305031459.391667 0.5501672625541687 -0.373658150434494 0.7467901706695557 -0.8646894097328186 0.6633304953575134 0.7388008236885071 -0.1190209835767746 -0.5237134695053101 -0.507256031036377 0.5608501434326172 0.6543229222297668 0.8795474171638489
1305031459.427646 0.46312594413757324 -0.4067077040672302 0.7874663472175598 -0.8775627613067627 0.7106046676635742 0.7013854384422302 -0.05567304790019989 -0.5158789157867432 -0.5296747088432312 0.5853608846664429 0.6138381958007812 0.8910123109817505
1305031459.459679 0.37263602018356323 -0.4170432686805725 0.8289856910705566 -0.8650532960891724 0.7588072419166565 0.651175320148468 -0.013499345630407333 -0.5070648193359375 -0.5341851711273193 0.6340707540512085 0.5591068267822266 0.9255165457725525
1305031459.491555 0.28787660598754883 -0.40729403495788574 0.866740345954895 -0.9019629955291748 0.7851688861846924 0.6185600757598877 0.029886901378631592 -0.5031236410140991 -0.5483037233352661 0.6719337105751038 0.4978635907173157 0.9702584743499756
1305031459.527594 0.21476426720619202 -0.4627382457256317 0.8600869178771973 -0.9010217189788818 0.8247644901275635 0.5576000213623047 0.09405207633972168 -0.5029190182685852 -0.523106038570404 0.6891701221466064 0.5014026165008545 0.9584442377090454
1305031459.559647 0.15895968675613403 -0.46735885739326477 0.8696594834327698 -0.9139933586120605 0.840031087398529 0.5268365144729614 0.1295803040266037 -0.510213315486908 -0.5187288522720337 0.7099428772926331 0.47634169459342957 0.974090576171875
1305031459.591695 0.12480071187019348 -0.46906575560569763 0.8743009567260742 -0.9237421751022339 0.852221667766571 0.501919150352478 0.14763249456882477 -0.5121431350708008 -0.5080778002738953 0.7266735434532166 0.4623878598213196 0.9951962232589722
1305031459.627608 0.1076633632183075 -0.4761827290058136 0.8727306127548218 -0.9304265379905701 0.8568339943885803 0.48965704441070557 0.1614663302898407 -0.5197391510009766 -0.5042260885238647 0.7304012179374695 0.4607276916503906 1.0069053173065186
1305031459.659641 0.0979001522064209 -0.47574806213378906 0.8741164207458496 -0.9285562038421631 0.8619764447212219 0.47953352332115173 0.1644512414932251 -0.5149798393249512 -0.49740538001060486 0.7373679280281067 0.4570300877094269 1.0146664381027222
1305031459.691604 0.05939694866538048 -0.46700024604797363 0.8822600245475769 -0.9480221271514893 0.8541531562805176 0.4811819791793823 0.19719582796096802 -0.5322010517120361 -0.5166180729866028 0.7418724298477173 0.42747050523757935 1.03660249710083
1305031459.727551 0.03628724813461304 -0.4740649163722992 0.8797418475151062 -0.9547735452651978 0.8493040800094604 0.47856101393699646 0.22284956276416779 -0.5524880290031433 -0.5266552567481995 0.7390817403793335 0.4199909567832947 1.0432636737823486
1305031459.759635 0.026674967259168625 -0.47018885612487793 0.8821626305580139 -0.9632775783538818 0.8453404307365417 0.4816332161426544 0.23114687204360962 -0.5708119869232178 -0.5335615277290344 0.739561915397644 0.41031724214553833 1.04912269115448
1305031459.79165 0.020150262862443924 -0.46695974469184875 0.8840489983558655 -0.9724903106689453 0.8381548523902893 0.4899451732635498 0.23968762159347534 -0.5926917195320129 -0.5450599789619446 0.7361401915550232 0.40125706791877747 1.0611768960952759
1305031459.827664 0.019802920520305634 -0.46740204095840454 0.8838230967521667 -0.9790940284729004 0.8366480469703674 0.49172624945640564 0.24129918217658997 -0.6082336902618408 -0.5473827123641968 0.7346705198287964 0.40078863501548767 1.0714161396026611
1305031459.85966 0.015571795403957367 -0.4741867780685425 0.8802865743637085 -0.978993833065033 0.8318306803703308 0.4946548044681549 0.2517426609992981 -0.6258119940757751 -0.5548110008239746 0.7283292412757874 0.40214577317237854 1.0867489576339722
1305031459.891596 0.01931709796190262 -0.4857077896595001 0.873907744884491 -0.9770560264587402 0.8348666429519653 0.48876383900642395 0.2531951367855072 -0.6377939581871033 -0.5501132607460022 0.7247053384780884 0.4149426817893982 1.094390630722046
1305031459.927607 0.01750350371003151 -0.49247804284095764 0.8701489567756653 -0.9771947860717773 0.8383293747901917 0.481503427028656 0.25565293431282043 -0.6561477184295654 -0.5448830723762512 0.7249965071678162 0.4212867021560669 1.100589632987976
1305031459.95965 0.015534414909780025 -0.49479320645332336 0.868871808052063 -0.9813685417175293 0.8394588828086853 0.4785401225090027 0.2575039267539978 -0.6695948839187622 -0.543201208114624 0.7253818511962891 0.42279237508773804 1.1116453409194946
1305031459.991725 0.0052134147845208645 -0.5049806833267212 0.8631149530410767 -0.9806427955627441 0.840865433216095 0.4693607985973358 0.269528865814209 -0.6887351274490356 -0.5412192344665527 0.7243582606315613 0.42706772685050964 1.1199471950531006
1305031460.027565 -0.0005286004161462188 -0.5104626417160034 0.8598998785018921 -0.9745113849639893 0.843987762928009 0.46099016070365906 0.27417653799057007 -0.7039316296577454 -0.5363622307777405 0.7258898019790649 0.4305804669857025 1.1245388984680176
1305031460.059659 -0.0070906453765928745 -0.5088212490081787 0.8608430624008179 -0.9743518829345703 0.8445562720298767 0.4578883647918701 0.27760204672813416 -0.7217469811439514 -0.535419762134552 0.7289987206459045 0.4264814853668213 1.1355152130126953
1305031460.091717 -0.011038346216082573 -0.510794997215271 0.8596317768096924 -0.9768985509872437 0.8503224849700928 0.4475521147251129 0.2768552005290985 -0.7423301339149475 -0.5261462330818176 0.7340202331542969 0.42940014600753784 1.144279956817627
1305031460.12769 -0.007462009321898222 -0.5159488320350647 0.8565868735313416 -0.974459171295166 0.8651026487350464 0.4263051450252533 0.2643130123615265 -0.7573914527893066 -0.501539409160614 0.7430078983306885 0.44316762685775757 1.1446141004562378
1305031460.159678 -0.004017507657408714 -0.5132519602775574 0.8582285046577454 -0.9722351431846619 0.8765344619750977 0.411283940076828 0.25006604194641113 -0.7681280374526978 -0.48132261633872986 0.7532714605331421 0.44823071360588074 1.1537036895751953
1305031460.191559 -0.0007232949137687683 -0.521961510181427 0.8529687523841858 -0.9647754430770874 0.8860418200492859 0.39510607719421387 0.24253061413764954 -0.7737201452255249 -0.46360477805137634 0.7559413909912109 0.46219396591186523 1.1580232381820679
1305031460.227761 -0.0018213018774986267 -0.5281901359558105 0.8491242527961731 -0.9550814628601074 0.891158938407898 0.38438111543655396 0.241012305021286 -0.7818771004676819 -0.4536876678466797 0.7571435570716858 0.4700011909008026 1.15451180934906
1305031460.259667 -0.01545086968690157 -0.5212793350219727 0.8532462120056152 -0.9490565657615662 0.8895292282104492 0.3825336992740631 0.24981176853179932 -0.7903903722763062 -0.45661717653274536 0.7628470659255981 0.45778268575668335 1.1553363800048828
1305031460.291689 -0.02911074087023735 -0.514340341091156 0.8570919036865234 -0.9440822601318359 0.885058581829071 0.38525253534317017 0.26125043630599976 -0.7994414567947388 -0.4645683467388153 0.7661816477775574 0.44400638341903687 1.1591466665267944
1305031460.327512 -0.04700552672147751 -0.505905270576477 0.8613072633743286 -0.9385689496994019 0.8815758228302002 0.3844381272792816 0.2739187479019165 -0.8096978664398193 -0.4696962833404541 0.7721834182739258 0.4279230833053589 1.1648430824279785
1305031460.35963 -0.06319786608219147 -0.4992620050907135 0.8641431927680969 -0.9347698092460632 0.8782638907432556 0.3834081292152405 0.2857460379600525 -0.8135814666748047 -0.4739816188812256 0.7770043611526489 0.4142531752586365 1.1698307991027832
1305031460.391611 -0.08974523842334747 -0.501404345035553 0.8605460524559021 -0.9277003407478333 0.8732225298881531 0.3759239912033081 0.3101024627685547 -0.8284423351287842 -0.4789864718914032 0.7792784571647644 0.4041002094745636 1.1705105304718018
1305031460.427477 -0.11576016247272491 -0.4958854913711548 0.8606376647949219 -0.9221581220626831 0.8697722554206848 0.367834210395813 0.32892897725105286 -0.8389519453048706 -0.4796831011772156 0.7866356372833252 0.3887268900871277 1.1728770732879639
1305031460.45962 -0.1420992761850357 -0.4913317859172821 0.8593026399612427 -0.9163604378700256 0.8648980855941772 0.36057546734809875 0.34919431805610657 -0.8432786464691162 -0.48141366243362427 0.7928293347358704 0.373714417219162 1.1734793186187744
1305031460.491504 -0.176515132188797 -0.4842511713504791 0.856938362121582 -0.9135385751724243 0.8566330075263977 0.3532183766365051 0.3760540783405304 -0.8456369638442993 -0.4847908914089203 0.8004608750343323 0.3524772524833679 1.1836880445480347
1305031460.52757 -0.2154870629310608 -0.4862273335456848 0.8468461632728577 -0.9083638191223145 0.8478327989578247 0.3371228873729706 0.4093014895915985 -0.8607128858566284 -0.4845048189163208 0.8061830401420593 0.33959391713142395 1.1892741918563843
1305031460.559647 -0.2432740032672882 -0.4934391379356384 0.8350661993026733 -0.8978739976882935 0.8377413749694824 0.32704195380210876 0.4373018741607666 -0.8759089708328247 -0.4888835549354553 0.8059536814689636 0.3338135778903961 1.1882668733596802
1305031460.591855 -0.2621367573738098 -0.4914429187774658 0.8305228352546692 -0.8941514492034912 0.8287175893783569 0.3263430595397949 0.4546729624271393 -0.8856832981109619 -0.4944812059402466 0.8074553608894348 0.32172080874443054 1.1915744543075562
1305031460.627625 -0.28310978412628174 -0.4876241981983185 0.8258761763572693 -0.8870902061462402 0.8197730183601379 0.32392698526382446 0.4722747504711151 -0.8956799507141113 -0.49781617522239685 0.8107366561889648 0.3080342710018158 1.1968673467636108
1305031460.659764 -0.299702525138855 -0.48412036895751953 0.8220741152763367 -0.8829257488250732 0.8095375299453735 0.3268909752368927 0.4876385033130646 -0.9090443849563599 -0.5048043131828308 0.8116463422775269 0.29394349455833435 1.2025227546691895
1305031460.691671 -0.31288501620292664 -0.4813603162765503 0.8187766671180725 -0.8779654502868652 0.8022748827934265 0.32748478651046753 0.4991079866886139 -0.9191678166389465 -0.5083876848220825 0.8130472898483276 0.2837182283401489 1.2143239974975586
1305031460.727675 -0.3198588490486145 -0.4872438907623291 0.8125784993171692 -0.8699173927307129 0.7953418493270874 0.32800057530403137 0.5097517967224121 -0.9271618723869324 -0.5148996710777283 0.8093262910842896 0.2826114892959595 1.220560073852539
1305031460.759667 -0.328512579202652 -0.4869023263454437 0.8093241453170776 -0.8628459572792053 0.7870801687240601 0.3325362205505371 0.5195426344871521 -0.9359892010688782 -0.5220960974693298 0.8076792359352112 0.2739887535572052 1.225541591644287
1305031460.79166 -0.3378986716270447 -0.48696163296699524 0.8054146766662598 -0.8567037582397461 0.7791096568107605 0.3353748917579651 0.5296337008476257 -0.9481483697891235 -0.5280271768569946 0.8064688444137573 0.26607373356819153 1.2338356971740723
1305031460.82766 -0.3392430245876312 -0.4942476749420166 0.8003957867622375 -0.8489999771118164 0.7733741998672485 0.3378571569919586 0.5364183783531189 -0.9549310207366943 -0.5355429649353027 0.8009817004203796 0.2676226794719696 1.238602876663208
1305031460.859714 -0.3439292311668396 -0.5029093623161316 0.7929658889770508 -0.8412747383117676 0.7643927335739136 0.34051650762557983 0.5474963784217834 -0.9617921113967896 -0.5453590154647827 0.7944373488426208 0.2673066556453705 1.24107825756073
1305031460.891774 -0.35383737087249756 -0.5097059011459351 0.7842187285423279 -0.8297997117042542 0.7502740025520325 0.3459628224372864 0.5633813738822937 -0.9716744422912598 -0.558469295501709 0.7877243161201477 0.26000460982322693 1.2495867013931274
1305031460.927562 -0.3611530363559723 -0.5156809091567993 0.7769437432289124 -0.819817304611206 0.741844117641449 0.3459414839744568 0.5744490623474121 -0.981755793094635 -0.5650094747543335 0.7838351726531982 0.25761711597442627 1.2577152252197266
1305031460.959649 -0.36492782831192017 -0.5232931971549988 0.7700597047805786 -0.8073679208755493 0.7404807806015015 0.3382388949394226 0.5807603001594543 -0.989029586315155 -0.5643720030784607 0.7821499705314636 0.2640558183193207 1.2551641464233398
1305031460.991668 -0.37273067235946655 -0.5218883156776428 0.7672707438468933 -0.7946038246154785 0.7355141639709473 0.3379746675491333 0.5871900320053101 -1.0002286434173584 -0.5657657980918884 0.7832021117210388 0.2578827738761902 1.255418062210083
1305031461.02762 -0.37743568420410156 -0.5190507769584656 0.7668954133987427 -0.7858015298843384 0.7349037528038025 0.3359855115413666 0.5890926122665405 -1.0103120803833008 -0.5634347200393677 0.7859389185905457 0.2546394467353821 1.2561842203140259
1305031461.059662 -0.3825855553150177 -0.5122821927070618 0.7688921093940735 -0.774193525314331 0.7326468825340271 0.33880898356437683 0.5902854800224304 -1.0188931226730347 -0.5629003643989563 0.7891611456871033 0.24569858610630035 1.2640546560287476
1305031461.091728 -0.37730833888053894 -0.5163009166717529 0.7688118815422058 -0.766227126121521 0.734472930431366 0.33883020281791687 0.5879995226860046 -1.0211548805236816 -0.5640814304351807 0.7865287065505981 0.2513655424118042 1.2676756381988525
