1305031455.391665 0.9978349208831787 -0.06308554857969284 0.018593547865748405 -0.03679449483752251 0.0623520165681839 0.9973421096801758 0.03769410401582718 0.0071036722511053085 -0.020922083407640457 -0.03645314648747444 0.9991163015365601 0.005476333666592836
1305031455.427642 0.9952036142349243 -0.08804413676261902 0.04263865947723389 -0.06450789421796799 0.08572755753993988 0.9948858022689819 0.05341372266411781 0.0025446407962590456 -0.047123365104198456 -0.04950222000479698 0.9976617097854614 0.002840918954461813
1305031455.459589 0.9933333992958069 -0.10727998614311218 0.04218674078583717 -0.07051181048154831 0.10456068068742752 0.9925773739814758 0.06210688129067421 -0.003026865189895034 -0.048536431044340134 -0.05728176608681679 0.9971775412559509 0.0071092890575528145
1305031455.491637 0.9900428056716919 -0.1290813833475113 0.05615383759140968 -0.09250539541244507 0.12537327408790588 0.98996502161026 0.0651983916759491 -0.0020883153192698956 -0.06400623172521591 -0.057509008795022964 0.9962911009788513 0.0077894097194075584
1305031455.52761 0.9856599569320679 -0.15785591304302216 0.05963120609521866 -0.1048913300037384 0.15330833196640015 0.9853731393814087 0.07440773397684097 -0.011754819191992283 -0.07050467282533646 -0.06419876217842102 0.9954435229301453 0.009277635253965855
1305031455.559669 0.9811038970947266 -0.18245649337768555 0.06437948346138 -0.12664005160331726 0.1778625249862671 0.9814844727516174 0.0710868313908577 -0.015507512725889683 -0.07615771889686584 -0.05829285830259323 0.9953904747962952 0.00963638350367546
1305031455.591645 0.9751490950584412 -0.21186643838882446 0.0647817850112915 -0.14608639478683472 0.2074633091688156 0.9758388996124268 0.06853567063808441 -0.017901165410876274 -0.07773701846599579 -0.05339265242218971 0.9955431222915649 0.006522439885884523
1305031455.627617 0.9689202308654785 -0.23833157122135162 0.06626904755830765 -0.16004647314548492 0.2331264466047287 0.9693431854248047 0.07762537896633148 -0.02958282269537449 -0.08273804187774658 -0.05976373329758644 0.9947776198387146 0.010152910836040974
1305031455.659615 0.9662072062492371 -0.2477639615535736 0.07110916823148727 -0.17062100768089294 0.24273228645324707 0.9673829674720764 0.07246522605419159 -0.03814351186156273 -0.08674409240484238 -0.052755940705537796 0.9948328137397766 0.008899962529540062
1305031455.691605 0.9666293263435364 -0.24314120411872864 0.08068417757749557 -0.18980392813682556 0.23809385299682617 0.9689056873321533 0.06732899695634842 -0.04436144977807999 -0.09454580396413803 -0.04587177932262421 0.9944631457328796 0.009297242388129234
1305031455.727628 0.9678686261177063 -0.23379339277744293 0.0925794243812561 -0.2109002321958542 0.22804176807403564 0.9712305068969727 0.06861963868141174 -0.054318781942129135 -0.10595875233411789 -0.04530283436179161 0.9933380484580994 0.006239118054509163
1305031455.759683 0.9682400226593018 -0.22700966894626617 0.10477504134178162 -0.2257104367017746 0.2204800695180893 0.9728524684906006 0.07033398002386093 -0.06136254966259003 -0.11789713054895401 -0.0449993759393692 0.9920057654380798 0.0038925092667341232
1305031455.791666 0.9669091105461121 -0.22780866920948029 0.11484786123037338 -0.2370125651359558 0.22072388231754303 0.9727339744567871 0.07120127230882645 -0.0735221728682518 -0.1279366910457611 -0.04349549859762192 0.9908281564712524 0.0018577221781015396
1305031455.82759 0.9648320078849792 -0.22761139273643494 0.13149923086166382 -0.26379624009132385 0.21960125863552094 0.9728773832321167 0.07269740104675293 -0.08862628042697906 -0.14447936415672302 -0.0412633903324604 0.9886471033096313 -0.00484105572104454
1305031455.859526 0.9650961756706238 -0.22360087931156158 0.13635200262069702 -0.27745169401168823 0.21513581275939941 0.9737663865089417 0.07413340359926224 -0.09772489964962006 -0.14935123920440674 -0.04221167042851448 0.9878827929496765 -0.00886085256934166
1305031455.891657 0.9643816947937012 -0.22310784459114075 0.14209389686584473 -0.2890534996986389 0.21433527767658234 0.9739144444465637 0.074506476521492 -0.10466635227203369 -0.15501023828983307 -0.04139694944024086 0.987045168876648 -0.013021517544984818
1305031455.927955 0.9624315500259399 -0.22532695531845093 0.15150339901447296 -0.3067771792411804 0.2142741084098816 0.972987949848175 0.08591393381357193 -0.12447354197502136 -0.16676972806453705 -0.05022304132580757 0.9847158789634705 -0.01879466325044632
1305031455.959716 0.9622597098350525 -0.22005142271518707 0.16010476648807526 -0.31946322321891785 0.20841945707798004 0.9742203950881958 0.08634907007217407 -0.12955297529697418 -0.1749785840511322 -0.04972130432724953 0.9833159446716309 -0.023217622190713882
1305031455.991694 0.9616561532020569 -0.21760621666908264 0.16692787408828735 -0.3278851807117462 0.20437593758106232 0.9744719862937927 0.09292471408843994 -0.13504289090633392 -0.18288752436637878 -0.05524558946490288 0.981580376625061 -0.025036223232746124
1305031456.02777 0.9610666036605835 -0.2121158242225647 0.17708110809326172 -0.3401147723197937 0.19672012329101562 0.9752861261367798 0.10058917850255966 -0.13216844201087952 -0.19404129683971405 -0.06183750927448273 0.9790424108505249 -0.028731845319271088
1305031456.059713 0.9605809450149536 -0.20461133122444153 0.18819771707057953 -0.358876496553421 0.18199996650218964 0.9745824337005615 0.1306333988904953 -0.15124371647834778 -0.21014322340488434 -0.09123194962739944 0.9734045267105103 -0.02577083557844162
1305031456.091707 0.9607114195823669 -0.19885137677192688 0.19362735748291016 -0.3670600652694702 0.17183420062065125 0.9739922881126404 0.14768895506858826 -0.16464672982692719 -0.2179597020149231 -0.10861466825008392 0.9698950052261353 -0.023818068206310272
1305031456.127645 0.9595215320587158 -0.19826923310756683 0.20001903176307678 -0.37341246008872986 0.16888107359409332 0.9734125733375549 0.15474888682365417 -0.1752152144908905 -0.2253829836845398 -0.11470546573400497 0.9674941897392273 -0.02308937907218933
1305031456.159731 0.9569075107574463 -0.20144116878509521 0.20916345715522766 -0.3789932131767273 0.16842420399188995 0.9717482924461365 0.16534319519996643 -0.1926397979259491 -0.23656119406223297 -0.12298998236656189 0.9638009071350098 -0.020299963653087616
1305031456.191658 0.9525080919265747 -0.20492210984230042 0.22524456679821014 -0.3821437954902649 0.17106394469738007 0.972027063369751 0.1609363704919815 -0.20300939679145813 -0.25192323327064514 -0.11476200819015503 0.9609185457229614 -0.019021250307559967
1305031456.227678 0.9469423890113831 -0.20594507455825806 0.24675238132476807 -0.3905929923057556 0.17239540815353394 0.9734097719192505 0.1508413553237915 -0.19494488835334778 -0.2712562084197998 -0.10029909759759903 0.9572669863700867 -0.02079901099205017
1305031456.259614 0.9386894702911377 -0.21610064804553986 0.2686305046081543 -0.3990307152271271 0.1756545603275299 0.9702337384223938 0.16670888662338257 -0.21336990594863892 -0.29666033387184143 -0.10930168628692627 0.9487073421478271 -0.012325480580329895
1305031456.291675 0.9299323558807373 -0.22554759681224823 0.29043757915496826 -0.4048773944377899 0.1822335422039032 0.9686641097068787 0.16876262426376343 -0.22468286752700806 -0.31940045952796936 -0.10401036590337753 0.9418943524360657 -0.006469845771789551
1305031456.327718 0.9206812977790833 -0.2350866049528122 0.31157681345939636 -0.40989357233047485 0.19011850655078888 0.9672746062278748 0.16803163290023804 -0.23493508994579315 -0.34088242053985596 -0.09546706080436707 0.935245931148529 -0.000758439302444458
1305031456.359846 0.9089293479919434 -0.24371297657489777 0.3383062183856964 -0.42008575797080994 0.1982615739107132 0.966411828994751 0.1635245382785797 -0.23488777875900269 -0.36679625511169434 -0.08155912905931473 0.9267191886901855 0.0054048895835876465
1305031456.391619 0.8979122638702393 -0.25108644366264343 0.3615368902683258 -0.42405828833580017 0.19907137751579285 0.9641937017440796 0.17521679401397705 -0.25006863474845886 -0.3925861418247223 -0.08535769581794739 0.9157456159591675 0.020261764526367188
1305031456.427662 0.8829533457756042 -0.25806424021720886 0.3921685516834259 -0.43998628854751587 0.20850536227226257 0.9640154838562012 0.16492260992527008 -0.2511512041091919 -0.4206172227859497 -0.06384971737861633 0.9049884676933289 0.03308089077472687
1305031456.45961 0.8728067278862 -0.26713672280311584 0.4084681570529938 -0.4587227702140808 0.2188575267791748 0.962270200252533 0.16167068481445312 -0.24531514942646027 -0.436244934797287 -0.051710937172174454 0.8983408808708191 0.04523986577987671
1305031456.491677 0.868869960308075 -0.2821756899356842 0.4067453444004059 -0.46749648451805115 0.22925768792629242 0.957581102848053 0.1745832860469818 -0.2497188299894333 -0.4387547969818115 -0.0584406703710556 0.8967044949531555 0.05936889350414276
1305031456.527641 0.8665576577186584 -0.29569917917251587 0.4020446538925171 -0.4741066098213196 0.24091064929962158 0.9533450603485107 0.18192103505134583 -0.24911555647850037 -0.43708112835884094 -0.06078823655843735 0.8973655104637146 0.07448415458202362
1305031456.559608 0.8624089360237122 -0.3101537525653839 0.40006929636001587 -0.4747026264667511 0.2502901554107666 0.9482136964797974 0.19556501507759094 -0.2642323076725006 -0.44000646471977234 -0.06852363795042038 0.8953763842582703 0.09125736355781555
1305031456.591651 0.8555219173431396 -0.3183414041996002 0.40833938121795654 -0.48295316100120544 0.2622030973434448 0.946426272392273 0.18848581612110138 -0.2537384629249573 -0.44646602869033813 -0.054185930639505386 0.8931584358215332 0.09720274806022644
1305031456.627612 0.8462730646133423 -0.33788684010505676 0.41189122200012207 -0.49338048696517944 0.27335745096206665 0.9390091300010681 0.20865657925605774 -0.2428482472896576 -0.457271933555603 -0.06398692727088928 0.8870219588279724 0.11146427690982819
1305031456.659665 0.8359264731407166 -0.36252328753471375 0.41207244992256165 -0.4931589365005493 0.28081831336021423 0.927594780921936 0.2463916838169098 -0.26469045877456665 -0.4715591073036194 -0.09024780243635178 0.8772042989730835 0.1353761851787567
1305031456.691612 0.8253023028373718 -0.37751659750938416 0.4199492633342743 -0.5006229281425476 0.2975299656391144 0.9227867722511292 0.244827538728714 -0.26749175786972046 -0.4799501299858093 -0.07710922509431839 0.8739005327224731 0.14748018980026245
1305031456.727693 0.8137174844741821 -0.3968684673309326 0.42468732595443726 -0.51714026927948 0.3161119818687439 0.9152862429618835 0.24964815378189087 -0.25947898626327515 -0.48778796195983887 -0.06889429688453674 0.8702393174171448 0.16358914971351624
1305031456.759615 0.8091731071472168 -0.41595369577407837 0.4149957001209259 -0.5212339162826538 0.32821452617645264 0.9058071374893188 0.2679339051246643 -0.2779773473739624 -0.48735421895980835 -0.08059725165367126 0.8694767951965332 0.18275991082191467
1305031456.791649 0.8106151223182678 -0.422504723072052 0.40545400977134705 -0.5266525149345398 0.34344297647476196 0.9038345217704773 0.25520607829093933 -0.28034159541130066 -0.47428908944129944 -0.06762360036373138 0.8777680993080139 0.194734588265419
1305031456.827603 0.8075116872787476 -0.43417975306510925 0.3992655575275421 -0.5328711271286011 0.3617098927497864 0.8991801142692566 0.24625441431999207 -0.2646280825138092 -0.46593034267425537 -0.05443504452705383 0.8831453323364258 0.20595109462738037
1305031456.859634 0.8016655445098877 -0.45053571462631226 0.3928741216659546 -0.5327888131141663 0.37245312333106995 0.8905261754989624 0.261231392621994 -0.26836657524108887 -0.46755877137184143 -0.06309304386377335 0.8817074298858643 0.22134730219841003
1305031456.891672 0.7947289943695068 -0.4615958333015442 0.39412572979927063 -0.5322919487953186 0.3809068500995636 0.8848462700843811 0.2682483494281769 -0.2731090486049652 -0.4725629985332489 -0.06305956840515137 0.8790378570556641 0.23616594076156616
1305031456.92769 0.7845799326896667 -0.46778884530067444 0.40694954991340637 -0.5379763841629028 0.39034998416900635 0.8826062083244324 0.2619796693325043 -0.2707884907722473 -0.4817273020744324 -0.046691250056028366 0.8750762939453125 0.24674920737743378
1305031456.959667 0.7735283970832825 -0.4743843376636505 0.4202538728713989 -0.5528683662414551 0.39687666296958923 0.8795749545097351 0.2623679041862488 -0.2595655918121338 -0.4941079318523407 -0.03616007789969444 0.8686482310295105 0.2588001787662506
1305031456.991709 0.7662761807441711 -0.48747241497039795 0.4185587763786316 -0.5561032891273499 0.3987794518470764 0.8716170191764832 0.28505927324295044 -0.2677469253540039 -0.5037814378738403 -0.05152151361107826 0.8622932434082031 0.2722274959087372
1305031457.027648 0.7573613524436951 -0.49372541904449463 0.4273626208305359 -0.566839873790741 0.40084025263786316 0.8681612610816956 0.2926141917705536 -0.27226120233535767 -0.5154907703399658 -0.05031055957078934 0.8554167747497559 0.28380805253982544
1305031457.059621 0.7471552491188049 -0.5024874806404114 0.43504631519317627 -0.5796356201171875 0.4075683355331421 0.8634219169616699 0.2973058521747589 -0.266527384519577 -0.5250208973884583 -0.04482252895832062 0.8499079942703247 0.29170656204223633
1305031457.091655 0.7381306886672974 -0.5192281603813171 0.43077269196510315 -0.5836439728736877 0.41255584359169006 0.8525940775871277 0.320750892162323 -0.27477043867111206 -0.5338170528411865 -0.05903828144073486 0.8435364365577698 0.29791221022605896
1305031457.127632 0.7270075082778931 -0.5311126112937927 0.4351772964000702 -0.5881240367889404 0.41567501425743103 0.844887912273407 0.3367174565792084 -0.28798919916152954 -0.5465109944343567 -0.0639038011431694 0.8350100517272949 0.3052505850791931
1305031457.159693 0.7123437523841858 -0.5410847663879395 0.4469830095767975 -0.5989291667938232 0.42550814151763916 0.8394438028335571 0.33804890513420105 -0.2912400960922241 -0.5581302046775818 -0.05061216279864311 0.8282084465026855 0.3096657991409302
1305031457.191735 0.6978834271430969 -0.5473294258117676 0.4619408845901489 -0.6146949529647827 0.4309075176715851 0.8360567092895508 0.3395999073982239 -0.2925325334072113 -0.5720817446708679 -0.037947364151477814 0.819318413734436 0.3133421540260315
1305031457.227543 0.6843761205673218 -0.5604342222213745 0.4664148986339569 -0.6244072318077087 0.4367992579936981 0.8273277878761292 0.3531787097454071 -0.3014826476573944 -0.5838115215301514 -0.03797741234302521 0.811000645160675 0.3167235553264618
1305031457.259691 0.6711822748184204 -0.57076495885849 0.4730137288570404 -0.6287738084793091 0.4435168504714966 0.8204777836799622 0.36070677638053894 -0.31821563839912415 -0.5939759016036987 -0.03231044486165047 0.8038338422775269 0.31882601976394653
1305031457.291656 0.6524676084518433 -0.5719496607780457 0.49715152382850647 -0.6477488875389099 0.44947266578674316 0.8202556371688843 0.35377252101898193 -0.3240014314651489 -0.6101313829421997 -0.0073691681027412415 0.7922659516334534 0.32175412774086
1305031457.327548 0.6350283622741699 -0.5745829939842224 0.5163267850875854 -0.6657687425613403 0.45173192024230957 0.8184101581573486 0.35516634583473206 -0.3272712826728821 -0.6266396641731262 0.0077005717903375626 0.7792710661888123 0.3220332860946655
1305031457.359712 0.6169964671134949 -0.5851337313652039 0.5262452363967896 -0.6738168001174927 0.4538004994392395 0.8108649849891663 0.3695446252822876 -0.341838002204895 -0.6429467797279358 0.010802622884511948 0.765834629535675 0.3228313624858856
1305031457.391684 0.593157947063446 -0.5890305638313293 0.5488229990005493 -0.6904727816581726 0.4591650664806366 0.8074643611907959 0.3703629672527313 -0.35403597354888916 -0.661310076713562 0.03231661021709442 0.7494161128997803 0.3247547149658203
1305031457.427641 0.5723362565040588 -0.5938897132873535 0.5654433369636536 -0.711494505405426 0.46399009227752686 0.8030897378921509 0.37384507060050964 -0.3645840585231781 -0.6761244535446167 0.04839499294757843 0.7351962327957153 0.3297121524810791
1305031457.459614 0.5620822310447693 -0.5987256765365601 0.570605993270874 -0.7260953783988953 0.4691943824291229 0.7989736795425415 0.3761617839336395 -0.37533897161483765 -0.6811168193817139 0.05629124492406845 0.730007529258728 0.331992506980896
1305031457.491705 0.554918110370636 -0.6053199172019958 0.5706606507301331 -0.7343164086341858 0.47440725564956665 0.7937554717063904 0.3806443512439728 -0.3919650614261627 -0.6833764910697937 0.0594990998506546 0.7276374101638794 0.3311556279659271
1305031457.527638 0.5474861264228821 -0.6070674657821655 0.5759584307670593 -0.7449408769607544 0.47807925939559937 0.7918002605438232 0.3801218867301941 -0.40765634179115295 -0.6868035793304443 0.06724227219820023 0.7237259745597839 0.3270106613636017
1305031457.559685 0.535977840423584 -0.6072656512260437 0.5864777565002441 -0.7590485215187073 0.48319849371910095 0.7903112769126892 0.3767324686050415 -0.41680246591567993 -0.692276656627655 0.08146489411592484 0.7170191407203674 0.3253507614135742
1305031457.591678 0.5248755812644958 -0.6061120629310608 0.5976067781448364 -0.7764889597892761 0.4846460521221161 0.7899817228317261 0.37556231021881104 -0.4256424903869629 -0.6997312307357788 0.09250427782535553 0.7083919048309326 0.33033815026283264
1305031457.627526 0.5183248519897461 -0.6112221479415894 0.5981195569038391 -0.78339684009552 0.48806968331336975 0.7857415676116943 0.3799976706504822 -0.44102156162261963 -0.7022302746772766 0.09496170282363892 0.7055882811546326 0.3324614465236664
1305031457.659632 0.5097458958625793 -0.6086272597312927 0.6080560684204102 -0.8045349717140198 0.49211812019348145 0.786003828048706 0.3741894066333771 -0.4467281997203827 -0.7056761384010315 0.10849390178918839 0.7001786231994629 0.3343885838985443
1305031457.69157 0.5051327347755432 -0.6181555390357971 0.6022664308547974 -0.8132628202438354 0.49608513712882996 0.77900230884552 0.3834776282310486 -0.4574965238571167 -0.7062156200408936 0.10506828129291534 0.700157105922699 0.3372748792171478
1305031457.727669 0.5055454969406128 -0.6203709840774536 0.5996363759040833 -0.8166589736938477 0.4917457103729248 0.7782343626022339 0.3905603885650635 -0.47709035873413086 -0.708949863910675 0.09742259979248047 0.6984975934028625 0.33948737382888794
1305031457.759556 0.5017876625061035 -0.6186898946762085 0.6045094728469849 -0.8240934610366821 0.4875015914440155 0.7795745134353638 0.3931991159915924 -0.4969826936721802 -0.7145287990570068 0.0973968505859375 0.6927933096885681 0.34320977330207825
1305031457.791567 0.49770963191986084 -0.6121459603309631 0.6144610643386841 -0.8246742486953735 0.48222991824150085 0.784150242805481 0.39059263467788696 -0.519102156162262 -0.7209296226501465 0.10190984606742859 0.6854742169380188 0.3440116047859192
1305031457.827699 0.48624953627586365 -0.5986171960830688 0.636568009853363 -0.8414289951324463 0.4842927157878876 0.7909872531890869 0.3738979697227478 -0.5197965502738953 -0.7273390293121338 0.12647753953933716 0.674523115158081 0.3413410782814026
1305031457.859623 0.4742731750011444 -0.5973448753356934 0.6467178463935852 -0.8492950201034546 0.47873178124427795 0.7914773225784302 0.3799731135368347 -0.5370802879333496 -0.7388375997543335 0.12939327955245972 0.6613444089889526 0.3441900908946991
1305031457.891593 0.46072620153427124 -0.5943365097045898 0.6591627597808838 -0.8515199422836304 0.47596919536590576 0.7923089861869812 0.38170647621154785 -0.5652537941932678 -0.749122679233551 0.13787901401519775 0.6479233503341675 0.3489697277545929
1305031457.927633 0.44539111852645874 -0.5784727931022644 0.6833710074424744 -0.8695335388183594 0.4781729280948639 0.798974335193634 0.3646787405014038 -0.5756933689117432 -0.756952702999115 0.16434481739997864 0.6324660181999207 0.3650573492050171
1305031457.959632 0.4378233551979065 -0.5727123618125916 0.6930450201034546 -0.8812785744667053 0.4833814799785614 0.7999091148376465 0.35565102100372314 -0.5837749242782593 -0.7580587267875671 0.1792927235364914 0.6270574331283569 0.3751492202281952
1305031457.991644 0.43455806374549866 -0.5705068707466125 0.6969083547592163 -0.8817976117134094 0.48557308316230774 0.800105631351471 0.3522069752216339 -0.6006161570549011 -0.7585368156433105 0.18534553050994873 0.6247151494026184 0.3810528814792633
1305031458.027845 0.42934614419937134 -0.5614072680473328 0.7074488401412964 -0.8837177753448486 0.4879949390888214 0.8033360242843628 0.34133896231651306 -0.6145302057266235 -0.7599492073059082 0.1986789107322693 0.6188730597496033 0.38396120071411133
1305031458.059689 0.41733023524284363 -0.5490525960922241 0.724138617515564 -0.8975511789321899 0.49302124977111816 0.8061773777008057 0.3271211087703705 -0.6125540137290955 -0.763390839099884 0.22049817442893982 0.607136607170105 0.3952993154525757
1305031458.09169 0.406874418258667 -0.5494115948677063 0.7297945618629456 -0.9044526815414429 0.4910004436969757 0.8052271008491516 0.33245736360549927 -0.6181851029396057 -0.7703062891960144 0.2230609953403473 0.5973876714706421 0.4126213490962982
1305031458.127605 0.3978423774242401 -0.5520055294036865 0.7328106164932251 -0.9061118960380554 0.486530065536499 0.8041200041770935 0.3415839672088623 -0.6321066617965698 -0.7778239250183105 0.22063781321048737 0.5884802937507629 0.43114668130874634
1305031458.159638 0.38956940174102783 -0.5512604117393494 0.7377992272377014 -0.9096282720565796 0.4878302216529846 0.8029899597167969 0.34238696098327637 -0.6427664756774902 -0.7811897397041321 0.22653727233409882 0.5817418098449707 0.4489707350730896
1305031458.191646 0.38181978464126587 -0.5528453588485718 0.7406589388847351 -0.9195403456687927 0.4946810007095337 0.7991665005683899 0.34150195121765137 -0.6451819539070129 -0.780707597732544 0.23599773645401 0.578619658946991 0.4687902629375458
1305031458.227611 0.3819821774959564 -0.5637657046318054 0.7322962284088135 -0.9207130670547485 0.4907667338848114 0.7951663732528687 0.3561718463897705 -0.6559694409370422 -0.7830949425697327 0.22333534061908722 0.5804169178009033 0.4939994812011719
1305031458.259934 0.38610196113586426 -0.572801947593689 0.7230650782585144 -0.9071253538131714 0.48601043224334717 0.7925469875335693 0.3683248460292816 -0.6850798726081848 -0.7840403318405151 0.20920619368553162 0.5843915939331055 0.5106992721557617
1305031458.291664 0.38704705238342285 -0.5592480301856995 0.7331004738807678 -0.9167966842651367 0.48775362968444824 0.7989004850387573 0.35192957520484924 -0.6948524713516235 -0.7824901938438416 0.22135913372039795 0.5819874405860901 0.5385586023330688
1305031458.327628 0.39230459928512573 -0.5601667165756226 0.7295960187911987 -0.9143481254577637 0.49598732590675354 0.7968151569366455 0.3450829088687897 -0.6989377737045288 -0.774657130241394 0.2264927178621292 0.5904298424720764 0.5573073625564575
1305031458.35959 0.3926682472229004 -0.5594602823257446 0.7299424409866333 -0.9028869867324829 0.5029367208480835 0.7951250672340393 0.3388671576976776 -0.7222901582717896 -0.7699781656265259 0.23405243456363678 0.593593418598175 0.5737166404724121
1305031458.391626 0.39509743452072144 -0.54336017370224 0.7407143712043762 -0.9067687392234802 0.51350337266922 0.7992120981216431 0.3123689293861389 -0.7172085046768188 -0.7617166042327881 0.25694310665130615 0.5947840213775635 0.5892876386642456
1305031458.427598 0.3863353431224823 -0.5397228002548218 0.747960090637207 -0.9030064344406128 0.5304427742958069 0.7934138178825378 0.2985382676124573 -0.713739275932312 -0.7545697689056396 0.2814141809940338 0.5928158164024353 0.6036979556083679
1305031458.459637 0.37251394987106323 -0.5349323749542236 0.7583407163619995 -0.8899036645889282 0.5424954295158386 0.7885143160820007 0.28973081707954407 -0.723609209060669 -0.7529488801956177 0.30346766114234924 0.5839309096336365 0.6103357076644897
1305031458.491696 0.35899415612220764 -0.5008766651153564 0.7875568866729736 -0.8840798735618591 0.5340955853462219 0.8022368550300598 0.2667546570301056 -0.7317512035369873 -0.7654182314872742 0.32486727833747864 0.5555143356323242 0.6300165057182312
1305031458.527737 0.34204161167144775 -0.46492525935173035 0.8166100978851318 -0.8891468048095703 0.5387753844261169 0.8090270161628723 0.23493894934654236 -0.7109664082527161 -0.7698886394500732 0.35961058735847473 0.5272111892700195 0.6500360369682312
1305031458.559628 0.3306334614753723 -0.4496181607246399 0.8297740817070007 -0.8843880295753479 0.5333649516105652 0.814369261264801 0.22874534130096436 -0.7063242793083191 -0.7785906195640564 0.36694157123565674 0.5090682506561279 0.6666483879089355
1305031458.591641 0.3252364993095398 -0.42189985513687134 0.84629887342453 -0.8808166980743408 0.5201866030693054 0.8272016644477844 0.21246938407421112 -0.699611246585846 -0.7897005677223206 0.3711306154727936 0.4885028600692749 0.697016716003418
1305031458.627659 0.32731860876083374 -0.4052499532699585 0.8536010980606079 -0.886573076248169 0.518853485584259 0.8320736289024353 0.19607219099998474 -0.672076940536499 -0.7897173762321472 0.3787159025669098 0.4826186001300812 0.7244791984558105
1305031458.659623 0.3256659507751465 -0.4113764464855194 0.8512996435165405 -0.8879305124282837 0.5148801207542419 0.832330584526062 0.20524181425571442 -0.672009289264679 -0.7929943799972534 0.3714769780635834 0.48287132382392883 0.7567120790481567
1305031458.691674 0.3554396331310272 -0.41648557782173157 0.8367809057235718 -0.8872567415237427 0.5057629346847534 0.8385595679283142 0.20253776013851166 -0.6721961498260498 -0.7860447764396667 0.3512229323387146 0.5087003111839294 0.7765885591506958
1305031458.72765 0.3898056745529175 -0.421826034784317 0.8186050057411194 -0.8660528659820557 0.5018801689147949 0.8426194787025452 0.1952139437198639 -0.674137532711029 -0.7721189260482788 0.3347461521625519 0.5401639938354492 0.7827180624008179
1305031458.759945 0.4240220785140991 -0.3975260853767395 0.8137434124946594 -0.8659626245498657 0.4872918128967285 0.8575106859207153 0.1649910807609558 -0.6643627285957336 -0.763381838798523 0.326570600271225 0.5573146343231201 0.8051074147224426
1305031458.791632 0.457863986492157 -0.3916880488395691 0.7980859279632568 -0.8556069135665894 0.48466160893440247 0.8625532388687134 0.14527590572834015 -0.6445392370223999 -0.7452942728996277 0.32028505206108093 0.5847681164741516 0.8168711066246033
1305031458.827564 0.4781799912452698 -0.3980827331542969 0.7828627228736877 -0.8430101871490479 0.48374801874160767 0.8633570671081543 0.1435358226299286 -0.6359074115753174 -0.7330288887023926 0.3100723624229431 0.6054117679595947 0.8207404613494873
1305031458.859887 0.48852109909057617 -0.40015658736228943 0.7753849625587463 -0.8317512273788452 0.4811438024044037 0.8648672103881836 0.14319762587547302 -0.6472241282463074 -0.7279061079025269 0.30311670899391174 0.6150386333465576 0.8225295543670654
1305031458.891665 0.49523431062698364 -0.3782656788825989 0.782085657119751 -0.8303031325340271 0.4683523178100586 0.874457836151123 0.12637127935886383 -0.6373336911201477 -0.731702446937561 0.30370834469795227 0.6102231740951538 0.8283567428588867
1305031458.927621 0.48163923621177673 -0.3859429955482483 0.7868110537528992 -0.8297943472862244 0.4782927632331848 0.8680681586265564 0.13301816582679749 -0.6326004266738892 -0.7343427538871765 0.31225934624671936 0.6026893258094788 0.8358666300773621
1305031458.959617 0.45716723799705505 -0.40783244371414185 0.7903611660003662 -0.8270633816719055 0.4933759868144989 0.8556841015815735 0.15615685284137726 -0.6376866698265076 -0.739984929561615 0.3185555040836334 0.5924054980278015 0.8526045680046082
1305031458.991647 0.4416828453540802 -0.4190349876880646 0.7933006882667542 -0.8175837397575378 0.4969247579574585 0.8504641652107239 0.17255884408950806 -0.6698393225669861 -0.7469816207885742 0.31799447536468506 0.5838643312454224 0.8658435940742493
1305031459.027665 0.43995144963264465 -0.3989359140396118 0.8045451045036316 -0.8252225518226624 0.49616631865501404 0.8547295928001404 0.15250013768672943 -0.6764229536056519 -0.7485063076019287 0.33209553360939026 0.5739781260490417 0.8914254307746887
1305031459.059631 0.43884924054145813 -0.399912029504776 0.8046625256538391 -0.831437885761261 0.5157707333564758 0.8453977108001709 0.13886451721191406 -0.6922197341918945 -0.7357933521270752 0.3540807366371155 0.5772650837898254 0.9087344408035278
1305031459.09165 0.4419535994529724 -0.3992280662059784 0.8033019304275513 -0.8392360210418701 0.5395949482917786 0.8336907029151917 0.117461197078228 -0.7152308225631714 -0.7165992259979248 0.38154521584510803 0.5838739275932312 0.9368541836738586
1305031459.127618 0.47123998403549194 -0.39388278126716614 0.78916996717453 -0.8458069562911987 0.5566478967666626 0.8268584609031677 0.08030029386281967 -0.7296697497367859 -0.6841607093811035 0.4014490842819214 0.6089027523994446 0.955029308795929
1305031459.159639 0.5081568360328674 -0.38687023520469666 0.769485592842102 -0.8480985164642334 0.5654675364494324 0.8237641453742981 0.04073315113782883 -0.73433917760849 -0.6496329307556152 0.4144202768802643 0.6373639702796936 0.9714856147766113
1305031459.191674 0.5359538793563843 -0.39107850193977356 0.7482052445411682 -0.846517026424408 0.5810132622718811 0.8138421773910522 0.009195208549499512 -0.7305075526237488 -0.6125169992446899 0.4297889471054077 0.6634036302566528 0.9763031005859375
1305031459.227607 0.536372184753418 -0.4079526960849762 0.7388365864753723 -0.8474277257919312 0.6071464419364929 0.7945873141288757 -0.0020335684530436993 -0.7352139949798584 -0.5862405896186829 0.44967278838157654 0.6738815903663635 0.9925248026847839
1305031459.25976 0.5331944227218628 -0.4186125695705414 0.7351647019386292 -0.846419632434845 0.622281551361084 0.782773494720459 -0.005601764656603336 -0.7283035516738892 -0.5731224417686462 0.46046632528305054 0.6778652667999268 0.9982215762138367
1305031459.29169 0.5104572176933289 -0.42771127820014954 0.745986819267273 -0.8434872627258301 0.6374234557151794 0.7704933285713196 0.005591586697846651 -0.7180830836296082 -0.5771694183349609 0.4726552665233612 0.6659371256828308 1.007863163948059
1305031459.327632 0.463630348443985 -0.4495159387588501 0.7635327577590942 -0.8295825123786926 0.6697680354118347 0.741959273815155 0.030120138078927994 -0.7133793830871582 -0.5800496935844421 0.49742525815963745 0.6450662612915039 1.0168355703353882
1305031459.359651 0.4054858386516571 -0.4506934583187103 0.7952714562416077 -0.8407098650932312 0.6921021938323975 0.7197022438049316 0.05498417466878891 -0.7126001119613647 -0.5971395373344421 0.5281137824058533 0.603754997253418 1.0305593013763428
1305031459.391667 0.3516286611557007 -0.44203653931617737 0.8252035975456238 -0.860846221446991 0.7018796801567078 0.7077820897102356 0.0800584927201271 -0.6945178508758545 -0.6194531321525574 0.5510427951812744 0.5591330528259277 1.056287169456482
1305031459.427646 0.24741406738758087 -0.4906499683856964 0.8354931473731995 -0.8620108962059021 0.7455482482910156 0.6471426486968994 0.15926094353199005 -0.7081745862960815 -0.6188247203826904 0.5834971070289612 0.5259155631065369 1.0517226457595825
1305031459.459679 0.13810083270072937 -0.4897155165672302 0.8608756065368652 -0.8676052689552307 0.7700483202934265 0.5997206568717957 0.21762508153915405 -0.7007467150688171 -0.6228592395782471 0.6328616738319397 0.4599266052246094 1.0723119974136353
1305031459.491555 0.03839111328125 -0.49876636266708374 0.8658857345581055 -0.8813613653182983 0.7966879606246948 0.5383250713348389 0.27476227283477783 -0.7022483348846436 -0.6031702756881714 0.6792923808097839 0.4180281162261963 1.0997320413589478
1305031459.527594 -0.041471995413303375 -0.5150593519210815 0.8561505675315857 -0.883851170539856 0.8069255948066711 0.4880429804325104 0.3326937258243561 -0.7067392468452454 -0.5891953706741333 0.7046473026275635 0.39537444710731506 1.1141552925109863
1305031459.559647 -0.09626355767250061 -0.5145024061203003 0.8520683646202087 -0.8994461297988892 0.8115519881248474 0.4550657272338867 0.3664674758911133 -0.714440643787384 -0.5762954950332642 0.7267754077911377 0.37373924255371094 1.119719386100769
1305031459.591695 -0.14061051607131958 -0.5104753375053406 0.8483180403709412 -0.9118410348892212 0.8169506788253784 0.4242151379585266 0.39068272709846497 -0.7267547845840454 -0.5593034029006958 0.7479681968688965 0.3573840856552124 1.1392229795455933
1305031459.627608 -0.15439613163471222 -0.5047129988670349 0.8493683934211731 -0.914644718170166 0.8181765079498291 0.4165959060192108 0.3962763547897339 -0.7252531051635742 -0.5538489818572998 0.7561167478561401 0.3486236035823822 1.165113091468811
1305031459.659641 -0.1640722155570984 -0.49275851249694824 0.8545579314231873 -0.9161838293075562 0.8148112297058105 0.4206016957759857 0.3989698886871338 -0.7202559113502502 -0.5560240745544434 0.7617631554603577 0.33249613642692566 1.1847854852676392
1305031459.691604 -0.18436725437641144 -0.4920995235443115 0.8507916927337646 -0.9233323335647583 0.808315098285675 0.4165324568748474 0.4160856306552887 -0.7221707701683044 -0.5591378808021545 0.7644204497337341 0.320976585149765 1.1954554319381714
1305031459.727551 -0.2156631052494049 -0.5000152587890625 0.8387335538864136 -0.9274289608001709 0.7946824431419373 0.4092573821544647 0.4483169615268707 -0.7539339065551758 -0.5674231052398682 0.763212263584137 0.30909159779548645 1.2047886848449707
1305031459.759635 -0.22486552596092224 -0.5012161731719971 0.835594117641449 -0.9243654012680054 0.7861780524253845 0.41329091787338257 0.4594721794128418 -0.7747113108634949 -0.5756383538246155 0.7602452635765076 0.30111023783683777 1.2097151279449463
1305031459.79165 -0.22684425115585327 -0.5005202293395996 0.8354764580726624 -0.9307743310928345 0.777290403842926 0.4238329529762268 0.46495723724365234 -0.7960207462310791 -0.5868229269981384 0.7548807263374329 0.2929055094718933 1.2205283641815186
1305031459.827664 -0.23525123298168182 -0.49838024377822876 0.8344303369522095 -0.9280894994735718 0.7737822532653809 0.42348361015319824 0.471086710691452 -0.8131434917449951 -0.588147759437561 0.7564910650253296 0.2860127091407776 1.2360697984695435
1305031459.85966 -0.23508594930171967 -0.5060036182403564 0.8298764824867249 -0.9292818307876587 0.7673560380935669 0.42742323875427246 0.4779896140098572 -0.8313064575195312 -0.596572995185852 0.7491793036460876 0.2878037095069885 1.2520177364349365
1305031459.891596 -0.23264087736606598 -0.5179154872894287 0.8231900930404663 -0.9261140823364258 0.7730227708816528 0.4151603579521179 0.4796640872955322 -0.8454010486602783 -0.5901812314987183 0.747934103012085 0.30377718806266785 1.2574188709259033
1305031459.927607 -0.2333422750234604 -0.5206528902053833 0.8212624192237854 -0.9208585023880005 0.7750661373138428 0.41044437885284424 0.4804247319698334 -0.86014723777771 -0.5872169733047485 0.74863600730896 0.3077664375305176 1.2671294212341309
1305031459.95965 -0.2279071807861328 -0.5212900638580322 0.8223836421966553 -0.9228586554527283 0.7790548205375671 0.4090142250061035 0.4751640558242798 -0.8680481910705566 -0.5840648412704468 0.7489752173423767 0.3128962218761444 1.2801533937454224
1305031459.991725 -0.24107295274734497 -0.5288846492767334 0.8137351870536804 -0.9106283187866211 0.7790838479995728 0.39451637864112854 0.48722198605537415 -0.8853175640106201 -0.5787159204483032 0.7514238357543945 0.31693822145462036 1.2876006364822388
1305031460.027565 -0.24822787940502167 -0.5332412123680115 0.8087253570556641 -0.9037270545959473 0.7814000844955444 0.383205771446228 0.49251124262809753 -0.9042448997497559 -0.5725353956222534 0.7541930079460144 0.3215523660182953 1.2908039093017578
1305031460.059659 -0.2581092119216919 -0.5287018418312073 0.8086123466491699 -0.898221492767334 0.7779086828231812 0.3826041519641876 0.49846988916397095 -0.9184118509292603 -0.5729203224182129 0.7576860785484314 0.31252816319465637 1.304813265800476
1305031460.091717 -0.26136156916618347 -0.5263533592224121 0.8090996146202087 -0.894792377948761 0.784379243850708 0.3726952075958252 0.49583011865615845 -0.9351150989532471 -0.5625293850898743 0.7642318606376648 0.3154524564743042 1.3166707754135132
1305031460.12769 -0.25803035497665405 -0.5233551859855652 0.8121082186698914 -0.8820018172264099 0.8029024004936218 0.35137292742729187 0.48154428601264954 -0.9449435472488403 -0.5373715162277222 0.7762966156005859 0.3295382261276245 1.320996642112732
1305031460.159678 -0.25749361515045166 -0.5156633853912354 0.8171830773353577 -0.8813210129737854 0.8156562447547913 0.33743226528167725 0.46994081139564514 -0.9592291116714478 -0.5180752277374268 0.78754723072052 0.3337174355983734 1.330376386642456
1305031460.191559 -0.2607719600200653 -0.5221073031425476 0.8120356202125549 -0.8704481720924377 0.8244218230247498 0.3172292709350586 0.4687156081199646 -0.9720423221588135 -0.5023213624954224 0.7916878461837769 0.3477122187614441 1.334272027015686
1305031460.227761 -0.2586652338504791 -0.5258379578590393 0.8103002905845642 -0.8582566976547241 0.8303432464599609 0.3075890839099884 0.46467089653015137 -0.9698704481124878 -0.4935811758041382 0.7930216789245605 0.3570634424686432 1.327556848526001
1305031460.259667 -0.26887381076812744 -0.5172401070594788 0.812508225440979 -0.850369393825531 0.8248562216758728 0.311903715133667 0.471516877412796 -0.9760306477546692 -0.49731171131134033 0.796981155872345 0.3427860140800476 1.3310930728912354
1305031460.291689 -0.28357747197151184 -0.5122390985488892 0.8106756210327148 -0.8428839445114136 0.8164612650871277 0.31442874670028687 0.48427844047546387 -0.9868519902229309 -0.502966046333313 0.7992156744003296 0.329058438539505 1.333444356918335
1305031460.327512 -0.30136948823928833 -0.5036270022392273 0.8096520304679871 -0.8338661193847656 0.8091928958892822 0.31406673789024353 0.49655717611312866 -0.9973483085632324 -0.5043642520904541 0.8048118352890015 0.312881201505661 1.3379294872283936
1305031460.35963 -0.32065778970718384 -0.4959842264652252 0.8069561123847961 -0.8271323442459106 0.7987585067749023 0.3162921369075775 0.5118047595024109 -1.0041265487670898 -0.5090810060501099 0.8086772561073303 0.29475000500679016 1.346648931503296
1305031460.391611 -0.3422449827194214 -0.4950278699398041 0.7986336946487427 -0.8191241025924683 0.7895253896713257 0.3093157112598419 0.53006911277771 -1.0121519565582275 -0.5094289183616638 0.8119552135467529 0.2849753499031067 1.345786690711975
1305031460.427477 -0.36422497034072876 -0.4887155294418335 0.7927781939506531 -0.811679482460022 0.781326174736023 0.30290335416793823 0.5456911325454712 -1.0200016498565674 -0.5068228840827942 0.8181727528572083 0.27152132987976074 1.3460509777069092
1305031460.45962 -0.39061835408210754 -0.4795105457305908 0.7858033776283264 -0.8045990467071533 0.7694042921066284 0.2985959053039551 0.5646745562553406 -1.0224348306655884 -0.5054051280021667 0.8251727819442749 0.2523003816604614 1.3488428592681885
1305031460.491504 -0.4252932667732239 -0.47255513072013855 0.7718920707702637 -0.8034296631813049 0.7547715306282043 0.28546056151390076 0.5906201004981995 -1.031613826751709 -0.499445378780365 0.8337889313697815 0.23526665568351746 1.352865219116211
1305031460.52757 -0.458640456199646 -0.4708986282348633 0.7535937428474426 -0.7924576997756958 0.737824559211731 0.2708297371864319 0.6182766556739807 -1.0395734310150146 -0.49524128437042236 0.8395866751670837 0.2232271134853363 1.357920527458191
1305031460.559647 -0.48008042573928833 -0.47275295853614807 0.7389367818832397 -0.7788978219032288 0.7236310243606567 0.2627304196357727 0.6382246017456055 -1.0460357666015625 -0.49586373567581177 0.841116726398468 0.21596696972846985 1.358602523803711
1305031460.591855 -0.49706393480300903 -0.46949902176856995 0.7297247052192688 -0.7711440324783325 0.7067403793334961 0.2688641846179962 0.6543928980827332 -1.0537605285644531 -0.5034336447715759 0.841001033782959 0.1981712132692337 1.367390513420105
