1305031453.359684 1.0 0.0 0.0 0.0 0.0 1.0 0.0 0.0 0.0 0.0 1.0 0.0
1305031453.39169 0.9996326565742493 -0.024101393297314644 0.01239691860973835 0.0020991771016269922 0.02408774383366108 0.9997090697288513 0.0012490908848121762 0.0045232209376990795 -0.012423417530953884 -0.0009500181768089533 0.9999223947525024 -0.009482834488153458
1305031453.423683 0.9989016652107239 -0.04267487674951553 0.019346993416547775 0.007639003451913595 0.04268937557935715 0.9990883469581604 -0.00033692436409182847 0.006513277534395456 -0.019314976409077644 0.0011624654289335012 0.9998127818107605 -0.017856230959296227
1305031453.459685 0.9976157546043396 -0.05979442223906517 0.03445965051651001 0.00920927245169878 0.060078516602516174 0.9981672167778015 -0.007267769891768694 0.010621156543493271 -0.03396192193031311 0.009320724755525589 0.9993796348571777 -0.026531098410487175
1305031453.491698 0.9957108497619629 -0.079806387424469 0.046806417405605316 0.013138039968907833 0.08059495687484741 0.996630847454071 -0.015206226147711277 0.0159292034804821 -0.04543517529964447 0.01891336776316166 0.9987882375717163 -0.038000695407390594
1305031453.523684 0.99358069896698 -0.09754203259944916 0.057297781109809875 0.013707349076867104 0.09927672892808914 0.994658887386322 -0.028244927525520325 0.02159491367638111 -0.05423669144511223 0.0337519533932209 0.9979575276374817 -0.05062863603234291
1305031453.559753 0.9917418360710144 -0.11058877408504486 0.06494820863008499 0.013196198269724846 0.11349831521511078 0.9926093220710754 -0.04295065999031067 0.028709275647997856 -0.05971834063529968 0.049967482686042786 0.9969638586044312 -0.06574533134698868
1305031453.59164 0.9903197288513184 -0.11767654865980148 0.07361364364624023 0.010493779554963112 0.12193263322114944 0.9909425973892212 -0.05626118183135986 0.0343158058822155 -0.06632626801729202 0.06469246745109558 0.9956986904144287 -0.08089064806699753
1305031453.627706 0.9889606833457947 -0.12519940733909607 0.07925809919834137 0.003512452356517315 0.1306546926498413 0.9891039729118347 -0.06784329563379288 0.03870454803109169 -0.06990057229995728 0.07744980603456497 0.9945427775382996 -0.09856151789426804
1305031453.6596 0.9895567297935486 -0.12163005024194717 0.07735416293144226 -0.007275683339685202 0.12808763980865479 0.9881258606910706 -0.08485879749059677 0.047101616859436035 -0.06611427664756775 0.09388070553541183 0.9933857321739197 -0.11271757632493973
1305031453.691678 0.991276741027832 -0.1108737364411354 0.07125598937273026 -0.01785522885620594 0.11769126355648041 0.9880099892616272 -0.09992522746324539 0.056589141488075256 -0.0593225434422493 0.10743976384401321 0.9924402236938477 -0.1275683492422104
1305031453.727652 0.9929149150848389 -0.10115312039852142 0.062354620546102524 -0.026742294430732727 0.10758279263973236 0.9880638718605042 -0.1102534830570221 0.06625605374574661 -0.05045786499977112 0.11618060618638992 0.9919456243515015 -0.14337915182113647
1305031453.759694 0.9947605729103088 -0.08549997210502625 0.05604536086320877 -0.05118487775325775 0.09173920750617981 0.9884883761405945 -0.12031024694442749 0.0731494203209877 -0.045113664120435715 0.12482143938541412 0.9911530017852783 -0.15319129824638367
1305031453.791716 0.9969799518585205 -0.07070955634117126 0.03211027383804321 -0.051518142223358154 0.0743609145283699 0.988430380821228 -0.13219663500785828 0.08466900885105133 -0.022391196340322495 0.13418516516685486 0.990703284740448 -0.1675540804862976
1305031453.827773 0.9980791807174683 -0.05924764648079872 0.018097802996635437 -0.06242269277572632 0.061176884919404984 0.9886379241943359 -0.1373046636581421 0.09066195785999298 -0.00975719466805458 0.13814811408519745 0.9903634786605835 -0.17955225706100464
1305031453.859705 0.9990987777709961 -0.04231215640902519 0.0033678172621876 -0.09059201925992966 0.04235097020864487 0.9884136915206909 -0.14575578272342682 0.10418407618999481 0.002838446293026209 0.14576704800128937 0.9893147945404053 -0.18646901845932007
1305031453.89171 0.9992961287498474 -0.02884853631258011 -0.023979127407073975 -0.10783527046442032 0.0249941423535347 0.9886912703514099 -0.14786796271800995 0.11455917358398438 0.027973731979727745 0.14716455340385437 0.9887162446975708 -0.19622865319252014
1305031453.927723 0.9974943995475769 -0.021301912143826485 -0.06746212393045425 -0.11160425841808319 0.01163335982710123 0.9899991750717163 -0.14059244096279144 0.11688533425331116 0.06978233903646469 0.13945534825325012 0.987766444683075 -0.20151525735855103
1305031453.959641 0.9947096109390259 -0.00948431808501482 -0.10228917002677917 -0.12046186625957489 -0.00458500673994422 0.9906377792358398 -0.13643941283226013 0.12228000164031982 0.10262557119131088 0.13618655502796173 0.9853533506393433 -0.2070092111825943
1305031453.991624 0.9917222857475281 0.013579018414020538 -0.12768162786960602 -0.12877045571804047 -0.030292144045233727 0.9910664558410645 -0.1298830807209015 0.12266753613948822 0.12477729469537735 0.13267570734024048 0.9832740426063538 -0.21316231787204742
1305031454.027662 0.9876978397369385 0.029842978343367577 -0.15350057184696198 -0.14063596725463867 -0.0502660907804966 0.9901148080825806 -0.13094240427017212 0.12274971604347229 0.14807549118995667 0.1370474249124527 0.9794343113899231 -0.21758626401424408
1305031454.059654 0.9831390976905823 0.05324016883969307 -0.1749371886253357 -0.15496787428855896 -0.07683194428682327 0.9884029626846313 -0.1309826821088791 0.12953907251358032 0.1659349501132965 0.14221496880054474 0.9758280515670776 -0.22370868921279907
1305031454.091651 0.9767186045646667 0.07903597503900528 -0.19943460822105408 -0.16637152433395386 -0.10533518344163895 0.9865622520446777 -0.12489762157201767 0.12723460793495178 0.18688327074050903 0.14299732446670532 0.9719188809394836 -0.22754782438278198
1305031454.127701 0.9684123992919922 0.10614371299743652 -0.2256348580121994 -0.1829044669866562 -0.13739538192749023 0.982261061668396 -0.1276155561208725 0.13036087155342102 0.2080867737531662 0.15458567440509796 0.9658173322677612 -0.22839874029159546
1305031454.159672 0.959331750869751 0.12591096758842468 -0.25264427065849304 -0.20031124353408813 -0.16165071725845337 0.9787682294845581 -0.12602300941944122 0.13846798241138458 0.23141255974769592 0.16173796355724335 0.9593169689178467 -0.23110556602478027
1305031454.191658 0.9470458626747131 0.1543600708246231 -0.28156182169914246 -0.2142542451620102 -0.1927722990512848 0.9745867848396301 -0.11410239338874817 0.14148065447807312 0.2567935883998871 0.162337526679039 0.9527347683906555 -0.24240492284297943
1305031454.227671 0.9306985139846802 0.18436302244663239 -0.31592804193496704 -0.2274641990661621 -0.22727596759796143 0.9682039618492126 -0.1045314148068428 0.13514648377895355 0.28661099076271057 0.16909007728099823 0.943007230758667 -0.2375132441520691
1305031454.259627 0.9134381413459778 0.20955897867679596 -0.3488779067993164 -0.22767484188079834 -0.2619365453720093 0.9588091373443604 -0.10988293588161469 0.14305515587329865 0.31148040294647217 0.19175511598587036 0.9307039976119995 -0.23569312691688538
1305031454.291639 0.9015123844146729 0.23256215453147888 -0.3649523854255676 -0.23416224122047424 -0.28634336590766907 0.9528820514678955 -0.10011672228574753 0.1472560167312622 0.32447317242622375 0.19475816190242767 0.9256275296211243 -0.23785045742988586
1305031454.327699 0.8873178958892822 0.2648005485534668 -0.3775547742843628 -0.2557809054851532 -0.3190736174583435 0.9436303377151489 -0.08805590122938156 0.14071577787399292 0.33295488357543945 0.1986013501882553 0.9217909574508667 -0.24397149682044983
1305031454.359636 0.8689227104187012 0.28493064641952515 -0.4047068655490875 -0.2571897506713867 -0.34801456332206726 0.9331364631652832 -0.09023487567901611 0.14452730119228363 0.3519360423088074 0.21925103664398193 0.9099835157394409 -0.2419416308403015
1305031454.391677 0.8558077812194824 0.3033001720905304 -0.419048935174942 -0.266225665807724 -0.37106746435165405 0.9243514537811279 -0.08878794312477112 0.15454281866550446 0.3604190945625305 0.23148083686828613 0.9036120176315308 -0.2456846982240677
1305031454.427465 0.835911214351654 0.3299364447593689 -0.4386277496814728 -0.28093719482421875 -0.40174809098243713 0.9123021960258484 -0.07939308881759644 0.15718863904476166 0.37396636605262756 0.24258343875408173 0.8951550126075745 -0.24987554550170898
1305031454.459913 0.8118355870246887 0.3543059229850769 -0.4641016125679016 -0.2791629433631897 -0.4331408143043518 0.8984644412994385 -0.0717683881521225 0.15997394919395447 0.39155077934265137 0.25928547978401184 0.8828697800636292 -0.24534860253334045
1305031454.491617 0.7943316698074341 0.3799597918987274 -0.4739913046360016 -0.283581405878067 -0.46222907304763794 0.8843209743499756 -0.06573261320590973 0.165864035487175 0.39418473839759827 0.27130603790283203 0.8780725598335266 -0.24809589982032776
1305031454.5277 0.773833692073822 0.4058578908443451 -0.4862724840641022 -0.28803738951683044 -0.4911072850227356 0.8692982196807861 -0.05598461627960205 0.1747480183839798 0.39999401569366455 0.2821347117424011 0.8720119595527649 -0.24738839268684387
1305031454.559575 0.7566708326339722 0.4271416664123535 -0.4949738681316376 -0.2928246855735779 -0.5120239853858948 0.8579249978065491 -0.042382217943668365 0.1843673288822174 0.4065471887588501 0.28550782799720764 0.8678736090660095 -0.25122296810150146
1305031454.591635 0.7306999564170837 0.4576037526130676 -0.5066325068473816 -0.30434703826904297 -0.5429661273956299 0.8393839597702026 -0.024949125945568085 0.1934688836336136 0.4138423800468445 0.2933145761489868 0.861801028251648 -0.2588042914867401
1305031454.62758 0.7008148431777954 0.47557294368743896 -0.5316850543022156 -0.3005205988883972 -0.5641998052597046 0.825622022151947 -0.005183517467230558 0.19783897697925568 0.43650582432746887 0.3036092221736908 0.8469262719154358 -0.257671594619751
1305031454.659528 0.6800774931907654 0.4850788712501526 -0.5497210025787354 -0.29845908284187317 -0.5732162594795227 0.819287896156311 0.013802937231957912 0.20938676595687866 0.45707523822784424 0.3057219982147217 0.8352342844009399 -0.2600189447402954
1305031454.691884 0.6552282571792603 0.4968079626560211 -0.5690850615501404 -0.3002624213695526 -0.5814077258110046 0.8126283288002014 0.040003761649131775 0.21478208899497986 0.4823288321495056 0.3046587407588959 0.821304976940155 -0.2594597339630127
1305031454.727659 0.6295997500419617 0.5022377371788025 -0.5927574634552002 -0.29213204979896545 -0.5851408243179321 0.8084434866905212 0.06347691267728806 0.21394239366054535 0.5110914707183838 0.30688148736953735 0.8028756380081177 -0.25305500626564026
1305031454.759732 0.624703049659729 0.4968734383583069 -0.6023810505867004 -0.2839198708534241 -0.5728578567504883 0.8158515095710754 0.07886848598718643 0.21698035299777985 0.5306410789489746 0.29580923914909363 0.7943028211593628 -0.2498043179512024
1305031454.791641 0.635490894317627 0.48619118332862854 -0.599807858467102 -0.2837388515472412 -0.5587824583053589 0.8257062435150146 0.07727459073066711 0.23065023124217987 0.5328353047370911 0.2860548496246338 0.7964038848876953 -0.25541678071022034
1305031454.82757 0.6399234533309937 0.47708848118782043 -0.6023991107940674 -0.2758414149284363 -0.5448318719863892 0.8345118761062622 0.08214707672595978 0.23832926154136658 0.5419005155563354 0.2756383717060089 0.7939566969871521 -0.25177985429763794
1305031454.85962 0.6510090827941895 0.4699018895626068 -0.5961371064186096 -0.2709357440471649 -0.5293290019035339 0.843926727771759 0.08716902881860733 0.24413970112800598 0.5440568327903748 0.25880494713783264 0.7981366515159607 -0.2501004636287689
1305031454.891764 0.6653804183006287 0.4617501497268677 -0.5865627527236938 -0.26702895760536194 -0.5171867609024048 0.8517569899559021 0.08383256942033768 0.2535410523414612 0.5383185148239136 0.24758191406726837 0.8055534362792969 -0.2529219686985016
1305031454.927567 0.6789236664772034 0.4561064839363098 -0.5753517746925354 -0.26609599590301514 -0.5039280652999878 0.8593899607658386 0.08663336932659149 0.25881102681159973 0.5339655876159668 0.23111848533153534 0.8133050203323364 -0.25359585881233215
1305031454.959648 0.6931260824203491 0.4486117660999298 -0.5642018914222717 -0.2665804326534271 -0.49138838052749634 0.8667347431182861 0.08548922836780548 0.26864075660705566 0.5273648500442505 0.21798750758171082 0.8211989998817444 -0.2577838897705078
1305031454.991937 0.7049199342727661 0.4417646825313568 -0.5549159049987793 -0.27108147740364075 -0.4815940260887146 0.8724748492240906 0.08279326558113098 0.27875617146492004 0.5207253694534302 0.208881676197052 0.8277761936187744 -0.26625463366508484
1305031455.027799 0.709327757358551 0.4346708655357361 -0.554901123046875 -0.2709488272666931 -0.47625550627708435 0.8759005665779114 0.0773237869143486 0.2939694821834564 0.5196486711502075 0.20942695438861847 0.8283149600028992 -0.26880669593811035
1305031455.059636 0.7152246832847595 0.4338415563106537 -0.5479371547698975 -0.2758748531341553 -0.4724849760532379 0.877851665019989 0.07832211256027222 0.29983973503112793 0.514987051486969 0.20287422835826874 0.8328447937965393 -0.27236253023147583
1305031455.0917 0.7210429906845093 0.4320051968097687 -0.5417272448539734 -0.2820715606212616 -0.47251570224761963 0.878411054611206 0.07157456129789352 0.3090481460094452 0.5067798495292664 0.20436638593673706 0.8375013470649719 -0.2775678038597107
1305031455.127695 0.7284441590309143 0.42820459604263306 -0.5347988605499268 -0.2865450382232666 -0.47128286957740784 0.8797659277915955 0.06248428300023079 0.32296764850616455 0.49725398421287537 0.20652525126934052 0.84266597032547 -0.2818698287010193
1305031455.15972 0.7381590008735657 0.4249323308467865 -0.5239786505699158 -0.29647067189216614 -0.46364662051200867 0.8837401866912842 0.06352300941944122 0.3287172317504883 0.4900539815425873 0.1960510015487671 0.8493592143058777 -0.2895280122756958
1305031455.191655 0.7478958964347839 0.4183729290962219 -0.5153792500495911 -0.30642592906951904 -0.45391273498535156 0.8888280987739563 0.06283153593540192 0.339531272649765 0.4843706488609314 0.1869458705186844 0.8546557426452637 -0.29450204968452454
1305031455.227581 0.7573387622833252 0.40807780623435974 -0.5098142623901367 -0.3157289922237396 -0.4434511363506317 0.8944703340530396 0.05721837654709816 0.3487914800643921 0.4793632924556732 0.18274405598640442 0.858379602432251 -0.298039972782135
1305031455.259631 0.7704603672027588 0.3927875757217407 -0.5021043419837952 -0.323883980512619 -0.4305531978607178 0.901465892791748 0.04453353211283684 0.3733104169368744 0.4701220989227295 0.18187128007411957 0.863659679889679 -0.2990502119064331
1305031455.291831 0.7850934863090515 0.3830583691596985 -0.48671817779541016 -0.3377406597137451 -0.4099748134613037 0.910423755645752 0.05522070825099945 0.37638339400291443 0.46427252888679504 0.1561887562274933 0.8718119859695435 -0.3037576377391815
1305031455.327766 0.7986921668052673 0.3663601875305176 -0.4773583710193634 -0.3510749638080597 -0.38836386799812317 0.9197951555252075 0.0561281219124794 0.3884168863296509 0.45963501930236816 0.1405595988035202 0.8769143223762512 -0.31262218952178955
1305031455.35963 0.804820716381073 0.35845112800598145 -0.47305014729499817 -0.35614100098609924 -0.37268009781837463 0.9255198240280151 0.06725068390369415 0.3973798453807831 0.4619233012199402 0.12217164039611816 0.8784651756286621 -0.3149866759777069
1305031455.391665 0.81733238697052 0.3521389067173004 -0.4560328722000122 -0.36827272176742554 -0.35473567247390747 0.9312477707862854 0.08330895006656647 0.39734476804733276 0.4540158808231354 0.09368005394935608 0.8860551118850708 -0.3173080384731293
1305031455.427642 0.8331976532936096 0.3368001878261566 -0.4385742247104645 -0.3831498324871063 -0.3319855034351349 0.9389469623565674 0.09035644680261612 0.40157508850097656 0.4422300159931183 0.07031550258398056 0.8941411375999451 -0.3256167471408844
1305031455.459589 0.8432690501213074 0.3242345452308655 -0.42868325114250183 -0.39782533049583435 -0.3135632872581482 0.9445394277572632 0.09758741408586502 0.4004250764846802 0.43654942512512207 0.05212690681219101 0.8981689214706421 -0.3337339758872986
1305031455.491637 0.8552263379096985 0.3062688112258911 -0.41807588934898376 -0.41225865483283997 -0.2930280268192291 0.9511353373527527 0.09734554588794708 0.4076925218105316 0.4274607002735138 0.03925550729036331 0.9031813144683838 -0.34470945596694946
1305031455.52761 0.8675981760025024 0.28568387031555176 -0.4070111811161041 -0.43127942085266113 -0.26783543825149536 0.9580960869789124 0.10156749188899994 0.4059702157974243 0.41897207498550415 0.020892269909381866 0.9077587127685547 -0.3560072183609009
1305031455.559669 0.8754309415817261 0.260708212852478 -0.407003790140152 -0.44820162653923035 -0.2406223863363266 0.9653691649436951 0.1008133739233017 0.4080260097980499 0.41919177770614624 0.009679093956947327 0.9078461527824402 -0.3655031621456146
1305031455.591645 0.88278728723526 0.23362451791763306 -0.40756136178970337 -0.46435514092445374 -0.21156634390354156 0.9723261594772339 0.0991043746471405 0.41337037086486816 0.4194357395172119 -0.001261793076992035 0.9077842235565186 -0.3750402331352234
1305031455.627617 0.8920121788978577 0.21419395506381989 -0.39803922176361084 -0.4870399236679077 -0.18909738957881927 0.976667582988739 0.10179679095745087 0.41193291544914246 0.4105563163757324 -0.015535790473222733 0.9117028713226318 -0.38234707713127136
1305031455.659615 0.897184431552887 0.20362606644630432 -0.3919139802455902 -0.5051814317703247 -0.18082815408706665 0.978947639465332 0.09467149525880814 0.4085959494113922 0.40294089913368225 -0.014068704098463058 0.9151178002357483 -0.39562612771987915
1305031455.691605 0.8986898064613342 0.20444239675998688 -0.38802042603492737 -0.5211570262908936 -0.18524163961410522 0.9788599014282227 0.08671115338802338 0.410389244556427 0.39754509925842285 -0.006048897281289101 0.91756272315979 -0.4073810577392578
1305031455.727628 0.9006803035736084 0.21277840435504913 -0.3788144886493683 -0.5383737683296204 -0.19550606608390808 0.9770991802215576 0.08399145305156708 0.4081411063671112 0.3880109190940857 -0.0015889210626482964 0.9216534495353699 -0.4187248647212982
1305031455.759683 0.9040635228157043 0.21700426936149597 -0.36820948123931885 -0.5517245531082153 -0.20030465722084045 0.9761691093444824 0.08349791169166565 0.4043748378753662 0.37755414843559265 -0.0017333347350358963 0.9259858727455139 -0.4304170310497284
1305031455.791666 0.9098628163337708 0.21619579195976257 -0.3541315197944641 -0.571534276008606 -0.2001015990972519 0.976343035697937 0.0819363221526146 0.3955283761024475 0.3634681701660156 -0.003688529133796692 0.9315992593765259 -0.4429573118686676
1305031455.82759 0.9135268330574036 0.21400666236877441 -0.34593355655670166 -0.5885932445526123 -0.20079447329044342 0.9768305420875549 0.07405214011669159 0.3950345814228058 0.3537661135196686 0.0018129423260688782 0.935332179069519 -0.45863819122314453
1305031455.859526 0.9149433970451355 0.21790233254432678 -0.3397018015384674 -0.6039838194847107 -0.20533260703086853 0.9759660363197327 0.07299816608428955 0.39236846566200256 0.34744393825531006 0.0029626553878188133 0.9376960396766663 -0.4707602262496948
1305031455.891657 0.9175140261650085 0.2182641625404358 -0.33245882391929626 -0.6166449189186096 -0.20509888231754303 0.9758897423744202 0.07465770840644836 0.38606715202331543 0.3407382369041443 -0.0003125537186861038 0.9401581883430481 -0.4837421476840973
1305031455.927955 0.9202492237091064 0.22182364761829376 -0.3223903477191925 -0.6317141652107239 -0.2085580676794052 0.9750840067863464 0.07559557259082794 0.38179686665534973 0.3311266601085663 -0.002329655457288027 0.9435833692550659 -0.4922267198562622
1305031455.959716 0.9219192862510681 0.22576378285884857 -0.31479403376579285 -0.6425319910049438 -0.21382711827754974 0.9741818904876709 0.07243983447551727 0.3820975124835968 0.3230209946632385 0.000527826719917357 0.9463916420936584 -0.5032891631126404
1305031455.991694 0.9241193532943726 0.23069734871387482 -0.3046015202999115 -0.6528191566467285 -0.2183699756860733 0.9730229377746582 0.07443790882825851 0.38136735558509827 0.313556969165802 -0.0022736843675374985 0.949566662311554 -0.5116363167762756
1305031456.02777 0.9258064031600952 0.23807719349861145 -0.29360121488571167 -0.6591158509254456 -0.22456255555152893 0.9712164402008057 0.0794377475976944 0.385911226272583 0.3040626645088196 -0.007612122222781181 0.952621579170227 -0.5199133157730103
1305031456.059713 0.9265600442886353 0.2564789652824402 -0.27514520287513733 -0.6763564944267273 -0.23747919499874115 0.9661404490470886 0.10087747126817703 0.3781019151210785 0.29170188307762146 -0.028127767145633698 0.9560955762863159 -0.5273500680923462
1305031456.091707 0.9271137714385986 0.2698582410812378 -0.2600702941417694 -0.6928748488426208 -0.2476787120103836 0.9619652628898621 0.11523014307022095 0.3674499988555908 0.2812744379043579 -0.04241757467389107 0.9586894512176514 -0.5326662063598633
1305031456.127645 0.9293845891952515 0.27300596237182617 -0.24841883778572083 -0.7067285776138306 -0.250730037689209 0.9608486294746399 0.11791667342185974 0.3609102964401245 0.27088484168052673 -0.047303877770900726 0.9614487290382385 -0.5373767614364624
1305031456.159731 0.9316979646682739 0.2749616503715515 -0.2373499572277069 -0.7155158519744873 -0.25211066007614136 0.9599261283874512 0.12240102887153625 0.34914037585258484 0.26149407029151917 -0.05420234054327011 0.9636819362640381 -0.540395975112915
1305031456.191658 0.9366570711135864 0.26834940910339355 -0.2250821590423584 -0.7240187525749207 -0.24777917563915253 0.9618856310844421 0.11567898094654083 0.3355874717235565 0.24754570424556732 -0.052580878138542175 0.9674482941627502 -0.5401516556739807
1305031456.227678 0.943357527256012 0.2601812183856964 -0.2058696746826172 -0.7332417964935303 -0.24510619044303894 0.9647234678268433 0.09608098864555359 0.34700068831443787 0.22360578179359436 -0.04017878323793411 0.973851203918457 -0.5450391173362732
1305031456.291675 0.9564133882522583 0.24653029441833496 -0.15651290118694305 -0.7632791996002197 -0.2346135675907135 0.9678373336791992 0.09081476181745529 0.3289417326450348 0.1738676130771637 -0.05013641342520714 0.9834918975830078 -0.5463598966598511
1305031456.327718 0.9630155563354492 0.2322111874818802 -0.13667155802249908 -0.7749318480491638 -0.22299504280090332 0.9715739488601685 0.07948030531406403 0.3230871260166168 0.15124274790287018 -0.046063683927059174 0.9874227643013 -0.5435003042221069
1305031456.391619 0.9730125665664673 0.2131253182888031 -0.08845547586679459 -0.7977536916732788 -0.20775654911994934 0.975943386554718 0.06611868739128113 0.31427526473999023 0.1004190742969513 -0.045957114547491074 0.9938832521438599 -0.5379398465156555
1305031456.427662 0.9786110520362854 0.19581283628940582 -0.06307107210159302 -0.8180931210517883 -0.19333024322986603 0.9801744222640991 0.04337480664253235 0.32181379199028015 0.07031401246786118 -0.030253514647483826 0.9970660209655762 -0.5333737134933472
1305031456.491677 0.9843850135803223 0.17085205018520355 -0.042375579476356506 -0.8553490042686462 -0.16880398988723755 0.9844818115234375 0.04796626791357994 0.3345588445663452 0.04991312325000763 -0.04006412252783775 0.9979496002197266 -0.5213832259178162
1305031456.527641 0.9862363338470459 0.15989860892295837 -0.04207690805196762 -0.8697825074195862 -0.15744350850582123 0.9859194159507751 0.05634137615561485 0.3388250768184662 0.05049335956573486 -0.048941172659397125 0.9975244998931885 -0.5101445913314819
1305031456.591651 0.9900262355804443 0.13654646277427673 -0.03468460217118263 -0.888327419757843 -0.13461071252822876 0.9894756078720093 0.053085051476955414 0.348434716463089 0.04156814143061638 -0.0478866770863533 0.9979874491691589 -0.49122458696365356
1305031456.627612 0.991827130317688 0.12568050622940063 -0.021984141319990158 -0.8978521823883057 -0.12374500185251236 0.9895347952842712 0.07421626150608063 0.35857170820236206 0.031081615015864372 -0.07088927924633026 0.9969998002052307 -0.481258362531662
1305031456.691612 0.9957740306854248 0.09161996096372604 0.006310954689979553 -0.9344635605812073 -0.091789111495018 0.9906814694404602 0.10062333941459656 0.3425459861755371 0.0029669664800167084 -0.10077738761901855 0.9949045181274414 -0.45657652616500854
1305031456.727693 0.9973254799842834 0.07179536670446396 0.013683069497346878 -0.9536383748054504 -0.07281973212957382 0.9921151995658875 0.10200365632772446 0.35876405239105225 -0.006251785904169083 -0.1027272492647171 0.9946898818016052 -0.4491233229637146
1305031456.791649 0.9989888072013855 0.04477640613913536 -0.004049043171107769 -0.9835266470909119 -0.0440218448638916 0.9924814701080322 0.11420441418886185 0.34596508741378784 0.009132263250648975 -0.11391067504882812 0.9934490323066711 -0.4299992322921753
1305031456.827603 0.9994797706604004 0.03049149177968502 -0.010506834834814072 -0.9925841093063354 -0.029197558760643005 0.9938556551933289 0.10676462948322296 0.3656614422798157 0.013697685673832893 -0.10640230029821396 0.9942288994789124 -0.4191831052303314
1305031456.891672 0.9999626278877258 0.0052167512476444244 -0.006883267778903246 -1.0085735321044922 -0.004274400882422924 0.9914465546607971 0.13044331967830658 0.35761141777038574 0.007504881359636784 -0.13040903210639954 0.9914318919181824 -0.39209240674972534
1305031456.92769 0.999954879283905 -0.008009475655853748 0.005113665945827961 -1.020132303237915 0.00735907768830657 0.9931588768959045 0.1165393516421318 0.3658601939678192 -0.0060120997950434685 -0.11649645864963531 0.9931728839874268 -0.38457977771759033
1305031456.959667 0.9996610879898071 -0.02103232964873314 0.015342137776315212 -1.030495524406433 0.01916317641735077 0.9933883547782898 0.11319130659103394 0.3813900649547577 -0.01762137934565544 -0.11285894364118576 0.9934546947479248 -0.38034671545028687
1305031456.991709 0.9992943406105042 -0.026324402540922165 0.026791296899318695 -1.0441195964813232 0.02252560667693615 0.9908119440078735 0.13335752487182617 0.3768727481365204 -0.030055690556764603 -0.1326599419116974 0.9907058477401733 -0.3704386353492737
1305031457.027648 0.9987016916275024 -0.03438277170062065 0.03758886829018593 -1.0581167936325073 0.02894459292292595 0.9901893734931946 0.13670118153095245 0.377428263425827 -0.041920263320207596 -0.13543571531772614 0.9898989200592041 -0.3651956617832184
1305031457.091655 0.9967477917671204 -0.05681644007563591 0.05714684724807739 -1.0808508396148682 0.04703806713223457 0.9860147833824158 0.15988224744796753 0.38355106115341187 -0.06543156504631042 -0.15667420625686646 0.985480546951294 -0.3610227704048157
1305031457.127632 0.9953249096870422 -0.06589190661907196 0.07061577588319778 -1.092696189880371 0.05295994505286217 0.9837620258331299 0.17148596048355103 0.3741523325443268 -0.0807686597108841 -0.16694442927837372 0.9826525449752808 -0.35649070143699646
1305031457.191735 0.9903891682624817 -0.09430099278688431 0.10117576271295547 -1.1199480295181274 0.07675988972187042 0.9832874536514282 0.1650870442390442 0.3782491385936737 -0.115052729845047 -0.15573421120643616 0.9810758233070374 -0.36422187089920044
1305031457.227543 0.9876007437705994 -0.10700131207704544 0.1148708164691925 -1.1345072984695435 0.0856357216835022 0.9804695844650269 0.17704786360263824 0.3721829056739807 -0.1315716803073883 -0.1650155484676361 0.9774757027626038 -0.36679863929748535
1305031457.291656 0.9804220199584961 -0.1333463490009308 0.14488427340984344 -1.1602822542190552 0.10878656804561615 0.980120837688446 0.16591736674308777 0.3594815731048584 -0.16412857174873352 -0.14690755307674408 0.9754383563995361 -0.3775363266468048
1305031457.327548 0.975838840007782 -0.14327435195446014 0.16495756804943085 -1.1754868030548096 0.11738955229520798 0.9805606007575989 0.15722769498825073 0.3650364577770233 -0.18427759408950806 -0.13406461477279663 0.9736880660057068 -0.38729017972946167
1305031457.391684 0.9613232612609863 -0.17017367482185364 0.21656060218811035 -1.2124066352844238 0.1381467580795288 0.9781461358070374 0.1553885042667389 0.3514466881752014 -0.23827093839645386 -0.11946145445108414 0.9638235569000244 -0.39910057187080383
1305031457.427641 0.9534467458724976 -0.18469291925430298 0.23838593065738678 -1.2372052669525146 0.15167640149593353 0.9769426584243774 0.15025655925273895 0.35133689641952515 -0.2606407105922699 -0.1071041077375412 0.9594764709472656 -0.4065280258655548
1305031457.491705 0.9476973414421082 -0.20261713862419128 0.2466091364622116 -1.2650127410888672 0.16806241869926453 0.9736542701721191 0.1541174352169037 0.3347606658935547 -0.2713388502597809 -0.10461093485355377 0.9567819833755493 -0.42188623547554016
1305031457.527638 0.9443728923797607 -0.2078016847372055 0.2549082338809967 -1.2796461582183838 0.17402857542037964 0.9734317660331726 0.14881014823913574 0.327152281999588 -0.2790587842464447 -0.09617092460393906 0.955446183681488 -0.43082746863365173
1305031457.559685 0.9401944875717163 -0.215993732213974 0.2634028494358063 -1.292792558670044 0.18319720029830933 0.9725341200828552 0.14358341693878174 0.32227668166160583 -0.2871813178062439 -0.08674170076847076 0.9539406299591064 -0.4408957362174988
1305031457.591678 0.9346022009849548 -0.2212713658809662 0.2784920334815979 -1.3157416582107544 0.1893841177225113 0.9723033905029297 0.13696640729904175 0.32137155532836914 -0.301085501909256 -0.07526711374521255 0.9506220817565918 -0.4475620687007904
1305031457.627526 0.9321033954620361 -0.22755154967308044 0.2817862927913666 -1.3301641941070557 0.19396600127220154 0.9706446528434753 0.1422187089920044 0.3080604374408722 -0.30587640404701233 -0.07790557295084 0.9488784074783325 -0.45098134875297546
1305031457.659632 0.9285446405410767 -0.23326511681079865 0.2887774109840393 -1.348333716392517 0.20241065323352814 0.9702420234680176 0.13289232552051544 0.31157827377319336 -0.3111830949783325 -0.06494481861591339 0.9481282830238342 -0.4588223397731781
1305031457.69157 0.9266629219055176 -0.24007515609264374 0.28923967480659485 -1.3640117645263672 0.20568987727165222 0.9679058194160461 0.14439547061920166 0.30500495433807373 -0.31462255120277405 -0.07431226968765259 0.9463034868240356 -0.4630679488182068
1305031457.727669 0.9264294505119324 -0.2408323585987091 0.2893584668636322 -1.3741072416305542 0.20383530855178833 0.9670875668525696 0.1522919237613678 0.28698140382766724 -0.3165118098258972 -0.08210625499486923 0.9450284242630005 -0.46715888381004333
1305031457.759556 0.9255566000938416 -0.23610180616378784 0.2959746718406677 -1.3891255855560303 0.1993676722049713 0.9685094356536865 0.1491369754076004 0.27473264932632446 -0.32186582684516907 -0.07902692258358002 0.9434812664985657 -0.4710349440574646
1305031457.791567 0.923746645450592 -0.23296713829040527 0.3040040135383606 -1.3953937292099 0.1964321881532669 0.9695672988891602 0.14612872898578644 0.2497451901435852 -0.32879555225372314 -0.07526975870132446 0.9413967728614807 -0.47203391790390015
1305031457.827699 0.91757732629776 -0.23003999888896942 0.32424288988113403 -1.4131795167922974 0.20154793560504913 0.9721779227256775 0.11936725676059723 0.2582123875617981 -0.34268105030059814 -0.04417819902300835 0.9384124279022217 -0.4819619953632355
1305031457.859623 0.9113124012947083 -0.23047684133052826 0.3411600589752197 -1.4276490211486816 0.20168930292129517 0.9723032116889954 0.11810119450092316 0.24820154905319214 -0.3589305877685547 -0.03881874307990074 0.9325566291809082 -0.4848421812057495
1305031457.891593 0.9047746658325195 -0.22795088589191437 0.3597516119480133 -1.4446693658828735 0.20065003633499146 0.9732350707054138 0.11204041540622711 0.22510474920272827 -0.375662624835968 -0.029187146574258804 0.9262967705726624 -0.48211678862571716
1305031457.927633 0.8977593779563904 -0.2283267378807068 0.3766896426677704 -1.4679596424102783 0.21186967194080353 0.9735788702964783 0.08517913520336151 0.22448518872261047 -0.38618576526641846 0.0033387579023838043 0.9224149584770203 -0.48201465606689453
1305031457.991644 0.8936048746109009 -0.23036408424377441 0.38523077964782715 -1.4939155578613281 0.22296275198459625 0.9726932644844055 0.06446267664432526 0.21133877336978912 -0.389561265707016 0.028287962079048157 0.9205660223960876 -0.47936350107192993
1305031458.027845 0.8899291157722473 -0.22944405674934387 0.39418473839759827 -1.504887342453003 0.22632092237472534 0.972492516040802 0.05510898306965828 0.19238613545894623 -0.3959861099720001 0.04016914591193199 0.9173774719238281 -0.474758118391037
1305031458.059689 0.8848409652709961 -0.22843797504901886 0.40604496002197266 -1.5197279453277588 0.23544439673423767 0.9713143110275269 0.03338111564517021 0.2020067572593689 -0.4020227789878845 0.06606404483318329 0.9132432341575623 -0.4725940227508545
1305031458.09169 0.8794913291931152 -0.2313070446252823 0.41592299938201904 -1.5358831882476807 0.2382754683494568 0.9705339074134827 0.03589637577533722 0.19936075806617737 -0.41197049617767334 0.06753368675708771 0.9086911678314209 -0.46497678756713867
1305031458.127605 0.8740097284317017 -0.2332412749528885 0.4262692630290985 -1.5522632598876953 0.2376873940229416 0.9703623652458191 0.04360511153936386 0.1866302192211151 -0.42380619049072266 0.06320753693580627 0.9035447239875793 -0.45104992389678955
1305031458.159638 0.8687268495559692 -0.23631396889686584 0.43528085947036743 -1.5702309608459473 0.24147841334342957 0.9693923592567444 0.0443442277610302 0.17607863247394562 -0.43243709206581116 0.0665879026055336 0.8992019891738892 -0.43663060665130615
1305031458.191646 0.8644973039627075 -0.24176432192325592 0.44067510962486267 -1.593172311782837 0.24812665581703186 0.9677209854125977 0.044149596244096756 0.17680306732654572 -0.4371243715286255 0.07117602974176407 0.8965803384780884 -0.4220156669616699
1305031458.227611 0.8654577136039734 -0.24733832478523254 0.43566808104515076 -1.606907844543457 0.24858680367469788 0.9670360684394836 0.055188167840242386 0.17569147050380707 -0.43495693802833557 0.060538314282894135 0.8984139561653137 -0.40610235929489136
1305031458.259934 0.8677219748497009 -0.24703027307987213 0.4313173294067383 -1.617222785949707 0.24086502194404602 0.9680412411689758 0.06985946744680405 0.1427370011806488 -0.43479040265083313 0.04327067732810974 0.8994916081428528 -0.38751035928726196
1305031458.291664 0.8689091801643372 -0.23993301391601562 0.4329308867454529 -1.6389944553375244 0.24500672519207 0.9684765934944153 0.04499785229563713 0.14668655395507812 -0.43007993698120117 0.06697194278240204 0.9003034234046936 -0.3690747618675232
1305031458.327628 0.8721299171447754 -0.2449631690979004 0.42353564500808716 -1.6496812105178833 0.25032633543014526 0.9671646952629089 0.04392223805189133 0.13874641060829163 -0.4203880727291107 0.06771624833345413 0.9048140048980713 -0.35506123304367065
1305031458.35959 0.8745308518409729 -0.2427091896533966 0.41986674070358276 -1.6571091413497925 0.2523406147956848 0.967060923576355 0.03342710807919502 0.1198868602514267 -0.41414982080459595 0.07671640813350677 0.9069700837135315 -0.33333247900009155
1305031458.391626 0.8737094402313232 -0.2449011653661728 0.4203037619590759 -1.6668686866760254 0.2658328413963318 0.9639763832092285 0.0090845488011837 0.12188151478767395 -0.4073876738548279 0.10379329323768616 0.90733802318573 -0.31705933809280396
1305031458.427598 0.8702219128608704 -0.25765228271484375 0.41991546750068665 -1.6673803329467773 0.2851394712924957 0.9584819674491882 -0.0028089582920074463 0.11886679381132126 -0.4017576575279236 0.12217887490987778 0.9075588583946228 -0.30270177125930786
1305031458.459637 0.863844096660614 -0.2629985809326172 0.4296571612358093 -1.666064739227295 0.3010059893131256 0.9533774256706238 -0.021611042320728302 0.11309051513671875 -0.4039417505264282 0.14799794554710388 0.9027335047721863 -0.29482829570770264
1305031458.491696 0.8576540350914001 -0.2449072003364563 0.4521614909172058 -1.6607645750045776 0.3019028604030609 0.95162034034729 -0.05721299722790718 0.10451355576515198 -0.4162742793560028 0.18557779490947723 0.8900992274284363 -0.27643126249313354
1305031458.527737 0.8501447439193726 -0.22732476890087128 0.47494977712631226 -1.6682771444320679 0.3061722218990326 0.9472589492797852 -0.09465275704860687 0.12107382714748383 -0.42838355898857117 0.22588495910167694 0.8749077320098877 -0.25774163007736206
1305031458.559628 0.8424074649810791 -0.2137894481420517 0.49461469054222107 -1.675079107284546 0.3053067922592163 0.9457384347915649 -0.11120543628931046 0.13026851415634155 -0.44400155544281006 0.24468952417373657 0.861968457698822 -0.237834632396698
1305031458.591641 0.840020477771759 -0.19283033907413483 0.5071313381195068 -1.678337812423706 0.2965771555900574 0.9458998441696167 -0.13158851861953735 0.13439100980758667 -0.4543212056159973 0.26094064116477966 0.8517641425132751 -0.20866692066192627
1305031458.627659 0.8393469452857971 -0.1778247058391571 0.513687789440155 -1.6944591999053955 0.2898327708244324 0.9458529949188232 -0.14614750444889069 0.1593877226114273 -0.45988449454307556 0.27155202627182007 0.8454381823539734 -0.18432003259658813
1305031458.659623 0.8412588238716125 -0.18421076238155365 0.5082815289497375 -1.7043042182922363 0.28826531767845154 0.9482041001319885 -0.13346217572689056 0.15798240900039673 -0.45736947655677795 0.25879618525505066 0.8507865071296692 -0.1566271185874939
1305031458.691674 0.8528743386268616 -0.17680901288986206 0.4912676513195038 -1.7244811058044434 0.2723985016345978 0.9533929228782654 -0.12977291643619537 0.16061140596866608 -0.4454260766506195 0.24450059235095978 0.8612868785858154 -0.14081144332885742
1305031458.72765 0.8710640668869019 -0.16830022633075714 0.46143507957458496 -1.7134398221969604 0.2534213364124298 0.9587563276290894 -0.1287013292312622 0.15147538483142853 -0.42074331641197205 0.22904464602470398 0.8777891397476196 -0.12330859899520874
1305031458.759945 0.8885126113891602 -0.1467486172914505 0.43475309014320374 -1.7156596183776855 0.2325279265642166 0.9608113765716553 -0.1509045958518982 0.15968358516693115 -0.3955707252025604 0.23517286777496338 0.8878161907196045 -0.1028670072555542
1305031458.791632 0.9083328247070312 -0.1313064843416214 0.39710214734077454 -1.7015236616134644 0.21128056943416595 0.9634477496147156 -0.16470864415168762 0.17932499945163727 -0.36095982789993286 0.23351021111011505 0.9028737545013428 -0.08807110786437988
1305031458.827564 0.9179176092147827 -0.13703592121601105 0.37235531210899353 -1.6863349676132202 0.20587651431560516 0.966742753982544 -0.1517346203327179 0.17428848147392273 -0.3391787111759186 0.21593908965587616 0.9156026840209961 -0.07738357782363892
1305031458.891665 0.9258359670639038 -0.11319519579410553 0.36057546734809875 -1.674856424331665 0.18429195880889893 0.9681883454322815 -0.16925686597824097 0.17147581279277802 -0.3299459218978882 0.22315523028373718 0.9172444939613342 -0.05651038885116577
1305031458.927621 0.9177409410476685 -0.1223764568567276 0.3778565227985382 -1.6880275011062622 0.1980767697095871 0.9656201004981995 -0.16835492849349976 0.1805816888809204 -0.3442631661891937 0.22935079038143158 0.910429060459137 -0.05173921585083008
1305031458.959617 0.907768189907074 -0.15163882076740265 0.39110445976257324 -1.6933258771896362 0.224137544631958 0.9634556770324707 -0.1466810554265976 0.1719098687171936 -0.35456937551498413 0.2208136022090912 0.908582329750061 -0.04149693250656128
1305031458.991647 0.9003628492355347 -0.1567191183567047 0.4059380292892456 -1.7061383724212646 0.22916637361049652 0.9638125896453857 -0.13619092106819153 0.14098013937473297 -0.36990439891815186 0.2156486213207245 0.9036960005760193 -0.026830017566680908
1305031459.027665 0.8985555768013 -0.14649763703346252 0.41368624567985535 -1.7322264909744263 0.22835874557495117 0.9610498547554016 -0.15567725896835327 0.13338053226470947 -0.3747667372226715 0.23435355722904205 0.8970107436180115 -0.0103340744972229
