0.1033914 0.9999985098838806 0.0008499082177877426 0.0015096479328349233 -0.0004249434277880937 -0.0008428764413110912 0.9999887943267822 -0.0046524470672011375 -0.00019051342678721994 -0.0015135853318497539 0.004651167895644903 0.9999879598617554 0.06834789365530014
0.2071056 0.9999963045120239 -0.0014385331887751818 0.0023029877338558435 -0.00028774485690519214 0.001450964598916471 0.9999843239784241 -0.00540540786460042 -0.00011011713650077581 -0.0022951760329306126 0.005408730357885361 0.9999827146530151 0.13673913478851318
0.3102615 0.9999926090240479 -0.0030824257992208004 0.0022964945528656244 -0.00013333215611055493 0.0030853813514113426 0.9999943375587463 -0.0012844912707805634 -0.00025114690652117133 -0.0022925224620848894 0.0012915676925331354 0.999996542930603 0.20519712567329407
0.4136209 0.9999838471412659 -0.00545333931222558 0.0015947133069857955 -2.935086376965046e-05 0.005445676855742931 0.999973714351654 0.0047705709002912045 -0.00034933583810925484 -0.0016206870786845684 -0.004761809948831797 0.9999873638153076 0.273538738489151
0.5179293 0.9999599456787109 -0.00894065760076046 0.00044013623846694827 -2.6522160624153912e-05 0.008938518352806568 0.9999492764472961 0.004643877036869526 2.2991676814854145e-05 -0.0004816333530470729 -0.00463975640013814 0.9999890923500061 0.3411894142627716
0.6203887 0.9999308586120605 -0.01173812709748745 -0.0006598633481189609 7.843240746296942e-05 0.011739336885511875 0.9999293684959412 0.0018634324660524726 0.0001048804260790348 0.0006379435071721673 -0.0018710510339587927 0.9999980330467224 0.40802526473999023
0.7242193 0.999925434589386 -0.012135466560721397 -0.001324678072705865 -0.00019404938211664557 0.01213353406637907 0.9999253153800964 -0.001455080695450306 0.00015178037574514747 0.0013422371121123433 0.0014388994313776493 0.9999980926513672 0.47478437423706055
0.8272107 0.9999290108680725 -0.011733904480934143 -0.002057071542367339 -0.0005607146304100752 0.011729361489415169 0.9999287724494934 -0.002207705518230796 0.000320271123200655 0.0020828302949666977 0.0021834203507751226 0.9999954104423523 0.5414385199546814
0.930557 0.9999276995658875 -0.011567763984203339 -0.0032665838953107595 -0.0007080455543473363 0.01156652346253395 0.9999330043792725 -0.00039861249388195574 0.00026952457847073674 0.003270976012572646 0.00036080071004107594 0.9999945163726807 0.6080323457717896
1.03407 0.9999316930770874 -0.011060135439038277 -0.003815864445641637 -0.0014626741176471114 0.011070169508457184 0.9999352693557739 0.00261830841191113 0.00025542883668094873 0.003786658402532339 -0.0026603718288242817 0.9999892115592957 0.6741507053375244
1.137438 0.9999278783798218 -0.011156849563121796 -0.004447154700756073 -0.002395249204710126 0.011173589155077934 0.9999305009841919 0.0037572444416582584 0.0007003818172961473 0.004404926206916571 -0.003806664841249585 0.999983012676239 0.7401311993598938
1.244258 0.999908447265625 -0.012441088445484638 -0.005304564721882343 -0.0023772050626575947 0.012466049753129482 0.9999112486839294 0.004698702599853277 0.0007173039484769106 0.005245637614279985 -0.00476440042257309 0.9999749064445496 0.8061866760253906
1.344229 0.9998952746391296 -0.013123249635100365 -0.00608936557546258 -0.0026989092584699392 0.01314743235707283 0.9999057054519653 0.003948589321225882 0.0017271880060434341 0.006036973558366299 -0.00402823556214571 0.9999736547470093 0.8717315793037415
1.447568 0.999895453453064 -0.012767964974045753 -0.006779064424335957 -0.003963184077292681 0.012790339067578316 0.9999128580093384 0.003267287276685238 0.0014021126553416252 0.006736756302416325 -0.0033536525443196297 0.9999716877937317 0.9371791481971741
1.551083 0.9998735189437866 -0.013508590869605541 -0.008404129184782505 -0.004206506069749594 0.01352443266659975 0.9999068975448608 0.0018308692378923297 0.0010412868577986956 0.008378615602850914 -0.0019442983902990818 0.9999629855155945 1.0024036169052124
1.654521 0.9998415112495422 -0.01488602627068758 -0.009765181690454483 -0.00553145632147789 0.014883863739669323 0.9998891949653625 -0.00029445139807648957 0.0022522786166518927 0.009768483228981495 0.00014906111755408347 0.9999522566795349 1.067429780960083
1.757843 0.9998249411582947 -0.014503855258226395 -0.011813569813966751 -0.005776043049991131 0.014501278288662434 0.9998947978019714 -0.00030373831395991147 0.0015576935838907957 0.01181673351675272 0.00013237324310466647 0.9999301433563232 1.1324132680892944
1.861353 0.9998340010643005 -0.012974177487194538 -0.012791015207767487 -0.007949255406856537 0.012959017418324947 0.9999152421951294 -0.0012673422461375594 0.001560686039738357 0.01280637364834547 0.0011013731127604842 0.9999173879623413 1.1962937116622925
1.964724 0.9998278021812439 -0.011721570044755936 -0.01438022032380104 -0.009174500592052937 0.011705710552632809 0.999930739402771 -0.0011866018176078796 0.0015139246825128794 0.014393131248652935 0.0010180668905377388 0.9998959302902222 1.2604568004608154
2.068236 0.9997929334640503 -0.012449188157916069 -0.016098223626613617 -0.010360765270888805 0.012441538274288177 0.9999224543571472 -0.0005752832512371242 0.0017327482346445322 0.016104137524962425 0.0003748774470295757 0.999870240688324 1.3237240314483643
2.17162 0.9997813105583191 -0.011250200681388378 -0.01763206161558628 -0.011582030914723873 0.011273614130914211 0.9999356865882874 0.0012290312442928553 0.001296871923841536 0.017617102712392807 -0.0014275393914431334 0.9998437762260437 1.3871214389801025
2.275131 0.9997632503509521 -0.011384169571101665 -0.018544092774391174 -0.013631376437842846 0.011413189582526684 0.9999337792396545 0.0014597150729969144 0.0017085826257243752 0.01852625049650669 -0.0016710169147700071 0.999826967716217 1.4509867429733276
2.378626 0.9997096061706543 -0.012548789381980896 -0.020570989698171616 -0.014603843912482262 0.012581175193190575 0.9999197721481323 0.0014456127537414432 0.0015693205641582608 0.020551200956106186 -0.0017040001694113016 0.9997873306274414 1.5146706104278564
2.48201 0.9996787309646606 -0.012911192141473293 -0.021810654550790787 -0.016471242532134056 0.012937035411596298 0.9999157786369324 0.001044195843860507 0.0017277023289352655 0.021795334294438362 -0.001326025347225368 0.9997615814208984 1.576752781867981
2.585514 0.9996691942214966 -0.01288632582873106 -0.022254737094044685 -0.019097011536359787 0.012921462766826153 0.9999154806137085 0.0014357889303937554 0.0017143392469733953 0.022234352305531502 -0.0017228779615834355 0.9997513294219971 1.638152003288269
2.689023 0.9996283054351807 -0.013016200624406338 -0.023951217532157898 -0.02016269601881504 0.013097631745040417 0.9999089241027832 0.003246006090193987 0.0021351135801523924 0.023906785994768143 -0.003558504395186901 0.999707818031311 1.7003693580627441
2.793694 0.9995953440666199 -0.013814437203109264 -0.024861017242074013 -0.021677754819393158 0.013961974531412125 0.9998859167098999 0.005770695395767689 0.002412279136478901 0.02477845922112465 -0.006115470547229052 0.9996742606163025 1.7619612216949463
2.896139 0.9995865821838379 -0.013842501677572727 -0.02520037442445755 -0.023738142102956772 0.014035683125257492 0.9998733401298523 0.00750508438795805 0.002659335732460022 0.02509329654276371 -0.007855686359107494 0.999654233455658 1.822543740272522
2.999556 0.9995929598808289 -0.012950537726283073 -0.025416532531380653 -0.02628101222217083 0.013107526116073132 0.9998960494995117 0.006019845604896545 0.002939934842288494 0.025335930287837982 -0.006350543349981308 0.9996588230133057 1.8820029497146606
3.103545 0.9995862245559692 -0.011022341437637806 -0.026568187400698662 -0.027826307341456413 0.011124436743557453 0.999931275844574 0.00369794643484056 0.003171280026435852 0.026525603607296944 -0.003991972655057907 0.9996401071548462 1.939532995223999
3.206573 0.9995834827423096 -0.010499765165150166 -0.02688083052635193 -0.030114345252513885 0.010565199889242649 0.9999415874481201 0.0022933532018214464 0.0032435129396617413 0.02685518190264702 -0.0025763995945453644 0.9996359944343567 1.9975776672363281
3.310078 0.9995438456535339 -0.01018972136080265 -0.02843061462044716 -0.03138008713722229 0.010248753242194653 0.9999455809593201 0.0019314618548378348 0.0032869717106223106 0.028409384191036224 -0.0022219589445739985 0.9995939135551453 2.054708242416382
3.413963 0.9995093941688538 -0.009965985082089901 -0.029698146507143974 -0.033450037240982056 0.010024229995906353 0.9999481439590454 0.0018130483804270625 0.003133129794150591 0.02967853657901287 -0.0021098596043884754 0.9995573163032532 2.1107101440429688
3.517076 0.9994463920593262 -0.009941019117832184 -0.03174979239702225 -0.03528109937906265 0.00996664073318243 0.999950110912323 0.0006488196086138487 0.0031460453756153584 0.03174174949526787 -0.0009648990817368031 0.9994956254959106 2.166724443435669
3.620721 0.9993870854377747 -0.009820625185966492 -0.03359963744878769 -0.03797677159309387 0.009852785617113113 0.9999511241912842 0.0007917508482933044 0.002993960166350007 0.03359021246433258 -0.0011223155306652188 0.9994351267814636 2.2210559844970703
3.724674 0.9993012547492981 -0.009794853627681732 -0.03607052192091942 -0.03935724496841431 0.009862270206212997 0.9999499320983887 0.0016915735322982073 0.003544348757714033 0.036052148789167404 -0.002046128734946251 0.9993478059768677 2.2772672176361084
3.827725 0.9992378354072571 -0.00969473272562027 -0.03781138360500336 -0.04168028384447098 0.00984564982354641 0.999944269657135 0.003807120956480503 0.0038539995439350605 0.037772372364997864 -0.004176496993750334 0.999277651309967 2.3317742347717285
3.931241 0.9991633296012878 -0.00877885427325964 -0.03994269296526909 -0.04421013593673706 0.008994191884994507 0.9999459385871887 0.005214689299464226 0.004064095206558704 0.03989475220441818 -0.0055695790797472 0.9991883635520935 2.3849387168884277
4.034871 0.9991008639335632 -0.007149276323616505 -0.04178809002041817 -0.046896956861019135 0.007380111608654261 0.999958336353302 0.005372284911572933 0.004249460995197296 0.04174794256687164 -0.005675855092704296 0.9991120100021362 2.437340497970581
4.142151 0.9990378022193909 -0.005405539181083441 -0.04352167993783951 -0.049955278635025024 0.005605482496321201 0.9999743103981018 0.004473415203392506 0.004634651355445385 0.04349637031555176 -0.004713071510195732 0.9990424513816833 2.4897403717041016
4.243437 0.998972475528717 -0.003808989655226469 -0.04516163468360901 -0.05296611413359642 0.004006201401352882 0.9999828338623047 0.004277105908840895 0.004340860992670059 0.04514457285404205 -0.004453638102859259 0.9989705085754395 2.5405139923095703
4.345966 0.9988877773284912 -0.00315288407728076 -0.047045908868312836 -0.055183231830596924 0.003401985391974449 0.999980628490448 0.005215728189796209 0.0046957116574049 0.0470285564661026 -0.005369976162910461 0.9988791346549988 2.5896451473236084
4.449183 0.9988499283790588 -0.0018274150788784027 -0.047912027686834335 -0.05802479386329651 0.0021535190753638744 0.9999749064445496 0.0067555722780525684 0.005341309122741222 0.04789848253130913 -0.0068509820848703384 0.9988287091255188 2.6392955780029297
4.552519 0.9988346695899963 0.0009975171415135264 -0.048252105712890625 -0.06061626970767975 -0.0006367494352161884 0.9999716877937317 0.007491522468626499 0.00538252480328083 0.0482582151889801 -0.007452066522091627 0.9988070726394653 2.6883058547973633
4.656235 0.9988762140274048 0.004440273158252239 -0.047186218202114105 -0.06376289576292038 -0.0041870735585689545 0.9999762773513794 0.0054634646512568 0.005486257374286652 0.04720935970544815 -0.005259752739220858 0.9988711476325989 2.7360799312591553
4.760815 0.9989569783210754 0.005739988759160042 -0.045297712087631226 -0.06610892713069916 -0.005635865498334169 0.999981164932251 0.0024260077625513077 0.005377762019634247 0.045310795307159424 -0.002168185543268919 0.9989705681800842 2.7813377380371094
4.863788 0.9990430474281311 0.006400619633495808 -0.04326464980840683 -0.06804636120796204 -0.006406052503734827 0.9999794960021973 1.3050390407443047e-05 0.00630171038210392 0.043263841420412064 0.00026411772705614567 0.9990636706352234 2.8268613815307617
4.966824 0.9991772770881653 0.007557203993201256 -0.03984598442912102 -0.07069022953510284 -0.00750567764043808 0.9999707341194153 0.001442568376660347 0.005824511870741844 0.039855726063251495 -0.0011423103278502822 0.9992047548294067 2.8736419677734375
5.073257 0.999234139919281 0.011777026578783989 -0.03731552138924599 -0.07249439507722855 -0.011646783910691738 0.9999253749847412 0.003705741837620735 0.006461776793003082 0.03735638037323952 -0.0032682977616786957 0.9992966651916504 2.919768810272217
5.174268 0.9993282556533813 0.01640506647527218 -0.032770875841379166 -0.074956014752388 -0.01615936867892742 0.9998394250869751 0.007748306728899479 0.005687180906534195 0.032892726361751556 -0.007213544566184282 0.9994328022003174 2.963303804397583
5.277498 0.9993782639503479 0.021369434893131256 -0.02804548852145672 -0.07745788991451263 -0.021135738119482994 0.9997396469116211 0.008602915331721306 0.005965080112218857 0.02822202816605568 -0.008004803210496902 0.9995695948600769 3.006662368774414
5.381142 0.9994181394577026 0.02499319612979889 -0.023207053542137146 -0.07808639109134674 -0.02479119971394539 0.9996525645256042 0.008951522409915924 0.006216872483491898 0.023422718048095703 -0.00837098527699709 0.9996905326843262 3.048219919204712
5.484644 0.9994335770606995 0.028979403898119926 -0.017105787992477417 -0.07938719540834427 -0.02879774197936058 0.9995272159576416 0.010772562585771084 0.006767753511667252 0.017409883439540863 -0.010273854248225689 0.9997956156730652 3.0894782543182373
5.588095 0.9993635416030884 0.03396623209118843 -0.010912900790572166 -0.0799391120672226 -0.033831555396318436 0.9993519186973572 0.012297316454350948 0.006733078509569168 0.011323519982397556 -0.011920287273824215 0.9998648166656494 3.128915786743164
5.691619 0.9993071556091309 0.03700179606676102 -0.0040175034664571285 -0.07969716936349869 -0.03695245459675789 0.9992481470108032 0.011731058359146118 0.006991785019636154 0.0044485521502792835 -0.011574473232030869 0.9999231100082397 3.166924238204956
5.795223 0.9991688132286072 0.04060840979218483 0.0035568191669881344 -0.08057884126901627 -0.04064823314547539 0.9991021156311035 0.01194462925195694 0.0071693044155836105 -0.0030685733072459698 -0.012079278938472271 0.9999222755432129 3.203120708465576
5.898736 0.9989309310913086 0.04495595023036003 0.010762777179479599 -0.07999148219823837 -0.045078787952661514 0.9989177584648132 0.011456560343503952 0.007530760020017624 -0.010236089117825031 -0.011929485946893692 0.9998764395713806 3.2394659519195557
6.002373 0.9986122846603394 0.049210987985134125 0.018757425248622894 -0.08049412071704865 -0.0493767186999321 0.9987442493438721 0.008476978167891502 0.007921958342194557 -0.018316704779863358 -0.00939139537513256 0.999788224697113 3.2725377082824707
6.10587 0.9983059763908386 0.051488280296325684 0.027094200253486633 -0.08034718036651611 -0.051661550998687744 0.9986482262611389 0.005734307691454887 0.007640202529728413 -0.026762325316667557 -0.007124323397874832 0.9996164441108704 3.30420184135437
6.209506 0.998063862323761 0.05148809403181076 0.034892041236162186 -0.07901367545127869 -0.05169883742928505 0.9986493587493896 0.005164020694792271 0.008116502314805984 -0.03457902371883392 -0.0069579011760652065 0.9993777275085449 3.3344838619232178
6.313021 0.9978115558624268 0.050773344933986664 0.04235527291893959 -0.07659104466438293 -0.051102831959724426 0.9986706376075745 0.006732190493494272 0.00789562240242958 -0.041957151144742966 -0.008881933987140656 0.9990798830986023 3.362813711166382
6.416516 0.997316837310791 0.052668578922748566 0.05084308609366417 -0.07589353621006012 -0.053103212267160416 0.9985629320144653 0.007235188037157059 0.008309299126267433 -0.05038895085453987 -0.009915705770254135 0.9986804723739624 3.390768051147461
6.524037 0.9966784715652466 0.055665191262960434 0.05944235995411873 -0.07415932416915894 -0.056186702102422714 0.9983947277069092 0.0071370359510183334 0.008690476417541504 -0.058949653059244156 -0.010453199967741966 0.9982062578201294 3.416104555130005
6.623722 0.9958217144012451 0.06057002395391464 0.06833995133638382 -0.0734323263168335 -0.06118354573845863 0.9981025457382202 0.00691850995644927 0.008306901901960373 -0.06779123097658157 -0.011070885695517063 0.9976380467414856 3.437912702560425
6.727294 0.9949353933334351 0.06396452337503433 0.07753729820251465 -0.07182198762893677 -0.06466960161924362 0.9978848099708557 0.006614392623305321 0.008508019149303436 -0.07695020735263824 -0.011595199815928936 0.9969675540924072 3.459530830383301
6.830809 0.9942517280578613 0.06318754702806473 0.08643412590026855 -0.06896546483039856 -0.06405720859766006 0.9979193210601807 0.007322555407881737 0.008346457034349442 -0.08579161018133163 -0.012817192822694778 0.9962306618690491 3.479459285736084
6.934429 0.9932828545570374 0.06258322298526764 0.0973261296749115 -0.06746599078178406 -0.0634307861328125 0.9979703426361084 0.0056356629356741905 0.008195461705327034 -0.09677588194608688 -0.011771281249821186 0.9952366352081299 3.4988796710968018
7.038067 0.9921523332595825 0.06097310036420822 0.10916047543287277 -0.06460338830947876 -0.0614725686609745 0.9981080293655396 0.0012127887457609177 0.007925311103463173 -0.10888000577688217 -0.007913644425570965 0.9940234422683716 3.518073797225952
7.141701 0.9905714392662048 0.06201884150505066 0.12215512245893478 -0.06157991290092468 -0.06215831637382507 0.9980626702308655 -0.002672395668923855 0.007547635585069656 -0.12208423018455505 -0.004945757333189249 0.9925073981285095 3.5351641178131104
7.24533 0.9882797598838806 0.06401821225881577 0.13858076930046082 -0.060423076152801514 -0.06398788094520569 0.9979397058486938 -0.004678723402321339 0.007151909172534943 -0.13859480619430542 -0.004243603907525539 0.9903401136398315 3.555302381515503
7.3533 0.9858523607254028 0.06567822396755219 0.1542123407125473 -0.05586695671081543 -0.0655747652053833 0.9978309869766235 -0.0057630944065749645 0.006874933838844299 -0.15425637364387512 -0.004430877976119518 0.9880208373069763 3.573019504547119
7.452592 0.9830912947654724 0.06599082797765732 0.17081156373023987 -0.05156594514846802 -0.06565718352794647 0.9978132247924805 -0.0076079340651631355 0.007571190595626831 -0.17094013094902039 -0.003735713893547654 0.9852742552757263 3.5910298824310303
7.55658 0.9798412919044495 0.06504575908184052 0.18889141082763672 -0.04698479175567627 -0.06450103968381882 0.9978767037391663 -0.009036227129399776 0.007617391645908356 -0.18907810747623444 -0.0033296244218945503 0.9819563627243042 3.608487129211426
7.663357 0.9760087728500366 0.06401343643665314 0.2081083506345749 -0.04203516244888306 -0.06345745176076889 0.9979406595230103 -0.009353687055408955 0.007455207407474518 -0.2082785665988922 -0.004076746292412281 0.9780610799789429 3.6269397735595703
7.763356 0.9714085459709167 0.06440389156341553 0.22851145267486572 -0.03691136837005615 -0.06367635726928711 0.9979146718978882 -0.010563313961029053 0.007395397871732712 -0.22871528565883636 -0.004289482720196247 0.9734839200973511 3.645205497741699
7.866988 0.966154932975769 0.06663018465042114 0.2492089718580246 -0.032063961029052734 -0.06553126126527786 0.9977695345878601 -0.012713097967207432 0.006899166852235794 -0.24950018525123596 -0.004048157949000597 0.9683663845062256 3.659627914428711
7.970621 0.9599406123161316 0.0679164007306099 0.27184832096099854 -0.026039838790893555 -0.06632983684539795 0.9976845383644104 -0.015032060444355011 0.006767898797988892 -0.2722397446632385 -0.003601771779358387 0.962222695350647 3.677044153213501
8.07425 0.9527223706245422 0.06902673095464706 0.2958977222442627 -0.018905997276306152 -0.06728048622608185 0.9976043701171875 -0.016092566773295403 0.006247755140066147 -0.29629966616630554 -0.004576393403112888 0.9550840854644775 3.6943531036376953
8.177962 0.9441022872924805 0.07211023569107056 0.32166895270347595 -0.012521982192993164 -0.070357546210289 0.99737548828125 -0.01708674244582653 0.0059613510966300964 -0.32205694913864136 -0.006500208284705877 0.9466979503631592 3.711146831512451
8.283921 0.9343235492706299 0.07377539575099945 0.34870707988739014 -0.00466763973236084 -0.07200947403907776 0.9972407221794128 -0.018042905256152153 0.005251720547676086 -0.3490760028362274 -0.008252298459410667 0.93705815076828 3.728226661682129
8.385961 0.9231421947479248 0.07482089847326279 0.37710750102996826 0.003990530967712402 -0.0728389099240303 0.9971523284912109 -0.019535942003130913 0.004492215812206268 -0.37749531865119934 -0.009433651342988014 0.9259634017944336 3.744447708129883
8.488779 0.9103671312332153 0.07269710302352905 0.40736567974090576 0.012888908386230469 -0.06993471831083298 0.9973157644271851 -0.021689826622605324 0.004064910113811493 -0.407848984003067 -0.008743294514715672 0.9130075573921204 3.76186466217041
8.593446 0.8954939246177673 0.07016699761152267 0.43950793147087097 0.023662447929382324 -0.06609191000461578 0.9975104928016663 -0.024589762091636658 0.003551669418811798 -0.44013914465904236 -0.007027935236692429 0.8979021310806274 3.778191566467285
8.696029 0.8782668113708496 0.06899330765008926 0.4731673002243042 0.03535819053649902 -0.06296870112419128 0.997606098651886 -0.0285835862159729 0.0027467459440231323 -0.47400662302970886 -0.004690716974437237 0.8805088400840759 3.7940382957458496
8.799662 0.8588371872901917 0.07155440747737885 0.5072265863418579 0.04655146598815918 -0.06307671219110489 0.9974325299263 -0.03390609100461006 0.0022218525409698486 -0.5083503127098083 -0.002874367870390415 0.8611454963684082 3.809548854827881
8.903911 0.8371554017066956 0.07313239574432373 0.5420539379119873 0.05996870994567871 -0.06214926764369011 0.9973212480545044 -0.03857161104679108 0.0015184581279754639 -0.5434226989746094 -0.001397814485244453 0.8394580483436584 3.825770378112793
9.008027 0.8125848770141602 0.07606851309537888 0.5778575539588928 0.07437419891357422 -0.06324277073144913 0.9971002340316772 -0.04232499748468399 0.0009326189756393433 -0.5794015526771545 -0.0021526527125388384 0.8150393962860107 3.8425259590148926
9.11058 0.7851654291152954 0.08047082275152206 0.6140356063842773 0.08892428874969482 -0.06672942638397217 0.996742308139801 -0.045298732817173004 -4.64022159576416e-05 -0.6156803369522095 -0.005407233722507954 0.787977397441864 3.8589119911193848
9.214197 0.755064070224762 0.08454723656177521 0.6501770615577698 0.10467410087585449 -0.06994964182376862 0.9963789582252502 -0.04833243787288666 -0.0008391588926315308 -0.6519089937210083 -0.00898556225001812 0.758243978023529 3.8754801750183105
9.317832 0.7224603295326233 0.08583245426416397 0.6860640048980713 0.12467193603515625 -0.06970158219337463 0.9962510466575623 -0.051240190863609314 -0.001890033483505249 -0.6878899335861206 -0.010800731368362904 0.7257345914840698 3.8922085762023926
9.421456 0.6857861876487732 0.08316434174776077 0.7230358123779297 0.14406991004943848 -0.0658654123544693 0.9964652061462402 -0.05214233323931694 -0.003399759531021118 -0.7248164415359497 -0.011864573694765568 0.6888397336006165 3.908690929412842
9.525112 0.6466376781463623 0.08173911273479462 0.7584051489830017 0.1664522886276245 -0.06315246224403381 0.9965656399726868 -0.053561896085739136 -0.005213335156440735 -0.7601786255836487 -0.013260017149150372 0.6495788097381592 3.9247686862945557
9.630085 0.6045246124267578 0.08122041821479797 0.7924349308013916 0.19197869300842285 -0.06104845181107521 0.9965865015983582 -0.05557286739349365 -0.006718561053276062 -0.794243574142456 -0.014781761914491653 0.6074196100234985 3.9416866302490234
9.732384 0.5584861636161804 0.08129588514566422 0.8255205750465393 0.21743619441986084 -0.057598941028118134 0.9965845346450806 -0.059174805879592896 -0.007736772298812866 -0.8275116682052612 -0.014500804245471954 0.5612612366676331 3.9560317993164062
9.836009 0.5100647211074829 0.08028585463762283 0.8563808798789978 0.24571800231933594 -0.054340433329343796 0.996653139591217 -0.06107097864151001 -0.009286314249038696 -0.8584177494049072 -0.015385947190225124 0.5127204656600952 3.971240997314453
9.939685 0.46109163761138916 0.07860604673624039 0.8838639855384827 0.27449214458465576 -0.053047049790620804 0.9967290759086609 -0.060970209538936615 -0.011272221803665161 -0.8857654929161072 -0.018773522228002548 0.4637533128261566 3.9841372966766357
10.0439 0.41226813197135925 0.07618305832147598 0.9078717231750488 0.30771851539611816 -0.052109263837337494 0.9968381524085999 -0.059985555708408356 -0.012996301054954529 -0.90957111120224 -0.022578386589884758 0.41493451595306396 3.996415615081787
10.14677 0.3621671199798584 0.07607560604810715 0.9290034770965576 0.34099698066711426 -0.054609715938568115 0.996683657169342 -0.06032859906554222 -0.014046795666217804 -0.9305121302604675 -0.02888358384370804 0.3651205003261566 4.007632732391357
10.25036 0.3127383291721344 0.07615465670824051 0.9467814564704895 0.3759673833847046 -0.05260896682739258 0.9966393709182739 -0.06278732419013977 -0.016316920518875122 -0.9483813047409058 -0.03017318993806839 0.315693736076355 4.0179266929626465
10.35367 0.2660204768180847 0.07306065410375595 0.9611946940422058 0.4101438522338867 -0.04173516482114792 0.9970616102218628 -0.06423627585172653 -0.018500566482543945 -0.9630635976791382 -0.023027453571558 0.2682879865169525 4.0237579345703125
10.45717 0.22205662727355957 0.06753243505954742 0.9726922512054443 0.4486085772514343 -0.02904552035033703 0.9976139068603516 -0.06263188272714615 -0.020702041685581207 -0.9746010899543762 -0.014344525523483753 0.22348833084106445 4.02953577041626
10.56299 0.18003900349140167 0.06624084711074829 0.9814265966415405 0.48596346378326416 -0.01939636655151844 0.9977750778198242 -0.0637860894203186 -0.022924751043319702 -0.983468234539032 -0.007552129216492176 0.18092326819896698 4.033468723297119
10.66453 0.14174063503742218 0.06804612278938293 0.987562358379364 0.5271421670913696 -0.016270188614726067 0.9976599216461182 -0.06640669703483582 -0.02467738464474678 -0.9897701144218445 -0.00665529677644372 0.1425161063671112 4.037990570068359
10.76705 0.10911383479833603 0.06864789873361588 0.9916560053825378 0.5653370022773743 -0.007218299433588982 0.9976409077644348 -0.06826796382665634 -0.027078155428171158 -0.9940029978752136 0.0002909091708716005 0.10935194045305252 4.0398736000061035
10.87022 0.0798855796456337 0.06755339354276657 0.9945123791694641 0.6073206067085266 0.00025246874429285526 0.9976996183395386 -0.06779015809297562 -0.029335204511880875 -0.9968039989471436 0.00566653860732913 0.07968475669622421 4.042046070098877
10.97342 0.05523009970784187 0.06536727398633957 0.9963315725326538 0.6500489711761475 0.007158289663493633 0.9978031516075134 -0.06586062163114548 -0.032340265810489655 -0.9984479546546936 0.01076952088624239 0.05464084818959236 4.042431831359863
11.0772 0.03557530790567398 0.0642799511551857 0.9972975254058838 0.693726658821106 0.011709434911608696 0.9978339672088623 -0.06473220884799957 -0.034764304757118225 -0.9992983341217041 0.013980661518871784 0.03474556654691696 4.042889595031738
11.18019 0.01953728497028351 0.06624170392751694 0.9976122975349426 0.7389330267906189 0.014278087764978409 0.9976824522018433 -0.06652598083019257 -0.03691359981894493 -0.9997072815895081 0.015543732792139053 0.018546201288700104 4.042963027954102
11.28415 0.006050415337085724 0.06596680730581284 0.9978035092353821 0.7836866974830627 0.015109218657016754 0.9977018237113953 -0.06605171412229538 -0.039671868085861206 -0.9998674988746643 0.01547567080706358 0.005039804615080357 4.043122291564941
11.3859 -0.005617873277515173 0.06671265512704849 0.9977563619613647 0.8304824829101562 0.015731805935502052 0.9976544976234436 -0.06661726534366608 -0.04242141917347908 -0.9998604655265808 0.015322262421250343 -0.00665420712903142 4.04193639755249
11.48898 -0.014748085290193558 0.06984739750623703 0.9974486231803894 0.8772203922271729 0.02068653702735901 0.9973649978637695 -0.06953566521406174 -0.044913556426763535 -0.9996772408485413 0.01960824243724346 -0.016154125332832336 4.041049957275391
11.59255 -0.02100902609527111 0.07170496135950089 0.997204601764679 0.9266492128372192 0.025228114798665047 0.9971451759338379 -0.0711691826581955 -0.04761890321969986 -0.9994609355926514 0.023662395775318146 -0.022758033126592636 4.038835525512695
11.69527 -0.02576787956058979 0.07113466411828995 0.9971338510513306 0.9746434092521667 0.025410030037164688 0.9971893429756165 -0.07048197835683823 -0.05049325153231621 -0.9993448853492737 0.023521030321717262 -0.027502987533807755 4.037754535675049
11.79949 -0.028901884332299232 0.0684947744011879 0.9972327351570129 1.0274080038070679 0.02324562333524227 0.9974257349967957 -0.06783432513475418 -0.05314072221517563 -0.9993119239807129 0.021220756694674492 -0.030419684946537018 4.035836219787598
11.90171 -0.031407538801431656 0.06160501018166542 0.9976062774658203 1.0780805349349976 0.02135118842124939 0.9979122281074524 -0.06095171347260475 -0.055977266281843185 -0.9992785453796387 0.01938573643565178 -0.03265731409192085 4.034786224365234
12.00482 -0.03277360647916794 0.05566725134849548 0.9979113340377808 1.131751298904419 0.02281852811574936 0.9982292652130127 -0.05493557080626488 -0.0592256523668766 -0.999202311038971 0.020970430225133896 -0.033985815942287445 4.0326151847839355
12.108 -0.03281603381037712 0.05284855514764786 0.9980632066726685 1.1838265657424927 0.025179773569107056 0.9983278512954712 -0.052034664899110794 -0.06224662810564041 -0.9991441965103149 0.023423435166478157 -0.03409188613295555 4.030468940734863
12.21119 -0.03309546411037445 0.0554630383849144 0.9979121088981628 1.2392213344573975 0.02831817977130413 0.9981102347373962 -0.054534878581762314 -0.06474365293979645 -0.9990509152412415 0.026454197242856026 -0.03460352495312691 4.028607368469238
12.3145 -0.03213684260845184 0.06301403790712357 0.9974951148033142 1.29228675365448 0.029547033831477165 0.9976341724395752 -0.06207089498639107 -0.06708741933107376 -0.9990466237068176 0.027478257194161415 -0.03392268717288971 4.026928424835205
12.41765 -0.02985730767250061 0.07122640311717987 0.9970132112503052 1.348149299621582 0.030009258538484573 0.9970722794532776 -0.07033194601535797 -0.0695764347910881 -0.9991036057472229 0.02781970426440239 -0.0319073423743248 4.025062084197998
12.52105 -0.027544133365154266 0.07190454751253128 0.9970310926437378 1.4037410020828247 0.030842198058962822 0.9969958662986755 -0.07104995101690292 -0.07253220677375793 -0.9991446733474731 0.028793618083000183 -0.029679084196686745 4.023910999298096
12.62455 -0.026095490902662277 0.06731440126895905 0.9973905086517334 1.4606913328170776 0.030103178694844246 0.9973307251930237 -0.0665227547287941 -0.07606269419193268 -0.9992060661315918 0.02828867919743061 -0.028052212670445442 4.023168087005615
12.72743 -0.022817334160208702 0.060799289494752884 0.9978892803192139 1.518845796585083 0.02999858185648918 0.9977412223815918 -0.060104355216026306 -0.0797492042183876 -0.9992895126342773 0.028563838452100754 -0.024589689448475838 4.021368026733398
12.83073 -0.02046852558851242 0.059292420744895935 0.9980307817459106 1.5755565166473389 0.027717849239706993 0.9978898763656616 -0.0587155781686306 -0.08308824896812439 -0.9994061589241028 0.026461444795131683 -0.022068791091442108 4.020814895629883
12.93413 -0.016895510256290436 0.06437637656927109 0.9977826476097107 1.6323503255844116 0.03532091900706291 0.9973406195640564 -0.0637497678399086 -0.08681639283895493 -0.9992331862449646 0.03416551649570465 -0.019124411046504974 4.0189056396484375
13.03771 -0.013659115880727768 0.07013151049613953 0.9974441528320312 1.6889879703521729 0.037039779126644135 0.9968881011009216 -0.06958518922328949 -0.08985729515552521 -0.9992205500602722 0.03599464148283005 -0.016214262694120407 4.018032550811768
13.14165 -0.01150001585483551 0.07063309848308563 0.9974360466003418 1.745663046836853 0.0310883279889822 0.99704509973526 -0.07024697959423065 -0.0931440070271492 -0.9994505047798157 0.0302007794380188 -0.013661899603903294 4.018861770629883
13.24421 -0.00819123163819313 0.06726652383804321 0.9977014064788818 1.803896427154541 0.026575842872262 0.9973971247673035 -0.06702782213687897 -0.09651310741901398 -0.9996131658554077 0.025965716689825058 -0.009957578033208847 4.018985271453857
13.34803 -0.003438726533204317 0.06361258774995804 0.9979687929153442 1.8619719743728638 0.03061683103442192 0.9975135326385498 -0.06347806751728058 -0.10053214430809021 -0.9995253086090088 0.030336353927850723 -0.005377792287617922 4.018619537353516
13.45277 0.00015635276213288307 0.06499747186899185 0.9978853464126587 1.9181249141693115 0.03509574383497238 0.997270405292511 -0.06496292352676392 -0.10375554114580154 -0.9993839263916016 0.03503168746829033 -0.002125210128724575 4.018289566040039
13.55488 0.00309065287001431 0.0692824274301529 0.9975922107696533 1.9758812189102173 0.03480391204357147 0.9969851970672607 -0.06934808194637299 -0.10760834813117981 -0.9993893504142761 0.03493443876504898 0.0006700364174321294 4.017856121063232
13.65796 0.006548168137669563 0.07006816565990448 0.9975206255912781 2.033338785171509 0.03110811486840248 0.9970449805259705 -0.07023896276950836 -0.11117349565029144 -0.9994944930076599 0.03149092197418213 0.00434913020581007 4.019644737243652
13.76127 0.010252386331558228 0.0692448541522026 0.9975469708442688 2.090635061264038 0.030484024435281754 0.9971140623092651 -0.06952810287475586 -0.11508718132972717 -0.9994825720787048 0.03112206980586052 0.008111937902867794 4.0199785232543945
13.86467 0.014196837320923805 0.0664762631058693 0.9976869225502014 2.1479785442352295 0.03497062250971794 0.9971441030502319 -0.06693770736455917 -0.11847177147865295 -0.999287486076355 0.03584003821015358 0.011831576935946941 4.020318984985352
13.96817 0.017461976036429405 0.06715959310531616 0.9975894093513489 2.2060582637786865 0.03897025063633919 0.9969376921653748 -0.06779785454273224 -0.12217268347740173 -0.9990877509117126 0.040060192346572876 0.014791276305913925 4.021246433258057
14.07164 0.02083195000886917 0.06795312464237213 0.997471034526825 2.2627112865448 0.04239951819181442 0.996729850769043 -0.06878813356161118 -0.12607474625110626 -0.9988836050033569 0.04372527822852135 0.01788264885544777 4.023053169250488
14.17505 0.02374073676764965 0.06753131002187729 0.9974346160888672 2.3206779956817627 0.042700860649347305 0.9967368245124817 -0.06850041449069977 -0.1298970878124237 -0.9988059401512146 0.04421756789088249 0.020779617130756378 4.023496627807617
14.2786 0.027253543958067894 0.0663246363401413 0.9974258542060852 2.377683639526367 0.04409579560160637 0.9967454075813293 -0.06748425960540771 -0.13339154422283173 -0.9986556172370911 0.04582146927714348 0.02424020692706108 4.025112152099609
14.38212 0.03141125291585922 0.06509236246347427 0.9973847270011902 2.4366774559020996 0.04586581885814667 0.9967320561408997 -0.06649424135684967 -0.1373903751373291 -0.9984537363052368 0.04783453419804573 0.028323084115982056 4.0261335372924805
14.4855 0.03391674906015396 0.06522136926651001 0.9972942471504211 2.495051383972168 0.044553253799676895 0.9967776536941528 -0.06670280545949936 -0.14122411608695984 -0.9984310269355774 0.0466950498521328 0.03090164065361023 4.028942584991455
14.58897 0.03682906925678253 0.06723455339670181 0.9970572590827942 2.552812337875366 0.041304584592580795 0.9967790246009827 -0.06874149292707443 -0.14457938075065613 -0.9984675049781799 0.043714724481105804 0.033933356404304504 4.031863212585449
14.69245 0.039827633649110794 0.06752212345600128 0.9969225525856018 2.6121273040771484 0.04316021874547005 0.996666669845581 -0.06922907382249832 -0.14792214334011078 -0.9982738494873047 0.04578463360667229 0.03678061440587044 4.034059524536133
14.79597 0.04246165230870247 0.06672301143407822 0.9968675971031189 2.6699869632720947 0.04121435061097145 0.9968013167381287 -0.06847408413887024 -0.15216292440891266 -0.9982476830482483 0.043992780148983 0.039575882256031036 4.036675930023193
14.89949 0.04425116628408432 0.06744755804538727 0.9967409372329712 2.728879451751709 0.03948244825005531 0.9968208074569702 -0.06920581310987473 -0.15554049611091614 -0.9982399940490723 0.04241620749235153 0.041447483003139496 4.0405755043029785
15.00287 0.04739309102296829 0.06751728802919388 0.9965918064117432 2.787503719329834 0.03647850453853607 0.9969304203987122 -0.06927496194839478 -0.15918093919754028 -0.998210072517395 0.039637330919504166 0.04478468373417854 4.043015480041504
15.1064 0.05054193362593651 0.06938061118125916 0.9963090419769287 2.8472745418548584 0.034997813403606415 0.9968483448028564 -0.07119358330965042 -0.16329547762870789 -0.9981085658073425 0.03846689686179161 0.04795447736978531 4.0469794273376465
15.20987 0.05369658023118973 0.0731329619884491 0.9958755970001221 2.906036853790283 0.03381766006350517 0.9966091513633728 -0.07501024007797241 -0.1668298989534378 -0.9979845285415649 0.037705980241298676 0.051041312515735626 4.050673961639404
15.31336 0.057124100625514984 0.0754036232829094 0.9955154657363892 2.9662928581237793 0.0337492935359478 0.9964279532432556 -0.07740933448076248 -0.17117197811603546 -0.9977965354919434 0.03801988437771797 0.05437523499131203 4.054494380950928
15.41675 0.059981536120176315 0.07707417756319046 0.9952194094657898 3.026156425476074 0.027565225958824158 0.9965064525604248 -0.07883518189191818 -0.17568036913871765 -0.9978187680244446 0.032162103801965714 0.05764742195606232 4.058691024780273
15.52022 0.06293696910142899 0.07609406858682632 0.9951123595237732 3.0863287448883057 0.02378135733306408 0.9966916441917419 -0.07771889865398407 -0.17980113625526428 -0.9977340698242188 0.028556518256664276 0.0609191358089447 4.0627760887146
15.62392 0.06588202714920044 0.07693374156951904 0.994857132434845 3.1476247310638428 0.026120899245142937 0.9965486526489258 -0.07879434525966644 -0.18427397310733795 -0.9974855184555054 0.031177693977952003 0.06364507228136063 4.068236827850342
15.7272 0.07023490965366364 0.07805848121643066 0.9944716691970825 3.207866907119751 0.025377456098794937 0.9964711666107178 -0.08000771701335907 -0.18873794376850128 -0.9972075819969177 0.030856499448418617 0.06800614297389984 4.07174825668335
15.83062 0.07362820208072662 0.07907488197088242 0.9941458702087402 3.2688870429992676 0.02147972770035267 0.9964945912361145 -0.08085253089666367 -0.19291068613529205 -0.9970544576644897 0.02730701118707657 0.07167159765958786 4.077342987060547
15.93425 0.0778748020529747 0.07714268565177917 0.9939740300178528 3.3304836750030518 0.0205713901668787 0.9966652393341064 -0.0789632573723793 -0.19714421033859253 -0.9967508912086487 0.026596674695611 0.07602817565202713 4.082174777984619
16.03941 0.08266895264387131 0.07670078426599503 0.9936209917068481 3.3920998573303223 0.020805129781365395 0.9966837167739868 -0.07866816222667694 -0.2025359719991684 -0.9963600039482117 0.02717583253979683 0.08079904317855835 4.087970733642578
16.14091 0.08764629811048508 0.0803806260228157 0.9929032921791077 3.4538183212280273 0.016979051753878593 0.9964737892150879 -0.08216844499111176 -0.20685672760009766 -0.996006965637207 0.024060314521193504 0.08597245067358017 4.094411373138428
16.2443 0.09381341934204102 0.08898543566465378 0.9916050434112549 3.515981674194336 0.015641886740922928 0.995742917060852 -0.09083660691976547 -0.21201810240745544 -0.9954670667648315 0.024032270535826683 0.09202215075492859 4.100533485412598
16.34828 0.10107588022947311 0.09374865889549255 0.9904518127441406 3.578155279159546 0.013283939100801945 0.9953343868255615 -0.09556645154953003 -0.21745145320892334 -0.9947900176048279 0.02281656302511692 0.09935897588729858 4.107242107391357
