1305031453.359684 1.0 0.0 0.0 0.0 0.0 1.0 0.0 0.0 0.0 0.0 1.0 0.0
1305031453.39169 0.9996324181556702 -0.024106841534376144 0.012403001077473164 0.002093610120937228 0.024093225598335266 0.9997089505195618 0.001246000756509602 0.0045250579714775085 -0.012429428286850452 -0.0009467144845984876 0.9999222755432129 -0.00947490707039833
1305031453.423683 0.9989038109779358 -0.042653150856494904 0.0192856565117836 0.007717191241681576 0.04266735911369324 0.9990893006324768 -0.000325687084114179 0.006493900902569294 -0.019254202023148537 0.0011481981491670012 0.999813973903656 -0.017884939908981323
1305031453.459685 0.9977474212646484 -0.058732569217681885 0.0324116013944149 0.011905482038855553 0.05894055217504501 0.9982463717460632 -0.005498422309756279 0.00858678575605154 -0.032031819224357605 0.00739639438688755 0.9994595050811768 -0.02816697768867016
1305031453.491698 0.9958472847938538 -0.07938463985919952 0.04456748813390732 0.0162667203694582 0.08006548881530762 0.9966953992843628 -0.013702429831027985 0.014073318801820278 -0.04333245009183884 0.01721384935081005 0.9989123940467834 -0.03933339938521385
1305031453.523684 0.993728518486023 -0.09711208194494247 0.0554347038269043 0.016549542546272278 0.09871560335159302 0.9947505593299866 -0.02695470117032528 0.020019112154841423 -0.0525260753929615 0.03225792571902275 0.9980984330177307 -0.05223621428012848
1305031453.559753 0.9919500350952148 -0.10985489189624786 0.06298436224460602 0.01600196398794651 0.11252160370349884 0.9928246140480042 -0.04047301411628723 0.025664344429969788 -0.05808627977967262 0.04723430424928665 0.9971935749053955 -0.06698799878358841
1305031453.59164 0.9905465841293335 -0.11707980930805206 0.07148348540067673 0.013496192172169685 0.1211220771074295 0.9911074638366699 -0.05509494990110397 0.0326748825609684 -0.06439732015132904 0.06323234736919403 0.9959189891815186 -0.08180233836174011
1305031453.627706 0.9893683195114136 -0.123451828956604 0.07687529921531677 0.006766451057046652 0.1285720020532608 0.9895251393318176 -0.06564418226480484 0.0355648547410965 -0.06796614080667496 0.07483028620481491 0.9948773980140686 -0.10002237558364868
1305031453.6596 0.9899687170982361 -0.11924666166305542 0.07577550411224365 -0.005246964283287525 0.12536685168743134 0.988722562789917 -0.08191853016614914 0.04327889159321785 -0.06515242904424667 0.09059653431177139 0.9937541484832764 -0.11492379009723663
1305031453.691678 0.9917135834693909 -0.10859167575836182 0.06864374130964279 -0.014402150176465511 0.11496998369693756 0.9886171221733093 -0.09704761207103729 0.052869923412799835 -0.05732381343841553 0.1041354164481163 0.9929097890853882 -0.12995783984661102
1305031453.727652 0.9931905269622803 -0.10022233426570892 0.05939637869596481 -0.022506441920995712 0.10618434846401215 0.9885081648826599 -0.10759418457746506 0.062422361224889755 -0.047930456697940826 0.11316849291324615 0.9924190640449524 -0.14466387033462524
1305031453.759694 0.9950394034385681 -0.0850013867020607 0.051684994250535965 -0.0448831170797348 0.0906883254647255 0.9886174201965332 -0.12004653364419937 0.07205452024936676 -0.04089256748557091 0.1241382509469986 0.9914219379425049 -0.15325668454170227
1305031453.791716 0.9971355199813843 -0.07057163119316101 0.02721123769879341 -0.04460490122437477 0.07356704026460648 0.9884917736053467 -0.13218152523040771 0.08377240598201752 -0.01756981946527958 0.13380473852157593 0.990851879119873 -0.16772304475307465
1305031453.827773 0.9981953501701355 -0.05856073647737503 0.013295784592628479 -0.055197540670633316 0.05982911214232445 0.9888437390327454 -0.13641297817230225 0.08904504776000977 -0.005159016698598862 0.13696226477622986 0.9905627965927124 -0.1811227649450302
1305031453.859705 0.9991069436073303 -0.04225224256515503 -7.550516602350399e-05 -0.08509841561317444 0.04181203991174698 0.9889518618583679 -0.1422177255153656 0.09923070669174194 0.006083689630031586 0.14208759367465973 0.9898353219032288 -0.19148220121860504
1305031453.89171 0.9991832375526428 -0.02928955852985382 -0.027839742600917816 -0.10260437428951263 0.02497699484229088 0.9892191886901855 -0.14429722726345062 0.10958416014909744 0.031766004860401154 0.14348405599594116 0.9891425967216492 -0.19971886277198792
1305031453.927723 0.9972158670425415 -0.0219284538179636 -0.07127108424901962 -0.10649870336055756 0.011985157616436481 0.9904908537864685 -0.13705606758594513 0.1117563545703888 0.07359877973794937 0.13582031428813934 0.9879959225654602 -0.20504455268383026
1305031453.959641 0.994004487991333 -0.010012525133788586 -0.10887982696294785 -0.10963346809148788 -0.004382679238915443 0.991349458694458 -0.13117501139640808 0.11542581766843796 0.10925135016441345 0.13086573779582977 0.9853619337081909 -0.21503624320030212
1305031453.991624 0.9910323619842529 0.013162828050553799 -0.13297240436077118 -0.11976218223571777 -0.029933497309684753 0.9917148351669312 -0.12492284923791885 0.11648906767368317 0.13022635877132416 0.1277829110622406 0.9832153916358948 -0.22201570868492126
1305031454.027662 0.9867160320281982 0.029902631416916847 -0.1596793532371521 -0.12969732284545898 -0.05017027631402016 0.9909570217132568 -0.1244468241930008 0.11396334320306778 0.1545141041278839 0.13080482184886932 0.9792932868003845 -0.22629496455192566
1305031454.059654 0.9821500778198242 0.053471870720386505 -0.18033863604068756 -0.14586545526981354 -0.07699207216501236 0.9890311360359192 -0.126054048538208 0.12294511497020721 0.171620175242424 0.13768866658210754 0.9754939079284668 -0.23136372864246368
1305031454.091651 0.9753397107124329 0.08002206683158875 -0.2056916058063507 -0.15550845861434937 -0.10619377344846725 0.9871373176574707 -0.11951009184122086 0.12024185806512833 0.1934824287891388 0.13840609788894653 0.9712921380996704 -0.23536980152130127
1305031454.127701 0.9670713543891907 0.106003537774086 -0.2313787043094635 -0.17314806580543518 -0.13698741793632507 0.9830064177513123 -0.1221998855471611 0.12337658554315567 0.21449315547943115 0.14987199008464813 0.9651585817337036 -0.23730768263339996
1305031454.159672 0.9578498005867004 0.12637163698673248 -0.25798049569129944 -0.19110101461410522 -0.1617521047592163 0.9794095158576965 -0.12080228328704834 0.13192854821681976 0.23740254342556 0.15743935108184814 0.9585681557655334 -0.23861947655677795
1305031454.191658 0.9463469982147217 0.1555456966161728 -0.28325405716896057 -0.21053630113601685 -0.19315287470817566 0.974992573261261 -0.10991450399160385 0.1366230696439743 0.259073942899704 0.15872859954833984 0.9527254700660706 -0.24905650317668915
1305031454.227671 0.9299926161766052 0.18640826642513275 -0.3168056905269623 -0.22453360259532928 -0.22825956344604492 0.9684261679649353 -0.10024140775203705 0.13025251030921936 0.2881171405315399 0.16553768515586853 0.9431785941123962 -0.24534395337104797
1305031454.259627 0.9113436341285706 0.21155202388763428 -0.3531269431114197 -0.22052603960037231 -0.26250433921813965 0.9594525098800659 -0.10267554968595505 0.13456843793392181 0.3170872926712036 0.18627002835273743 0.9299242496490479 -0.24310453236103058
1305031454.291639 0.8992524147033691 0.23276002705097198 -0.3703617453575134 -0.22404880821704865 -0.2856973707675934 0.9536653757095337 -0.09433718025684357 0.14054201543331146 0.33124324679374695 0.19064432382583618 0.9240848422050476 -0.2458207905292511
1305031454.327699 0.8856539130210876 0.26654937863349915 -0.38022151589393616 -0.2505425214767456 -0.3202390670776367 0.9435639381408691 -0.08446280658245087 0.13564153015613556 0.33624979853630066 0.19656655192375183 0.9210307598114014 -0.24920779466629028
1305031454.359636 0.8672652840614319 0.28602832555770874 -0.407478392124176 -0.25295451283454895 -0.3491315543651581 0.9329110383987427 -0.08822718262672424 0.14174942672252655 0.3549056649208069 0.21877995133399963 0.9089429378509521 -0.24566864967346191
1305031454.391677 0.8541174530982971 0.3040083646774292 -0.42197421193122864 -0.2596147954463959 -0.37147095799446106 0.9244651198387146 -0.08586949110031128 0.15039031207561493 0.36399543285369873 0.2300938218832016 0.9025320410728455 -0.2515401840209961
1305031454.427465 0.8340564966201782 0.3306552767753601 -0.4416070580482483 -0.2756982743740082 -0.4023098945617676 0.9122797250747681 -0.07676306366920471 0.15352153778076172 0.37748706340789795 0.2416876256465912 0.8939186334609985 -0.25434231758117676
1305031454.459913 0.8106170892715454 0.35552528500556946 -0.4652974605560303 -0.27368223667144775 -0.43351247906684875 0.8985252976417542 -0.06869621574878693 0.15623129904270172 0.3936581611633301 0.2573985755443573 0.8824847936630249 -0.25331631302833557
1305031454.491617 0.7928751707077026 0.38131436705589294 -0.4753400683403015 -0.27772387862205505 -0.4626210331916809 0.8843697905540466 -0.062224775552749634 0.16173508763313293 0.39664915204048157 0.2692388594150543 0.8775988817214966 -0.256287157535553
1305031454.5277 0.7725340723991394 0.40752753615379333 -0.4869418740272522 -0.2827194929122925 -0.49182504415512085 0.8690834641456604 -0.052934885025024414 0.17075926065444946 0.40162065625190735 0.28038421273231506 0.8718288540840149 -0.2564842402935028
1305031454.559575 0.7547815442085266 0.4292239248752594 -0.4960560202598572 -0.2874084711074829 -0.5129420757293701 0.8575616478919983 -0.0384499728679657 0.17972059547901154 0.4088950455188751 0.2834693491458893 0.867438793182373 -0.2594669461250305
1305031454.591635 0.7275943160057068 0.46062272787094116 -0.5083632469177246 -0.2975303828716278 -0.5448651909828186 0.8382782340049744 -0.020282257348299026 0.1878528743982315 0.4168074131011963 0.2917466461658478 0.8609038591384888 -0.26804035902023315
1305031454.62758 0.6985013484954834 0.4762622117996216 -0.5341068506240845 -0.29434287548065186 -0.5638105273246765 0.8259036540985107 -0.0008905528229661286 0.19291795790195465 0.440696656703949 0.3017570972442627 0.8454164862632751 -0.26401814818382263
1305031454.659528 0.6782092452049255 0.4860409200191498 -0.5511772632598877 -0.29307419061660767 -0.573066771030426 0.8193249702453613 0.017356056720018387 0.20502404868602753 0.4600290060043335 0.30409038066864014 0.8342075943946838 -0.26737529039382935
1305031454.691884 0.6527178883552551 0.4968027174472809 -0.5719672441482544 -0.2939693033695221 -0.5804726481437683 0.81309974193573 0.0438229963183403 0.2107483148574829 0.4868377447128296 0.3034072816371918 0.8191049695014954 -0.2648521661758423
1305031454.727659 0.6269532442092896 0.5027838349342346 -0.5950950384140015 -0.28650450706481934 -0.581748902797699 0.810207724571228 0.07163548469543457 0.2052295207977295 0.5181676745414734 0.30128374695777893 0.8004563450813293 -0.2572963237762451
1305031454.759732 0.6224536895751953 0.4963783025741577 -0.6051115393638611 -0.2779107689857483 -0.5712512135505676 0.8166412115097046 0.0822751373052597 0.21307805180549622 0.5349986553192139 0.2944582402706146 0.7918780446052551 -0.2545730769634247
1305031454.791641 0.6335999369621277 0.4862309396266937 -0.6017729640007019 -0.27630355954170227 -0.5554219484329224 0.8273460268974304 0.08369600027799606 0.2229619026184082 0.5385699272155762 0.2812081277370453 0.7942695617675781 -0.26321858167648315
1305031454.82757 0.6380743384361267 0.4775494337081909 -0.6039932370185852 -0.26816603541374207 -0.5417196750640869 0.83587646484375 0.0886019617319107 0.23038195073604584 0.5471754670143127 0.27066031098365784 0.79204922914505 -0.2603813707828522
1305031454.85962 0.6487997174263 0.47086817026138306 -0.5977809429168701 -0.2638530135154724 -0.5267787575721741 0.8448197841644287 0.09372139722108841 0.23596322536468506 0.5491475462913513 0.25409191846847534 0.7961620688438416 -0.2585819363594055
1305031454.891764 0.663063108921051 0.4631015956401825 -0.5881191492080688 -0.2605334520339966 -0.5136470198631287 0.8529931902885437 0.0925699844956398 0.24344173073768616 0.5445309281349182 0.24070590734481812 0.8034591674804688 -0.2601320743560791
1305031454.927567 0.6774064898490906 0.4567701518535614 -0.5766120553016663 -0.25942906737327576 -0.5007451772689819 0.8605399131774902 0.09340936690568924 0.2509019374847412 0.5388644337654114 0.22545957565307617 0.8116607666015625 -0.2620149254798889
1305031454.959648 0.692070722579956 0.4500280022621155 -0.5643694400787354 -0.26037079095840454 -0.4894753098487854 0.867224931716919 0.09129481017589569 0.2608749270439148 0.5305203795433044 0.21306242048740387 0.8204586505889893 -0.26822781562805176
1305031454.991937 0.7028897404670715 0.44308432936668396 -0.556437075138092 -0.2641431391239166 -0.478598415851593 0.8733210563659668 0.09085115045309067 0.269288569688797 0.5262029767036438 0.20245152711868286 0.8259078860282898 -0.2743791937828064
1305031455.027799 0.7079392075538635 0.43589404225349426 -0.5557142496109009 -0.26399585604667664 -0.4734499156475067 0.8767513632774353 0.08457035571336746 0.2850603759288788 0.5240870118141174 0.20323218405246735 0.8270607590675354 -0.27891412377357483
1305031455.059636 0.7134812474250793 0.4360281229019165 -0.5484742522239685 -0.2693343758583069 -0.4708523452281952 0.8780558109283447 0.08553319424390793 0.2909527122974396 0.5188857913017273 0.1972239762544632 0.8317813277244568 -0.282626211643219
1305031455.0917 0.7197853326797485 0.433535099029541 -0.5421774983406067 -0.2749803960323334 -0.4713483154773712 0.8785978555679321 0.07678928226232529 0.30192750692367554 0.5096468329429626 0.20028264820575714 0.836747944355011 -0.2889636754989624
1305031455.127695 0.7268580198287964 0.4307161867618561 -0.5349401235580444 -0.27984297275543213 -0.4697912931442261 0.8799821734428406 0.07019652426242828 0.3133407235145569 0.5009725093841553 0.20028726756572723 0.841968834400177 -0.293274462223053
1305031455.15972 0.7362672686576843 0.42709529399871826 -0.5248810052871704 -0.2890004515647888 -0.4631596505641937 0.8835640549659729 0.069266676902771 0.3208469748497009 0.49334946274757385 0.19210490584373474 0.8483524918556213 -0.3006790578365326
1305031455.191655 0.7468345165252686 0.4191938042640686 -0.5162506103515625 -0.29897257685661316 -0.45137453079223633 0.889631986618042 0.06939680129289627 0.3312235176563263 0.4883638024330139 0.18119439482688904 0.8536213636398315 -0.3051077127456665
1305031455.227581 0.7555170655250549 0.40955933928489685 -0.5113268494606018 -0.3083990812301636 -0.4418467879295349 0.894814133644104 0.06386662274599075 0.3403880000114441 0.48369961977005005 0.1776757538318634 0.8570098876953125 -0.3074275851249695
1305031455.259631 0.7657561302185059 0.398455411195755 -0.5048273801803589 -0.31528931856155396 -0.42991572618484497 0.9009406566619873 0.05897863954305649 0.35620665550231934 0.4783199429512024 0.17186997830867767 0.8612030744552612 -0.30820754170417786
1305031455.291831 0.7835361361503601 0.3844858407974243 -0.4881000816822052 -0.32962191104888916 -0.4085712432861328 0.9106541275978088 0.06146961823105812 0.36866289377212524 0.4681245684623718 0.15125997364521027 0.8706203699111938 -0.31479641795158386
1305031455.327766 0.7967140078544617 0.3673897087574005 -0.479866087436676 -0.3421301543712616 -0.3863520920276642 0.920193612575531 0.06305409222841263 0.38016805052757263 0.46473515033721924 0.13516119122505188 0.8750730156898499 -0.32209348678588867
1305031455.35963 0.8020498156547546 0.35923850536346436 -0.4771411418914795 -0.34691041707992554 -0.3710433840751648 0.9257205128669739 0.07326802611351013 0.3904256224632263 0.46802011132240295 0.1182754635810852 0.8757671117782593 -0.321969211101532
1305031455.391665 0.81534343957901 0.3530918061733246 -0.45884764194488525 -0.35911089181900024 -0.3526726961135864 0.9314031600952148 0.0900549665093422 0.38968977332115173 0.4591699242591858 0.0883973091840744 0.8839394450187683 -0.32660454511642456
1305031455.427642 0.8313565850257874 0.33923882246017456 -0.4401853084564209 -0.37550750374794006 -0.33185073733329773 0.938389241695404 0.0964406281709671 0.39393681287765503 0.44578152894973755 0.06589926779270172 0.8927128314971924 -0.3355484902858734
1305031455.459589 0.8418912887573242 0.32648158073425293 -0.42968469858169556 -0.39063286781311035 -0.31397783756256104 0.9439319968223572 0.10203108191490173 0.3943171799182892 0.43890440464019775 0.04901239648461342 0.8971960544586182 -0.3442701995372772
1305031455.491637 0.8533926010131836 0.308577299118042 -0.4201204776763916 -0.4048178791999817 -0.29194730520248413 0.9506311416625977 0.10520200431346893 0.3982926309108734 0.4318424165248871 0.032874442636966705 0.9013497829437256 -0.35319769382476807
1305031455.52761 0.8659799695014954 0.28791093826293945 -0.4088837802410126 -0.42276710271835327 -0.2677275836467743 0.9575126767158508 0.10719835758209229 0.3988739550113678 0.422374963760376 0.01663781702518463 0.9062684774398804 -0.365652859210968
1305031455.559669 0.8746485710144043 0.26313546299934387 -0.4071235656738281 -0.4416113793849945 -0.24016813933849335 0.9647518992424011 0.10757842659950256 0.39914947748184204 0.42108091711997986 0.00368480384349823 0.9070156216621399 -0.37633204460144043
1305031455.591645 0.8817526698112488 0.23599617183208466 -0.40843361616134644 -0.4569300413131714 -0.21059802174568176 0.9717196822166443 0.10681469738483429 0.4036521315574646 0.4220907688140869 -0.008168820291757584 0.9065167307853699 -0.3869236707687378
1305031455.627617 0.8901305198669434 0.21644525229930878 -0.4010224938392639 -0.47638022899627686 -0.18655510246753693 0.975962221622467 0.11267199367284775 0.3995456099510193 0.41577011346817017 -0.025479987263679504 0.9091127514839172 -0.39672309160232544
1305031455.659615 0.8944268226623535 0.2056989222764969 -0.39710015058517456 -0.49304869771003723 -0.17760096490383148 0.9782975316047668 0.10673286020755768 0.3952323794364929 0.4104369580745697 -0.024939358234405518 0.9115478992462158 -0.4075864553451538
1305031455.691605 0.8971889019012451 0.20577897131443024 -0.3907776474952698 -0.5123661756515503 -0.1823214888572693 0.9784761667251587 0.09666121006011963 0.3988002836704254 0.4022574722766876 -0.01547618955373764 0.9153957962989807 -0.4186006188392639
1305031455.727628 0.8996938467025757 0.21470005810260773 -0.3800722360610962 -0.5309923887252808 -0.19501200318336487 0.9766554832458496 0.09008002281188965 0.4009217917919159 0.39053982496261597 -0.006925801746547222 0.9205600023269653 -0.429416298866272
1305031455.759683 0.9034960269927979 0.21963705122470856 -0.3680414855480194 -0.5462753772735596 -0.20224788784980774 0.9755771160125732 0.0857042744755745 0.40111368894577026 0.3778766393661499 -0.002997863106429577 0.9258511066436768 -0.4419824182987213
1305031455.791666 0.9085356593132019 0.21776442229747772 -0.35656923055648804 -0.5631765127182007 -0.2007635533809662 0.9759875535964966 0.08451233059167862 0.391299307346344 0.36641091108322144 -0.005196349695324898 0.9304386973381042 -0.4541069567203522
1305031455.82759 0.9119775295257568 0.21664874255657196 -0.34836798906326294 -0.5798593759536743 -0.202218696475029 0.9762495160102844 0.07774615287780762 0.3899235129356384 0.3569376468658447 -0.00045620696619153023 0.9341281056404114 -0.4693443179130554
1305031455.859526 0.9137977957725525 0.2190786749124527 -0.34202051162719727 -0.594588577747345 -0.20391306281089783 0.975700855255127 0.08017033338546753 0.38279980421066284 0.3512732684612274 -0.003517022356390953 0.9362664222717285 -0.4828634262084961
1305031455.891657 0.9158760905265808 0.21967661380767822 -0.3360254764556885 -0.6065717935562134 -0.2049362063407898 0.9755657911300659 0.07919883728027344 0.3794994056224823 0.3452131152153015 -0.003672515507787466 0.9385172128677368 -0.4939764738082886
1305031455.927955 0.9183802008628845 0.22190727293491364 -0.32762008905410767 -0.6189268231391907 -0.20662690699100494 0.9750434756278992 0.08121338486671448 0.3738804757595062 0.33746570348739624 -0.006889631971716881 0.9413126707077026 -0.5044934153556824
1305031455.959716 0.9203702807426453 0.22645239531993866 -0.31880712509155273 -0.6311212778091431 -0.2129715383052826 0.9740175604820251 0.0770244300365448 0.3754059672355652 0.3279661536216736 -0.0029941359534859657 0.9446848630905151 -0.5168072581291199
1305031455.991694 0.9224732518196106 0.23115763068199158 -0.3092074990272522 -0.6403617262840271 -0.21689030528068542 0.9728912711143494 0.08025594055652618 0.37319108843803406 0.319377064704895 -0.006969838868826628 0.9476021528244019 -0.5251388549804688
1305031456.02777 0.9248394966125488 0.23964270949363708 -0.2953697443008423 -0.6495221257209778 -0.22373947501182556 0.9707541465759277 0.08704682439565659 0.37638598680496216 0.3075915575027466 -0.014418461360037327 0.9514092206954956 -0.5362785458564758
1305031456.059713 0.9253503084182739 0.2580726742744446 -0.27771446108818054 -0.6660494804382324 -0.23795387148857117 0.9656409621238708 0.104477159678936 0.37213054299354553 0.2951352000236511 -0.030594732612371445 0.9549655914306641 -0.542052149772644
1305031456.091707 0.9257366061210632 0.27166852355003357 -0.26307398080825806 -0.682686448097229 -0.24792009592056274 0.9612849950790405 0.12027844041585922 0.35961830615997314 0.2855648994445801 -0.04612481966614723 0.9572488069534302 -0.5468353033065796
1305031456.127645 0.9279797077178955 0.2745116949081421 -0.25198614597320557 -0.6954826712608337 -0.2510870099067688 0.9603105783462524 0.12148620188236237 0.354728639125824 0.27533435821533203 -0.049466270953416824 0.9600750207901001 -0.5524351596832275
1305031456.159731 0.9307309985160828 0.27817144989967346 -0.23740369081497192 -0.710023820400238 -0.2548843324184418 0.9589423537254333 0.12435197085142136 0.3449796140193939 0.26224765181541443 -0.055227749049663544 0.9634189605712891 -0.5529239177703857
1305031456.191658 0.9352073073387146 0.27278104424476624 -0.2257828265428543 -0.7176324129104614 -0.2523289620876312 0.9607192277908325 0.11553645879030228 0.33445823192596436 0.2484300583600998 -0.05107899010181427 0.9673022031784058 -0.5537518858909607
1305031456.227678 0.9416242241859436 0.2640022337436676 -0.20891788601875305 -0.7235385179519653 -0.24860809743404388 0.9637058973312378 0.09728774428367615 0.34470316767692566 0.22701962292194366 -0.03966981917619705 0.9730819463729858 -0.559049129486084
1305031456.291675 0.9547842144966125 0.24926325678825378 -0.16203367710113525 -0.7508523464202881 -0.23613058030605316 0.9669567346572876 0.096109539270401 0.3221745193004608 0.18063613772392273 -0.05350275710225105 0.9820937514305115 -0.5571689605712891
1305031456.327718 0.9618722200393677 0.23536966741085052 -0.13929390907287598 -0.7660216689109802 -0.2252965122461319 0.9706312417984009 0.08435888588428497 0.3163297176361084 0.15505854785442352 -0.04976002126932144 0.9866513609886169 -0.5554136037826538
1305031456.391619 0.9718502163887024 0.2168421596288681 -0.09212275594472885 -0.7884566187858582 -0.21096374094486237 0.9750215411186218 0.06947875767946243 0.309687077999115 0.10488758981227875 -0.04808838292956352 0.9933207631111145 -0.5475555062294006
1305031456.427662 0.9774302244186401 0.20073272287845612 -0.06585279852151871 -0.8102515935897827 -0.1980278640985489 0.9791454672813416 0.04537629336118698 0.31883394718170166 0.07358797639608383 -0.031311459839344025 0.9967971444129944 -0.5433070063591003
1305031456.491677 0.9835034012794495 0.1753407120704651 -0.04446106776595116 -0.8481952548027039 -0.1731342375278473 0.983657717704773 0.04941703379154205 0.3321632146835327 0.05239928513765335 -0.04090408235788345 0.9977881908416748 -0.5320783257484436
1305031456.527641 0.9853913187980652 0.16421131789684296 -0.04515015333890915 -0.8605809211730957 -0.16142235696315765 0.9850766062736511 0.05972342565655708 0.3342497944831848 0.05428359657526016 -0.05156270042061806 0.997193455696106 -0.5211359262466431
1305031456.591651 0.9893320798873901 0.14090962707996368 -0.03696689009666443 -0.8793756365776062 -0.1384718120098114 0.9884348511695862 0.06182253360748291 0.3366415798664093 0.04525073990225792 -0.056044138967990875 0.9974024295806885 -0.5059814453125
1305031456.627612 0.9915401935577393 0.12702889740467072 -0.02667686901986599 -0.8869911432266235 -0.12472855299711227 0.9893475770950317 0.07506027817726135 0.35633063316345215 0.03592752292752266 -0.07109789550304413 0.9968221187591553 -0.49734437465667725
1305031456.691612 0.9953522682189941 0.09604822099208832 0.006951242685317993 -0.929308295249939 -0.09624926745891571 0.9899097084999084 0.10399536043405533 0.33743298053741455 0.003107462078332901 -0.10418108105659485 0.9945535659790039 -0.4725305736064911
1305031456.727693 0.997125506401062 0.07475008815526962 0.012377690523862839 -0.9455817937850952 -0.07563821226358414 0.9916016459465027 0.1049046665430069 0.35440751910209656 -0.004432111978530884 -0.10553933680057526 0.9944053292274475 -0.46389639377593994
1305031456.791649 0.9988036751747131 0.048765406012535095 -0.0036146733909845352 -0.978186845779419 -0.04802585765719414 0.9921899437904358 0.11512074619531631 0.3439600467681885 0.00920034758746624 -0.11480943858623505 0.9933449625968933 -0.44515591859817505
1305031456.827603 0.9993831515312195 0.030767951160669327 -0.01693602465093136 -0.9797365665435791 -0.028727352619171143 0.9935387969017029 0.10979719460010529 0.3625461161136627 0.020204834640026093 -0.10924291610717773 0.993809700012207 -0.43215039372444153
1305031456.891672 0.9998859167098999 0.008628330193459988 -0.012402137741446495 -0.9969081878662109 -0.006848591845482588 0.9905487298965454 0.1369902491569519 0.3504621386528015 0.013466918841004372 -0.13688966631889343 0.9904947876930237 -0.405822217464447
1305031456.92769 0.999977707862854 -0.006339901592582464 -0.002104450948536396 -1.0066230297088623 0.006549539510160685 0.9924854040145874 0.1221880167722702 0.360275000333786 0.0013139806687831879 -0.12219906598329544 0.9925047159194946 -0.3967078626155853
1305031456.959667 0.9997629523277283 -0.017303800210356712 0.01321210153400898 -1.0220367908477783 0.01565120741724968 0.993089497089386 0.11631179600954056 0.37754660844802856 -0.015133434906601906 -0.11607743799686432 0.9931248426437378 -0.3947545289993286
1305031456.991709 0.9994223713874817 -0.021020637825131416 0.026706166565418243 -1.037676453590393 0.017258603125810623 0.9908281564712524 0.13402168452739716 0.3748900294303894 -0.02927844040095806 -0.13348335027694702 0.9906184673309326 -0.38495466113090515
1305031457.027648 0.9989199042320251 -0.03146708384156227 0.03418894112110138 -1.0490800142288208 0.026410166174173355 0.9898796677589417 0.13943056762218475 0.37420010566711426 -0.03823040425777435 -0.13837704062461853 0.9896414279937744 -0.37773483991622925
1305031457.091655 0.997166097164154 -0.05271517485380173 0.05367372930049896 -1.0706275701522827 0.04328232258558273 0.9855391383171082 0.1638268083333969 0.37926748394966125 -0.06153370812535286 -0.16103942692279816 0.9850277900695801 -0.3737698495388031
1305031457.127632 0.9959955215454102 -0.06300368905067444 0.06343169510364532 -1.0797697305679321 0.05097337067127228 0.9830604195594788 0.17605064809322357 0.36936795711517334 -0.0734490305185318 -0.17211230099201202 0.9823352098464966 -0.3701871633529663
1305031457.191735 0.9911049604415894 -0.09121815860271454 0.09690339863300323 -1.1099085807800293 0.07398798316717148 0.9829177260398865 0.16851918399333954 0.3744109869003296 -0.11062006652355194 -0.15985050797462463 0.9809235334396362 -0.37815698981285095
1305031457.227543 0.9885257482528687 -0.10413789004087448 0.10941749066114426 -1.1233534812927246 0.08347548544406891 0.9803254008293152 0.1788685917854309 0.36999210715293884 -0.12589174509048462 -0.16768254339694977 0.9777697324752808 -0.3815809488296509
1305031457.291656 0.9816692471504211 -0.1317586749792099 0.13771378993988037 -1.147487998008728 0.1078169047832489 0.9797335863113403 0.16881267726421356 0.3558821678161621 -0.15716534852981567 -0.15087035298347473 0.9759800434112549 -0.39339274168014526
1305031457.327548 0.9770557284355164 -0.14154933393001556 0.15914063155651093 -1.164096713066101 0.11541030555963516 0.9798571467399597 0.1629740446805954 0.358848512172699 -0.17900395393371582 -0.14086827635765076 0.9737112522125244 -0.4024490416049957
1305031457.391684 0.9628323316574097 -0.16676661372184753 0.21246829628944397 -1.202559471130371 0.13437099754810333 0.9781230092048645 0.15880732238292694 0.3471870422363281 -0.23430389165878296 -0.1243552714586258 0.9641770720481873 -0.4150612950325012
1305031457.427641 0.9551935791969299 -0.18144473433494568 0.23384399712085724 -1.2269986867904663 0.14770235121250153 0.9768667221069336 0.15464572608470917 0.3459756374359131 -0.25649410486221313 -0.11317729204893112 0.9598966836929321 -0.42309707403182983
1305031457.491705 0.9497408270835876 -0.20085057616233826 0.24010701477527618 -1.2530691623687744 0.16509374976158142 0.9730581641197205 0.1609407663345337 0.3271193206310272 -0.2659631371498108 -0.11321185529232025 0.9573121666908264 -0.4381406307220459
1305031457.527638 0.9463315606117249 -0.20479173958301544 0.250033974647522 -1.2691583633422852 0.1695718914270401 0.9732030630111694 0.15530987083911896 0.319832980632782 -0.2751399874687195 -0.10457587987184525 0.955699622631073 -0.4471258819103241
1305031457.559685 0.9418911337852478 -0.21187865734100342 0.2606692910194397 -1.2840420007705688 0.17835278809070587 0.9730092883110046 0.14643464982509613 0.31839168071746826 -0.2846600115299225 -0.09143440425395966 0.9542580842971802 -0.4563383460044861
1305031457.591678 0.9361860752105713 -0.21641096472740173 0.2769870460033417 -1.3084301948547363 0.18362784385681152 0.9730337262153625 0.13959266245365143 0.31774628162384033 -0.2997271418571472 -0.07982219010591507 0.9506798386573792 -0.461918443441391
1305031457.627526 0.9351176023483276 -0.22254936397075653 0.2757294476032257 -1.317994475364685 0.18865421414375305 0.9713939428329468 0.144232839345932 0.304625928401947 -0.29994088411331177 -0.0828571543097496 0.9503527283668518 -0.4689074456691742
1305031457.659632 0.9300135374069214 -0.22892077267169952 0.28752413392066956 -1.3419420719146729 0.19729594886302948 0.9710131883621216 0.13493554294109344 0.3084164261817932 -0.3100792467594147 -0.06876453012228012 0.9482206106185913 -0.4739671051502228
1305031457.69157 0.9283045530319214 -0.23599931597709656 0.28732404112815857 -1.3568028211593628 0.20086483657360077 0.9685871601104736 0.14660178124904633 0.30131644010543823 -0.31289637088775635 -0.07837779074907303 0.94654780626297 -0.47793442010879517
1305031457.727669 0.9283162355422974 -0.23700794577598572 0.28645461797714233 -1.3656365871429443 0.19867470860481262 0.9674698710441589 0.15662187337875366 0.2812092900276184 -0.31425678730010986 -0.08848334103822708 0.9452055096626282 -0.48212921619415283
1305031457.759556 0.9276947379112244 -0.23310637474060059 0.2916230261325836 -1.3785030841827393 0.19511744379997253 0.9686765074729919 0.15360671281814575 0.268852561712265 -0.31829506158828735 -0.0855993703007698 0.9441192150115967 -0.48659977316856384
1305031457.791567 0.9251835346221924 -0.2293180376291275 0.30240485072135925 -1.3885525465011597 0.19251026213169098 0.970254123210907 0.1467880755662918 0.2481267750263214 -0.3270706832408905 -0.07758988440036774 0.9418091773986816 -0.48829224705696106
1305031457.827699 0.9196997880935669 -0.22679470479488373 0.3204941153526306 -1.4040583372116089 0.1963682621717453 0.9725655317306519 0.12472272664308548 0.25077399611473083 -0.33998793363571167 -0.0517725944519043 0.939003586769104 -0.4995683431625366
1305031457.859623 0.9137158989906311 -0.22679316997528076 0.3371768593788147 -1.4181140661239624 0.19555224478244781 0.9727733731269836 0.12438343465328217 0.24000221490859985 -0.3562059998512268 -0.04771541804075241 0.9331883788108826 -0.5003839731216431
1305031457.891593 0.9069739580154419 -0.22511336207389832 0.35598069429397583 -1.435767650604248 0.19705097377300262 0.9737730622291565 0.11374004185199738 0.22227290272712708 -0.3722488284111023 -0.033012911677360535 0.9275456666946411 -0.49851036071777344
1305031457.927633 0.9012838006019592 -0.22606106102466583 0.36957257986068726 -1.4554510116577148 0.2079288512468338 0.9741079807281494 0.08876468986272812 0.21890339255332947 -0.3800698518753052 -0.00315738283097744 0.9249524474143982 -0.5027438402175903
1305031457.991644 0.8960892558097839 -0.23005366325378418 0.37960439920425415 -1.4838289022445679 0.22022080421447754 0.9729500412940979 0.0697917640209198 0.20262664556503296 -0.3853919506072998 0.021057145670056343 0.9225126504898071 -0.4965226948261261
1305031458.027845 0.8920310735702515 -0.22751806676387787 0.3905331492424011 -1.4968042373657227 0.22340071201324463 0.9730806350708008 0.05662274733185768 0.18941332399845123 -0.3929029107093811 0.036736130714416504 0.9188458323478699 -0.4925893247127533
1305031458.059689 0.8870456218719482 -0.22645607590675354 0.4023280739784241 -1.5124564170837402 0.2333602011203766 0.9718466997146606 0.03250948339700699 0.20206323266029358 -0.3983632028102875 0.06504997611045837 0.9149181246757507 -0.49363699555397034
1305031458.09169 0.881206750869751 -0.2288832813501358 0.41362667083740234 -1.5289638042449951 0.23496627807617188 0.9713029861450195 0.036895863711833954 0.19806118309497833 -0.41020169854164124 0.06467542797327042 0.9096986651420593 -0.48004692792892456
1305031458.127605 0.876253604888916 -0.23005203902721405 0.42338594794273376 -1.5448050498962402 0.2341638058423996 0.9712411165237427 0.043102774769067764 0.18722720444202423 -0.42112571001052856 0.06137271225452423 0.9049234390258789 -0.46739405393600464
1305031458.159638 0.8713724613189697 -0.232095405459404 0.4322519302368164 -1.562679648399353 0.23720760643482208 0.9705101847648621 0.042925722897052765 0.17789995670318604 -0.42946773767471313 0.06512914597988129 0.9007306694984436 -0.4510968327522278
1305031458.191646 0.8669688701629639 -0.2387562394142151 0.43744757771492004 -1.585369348526001 0.2449338138103485 0.9685762524604797 0.043213509023189545 0.1781960427761078 -0.4340188503265381 0.06968095153570175 0.898205041885376 -0.4381144642829895
1305031458.227611 0.8669810891151428 -0.246026873588562 0.4333758056163788 -1.6010448932647705 0.24519002437591553 0.9676874279975891 0.05884503573179245 0.170820415019989 -0.43384984135627747 0.05524188280105591 0.8992900848388672 -0.4222204089164734
1305031458.259934 0.8680907487869263 -0.24744917452335358 0.43033403158187866 -1.6125390529632568 0.23883268237113953 0.9681657552719116 0.07492641359567642 0.1359749585390091 -0.43517521023750305 0.03773491829633713 0.8995546698570251 -0.4061574339866638
1305031458.291664 0.8693404197692871 -0.23952332139015198 0.4322913587093353 -1.6345994472503662 0.23983116447925568 0.9692695140838623 0.05474954470992088 0.1349468231201172 -0.432120680809021 0.05608094483613968 0.9000703692436218 -0.3867400288581848
1305031458.327628 0.872283935546875 -0.244999960064888 0.42319709062576294 -1.6464923620224 0.2471425086259842 0.9676468968391418 0.05079206824302673 0.12925174832344055 -0.42194947600364685 0.06028489023447037 0.9046127796173096 -0.37147319316864014
1305031458.35959 0.8743982315063477 -0.2456362098455429 0.418438196182251 -1.6534284353256226 0.2508901059627533 0.9670418500900269 0.043405674397945404 0.10726766288280487 -0.415309339761734 0.06702816486358643 0.9072074890136719 -0.35369932651519775
1305031458.391626 0.8744856119155884 -0.24300511181354523 0.4197896420955658 -1.6647261381149292 0.2612990140914917 0.965150773525238 0.014374818652868271 0.11475034058094025 -0.4086535573005676 0.09712003171443939 0.9075075387954712 -0.33410096168518066
1305031458.427598 0.8705810308456421 -0.2531849145889282 0.42188388109207153 -1.6691293716430664 0.2792588770389557 0.9602159261703491 -1.259148120880127e-05 0.11435692757368088 -0.4050964117050171 0.11782579123973846 0.9066498875617981 -0.31670981645584106
1305031458.459637 0.8663486242294312 -0.263124018907547 0.42450663447380066 -1.6550543308258057 0.2959899604320526 0.955115020275116 -0.012053487822413445 0.10168638080358505 -0.4022810459136963 0.13609221577644348 0.9053446054458618 -0.3134937286376953
1305031458.491696 0.8570322394371033 -0.24789728224277496 0.451710969209671 -1.6596574783325195 0.3006105124950409 0.9525590538978577 -0.047588299959897995 0.09655338525772095 -0.41848433017730713 0.1765737682580948 0.8908941745758057 -0.29594242572784424
1305031458.527737 0.8485222458839417 -0.22845646739006042 0.4773026704788208 -1.6694321632385254 0.3054034113883972 0.9480398297309875 -0.08915885537862778 0.11747721582651138 -0.4321329891681671 0.22142311930656433 0.8742040991783142 -0.27283233404159546
1305031458.559628 0.8410919904708862 -0.21597892045974731 0.4959007203578949 -1.6742933988571167 0.30377236008644104 0.9471939206123352 -0.10269512236118317 0.12217935919761658 -0.44753411412239075 0.237016960978508 0.8622854351997375 -0.2524791359901428
1305031458.591641 0.8356767892837524 -0.1983386129140854 0.5121583342552185 -1.6845769882202148 0.2974688708782196 0.9473486542701721 -0.11850256472826004 0.11922791600227356 -0.4616888761520386 0.251380980014801 0.8506767153739929 -0.22860145568847656
1305031458.627659 0.8371468782424927 -0.1778826117515564 0.5172455906867981 -1.6977816820144653 0.29145073890686035 0.9452826976776123 -0.14661838114261627 0.1607348471879959 -0.46286240220069885 0.273492693901062 0.8431844115257263 -0.19750159978866577
1305031458.659623 0.8382749557495117 -0.18348953127861023 0.5134459733963013 -1.7079854011535645 0.2906339168548584 0.9471151232719421 -0.1360325813293457 0.16371479630470276 -0.4613319933414459 0.26325753331184387 0.8472709655761719 -0.17162734270095825
1305031458.691674 0.8541166186332703 -0.17756162583827972 0.48883190751075745 -1.7177131175994873 0.2737801969051361 0.9526453614234924 -0.13232967257499695 0.16518473625183105 -0.4421868324279785 0.24685749411582947 0.8622831702232361 -0.15007156133651733
1305031458.72765 0.8711056709289551 -0.16624011099338531 0.46210286021232605 -1.710503101348877 0.2528423070907593 0.9584856033325195 -0.13181841373443604 0.15616479516029358 -0.4210054278373718 0.2316669225692749 0.8769748210906982 -0.1278907060623169
1305031458.759945 0.8909256458282471 -0.14104177057743073 0.4316929578781128 -1.703938364982605 0.22914043068885803 0.9602940678596497 -0.15915367007255554 0.17092789709568024 -0.3921048641204834 0.24071243405342102 0.8878690004348755 -0.10318636894226074
1305031458.791632 0.908259391784668 -0.13043342530727386 0.39755767583847046 -1.698371410369873 0.211128368973732 0.9632026553153992 -0.16632936894893646 0.18119971454143524 -0.36123359203338623 0.23500588536262512 0.9023761749267578 -0.0975339412689209
1305031458.827564 0.9167726039886475 -0.1327907294034958 0.37668901681900024 -1.6875958442687988 0.20483845472335815 0.9659578204154968 -0.1580083668231964 0.18159398436546326 -0.3428837060928345 0.22201815247535706 0.912764310836792 -0.08128535747528076
1305031458.891665 0.923919677734375 -0.11301098763942719 0.3655146360397339 -1.6779932975769043 0.18638688325881958 0.9672921299934387 -0.17206387221813202 0.17510822415351868 -0.3341142535209656 0.22710032761096954 0.9147639274597168 -0.0673937201499939
1305031458.927621 0.916528582572937 -0.11953798681497574 0.3816883862018585 -1.6896121501922607 0.19587494432926178 0.9661732912063599 -0.16775614023208618 0.17965422570705414 -0.3487239181995392 0.22851648926734924 0.9089400172233582 -0.06084030866622925
1305031458.959617 0.9062622785568237 -0.14695954322814941 0.39634788036346436 -1.6961159706115723 0.22027195990085602 0.9644412994384766 -0.1460593193769455 0.1705014705657959 -0.3607894480228424 0.21967235207557678 0.9064078330993652 -0.0474700927734375
1305031458.991647 0.89976567029953 -0.1559869647026062 0.4075411856174469 -1.7004684209823608 0.2303047925233841 0.9630141258239746 -0.1398697793483734 0.14453354477882385 -0.370650053024292 0.21970871090888977 0.9024116396903992 -0.028919577598571777
1305031459.027665 0.8987472057342529 -0.1473260223865509 0.41297513246536255 -1.7253990173339844 0.22954802215099335 0.9605703949928284 -0.15688255429267883 0.13549238443374634 -0.373578816652298 0.23579539358615875 0.8971284031867981 -0.013033270835876465
