1305031110.011256 0.9996720552444458 0.024667050689458847 -0.006874683778733015 -0.023238668218255043 -0.024574732407927513 0.9996109008789062 0.013203645125031471 0.0005681541515514255 0.007197702303528786 -0.01303037442266941 0.9998891353607178 0.007886474020779133
1305031110.043299 0.9992378354072571 0.03793590888381004 -0.009194335900247097 -0.03239660710096359 -0.03775212913751602 0.9990988969802856 0.019399868324398994 -7.545840344391763e-05 0.009922001510858536 -0.01903797686100006 0.9997695684432983 0.010420737788081169
1305031110.075319 0.9988470077514648 0.04744955152273178 -0.0072952196933329105 -0.04632686451077461 -0.04729215055704117 0.9986724853515625 0.020414775237441063 0.004545752424746752 0.008254208602011204 -0.020046226680278778 0.9997649788856506 0.016625409945845604
1305031110.111325 0.998385488986969 0.056432921439409256 -0.0064646038226783276 -0.06188693270087242 -0.056211940944194794 0.9979565739631653 0.03038211353123188 0.004174578934907913 0.008165944367647171 -0.029969677329063416 0.9995174407958984 0.018577104434370995
1305031110.143432 0.9978277087211609 0.06484930217266083 -0.011589035391807556 -0.07458940148353577 -0.0644080713391304 0.9973070025444031 0.03507568687200546 0.0007862856145948172 0.013832461088895798 -0.0342530719935894 0.9993174076080322 0.023112455382943153
1305031110.175641 0.99747234582901 0.06750960648059845 -0.022164326161146164 -0.077989861369133 -0.06665192544460297 0.9970754981040955 0.03739005699753761 0.004677130840718746 0.024623697623610497 -0.03581825643777847 0.9990549087524414 0.021094728261232376
1305031110.211637 0.9970537424087524 0.07217799127101898 -0.02596476674079895 -0.08963373303413391 -0.07093847543001175 0.9964261651039124 0.04585383087396622 0.0031136516481637955 0.029181616380810738 -0.043876830488443375 0.9986106753349304 0.025226153433322906
1305031110.243323 0.9969980120658875 0.07049296796321869 -0.032026439905166626 -0.10289815813302994 -0.06902877241373062 0.9966114163398743 0.044729772955179214 0.00473556574434042 0.035071052610874176 -0.04238475114107132 0.9984856247901917 0.03165118023753166
1305031110.279321 0.9966185092926025 0.07215221971273422 -0.03931166231632233 -0.11141478270292282 -0.07021744549274445 0.9963492155075073 0.048555415123701096 -0.002701707184314728 0.04267152398824692 -0.045630861073732376 0.9980465173721313 0.026492320001125336
1305031110.311404 0.9960947036743164 0.07671530544757843 -0.04370193928480148 -0.123482845723629 -0.07497190684080124 0.9963739514350891 0.04022728651762009 0.0017009980510920286 0.04662952199578285 -0.036793772131204605 0.9982342720031738 0.027265280485153198
1305031110.343355 0.9954836964607239 0.07895048707723618 -0.052715037018060684 -0.1330157369375229 -0.07698088139295578 0.9962925910949707 0.03840591013431549 0.0036868564784526825 0.055551767349243164 -0.03417441248893738 0.9978707432746887 0.027773484587669373
1305031110.379281 0.9942322373390198 0.08855146169662476 -0.06050531566143036 -0.1455295979976654 -0.08634863793849945 0.9955360293388367 0.03810510411858559 0.0032026800327003 0.06360949575901031 -0.03266077861189842 0.9974401593208313 0.025368791073560715
1305031110.411469 0.9930059909820557 0.09415113180875778 -0.07123538851737976 -0.15663522481918335 -0.09174571186304092 0.9951197504997253 0.036324579268693924 0.008566574193537235 0.07430773973464966 -0.02953498624265194 0.9967978596687317 0.02362368255853653
1305031110.44326 0.9912188649177551 0.10254721343517303 -0.08348115533590317 -0.16475144028663635 -0.09912806749343872 0.9940956830978394 0.04413095861673355 0.011990511789917946 0.0875137597322464 -0.035468123853206635 0.9955316185951233 0.025193793699145317
1305031110.479331 0.9891803860664368 0.11589332669973373 -0.08994811773300171 -0.18201585114002228 -0.11137448251247406 0.9923241138458252 0.053745370358228683 0.008441832847893238 0.09548640996217728 -0.043145954608917236 0.9944952130317688 0.02667914144694805
1305031110.511429 0.9867424964904785 0.1248817890882492 -0.10365097224712372 -0.19188342988491058 -0.11948779970407486 0.9912132620811462 0.05673637613654137 0.008674177341163158 0.10982555896043777 -0.04359917715191841 0.9929941296577454 0.02661464549601078
1305031110.543408 0.9844231605529785 0.13178148865699768 -0.11638052761554718 -0.19980669021606445 -0.12571494281291962 0.9903669357299805 0.05804504454135895 0.014566340483725071 0.12290869653224945 -0.042510129511356354 0.9915071129798889 0.025993159040808678
1305031110.579426 0.9806854724884033 0.14233805239200592 -0.13414868712425232 -0.19573000073432922 -0.13391679525375366 0.9885255098342896 0.06988164782524109 0.015136150643229485 0.14255623519420624 -0.05056716501712799 0.9884941577911377 0.023293526843190193
1305031110.611307 0.9785336256027222 0.1507098376750946 -0.14056535065174103 -0.2027883231639862 -0.13990245759487152 0.9866052865982056 0.08388882875442505 0.008955747820436954 0.15132540464401245 -0.062422603368759155 0.9865109920501709 0.027011262252926826
1305031110.643418 0.9772893786430359 0.1555517166852951 -0.1439061015844345 -0.2147851139307022 -0.14554421603679657 0.9862961173057556 0.0776977613568306 0.012342583388090134 0.1540200412273407 -0.054988496005535126 0.9865363836288452 0.0323115698993206
1305031110.679606 0.977371335029602 0.16022539138793945 -0.13810420036315918 -0.23224234580993652 -0.15104974806308746 0.9857067465782166 0.07460720092058182 0.019641749560832977 0.14808422327041626 -0.05205836147069931 0.9876038432121277 0.02882031351327896
1305031110.711412 0.9762963056564331 0.16264228522777557 -0.14280356466770172 -0.23585473001003265 -0.15176017582416534 0.9848314523696899 0.08411828428506851 0.017260493710637093 0.1543186455965042 -0.06045251712203026 0.9861700534820557 0.031806498765945435
1305031110.743249 0.9752897620201111 0.16640424728393555 -0.14532476663589478 -0.24095159769058228 -0.15524540841579437 0.9842040538787842 0.08509556204080582 0.01715623214840889 0.1571895033121109 -0.06043187156319618 0.9857177734375 0.032169658690690994
1305031110.779193 0.9730918407440186 0.16970278322696686 -0.15586258471012115 -0.23050367832183838 -0.15756787359714508 0.9836459159851074 0.0872526615858078 0.015872301533818245 0.1681206226348877 -0.060345906764268875 0.9839177131652832 0.027441341429948807
1305031110.811386 0.9724431037902832 0.1744331568479538 -0.154684379696846 -0.23388999700546265 -0.16224130988121033 0.9827910661697388 0.08831450343132019 0.01707323268055916 0.1674274206161499 -0.06078464165329933 0.9840087890625 0.02686954289674759
1305031110.843218 0.9713008999824524 0.17757388949394226 -0.1582464575767517 -0.23597873747348785 -0.1645025759935379 0.9820494055747986 0.09229177981615067 0.01682782918214798 0.17179442942142487 -0.06361114978790283 0.9830769896507263 0.0273907408118248
1305031110.879313 0.9704028964042664 0.1782907098531723 -0.16288232803344727 -0.2353370636701584 -0.1647002398967743 0.981897234916687 0.09354979544878006 0.016103485599160194 0.17661277949810028 -0.06395421922206879 0.9822005033493042 0.026990637183189392
1305031110.911333 0.9697366952896118 0.1789938360452652 -0.16604839265346527 -0.23391984403133392 -0.16490715742111206 0.9817066788673401 0.09517103433609009 0.016475331038236618 0.18004587292671204 -0.06490825861692429 0.9815143942832947 0.027610238641500473
1305031110.943862 0.9685139060020447 0.18053698539733887 -0.17142677307128906 -0.22988538444042206 -0.1658770889043808 0.9814215302467346 0.09641823172569275 0.01580965146422386 0.18564899265766144 -0.06494659930467606 0.9804674983024597 0.026892520487308502
1305031110.979345 0.9680160880088806 0.18192961812019348 -0.17276078462600708 -0.2215900868177414 -0.16771332919597626 0.981370747089386 0.09372051060199738 0.019785718992352486 0.1865929663181305 -0.061748672276735306 0.9804948568344116 0.02864476665854454
1305031111.011431 0.9687583446502686 0.17983326315879822 -0.1707841157913208 -0.2083328515291214 -0.16443371772766113 0.9812538623809814 0.10051053017377853 0.014011144638061523 0.18565770983695984 -0.0692877471446991 0.9801685810089111 0.028417237102985382
1305031111.043327 0.9720917344093323 0.1743692010641098 -0.15694795548915863 -0.2067834734916687 -0.16137360036373138 0.982582151889801 0.09214600920677185 0.01890159770846367 0.17028169333934784 -0.06424711644649506 0.9832987785339355 0.032374851405620575
1305031111.079283 0.9740146398544312 0.16915859282016754 -0.15060196816921234 -0.2011098563671112 -0.15624991059303284 0.9832481741905212 0.09385741502046585 0.020816154778003693 0.16395586729049683 -0.06788692623376846 0.984129011631012 0.03058570623397827
1305031111.111508 0.9753451943397522 0.16167551279067993 -0.15020930767059326 -0.19057606160640717 -0.14790330827236176 0.9840543866157532 0.0988001599907875 0.01589858904480934 0.16378770768642426 -0.0741477832198143 0.9837051630020142 0.032989874482154846
1305031111.143257 0.9763436913490295 0.15873226523399353 -0.146823450922966 -0.18200883269309998 -0.1455947458744049 0.9846431016921997 0.0963340550661087 0.013039818964898586 0.1598600447177887 -0.07267840206623077 0.9844605922698975 0.033849798142910004
1305031111.179326 0.9772048592567444 0.15816523134708405 -0.1416136622428894 -0.1749676913022995 -0.14682982861995697 0.9853047728538513 0.0872669368982315 0.01664942130446434 0.15333522856235504 -0.06448457390069962 0.9860679507255554 0.035736627876758575
1305031111.211433 0.9806157946586609 0.14876821637153625 -0.12751704454421997 -0.16368311643600464 -0.13898621499538422 0.9868518710136414 0.08249972015619278 0.01586601510643959 0.13811376690864563 -0.0631774291396141 0.9883993268013 0.03332396596670151
1305031111.243236 0.9817907214164734 0.14724114537239075 -0.12002876400947571 -0.15855513513088226 -0.13781332969665527 0.9869381785392761 0.08343048393726349 0.01157771423459053 0.13074535131454468 -0.06536971032619476 0.9892585873603821 0.03346659243106842
1305031111.279308 0.982047438621521 0.14434348046779633 -0.12144002318382263 -0.14517724514007568 -0.13542553782463074 0.9876507520675659 0.0787770226597786 0.005672247149050236 0.13131128251552582 -0.0609167143702507 0.9894677400588989 0.03485296666622162
1305031111.311547 0.9849434494972229 0.13569140434265137 -0.10711783170700073 -0.14187289774417877 -0.12929071485996246 0.9894986748695374 0.06462448835372925 0.013433600775897503 0.11476193368434906 -0.04980214312672615 0.9921438097953796 0.028082430362701416
1305031111.343397 0.984531581401825 0.13650992512702942 -0.10982862859964371 -0.13691771030426025 -0.12921418249607086 0.9890686869621277 0.07104044407606125 0.014377320185303688 0.11832578480243683 -0.05575016513466835 0.9914085268974304 0.031024109572172165
1305031111.379134 0.9836713671684265 0.12823398411273956 -0.126279816031456 -0.11377526074647903 -0.11917094141244888 0.9898903369903564 0.0769127905368805 0.0036399427335709333 0.13486601412296295 -0.06060802936553955 0.9890085458755493 0.03524034842848778
1305031111.411296 0.9838455319404602 0.1260034590959549 -0.1271653026342392 -0.1065860316157341 -0.11873740702867508 0.9909113645553589 0.06321675330400467 0.009295458905398846 0.133975088596344 -0.047096241265535355 0.9898649454116821 0.033169880509376526
1305031111.443386 0.9802183508872986 0.13747386634349823 -0.14238236844539642 -0.0885234996676445 -0.12921303510665894 0.9894335269927979 0.0657682865858078 0.008037762716412544 0.1499193161725998 -0.046069636940956116 0.9876244068145752 0.0367007851600647
1305031111.479259 0.9801498055458069 0.13489539921283722 -0.1452910453081131 -0.06069689616560936 -0.1268719881772995 0.9899048209190369 0.06318387389183044 0.000757063739001751 0.15234753489494324 -0.04349631071090698 0.9873694777488708 0.043765708804130554
1305031111.511264 0.9851357340812683 0.13488374650478363 -0.10636754333972931 -0.06837470829486847 -0.13027659058570862 0.9902578592300415 0.049165207892656326 0.0034337539691478014 0.11196289211511612 -0.034577205777168274 0.9931105375289917 0.037595055997371674
1305031111.54325 0.9861477017402649 0.12817099690437317 -0.1052839457988739 -0.045306749641895294 -0.12402293086051941 0.9912551045417786 0.045071251690387726 -0.0024587619118392467 0.11014004796743393 -0.03138929232954979 0.9934203028678894 0.039050210267305374
1305031111.579237 0.989554226398468 0.1131475418806076 -0.08933042734861374 -0.0318230465054512 -0.11047032475471497 0.9932845234870911 0.03438197448849678 -0.0001413729041814804 0.09262075275182724 -0.02415447309613228 0.9954084753990173 0.0364023819565773
1305031111.611271 0.99235999584198 0.1020423099398613 -0.06934613734483719 -0.03489707410335541 -0.09989539533853531 0.9944249987602234 0.03376145288348198 -0.0004719573771581054 0.07240462303161621 -0.02657615765929222 0.9970211982727051 0.032142896205186844
1305031111.643395 0.9926931262016296 0.08897686004638672 -0.08150608837604523 -0.012685978785157204 -0.08648306131362915 0.9956852197647095 0.033639125525951385 -0.010978166945278645 0.08414751291275024 -0.026344433426856995 0.9961050152778625 0.03550543636083603
1305031111.67932 0.9950619339942932 0.07123646885156631 -0.06911714375019073 0.00353925465606153 -0.07001097500324249 0.9973457455635071 0.019996950402855873 -0.007120422553271055 0.07035820186138153 -0.015059242956340313 0.9974081516265869 0.02755003236234188
1305031111.71176 0.9963605403900146 0.06376812607049942 -0.056562408804893494 0.017957769334316254 -0.06276214122772217 0.9978401064872742 0.0193887110799551 -0.00811132974922657 0.05767662823200226 -0.01576816476881504 0.9982107877731323 0.030575087293982506
1305031111.743386 0.9971240758895874 0.05789796635508537 -0.04890066385269165 0.044491782784461975 -0.05714702233672142 0.9982274174690247 0.016618600115180016 -0.015607691369950771 0.049776170402765274 -0.013776278123259544 0.9986653923988342 0.0302012600004673
1305031111.779423 0.9988369345664978 0.047391362488269806 -0.008874938823282719 0.05291802063584328 -0.047418635338544846 0.9988709688186646 -0.0028879232704639435 -0.003999411128461361 0.008728054352104664 0.0033054044470191 0.999956488609314 0.04068657010793686
1305031111.811406 0.9989646077156067 0.041336432099342346 0.019001109525561333 0.0618569552898407 -0.041307494044303894 0.9991446137428284 -0.0019133113091811538 -0.011491245590150356 -0.019063951447606087 0.001126441522501409 0.9998175501823425 0.030638299882411957
1305031111.843299 0.9984816908836365 0.038143862038850784 0.03974280506372452 0.07075432687997818 -0.0377318300306797 0.9992266893386841 -0.011066565290093422 -0.009917994029819965 -0.04013419151306152 0.009550191462039948 0.9991485476493835 0.02880415879189968
1305031111.879442 0.9979066252708435 0.02910943143069744 0.05774980038404465 0.0744548961520195 -0.028291214257478714 0.999488115310669 -0.014935771003365517 -0.005781957879662514 -0.058155011385679245 0.013270691968500614 0.99821937084198 0.03650030866265297
1305031111.911354 0.9980658888816833 0.017384851351380348 0.059685323387384415 0.08095297962427139 -0.016770562157034874 0.9998012781143188 -0.010777712799608707 -0.012855974957346916 -0.059860844165086746 0.009755915030837059 0.9981591105461121 0.03206224367022514
1305031111.9433 0.9988276362419128 -0.0010775867849588394 0.048397865146398544 0.09628472477197647 0.0018373538041487336 0.9998759031295776 -0.01565656252205372 -0.011057033203542233 -0.04837499186396599 0.01572713628411293 0.9987054467201233 0.032602861523628235
1305031111.979449 0.9990938305854797 -0.01672409288585186 0.039137888699769974 0.12085677683353424 0.01742679812014103 0.9996917843818665 -0.017682921141386032 -0.009801887907087803 -0.03883008658885956 0.018348949030041695 0.9990774393081665 0.037079162895679474
1305031112.011433 0.9984704852104187 -0.015422448515892029 0.053095340728759766 0.13225625455379486 0.016346441581845284 0.9997215867042542 -0.017012424767017365 -0.016449185088276863 -0.05281819403171539 0.017854318022727966 0.9984444379806519 0.02979411743581295
1305031112.04327 0.9976970553398132 -0.01103203184902668 0.06692442297935486 0.14585140347480774 0.012773429043591022 0.9995893836021423 -0.025648467242717743 -0.015053331851959229 -0.06661399453878403 0.02644425630569458 0.9974282383918762 0.028727799654006958
1305031112.079339 0.996245801448822 -0.012016463093459606 0.08573241531848907 0.16174854338169098 0.01450398750603199 0.9994899034500122 -0.028451334685087204 -0.017040271311998367 -0.08534681797027588 0.02958798222243786 0.9959118366241455 0.02761339768767357
1305031112.111423 0.9936217069625854 -0.0006787801394239068 0.11276254802942276 0.15960784256458282 0.0049192472361028194 0.9992908239364624 -0.03733131289482117 -0.013932937756180763 -0.11265721172094345 0.03764791041612625 0.9929203987121582 0.030141085386276245
1305031112.144342 0.99366295337677 0.010107549838721752 0.11194555461406708 0.1836872696876526 -0.005809115245938301 0.9992356300354004 -0.03865737468004227 -0.013789034448564053 -0.11225070804357529 0.03776209056377411 0.992962121963501 0.02913476713001728
1305031112.17939 0.9903979897499084 0.015785161405801773 0.13734136521816254 0.1942867785692215 -0.011166177690029144 0.9993479251861572 -0.034337155520915985 -0.014239802956581116 -0.13779380917549133 0.03247386962175369 0.9899283647537231 0.028612045571208
1305031112.211254 0.986772894859314 0.027194246649742126 0.1598113626241684 0.20111830532550812 -0.02241842821240425 0.9992488026618958 -0.03161180391907692 -0.0215520691126585 -0.16055098176002502 0.027610953897237778 0.9866412281990051 0.030024852603673935
1305031112.243369 0.9839659333229065 0.03515482321381569 0.17485728859901428 0.21584312617778778 -0.02932223677635193 0.9989277720451355 -0.03582947328686714 -0.03145939111709595 -0.17592936754226685 0.03012777864933014 0.9839416146278381 0.028805479407310486
1305031112.279353 0.9806305170059204 0.04222455993294716 0.1912612020969391 0.21950386464595795 -0.032002829015254974 0.9979053139686584 -0.05622237175703049 -0.022424690425395966 -0.19323453307151794 0.04901248216629028 0.9799275994300842 0.031222548335790634
1305031112.311312 0.9809613823890686 0.04485774785280228 0.18895108997821808 0.23303399980068207 -0.03283471241593361 0.9972602128982544 -0.06628841161727905 -0.02667856402695179 -0.19140693545341492 0.058822229504585266 0.9797465801239014 0.028322741389274597
1305031112.343323 0.9803809523582458 0.042799390852451324 0.19240950047969818 0.237535297870636 -0.027887271717190742 0.9964403510093689 -0.0795537531375885 -0.02591167576611042 -0.19512949883937836 0.07262720912694931 0.9780848026275635 0.02653646096587181
1305031112.37936 0.9819748997688293 0.03395324572920799 0.18593664467334747 0.25154250860214233 -0.017697535455226898 0.9959279298782349 -0.08839817345142365 -0.024913856759667397 -0.18818092346191406 0.08351418375968933 0.9785771369934082 0.02638830989599228
1305031112.411442 0.9831215739250183 0.026521679013967514 0.1810206174850464 0.2610194981098175 -0.009741678833961487 0.995621919631958 -0.09296350926160812 -0.02398676797747612 -0.18269361555576324 0.08963098376989365 0.9790757894515991 0.02314034476876259
1305031112.443391 0.9836869835853577 0.01540458481758833 0.17922808229923248 0.2709972858428955 0.0017361955251544714 0.9954671263694763 -0.09508910775184631 -0.026601605117321014 -0.17988047003746033 0.09384908527135849 0.9792013168334961 0.024205408990383148
1305031112.479418 0.9842348098754883 -0.003896361915394664 0.17682360112667084 0.27891770005226135 0.022323375567793846 0.9944987297058105 -0.10234219580888748 -0.023872094228863716 -0.1754520684480667 0.10467607527971268 0.9789072871208191 0.025762353092432022
1305031112.511504 0.9851557016372681 -0.018959764391183853 0.1706133335828781 0.28547170758247375 0.03744041174650192 0.993686318397522 -0.10576300323009491 -0.024785613641142845 -0.1675308793783188 0.11058086901903152 0.9796454906463623 0.02537766471505165
1305031112.543212 0.9859554767608643 -0.026280872523784637 0.1649276316165924 0.2931175231933594 0.04499245062470436 0.9928277730941772 -0.11076482385396957 -0.02461402490735054 -0.16083374619483948 0.1166296973824501 0.9800663590431213 0.02527414634823799
1305031112.579252 0.9867404699325562 -0.03606483340263367 0.15824833512306213 0.3009183406829834 0.05429764837026596 0.9921726584434509 -0.11245077848434448 -0.025582436472177505 -0.15295416116714478 0.11955224722623825 0.9809752702713013 0.02371133118867874
1305031112.611261 0.9866409301757812 -0.050523556768894196 0.15487708151340485 0.31467095017433167 0.06868481636047363 0.9910749197006226 -0.11424942314624786 -0.021207250654697418 -0.1477225422859192 0.12336087226867676 0.9813052415847778 0.020575236529111862
1305031112.643246 0.9840694665908813 -0.06615614891052246 0.1650165617465973 0.3232171833515167 0.08457889407873154 0.9906299114227295 -0.10723323374986649 -0.020880727097392082 -0.15637622773647308 0.1194818913936615 0.9804440140724182 0.01939486339688301
1305031112.679952 0.9813331961631775 -0.07310827076435089 0.177876815199852 0.32548806071281433 0.09217533469200134 0.9905667304992676 -0.10139654576778412 -0.02209179289638996 -0.1687859445810318 0.11589965969324112 0.9788148999214172 0.02141474187374115
1305031112.711251 0.9792115092277527 -0.07854949682950974 0.1870158612728119 0.3274167478084564 0.09813602268695831 0.9903481602668762 -0.09787698835134506 -0.020206419751048088 -0.177522674202919 0.11419526487588882 0.977468729019165 0.021085165441036224
1305031112.743245 0.9774336218833923 -0.08389218896627426 0.19386975467205048 0.3293221592903137 0.10325800627470016 0.9903878569602966 -0.0920310914516449 -0.0136022437363863 -0.18428559601306915 0.10997288674116135 0.9767009019851685 0.02466176450252533
1305031112.77931 0.9748073816299438 -0.08940117061138153 0.20434735715389252 0.3251025974750519 0.10617049783468246 0.9916934370994568 -0.07260793447494507 -0.018782244995236397 -0.1961587369441986 0.09247440844774246 0.9762018918991089 0.026981718838214874
1305031112.81131 0.9741324186325073 -0.08540105074644089 0.20921926200389862 0.3153217136859894 0.10152838379144669 0.9925347566604614 -0.0675777867436409 -0.02176118828356266 -0.20188620686531067 0.08707141876220703 0.9755308628082275 0.030706748366355896
1305031112.843286 0.9770660996437073 -0.08234997093677521 0.19636821746826172 0.31543391942977905 0.09749865531921387 0.9928580522537231 -0.06875240057706833 -0.014232484623789787 -0.18930402398109436 0.08632127940654755 0.9781169295310974 0.03089650347828865
1305031112.879421 0.9779499173164368 -0.0889078751206398 0.1889694631099701 0.31524378061294556 0.10207337141036987 0.9928986430168152 -0.06110052764415741 -0.014330854639410973 -0.18219521641731262 0.07904200255870819 0.9800803065299988 0.030736561864614487
1305031112.911411 0.9793846011161804 -0.09505275636911392 0.17824403941631317 0.31444817781448364 0.10660445690155029 0.9927022457122803 -0.05637028440833092 -0.014417033642530441 -0.17158514261245728 0.0742097944021225 0.9823704361915588 0.029871255159378052
1305031112.943321 0.9799712896347046 -0.08925452828407288 0.1780172437429428 0.2984268367290497 0.0998343899846077 0.9936771392822266 -0.05136936157941818 -0.016840001568198204 -0.17230673134326935 0.06811273097991943 0.9826856851577759 0.03627699241042137
1305031112.979278 0.9828367829322815 -0.08447779715061188 0.16399826109409332 0.29579633474349976 0.09373299777507782 0.994364857673645 -0.04952795058488846 -0.018302515149116516 -0.15889011323451996 0.06404995918273926 0.9852164387702942 0.03231063112616539
1305031113.011353 0.9842447638511658 -0.0859418734908104 0.15451982617378235 0.29366928339004517 0.09475212544202805 0.9942156076431274 -0.05057285726070404 -0.012883438728749752 -0.14927969872951508 0.06441716104745865 0.9866944551467896 0.029075685888528824
1305031113.043231 0.9848992824554443 -0.08132457733154297 0.15283873677253723 0.28527212142944336 0.08863459527492523 0.9951940178871155 -0.04162829741835594 -0.014306871220469475 -0.14871880412101746 0.05454649031162262 0.9873738884925842 0.030432261526584625
1305031113.079251 0.98612380027771 -0.07097756117582321 0.15007351338863373 0.2739013731479645 0.07710742205381393 0.9963934421539307 -0.03542181849479675 -0.023209067061543465 -0.14701808989048004 0.046502090990543365 0.9880400896072388 0.03126891329884529
1305031113.111316 0.9883615374565125 -0.05988292396068573 0.13984039425849915 0.26447054743766785 0.06688212603330612 0.9967047572135925 -0.04589614272117615 -0.01713595725595951 -0.13663120567798615 0.054714810103178024 0.9891098141670227 0.027765512466430664
1305031113.143306 0.9894086122512817 -0.05616840347647667 0.133849635720253 0.2561878561973572 0.06252660602331161 0.9970826506614685 -0.04377906396985054 -0.012419908307492733 -0.13100017607212067 0.05168454721570015 0.9900341629981995 0.02560577169060707
1305031113.179343 0.9896364808082581 -0.0615227110683918 0.12974822521209717 0.24748806655406952 0.06652983278036118 0.9971839189529419 -0.03461219742894173 -0.01867661252617836 -0.1272534430027008 0.042885616421699524 0.990942656993866 0.02538912743330002
1305031113.211259 0.9904407858848572 -0.06258422881364822 0.12292331457138062 0.23141686618328094 0.06788904219865799 0.9969127178192139 -0.03944788873195648 -0.01797715574502945 -0.12007499486207962 0.04741593822836876 0.9916318655014038 0.02620873786509037
1305031113.243227 0.9919289350509644 -0.06325411051511765 0.10988994687795639 0.2181931734085083 0.06806319952011108 0.9968557357788086 -0.04057356342673302 -0.011613838374614716 -0.10697798430919647 0.047725554555654526 0.9931153059005737 0.024200722575187683
1305031113.279312 0.9929934740066528 -0.0672316774725914 0.09717918932437897 0.21056847274303436 0.07039905339479446 0.997081458568573 -0.02953655645251274 -0.021412499248981476 -0.09490979462862015 0.036170922219753265 0.9948285818099976 0.021552227437496185
1305031113.311452 0.9931896924972534 -0.0738341212272644 0.09012532234191895 0.19106344878673553 0.07684463262557983 0.9965795278549194 -0.030399145558476448 -0.031980421394109726 -0.08757254481315613 0.037117764353752136 0.995466411113739 0.01665804721415043
1305031113.343252 0.9951828122138977 -0.06953541189432144 0.06910870224237442 0.17722652852535248 0.07311848551034927 0.9960315227508545 -0.05074314773082733 -0.020754139870405197 -0.06530599296092987 0.05555182695388794 0.9963178038597107 0.015137389302253723
1305031113.379312 0.9964559078216553 -0.062492918223142624 0.05630424991250038 0.15968118607997894 0.06508858501911163 0.9968411922454834 -0.04550986737012863 -0.019220320507884026 -0.05328233167529106 0.04901333525776863 0.9973759651184082 0.015033146366477013
1305031113.411625 0.9970582127571106 -0.06465665251016617 0.04116250202059746 0.14850987493991852 0.0662769228219986 0.9970270991325378 -0.039295829832553864 -0.029670093208551407 -0.038499362766742706 0.04190833866596222 0.9983795881271362 0.01627538539469242
1305031113.443266 0.9981261491775513 -0.049244388937950134 0.036320991814136505 0.1269284337759018 0.05118059366941452 0.9972034692764282 -0.054459430277347565 -0.017839670181274414 -0.033537596464157104 0.05621631070971489 0.9978551864624023 0.02267390862107277
1305031113.479311 0.9989977478981018 -0.03623441606760025 0.026278309524059296 0.10855625569820404 0.0374877005815506 0.998100757598877 -0.048882029950618744 -0.015691079199314117 -0.024457190185785294 0.04981815814971924 0.9984588027000427 0.022966168820858
1305031113.511523 0.9993922114372253 -0.031513385474681854 0.014903329312801361 0.0956372395157814 0.03206915035843849 0.9987380504608154 -0.03865206241607666 -0.019493695348501205 -0.013666458427906036 0.03910650685429573 0.9991416931152344 0.0214090496301651
1305031113.543242 0.9996368885040283 -0.026394151151180267 0.005433458834886551 0.07952085137367249 0.026558663696050644 0.999107837677002 -0.032834865152835846 -0.0227745920419693 -0.004561964422464371 0.032967232167720795 0.9994460344314575 0.020289195701479912
1305031113.579301 0.9998572468757629 -0.01644076406955719 -0.0038949113804847 0.06789084523916245 0.016300121322274208 0.9992976188659668 -0.0337420292198658 -0.021462975069880486 0.004446920473128557 0.0336737260222435 0.9994229674339294 0.019692158326506615
1305031113.611268 0.9998798966407776 -0.00867244228720665 -0.01283863466233015 0.06000268831849098 0.008343142457306385 0.9996403455734253 -0.02548431232571602 -0.02351968362927437 0.013055030256509781 0.02537413313984871 0.9995927810668945 0.02143825590610504
1305031113.643222 0.9999337792396545 -5.670729296980426e-05 -0.01150457188487053 0.046156711876392365 -0.00018071784870699048 0.9997870326042175 -0.020635204389691353 -0.02345208078622818 0.011503292247653008 0.02063591033220291 0.9997208714485168 0.02176590822637081
1305031113.679288 0.9999302625656128 0.007379249669611454 -0.009211454540491104 0.033146701753139496 -0.007549456786364317 0.9997988343238831 -0.018581658601760864 -0.023745553568005562 0.009072483517229557 0.018649909645318985 0.9997848868370056 0.022487901151180267
1305031113.711931 0.9998332262039185 0.016442807391285896 -0.007951660081744194 0.022467410191893578 -0.016581980511546135 0.9997045993804932 -0.017765432596206665 -0.02417769655585289 0.007657196838408709 0.017894322052598 0.999810516834259 0.021781910210847855
1305031113.74359 0.9996510148048401 0.026157230138778687 -0.003697397653013468 0.012609442695975304 -0.026225175708532333 0.999461829662323 -0.01971055567264557 -0.02295566163957119 0.0031798332929611206 0.019800644367933273 0.9997987747192383 0.022885801270604134
1305031113.77932 0.9993827939033508 0.035003166645765305 0.00297717796638608 -0.0007617921801283956 -0.034931398928165436 0.9991592168807983 -0.021461956202983856 -0.023963790386915207 -0.0037259110249578953 0.021344710141420364 0.999765157699585 0.02367706224322319
1305031113.811237 0.9992073774337769 0.03949849307537079 0.004942001774907112 -0.012594480998814106 -0.039363548159599304 0.9989138841629028 -0.024937348440289497 -0.021315691992640495 -0.005921621341258287 0.024723049253225327 0.9996768236160278 0.023684626445174217
1305031113.843295 0.9988713264465332 0.046449948102235794 0.009919443167746067 -0.024453073740005493 -0.04618854820728302 0.9986166954040527 -0.025129957124590874 -0.018597379326820374 -0.011073006317019463 0.0246434286236763 0.9996349811553955 0.02526700869202614
1305031113.879281 0.9983716607093811 0.055412646383047104 0.013538884930312634 -0.04024193063378334 -0.05508306995034218 0.9982026815414429 -0.023610951378941536 -0.024917639791965485 -0.01482289656996727 0.02282674051821232 0.999629557132721 0.026221679523587227
1305031113.91129 0.9983860850334167 0.056005947291851044 0.009410169906914234 -0.04876633733510971 -0.05568576976656914 0.9979543089866638 -0.0314006507396698 -0.0221242718398571 -0.011149543337523937 0.030825965106487274 0.9994625449180603 0.027070166543126106
1305031113.943291 0.9980618357658386 0.06121635064482689 0.011183185502886772 -0.05701637268066406 -0.06077399104833603 0.9974895119667053 -0.03634653985500336 -0.022425394505262375 -0.01338011585175991 0.03559644892811775 0.9992766380310059 0.029764769598841667
1305031113.979293 0.9972983598709106 0.07117211818695068 0.018177315592765808 -0.07331755757331848 -0.07032553106546402 0.9965707659721375 -0.04359951615333557 -0.021795710548758507 -0.02121804840862751 0.0422033928334713 0.9988836646080017 0.030233899131417274
1305031114.011257 0.9964097738265991 0.08168766647577286 0.022241942584514618 -0.08875797688961029 -0.08047642558813095 0.9954621195793152 -0.050781458616256714 -0.01969476416707039 -0.026289230212569237 0.04880918934941292 0.9984620213508606 0.02973702736198902
1305031114.043301 0.996048092842102 0.0867210403084755 0.019169244915246964 -0.10510633885860443 -0.08559415489435196 0.994900107383728 -0.05336109548807144 -0.01931489259004593 -0.023699015378952026 0.051509447395801544 0.9983912110328674 0.03125564754009247
1305031114.079285 0.9961421489715576 0.08729756623506546 0.008939363993704319 -0.1184796541929245 -0.08666910231113434 0.9946773052215576 -0.055727213621139526 -0.021299561485648155 -0.013756630010902882 0.05473746359348297 0.9984059929847717 0.031120212748646736
1305031114.111263 0.9953880310058594 0.09587747603654861 -0.003187313675880432 -0.12932293117046356 -0.09588777273893356 0.9934049248695374 -0.06286586076021194 -0.016337301582098007 -0.0028611253947019577 0.06288155913352966 0.9980169534683228 0.033513911068439484
1305031114.143284 0.9946306347846985 0.10270959138870239 -0.012670502066612244 -0.1399124413728714 -0.10330479592084885 0.992684006690979 -0.06250319629907608 -0.015485203824937344 0.006158125586807728 0.06347653269767761 0.9979643225669861 0.03554424270987511
1305031114.179337 0.9942381381988525 0.10539150983095169 -0.019570935517549515 -0.1476992666721344 -0.10644970089197159 0.992213249206543 -0.06466339528560638 -0.01924898661673069 0.01260356605052948 0.06637413054704666 0.9977153539657593 0.037319689989089966
1305031114.211303 0.9936927556991577 0.11042409390211105 -0.019521649926900864 -0.15968452394008636 -0.11155419796705246 0.9911556839942932 -0.07187515497207642 -0.011612260714173317 0.011412246152758598 0.07359955459833145 0.9972226619720459 0.036513399332761765
1305031114.243337 0.992703914642334 0.11863802373409271 -0.021537894383072853 -0.175161212682724 -0.11983665823936462 0.9905064105987549 -0.06735120713710785 -0.011296509765088558 0.013343006372451782 0.06944084912538528 0.9974969029426575 0.038714129477739334
1305031114.27939 0.9918754696846008 0.12337560206651688 -0.031005918979644775 -0.19004285335540771 -0.1252095103263855 0.989896297454834 -0.06654216349124908 -0.010897055268287659 0.022482963278889656 0.0698838010430336 0.9973018765449524 0.03886879235506058
1305031114.311429 0.9911308884620667 0.12336969375610352 -0.049391694366931915 -0.19800427556037903 -0.12640464305877686 0.9899163246154785 -0.06393501907587051 -0.009043706580996513 0.041005995124578476 0.0696113109588623 0.996731162071228 0.04191012680530548
1305031114.343331 0.9896625280380249 0.1291821002960205 -0.062290072441101074 -0.2044089287519455 -0.13295906782150269 0.9892511367797852 -0.06086098775267601 -0.009295070543885231 0.05375836417078972 0.06851387768983841 0.9962007403373718 0.04579580947756767
1305031114.37932 0.988208532333374 0.13751259446144104 -0.06733538210391998 -0.2103034108877182 -0.1416119933128357 0.988075852394104 -0.06043368950486183 -0.00890897586941719 0.05822207033634186 0.06925660371780396 0.9958983659744263 0.04759155213832855
1305031114.411397 0.9869177341461182 0.14598341286182404 -0.06842579692602158 -0.2227957546710968 -0.15020941197872162 0.9867515563964844 -0.06130688637495041 -0.00928316731005907 0.058569472283124924 0.07078304886817932 0.9957706928253174 0.048415686935186386
1305031114.443345 0.9857815504074097 0.15017390251159668 -0.07538214325904846 -0.23425815999507904 -0.154841348528862 0.9860898852348328 -0.06042245775461197 -0.007945364341139793 0.06525969505310059 0.07123561948537827 0.9953223466873169 0.047570012509822845
1305031114.479332 0.9843444228172302 0.1541176736354828 -0.08552001416683197 -0.2481558918952942 -0.15936848521232605 0.9854921698570251 -0.05836901068687439 -0.00814968254417181 0.07528360933065414 0.0710843950510025 0.9946252107620239 0.05024024099111557
1305031114.511266 0.9819074273109436 0.15773220360279083 -0.10477738082408905 -0.25099071860313416 -0.1641523241996765 0.9848600625991821 -0.05572032928466797 -0.006653415970504284 0.09440220147371292 0.07191164791584015 0.992933452129364 0.05035962164402008
1305031114.543236 0.9810305833816528 0.15627548098564148 -0.11470291763544083 -0.2529667019844055 -0.16263698041439056 0.9855022430419922 -0.04831620678305626 -0.008292337879538536 0.10548937320709229 0.06605460494756699 0.9922241568565369 0.05232103168964386
1305031114.579237 0.9820014238357544 0.14944912493228912 -0.11549077183008194 -0.25834912061691284 -0.15551923215389252 0.9867881536483765 -0.04541873186826706 -0.009658806025981903 0.10717716068029404 0.06256228685379028 0.9922695755958557 0.053737130016088486
1305031114.611391 0.9824851751327515 0.14546935260295868 -0.11645320802927017 -0.26283979415893555 -0.15127643942832947 0.9875714778900146 -0.04263937473297119 -0.007230307906866074 0.1088031530380249 0.05950918048620224 0.9922804236412048 0.053817298263311386
1305031114.644136 0.9824987649917603 0.14494043588638306 -0.11699789762496948 -0.27193519473075867 -0.14959174394607544 0.9882312417030334 -0.0319577232003212 -0.008323036134243011 0.11098901927471161 0.048900336027145386 0.9926177859306335 0.05486869812011719
1305031114.679251 0.9808019995689392 0.14547239243984222 -0.12986615300178528 -0.27174803614616394 -0.14961223304271698 0.9884850978851318 -0.022659383714199066 -0.012527436949312687 0.12507443130016327 0.04165393486618996 0.9912726879119873 0.05457885563373566
1305031114.711306 0.9795734286308289 0.1427914947271347 -0.1415863037109375 -0.27040183544158936 -0.14686954021453857 0.9889785647392273 -0.018728891387581825 -0.015905937179923058 0.13735149800777435 0.03914104029536247 0.9897487163543701 0.0555838868021965
1305031114.7432 0.9776312112808228 0.15119457244873047 -0.14621010422706604 -0.2729262709617615 -0.1554778665304184 0.9876706600189209 -0.018258417025208473 -0.01788463070988655 0.1416468471288681 0.04058243706822395 0.9890850186347961 0.0557277537882328
1305031114.779289 0.9758939743041992 0.1558772474527359 -0.15275229513645172 -0.2693122923374176 -0.16121630370616913 0.98664790391922 -0.023135939612984657 -0.015915097668766975 0.1471063643693924 0.0472043938934803 0.9879936575889587 0.05524866282939911
1305031114.811303 0.9756680130958557 0.15842866897583008 -0.15156619250774384 -0.26951107382774353 -0.16414359211921692 0.9860967993736267 -0.025887472555041313 -0.011331520043313503 0.14535760879516602 0.050136204808950424 0.9881081581115723 0.05539574474096298
1305031114.843208 0.9747034907341003 0.1636681854724884 -0.1522028148174286 -0.268555611371994 -0.16930073499679565 0.9852542877197266 -0.02472519315779209 -0.012185725383460522 0.1459117978811264 0.04986777529120445 0.9880399703979492 0.055056050419807434
1305031114.879281 0.9744905233383179 0.1629774421453476 -0.15429382026195526 -0.26389309763908386 -0.16895857453346252 0.9852699041366577 -0.026389705017209053 -0.008188907988369465 0.14772017300128937 0.05178578197956085 0.9876725673675537 0.055584706366062164
1305031114.912879 0.9742847681045532 0.16401389241218567 -0.15449410676956177 -0.26136869192123413 -0.16978785395622253 0.9851671457290649 -0.024859623983502388 -0.006111891474574804 0.14812520146369934 0.050451576709747314 0.987680971622467 0.054981209337711334
1305031114.943234 0.9734798073768616 0.16685914993286133 -0.15650896728038788 -0.25285661220550537 -0.17228423058986664 0.9848091006278992 -0.021665450185537338 -0.003011742839589715 0.15051640570163727 0.048054903745651245 0.9874389171600342 0.056140389293432236
1305031114.97928 0.9740154147148132 0.1682477593421936 -0.15161293745040894 -0.24737390875816345 -0.17280302941799164 0.984804630279541 -0.017291681841015816 -0.002668881556019187 0.1463998258113861 0.043041542172431946 0.9882887005805969 0.05495795980095863
1305031115.0113 0.974025309085846 0.17218922078609467 -0.14705626666545868 -0.24340449273586273 -0.1759278029203415 0.9843209981918335 -0.012707224115729332 0.002978612668812275 0.14256252348423004 0.038248442113399506 0.9890465140342712 0.05616450309753418
1305031115.043508 0.9743479490280151 0.17154021561145782 -0.14567095041275024 -0.23150299489498138 -0.1739160120487213 0.9847537279129028 -0.0036370716989040375 -0.0008405114058405161 0.142826110124588 0.028878280892968178 0.9893264174461365 0.059532586485147476
1305031115.079238 0.9750151634216309 0.17175647616386414 -0.14087243378162384 -0.22171856462955475 -0.1739635467529297 0.9847462177276611 -0.003411313518881798 0.0025518289767205715 0.13813763856887817 0.027832746505737305 0.9900218844413757 0.059861280024051666
