1305031108.01132 0.9997373819351196 0.009627479128539562 0.020801568403840065 0.024854859337210655 -0.009860456921160221 0.9998893737792969 0.011126608587801456 0.01308361068367958 -0.02069215103983879 -0.011328799650073051 0.9997217059135437 0.020697547122836113
1305031108.043418 0.999408483505249 0.006144902668893337 0.03383571654558182 0.03233608603477478 -0.006276500876992941 0.9999731183052063 0.0037844902835786343 0.016765570268034935 -0.033811550587415695 -0.0039946213364601135 0.9994202852249146 0.02667076326906681
1305031108.075352 0.9987381100654602 -0.005443033762276173 0.049927759915590286 0.04303232580423355 0.005192536860704422 0.9999732971191406 0.005145507398992777 0.013849996030330658 -0.04995443671941757 -0.00487976148724556 0.9987395405769348 0.025825029239058495
1305031108.111378 0.9977926015853882 -0.005397940054535866 0.06618820130825043 0.04244721680879593 0.005546660628169775 0.999982476234436 -0.0020633861422538757 0.015970459207892418 -0.0661759153008461 0.00242595374584198 0.9978049993515015 0.032082825899124146
1305031108.143334 0.9976463913917542 -0.006593658588826656 0.06825114786624908 0.05717488005757332 0.007003944832831621 0.9999588131904602 -0.005773850250989199 0.017446432262659073 -0.06821026653051376 0.006238289177417755 0.9976514577865601 0.03163354471325874
1305031108.176058 0.9968850016593933 -0.011480521410703659 0.07802976667881012 0.06115923449397087 0.011826503090560436 0.9999221563339233 -0.0039732856675982475 0.021017711609601974 -0.07797807455062866 0.004883727990090847 0.9969430565834045 0.03397286683320999
1305031108.211475 0.9969519972801208 -0.011199463158845901 0.07720844447612762 0.07388881593942642 0.010685082525014877 0.9999179244041443 0.007072144187986851 0.02043270133435726 -0.07728130370378494 -0.00622561015188694 0.996989905834198 0.036894530057907104
1305031108.243347 0.9966958165168762 -0.0071740299463272095 0.08090681582689285 0.08515642583370209 0.006284121423959732 0.9999169707298279 0.011248450726270676 0.016794495284557343 -0.08098078519105911 -0.010702857747673988 0.9966581463813782 0.04158645123243332
1305031108.275358 0.9959545135498047 -0.008196799084544182 0.08948300033807755 0.09359236806631088 0.007578104268759489 0.9999448657035828 0.007251662202179432 0.02245846763253212 -0.08953752368688583 -0.006544211879372597 0.9959619641304016 0.04191450774669647
1305031108.311332 0.995319664478302 -0.010237075388431549 0.09609366953372955 0.09536604583263397 0.008976208046078682 0.999867856502533 0.013544373214244843 0.02541254833340645 -0.09621963649988174 -0.012618422508239746 0.9952801465988159 0.044652778655290604
1305031108.343278 0.9960129261016846 -0.016312234103679657 0.08770464360713959 0.10970998555421829 0.014369627460837364 0.9996382594108582 0.02273532561957836 0.02895341068506241 -0.08804377168416977 -0.02138439752161503 0.9958869814872742 0.04801156744360924
1305031108.37541 0.9961932897567749 -0.026236271485686302 0.08312966674566269 0.11531278491020203 0.02355414442718029 0.9991750717163086 0.03308255970478058 0.03001316264271736 -0.08392905443906784 -0.030998576432466507 0.9959894418716431 0.050753988325595856
1305031108.411361 0.9965251684188843 -0.03892001882195473 0.07363876700401306 0.12533488869667053 0.03580603376030922 0.9984269142150879 0.04314541816711426 0.030732160434126854 -0.07520214468240738 -0.040358781814575195 0.9963512420654297 0.05298232287168503
1305031108.44361 0.9961588382720947 -0.05263553932309151 0.06997880339622498 0.13484609127044678 0.049013953655958176 0.9974173307418823 0.05250042304396629 0.03214693069458008 -0.07256145030260086 -0.04886883124709129 0.9961659908294678 0.05628536641597748
1305031108.475471 0.9955369234085083 -0.06579086184501648 0.06765959411859512 0.144126757979393 0.06169414892792702 0.9962321519851685 0.060954686254262924 0.029696758836507797 -0.07141491770744324 -0.056508440524339676 0.9958447217941284 0.057606566697359085
1305031108.511378 0.9949505925178528 -0.07315703481435776 0.06871195137500763 0.16089247167110443 0.06881501525640488 0.9956022500991821 0.06356628239154816 0.026114437729120255 -0.07306009531021118 -0.05851690098643303 0.9956093430519104 0.059697121381759644
1305031108.543737 0.9940241575241089 -0.06876703351736069 0.08477624505758286 0.16930508613586426 0.0638306587934494 0.9961778521537781 0.05962727963924408 0.02221660315990448 -0.08855259418487549 -0.05385962501168251 0.99461430311203 0.061584748327732086
1305031108.575414 0.9931851029396057 -0.0679129809141159 0.09471622109413147 0.17694681882858276 0.0636730045080185 0.9968590140342712 0.047094233334064484 0.030079450458288193 -0.0976170226931572 -0.0407424233853817 0.9943897128105164 0.06069226562976837
1305031108.611407 0.9925530552864075 -0.06852833926677704 0.1007082611322403 0.19302572309970856 0.06390901654958725 0.9967809915542603 0.048403944820165634 0.031119566410779953 -0.10370111465454102 -0.041607316583395004 0.9937378168106079 0.06095411628484726
1305031108.643303 0.9909884929656982 -0.07052779197692871 0.11387410759925842 0.19905081391334534 0.06528981775045395 0.9966577291488647 0.049094535410404205 0.032489292323589325 -0.11695605516433716 -0.04121730476617813 0.9922813773155212 0.06169264763593674
1305031108.675375 0.9900689125061035 -0.08097658306360245 0.11491724103689194 0.21727021038532257 0.0754966214299202 0.9958270788192749 0.05127006396651268 0.03916873782873154 -0.11858941614627838 -0.04208505526185036 0.9920510053634644 0.05979134142398834
1305031108.711411 0.9871724843978882 -0.09174118936061859 0.13066646456718445 0.22266735136508942 0.0841149389743805 0.9944785833358765 0.06274518370628357 0.036963120102882385 -0.13570134341716766 -0.0509493350982666 0.9894387722015381 0.06209665536880493
1305031108.743502 0.9850729703903198 -0.09233245253562927 0.1452779620885849 0.2239294946193695 0.0828673467040062 0.9941047430038452 0.0699194073677063 0.03384925425052643 -0.15087735652923584 -0.05683693289756775 0.9869171380996704 0.06513482332229614
1305031108.775493 0.9840390682220459 -0.09823207557201385 0.14838331937789917 0.23265039920806885 0.0889286920428276 0.9937072992324829 0.06809821724891663 0.03875955194234848 -0.15413901209831238 -0.053815774619579315 0.9865824580192566 0.06350000202655792
1305031108.811244 0.9815682172775269 -0.10807192325592041 0.15762042999267578 0.2329736202955246 0.09759938716888428 0.9925628304481506 0.07275523245334625 0.038329798728227615 -0.16431094706058502 -0.05603057146072388 0.9848159551620483 0.06470051407814026
1305031108.843264 0.9801164269447327 -0.11870574951171875 0.15899939835071564 0.23381488025188446 0.10859261453151703 0.9915561676025391 0.07088084518909454 0.038846760988235474 -0.16607074439525604 -0.05220532789826393 0.9847309589385986 0.06582765281200409
1305031108.876515 0.9794296622276306 -0.13047030568122864 0.15393228828907013 0.2340463101863861 0.120749332010746 0.9901453256607056 0.07093460857868195 0.035639259964227676 -0.16167019307613373 -0.050888240337371826 0.9855319261550903 0.06466178596019745
1305031108.911364 0.9792303442955017 -0.1397174894809723 0.1469249278306961 0.23540844023227692 0.13121293485164642 0.9891473054885864 0.06611191481351852 0.03395867347717285 -0.15456733107566833 -0.04546034336090088 0.9869358539581299 0.06622995436191559
1305031108.943243 0.9796739220619202 -0.14332880079746246 0.14034226536750793 0.23403239250183105 0.13668985664844513 0.9890351295471191 0.05590448155999184 0.032859958708286285 -0.14681611955165863 -0.035584788769483566 0.988523542881012 0.06218485161662102
1305031108.975268 0.9813671708106995 -0.13670185208320618 0.1350218504667282 0.22455433011054993 0.1312037706375122 0.9901509881019592 0.04885414242744446 0.03261532261967659 -0.1403704434633255 -0.030228478834033012 0.989637553691864 0.05808448791503906
1305031109.011269 0.9831358194351196 -0.13443870842456818 0.12397593259811401 0.22727344930171967 0.1294804960489273 0.9904553294181824 0.047255925834178925 0.03440162166953087 -0.12914562225341797 -0.030406529083848 0.9911593794822693 0.05696669593453407
1305031109.043277 0.9837983250617981 -0.13032405078411102 0.12311140447854996 0.22173669934272766 0.12562894821166992 0.9910475611686707 0.04519273713231087 0.03332333639264107 -0.1278989315032959 -0.02899419330060482 0.9913632869720459 0.055658359080553055
1305031109.07541 0.9857179522514343 -0.12120041996240616 0.11692063510417938 0.21696798503398895 0.11683360487222672 0.9921971559524536 0.043531205505132675 0.037681944668293 -0.12128431349992752 -0.029249239712953568 0.9921867251396179 0.051201410591602325
1305031109.111282 0.9866556525230408 -0.11640716344118118 0.11384178698062897 0.21125631034374237 0.11098670959472656 0.9924147725105286 0.05286727473139763 0.03497719764709473 -0.11913242936134338 -0.039526864886283875 0.992091178894043 0.0512344166636467
1305031109.143334 0.9876738786697388 -0.10843861103057861 0.11287710070610046 0.19913560152053833 0.1028214767575264 0.9932075142860413 0.05446580424904823 0.03289484605193138 -0.11801660805940628 -0.04218827560544014 0.9921149611473083 0.053362052887678146
1305031109.175464 0.9898568391799927 -0.09847331047058105 0.1024036556482315 0.1880142092704773 0.09344056248664856 0.9942213892936707 0.05284477397799492 0.03470384702086449 -0.10701573640108109 -0.042740099132061005 0.9933382868766785 0.05024620145559311
1305031109.211379 0.9905208945274353 -0.104800745844841 0.08879747986793518 0.18289035558700562 0.10039068758487701 0.9935479760169983 0.052765898406505585 0.04680803790688515 -0.09375445544719696 -0.04335129261016846 0.9946510195732117 0.048334039747714996
1305031109.24329 0.9895561933517456 -0.11809415370225906 0.08265658468008041 0.17437656223773956 0.11210773140192032 0.9909608960151672 0.07367599010467529 0.04237058758735657 -0.09061014652252197 -0.06364008784294128 0.9938508868217468 0.050184596329927444
1305031109.275308 0.9890175461769104 -0.12550602853298187 0.07805392146110535 0.15954552590847015 0.1190519779920578 0.9894558787345886 0.08248376101255417 0.03414991870522499 -0.08758311718702316 -0.07228541374206543 0.9935310482978821 0.05231626704335213
1305031109.311329 0.9900820255279541 -0.12647749483585358 0.06116461008787155 0.14888742566108704 0.12193254381418228 0.9898443818092346 0.07307848334312439 0.03730275109410286 -0.06978623569011688 -0.06489573419094086 0.9954488277435303 0.04961031675338745
1305031109.343248 0.9912225008010864 -0.12353214621543884 0.04709183797240257 0.13336968421936035 0.11972884833812714 0.989857017993927 0.07647237926721573 0.0386299192905426 -0.05606098100543022 -0.07016289979219437 0.9959589838981628 0.04683233052492142
1305031109.375397 0.9920399188995361 -0.12299365550279617 0.027005024254322052 0.12775196135044098 0.12042880803346634 0.9893369078636169 0.08190996944904327 0.03638703003525734 -0.03679148107767105 -0.07800577580928802 0.9962738156318665 0.04627985134720802
1305031109.411329 0.9931408762931824 -0.11620430648326874 0.012953520752489567 0.1178596243262291 0.11481860280036926 0.9901833534240723 0.0797097384929657 0.03863425925374031 -0.022088974714279175 -0.0776757076382637 0.9967339634895325 0.04438444599509239
1305031109.443302 0.9945104122161865 -0.10462532192468643 0.0016532409936189651 0.10855919122695923 0.10413374751806259 0.9911404848098755 0.0824425220489502 0.042606428265571594 -0.010264169424772263 -0.08181779086589813 0.9965944886207581 0.043307237327098846
1305031109.475363 0.9951854944229126 -0.0978994220495224 -0.004652834497392178 0.10059154033660889 0.09792441129684448 0.9912132620811462 0.088921919465065 0.040038399398326874 -0.004093455150723457 -0.08894942700862885 0.9960277676582336 0.04304123669862747
1305031109.511273 0.9959616661071777 -0.08934276551008224 -0.008844085037708282 0.089838907122612 0.08977687358856201 0.9918357133865356 0.09056538343429565 0.036504317075014114 0.0006805360317230225 -0.09099364280700684 0.9958512187004089 0.0470595583319664
1305031109.543294 0.9964168071746826 -0.08430196344852448 -0.006839891895651817 0.07609634846448898 0.08457821607589722 0.9927991032600403 0.08483261615037918 0.03619561716914177 -0.00036091957008466125 -0.08510716259479523 0.9963717460632324 0.041020993143320084
1305031109.575362 0.9964579343795776 -0.08388318121433258 -0.0059245070442557335 0.064839668571949 0.08408644795417786 0.993096113204956 0.0817909836769104 0.038410693407058716 -0.0009772838093340397 -0.08199944347143173 0.9966318607330322 0.038270365446805954
1305031109.61131 0.9968010187149048 -0.07959841936826706 -0.007195218466222286 0.05331641435623169 0.07992048561573029 0.9934311509132385 0.08189984411001205 0.03824599087238312 0.0006288542645052075 -0.0822129026055336 0.9966146349906921 0.03647826239466667
1305031109.643229 0.9968536496162415 -0.07832968980073929 -0.012138636782765388 0.046687934547662735 0.07906847447156906 0.9934250712394714 0.0827949270606041 0.0390656441450119 0.0055735232308506966 -0.08349421620368958 0.9964926838874817 0.035252053290605545
1305031109.675263 0.9966811537742615 -0.08078961819410324 -0.009998014196753502 0.03335987403988838 0.08135303109884262 0.9929190874099731 0.08656494319438934 0.03979898616671562 0.002933669835329056 -0.08709100633859634 0.9961960911750793 0.032801177352666855
1305031109.711312 0.9966731071472168 -0.07976885885000229 -0.016721395775675774 0.023147547617554665 0.08095966279506683 0.9926152229309082 0.09033597260713577 0.04194498434662819 0.009391916915774345 -0.09138921648263931 0.9957709908485413 0.0330413319170475
1305031109.743274 0.9966691136360168 -0.07814961671829224 -0.023304961621761322 0.013573101721704006 0.08010070770978928 0.9917715787887573 0.0998646542429924 0.041131190955638885 0.015308814123272896 -0.1013987734913826 0.9947280883789062 0.03270896524190903
1305031109.775277 0.9965477585792542 -0.07817570120096207 -0.02794618532061577 0.005237651523202658 0.08071940392255783 0.991085946559906 0.10598592460155487 0.04051467776298523 0.019411545246839523 -0.10787585377693176 0.9939748048782349 0.03508375957608223
1305031109.811371 0.9966758489608765 -0.07592369616031647 -0.029542699456214905 -0.00583927845582366 0.07872837036848068 0.99085533618927 0.1095794141292572 0.041636329144239426 0.02095286175608635 -0.1115410178899765 0.9935389757156372 0.03509725630283356
1305031109.843296 0.9967613816261292 -0.07364394515752792 -0.032300110906362534 -0.0176823940128088 0.07690630108118057 0.9903500080108643 0.11529239267110825 0.041989490389823914 0.02349782921373844 -0.11740311235189438 0.9928061962127686 0.03434998169541359
1305031109.875306 0.9969346523284912 -0.06996244192123413 -0.03502236306667328 -0.03214411064982414 0.07375497370958328 0.9897470474243164 0.12231529504060745 0.041893646121025085 0.026105806231498718 -0.12452346086502075 0.991873025894165 0.03426848724484444
1305031109.911265 0.997168779373169 -0.059728726744651794 -0.04568149894475937 -0.04267730563879013 0.06509938091039658 0.9897772073745728 0.12689930200576782 0.038510072976350784 0.037634968757629395 -0.1295139044523239 0.990863025188446 0.037147946655750275
1305031109.943299 0.9970203042030334 -0.05117416754364967 -0.05772069841623306 -0.04612188786268234 0.058123864233493805 0.9903290271759033 0.12597525119781494 0.04430626705288887 0.05071580410003662 -0.12895484268665314 0.9903526902198792 0.03809564933180809
1305031109.975258 0.9973444938659668 -0.04019840806722641 -0.06072872504591942 -0.05716468021273613 0.04812721163034439 0.9896324872970581 0.1353188455104828 0.043117549270391464 0.054659511893987656 -0.13788221776485443 0.9889392852783203 0.04049709439277649
1305031110.011256 0.997451663017273 -0.02824072539806366 -0.06551830470561981 -0.06741607934236526 0.037307657301425934 0.9892233610153198 0.14158175885677338 0.04198786988854408 0.06081386283040047 -0.14366529881954193 0.9877559542655945 0.0446038693189621
1305031110.043299 0.9977200031280518 -0.013034132309257984 -0.06621807813644409 -0.07627082616090775 0.022542621940374374 0.9891826510429382 0.1449463814496994 0.04328509420156479 0.06361252069473267 -0.14610867202281952 0.9872211217880249 0.04495345056056976
1305031110.075319 0.9978848099708557 -0.0017754920991137624 -0.06498422473669052 -0.08739181607961655 0.011364098638296127 0.9889993071556091 0.1474832445383072 0.04561978206038475 0.06400749832391739 -0.1479097306728363 0.9869273900985718 0.04605671018362045
1305031110.111325 0.9976982474327087 0.008068661205470562 -0.0673312097787857 -0.09804177284240723 0.0024367179721593857 0.9879895448684692 0.15450257062911987 0.04778401553630829 0.06776914745569229 -0.15431097149848938 0.985695481300354 0.04915359243750572
1305031110.143432 0.9970405101776123 0.0169496089220047 -0.07498681545257568 -0.10631369054317474 -0.004589833319187164 0.9867772459983826 0.1620180904865265 0.04147648438811302 0.07674141228199005 -0.16119442880153656 0.9839345216751099 0.050540730357170105
1305031110.175641 0.9965778589248657 0.0182699803262949 -0.08061583340167999 -0.11534121632575989 -0.005032567773014307 0.9868695139884949 0.16144128143787384 0.04641346633434296 0.08250684291124344 -0.16048309206962585 0.9835841059684753 0.0492376983165741
1305031110.211637 0.995969295501709 0.025536570698022842 -0.08598341047763824 -0.12233038246631622 -0.010323732160031796 0.9848816990852356 0.17292140424251556 0.04148983582854271 0.08909928798675537 -0.17133675515651703 0.9811753034591675 0.0504596084356308
1305031110.243323 0.995217502117157 0.025934109464287758 -0.09417774528265 -0.13053591549396515 -0.009179209358990192 0.9846758246421814 0.17415344715118408 0.04011310264468193 0.0972510501742363 -0.17245610058307648 0.9802045822143555 0.05232638120651245
1305031110.279321 0.9941502213478088 0.026935487985610962 -0.10459396243095398 -0.13527899980545044 -0.00868989434093237 0.985211968421936 0.1711198389530182 0.039489757269620895 0.10765639692544937 -0.16920989751815796 0.9796826839447021 0.053745146840810776
1305031110.311404 0.9937887787818909 0.0313732884824276 -0.10676886141300201 -0.14682431519031525 -0.013374313712120056 0.9861546158790588 0.16528856754302979 0.03997271507978439 0.11047623306512833 -0.16283398866653442 0.9804489612579346 0.05208277702331543
1305031110.343355 0.9926181435585022 0.033857762813568115 -0.11646033078432083 -0.15527184307575226 -0.014867138117551804 0.9869695901870728 0.16021928191184998 0.044119693338871 0.12036744505167007 -0.15730518102645874 0.9801870584487915 0.05395296961069107
1305031110.379281 0.9915713667869568 0.03793885558843613 -0.12388208508491516 -0.16859076917171478 -0.017856234684586525 0.9870586395263672 0.15936240553855896 0.04318888485431671 0.12832492589950562 -0.15580712258815765 0.9794166088104248 0.049936018884181976
1305031110.411469 0.9900003671646118 0.04383499547839165 -0.13408058881759644 -0.17877061665058136 -0.022615212947130203 0.9875190854072571 0.15586760640144348 0.04774564504623413 0.1392395943403244 -0.15127673745155334 0.9786356687545776 0.047773201018571854
1305031110.44326 0.9873143434524536 0.05567803233861923 -0.14869578182697296 -0.18182487785816193 -0.03060070425271988 0.985668957233429 0.16589298844337463 0.04724055528640747 0.15580140054225922 -0.15923833847045898 0.9748687148094177 0.04926156997680664
1305031110.479331 0.9845625162124634 0.06981948018074036 -0.1605052947998047 -0.19157226383686066 -0.04157532379031181 0.9840393662452698 0.1730261743068695 0.045600492507219315 0.17002412676811218 -0.1636820286512375 0.9717509746551514 0.05157264322042465
1305031110.511429 0.9820025563240051 0.07880169153213501 -0.17164289951324463 -0.20227888226509094 -0.04858748987317085 0.9836165904998779 0.17360235750675201 0.046506963670253754 0.18251095712184906 -0.16213823854923248 0.9697426557540894 0.05061810091137886
1305031110.543408 0.9795805215835571 0.08565717190504074 -0.1818924993276596 -0.21294908225536346 -0.05348937213420868 0.9831303358078003 0.1749110370874405 0.050092265009880066 0.19380639493465424 -0.16161009669303894 0.9676368832588196 0.04785822704434395
1305031110.579426 0.9755715727806091 0.0962049588561058 -0.19749614596366882 -0.21574652194976807 -0.05981876328587532 0.9813728332519531 0.18256278336048126 0.05305863916873932 0.21138077974319458 -0.1662890464067459 0.9631541967391968 0.04871330410242081
1305031110.611307 0.9740180969238281 0.10736288875341415 -0.19940410554409027 -0.22660128772258759 -0.06770520657300949 0.9782639741897583 0.1959996223449707 0.04808945581316948 0.2161128968000412 -0.1774064600467682 0.9601156711578369 0.05141523852944374
1305031110.643418 0.9735392928123474 0.10836503654718399 -0.201192244887352 -0.23689396679401398 -0.06916259974241257 0.9788461923599243 0.19255311787128448 0.04808758199214935 0.2178022712469101 -0.1735430359840393 0.9604399800300598 0.04967428371310234
1305031110.679606 0.9722261428833008 0.11229117214679718 -0.2053457349538803 -0.24191060662269592 -0.07303949445486069 0.9791373014450073 0.18961945176124573 0.053185269236564636 0.2223542332649231 -0.1693546622991562 0.960144579410553 0.04704840108752251
1305031110.711412 0.971295177936554 0.11607272177934647 -0.20763614773750305 -0.2473938912153244 -0.07446461915969849 0.9773634076118469 0.19802966713905334 0.05143294483423233 0.22592177987098694 -0.17688371241092682 0.9579517245292664 0.048623040318489075
1305031110.743249 0.9701177477836609 0.12072862684726715 -0.21046683192253113 -0.25186407566070557 -0.07840131223201752 0.9768640398979187 0.19897177815437317 0.05138630419969559 0.2296190857887268 -0.17652516067028046 0.9571383595466614 0.049122292548418045
1305031110.779193 0.9691309928894043 0.1227891594171524 -0.21379396319389343 -0.25419527292251587 -0.07998029887676239 0.9768364429473877 0.198478564620018 0.052824050188064575 0.23321276903152466 -0.17525245249271393 0.9565032124519348 0.049530990421772
1305031110.811386 0.9690517783164978 0.12625162303447723 -0.21213024854660034 -0.2582739293575287 -0.08342915028333664 0.9762561917304993 0.199909046292305 0.05319274961948395 0.23233230412006378 -0.1760243922472 0.9565756916999817 0.048447657376527786
1305031110.843218 0.9673314094543457 0.13150107860565186 -0.21674250066280365 -0.2588629722595215 -0.08722627907991409 0.9753918051719666 0.2024907022714615 0.05436026304960251 0.23803658783435822 -0.176969975233078 0.9549975395202637 0.050546251237392426
1305031110.879313 0.9662484526634216 0.13247063755989075 -0.22094205021858215 -0.2585402727127075 -0.0870988741517067 0.9751396775245667 0.203755721449852 0.05302976444363594 0.24244101345539093 -0.1776348501443863 0.953765332698822 0.04865042865276337
1305031110.911333 0.9654529690742493 0.13301782310009003 -0.22406882047653198 -0.257438063621521 -0.08697056770324707 0.9750754833221436 0.2041177600622177 0.05451203137636185 0.2456352859735489 -0.17757870256900787 0.9529581069946289 0.05000481382012367
1305031110.943862 0.964131772518158 0.13401849567890167 -0.22910484671592712 -0.25421014428138733 -0.08665519952774048 0.9748008847236633 0.20555786788463593 0.05328866466879845 0.2508802115917206 -0.17833176255226135 0.9514497518539429 0.050240859389305115
1305031110.979345 0.963945209980011 0.1351923793554306 -0.22920015454292297 -0.24837467074394226 -0.08828409761190414 0.9750206470489502 0.20381470024585724 0.05627764016389847 0.2510291337966919 -0.17623144388198853 0.9518017768859863 0.05203936621546745
1305031111.011431 0.9646207094192505 0.13321048021316528 -0.22751261293888092 -0.236928328871727 -0.08548286557197571 0.9743719100952148 0.20806768536567688 0.05446517467498779 0.24939866364002228 -0.181257963180542 0.9512864351272583 0.05262653902173042
1305031111.043327 0.9680344462394714 0.12742185592651367 -0.21603946387767792 -0.2333918809890747 -0.08329489827156067 0.9757766127586365 0.2022916078567505 0.05768615007400513 0.23658262193202972 -0.17783023416996002 0.9551989436149597 0.05400613322854042
1305031111.079283 0.9707560539245605 0.12196849286556244 -0.20677630603313446 -0.2314857393503189 -0.07873153686523438 0.9754335880279541 0.20574437081813812 0.058272432535886765 0.22679081559181213 -0.18344777822494507 0.9565107226371765 0.05220307782292366
1305031111.111508 0.972057044506073 0.11538945883512497 -0.20442739129066467 -0.22402498126029968 -0.07138913869857788 0.974911630153656 0.21083393692970276 0.05480439215898514 0.22362664341926575 -0.19034868478775024 0.9559071660041809 0.05487096682190895
1305031111.143257 0.9733549356460571 0.11219153553247452 -0.1999833583831787 -0.2172689139842987 -0.06984256207942963 0.9757466316223145 0.20746193826198578 0.05385059118270874 0.21840855479240417 -0.1879667341709137 0.9575835466384888 0.0565502755343914
1305031111.179326 0.973621129989624 0.10989156365394592 -0.19996479153633118 -0.20347484946250916 -0.06861482560634613 0.9768264889717102 0.2027364820241928 0.05379758030176163 0.21760989725589752 -0.18366795778274536 0.9585989713668823 0.05744989588856697
1305031111.211433 0.9778451323509216 0.10169919580221176 -0.18296538293361664 -0.1960248202085495 -0.06496266275644302 0.9783284664154053 0.19660437107086182 0.05572635680437088 0.1989946961402893 -0.18036271631717682 0.9632602334022522 0.05608569085597992
1305031111.243236 0.9794036149978638 0.10094063729047775 -0.17487065494060516 -0.19237053394317627 -0.06556317210197449 0.9781275987625122 0.1974031627178192 0.05303248018026352 0.1909717619419098 -0.18187230825424194 0.9645995497703552 0.05665399134159088
1305031111.279308 0.9788802266120911 0.09509436041116714 -0.18097153306007385 -0.17537225782871246 -0.05969768390059471 0.9796081781387329 0.1918441504240036 0.04948773980140686 0.1955244094133377 -0.17698884010314941 0.9645958542823792 0.05977252498269081
1305031111.311547 0.9824880361557007 0.0883701890707016 -0.16403645277023315 -0.17409870028495789 -0.05805545300245285 0.9817377924919128 0.1811644285917282 0.05355340987443924 0.17705032229423523 -0.1684686839580536 0.9696759581565857 0.05297349393367767
1305031111.343397 0.9823698401451111 0.08865806460380554 -0.16458876430988312 -0.17227528989315033 -0.05746833235025406 0.9809792637825012 0.18541087210178375 0.05681169033050537 0.17789626121520996 -0.17268340289592743 0.9687792658805847 0.0546269454061985
1305031111.379134 0.9811028242111206 0.07962122559547424 -0.17634564638137817 -0.15687346458435059 -0.04571203142404556 0.9809889197349548 0.18860307335853577 0.050221070647239685 0.18800991773605347 -0.17697791755199432 0.9660905003547668 0.06134543567895889
1305031111.411296 0.982083797454834 0.0801633819937706 -0.17054453492164612 -0.15564611554145813 -0.049772363156080246 0.9832136631011963 0.17553825676441193 0.054318442940711975 0.181753471493721 -0.16390490531921387 0.9695878624916077 0.055846475064754486
1305031111.443386 0.9779762029647827 0.08926615864038467 -0.18866412341594696 -0.13798093795776367 -0.055718086659908295 0.9827805161476135 0.17617590725421906 0.05546818673610687 0.20114193856716156 -0.1617838442325592 0.9661096334457397 0.06115137040615082
1305031111.479259 0.9782060384750366 0.08623287826776505 -0.18888358771800995 -0.11584877967834473 -0.05353503301739693 0.9836704134941101 0.17183299362659454 0.05296073108911514 0.20061682164669037 -0.1579761803150177 0.9668486714363098 0.06923258304595947
1305031111.511264 0.9815815687179565 0.08588436990976334 -0.1706504225730896 -0.09969054162502289 -0.0563824437558651 0.983698308467865 0.17076030373573303 0.04472087323665619 0.1825340986251831 -0.15799343585968018 0.9704221487045288 0.0634767934679985
1305031111.54325 0.9837166666984558 0.08193503320217133 -0.15996310114860535 -0.08933676779270172 -0.05572088062763214 0.9852200746536255 0.16197769343852997 0.04488217458128929 0.17087049782276154 -0.15042686462402344 0.973742663860321 0.06808694452047348
1305031111.579237 0.9875699281692505 0.06611835956573486 -0.14259757101535797 -0.07737205177545547 -0.0436733216047287 0.9869257807731628 0.1551460176706314 0.0449209101498127 0.15099120140075684 -0.14698979258537292 0.9775456190109253 0.062401581555604935
1305031111.611271 0.9902606010437012 0.05353386327624321 -0.1285230964422226 -0.0748993530869484 -0.0329410657286644 0.9870001673698425 0.15730775892734528 0.04296242445707321 0.13527360558509827 -0.15154193341732025 0.9791505336761475 0.05962815135717392
1305031111.643395 0.9898933172225952 0.03708091750741005 -0.13688090443611145 -0.060088492929935455 -0.01608055830001831 0.9883345365524292 0.15144766867160797 0.03986230865120888 0.1408999115228653 -0.14771591126918793 0.9789419770240784 0.06456010043621063
1305031111.67932 0.9912646412849426 0.01855405606329441 -0.13057631254196167 -0.038805991411209106 -2.9801391065120697e-05 0.990086555480957 0.14045870304107666 0.042503368109464645 0.13188791275024414 -0.13922786712646484 0.9814382791519165 0.06296814233064651
1305031111.71176 0.993502676486969 0.014333841390907764 -0.1129024401307106 -0.032899804413318634 0.0016026628436520696 0.9901764392852783 0.13981352746486664 0.043008897453546524 0.11379740387201309 -0.1390860378742218 0.9837201237678528 0.06629628688097
1305031111.743386 0.994087815284729 0.007685825228691101 -0.10830743610858917 -0.002112975809723139 0.008298441767692566 0.9891960620880127 0.14636273682117462 0.028242632746696472 0.10826221853494644 -0.14639617502689362 0.9832841157913208 0.06446629017591476
1305031111.779423 0.997646152973175 -0.006000667344778776 -0.06830906867980957 0.0039144218899309635 0.014915265142917633 0.9913026094436646 0.13075397908687592 0.03883455693721771 0.06693035364151001 -0.13146507740020752 0.989058792591095 0.06596550345420837
1305031111.811406 0.9993782639503479 -0.009493899531662464 -0.033953696489334106 0.004826556891202927 0.013749917969107628 0.9917559027671814 0.12740124762058258 0.038100745528936386 0.03246422857046127 -0.12778888642787933 0.9912699460983276 0.06757193058729172
1305031111.843299 0.9998064637184143 -0.014897187240421772 -0.01284872181713581 0.010476075112819672 0.01629260741174221 0.993069589138031 0.11639346927404404 0.0428985133767128 0.011025732383131981 -0.1165802851319313 0.9931200742721558 0.06642438471317291
1305031111.879442 0.9996896386146545 -0.024896331131458282 0.0007659159600734711 0.017642958089709282 0.024635611101984978 0.9928213953971863 0.11704172939062119 0.044527746737003326 -0.003674328327178955 -0.11698655039072037 0.9931266903877258 0.06740433722734451
1305031111.911354 0.9993864297866821 -0.03385539725422859 0.00898800976574421 0.015989582985639572 0.03255030885338783 0.992389440536499 0.11875895410776138 0.03961949422955513 -0.012940239161252975 -0.11839352548122406 0.9928824305534363 0.06767857819795609
1305031111.9433 0.9986791610717773 -0.051355719566345215 -0.0015716562047600746 0.028318384662270546 0.05120079219341278 0.9921838045120239 0.11379707604646683 0.04133106395602226 -0.004284759983420372 -0.11372723430395126 0.9935027956962585 0.06803028285503387
1305031111.979449 0.9977474212646484 -0.06680631637573242 -0.0060773612931370735 0.04703870788216591 0.06706500053405762 0.9913403987884521 0.11290046572685242 0.04186340421438217 -0.0015177298337221146 -0.11305372416973114 0.9935877323150635 0.06936997175216675
1305031112.011433 0.9979307055473328 -0.06407573074102402 0.005338113754987717 0.06114738807082176 0.06309889256954193 0.991900622844696 0.11023478209972382 0.040486328303813934 -0.012358255684375763 -0.10966984182596207 0.9938912391662598 0.06866736710071564
1305031112.04327 0.9979336261749268 -0.06137389317154884 0.019021209329366684 0.07379460334777832 0.059132225811481476 0.993043065071106 0.10182791948318481 0.04266108572483063 -0.025138456374406815 -0.10049271583557129 0.994620144367218 0.06744803488254547
1305031112.079339 0.9974021911621094 -0.06269169598817825 0.035477474331855774 0.08958963304758072 0.05884175002574921 0.9931695461273193 0.10075647383928299 0.04086988419294357 -0.04155174642801285 -0.09840714931488037 0.9942783117294312 0.06725938618183136
1305031112.111423 0.9962769746780396 -0.053275808691978455 0.06777763366699219 0.08284131437540054 0.04687241092324257 0.9945815801620483 0.09279213845729828 0.043747857213020325 -0.07235395908355713 -0.0892697423696518 0.9933759570121765 0.07000616192817688
1305031112.144342 0.996459424495697 -0.042272087186574936 0.07267646491527557 0.09830427914857864 0.03550820052623749 0.9951289296150208 0.09196498990058899 0.04455225169658661 -0.07621002197265625 -0.08905874192714691 0.993106484413147 0.06660284101963043
1305031112.17939 0.994766891002655 -0.03751283511519432 0.09503442049026489 0.11131943762302399 0.028238695114850998 0.9948722720146179 0.09711787849664688 0.044671233743429184 -0.09819027036428452 -0.09392598271369934 0.9907252192497253 0.06688658148050308
1305031112.211254 0.9930673837661743 -0.02396622858941555 0.11507751792669296 0.1194048821926117 0.012120760045945644 0.9946538209915161 0.10255137085914612 0.03699072077870369 -0.11692006886005402 -0.10044557601213455 0.9880486726760864 0.06978517770767212
1305031112.243369 0.9916994571685791 -0.014829612337052822 0.12771981954574585 0.13501998782157898 0.0032864445820450783 0.9959255456924438 0.09011932462453842 0.03610347583889961 -0.12853586673736572 -0.08895150572061539 0.9877074956893921 0.07080277055501938
1305031112.279353 0.9895569086074829 -0.008196111768484116 0.1439090222120285 0.13952389359474182 -0.0035218617413192987 0.9967094659805298 0.0809832364320755 0.03552123159170151 -0.14409922063350677 -0.08064436167478561 0.9862716794013977 0.07194895297288895
1305031112.311312 0.9887641072273254 -0.0028731622733175755 0.14945559203624725 0.14642132818698883 -0.008120689541101456 0.9973065257072449 0.07289699465036392 0.03098301589488983 -0.1492624580860138 -0.07329163700342178 0.986077606678009 0.07343730330467224
1305031112.343323 0.9888079762458801 -0.006256844848394394 0.14906150102615356 0.15560214221477509 -0.0023188141640275717 0.9983550906181335 0.05728782340884209 0.03338731825351715 -0.1491747498512268 -0.056992307305336 0.9871670603752136 0.07410864531993866
1305031112.37936 0.9895851016044617 -0.014352577738463879 0.14323128759860992 0.16642218828201294 0.007384009193629026 0.9987683296203613 0.049066029489040375 0.03427592292428017 -0.1437591016292572 -0.04749738797545433 0.9884721636772156 0.07155007123947144
1305031112.411442 0.9903085231781006 -0.023039886727929115 0.1369594782590866 0.17704232037067413 0.01734270341694355 0.9989398717880249 0.042646389454603195 0.03711121156811714 -0.1377968043088913 -0.03985785320401192 0.9896581768989563 0.0717918872833252
1305031112.443391 0.9899961352348328 -0.034517642110586166 0.1368071436882019 0.18442395329475403 0.029039140790700912 0.9987021684646606 0.04184138774871826 0.033696744590997696 -0.13807383179664612 -0.037450049072504044 0.9897136688232422 0.07241904735565186
1305031112.479418 0.9895060658454895 -0.05302402377128601 0.13441050052642822 0.1911643147468567 0.04878558591008186 0.9982085824012756 0.03463568165898323 0.036504145711660385 -0.13600623607635498 -0.02771492302417755 0.9903202652931213 0.07176283001899719
1305031112.511504 0.9894125461578369 -0.06833522766828537 0.12803518772125244 0.19759170711040497 0.06469505280256271 0.9973795413970947 0.03238209709525108 0.03499488905072212 -0.12991252541542053 -0.023756008595228195 0.9912408590316772 0.07235465943813324
1305031112.543212 0.9897697567939758 -0.07423416525125504 0.12184023857116699 0.20428559184074402 0.07130785286426544 0.9970552921295166 0.028210867196321487 0.034681860357522964 -0.12357566505670547 -0.01923408918082714 0.992148756980896 0.07241670787334442
1305031112.579252 0.9895943999290466 -0.08671561628580093 0.11481884121894836 0.21204160153865814 0.08456885069608688 0.9961417317390442 0.023447195068001747 0.03607894107699394 -0.11640908569097519 -0.013493118807673454 0.9931097626686096 0.07066059112548828
1305031112.611261 0.9892347455024719 -0.09953346848487854 0.10727374255657196 0.22721350193023682 0.09779886156320572 0.9949777722358704 0.02132444828748703 0.040030065923929214 -0.10885749757289886 -0.010603636503219604 0.9940007925033569 0.06797374784946442
1305031112.643246 0.9862642884254456 -0.1142573356628418 0.11928083002567291 0.23295731842517853 0.11141153424978256 0.9933128356933594 0.030281944200396538 0.03913408890366554 -0.12194312363862991 -0.016576744616031647 0.9923986792564392 0.0687597319483757
1305031112.679952 0.9841257929801941 -0.12127380818128586 0.1295725405216217 0.23759090900421143 0.11789648979902267 0.9924622178077698 0.033453840762376785 0.041242264211177826 -0.1326529085636139 -0.017646636813879013 0.9910054206848145 0.07079677283763885
1305031112.711251 0.9824808239936829 -0.12382449954748154 0.13928011059761047 0.23834088444709778 0.1195751205086708 0.9920781254768372 0.03850733861327171 0.04187096282839775 -0.14294488728046417 -0.021178286522626877 0.9895039796829224 0.07130756974220276
1305031112.743245 0.9806991219520569 -0.13202637434005737 0.14421606063842773 0.2408801019191742 0.1270522177219391 0.9909542202949524 0.043213680386543274 0.049635764211416245 -0.14861686527729034 -0.02405664697289467 0.9886022210121155 0.0706978365778923
1305031112.77931 0.9787037372589111 -0.13902387022972107 0.15103423595428467 0.2402702122926712 0.13099700212478638 0.9894481897354126 0.061904363334178925 0.04592856392264366 -0.15804673731327057 -0.04080100357532501 0.9865883588790894 0.07188449800014496
1305031112.81131 0.9781986474990845 -0.13650789856910706 0.1565018594264984 0.23126527667045593 0.12744538486003876 0.9896073341369629 0.0665956512093544 0.043931446969509125 -0.16396620869636536 -0.04519834741950035 0.9854299426078796 0.07518023252487183
1305031112.843286 0.9804329872131348 -0.13283978402614594 0.14527443051338196 0.2289935052394867 0.12458851933479309 0.9901076555252075 0.06453295052051544 0.050461605191230774 -0.1524098664522171 -0.045170705765485764 0.9872846007347107 0.07426812499761581
1305031112.879421 0.9808834791183472 -0.1387517750263214 0.13643905520439148 0.22977355122566223 0.12998422980308533 0.9889535903930664 0.07123836874961853 0.051367245614528656 -0.1448163390159607 -0.05214160680770874 0.9880837798118591 0.07535841315984726
1305031112.911411 0.9807087779045105 -0.14050187170505524 0.1359022706747055 0.21875916421413422 0.13053041696548462 0.9882327318191528 0.07973537594079971 0.047792285680770874 -0.14550600945949554 -0.06045779958367348 0.9875084161758423 0.07667554169893265
1305031112.943321 0.9822818636894226 -0.13811111450195312 0.12667980790138245 0.21258839964866638 0.12813417613506317 0.9882081747055054 0.0838225930929184 0.04560656473040581 -0.1367628574371338 -0.06610539555549622 0.9883956909179688 0.07845302671194077
1305031112.979278 0.9845064878463745 -0.1339561641216278 0.11314897984266281 0.21082495152950287 0.12508060038089752 0.9887329936027527 0.08222980052232742 0.04681076481938362 -0.12288929522037506 -0.06680302321910858 0.9901695251464844 0.07739333808422089
1305031113.011353 0.985252857208252 -0.1335781216621399 0.10692857205867767 0.20572543144226074 0.12500953674316406 0.9886600971221924 0.08320865035057068 0.04953528940677643 -0.11683087050914764 -0.06861446797847748 0.9907787442207336 0.07615698873996735
1305031113.043231 0.986178994178772 -0.12897692620754242 0.10400044918060303 0.19873091578483582 0.11935853213071823 0.9883957505226135 0.09395507723093033 0.04613287374377251 -0.11491164565086365 -0.08024317026138306 0.9901294708251953 0.07476567476987839
1305031113.079251 0.9877017736434937 -0.1187271699309349 0.10172948241233826 0.18867601454257965 0.10862977057695389 0.9890760183334351 0.09964045137166977 0.03810378164052963 -0.11244824528694153 -0.08736418932676315 0.989809513092041 0.07611028105020523
1305031113.111316 0.9897832870483398 -0.10868453979492188 0.09228600561618805 0.17979519069194794 0.10062765330076218 0.9910349249839783 0.08788560330867767 0.043488577008247375 -0.10101047903299332 -0.07770117372274399 0.9918464422225952 0.07332215458154678
