0.1037359 0.9999898076057434 -0.0028816084377467632 -0.0034824556205421686 -0.00024134485283866525 0.002874871715903282 0.9999939203262329 -0.0019380603916943073 -0.00034100914490409195 0.0034880205057561398 0.001928028417751193 0.9999920129776001 0.04380185157060623
0.2073381 0.9999721646308899 -0.000963240978308022 -0.007395879365503788 -0.00112780905328691 0.0009357710368931293 0.9999926686286926 -0.0037168171256780624 -0.0003870090877171606 0.007399404421448708 0.003709792625159025 0.9999656677246094 0.09025699645280838
0.3110752 0.9999339580535889 -0.001475057564675808 -0.011396443471312523 -0.0017328279791399837 0.001416910206899047 0.999985933303833 -0.0051086037419736385 -0.0005729775875806808 0.011403821408748627 0.005092117935419083 0.999921977519989 0.131881982088089
0.4146917 0.9998666644096375 -0.00015799360699020326 -0.016333937644958496 -0.0028184473048895597 6.295737694017589e-05 0.999983012676239 -0.005818690173327923 -0.0007933584274724126 0.01633458212018013 0.005816885270178318 0.9998496174812317 0.17724481225013733
0.5184302 0.999783992767334 -0.0013659059768542647 -0.02073790319263935 -0.0038908622227609158 0.0012396147940307856 0.9999805688858032 -0.0061015053652226925 -0.00128766184207052 0.020745839923620224 0.006074479781091213 0.9997664093971252 0.22360509634017944
0.6220448 0.9996926188468933 0.0005949577898718417 -0.02478702738881111 -0.005943145137280226 -0.0007755973492749035 0.9999731779098511 -0.007278685458004475 -0.0018086445052176714 0.024782024323940277 0.007295671850442886 0.9996663331985474 0.2703496813774109
0.7257977 0.9995548725128174 0.003454879391938448 -0.029634254053235054 -0.007947617210447788 -0.0037058950401842594 0.9999576210975647 -0.008419707417488098 -0.001930976053699851 0.02960391528904438 0.008525781333446503 0.9995253086090088 0.31806623935699463
0.8294199 0.9994091987609863 0.003934606909751892 -0.03414437174797058 -0.009886350482702255 -0.004181405529379845 0.9999655485153198 -0.007159695960581303 -0.0020251318346709013 0.0341150239109993 0.007298237644135952 0.9993911981582642 0.368921160697937
0.9331467 0.9992497563362122 0.002728972816839814 -0.03863457217812538 -0.011684486642479897 -0.0028754326049238443 0.9999889731407166 -0.0037358428817242384 -0.0032805174123495817 0.03862395137548447 0.003844131249934435 0.9992464184761047 0.41739365458488464
1.03691 0.9991273283958435 0.0028227348811924458 -0.041673820465803146 -0.015090392902493477 -0.0029196024406701326 0.9999932050704956 -0.0022637387737631798 -0.002636335790157318 0.0416671484708786 0.0023834342136979103 0.9991286993026733 0.4696654677391052
1.140497 0.9990190863609314 0.0038538214284926653 -0.04411347582936287 -0.01729094237089157 -0.0039341142401099205 0.9999908208847046 -0.0017334733856841922 -0.004287914838641882 0.04410639405250549 0.0019053206779062748 0.9990249276161194 0.5184738039970398
1.244242 0.998915433883667 0.0028061801567673683 -0.04647749662399292 -0.019711926579475403 -0.002868953160941601 0.9999951720237732 -0.0012839660048484802 -0.005243305582553148 0.0464736707508564 0.001415915321558714 0.9989184141159058 0.5708503127098083
1.347979 0.9988499283790588 0.0003894523251801729 -0.04794479161500931 -0.02267122082412243 -0.0004924223176203668 0.999997615814209 -0.0021358898375183344 -0.005466004833579063 0.0479438491165638 0.0021570425014942884 0.9988476634025574 0.6213687658309937
1.451596 0.998772382736206 0.0005013003828935325 -0.04953112453222275 -0.025978635996580124 -0.0005788219859823585 0.9999986290931702 -0.001550781074911356 -0.005565464496612549 0.049530282616615295 0.0015775470528751612 0.9987713098526001 0.6745505928993225
1.555212 0.9986841082572937 -0.0015808201860636473 -0.05125909671187401 -0.028346115723252296 0.0015083503676578403 0.9999977946281433 -0.0014524452853947878 -0.0065865167416632175 0.05126127600669861 0.0013732175575569272 0.9986842274665833 0.7267339825630188
1.65896 0.9986311793327332 0.0004358949663583189 -0.05230315029621124 -0.03255806863307953 -0.0006035148398950696 0.999994695186615 -0.0031890335958451033 -0.007578340359032154 0.052301473915576935 0.0032162335701286793 0.9986261129379272 0.7796617746353149
1.762569 0.9984988570213318 0.0008620310691185296 -0.054766945540905 -0.03424885496497154 -0.0012331381440162659 0.9999764561653137 -0.006742687895894051 -0.00735995639115572 0.05475984886288643 0.006800099741667509 0.9984763860702515 0.8342268466949463
1.866302 0.9984210729598999 0.004732844419777393 -0.05597464740276337 -0.03873520344495773 -0.005193414632230997 0.9999537467956543 -0.008085599169135094 -0.008413409814238548 0.05593380331993103 0.008363530971109867 0.9983993768692017 0.8894199132919312
1.969923 0.9983615279197693 0.005885572172701359 -0.0569172203540802 -0.042150966823101044 -0.006338353268802166 0.9999496340751648 -0.007777833845466375 -0.009379936382174492 0.056868575513362885 0.00812585186213255 0.9983485341072083 0.943876326084137
2.073666 0.9982715249061584 0.005001358222216368 -0.05855631083250046 -0.045532096177339554 -0.005332475062459707 0.9999706149101257 -0.0054997773841023445 -0.010778330266475677 0.058527085930109024 0.005802521947771311 0.9982689619064331 1.0005244016647339
2.177281 0.9981874227523804 0.005925077013671398 -0.05989009141921997 -0.04879942163825035 -0.006231292616575956 0.999968409538269 -0.0049274880439043045 -0.010802023112773895 0.05985899642109871 0.00529174879193306 0.9981927871704102 1.055406093597412
2.281017 0.9981483221054077 0.005598896183073521 -0.060569968074560165 -0.05287765711545944 -0.005913767032325268 0.9999698996543884 -0.005020445212721825 -0.011691475287079811 0.06054004281759262 0.005369345657527447 0.9981513023376465 1.1123969554901123
2.384639 0.9980378150939941 0.004936973564326763 -0.06241944059729576 -0.0560467503964901 -0.005301880184561014 0.9999697804450989 -0.005681769922375679 -0.012373318895697594 0.06238950043916702 0.00600156094878912 0.9980338215827942 1.1675444841384888
2.48825 0.9979318976402283 0.003839511424303055 -0.06416501104831696 -0.05900822579860687 -0.004259092267602682 0.9999704360961914 -0.00640359241515398 -0.013519341126084328 0.06413853913545609 0.006663633976131678 0.9979187250137329 1.224661946296692
2.591988 0.9979126453399658 0.0038020405918359756 -0.06446567177772522 -0.0631534606218338 -0.004110482521355152 0.9999806880950928 -0.004652644507586956 -0.01403404027223587 0.06444672495126724 0.004907917696982622 0.9979090094566345 1.281968355178833
2.695832 0.9979231953620911 0.004855697508901358 -0.06423108279705048 -0.06753508746623993 -0.004966354463249445 0.9999864101409912 -0.0015632309950888157 -0.014585772529244423 0.06422263383865356 0.0018789793830364943 0.9979338049888611 1.3407498598098755
2.799367 0.9979904294013977 0.005695248953998089 -0.06310828030109406 -0.07137737423181534 -0.0055389669723808765 0.999981164932251 0.002651100279763341 -0.015616637654602528 0.06312218308448792 -0.002296218415722251 0.9980031251907349 1.3973137140274048
2.903084 0.9980518817901611 0.004714189562946558 -0.062211550772190094 -0.07427698373794556 -0.004400753881782293 0.9999769330024719 0.005174289457499981 -0.015710465610027313 0.062234487384557724 -0.004890431649982929 0.9980495572090149 1.4559270143508911
3.006768 0.9982041716575623 0.004654251504689455 -0.0597238726913929 -0.07881400734186172 -0.0042746528051793575 0.9999697804450989 0.006482081953436136 -0.01651744544506073 0.05975225940346718 -0.006215142551809549 0.9981938004493713 1.513204574584961
3.110441 0.9982248544692993 0.005185320507735014 -0.059334076941013336 -0.08176609873771667 -0.004992886446416378 0.9999818205833435 0.0033910193014889956 -0.01671774871647358 0.05935056880116463 -0.0030887515749782324 0.9982324242591858 1.5736143589019775
3.214057 0.9983065128326416 0.005966010503470898 -0.05786716565489769 -0.08584394305944443 -0.006070921663194895 0.9999802708625793 -0.0016373475082218647 -0.016924282535910606 0.0578562468290329 0.001985880546271801 0.9983229041099548 1.6327662467956543
3.317669 0.9984014630317688 0.005401574075222015 -0.05626149848103523 -0.08968760818243027 -0.0056610871106386185 0.9999740123748779 -0.004454281181097031 -0.01750803366303444 0.05623598024249077 0.004765661899000406 0.9984061121940613 1.6893975734710693
3.421285 0.9984533786773682 0.0038240309804677963 -0.0554644912481308 -0.09314142167568207 -0.004047799855470657 0.9999841451644897 -0.003922681324183941 -0.0179319866001606 0.05544860661029816 0.004141123965382576 0.9984529614448547 1.749693751335144
3.524925 0.9984521865844727 0.0015920324949547648 -0.055595822632312775 -0.09607275575399399 -0.0015239298809319735 0.9999980330467224 0.0012673267628997564 -0.01877831295132637 0.05559772625565529 -0.0011806405382230878 0.9984526038169861 1.8088573217391968
3.628545 0.9984228014945984 -0.0018372455378994346 -0.05611410364508629 -0.09969718009233475 0.0020680769812315702 0.9999896883964539 0.004055816680192947 -0.018790243193507195 0.056106068193912506 -0.00416546780616045 0.9984161257743835 1.8700637817382812
3.732256 0.9982972145080566 -0.0090676574036479 -0.057624150067567825 -0.10203339159488678 0.009321150369942188 0.9999480247497559 0.004131813533604145 -0.020231526345014572 0.05758368596434593 -0.004661901388317347 0.9983298182487488 1.92939293384552
3.835871 0.9981675148010254 -0.010378296487033367 -0.059614911675453186 -0.10497221350669861 0.01036099810153246 0.9999461770057678 -0.0005992744117975235 -0.019826462492346764 0.05961790308356285 -1.949397847056389e-05 0.9982212781906128 1.9900165796279907
3.939488 0.9981343150138855 -0.010796163231134415 -0.06009329855442047 -0.10969753563404083 0.010595505125820637 0.9999371767044067 -0.003656742163002491 -0.02119164727628231 0.060129016637802124 0.0030132015235722065 0.9981860518455505 2.049997568130493
4.043107 0.9980505108833313 -0.009524843655526638 -0.06168047711253166 -0.11418838798999786 0.009259121492505074 0.9999465942382812 -0.004592434503138065 -0.02152140438556671 0.06172093376517296 0.0040123737417161465 0.9980853796005249 2.111394166946411
4.146888 0.9979650974273682 -0.009946741163730621 -0.0629819855093956 -0.11806252598762512 0.009779627434909344 0.9999477863311768 -0.002961090998724103 -0.022581828758120537 0.0630081444978714 0.002339125145226717 0.9980103969573975 2.1740870475769043
4.25046 0.9979249835014343 -0.007506448309868574 -0.06394857168197632 -0.1224728599190712 0.007549363188445568 0.9999714493751526 0.00042949174530804157 -0.02377542480826378 0.06394349783658981 -0.0009113710839301348 0.9979531168937683 2.2356128692626953
4.354202 0.9978353381156921 -0.006897564511746168 -0.06539901345968246 -0.12649643421173096 0.007008471991866827 0.9999743103981018 0.001466569141484797 -0.024362152442336082 0.06538720428943634 -0.0019217418739572167 0.9978580474853516 2.2978854179382324
4.45794 0.997763454914093 -0.005066584330052137 -0.06665199249982834 -0.13065481185913086 0.0053289784118533134 0.9999786615371704 0.0037595825269818306 -0.02483222633600235 0.06663151830434799 -0.004106361418962479 0.9977691173553467 2.360689878463745
4.561559 0.9977819323539734 -0.005876664537936449 -0.06630789488554001 -0.1351751834154129 0.006357056554406881 0.9999550580978394 0.0070362030528485775 -0.02532871440052986 0.06626354902982712 -0.007442119996994734 0.9977744221687317 2.4225733280181885
4.665293 0.9977802634239197 0.0006599861662834883 -0.06659139692783356 -0.13999347388744354 -4.915312820230611e-05 0.9999579787254333 0.009174062870442867 -0.02573726698756218 0.06659466028213501 -0.009150424972176552 0.9977381825447083 2.484881639480591
4.768912 0.9977703094482422 0.00021587780793197453 -0.06674171984195709 -0.14488059282302856 0.00035484100226312876 0.9999635219573975 0.008539180271327496 -0.0259157195687294 0.06674111634492874 -0.008543824777007103 0.9977337121963501 2.546445369720459
4.872532 0.9977418780326843 0.0003034300752915442 -0.06716495007276535 -0.1483037769794464 0.0001662713912082836 0.9999755620956421 0.006987548433244228 -0.02615213207900524 0.06716541945934296 -0.006982938852161169 0.9977174401283264 2.608637809753418
4.976146 0.9977887272834778 0.002578105079010129 -0.06641577929258347 -0.15382692217826843 -0.00229160999879241 0.9999877214431763 0.004389480222016573 -0.02627437748014927 0.06642626225948334 -0.004227573983371258 0.9977824091911316 2.669109582901001
5.079909 0.9977290630340576 0.0022105458192527294 -0.06731928139925003 -0.15813268721103668 -0.001894919783808291 0.9999868273735046 0.004751983098685741 -0.027202457189559937 0.06732890009880066 -0.0046136267483234406 0.9977201223373413 2.7307546138763428
5.183503 0.9976437091827393 0.00021541770547628403 -0.068606436252594 -0.16224820911884308 0.00016954779857769608 0.9999843239784241 0.005605341400951147 -0.02729799412190914 0.06860657036304474 -0.005603766534477472 0.9976280927658081 2.79229736328125
5.287117 0.9975780844688416 0.0011229038937017322 -0.06954597681760788 -0.16675010323524475 -0.0006688557332381606 0.9999783039093018 0.006551689002662897 -0.027974937111139297 0.06955182552337646 -0.0064893062226474285 0.9975572824478149 2.854462146759033
5.390861 0.9975419044494629 0.003120997454971075 -0.07000245898962021 -0.17106600105762482 -0.002898239064961672 0.9999903440475464 0.0032834974117577076 -0.028556669130921364 0.07001202553510666 -0.00307254190556705 0.9975414276123047 2.9139766693115234
5.494473 0.9974831342697144 0.003483781823888421 -0.070818230509758 -0.17554739117622375 -0.0035396115854382515 0.9999935626983643 -0.0006628795526921749 -0.02948089875280857 0.07081545144319534 0.0009118805173784494 0.9974890351295471 2.9743781089782715
5.598233 0.9974290728569031 0.004510081838816404 -0.07151960581541061 -0.1799222081899643 -0.004679309204220772 0.9999865889549255 -0.0021987769287079573 -0.029800252988934517 0.0715087279677391 0.002527785487473011 0.9974367618560791 3.034660577774048
5.701829 0.9973992109298706 0.0032122654374688864 -0.07200486212968826 -0.1841987818479538 -0.0031197553034871817 0.9999940991401672 0.001397215761244297 -0.030626242980360985 0.07200892269611359 -0.0011689441744238138 0.9974032640457153 3.09586763381958
5.805571 0.9973982572555542 0.0024679042398929596 -0.07204669713973999 -0.18865112960338593 -0.0021818727254867554 0.99998939037323 0.004048518370836973 -0.030905041843652725 0.07205592095851898 -0.0038807881064713 0.997393012046814 3.156067371368408
5.909185 0.99742192029953 -0.00028419384034350514 -0.07176096737384796 -0.19308020174503326 0.0006573639111593366 0.9999863505363464 0.005176619626581669 -0.03211832791566849 0.07175852358341217 -0.00521044572815299 0.9974083304405212 3.2141599655151367
6.012921 0.9974510073661804 -0.0029090894386172295 -0.07129430770874023 -0.1978059560060501 0.0032080570235848427 0.999986469745636 0.0040792846120893955 -0.03279336914420128 0.07128149271011353 -0.004297602456063032 0.9974469542503357 3.2740650177001953
6.116541 0.9973796606063843 -0.005759147461503744 -0.07211600244045258 -0.20151188969612122 0.005958234425634146 0.9999789595603943 0.00254583521746099 -0.033247508108615875 0.07209982722997665 -0.0029688477516174316 0.9973929524421692 3.3329546451568604
6.220278 0.9972938299179077 -0.0070920418947935104 -0.07317645102739334 -0.20587381720542908 0.007398804649710655 0.9999649524688721 0.003921876195818186 -0.0344446524977684 0.07314605265855789 -0.004452680703252554 0.9973112344741821 3.3917412757873535
6.323895 0.9971685409545898 -0.0109608368948102 -0.07439673691987991 -0.20945993065834045 0.01161709800362587 0.9998973608016968 0.008394107222557068 -0.03471706807613373 0.07429708540439606 -0.009234612807631493 0.9971932768821716 3.450188636779785
6.427659 0.9971115589141846 -0.011396832764148712 -0.07509346306324005 -0.21377012133598328 0.012418095953762531 0.9998364448547363 0.013147013261914253 -0.034983426332473755 0.07493135333061218 -0.014041552320122719 0.9970897436141968 3.5112571716308594
6.531383 0.9971211552619934 -0.009540259838104248 -0.07522349804639816 -0.2192384898662567 0.010733278468251228 0.9998226761817932 0.0154713811352849 -0.035514961928129196 0.07506255805492401 -0.016234232112765312 0.9970466494560242 3.568122625350952
6.634992 0.9970284700393677 -0.007717775646597147 -0.07664664834737778 -0.22378438711166382 0.008613310754299164 0.999898374080658 0.011360270902514458 -0.03557148948311806 0.0765511766076088 -0.011986691504716873 0.9969935417175293 3.6267943382263184
6.738741 0.9969472289085388 -0.006102059036493301 -0.07784035801887512 -0.2290177196264267 0.006414914969354868 0.999972403049469 0.0037697888910770416 -0.0360998809337616 0.07781518250703812 -0.004257618449628353 0.9969587326049805 3.684570074081421
6.84235 0.9968711733818054 -0.00504171010106802 -0.07888202369213104 -0.2334291636943817 0.004952104762196541 0.9999868273735046 -0.0013315175892785192 -0.03590773791074753 0.0788876935839653 0.000936719763558358 0.9968830347061157 3.74021577835083
6.945963 0.9968236088752747 0.0005665076896548271 -0.0796394795179367 -0.2387208640575409 -0.000615459808614105 0.9999997019767761 -0.0005901140393689275 -0.0366957001388073 0.07963911443948746 0.0006372545612975955 0.9968234896659851 3.7970962524414062
7.049705 0.9967371225357056 0.0036480617709457874 -0.08063394576311111 -0.24433813989162445 -0.003522629849612713 0.9999923706054688 0.0016977653140202165 -0.03766987845301628 0.08063951134681702 -0.001408182317391038 0.996742308139801 3.8534796237945557
7.153323 0.9966148138046265 0.005350761581212282 -0.08203832060098648 -0.24835145473480225 -0.005066695623099804 0.9999804496765137 0.003670383244752884 -0.038748711347579956 0.08205635845661163 -0.0032422952353954315 0.9966223835945129 3.907355308532715
7.256934 0.9965127110481262 0.005662825424224138 -0.08324912935495377 -0.252527117729187 -0.005422832444310188 0.9999804496765137 0.003108660224825144 -0.038834113627672195 0.08326511085033417 -0.0026463735848665237 0.9965238571166992 3.9611403942108154
7.360549 0.9963049292564392 0.007318658288568258 -0.08557285368442535 -0.25679486989974976 -0.007011401932686567 0.9999679923057556 0.003890558611601591 -0.039428286254405975 0.08559858798980713 -0.003276197472587228 0.9963243007659912 4.015963077545166
7.464167 0.9962832927703857 0.008636676706373692 -0.08570399135351181 -0.2626282274723053 -0.008254827000200748 0.9999544620513916 0.004808823112398386 -0.04074309766292572 0.08574161678552628 -0.004083478357642889 0.9963090419769287 4.065640926361084
7.567786 0.9961658120155334 0.008157591335475445 -0.08710508793592453 -0.2672297954559326 -0.007716613821685314 0.9999555945396423 0.005398118868470192 -0.04163854569196701 0.08714525401592255 -0.004705264698714018 0.9961845278739929 4.115902900695801
7.671396 0.9960372447967529 0.008334113284945488 -0.0885460302233696 -0.27183011174201965 -0.007817016914486885 0.9999502897262573 0.006185020320117474 -0.04170926660299301 0.08859317749738693 -0.00546834385022521 0.9960528016090393 4.167718410491943
7.775144 0.995899498462677 0.011167680844664574 -0.08977439254522324 -0.2767403721809387 -0.010421552695333958 0.9999071955680847 0.008775602094829082 -0.042079441249370575 0.08986405283212662 -0.007804027292877436 0.9959234595298767 4.218511581420898
7.878754 0.9957231283187866 0.012639624066650867 -0.09151779860258102 -0.2801420986652374 -0.011514095589518547 0.9998515248298645 0.012816034257411957 -0.04217161983251572 0.09166621416807175 -0.011707477271556854 0.9957209825515747 4.2663984298706055
7.982493 0.9955670833587646 0.016255013644695282 -0.09263867139816284 -0.28640875220298767 -0.014947962015867233 0.9997789263725281 0.014785651117563248 -0.04288536310195923 0.09285853058099747 -0.01333534810692072 0.9955900311470032 4.315818786621094
8.086111 0.9954107999801636 0.018524933606386185 -0.0938841924071312 -0.2911331355571747 -0.01758008636534214 0.9997862577438354 0.010881123133003712 -0.043462708592414856 0.09406568109989166 -0.009180696681141853 0.9955236315727234 4.361447334289551
8.189849 0.9953253269195557 0.01791602559387684 -0.09490366280078888 -0.296316921710968 -0.017661357298493385 0.9998378753662109 0.003522761631757021 -0.043957144021987915 0.09495137631893158 -0.0018301671370863914 0.9954801201820374 4.406948089599609
8.29347 0.995306670665741 0.017488615587353706 -0.0951772928237915 -0.30244016647338867 -0.01777440682053566 0.9998397827148438 -0.0021557239815592766 -0.04473688825964928 0.09512433409690857 0.003837323747575283 0.9954578876495361 4.449079513549805
8.397102 0.9951502680778503 0.01857755146920681 -0.09659606218338013 -0.30554986000061035 -0.018997840583324432 0.9998136162757874 -0.003433053381741047 -0.04461650177836418 0.09651428461074829 0.005251518450677395 0.9953176975250244 4.4938645362854
8.500847 0.9950352907180786 0.021306831389665604 -0.09721546620130539 -0.31059038639068604 -0.021401988342404366 0.9997708797454834 6.397282413672656e-05 -0.04567704722285271 0.09719454497098923 0.002016949001699686 0.9952632784843445 4.5357985496521
8.604438 0.9948821067810059 0.02165672928094864 -0.09869483858346939 -0.3145425319671631 -0.021567275747656822 0.9997655153274536 0.001973285572603345 -0.046174466609954834 0.0987144187092781 0.00016539287753403187 0.9951156973838806 4.576505661010742
8.708175 0.9949700832366943 0.01864001713693142 -0.09842372685670853 -0.3202855587005615 -0.018816154450178146 0.9998225569725037 -0.0008615726255811751 -0.04756397753953934 0.09839019924402237 0.00270919525064528 0.9951441287994385 4.615479469299316
8.811795 0.9950016736984253 0.01071760430932045 -0.09928206354379654 -0.3223511874675751 -0.01141662709414959 0.99991375207901 -0.006475288886576891 -0.047570619732141495 0.09920410066843033 0.007576389238238335 0.9950382113456726 4.65399169921875
8.915403 0.9950701594352722 0.006361645180732012 -0.09896888583898544 -0.32466429471969604 -0.007496227975934744 0.999910295009613 -0.01109639834612608 -0.04876275360584259 0.09888941049575806 0.01178358867764473 0.995028555393219 4.690963268280029
9.019162 0.9953731894493103 0.008659310638904572 -0.0956943929195404 -0.32842445373535156 -0.00977710634469986 0.9998891949653625 -0.011218172498047352 -0.04977313429117203 0.09558665752410889 0.012101882137358189 0.9953474998474121 4.727279186248779
9.12289 0.9957230091094971 0.013346098363399506 -0.09141996502876282 -0.33232465386390686 -0.01416326779872179 0.9998652935028076 -0.008295683190226555 -0.0506177693605423 0.09129692614078522 0.009555009193718433 0.9957777857780457 4.762843132019043
9.226512 0.9962185621261597 0.012220206670463085 -0.08601900935173035 -0.33641934394836426 -0.012690202333033085 0.999907374382019 -0.004919154103845358 -0.05150043964385986 0.08595091849565506 0.005992150865495205 0.9962813854217529 4.797319412231445
9.330247 0.9966510534286499 0.008734505623579025 -0.08130467683076859 -0.3371059000492096 -0.008883792906999588 0.9999594688415527 -0.001474606222473085 -0.05137743055820465 0.08128849416971207 0.002191961742937565 0.996688187122345 4.831571578979492
9.433986 0.997326135635376 0.00434349337592721 -0.07295116037130356 -0.33901384472846985 -0.004136045463383198 0.9999869465827942 0.002994491718709469 -0.05334979295730591 0.07296320796012878 -0.002684755017980933 0.9973310828208923 4.864441394805908
9.537749 0.9980688095092773 0.008062580600380898 -0.061592649668455124 -0.3416897654533386 -0.007951803505420685 0.9999662637710571 0.0020434698089957237 -0.05313420295715332 0.06160704046487808 -0.001549751264974475 0.9980992674827576 4.896510601043701
9.641587 0.998810887336731 0.012898092158138752 -0.04701521247625351 -0.3426078259944916 -0.012846579775214195 0.999916672706604 0.0013976258924230933 -0.05352143943309784 0.04702930152416229 -0.0007919790805317461 0.998893141746521 4.928187847137451
9.745342 0.9994305968284607 0.017737295478582382 -0.028703009709715843 -0.34348994493484497 -0.017692867666482925 0.9998419284820557 0.0018010190688073635 -0.05369912460446358 0.028730403631925583 -0.0012921546585857868 0.9995864033699036 4.958880424499512
9.849229 0.9998427629470825 0.01655895821750164 -0.006347138434648514 -0.3428698182106018 -0.016545455902814865 0.9998608231544495 0.002173894550651312 -0.05405174568295479 0.006382249295711517 -0.002068535890430212 0.9999775290489197 4.989041805267334
9.953059 0.9997009038925171 0.013315818272531033 0.020512592047452927 -0.34132272005081177 -0.013368269428610802 0.9999077320098877 0.002422131597995758 -0.05402437224984169 -0.02047845348715782 -0.0026956244837492704 0.9997866153717041 5.0186381340026855
10.05693 0.9987325072288513 0.011946171522140503 0.048898451030254364 -0.3377114236354828 -0.01219182275235653 0.9999144673347473 0.004728484898805618 -0.05507635325193405 -0.04883778467774391 -0.005318650510162115 0.9987925291061401 5.045892238616943
10.16083 0.9965686798095703 0.011604741215705872 0.08195378631353378 -0.3338017463684082 -0.012105864472687244 0.9999108910560608 0.005620442796498537 -0.055061325430870056 -0.08188126981258392 -0.006593277677893639 0.996620237827301 5.074645042419434
10.26466 0.9927008748054504 0.011636203154921532 0.12004107236862183 -0.3298149108886719 -0.012399456463754177 0.9999073147773743 0.005613272078335285 -0.05511193722486496 -0.11996462941169739 -0.007060742937028408 0.9927530884742737 5.101613521575928
10.36867 0.9868437051773071 0.011866415850818157 0.16124117374420166 -0.3241075873374939 -0.012982928194105625 0.9998986124992371 0.005872642621397972 -0.05580132454633713 -0.1611550748348236 -0.007888764142990112 0.9868975281715393 5.126859188079834
10.47264 0.9784612059593201 0.011714049614965916 0.20609845221042633 -0.3165496587753296 -0.013203376904129982 0.9998957514762878 0.005852364003658295 -0.0562107190489769 -0.20600837469100952 -0.008447506465017796 0.9785136580467224 5.152938365936279
10.57663 0.9667559266090393 0.01366832759231329 0.25533527135849 -0.3088778257369995 -0.01512741670012474 0.9998785257339478 0.0037513538263738155 -0.05693715065717697 -0.25525298714637756 -0.0074892062693834305 0.9668452739715576 5.177760601043701
10.68062 0.951321542263031 0.014407348819077015 0.3078632950782776 -0.2993067502975464 -0.015519251115620136 0.9998788833618164 0.0011634908150881529 -0.057863544672727585 -0.3078092038631439 -0.0058846608735620975 0.9514299035072327 5.2003350257873535
10.78461 0.9315139055252075 0.01438642106950283 0.3634212911128998 -0.2882061004638672 -0.015113386325538158 0.9998854994773865 -0.0008432188769802451 -0.05859310179948807 -0.3633917570114136 -0.004707056097686291 0.9316245317459106 5.222831726074219
10.88875 0.9069900512695312 0.015804052352905273 0.4208553731441498 -0.2759283781051636 -0.016052884981036186 0.999866783618927 -0.002951468341052532 -0.05872322618961334 -0.4208458960056305 -0.004078988917171955 0.9071229696273804 5.244779109954834
10.99272 0.8782020807266235 0.01568160206079483 0.47803252935409546 -0.2618589401245117 -0.014864958822727203 0.999874472618103 -0.005491666030138731 -0.058882661163806915 -0.4780586361885071 -0.0022831428796052933 0.8783249258995056 5.265310287475586
11.09659 0.8445870280265808 0.014468811452388763 0.5352227687835693 -0.24669432640075684 -0.012376338243484497 0.9998952746391296 -0.007500434760004282 -0.05944015085697174 -0.5352752804756165 -0.000289328396320343 0.8446776270866394 5.284735679626465
11.20057 0.8075963854789734 0.013464289717376232 0.5895817875862122 -0.23071980476379395 -0.010652187280356884 0.9999093413352966 -0.008243810385465622 -0.06055839732289314 -0.5896393060684204 0.0003773344215005636 0.807666540145874 5.302584648132324
11.30431 0.7680718898773193 0.012708380818367004 0.64023756980896 -0.21268939971923828 -0.009200414642691612 0.9999188184738159 -0.00881043728441 -0.06032855808734894 -0.6402975916862488 0.0008765985257923603 0.7681264281272888 5.31965446472168
11.40818 0.7249566316604614 0.012701124884188175 0.6886774301528931 -0.19462275505065918 -0.011215023696422577 0.9999150037765503 -0.006635389290750027 -0.061041444540023804 -0.688703179359436 -0.002913164207711816 0.7250375151634216 5.3355584144592285
11.51192 0.6803209781646729 0.01125581655651331 0.7328277826309204 -0.1750795841217041 -0.00949900969862938 0.9999334812164307 -0.006539996713399887 -0.06133006513118744 -0.7328526377677917 -0.002511841943487525 0.6803827285766602 5.349730968475342
11.61553 0.6339527368545532 0.009800476022064686 0.7733096480369568 -0.15474748611450195 -0.005773054901510477 0.9999518990516663 -0.007940104231238365 -0.061857402324676514 -0.7733502388000488 0.0005692916456609964 0.6339788436889648 5.362498760223389
11.71927 0.5881199836730957 0.0076090022921562195 0.8087378144264221 -0.1332097053527832 0.0003389159101061523 0.9999533295631409 -0.009654511697590351 -0.06208145618438721 -0.8087736368179321 0.005952104926109314 0.5880901217460632 5.3733696937561035
11.82277 0.540309727191925 0.009397998452186584 0.8414137363433838 -0.11312007904052734 -0.0017087578307837248 0.9999479055404663 -0.01007144059985876 -0.06314625591039658 -0.8414643406867981 0.0040039257146418095 0.5402975678443909 5.384755611419678
11.92638 0.4941522479057312 0.01279615331441164 0.8692812919616699 -0.0911562442779541 -0.005888699553906918 0.9999180436134338 -0.011371682398021221 -0.0636102706193924 -0.8693554401397705 0.0005004055565223098 0.49418696761131287 5.394228935241699
12.03 0.4480307698249817 0.014771693386137486 0.8938961029052734 -0.06867027282714844 -0.006277783773839474 0.9998908638954163 -0.013376768678426743 -0.06432995200157166 -0.893996000289917 0.00038151710759848356 0.4480745196342468 5.40395975112915
12.13361 0.40488773584365845 0.011541955173015594 0.9142935872077942 -0.047420382499694824 0.0013447775272652507 0.9999117255210876 -0.013218315318226814 -0.0650675892829895 -0.9143654704093933 0.006581454537808895 0.4048362970352173 5.4109601974487305
12.2371 0.3658500015735626 0.0036626304499804974 0.9306666254997253 -0.023551464080810547 0.017043938860297203 0.9997981190681458 -0.010634759441018105 -0.06554973870515823 -0.9305177330970764 0.019752949476242065 0.3657136559486389 5.416524887084961
12.3406 0.33033043146133423 0.0006811403436586261 0.9438650608062744 -0.00021314620971679688 0.020834725350141525 0.9997508525848389 -0.00801312830299139 -0.0656752660870552 -0.9436354041099548 0.02231214940547943 0.3302339017391205 5.422516822814941
12.44411 0.29696905612945557 0.0051043531857430935 0.9548734426498413 0.02310466766357422 0.017804868519306183 0.9997823238372803 -0.010881795547902584 -0.06611837446689606 -0.9547211527824402 0.020232954993844032 0.2968135476112366 5.428671836853027
12.54767 0.26609209179878235 0.012449996545910835 0.9638672471046448 0.047437310218811035 0.007618583273142576 0.9998582601547241 -0.015018124133348465 -0.06715869903564453 -0.9639174938201904 0.011339508928358555 0.2659595012664795 5.435307502746582
12.65107 0.23731368780136108 0.016011223196983337 0.9713011980056763 0.07187914848327637 0.0035401764325797558 0.9998433589935303 -0.01734667830169201 -0.06839144229888916 -0.9714266657829285 0.007555182091891766 0.23721984028816223 5.440975666046143
12.75469 0.2121235728263855 0.018222786486148834 0.977073073387146 0.09790694713592529 0.004173881374299526 0.9998002052307129 -0.019552811980247498 -0.06943389773368835 -0.97723388671875 0.00822579674422741 0.2120051383972168 5.444960117340088
12.85806 0.1889757215976715 0.02003399468958378 0.9817774295806885 0.12437427043914795 0.011179691180586815 0.9996832013130188 -0.022551279515028 -0.06999605149030685 -0.9819180965423584 0.01523760985583067 0.1886918693780899 5.448310852050781
12.96167 0.16872544586658478 0.0259139072149992 0.9853223562240601 0.15131008625030518 0.018347030505537987 0.9993985891342163 -0.029425837099552155 -0.07028934359550476 -0.9854922890663147 0.02304263599216938 0.16814851760864258 5.4512224197387695
13.0652 0.1489333212375641 0.032369229942560196 0.9883173108100891 0.1792525053024292 0.020239034667611122 0.9991549849510193 -0.03577407822012901 -0.07063427567481995 -0.9886400699615479 0.025330545380711555 0.14815235137939453 5.454554557800293
13.16877 0.13098014891147614 0.03345742076635361 0.9908202886581421 0.2077275514602661 0.0168802160769701 0.9992102384567261 -0.03597218543291092 -0.07148328423500061 -0.9912411570549011 0.02143690548837185 0.13031193614006042 5.458182334899902
13.27235 0.11549609154462814 0.028594693168997765 0.9928962588310242 0.23754900693893433 0.015397428534924984 0.9994139075279236 -0.030573463067412376 -0.07314655929803848 -0.9931884407997131 0.018819164484739304 0.11498810350894928 5.461238861083984
13.37588 0.10098110139369965 0.025782182812690735 0.9945542812347412 0.26824796199798584 0.016173498705029488 0.9994894862174988 -0.02755228616297245 -0.07429154217243195 -0.9947568774223328 0.01886768639087677 0.10051257163286209 5.4638895988464355
13.4795 0.08634991198778152 0.023840762674808502 0.9959796071052551 0.2998541593551636 0.017870169132947922 0.9995157122612 -0.025474725291132927 -0.0750410258769989 -0.9961046576499939 0.019998064264655113 0.0858820453286171 5.466655731201172
13.58311 0.07539480924606323 0.02229144051671028 0.9969046711921692 0.33315232396125793 0.02132491208612919 0.9994853734970093 -0.023961931467056274 -0.07670911401510239 -0.9969257116317749 0.023065509274601936 0.07488065958023071 5.468286514282227
13.68672 0.06606189161539078 0.02321484312415123 0.9975454807281494 0.3655935823917389 0.025284763425588608 0.9993693232536316 -0.024931758642196655 -0.07744459807872772 -0.9974950551986694 0.02686973661184311 0.06543325632810593 5.469236850738525
13.79034 0.058331720530986786 0.02390902489423752 0.9980108737945557 0.4000110328197479 0.027254028245806694 0.9993024468421936 -0.025532906875014305 -0.07842326164245605 -0.9979251027107239 0.028689194470643997 0.057639412581920624 5.470785140991211
13.89395 0.05310127139091492 0.02357860654592514 0.9983106255531311 0.4359230697154999 0.0290401391685009 0.9992619156837463 -0.025145746767520905 -0.07987214624881744 -0.9981667399406433 0.030326349660754204 0.052377358078956604 5.472165584564209
13.99767 0.04732704535126686 0.025028130039572716 0.9985659122467041 0.4729614555835724 0.029824035242199898 0.9992049336433411 -0.02645765244960785 -0.08076979964971542 -0.9984340667724609 0.03103342279791832 0.046542972326278687 5.473582744598389
14.1013 0.04214770719408989 0.026285221800208092 0.9987656474113464 0.5112557411193848 0.030422117561101913 0.9991565942764282 -0.02757932059466839 -0.0817418023943901 -0.9986481070518494 0.03154697269201279 0.04131251201033592 5.474156856536865
14.20492 0.0367911234498024 0.02603629045188427 0.9989838004112244 0.5510590076446533 0.032993532717227936 0.9990838766098022 -0.027254007756710052 -0.08306559920310974 -0.9987781047821045 0.033962711691856384 0.03589839115738869 5.476408004760742
14.30854 0.034725435078144073 0.026359057053923607 0.9990493059158325 0.5921563506126404 0.0353262759745121 0.9989950656890869 -0.02758551575243473 -0.08414196968078613 -0.9987723231315613 0.036250606179237366 0.03375936672091484 5.476955413818359
14.41227 0.030808838084340096 0.025417838245630264 0.9992021322250366 0.6335745453834534 0.03520193696022034 0.9990288615226746 -0.026498831808567047 -0.08555665612220764 -0.9989051222801208 0.035990241914987564 0.02988417074084282 5.478989124298096
14.51589 0.0287186149507761 0.025179248303174973 0.9992703795433044 0.6773566007614136 0.03721768036484718 0.9989626407623291 -0.026241112500429153 -0.08675947785377502 -0.9988943338394165 0.037944138050079346 0.027751710265874863 5.479917526245117
14.61968 0.027643632143735886 0.024604585021734238 0.9993150234222412 0.7209447622299194 0.04173068329691887 0.9987970590591431 -0.025746209546923637 -0.08817927539348602 -0.9987463355064392 0.04241381585597992 0.026583613827824593 5.4810099601745605
14.72326 0.02887703850865364 0.024274200201034546 0.9992882609367371 0.7662566900253296 0.04531873017549515 0.9986453056335449 -0.025568179786205292 -0.0895557552576065 -0.9985551238059998 0.046024806797504425 0.027737842872738838 5.48183536529541
14.82686 0.031090639531612396 0.02421080693602562 0.9992233514785767 0.8126641511917114 0.04703383892774582 0.9985636472702026 -0.02565827965736389 -0.09088242053985596 -0.9984092712402344 0.04779503867030144 0.02990725263953209 5.483516693115234
14.93048 0.03448062762618065 0.02455662190914154 0.9991037845611572 0.8604462146759033 0.049278657883405685 0.9984403252601624 -0.026241008192300797 -0.09201692044734955 -0.9981896281242371 0.05013928562402725 0.03321673348546028 5.485867977142334
15.0341 0.03910427913069725 0.023442629724740982 0.998960018157959 0.9082323312759399 0.050074320286512375 0.9984226822853088 -0.025390176102519035 -0.09420568495988846 -0.9979797005653381 0.051015112549066544 0.037868719547986984 5.4873433113098145
15.13784 0.0432407446205616 0.021432293578982353 0.9988347291946411 0.9583728909492493 0.05190854147076607 0.9983713030815125 -0.0236695297062397 -0.09597469121217728 -0.9977152943611145 0.05287152901291847 0.04205780103802681 5.489297389984131
15.24145 0.04741442948579788 0.020251484587788582 0.9986699223518372 1.0089435577392578 0.051527056843042374 0.9984136819839478 -0.022692669183015823 -0.09713897854089737 -0.9975454807281494 0.052534475922584534 0.046295709908008575 5.491889953613281
15.34508 0.05110926926136017 0.018320482224225998 0.9985249638557434 1.06063711643219 0.04854282736778259 0.9986042976379395 -0.020806588232517242 -0.09827791154384613 -0.9975125193595886 0.0495346374809742 0.050148602575063705 5.495589733123779
15.44881 0.05491223558783531 0.016802186146378517 0.9983497858047485 1.1125259399414062 0.04818851128220558 0.9986487030982971 -0.019457731395959854 -0.10013272613286972 -0.9973276257514954 0.049177464097738266 0.054028354585170746 5.499338150024414
15.55255 0.059014029800891876 0.018136300146579742 0.9980924725532532 1.164625883102417 0.04453089460730553 0.9987917542457581 -0.020781978964805603 -0.10150789469480515 -0.9972634315490723 0.045672379434108734 0.058135099709033966 5.502423286437988
15.65617 0.062378015369176865 0.022260576486587524 0.9978043437004089 1.2181179523468018 0.043032027781009674 0.9987615346908569 -0.024972088634967804 -0.10304654389619827 -0.997124433517456 0.04449525848031044 0.06134283170104027 5.506087303161621
15.7599 0.06364892423152924 0.02777061052620411 0.9975859522819519 1.2728197574615479 0.03766532614827156 0.9988336563110352 -0.03020850569009781 -0.1045704185962677 -0.9972614049911499 0.039497144520282745 0.06252869963645935 5.510519981384277
15.86364 0.06274643540382385 0.030835017561912537 0.9975530505180359 1.3270137310028076 0.034509867429733276 0.998857855796814 -0.03304602950811386 -0.10679872334003448 -0.9974327087402344 0.03649894520640373 0.06161064654588699 5.51561164855957
15.96739 0.06342978775501251 0.030445240437984467 0.9975218176841736 1.378119945526123 0.03182511776685715 0.9989644885063171 -0.032512955367565155 -0.10863533616065979 -0.9974786639213562 0.03380853682756424 0.06239518150687218 5.51813268661499
16.07102 0.0633639469742775 0.028300262987613678 0.9975891709327698 1.432835578918457 0.029802760109305382 0.9990983009338379 -0.03023606725037098 -0.11144524812698364 -0.9975452423095703 0.031646788120269775 0.06246340274810791 5.521984577178955
16.17474 0.0632443055510521 0.02692059800028801 0.9976348876953125 1.4881055355072021 0.030279507860541344 0.9991241693496704 -0.02888033166527748 -0.11390338838100433 -0.9975385665893555 0.032034408301115036 0.06237377971410751 5.525385856628418
16.27845 0.06355053931474686 0.02663235366344452 0.9976232051849365 1.5386128425598145 0.02730555087327957 0.9992232322692871 -0.028414485976099968 -0.11579577624797821 -0.99760502576828 0.02904640883207321 0.06277395039796829 5.529703617095947
16.38209 0.06351371854543686 0.027363914996385574 0.9976058006286621 1.5933802127838135 0.026188435032963753 0.9992340207099915 -0.029075896367430687 -0.11765160411596298 -0.9976373314857483 0.027972456067800522 0.06274845451116562 5.533511638641357
