0.1037359 0.9999911189079285 -0.0026577806565910578 -0.003248976543545723 -0.0001467406254960224 0.0026514139026403427 0.9999945163726807 -0.001962482463568449 -0.00038519810186699033 0.003254175651818514 0.0019538505002856255 0.999992847442627 0.03998313471674919
0.2073381 0.9999722838401794 -0.001528397435322404 -0.007283738814294338 -0.0006972617702558637 0.0015009099151939154 0.9999918341636658 -0.003777723293751478 -0.0003705020353663713 0.0072894529439508915 0.0037666871212422848 0.9999663233757019 0.08100361377000809
0.3110752 0.9999364614486694 -0.001370417419821024 -0.011189873330295086 -0.0014625185867771506 0.001312793930992484 0.9999858140945435 -0.00515532772988081 -0.0006212925654835999 0.011196778155863285 0.00514031108468771 0.9999241232872009 0.12289941310882568
0.4146917 0.9998684525489807 5.941633207839914e-05 -0.016215739771723747 -0.00246882694773376 -0.00015265756519511342 0.999983549118042 -0.0057488614693284035 -0.0010067508555948734 0.01621513068675995 0.005750582087785006 0.9998520016670227 0.16584938764572144
0.5184302 0.9997904896736145 -0.0014221402816474438 -0.020416511222720146 -0.003686911426484585 0.0013025320367887616 0.9999818205833435 -0.005870515946298838 -0.0015329646412283182 0.020424487069249153 0.0058426926843822 0.9997743368148804 0.2093680500984192
0.6220448 0.9996975064277649 0.0006498967413790524 -0.02458248846232891 -0.005507787223905325 -0.0008225089404731989 0.9999750852584839 -0.007012289483100176 -0.0021089776419103146 0.024577315896749496 0.007030388340353966 0.9996731877326965 0.25371381640434265
0.7257977 0.9995560050010681 0.00347749050706625 -0.029592391103506088 -0.007333171553909779 -0.0037080636247992516 0.9999631643295288 -0.007740333676338196 -0.0025160619989037514 0.02956438809633255 0.007846628315746784 0.9995320439338684 0.2991902530193329
0.8294199 0.9994212985038757 0.0036722104996442795 -0.033815450966358185 -0.009304996579885483 -0.0038931129965931177 0.9999714493751526 -0.006469086743891239 -0.002683424623683095 0.03379072993993759 0.006596991326659918 0.999407172203064 0.3458220064640045
0.9331467 0.9992508292198181 0.002615879289805889 -0.03860969841480255 -0.011105425655841827 -0.0027180418837815523 0.9999929070472717 -0.0025937934406101704 -0.00421782024204731 0.038602638989686966 0.002696793992072344 0.9992509484291077 0.3937941789627075
1.03691 0.9991376399993896 0.002518431283533573 -0.04144350066781044 -0.013615775853395462 -0.0025569251738488674 0.9999963641166687 -0.0008758204057812691 -0.0037420778535306454 0.04144114628434181 0.000981033081188798 0.9991405010223389 0.4400870203971863
1.140497 0.999031662940979 0.0041924165561795235 -0.04379497095942497 -0.016618967056274414 -0.004290068056434393 0.9999885559082031 -0.002135983668267727 -0.003729415126144886 0.04378552362322807 0.0023217990528792143 0.9990382790565491 0.48909077048301697
1.244242 0.9989057183265686 0.003272799076512456 -0.04665541276335716 -0.018235042691230774 -0.003361101495102048 0.9999926686286926 -0.0018143252236768603 -0.004523173905909061 0.046649135649204254 0.0019691537600010633 0.9989094138145447 0.5368418097496033
1.347979 0.9988507628440857 0.00035476451739668846 -0.04792757332324982 -0.02092510089278221 -0.0004539403016678989 0.9999977946281433 -0.002058419631794095 -0.005176394246518612 0.04792673885822296 0.0020778104662895203 0.9988486766815186 0.5857067108154297
1.451596 0.9987214803695679 0.00032311928225681186 -0.05054948851466179 -0.02318877913057804 -0.0004048784030601382 0.9999986290931702 -0.0016071763820946217 -0.005387178622186184 0.05054891109466553 0.0016255879309028387 0.9987202286720276 0.6357843279838562
1.555212 0.9986914992332458 -0.0009788861498236656 -0.051130510866642 -0.026783620938658714 0.0008516419329680502 0.999996542930603 -0.002510344609618187 -0.005395755637437105 0.051132794469594955 0.002463514916598797 0.9986887574195862 0.6861670613288879
1.65896 0.9985793232917786 0.0008503981516696513 -0.053278353065252304 -0.02956894412636757 -0.0010633700294420123 0.9999915361404419 -0.003969126380980015 -0.006674745120108128 0.053274527192115784 0.0040201423689723015 0.9985718131065369 0.7362841367721558
1.762569 0.9985213875770569 0.0012555881403386593 -0.05434560775756836 -0.03305501118302345 -0.0016131584998220205 0.9999773502349854 -0.006536195985972881 -0.007275172974914312 0.054336171597242355 0.006614199839532375 0.9985007643699646 0.7875494360923767
1.866302 0.9983819127082825 0.005292664747685194 -0.056616976857185364 -0.03598640859127045 -0.005772327538579702 0.9999487400054932 -0.008311880752444267 -0.007997382432222366 0.056570086628198624 0.008625243790447712 0.9983614087104797 0.8392969965934753
1.969923 0.9983306527137756 0.006228449754416943 -0.05741854012012482 -0.03956720978021622 -0.0066683292388916016 0.9999498724937439 -0.007472524419426918 -0.009084783494472504 0.05736912041902542 0.007842939347028732 0.9983223080635071 0.8916054964065552
2.073666 0.9982529878616333 0.0052715810015797615 -0.05884717404842377 -0.04281752184033394 -0.005622629076242447 0.9999673366546631 -0.0058014532551169395 -0.00995564367622137 0.05881467089056969 0.006122195161879063 0.9982501268386841 0.9439065456390381
2.177281 0.9982213377952576 0.006436057388782501 -0.059266310185194016 -0.04716624692082405 -0.006753176916390657 0.9999639987945557 -0.005152013152837753 -0.010092431679368019 0.05923101678490639 0.005543086677789688 0.998228907585144 0.9965178370475769
2.281017 0.998117983341217 0.005275927018374205 -0.06109356880187988 -0.049954306334257126 -0.005562655162066221 0.999974250793457 -0.004524120595306158 -0.011301636695861816 0.06106813997030258 0.004855448845773935 0.9981217980384827 1.0501447916030884
2.384639 0.997969925403595 0.005060223396867514 -0.06348314136266708 -0.05303310602903366 -0.005444925744086504 0.9999678134918213 -0.005888376384973526 -0.011782452464103699 0.06345131248235703 0.00622208509594202 0.9979655146598816 1.1036748886108398
2.48825 0.9979393482208252 0.003586285514757037 -0.06406436860561371 -0.056372784078121185 -0.003991618752479553 0.9999728202819824 -0.006200090516358614 -0.012664781883358955 0.06404039263725281 0.00644303485751152 0.9979264736175537 1.1566197872161865
2.591988 0.9978777766227722 0.003449099138379097 -0.06502270698547363 -0.05958416685461998 -0.0037582830991595984 0.9999822378158569 -0.004633297212421894 -0.012979133985936642 0.06500555574893951 0.004867837764322758 0.997873067855835 1.2111655473709106
2.695832 0.9979127645492554 0.005339702591300011 -0.0643552765250206 -0.06420920044183731 -0.0054258001036942005 0.9999845623970032 -0.00116313889157027 -0.014079204760491848 0.06434807181358337 0.0015098900767043233 0.9979263544082642 1.2658525705337524
2.799367 0.9979597330093384 0.0061772107146680355 -0.06354697793722153 -0.06783120334148407 -0.006019257009029388 0.999978244304657 0.0026767640374600887 -0.015014106407761574 0.06356213241815567 -0.002288798103109002 0.99797523021698 1.3206324577331543
2.903084 0.9980277419090271 0.005038898903876543 -0.06256972253322601 -0.07062776386737823 -0.004700353369116783 0.9999735355377197 0.0055567012168467045 -0.015224622562527657 0.06259606033563614 -0.005251643247902393 0.998025119304657 1.376408338546753
3.006768 0.998117983341217 0.0051024602726101875 -0.0611092709004879 -0.0742625966668129 -0.004721276927739382 0.9999685287475586 0.0063805184327065945 -0.015696421265602112 0.06113990768790245 -0.006079996936023235 0.9981105923652649 1.4317790269851685
3.110441 0.9982366561889648 0.0056587159633636475 -0.059088174253702164 -0.07813064008951187 -0.005465786904096603 0.9999791383743286 0.00342620350420475 -0.015766780823469162 0.05910632014274597 -0.0030971993692219257 0.9982469081878662 1.4875093698501587
3.214057 0.9982619881629944 0.006475052330642939 -0.05857560783624649 -0.08124150335788727 -0.006588831078261137 0.9999766945838928 -0.0017494838684797287 -0.015849148854613304 0.05856291949748993 0.0021323878318071365 0.9982814192771912 1.543553352355957
3.317669 0.9983513355255127 0.005886458326131105 -0.05709441006183624 -0.08504851162433624 -0.00615238631144166 0.9999710321426392 -0.004483013413846493 -0.01658698171377182 0.05706636235117912 0.004826890770345926 0.9983586668968201 1.6000456809997559
3.421285 0.9984016418457031 0.003740977728739381 -0.05639174208045006 -0.08818002790212631 -0.003932530526071787 0.9999868273735046 -0.0032862278167158365 -0.017265241593122482 0.056378718465566635 0.003502737497910857 0.9984032511711121 1.6560959815979004
3.524925 0.9983910322189331 0.002066140528768301 -0.056667789816856384 -0.09118285030126572 -0.001996298087760806 0.9999971985816956 0.0012890754733234644 -0.017771588638424873 0.05667030066251755 -0.0011738755274564028 0.9983922839164734 1.7142109870910645
3.628545 0.998334527015686 -0.001510604633949697 -0.0576690249145031 -0.09416281431913376 0.0017813598969951272 0.9999876618385315 0.0046438719145953655 -0.018332311883568764 0.057661306113004684 -0.004738867282867432 0.998324990272522 1.7716119289398193
3.732256 0.9982396960258484 -0.00859583355486393 -0.05868171527981758 -0.09681306779384613 0.00885247252881527 0.9999523758888245 0.004114806652069092 -0.01915592886507511 0.05864356458187103 -0.004627041984349489 0.9982683062553406 1.8287971019744873
3.835871 0.998147189617157 -0.010276800952851772 -0.05997299402952194 -0.10072187334299088 0.01029353216290474 0.9999470114707947 -2.9986276786075905e-05 -0.01908944733440876 0.05997011810541153 -0.0005874031921848655 0.998199999332428 1.8861650228500366
3.939488 0.9980663061141968 -0.009408080019056797 -0.06144111230969429 -0.10445617884397507 0.00913375522941351 0.9999470114707947 -0.004744191188365221 -0.019145198166370392 0.061482492834329605 0.004173829685896635 0.9980993866920471 1.9440964460372925
4.043107 0.9979332089424133 -0.009591293521225452 -0.0635400041937828 -0.10815703868865967 0.009335283190011978 0.9999470114707947 -0.00432480638846755 -0.020529864355921745 0.06357811391353607 0.003722704714164138 0.997969925403595 2.002394199371338
4.146888 0.9979018568992615 -0.008897465653717518 -0.06413058936595917 -0.11266550421714783 0.008731802925467491 0.9999576807022095 -0.002863036934286356 -0.021593578159809113 0.06415333598852158 0.0022970542777329683 0.9979373812675476 2.061448812484741
4.25046 0.9978368878364563 -0.006464955862611532 -0.06541907787322998 -0.116346076130867 0.006462661549448967 0.9999790191650391 -0.00024669061531312764 -0.022043850272893906 0.06541931629180908 -0.00017662448226474226 0.9978578686714172 2.1200954914093018
4.354202 0.9977650046348572 -0.005675408989191055 -0.06657815724611282 -0.1204996109008789 0.00573411351069808 0.9999833106994629 0.0006906947819516063 -0.022488370537757874 0.0665731355547905 -0.0010709180496633053 0.9977810382843018 2.1786117553710938
4.45794 0.9977163672447205 -0.004944575950503349 -0.06736153364181519 -0.12509003281593323 0.005211375188082457 0.9999791979789734 0.003785546636208892 -0.023460017517209053 0.06734143197536469 -0.004127947613596916 0.9977214932441711 2.238632917404175
4.561559 0.9977238774299622 -0.005523257423192263 -0.06720519810914993 -0.12922945618629456 0.006001775618642569 0.9999580383300781 0.006920426152646542 -0.023814424872398376 0.06716416031122208 -0.007308025844395161 0.997715175151825 2.296942949295044
4.665293 0.9977037310600281 0.0008946254383772612 -0.0677238181233406 -0.13397569954395294 -0.00028725157608278096 0.9999596476554871 0.008977601304650307 -0.024131951853632927 0.06772911548614502 -0.00893753208220005 0.9976637363433838 2.356884241104126
4.768912 0.99765944480896 0.0009338130475953221 -0.06837311387062073 -0.13755476474761963 -0.0004007359384559095 0.9999694228172302 0.007809885777533054 -0.023750899359583855 0.06837831437587738 -0.007764206267893314 0.9976292848587036 2.4149861335754395
4.872532 0.997671902179718 0.0009389505721628666 -0.06819005310535431 -0.14223617315292358 -0.00047428905963897705 0.9999765753746033 0.00683008274063468 -0.024784253910183907 0.06819487363100052 -0.006781840696930885 0.9976490139961243 2.475041389465332
4.976146 0.9976446032524109 0.003442822489887476 -0.06850793957710266 -0.14631296694278717 -0.003165304195135832 0.9999864101409912 0.004159032367169857 -0.025043338537216187 0.06852131336927414 -0.003932387568056583 0.9976419806480408 2.5331954956054688
5.079909 0.997617244720459 0.0027048634365200996 -0.06893832236528397 -0.151040717959404 -0.002399510471150279 0.9999868273735046 0.004511787090450525 -0.025445997714996338 0.0689496397972107 -0.004335618112236261 0.9976107478141785 2.5915558338165283
5.183503 0.9975336790084839 0.0008911503828130662 -0.07018354535102844 -0.15523940324783325 -0.0005639931187033653 0.9999887943267822 0.004681132733821869 -0.025029487907886505 0.07018695026636124 -0.004630004987120628 0.9975231289863586 2.6495587825775146
5.287117 0.9974985718727112 0.0015251156874001026 -0.07067060470581055 -0.1596929132938385 -0.001081293448805809 0.9999794363975525 0.006317992229014635 -0.02611652947962284 0.07067879289388657 -0.006225773598998785 0.9974797368049622 2.707097053527832
5.390861 0.9974727034568787 0.0036309652496129274 -0.07095760107040405 -0.1638597697019577 -0.0034135854803025723 0.9999890923500061 0.00318454229272902 -0.02688150852918625 0.0709683820605278 -0.002934274962171912 0.997474193572998 2.763849973678589
5.494473 0.9973922967910767 0.004365461878478527 -0.07203926146030426 -0.16834217309951782 -0.004462434910237789 0.9999894499778748 -0.001185215194709599 -0.027518775314092636 0.07203330844640732 0.0015035951510071754 0.9974011182785034 2.8214871883392334
5.598233 0.997322142124176 0.005054418463259935 -0.07295849919319153 -0.17230534553527832 -0.0052270432934165 0.9999839663505554 -0.0021753362379968166 -0.02843412570655346 0.07294633239507675 0.002550868084654212 0.9973326325416565 2.8781561851501465
5.701829 0.9973392486572266 0.0040987469255924225 -0.07278517633676529 -0.17656849324703217 -0.0040210457518696785 0.9999911189079285 0.0012140491744503379 -0.028942083939909935 0.0727895200252533 -0.0009181464556604624 0.9973469376564026 2.935732841491699
5.805571 0.9973157644271851 0.0021706586703658104 -0.07318783551454544 -0.18031644821166992 -0.0018962443573400378 0.9999908804893494 0.003818735247477889 -0.029033616185188293 0.07319546490907669 -0.0036697033792734146 0.9973108172416687 2.991941452026367
5.909185 0.9973117113113403 9.324281563749537e-06 -0.07327571511268616 -0.18462982773780823 0.0003644435200840235 0.999987006187439 0.005087471101433039 -0.03019833192229271 0.07327480614185333 -0.005100499372929335 0.9972987771034241 3.04909610748291
6.012921 0.997323751449585 -0.002940292004495859 -0.07305093854665756 -0.18883416056632996 0.003240288235247135 0.9999867677688599 0.003988503944128752 -0.031035352498292923 0.07303822785615921 -0.004214535932987928 0.9973202347755432 3.103928327560425
6.116541 0.9972787499427795 -0.0053709521889686584 -0.07352733612060547 -0.19325187802314758 0.005562775302678347 0.9999816417694092 0.0024043098092079163 -0.03137081861495972 0.07351306825876236 -0.002806782955303788 0.9972902536392212 3.1610610485076904
6.220278 0.9972013831138611 -0.0062982444651424885 -0.07449705898761749 -0.1973511427640915 0.006557689514011145 0.9999732971191406 0.00323851709254086 -0.031826138496398926 0.07447466999292374 -0.0037179822102189064 0.997215986251831 3.216310501098633
6.323895 0.9970394968986511 -0.010377331636846066 -0.07618765532970428 -0.20092423260211945 0.010992655530571938 0.9999102354049683 0.0076614911668002605 -0.03210962563753128 0.07610130310058594 -0.008476314134895802 0.9970641136169434 3.2729251384735107
6.427659 0.9970064759254456 -0.010963818058371544 -0.0765368863940239 -0.20555369555950165 0.011962282471358776 0.9998490810394287 0.012599265202879906 -0.03233175352215767 0.0763871967792511 -0.013477105647325516 0.9969872236251831 3.3281502723693848
6.531383 0.9969689249992371 -0.00935218296945095 -0.07723652571439743 -0.20994144678115845 0.01053584273904562 0.9998330473899841 0.014931900426745415 -0.03271142393350601 0.07708398997783661 -0.01570039615035057 0.9969009160995483 3.3841493129730225
6.634992 0.9968754053115845 -0.008649788796901703 -0.07851501554250717 -0.21425345540046692 0.009551125578582287 0.9998927116394043 0.011111532337963581 -0.03293517976999283 0.07841047644615173 -0.011826722882688046 0.9968509674072266 3.4377739429473877
6.738741 0.9967840909957886 -0.006202417891472578 -0.07989469170570374 -0.2191164642572403 0.006467167753726244 0.9999744296073914 0.0030554006807506084 -0.033163271844387054 0.07987368851900101 -0.0035622669383883476 0.9967988133430481 3.4929144382476807
6.84235 0.9966675639152527 -0.005204135552048683 -0.08140579611063004 -0.2230958342552185 0.005083938129246235 0.9999856948852539 -0.0016837322618812323 -0.033513106405735016 0.0814133808016777 0.001264259684830904 0.9966797232627869 3.5453290939331055
6.945963 0.9966018199920654 -0.0006496651913039386 -0.082369364798069 -0.22786056995391846 0.0006162509089335799 0.9999997615814209 -0.0004310936201363802 -0.034319158643484116 0.0823696106672287 0.0003788687754422426 0.9966018795967102 3.5976128578186035
7.049705 0.9965652823448181 0.002571319229900837 -0.08277221769094467 -0.23313480615615845 -0.002462963806465268 0.9999960064888 0.0014111571945250034 -0.03507859632372856 0.08277550339698792 -0.0012024450115859509 0.9965675473213196 3.6514041423797607
7.153323 0.9964702129364014 0.005723647773265839 -0.08375164866447449 -0.23774102330207825 -0.005507464986294508 0.9999809265136719 0.002812040038406849 -0.035717107355594635 0.0837661400437355 -0.002340854611247778 0.996482789516449 3.7019643783569336
7.256934 0.9964081048965454 0.005677037872374058 -0.08449027687311172 -0.2425122857093811 -0.005462579429149628 0.9999812841415405 0.0027692278381437063 -0.03639335557818413 0.08450441062450409 -0.002297746716067195 0.9964204430580139 3.7508723735809326
7.360549 0.9962314963340759 0.007903031073510647 -0.08637437224388123 -0.24696144461631775 -0.007621266413480043 0.9999644756317139 0.0035914129111915827 -0.036939188838005066 0.08639971166849136 -0.002919596154242754 0.9962562322616577 3.8024041652679443
7.464167 0.9961249828338623 0.009128611534833908 -0.08747358620166779 -0.2517126798629761 -0.008752546273171902 0.9999507665634155 0.004681763239204884 -0.038267381489276886 0.08751203119754791 -0.003898005234077573 0.996155858039856 3.8510212898254395
7.567786 0.9960166215896606 0.008762581273913383 -0.08873489499092102 -0.2564721405506134 -0.008348970673978329 0.9999523758888245 0.005031274631619453 -0.038909912109375 0.08877477049827576 -0.0042703901417553425 0.9960426092147827 3.899087429046631
7.671396 0.9958480000495911 0.008192894048988819 -0.09066181629896164 -0.26014113426208496 -0.007699649780988693 0.99995356798172 0.005788906943053007 -0.038982242345809937 0.09070505946874619 -0.005066807847470045 0.9958649277687073 3.9471027851104736
7.775144 0.9957205653190613 0.011288472451269627 -0.09172194451093674 -0.26493149995803833 -0.010557122528553009 0.9999085068702698 0.008454851806163788 -0.0393298901617527 0.09180900454521179 -0.00745035195723176 0.99574875831604 3.99385142326355
7.878754 0.9955816864967346 0.01217928621917963 -0.09310680627822876 -0.26944488286972046 -0.011046712286770344 0.9998586773872375 0.012669973075389862 -0.039977606385946274 0.09324796497821808 -0.01158546656370163 0.9955756068229675 4.039066314697266
7.982493 0.9953846335411072 0.015579904429614544 -0.09469258040189743 -0.2744971513748169 -0.014275087043642998 0.9997937679290771 0.014441353268921375 -0.04022032022476196 0.09489805996417999 -0.01302295457571745 0.9954017996788025 4.084031581878662
8.086111 0.9952793121337891 0.01863637939095497 -0.09524577856063843 -0.2798541784286499 -0.017736436799168587 0.9997897744178772 0.010286515578627586 -0.04060186818242073 0.09541746228933334 -0.008548635058104992 0.9954006671905518 4.127583026885986
8.189849 0.9951887726783752 0.018559949472546577 -0.09620138257741928 -0.2846943438053131 -0.018367987126111984 0.9998271465301514 0.0028806449845433235 -0.04103751853108406 0.09623821824789047 -0.001099760178476572 0.9953577518463135 4.169332981109619
8.29347 0.9951285719871521 0.01748763583600521 -0.0970224142074585 -0.29031190276145935 -0.017929157242178917 0.9998325109481812 -0.003680730238556862 -0.04048820585012436 0.09694179892539978 0.0054023293778300285 0.9952754378318787 4.210266590118408
8.397102 0.9949541687965393 0.018833918496966362 -0.09854675084352493 -0.29239410161972046 -0.01931031048297882 0.9998060464859009 -0.003882516175508499 -0.04232070967555046 0.09845449775457382 0.005765891633927822 0.9951249361038208 4.250437259674072
8.500847 0.9948294162750244 0.02124357596039772 -0.09931278228759766 -0.2972607910633087 -0.02135106548666954 0.9997720122337341 -1.9468961909296922e-05 -0.043294332921504974 0.09928973764181137 0.002139802323654294 0.9950562119483948 4.290999889373779
8.604438 0.9946880340576172 0.02152688428759575 -0.10065846890211105 -0.3009447157382965 -0.021387258544564247 0.9997682571411133 0.0024661896750330925 -0.04439891129732132 0.10068822652101517 -0.0003002800513058901 0.9949178695678711 4.328850746154785
8.708175 0.9947111010551453 0.01822764240205288 -0.10108224302530289 -0.3056648373603821 -0.018348028883337975 0.9998316764831543 -0.00026134515064768493 -0.0456513874232769 0.10106045752763748 0.00211462308652699 0.9948779940605164 4.364772796630859
8.811795 0.9947867393493652 0.010414228774607182 -0.10144359618425369 -0.30816417932510376 -0.011124837212264538 0.9999172687530518 -0.006441763136535883 -0.0450378954410553 0.10136811435222626 0.007536724675446749 0.9948204159736633 4.400628566741943
8.915403 0.9948821067810059 0.00650520296767354 -0.10083241760730743 -0.3112476170063019 -0.007678063120692968 0.9999072551727295 -0.011248048394918442 -0.046158432960510254 0.1007499024271965 0.011964680626988411 0.9948398470878601 4.437369346618652
9.019162 0.9951953887939453 0.008570116013288498 -0.09753287583589554 -0.3150312602519989 -0.009752641431987286 0.9998844861984253 -0.01165409479290247 -0.046634137630462646 0.09742174297571182 0.012549304403364658 0.9951640963554382 4.471225261688232
9.12289 0.9955747127532959 0.01328373420983553 -0.09302885085344315 -0.31893450021743774 -0.014192664064466953 0.9998577237129211 -0.009115590713918209 -0.04716767370700836 0.0928945392370224 0.01039558183401823 0.9956216812133789 4.503856658935547
9.226512 0.996025562286377 0.012363358400762081 -0.08820471167564392 -0.3219199776649475 -0.012888053432106972 0.9999024271965027 -0.0053815473802387714 -0.04836975410580635 0.08812958002090454 0.006496946793049574 0.9960877895355225 4.536581039428711
9.330247 0.9965636730194092 0.008667409420013428 -0.08237621188163757 -0.32354724407196045 -0.008844778873026371 0.9999592900276184 -0.0017884951084852219 -0.04857565835118294 0.08235735446214676 0.002510949969291687 0.9965997338294983 4.56746768951416
9.433986 0.9971835017204285 0.004115312825888395 -0.07488714903593063 -0.3251415491104126 -0.003981876652687788 0.9999901652336121 0.0019310307689011097 -0.0494842529296875 0.07489436864852905 -0.001627400633879006 0.9971901774406433 4.600032806396484
9.537749 0.9979019165039062 0.007790830917656422 -0.06427276134490967 -0.3267304599285126 -0.007694663945585489 0.9999687671661377 0.0017436298076063395 -0.04991208389401436 0.06428435444831848 -0.0012454139068722725 0.9979308843612671 4.630202770233154
9.641587 0.9986926913261414 0.012911253608763218 -0.04945856332778931 -0.32794445753097534 -0.012881726957857609 0.9999164342880249 0.0009157317690551281 -0.050155237317085266 0.04946627467870712 -0.00027742283418774605 0.998775839805603 4.659641265869141
9.745342 0.9993761777877808 0.01800299994647503 -0.030380960553884506 -0.32958608865737915 -0.017942072823643684 0.9998363852500916 0.002276772167533636 -0.05144526809453964 0.030416976660490036 -0.0017302546184509993 0.999535858631134 4.688241481781006
9.849229 0.9998254179954529 0.01637089066207409 -0.009003647603094578 -0.32868480682373047 -0.016351308673620224 0.9998638033866882 0.002243749098852277 -0.05117989704012871 0.009039154276251793 -0.0020961365662515163 0.9999569654464722 4.715786933898926
9.953059 0.9997650980949402 0.01300597470253706 0.017337651923298836 -0.3268493115901947 -0.013060687109827995 0.9999101161956787 0.0030462180729955435 -0.05140499770641327 -0.017296474426984787 -0.00327194482088089 0.999845027923584 4.7430830001831055
10.05693 0.9988157153129578 0.011459801346063614 0.04728486388921738 -0.3247731328010559 -0.0117039131000638 0.999919593334198 0.004888937342911959 -0.0522487536072731 -0.04722503572702408 -0.005436565726995468 0.9988694787025452 4.769805908203125
10.16083 0.9967362284660339 0.01137489266693592 0.07992058992385864 -0.321316123008728 -0.01187466736882925 0.9999127388000488 0.005780875217169523 -0.05238177627325058 -0.07984787225723267 -0.00671103922650218 0.996784508228302 4.795729637145996
10.26466 0.9929514527320862 0.011301648803055286 0.11798147857189178 -0.31723880767822266 -0.012182789854705334 0.9999029636383057 0.006749917287379503 -0.05322697386145592 -0.1178937703371048 -0.008139684796333313 0.9929928779602051 4.821812152862549
10.36867 0.98721843957901 0.011592937633395195 0.1589517742395401 -0.31172800064086914 -0.012718702666461468 0.9999006986618042 0.006066922564059496 -0.052984997630119324 -0.15886569023132324 -0.008011037483811378 0.9872677326202393 4.845717430114746
10.47264 0.9789369106292725 0.011071033775806427 0.20386309921741486 -0.3049531579017639 -0.01259834785014391 0.9999014139175415 0.00619554566219449 -0.053639352321624756 -0.20377443730831146 -0.008633385412395 0.9789798855781555 4.870027542114258
10.57663 0.9673047661781311 0.0133126862347126 0.2532673180103302 -0.29773998260498047 -0.014767831191420555 0.9998835325241089 0.0038451727014034986 -0.05394192039966583 -0.25318658351898193 -0.007459661457687616 0.9673887491226196 4.893179416656494
10.68062 0.9518716335296631 0.013993043452501297 0.30617764592170715 -0.288632869720459 -0.014986309222877026 0.9998872876167297 0.000893512275069952 -0.05461040511727333 -0.306130588054657 -0.005438980646431446 0.9519740343093872 4.915389537811279
10.78461 0.9323210716247559 0.014612552709877491 0.36133649945259094 -0.27795374393463135 -0.015108121559023857 0.9998847842216492 -0.0014536395901814103 -0.05490192398428917 -0.36131608486175537 -0.004103856161236763 0.9324343800544739 4.936649322509766
10.88875 0.9080831408500671 0.015661979094147682 0.4184967875480652 -0.2667492628097534 -0.015769967809319496 0.9998705387115479 -0.0032007605768740177 -0.05537443608045578 -0.41849273443222046 -0.0036931252107024193 0.9082126021385193 4.956572532653809
10.99272 0.8784655928611755 0.01574484258890152 0.47754597663879395 -0.25454235076904297 -0.014966703951358795 0.9998732805252075 -0.005434260703623295 -0.055583417415618896 -0.477571040391922 -0.002373478841036558 0.8785899877548218 4.976485252380371
11.09659 0.8453162312507629 0.014570112340152264 0.5340673923492432 -0.23990750312805176 -0.012012336403131485 0.9998936057090759 -0.008265509270131588 -0.05574202537536621 -0.5341311693191528 0.0005715701263397932 0.8454014658927917 4.994859218597412
11.20057 0.8085591793060303 0.014587514102458954 0.588234007358551 -0.2245187759399414 -0.010968954302370548 0.9998926520347595 -0.009718751534819603 -0.05629446730017662 -0.5883126854896545 0.0014058714732527733 0.8086322546005249 5.011697769165039
11.30431 0.7681102752685547 0.01294032298028469 0.6401865482330322 -0.20821380615234375 -0.009600366465747356 0.9999160766601562 -0.008692928589880466 -0.05699872225522995 -0.6402454376220703 0.0005311020067892969 0.768170177936554 5.028514385223389
11.40818 0.7261797189712524 0.012596332468092442 0.6873895525932312 -0.19073247909545898 -0.01056920737028122 0.999918520450592 -0.007157754153013229 -0.05727297067642212 -0.6874237060546875 -0.0020673461258411407 0.7262536883354187 5.04270601272583
11.51192 0.680526077747345 0.011585491709411144 0.7326322793960571 -0.17267894744873047 -0.009827454574406147 0.9999293684959412 -0.006683892570436001 -0.05784183368086815 -0.7326580286026001 -0.002651348477229476 0.680591881275177 5.056809425354004
11.61553 0.634677529335022 0.01085243746638298 0.7727009654045105 -0.1533830165863037 -0.00642185565084219 0.9999408721923828 -0.00876922532916069 -0.05799071490764618 -0.7727504372596741 0.0006034577381797135 0.6347097754478455 5.0686354637146
11.71927 0.5885072946548462 0.008020266890525818 0.8084520697593689 -0.1340804100036621 -0.0005479378742165864 0.9999544620513916 -0.009521204978227615 -0.05873711034655571 -0.8084917664527893 0.005160314962267876 0.5884848237037659 5.078477382659912
11.82277 0.5424635410308838 0.010161831974983215 0.8400178551673889 -0.11403560638427734 -0.0024531129747629166 0.9999417662620544 -0.010512291453778744 -0.05945652723312378 -0.8400757312774658 0.0036418756935745478 0.5424568057060242 5.088260650634766
11.92638 0.49407631158828735 0.013021537102758884 0.8693210482597351 -0.09419918060302734 -0.0061535919085145 0.9999151229858398 -0.011480327695608139 -0.060070328414440155 -0.8693966865539551 0.0003227101406082511 0.494114488363266 5.098597049713135
12.03 0.4486352205276489 0.01510322280228138 0.8935873508453369 -0.07330775260925293 -0.006692676804959774 0.9998859763145447 -0.01353972777724266 -0.060668423771858215 -0.893689751625061 9.390676859766245e-05 0.4486851692199707 5.107172012329102
12.13361 0.40628722310066223 0.01240538153797388 0.9136611819267273 -0.05244278907775879 0.0011208998039364815 0.999900221824646 -0.014074746519327164 -0.06121831014752388 -0.9137447476387024 0.00674251327291131 0.4062328040599823 5.113741397857666
12.2371 0.36739468574523926 0.00473196804523468 0.930053174495697 -0.03015923500061035 0.016697172075510025 0.9997922778129578 -0.0116826007142663 -0.06151079759001732 -0.929915189743042 0.01982138305902481 0.36723947525024414 5.118856906890869
12.3406 0.33155933022499084 0.0015061262529343367 0.9434331655502319 -0.008168935775756836 0.020041348412632942 0.9997618198394775 -0.008639365434646606 -0.061873774975538254 -0.9432215094566345 0.02177213504910469 0.3314501941204071 5.124826431274414
12.44411 0.298229843378067 0.0053492700681090355 0.9544790387153625 0.0136033296585083 0.016824549064040184 0.9997994899749756 -0.010860144160687923 -0.06270120292901993 -0.9543458819389343 0.01929749734699726 0.2980800271034241 5.130706310272217
12.54767 0.2672153115272522 0.013275740668177605 0.9635454416275024 0.03682148456573486 0.006656132638454437 0.9998557567596436 -0.015621938742697239 -0.06329017877578735 -0.9636140465736389 0.0105879046022892 0.267088383436203 5.136996269226074
12.65107 0.23805643618106842 0.017031392082571983 0.9711019992828369 0.05974006652832031 0.00294781057164073 0.9998289942741394 -0.018257837742567062 -0.06432398408651352 -0.9712468981742859 0.0072090202011168 0.23796550929546356 5.142566204071045
12.75469 0.21331392228603363 0.019197724759578705 0.9767950773239136 0.08441376686096191 0.003162853652611375 0.9997880458831787 -0.020340334624052048 -0.06539177149534225 -0.976978600025177 0.007428335025906563 0.21320798993110657 5.14629602432251
12.85806 0.18989680707454681 0.020970001816749573 0.9815801382064819 0.10904508829116821 0.010315016843378544 0.9996740221977234 -0.02335209771990776 -0.06603464484214783 -0.9817498326301575 0.014559502713382244 0.18961860239505768 5.149568557739258
12.96167 0.16991591453552246 0.026681382209062576 0.9850972890853882 0.13448601961135864 0.017744138836860657 0.9993885159492493 -0.03012908436357975 -0.06632568687200546 -0.985298752784729 0.0225991141051054 0.16933858394622803 5.152213096618652
13.0652 0.14983853697776794 0.03336911275982857 0.9881470799446106 0.16043740510940552 0.01991450786590576 0.9991256594657898 -0.036759600043296814 -0.06642024964094162 -0.9885098934173584 0.02518646791577339 0.14904296398162842 5.15540075302124
13.16877 0.13211610913276672 0.03435491770505905 0.9906387329101562 0.18823063373565674 0.016603004187345505 0.9991822838783264 -0.03686545789241791 -0.06738737225532532 -0.9910953640937805 0.0213181022554636 0.13143767416477203 5.159073829650879
13.27235 0.11702218651771545 0.030632205307483673 0.9926567673683167 0.21587204933166504 0.015617987141013145 0.9993438124656677 -0.0326797291636467 -0.06849616020917892 -0.9930065870285034 0.019327552989125252 0.11646699160337448 5.161737442016602
13.37588 0.10225401818752289 0.026540793478488922 0.9944041967391968 0.24544066190719604 0.01532102283090353 0.9994834065437317 -0.028251809999346733 -0.07029208540916443 -0.9946403503417969 0.018124151974916458 0.10179456323385239 5.164487838745117
13.4795 0.08810576051473618 0.024841513484716415 0.9958013296127319 0.2751467227935791 0.018365424126386642 0.9994784593582153 -0.026558170095086098 -0.07082981616258621 -0.9959418773651123 0.02062823995947838 0.08760356903076172 5.166996002197266
13.58311 0.07772115617990494 0.02341362275183201 0.9967001080513 0.3062467575073242 0.02192666567862034 0.9994422197341919 -0.025187840685248375 -0.07222654670476913 -0.9967339634895325 0.023811938241124153 0.0771644338965416 5.168020248413086
13.68672 0.06808266788721085 0.02486039698123932 0.9973698854446411 0.3376924395561218 0.025264374911785126 0.9993258714675903 -0.02663375623524189 -0.07272220402956009 -0.9973597526550293 0.027011223137378693 0.06740871071815491 5.169070720672607
13.79034 0.059670716524124146 0.024815259501338005 0.9979096055030823 0.370530903339386 0.026566525921225548 0.9992973804473877 -0.026438333094120026 -0.07419268041849136 -0.9978646039962769 0.028088584542274475 0.05896953120827675 5.171205520629883
13.89395 0.053737442940473557 0.02500171586871147 0.9982420802116394 0.40451541543006897 0.028531014919281006 0.9992399215698242 -0.026562590152025223 -0.0751541256904602 -0.9981474876403809 0.02990826591849327 0.05298328027129173 5.173040866851807
13.99767 0.048592932522296906 0.026046518236398697 0.9984789490699768 0.43939417600631714 0.029125336557626724 0.9991979002952576 -0.027482716366648674 -0.07642418891191483 -0.9983938932418823 0.030416496098041534 0.047795336693525314 5.174320697784424
14.1013 0.042419176548719406 0.02677525207400322 0.9987410306930542 0.4756576418876648 0.029582688584923744 0.9991687536239624 -0.028043178841471672 -0.0775192379951477 -0.9986617565155029 0.030735015869140625 0.041591841727495193 5.175877571105957
14.20492 0.03798355162143707 0.026663530617952347 0.9989225268363953 0.5129308104515076 0.03217144310474396 0.9990929961204529 -0.027891388162970543 -0.07884690165519714 -0.9987603425979614 0.033196188509464264 0.03709129989147186 5.177157402038574
14.30854 0.035186767578125 0.026883969083428383 0.9990190267562866 0.5511284470558167 0.03352789208292961 0.9990436434745789 -0.028065526857972145 -0.07990415394306183 -0.9988181591033936 0.03448253870010376 0.03425174951553345 5.178163528442383
14.41227 0.03168518841266632 0.026288945227861404 0.9991521239280701 0.5906500220298767 0.0342007614672184 0.9990401864051819 -0.027370577678084373 -0.08117488026618958 -0.9989125728607178 0.035039015114307404 0.030755681917071342 5.179734706878662
14.51589 0.02969903126358986 0.02574940398335457 0.9992272853851318 0.6318212747573853 0.03627169132232666 0.9989818930625916 -0.026821158826351166 -0.0826088935136795 -0.9989005923271179 0.037040214985609055 0.028734827414155006 5.1802167892456055
14.61968 0.028909841552376747 0.02527180314064026 0.9992625713348389 0.6735371947288513 0.040213219821453094 0.9988415837287903 -0.026424579322338104 -0.08390461653470993 -0.998772919178009 0.04094748944044113 0.027860093861818314 5.181373119354248
14.72326 0.030234429985284805 0.024971559643745422 0.9992308020591736 0.7168829441070557 0.044296376407146454 0.9986722469329834 -0.026297906413674355 -0.0852813869714737 -0.9985607862472534 0.04505740851163864 0.029088137671351433 5.1817169189453125
14.82686 0.03358949348330498 0.024805737659335136 0.9991278052330017 0.7612313032150269 0.046760208904743195 0.9985581040382385 -0.026363622397184372 -0.08691713958978653 -0.9983410835266113 0.047604963183403015 0.032381150871515274 5.181596279144287
14.93048 0.03627178072929382 0.024781912565231323 0.9990347623825073 0.8055842518806458 0.04861212149262428 0.9984652400016785 -0.026532743126153946 -0.08829408884048462 -0.998158872127533 0.04952758923172951 0.035011425614356995 5.184998989105225
15.0341 0.0410611629486084 0.024464838206768036 0.9988570809364319 0.8522038459777832 0.0488135851919651 0.9984573125839233 -0.026461683213710785 -0.08945896476507187 -0.9979634881019592 0.049844346940517426 0.03980360925197601 5.186429023742676
15.13784 0.04395712912082672 0.022523146122694016 0.9987794756889343 0.8985797166824341 0.050151724368333817 0.9984355568885803 -0.024722611531615257 -0.09146567434072495 -0.9977738261222839 0.0511772520840168 0.04275878518819809 5.189919948577881
15.24145 0.04858696460723877 0.02116706408560276 0.9985945820808411 0.9473472833633423 0.050507158041000366 0.9984442591667175 -0.023621320724487305 -0.0923268049955368 -0.9975411891937256 0.051583871245384216 0.04744228348135948 5.191812992095947
15.34508 0.05269736796617508 0.01906181126832962 0.9984285235404968 0.9961193799972534 0.0475468710064888 0.9986359477043152 -0.021575309336185455 -0.0934508740901947 -0.9974780082702637 0.04860912263393402 0.05171915516257286 5.194748401641846
15.44881 0.05674120783805847 0.01810382306575775 0.9982247352600098 1.045837640762329 0.046559736132621765 0.9986997842788696 -0.020758993923664093 -0.09507469832897186 -0.9973027110099792 0.04765498265624046 0.05582452565431595 5.1981000900268555
15.55255 0.06051779165863991 0.0190826915204525 0.9979845881462097 1.0956799983978271 0.043754156678915024 0.9988054633140564 -0.021751634776592255 -0.09661775082349777 -0.997207760810852 0.044982343912124634 0.059610553085803986 5.201505184173584
15.65617 0.06338603794574738 0.023017708212137222 0.9977235794067383 1.1467548608779907 0.0416303314268589 0.9988027811050415 -0.025687405839562416 -0.09836404025554657 -0.9971204996109009 0.043163787573575974 0.06235191598534584 5.205592155456543
15.7599 0.06466779112815857 0.028109384700655937 0.9975108504295349 1.197623610496521 0.035997238010168076 0.9988869428634644 -0.03048183023929596 -0.10040652751922607 -0.9972574710845947 0.03787883371114731 0.06358394026756287 5.209376335144043
15.86364 0.06458441913127899 0.0314757339656353 0.9974157810211182 1.2470440864562988 0.03297466039657593 0.9988893270492554 -0.03365740552544594 -0.10214613378047943 -0.9973673224449158 0.03506319597363472 0.06347480416297913 5.213142395019531
15.96739 0.06478742510080338 0.03128719702363014 0.9974085688591003 1.298389196395874 0.03012865036725998 0.9989913702011108 -0.03329388424754143 -0.10406067967414856 -0.997444212436676 0.03220759704709053 0.06377945095300674 5.216804504394531
16.07102 0.06491128355264664 0.029568282887339592 0.9974529147148132 1.3497406244277954 0.027589958161115646 0.999125599861145 -0.03141334652900696 -0.10602721571922302 -0.9975095987319946 0.029558761045336723 0.06403874605894089 5.220447540283203
16.17474 0.06460762023925781 0.028342820703983307 0.9975082278251648 1.3990333080291748 0.028527187183499336 0.9991355538368225 -0.030236741527915 -0.10837841033935547 -0.9975029230117798 0.03040962852537632 0.0637432411313057 5.223733425140381
16.27845 0.06484764814376831 0.027350392192602158 0.9975203275680542 1.4507462978363037 0.026157820597290993 0.9992342591285706 -0.029097873717546463 -0.11098212003707886 -0.9975523352622986 0.027979889884591103 0.0640825629234314 5.227649688720703
16.38209 0.064907968044281 0.027521977201104164 0.9975118041038513 1.5016272068023682 0.02461151033639908 0.9992713928222656 -0.02917199768126011 -0.11327400803565979 -0.9975878000259399 0.026443766430020332 0.0641833245754242 5.231612682342529
