1305031109.475363 0.999754786491394 0.01823204569518566 -0.012568621896207333 -0.021199937909841537 -0.018078003078699112 0.9997614026069641 0.01226268894970417 0.002281021326780319 0.012789197266101837 -0.012032466940581799 0.9998457431793213 -0.0009223108645528555
1305031109.511273 0.9995250105857849 0.026759382337331772 -0.015285194851458073 -0.03327241539955139 -0.026572110131382942 0.999570906162262 0.012326058931648731 0.0014440638478845358 0.015608473680913448 -0.011914044618606567 0.9998071789741516 -0.0006826487369835377
1305031109.543294 0.9994081854820251 0.03156961500644684 -0.013663256540894508 -0.049441106617450714 -0.03148418664932251 0.9994835257530212 0.006423010490834713 0.0038329940289258957 0.013858972117304802 -0.005989032331854105 0.9998860359191895 -0.004231988452374935
1305031109.575362 0.999455451965332 0.031120583415031433 -0.0109745217487216 -0.06373786181211472 -0.03109581395983696 0.9995133876800537 0.002420801669359207 0.009110701270401478 0.011044520884752274 -0.002078221645206213 0.9999368786811829 -0.005970792844891548
1305031109.61131 0.9991158843040466 0.03742142394185066 -0.019163353368639946 -0.06760731339454651 -0.03734062612056732 0.999292254447937 0.004557229112833738 0.007984880357980728 0.019320325925946236 -0.003837629221379757 0.9998058676719666 -0.009326724335551262
1305031109.643229 0.9990832805633545 0.037447698414325714 -0.02074766531586647 -0.0776027962565422 -0.03735678642988205 0.9992907643318176 0.004752567503601313 0.011415250599384308 0.020910916849970818 -0.003973144572228193 0.999773383140564 -0.010217704810202122
1305031109.675263 0.9991458654403687 0.03497388958930969 -0.02200932614505291 -0.0870835930109024 -0.03478232026100159 0.9993541836738586 0.009027354419231415 0.01287753414362669 0.022310828790068626 -0.008254108019173145 0.9997169375419617 -0.013520930893719196
1305031109.711312 0.9989943504333496 0.03634766861796379 -0.026252351701259613 -0.09984171390533447 -0.036036331206560135 0.9992756247520447 0.012236658483743668 0.017765311524271965 0.02667810395359993 -0.011278314515948296 0.9995803236961365 -0.01334860548377037
1305031109.743274 0.9987292289733887 0.03854748234152794 -0.03246644139289856 -0.10972116142511368 -0.03786619380116463 0.9990549087524414 0.021344328299164772 0.01921634003520012 0.03325852006673813 -0.020087823271751404 0.9992449283599854 -0.012613736093044281
1305031109.775277 0.9986000061035156 0.037343401461839676 -0.037462420761585236 -0.11792480200529099 -0.03626684099435806 0.9989208579063416 0.029016392305493355 0.018498195335268974 0.03850555419921875 -0.02761712856590748 0.9988767504692078 -0.009959770366549492
1305031109.811371 0.9984951615333557 0.04039619490504265 -0.037087321281433105 -0.13012000918388367 -0.039207153022289276 0.9987107515335083 0.03224702179431915 0.02107952907681465 0.03834216669201851 -0.030744412913918495 0.9987914562225342 -0.011839749291539192
1305031109.843296 0.9982393980026245 0.041623204946517944 -0.04225573316216469 -0.1403334140777588 -0.04002443701028824 0.998475968837738 0.03800193965435028 0.023984333500266075 0.043773096054792404 -0.03624377399682999 0.9983838200569153 -0.010871194303035736
1305031109.875306 0.9979369640350342 0.04669154807925224 -0.0440644696354866 -0.15583503246307373 -0.04475359618663788 0.9980291128158569 0.043987080454826355 0.02668461762368679 0.04603145271539688 -0.04192429408431053 0.9980598092079163 -0.00945541262626648
1305031109.911265 0.9968293905258179 0.05761866644024849 -0.054876089096069336 -0.1670384705066681 -0.05487268790602684 0.9972256422042847 0.05029727891087532 0.0237000472843647 0.05762191489338875 -0.04712660610675812 0.9972255825996399 -0.005890932399779558
1305031109.943299 0.996001124382019 0.06590788066387177 -0.06031498312950134 -0.17715400457382202 -0.06298257410526276 0.996802031993866 0.04918185621500015 0.0319516696035862 0.06336356699466705 -0.04518638551235199 0.9969669580459595 -0.004531762097030878
1305031109.975258 0.9951667189598083 0.07658680528402328 -0.06146063655614853 -0.18893127143383026 -0.0729324147105217 0.9955514669418335 0.05965079367160797 0.030581366270780563 0.0657556876540184 -0.054880015552043915 0.9963254332542419 -0.004319518804550171
1305031110.011256 0.9937676787376404 0.09073987603187561 -0.0647440180182457 -0.2000487744808197 -0.0866616815328598 0.9942285418510437 0.0632425993680954 0.033357441425323486 0.07010897248983383 -0.05723763257265091 0.9958959817886353 -0.0008594319224357605
1305031110.043299 0.9925068020820618 0.10469558089971542 -0.06299881637096405 -0.21239551901817322 -0.10028742998838425 0.9925292134284973 0.06948482245206833 0.03337094932794571 0.0698029175400734 -0.06264616549015045 0.9955918192863464 -0.0007756808772683144
1305031110.075319 0.9913851618766785 0.11322973668575287 -0.06583757698535919 -0.22080400586128235 -0.10830239206552505 0.9913498759269714 0.074135422706604 0.035375479608774185 0.0736624002456665 -0.06636638939380646 0.9950724840164185 0.004435518756508827
1305031110.111325 0.9901568293571472 0.12320317327976227 -0.06641185283660889 -0.23288756608963013 -0.11751635372638702 0.9895419478416443 0.08364599943161011 0.03633010759949684 0.07602276653051376 -0.07501816004514694 0.9942800402641296 0.006874417886137962
1305031110.143432 0.9887863993644714 0.13158124685287476 -0.07062467932701111 -0.24536141753196716 -0.12497980892658234 0.9879838228225708 0.09092883765697479 0.032020486891269684 0.08174055814743042 -0.08108252286911011 0.9933499693870544 0.008129369467496872
1305031110.175641 0.988030731678009 0.13325463235378265 -0.07770731300115585 -0.25275108218193054 -0.12628568708896637 0.9880288243293762 0.08860531449317932 0.04073004797101021 0.08858411759138107 -0.07773145288228989 0.9930310845375061 0.008085597306489944
1305031110.211637 0.9870514273643494 0.13814762234687805 -0.08151531964540482 -0.2630484104156494 -0.129786878824234 0.9864620566368103 0.10023967921733856 0.03719373792409897 0.09425962716341019 -0.08836210519075394 0.9916185140609741 0.01028924249112606
1305031110.243323 0.9863380789756775 0.13756413757801056 -0.09062747657299042 -0.271055668592453 -0.12773308157920837 0.9860652685165405 0.10658161342144012 0.032646544277668 0.10402640700340271 -0.09354938566684723 0.9901651740074158 0.010408345609903336
1305031110.279321 0.9851021766662598 0.14039085805416107 -0.09931845217943192 -0.2776954174041748 -0.13015902042388916 0.9861342906951904 0.10294461250305176 0.03417893871665001 0.1123938336968422 -0.0884837806224823 0.9897161722183228 0.010693933814764023
1305031110.311404 0.9839590787887573 0.14592646062374115 -0.1026160717010498 -0.29016345739364624 -0.1363970786333084 0.9861390590667725 0.09447485208511353 0.03898108750581741 0.11498011648654938 -0.07896286994218826 0.9902243614196777 0.009236648678779602
1305031110.343355 0.9827247262001038 0.146902397274971 -0.11256921291351318 -0.29825615882873535 -0.1366725116968155 0.9861655831336975 0.0937969759106636 0.041104644536972046 0.12479089945554733 -0.07679149508476257 0.989206850528717 0.009156502783298492
1305031110.379281 0.9805664420127869 0.15424548089504242 -0.1212342157959938 -0.3088778853416443 -0.14318940043449402 0.9851059317588806 0.09519971162080765 0.04000456631183624 0.1341126710176468 -0.07599016278982162 0.9880481958389282 0.007049400359392166
1305031110.411469 0.9782191514968872 0.15911437571048737 -0.13330450654029846 -0.31745415925979614 -0.14735323190689087 0.9846129417419434 0.09393799304962158 0.045410968363285065 0.1462002396583557 -0.07224904745817184 0.9866131544113159 0.004585687071084976
1305031110.44326 0.9754412770271301 0.16816608607769012 -0.1422482281923294 -0.3271402418613434 -0.1545059233903885 0.9826876521110535 0.10223908722400665 0.04912416636943817 0.15697872638702393 -0.07775000482797623 0.9845366477966309 0.00454375147819519
1305031110.479331 0.9713826179504395 0.18079066276550293 -0.1540479063987732 -0.3375265896320343 -0.16493520140647888 0.9801241159439087 0.1102394163608551 0.049304086714982986 0.170916348695755 -0.08167672157287598 0.981894314289093 0.008594989776611328
1305031110.511429 0.9677691459655762 0.1906653344631195 -0.16452886164188385 -0.3486540615558624 -0.17315088212490082 0.9781521558761597 0.11505322903394699 0.04871527478098869 0.18287092447280884 -0.08285665512084961 0.9796391725540161 0.005613140761852264
1305031110.543408 0.9645782709121704 0.1973591148853302 -0.17503835260868073 -0.3569643497467041 -0.1787419617176056 0.9769670367240906 0.11656155437231064 0.054961588233709335 0.19401121139526367 -0.0811460092663765 0.9776374101638794 0.004366450011730194
1305031110.579426 0.9602656364440918 0.20769205689430237 -0.18642477691173553 -0.3626580536365509 -0.18615947663784027 0.974331259727478 0.12658341228961945 0.057963304221630096 0.2079298496246338 -0.08684894442558289 0.9742804765701294 0.0039165690541267395
1305031110.611307 0.9570292234420776 0.21678698062896729 -0.19260954856872559 -0.36988458037376404 -0.19169878959655762 0.9713115096092224 0.14073193073272705 0.05310531705617905 0.21759270131587982 -0.09776156395673752 0.9711312651634216 0.006701603531837463
1305031110.643418 0.9546214938163757 0.22265729308128357 -0.19779160618782043 -0.3760746419429779 -0.1976306438446045 0.9704309105873108 0.13858555257320404 0.05325903743505478 0.22280016541481018 -0.09320707619190216 0.9703981280326843 0.00841657817363739
1305031110.679606 0.9529820680618286 0.22708919644355774 -0.2006383091211319 -0.38186711072921753 -0.20212237536907196 0.9696643352508545 0.13746781647205353 0.058212775737047195 0.2257692962884903 -0.09045087546110153 0.9699726104736328 0.0031316205859184265
1305031110.711412 0.9519401788711548 0.23070785403251648 -0.20145349204540253 -0.38861143589019775 -0.20399360358715057 0.96819669008255 0.1448511779308319 0.05837496370077133 0.22846487164497375 -0.09679442644119263 0.9687283635139465 0.005592167377471924
1305031110.743249 0.9502354264259338 0.23462748527526855 -0.20494452118873596 -0.39230090379714966 -0.20737160742282867 0.9673168063163757 0.14592839777469635 0.05893714725971222 0.2324850857257843 -0.09616664797067642 0.9678340554237366 0.006179183721542358
1305031110.779193 0.9489983320236206 0.2350899875164032 -0.21008241176605225 -0.39325228333473206 -0.20718243718147278 0.9672693014144897 0.14651136100292206 0.05963854119181633 0.2376495897769928 -0.09551362693309784 0.9666435718536377 0.006379209458827972
1305031110.811386 0.948506236076355 0.23854447901248932 -0.20840367674827576 -0.3969250023365021 -0.21028578281402588 0.9662336111068726 0.14890459179878235 0.059368524700403214 0.23688699305057526 -0.0974126085639 0.9666413068771362 0.0049681589007377625
1305031110.843218 0.9468024969100952 0.24323734641075134 -0.21071386337280273 -0.39970651268959045 -0.21387523412704468 0.9648432731628418 0.15275798738002777 0.05974920839071274 0.2404622733592987 -0.09956520050764084 0.965538501739502 0.004925981163978577
1305031110.879313 0.9477262496948242 0.24177810549736023 -0.20822645723819733 -0.40439197421073914 -0.21258527040481567 0.9650858044624329 0.15302567183971405 0.06016772240400314 0.23795469105243683 -0.1007605567574501 0.9660356640815735 0.005617767572402954
1305031110.911333 0.9471994638442993 0.243512824177742 -0.20860150456428528 -0.4052655100822449 -0.21391648054122925 0.9645363092422485 0.15462684631347656 0.060476258397102356 0.23885734379291534 -0.10183917731046677 0.9656997323036194 0.004796527326107025
1305031110.943862 0.9451719522476196 0.24531517922878265 -0.2155696153640747 -0.4002138674259186 -0.2151135951280594 0.9643341898918152 0.15422600507736206 0.061540476977825165 0.2457151561975479 -0.0993981584906578 0.9642323851585388 0.006890684366226196
1305031110.979345 0.9443690776824951 0.24552041292190552 -0.2188304364681244 -0.3907873034477234 -0.21487481892108917 0.9643215537071228 0.1546379029750824 0.06168996915221214 0.24898962676525116 -0.09901410341262817 0.9634315967559814 0.006807476282119751
1305031111.011431 0.9458065629005432 0.24420671164989471 -0.21403957903385162 -0.3819209933280945 -0.21315382421016693 0.9641367793083191 0.15813139081001282 0.0590200200676918 0.24498023092746735 -0.10393837094306946 0.9639405608177185 0.009479992091655731
1305031111.043327 0.9504644870758057 0.23899032175540924 -0.1987483650445938 -0.3812684118747711 -0.21134653687477112 0.9657435417175293 0.15057219564914703 0.06234034150838852 0.22792522609233856 -0.10110873728990555 0.9684147238731384 0.010150611400604248
1305031111.079283 0.9529939293861389 0.23531362414360046 -0.19086702167987823 -0.37792080640792847 -0.2081318348646164 0.966215193271637 0.1520179808139801 0.06357450783252716 0.22019051015377045 -0.10514669865369797 0.9697732925415039 0.00872454047203064
1305031111.111508 0.9547548890113831 0.22825410962104797 -0.19063904881477356 -0.3683037757873535 -0.19991667568683624 0.967184841632843 0.15680161118507385 0.05877981707453728 0.22017380595207214 -0.11159515380859375 0.9690563082695007 0.0111064612865448
1305031111.143257 0.9565412998199463 0.2254665195941925 -0.18491506576538086 -0.362640917301178 -0.19860397279262543 0.9680629968643188 0.15300478041172028 0.05677245929837227 0.21350689232349396 -0.1096305176615715 0.9707708358764648 0.011599436402320862
1305031111.179326 0.9565269351005554 0.22444549202919006 -0.1862267702817917 -0.3473093807697296 -0.199228897690773 0.969197154045105 0.1447918713092804 0.05853356048464775 0.21298837661743164 -0.10139556974172592 0.9717792272567749 0.016190648078918457
1305031111.211433 0.9611203670501709 0.21603958308696747 -0.17197275161743164 -0.33827075362205505 -0.1938752979040146 0.9714368581771851 0.13683155179023743 0.059336017817258835 0.19662171602249146 -0.09817031770944595 0.9755523204803467 0.016199111938476562
1305031111.243236 0.9632837176322937 0.21457263827323914 -0.16137859225273132 -0.3362639248371124 -0.1929473727941513 0.9712221026420593 0.13963840901851654 0.052894171327352524 0.18669705092906952 -0.10337381064891815 0.9769636392593384 0.013055097311735153
1305031111.279308 0.96291184425354 0.21007110178470612 -0.16932517290115356 -0.31807368993759155 -0.18894383311271667 0.972987711429596 0.132646381855011 0.04923758655786514 0.1926165074110031 -0.09573382139205933 0.976593017578125 0.01825026050209999
1305031111.311547 0.9658697247505188 0.20212920010089874 -0.16198645532131195 -0.30969613790512085 -0.1838306039571762 0.975471019744873 0.12108918279409409 0.052427228540182114 0.182488813996315 -0.0871783122420311 0.9793354272842407 0.012427795678377151
1305031111.343397 0.9654862880706787 0.20295293629169464 -0.1632373332977295 -0.3057177662849426 -0.18330495059490204 0.9747267365455627 0.12769891321659088 0.05307801812887192 0.18502867221832275 -0.09336934983730316 0.9782875180244446 0.013792034238576889
1305031111.379134 0.9649056196212769 0.1961858719587326 -0.17455174028873444 -0.2896362841129303 -0.1742568463087082 0.9756381511688232 0.13328425586223602 0.042975474148988724 0.19644783437252045 -0.09818989038467407 0.975585401058197 0.018316086381673813
1305031111.411296 0.9655579328536987 0.19556596875190735 -0.1716153621673584 -0.2866527736186981 -0.17668655514717102 0.9770135283470154 0.11927522718906403 0.0475735068321228 0.19099673628807068 -0.08484502136707306 0.9779168963432312 0.014188196510076523
1305031111.443386 0.960038959980011 0.204110249876976 -0.1914793699979782 -0.2661776840686798 -0.18251964449882507 0.9752871990203857 0.12450508773326874 0.04417312145233154 0.2121601402759552 -0.08458098769187927 0.9735677242279053 0.019666101783514023
1305031111.479259 0.9608758687973022 0.20205716788768768 -0.18944761157035828 -0.24648354947566986 -0.18196342885494232 0.9761716723442078 0.11822924762964249 0.04005388170480728 0.20882244408130646 -0.07913108915090561 0.9747468829154968 0.02939169853925705
1305031111.511264 0.9657115936279297 0.1977248340845108 -0.16824331879615784 -0.2365569919347763 -0.18097496032714844 0.9773383736610413 0.10980783402919769 0.03565157204866409 0.18614234030246735 -0.07559487968683243 0.9796103239059448 0.024221517145633698
1305031111.54325 0.9677438139915466 0.19356325268745422 -0.16126087307929993 -0.22327254712581635 -0.17900066077709198 0.9786983132362366 0.10054048150777817 0.033529072999954224 0.17728665471076965 -0.06843162328004837 0.9817772507667542 0.02845846861600876
1305031111.579237 0.9732624888420105 0.17870354652404785 -0.14430946111679077 -0.21050135791301727 -0.1671307384967804 0.9819291234016418 0.08878263831138611 0.03507504612207413 0.15756741166114807 -0.062290240079164505 0.9855417609214783 0.023458726704120636
1305031111.611271 0.9774832725524902 0.1667748987674713 -0.12927785515785217 -0.20938999950885773 -0.15592725574970245 0.9836606979370117 0.08998989313840866 0.03233134001493454 0.14217360317707062 -0.06780566275119781 0.9875166416168213 0.020583782345056534
1305031111.643395 0.9782500863075256 0.15098047256469727 -0.14223839342594147 -0.1885743886232376 -0.1391988843679428 0.986213207244873 0.0894811749458313 0.022727711126208305 0.15378731489181519 -0.06773552298545837 0.9857796430587769 0.02486385591328144
1305031111.67932 0.9825451374053955 0.13391540944576263 -0.12911900877952576 -0.17489424347877502 -0.1250348836183548 0.9893417954444885 0.07462652772665024 0.02569551393389702 0.1377364695072174 -0.05717954412102699 0.988817036151886 0.020112451165914536
1305031111.71176 0.9845820665359497 0.1308162659406662 -0.11612701416015625 -0.16292263567447662 -0.12301842123270035 0.9897904396057129 0.07198137044906616 0.02460738644003868 0.12435775250196457 -0.05658578872680664 0.9906226396560669 0.024428874254226685
1305031111.743386 0.9872691035270691 0.12204616516828537 -0.10200345516204834 -0.14059515297412872 -0.11541740596294403 0.9909481406211853 0.06856059283018112 0.014935722574591637 0.10944771021604538 -0.05591476708650589 0.9924187064170837 0.020120322704315186
1305031111.779423 0.9916279911994934 0.110797218978405 -0.06631577014923096 -0.12920118868350983 -0.10732809454202652 0.9927683472633362 0.05377941578626633 0.019468840211629868 0.071794793009758 -0.04621162638068199 0.9963482022285461 0.01888243854045868
1305031111.811406 0.9933369755744934 0.10827381908893585 -0.039476390928030014 -0.12162113934755325 -0.10635609924793243 0.9931777119636536 0.04781777411699295 0.015916457399725914 0.04438447207212448 -0.04330061003565788 0.9980757236480713 0.022844968363642693
1305031111.843299 0.9946234226226807 0.10198105126619339 -0.017998671159148216 -0.114649698138237 -0.10124960541725159 0.9941461086273193 0.03771377354860306 0.01687379740178585 0.02173938788473606 -0.03568866103887558 0.9991265535354614 0.020857343450188637
1305031111.879442 0.9957334399223328 0.09221085160970688 -0.0034788809716701508 -0.10862573981285095 -0.09202587604522705 0.9951000213623047 0.03615661337971687 0.018343770876526833 0.006795860826969147 -0.03568219766020775 0.9993401169776917 0.022372785955667496
1305031111.911354 0.9966592788696289 0.08166075497865677 -0.0013056695461273193 -0.10485206544399261 -0.08156109601259232 0.9960184097290039 0.03599267080426216 0.015115414746105671 0.004239663481712341 -0.03576594218611717 0.9993510246276855 0.024236593395471573
1305031111.9433 0.9978222250938416 0.06487414985895157 -0.011912145651876926 -0.09142473340034485 -0.06442363560199738 0.9973102807998657 0.03495065122842789 0.012403478845953941 0.014147501438856125 -0.03410711511969566 0.99931800365448 0.02438065968453884
1305031111.979449 0.998580276966095 0.049997974187135696 -0.018369797617197037 -0.0697210431098938 -0.04933749884366989 0.9981755614280701 0.03480182960629463 0.01050998643040657 0.020076308399438858 -0.03384610638022423 0.9992253184318542 0.026002531871199608
1305031112.011433 0.9986870884895325 0.050390247255563736 -0.009214619174599648 -0.05494881421327591 -0.05010298267006874 0.9983193874359131 0.029123127460479736 0.009659825824201107 0.01066664420068264 -0.02862320840358734 0.9995334148406982 0.02984076552093029
1305031112.04327 0.9985253810882568 0.05403802543878555 0.005196558311581612 -0.04189547151327133 -0.05413404852151871 0.9983218908309937 0.02056640014052391 0.008381953462958336 -0.004076470620930195 -0.020817384123802185 0.9997748732566833 0.027260813862085342
1305031112.079339 0.9983726143836975 0.05285050347447395 0.021418483927845955 -0.02320590429008007 -0.053234413266181946 0.9984239339828491 0.017768431454896927 0.005000798963010311 -0.020445657894015312 -0.018879717215895653 0.9996126294136047 0.024211185052990913
1305031112.111423 0.9968935251235962 0.06255597621202469 0.047853123396635056 -0.026333073154091835 -0.06301073729991913 0.9979802966117859 0.008052729070186615 0.007366990204900503 -0.04725273698568344 -0.011042970232665539 0.9988219141960144 0.023649660870432854
1305031112.144342 0.9956008195877075 0.07537270337343216 0.055656492710113525 -0.01217903196811676 -0.07580985873937607 0.9971054196357727 0.005782187916338444 0.006701771169900894 -0.055059581995010376 -0.009976059198379517 0.9984331727027893 0.02303871512413025
1305031112.17939 0.993857204914093 0.08012504130601883 0.07633806020021439 0.003854107577353716 -0.08100961148738861 0.9966765642166138 0.00855723675340414 0.005278707016259432 -0.07539870589971542 -0.014688785187900066 0.9970452189445496 0.021568624302744865
1305031112.211254 0.9907002449035645 0.0939067155122757 0.09846077859401703 0.009688258171081543 -0.09525718539953232 0.9954111576080322 0.009095254354178905 -0.0026804828085005283 -0.09715485572814941 -0.018389767035841942 0.9950993657112122 0.024631652981042862
1305031112.243369 0.9887791275978088 0.10014597326517105 0.11084482073783875 0.02493988908827305 -0.10085804760456085 0.9949004650115967 0.0008212959510274231 -0.009501648135483265 -0.11019730567932129 -0.011991671286523342 0.9938374161720276 0.025837650522589684
1305031112.279353 0.985925555229187 0.1068757176399231 0.12856324017047882 0.02448282763361931 -0.1059604063630104 0.9942723512649536 -0.013958292081952095 -0.006893056444823742 -0.12931868433952332 0.00013922341167926788 0.9916031360626221 0.027461227029561996
1305031112.311312 0.984295129776001 0.11258041113615036 0.13597336411476135 0.028461355715990067 -0.11077072471380234 0.9936277866363525 -0.02082717977464199 -0.014185899868607521 -0.1374516487121582 0.005438222549855709 0.9904935359954834 0.03299650922417641
1305031112.343323 0.9843747019767761 0.1104796901345253 0.13711565732955933 0.03522314876317978 -0.10704631358385086 0.9937328100204468 -0.03218898922204971 -0.016966678202152252 -0.13981255888938904 0.017008299008011818 0.990031898021698 0.0291953906416893
1305031112.37936 0.9857781529426575 0.10365573316812515 0.1322760432958603 0.044951897114515305 -0.09941953420639038 0.9943099617958069 -0.038255754858255386 -0.01880517229437828 -0.13548880815505981 0.02456086315214634 0.9904744029045105 0.02573113515973091
1305031112.411442 0.9880363345146179 0.09225402772426605 0.12358555197715759 0.05836180970072746 -0.08759769797325134 0.9952443242073059 -0.04260687902569771 -0.018415212631225586 -0.12692847847938538 0.03127133473753929 0.9914188385009766 0.027189763262867928
1305031112.443391 0.9894416332244873 0.07884934544563293 0.12160609662532806 0.06867245584726334 -0.0736880972981453 0.996202290058136 -0.046377938240766525 -0.019889183342456818 -0.12480112165212631 0.03692733868956566 0.991494357585907 0.024260692298412323
1305031112.479418 0.990182638168335 0.06424052268266678 0.12414306402206421 0.06987341493368149 -0.05784039571881294 0.9968374967575073 -0.05449192598462105 -0.016694821417331696 -0.1272510290145874 0.04677647724747658 0.9907669425010681 0.024546165019273758
1305031112.511504 0.9925930500030518 0.04514161869883537 0.11278846859931946 0.0809895396232605 -0.039227262139320374 0.9977636337280273 -0.05411873385310173 -0.02113010548055172 -0.11497922241687775 0.04929349571466446 0.9921441674232483 0.0231204554438591
1305031112.543212 0.9935593605041504 0.03758692741394043 0.10689663141965866 0.08870386332273483 -0.03145282343029976 0.9977916479110718 -0.05850203335285187 -0.021823614835739136 -0.10885947197675705 0.05476304516196251 0.9925475120544434 0.023795749992132187
1305031112.579252 0.9943799376487732 0.02789105474948883 0.1021302118897438 0.09356575459241867 -0.021612010896205902 0.997837245464325 -0.062079377472400665 -0.02129952795803547 -0.10364077985286713 0.05952325090765953 0.9928320646286011 0.02322385460138321
1305031112.611261 0.9944743514060974 0.015852492302656174 0.103775754570961 0.10147429257631302 -0.00940202921628952 0.9980097413063049 -0.06235433369874954 -0.019263867288827896 -0.10455768555402756 0.06103409081697464 0.9926442503929138 0.019964318722486496
1305031112.643246 0.9940035343170166 -0.002543903887271881 0.10931798815727234 0.11597266793251038 0.00866484921425581 0.9984180927276611 -0.0555536188185215 -0.020210016518831253 -0.10900373756885529 0.056167714297771454 0.9924532175064087 0.021992851048707962
1305031112.679952 0.9928907155990601 -0.010487685911357403 0.11856596171855927 0.1217261478304863 0.01670553721487522 0.9985296726226807 -0.05157049000263214 -0.02086016722023487 -0.11785077303647995 0.053184568881988525 0.9916060566902161 0.022637760266661644
1305031112.711251 0.9911313652992249 -0.013913808390498161 0.13215483725070953 0.11985781043767929 0.020549247041344643 0.9985883235931396 -0.04897919297218323 -0.019046541303396225 -0.13128678500652313 0.05126049369573593 0.9900182485580444 0.023584233596920967
1305031112.743245 0.9904617667198181 -0.021488426253199577 0.1361021101474762 0.12525269389152527 0.027907973155379295 0.998577356338501 -0.045435886830091476 -0.009925100952386856 -0.13493213057518005 0.048800837248563766 0.9896524548530579 0.0230244230479002
1305031112.77931 0.9893176555633545 -0.027660254389047623 0.14312711358070374 0.125348299741745 0.03162074834108353 0.9991753697395325 -0.025470498949289322 -0.015774086117744446 -0.14230456948280334 0.029724201187491417 0.9893765449523926 0.02295389398932457
1305031112.81131 0.9884593486785889 -0.021226467564702034 0.14999201893806458 0.11381921172142029 0.02484072744846344 0.9994434714317322 -0.022263791412115097 -0.016580404713749886 -0.14943596720695496 0.02573276124894619 0.9884365200996399 0.02768850140273571
1305031112.843286 0.9902610778808594 -0.01888282038271427 0.13793693482875824 0.1134679913520813 0.022023573517799377 0.9995309114456177 -0.02127869985997677 -0.01076671201735735 -0.13747045397758484 0.02410932257771492 0.9902123808860779 0.0276646725833416
1305031112.879421 0.9909483790397644 -0.02522450126707554 0.13185249269008636 0.1130685806274414 0.027272583916783333 0.9995334148406982 -0.013750113546848297 -0.010005972348153591 -0.13144412636756897 0.0172216035425663 0.991174042224884 0.028841182589530945
1305031112.911411 0.9911133646965027 -0.026862356811761856 0.1302793323993683 0.1025608703494072 0.028005944564938545 0.9995835423469543 -0.006953487638384104 -0.011018684133887291 -0.1300383061170578 0.010540290735661983 0.9914528727531433 0.03166591748595238
1305031112.943321 0.9919821619987488 -0.02141968160867691 0.12454915791749954 0.09251337498426437 0.0216989666223526 0.999764084815979 -0.0008860700763761997 -0.013203774578869343 -0.1245008185505867 0.0035815518349409103 0.9922130107879639 0.033832184970378876
1305031112.979278 0.993829071521759 -0.017934970557689667 0.10946314036846161 0.0918261930346489 0.018116207793354988 0.9998356103897095 -0.000661313533782959 -0.012028336524963379 -0.10943330824375153 0.002640289720147848 0.9939905405044556 0.032783448696136475
1305031113.011353 0.9948532581329346 -0.020331276580691338 0.0992649495601654 0.0910322442650795 0.020492052659392357 0.9997897148132324 -0.0006002052687108517 -0.00770263047888875 -0.09923187643289566 0.0026312582194805145 0.9950608611106873 0.028664480894804
1305031113.043231 0.9950923323631287 -0.01576349511742592 0.09768760204315186 0.08330447226762772 0.015094066970050335 0.9998571872711182 0.0075879828073084354 -0.007278729230165482 -0.09779326617717743 -0.006076240912079811 0.9951881766319275 0.029534829780459404
1305031113.079251 0.9953082799911499 -0.00463980995118618 0.09664355218410492 0.07128798216581345 0.003455135505646467 0.9999169111251831 0.012421878054738045 -0.013587217777967453 -0.09669314324855804 -0.0120296785607934 0.9952415227890015 0.031101912260055542
1305031113.111316 0.9964683651924133 0.004438277333974838 0.08385209739208221 0.06544249504804611 -0.004654304590076208 0.9999862313270569 0.0023809680715203285 -0.007548315916210413 -0.08384038507938385 -0.002762833144515753 0.9964753985404968 0.028208240866661072
1305031113.143306 0.9972817301750183 0.0054314471781253815 0.07348237186670303 0.062153205275535583 -0.005710892844945192 0.9999772310256958 0.00359334796667099 -0.0015819963300600648 -0.07346117496490479 -0.004003230482339859 0.9972900748252869 0.0242778267711401
1305031113.179343 0.9972668886184692 0.0036749406717717648 0.07379133254289627 0.04860008507966995 -0.004737319890409708 0.9998875856399536 0.014227217994630337 -0.007877226918935776 -0.07373074442148209 -0.01453790720552206 0.9971722364425659 0.024450194090604782
1305031113.211259 0.9978711009025574 0.0017061606049537659 0.06519469618797302 0.035092905163764954 -0.002307697432115674 0.9999554753303528 0.009152576327323914 -0.005512788891792297 -0.06517618894577026 -0.009283540770411491 0.9978305697441101 0.022560032084584236
1305031113.243227 0.9986771941184998 0.0008738250471651554 0.05141139030456543 0.024167455732822418 -0.0014041090616956353 0.9999462366104126 0.010279320180416107 -0.0002563284069765359 -0.051399633288383484 -0.010337909683585167 0.9986246824264526 0.020503126084804535
1305031113.279312 0.9992579221725464 -0.0020443012472242117 0.0384635403752327 0.016505928710103035 0.0012562178308144212 0.9997889995574951 0.02050212398171425 -0.007082613650709391 -0.03849733620882034 -0.02043859101831913 0.9990496635437012 0.02125532552599907
1305031113.311452 0.9995971322059631 -0.007785473018884659 0.02729656919836998 0.0009882708545774221 0.0073982831090688705 0.9998710751533508 0.014256961643695831 -0.010850423946976662 -0.027404043823480606 -0.014049267396330833 0.9995256662368774 0.018965112045407295
1305031113.343252 0.9999527335166931 -0.0047847675159573555 0.0084657222032547 -0.012704452499747276 0.004783362615853548 0.9999885559082031 0.00018620381888467818 -0.0038693270180374384 -0.008466516621410847 -0.00014570039638783783 0.9999641180038452 0.016621390357613564
1305031113.379312 0.9999789595603943 0.0019359015859663486 -0.0061867134645581245 -0.02763623371720314 -0.0019033546559512615 0.9999842643737793 0.005262366961687803 -0.00044292659731581807 0.006196803413331509 -0.005250480491667986 0.9999670386314392 0.015616028569638729
1305031113.411625 0.9998329281806946 0.0012590091209858656 -0.01823822222650051 -0.04164210334420204 -0.001116029336117208 0.9999685287475586 0.00784763228148222 -0.005144168622791767 0.01824752800166607 -0.007825965993106365 0.9998028874397278 0.016956381499767303
1305031113.443266 0.9994509220123291 0.012324645183980465 -0.030755188316106796 -0.05545791611075401 -0.01232518907636404 0.9999240040779114 0.0001718606799840927 0.0010448271641507745 0.030754966661334038 0.00020729657262563705 0.9995269179344177 0.016719598323106766
1305031113.479311 0.9987372756004333 0.02554273046553135 -0.043258439749479294 -0.06914792209863663 -0.025279050692915916 0.9996584057807922 0.006631678901612759 0.0035694006364792585 0.04341305047273636 -0.005529772490262985 0.9990419149398804 0.015394274145364761
1305031113.511523 0.9982948899269104 0.030230915173888206 -0.04993481561541557 -0.08693975955247879 -0.029581626877188683 0.9994686841964722 0.013691097497940063 0.0048576658591628075 0.050322167575359344 -0.012190597131848335 0.9986586570739746 0.016427231952548027
1305031113.543242 0.9974988102912903 0.03755762800574303 -0.059881582856178284 -0.10152220726013184 -0.036493632942438126 0.999157726764679 0.01876450516283512 0.003813355229794979 0.060535892844200134 -0.01653227023780346 0.9980291724205017 0.01659189723432064
1305031113.579301 0.9965887069702148 0.046851180493831635 -0.0679410994052887 -0.11444027721881866 -0.045807529240846634 0.9988083839416504 0.016839532181620598 0.007902141660451889 0.06864909082651138 -0.013669870793819427 0.9975472092628479 0.015774033963680267
1305031113.611268 0.9956480860710144 0.05709514766931534 -0.07365430891513824 -0.12481364607810974 -0.05546259507536888 0.998171865940094 0.02402466908097267 0.007550384383648634 0.07489132136106491 -0.019835062325000763 0.9969944357872009 0.015747424215078354
1305031113.643222 0.9951502084732056 0.06476497650146484 -0.07403657585382462 -0.13513459265232086 -0.06282734870910645 0.9976257681846619 0.028209596872329712 0.009406834840774536 0.07568777352571487 -0.0234212689101696 0.9968564510345459 0.016903473064303398
1305031113.679288 0.99493008852005 0.0709695890545845 -0.0712553933262825 -0.14761750400066376 -0.06881999969482422 0.9971099495887756 0.03218517452478409 0.008208626881241798 0.07333362102508545 -0.02711820974946022 0.9969387054443359 0.016532018780708313
1305031113.711931 0.9942206144332886 0.0812351405620575 -0.07018735259771347 -0.15772485733032227 -0.07906180620193481 0.9963164925575256 0.03321129456162453 0.007678002119064331 0.07262673228979111 -0.027470218017697334 0.9969807863235474 0.01561348419636488
1305031113.74359 0.9937519431114197 0.09176227450370789 -0.06353511661291122 -0.16930615901947021 -0.09000735729932785 0.9954904913902283 0.029959384351968765 0.010227922350168228 0.06599773466587067 -0.02405356988310814 0.9975298047065735 0.015135197900235653
1305031113.77932 0.9932257533073425 0.10101599246263504 -0.05743042379617691 -0.1818077117204666 -0.09948182851076126 0.9946172833442688 0.028980061411857605 0.008839895017445087 0.06004874408245087 -0.023070450872182846 0.9979288578033447 0.015452598221600056
1305031113.811237 0.9930185675621033 0.10379888862371445 -0.056032516062259674 -0.19147102534770966 -0.10248254239559174 0.9943980574607849 0.0258835069835186 0.011451367288827896 0.05840529128909111 -0.019960444420576096 0.9980934262275696 0.015286424197256565
1305031113.843295 0.9925727844238281 0.11101377755403519 -0.049749188125133514 -0.20378533005714417 -0.10990028828382492 0.9936383366584778 0.02459319308400154 0.015049846842885017 0.05216287821531296 -0.018943078815937042 0.998458981513977 0.015794282779097557
1305031113.879281 0.9918469786643982 0.11774063110351562 -0.04875117540359497 -0.2176845222711563 -0.11653222143650055 0.9928215146064758 0.02693832851946354 0.009910334832966328 0.05157294496893883 -0.02103760465979576 0.998447597026825 0.0192602276802063
1305031113.91129 0.9916067719459534 0.11820908635854721 -0.05236920341849327 -0.226918563246727 -0.11748144030570984 0.992933452129364 0.01677194982767105 0.016284214332699776 0.0539817214012146 -0.010478762909770012 0.9984869360923767 0.019839711487293243
1305031113.943291 0.9912183880805969 0.12283720821142197 -0.04896213486790657 -0.23660893738269806 -0.12238970398902893 0.9924089908599854 0.012046629562973976 0.016339581459760666 0.05007023364305496 -0.0059483665972948074 0.9987279772758484 0.020571667701005936
1305031113.979293 0.9902336597442627 0.13219058513641357 -0.04430382326245308 -0.2490880787372589 -0.1320749819278717 0.9912241697311401 0.005539268255233765 0.01715273968875408 0.044647254049777985 0.00036626867949962616 0.9990027546882629 0.0201517753303051
1305031114.011257 0.9890620112419128 0.14157389104366302 -0.04139064624905586 -0.2621225416660309 -0.14176727831363678 0.9898983836174011 -0.001760890707373619 0.01961624063551426 0.04072323441505432 0.007609479129314423 0.9991413950920105 0.018839480355381966
1305031114.043301 0.9883586764335632 0.14559492468833923 -0.04414992034435272 -0.2777895927429199 -0.1459214836359024 0.9892870783805847 -0.0042494721710681915 0.021081484854221344 0.043058235198259354 0.010642437264323235 0.9990159273147583 0.01955578848719597
1305031114.079285 0.9875769019126892 0.1470903754234314 -0.05528351664543152 -0.2895604074001312 -0.14761030673980713 0.9890307188034058 -0.005420230329036713 0.019344354048371315 0.05387982353568077 0.013513317331671715 0.9984560012817383 0.018800798803567886
1305031114.111263 0.9856466054916382 0.15520793199539185 -0.06641677767038345 -0.3002883493900299 -0.15629257261753082 0.987644612789154 -0.011427083984017372 0.0239045862108469 0.06382258981466293 0.02164354920387268 0.9977266192436218 0.01736832968890667
1305031114.143284 0.9839053153991699 0.16137103736400604 -0.07674383372068405 -0.3101520240306854 -0.16261644661426544 0.9866362810134888 -0.010224398225545883 0.025153227150440216 0.07406832277774811 0.022539684548974037 0.9969984889030457 0.019348090514540672
1305031114.179337 0.9827713370323181 0.16495965421199799 -0.0833590030670166 -0.3176775276660919 -0.16650521755218506 0.9859687685966492 -0.01189461350440979 0.022182093933224678 0.08022721856832504 0.025569425895810127 0.9964486956596375 0.02107098698616028
1305031114.211303 0.9820342659950256 0.1699635237455368 -0.08198235929012299 -0.32994383573532104 -0.17214763164520264 0.9848618507385254 -0.020300567150115967 0.030804606154561043 0.07729092985391617 0.03404895216226578 0.9964271187782288 0.01888451538980007
1305031114.243337 0.9805064797401428 0.17750227451324463 -0.08426052331924438 -0.34353578090667725 -0.1792532056570053 0.9837085008621216 -0.013629548251628876 0.030186858028173447 0.08046851307153702 0.02846786379814148 0.9963505864143372 0.019584326073527336
1305031114.27939 0.9785711765289307 0.18239447474479675 -0.09555482119321823 -0.3561441898345947 -0.18444211781024933 0.9827576279640198 -0.01297878660261631 0.031962618231773376 0.09153997153043747 0.030325032770633698 0.9953396320343018 0.021317515522241592
1305031114.311429 0.9768400192260742 0.18207883834838867 -0.11238714307546616 -0.3648424446582794 -0.18428394198417664 0.9828273057937622 -0.009465944021940231 0.03483433276414871 0.10873357206583023 0.029957883059978485 0.9936195611953735 0.022366125136613846
1305031114.343331 0.9743034243583679 0.18757323920726776 -0.1246962621808052 -0.37122777104377747 -0.1896539181470871 0.9818385243415833 -0.0049225641414523125 0.03476442024111748 0.12150824069976807 0.028445232659578323 0.9921829104423523 0.024881426244974136
1305031114.37932 0.9720845818519592 0.19626575708389282 -0.12857429683208466 -0.37869834899902344 -0.1983121931552887 0.9801335334777832 -0.003185512498021126 0.034075357019901276 0.1253947764635086 0.028594467788934708 0.9916948676109314 0.025739651173353195
1305031114.411397 0.9699885249137878 0.20494060218334198 -0.130849227309227 -0.3883390724658966 -0.207455113530159 0.9782276153564453 -0.005735679529607296 0.03614424169063568 0.12682485580444336 0.032708920538425446 0.9913857579231262 0.02571079507470131
1305031114.443345 0.968483567237854 0.20786510407924652 -0.13722841441631317 -0.4004106819629669 -0.2102939635515213 0.9776325225830078 -0.0032831034623086452 0.036897044628858566 0.13347649574279785 0.03203796222805977 0.9905341863632202 0.024751294404268265
1305031114.479332 0.965859591960907 0.21104100346565247 -0.1502561718225479 -0.41001614928245544 -0.2132948487997055 0.9769871830940247 0.0011411923915147781 0.035688210278749466 0.14703914523124695 0.030946651473641396 0.9886465668678284 0.02430858463048935
1305031114.511266 0.962139368057251 0.21403521299362183 -0.16875018179416656 -0.4125853478908539 -0.21649397909641266 0.9762759804725647 0.003911291714757681 0.03801254555583 0.16558387875556946 0.03277024254202843 0.9856511354446411 0.024733006954193115
1305031114.543236 0.9605500102043152 0.21312515437602997 -0.17866550385951996 -0.4143680930137634 -0.21451883018016815 0.9766496419906616 0.011711773462593555 0.03707941249012947 0.1769896149635315 0.027077417820692062 0.9838403463363647 0.027256593108177185
