1403636581.0635555 0.9999983906745911 -0.0014733157586306334 -0.0010205699363723397 -7.165624992921948e-05 0.001459811581298709 0.9999129772186279 -0.013109151273965836 -0.005288227461278439 0.001039795228280127 0.01310764066874981 0.9999135136604309 -0.001508274581283331
1403636581.1135554 0.9999952912330627 -0.0030587248038500547 -0.00017131889762822539 0.00015119367162697017 0.0030535494443029165 0.9996892213821411 -0.024740464985370636 -0.013756299391388893 0.0002469403843861073 0.02473982609808445 0.9996938705444336 -0.003949775826185942
1403636581.1635556 0.9999552965164185 -0.009371232241392136 0.0012589064426720142 0.0002861580578610301 0.009414407424628735 0.9991409778594971 -0.040355391800403595 -0.017876939848065376 -0.000879645231179893 0.040365442633628845 0.9991846084594727 -0.0052225468680262566
1403636581.2135556 0.9999070167541504 -0.013434800319373608 0.0023520244285464287 0.0006532274419441819 0.013545305468142033 0.9983442425727844 -0.05590338259935379 -0.02333495020866394 -0.0015970792155712843 0.055930037051439285 0.9984334707260132 -0.006866760086268187
1403636581.2635555 0.9998226165771484 -0.018528049811720848 0.0033828711602836847 0.0008389436989091337 0.018725167959928513 0.9971727132797241 -0.0727720633149147 -0.028166290372610092 -0.0020249823573976755 0.07282249629497528 0.9973430037498474 -0.008217958733439445
1403636581.3135555 0.9998549222946167 -0.016770726069808006 0.003003522288054228 0.0011756197782233357 0.016968877986073494 0.9960416555404663 -0.08725199848413467 -0.03166211023926735 -0.0015283534303307533 0.08729033917188644 0.9961817264556885 -0.009745039977133274
1403636581.3635557 0.9998474717140198 -0.01681974157691002 0.004688931163400412 0.001148558803834021 0.01720193214714527 0.9949225187301636 -0.09916310757398605 -0.029635867103934288 -0.0029972249176353216 0.09922865033149719 0.99506014585495 -0.009447755292057991
1403636581.4135554 0.9998929500579834 -0.011447113938629627 0.009109808132052422 0.0014290717663243413 0.01231340505182743 0.9947552680969238 -0.10154037922620773 -0.02943268045783043 -0.007899684831500053 0.1016416847705841 0.994789719581604 -0.009906485676765442
1403636581.4635556 0.9999170899391174 -0.006039897911250591 0.011375326663255692 0.001579734031111002 0.007115373853594065 0.9952578544616699 -0.09701080620288849 -0.02753954753279686 -0.010735448449850082 0.0970836877822876 0.9952183961868286 -0.009539633989334106
1403636581.5135555 0.9999130368232727 -0.0008768789120949805 0.01315340120345354 0.0019501408096402884 0.0020076781511306763 0.9962753653526306 -0.08620531111955643 -0.02631952613592148 -0.013028813526034355 0.08622422069311142 0.9961905479431152 -0.00900675356388092
1403636581.5635555 0.9998911619186401 -0.0032332679256796837 0.014398263767361641 0.0020209834910929203 0.004296025261282921 0.9972190260887146 -0.07440360635519028 -0.021340131759643555 -0.014117652550339699 0.07445737719535828 0.997124195098877 -0.007194714620709419
1403636581.6135554 0.9999130368232727 -0.0057540698908269405 0.011868475005030632 0.002136960858479142 0.006479090079665184 0.9980561137199402 -0.06198294460773468 -0.015454819425940514 -0.011488747783005238 0.06205445155501366 0.9980066418647766 -0.005383895710110664
1403636581.6635556 0.9998834133148193 -0.010748264379799366 0.010844345204532146 0.0016618967056274414 0.01130348164588213 0.9985564947128296 -0.05250820890069008 -0.009347627870738506 -0.010264317505061626 0.0526246652007103 0.9985616207122803 -0.003235032083466649
1403636581.7135556 0.9999290108680725 -0.007983319461345673 0.008842849172651768 0.00235652644187212 0.008377459831535816 0.9989304542541504 -0.04546993598341942 -0.004403880797326565 -0.008470389991998672 0.04554079473018646 0.9989265203475952 -0.0016570532461628318
1403636581.7635555 0.9999192953109741 -0.01110394112765789 0.006173277739435434 0.0024111561942845583 0.01136198453605175 0.9989901781082153 -0.04346797987818718 0.00270912260748446 -0.005684377625584602 0.04353461042046547 0.9990357160568237 0.000812164566013962
1403636581.8135555 0.9999353289604187 -0.011367539875209332 -0.0003446117916610092 0.00240777968429029 0.011344573460519314 0.9991310238838196 -0.040106501430273056 0.006707371212542057 0.0008002245449461043 0.04009999334812164 0.9991953372955322 0.0020691819954663515
1403636581.8635557 0.9999088048934937 -0.013244125992059708 -0.0026367376558482647 0.002347762230783701 0.013138717040419579 0.9992426633834839 -0.03662776201963425 0.014059183187782764 0.0031198435463011265 0.03658978268504143 0.9993254542350769 0.00414624810218811
1403636581.9135554 0.999834418296814 -0.016966912895441055 -0.006575889885425568 0.0020592401269823313 0.016784822568297386 0.9994993209838867 -0.026821887120604515 0.0184134803712368 0.0070276823826134205 0.02670707181096077 0.9996185898780823 0.005517009180039167
1403636581.9635556 0.9998190999031067 -0.018835533410310745 -0.0026361504569649696 0.001725335605442524 0.018796496093273163 0.9997236132621765 -0.01412304025143385 0.025182005017995834 0.0029014376923441887 0.014070935547351837 0.9998968243598938 0.007580981589853764
1403636582.0135555 0.9997995495796204 -0.019980784505605698 0.0012657077750191092 0.001396574778482318 0.01997390016913414 0.9997867941856384 0.005235916934907436 0.02559594251215458 -0.0013700556010007858 -0.00520958611741662 0.9999855160713196 0.007741167675703764
1403636582.0635555 0.9998121857643127 -0.018934274092316628 0.004123586229979992 0.0011300438782200217 0.018840443342924118 0.9995867609977722 0.021713480353355408 0.03117343969643116 -0.00453301053494215 -0.02163171023130417 0.9997557997703552 0.009175855666399002
1403636582.1135554 0.999845564365387 -0.017406262457370758 0.0024833614006638527 0.000938905868679285 0.017296085134148598 0.9990875720977783 0.03904835879802704 0.03408291935920715 -0.0031607821583747864 -0.03899937868118286 0.9992342591285706 0.010058717802166939
1403636582.1635556 0.999835193157196 -0.018077855929732323 -0.0017316853627562523 0.0005725419614464045 0.01814478449523449 0.9983916282653809 0.053710974752902985 0.036974288523197174 0.0007579205557703972 -0.05373353883624077 0.998555064201355 0.010736883617937565
1403636582.2135556 0.9998499155044556 -0.016542039811611176 -0.005157215986400843 0.0003148587711621076 0.016844745725393295 0.997706413269043 0.06556278467178345 0.0373850017786026 0.004060844890773296 -0.06563980877399445 0.997835099697113 0.01073460467159748
1403636582.2635555 0.9998427629470825 -0.016103671863675117 -0.0074339695274829865 6.48828354314901e-05 0.016602730378508568 0.9972059726715088 0.07283344864845276 0.03723080828785896 0.006240312475711107 -0.07294539362192154 0.9973164200782776 0.010587524622678757
1403636582.3135555 0.9998301267623901 -0.01543300412595272 -0.010079264640808105 -0.00020519802637863904 0.016145899891853333 0.9970555305480957 0.07496542483568192 0.03547782078385353 0.008892644196748734 -0.07511541247367859 0.9971351027488708 0.010101335123181343
1403636582.3635557 0.9997932314872742 -0.016377350315451622 -0.012061475776135921 -0.0004294572863727808 0.01718662492930889 0.9973730444908142 0.07036793977022171 0.03209131583571434 0.01087734941393137 -0.07056066393852234 0.9974481463432312 0.00899018719792366
1403636582.4135554 0.9997713565826416 -0.017378201708197594 -0.012454483658075333 -0.0007294007809832692 0.01805650256574154 0.9982338547706604 0.056595250964164734 0.028722697868943214 0.011448964476585388 -0.056807197630405426 0.9983195662498474 0.007890510372817516
1403636582.4635556 0.9997634291648865 -0.01848236657679081 -0.011465644463896751 -0.0008129365160129964 0.01894579641520977 0.9989495873451233 0.041721612215042114 0.024055704474449158 0.010682486928999424 -0.041928961873054504 0.9990634322166443 0.0063829501159489155
1403636582.5135555 0.9998510479927063 -0.01517576351761818 -0.00820936355739832 -0.0007722301525063813 0.015405265614390373 0.9994707107543945 0.0286555252969265 0.018494250252842903 0.007770146243274212 -0.028777720406651497 0.9995555877685547 0.004774911794811487
1403636582.5635555 0.9998924136161804 -0.014093860052525997 -0.0040652151219546795 -0.0007232374045997858 0.014169866219162941 0.9997130036354065 0.01931712217628956 0.012418131344020367 0.003791798371821642 -0.019372647628188133 0.9998050928115845 0.0029921727254986763
1403636582.6135554 0.9999280571937561 -0.01194658875465393 0.0010526899714022875 -0.00019357132259756327 0.011934620328247547 0.9998712539672852 0.0107239605858922 0.010763607919216156 -0.001180669292807579 -0.01071062684059143 0.999941885471344 0.0024026602040976286
1403636582.6635556 0.999910295009613 -0.011587722226977348 0.006715373136103153 5.4425152484327555e-05 0.01154236774891615 0.9999105930328369 0.0067537580616772175 0.004617895931005478 -0.006793034262955189 -0.006675641052424908 0.9999545812606812 0.00048075002268888056
1403636582.7135556 0.9998703002929688 -0.013090291060507298 0.009375503286719322 0.0004040227213408798 0.01306722592562437 0.9999114274978638 0.0025172848254442215 -0.0012890093494206667 -0.00940762460231781 -0.0023944461718201637 0.9999527931213379 -0.0014599064597859979
1403636582.7635555 0.9997629523277283 -0.016571922227740288 0.014128483831882477 0.0007625722791999578 0.01663454808294773 0.9998522400856018 -0.004326550289988518 -0.00587178859859705 -0.01405470073223114 0.004560546018183231 0.9998908042907715 -0.0028280243277549744
1403636582.8135555 0.99954754114151 -0.021857254207134247 0.02066623419523239 0.001371844788081944 0.022136380895972252 0.9996654391288757 -0.013375462964177132 -0.01173609308898449 -0.02036697417497635 0.01382688619196415 0.9996969103813171 -0.004444329533725977
1403636582.8635557 0.9992015957832336 -0.026035157963633537 0.030299276113510132 0.001926131546497345 0.026821043342351913 0.9993065595626831 -0.025826673954725266 -0.01734810508787632 -0.029605863615870476 0.0266187135130167 0.9992071390151978 -0.006073507945984602
1403636582.9135554 0.9988192319869995 -0.031079739332199097 0.037335529923439026 0.0024056651163846254 0.03261127322912216 0.9986212253570557 -0.04113733395934105 -0.022962965071201324 -0.03600551560521126 0.0423063188791275 0.9984556436538696 -0.0076544624753296375
1403636582.9635556 0.9986474514007568 -0.03148161247372627 0.04137779772281647 0.0029738680459558964 0.033846136182546616 0.9977573752403259 -0.05774465203285217 -0.027261929586529732 -0.03946710750460625 0.05906704068183899 0.9974735379219055 -0.008906876668334007
1403636583.0135555 0.9984736442565918 -0.03193412721157074 0.045061033219099045 0.003470826428383589 0.0352119579911232 0.9966415762901306 -0.07392941415309906 -0.031103840097784996 -0.042548827826976776 0.07540327310562134 0.9962449669837952 -0.01044226624071598
1403636583.0635555 0.9985283613204956 -0.029134046286344528 0.04574244096875191 0.0036735155154019594 0.03292657807469368 0.9958814382553101 -0.0844746008515358 -0.03287692368030548 -0.04309295117855072 0.08585643023252487 0.9953750371932983 -0.011047478765249252
1403636583.1135554 0.9984991550445557 -0.02752586454153061 0.04734905809164047 0.004113676026463509 0.03166889771819115 0.9955190420150757 -0.08910103142261505 -0.033754028379917145 -0.04468430578708649 0.09046677500009537 0.9948964715003967 -0.011399990878999233
1403636583.1635556 0.9983927607536316 -0.0226474367082119 0.05195369943976402 0.004006839357316494 0.027231786400079727 0.9956322908401489 -0.08930063992738724 -0.03328352048993111 -0.049704357981681824 0.09057188779115677 0.9946486949920654 -0.011507196351885796
1403636583.2135556 0.9984352588653564 -0.019191153347492218 0.05252595245838165 0.004066016990691423 0.023736560717225075 0.9958966374397278 -0.08732859045267105 -0.031233059242367744 -0.050634488463401794 0.08843871206045151 0.9947937726974487 -0.010704398155212402
1403636583.2635555 0.9985666871070862 -0.017808401957154274 0.050474025309085846 0.004286609124392271 0.02199733443558216 0.9962489604949951 -0.08369066566228867 -0.028196439146995544 -0.04879429191350937 0.08468099683523178 0.9952125549316406 -0.00954880565404892
1403636583.3135555 0.9986596703529358 -0.017964724451303482 0.04854199290275574 0.004082792438566685 0.021827105432748795 0.9965358972549438 -0.08024725317955017 -0.02420804463326931 -0.04693221673369408 0.08119921386241913 0.9955922961235046 -0.00796724483370781
1403636583.3635557 0.9987761974334717 -0.016790233552455902 0.0465223528444767 0.00427227420732379 0.02029220014810562 0.9969123005867004 -0.07585552334785461 -0.01991264335811138 -0.04510506987571716 0.07670672982931137 0.9960329532623291 -0.006397717632353306
1403636583.4135554 0.9989427328109741 -0.01889745332300663 0.04190957918763161 0.0043532466515898705 0.021874358877539635 0.9971827268600464 -0.07175012677907944 -0.014649755321443081 -0.04043561592698097 0.07259101420640945 0.9965417981147766 -0.004413940012454987
1403636583.4635556 0.9991852045059204 -0.015440130606293678 0.03728775680065155 0.004348427057266235 0.0178755484521389 0.9976666569709778 -0.06588974595069885 -0.008930462412536144 -0.03618340939283371 0.06650259345769882 0.9971299171447754 -0.0023854770697653294
1403636583.5135555 0.9993218779563904 -0.014236046001315117 0.033957213163375854 0.0044868104159832 0.016253478825092316 0.9980722069740295 -0.05989456921815872 -0.002998463110998273 -0.03303909674286842 0.060405880212783813 0.9976269006729126 -0.0003387289762031287
1403636583.5635555 0.9994022846221924 -0.01103832758963108 0.032761067152023315 0.00460426788777113 0.012735945172607899 0.9985622763633728 -0.05207022652029991 0.0032142961863428354 -0.03213919699192047 0.05245634913444519 0.9981058239936829 0.0016548660350963473
1403636583.6135554 0.9992821216583252 -0.008185485377907753 0.036990705877542496 0.004732515662908554 0.00969945639371872 0.9991147518157959 -0.04093607887625694 0.009354956448078156 -0.03662287816405296 0.04126547649502754 0.9984767436981201 0.003898222465068102
1403636583.6635556 0.9994839429855347 -0.011635572649538517 0.029945747926831245 0.0046178437769412994 0.012367035262286663 0.9996267557144165 -0.024358058348298073 0.01456347107887268 -0.029651155695319176 0.02471582591533661 0.9992547035217285 0.005725953262299299
1403636583.7135556 0.9994794130325317 -0.019559374079108238 0.025659028440713882 0.0043977005407214165 0.01965484954416752 0.9998008012771606 -0.003473961725831032 0.020418664440512657 -0.025585968047380447 0.003976477310061455 0.9996647238731384 0.007599254604429007
1403636583.7635555 0.9994474053382874 -0.025285856798291206 0.021571550518274307 0.0036151986569166183 0.02482338435947895 0.9994617700576782 0.021444015204906464 0.022411508485674858 -0.022102177143096924 -0.020896686241030693 0.9995374083518982 0.007950004190206528
1403636583.8135555 0.9993460178375244 -0.029987961053848267 0.020200684666633606 0.0034733503125607967 0.029126346111297607 0.998706579208374 0.04167544096708298 0.02721300534904003 -0.021424323320388794 -0.04105982184410095 0.9989270567893982 0.009290050715208054
1403636583.8635557 0.9993317127227783 -0.03089122474193573 0.019538922235369682 0.00335347349755466 0.02973020263016224 0.9979225993156433 0.057153403759002686 0.031661320477724075 -0.02126387692987919 -0.05653431639075279 0.9981743097305298 0.010461399331688881
1403636583.9135554 0.9994641542434692 -0.02563568390905857 0.020357277244329453 0.0032513707410544157 0.024186110123991966 0.9973568916320801 0.0685151144862175 0.033371951431035995 -0.022059908136725426 -0.06798601895570755 0.997442364692688 0.010853318497538567
1403636583.9635556 0.9996654987335205 -0.01928158476948738 0.017233774065971375 0.0031379610300064087 0.017949648201465607 0.9970702528953552 0.07435667514801025 0.03650037571787834 -0.018616998568177223 -0.07402247935533524 0.9970827698707581 0.011553274467587471
1403636584.0135555 0.9997989535331726 -0.015956565737724304 0.012142390944063663 0.0028357438277453184 0.014984996989369392 0.9969735145568848 0.07628537714481354 0.038556817919015884 -0.013322894461452961 -0.076088085770607 0.9970121383666992 0.01177947223186493
1403636584.0635555 0.9998992085456848 -0.013499505817890167 0.00440377788618207 0.0025873412378132343 0.013123639859259129 0.9969890117645264 0.07642258703708649 0.0386541448533535 -0.0054221865721046925 -0.07635709643363953 0.9970657825469971 0.011521161533892155
1403636584.1135554 0.9999002814292908 -0.014060614630579948 -0.0013317139819264412 0.002339642960578203 0.014121271669864655 0.9969757199287415 0.07641960680484772 0.038196906447410583 0.0002531786449253559 -0.0764307975769043 0.9970748424530029 0.011210432276129723
1403636584.1635556 0.9999088644981384 -0.01250445656478405 -0.005080156959593296 0.002150689484551549 0.012859789654612541 0.996926486492157 0.07727967202663422 0.03637241944670677 0.004098203033208847 -0.07733796536922455 0.9969964623451233 0.010625111870467663
1403636584.2135556 0.9999200105667114 -0.011147544719278812 -0.00597179401665926 0.0020378329791128635 0.011574829928576946 0.9969581961631775 0.07707411795854568 0.03330007940530777 0.005094441585242748 -0.07713708281517029 0.9970075488090515 0.009755616076290607
1403636584.2635555 0.9999258518218994 -0.010406853631138802 -0.006324406713247299 0.0019806025084108114 0.010844210162758827 0.997230052947998 0.07358422875404358 0.030095582827925682 0.005541110411286354 -0.07364736497402191 0.9972689747810364 0.008740388788282871
1403636584.3135555 0.9999353885650635 -0.009847206063568592 -0.005681879818439484 0.0019121713703498244 0.01021796464920044 0.9975361824035645 0.06940611451864243 0.025436216965317726 0.004984423518180847 -0.06945967674255371 0.9975723624229431 0.007507363799959421
1403636584.3635557 0.9999725222587585 -0.006334691308438778 -0.0038488488644361496 0.002495220862329006 0.006572857033461332 0.9978380799293518 0.06539150327444077 0.021870214492082596 0.003426293609663844 -0.06541499495506287 0.9978522062301636 0.006876354105770588
1403636584.4135554 0.9999926686286926 -0.0018634898588061333 0.003323604818433523 0.0030458131805062294 0.0016659117536619306 0.9982866644859314 0.05848897993564606 0.019740846008062363 -0.003426904324442148 -0.058483004570007324 0.9982825517654419 0.00654187798500061
1403636584.4635556 0.9999388456344604 0.0034422706812620163 0.010511488653719425 0.003317679511383176 -0.003988508600741625 0.998618483543396 0.05239502340555191 0.013294490985572338 -0.010316609404981136 -0.05243374779820442 0.9985710382461548 0.005117170047014952
1403636584.5135555 0.9998806118965149 0.005369637161493301 0.014492737129330635 0.0035198593977838755 -0.005988571792840958 0.9990568161010742 0.043006591498851776 0.006793823093175888 -0.01424813736230135 -0.043088242411613464 0.9989696145057678 0.0035437773913145065
1403636584.5635555 0.9998178482055664 0.0040153032168745995 0.018659107387065887 0.0037078491877764463 -0.004572637379169464 0.9995417594909668 0.029923265799880028 0.00031569605926051736 -0.018530406057834625 -0.03000313602387905 0.9993780255317688 0.0019778222776949406
1403636584.6135554 0.9997071623802185 0.0019258101237937808 0.024122729897499084 0.0039353142492473125 -0.0022393353283405304 0.9999133348464966 0.012976828962564468 -0.0062915123999118805 -0.024095650762319565 -0.013027047738432884 0.9996247291564941 0.00016502387006767094
1403636584.6635556 0.9994704723358154 -0.0008323899237439036 0.032527364790439606 0.0040181465446949005 0.001070702914148569 0.9999727010726929 -0.007309811655431986 -0.011851329356431961 -0.03252040222287178 0.007340768352150917 0.9994440674781799 -0.0011558535043150187
1403636584.7135556 0.999228298664093 -0.001062191091477871 0.03926412761211395 0.004236721433699131 0.0021885232999920845 0.9995868802070618 -0.028654204681515694 -0.017841989174485207 -0.039217472076416016 0.028718020766973495 0.9988179206848145 -0.002917925827205181
1403636584.7635555 0.9988641738891602 -0.002508906414732337 0.047580309212207794 0.00426644179970026 0.0048034097999334335 0.9988273978233337 -0.04817095026373863 -0.023249292746186256 -0.04740367457270622 0.04834479093551636 0.9977052807807922 -0.0045208618976175785
1403636584.8135555 0.9986612200737 -0.0023016189225018024 0.05167602002620697 0.004363718442618847 0.005608056206256151 0.9979384541511536 -0.06393050402402878 -0.02829006314277649 -0.0514223538339138 0.06413471698760986 0.9966155886650085 -0.006245440803468227
1403636584.8635557 0.998528778553009 -0.006735571194440126 0.05380403250455856 0.004480327479541302 0.010871791280806065 0.9969751238822937 -0.07695705443620682 -0.032380327582359314 -0.05312293395400047 0.07742878794670105 0.9955815672874451 -0.007707476615905762
1403636584.9135554 0.9985227584838867 -0.009498881176114082 0.05349641293287277 0.004285472445189953 0.01409223210066557 0.996182382106781 -0.08615154772996902 -0.03553110733628273 -0.05247384309768677 0.0867781713604927 0.9948447346687317 -0.008960173465311527
1403636584.9635556 0.9983226656913757 -0.018169954419136047 0.05496921017765999 0.004117640666663647 0.02325117215514183 0.9953703880310059 -0.093258336186409 -0.0342290922999382 -0.05302022397518158 0.09437999874353409 0.9941235184669495 -0.009340430609881878
1403636585.0135555 0.9980747699737549 -0.020472683012485504 0.058545179665088654 0.003964425064623356 0.025861220434308052 0.9953472018241882 -0.09281720221042633 -0.03462411090731621 -0.05637257546186447 0.0941525399684906 0.9939605593681335 -0.009441614151000977
1403636585.0635555 0.9978086352348328 -0.022203102707862854 0.062330462038517 0.0038195408415049314 0.02769489958882332 0.9956756234169006 -0.08867449313402176 -0.03375851735472679 -0.060092080384492874 0.09020640701055527 0.9941086173057556 -0.009194744750857353
1403636585.1135554 0.9977767467498779 -0.023254474624991417 0.0624566413462162 0.003795679658651352 0.028466030955314636 0.9960681200027466 -0.08389345556497574 -0.032239824533462524 -0.06026017665863037 0.08548485487699509 0.994515597820282 -0.00872996635735035
1403636585.1635556 0.9974359273910522 -0.024734830483794212 0.06715492904186249 0.0037672154139727354 0.02997393161058426 0.9964898824691772 -0.0781635195016861 -0.029612494632601738 -0.06498585641384125 0.07997600734233856 0.9946762919425964 -0.007737787440419197
1403636585.2135556 0.997062623500824 -0.024072371423244476 0.0727086141705513 0.0039101834408938885 0.02934754453599453 0.9969454407691956 -0.07237787544727325 -0.026733770966529846 -0.07074421644210815 0.07429911941289902 0.9947234988212585 -0.006109566427767277
1403636585.2635555 0.9967386722564697 -0.01767956279218197 0.07873521000146866 0.003969899378716946 0.02290281653404236 0.9975607991218567 -0.0659385696053505 -0.02267342619597912 -0.07737739384174347 0.06752680242061615 0.9947123527526855 -0.0044890581630170345
1403636585.3135555 0.996488094329834 -0.012378073297441006 0.08281448483467102 0.004535933956503868 0.017454063519835472 0.997994065284729 -0.060853105038404465 -0.018467336893081665 -0.0818951353430748 0.06208484619855881 0.994705319404602 -0.0025321508292108774
1403636585.3635557 0.9963694214820862 -0.0025908404495567083 0.08509375900030136 0.00520357396453619 0.007095171604305506 0.9985864758491516 -0.0526740662753582 -0.016600338742136955 -0.08483701199293137 0.05308660492300987 0.9949796199798584 -0.001187893794849515
1403636585.4135554 0.9963304996490479 0.0010541147785261273 0.08558108657598495 0.0054233786650002 0.0029022234957665205 0.998932957649231 -0.046091534197330475 -0.01191992312669754 -0.0855383649468422 0.04617078974843025 0.9952645301818848 0.0007481906795874238
1403636585.4635556 0.9968851208686829 0.0046687377616763115 0.07872866839170456 0.005770689342170954 -0.001723353867419064 0.9992973804473877 -0.03743835911154747 -0.007187632378190756 -0.07884816080331802 0.03718606010079384 0.9961928129196167 0.0023198456037789583
1403636585.5135555 0.9973355531692505 0.0067681800574064255 0.07263580709695816 0.005930313840508461 -0.004801679402589798 0.9996180534362793 -0.02721397578716278 -0.002554745879024267 -0.07279226928949356 0.02679269015789032 0.9969871640205383 0.003713158192113042
1403636585.5635555 0.9980906248092651 0.008188826031982899 0.06122194603085518 0.00571823213249445 -0.007216812111437321 0.9998446702957153 -0.016081180423498154 0.0018666633404791355 -0.061344120651483536 0.015608646906912327 0.9979946613311768 0.004226395860314369
1403636585.6135554 0.9988473653793335 0.008140137419104576 0.04730266332626343 0.005840574856847525 -0.007980232127010822 0.9999617338180542 -0.003568298416212201 0.004898458253592253 -0.047329891473054886 0.0031866992358118296 0.9988742470741272 0.004410527180880308
1403636585.6635556 0.9994189143180847 0.003886374644935131 0.03386140614748001 0.005866636522114277 -0.004211625084280968 0.9999455809593201 0.009539328515529633 0.008217909373342991 -0.03382248431444168 -0.00967639870941639 0.9993810653686523 0.004534194245934486
1403636585.7135556 0.9997789263725281 -0.0011697015725076199 0.020991550758481026 0.005712341051548719 0.0006704043480567634 0.9997170567512512 0.023776935413479805 0.011012209579348564 -0.021013420075178146 -0.023757610470056534 0.9994969367980957 0.004163013305515051
1403636585.7635555 0.9998999834060669 -0.007251746021211147 0.012152393348515034 0.005666891112923622 0.006770724896341562 0.9992097616195679 0.03916662931442261 0.013127891346812248 -0.012426820583641529 -0.0390804186463356 0.9991587996482849 0.0036683413200080395
1403636585.8135555 0.9998852014541626 -0.01495328452438116 0.0024578971788287163 0.00552461389452219 0.014795183204114437 0.9983709454536438 0.05510484427213669 0.014552351087331772 -0.0032778913155198097 -0.055062152445316315 0.9984775185585022 0.0030261154752224684
1403636585.8635557 0.9997581839561462 -0.021272903308272362 -0.005564552731812 0.00543157709762454 0.021623166278004646 0.9970870614051819 0.0731423944234848 0.015414767898619175 0.0039923908188939095 -0.07324502617120743 0.9973059892654419 0.002226082608103752
1403636585.9135554 0.9995803833007812 -0.026563799008727074 -0.011548977345228195 0.005340781528502703 0.02751472033560276 0.99538254737854 0.09195912629365921 0.01585470885038376 0.009052865207195282 -0.09223830699920654 0.9956958293914795 0.0012111186515539885
1403636585.9635556 0.9994450807571411 -0.031031450256705284 -0.012102637439966202 0.005338697694242001 0.03220291808247566 0.9930601716041565 0.1131119430065155 0.016123302280902863 0.008508621715009212 -0.1134389266371727 0.993508517742157 0.0005070043262094259
1403636586.0135555 0.9993563890457153 -0.035234954208135605 -0.006719233002513647 0.005299682728946209 0.035823579877614975 0.9899155497550964 0.13705377280712128 0.016250478103756905 0.001822388730943203 -0.1372062861919403 0.9905408024787903 -0.000135121401399374
1403636586.0635555 0.9993330240249634 -0.03593573346734047 0.006488684099167585 0.005095889791846275 0.0343950130045414 0.9859750866889954 0.163309708237648 0.015549171715974808 -0.01226633507758379 -0.16297760605812073 0.9865534901618958 -0.0005464246496558189
1403636586.1135554 0.9990207552909851 -0.04014420136809349 0.01860351301729679 0.004886756185442209 0.03600842133164406 0.9820067882537842 0.18538060784339905 0.015382708050310612 -0.025710735470056534 -0.1845291703939438 0.982490599155426 -0.0010770495282486081
1403636586.1635556 0.9985684752464294 -0.04567066952586174 0.027840333059430122 0.0045743971131742 0.039020489901304245 0.9780216217041016 0.20481997728347778 0.015046639367938042 -0.03658270835876465 -0.20344041287899017 0.978403627872467 -0.001670419005677104
1403636586.2135556 0.9982225298881531 -0.05023005232214928 0.03207172825932503 0.004002316854894161 0.04185124486684799 0.9739659428596497 0.22279752790927887 0.014282144606113434 -0.042427897453308105 -0.22105926275253296 0.9743370413780212 -0.0022203298285603523
1403636586.2635555 0.9980434775352478 -0.05388142541050911 0.031715866178274155 0.0037315618246793747 0.04466715827584267 0.9694163203239441 0.24132297933101654 0.014220261946320534 -0.043748702853918076 -0.2394341677427292 0.9699264168739319 -0.003031147178262472
1403636586.3135555 0.9977471828460693 -0.05905457213521004 0.03183181211352348 0.003531207563355565 0.04874822497367859 0.9641726016998291 0.2607581615447998 0.014124270528554916 -0.04609031230211258 -0.25861895084381104 0.9648792147636414 -0.003950123209506273
1403636586.3635557 0.9974661469459534 -0.06352604925632477 0.032027341425418854 0.0033726971596479416 0.05199239030480385 0.9582023620605469 0.2813272476196289 0.014185436069965363 -0.048560284078121185 -0.27894923090934753 0.9590772986412048 -0.0049182334914803505
1403636586.4135554 0.9971295595169067 -0.06897474080324173 0.031226692721247673 0.0032797211315482855 0.056377802044153214 0.9516832828521729 0.30186158418655396 0.01427775714546442 -0.05053874850273132 -0.29923462867736816 0.9528402090072632 -0.005933708511292934
1403636586.4635556 0.9971913695335388 -0.06866870820522308 0.029897501692175865 0.003470545168966055 0.055549513548612595 0.9458810687065125 0.31972360610961914 0.01460955012589693 -0.05023449286818504 -0.31716489791870117 0.947039008140564 -0.006950549781322479
1403636586.5135555 0.9973054528236389 -0.06742480397224426 0.02890963852405548 0.0037083770148456097 0.05383819714188576 0.9403606653213501 0.33589184284210205 0.014778457581996918 -0.04983292892575264 -0.33343037962913513 0.9414568543434143 -0.008002768270671368
1403636586.5635555 0.9974642395973206 -0.06568042188882828 0.02740650437772274 0.0037224222905933857 0.052005983889102936 0.9355579614639282 0.34932318329811096 0.01369504164904356 -0.048584066331386566 -0.34701213240623474 0.9366013407707214 -0.008128078654408455
1403636586.6135554 0.9976251721382141 -0.06446275115013123 0.02426169440150261 0.004334147088229656 0.05163823440670967 0.9330993294715881 0.3558920919895172 0.013573676347732544 -0.04558035358786583 -0.35379400849342346 0.9342120289802551 -0.008779708296060562
1403636586.6635556 0.9975469708442688 -0.06600906699895859 0.023297641426324844 0.00520573602989316 0.05336896702647209 0.9325522780418396 0.3570687472820282 0.01322985254228115 -0.04529604688286781 -0.3549494743347168 0.93378746509552 -0.00914163887500763
1403636586.7135556 0.9975827932357788 -0.06584934890270233 0.022185232490301132 0.006002005189657211 0.05381746217608452 0.9341592788696289 0.3527750074863434 0.012803632766008377 -0.04395454376935959 -0.3507283926010132 0.9354451894760132 -0.009299458004534245
1403636586.7635555 0.9976275563240051 -0.06661061942577362 0.017384478822350502 0.006792985834181309 0.05652789771556854 0.9367584586143494 0.3453812897205353 0.012485211715102196 -0.03929112106561661 -0.3435792326927185 0.9383013844490051 -0.009212464094161987
1403636586.8135555 0.9976698160171509 -0.0667758360505104 0.01398612279444933 0.007212433964014053 0.05815551429986954 0.939552366733551 0.3374307155609131 0.01233566552400589 -0.035672903060913086 -0.33583107590675354 0.9412463903427124 -0.008906252682209015
1403636586.8635557 0.9978028535842896 -0.06499673426151276 0.012838941067457199 0.007812549360096455 0.0571269690990448 0.942202627658844 0.33013761043548584 0.012213149107992649 -0.033554740250110626 -0.32867878675460815 0.9438454508781433 -0.008587563410401344
1403636586.9135554 0.9981330037117004 -0.060188859701156616 0.010375023819506168 0.008181528188288212 0.05356533080339432 0.94427490234375 0.3247702121734619 0.012122750282287598 -0.02934441715478897 -0.3236081302165985 0.9457359910011292 -0.008198914118111134
1403636586.9635556 0.9983484148979187 -0.05713771656155586 0.005980220623314381 0.008431734517216682 0.05222037434577942 0.9459348917007446 0.3201256990432739 0.012078017927706242 -0.023948151618242264 -0.31928473711013794 0.9473562240600586 -0.007800840772688389
1403636587.0135555 0.9986975193023682 -0.05094935745000839 0.0027288133278489113 0.008547184057533741 0.04744361340999603 0.9469959139823914 0.3177230954170227 0.01196159515529871 -0.01877196505665779 -0.31717991828918457 0.9481796026229858 -0.007371045183390379
1403636587.0635555 0.9988598227500916 -0.0477326400578022 0.0007176101207733154 0.008642420172691345 0.04501596465706825 0.9468014240264893 0.31865477561950684 0.011795670725405216 -0.015889663249254227 -0.31825920939445496 0.9478705525398254 -0.006887434050440788
1403636587.1135554 0.9990567564964294 -0.04340366646647453 -0.0013118479400873184 0.00893065333366394 0.041505277156829834 0.9456082582473755 0.3226490914821625 0.011644445359706879 -0.012763655744493008 -0.32239916920661926 0.946517825126648 -0.006479577627032995
1403636587.1635556 0.9991962313652039 -0.04004395008087158 -0.0017619822174310684 0.009409098885953426 0.038408465683460236 0.9439634084701538 0.32780784368515015 0.011455995962023735 -0.011463470757007599 -0.32761210203170776 0.944742739200592 -0.005969904363155365
1403636587.2135556 0.9992498755455017 -0.03862057253718376 -0.0028138896450400352 0.010063385590910912 0.037380192428827286 0.9430801272392273 0.330458402633667 0.011319487355649471 -0.010108765214681625 -0.3303157389163971 0.9438163638114929 -0.0055068489164114
1403636587.2635555 0.9992018342018127 -0.03985760733485222 -0.002600480802357197 0.010738987475633621 0.038459472358226776 0.9424899220466614 0.33201444149017334 0.011328541673719883 -0.010782375000417233 -0.33184948563575745 0.9432708621025085 -0.005319870542734861
1403636587.3135555 0.9991093873977661 -0.042173173278570175 -0.00126679427921772 0.01202239841222763 0.040188018232584 0.9420779943466187 0.3329773247241974 0.011256372556090355 -0.012849297374486923 -0.332731693983078 0.942933976650238 -0.004732683300971985
1403636587.3635557 0.9990055561065674 -0.044578667730093 0.0006904706824570894 0.013750302605330944 0.04177626222372055 0.9413885474205017 0.334727019071579 0.011079940013587475 -0.01557168923318386 -0.3343653380870819 0.9423149228096008 -0.004035660065710545
1403636587.4135554 0.9988903999328613 -0.04705282673239708 0.0018950258381664753 0.015489266254007816 0.04367350414395332 0.9406999945640564 0.3364163339138031 0.01094047725200653 -0.017611980438232422 -0.335960328578949 0.9417115449905396 -0.003451067954301834
1403636587.4635556 0.9986879825592041 -0.05115722864866257 0.0022005364298820496 0.017825771123170853 0.047393348067998886 0.9397711753845215 0.33850228786468506 0.01078817155212164 -0.019384829327464104 -0.3379538655281067 0.940963089466095 -0.002835707738995552
1403636587.5135555 0.9984593987464905 -0.05542325973510742 0.0026168660260736942 0.020391078665852547 0.05121475085616112 0.9387348294258118 0.3408134877681732 0.010678330436348915 -0.021345527842640877 -0.34015437960624695 0.940127432346344 -0.002193284686654806
1403636587.5635555 0.9981903433799744 -0.060014959424734116 0.0037730613257735968 0.022216862067580223 0.05509894713759422 0.9379497170448303 0.34236612915992737 0.01056358776986599 -0.024086032062768936 -0.3415386378765106 0.9395589232444763 -0.0020149576012045145
1403636587.6135554 0.9979286193847656 -0.06403733789920807 0.006141352001577616 0.02531750500202179 0.05809388682246208 0.938064694404602 0.3415549099445343 0.010364355519413948 -0.02763325534760952 -0.3404906392097473 0.939841628074646 -0.0015762420371174812
1403636587.6635556 0.9975918531417847 -0.06863394379615784 0.010000399313867092 0.028546223416924477 0.061229001730680466 0.9391934275627136 0.3378857672214508 0.010036279447376728 -0.03258274868130684 -0.3364597260951996 0.9411339163780212 -0.001165072899311781
1403636587.7135556 0.9970875978469849 -0.07458899170160294 0.01589285209774971 0.030903160572052002 0.06513451039791107 0.9412862658500671 0.331266850233078 0.009900691919028759 -0.03966858610510826 -0.32926684617996216 0.9434031844139099 -0.0005696285516023636
1403636587.7635555 0.9963779449462891 -0.08256180584430695 0.020357687026262283 0.034442607313394547 0.07149732112884521 0.9429948329925537 0.3250369131565094 0.009420006535947323 -0.04603283479809761 -0.32240405678749084 0.9454821944236755 -3.45336738973856e-05
1403636587.8135555 0.9958054423332214 -0.08715038746595383 0.02786119282245636 0.037683021277189255 0.07369913905858994 0.9444757103919983 0.32020941376686096 0.009200752712786198 -0.054220594465732574 -0.3168128430843353 0.9469369649887085 0.0005266680382192135
1403636587.8635557 0.9951251745223999 -0.09254040569067001 0.03408794850111008 0.040394339710474014 0.07690086215734482 0.944545328617096 0.31925055384635925 0.00910608097910881 -0.061741165816783905 -0.3150728940963745 0.9470571875572205 0.000923817977309227
1403636587.9135554 0.994567334651947 -0.09636835008859634 0.03935566917061806 0.043621331453323364 0.07865934073925018 0.9433920383453369 0.3222180902957916 0.009210548363626003 -0.06817944347858429 -0.3173719644546509 0.9458470344543457 0.0013790237717330456
1403636587.9635556 0.993933916091919 -0.09917455911636353 0.04753435403108597 0.046626195311546326 0.07814422994852066 0.9409922361373901 0.3292831778526306 0.00954623892903328 -0.07738595455884933 -0.32357120513916016 0.9430339932441711 0.0018028556369245052
1403636588.0135555 0.9931673407554626 -0.10207697004079819 0.05655783414840698 0.049383629113435745 0.07696684449911118 0.9372586607933044 0.3400333523750305 0.009940944612026215 -0.08771887421607971 -0.3333570063114166 0.9387111067771912 0.0021747928112745285
1403636588.0635555 0.9922342896461487 -0.10717197507619858 0.0631285011768341 0.049813542515039444 0.07852601259946823 0.9333481192588806 0.35027843713760376 0.010226019658148289 -0.09646088629961014 -0.34260106086730957 0.9345158338546753 0.002068145200610161
1403636588.1135554 0.991950511932373 -0.10893318802118301 0.06455768644809723 0.05194472521543503 0.079020656645298 0.9309054017066956 0.35661014914512634 0.010653623379766941 -0.0989437848329544 -0.34863829612731934 0.9320201277732849 0.002361323218792677
1403636588.1635556 0.9918641448020935 -0.10890407115221024 0.06592001020908356 0.05384849011898041 0.07816462963819504 0.9297252297401428 0.35986295342445374 0.011098884046077728 -0.10047804564237595 -0.35178253054618835 0.9306735396385193 0.002682914026081562
1403636588.2135556 0.9919196963310242 -0.10917650908231735 0.06462119519710541 0.05500774458050728 0.07877325266599655 0.9292857646942139 0.36086389422416687 0.011334257200360298 -0.09944943338632584 -0.3528575897216797 0.9303769469261169 0.002855343744158745
1403636588.2635555 0.9920114278793335 -0.10921803116798401 0.06312546133995056 0.05623708292841911 0.07950814068317413 0.929828405380249 0.3593013882637024 0.011611542664468288 -0.09793806821107864 -0.3514121472835541 0.931084156036377 0.0030956463888287544
1403636588.3135555 0.9919729828834534 -0.1111147552728653 0.06035960465669632 0.05701423063874245 0.0826224833726883 0.9308958053588867 0.3558180034160614 0.011817996390163898 -0.09572514146566391 -0.3479747772216797 0.9326039552688599 0.0032174289226531982
1403636588.3635557 0.9921372532844543 -0.1113283708691597 0.057182323187589645 0.057401373982429504 0.08425110578536987 0.9319584965705872 0.35264021158218384 0.011934041976928711 -0.09255042672157288 -0.3450498580932617 0.9340102076530457 0.0033013676293194294
1403636588.4135554 0.9919636845588684 -0.11329947412014008 0.05631520226597786 0.0574219636619091 0.08673642575740814 0.9330000877380371 0.34926727414131165 0.012092547491192818 -0.09211388975381851 -0.34157583117485046 0.9353293180465698 0.003249945119023323
1403636588.4635556 0.9918202757835388 -0.11497233808040619 0.055443938821554184 0.05723227933049202 0.08866389840841293 0.9330278635025024 0.3487084209918976 0.012167729437351227 -0.09182259440422058 -0.3409402668476105 0.9355897903442383 0.003197984304279089
1403636588.5135555 0.9918210506439209 -0.11316148191690445 0.05903879553079605 0.05665789172053337 0.0856526717543602 0.9330316185951233 0.3494505286216736 0.012244658544659615 -0.09462941437959671 -0.3415355682373047 0.9350929260253906 0.0029974160715937614
