1305031460.059659 0.9999184608459473 -0.010833332315087318 0.006759322248399258 -0.03358772024512291 0.010798734612762928 0.9999285340309143 0.005134182516485453 -0.007346403785049915 -0.006814457941800356 -0.0050607724115252495 0.9999639391899109 0.00015693515888415277
1305031460.091717 0.9997122883796692 -0.023492854088544846 0.004834525287151337 -0.05576455593109131 0.023461371660232544 0.9997037649154663 0.006469374056905508 -0.008260544389486313 -0.00498507684096694 -0.0063540879637002945 0.9999673962593079 0.00239382591098547
1305031460.12769 0.9987219572067261 -0.04851219058036804 -0.014176350086927414 -0.06799223273992538 0.048720214515924454 0.9987040162086487 0.014715897850692272 -0.01921287178993225 0.013444078154861927 -0.015387765131890774 0.9997912049293518 -0.0031491508707404137
1305031460.159678 0.9975788593292236 -0.06359382718801498 -0.028146076947450638 -0.0825083777308464 0.06376471370458603 0.9979513883590698 0.0052151610143482685 -0.013244451023638248 0.027756761759519577 -0.006997260730713606 0.999590277671814 0.007043815217912197
1305031460.191559 0.9960349798202515 -0.0814877301454544 -0.03569221869111061 -0.09806143492460251 0.08214079588651657 0.9964717626571655 0.017227431759238243 -0.01947527378797531 0.03416246920824051 -0.020090917125344276 0.9992144107818604 0.011186743155121803
1305031460.227761 0.9948258996009827 -0.09068267047405243 -0.04580526426434517 -0.09308893233537674 0.09185514599084854 0.9954789876937866 0.024171220138669014 -0.03013947233557701 0.043406274169683456 -0.028253603726625443 0.9986579418182373 0.013591245748102665
1305031460.259667 0.9950729012489319 -0.09311912208795547 -0.03404048830270767 -0.09991177171468735 0.09367965161800385 0.9954854846000671 0.015256684273481369 -0.03414558619260788 0.03246612846851349 -0.018370414152741432 0.999303936958313 0.019031237810850143
1305031460.291689 0.9956395030021667 -0.09221042692661285 -0.014109756797552109 -0.11210739612579346 0.09235209971666336 0.9956787824630737 0.009740493260324001 -0.038937173783779144 0.013150609098374844 -0.011001085862517357 0.9998530149459839 0.019389431923627853
1305031460.327512 0.9954714179039001 -0.09496026486158371 0.004365831613540649 -0.12279713153839111 0.09496034681797028 0.995481014251709 0.00019223149865865707 -0.04138148948550224 -0.004364357329905033 0.0002232203260064125 0.9999905228614807 0.025031110271811485
1305031460.35963 0.9946116805076599 -0.1011631041765213 0.022663438692688942 -0.1303318738937378 0.1012251153588295 0.9948622584342957 -0.0016036727465689182 -0.04499702900648117 -0.0223847609013319 0.00388914137147367 0.9997418522834778 0.026958798989653587
1305031460.391611 0.9929743409156799 -0.10797065496444702 0.04841729253530502 -0.14101441204547882 0.10806533694267273 0.994143545627594 0.000665634055621922 -0.05143320932984352 -0.048205602914094925 0.004571273922920227 0.9988269209861755 0.03425545617938042
1305031460.427477 0.9904530048370361 -0.11806920170783997 0.0711512491106987 -0.1490088850259781 0.11846567690372467 0.9929574131965637 -0.0013641966506838799 -0.05667158216238022 -0.07048908621072769 0.0097801573574543 0.9974644780158997 0.03560538962483406
1305031460.45962 0.9873030781745911 -0.12555758655071259 0.09730356931686401 -0.15335950255393982 0.12679268419742584 0.9919074177742004 -0.006590710952877998 -0.05711660161614418 -0.09568861871957779 0.01884440705180168 0.995232880115509 0.04371318221092224
1305031460.491504 0.9810327291488647 -0.13625109195709229 0.13787853717803955 -0.1686137467622757 0.1384253054857254 0.9903532266616821 -0.006259855814278126 -0.05418824777007103 -0.13569550216197968 0.025227002799510956 0.9904292821884155 0.046561166644096375
1305031460.52757 0.97443687915802 -0.15463653206825256 0.1629725843667984 -0.17342911660671234 0.1551685333251953 0.9878420829772949 0.009538074024021626 -0.06335605680942535 -0.16246607899665833 0.01599397137761116 0.986584484577179 0.04607072472572327
1305031460.559647 0.9686021208763123 -0.159734845161438 0.19051161408424377 -0.18487250804901123 0.15909457206726074 0.9870853424072266 0.018752552568912506 -0.07088291645050049 -0.19104662537574768 0.012145597487688065 0.981505811214447 0.05352649837732315
1305031460.591855 0.9628986120223999 -0.16057971119880676 0.21688801050186157 -0.1993403285741806 0.16088655591011047 0.9868374466896057 0.016361363232135773 -0.07184035331010818 -0.21666046977043152 0.019140031188726425 0.9760592579841614 0.06396551430225372
1305031460.627625 0.9583103656768799 -0.1658146232366562 0.23269431293010712 -0.20316468179225922 0.16494394838809967 0.9860268831253052 0.023335972800850868 -0.08074761927127838 -0.23331224918365479 0.016018414869904518 0.9722700119018555 0.059236206114292145
1305031460.659764 0.9540978670120239 -0.1628388613462448 0.25135764479637146 -0.21489469707012177 0.16359657049179077 0.9863626956939697 0.018026158213615417 -0.08109150826931 -0.2508651316165924 0.023922530934214592 0.967726469039917 0.0646323561668396
1305031460.691671 0.9491199851036072 -0.16323105990886688 0.269307941198349 -0.23216620087623596 0.16424916684627533 0.986237645149231 0.018909383565187454 -0.08057374507188797 -0.26868826150894165 0.026286333799362183 0.9628685116767883 0.07077699899673462
1305031460.727675 0.9459401369094849 -0.16283130645751953 0.2805050313472748 -0.2453552782535553 0.16070929169654846 0.9865237474441528 0.030714422464370728 -0.08861015737056732 -0.2817261219024658 0.016025764867663383 0.9593610167503357 0.0739312693476677
1305031460.759667 0.9428622126579285 -0.15905684232711792 0.2927655577659607 -0.2543494999408722 0.15663231909275055 0.9871428608894348 0.031865350902080536 -0.09357652068138123 -0.2940698266029358 0.01581191085278988 0.9556531310081482 0.07988810539245605
1305031460.79166 0.9393272399902344 -0.15425117313861847 0.30638355016708374 -0.2687404751777649 0.15232989192008972 0.9878643751144409 0.030326802283525467 -0.093669593334198 -0.3073433041572571 0.01818457618355751 0.9514248967170715 0.08806154131889343
1305031460.82766 0.9382145404815674 -0.14901933073997498 0.3123246133327484 -0.2779872715473175 0.14441785216331482 0.9887886643409729 0.03795319050550461 -0.09817653149366379 -0.3144788146018982 0.009497006423771381 0.949216902256012 0.09254386276006699
1305031460.859714 0.9359870553016663 -0.14360754191875458 0.3214111030101776 -0.28400367498397827 0.13634668290615082 0.9896334409713745 0.045113831758499146 -0.10187600553035736 -0.3245578706264496 0.0015973704867064953 0.9458644390106201 0.09929239749908447
1305031460.891774 0.9313850402832031 -0.13560044765472412 0.33783790469169617 -0.2958774268627167 0.12533728778362274 0.9907441139221191 0.052119918167591095 -0.1064460501074791 -0.34177839756011963 -0.006200023461133242 0.9397600293159485 0.10856987535953522
1305031460.927562 0.9276712536811829 -0.13369309902191162 0.34864306449890137 -0.30834537744522095 0.11989151686429977 0.9909127354621887 0.06097433343529701 -0.11163150519132614 -0.35362663865089417 -0.01476480532437563 0.9352701306343079 0.11719308793544769
1305031460.959649 0.9257314801216125 -0.13764184713363647 0.35224372148513794 -0.31431111693382263 0.11960523575544357 0.9901650547981262 0.07257980108261108 -0.12295544147491455 -0.35876935720443726 -0.025059234350919724 0.9330898523330688 0.1258467137813568
1305031460.991668 0.9222848415374756 -0.13767889142036438 0.36115795373916626 -0.3229231536388397 0.11960643529891968 0.9902040958404541 0.07204324752092361 -0.13332052528858185 -0.3675388693809509 -0.023247597739100456 0.9297176003456116 0.13351863622665405
1305031461.02762 0.9203904271125793 -0.1395098865032196 0.36526480317115784 -0.33070728182792664 0.12299440801143646 0.990059494972229 0.06822504103183746 -0.13897372782230377 -0.3711518347263336 -0.0178681630641222 0.9284002780914307 0.1412169188261032
1305031461.059662 0.9189985990524292 -0.14214272797107697 0.36774566769599915 -0.3414691388607025 0.12774619460105896 0.9897825121879578 0.06333665549755096 -0.14580585062503815 -0.37299105525016785 -0.011228198185563087 0.9277669787406921 0.14701245725154877
1305031461.091728 0.9202443957328796 -0.14122767746448517 0.3649727702140808 -0.3473414480686188 0.12552663683891296 0.9898574352264404 0.06652562320232391 -0.14848797023296356 -0.3706662058830261 -0.01540602557361126 0.9286383986473083 0.15537691116333008
1305031461.127586 0.9207772016525269 -0.13758854568004608 0.365018755197525 -0.35065585374832153 0.1189475953578949 0.9901992678642273 0.0731903612613678 -0.16062095761299133 -0.37151142954826355 -0.023973913863301277 0.9281188249588013 0.16333049535751343
1305031461.15972 0.9197314381599426 -0.13392454385757446 0.36899614334106445 -0.35841184854507446 0.11630035191774368 0.990764856338501 0.06970963627099991 -0.17014144361019135 -0.37492433190345764 -0.02119976468384266 0.9268129467964172 0.17256975173950195
1305031461.192013 0.9221237301826477 -0.12402196228504181 0.36647817492485046 -0.36094287037849426 0.10955778509378433 0.9921619296073914 0.06009645760059357 -0.17175410687923431 -0.3710590898990631 -0.015265842899680138 0.9284836649894714 0.1786981076002121
1305031461.227607 0.9225872755050659 -0.11843017488718033 0.367160826921463 -0.36345645785331726 0.10524865239858627 0.9928794503211975 0.05579526722431183 -0.174220010638237 -0.3711543083190918 -0.012832822278141975 0.9284825325012207 0.18331275880336761
1305031461.259642 0.92350172996521 -0.11104129254817963 0.36717087030410767 -0.3677978813648224 0.09934891760349274 0.9937624335289001 0.0506570041179657 -0.1795303076505661 -0.37050560116767883 -0.0103037990629673 0.9287731051445007 0.19069480895996094
1305031461.291656 0.9246381521224976 -0.09819682687520981 0.36796972155570984 -0.3723529577255249 0.08813124150037766 0.9951319694519043 0.04410497099161148 -0.1842026561498642 -0.37050938606262207 -0.00835150945931673 0.9287911653518677 0.19945436716079712
1305031461.327751 0.925226092338562 -0.08832233399152756 0.3689928650856018 -0.37066128849983215 0.08057425171136856 0.9960841536521912 0.03638845309615135 -0.18553504347801208 -0.37076178193092346 -0.0039362236857414246 0.9287195801734924 0.20520634949207306
1305031461.359709 0.922701895236969 -0.07789108902215958 0.37756362557411194 -0.37200790643692017 0.07022962719202042 0.9969499111175537 0.03404064103960991 -0.1803138107061386 -0.3790634870529175 -0.004893217235803604 0.9253577589988708 0.21162016689777374
1305031461.391708 0.9194772839546204 -0.08195105195045471 0.38450685143470764 -0.3754778206348419 0.06691097468137741 0.9963842630386353 0.05235699564218521 -0.19158406555652618 -0.3874073028564453 -0.022413333877921104 0.9216362237930298 0.2221616506576538
1305031461.427624 0.9196675419807434 -0.07731379568576813 0.3850119709968567 -0.37428638339042664 0.061638373881578445 0.9966950416564941 0.05291125178337097 -0.1971016675233841 -0.38783037662506104 -0.024929245933890343 0.9213935732841492 0.22869974374771118
1305031461.459781 0.9182414412498474 -0.07923268526792526 0.38801392912864685 -0.37305086851119995 0.06213614344596863 0.9964709281921387 0.05643374100327492 -0.19316339492797852 -0.3911159932613373 -0.027710111811757088 0.9199241399765015 0.2325286865234375
1305031461.491677 0.9170353412628174 -0.08224616944789886 0.39023280143737793 -0.37181907892227173 0.06001213565468788 0.995820164680481 0.06885410845279694 -0.2069215476512909 -0.39426472783088684 -0.039722949266433716 0.9181380271911621 0.23912473022937775
1305031461.527705 0.9182526469230652 -0.07849033176898956 0.38813847303390503 -0.3689623177051544 0.06070464104413986 0.9964752197265625 0.05789557099342346 -0.20897266268730164 -0.39131462574005127 -0.029600949957966805 0.9197807908058167 0.23959288001060486
1305031461.559677 0.9198047518730164 -0.07320117950439453 0.3854876756668091 -0.35925421118736267 0.05476713180541992 0.9967780113220215 0.058601755648851395 -0.21287408471107483 -0.38853535056114197 -0.03279012069106102 0.9208502173423767 0.23646044731140137
1305031461.59169 0.9160146117210388 -0.06408626586198807 0.3959927558898926 -0.35295364260673523 0.04806720092892647 0.997579038143158 0.050255611538887024 -0.2146247774362564 -0.39825478196144104 -0.02700061723589897 0.9168774485588074 0.23496803641319275
1305031461.627541 0.9105583429336548 -0.06289689242839813 0.4085673391819 -0.3489919602870941 0.04708929359912872 0.9977055191993713 0.04864562302827835 -0.21273553371429443 -0.4106895625591278 -0.02505553886294365 0.9114309549331665 0.2345200479030609
1305031461.659622 0.9068249464035034 -0.06293818354606628 0.4167821705341339 -0.34346330165863037 0.046317435801029205 0.9976804852485657 0.04988311603665352 -0.21365605294704437 -0.418954998254776 -0.025930972769856453 0.9076367616653442 0.2341812551021576
1305031461.691563 0.9028075337409973 -0.07220017910003662 0.4239407479763031 -0.33906087279319763 0.05647610127925873 0.9971732497215271 0.049556538462638855 -0.2062469869852066 -0.426320344209671 -0.0207974873483181 0.9043330550193787 0.23302774131298065
1305031461.727602 0.9011894464492798 -0.08499450236558914 0.42500993609428406 -0.3292389214038849 0.06516982614994049 0.996008038520813 0.06099822744727135 -0.2096673548221588 -0.428497850894928 -0.02727315202355385 0.9031310081481934 0.23296120762825012
1305031461.759684 0.8990557193756104 -0.08963792771100998 0.42855995893478394 -0.3219044506549835 0.07036439329385757 0.9956763386726379 0.06064220890402794 -0.2053983360528946 -0.43214282393455505 -0.02436538226902485 0.9014758467674255 0.22879284620285034
1305031461.791612 0.8966480493545532 -0.09894575923681259 0.43154609203338623 -0.31047898530960083 0.07590347528457642 0.9946308135986328 0.07034197449684143 -0.2028552144765854 -0.43618911504745483 -0.03031615912914276 0.8993440866470337 0.2239052653312683
1305031461.827615 0.8926927447319031 -0.10776274651288986 0.437592089176178 -0.29840755462646484 0.08531332015991211 0.9938421845436096 0.07070641219615936 -0.1974286139011383 -0.4425169825553894 -0.025786684826016426 0.8963891863822937 0.2211911827325821
1305031461.859767 0.8868805170059204 -0.12367872893810272 0.4451366066932678 -0.28858083486557007 0.10369648039340973 0.9922073483467102 0.06907665729522705 -0.18589244782924652 -0.4502110779285431 -0.015103643760085106 0.8927943706512451 0.2154827117919922
1305031461.891723 0.8798552751541138 -0.14740653336048126 0.45180296897888184 -0.27940720319747925 0.12694987654685974 0.9890347123146057 0.07545913010835648 -0.16864246129989624 -0.45797204971313477 -0.009036783128976822 0.8889206647872925 0.2148134708404541
1305031461.927758 0.8764607310295105 -0.16987907886505127 0.4505082368850708 -0.2698040008544922 0.14091366529464722 0.9852226376533508 0.09736433625221252 -0.16601864993572235 -0.460391104221344 -0.021853262558579445 0.8874471783638 0.21002627909183502
1305031461.959703 0.877094030380249 -0.17721538245677948 0.4464311897754669 -0.2481538951396942 0.14585568010807037 0.9838263392448425 0.10398030281066895 -0.16037245094776154 -0.4576376974582672 -0.026085998862981796 0.8887560367584229 0.19869348406791687
1305031461.99159 0.8660061359405518 -0.1869165450334549 0.46378380060195923 -0.24128323793411255 0.15860524773597717 0.9822923541069031 0.09973088651895523 -0.13289782404899597 -0.4742126166820526 -0.012809026055037975 0.8803170919418335 0.19559776782989502
1305031462.027675 0.8523066639900208 -0.21064472198486328 0.4787505865097046 -0.24536824226379395 0.1696581244468689 0.9771676063537598 0.12790468335151672 -0.12861068546772003 -0.49476200342178345 -0.027790097519755363 0.8685840368270874 0.200914666056633
1305031462.059837 0.8484108448028564 -0.24056857824325562 0.4715142846107483 -0.24165555834770203 0.19325430691242218 0.9700450897216797 0.14719223976135254 -0.12249137461185455 -0.49279990792274475 -0.03375733643770218 0.8694875836372375 0.1988585889339447
1305031462.091777 0.8489565849304199 -0.26548314094543457 0.4569370448589325 -0.23182617127895355 0.21587294340133667 0.9634401798248291 0.15868796408176422 -0.11321842670440674 -0.48236048221588135 -0.03607884794473648 0.8752294778823853 0.1938978135585785
1305031462.127739 0.8446475267410278 -0.2845424711704254 0.4534381628036499 -0.22696137428283691 0.2300967127084732 0.9577738046646118 0.1724088042974472 -0.10588337481021881 -0.48334887623786926 -0.0412900373339653 0.874453604221344 0.19206735491752625
1305031462.159646 0.8384778499603271 -0.2983596920967102 0.45600050687789917 -0.22751742601394653 0.23619818687438965 0.9530894756317139 0.18929044902324677 -0.10434506088495255 -0.4910859763622284 -0.05100937560200691 0.8696163296699524 0.19165322184562683
1305031462.191641 0.8389643430709839 -0.29894617199897766 0.45471978187561035 -0.2237858772277832 0.2339548021554947 0.9525733590126038 0.1945999562740326 -0.0963849350810051 -0.4913288950920105 -0.05687857046723366 0.8691149353981018 0.1886289268732071
1305031462.227633 0.8382325768470764 -0.2978147864341736 0.4568069577217102 -0.2208217829465866 0.22941933572292328 0.9525508284568787 0.20003415644168854 -0.08394625037908554 -0.494704931974411 -0.06287480890750885 0.8667835593223572 0.18576499819755554
1305031462.259765 0.8360036611557007 -0.2958126962184906 0.462161123752594 -0.22412382066249847 0.22017812728881836 0.9523085951805115 0.21125808358192444 -0.07751543819904327 -0.502612829208374 -0.0748547911643982 0.8612648248672485 0.186506450176239
1305031462.291629 0.840571939945221 -0.2883710265159607 0.4585641920566559 -0.22287504374980927 0.20681045949459076 0.9532427787780762 0.22035840153694153 -0.06911395490169525 -0.500667929649353 -0.09039123356342316 0.8609071969985962 0.18455389142036438
1305031462.32754 0.845961332321167 -0.2799001634120941 0.4538782238960266 -0.21957047283649445 0.19082722067832947 0.9537017941474915 0.23246070742607117 -0.06296658515930176 -0.4979301989078522 -0.11004045605659485 0.8602073192596436 0.18087173998355865
1305031462.359732 0.8485283255577087 -0.2682899534702301 0.45609232783317566 -0.22105033695697784 0.17394965887069702 0.9554582834243774 0.23841355741024017 -0.05126582086086273 -0.4997411370277405 -0.12296354025602341 0.8574023246765137 0.17994995415210724
1305031462.391695 0.8520592451095581 -0.25968101620674133 0.4544895887374878 -0.22433646023273468 0.15677176415920258 0.9550095796585083 0.251752644777298 -0.040459856390953064 -0.499417245388031 -0.1432570070028305 0.8544353246688843 0.1803038865327835
1305031462.427635 0.8579767346382141 -0.2520008385181427 0.44762882590293884 -0.22474484145641327 0.1411072313785553 0.9534981846809387 0.2663269340991974 -0.031311556696891785 -0.49392789602279663 -0.16533862054347992 0.8536382913589478 0.17972597479820251
1305031462.459897 0.8654338717460632 -0.24355320632457733 0.43784254789352417 -0.22737467288970947 0.12657614052295685 0.9518319368362427 0.2792748510837555 -0.02159690111875534 -0.48477083444595337 -0.1862734854221344 0.854575514793396 0.17700079083442688
1305031462.492008 0.8749685883522034 -0.2365018129348755 0.42248886823654175 -0.223703533411026 0.11239577829837799 0.9479625821113586 0.29788264632225037 -0.013236317783594131 -0.47095349431037903 -0.2131519913673401 0.8560193181037903 0.17157819867134094
1305031462.52767 0.8832693696022034 -0.2195657342672348 0.41427767276763916 -0.22426313161849976 0.09346529096364975 0.9482944011688232 0.30331817269325256 -0.0003672521561384201 -0.4594554603099823 -0.22919109463691711 0.8581212759017944 0.1697012335062027
1305031462.559862 0.8969186544418335 -0.20370467007160187 0.39248090982437134 -0.21953406929969788 0.07654877752065659 0.9456989169120789 0.31590139865875244 0.003581766039133072 -0.43551936745643616 -0.2532939612865448 0.8638084530830383 0.16020914912223816
1305031462.591862 0.9047210812568665 -0.18274188041687012 0.3848184049129486 -0.21756316721439362 0.05599452555179596 0.9464945793151855 0.31782469153404236 0.00951593928039074 -0.42230838537216187 -0.2659950256347656 0.8665461540222168 0.15205977857112885
1305031462.627851 0.9102736711502075 -0.16325268149375916 0.38046079874038696 -0.21720124781131744 0.036150481551885605 0.9468039274215698 0.31977391242980957 0.01317634154111147 -0.412425696849823 -0.2773279547691345 0.8677524328231812 0.1442452073097229
1305031462.65966 0.916287899017334 -0.13750667870044708 0.37617596983909607 -0.2137671858072281 0.014797248877584934 0.9501993060112 0.3112911283969879 0.02082362025976181 -0.4002467393875122 -0.2796659469604492 0.8726909756660461 0.13541246950626373
1305031462.692548 0.9211043119430542 -0.11757165938615799 0.3711383640766144 -0.21160458028316498 2.4488284907420166e-05 0.9533267617225647 0.30194035172462463 0.026813481003046036 -0.38931581377983093 -0.27810949087142944 0.878116250038147 0.12969174981117249
1305031462.727652 0.9278534650802612 -0.09067147970199585 0.361754834651947 -0.2113305777311325 -0.02287818305194378 0.954330325126648 0.29787614941596985 0.034644681960344315 -0.37224245071411133 -0.28466179966926575 0.8834043145179749 0.12090231478214264
1305031462.759782 0.9363479614257812 -0.06637522578239441 0.3447416126728058 -0.20605263113975525 -0.042084597051143646 0.9536627531051636 0.2979199290275574 0.04032915458083153 -0.3485417366027832 -0.29346510767936707 0.890166699886322 0.10839413106441498
1305031462.791943 0.9437742233276367 -0.04399322345852852 0.3276504576206207 -0.19357752799987793 -0.057134367525577545 0.9544869065284729 0.29272931814193726 0.05010372772812843 -0.32561618089675903 -0.29499050974845886 0.8983065485954285 0.09710119664669037
1305031462.827816 0.9494766592979431 -0.029234515503048897 0.3124730587005615 -0.18559032678604126 -0.06709994375705719 0.953718900680542 0.29311755299568176 0.05827866867184639 -0.30658063292503357 -0.2992752492427826 0.9035720825195312 0.0816698744893074
1305031462.859782 0.9546326398849487 -0.018069317564368248 0.2972372770309448 -0.17045371234416962 -0.07632746547460556 0.9499645233154297 0.30288898944854736 0.0608639270067215 -0.28783783316612244 -0.3118351101875305 0.9054878354072571 0.07028596103191376
1305031462.891847 0.9555217027664185 -0.009771792218089104 0.2947588264942169 -0.16063059866428375 -0.0839962512254715 0.9490408301353455 0.30375364422798157 0.06357963383197784 -0.2827063500881195 -0.31500187516212463 0.906008243560791 0.05733151733875275
1305031462.927607 0.9582159519195557 -0.0029569389298558235 0.28603053092956543 -0.14572852849960327 -0.08681874722242355 0.9497697949409485 0.3006655275821686 0.06794416159391403 -0.27255216240882874 -0.31293535232543945 0.9098278284072876 0.04429284483194351
1305031462.959676 0.9590749144554138 -0.0006013974780216813 0.283151775598526 -0.1403464823961258 -0.08891374617815018 0.9487766623497009 0.3031785190105438 0.06649117916822433 -0.2688301205635071 -0.3159469962120056 0.9098944067955017 0.03416372463107109
1305031462.99555 0.9629902243614197 0.012749802321195602 0.26923468708992004 -0.1270393580198288 -0.09654068201780319 0.9489256143569946 0.30036661028862 0.06471078097820282 -0.25165414810180664 -0.3152421712875366 0.9150369167327881 0.024940788745880127
1305031463.027667 0.9668751955032349 0.03140565752983093 0.25331005454063416 -0.11131688207387924 -0.10525086522102356 0.9531595706939697 0.2835649251937866 0.0692969337105751 -0.2325393557548523 -0.30083298683166504 0.9248918294906616 0.01509841252118349
1305031463.05981 0.969801664352417 0.049282822757959366 0.23886343836784363 -0.10200144350528717 -0.11527827382087708 0.9556919932365417 0.27085715532302856 0.07440761476755142 -0.21493129432201385 -0.2902134954929352 0.9325131177902222 0.0020070497412234545
1305031463.095809 0.9718778729438782 0.06954240053892136 0.22498245537281036 -0.08804845064878464 -0.13125430047512054 0.9532024264335632 0.27235543727874756 0.0727386474609375 -0.1955135464668274 -0.29422610998153687 0.9355242252349854 -0.008272513747215271
1305031463.12755 0.972424328327179 0.09280121326446533 0.21395963430404663 -0.07398314028978348 -0.14912782609462738 0.952780544757843 0.2645186185836792 0.07025371491909027 -0.1793089210987091 -0.28913170099258423 0.9403463006019592 -0.018443811684846878
1305031463.159787 0.9729956388473511 0.11392024159431458 0.20075219869613647 -0.05999784916639328 -0.16314756870269775 0.9546645283699036 0.24899491667747498 0.0741032063961029 -0.16328544914722443 -0.2750231921672821 0.9474703669548035 -0.03141473978757858
1305031463.195657 0.9726285934448242 0.1293909102678299 0.19300690293312073 -0.04636250436306 -0.17530491948127747 0.9537988305091858 0.24399997293949127 0.0768619105219841 -0.1525183618068695 -0.27115634083747864 0.9503748416900635 -0.04248591139912605
1305031463.227784 0.9716678261756897 0.13845916092395782 0.1915484070777893 -0.037578433752059937 -0.18541929125785828 0.949129045009613 0.2545067071914673 0.06710407137870789 -0.14656534790992737 -0.28281277418136597 0.9479110240936279 -0.05038440227508545
1305031463.260034 0.9722267985343933 0.1485273540019989 0.18087193369865417 -0.02139999344944954 -0.19016151130199432 0.9518284797668457 0.2405434101819992 0.0664118230342865 -0.13643178343772888 -0.26825758814811707 0.9536373019218445 -0.057548247277736664
1305031463.295737 0.9717981815338135 0.16065356135368347 0.17262303829193115 -0.0066517423838377 -0.1982467919588089 0.9529924988746643 0.22913645207881927 0.07088879495859146 -0.12769687175750732 -0.25689634680747986 0.9579654335975647 -0.06498581171035767
1305031463.327739 0.9712623953819275 0.16835075616836548 0.16824845969676971 0.0025227833539247513 -0.2058650553226471 0.9489824771881104 0.23885555565357208 0.06278406083583832 -0.1194533184170723 -0.26662781834602356 0.9563683271408081 -0.07106674462556839
1305031463.35975 0.9725411534309387 0.17449776828289032 0.15399472415447235 0.0157505813986063 -0.20726749300956726 0.9503534436225891 0.23209628462791443 0.05929175019264221 -0.10584912449121475 -0.2576413154602051 0.9604253172874451 -0.07458356022834778
1305031463.39563 0.9742518067359924 0.18237926065921783 0.13255620002746582 0.03542802855372429 -0.20853370428085327 0.9524260759353638 0.2222573161125183 0.06244681030511856 -0.08571488410234451 -0.24417702853679657 0.9659350514411926 -0.08110004663467407
1305031463.427716 0.9744694828987122 0.1893754005432129 0.12060714513063431 0.0548907034099102 -0.2126731127500534 0.9507519602775574 0.2254791259765625 0.058705028146505356 -0.07196729630231857 -0.24537250399589539 0.9667538404464722 -0.08276254683732986
1305031463.459756 0.9737041592597961 0.19688735902309418 0.11461088061332703 0.07293644547462463 -0.2183661311864853 0.9499987363815308 0.22320058941841125 0.056401658803224564 -0.0649348571896553 -0.2423585057258606 0.968011200428009 -0.08700459450483322
1305031463.495629 0.9734660387039185 0.19965198636054993 0.11181692034006119 0.0927712619304657 -0.22046713531017303 0.949195146560669 0.22455011308193207 0.051471251994371414 -0.0613042414188385 -0.24324390292167664 0.968025803565979 -0.08980413526296616
1305031463.52767 0.9718446135520935 0.2044622302055359 0.11710360646247864 0.10833235830068588 -0.22645853459835052 0.9477804899215698 0.22456355392932892 0.04010029137134552 -0.06507377326488495 -0.24476005136966705 0.9673974514007568 -0.09360125660896301
1305031463.559751 0.9722611904144287 0.20205307006835938 0.11782464385032654 0.12212945520877838 -0.22341009974479675 0.951382040977478 0.2120378613471985 0.04013952985405922 -0.06925337016582489 -0.23247946798801422 0.97013258934021 -0.09968311339616776
1305031463.5956 0.9734154939651489 0.19987528026103973 0.1118578314781189 0.13583111763000488 -0.22012045979499817 0.9513444900512695 0.21561694145202637 0.034920819103717804 -0.06331882625818253 -0.23450708389282227 0.970050036907196 -0.10254399478435516
1305031463.627588 0.9736735820770264 0.20251621305942535 0.10462801158428192 0.15132693946361542 -0.22176668047904968 0.9477505087852478 0.22932197153568268 0.013062961399555206 -0.05271982401609421 -0.24648775160312653 0.9677109718322754 -0.10779498517513275
1305031463.659766 0.97306889295578 0.2072446197271347 0.10092861950397491 0.16560055315494537 -0.22441130876541138 0.9517619609832764 0.20925773680210114 0.007130129262804985 -0.05269252136349678 -0.22627174854278564 0.972637951374054 -0.11431160569190979
1305031463.69564 0.9732572436332703 0.2113431841135025 0.09002525359392166 0.18345907330513 -0.22550567984580994 0.9536935091018677 0.19903770089149475 0.004125459119677544 -0.04379122331738472 -0.21401606500148773 0.9758480191230774 -0.12009498476982117
1305031463.727588 0.9716977477073669 0.2206515371799469 0.08435933291912079 0.20214901864528656 -0.23365120589733124 0.9503269791603088 0.20563527941703796 -0.012177282944321632 -0.034795209765434265 -0.21952597796916962 0.9749859571456909 -0.12389165163040161
1305031463.759674 0.9695405960083008 0.2302408665418625 0.08354738354682922 0.21591226756572723 -0.24276115000247955 0.9486196041107178 0.20294807851314545 -0.03779590129852295 -0.03252773359417915 -0.21704845130443573 0.9756187796592712 -0.13125461339950562
1305031463.795647 0.965856671333313 0.24668315052986145 0.07917216420173645 0.23062826693058014 -0.25744396448135376 0.9481118321418762 0.18656522035598755 -0.047749701887369156 -0.029041573405265808 -0.20057769119739532 0.9792472124099731 -0.14121606945991516
1305031463.827761 0.9606807827949524 0.2673705518245697 0.07486965507268906 0.24621431529521942 -0.2767796814441681 0.9435765743255615 0.181813582777977 -0.06033724918961525 -0.022033661603927612 -0.19538722932338715 0.9804785847663879 -0.14253412187099457
1305031463.85991 0.9555664658546448 0.2857113778591156 0.072538360953331 0.2592754065990448 -0.294369101524353 0.9378274083137512 0.18392013013362885 -0.08775557577610016 -0.015480395406484604 -0.1971009522676468 0.980260968208313 -0.14990922808647156
1305031463.895648 0.9494167566299438 0.3052372634410858 0.07374335080385208 0.2670467793941498 -0.3134756088256836 0.9350773692131042 0.1654188185930252 -0.09448160231113434 -0.018463758751749992 -0.18016812205314636 0.9834625124931335 -0.16104154288768768
1305031463.927664 0.945672869682312 0.3168274760246277 0.07296011596918106 0.27288496494293213 -0.32477235794067383 0.9309393167495728 0.16695761680603027 -0.11299854516983032 -0.01502466481178999 -0.1815827488899231 0.9832608699798584 -0.17358186841011047
1305031463.95968 0.9425678849220276 0.3281826078891754 0.0621446929872036 0.2828156054019928 -0.3340052366256714 0.9274797439575195 0.16799363493919373 -0.13031738996505737 -0.002505365526303649 -0.17910204827785492 0.9838272929191589 -0.1788935661315918
1305031463.995821 0.9380133748054504 0.3426927924156189 0.05189037322998047 0.2911074161529541 -0.3465450406074524 0.9246517419815063 0.15787853300571442 -0.14177514612674713 0.006123299710452557 -0.16607452929019928 0.9860941767692566 -0.1887207329273224
1305031464.027703 0.9334495067596436 0.3565262258052826 0.03951093927025795 0.30458223819732666 -0.3581031560897827 0.9198043346405029 0.16038157045841217 -0.1591411679983139 0.020837903022766113 -0.16385705769062042 0.9862639904022217 -0.1981741189956665
1305031464.059652 0.925900936126709 0.37591320276260376 0.037371400743722916 0.3104501962661743 -0.37681156396865845 0.9120021462440491 0.16206513345241547 -0.18201109766960144 0.026839615777134895 -0.16413821280002594 0.9860721826553345 -0.2071457803249359
1305031464.095634 0.9202839732170105 0.38983023166656494 0.03331279754638672 0.3174324035644531 -0.3902514576911926 0.9085172414779663 0.14933323860168457 -0.19425489008426666 0.02794935554265976 -0.150429368019104 0.9882256388664246 -0.21647468209266663
1305031464.127681 0.9156777262687683 0.4005872905254364 0.03262194246053696 0.3161619305610657 -0.4010635316371918 0.905451238155365 0.13894672691822052 -0.1998785138130188 0.02612270787358284 -0.14031387865543365 0.9897623658180237 -0.22612282633781433
1305031464.159817 0.915574312210083 0.40154293179512024 0.02206672541797161 0.31533321738243103 -0.4004996418952942 0.9054815769195557 0.1403680145740509 -0.21876610815525055 0.036382775753736496 -0.13735505938529968 0.9898534417152405 -0.23335996270179749
1305031464.195585 0.913780152797699 0.4061862826347351 -0.004313277080655098 0.3200955092906952 -0.4020366370677948 0.905860960483551 0.1333511620759964 -0.23433634638786316 0.05807263404130936 -0.12011952698230743 0.9910594820976257 -0.24548929929733276
1305031464.227624 0.9120262265205383 0.40828168392181396 -0.038912348449230194 0.3303021192550659 -0.40164101123809814 0.908321738243103 0.11677387356758118 -0.23040586709976196 0.08302154392004013 -0.09087204188108444 0.9923958778381348 -0.2564959228038788
1305031464.259644 0.9087398648262024 0.411906361579895 -0.06726738810539246 0.33220288157463074 -0.40245386958122253 0.9075151085853577 0.12019677460193634 -0.23492789268493652 0.1105559766292572 -0.08215558528900146 0.9904685020446777 -0.26911354064941406
1305031464.295667 0.9008950591087341 0.42173027992248535 -0.10262396931648254 0.34260085225105286 -0.40638625621795654 0.9026280641555786 0.14181973040103912 -0.2535976767539978 0.15244093537330627 -0.08605971932411194 0.9845584630966187 -0.2752135097980499
1305031464.327866 0.892518937587738 0.43079569935798645 -0.13350960612297058 0.35729312896728516 -0.41099339723587036 0.8987792730331421 0.15257884562015533 -0.26587772369384766 0.18572595715522766 -0.08130793273448944 0.9792317748069763 -0.27644065022468567
1305031464.359684 0.8841691613197327 0.4395960569381714 -0.15811467170715332 0.3687150776386261 -0.41515007615089417 0.8945574164390564 0.16558216512203217 -0.2910768985748291 0.214231938123703 -0.08076128363609314 0.9734383821487427 -0.27674436569213867
1305031464.395611 0.8745378851890564 0.4513501822948456 -0.17738816142082214 0.38432174921035767 -0.4257568418979645 0.8897078037261963 0.16477614641189575 -0.30648356676101685 0.23219537734985352 -0.06857874989509583 0.9702485203742981 -0.2840237617492676
1305031464.427634 0.8637502789497375 0.4685761034488678 -0.18539655208587646 0.3983772099018097 -0.443116158246994 0.8814540505409241 0.16336125135421753 -0.3198075294494629 0.23996570706367493 -0.058951109647750854 0.9689898490905762 -0.28822651505470276
1305031464.459689 0.8547342419624329 0.4823307991027832 -0.19179779291152954 0.4045608639717102 -0.4567496180534363 0.8744336366653442 0.1635405272245407 -0.33643269538879395 0.24659506976604462 -0.052180103957653046 0.9677128195762634 -0.2957058250904083
1305031464.495633 0.8474931716918945 0.49109816551208496 -0.20143961906433105 0.41856926679611206 -0.46551987528800964 0.8699963092803955 0.162473663687706 -0.34977030754089355 0.25504225492477417 -0.04392115771770477 0.9659318923950195 -0.29865777492523193
1305031464.527574 0.8388077020645142 0.502816915512085 -0.20875003933906555 0.43428105115890503 -0.47989410161972046 0.8639435768127441 0.15265364944934845 -0.3550236225128174 0.25710511207580566 -0.027869146317243576 0.9659814834594727 -0.311832994222641
1305031464.559703 0.8255677819252014 0.5222851037979126 -0.2136727273464203 0.44798189401626587 -0.49607914686203003 0.8521955013275146 0.1663384884595871 -0.38202640414237976 0.26896706223487854 -0.03132513538002968 0.9626398682594299 -0.3150472044944763
1305031464.595698 0.8145627379417419 0.5382089614868164 -0.2163761854171753 0.4601994752883911 -0.5091967582702637 0.8421016335487366 0.17771771550178528 -0.43186402320861816 0.27786001563072205 -0.0345841720700264 0.9599987864494324 -0.31497377157211304
1305031464.627672 0.8085538148880005 0.5488216876983643 -0.2122155725955963 0.47009721398353577 -0.5277122855186462 0.8358774185180664 0.15109145641326904 -0.4574965834617615 0.26030850410461426 -0.01017681136727333 0.9654718637466431 -0.3305380344390869
1305031464.659749 0.7985905408859253 0.5656064748764038 -0.2057727873325348 0.4729606509208679 -0.5560938119888306 0.8241724371910095 0.10723502933979034 -0.45218849182128906 0.23024514317512512 0.028792105615139008 0.9727066159248352 -0.3419652581214905
1305031464.695663 0.7828890085220337 0.5890310406684875 -0.20031780004501343 0.4626644253730774 -0.587555468082428 0.8058568835258484 0.07330330461263657 -0.4750819802284241 0.20460540056228638 0.060309477150440216 0.9769849181175232 -0.3584638833999634
1305031464.727652 0.7701678276062012 0.5970463156700134 -0.22444860637187958 0.4722752571105957 -0.6057528853416443 0.7948480844497681 0.035775620490312576 -0.4793216586112976 0.199762225151062 0.10840713977813721 0.9738291501998901 -0.3458411395549774
1305031464.75974 0.7475034594535828 0.6160186529159546 -0.24851498007774353 0.48081621527671814 -0.6347700357437134 0.7726778388023376 0.006000261753797531 -0.46900561451911926 0.19571828842163086 0.15326465666294098 0.9686095118522644 -0.35265275835990906
1305031464.796021 0.7219083905220032 0.6398905515670776 -0.26341691613197327 0.4705245792865753 -0.6629140973091125 0.74869304895401 0.0019673407077789307 -0.4815443456172943 0.19847728312015533 0.1732025444507599 0.9646800756454468 -0.35939323902130127
1305031464.827759 0.7006627917289734 0.6551253795623779 -0.2826346755027771 0.4512128233909607 -0.6867653727531433 0.7266514897346497 -0.018197178840637207 -0.46137040853500366 0.19345542788505554 0.20685376226902008 0.9590549468994141 -0.39186498522758484
1305031464.859654 0.6691591739654541 0.6647811532020569 -0.33210229873657227 0.47336483001708984 -0.7045023441314697 0.7097007036209106 0.0011187829077243805 -0.4674195349216461 0.23643699288368225 0.23321819305419922 0.9432427287101746 -0.37144532799720764
1305031464.895817 0.6293354034423828 0.6845930814743042 -0.3677898645401001 0.4973587393760681 -0.7242352366447449 0.6882797479629517 0.041884686797857285 -0.49389585852622986 0.2818162739276886 0.24000680446624756 0.9289652109146118 -0.3483140468597412
1305031464.927799 0.5937948226928711 0.7078549265861511 -0.3825560510158539 0.4924536943435669 -0.7474947571754456 0.6612465977668762 0.06328009814023972 -0.509098470211029 0.29775702953338623 0.24838322401046753 0.9217627644538879 -0.336206316947937
1305031464.959763 0.5639256834983826 0.7171791791915894 -0.4094410240650177 0.506981372833252 -0.7610002160072327 0.6438456177711487 0.07963339984416962 -0.5372791886329651 0.32072824239730835 0.2666774392127991 0.908854603767395 -0.303008496761322
1305031464.995687 0.5302308797836304 0.7343633770942688 -0.42375195026397705 0.5158966779708862 -0.7826820611953735 0.616115391254425 0.0883781835436821 -0.5712005496025085 0.3259817659854889 0.2848021984100342 0.9014564156532288 -0.3022586703300476
1305031465.027823 0.4977865517139435 0.7501556873321533 -0.4352872371673584 0.5094949007034302 -0.8109549880027771 0.5805286169052124 0.07306499779224396 -0.5499005317687988 0.3075067698955536 0.3166276216506958 0.8973219394683838 -0.27360668778419495
1305031465.059749 0.46660730242729187 0.757856547832489 -0.45599475502967834 0.5215517282485962 -0.8313650488853455 0.5517577528953552 0.06629913300275803 -0.5346789360046387 0.3018437922000885 0.3481624722480774 0.8875095248222351 -0.2737447917461395
1305031465.0957 0.43681082129478455 0.7662193775177002 -0.4712792634963989 0.546934962272644 -0.838532567024231 0.5364970564842224 0.0950484648346901 -0.5320988297462463 0.3256678879261017 0.353664755821228 0.8768475651741028 -0.2527519464492798
1305031465.127664 0.3937808871269226 0.7942648530006409 -0.462687611579895 0.5552470088005066 -0.849488377571106 0.5067409873008728 0.1469116359949112 -0.5468541383743286 0.35114946961402893 0.33519673347473145 0.8742637634277344 -0.23381535708904266
1305031465.159842 0.36879122257232666 0.8075547218322754 -0.46026989817619324 0.5760053396224976 -0.8530458211898804 0.4907253682613373 0.1774865686893463 -0.5345537662506104 0.36919623613357544 0.3271758258342743 0.8698562383651733 -0.20911553502082825
1305031465.195564 0.33962807059288025 0.8247485160827637 -0.4521532654762268 0.5768745541572571 -0.8565782308578491 0.4697803854942322 0.21349532902240753 -0.5400686264038086 0.388492614030838 0.3147956430912018 0.8660122156143188 -0.18830302357673645
