1403636579.7635555 1.0 0.0 0.0 0.0 0.0 1.0 0.0 0.0 0.0 0.0 1.0 0.0
1403636579.8135555 0.9999855756759644 0.0012042003218084574 0.005236547440290451 0.0005387053824961185 -0.0011890304740518332 0.9999951124191284 -0.002899029292166233 0.015062838792800903 -0.005240012425929308 0.0028927610255777836 0.9999820590019226 0.006830140482634306
1403636579.8635557 0.9999430179595947 0.0046881758607923985 0.009600663557648659 0.0007866437081247568 -0.0047013526782393456 0.9999880194664001 0.0013502343790605664 0.034120459109544754 -0.009594219736754894 -0.0013952931622043252 0.9999529719352722 0.01350241806358099
1403636579.9135554 0.9999170303344727 0.0057437485083937645 0.011531294323503971 0.000455428846180439 -0.005878215655684471 0.9999146461486816 0.011661253869533539 0.05555059015750885 -0.011463330127298832 -0.011728070676326752 0.9998654723167419 0.019522659480571747
1403636579.9635556 0.99991774559021 0.005488583352416754 0.011596769094467163 -0.00027734023751690984 -0.005767016671597958 0.9996924996376038 0.024114154279232025 0.07964947074651718 -0.011460850946605206 -0.024179046973586082 0.9996418952941895 0.02640095353126526
1403636580.0135555 0.9999329447746277 0.0020159734413027763 0.011416318826377392 -0.0008212623069994152 -0.0024108500219881535 0.9993956089019775 0.03468133136630058 0.1052955910563469 -0.011339501477777958 -0.03470652922987938 0.9993332028388977 0.034277234226465225
1403636580.0635555 0.9999276399612427 0.000728703394997865 0.012013379484415054 -0.0016374597325921059 -0.0012303449911996722 0.999125063419342 0.04180252179503441 0.1314859539270401 -0.011972405016422272 -0.041814278811216354 0.9990535974502563 0.0413469560444355
1403636580.1135554 0.9999297261238098 -0.0037760171107947826 0.011240198276937008 -0.002436805982142687 0.003244537627324462 0.9988928437232971 0.04693213105201721 0.15628468990325928 -0.011404969729483128 -0.04689235985279083 0.9988347887992859 0.04866659641265869
1403636580.1635556 0.9999241828918457 -0.006154850125312805 0.01066630333662033 -0.003343558171764016 0.005607647821307182 0.9987035989761353 0.05059371516108513 0.18106114864349365 -0.010963871143758297 -0.05053005740046501 0.9986622333526611 0.054970547556877136
1403636580.2135556 0.9999315738677979 -0.006653897929936647 0.00962006114423275 -0.003623601049184799 0.0061159092001616955 0.9984724521636963 0.054910629987716675 0.20424295961856842 -0.00997073482722044 -0.05484805628657341 0.9984448552131653 0.061270151287317276
1403636580.2635555 0.9999446868896484 -0.004830007907003164 0.009340598247945309 -0.004203415010124445 0.004258487839251757 0.9981732368469238 0.06026735156774521 0.22518593072891235 -0.009614625945687294 -0.060224246233701706 0.9981385469436646 0.06603598594665527
1403636580.3135555 0.9999497532844543 0.00022208315203897655 0.010024708695709705 -0.005021459423005581 -0.0009052354726009071 0.9976716041564941 0.06819382309913635 0.2451278567314148 -0.00998622179031372 -0.06819945573806763 0.9976217150688171 0.06984759122133255
1403636580.3635557 0.9999710321426392 0.0005264870123937726 0.0076110344380140305 -0.005544459912925959 -0.001128541654907167 0.9968488812446594 0.07931657135486603 0.263263463973999 -0.007545291446149349 -0.07932283729314804 0.9968203902244568 0.07329481840133667
1403636580.4135554 0.9999551773071289 0.004329380579292774 0.00842053722590208 -0.006504968274384737 -0.005103917792439461 0.9955354928970337 0.09425028413534164 0.27966901659965515 -0.007974898442626 -0.09428905695676804 0.9955129623413086 0.07550182938575745
1403636580.4635556 0.9999686479568481 0.004034610465168953 0.00682523800060153 -0.007356807589530945 -0.0047700307331979275 0.9937624335289001 0.1114153042435646 0.29232728481292725 -0.0063331471756100655 -0.11144433170557022 0.9937505125999451 0.07655274868011475
1403636580.5135555 0.999978244304657 0.003005359787493944 0.005889641121029854 -0.007937274873256683 -0.0037357534747570753 0.9917393326759338 0.12821446359157562 0.2991158366203308 -0.005455658305436373 -0.1282336413860321 0.9917289614677429 0.07729543000459671
1403636580.5635555 0.9999862909317017 0.002331686206161976 0.004699709825217724 -0.00919575709849596 -0.002974621718749404 0.9898893237113953 0.14181052148342133 0.2976698875427246 -0.0043215323239564896 -0.14182253181934357 0.9898826479911804 0.07531233131885529
1403636580.6135554 0.9999984502792358 0.001340721850283444 0.0012711745221167803 -0.009659947827458382 -0.0015124755445867777 0.989210844039917 0.14649060368537903 0.28744080662727356 -0.00106105487793684 -0.14649227261543274 0.9892112612724304 0.07166296243667603
1403636580.6635556 0.9999983906745911 0.0016804810147732496 0.0008310451521538198 -0.010711772367358208 -0.0017829200951382518 0.9895061254501343 0.14448001980781555 0.2692212164402008 -0.0005795303732156754 -0.14448125660419464 0.9895073771476746 0.06676894426345825
1403636580.7135556 0.9999846816062927 0.0042304242961108685 0.0035941628739237785 -0.011515124700963497 -0.0046803769655525684 0.9906784296035767 0.13614150881767273 0.24470263719558716 -0.002984723076224327 -0.13615627586841583 0.99068284034729 0.060814302414655685
1403636580.7635555 0.9999140501022339 0.010044146329164505 0.008430088870227337 -0.011791924014687538 -0.011023619212210178 0.9920219779014587 0.12558093667030334 0.2140088975429535 -0.007101480849087238 -0.12566305696964264 0.9920474886894226 0.054250460118055344
1403636580.8135555 0.9997186660766602 0.017535775899887085 0.015971140936017036 -0.012060863897204399 -0.01922895759344101 0.9934200644493103 0.1129009947180748 0.17878924310207367 -0.01388624683022499 -0.11317633837461472 0.9934778809547424 0.04793044924736023
1403636580.8635557 0.999366044998169 0.02418011613190174 0.02613452449440956 -0.012054773047566414 -0.026635892689228058 0.9948185086250305 0.09811465442180634 0.13961699604988098 -0.02362668514251709 -0.0987485721707344 0.9948319792747498 0.04005562514066696
1403636580.9135554 0.9988531470298767 0.03098215162754059 0.03650150075554848 -0.012249770574271679 -0.03391188010573387 0.9960066676139832 0.08258703351020813 0.10127842426300049 -0.0337970145046711 -0.08373015373945236 0.9959151148796082 0.03225596994161606
1403636580.9635556 0.9985589385032654 0.03505196422338486 0.04063659533858299 -0.013435416854918003 -0.03774413838982582 0.9970054626464844 0.06749458611011505 0.06253499537706375 -0.038149088621139526 -0.06893111765384674 0.9968916773796082 0.024286920204758644
1403636581.0135555 0.9984137415885925 0.038426514714956284 0.04115213453769684 -0.015336587093770504 -0.04058795049786568 0.9977669715881348 0.05304358899593353 0.028001993894577026 -0.039021965116262436 -0.05462973564863205 0.9977438449859619 0.016200559213757515
1403636581.0635555 0.9985213875770569 0.037514567375183105 0.0393391028046608 -0.017569351941347122 -0.03907758742570877 0.9984453916549683 0.03974566608667374 -0.007890034466981888 -0.037786900997161865 -0.04122417792677879 0.9984351396560669 0.0077841863967478275
1403636581.1135554 0.9985821843147278 0.03529752790927887 0.039846327155828476 -0.017964957281947136 -0.03637484833598137 0.9989829063415527 0.026643425226211548 -0.03947579860687256 -0.0388653539121151 -0.02805505134165287 0.9988505244255066 0.0005894636269658804
1403636581.1635556 0.9987120628356934 0.030175212770700455 0.04078756645321846 -0.018653785809874535 -0.030632689595222473 0.9994741082191467 0.010637875646352768 -0.06686756759881973 -0.04044511541724205 -0.011873612180352211 0.9991111755371094 -0.004246850498020649
1403636581.2135556 0.9987912178039551 0.026330795139074326 0.041504453867673874 -0.01886948198080063 -0.026141470298171043 0.9996452331542969 -0.0050977664068341255 -0.09320377558469772 -0.041623957455158234 0.004006612114608288 0.9991252422332764 -0.011820133775472641
1403636581.2635555 0.9989121556282043 0.021989932283759117 0.04112177714705467 -0.018311629071831703 -0.021074019372463226 0.9995230436325073 -0.022575661540031433 -0.11605298519134521 -0.041598595678806305 0.021684501320123672 0.9988991618156433 -0.01833050325512886
1403636581.3135555 0.9988951086997986 0.02399924397468567 0.04040680453181267 -0.017600730061531067 -0.022481165826320648 0.9990394115447998 -0.03761420398950577 -0.13134737312793732 -0.041270703077316284 0.03666425123810768 0.9984751343727112 -0.024751197546720505
1403636581.3635557 0.9988209009170532 0.024824507534503937 0.041718799620866776 -0.016755687072873116 -0.022793246433138847 0.9985641837120056 -0.048479143530130386 -0.13724961876869202 -0.042862389236688614 0.04747108370065689 0.9979524612426758 -0.025291528552770615
1403636581.4135554 0.9985004663467407 0.029804851859807968 0.04591505229473114 -0.015954170376062393 -0.02746421843767166 0.9983316659927368 -0.05079132318496704 -0.13774673640727997 -0.04735229164361954 0.04945414140820503 0.9976532459259033 -0.02696443535387516
1403636581.4635556 0.9982157349586487 0.035348352044820786 0.04812372103333473 -0.014376196078956127 -0.033120859414339066 0.99837726354599 -0.04632292687892914 -0.12842154502868652 -0.04968307912349701 0.04464636743068695 0.9977666735649109 -0.025344984605908394
1403636581.5135555 0.9978585839271545 0.04128082096576691 0.050735779106616974 -0.012582310475409031 -0.03949184715747833 0.9985795617103577 -0.03577161580324173 -0.11183064430952072 -0.05214039608836174 0.03369136154651642 0.9980711936950684 -0.02171461097896099
1403636581.5635555 0.9979182481765747 0.03785945475101471 0.05220939591526985 -0.011865793727338314 -0.03667234629392624 0.9990509152412415 -0.023511353880167007 -0.09068240970373154 -0.053049955517053604 0.021547771990299225 0.9983594417572021 -0.017834119498729706
1403636581.6135554 0.9980961680412292 0.035039979964494705 0.050757069140672684 -0.010256861336529255 -0.03454595431685448 0.9993470907211304 -0.010578310117125511 -0.06316239386796951 -0.051094602793455124 0.008804718032479286 0.9986550211906433 -0.009081980213522911
1403636581.6635556 0.9983123540878296 0.03019006922841072 0.049607228487730026 -0.008168338797986507 -0.030207127332687378 0.9995435476303101 -0.00040605105459690094 -0.033717405050992966 -0.049596842378377914 -0.0010931268334388733 0.9987687468528748 -0.0007462910143658519
1403636581.7135556 0.9982666373252869 0.03318116441369057 0.04860802739858627 -0.0062779635190963745 -0.033552784472703934 0.9994134902954102 0.0068490393459796906 -0.0034185992553830147 -0.048352256417274475 -0.008468106389045715 0.998794436454773 0.007378833834081888
1403636581.7635555 0.998506486415863 0.02983398362994194 0.04576793313026428 -0.0032588669564574957 -0.03032177872955799 0.9994902014732361 0.010000865906476974 0.029457101598381996 -0.045446235686540604 -0.011373700574040413 0.9989020228385925 0.016826801002025604
1403636581.8135555 0.9987830519676208 0.029372695833444595 0.039617571979761124 -0.0015818467363715172 -0.029909107834100723 0.9994677901268005 0.013015566393733025 0.062008921056985855 -0.03921419382095337 -0.014184650033712387 0.9991301894187927 0.02399981953203678
1403636581.8635557 0.9988910555839539 0.028313592076301575 0.03761455789208412 -0.0003669814905151725 -0.029003752395510674 0.9994183778762817 0.01793093793094158 0.09476747363805771 -0.03708500415086746 -0.01900201290845871 0.9991315007209778 0.0314720943570137
1403636581.9135554 0.9991312026977539 0.023772861808538437 0.03423008695244789 6.175471935421228e-05 -0.024717628955841064 0.9993176460266113 0.027446920052170753 0.1279088258743286 -0.03355422988533974 -0.02826916053891182 0.9990370273590088 0.038954224437475204
1403636581.9635556 0.9990347623825073 0.020994341000914574 0.03858485445380211 0.0007017713505774736 -0.022559912875294685 0.9989209175109863 0.040597643703222275 0.15969246625900269 -0.037690892815589905 -0.041428931057453156 0.9984303116798401 0.046700119972229004
1403636582.0135555 0.9989500641822815 0.017220167443156242 0.04245281592011452 0.000997151480987668 -0.019623123109340668 0.9981897473335266 0.05685185641050339 0.18899260461330414 -0.04139695316553116 -0.057625215500593185 0.9974796772003174 0.053732480853796005
1403636582.0635555 0.9987817406654358 0.017661800608038902 0.0460769459605217 0.0009561041370034218 -0.021052664145827293 0.9970229268074036 0.07417578995227814 0.21460050344467163 -0.04462968558073044 -0.07505545020103455 0.9961801171302795 0.059765107929706573
1403636582.1135554 0.9987848401069641 0.018895786255598068 0.04551762342453003 0.0004181358963251114 -0.02299775741994381 0.9955532550811768 0.0913502424955368 0.23623360693454742 -0.04358907416462898 -0.09228602796792984 0.9947779774665833 0.06455759704113007
1403636582.1635556 0.9989438652992249 0.018466971814632416 0.04207078367471695 -0.0007339292205870152 -0.022854730486869812 0.9940687417984009 0.10632447153329849 0.2524438500404358 -0.039857760071754456 -0.10717371106147766 0.9934410452842712 0.06678327918052673
1403636582.2135556 0.9990875720977783 0.01834850385785103 0.038565874099731445 -0.0019727747421711683 -0.022768467664718628 0.9928131699562073 0.11748883128166199 0.26086118817329407 -0.03613296523690224 -0.1182597205042839 0.9923250675201416 0.06814928352832794
1403636582.2635555 0.9991553425788879 0.01891828142106533 0.03647729754447937 -0.0038936820346862078 -0.023330381140112877 0.9919329285621643 0.12459822744131088 0.2608342170715332 -0.03382585197687149 -0.12534399330615997 0.9915364980697632 0.06754855066537857
1403636582.3135555 0.9992306232452393 0.019659291952848434 0.03393460810184479 -0.0054594832472503185 -0.023814067244529724 0.9916511178016663 0.1267315298318863 0.2509189546108246 -0.03115984797477722 -0.1274421513080597 0.9913564324378967 0.06516987085342407
1403636582.3635557 0.9993008375167847 0.01898276060819626 0.0322076641023159 -0.007901829667389393 -0.02277018316090107 0.9923143982887268 0.12162938714027405 0.23307688534259796 -0.02965126931667328 -0.12227772921323776 0.9920528531074524 0.0611761100590229
1403636582.4135554 0.9993552565574646 0.018258100375533104 0.030912749469280243 -0.00977606512606144 -0.021520191803574562 0.9938399195671082 0.10871531069278717 0.2089998424053192 -0.028737390413880348 -0.10931047797203064 0.9935921430587769 0.0537865087389946
1403636582.4635556 0.9993924498558044 0.0165912676602602 0.030653245747089386 -0.011565016582608223 -0.019388169050216675 0.995447039604187 0.09332327544689178 0.18080954253673553 -0.028965327888727188 -0.09386087954044342 0.9951637387275696 0.047903843224048615
1403636582.5135555 0.9992150068283081 0.020947981625795364 0.03362644836306572 -0.012980044819414616 -0.02360459230840206 0.9964624643325806 0.08065629005432129 0.15038813650608063 -0.03181790933012962 -0.08138670027256012 0.9961745142936707 0.04073341563344002
1403636582.5635555 0.9990818500518799 0.021657021716237068 0.03696900233626366 -0.013910369016230106 -0.02422279492020607 0.9972226023674011 0.07042881101369858 0.11858481913805008 -0.0353410467505455 -0.07125962525606155 0.9968314170837402 0.03374337777495384
1403636582.6135554 0.9987286329269409 0.02655329741537571 0.04284949600696564 -0.01410648599267006 -0.029271423816680908 0.9975136518478394 0.0641065239906311 0.08556794375181198 -0.04104072228074074 -0.0652792900800705 0.9970226287841797 0.024971578270196915
1403636582.6635556 0.9984967112541199 0.026313690468668938 0.04808283597230911 -0.01427992433309555 -0.029144298285245895 0.9978235363960266 0.059149228036403656 0.05340099707245827 -0.046421755105257034 -0.06046164780855179 0.9970903992652893 0.01667138561606407
1403636582.7135556 0.9983925819396973 0.025609994307160378 0.0505620613694191 -0.013634667731821537 -0.028364751487970352 0.9981088042259216 0.054538942873477936 0.021349115297198296 -0.04906969144940376 -0.05588546395301819 0.9972306489944458 0.008697889745235443
1403636582.7635555 0.9982636570930481 0.021813439205288887 0.054716549813747406 -0.013150050304830074 -0.024430569261312485 0.9985664486885071 0.04762696474790573 -0.010411964729428291 -0.053599193692207336 -0.04888102039694786 0.9973653554916382 0.0012023880844935775
1403636582.8135555 0.9979801177978516 0.017255032435059547 0.061139196157455444 -0.011800127103924751 -0.019602444022893906 0.9990853071212769 0.03800499066710472 -0.042459774762392044 -0.06042749807238579 -0.03912670165300369 0.997405469417572 -0.005051814951002598
1403636582.8635557 0.997456967830658 0.012917254120111465 0.07009173184633255 -0.00999489426612854 -0.014694701880216599 0.9995818734169006 0.024902837350964546 -0.07462210953235626 -0.06974076479673386 -0.025869490578770638 0.9972296357154846 -0.011806332506239414
1403636582.9135554 0.997063159942627 0.008375679142773151 0.07612401247024536 -0.007949579507112503 -0.009068029932677746 0.9999205470085144 0.008753913454711437 -0.1046704575419426 -0.07604464143514633 -0.009418497793376446 0.9970599412918091 -0.018901366740465164
1403636582.9635556 0.9967866539955139 0.008590021170675755 0.07963837683200836 -0.006100176367908716 -0.007967399433255196 0.9999351501464844 -0.008132562041282654 -0.13096143305301666 -0.07970304787158966 0.007471918594092131 0.9967906475067139 -0.0263255313038826
1403636583.0135555 0.9965221881866455 0.008400472812354565 0.0829029381275177 -0.004765070974826813 -0.006381209008395672 0.9996771216392517 -0.02459193766117096 -0.15110351145267487 -0.08308274298906326 0.023977389559149742 0.9962541460990906 -0.03260861709713936
1403636583.0635555 0.9964826107025146 0.011450025252997875 0.08301252871751785 -0.005191312171518803 -0.008559763431549072 0.9993475675582886 -0.035089850425720215 -0.16431275010108948 -0.08336012810468674 0.03425585851073265 0.9959304928779602 -0.03946733474731445
1403636583.1135554 0.9963343143463135 0.01348239928483963 0.08447439968585968 -0.0026838150806725025 -0.010112063959240913 0.9991403818130493 -0.04019935056567192 -0.16874365508556366 -0.08494377136230469 0.03919779509305954 0.9956144690513611 -0.03983096405863762
1403636583.1635556 0.9959260821342468 0.018120206892490387 0.0883326306939125 -0.0011373157612979412 -0.01455059926956892 0.9990575909614563 -0.04088872671127319 -0.16498041152954102 -0.08899030834436417 0.03943687304854393 0.9952515363693237 -0.03723975643515587
1403636583.2135556 0.9957658648490906 0.022042160853743553 0.08924300223588943 -0.0007348442450165749 -0.018665309995412827 0.9990842938423157 -0.03849819675087929 -0.1544008105993271 -0.09000986069440842 0.036669448018074036 0.9952656030654907 -0.03444772586226463
1403636583.2635555 0.9958220720291138 0.024477409198880196 0.08797238022089005 1.7490005120635033e-05 -0.02152683399617672 0.9991787075996399 -0.034333497285842896 -0.13684433698654175 -0.0887405052781105 0.03229629248380661 0.9955310225486755 -0.02823844738304615
1403636583.3135555 0.9959602355957031 0.02440912090241909 0.0864139273762703 9.217928163707256e-05 -0.02186528593301773 0.999302864074707 -0.030262991786003113 -0.11558493226766586 -0.08709237724542618 0.028251269832253456 0.9957995414733887 -0.02238408848643303
1403636583.3635557 0.9960727691650391 0.0253828763961792 0.08482184261083603 0.0022428464144468307 -0.02328607067465782 0.9994006752967834 -0.025618845596909523 -0.0885855033993721 -0.08542127907276154 0.023543067276477814 0.996066689491272 -0.013285364024341106
1403636583.4135554 0.9964972138404846 0.02374369278550148 0.08018559962511063 0.004760121461004019 -0.022131891921162605 0.9995359182357788 -0.02093035727739334 -0.06007026508450508 -0.080645352602005 0.01908237859606743 0.9965600967407227 -0.0036694013979285955
1403636583.4635556 0.9967778325080872 0.026951784268021584 0.07554805278778076 0.006765912286937237 -0.02592903934419155 0.9995589256286621 -0.014486216008663177 -0.02794923633337021 -0.07590515911579132 0.01248064823448658 0.997036874294281 0.005712580867111683
1403636583.5135555 0.9969983696937561 0.027284106239676476 0.07245521992444992 0.008179553784430027 -0.026737503707408905 0.9996064305305481 -0.008503391407430172 0.0043665701523423195 -0.07265869528055191 0.006540597416460514 0.9973354339599609 0.013557680882513523
1403636583.5635555 0.9969288110733032 0.03099811263382435 0.07191698998212814 0.010429133661091328 -0.031099209561944008 0.9995162487030029 0.000286138616502285 0.0387251116335392 -0.07187332212924957 -0.002521820832043886 0.9974106550216675 0.0226359274238348
1403636583.6135554 0.9964683055877686 0.03353210538625717 0.07698453217744827 0.012490491382777691 -0.03451371565461159 0.9993385672569275 0.011455344036221504 0.07252559810876846 -0.0765494853258133 -0.014071906916797161 0.9969664216041565 0.03273817524313927
1403636583.6635556 0.9970163106918335 0.02993706986308098 0.07114769518375397 0.01310720294713974 -0.032018695026636124 0.9990866780281067 0.02829952910542488 0.10710695385932922 -0.07023549824953079 -0.030493155121803284 0.9970642924308777 0.041545651853084564
1403636583.7135556 0.9974878430366516 0.020557312294840813 0.06778985261917114 0.013689558953046799 -0.02392778918147087 0.9984978437423706 0.049288030713796616 0.138602614402771 -0.06667479872703552 -0.05078627169132233 0.9964813590049744 0.049265503883361816
1403636583.7635555 0.9978989958763123 0.012240629643201828 0.06362167745828629 0.013687092810869217 -0.016857577487826347 0.9972225427627563 0.07254646718502045 0.16932620108127594 -0.06255695968866348 -0.07346655428409576 0.995333731174469 0.05570973455905914
1403636583.8135555 0.9980063438415527 0.006312699057161808 0.06279607862234116 0.014251216314733028 -0.012151013128459454 0.995589017868042 0.09303022176027298 0.1964082419872284 -0.061931829899549484 -0.09360777586698532 0.993681013584137 0.06152917072176933
1403636583.8635557 0.9979862570762634 0.005480234511196613 0.0631915032863617 0.0144572202116251 -0.012301881797611713 0.9940664768218994 0.10807455331087112 0.22097113728523254 -0.062224291265010834 -0.10863427817821503 0.9921324253082275 0.0671326294541359
1403636583.9135554 0.9978947043418884 0.010727563872933388 0.06396038830280304 0.01539759524166584 -0.018268471583724022 0.9927847981452942 0.1185084655880928 0.24225476384162903 -0.06222759559750557 -0.1194274052977562 0.9908909201622009 0.07111436128616333
1403636583.9635556 0.99800044298172 0.016021260991692543 0.06114143505692482 0.015334277413785458 -0.023537222295999527 0.9919702410697937 0.12426193058490753 0.25963935256004333 -0.05865965783596039 -0.12545256316661835 0.9903638958930969 0.07346828281879425
1403636584.0135555 0.9982527494430542 0.018735535442829132 0.05603853240609169 0.014009721577167511 -0.02574421651661396 0.9915571212768555 0.1270890086889267 0.27102482318878174 -0.05318434163928032 -0.12830957770347595 0.9903070330619812 0.07420694828033447
1403636584.0635555 0.9985774755477905 0.021216293796896935 0.048920903354883194 0.012201715260744095 -0.027279116213321686 0.991553008556366 0.12680105865001678 0.276030957698822 -0.045817431062459946 -0.12795518338680267 0.9907210469245911 0.07328470051288605
1403636584.1135554 0.9988552927970886 0.021097885444760323 0.042931195348501205 0.010656988248229027 -0.026405083015561104 0.9915418028831482 0.12707361578941345 0.2736034095287323 -0.03988709673285484 -0.12806174159049988 0.9909637570381165 0.07178431004285812
1403636584.1635556 0.9990081191062927 0.022434143349528313 0.038460809737443924 0.009819046594202518 -0.027172626927495003 0.9914690852165222 0.12747827172279358 0.26359838247299194 -0.03527282923460007 -0.1283969283103943 0.991095244884491 0.0693289190530777
1403636584.2135556 0.999042272567749 0.02360602095723152 0.036838285624980927 0.009100639261305332 -0.028107596561312675 0.9915167093276978 0.12690383195877075 0.24650587141513824 -0.03353008255362511 -0.1278177797794342 0.9912306666374207 0.06588543206453323
1403636584.2635555 0.999004602432251 0.02489294856786728 0.03701251000165939 0.0076700616627931595 -0.02931593358516693 0.9918226003646851 0.12421116977930069 0.22406935691833496 -0.03361786529421806 -0.12517264485359192 0.9915651082992554 0.06080058217048645
1403636584.3135555 0.9989867210388184 0.025241397321224213 0.03725973516702652 0.006109925918281078 -0.029552828520536423 0.9923202991485596 0.12011174857616425 0.19868655502796173 -0.033941805362701416 -0.12109115719795227 0.9920608997344971 0.05556125193834305
1403636584.3635557 0.9988004565238953 0.028496094048023224 0.03981602191925049 0.005386580713093281 -0.032972656190395355 0.9926170706748962 0.11672180891036987 0.16862952709197998 -0.03619594871997833 -0.11789462715387344 0.9923662543296814 0.0502704456448555
1403636584.4135554 0.9982782602310181 0.034379299730062485 0.047522589564323425 0.005760706961154938 -0.03954117372632027 0.9928832054138184 0.11233553290367126 0.13582052290439606 -0.0433223657310009 -0.1140211969614029 0.992533266544342 0.04490314796566963
1403636584.4635556 0.997731626033783 0.03981952369213104 0.05427800118923187 0.006302570924162865 -0.04538916051387787 0.9933747053146362 0.10557670891284943 0.10094335675239563 -0.049714379012584686 -0.10780084133148193 0.992928683757782 0.038587529212236404
1403636584.5135555 0.9974518418312073 0.041782915592193604 0.05782757326960564 0.006153757683932781 -0.047189317643642426 0.9943077564239502 0.09552506357431412 0.06487168371677399 -0.05350710451602936 -0.09801048785448074 0.9937458634376526 0.03268531337380409
1403636584.5635555 0.9972967505455017 0.04091976210474968 0.061031512916088104 0.005825384519994259 -0.04587746039032936 0.9955613613128662 0.08217553794384003 0.02786492556333542 -0.05739802122116089 -0.0847533568739891 0.9947473406791687 0.02575233392417431
1403636584.6135554 0.9970676898956299 0.03950610011816025 0.06554000079631805 0.005439547821879387 -0.043746914714574814 0.9969527125358582 0.06458491832017899 -0.00889925379306078 -0.06278879940509796 -0.06726272404193878 0.9957576394081116 0.019490759819746017
1403636584.6635556 0.9966028928756714 0.03803339600563049 0.07305122166872025 0.004499657545238733 -0.041293978691101074 0.9981929063796997 0.04365448281168938 -0.04406667500734329 -0.07125889509916306 -0.04652276262640953 0.9963723421096802 0.012236694805324078
1403636584.7135556 0.996128499507904 0.038179151713848114 0.07918579131364822 0.0032274401746690273 -0.04004118591547012 0.9989544153213501 0.022061116993427277 -0.07799665629863739 -0.07826073467731476 -0.02514640986919403 0.9966157078742981 0.00428270548582077
1403636584.7635555 0.9955552816390991 0.03775107115507126 0.08628134429454803 0.0029823814984411 -0.03805148974061012 0.9992740750312805 0.0018393546342849731 -0.10919905453920364 -0.08614927530288696 -0.005114312283694744 0.9962691068649292 -0.003640362760052085
1403636584.8135555 0.9952460527420044 0.038100432604551315 0.08963125199079514 0.002014575060456991 -0.03692205622792244 0.9992090463638306 -0.014768926426768303 -0.1367313265800476 -0.09012305736541748 0.011389344930648804 0.9958654642105103 -0.011578140780329704
1403636584.8635557 0.9951618909835815 0.034766681492328644 0.09189140051603317 -0.00030114303808659315 -0.032331034541130066 0.9990887641906738 -0.027863195165991783 -0.15906961262226105 -0.09277639538049698 0.024757450446486473 0.9953791499137878 -0.019497130066156387
1403636584.9135554 0.9953703880310059 0.03173185512423515 0.09072411805391312 -0.0009102438343688846 -0.028422266244888306 0.9988908767700195 -0.03754211962223053 -0.17464549839496613 -0.09181476384401321 0.034789733588695526 0.9951682090759277 -0.024101851508021355
1403636584.9635556 0.9953828454017639 0.026022596284747124 0.09238897264003754 -0.0014058278175070882 -0.022228319197893143 0.9988760352134705 -0.041862744837999344 -0.18793870508670807 -0.09337449073791504 0.03961580619215965 0.9948425889015198 -0.027844268828630447
1403636585.0135555 0.9950999617576599 0.023993240669369698 0.0959191620349884 -0.0011981307761743665 -0.020084558054804802 0.9989361763000488 -0.04150970280170441 -0.19042444229125977 -0.09681309014558792 0.03937980905175209 0.9945232272148132 -0.02747901901602745
1403636585.0635555 0.9948337078094482 0.021205473691225052 0.09927971661090851 -0.0004825384821742773 -0.017451809719204903 0.9991050958633423 -0.03852606564760208 -0.1866505742073059 -0.10000783950090408 0.03659442067146301 0.9943134188652039 -0.025089850649237633
1403636585.1135554 0.9947629570960999 0.020246129482984543 0.10018385946750641 -0.002252311445772648 -0.016988171264529228 0.9993021488189697 -0.033266760408878326 -0.17923897504806519 -0.10078746825456619 0.03139059990644455 0.9944127202033997 -0.02463555708527565
1403636585.1635556 0.994312047958374 0.01879524067044258 0.10483436286449432 -0.0007566448766738176 -0.01595797762274742 0.9994850754737854 -0.02783774957060814 -0.16376031935214996 -0.10530360043048859 0.026006460189819336 0.994100034236908 -0.018181990832090378
1403636585.2135556 0.9937080144882202 0.019241850823163986 0.11033549159765244 0.0018200257327407598 -0.01694396138191223 0.9996203184127808 -0.021726390346884727 -0.1430467665195465 -0.11071167886257172 0.01972016505897045 0.9936569929122925 -0.0106770358979702
1403636585.2635555 0.9928507804870605 0.025464223697781563 0.11661361902952194 0.004426518455147743 -0.02386048249900341 0.9996008276939392 -0.015128261409699917 -0.1210436299443245 -0.11695230007171631 0.01223764568567276 0.9930621981620789 -0.002488825935870409
1403636585.3135555 0.9921555519104004 0.030799616128206253 0.12115494161844254 0.0077180443331599236 -0.029831169173121452 0.9995068907737732 -0.009799554944038391 -0.09572993963956833 -0.12139702588319778 0.006108487024903297 0.992585301399231 0.00639922171831131
1403636585.3635557 0.991445779800415 0.040032319724559784 0.12422909587621689 0.009071987122297287 -0.03988344594836235 0.9991975426673889 -0.0036861691623926163 -0.06937119364738464 -0.12427696585655212 -0.0013000499457120895 0.992246687412262 0.01473911665380001
1403636585.4135554 0.9912606477737427 0.04275602474808693 0.12479738891124725 0.012046419084072113 -0.04344608262181282 0.9990517497062683 0.0028118062764406204 -0.043825920671224594 -0.12455883622169495 -0.008209191262722015 0.9921782612800598 0.022469157353043556
1403636585.4635556 0.9918913841247559 0.04599197208881378 0.11847469210624695 0.014666232280433178 -0.04774615913629532 0.9987872838973999 0.012009345926344395 -0.017540177330374718 -0.11777868866920471 -0.0175686776638031 0.9928843975067139 0.03008170984685421
1403636585.5135555 0.9924392104148865 0.04766622558236122 0.11310309916734695 0.01675638183951378 -0.05054672434926033 0.9984628558158875 0.02273673377931118 0.008427150547504425 -0.11184549331665039 -0.02828182466328144 0.993323028087616 0.03625916689634323
1403636585.5635555 0.9936392307281494 0.04861852526664734 0.10157456994056702 0.017824286594986916 -0.052394408732652664 0.9980185627937317 0.03484097868204117 0.032732535153627396 -0.0996793881058693 -0.03994130715727806 0.9942176938056946 0.03897455707192421
1403636585.6135554 0.9949497580528259 0.04740573838353157 0.08847525715827942 0.0187233816832304 -0.051729023456573486 0.9975438117980957 0.047227583825588226 0.05507912486791611 -0.08601909875869751 -0.05156579986214638 0.994958221912384 0.03964509442448616
1403636585.6635556 0.9961802959442139 0.042931001633405685 0.07603766024112701 0.01879275031387806 -0.04764251783490181 0.9969834089279175 0.06127282977104187 0.07331143319606781 -0.07317778468132019 -0.0646614134311676 0.9952206015586853 0.03793494030833244
1403636585.7135556 0.9972739815711975 0.0373685397207737 0.06362548470497131 0.01830080710351467 -0.042216334491968155 0.9961650371551514 0.07663631439208984 0.08823234587907791 -0.060517676174640656 -0.0791134387254715 0.9950270652770996 0.03452456369996071
1403636585.7635555 0.9979888796806335 0.030711982399225235 0.05545167997479439 0.018508758395910263 -0.03577873855829239 0.9950398206710815 0.09282208979129791 0.0987643226981163 -0.052325859665870667 -0.09461942315101624 0.9941374659538269 0.031243521720170975
1403636585.8135555 0.9986594319343567 0.022400053218007088 0.04666510224342346 0.017467577010393143 -0.02736574597656727 0.9937037229537964 0.10864746570587158 0.10677862167358398 -0.0439375638961792 -0.10977883636951447 0.9929845333099365 0.026869680732488632
1403636585.8635557 0.999112069606781 0.015209818258881569 0.039292111992836 0.016790268942713737 -0.020095553249120712 0.9916853308677673 0.12710821628570557 0.11143344640731812 -0.0370321124792099 -0.12778493762016296 0.9911105036735535 0.022289402782917023
1403636585.9135554 0.9993891716003418 0.008622627705335617 0.03386613354086876 0.016370389610528946 -0.013483235612511635 0.9891878366470337 0.1460338830947876 0.11331168562173843 -0.032240770757198334 -0.1464013308286667 0.9886999130249023 0.01771792396903038
1403636585.9635556 0.999413788318634 0.003154898528009653 0.0340859517455101 0.01623578555881977 -0.008805602788925171 0.985929548740387 0.1669292002916336 0.11474761366844177 -0.03307969123125076 -0.1671314835548401 0.9853795766830444 0.01315433531999588
1403636586.0135555 0.9991726279258728 -0.001924788812175393 0.04062153398990631 0.015757543966174126 -0.0058595286682248116 0.9816423058509827 0.19064125418663025 0.11499392986297607 -0.040242750197649 -0.19072160124778748 0.9808189868927002 0.00998855009675026
1403636586.0635555 0.9985330104827881 -0.005458128172904253 0.0538666695356369 0.01594414748251438 -0.006272968836128712 0.976542592048645 0.215232715010643 0.11462397128343582 -0.05377786234021187 -0.21525487303733826 0.9750760793685913 0.007133195176720619
1403636586.1135554 0.9977470636367798 -0.010739307850599289 0.06622259318828583 0.014929682947695255 -0.005239422433078289 0.9716156721115112 0.23650693893432617 0.11340408027172089 -0.06688281893730164 -0.2363210916519165 0.9693704843521118 0.00410589762032032
1403636586.1635556 0.996971607208252 -0.017619367688894272 0.07574279606342316 0.01319107599556446 -0.002265138551592827 0.9670015573501587 0.25476014614105225 0.11213871836662292 -0.07773211598396301 -0.25416022539138794 0.9640333652496338 0.0014735441654920578
1403636586.2135556 0.9965209364891052 -0.022909007966518402 0.0801309272646904 0.010343409143388271 0.00022585876286029816 0.9622169137001038 0.27228397130966187 0.11020345985889435 -0.083341084420681 -0.27131861448287964 0.9588746428489685 -0.0025792382657527924
1403636586.2635555 0.9963244199752808 -0.026627376675605774 0.08141477406024933 0.007634889800101519 0.0018271906301379204 0.9568475484848022 0.2905845046043396 0.10967367887496948 -0.08563902229070663 -0.2893677353858948 0.9533793926239014 -0.00702807679772377
1403636586.3135555 0.9960746765136719 -0.03390917927026749 0.0817626565694809 0.006358949467539787 0.006890776567161083 0.9506142735481262 0.31029844284057617 0.10844077169895172 -0.08824670314788818 -0.30851709842681885 0.9471165537834167 -0.01196831464767456
1403636586.3635557 0.9957603812217712 -0.040033139288425446 0.08281690627336502 0.005022943019866943 0.010412679985165596 0.9435977935791016 0.33093059062957764 0.10828091949224472 -0.09139401465654373 -0.32866519689559937 0.9400140047073364 -0.018796265125274658
1403636586.4135554 0.9954958558082581 -0.047036055475473404 0.08231379836797714 0.004505419638007879 0.015327966772019863 0.9366753101348877 0.34986335039138794 0.1089199110865593 -0.09355749189853668 -0.3470258414745331 0.9331773519515991 -0.024531789124011993
1403636586.4635556 0.9954813718795776 -0.04840221256017685 0.08169551938772202 0.00485587865114212 0.015025684610009193 0.9297906160354614 0.36778199672698975 0.11004361510276794 -0.09376119077205658 -0.36489254236221313 0.9263164401054382 -0.031045829877257347
1403636586.5135555 0.9955482482910156 -0.047865793108940125 0.08119485527276993 0.006061744876205921 0.013074933551251888 0.9232566356658936 0.38396120071411133 0.11050998419523239 -0.09334228932857513 -0.38119035959243774 0.9197723269462585 -0.036757469177246094
1403636586.5635555 0.995884895324707 -0.04660870507359505 0.07772358506917953 0.008559271693229675 0.012077939696609974 0.918224036693573 0.3958771228790283 0.1106221154332161 -0.08981899917125702 -0.3933093249797821 0.9150083661079407 -0.0417897030711174
1403636586.6135554 0.996138334274292 -0.0464707650244236 0.07449134439229965 0.011816345155239105 0.012494692578911781 0.9148378968238831 0.40362775325775146 0.1086544319987297 -0.08690440654754639 -0.4011383652687073 0.9118857979774475 -0.04538344591856003
1403636586.6635556 0.9961344003677368 -0.04756539687514305 0.07385073602199554 0.016298417001962662 0.013611863367259502 0.9141396880149841 0.40517091751098633 0.10612533241510391 -0.08678198605775833 -0.40259942412376404 0.9112533330917358 -0.04744386300444603
1403636586.7135556 0.99627286195755 -0.046770401298999786 0.07247712463140488 0.020690931007266045 0.01390718761831522 0.9163407683372498 0.4001575708389282 0.10427194088697433 -0.0851292684674263 -0.39765822887420654 0.9135759472846985 -0.04836631566286087
1403636586.7635555 0.9965401887893677 -0.04768548533320427 0.06807132810354233 0.024732301011681557 0.017154786735773087 0.9194098114967346 0.3929269015789032 0.10248485952615738 -0.08132234960794449 -0.3903997838497162 0.9170467257499695 -0.047942280769348145
1403636586.8135555 0.9968215227127075 -0.04732220619916916 0.06408990919589996 0.02970576100051403 0.019044674932956696 0.9226883053779602 0.3850761353969574 0.10060200840234756 -0.07735767215490341 -0.3826315999031067 0.920656681060791 -0.047015681862831116
1403636586.8635557 0.9970139265060425 -0.04492691531777382 0.06280812621116638 0.033084794878959656 0.017856014892458916 0.9254235029220581 0.3785136044025421 0.09980689734220505 -0.07512956112623215 -0.3762618601322174 0.9234623312950134 -0.04495769366621971
1403636586.9135554 0.9973936676979065 -0.03983087092638016 0.060161836445331573 0.035213857889175415 0.01460716687142849 0.928020715713501 0.3722422122955322 0.10023974627256393 -0.07065814733505249 -0.3703932464122772 0.9261837005615234 -0.04310125485062599
1403636586.9635556 0.997712254524231 -0.036181896924972534 0.057106826454401016 0.03583730384707451 0.012646868824958801 0.9297037720680237 0.3680909276008606 0.09960389882326126 -0.06641066819429398 -0.36652663350105286 0.9280344247817993 -0.04089415818452835
1403636587.0135555 0.9981436729431152 -0.030316123738884926 0.052821289747953415 0.03714001178741455 0.008852493949234486 0.9303131699562073 0.3666592836380005 0.0983947142958641 -0.060256026685237885 -0.36551111936569214 0.9288546442985535 -0.0384492389857769
1403636587.0635555 0.998353123664856 -0.02739073522388935 0.05040838569402695 0.03804728388786316 0.006939620710909367 0.929868221282959 0.36782723665237427 0.09783037006855011 -0.056948222219944 -0.3668716549873352 0.9285268783569336 -0.035877250134944916
1403636587.1135554 0.9985302686691284 -0.023115335032343864 0.04902273416519165 0.039467524737119675 0.003240823745727539 0.9283386468887329 0.37172138690948486 0.0971285030245781 -0.05410217121243477 -0.37101611495018005 0.9270491003990173 -0.03355883061885834
1403636587.1635556 0.9986411333084106 -0.020220674574375153 0.04803178831934929 0.042450468987226486 0.0006602304056286812 0.9264925122261047 0.37631261348724365 0.09632561355829239 -0.05211038887500763 -0.3757695257663727 0.9252468943595886 -0.0312718041241169
1403636587.2135556 0.9987149834632874 -0.019320404157042503 0.04685205966234207 0.046269599348306656 0.00011272262781858444 0.9253253936767578 0.3791738748550415 0.09542477130889893 -0.05067918822169304 -0.3786814212799072 0.924138605594635 -0.02837199531495571
1403636587.2635555 0.9986745715141296 -0.020647753030061722 0.04714609682559967 0.05213485658168793 0.0011541983112692833 0.9247589111328125 0.38055160641670227 0.09529218822717667 -0.051456328481435776 -0.379992812871933 0.9235571026802063 -0.02548062987625599
1403636587.3135555 0.9986037015914917 -0.023051654919981956 0.04753195494413376 0.06002187728881836 0.0031467806547880173 0.9241297841072083 0.38206571340560913 0.09411195665597916 -0.05273294076323509 -0.38138270378112793 0.9229119420051575 -0.022098546847701073
