1305031102.175304 1.0 0.0 0.0 0.0 0.0 1.0 0.0 0.0 0.0 0.0 1.0 0.0
1305031102.211214 0.9999762177467346 0.0034293474163860083 -0.005986807402223349 -0.0015972221735864878 -0.0034061139449477196 0.9999866485595703 0.003886695019900799 0.008042416535317898 0.006000056397169828 -0.003866210812702775 0.9999745488166809 0.010927112773060799
1305031102.275326 0.9998506307601929 0.0027226493693888187 -0.017066607251763344 -0.0035623672883957624 -0.0022706349845975637 0.9996475577354431 0.026448966935276985 0.008540719747543335 0.017132604494690895 -0.026406265795230865 0.9995044469833374 0.03518866375088692
1305031102.311267 0.9997367262840271 0.0007601309916935861 -0.022931760177016258 -0.0014742257772013545 7.860616460675374e-05 0.9993317127227783 0.036552295088768005 0.006426870822906494 0.022944221273064613 -0.036544475704431534 0.9990686178207397 0.048762161284685135
1305031102.343233 0.9996627569198608 -0.0029054591432213783 -0.025806639343500137 -0.002651934279128909 0.0039381771348416805 0.9991896152496338 0.04005730152130127 0.007582930848002434 0.025669341906905174 -0.040145423263311386 0.9988640546798706 0.06014367938041687
1305031102.375329 0.9995617866516113 -0.0027373803313821554 -0.029474353417754173 -0.0034953560680150986 0.004038178827613592 0.9990161061286926 0.04416457563638687 0.008204393088817596 0.02932445891201496 -0.04426424205303192 0.9985893964767456 0.07237616926431656
1305031102.411258 0.9994505643844604 -0.0007763676694594324 -0.0331357903778553 -0.006958647631108761 0.0022888467647135258 0.9989557266235352 0.04563138633966446 0.01306217908859253 0.033065762370824814 -0.0456821583211422 0.9984086155891418 0.08321934938430786
1305031102.443271 0.9990836977958679 -0.0013228373136371374 -0.04277779534459114 -0.004556214902549982 0.003621120471507311 0.9985508918762207 0.05369331315159798 0.019623979926109314 0.04264478385448456 -0.05379902198910713 0.9976407885551453 0.09374132007360458
1305031102.475318 0.9987275004386902 -0.0008179240394383669 -0.05042557418346405 -0.00022088782861828804 0.0043438514694571495 0.9975478053092957 0.06985358148813248 0.017823882400989532 0.0502447783946991 -0.06998372077941895 0.9962819814682007 0.10646018385887146
1305031102.511219 0.9988247752189636 0.0022655471693724394 -0.04841453954577446 0.0006372588686645031 0.0015491051599383354 0.9969044327735901 0.07860898226499557 0.01935548335313797 0.04844275861978531 -0.07859160751104355 0.9957292079925537 0.11970971524715424
1305031102.575286 0.999031662940979 0.008972768671810627 -0.04307231679558754 0.00036361347883939743 -0.0048524243757128716 0.9954817295074463 0.09482889622449875 0.01332627609372139 0.043728578835725784 -0.09452807903289795 0.9945613145828247 0.14488372206687927
1305031102.611233 0.9993322491645813 0.007352209184318781 -0.03579111769795418 -0.002005314454436302 -0.004084209445863962 0.9958845973014832 0.09053836762905121 0.011043351143598557 0.036309484392404556 -0.09033172577619553 0.9952495694160461 0.15673834085464478
1305031102.675285 0.9993722438812256 0.0029069678857922554 -0.03530903160572052 -0.0074996049515903 0.0001446260721422732 0.9962850213050842 0.08611685037612915 0.021483169868588448 0.03542819246649742 -0.08606790751218796 0.9956591129302979 0.17989903688430786
1305031102.711263 0.9993455410003662 0.0007547015557065606 -0.03616786003112793 -0.007685116026550531 0.0024445171002298594 0.9960883855819702 0.08832889050245285 0.021326355636119843 0.03609304875135422 -0.08835949003696442 0.9954344630241394 0.19326765835285187
1305031102.743234 0.9993047118186951 -0.002883312990888953 -0.03717279061675072 -0.007484368979930878 0.006112699396908283 0.9961845874786377 0.08705659955739975 0.029285751283168793 0.03677994757890701 -0.08722330629825592 0.9955095648765564 0.2048456221818924
1305031102.775472 0.999389111995697 0.0009863999439403415 -0.03493731468915939 -0.004774611443281174 0.002214017789810896 0.995807409286499 0.09144748002290726 0.030172282829880714 0.03488104045391083 -0.09146896749734879 0.9951968193054199 0.2183944582939148
1305031102.811232 0.9996374845504761 0.002763553289696574 -0.026781467720866203 -0.007510743569582701 -0.000250356737524271 0.9956293702125549 0.0933932363986969 0.03333032876253128 0.026922503486275673 -0.09335269033908844 0.9952690005302429 0.23043450713157654
1305031102.84329 0.9997028112411499 0.00413387268781662 -0.024024995043873787 -0.003241444705054164 -0.0018098083091899753 0.9953831434249878 0.09596329182386398 0.0353509820997715 0.024310776963829994 -0.09589128196239471 0.995094895362854 0.24446164071559906
1305031102.875363 0.9998540878295898 0.008283624425530434 -0.01493371743708849 -0.007629538420587778 -0.0068338424898684025 0.9954875707626343 0.09464496374130249 0.037426531314849854 0.01565033197402954 -0.09452910721302032 0.9953991174697876 0.25622445344924927
1305031102.911185 0.9998636841773987 0.010673468001186848 -0.012595093809068203 -0.007518158294260502 -0.00946323573589325 0.9956660270690918 0.09251730889081955 0.04166429862380028 0.013527988456189632 -0.09238550066947937 0.9956313967704773 0.26786068081855774
1305031102.975203 0.9997534155845642 0.014500828459858894 -0.016820283606648445 -0.022422218695282936 -0.01288578100502491 0.9956346750259399 0.0924433022737503 0.04790603369474411 0.01808736100792885 -0.0922037735581398 0.9955758452415466 0.2889341413974762
1305031103.011215 0.9994713664054871 0.009787101298570633 -0.031001735478639603 -0.021323684602975845 -0.006836891174316406 0.9955602288246155 0.09387771785259247 0.0515814870595932 0.031782884150743484 -0.09361612796783447 0.9951009154319763 0.2997974753379822
1305031103.043227 0.9991028904914856 0.005826354958117008 -0.04194553941488266 -0.02284889854490757 -0.0017497431254014373 0.9953240752220154 0.09657612442970276 0.055118054151535034 0.04231209307909012 -0.09641608595848083 0.9944412708282471 0.3109618127346039
1305031103.075319 0.9987025260925293 0.0015052619855850935 -0.05090245604515076 -0.018088892102241516 0.0034878267906606197 0.9951940178871155 0.09786029905080795 0.05410568043589592 0.05080512911081314 -0.09791086614131927 0.9938974976539612 0.32243841886520386
1305031103.11124 0.9987315535545349 -0.001275442074984312 -0.05033581703901291 -0.01845402456820011 0.00595446303486824 0.9956560730934143 0.09291613847017288 0.06144808232784271 0.049998652189970016 -0.093097984790802 0.9944007992744446 0.32932451367378235
1305031103.143318 0.9986795783042908 -0.0037161109503358603 -0.051237426698207855 -0.017796827480196953 0.008603428490459919 0.9953924417495728 0.09549816697835922 0.0636838972568512 0.05064646154642105 -0.09581288695335388 0.9941100478172302 0.3381770849227905
1305031103.175452 0.9988473653793335 -0.004780201707035303 -0.047760650515556335 -0.018669262528419495 0.009292342700064182 0.9954620599746704 0.09470397233963013 0.0695808082818985 0.04709120839834213 -0.09503862261772156 0.9943591356277466 0.34573298692703247
1305031103.243216 0.9987037181854248 -0.014109154231846333 -0.048904579132795334 -0.019309284165501595 0.01962566375732422 0.9932610392570496 0.1142255887389183 0.08009666949510574 0.04696337878704071 -0.11503731459379196 0.992250382900238 0.36165308952331543
1305031103.27537 0.9985200762748718 -0.020947402343153954 -0.05018742009997368 -0.025866545736789703 0.027466941624879837 0.9907408952713013 0.13295848667621613 0.08074285835027695 0.04693759232759476 -0.1341402232646942 0.9898501038551331 0.36690664291381836
1305031103.31121 0.9974538087844849 -0.01804468035697937 -0.06899511814117432 -0.02576940320432186 0.028223341330885887 0.9883541464805603 0.14953148365020752 0.07461822777986526 0.06549336016178131 -0.15109801292419434 0.9863467812538147 0.3731083869934082
1305031103.343223 0.9965186715126038 -0.017404355108737946 -0.08153317868709564 -0.018766621127724648 0.029518820345401764 0.9882715344429016 0.14982642233371735 0.07661214470863342 0.07796928286552429 -0.1517115831375122 0.9853448271751404 0.3750440180301666
1305031103.375327 0.9965837597846985 -0.02101731486618519 -0.07986839860677719 -0.01699942722916603 0.033476632088422775 0.9868679642677307 0.15802186727523804 0.07486952841281891 0.07549837231636047 -0.1601557433605194 0.9842002391815186 0.37557774782180786
1305031103.41126 0.9966345429420471 -0.023593373596668243 -0.07850394397974014 -0.017972111701965332 0.036177314817905426 0.9859687089920044 0.16296300292015076 0.0705496147274971 0.07355757802724838 -0.1652546226978302 0.9835039973258972 0.3751414120197296
1305031103.44328 0.9964156746864319 -0.02236475795507431 -0.08158201724290848 -0.019860953092575073 0.03554210066795349 0.9858463406562805 0.16384121775627136 0.06783419102430344 0.07676304876804352 -0.16615355014801025 0.9831075072288513 0.3707094192504883
1305031103.475274 0.996162474155426 -0.017387524247169495 -0.08577835559844971 -0.02008921466767788 0.031311485916376114 0.9860029220581055 0.16376136243343353 0.06430045515298843 0.08173031359910965 -0.16581875085830688 0.9827635884284973 0.36665335297584534
1305031103.511333 0.9958921074867249 -0.013451308012008667 -0.08954283595085144 -0.018490012735128403 0.02785344608128071 0.986463725566864 0.161596417427063 0.05798879638314247 0.08615706861019135 -0.16342663764953613 0.982786238193512 0.3599020540714264
1305031103.543444 0.9957473278045654 -0.009430918842554092 -0.09164120256900787 -0.018167808651924133 0.02351623773574829 0.9878122210502625 0.15386371314525604 0.05325780436396599 0.08907322585582733 -0.15536445379257202 0.9838331341743469 0.3519144058227539
1305031103.575474 0.9955958127975464 -0.01014709286391735 -0.0931977778673172 -0.019817370921373367 0.023595593869686127 0.9892444014549255 0.1443566530942917 0.05137791112065315 0.09073058515787125 -0.14591994881629944 0.9851270318031311 0.34224390983581543
1305031103.611223 0.9949910640716553 -0.012529016472399235 -0.09917500615119934 -0.02049291878938675 0.026449082419276237 0.989753246307373 0.14031729102134705 0.04630570858716965 0.09640074521303177 -0.14223751425743103 0.9851270914077759 0.33232584595680237
1305031103.643445 0.9942785501480103 -0.01192714087665081 -0.10615046322345734 -0.02084970660507679 0.02625088021159172 0.9905543923377991 0.1345844715833664 0.04208618402481079 0.10354259610176086 -0.13660100102424622 0.9851999878883362 0.3207271993160248
1305031103.675523 0.9933550357818604 -0.014611927792429924 -0.11415860056877136 -0.01643763855099678 0.02940468303859234 0.9912092089653015 0.12899434566497803 0.03892703354358673 0.11127020418643951 -0.1314939707517624 0.9850524067878723 0.3098782002925873
1305031103.71161 0.9929764866828918 -0.01467097271233797 -0.11739782989025116 -0.013644933700561523 0.02936660870909691 0.9917916059494019 0.12444701790809631 0.035219937562942505 0.11460840702056885 -0.12702055275440216 0.9852566719055176 0.29784438014030457
1305031103.743326 0.9929686188697815 -0.013221018016338348 -0.11763640493154526 -0.011035222560167313 0.02769051305949688 0.9921150803565979 0.12223290652036667 0.027206866070628166 0.11509279906749725 -0.1246308907866478 0.9855053424835205 0.2850648760795593
1305031103.775342 0.9932171702384949 -0.007430294994264841 -0.116036057472229 -0.01038842648267746 0.020923150703310966 0.9930869936943054 0.11550120264291763 0.025071527808904648 0.11437568068504333 -0.11714562773704529 0.9865065217018127 0.26984867453575134
1305031103.811242 0.99365234375 -0.0006079514278098941 -0.11249242722988129 -0.011234037578105927 0.01364525780081749 0.9932529926300049 0.1151614636182785 0.024507353082299232 0.11166344583034515 -0.11596545577049255 0.9869565963745117 0.2579340934753418
1305031103.843251 0.9939502477645874 0.003806217573583126 -0.10976549983024597 -0.014283621683716774 0.009613268077373505 0.9925488233566284 0.12146773934364319 0.023902902379631996 0.10940994322299957 -0.12178810685873032 0.9865074753761292 0.24470412731170654
1305031103.875361 0.993401825428009 0.01169485505670309 -0.11408860981464386 -0.015731684863567352 0.004177632741630077 0.9904369115829468 0.13790230453014374 0.012574685737490654 0.11461032927036285 -0.13746902346611023 0.9838529825210571 0.23245999217033386
1305031103.911221 0.9921590685844421 0.01632259041070938 -0.1239107996225357 -0.01202267687767744 0.0002749837003648281 0.9911476969718933 0.13276423513889313 0.00896494835615158 0.12498095631599426 -0.13175730407238007 0.9833716154098511 0.21666859090328217
1305031103.943211 0.9915065169334412 0.017528800293803215 -0.12887029349803925 -0.01104714535176754 -0.0006656330078840256 0.9915467500686646 0.12974783778190613 0.005426788702607155 0.1300552636384964 -0.12856005132198334 0.983136773109436 0.20311683416366577
1305031103.975373 0.9906843304634094 0.019640224054455757 -0.13475394248962402 -0.00672508217394352 -0.002351159229874611 0.9918642044067383 0.12727776169776917 -0.0005014557391405106 0.13615739345550537 -0.1257752627134323 0.9826707243919373 0.1901567429304123
1305031104.011232 0.9907838702201843 0.02092716656625271 -0.1338256597518921 -0.004915978759527206 -0.0043312967754900455 0.9923825263977051 0.12311818450689316 -0.008831990882754326 0.1353827714920044 -0.12140386551618576 0.9833272695541382 0.17798082530498505
1305031104.043249 0.9915011525154114 0.02339775674045086 -0.127977192401886 -0.0018958225846290588 -0.009486759081482887 0.9940788149833679 0.10824649035930634 -0.011004244908690453 0.12975214421749115 -0.10611242800951004 0.9858521223068237 0.16212669014930725
1305031104.075425 0.9924634695053101 0.02723531611263752 -0.11947652697563171 0.0011746995151042938 -0.015273207798600197 0.9948785305023193 0.0999169647693634 -0.011280333623290062 0.1215859055519104 -0.09733913093805313 0.9877965450286865 0.14684148132801056
1305031104.111235 0.9933681488037109 0.029020942747592926 -0.11125539243221283 0.006465488113462925 -0.01834816299378872 0.9952333569526672 0.09578079730272293 -0.017451567575335503 0.11350472271442413 -0.09310425817966461 0.9891654253005981 0.13592614233493805
1305031104.14323 0.9947744607925415 0.03125482052564621 -0.09719565510749817 0.0036924779415130615 -0.022781051695346832 0.9959389567375183 0.08710143715143204 -0.022934317588806152 0.09952327609062195 -0.08443207293748856 0.9914466142654419 0.11971334367990494
1305031104.175424 0.9954200983047485 0.03183445706963539 -0.09014132618904114 0.0029800618067383766 -0.024834709241986275 0.9966645836830139 0.07773679494857788 -0.02417295053601265 0.09231537580490112 -0.07514213025569916 0.9928905367851257 0.1058763861656189
1305031104.211283 0.9958644509315491 0.0319405272603035 -0.08505350351333618 0.0036591109819710255 -0.02582244575023651 0.9970641732215881 0.0720851793885231 -0.03126660734415054 0.08710624277591705 -0.06959076225757599 0.9937654137611389 0.09246732294559479
1305031104.243196 0.9962676167488098 0.03169228509068489 -0.08028995990753174 0.0036857156082987785 -0.026810534298419952 0.9977675080299377 0.061166610568761826 -0.031714923679828644 0.08204920589923859 -0.058785680681467056 0.9948930740356445 0.07926648110151291
1305031104.275546 0.9965885877609253 0.03290418162941933 -0.07568733394145966 0.004805031232535839 -0.02905000001192093 0.9982517957687378 0.05147171765565872 -0.03259669989347458 0.07724863290786743 -0.049097418785095215 0.9958022236824036 0.06648824363946915
1305031104.311219 0.9969797730445862 0.03250543773174286 -0.07053206115961075 0.007144399452954531 -0.029422637075185776 0.9985842108726501 0.0443151518702507 -0.034548524767160416 0.07187269628047943 -0.04210609197616577 0.9965246915817261 0.054409515112638474
1305031104.343342 0.997412919998169 0.03099314495921135 -0.064862459897995 0.01166653074324131 -0.028588885441422462 0.9988809823989868 0.03767268359661102 -0.03486602380871773 0.06595748662948608 -0.035720884799957275 0.9971828460693359 0.04341729357838631
1305031104.375837 0.9980575442314148 0.03081827238202095 -0.05414346605539322 0.010051094926893711 -0.02898397296667099 0.9989897012710571 0.03434325009584427 -0.036557987332344055 0.055147163569927216 -0.03270724415779114 0.9979423880577087 0.03210236132144928
1305031104.411509 0.9985661506652832 0.030260523781180382 -0.04415880888700485 0.005766634829342365 -0.028935234993696213 0.9991204142570496 0.030348651111125946 -0.03612838312983513 0.04503835737705231 -0.029027380049228668 0.9985634684562683 0.021924065425992012
1305031104.443288 0.9988076686859131 0.030796613544225693 -0.03787954896688461 -0.0007547253044322133 -0.029730720445513725 0.9991547465324402 0.028387725353240967 -0.03534014895558357 0.038721777498722076 -0.027227694168686867 0.9988790154457092 0.012554970569908619
1305031104.475456 0.9988358616828918 0.029528239741921425 -0.038145512342453 -0.005728510208427906 -0.02842622622847557 0.999171793460846 0.029116136953234673 -0.03654661402106285 0.03897366672754288 -0.027997909113764763 0.9988479018211365 0.0022807384375482798
1305031104.511329 0.998665452003479 0.02640487812459469 -0.04438716173171997 -0.004649734124541283 -0.02513226680457592 0.9992637634277344 0.028988264501094818 -0.04065927490592003 0.045119915157556534 -0.027834028005599976 0.998593807220459 -0.00599333643913269
1305031104.543368 0.9984487891197205 0.02475077472627163 -0.04987664148211479 -0.002027857583016157 -0.023650771006941795 0.9994664192199707 0.022525403648614883 -0.042400289326906204 0.05040755867958069 -0.021310841664671898 0.9985013008117676 -0.014411396346986294
1305031104.575343 0.9983208179473877 0.022104838863015175 -0.053543560206890106 0.006129022222012281 -0.02123166434466839 0.9996330142021179 0.016822047531604767 -0.04872005805373192 0.05389576777815819 -0.015656981617212296 0.9984238743782043 -0.021902289241552353
1305031104.611336 0.998614490032196 0.01729534938931465 -0.04969792068004608 0.016818160191178322 -0.017122501507401466 0.9998457431793213 0.0039016432128846645 -0.06154976040124893 0.049757733941078186 -0.003045284189283848 0.9987567663192749 -0.03146662563085556
1305031104.643243 0.9992561340332031 0.018000541254878044 -0.03410562500357628 0.016557930037379265 -0.018766174092888832 0.9995760917663574 -0.02226337417960167 -0.05808056890964508 0.03369041532278061 0.022886842489242554 0.9991702437400818 -0.042849719524383545
1305031104.675525 0.9996983408927917 0.013632852584123611 -0.020430179312825203 0.020848292857408524 -0.014509778469800949 0.9989520907402039 -0.04340822622179985 -0.06255953758955002 0.019816994667053223 0.043691568076610565 0.9988484978675842 -0.0509469099342823
1305031104.711277 0.9999341368675232 0.011076021939516068 -0.0030256174504756927 0.01808132603764534 -0.011262780986726284 0.9974173307418823 -0.07093469053506851 -0.06380517780780792 0.0022321343421936035 0.07096409052610397 0.9974763989448547 -0.06309431046247482
1305031104.74328 0.9999423027038574 0.006426393520087004 0.008604221045970917 0.02244807407259941 -0.005555431358516216 0.9952024221420288 -0.09767882525920868 -0.062068529427051544 -0.009190663695335388 0.09762538224458694 0.9951807260513306 -0.07159853726625443
1305031104.775327 0.9997161626815796 0.0033445986919105053 0.02358708344399929 0.022905487567186356 -0.000433585635619238 0.9924862384796143 -0.12235535681247711 -0.06073132902383804 -0.0238190870732069 0.12231040745973587 0.9922060370445251 -0.08184131979942322
1305031104.811465 0.9993686079978943 -0.0011608158238232136 0.03550837188959122 0.026068560779094696 0.006285470444709063 0.9894767999649048 -0.14455470442771912 -0.05672159418463707 -0.034966908395290375 0.14468663930892944 0.9888594746589661 -0.08907469362020493
1305031104.843258 0.9987244606018066 -0.004631079733371735 0.050278522074222565 0.023282213136553764 0.012853049673140049 0.9862992763519287 -0.16446435451507568 -0.04808881878852844 -0.04882802814245224 0.16490080952644348 0.9851008057594299 -0.09413633495569229
1305031104.87535 0.9983062744140625 -0.007760765962302685 0.05765654146671295 0.0209883451461792 0.017770808190107346 0.9843730330467224 -0.17519640922546387 -0.044964201748371124 -0.05539589375257492 0.17592430114746094 0.9828437566757202 -0.09959903359413147
1305031104.911534 0.9981768131256104 -0.012297192588448524 0.05909103527665138 0.022943668067455292 0.022724010050296783 0.9835547208786011 -0.17917469143867493 -0.04338107258081436 -0.05591593310236931 0.1801908165216446 0.98204106092453 -0.10191784799098969
1305031104.943262 0.9980433583259583 -0.013962000608444214 0.06094653904438019 0.022802840918302536 0.024919793009757996 0.9828097224235535 -0.18293148279190063 -0.03859265148639679 -0.057344771921634674 0.18409234285354614 0.9812347888946533 -0.1018097773194313
1305031104.975202 0.9981053471565247 -0.01519039086997509 0.05962162837386131 0.02149789221584797 0.02583860233426094 0.9829362034797668 -0.18212290108203888 -0.03261680528521538 -0.05583773925900459 0.18331840634346008 0.98146653175354 -0.09877070784568787
1305031105.01129 0.9981487989425659 -0.0163633543998003 0.05857481062412262 0.021389145404100418 0.026380933821201324 0.9842900633811951 -0.17457690834999084 -0.026957014575600624 -0.0547979511320591 0.17579904198646545 0.9828997254371643 -0.09106399118900299
1305031105.043373 0.9982340931892395 -0.014090146869421005 0.057707883417606354 0.020054038614034653 0.023354053497314453 0.9863237738609314 -0.16315558552742004 -0.025798164308071136 -0.05461977794766426 0.16421520709991455 0.9849111437797546 -0.08486679196357727
1305031105.07532 0.9984493255615234 -0.01163509115576744 0.05443861335515976 0.021216467022895813 0.019633177667856216 0.9886752367019653 -0.14878049492835999 -0.02585276961326599 -0.052091047167778015 0.14961861073970795 0.9873706698417664 -0.07293909788131714
1305031105.111299 0.9985305070877075 -0.007870388217270374 0.053615279495716095 0.017581762745976448 0.015135920606553555 0.990526020526886 -0.13648827373981476 -0.028027556836605072 -0.05203311890363693 0.1370992362499237 0.9891898036003113 -0.06346789002418518
1305031105.143106 0.9987443685531616 -0.004326516762375832 0.04990851879119873 0.012041650712490082 0.010754364542663097 0.9915531277656555 -0.1292542666196823 -0.015272213146090508 -0.048927731812000275 0.1296287178993225 0.9903547167778015 -0.05010532587766647
1305031105.175159 0.9991528987884521 -0.0015745435375720263 0.041120052337646484 0.012863162904977798 0.005911741405725479 0.9943943023681641 -0.10556934773921967 -0.008395128883421421 -0.040723323822021484 0.10572303086519241 0.9935614466667175 -0.035491615533828735
1305031105.211268 0.9993231892585754 0.005350567866116762 0.036392368376255035 0.0046685198321938515 -0.0024915672838687897 0.9969379305839539 -0.07815656810998917 -0.01577734760940075 -0.036699119955301285 0.07801301032304764 0.9962766766548157 -0.02276781015098095
1305031105.24327 0.9996034502983093 0.00781983695924282 0.027049386873841286 -0.00025429940433241427 -0.0061327433213591576 0.9980634450912476 -0.06190095469355583 -0.014029724523425102 -0.02748105861246586 0.06171051412820816 0.9977157711982727 -0.010739963501691818
1305031105.275288 0.9997899532318115 0.011959732510149479 0.01664518192410469 -0.007231283001601696 -0.011232582852244377 0.9990070462226868 -0.043113674968481064 -0.00887697096914053 -0.01714426651597023 0.042917650192976 0.9989314675331116 0.0033797717187553644
1305031105.31129 0.9998897910118103 0.014291584491729736 0.004017524421215057 -0.012083597481250763 -0.014205321669578552 0.9996840953826904 -0.02073695696890354 -0.012800244614481926 -0.004312619566917419 0.020677603781223297 0.9997768402099609 0.01645766571164131
1305031105.343302 0.9998553395271301 0.01449031662195921 -0.008909560739994049 -0.012302009388804436 -0.014506016857922077 0.999893307685852 -0.001700081629678607 -0.017910661175847054 0.008883976377546787 0.0018290779553353786 0.999958872795105 0.030220305547118187
1305031105.375338 0.9997274875640869 0.014754368923604488 -0.018091442063450813 -0.014689094386994839 -0.014666960574686527 0.9998801350593567 0.004954706411808729 -0.01754678413271904 0.018162377178668976 -0.00468800961971283 0.999824047088623 0.04523906484246254
1305031105.411286 0.9994759559631348 0.016130805015563965 -0.028065674006938934 -0.015345834195613861 -0.01577265001833439 0.9997919201850891 0.012936181388795376 -0.009638742543756962 0.028268516063690186 -0.012486733496189117 0.99952232837677 0.058853667229413986
1305031105.443316 0.999172031879425 0.017799433320760727 -0.03658532351255417 -0.01597297191619873 -0.016720129176974297 0.9994220733642578 0.029598157852888107 -0.014307137578725815 0.03709101304411888 -0.028961941599845886 0.9988921284675598 0.07475139945745468
1305031105.47528 0.9988915324211121 0.01756976917386055 -0.04367056488990784 -0.015940247103571892 -0.0160230603069067 0.9992405772209167 0.03551888093352318 -0.011949901469051838 0.044261470437049866 -0.03477977588772774 0.9984143376350403 0.08764331042766571
1305031105.511332 0.9985689520835876 0.017424525693058968 -0.05056092143058777 -0.014024431817233562 -0.015166617929935455 0.9988852143287659 0.04470226913690567 -0.009847927838563919 0.05128347501158714 -0.04387146234512329 0.9977200627326965 0.10170384496450424
1305031105.543282 0.9985241889953613 0.01569838635623455 -0.0519905760884285 -0.01444518193602562 -0.012903647497296333 0.9984758496284485 0.053660787642002106 -0.011445196345448494 0.05275372043251991 -0.05291073024272919 0.9972048401832581 0.11605957895517349
1305031105.575449 0.998417854309082 0.015608003363013268 -0.05402078479528427 -0.015961123630404472 -0.012422052212059498 0.9981914758682251 0.05881764739751816 -0.009380785748362541 0.05484111234545708 -0.05805354192852974 0.9968060255050659 0.12948434054851532
1305031105.611378 0.9982355237007141 0.01380983553826809 -0.05775076150894165 -0.013593398034572601 -0.009947946295142174 0.9977279901504517 0.06663225591182709 -0.01228678785264492 0.0585397332906723 -0.06594018638134003 0.9961049556732178 0.14505133032798767
1305031105.643273 0.9983561635017395 0.008831228129565716 -0.05663030594587326 -0.016840368509292603 -0.005031777545809746 0.9977478981018066 0.0668870136141777 -0.009612846188247204 0.05709346756339073 -0.06649211049079895 0.9961521625518799 0.15971556305885315
1305031105.711309 0.9982040524482727 0.0066819097846746445 -0.05953323096036911 -0.008620111271739006 -0.00243143062107265 0.997460126876831 0.07118501514196396 -0.01033714972436428 0.05985768139362335 -0.0709124207496643 0.9956849813461304 0.1881844401359558
1305031105.743312 0.9986899495124817 0.0057861595414578915 -0.050842784345149994 -0.009366560727357864 -0.0024779101368039846 0.9978891611099243 0.06489183753728867 -0.0034095263108611107 0.05111095309257507 -0.06468082219362259 0.9965962767601013 0.20055030286312103
1305031105.775339 0.9990063905715942 0.004963226150721312 -0.04429171234369278 -0.005421730689704418 -0.0018998332088813186 0.9976189136505127 0.06893984228372574 -0.005586391314864159 0.04452842101454735 -0.06878717988729477 0.9966371059417725 0.21624602377414703
1305031105.811283 0.9994296431541443 0.00318682799115777 -0.03362162783741951 -0.006531308405101299 -0.0010074540041387081 0.9979081749916077 0.0646393746137619 -0.0023579485714435577 0.0337572917342186 -0.06456862390041351 0.9973421096801758 0.23086820542812347
1305031105.843271 0.9995599985122681 0.0007949966238811612 -0.029649317264556885 -0.0020454456098377705 0.0009868427878245711 0.9981958866119385 0.060034140944480896 0.0016280552372336388 0.029643550515174866 -0.06003696843981743 0.9977559447288513 0.24547643959522247
1305031105.875337 0.9997913837432861 -0.0038124797865748405 -0.020064929500222206 -0.0009854878298938274 0.004924371372908354 0.9984375834465027 0.05566040426492691 0.00952806044369936 0.019821375608444214 -0.05574759468436241 0.9982481002807617 0.25868362188339233
1305031105.911262 0.9998413324356079 -0.013530667871236801 -0.011586074717342854 -0.0016127291601151228 0.014216076582670212 0.9980195760726929 0.06127595156431198 0.012852953746914864 0.010734021663665771 -0.06143093481659889 0.9980536103248596 0.27242398262023926
1305031105.943272 0.9998351335525513 -0.017620984464883804 -0.004377737175673246 -0.0023336352314800024 0.01786784827709198 0.9977363348007202 0.06482882052659988 0.01863226108253002 0.0032254783436656 -0.06489633768796921 0.9978867769241333 0.28498417139053345
1305031105.975329 0.9997767210006714 -0.02112857811152935 -0.0004941988736391068 -0.0023327842354774475 0.02110930345952511 0.9971800446510315 0.07201601564884186 0.024196051061153412 -0.0010287929326295853 -0.07201036065816879 0.9974033832550049 0.2977595925331116
1305031106.011285 0.999692440032959 -0.024629155173897743 0.0028884103521704674 -0.0010886964155361056 0.02431873045861721 0.9964885711669922 0.08011943101882935 0.02830689027905464 -0.00485154427587986 -0.08002454042434692 0.9967811107635498 0.3104821443557739
1305031106.043355 0.9995999336242676 -0.027294710278511047 0.0074215419590473175 -0.0022330896463245153 0.02653110772371292 0.9957166910171509 0.08856786042451859 0.03218958526849747 -0.009807188995182514 -0.08833552896976471 0.9960424900054932 0.32212305068969727
1305031106.07533 0.9994926452636719 -0.03013594076037407 0.01030644215643406 -0.00473097525537014 0.02901657298207283 0.9950112700462341 0.09544982016086578 0.03671795874834061 -0.013131501153111458 -0.09510233998298645 0.9953808784484863 0.33365222811698914
1305031106.111327 0.9994317293167114 -0.03218439593911171 0.0100127337500453 -0.00599396787583828 0.030987653881311417 0.9942270517349243 0.10272476822137833 0.04411567375063896 -0.013261064887046814 -0.10235612839460373 0.994659423828125 0.3434522747993469
1305031106.143355 0.9993317127227783 -0.035811249166727066 0.007329421117901802 -0.007967425510287285 0.034706152975559235 0.9924939274787903 0.11726615577936172 0.04546273499727249 -0.011473855003714561 -0.11693340539932251 0.9930734634399414 0.3546496629714966
1305031106.175534 0.9992802143096924 -0.03772950917482376 0.003954139072448015 -0.00885081011801958 0.03692967817187309 0.9913199543952942 0.1261780560016632 0.04688699170947075 -0.008680453523993492 -0.125941202044487 0.9919997453689575 0.36476945877075195
1305031106.211275 0.9992409944534302 -0.03890661522746086 0.0018797004595398903 -0.010509585030376911 0.0383024737238884 0.9902099370956421 0.13422855734825134 0.046242278069257736 -0.007083678152412176 -0.13405470550060272 0.9909486174583435 0.37426409125328064
1305031106.243267 0.9989676475524902 -0.045425958931446075 -9.400956332683563e-05 -0.012506845407187939 0.04503383859992027 0.9900689125061035 0.13317447900772095 0.04986847937107086 -0.005956503562629223 -0.13304124772548676 0.9910925626754761 0.38182997703552246
1305031106.276385 0.998897135257721 -0.04679200053215027 -0.0038795722648501396 -0.013477995991706848 0.04689303785562515 0.9900602698326111 0.13259585201740265 0.0564911924302578 -0.002363414503633976 -0.13263152539730072 0.9911625385284424 0.38815921545028687
1305031106.311238 0.9985165596008301 -0.05384301021695137 -0.008101966232061386 -0.012871887534856796 0.05444708094000816 0.9886667728424072 0.13990525901317596 0.05952354520559311 0.00047722458839416504 -0.14013884961605072 0.9901318550109863 0.3936041593551636
1305031106.343258 0.9985529780387878 -0.05292800813913345 -0.009514275006949902 -0.014681755565106869 0.05374819412827492 0.9880101680755615 0.1447308212518692 0.06813564896583557 0.0017398844938725233 -0.14503277838230133 0.9894253015518188 0.39609450101852417
1305031106.375388 0.9991804361343384 -0.03860064595937729 -0.01218281127512455 -0.010427994653582573 0.0400676466524601 0.9859248399734497 0.16231682896614075 0.06902000308036804 0.005745802074670792 -0.16267196834087372 0.9866634607315063 0.3982117176055908
1305031106.41132 0.9995810389518738 -0.0287479180842638 -0.003368907142430544 -0.007692905142903328 0.02888168953359127 0.9829561710357666 0.18155711889266968 0.06051811948418617 -0.0019079004414379597 -0.1815783679485321 0.9833745956420898 0.4001529812812805
1305031106.443278 0.999738872051239 -0.020115965977311134 0.010839555412530899 -0.01421336643397808 0.017764946445822716 0.9825795292854309 0.18499167263507843 0.056523993611335754 -0.01437200978398323 -0.18475082516670227 0.9826803207397461 0.39885106682777405
1305031106.475345 0.9997881650924683 -0.016962382942438126 0.011657229624688625 -0.0174926295876503 0.014513390138745308 0.9826204776763916 0.1850573718547821 0.054282695055007935 -0.014593644067645073 -0.18484899401664734 0.9826585054397583 0.395368367433548
1305031106.511129 0.9998570680618286 -0.01606401801109314 0.0052687739953398705 -0.018656237050890923 0.014832446351647377 0.9830814003944397 0.1825675070285797 0.04987230896949768 -0.008112399838864803 -0.18246324360370636 0.9831791520118713 0.3896464407444
1305031106.543302 0.9998836517333984 -0.014244954101741314 -0.005446594208478928 -0.015765514224767685 0.014978950843214989 0.9844207167625427 0.17518945038318634 0.04799196496605873 0.0028661759570240974 -0.17525069415569305 0.9845197200775146 0.38098394870758057
1305031106.575282 0.9998859167098999 -0.012032296508550644 -0.00913423951715231 -0.01551175955682993 0.013414771296083927 0.9852458834648132 0.17061761021614075 0.04414016380906105 0.006946551613509655 -0.17072071135044098 0.9852949380874634 0.3700384795665741
1305031106.611151 0.9998957514762878 -0.00474733579903841 -0.013636424206197262 -0.01747152954339981 0.006977662444114685 0.9856787323951721 0.16848984360694885 0.04376228526234627 0.012641257606446743 -0.1685674786567688 0.9856090545654297 0.35841643810272217
1305031106.643207 0.9998205304145813 -2.1750922314822674e-05 -0.01894087716937065 -0.016910621896386147 0.0032552583143115044 0.9853173494338989 0.17070189118385315 0.03669499605894089 0.018659062683582306 -0.17073296010494232 0.9851406216621399 0.3475847840309143
1305031106.675279 0.9997719526290894 0.0002614874392747879 -0.021353403106331825 -0.021740980446338654 0.003286076709628105 0.9861319661140442 0.16593074798583984 0.03558526933193207 0.021100662648677826 -0.1659630835056305 0.985906183719635 0.3345458209514618
1305031106.711508 0.9993882775306702 0.002115197479724884 -0.03490973263978958 -0.020521223545074463 0.0038749868981540203 0.9853269457817078 0.17063376307487488 0.030479099601507187 0.03475841507315636 -0.17066463828086853 0.9847159385681152 0.3234406113624573
1305031106.743341 0.998999297618866 0.002920137019827962 -0.04463054984807968 -0.023608962073922157 0.004607907962054014 0.9858366250991821 0.16764457523822784 0.02656150795519352 0.044487979263067245 -0.1676824539899826 0.9848366975784302 0.3061743676662445
1305031106.77539 0.9983006119728088 0.004040783271193504 -0.058134742081165314 -0.021286658942699432 0.005696704611182213 0.98604816198349 0.1663622409105301 0.02277722954750061 0.05799589306116104 -0.1664106696844101 0.9843494892120361 0.2912869155406952
1305031106.811289 0.9977731704711914 0.006009370554238558 -0.06642744690179825 -0.020451441407203674 0.005018508993089199 0.9863457083702087 0.1646103858947754 0.02304670214653015 0.06650963425636292 -0.1645771712064743 0.9841192960739136 0.27509358525276184
1305031106.843416 0.9970347285270691 0.009174899198114872 -0.07640515267848969 -0.017973652109503746 0.003943230956792831 0.9854716062545776 0.1697939783334732 0.013068396598100662 0.0768529623746872 -0.1695917546749115 0.9825133085250854 0.26237112283706665
1305031106.875905 0.9965128302574158 0.015494576655328274 -0.08198787271976471 -0.01487370952963829 -0.0022811712697148323 0.9872985482215881 0.1588594764471054 0.008453281596302986 0.08340796828269958 -0.15811848640441895 0.9838910102844238 0.24452917277812958
1305031106.911243 0.9965901374816895 0.023702727630734444 -0.07903530448675156 -0.014945244416594505 -0.011526508256793022 0.9884520769119263 0.15109463036060333 0.008083377033472061 0.08170396834611893 -0.1496683955192566 0.9853547215461731 0.22625288367271423
1305031106.943439 0.9965512752532959 0.03221702575683594 -0.07647155970335007 -0.014753572642803192 -0.020519046112895012 0.9886094331741333 0.14909829199314117 0.0019800588488578796 0.08040399849414825 -0.14701496064662933 0.9858608841896057 0.21124887466430664
1305031106.975547 0.9965497851371765 0.036253396421670914 -0.07466164976358414 -0.01123862899839878 -0.025403928011655807 0.9896196126937866 0.1414487063884735 -0.008063912391662598 0.07901462912559509 -0.1390639841556549 0.9871261715888977 0.1947271227836609
1305031107.011576 0.9968351125717163 0.04402986541390419 -0.06619074195623398 -0.01375019270926714 -0.0356224849820137 0.99173903465271 0.12322551012039185 -0.0027148183435201645 0.07106956839561462 -0.12047762423753738 0.9901688098907471 0.1727820783853531
1305031107.043281 0.9969106316566467 0.04797865077853203 -0.06218918412923813 -0.013093054294586182 -0.03988640382885933 0.9913046360015869 0.1253960281610489 -0.009401204064488411 0.06766475737094879 -0.12252812087535858 0.9901556968688965 0.15833456814289093
1305031107.075432 0.9971132874488831 0.0502648688852787 -0.05691133439540863 -0.017907574772834778 -0.04324667155742645 0.9920164942741394 0.11846064031124115 -0.017047127708792686 0.06241140514612198 -0.11565743386745453 0.9913264513015747 0.14242544770240784
1305031107.111229 0.9969432950019836 0.0507696233689785 -0.05938541889190674 -0.016439417377114296 -0.04414331167936325 0.9931687712669373 0.1080135926604271 -0.017349887639284134 0.06446356326341629 -0.10506194084882736 0.9923741221427917 0.1254631131887436
1305031107.14326 0.9969680309295654 0.05001940205693245 -0.059605956077575684 -0.012296737171709538 -0.04373757541179657 0.9937817454338074 0.10239581763744354 -0.015843946486711502 0.06435708701610565 -0.0994783490896225 0.9929563403129578 0.11059004813432693
1305031107.175399 0.9969723224639893 0.05168931931257248 -0.05809038132429123 -0.009893263690173626 -0.04562743753194809 0.9938163161277771 0.10122846066951752 -0.0242427010089159 0.06296360492706299 -0.0982714593410492 0.9931657910346985 0.09880314022302628
1305031107.211358 0.9970167279243469 0.053830720484256744 -0.05531618371605873 -0.006547657772898674 -0.048651546239852905 0.9946569204330444 0.09105276316404343 -0.03142301365733147 0.05992206558585167 -0.08808992058038712 0.994308590888977 0.08458404988050461
1305031107.243378 0.9973940253257751 0.05442674085497856 -0.04735831543803215 -0.007619439624249935 -0.050702646374702454 0.9957742691040039 0.07656986266374588 -0.030234195291996002 0.05132564157247543 -0.07396914064884186 0.9959388971328735 0.070330411195755
1305031107.275398 0.9976442456245422 0.05372391641139984 -0.042659830302000046 -0.004127314314246178 -0.05081993713974953 0.9964938163757324 0.06646377593278885 -0.034112341701984406 0.046080950647592545 -0.0641392394900322 0.9968764781951904 0.059188030660152435
1305031107.311226 0.9978491067886353 0.0551895871758461 -0.035375311970710754 -0.003923608921468258 -0.05327668413519859 0.9971770644187927 0.05290995538234711 -0.03960113972425461 0.038195524364709854 -0.05091146379709244 0.9979725480079651 0.047839708626270294
1305031107.343509 0.998083233833313 0.05398533493280411 -0.03025784343481064 0.001078721834346652 -0.052996739745140076 0.9980632662773132 0.03257402777671814 -0.045670509338378906 0.03195776045322418 -0.030908016487956047 0.9990112781524658 0.03547927364706993
1305031107.375413 0.9983164668083191 0.0542178712785244 -0.020611369982361794 0.0016573162283748388 -0.05399448424577713 0.9984778165817261 0.011244615539908409 -0.04002301022410393 0.02118966542184353 -0.010112784802913666 0.9997243881225586 0.02538849599659443
1305031107.411271 0.9983698725700378 0.05570611730217934 -0.012432636693120003 0.0047569479793310165 -0.05572085827589035 0.998445987701416 -0.0008420832455158234 -0.04235943406820297 0.012366415932774544 0.0015334635972976685 0.9999223947525024 0.01737104542553425
1305031107.443419 0.9985264539718628 0.054115526378154755 -0.004051609896123409 0.007609261199831963 -0.05416252836585045 0.9984530806541443 -0.012562831863760948 -0.04030231013894081 0.0033654985018074512 0.012763765640556812 0.9999128580093384 0.010346557945013046
