1403638130.4950972 0.9992479085922241 -0.028623312711715698 -0.02615967020392418 -0.0013686504680663347 0.027810124680399895 0.999134361743927 -0.030937939882278442 -0.011526808142662048 0.027022572234272957 0.030187172815203667 0.999178946018219 -0.0038732518441975117
1403638130.5450969 0.9995549917221069 -0.013122347183525562 -0.026787668466567993 -0.0015534355770796537 0.01245595421642065 0.9996125102043152 -0.024893926456570625 -0.01363742258399725 0.027103958651423454 0.02454918622970581 0.9993311166763306 -0.004878189414739609
1403638130.595097 0.9996522665023804 -0.0057164086028933525 -0.025742923840880394 -0.0021141788456588984 0.005060193594545126 0.9996625185012817 -0.025484364479780197 -0.01583835668861866 0.025879912078380585 0.02534523792564869 0.999343752861023 -0.0054773325100541115
1403638130.645097 0.999675452709198 -0.007188464514911175 -0.024438783526420593 -0.0025499179027974606 0.006310945842415094 0.9993391633033752 -0.03579622134566307 -0.018083803355693817 0.02467995509505272 0.03563037887215614 0.999060332775116 -0.005876306910067797
1403638130.695097 0.9994622468948364 -0.019497152417898178 -0.026361824944615364 -0.0019820223096758127 0.018260322511196136 0.9987573623657227 -0.04637094587087631 -0.02312961220741272 0.027233168482780457 0.04586463049054146 0.9985763430595398 -0.009047497995197773
1403638130.745097 0.9986028075218201 -0.04291173070669174 -0.03083914890885353 -0.0027443477883934975 0.04097989574074745 0.997310996055603 -0.060757238417863846 -0.02522975392639637 0.03336342051625252 0.059408556669950485 0.9976760745048523 -0.009230006486177444
1403638130.795097 0.9972636103630066 -0.06270710378885269 -0.03915547579526901 -0.0011952980421483517 0.0599202960729599 0.9958366751670837 -0.06869320571422577 -0.027003124356269836 0.04330001771450043 0.06615903228521347 0.9968692064285278 -0.010133503004908562
1403638130.845097 0.9969048500061035 -0.06622958928346634 -0.04236038029193878 -0.0029450778383761644 0.06303436309099197 0.9953546524047852 -0.07277243584394455 -0.025490326806902885 0.04698329046368599 0.06987705081701279 0.9964485764503479 -0.009631265886127949
1403638130.895097 0.9964724779129028 -0.06984508037567139 -0.04652305319905281 -0.002768394071608782 0.06616853922605515 0.9948822855949402 -0.0763603076338768 -0.026589546352624893 0.051618367433547974 0.0730125680565834 0.9959942698478699 -0.010256501846015453
1403638130.945097 0.9963468909263611 -0.07398252189159393 -0.042655736207962036 -0.002924086293205619 0.06994346529245377 0.9935314059257507 -0.08946076035499573 -0.027406882494688034 0.048998355865478516 0.08615044504404068 0.9950764179229736 -0.010923276655375957
1403638130.9950972 0.996141254901886 -0.08032365143299103 -0.03536592051386833 -0.0022428620140999556 0.07613414525985718 0.991331160068512 -0.10707977414131165 -0.031362731009721756 0.04366037994623184 0.10397401452064514 0.9936212301254272 -0.011746713891625404
1403638131.0450969 0.9958516955375671 -0.0857873186469078 -0.030330494046211243 -0.001937110093422234 0.08144014328718185 0.9890114068984985 -0.12338510155677795 -0.031626902520656586 0.0405820868909359 0.12040314078330994 0.9918951988220215 -0.012062672525644302
1403638131.095097 0.9964522123336792 -0.08054715394973755 -0.024392716586589813 -0.0031121133361011744 0.0766097903251648 0.9881106615066528 -0.13329756259918213 -0.024688545614480972 0.0348394475877285 0.13095594942569733 0.9907758235931396 -0.009695740416646004
1403638131.145097 0.9971163868904114 -0.07207085192203522 -0.023762794211506844 -0.0028873172122985125 0.06856735050678253 0.9898051023483276 -0.12483729422092438 -0.023660270497202873 0.03251767158508301 0.12284795939922333 0.9918926358222961 -0.009125562384724617
1403638131.195097 0.9982784986495972 -0.053900476545095444 -0.02312474325299263 -0.003063581185415387 0.05110185593366623 0.9928253293037415 -0.10810408741235733 -0.02159889042377472 0.028785690665245056 0.10673623532056808 0.9938706159591675 -0.00804676953703165
1403638131.245097 0.9992308020591736 -0.032429613173007965 -0.022046081721782684 -0.0024671447463333607 0.030374329537153244 0.9956651926040649 -0.08791016042232513 -0.019316280260682106 0.024801408872008324 0.08717291057109833 0.9958844780921936 -0.007259553298354149
1403638131.295097 0.9995871782302856 -0.018308375030755997 -0.022142626345157623 -0.0025029631797224283 0.016668004915118217 0.9972563982009888 -0.0721241682767868 -0.017712732776999474 0.023402351886034012 0.07172532379627228 0.9971498250961304 -0.0066369627602398396
1403638131.345097 0.9996358156204224 -0.014230843633413315 -0.02293434552848339 -0.001278472482226789 0.012770052067935467 0.9979552030563354 -0.06262863427400589 -0.018687739968299866 0.02377871796488762 0.06231294199824333 0.9977733492851257 -0.007339828182011843
1403638131.395097 0.9996620416641235 -0.015419229865074158 -0.020928749814629555 -0.001094935811124742 0.014108938165009022 0.9980151653289795 -0.061372797936201096 -0.017610259354114532 0.02183353342115879 0.06105677783489227 0.9978954792022705 -0.0068614911288022995
1403638131.445097 0.999700129032135 -0.01659744791686535 -0.01800624653697014 -0.0014123646542429924 0.015414458699524403 0.9978334903717041 -0.06395845860242844 -0.015651438385248184 0.019028788432478905 0.06366172432899475 0.9977900385856628 -0.005952882580459118
1403638131.4950972 0.9999061226844788 -0.006600451655685902 -0.01200143713504076 -0.0009388361941091716 0.005832033697515726 0.9979983568191528 -0.06297159940004349 -0.013877593912184238 0.012393053621053696 0.06289570778608322 0.997943103313446 -0.005645169876515865
1403638131.5450969 0.9999368190765381 -0.003594784066081047 -0.010645763017237186 -0.0006946035427972674 0.0029741821344941854 0.9983267784118652 -0.057748034596443176 -0.011545260436832905 0.010835541412234306 0.057712726294994354 0.9982744455337524 -0.004818075802177191
1403638131.595097 0.999949038028717 -0.0007839030004106462 -0.010065140202641487 -7.295999239431694e-05 0.00026268258807249367 0.9986635446548462 -0.051681939512491226 -0.00829185638576746 0.010092203505337238 0.0516766682267189 0.9986128807067871 -0.004015268757939339
1403638131.645097 0.9999357461929321 0.004654851276427507 -0.010334955528378487 2.4719529392314143e-05 -0.005138189531862736 0.9988701939582825 -0.04724423959851265 -0.005853717215359211 0.010103362612426281 0.047294311225414276 0.9988299012184143 -0.003158447565510869
1403638131.695097 0.999923586845398 0.009191490709781647 -0.008262085728347301 4.585547503666021e-05 -0.00956382043659687 0.9988856315612793 -0.04621606320142746 -0.004448996856808662 0.00782808382064104 0.04629155620932579 0.9988973140716553 -0.0025518035981804132
1403638131.745097 0.9998908638954163 0.012856624089181423 -0.0072744484059512615 0.0004260455025359988 -0.013183978386223316 0.9988124966621399 -0.04690151289105415 -0.0018007013713940978 0.006662815809249878 0.046992309391498566 0.9988730549812317 -0.001844236976467073
1403638131.795097 0.9997095465660095 0.023961711674928665 -0.002582563553005457 0.0010775625705718994 -0.02405436895787716 0.998677134513855 -0.04544654116034508 0.00022662582341581583 0.0014901701360940933 0.045495469123125076 0.998963475227356 -0.0017871251329779625
1403638131.845097 0.9994069933891296 0.03422447293996811 0.003782360814511776 0.0010163586121052504 -0.034036919474601746 0.9985470175743103 -0.04177621752023697 0.002377105178311467 -0.005206634756177664 0.04162270575761795 0.999119758605957 -0.0006564558716490865
1403638131.895097 0.9991587400436401 0.04014915972948074 0.008354492485523224 0.0013753956882283092 -0.0397815927863121 0.9983956217765808 -0.04029229283332825 0.004649959038943052 -0.009958791546523571 0.039926040917634964 0.9991530179977417 -0.0001505886175436899
1403638131.945097 0.9989415407180786 0.04477357864379883 0.010540902614593506 0.00189867801964283 -0.04432884603738785 0.9982476830482483 -0.0391988679766655 0.006427336018532515 -0.012277504429221153 0.03869011625647545 0.9991757869720459 3.352919884491712e-05
1403638131.9950972 0.9982772469520569 0.05751955509185791 0.011576729826629162 0.0021706796251237392 -0.05710402503609657 0.9978064298629761 -0.03349112346768379 0.00795760378241539 -0.013477726839482784 0.03277234733104706 0.9993719458580017 0.0008246701909229159
1403638132.0450969 0.9970713257789612 0.07577353715896606 0.010351959615945816 0.00215887906961143 -0.07551175355911255 0.9968633651733398 -0.02369392290711403 0.008580552414059639 -0.01211486291140318 0.022842837497591972 0.9996656179428101 0.0010514893801882863
1403638132.095097 0.9955577850341797 0.09369329363107681 0.009291329421103 0.0021872385405004025 -0.0935908854007721 0.9955510497093201 -0.010905735194683075 0.00913227628916502 -0.010271787643432617 0.00998770259320736 0.9998973608016968 0.0010757355485111475
1403638132.145097 0.9944858551025391 0.10472346097230911 0.005576925352215767 0.002413938520476222 -0.10469575226306915 0.994491457939148 -0.005048796068876982 0.009973365813493729 -0.006074933335185051 0.004437075462192297 0.9999716877937317 0.001028175582177937
1403638132.195097 0.9944634437561035 0.10506052523851395 0.002137620933353901 0.002321311505511403 -0.1050400659441948 0.9944348335266113 -0.008113086223602295 0.008899703621864319 -0.002978091361001134 0.007843632251024246 0.999964714050293 0.0008077779784798622
1403638132.245097 0.9956218004226685 0.0934085100889206 -0.003478256519883871 0.0019338937709107995 -0.09346146881580353 0.9953978061676025 -0.02117070183157921 0.006202294025570154 0.0014847248094156384 0.02140309475362301 0.9997698068618774 -0.0001078449422493577
1403638132.295097 0.9968468546867371 0.07864384353160858 -0.010560348629951477 0.0017442352836951613 -0.07898654043674469 0.9961758852005005 -0.037345461547374725 0.004166601691395044 0.007582973688840866 0.03806183114647865 0.9992466568946838 -0.0009818931575864553
1403638132.345097 0.9973908066749573 0.07059097290039062 -0.015116848051548004 0.0015246389666572213 -0.07124697417020798 0.9962804317474365 -0.04846810922026634 0.0013017088640481234 0.011639207601547241 0.049418672919273376 0.9987103343009949 -0.0023272985126823187
1403638132.395097 0.9981102347373962 0.05552122741937637 -0.026332451030611992 0.0011964773293584585 -0.056851230561733246 0.996986448764801 -0.05278223752975464 -0.0015740287490189075 0.023322559893131256 0.05417951941490173 0.9982587695121765 -0.003795129479840398
1403638132.445097 0.9985688328742981 0.03955305367708206 -0.03599665313959122 0.0013196716317906976 -0.041782330721616745 0.9971104860305786 -0.06344407796859741 -0.004223046824336052 0.03338322415947914 0.06485730409622192 0.9973360896110535 -0.004835654050111771
1403638132.4950972 0.9988285899162292 0.015492230653762817 -0.045840755105018616 0.0007729885401204228 -0.019173957407474518 0.996529757976532 -0.08099842071533203 -0.0077284774743020535 0.04442683607339859 0.08178247511386871 0.9956594705581665 -0.006260526366531849
1403638132.5450969 0.9985267519950867 -0.009632943198084831 -0.05339847132563591 0.0007081989897415042 0.003911125473678112 0.9943329095840454 -0.10623864829540253 -0.010027123615145683 0.05411925166845322 0.10587328672409058 0.9929057955741882 -0.007238919846713543
1403638132.595097 0.9978449940681458 -0.02978486940264702 -0.058467965573072433 8.834921754896641e-05 0.022121142596006393 0.9915788769721985 -0.12760107219219208 -0.012891508638858795 0.06177618354558945 0.12603271007537842 0.9901006817817688 -0.00798719935119152
1403638132.645097 0.9972056150436401 -0.04214266687631607 -0.061684198677539825 -0.0006792891072109342 0.033458173274993896 0.9901973605155945 -0.1356082409620285 -0.016311978921294212 0.06679442524909973 0.13316547870635986 0.9888404607772827 -0.008308865129947662
1403638132.695097 0.9969785809516907 -0.043940961360931396 -0.06405279785394669 -0.0011383765377104282 0.0355846993625164 0.9913647174835205 -0.12621355056762695 -0.01825561746954918 0.06904562562704086 0.12355292588472366 0.9899330139160156 -0.008776005357503891
1403638132.745097 0.9967536926269531 -0.045454464852809906 -0.06645362824201584 -0.002181593794375658 0.037673939019441605 0.9927687644958496 -0.11397646367549896 -0.01934029906988144 0.07115382701158524 0.11110285669565201 0.991258442401886 -0.009476160630583763
1403638132.795097 0.9966283440589905 -0.04844265431165695 -0.06622224301099777 -0.002423625672236085 0.041069936007261276 0.9932492971420288 -0.10848565399646759 -0.020818445831537247 0.07103052735328674 0.10540015250444412 0.9918898344039917 -0.009752655401825905
1403638132.845097 0.9963064193725586 -0.05471603199839592 -0.06617991626262665 -0.0029516988433897495 0.046513136476278305 0.9917200803756714 -0.11969885230064392 -0.019108697772026062 0.07218138873577118 0.1161784902215004 0.9906020760536194 -0.009155825711786747
1403638132.895097 0.9955456256866455 -0.06872298568487167 -0.06454417109489441 -0.003676090156659484 0.0595511831343174 0.9891071915626526 -0.1346127688884735 -0.01982724480330944 0.07309209555387497 0.13016948103904724 0.9887939095497131 -0.009800330735743046
1403638132.945097 0.9946288466453552 -0.07857516407966614 -0.06737494468688965 -0.004102232865989208 0.06795980036258698 0.9867255687713623 -0.1474929302930832 -0.020673410966992378 0.07806986570358276 0.14212194085121155 0.9867656230926514 -0.010714445263147354
1403638132.9950972 0.9940602779388428 -0.07981645315885544 -0.07398217171430588 -0.003402838483452797 0.06799696385860443 0.9862809777259827 -0.150419682264328 -0.023907223716378212 0.08497317135334015 0.1444956660270691 0.9858501553535461 -0.010847843252122402
1403638133.0450969 0.9948505163192749 -0.06474172323942184 -0.07798033952713013 -0.0031035849824547768 0.05289800092577934 0.987960934638977 -0.1453787237405777 -0.023025158792734146 0.08645360171794891 0.1405051201581955 0.986298143863678 -0.010430208407342434
1403638133.095097 0.9959858059883118 -0.04509614408016205 -0.07732082903385162 -0.0023688848596066236 0.03437956050038338 0.9902873039245605 -0.13471892476081848 -0.022208161652088165 0.08264514058828354 0.13151989877223969 0.9878624081611633 -0.010520456358790398
1403638133.145097 0.9966866970062256 -0.034555599093437195 -0.07363016158342361 -0.0015075444243848324 0.02513490989804268 0.9918089509010315 -0.12523293495178223 -0.02128646709024906 0.0773545503616333 0.12296736985445023 0.9893913269042969 -0.0100546944886446
1403638133.195097 0.9977182149887085 -0.028342442587018013 -0.06127844750881195 -0.00021389996982179582 0.020670253783464432 0.9922661185264587 -0.12239493429660797 -0.019470900297164917 0.06427349895238876 0.12084901332855225 0.9905878901481628 -0.009089198894798756
1403638133.245097 0.9985185265541077 -0.02901696041226387 -0.046029165387153625 0.0014223884791135788 0.02323262393474579 0.9923112392425537 -0.12156735360622406 -0.018497249111533165 0.04920278117060661 0.12031789869070053 0.9915153384208679 -0.008799269795417786
1403638133.295097 0.9992800354957581 -0.02747201919555664 -0.026167528703808784 0.00429858174175024 0.02414313517510891 0.9924820065498352 -0.11998584121465683 -0.01580917090177536 0.029267050325870514 0.11926768720149994 0.9924306869506836 -0.007456603460013866
1403638133.345097 0.9997005462646484 -0.023266326636075974 -0.007585156708955765 0.006651557516306639 0.022288795560598373 0.9936507344245911 -0.11027932167053223 -0.014868583530187607 0.010102791711688042 0.11007721722126007 0.9938716888427734 -0.006913271266967058
1403638133.395097 0.9997749328613281 -0.01838727854192257 0.010590797290205956 0.008934566751122475 0.01936107501387596 0.9947299361228943 -0.10068505257368088 -0.013376121409237385 -0.00868365541100502 0.10086742043495178 0.9948620200157166 -0.007356167770922184
1403638133.445097 0.9992985129356384 -0.011468353681266308 0.03565027564764023 0.011487253941595554 0.014798824675381184 0.9954045414924622 -0.09460776299238205 -0.011675155721604824 -0.03440145403146744 0.09506897628307343 0.9948760867118835 -0.007097391411662102
1403638133.4950972 0.9980735778808594 -0.015272146090865135 0.060132596641778946 0.013137626461684704 0.020771700888872147 0.9955495595932007 -0.09192200005054474 -0.010675442405045033 -0.05846113711595535 0.09299397468566895 0.9939488768577576 -0.006952990777790546
1403638133.5450969 0.9960806965827942 -0.026764249429106712 0.08430233597755432 0.014785693027079105 0.03432074934244156 0.9953950643539429 -0.08950203657150269 -0.009901515208184719 -0.08151867985725403 0.09204459190368652 0.9924124479293823 -0.006711544003337622
1403638133.595097 0.9941214919090271 -0.04267285391688347 0.09950639307498932 0.017653677612543106 0.05102157965302467 0.9952489137649536 -0.08292469382286072 -0.009113248437643051 -0.09549498558044434 0.08751422166824341 0.9915755391120911 -0.0072670066729187965
1403638133.645097 0.9925447702407837 -0.05919091776013374 0.1065426617860794 0.024006297811865807 0.06742969900369644 0.994866132736206 -0.07546231895685196 -0.007299954537302256 -0.10152901709079742 0.08208386600017548 0.9914404153823853 -0.007154651451855898
1403638133.695097 0.9903873205184937 -0.07056473940610886 0.11896895617246628 0.02567175403237343 0.07885194569826126 0.9946692585945129 -0.06644919514656067 -0.0066803228110075 -0.11364579200744629 0.07519137859344482 0.9906719326972961 -0.008016041480004787
1403638133.745097 0.9875922203063965 -0.07594981044530869 0.1374528557062149 0.027256345376372337 0.08477122336626053 0.9946224689483643 -0.05949672311544418 -0.005330441519618034 -0.13219493627548218 0.07041054219007492 0.9887197017669678 -0.008289672434329987
1403638133.795097 0.9844396710395813 -0.07746215909719467 0.15772797167301178 0.029131367802619934 0.08722109347581863 0.9946187734603882 -0.05591001734137535 -0.003954620100557804 -0.15254831314086914 0.068797267973423 0.985898494720459 -0.008501934818923473
1403638133.845097 0.9810912609100342 -0.0727563351392746 0.17935067415237427 0.02935381606221199 0.0830647423863411 0.9952565431594849 -0.05064301937818527 -0.0026450844015926123 -0.1748153120279312 0.06458313018083572 0.9824808239936829 -0.008120960555970669
1403638133.895097 0.9786689877510071 -0.07250355929136276 0.19222457706928253 0.03209122642874718 0.08236891776323318 0.995637834072113 -0.04382704570889473 -0.0023245387710630894 -0.1882084161043167 0.05872548744082451 0.9803718328475952 -0.008321237750351429
1403638133.945097 0.9761621356010437 -0.07286115735769272 0.20444737374782562 0.032034020870923996 0.08328093588352203 0.9956057071685791 -0.042821288108825684 -0.0011517024831846356 -0.20042896270751953 0.05882709100842476 0.9779404401779175 -0.007478654384613037
1403638133.9950972 0.9747300148010254 -0.0735810250043869 0.21092011034488678 0.03186902403831482 0.0847410261631012 0.9954151511192322 -0.04435788467526436 -0.0012452363735064864 -0.20668916404247284 0.06111054867506027 0.9764963388442993 -0.006911902222782373
1403638134.0450969 0.9746811985969543 -0.07023221999406815 0.21228286623954773 0.03154807165265083 0.08118528872728348 0.9957572817802429 -0.04331735894083977 -0.0012697915080934763 -0.2083398997783661 0.059454869478940964 0.9762477278709412 -0.006110805086791515
1403638134.095097 0.9757655262947083 -0.0625172033905983 0.2096983939409256 0.030594032257795334 0.07181348651647568 0.9967313408851624 -0.03700683265924454 -0.0012349369935691357 -0.20669937133789062 0.05116915702819824 0.9770655632019043 -0.004320933483541012
1403638134.145097 0.9769649505615234 -0.05287516117095947 0.20674550533294678 0.029449181631207466 0.06071663647890091 0.9976494908332825 -0.031764429062604904 -0.0016265767626464367 -0.20457999408245087 0.043585628271102905 0.977878987789154 -0.0028537893667817116
1403638134.195097 0.9770665764808655 -0.04899821802973747 0.20722028613090515 0.028020089492201805 0.057526685297489166 0.9977186918258667 -0.03532940149307251 -0.0022502990905195475 -0.20501644909381866 0.04643986374139786 0.9776561856269836 -0.001422765664756298
1403638134.245097 0.9762952327728271 -0.05559879168868065 0.20918026566505432 0.026430226862430573 0.06775423139333725 0.9963774681091309 -0.05139470472931862 -0.00306310155428946 -0.20556499063968658 0.06434925645589828 0.9765255451202393 0.0006148056127130985
1403638134.295097 0.9755776524543762 -0.06367747485637665 0.21022281050682068 0.024784741923213005 0.07866643369197845 0.9948626756668091 -0.06371743232011795 -0.004072166047990322 -0.20508542656898499 0.0786987692117691 0.9755749702453613 0.0019139996729791164
1403638134.345097 0.9754241108894348 -0.072737917304039 0.20798315107822418 0.021996110677719116 0.08735775947570801 0.9942467212677002 -0.06198306754231453 -0.005665449425578117 -0.20227809250354767 0.07862871885299683 0.9761665463447571 0.003969892393797636
1403638134.395097 0.9760511517524719 -0.08231715112924576 0.20136551558971405 0.020619377493858337 0.09547525644302368 0.9938262701034546 -0.056513115763664246 -0.006277619395405054 -0.19547036290168762 0.07438512146472931 0.9778845310211182 0.006015731953084469
1403638134.445097 0.9761343598365784 -0.08966904878616333 0.19779081642627716 0.017596865072846413 0.10151324421167374 0.993548572063446 -0.05055852606892586 -0.007313531357795 -0.19198128581047058 0.06943030655384064 0.9789395332336426 0.007150397635996342
1403638134.4950972 0.9759333729743958 -0.0971422791481018 0.19523701071739197 0.014866831712424755 0.10895697772502899 0.992753267288208 -0.05068943277001381 -0.00838670413941145 -0.18889807164669037 0.07074194401502609 0.9794452786445618 0.00939817726612091
1403638134.5450969 0.9754863381385803 -0.10719022154808044 0.19218909740447998 0.012567657046020031 0.11928153783082962 0.9914738535881042 -0.05245465412735939 -0.008670990355312824 -0.1849278062582016 0.07409339398145676 0.9799550175666809 0.010778853669762611
1403638134.595097 0.9758914709091187 -0.11708540469408035 0.18419241905212402 0.011092056520283222 0.12903964519500732 0.9901533126831055 -0.0542704313993454 -0.009799749590456486 -0.1760244220495224 0.07673017680644989 0.9813908338546753 0.01128472201526165
1403638134.645097 0.9760183095932007 -0.1218007430434227 0.18042434751987457 0.007910666987299919 0.13294336199760437 0.9898124933242798 -0.05096468701958656 -0.009897003881633282 -0.17237868905067444 0.07372868806123734 0.9822676181793213 0.012668129988014698
1403638134.695097 0.9769359827041626 -0.12201093882322311 0.1752406805753708 0.0056680431589484215 0.13144536316394806 0.9903801679611206 -0.043234799057245255 -0.010530120693147182 -0.16827978193759918 0.06527221202850342 0.9835758209228516 0.013061895966529846
1403638134.745097 0.9780654311180115 -0.12267326563596725 0.16834303736686707 0.0030864139553159475 0.12997576594352722 0.9909670352935791 -0.033025629818439484 -0.010646949522197247 -0.1627710461616516 0.054181747138500214 0.9851750731468201 0.014174806885421276
1403638134.795097 0.9793576002120972 -0.11763379722833633 0.16438065469264984 0.0004888144321739674 0.12267525494098663 0.9922283291816711 -0.020825795829296112 -0.011435367166996002 -0.16065332293510437 0.04056132957339287 0.9861771464347839 0.014707031659781933
1403638134.845097 0.9801951050758362 -0.11233362555503845 0.1630914807319641 -0.0018207458779215813 0.11623239517211914 0.9931157827377319 -0.014532633125782013 -0.011711115948855877 -0.1603361964225769 0.03320132568478584 0.9865039587020874 0.015254352241754532
1403638134.895097 0.9804639220237732 -0.10880440473556519 0.16386601328849792 -0.0035797995515167713 0.112762950360775 0.9935083389282227 -0.01502399891614914 -0.012563078664243221 -0.16116757690906525 0.03320850431919098 0.9863681793212891 0.015747901052236557
1403638134.945097 0.9803391098976135 -0.10819631814956665 0.1650114208459854 -0.0057970075868070126 0.11356233805418015 0.9932550191879272 -0.023410918191075325 -0.012673020362854004 -0.16136543452739716 0.04168972373008728 0.9860137701034546 0.016181757673621178
1403638134.9950972 0.980296790599823 -0.10895486176013947 0.1647636592388153 -0.006959995720535517 0.1152716726064682 0.9929034113883972 -0.029246736317873 -0.012982701882719994 -0.16040782630443573 0.04766306281089783 0.9858993291854858 0.01619010418653488
1403638135.0450969 0.9810103178024292 -0.10243447870016098 0.16469965875148773 -0.008679071441292763 0.10824333131313324 0.993766725063324 -0.02666582353413105 -0.012880608439445496 -0.16094154119491577 0.04398708790540695 0.9859832525253296 0.016895560547709465
1403638135.095097 0.9823742508888245 -0.09384316205978394 0.16166141629219055 -0.01005534641444683 0.09804211556911469 0.9950162172317505 -0.018177274614572525 -0.013309663161635399 -0.1591499298810959 0.03370651230216026 0.9866788387298584 0.01655976101756096
1403638135.145097 0.983725368976593 -0.08634132891893387 0.15757405757904053 -0.011374635621905327 0.0892503410577774 0.9959432482719421 -0.011466192081570625 -0.012975338846445084 -0.1559448391199112 0.02534312568604946 0.9874405860900879 0.016625966876745224
1403638135.195097 0.9843624234199524 -0.08109346032142639 0.1563793569803238 -0.012183517217636108 0.08310545235872269 0.9965205192565918 -0.006360131315886974 -0.012006087228655815 -0.15531949698925018 0.019256651401519775 0.9876765608787537 0.016708049923181534
1403638135.245097 0.9845805168151855 -0.07768785208463669 0.1567346304655075 -0.013036489486694336 0.07879600673913956 0.9968903660774231 -0.0008596852421760559 -0.011002213694155216 -0.1561804860830307 0.013196487911045551 0.9876403212547302 0.017371604219079018
1403638135.295097 0.9846252799034119 -0.07391457259654999 0.15827110409736633 -0.012920109555125237 0.07500600814819336 0.9971827864646912 -0.0009255538461729884 -0.011273270472884178 -0.15775682032108307 0.012782611884176731 0.9873952865600586 0.016632219776511192
1403638135.345097 0.9841320514678955 -0.07436002045869827 0.16110533475875854 -0.012060489505529404 0.07633417844772339 0.9970636963844299 -0.006090512499213219 -0.010649938136339188 -0.16017939150333405 0.018291708081960678 0.9869184494018555 0.01691913977265358
1403638135.395097 0.9833381772041321 -0.07318983972072601 0.16640108823776245 -0.011506935581564903 0.07591196149587631 0.9970638751983643 -0.010049134492874146 -0.009430100210011005 -0.16517701745033264 0.022513527423143387 0.9860069751739502 0.016130633652210236
1403638135.445097 0.982201874256134 -0.06755846738815308 0.17525824904441833 -0.010631181299686432 0.06989303231239319 0.9975287318229675 -0.007175445090979338 -0.008727310225367546 -0.1743403971195221 0.01929706707596779 0.9844964146614075 0.015826858580112457
1403638135.4950972 0.9813811779022217 -0.0626845583319664 0.18155346810817719 -0.009412222541868687 0.06407253444194794 0.997943639755249 -0.001784199383109808 -0.008025954477488995 -0.1810683012008667 0.013383572921156883 0.9833794236183167 0.015093248337507248
1403638135.5450969 0.9807268977165222 -0.06128072366118431 0.18552494049072266 -0.007875838316977024 0.06088687479496002 0.9981139898300171 0.00782507099211216 -0.007121395785361528 -0.18565456569194794 0.0036217770539224148 0.9826083779335022 0.014607633464038372
1403638135.595097 0.9791755080223083 -0.055409133434295654 0.19530774652957916 -0.006621041335165501 0.05371909588575363 0.998458743095398 0.013943676836788654 -0.0059445565566420555 -0.19577933847904205 -0.003161553293466568 0.9806428551673889 0.014798227697610855
1403638135.645097 0.9772277474403381 -0.05539870262145996 0.20483390986919403 -0.004905329085886478 0.05435417592525482 0.998464047908783 0.010726756416261196 -0.005740708205848932 -0.20511355996131897 0.0006510955281555653 0.9787378907203674 0.013786193914711475
1403638135.695097 0.9746254086494446 -0.06495598703622818 0.21420997381210327 -0.0021120572928339243 0.06589382141828537 0.9978228211402893 0.0027672341093420982 -0.0056136175990104675 -0.213923379778862 0.011418101377785206 0.9767836928367615 0.012591520324349403
1403638135.745097 0.9722223877906799 -0.07801157981157303 0.22067569196224213 0.00020797504112124443 0.08093184977769852 0.9967107772827148 -0.004208720289170742 -0.005490596406161785 -0.21962153911590576 0.021951504051685333 0.9753381013870239 0.01153959147632122
1403638135.795097 0.9705584645271301 -0.08788374066352844 0.224260151386261 0.0020199862774461508 0.09087327867746353 0.9958578944206238 -0.003023797646164894 -0.0047663915902376175 -0.22306548058986664 0.02331402897834778 0.9745246171951294 0.010671133175492287
1403638135.845097 0.9698013663291931 -0.08423181623220444 0.22888915240764618 0.003466511145234108 0.08611976355314255 0.996283233165741 0.0017461776733398438 -0.004147995263338089 -0.2281855195760727 0.018018433824181557 0.9734508991241455 0.009879163466393948
1403638135.895097 0.9689515829086304 -0.07209944725036621 0.23650504648685455 0.004978466313332319 0.07089565694332123 0.9973909258842468 0.013601752929389477 -0.0035441957879811525 -0.23686867952346802 0.003587741870433092 0.9715350270271301 0.008690658956766129
1403638135.945097 0.9683781266212463 -0.06181163340806961 0.24170880019664764 0.006933444179594517 0.05721535533666611 0.9980233907699585 0.025995571166276932 -0.002685646526515484 -0.24283787608146667 -0.01134408824145794 0.9700005650520325 0.006805622484534979
1403638135.9950972 0.9663975834846497 -0.05447740852832794 0.25121310353279114 0.007539094891399145 0.048216816037893295 0.9983552694320679 0.03101428411900997 -0.0027525362093001604 -0.25248953700065613 -0.017859430983662605 0.9674347639083862 0.006062057800590992
1403638136.0450969 0.9636417031288147 -0.049080830067396164 0.2626517713069916 0.009158391505479813 0.04428020864725113 0.9987266659736633 0.02416924387216568 -0.0033852895721793175 -0.26350364089012146 -0.01166021078824997 0.9645878672599792 0.004781733732670546
1403638136.095097 0.9607677459716797 -0.05084314942359924 0.272654265165329 0.01199069432914257 0.050370339304208755 0.9986923336982727 0.008738070726394653 -0.004430267959833145 -0.27274203300476074 0.005338430404663086 0.9620723724365234 0.0026457691565155983
1403638136.145097 0.9580852389335632 -0.060992248356342316 0.27991557121276855 0.014569740742444992 0.06556309759616852 0.99782395362854 -0.006986040621995926 -0.004929006099700928 -0.27888038754463196 0.025045353919267654 0.959999144077301 0.0011408824939280748
1403638136.195097 0.9559988379478455 -0.07097902148962021 0.28465449810028076 0.016739584505558014 0.08008646965026855 0.996577799320221 -0.0204685740172863 -0.005608678795397282 -0.28222745656967163 0.04236491397023201 0.9584116339683533 -0.0008787212427705526
1403638136.245097 0.9537296891212463 -0.07518541067838669 0.29111310839653015 0.01864943467080593 0.08604773133993149 0.9959855079650879 -0.02467329055070877 -0.005161134991794825 -0.2880893349647522 0.04858127981424332 0.9563704133033752 -0.0019527599215507507
1403638136.295097 0.9509835243225098 -0.07128269970417023 0.3009136915206909 0.021163305267691612 0.08295907080173492 0.9962087869644165 -0.026187799870967865 -0.004521719645708799 -0.2979061007499695 0.04986767843365669 0.9532917737960815 -0.0033083546441048384
1403638136.345097 0.9484010338783264 -0.06561633944511414 0.3102095127105713 0.024191832169890404 0.07639976590871811 0.9968182444572449 -0.022726712748408318 -0.004252448678016663 -0.3077312409877777 0.04525396600365639 0.9503965377807617 -0.005062485113739967
1403638136.395097 0.9466760158538818 -0.06368370354175568 0.31583037972450256 0.025856981053948402 0.07293938845396042 0.9971818327903748 -0.01755923219025135 -0.003618778893724084 -0.3138221204280853 0.03965937718749046 0.9486531615257263 -0.006055918522179127
1403638136.445097 0.9446600675582886 -0.05952257663011551 0.32260560989379883 0.026802925392985344 0.06704588979482651 0.9976747035980225 -0.012248431332409382 -0.0026551613118499517 -0.3211263418197632 0.0331999845802784 0.9464541673660278 -0.005673698149621487
1403638136.4950972 0.9426612854003906 -0.06202559173107147 0.32793664932250977 0.027444988489151 0.068397656083107 0.9976267218589783 -0.007920573465526104 -0.0020003411918878555 -0.3266671299934387 0.02989652007818222 0.9446664452552795 -0.0063310228288173676
1403638136.5450969 0.9406728744506836 -0.07460834830999374 0.3310107886791229 0.02781941182911396 0.07954941689968109 0.9968300461769104 -0.0013840459287166595 -0.0020357670728117228 -0.32985827326774597 0.027633652091026306 0.9436258673667908 -0.006929902359843254
1403638136.595097 0.9399551153182983 -0.08655133843421936 0.3301410675048828 0.027384834364056587 0.09174816310405731 0.995782196521759 -0.0001601511612534523 -0.0024580659810453653 -0.32873475551605225 0.030440371483564377 0.943931519985199 -0.006877247244119644
1403638136.645097 0.9416946768760681 -0.0963512733578682 0.3223777711391449 0.026592593640089035 0.10281766206026077 0.9946954846382141 -0.0030481568537652493 -0.0029109730385243893 -0.320374071598053 0.0360165610909462 0.9466061592102051 -0.007240111939609051
1403638136.695097 0.9447003602981567 -0.10366062819957733 0.31111985445022583 0.025399794802069664 0.11070330440998077 0.9938408732414246 -0.005011852830648422 -0.003935050219297409 -0.3086841106414795 0.03917669877409935 0.9503573775291443 -0.007682261057198048
1403638136.745097 0.9482843279838562 -0.10864879190921783 0.2982485890388489 0.023618830367922783 0.11586974561214447 0.9932426810264587 -0.006581244058907032 -0.004415723029524088 -0.2955181896686554 0.04079887270927429 0.9544655680656433 -0.007282628212124109
1403638136.795097 0.9533303380012512 -0.11517570167779922 0.27909818291664124 0.023379644379019737 0.12302161008119583 0.9923463463783264 -0.01069893129169941 -0.005725672002881765 -0.27572986483573914 0.044534724205732346 0.9602029323577881 -0.007417335174977779
1403638136.845097 0.9569579362869263 -0.1266084611415863 0.26115456223487854 0.020706424489617348 0.13670817017555237 0.9903931021690369 -0.02079937420785427 -0.006636332254856825 -0.25601229071617126 0.055606089532375336 0.9650728702545166 -0.006524594034999609
1403638136.895097 0.9592267870903015 -0.14404337108135223 0.24317798018455505 0.018223660066723824 0.1571189910173416 0.9869539141654968 -0.03515370935201645 -0.00769463274627924 -0.2349417507648468 0.07192827016115189 0.969344437122345 -0.006526000332087278
1403638136.945097 0.9605356454849243 -0.15766027569770813 0.22916007041931152 0.016606638208031654 0.17429345846176147 0.9832053184509277 -0.054122403264045715 -0.007990662939846516 -0.2167784422636032 0.09192761778831482 0.9718828201293945 -0.005867138504981995
1403638136.9950972 0.9614863395690918 -0.16649456322193146 0.21868622303009033 0.014832624234259129 0.18507951498031616 0.9804162979125977 -0.06729917228221893 -0.008177165873348713 -0.2031985968351364 0.10518156737089157 0.9734717011451721 -0.005685343407094479
1403638137.0450969 0.9627954363822937 -0.1704462170600891 0.20969779789447784 0.011215927079319954 0.18940864503383636 0.9791215062141418 -0.07379290461540222 -0.006732999347150326 -0.19274191558361053 0.11076604574918747 0.9749776124954224 -0.003081812523305416
1403638137.095097 0.9652198553085327 -0.16544705629348755 0.20242993533611298 0.009754084050655365 0.18268057703971863 0.9807119965553284 -0.06951041519641876 -0.006230966188013554 -0.18702518939971924 0.10407285392284393 0.9768266677856445 -0.0027847038581967354
1403638137.145097 0.9677973985671997 -0.1534254103899002 0.1995721012353897 0.007005057763308287 0.1690026819705963 0.9835736155509949 -0.06341148912906647 -0.0035493229515850544 -0.18656495213508606 0.09509770572185516 0.9778291583061218 -0.0017041540704667568
1403638137.195097 0.970947265625 -0.1422891914844513 0.19239316880702972 0.005591928493231535 0.15467016398906708 0.9866557717323303 -0.05086515098810196 -0.0019286518217995763 -0.18258829414844513 0.07914485782384872 0.9799988269805908 -0.00024998484877869487
1403638137.245097 0.9739561676979065 -0.1290106326341629 0.18645496666431427 0.003970209043473005 0.13813416659832 0.9897317290306091 -0.03674192354083061 0.0003251597809139639 -0.17980031669139862 0.06154081970453262 0.981776237487793 0.0008422356331720948
1403638137.295097 0.9763266444206238 -0.11863403022289276 0.1808658093214035 0.0028136377222836018 0.12550784647464752 0.9917250275611877 -0.027005061507225037 0.0023616154212504625 -0.17616544663906097 0.04906582832336426 0.9831369519233704 0.001797646633349359
1403638137.345097 0.9777700901031494 -0.11435751616954803 0.17575004696846008 0.0016849115490913391 0.11942844092845917 0.9926701188087463 -0.01851649582386017 0.004337383434176445 -0.17234432697296143 0.03909442573785782 0.984260618686676 0.002542972331866622
1403638137.395097 0.9785721898078918 -0.1064053326845169 0.1762791872024536 0.0008237635483965278 0.10996825248003006 0.9938791990280151 -0.010539117269217968 0.006495295092463493 -0.1740788221359253 0.02969839982688427 0.9842837452888489 0.003723670495674014
1403638137.445097 0.9790865778923035 -0.0965418592095375 0.17907874286174774 0.00025464262580499053 0.09793771058320999 0.9951919317245483 0.001050860621035099 0.008523182012140751 -0.17831920087337494 0.016509678214788437 0.9838341474533081 0.00497722253203392
1403638137.4950972 0.9795794486999512 -0.0838649645447731 0.18273116648197174 -0.0004258136614225805 0.08254852890968323 0.996476948261261 0.01481225248426199 0.01048562116920948 -0.18332962691783905 0.0005744099617004395 0.9830512404441833 0.005250690970569849
1403638137.5450969 0.9799916744232178 -0.06943512707948685 0.18653510510921478 -0.000915223266929388 0.06489578634500504 0.997430682182312 0.030339691787958145 0.01235216110944748 -0.18816252052783966 -0.017627298831939697 0.9819797277450562 0.006024527829140425
1403638137.595097 0.9795355796813965 -0.052335914224386215 0.19434817135334015 -0.0011840808438137174 0.044899918138980865 0.9980880618095398 0.042474232614040375 0.013917901553213596 -0.19619956612586975 -0.03287879750132561 0.9800125956535339 0.0067880041897296906
1403638137.645097 0.9787636399269104 -0.04674775153398514 0.19959032535552979 -0.0015490128425881267 0.03825761005282402 0.9981998801231384 0.04618682712316513 0.015671614557504654 -0.20139016211032867 -0.03757013380527496 0.9787903428077698 0.007520181592553854
1403638137.695097 0.9771959781646729 -0.04429787024855614 0.20766742527484894 -0.00175482127815485 0.035932816565036774 0.998390257358551 0.04388342425227165 0.01748337782919407 -0.20927707850933075 -0.03542063757777214 0.9772146344184875 0.00840809941291809
1403638137.745097 0.9756362438201904 -0.046174995601177216 0.21447999775409698 -0.0018696042243391275 0.03842343017458916 0.998453676700592 0.04017295315861702 0.018448660150170326 -0.21600334346294403 -0.030953140929341316 0.9759018421173096 0.008886106312274933
1403638137.795097 0.9746799468994141 -0.050352685153484344 0.21786081790924072 -0.0019768739584833384 0.0419548898935318 0.9981935620307922 0.043005120009183884 0.019367443397641182 -0.21963267028331757 -0.03277590870857239 0.9750319719314575 0.009222150780260563
1403638137.845097 0.9740586280822754 -0.04861341044306755 0.22101205587387085 -0.0020326452795416117 0.03850838169455528 0.998016357421875 0.04980512335896492 0.020252486690878868 -0.2229948192834854 -0.04000229388475418 0.973998486995697 0.009269624948501587
1403638137.895097 0.9736543893814087 -0.04025830700993538 0.22444695234298706 -0.002101097721606493 0.026609383523464203 0.9976264834403992 0.0635090246796608 0.0209497082978487 -0.22647099196910858 -0.05586344003677368 0.9724146127700806 0.009276939556002617
1403638137.945097 0.9734666347503662 -0.03243220970034599 0.22651918232440948 -0.0021854450460523367 0.0146009037271142 0.9966915249824524 0.0799553245306015 0.021722188219428062 -0.22836287319660187 -0.07452644407749176 0.9707195162773132 0.009436431340873241
1403638137.9950972 0.9739372730255127 -0.025583742186427116 0.22536984086036682 -0.002207599813118577 0.004160089883953333 0.9954659938812256 0.09502637386322021 0.0214481670409441 -0.22677917778491974 -0.09161216020584106 0.9696279764175415 0.009110835380852222
