1305031102.175304 1.0 0.0 0.0 0.0 0.0 1.0 0.0 0.0 0.0 0.0 1.0 0.0
1305031102.211214 0.9999762177467346 0.00342448428273201 -0.0059822965413331985 -0.0015938529977574944 -0.0034013057593256235 0.9999867081642151 0.0038804402574896812 0.008041884750127792 0.00599550548940897 -0.0038600002881139517 0.9999745488166809 0.010900130495429039
1305031102.275326 0.9998506307601929 0.002722649136558175 -0.017066607251763344 -0.0035623658914119005 -0.00227063475176692 0.9996475577354431 0.026448966935276985 0.008540719747543335 0.017132604494690895 -0.026406265795230865 0.9995044469833374 0.03518866375088692
1305031102.311267 0.9997367858886719 0.0007690450293011963 -0.022930696606636047 -0.0014747026143595576 6.936478894203901e-05 0.9993321895599365 0.036539576947689056 0.006444867700338364 0.022943485528230667 -0.03653154894709587 0.999069094657898 0.04877346381545067
1305031102.343233 0.9996630549430847 -0.002928280970081687 -0.02579040639102459 -0.002671904396265745 0.003960241563618183 0.9991896748542786 0.04005362465977669 0.007576386444270611 0.025652218610048294 -0.04014226421713829 0.9988646507263184 0.060132890939712524
1305031102.375329 0.9995618462562561 -0.0027471010107547045 -0.02947222627699375 -0.003501351224258542 0.0040486520156264305 0.9990147948265076 0.04419359564781189 0.00817000400274992 0.029321786016225815 -0.04429355263710022 0.9985881447792053 0.0723361074924469
1305031102.411258 0.9994503259658813 -0.0008081033593043685 -0.0331411249935627 -0.006957110017538071 0.0023233010433614254 0.9989522099494934 0.04570658132433891 0.012958458624780178 0.033069461584091187 -0.0457584522664547 0.9984050393104553 0.08319982886314392
1305031102.443271 0.9990788698196411 -0.0017213593237102032 -0.04287683591246605 -0.004477484151721001 0.004008891060948372 0.9985694289207458 0.05332254618406296 0.020261749625205994 0.04272370785474777 -0.05344532057642937 0.9976563453674316 0.09462664276361465
1305031102.475318 0.9988182187080383 -4.912136137136258e-05 -0.04860079661011696 -0.0020108295138925314 0.0033949976786971092 0.9976271986961365 0.06876390427350998 0.018981751054525375 0.04848209023475647 -0.0688476487994194 0.9964483976364136 0.10655617713928223
1305031102.511219 0.9989098906517029 0.003011006163433194 -0.04658171907067299 -0.0011294814758002758 0.000626959721557796 0.9969620108604431 0.07788754254579544 0.02009449526667595 0.04667472466826439 -0.07783183455467224 0.9958733916282654 0.11962491273880005
1305031102.575286 0.9990672469139099 0.00878345500677824 -0.04227803647518158 -7.475120946764946e-05 -0.004802952986210585 0.995621919631958 0.09334704279899597 0.01497438084334135 0.042912863194942474 -0.09305691719055176 0.9947354793548584 0.1451953649520874
1305031102.611233 0.9993656277656555 0.007192634046077728 -0.03487769514322281 -0.002599807921797037 -0.004061940126121044 0.9960219264030457 0.08901555836200714 0.012750512920320034 0.03537921607494354 -0.08881741017103195 0.9954192638397217 0.15706029534339905
1305031102.675285 0.9993959665298462 0.0026396524626761675 -0.03465086221694946 -0.0077657550573349 0.00030522525776177645 0.9964056611061096 0.0847080647945404 0.023000098764896393 0.03474992513656616 -0.08466746658086777 0.9958031177520752 0.18015144765377045
1305031102.711263 0.9993723630905151 0.0005592316156253219 -0.035418540239334106 -0.008031889796257019 0.0025286583695560694 0.996198296546936 0.08707808703184128 0.022696547210216522 0.03533259406685829 -0.08711297810077667 0.9955715537071228 0.19363011419773102
1305031102.743234 0.9993379712104797 -0.002969456370919943 -0.036259725689888 -0.008017320185899734 0.006069443188607693 0.9963036179542542 0.08568587154150009 0.030764609575271606 0.03587125986814499 -0.08584921061992645 0.9956621527671814 0.20513559877872467
1305031102.775472 0.9994130730628967 0.0007537432247772813 -0.03424903750419617 -0.005068193189799786 0.0023295071441680193 0.9959484338760376 0.08989540487527847 0.03180058300495148 0.03417804092168808 -0.08992241322994232 0.9953621625900269 0.21883490681648254
1305031102.811232 0.9996609091758728 0.002619572216644883 -0.02590787224471569 -0.0079692043364048 -0.0002131920773535967 0.9957170486450195 0.09245201200246811 0.03434088081121445 0.02603910304605961 -0.09241512417793274 0.9953799843788147 0.23069532215595245
1305031102.84329 0.999755322933197 0.0037911636754870415 -0.02179059386253357 -0.005061147268861532 -0.0016698604449629784 0.9953265190124512 0.09655507653951645 0.03466154634952545 0.022054798901081085 -0.09649506211280823 0.9950891137123108 0.24305632710456848
1305031102.875363 0.99988853931427 0.007991488091647625 -0.012607594020664692 -0.009533090516924858 -0.006756656337529421 0.99544358253479 0.09511497616767883 0.03688124194741249 0.013310250826179981 -0.09501918405294418 0.9953864812850952 0.2548944056034088
1305031102.911185 0.9998959898948669 0.010243361815810204 -0.010154874064028263 -0.009467607364058495 -0.00924947764724493 0.995576024055481 0.09350468963384628 0.040631089359521866 0.01106774341315031 -0.09340101480484009 0.9955671429634094 0.2664298415184021
1305031102.975203 0.9997957944869995 0.014266282320022583 -0.0143131073564291 -0.02434660494327545 -0.012870196253061295 0.9955557584762573 0.09329274296760559 0.04700912535190582 0.015580428764224052 -0.09308945387601852 0.9955359101295471 0.2874121069908142
1305031103.011215 0.9995408654212952 0.009478193707764149 -0.02877500280737877 -0.02301730215549469 -0.006716846022754908 0.9954941272735596 0.09458636492490768 0.05088486522436142 0.029541848227381706 -0.09434963762760162 0.9951007962226868 0.29872840642929077
1305031103.043227 0.9991919994354248 0.005573623348027468 -0.03980258107185364 -0.02441529557108879 -0.0016752795781940222 0.9952527284622192 0.09731122106313705 0.054371077567338943 0.04015599191188812 -0.09716589748859406 0.9944577813148499 0.3094859719276428
1305031103.075319 0.998816728591919 0.0014165823813527822 -0.04861000180244446 -0.019855575636029243 0.003396256361156702 0.9951032996177673 0.09878384321928024 0.05321231111884117 0.048511892557144165 -0.09883201867341995 0.9939210414886475 0.32113802433013916
1305031103.11124 0.9988614916801453 -0.0014954484067857265 -0.047679148614406586 -0.02049126848578453 0.005951743572950363 0.9956054091453552 0.09345992654561996 0.060914523899555206 0.047329846769571304 -0.09363727271556854 0.9944807291030884 0.32800155878067017
1305031103.143318 0.9987666010856628 -0.0042122784070670605 -0.04947231337428093 -0.018986977636814117 0.008868787437677383 0.9955057501792908 0.09428511559963226 0.06464019417762756 0.04885281249880791 -0.09460756927728653 0.9943153858184814 0.33706438541412354
1305031103.175452 0.9989277124404907 -0.005201938562095165 -0.04600400850176811 -0.019849993288517 0.009483307600021362 0.9955888986587524 0.09334282577037811 0.0706101804971695 0.04531552270054817 -0.09367901086807251 0.9945706725120544 0.3444836437702179
1305031103.243216 0.9988148212432861 -0.014768814668059349 -0.04637589305639267 -0.02108629234135151 0.019958073273301125 0.9933366775512695 0.11350751668214798 0.08069656789302826 0.04439051076769829 -0.11429857462644577 0.9924542307853699 0.36028411984443665
1305031103.27537 0.9986186027526855 -0.021427087485790253 -0.04797820374369621 -0.027270078659057617 0.02759389393031597 0.9908912777900696 0.13180692493915558 0.0814405009150505 0.04471694678068161 -0.13294875621795654 0.9901136755943298 0.36505210399627686
1305031103.31121 0.9975557923316956 -0.018541786819696426 -0.06736954301595688 -0.026816241443157196 0.028357502073049545 0.9886098504066467 0.14780563116073608 0.07589714229106903 0.06386160850524902 -0.14935478568077087 0.9867192506790161 0.3718280792236328
1305031103.343223 0.9966732263565063 -0.018030937761068344 -0.07948251068592072 -0.02013228088617325 0.02970265969634056 0.9885097742080688 0.14820973575115204 0.07780638337135315 0.07589688897132874 -0.15007752180099487 0.9857567548751831 0.373740017414093
1305031103.375327 0.9966960549354553 -0.021692771464586258 -0.07827096432447433 -0.018040398135781288 0.033760763704776764 0.9871285557746887 0.15632444620132446 0.07608939707279205 0.073872409760952 -0.15845045447349548 0.9845995903015137 0.3743732273578644
1305031103.41126 0.9967467784881592 -0.024199655279517174 -0.0768776386976242 -0.019029583781957626 0.03639394789934158 0.9862146973609924 0.16141879558563232 0.07169333845376968 0.07191158086061478 -0.16369155049324036 0.9838870763778687 0.3739905059337616
1305031103.44328 0.9965794086456299 -0.023063767701387405 -0.07935614883899689 -0.021324090659618378 0.03574647381901741 0.9860900640487671 0.1623220592737198 0.06889069080352783 0.07450857013463974 -0.16460353136062622 0.9835416078567505 0.3693055808544159
1305031103.475274 0.9962975382804871 -0.01801566407084465 -0.0840638130903244 -0.02123621106147766 0.03150779753923416 0.9862790703773499 0.1620514988899231 0.06558158993721008 0.0799909383058548 -0.16410018503665924 0.9831950664520264 0.36548107862472534
1305031103.511333 0.9960417747497559 -0.01417168416082859 -0.08774857223033905 -0.019671732559800148 0.0281292162835598 0.9867262244224548 0.15993764996528625 0.05920855328440666 0.08431723713874817 -0.16177287697792053 0.9832192659378052 0.3586661219596863
1305031103.543444 0.9958586692810059 -0.010123886168003082 -0.09035010635852814 -0.018980417400598526 0.023884829133749008 0.9880062341690063 0.15255598723888397 0.054206717759370804 0.08772200345993042 -0.15408219397068024 0.9841562509536743 0.3507964313030243
1305031103.575474 0.9957711100578308 -0.010604919865727425 -0.09125427156686783 -0.021105386316776276 0.023634187877178192 0.9894534945487976 0.14291022717952728 0.052488114684820175 0.08877630531787872 -0.14446260035037994 0.9855198860168457 0.3409416973590851
1305031103.611223 0.9950889348983765 -0.013000010512769222 -0.09812843799591064 -0.021125711500644684 0.02659277245402336 0.9900034666061401 0.13851353526115417 0.04775170236825943 0.09534682333469391 -0.14044275879859924 0.9854871034622192 0.3311397135257721
1305031103.643445 0.9944177269935608 -0.012494973838329315 -0.10477259010076523 -0.02177889458835125 0.026445897296071053 0.9907840490341187 0.13284437358379364 0.04347260296344757 0.10214711725711823 -0.13487359881401062 0.9855836033821106 0.31960615515708923
1305031103.675523 0.9934876561164856 -0.015176422894001007 -0.11292476207017899 -0.01724044233560562 0.029671700671315193 0.9913542866706848 0.12781299650669098 0.03985350579023361 0.11000873148441315 -0.13033129274845123 0.9853485822677612 0.30885621905326843
1305031103.71161 0.9931272864341736 -0.015520641580224037 -0.11600575596094131 -0.014639409258961678 0.02987230010330677 0.9919542670249939 0.12302175164222717 0.036383941769599915 0.11316302418708801 -0.1256416290998459 0.9856005311012268 0.29682233929634094
1305031103.743326 0.993158221244812 -0.013732455670833588 -0.11596556007862091 -0.012279229238629341 0.027770375832915306 0.9923466444015503 0.1203204095363617 0.028789058327674866 0.11342573165893555 -0.12271761894226074 0.9859386682510376 0.28384125232696533
1305031103.775342 0.9934306144714355 -0.00785795971751213 -0.11416593194007874 -0.011836536228656769 0.020947255194187164 0.9932702779769897 0.11390937119722366 0.02639113925397396 0.11250254511833191 -0.11555250734090805 0.9869097471237183 0.2685011923313141
1305031103.811242 0.9939557909965515 -0.0008199653821066022 -0.10977768152952194 -0.013428481295704842 0.013613224029541016 0.9931749105453491 0.11583930999040604 0.023761019110679626 0.10893343389034271 -0.11663356423377991 0.9871829748153687 0.25647228956222534
1305031103.843251 0.994097113609314 0.0036986363120377064 -0.10843098163604736 -0.01518365740776062 0.009354978799819946 0.9927743077278137 0.11963067948818207 0.02572544664144516 0.10808997601270676 -0.11993888020515442 0.9868795275688171 0.24476219713687897
1305031103.875361 0.9935630559921265 0.011645318940281868 -0.11267946660518646 -0.016746101900935173 0.003863369580358267 0.9906397461891174 0.13644735515117645 0.013998633250594139 0.11321374773979187 -0.13600440323352814 0.9842181205749512 0.23241402208805084
1305031103.911221 0.9924197196960449 0.01588675007224083 -0.12186381220817566 -0.013719739392399788 0.00022394070401787758 0.9913738369941711 0.13106393814086914 0.01049581915140152 0.12289479374885559 -0.13009771704673767 0.9838554263114929 0.21537019312381744
1305031103.943211 0.9917718172073364 0.017383301630616188 -0.12683169543743134 -0.012655455619096756 -0.0006865933537483215 0.9914459586143494 0.13051676750183105 0.004587793722748756 0.12801556289196014 -0.12935574352741241 0.9833001494407654 0.20212280750274658
1305031103.975373 0.9910110235214233 0.019267184659838676 -0.13238480687141418 -0.008784787729382515 -0.0021264739334583282 0.9917182922363281 0.12841551005840302 -0.0017459746450185776 0.1337626427412033 -0.12697963416576385 0.9828447699546814 0.18890038132667542
1305031104.011232 0.9907345771789551 0.019924405962228775 -0.13434305787086487 -0.0040580276399850845 -0.003234247677028179 0.9923610091209412 0.12332553416490555 -0.008944984525442123 0.13577397167682648 -0.12174832820892334 0.9832308888435364 0.17765827476978302
1305031104.043249 0.9914695024490356 0.02222607657313347 -0.12843051552772522 -0.0012365449219942093 -0.008238701149821281 0.9940699338912964 0.10843105614185333 -0.011013142764568329 0.13007888197898865 -0.10644795745611191 0.9857730865478516 0.16223137080669403
1305031104.075425 0.9924356937408447 0.02613944187760353 -0.1199505478143692 0.0018388312309980392 -0.014113599434494972 0.994884192943573 0.10003187507390976 -0.011292685754597187 0.12195165455341339 -0.09758223593235016 0.9877275228500366 0.14649516344070435
1305031104.111235 0.993358850479126 0.028030965477228165 -0.1115906611084938 0.0072962623089551926 -0.01730145514011383 0.9952326416969299 0.09598270058631897 -0.017629968002438545 0.11374916136264801 -0.09341457486152649 0.9891082048416138 0.13517217338085175
1305031104.14323 0.9947287440299988 0.02994454838335514 -0.0980721116065979 0.0050939274951815605 -0.02136741578578949 0.9959468841552734 0.08736839890480042 -0.02316468581557274 0.10029078274965286 -0.08481228351593018 0.9913369417190552 0.11917062848806381
1305031104.175424 0.9954233765602112 0.03086721897125244 -0.09044134616851807 0.0036993157118558884 -0.023794420063495636 0.9966487288475037 0.07826343178749084 -0.024855252355337143 0.09255404770374298 -0.07575322687625885 0.9928219318389893 0.10512034595012665
1305031104.211283 0.9958595037460327 0.030773021280765533 -0.08553946763277054 0.00468645291402936 -0.02456614375114441 0.9970519542694092 0.07269011437892914 -0.03201572224497795 0.0875241607427597 -0.07028773427009583 0.9936797618865967 0.09168189764022827
1305031104.243196 0.996230959892273 0.030312055721879005 -0.08127154409885406 0.005267186090350151 -0.025303427129983902 0.9977574944496155 0.06196536496281624 -0.03251064568758011 0.08296756446361542 -0.05967533588409424 0.9947640895843506 0.07893705368041992
1305031104.275546 0.9965941905975342 0.032006002962589264 -0.07599654048681259 0.0056443591602146626 -0.028090709820389748 0.998249888420105 0.052041053771972656 -0.03320416435599327 0.07752914726734161 -0.04972899705171585 0.9957491755485535 0.06576436758041382
1305031104.311219 0.997024416923523 0.032240547239780426 -0.07002083957195282 0.00687602162361145 -0.02923058159649372 0.9986217021942139 0.043594181537628174 -0.033747993409633636 0.07132982462644577 -0.04141769930720329 0.9965925216674805 0.05465008690953255
1305031104.343342 0.9974241256713867 0.030162828043103218 -0.06507999449968338 0.012264358811080456 -0.027736937627196312 0.9988979697227478 0.037862539291381836 -0.03495889902114868 0.06615028530359268 -0.035959869623184204 0.9971616268157959 0.04292689263820648
1305031104.375837 0.9980549216270447 0.03170512616634369 -0.05367682874202728 0.009704013355076313 -0.02992144413292408 0.9989835023880005 0.033713892102241516 -0.03564273566007614 0.05469118058681488 -0.03204222396016121 0.9979889988899231 0.03210702911019325
1305031104.411509 0.9985559582710266 0.030582668259739876 -0.04416841268539429 0.006175174843519926 -0.029287539422512054 0.999130368232727 0.029677845537662506 -0.03508753702044487 0.04503762722015381 -0.02834140695631504 0.9985832571983337 0.021631300449371338
1305031104.443288 0.9987803101539612 0.028912590816617012 -0.04002485051751137 0.0027600168250501156 -0.02776818908751011 0.9991977214813232 0.028859037905931473 -0.03554024547338486 0.040827129036188126 -0.027712425217032433 0.9987818002700806 0.01121329702436924
1305031104.475456 0.998802900314331 0.028421830385923386 -0.03981155529618263 -0.002983562881127 -0.02723924070596695 0.9991804957389832 0.029938658699393272 -0.03749541565775871 0.04062984511256218 -0.028818385675549507 0.9987585544586182 0.0010834551649168134
1305031104.511329 0.9986122250556946 0.025615345686674118 -0.0460176058113575 -0.00219594850204885 -0.024239160120487213 0.9992493391036987 0.03021889366209507 -0.04200521484017372 0.04675712808966637 -0.02906152419745922 0.998483419418335 -0.006061929743736982
1305031104.543368 0.9984433650970459 0.025914380326867104 -0.04938976839184761 -0.0025838231667876244 -0.024828050285577774 0.9994387626647949 0.022483106702566147 -0.04259353503584862 0.049944691359996796 -0.02122185006737709 0.9985264539718628 -0.01588604971766472
1305031104.575343 0.9983476400375366 0.02167801558971405 -0.053215090185403824 0.006275638472288847 -0.02082880586385727 0.9996475577354431 0.016461146995425224 -0.04838156700134277 0.05355318263173103 -0.015325542539358139 0.9984472990036011 -0.023875579237937927
1305031104.611336 0.9986719489097595 0.014974218793213367 -0.049296196550130844 0.015974370762705803 -0.014932471327483654 0.9998878240585327 0.0012151002883911133 -0.05688341706991196 0.04930886626243591 -0.00047736987471580505 0.9987833499908447 -0.029002470895648003
1305031104.643243 0.9993336796760559 0.015293031930923462 -0.03314311057329178 0.015914855524897575 -0.016147833317518234 0.999539852142334 -0.025678850710392 -0.0537690669298172 0.03273515775799751 0.026196926832199097 0.9991205334663391 -0.042899347841739655
1305031104.675525 0.9996878504753113 0.014931885525584221 -0.02003123238682747 0.021164273843169212 -0.015770751982927322 0.998976469039917 -0.04239517077803612 -0.06442073732614517 0.0193776935338974 0.04269783943891525 0.9989001154899597 -0.05238483101129532
1305031104.711277 0.999924898147583 0.011539728380739689 -0.004117662087082863 0.019817013293504715 -0.011802843771874905 0.9974107146263123 -0.07094069570302963 -0.06317152082920074 0.00328836590051651 0.07098397612571716 0.9974720478057861 -0.06338328868150711
1305031104.74328 0.9999305009841919 0.008007842116057873 0.008648790419101715 0.022946685552597046 -0.007130558602511883 0.9952498078346252 -0.0970931351184845 -0.0632767528295517 -0.009385213255882263 0.09702472388744354 0.9952377080917358 -0.07350799441337585
1305031104.775327 0.9997048377990723 0.005426644813269377 0.023676959797739983 0.02226128987967968 -0.0025187735445797443 0.9926303029060364 -0.12115643918514252 -0.06211776286363602 -0.02415994368493557 0.1210610568523407 0.9923510551452637 -0.08209410309791565
1305031104.811465 0.9994104504585266 0.0006099783349782228 0.03432852774858475 0.027936099097132683 0.0043091727420687675 0.9897077083587646 -0.14303933084011078 -0.059598177671432495 -0.034062460064888 0.14310291409492493 0.9891215562820435 -0.08850577473640442
1305031104.843258 0.9986928105354309 -0.0019675304647535086 0.05107731372117996 0.02294052019715309 0.010199480690062046 0.9868342876434326 -0.1614125669002533 -0.053967610001564026 -0.05008726567029953 0.16172254085540771 0.9855643510818481 -0.09586013853549957
1305031104.87535 0.9982640743255615 -0.00755736231803894 0.05840856209397316 0.02027406543493271 0.017663996666669846 0.9844961166381836 -0.17451459169387817 -0.04570163041353226 -0.056184131652116776 0.17524339258670807 0.9829207062721252 -0.1021660566329956
1305031104.911534 0.9981322288513184 -0.011949114501476288 0.059909772127866745 0.021928934380412102 0.02252950519323349 0.9835578203201294 -0.17918245494365692 -0.042904410511255264 -0.05678365379571915 0.18019753694534302 0.9819900989532471 -0.10442300885915756
1305031104.943262 0.9979915618896484 -0.013487999327480793 0.06189267337322235 0.02128913253545761 0.024535441771149635 0.9831071496009827 -0.18137884140014648 -0.04062894731760025 -0.05840069055557251 0.1825331151485443 0.9814637899398804 -0.1035463735461235
1305031104.975202 0.9980683326721191 -0.015044396743178368 0.06027580797672272 0.02057361602783203 0.02578526735305786 0.9830337166786194 -0.18160371482372284 -0.033392541110515594 -0.05652103200554848 0.18280716240406036 0.9815227389335632 -0.10063450038433075
1305031105.01129 0.9981557726860046 -0.017407286912202835 0.058154355734586716 0.02261717990040779 0.027310343459248543 0.9843477606773376 -0.1741083264350891 -0.02778664045035839 -0.05421335622668266 0.17537543177604675 0.9830078482627869 -0.09391086548566818
1305031105.043373 0.9982284903526306 -0.01583867333829403 0.05734984949231148 0.02138497866690159 0.02511049062013626 0.9860143661499023 -0.1647581309080124 -0.02266358584165573 -0.05393821373581886 0.16590632498264313 0.9846653342247009 -0.0847170501947403
1305031105.07532 0.9984545111656189 -0.011430793441832066 0.05438638851046562 0.021468807011842728 0.019454630091786385 0.9885885119438171 -0.14937953650951385 -0.024511877447366714 -0.052058231085538864 0.15020672976970673 0.9872831106185913 -0.07464497536420822
1305031105.111299 0.9984858632087708 -0.007191834039986134 0.05453553795814514 0.016429558396339417 0.014533109962940216 0.9906789064407349 -0.13544030487537384 -0.029486607760190964 -0.05305314436554909 0.13602782785892487 0.9892835021018982 -0.06551795452833176
1305031105.143106 0.9987213015556335 -0.003296671900898218 0.05044658109545708 0.011583138257265091 0.009758067317306995 0.9916769862174988 -0.12838059663772583 -0.016634393483400345 -0.049603480845689774 0.12870866060256958 0.990441083908081 -0.0529276505112648
1305031105.175159 0.9991412162780762 -0.0017234538681805134 0.041401207447052 0.012153685092926025 0.006033990997821093 0.9945361018180847 -0.10421846807003021 -0.009436070919036865 -0.04099537804722786 0.10437876731157303 0.9936923384666443 -0.03612178564071655
1305031105.211268 0.9993486404418945 0.0030579392332583666 0.035958852618932724 0.006098151206970215 -0.00034499214962124825 0.9971675872802734 -0.07521125674247742 -0.019718678668141365 -0.036086998879909515 0.07514984905719757 0.9965190887451172 -0.02420472726225853
1305031105.24327 0.9996060729026794 0.007265841588377953 0.027106910943984985 -0.00023244369367603213 -0.00564049556851387 0.9982085824012756 -0.059562403708696365 -0.01692597009241581 -0.027491115033626556 0.05938604101538658 0.9978564977645874 -0.010659029707312584
1305031105.275288 0.9998109936714172 0.009446454234421253 0.016992609947919846 -0.007097499445080757 -0.008738868869841099 0.9991108775138855 -0.04124372452497482 -0.011497746221721172 -0.017367107793688774 0.04108743369579315 0.9990046620368958 0.002761721145361662
1305031105.31129 0.9999272227287292 0.01191253587603569 0.0019214749336242676 -0.008504649624228477 -0.011874322779476643 0.9997527599334717 -0.01880243420600891 -0.015403356403112411 -0.0021449774503707886 0.0187782421708107 0.9998214244842529 0.016072433441877365
1305031105.343302 0.9998549818992615 0.014066669158637524 -0.009603526443243027 -0.011277402751147747 -0.014099023304879665 0.9998950958251953 -0.003309350460767746 -0.015371584333479404 0.00955597311258316 0.0034442711621522903 0.9999484419822693 0.030652230605483055
1305031105.375338 0.9997140765190125 0.01315898448228836 -0.019965965300798416 -0.012154255993664265 -0.013038664124906063 0.9998961091041565 0.006144539453089237 -0.018561890348792076 0.02004474587738514 -0.0058824531733989716 0.9997817873954773 0.046408481895923615
1305031105.411286 0.9994611144065857 0.013782709836959839 -0.02979005128145218 -0.013028070330619812 -0.013420592062175274 0.9998340606689453 0.012321580201387405 -0.008589610457420349 0.029954930767416954 -0.011915139853954315 0.9994801878929138 0.059798747301101685
1305031105.443316 0.9991334080696106 0.016187628731131554 -0.038345977663993835 -0.013507573865354061 -0.015048906207084656 0.9994425773620605 0.02980079874396324 -0.014671901240944862 0.03880700096487999 -0.02919790893793106 0.9988199472427368 0.07494815438985825
1305031105.47528 0.9988800883293152 0.01690598390996456 -0.044190965592861176 -0.015271722339093685 -0.015350124798715115 0.9992583990097046 0.03531301021575928 -0.011955948546528816 0.044755201786756516 -0.034595124423503876 0.9983987808227539 0.0880817100405693
1305031105.511332 0.99854975938797 0.016571087762713432 -0.051220908761024475 -0.012906118296086788 -0.014315846376121044 0.9989251494407654 0.04408726841211319 -0.009628599509596825 0.05189642682671547 -0.04329005628824234 0.9977138042449951 0.10069499909877777
1305031105.543282 0.9985260367393494 0.015013461001217365 -0.05215756595134735 -0.013951391912996769 -0.012217620387673378 0.9984923005104065 0.05351502448320389 -0.011485656723380089 0.052882373332977295 -0.05279889702796936 0.9972040057182312 0.11559987813234329
1305031105.575449 0.9984289407730103 0.015418827533721924 -0.05386972799897194 -0.01590786874294281 -0.012266496196389198 0.998219907283783 0.058365944772958755 -0.00898154266178608 0.05467376857995987 -0.057613443583250046 0.99684077501297 0.12884670495986938
1305031105.611378 0.998237133026123 0.013636608608067036 -0.05776263028383255 -0.013292362913489342 -0.009804981760680676 0.9977644681930542 0.06610546261072159 -0.011984256096184254 0.05853495001792908 -0.06542256474494934 0.9961393475532532 0.14423470199108124
1305031105.643273 0.9983074069023132 0.007689832244068384 -0.05764605849981308 -0.015247050672769547 -0.003847653977572918 0.9977811574935913 0.06646818667650223 -0.009526974521577358 0.058029286563396454 -0.06613387167453766 0.9961220026016235 0.15840309858322144
1305031105.711309 0.9982777833938599 0.006534723564982414 -0.05829837918281555 -0.009451665915548801 -0.002458674367517233 0.9975637197494507 0.06971661746501923 -0.008762874640524387 0.05861193314194679 -0.06945319473743439 0.995861828327179 0.1885172575712204
1305031105.743312 0.9987435340881348 0.005979909561574459 -0.04975353181362152 -0.010076995007693768 -0.0028405324555933475 0.9980137348175049 0.0629316121339798 -0.0013220086693763733 0.050031039863824844 -0.0627111941576004 0.9967768788337708 0.2009727954864502
1305031105.775339 0.9990451335906982 0.004853658378124237 -0.04342012107372284 -0.00593139324337244 -0.0019203212577849627 0.9977277517318726 0.06734540313482285 -0.004046669229865074 0.043648336082696915 -0.06719769537448883 0.9967843890190125 0.21624144911766052
1305031105.811283 0.9994303584098816 0.0026880758814513683 -0.033638328313827515 -0.006153132766485214 -0.0005483693676069379 0.9979842901229858 0.06345745921134949 -0.0010415436699986458 0.03374110907316208 -0.06340286135673523 0.9974173903465271 0.23138922452926636
1305031105.843271 0.9996243119239807 0.0009141982300207019 -0.027393558993935585 -0.003839413868263364 0.0007420291076414287 0.998174786567688 0.06038936227560043 0.0010561039671301842 0.02739875391125679 -0.060386985540390015 0.9977989196777344 0.24413500726222992
1305031105.875337 0.9998281002044678 -0.0037845526821911335 -0.018151700496673584 -0.002439324976876378 0.00480876537039876 0.9983788132667542 0.05671756714582443 0.008493536151945591 0.01790761575102806 -0.056795090436935425 0.9982251524925232 0.25747331976890564
1305031105.911262 0.999863862991333 -0.01310672052204609 -0.01002604141831398 -0.002958879806101322 0.013689461164176464 0.9980773329734802 0.060450032353401184 0.013643411919474602 0.009214461781084538 -0.06057904288172722 0.9981207847595215 0.2709583342075348
1305031105.943272 0.9998444318771362 -0.017385678365826607 -0.0029646558687090874 -0.003534863702952862 0.01754050888121128 0.9977717399597168 0.06437394767999649 0.019076019525527954 0.0018388656899333 -0.06441593170166016 0.9979214072227478 0.2834966480731964
1305031105.975329 0.9997782707214355 -0.021037695929408073 0.0009866533800959587 -0.0034052389673888683 0.02091233804821968 0.9971927404403687 0.0718977302312851 0.02432948164641857 -0.0024964474141597748 -0.0718611404299736 0.9974115490913391 0.2962827980518341
1305031106.011285 0.9996987581253052 -0.024137942120432854 0.00445180106908083 -0.0023560230620205402 0.023708917200565338 0.9965649247169495 0.07934994250535965 0.02891610562801361 -0.006351852789521217 -0.0792204886674881 0.9968368411064148 0.3091789186000824
1305031106.043355 0.9995956420898438 -0.027015620842576027 0.00886994693428278 -0.00328501733019948 0.026119211688637733 0.9956805109977722 0.08909595012664795 0.031806379556655884 -0.011238615959882736 -0.08882825076580048 0.9959835410118103 0.3207953870296478
1305031106.07533 0.9994898438453674 -0.029760008677840233 0.011594587005674839 -0.005690061021596193 0.028515003621578217 0.9949936866760254 0.09578289091587067 0.03644755855202675 -0.0143870385363698 -0.09540341794490814 0.9953347444534302 0.33227378129959106
1305031106.111327 0.9993823766708374 -0.0334746316075325 0.010692126117646694 -0.006367102265357971 0.032187722623348236 0.9940869212150574 0.1037072241306305 0.043265558779239655 -0.014100464060902596 -0.10329899936914444 0.9945504069328308 0.34251564741134644
1305031106.143355 0.999273955821991 -0.03722758963704109 0.008096528239548206 -0.008424777537584305 0.03600820526480675 0.9923060536384583 0.11845715343952179 0.04453784599900246 -0.012444106861948967 -0.11807960271835327 0.9929261803627014 0.35382115840911865
1305031106.175534 0.9992401003837585 -0.038657642900943756 0.004978823009878397 -0.00952543318271637 0.03772246092557907 0.9913039803504944 0.12606944143772125 0.046849749982357025 -0.009809075854718685 -0.12578582763671875 0.9920089244842529 0.36371803283691406
1305031106.211275 0.9991888403892517 -0.04019561782479286 0.0024231141433119774 -0.010679014027118683 0.039505671709775925 0.9901396632194519 0.13439711928367615 0.04611816257238388 -0.007801398169249296 -0.13419237732887268 0.990924596786499 0.373191773891449
1305031106.243267 0.9989180564880371 -0.046492356806993484 0.001070958562195301 -0.013174253515899181 0.04593437537550926 0.9900015592575073 0.13336807489395142 0.04954702407121658 -0.007260848768055439 -0.1331745833158493 0.9910659790039062 0.3807373344898224
1305031106.276385 0.9988403916358948 -0.0480717197060585 -0.002641400322318077 -0.014174030162394047 0.04799528047442436 0.989937961101532 0.133113831281662 0.05601776763796806 -0.003784189000725746 -0.13308624923229218 0.9910972714424133 0.387084424495697
1305031106.311238 0.998455822467804 -0.05509509891271591 -0.0071175964549183846 -0.013478446751832962 0.055548544973134995 0.9885348081588745 0.1404045969247818 0.059084922075271606 -0.0006996169686317444 -0.14058315753936768 0.9900686740875244 0.39279964566230774
1305031106.343258 0.9984387755393982 -0.054909855127334595 -0.010243279859423637 -0.013834238052368164 0.05582044646143913 0.987505316734314 0.1473681777715683 0.06613897532224655 0.0020233276300132275 -0.1477099061012268 0.9890286326408386 0.39520254731178284
1305031106.375388 0.9990930557250977 -0.04039144515991211 -0.013479771092534065 -0.009160000830888748 0.04206603392958641 0.9853425621986389 0.16531969606876373 0.06693601608276367 0.006604691036045551 -0.16573676466941833 0.9861478209495544 0.3979909121990204
1305031106.41132 0.9995293021202087 -0.03044857271015644 -0.003763379994779825 -0.007168234325945377 0.030621293932199478 0.9824725985527039 0.18387523293495178 0.058751873672008514 -0.0019013206474483013 -0.18390388786792755 0.9829423427581787 0.39941391348838806
1305031106.443278 0.9997208714485168 -0.020916348323225975 0.010988046415150166 -0.014141140505671501 0.01850246638059616 0.9822914004325867 0.18644395470619202 0.05548347532749176 -0.014693189412355423 -0.18618860840797424 0.9824041128158569 0.3982202708721161
1305031106.475345 0.9997738599777222 -0.018388943746685982 0.010673766024410725 -0.016501909121870995 0.016069477424025536 0.9822244644165039 0.1870214194059372 0.05285944789648056 -0.013923161663115025 -0.18680761754512787 0.9822977781295776 0.39498868584632874
1305031106.511129 0.9998406767845154 -0.01731809973716736 0.004334862343966961 -0.01774020493030548 0.0162289310246706 0.9828879237174988 0.18348869681358337 0.04928627610206604 -0.007438359782099724 -0.1833890825510025 0.9830122590065002 0.38925600051879883
1305031106.543302 0.9998513460159302 -0.016210762783885002 -0.005872366949915886 -0.015207361429929733 0.016996601596474648 0.983927845954895 0.17775575816631317 0.04598221555352211 0.0028964285738766193 -0.17782913148403168 0.9840571284294128 0.3803725242614746
1305031106.575282 0.9998486638069153 -0.01395704410970211 -0.010391106829047203 -0.014287597499787807 0.015540368854999542 0.9848991632461548 0.17243102192878723 0.04290240630507469 0.00782756507396698 -0.17256638407707214 0.9849668145179749 0.36958059668540955
1305031106.611151 0.9998818635940552 -0.006545327138155699 -0.01390903815627098 -0.01706974022090435 0.008824702352285385 0.9852782487869263 0.1707305610179901 0.04191441088914871 0.012586788274347782 -0.17083312571048737 0.9852195978164673 0.35763028264045715
1305031106.643207 0.9997928142547607 -0.0018029832281172276 -0.020275810733437538 -0.015693718567490578 0.005281493999063969 0.9849348664283752 0.1728455126285553 0.03508680313825607 0.019658714532852173 -0.17291681468486786 0.9847401976585388 0.3472555875778198
1305031106.675279 0.9997703433036804 -0.0009714299230836332 -0.021407678723335266 -0.021153593435883522 0.004484839271754026 0.9863349795341492 0.1646910309791565 0.036404579877853394 0.02095516212284565 -0.16474922001361847 0.9861128330230713 0.33327922224998474
1305031106.711508 0.9994395971298218 0.0014027842553332448 -0.03344268351793289 -0.02154366299510002 0.004290810786187649 0.9855088591575623 0.16956956684589386 0.031104272231459618 0.03319593891501427 -0.16961805522441864 0.9849505424499512 0.32091599702835083
1305031106.743341 0.9990107417106628 0.002276395680382848 -0.0444100983440876 -0.023377414792776108 0.0050990525633096695 0.9862373471260071 0.16525690257549286 0.02886641025543213 0.04417508468031883 -0.16531988978385925 0.9852501749992371 0.3058468997478485
1305031106.77539 0.9982965588569641 0.002476389752700925 -0.058290619403123856 -0.02067912183701992 0.007187279872596264 0.9862688779830933 0.16499090194702148 0.024135615676641464 0.057898808270692825 -0.16512881219387054 0.984571099281311 0.2905486822128296
1305031106.811289 0.9977009892463684 0.004644100088626146 -0.06760886311531067 -0.018838999792933464 0.006438076961785555 0.9866414666175842 0.1627795547246933 0.02474892884492874 0.06746166944503784 -0.16284061968326569 0.9843432903289795 0.2745940089225769
1305031106.843416 0.9970618486404419 0.007694090250879526 -0.07621260732412338 -0.017655707895755768 0.005288166459649801 0.9856548309326172 0.1686905473470688 0.013992249965667725 0.07641726732254028 -0.16859790682792664 0.9827182292938232 0.2607308328151703
1305031106.875905 0.9964849352836609 0.014013019390404224 -0.08259157091379166 -0.013823095709085464 -0.0008130231872200966 0.9874813556671143 0.15773320198059082 0.00950845517218113 0.08376795798540115 -0.15711158514022827 0.984021782875061 0.2438330054283142
1305031106.911243 0.9965663552284241 0.0223784688860178 -0.07971560955047607 -0.014137784019112587 -0.01035614125430584 0.988910973072052 0.14814823865890503 0.010789589956402779 0.08214697241783142 -0.1468140184879303 0.9857471585273743 0.22463756799697876
1305031106.943439 0.996477484703064 0.03096839226782322 -0.07793290913105011 -0.012998271733522415 -0.019008677452802658 0.9885386824607849 0.14976638555526733 0.0012398753315210342 0.08167770504951477 -0.147757425904274 0.9856453537940979 0.21110868453979492
1305031106.975547 0.9966071844100952 0.03638424724340439 -0.07382665574550629 -0.011743014678359032 -0.025764429941773415 0.9898144602775574 0.14001232385635376 -0.006687169894576073 0.07816892862319946 -0.13763520121574402 0.9873936772346497 0.19469481706619263
1305031107.011576 0.996842086315155 0.04271867871284485 -0.06694088131189346 -0.012829240411520004 -0.0342220664024353 0.991779625415802 0.12329574674367905 -0.0026794318109750748 0.07165763527154922 -0.12061551213264465 0.9901098012924194 0.17334376275539398
1305031107.043281 0.9969505071640015 0.04791612923145294 -0.06159356236457825 -0.013366377912461758 -0.0399324968457222 0.9913678765296936 0.124879851937294 -0.00876125693321228 0.06704562157392502 -0.12203941494226456 0.9902583360671997 0.1585032045841217
1305031107.075432 0.9971547722816467 0.04883386194705963 -0.05742562562227249 -0.017023621127009392 -0.04174940288066864 0.9920545816421509 0.11867942661046982 -0.01739293336868286 0.06276493519544601 -0.11594425141811371 0.9912707805633545 0.14210930466651917
1305031107.111229 0.9970108270645142 0.04956928640604019 -0.05926399677991867 -0.016301073133945465 -0.043033305555582047 0.9933396577835083 0.10688550770282745 -0.01593652553856373 0.06416751444339752 -0.10401569306850433 0.9925035834312439 0.12553448975086212
1305031107.14326 0.9969797134399414 0.04958352446556091 -0.05977467820048332 -0.012179214507341385 -0.04324459657073021 0.9937370419502258 0.10303694754838943 -0.016033638268709183 0.06450925767421722 -0.10014081001281738 0.9928798079490662 0.11040011048316956
1305031107.175399 0.9970458745956421 0.05117292329668999 -0.05727999284863472 -0.010593293234705925 -0.04519890248775482 0.9938461184501648 0.10112842172384262 -0.024312864989042282 0.062102533876895905 -0.0982406735420227 0.9932230710983276 0.09780913591384888
1305031107.211358 0.997100830078125 0.0538966991007328 -0.05371224880218506 -0.008148614317178726 -0.04893023148179054 0.9947534203529358 0.08984087407588959 -0.030180523172020912 0.05827256292104721 -0.08695225417613983 0.9945068359375 0.08423974364995956
1305031107.243378 0.9973871111869812 0.05408672243356705 -0.04789222031831741 -0.006582519505172968 -0.05029415339231491 0.9957513213157654 0.0771353542804718 -0.030440567061305046 0.051860738545656204 -0.07452511787414551 0.9958696365356445 0.07012833654880524
1305031107.275398 0.9976525902748108 0.052889782935380936 -0.04349770396947861 -0.002831866033375263 -0.0499001108109951 0.9964934587478638 0.067160964012146 -0.034510113298892975 0.04689731076359749 -0.06483276933431625 0.9967934489250183 0.05911698937416077
1305031107.311226 0.9978809356689453 0.05440423637628555 -0.03569202125072479 -0.003083422314375639 -0.05246996879577637 0.9972119927406311 0.05305873975157738 -0.03893279284238815 0.03847913444042206 -0.05107354000210762 0.9979532957077026 0.047518085688352585
1305031107.343509 0.9980990290641785 0.05428369343280792 -0.02918308414518833 -6.596592720597982e-05 -0.05335870012640953 0.9980756044387817 0.03159229829907417 -0.04400451481342316 0.030841870233416557 -0.02997506782412529 0.9990747570991516 0.035411279648542404
1305031107.375413 0.9983851313591003 0.05248362571001053 -0.021741047501564026 0.0033212509006261826 -0.052260175347328186 0.9985759854316711 0.010721663013100624 -0.03862304985523224 0.022272806614637375 -0.009568162262439728 0.9997060298919678 0.02529202401638031
1305031107.411271 0.9984003901481628 0.05522167310118675 -0.012136910110712051 0.004911601543426514 -0.05524109676480293 0.9984722137451172 -0.0012707971036434174 -0.041410770267248154 0.01204819604754448 0.0019392222166061401 0.9999255537986755 0.01616581715643406
1305031107.443419 0.9985314011573792 0.05399107187986374 -0.004471227526664734 0.008153455331921577 -0.054043881595134735 0.9984579086303711 -0.012680713087320328 -0.039680659770965576 0.0037796832621097565 0.012903742492198944 0.9999096393585205 0.009573259390890598
