1305031108.075352 0.9997696876525879 -0.010434512980282307 0.018752750009298325 0.00581562053412199 0.010451777838170528 0.9999449849128723 -0.00082282570656389 -0.0008198011782951653 -0.018743133172392845 0.0010186356958001852 0.999823808670044 0.0032465215772390366
1305031108.111378 0.9994722604751587 -0.010028574615716934 0.03089437074959278 0.010594327002763748 0.010197433643043041 0.9999338984489441 -0.005313007161021233 -0.0015225009992718697 -0.030839048326015472 0.005625247955322266 0.9995085597038269 0.006412236485630274
1305031108.143334 0.9992841482162476 -0.01117486972361803 0.03614066541194916 0.019621392711997032 0.011548716574907303 0.9998817443847656 -0.01015203446149826 0.00043289008317515254 -0.03602294251322746 0.01056214515119791 0.999295175075531 0.007267075125128031
1305031108.176058 0.9989364743232727 -0.018381871283054352 0.04228492081165314 0.02717861719429493 0.01881457306444645 0.9997743964195251 -0.009857838973402977 0.00612255884334445 -0.04209417477250099 0.010642926208674908 0.9990569353103638 0.009547475725412369
1305031108.211475 0.9988229870796204 -0.016279254108667374 0.045690882951021194 0.03265402093529701 0.01619882509112358 0.9998664855957031 0.002130029955878854 0.003691850695759058 -0.045719463378190994 -0.0013873842544853687 0.9989532828330994 0.013046934269368649
1305031108.243347 0.9989107847213745 -0.01169715914875269 0.045170195400714874 0.04802686721086502 0.011357446201145649 0.9999053478240967 0.0077700549736619 -0.0016339445719495416 -0.04525680094957352 -0.00724857347086072 0.9989490509033203 0.017710357904434204
1305031108.275358 0.998321533203125 -0.013873370364308357 0.05622861906886101 0.05150308832526207 0.013790714554488659 0.9999032020568848 0.001857734750956297 0.006028659176081419 -0.05624895542860031 -0.0010791836539283395 0.9984161853790283 0.018185077235102654
1305031108.311332 0.9981040358543396 -0.01620260439813137 0.05937878042459488 0.05713128671050072 0.015795689076185226 0.999848484992981 0.007315916009247303 0.009836620651185513 -0.05948832258582115 -0.006364115513861179 0.99820876121521 0.019873883575201035
1305031108.343278 0.9982632994651794 -0.020657438784837723 0.05516938120126724 0.06359005719423294 0.019756333902478218 0.999663233757019 0.0168292298913002 0.012169177643954754 -0.05549844354391098 -0.015710052102804184 0.9983351230621338 0.023595871403813362
1305031108.37541 0.9983060956001282 -0.031109260395169258 0.04916449263691902 0.07006021589040756 0.029834039509296417 0.9992045760154724 0.026462359353899956 0.014105656184256077 -0.04994859918951988 -0.02495075762271881 0.9984400272369385 0.02650192752480507
1305031108.411361 0.9983195066452026 -0.043320637196302414 0.03848855197429657 0.07965483516454697 0.0419108085334301 0.9984468221664429 0.036711227148771286 0.014558025635778904 -0.04001912474632263 -0.03503645583987236 0.9985843300819397 0.028364352881908417
1305031108.44361 0.9979367256164551 -0.055941201746463776 0.03151150792837143 0.09122742712497711 0.05449901521205902 0.9975037574768066 0.04490373283624649 0.01646961271762848 -0.03394481539726257 -0.0430937334895134 0.9984940886497498 0.029355835169553757
1305031108.475471 0.9971498847007751 -0.06836585700511932 0.03190774470567703 0.09796202182769775 0.06650427728891373 0.9962049722671509 0.05615171045064926 0.011862663552165031 -0.03562551364302635 -0.05386967584490776 0.9979121685028076 0.03182045370340347
1305031108.511378 0.9962967038154602 -0.07838732749223709 0.03533105179667473 0.10792161524295807 0.07632273435592651 0.995485782623291 0.056419678032398224 0.01066514104604721 -0.039594147354364395 -0.053514186292886734 0.9977818131446838 0.03571030870079994
1305031108.543737 0.9959403276443481 -0.07573308795690536 0.04865450784564018 0.11818297952413559 0.0732082799077034 0.995974063873291 0.05173405632376671 0.007514531724154949 -0.052376605570316315 -0.04796213284134865 0.9974749684333801 0.03715359419584274
1305031108.575414 0.9957797527313232 -0.07303261756896973 0.05557800084352493 0.12676891684532166 0.07096279412508011 0.996741533279419 0.03834857791662216 0.015714820474386215 -0.05819759517908096 -0.03424276411533356 0.9977176785469055 0.03607082739472389
1305031108.611407 0.9950610399246216 -0.07446591556072235 0.06563887000083923 0.13730332255363464 0.07178594917058945 0.9965232610702515 0.0422862246632576 0.014368502423167229 -0.06855954974889755 -0.03736543655395508 0.9969469904899597 0.03645935654640198
1305031108.643303 0.9940056800842285 -0.07795998454093933 0.07664894312620163 0.14475366473197937 0.07494557648897171 0.9963256120681763 0.04145144298672676 0.017137577757239342 -0.07959886640310287 -0.03545847535133362 0.9961960911750793 0.037423066794872284
1305031108.675375 0.9928817749023438 -0.08381646126508713 0.08462084084749222 0.15417985618114471 0.08011643588542938 0.9957133531570435 0.04621836543083191 0.020780421793460846 -0.08813197165727615 -0.039109863340854645 0.9953407645225525 0.03838139399886131
1305031108.711411 0.9907285571098328 -0.09489454329013824 0.09722112864255905 0.16173867881298065 0.0898033082485199 0.9944131374359131 0.05547851696610451 0.020976902917027473 -0.10194256156682968 -0.046233393251895905 0.9937154054641724 0.04104924574494362
1305031108.743502 0.9892635345458984 -0.09691349416971207 0.10938724130392075 0.16474050283432007 0.0905810296535492 0.993990957736969 0.061457470059394836 0.019012723118066788 -0.11468598246574402 -0.050889234989881516 0.9920975565910339 0.042884357273578644
1305031108.775493 0.988051176071167 -0.10184893012046814 0.11567950248718262 0.17054827511310577 0.09502415359020233 0.9934751987457275 0.0630679577589035 0.02094373106956482 -0.12134809792041779 -0.05132204666733742 0.9912824034690857 0.042874835431575775
1305031108.811244 0.9861608743667603 -0.1114671602845192 0.12272591888904572 0.17230293154716492 0.10366638749837875 0.9922690391540527 0.068230539560318 0.020072024315595627 -0.12938261032104492 -0.05456375703215599 0.9900923371315002 0.04344400763511658
1305031108.843264 0.9847863912582397 -0.1214083656668663 0.12432043254375458 0.1724873036146164 0.11367301642894745 0.9912187457084656 0.0675560012459755 0.01957867667078972 -0.13143064081668854 -0.05239636078476906 0.9899396300315857 0.04377124458551407
1305031108.876515 0.9838137626647949 -0.13275882601737976 0.12035541981458664 0.17206577956676483 0.12559984624385834 0.9899317026138306 0.0652673989534378 0.018687648698687553 -0.12780848145484924 -0.04909434914588928 0.9905830025672913 0.0437965951859951
1305031108.911364 0.9831885695457458 -0.1435910016298294 0.11279040575027466 0.1733616143465042 0.13754034042358398 0.9886922836303711 0.05975021794438362 0.017678044736385345 -0.12009462714195251 -0.043232496827840805 0.9918206334114075 0.04242438077926636
1305031108.943243 0.9833173155784607 -0.14755874872207642 0.10636406391859055 0.17261216044425964 0.14274784922599792 0.9884157180786133 0.05154925212264061 0.015593023970723152 -0.1127384752035141 -0.03550603240728378 0.9929901361465454 0.03985185921192169
1305031108.975268 0.9851551651954651 -0.14342822134494781 0.09432618319988251 0.1711568683385849 0.14002172648906708 0.9892644882202148 0.04182666167616844 0.0168249923735857 -0.0993126779794693 -0.02799803949892521 0.9946622252464294 0.034662920981645584
1305031109.011269 0.9862832427024841 -0.14038632810115814 0.08681514859199524 0.1703168898820877 0.1374460756778717 0.9897413849830627 0.03899514675140381 0.019342463463544846 -0.09139889478683472 -0.02652786672115326 0.9954609274864197 0.03574856370687485
1305031109.043277 0.9872777462005615 -0.13296714425086975 0.08719070255756378 0.1635245382785797 0.12991878390312195 0.9907264709472656 0.0397762730717659 0.015742093324661255 -0.09167106449604034 -0.02794252149760723 0.9953972101211548 0.032900065183639526
1305031109.07541 0.9889880418777466 -0.12326301634311676 0.08190703392028809 0.15882866084575653 0.1205039694905281 0.9919915795326233 0.03783409297466278 0.02026217244565487 -0.08591463416814804 -0.02754734829068184 0.9959215521812439 0.03074452467262745
1305031109.111282 0.9899932742118835 -0.11844144761562347 0.07671263813972473 0.15518301725387573 0.11511554569005966 0.9922663569450378 0.04643084853887558 0.018339253962039948 -0.08161871135234833 -0.03713541477918625 0.9959715604782104 0.029324129223823547
1305031109.143334 0.9906935095787048 -0.11118916422128677 0.07850654423236847 0.14099057018756866 0.10757841914892197 0.9929968118667603 0.04882713779807091 0.01587263122200966 -0.08338579535484314 -0.03992711007595062 0.9957171678543091 0.030117496848106384
1305031109.175464 0.9923838973045349 -0.10401209443807602 0.06599849462509155 0.1334352046251297 0.10111592710018158 0.9938192963600159 0.045810431241989136 0.018110988661646843 -0.07035543024539948 -0.03878802806138992 0.9967676401138306 0.025721658021211624
1305031109.211379 0.9925819635391235 -0.10939772427082062 0.05304074287414551 0.12891800701618195 0.10683564096689224 0.9930707812309265 0.048954304307699203 0.025356890633702278 -0.058028701692819595 -0.042924512177705765 0.9973917007446289 0.024501560255885124
1305031109.24329 0.9911589026451111 -0.1228615790605545 0.05009137839078903 0.11813953518867493 0.11948853731155396 0.9906697869300842 0.06554264575242996 0.02606232278048992 -0.05767668038606644 -0.058977823704481125 0.9965918064117432 0.028999267145991325
1305031109.275308 0.9907045364379883 -0.12829771637916565 0.04521564766764641 0.10623915493488312 0.12459983676671982 0.989227831363678 0.07683274149894714 0.01650407910346985 -0.05458604171872139 -0.07048467546701431 0.9960182309150696 0.028962131589651108
1305031109.311329 0.9910136461257935 -0.12978681921958923 0.03236115723848343 0.09319783747196198 0.12734420597553253 0.9894798994064331 0.06865085661411285 0.018443895503878593 -0.04093068838119507 -0.06391293555498123 0.9971157312393188 0.027437768876552582
1305031109.343248 0.9917088747024536 -0.12726616859436035 0.017799340188503265 0.07991383969783783 0.12576061487197876 0.9896480441093445 0.06914668530225754 0.022451581433415413 -0.026415111497044563 -0.06633493304252625 0.9974477291107178 0.026197712868452072
1305031109.375397 0.9921443462371826 -0.12502668797969818 -0.004229761194437742 0.07603158056735992 0.12499641627073288 0.989406168460846 0.07383260875940323 0.02066892385482788 -0.005046096630394459 -0.07378130406141281 0.9972617030143738 0.02440507337450981
1305031109.411329 0.9927500486373901 -0.11853092163801193 -0.019943010061979294 0.06886545568704605 0.11967083066701889 0.9902116656303406 0.07183071225881577 0.022105621173977852 0.01123364269733429 -0.0736965462565422 0.9972174763679504 0.022328954190015793
1305031109.443302 0.9937564134597778 -0.10706166923046112 -0.031401704996824265 0.06141001731157303 0.1091390997171402 0.9912453889846802 0.07430458068847656 0.025408579036593437 0.023171626031398773 -0.07726780325174332 0.9967410564422607 0.02111789397895336
1305031109.475363 0.9944180250167847 -0.09939244389533997 -0.0354117825627327 0.05268707871437073 0.10199812054634094 0.9914373159408569 0.08153720200061798 0.022646259516477585 0.027004383504390717 -0.08469398319721222 0.9960410594940186 0.021690983325242996
1305031109.511273 0.9951613545417786 -0.09170915931463242 -0.03526224195957184 0.042009755969047546 0.09439349174499512 0.9919829964637756 0.08402279019355774 0.01859484612941742 0.027273880317807198 -0.08694475889205933 0.9958397150039673 0.02012813277542591
1305031109.543294 0.9955293536186218 -0.08626977354288101 -0.038459017872810364 0.03392884135246277 0.08908524364233017 0.9929046630859375 0.07876699417829514 0.018358556553721428 0.031390924006700516 -0.08184097707271576 0.9961509108543396 0.017466990277171135
1305031109.575362 0.9955397248268127 -0.08679047971963882 -0.03698749840259552 0.02380611002445221 0.08940865844488144 0.9930711388587952 0.07626199722290039 0.020118938758969307 0.030112402513623238 -0.07922884821891785 0.9964014887809753 0.014879788272082806
1305031109.61131 0.9958151578903198 -0.08250473439693451 -0.039310552179813385 0.014297012239694595 0.08528676629066467 0.9935052990913391 0.07532190531492233 0.020822474732995033 0.032840829342603683 -0.07835935056209564 0.9963840842247009 0.014236677438020706
1305031109.643229 0.99587482213974 -0.08005319535732269 -0.042719583958387375 0.008390594273805618 0.08308287709951401 0.9937450885772705 0.07461792230606079 0.022562239319086075 0.03647897019982338 -0.07785937190055847 0.9962967038154602 0.012486585415899754
1305031109.675263 0.9955361485481262 -0.08481491357088089 -0.04140455648303032 -0.0026064873673021793 0.08786973357200623 0.9930269718170166 0.07859022170305252 0.02345222420990467 0.034450214356184006 -0.08187761902809143 0.9960468411445618 0.010926555842161179
1305031109.711312 0.9954870939254761 -0.08318233489990234 -0.04567645490169525 -0.013588912785053253 0.08677590638399124 0.99273681640625 0.08332754671573639 0.02426394261419773 0.03841331601142883 -0.08691510558128357 0.9954748749732971 0.010827742516994476
1305031109.743274 0.9953519105911255 -0.0802079364657402 -0.05330663174390793 -0.021273139864206314 0.08487208187580109 0.9921430945396423 0.0919175073504448 0.02449405938386917 0.04551529511809349 -0.09601449966430664 0.9943388104438782 0.010522162541747093
1305031109.775277 0.9953598976135254 -0.07913828641176224 -0.05473381653428078 -0.030195044353604317 0.08420824259519577 0.9916622042655945 0.09754619002342224 0.023790642619132996 0.04655781388282776 -0.10170260071754456 0.9937247037887573 0.010646207258105278
1305031109.811371 0.9954658150672913 -0.07696732133626938 -0.05589299649000168 -0.0401470884680748 0.08233092725276947 0.9914711117744446 0.10102760046720505 0.024744754657149315 0.04764047637581825 -0.10517121106386185 0.9933122992515564 0.009870841167867184
1305031109.843296 0.9953821897506714 -0.07402615249156952 -0.061111003160476685 -0.04942554235458374 0.0802605077624321 0.9910345077514648 0.10681226849555969 0.02535683661699295 0.05265621840953827 -0.11122379451990128 0.9923993349075317 0.010674819350242615
1305031109.875306 0.995634138584137 -0.06902624666690826 -0.06283367425203323 -0.06297421455383301 0.07586169987916946 0.9905981421470642 0.11384376883506775 0.025031592696905136 0.05438470095396042 -0.11811339110136032 0.9915096759796143 0.01089748926460743
1305031109.911265 0.9952219128608704 -0.0612005814909935 -0.07607896625995636 -0.07009363919496536 0.06986093521118164 0.9906781911849976 0.11694452166557312 0.023776549845933914 0.06821269541978836 -0.12170067429542542 0.9902201294898987 0.013587030582129955
1305031109.943299 0.9955989122390747 -0.05040480196475983 -0.07900914549827576 -0.08076164871454239 0.05935364216566086 0.9915503859519958 0.11534711718559265 0.028485141694545746 0.07252751290798187 -0.11952894926071167 0.9901779294013977 0.011142580769956112
1305031109.975258 0.9960499405860901 -0.039595287293195724 -0.07948001474142075 -0.09246543049812317 0.04912962019443512 0.9913339018821716 0.12183411419391632 0.029540635645389557 0.07396716624498367 -0.1252576857805252 0.9893630743026733 0.013677019625902176
1305031110.011256 0.9961471557617188 -0.02448095940053463 -0.08421342819929123 -0.10109612345695496 0.03499810770153999 0.9914414882659912 0.12577316164970398 0.03047025576233864 0.08041365444660187 -0.12823589146137238 0.9884780645370483 0.016199849545955658
1305031110.043299 0.9962854385375977 -0.01081933081150055 -0.08543107658624649 -0.10975383222103119 0.022107554599642754 0.9909610152244568 0.13231560587882996 0.029276669025421143 0.08322729170322418 -0.1337127685546875 0.9875190854072571 0.016862519085407257
1305031110.075319 0.9957797527313232 -0.0013943082885816693 -0.09176438301801682 -0.11178724467754364 0.01408813614398241 0.9903557896614075 0.1378292739391327 0.028912115842103958 0.09068721532821655 -0.1385403573513031 0.986195981502533 0.018627546727657318
1305031110.111325 0.9954543709754944 0.008089344017207623 -0.0948958471417427 -0.11992734670639038 0.006185516715049744 0.9887914657592773 0.14917483925819397 0.02729134075343609 0.09503894299268723 -0.1490837186574936 0.9842467904090881 0.020515108481049538
1305031110.143432 0.9952468872070312 0.01820068061351776 -0.09567015618085861 -0.13333509862422943 -0.0035777525044977665 0.98855060338974 0.1508466601371765 0.0262906551361084 0.0973203182220459 -0.14978738129138947 0.9839168787002563 0.021660853177309036
1305031110.175641 0.9939396977424622 0.018428340554237366 -0.10837039351463318 -0.13482743501663208 -0.0014751921407878399 0.9879950881004333 0.15447813272476196 0.02715824358165264 0.10991619527339935 -0.1533821076154709 0.9820348620414734 0.021249104291200638
1305031110.211637 0.9935131669044495 0.023579062893986702 -0.11124575883150101 -0.1446468085050583 -0.005131518468260765 0.9865667223930359 0.16327886283397675 0.025332419201731682 0.11360133439302444 -0.16164883971214294 0.9802879095077515 0.021221574395895004
1305031110.243323 0.9925031661987305 0.024178115651011467 -0.11980319023132324 -0.15141864120960236 -0.004085673950612545 0.9862527251243591 0.1651933342218399 0.023475736379623413 0.12215030938386917 -0.16346541047096252 0.9789577722549438 0.02203708328306675
1305031110.279321 0.99115389585495 0.025168515741825104 -0.13030867278575897 -0.155166357755661 -0.0034995765890926123 0.9864685535430908 0.16391323506832123 0.021429698914289474 0.13267090916633606 -0.16200725734233856 0.9778302311897278 0.023295849561691284
1305031110.311404 0.9906713962554932 0.029883237555623055 -0.13295429944992065 -0.16516855359077454 -0.008885014802217484 0.9877479076385498 0.15580518543720245 0.02364441566169262 0.13598130643367767 -0.15317045152187347 0.9787992238998413 0.022099336609244347
1305031110.343355 0.9891977906227112 0.03148980811238289 -0.14316467940807343 -0.17147265374660492 -0.009243780747056007 0.9881100654602051 0.15346983075141907 0.024942222982645035 0.14629524946212769 -0.15048864483833313 0.9777273535728455 0.022531062364578247
1305031110.379281 0.987847089767456 0.038604121655225754 -0.1505589634180069 -0.1813989281654358 -0.015181356109678745 0.987997829914093 0.15372011065483093 0.02274598367512226 0.15468616783618927 -0.14956621825695038 0.9765766859054565 0.01761605776846409
1305031110.411469 0.9856054782867432 0.045267682522535324 -0.16288931667804718 -0.18797752261161804 -0.02046365663409233 0.9883455634117126 0.1508449912071228 0.026076611131429672 0.16781936585903168 -0.14534029364585876 0.9750449657440186 0.015136327594518661
1305031110.44326 0.9838863611221313 0.055358801037073135 -0.1700087934732437 -0.19827009737491608 -0.028516555204987526 0.9872747659683228 0.15644650161266327 0.02927987091243267 0.1765061318874359 -0.14907753467559814 0.9729447364807129 0.017452284693717957
1305031110.479331 0.9804091453552246 0.06750921905040741 -0.1850413978099823 -0.20409733057022095 -0.03672776743769646 0.9856115579605103 0.16498799622058868 0.026968002319335938 0.19351716339588165 -0.15495960414409637 0.9687820076942444 0.02020954340696335
1305031110.511429 0.9776199460029602 0.07520519196987152 -0.19647756218910217 -0.21393243968486786 -0.04202554374933243 0.9849105477333069 0.16788366436958313 0.02547258883714676 0.20613858103752136 -0.15586930513381958 0.9660287499427795 0.015162147581577301
1305031110.543408 0.9745944142341614 0.0830039232969284 -0.2080291360616684 -0.22079060971736908 -0.04789732024073601 0.9845472574234009 0.16844187676906586 0.029382310807704926 0.21879585087299347 -0.15419842302799225 0.9635097980499268 0.013634618371725082
1305031110.579426 0.9708518981933594 0.09471899271011353 -0.2201700657606125 -0.22581832110881805 -0.05604781210422516 0.9828497171401978 0.17568424344062805 0.03215794637799263 0.23303474485874176 -0.15822330117225647 0.959510326385498 0.014370951801538467
1305031110.611307 0.9686978459358215 0.10436999797821045 -0.22523616254329681 -0.23266063630580902 -0.062295593321323395 0.9804932475090027 0.18641966581344604 0.029841281473636627 0.24029918015003204 -0.16655310988426208 0.9563034176826477 0.017508789896965027
1305031110.643418 0.9679328203201294 0.10912788659334183 -0.22626762092113495 -0.2403630018234253 -0.06691890209913254 0.9801791906356812 0.18646886944770813 0.026898497715592384 0.2421317994594574 -0.16534778475761414 0.9560503363609314 0.015728477388620377
1305031110.679606 0.9664068818092346 0.11210092902183533 -0.23128145933151245 -0.24382171034812927 -0.06952747702598572 0.9803425669670105 0.18464714288711548 0.030042601749300957 0.24743415415287018 -0.16236385703086853 0.9552038908004761 0.01244824007153511
1305031110.711412 0.9655855894088745 0.11717768758535385 -0.23219355940818787 -0.24964582920074463 -0.07276184856891632 0.9788150787353516 0.19138121604919434 0.030123207718133926 0.2497001737356186 -0.16790013015270233 0.9536558985710144 0.014096494764089584
1305031110.743249 0.9644794464111328 0.1213107630610466 -0.23465503752231598 -0.2535274624824524 -0.07560255378484726 0.977921187877655 0.19481898844242096 0.027846340090036392 0.25310781598091125 -0.17015840113162994 0.9523563385009766 0.013540439307689667
1305031110.779193 0.9634047150611877 0.1228640004992485 -0.2382338047027588 -0.2556266486644745 -0.07685409486293793 0.9780617952346802 0.19362038373947144 0.029545161873102188 0.25679630041122437 -0.16822563111782074 0.9517120718955994 0.013848703354597092
1305031110.811386 0.9629886746406555 0.12702994048595428 -0.23773090541362762 -0.25814688205718994 -0.08077104389667511 0.9774497747421265 0.19511041045188904 0.02999572455883026 0.2571548521518707 -0.1686873733997345 0.9515334963798523 0.013689517974853516
1305031110.843218 0.9615564942359924 0.13172955811023712 -0.24094843864440918 -0.25993266701698303 -0.08414707332849503 0.9765646457672119 0.19809319078922272 0.030249610543251038 0.26139646768569946 -0.17020274698734283 0.9501068592071533 0.013489030301570892
1305031110.879313 0.9600467681884766 0.13239102065563202 -0.2465413212776184 -0.2585635185241699 -0.08358360826969147 0.9764551520347595 0.19887009263038635 0.02986880950629711 0.267065167427063 -0.17031781375408173 0.9485083818435669 0.014394722878932953
1305031110.911333 0.9594611525535583 0.13340146839618683 -0.24827063083648682 -0.2587437033653259 -0.0841047465801239 0.9762727618217468 0.1995442658662796 0.030633490532636642 0.2689993679523468 -0.17057423293590546 0.9479154944419861 0.013964548707008362
1305031110.943862 0.957939088344574 0.13580211997032166 -0.25280532240867615 -0.2562465965747833 -0.08611274510622025 0.9763739705085754 0.1981876790523529 0.03194894641637802 0.27374690771102905 -0.16808193922042847 0.9470010995864868 0.014269262552261353
1305031110.979345 0.9577863216400146 0.1367836743593216 -0.25285449624061584 -0.251252681016922 -0.08761124312877655 0.9765949249267578 0.1964346319437027 0.03465588018298149 0.2738054692745209 -0.16598951816558838 0.947353184223175 0.015507437288761139
1305031111.011431 0.9578304886817932 0.13413365185260773 -0.25410422682762146 -0.23914633691310883 -0.08270514011383057 0.9756273627281189 0.20325106382369995 0.030958538874983788 0.27517393231391907 -0.17366431653499603 0.9455791711807251 0.016249895095825195
1305031111.043327 0.9632865190505981 0.12857353687286377 -0.2356863170862198 -0.2411571592092514 -0.08278641104698181 0.9773417711257935 0.1948065459728241 0.036263976246118546 0.2553930878639221 -0.16814292967319489 0.9521041512489319 0.01909894123673439
1305031111.079283 0.9657312035560608 0.12543907761573792 -0.22721867263317108 -0.2392689287662506 -0.08132540434598923 0.9776143431663513 0.19405317306518555 0.04032823443412781 0.24647405743598938 -0.16892459988594055 0.9543138742446899 0.019230607897043228
1305031111.111508 0.9665903449058533 0.11791693419218063 -0.22759349644184113 -0.23104208707809448 -0.07199355959892273 0.9770536422729492 0.20045767724514008 0.03602023422718048 0.24600844085216522 -0.17737522721290588 0.9528997540473938 0.021566834300756454
1305031111.143257 0.9680767059326172 0.11604531854391098 -0.2221735566854477 -0.22579553723335266 -0.07199639081954956 0.9777582287788391 0.19699107110500336 0.03534698858857155 0.24009191989898682 -0.17470683157444 0.9548997282981873 0.02237037569284439
1305031111.179326 0.9674880504608154 0.11398117244243622 -0.22577717900276184 -0.21113033592700958 -0.0704595297574997 0.978819727897644 0.1922171413898468 0.03547774627804756 0.24290429055690765 -0.1700596809387207 0.9550274014472961 0.024439498782157898
1305031111.211433 0.9725152850151062 0.10547920316457748 -0.20757722854614258 -0.20586422085762024 -0.06640435010194778 0.980125367641449 0.18693552911281586 0.0366857685148716 0.2231695055961609 -0.16801367700099945 0.9601911306381226 0.02357090264558792
1305031111.243236 0.9747100472450256 0.10256738215684891 -0.19854527711868286 -0.20322926342487335 -0.0643334910273552 0.9796273708343506 0.1902403086423874 0.0319446362555027 0.21401284635066986 -0.17265602946281433 0.9614511728286743 0.023495633155107498
1305031111.279308 0.9735642671585083 0.09751418977975845 -0.2065514326095581 -0.18782927095890045 -0.05884313955903053 0.9808412790298462 0.1857086420059204 0.02824452519416809 0.22070340812206268 -0.16864515841007233 0.9606502056121826 0.026868436485528946
1305031111.311547 0.9777707457542419 0.08807554841041565 -0.1902812421321869 -0.18632110953330994 -0.05496847629547119 0.983431875705719 0.17274299263954163 0.03382570296525955 0.20234307646751404 -0.1584435999393463 0.966412365436554 0.02187848836183548
1305031111.343397 0.9771344065666199 0.08845727890729904 -0.193348690867424 -0.18227356672286987 -0.05296754464507103 0.9819523096084595 0.1815602332353592 0.03277803957462311 0.2059195190668106 -0.1671675443649292 0.9641847610473633 0.022250015288591385
1305031111.379134 0.9750303626060486 0.08172740042209625 -0.2064860761165619 -0.1679806113243103 -0.043687254190444946 0.9822387099266052 0.18247918784618378 0.028822101652622223 0.21773217618465424 -0.16890192031860352 0.9612829089164734 0.027865778654813766
1305031111.411296 0.9761809706687927 0.08101514726877213 -0.20126406848430634 -0.16612613201141357 -0.0462978258728981 0.9840836524963379 0.17156882584095 0.030691614374518394 0.2119603455066681 -0.1581641435623169 0.9643945097923279 0.022939950227737427
1305031111.443386 0.9722322225570679 0.08964613825082779 -0.2161664217710495 -0.15261846780776978 -0.0521533377468586 0.9834879040718079 0.17329585552215576 0.030839353799819946 0.22813235223293304 -0.15721000730991364 0.9608539938926697 0.026947636157274246
1305031111.479259 0.9718924760818481 0.08585389703512192 -0.21921221911907196 -0.13297951221466064 -0.04975688457489014 0.985008180141449 0.16517537832260132 0.03143693506717682 0.23010678589344025 -0.14962539076805115 0.9615939855575562 0.03524753451347351
1305031111.511264 0.9770517945289612 0.08560694009065628 -0.1950417459011078 -0.12644147872924805 -0.05441654846072197 0.985615074634552 0.16000516712665558 0.028345253318548203 0.20593369007110596 -0.14571990072727203 0.9676553606987 0.033633675426244736
1305031111.54325 0.980103611946106 0.07988888770341873 -0.18169967830181122 -0.11829055100679398 -0.05145466327667236 0.9863933324813843 0.1561422049999237 0.02499653771519661 0.19170138239860535 -0.14368624985218048 0.9708782434463501 0.03256505727767944
1305031111.579237 0.9834015965461731 0.06509952247142792 -0.16936159133911133 -0.10582157969474792 -0.040722645819187164 0.9887949228286743 0.1436179280281067 0.029495904222130775 0.17681337893009186 -0.13433726131916046 0.9750336408615112 0.03388936445116997
1305031111.611271 0.9864845275878906 0.05132607743144035 -0.15560811758041382 -0.10314616560935974 -0.028330273926258087 0.9887980222702026 0.14654597640037537 0.027716076001524925 0.1613866686820984 -0.14015695452690125 0.976888120174408 0.032425377517938614
1305031111.643395 0.9857070446014404 0.03572900593280792 -0.1646362543106079 -0.08769499510526657 -0.011973298154771328 0.9896383285522461 0.14308282732963562 0.023088065907359123 0.16804258525371552 -0.13906654715538025 0.9759211540222168 0.03478952497243881
1305031111.67932 0.9876055717468262 0.01734844408929348 -0.15599371492862701 -0.07234501093626022 0.003631211118772626 0.9910812377929688 0.1332099735736847 0.024153659120202065 0.15691347420215607 -0.13212540745735168 0.9787343740463257 0.029682081192731857
1305031111.71176 0.9901159405708313 0.012951813638210297 -0.13965246081352234 -0.06469433009624481 0.006019131280481815 0.9908854961395264 0.13457265496253967 0.02313964068889618 0.14012260735034943 -0.1340831220149994 0.9810133576393127 0.033022068440914154
1305031111.743386 0.9915006160736084 0.004331602714955807 -0.13002999126911163 -0.04429521784186363 0.012956645339727402 0.9911896586418152 0.13181544840335846 0.018581120297312737 0.1294553577899933 -0.13237985968589783 0.9827089309692383 0.033016689121723175
1305031111.779423 0.9953910112380981 -0.007482264656573534 -0.09560710191726685 -0.03351738303899765 0.01932433620095253 0.9921509027481079 0.12354449927806854 0.021545013412833214 0.09393233060836792 -0.12482264637947083 0.9877225756645203 0.03468536585569382
1305031111.811406 0.9981138110160828 -0.009766556322574615 -0.06060926988720894 -0.033576373010873795 0.016764342784881592 0.9931020736694336 0.1160472109913826 0.02352222055196762 0.05905781686306 -0.11684438586235046 0.9913927316665649 0.036690108478069305
1305031111.843299 0.999098002910614 -0.01501124631613493 -0.039721980690956116 -0.027622690424323082 0.01916523277759552 0.9941434264183044 0.10635453462600708 0.026646746322512627 0.03789283335208893 -0.10701991617679596 0.9935345649719238 0.03700505569577217
1305031111.879442 0.9994489550590515 -0.02379446104168892 -0.02314719557762146 -0.024021293967962265 0.02613464742898941 0.9939477443695068 0.10669934749603271 0.02802102267742157 0.020468249917030334 -0.10724549740552902 0.9940218925476074 0.03792831301689148
1305031111.911354 0.9991768002510071 -0.03491701930761337 -0.020654641091823578 -0.02051515318453312 0.036930497735738754 0.9935891032218933 0.10684900730848312 0.025940071791410446 0.01679138094186783 -0.1075238361954689 0.9940606951713562 0.04077374190092087
1305031111.9433 0.9980438947677612 -0.051962755620479584 -0.0347602404654026 -0.006123070605099201 0.05530153959989548 0.993119478225708 0.10322537273168564 0.026165645569562912 0.02915719524025917 -0.10494574904441833 0.9940504431724548 0.041360076516866684
1305031111.979449 0.9970097541809082 -0.06687377393245697 -0.038726527243852615 0.009525114670395851 0.07054299116134644 0.9922009110450745 0.10276716947555542 0.026305725798010826 0.03155207261443138 -0.10519175976514816 0.9939512014389038 0.041090041399002075
1305031112.011433 0.9975660443305969 -0.06517242640256882 -0.024792151525616646 0.019287563860416412 0.06735843420028687 0.9926030039787292 0.10100577771663666 0.024491354823112488 0.018025968223810196 -0.10242988169193268 0.9945768713951111 0.04057218134403229
1305031112.04327 0.9979763031005859 -0.06216723844408989 -0.013358132913708687 0.032760001718997955 0.06316933035850525 0.9933253526687622 0.0965108722448349 0.023245923221111298 0.007269157096743584 -0.09715938568115234 0.9952423572540283 0.04038078337907791
1305031112.079339 0.9980266690254211 -0.06260710209608078 0.004803147632628679 0.04559822008013725 0.0619167760014534 0.9939673542976379 0.09052768349647522 0.02584453858435154 -0.010441847145557404 -0.09005164355039597 0.9958823323249817 0.04085159674286842
1305031112.111423 0.9980911612510681 -0.053988952189683914 0.029986606910824776 0.044475067406892776 0.051252130419015884 0.9950144290924072 0.08555439114570618 0.026399727910757065 -0.03445609658956528 -0.08385420590639114 0.9958821535110474 0.042961690574884415
1305031112.144342 0.9983894228935242 -0.042051516473293304 0.03808160126209259 0.055551111698150635 0.038737889379262924 0.9957188367843628 0.08392472565174103 0.02789941430091858 -0.041447728872299194 -0.08231435716152191 0.9957441687583923 0.042257167398929596
1305031112.17939 0.9977362751960754 -0.03803711012005806 0.055457402020692825 0.07107392698526382 0.033066511154174805 0.9955764412879944 0.08794474601745605 0.028654884546995163 -0.05855725333094597 -0.08591188490390778 0.9945803880691528 0.04173475503921509
1305031112.211254 0.9968370199203491 -0.026979107409715652 0.07475302368402481 0.07893072813749313 0.020149458199739456 0.9956784844398499 0.09065574407577515 0.024483049288392067 -0.07687579095363617 -0.08886277675628662 0.9930727481842041 0.046562619507312775
1305031112.243369 0.9954132437705994 -0.016500981524586678 0.09423469007015228 0.08677832782268524 0.008624596521258354 0.9964800477027893 0.08338610827922821 0.019976621493697166 -0.09527895599603653 -0.08219090849161148 0.9920516610145569 0.04696306586265564
1305031112.279353 0.9939984679222107 -0.012470765970647335 0.10868099331855774 0.09153824299573898 0.004576606210321188 0.9973517656326294 0.07258494198322296 0.020071465522050858 -0.10929836332798004 -0.07165190577507019 0.9914231896400452 0.04685082286596298
1305031112.311312 0.9932889938354492 -0.007428952492773533 0.1154203787446022 0.0959182009100914 -6.483448669314384e-05 0.997899055480957 0.06478720158338547 0.015939762815833092 -0.1156591922044754 -0.06435989588499069 0.9912017583847046 0.048689454793930054
1305031112.343323 0.9933529496192932 -0.010153847746551037 0.11465902626514435 0.10465339571237564 0.004460628610104322 0.9987491965293884 0.049801379442214966 0.017303146421909332 -0.11502127349376678 -0.048958905041217804 0.992155909538269 0.04731544107198715
1305031112.37936 0.9938211441040039 -0.020640317350625992 0.1090572401881218 0.11443869769573212 0.016422213986516 0.9990870952606201 0.03943557292222977 0.02026686817407608 -0.10977163910865784 -0.037400953471660614 0.9932529330253601 0.04781235009431839
1305031112.411442 0.994188666343689 -0.026326723396778107 0.10438307374715805 0.12093040347099304 0.02268570102751255 0.9990972876548767 0.035916686058044434 0.019894098863005638 -0.10523441433906555 -0.033339954912662506 0.9938884973526001 0.04647274315357208
1305031112.443391 0.9941356182098389 -0.03860317915678024 0.10101605206727982 0.12969717383384705 0.03531768545508385 0.9987937808036804 0.03411383926868439 0.018175289034843445 -0.1022111028432846 -0.030346136540174484 0.9942997694015503 0.047422781586647034
1305031112.479418 0.9934189319610596 -0.05570925399661064 0.10007626563310623 0.13420072197914124 0.05302905663847923 0.9981646537780762 0.02924700267612934 0.018351765349507332 -0.10152190178632736 -0.023747576400637627 0.9945498108863831 0.04633432626724243
1305031112.511504 0.9931111931800842 -0.07116671651601791 0.09308886528015137 0.140619695186615 0.06909938901662827 0.9972901344299316 0.02525005117058754 0.018681654706597328 -0.094633549451828 -0.01864371821284294 0.9953375458717346 0.04795723408460617
1305031112.543212 0.9931595921516418 -0.07906976342201233 0.08591877669095993 0.1474144458770752 0.07747776806354523 0.9967576861381531 0.02171352505683899 0.01781148836016655 -0.08735708147287369 -0.01490819826722145 0.9960654377937317 0.04782332479953766
1305031112.579252 0.9926593899726868 -0.09249020367860794 0.07792774587869644 0.1552330106496811 0.0915081650018692 0.9956744313240051 0.016087878495454788 0.019927173852920532 -0.07907861471176147 -0.008838764391839504 0.996829092502594 0.04666583240032196
1305031112.611261 0.9917957186698914 -0.106239914894104 0.07109332829713821 0.16788099706172943 0.1055682972073555 0.9943251609802246 0.013149481266736984 0.02412242442369461 -0.0720868706703186 -0.005536398850381374 0.9973828792572021 0.045494239777326584
1305031112.643246 0.9896467328071594 -0.11753198504447937 0.08237399905920029 0.1731407642364502 0.11609961837530136 0.9929942488670349 0.021984852850437164 0.02347802370786667 -0.08438082039356232 -0.0121936509385705 0.9963588714599609 0.04643934965133667
1305031112.679952 0.987625002861023 -0.12482287734746933 0.09495323896408081 0.17525988817214966 0.12260916829109192 0.9920364022254944 0.028824444860219955 0.02225673757493496 -0.09779500216245651 -0.016825605183839798 0.9950642585754395 0.046726349741220474
1305031112.711251 0.9865643978118896 -0.12821687757968903 0.10124757885932922 0.17879730463027954 0.12561456859111786 0.9915725588798523 0.03169924393296242 0.024470560252666473 -0.10445871949195862 -0.018555177375674248 0.994356095790863 0.04620758816599846
1305031112.743245 0.9849724173545837 -0.13562420010566711 0.10693655163049698 0.18021555244922638 0.13237525522708893 0.9905107617378235 0.036949723958969116 0.030902618542313576 -0.1109330803155899 -0.022238710895180702 0.9935790300369263 0.04609643667936325
1305031112.77931 0.9831650257110596 -0.14209169149398804 0.11487649381160736 0.1791001856327057 0.13631387054920197 0.9890408515930176 0.05671714246273041 0.02701099030673504 -0.12167657166719437 -0.04010304808616638 0.9917593002319336 0.048578858375549316
1305031112.81131 0.9825744032859802 -0.13884247839450836 0.12357202917337418 0.16851846873760223 0.13220937550067902 0.9893804788589478 0.060389745980501175 0.026172783225774765 -0.13064441084861755 -0.043000053614377975 0.9904962778091431 0.05199342593550682
1305031112.843286 0.9849264025688171 -0.1339872181415558 0.10939556360244751 0.16853970289230347 0.12804794311523438 0.9899723529815674 0.05965365096926689 0.03066142089664936 -0.11629141867160797 -0.044746577739715576 0.9922066330909729 0.04992248862981796
1305031112.879421 0.9850518107414246 -0.1399311125278473 0.10046059638261795 0.16925275325775146 0.1335749626159668 0.988740086555481 0.06746159493923187 0.03040381893515587 -0.10876939445734024 -0.05303414165973663 0.9926512241363525 0.050510428845882416
1305031112.911411 0.984860360622406 -0.14419713616371155 0.09621521085500717 0.16298195719718933 0.13761447370052338 0.9878731369972229 0.07189565896987915 0.03053075075149536 -0.10541557520627975 -0.0575665608048439 0.9927606582641602 0.050715722143650055
1305031112.943321 0.9859471321105957 -0.14218559861183167 0.08769974857568741 0.15712881088256836 0.13568416237831116 0.9878228306770325 0.07613164186477661 0.028527362272143364 -0.09745662659406662 -0.06316230446100235 0.9932335019111633 0.05297932028770447
1305031112.979278 0.9877459406852722 -0.13757362961769104 0.0736975222826004 0.1555919498205185 0.1321345865726471 0.9884498119354248 0.07421185821294785 0.029545975849032402 -0.08305589854717255 -0.06356446444988251 0.994515597820282 0.05095117166638374
1305031113.011353 0.9881554841995239 -0.13715551793575287 0.06882628053426743 0.14997388422489166 0.13204559683799744 0.9884771704673767 0.07400570809841156 0.03237525746226311 -0.07818350940942764 -0.06404093652963638 0.994879961013794 0.04900579899549484
1305031113.043231 0.9889795780181885 -0.1325695812702179 0.06591378152370453 0.14406035840511322 0.1270587146282196 0.9885197281837463 0.0817611813545227 0.03228484466671944 -0.07599613070487976 -0.07248520851135254 0.9944700002670288 0.049064911901950836
1305031113.079251 0.9905121922492981 -0.12055225670337677 0.0659741684794426 0.13343922793865204 0.11435157060623169 0.9892783761024475 0.09084030985832214 0.022741902619600296 -0.07621781527996063 -0.08243419975042343 0.9936778545379639 0.04908090829849243
1305031113.111316 0.9922503232955933 -0.11054184287786484 0.056742265820503235 0.12579306960105896 0.10581983625888824 0.9911302924156189 0.0803917869925499 0.026378443464636803 -0.06512562185525894 -0.07376431673765182 0.9951469302177429 0.04610484838485718
1305031113.143306 0.9928476214408875 -0.1088055893778801 0.049139633774757385 0.12134088575839996 0.10463830083608627 0.9912363886833191 0.08063066005706787 0.030500443652272224 -0.057482048869132996 -0.07491207122802734 0.9955320358276367 0.0445350781083107
1305031113.179343 0.9925391674041748 -0.11204173415899277 0.048088956624269485 0.11131291836500168 0.10738327354192734 0.9900944828987122 0.09045290946960449 0.024755418300628662 -0.057747095823287964 -0.08461413532495499 0.9947390556335449 0.04451555758714676
