0.1037359 0.999988317489624 -0.003122081747278571 -0.0036665955558419228 -0.0006072800024412572 0.0031157219782471657 0.999993622303009 -0.0017390477005392313 -0.00039819927769713104 0.0036720018833875656 0.0017276036087423563 0.999991774559021 0.04413192719221115
0.2073381 0.9999684691429138 -0.0018784301355481148 -0.00770800095051527 -0.0014163575833663344 0.0018516059499233961 0.9999921917915344 -0.003485823981463909 -0.0004422403872013092 0.007714489940553904 0.0034714420326054096 0.9999642372131348 0.08720628172159195
0.3110752 0.999930202960968 -0.0019100815989077091 -0.011651342734694481 -0.00229645729996264 0.0018525635823607445 0.9999860525131226 -0.004945399705320597 -0.0006387162720784545 0.011660625226795673 0.004923470318317413 0.9999198913574219 0.1306271106004715
0.4146917 0.9998610615730286 -0.0004426564846653491 -0.01665758341550827 -0.003383998991921544 0.0003491933748591691 0.9999842047691345 -0.005613383371382952 -0.0009680116199888289 0.01665981113910675 0.005606788210570812 0.9998453855514526 0.1750696450471878
0.5184302 0.9997829794883728 -0.0017769269179552794 -0.02075831964612007 -0.004747461061924696 0.0016579633811488748 0.9999821186065674 -0.005746726877987385 -0.0015141018666327 0.02076816000044346 0.00571106281131506 0.999768078327179 0.2193649858236313
0.6220448 0.9996824264526367 6.174104782985523e-06 -0.025197817012667656 -0.0062813526019454 -0.00018083705799654126 0.9999759793281555 -0.006929408293217421 -0.002029194263741374 0.025197168812155724 0.006931765004992485 0.999658465385437 0.26450464129447937
0.7257977 0.9995437264442444 0.00291492510586977 -0.030062250792980194 -0.0082447100430727 -0.0031506058294326067 0.999964714050293 -0.007795392535626888 -0.0023426292464137077 0.030038462951779366 0.007886551320552826 0.9995176196098328 0.3105722963809967
0.8294199 0.999408483505249 0.003119169967249036 -0.03424710035324097 -0.010335186496376991 -0.003341234289109707 0.999973714351654 -0.0064288536086678505 -0.002656277036294341 0.03422614932060242 0.006539478432387114 0.9993927478790283 0.3582471013069153
0.9331467 0.9992350339889526 0.002171023515984416 -0.039044566452503204 -0.012047729454934597 -0.0023159983102232218 0.9999906420707703 -0.0036682169884443283 -0.0031714458018541336 0.03903622925281525 0.0037558386102318764 0.9992307424545288 0.4061163663864136
1.03691 0.9991005063056946 0.0022141896188259125 -0.04234478622674942 -0.014372493140399456 -0.002269703196361661 0.9999967217445374 -0.0012629646807909012 -0.0034612566232681274 0.042341846972703934 0.0013579386286437511 0.9991022348403931 0.454691618680954
1.140497 0.9989964365959167 0.0032564783468842506 -0.04467163234949112 -0.01738005317747593 -0.003327816491946578 0.9999933242797852 -0.0015226826071739197 -0.004322125110775232 0.04466637969017029 0.001669813529588282 0.9990005493164062 0.5034272074699402
1.244242 0.9989027380943298 0.0027686920948326588 -0.04675055667757988 -0.01987048238515854 -0.002821722999215126 0.9999953508377075 -0.001068377518095076 -0.0052404566667973995 0.04674737900495529 0.0011991222854703665 0.9989060759544373 0.5527437925338745
1.347979 0.9988155364990234 -0.00029326218646019697 -0.04865537956357002 -0.02230161242187023 0.00019581581000238657 0.9999979734420776 -0.002007543109357357 -0.005324597004801035 0.04865587130188942 0.0019956377800554037 0.9988136291503906 0.602257251739502
1.451596 0.9987229108810425 -7.32473999960348e-05 -0.05052142217755318 -0.025103706866502762 -2.5800568437261973e-06 0.9999989867210388 -0.0015008302871137857 -0.005371197126805782 0.050521478056907654 0.0014990440104156733 0.9987218379974365 0.652883768081665
1.555212 0.9986513257026672 -0.0022257158998399973 -0.051868513226509094 -0.027893558144569397 0.002145423786714673 0.9999964833259583 -0.0016036180313676596 -0.006156865507364273 0.0518718920648098 0.0014901745598763227 0.9986526966094971 0.7031983733177185
1.65896 0.9985746145248413 -0.0001501893566455692 -0.053370047360658646 -0.031511031091213226 -3.4348904591752216e-05 0.9999940991401672 -0.003456772305071354 -0.0071437181904911995 0.053370241075754166 0.0034536775201559067 0.9985688924789429 0.7541047930717468
1.762569 0.9984790682792664 0.00015662611986044794 -0.05513086915016174 -0.03399606794118881 -0.0005226652137935162 0.9999779462814331 -0.0066250991076231 -0.0072448281571269035 0.05512861907482147 0.006643837783485651 0.998457133769989 0.8060404658317566
1.866302 0.9983993768692017 0.004415586590766907 -0.05638331174850464 -0.03805576264858246 -0.004905839450657368 0.9999513626098633 -0.008559536188840866 -0.007737831212580204 0.056342776864767075 0.008822442032396793 0.998372495174408 0.8578352332115173
1.969923 0.9983364939689636 0.005386935081332922 -0.05740318074822426 -0.04158426821231842 -0.005855031777173281 0.9999509453773499 -0.007989502511918545 -0.008744558319449425 0.05735732614994049 0.008312312886118889 0.998319149017334 0.9109551906585693
2.073666 0.9982552528381348 0.00424786563962698 -0.058892715722322464 -0.044864267110824585 -0.004576350096613169 0.9999746084213257 -0.005443932488560677 -0.010330317541956902 0.05886809900403023 0.005703948438167572 0.9982495307922363 0.9641823172569275
2.177281 0.9981915950775146 0.00536969443783164 -0.059872422367334366 -0.04852857440710068 -0.00567593751475215 0.9999716877937317 -0.004946034401655197 -0.010298151522874832 0.059844162315130234 0.005276922136545181 0.9981937408447266 1.0172396898269653
2.281017 0.9981710314750671 0.0049655139446258545 -0.06024952232837677 -0.05267910659313202 -0.005272099748253822 0.9999739527702332 -0.004930710885673761 -0.011052848771214485 0.060223475098609924 0.005239334423094988 0.9981710910797119 1.0710004568099976
2.384639 0.9980370998382568 0.00431951554492116 -0.062475088983774185 -0.05525108426809311 -0.00469621829688549 0.9999716877937317 -0.00588408624753356 -0.011623957194387913 0.06244790181517601 0.006165933795273304 0.9980292320251465 1.1236716508865356
2.48825 0.9979603886604309 0.0033242409117519855 -0.06375014036893845 -0.05866515263915062 -0.0037546076346188784 0.9999710321426392 -0.006632243283092976 -0.012560626491904259 0.06372624635696411 0.006858073640614748 0.9979439377784729 1.1779218912124634
2.591988 0.9979223012924194 0.003409421304240823 -0.0643395185470581 -0.06236637756228447 -0.0037320309784263372 0.9999809861183167 -0.004894652869552374 -0.013225404545664787 0.0643216073513031 0.005124600138515234 0.997916042804718 1.23212468624115
2.695832 0.997934103012085 0.004824570380151272 -0.06406474858522415 -0.06657074391841888 -0.004925282206386328 0.9999868273735046 -0.0014141828287392855 -0.014147286303341389 0.06405707448720932 0.0017267984803766012 0.997944712638855 1.2872655391693115
2.799367 0.997984766960144 0.005419222172349691 -0.06322447955608368 -0.06972716003656387 -0.0052661900408566 0.9999827146530151 0.0025868455413728952 -0.01481027901172638 0.06323742121458054 -0.002248679520562291 0.9979960322380066 1.3415387868881226
2.903084 0.9980465173721313 0.004291527904570103 -0.06232817471027374 -0.07254550606012344 -0.0040039075538516045 0.9999806880950928 0.004738768562674522 -0.014620067551732063 0.06234730780124664 -0.0044799549505114555 0.998044490814209 1.3965890407562256
3.006768 0.9982132315635681 0.004355225712060928 -0.059595413506031036 -0.0771133229136467 -0.003987377509474754 0.9999722242355347 0.006289958488196135 -0.015653792768716812 0.059621162712574005 -0.0060410890728235245 0.9982028007507324 1.4517507553100586
3.110441 0.9982438683509827 0.004863228183239698 -0.059038471430540085 -0.08001361787319183 -0.0046808249317109585 0.9999838471412659 0.003227455308660865 -0.015873203054070473 0.0590532049536705 -0.0029454396571964025 0.9982504844665527 1.5083762407302856
3.214057 0.9983410239219666 0.0057267118245363235 -0.057291388511657715 -0.08402301371097565 -0.005824197083711624 0.9999818205833435 -0.001534737297333777 -0.016295259818434715 0.057281557470560074 0.0018658674089238048 0.9983563423156738 1.5632352828979492
3.317669 0.9983944296836853 0.005047431215643883 -0.056417688727378845 -0.08730349689722061 -0.0053290920332074165 0.9999740719795227 -0.004843072034418583 -0.016344010829925537 0.056391775608062744 0.00513595063239336 0.9983956217765808 1.6199359893798828
3.421285 0.9984840750694275 0.0028163716197013855 -0.054968468844890594 -0.0910349190235138 -0.0030185228679329157 0.9999889731407166 -0.003594901878386736 -0.017328962683677673 0.05495774373412132 0.003755375975742936 0.9984816908836365 1.676405429840088
3.524925 0.9984715580940247 0.0009516071295365691 -0.05525939539074898 -0.09408310055732727 -0.0008821020019240677 0.9999986886978149 0.0012821657583117485 -0.01790943555533886 0.0552605465054512 -0.0012314614141359925 0.9984711408615112 1.7337701320648193
3.628545 0.9984306693077087 -0.0020989240147173405 -0.05596174672245979 -0.09725011140108109 0.002325011184439063 0.9999893307685852 0.003975221887230873 -0.017984963953495026 0.05595280975103378 -0.004099094308912754 0.9984250068664551 1.7915539741516113
3.732256 0.99832683801651 -0.009211793541908264 -0.057083871215581894 -0.10000397264957428 0.009441135451197624 0.9999485015869141 0.00374923855997622 -0.01879030279815197 0.05704638361930847 -0.004281902685761452 0.9983623623847961 1.8487370014190674
3.835871 0.998227059841156 -0.011077793315052986 -0.05847945809364319 -0.10331548750400543 0.011092490516602993 0.9999385476112366 -7.330853259190917e-05 -0.019244974479079247 0.05847667157649994 -0.0005755039746873081 0.998288631439209 1.9058150053024292
3.939488 0.9981403350830078 -0.010681496933102608 -0.0600133016705513 -0.10687799006700516 0.010423415340483189 0.9999350905418396 -0.00461184186860919 -0.019225865602493286 0.06005866453051567 0.003977721557021141 0.9981868863105774 1.9637056589126587
4.043107 0.9980144500732422 -0.010243061929941177 -0.062145572155714035 -0.11047229915857315 0.00998124573379755 0.9999399781227112 -0.004521879833191633 -0.020513387396931648 0.062188148498535156 0.0038926100824028254 0.9980570077896118 2.0223209857940674
4.146888 0.9979568123817444 -0.010629319585859776 -0.06299982219934464 -0.11433221399784088 0.010465916246175766 0.9999409914016724 -0.002923125633969903 -0.021376244723796844 0.06302718073129654 0.0022578032221645117 0.9980093240737915 2.0814321041107178
4.25046 0.9978676438331604 -0.008255417458713055 -0.0647444799542427 -0.11743305623531342 0.008271041326224804 0.9999657869338989 -2.6726629585027695e-05 -0.0219015721231699 0.06474249064922333 -0.0005088350735604763 0.9979019165039062 2.1404330730438232
4.354202 0.997849702835083 -0.007116239983588457 -0.065156489610672 -0.12281978875398636 0.007196054793894291 0.9999736547470093 0.000990354921668768 -0.02249939925968647 0.06514774262905121 -0.0014570949133485556 0.9978746175765991 2.1986587047576904
4.45794 0.9978195428848267 -0.005258489865809679 -0.06579074263572693 -0.12748321890830994 0.00551140122115612 0.9999781847000122 0.003663274459540844 -0.023534050211310387 0.06577003747224808 -0.004017885774374008 0.9978266954421997 2.257936477661133
4.561559 0.9977787137031555 -0.006119593977928162 -0.06633218377828598 -0.1307438313961029 0.00657625449821353 0.9999561309814453 0.0066682640463113785 -0.02365807816386223 0.06628847122192383 -0.007089668419212103 0.9977754950523376 2.3168818950653076
4.665293 0.9977557063102722 0.0006142930360510945 -0.06695454567670822 -0.13486620783805847 -3.4338131627009716e-06 0.999958336353302 0.009123214520514011 -0.024465693160891533 0.06695736944675446 -0.009102510288357735 0.9977144002914429 2.375891923904419
4.768912 0.9977911710739136 0.00010986602865159512 -0.06642859429121017 -0.14042682945728302 0.00044593281927518547 0.9999650716781616 0.00835197139531374 -0.02451365627348423 0.06642718613147736 -0.008363145403563976 0.9977562427520752 2.434211492538452
4.872532 0.9977747797966003 0.0002646252396516502 -0.06667482107877731 -0.1437615156173706 0.00017686467617750168 0.9999780654907227 0.006615541875362396 -0.024608055129647255 0.06667511910200119 -0.006612612400203943 0.997752845287323 2.492753505706787
4.976146 0.9977933168411255 0.00230625132098794 -0.06635663658380508 -0.14874237775802612 -0.002025775844231248 0.9999887347221375 0.004293755628168583 -0.024847807362675667 0.06636577844619751 -0.004149856977164745 0.9977868795394897 2.5508193969726562
5.079909 0.997704267501831 0.0015712060267105699 -0.0677029937505722 -0.1525106281042099 -0.0012195382732897997 0.9999855160713196 0.005235287826508284 -0.02604242041707039 0.06771024316549301 -0.005140703171491623 0.9976918697357178 2.609405279159546
5.183503 0.9976531267166138 -0.00024240805942099541 -0.0684724748134613 -0.1565646082162857 0.0006301220855675638 0.9999840259552002 0.005640787072479725 -0.025966841727495193 0.06847002357244492 -0.005670695099979639 0.9976369738578796 2.666747570037842
5.287117 0.9975791573524475 0.0008612046367488801 -0.0695342868566513 -0.16057917475700378 -0.00041168692405335605 0.9999790191650391 0.0064787608571350574 -0.02648475207388401 0.069538414478302 -0.006434451323002577 0.9975584745407104 2.7252960205078125
5.390861 0.9975565671920776 0.002494931686669588 -0.06981872767210007 -0.16486245393753052 -0.0022750203497707844 0.9999921321868896 0.0032290914095938206 -0.027175094932317734 0.06982623785734177 -0.003062361851334572 0.9975544810295105 2.7817392349243164
5.494473 0.9975123405456543 0.0028145681135356426 -0.07043541222810745 -0.16933678090572357 -0.0028591256123036146 0.999995768070221 -0.0005317851901054382 -0.028070904314517975 0.0704336166381836 0.0007318463176488876 0.9975162148475647 2.8396401405334473
5.598233 0.997455894947052 0.004257755354046822 -0.07116029411554337 -0.17341767251491547 -0.004440183285623789 0.9999871850013733 -0.002405619714409113 -0.028176600113511086 0.07114914059638977 0.0027154639828950167 0.9974619746208191 2.8957102298736572
5.701829 0.9974362254142761 0.0029155570082366467 -0.07150165736675262 -0.1775808334350586 -0.0028491853736341 0.9999954104423523 0.0010302183218300343 -0.028832798823714256 0.07150432467460632 -0.0008238558657467365 0.9974399209022522 2.9532549381256104
5.805571 0.9974558353424072 0.001223525614477694 -0.07127642631530762 -0.18180331587791443 -0.0009151622070930898 0.9999901056289673 0.004358795937150717 -0.02974991500377655 0.0712810680270195 -0.0042824773117899895 0.99744713306427 3.0096869468688965
5.909185 0.9974353909492493 -0.0008373812888748944 -0.07156704366207123 -0.18568268418312073 0.0012103159679099917 0.999985933303833 0.005167774856090546 -0.030542945489287376 0.07156170904636383 -0.005241140257567167 0.997422456741333 3.066603660583496
6.012921 0.9974122047424316 -0.004052952863276005 -0.07178092747926712 -0.18940719962120056 0.004330414347350597 0.9999836683273315 0.003710170742124319 -0.030988290905952454 0.0717647448182106 -0.004011410754173994 0.9974135160446167 3.12209153175354
6.116541 0.9973655343055725 -0.006669220048934221 -0.07223230600357056 -0.1935257911682129 0.0068804617039859295 0.9999727010726929 0.0026760403998196125 -0.03190015256404877 0.07221250981092453 -0.003165982197970152 0.997384250164032 3.178920030593872
6.220278 0.9972677826881409 -0.008272199891507626 -0.07340648025274277 -0.19720202684402466 0.008577701635658741 0.9999557733535767 0.003847504733130336 -0.03243463858962059 0.07337141782045364 -0.004466651007533073 0.9972947835922241 3.2331454753875732
6.323895 0.997149646282196 -0.011813469231128693 -0.07451804727315903 -0.2011445313692093 0.012405890971422195 0.9998949766159058 0.007492168340831995 -0.03232157602906227 0.0744217187166214 -0.00839527603238821 0.9971914887428284 3.289605140686035
6.427659 0.9971027374267578 -0.012208085507154465 -0.07508013397455215 -0.2053717076778412 0.013218119740486145 0.999828577041626 0.012970576994121075 -0.033082060515880585 0.07490890473127365 -0.013925417326390743 0.9970932006835938 3.344210147857666
6.531383 0.9971021413803101 -0.010323554277420044 -0.07537006586790085 -0.21010786294937134 0.011465322226285934 0.9998257756233215 0.014731867238879204 -0.0329398475587368 0.07520484924316406 -0.015553316101431847 0.9970468282699585 3.3999440670013428
6.634992 0.9969820380210876 -0.009029037319123745 -0.07710504531860352 -0.2140333205461502 0.009913653135299683 0.9998893737792969 0.011097811162471771 -0.03329205885529518 0.0769963189959526 -0.011828714050352573 0.996961236000061 3.455348014831543
6.738741 0.9968940615653992 -0.008253466337919235 -0.07832074910402298 -0.21840541064739227 0.008563526906073093 0.9999567270278931 0.0036237884778529406 -0.033747121691703796 0.07828744500875473 -0.004283234477043152 0.9969215989112854 3.508202314376831
6.84235 0.9967832565307617 -0.006497950293123722 -0.07988020777702332 -0.22213256359100342 0.006400717422366142 0.9999784231185913 -0.0014732477720826864 -0.034194521605968475 0.07988806068897247 0.0009572184644639492 0.9968034029006958 3.5626509189605713
6.945963 0.9967381954193115 -0.0017489680321887136 -0.08068372309207916 -0.22678780555725098 0.0016916595632210374 0.9999982118606567 -0.0007786550559103489 -0.034417539834976196 0.08068495988845825 0.000639626057818532 0.9967395067214966 3.615022659301758
7.049705 0.9967064261436462 0.0009109827224165201 -0.08108841627836227 -0.23211613297462463 -0.0007590868044644594 0.9999978542327881 0.0019040160113945603 -0.03560824692249298 0.08108998835086823 -0.0018361922120675445 0.9967051148414612 3.665855646133423
7.153323 0.9966346621513367 0.004350172355771065 -0.0818546861410141 -0.23691895604133606 -0.0040707713924348354 0.9999853372573853 0.0035799555480480194 -0.036625903099775314 0.08186905831098557 -0.003234697040170431 0.9966378808021545 3.716761827468872
7.256934 0.9965154528617859 0.00475470582023263 -0.08327310532331467 -0.2408483922481537 -0.004493228625506163 0.9999843239784241 0.0033271312713623047 -0.037386972457170486 0.08328762650489807 -0.0029413732700049877 0.9965212345123291 3.7692084312438965
7.360549 0.9963672161102295 0.006210666615515947 -0.08493318408727646 -0.24544088542461395 -0.005876950919628143 0.9999739527702332 0.00417863205075264 -0.03775391727685928 0.08495693653821945 -0.0036643038038164377 0.9963779449462891 3.8184969425201416
7.464167 0.9962296485900879 0.006642823573201895 -0.0864999070763588 -0.249506875872612 -0.006184391677379608 0.9999653697013855 0.005566693842411041 -0.039306383579969406 0.08653388172388077 -0.0050107566639781 0.9962363243103027 3.8685271739959717
7.567786 0.9961404800415039 0.007304964121431112 -0.087467260658741 -0.2547096312046051 -0.006861151196062565 0.9999619722366333 0.005373625084757805 -0.0395820215344429 0.08750317990779877 -0.004752759821712971 0.9961529970169067 3.9167392253875732
7.671396 0.996004581451416 0.006340015213936567 -0.08907762169837952 -0.25875335931777954 -0.005787145812064409 0.9999623894691467 0.00646347738802433 -0.039711348712444305 0.08911525458097458 -0.0059221480041742325 0.9960037469863892 3.9644601345062256
7.775144 0.9958400726318359 0.008633277378976345 -0.09070925414562225 -0.2630697190761566 -0.007836563512682915 0.9999276399612427 0.009135653264820576 -0.03984485939145088 0.090781569480896 -0.008386801928281784 0.9958354830741882 4.0121917724609375
7.878754 0.9957169890403748 0.010248539038002491 -0.0918845534324646 -0.2677038609981537 -0.009064990095794201 0.9998706579208374 0.013288954272866249 -0.04041142761707306 0.09200885891914368 -0.012399107217788696 0.9956810474395752 4.057984352111816
7.982493 0.9955935478210449 0.014078782871365547 -0.09270969033241272 -0.27338334918022156 -0.012757150456309319 0.9998086094856262 0.014832861721515656 -0.04049764946103096 0.09290079027414322 -0.013584795407950878 0.995582640171051 4.102497100830078
8.086111 0.9953963160514832 0.016633473336696625 -0.09438928961753845 -0.277213454246521 -0.01568199321627617 0.9998185634613037 0.010813232511281967 -0.04086728021502495 0.09455201774835587 -0.009283242747187614 0.9954766035079956 4.14670991897583
8.189849 0.9953070878982544 0.016805682331323624 -0.09529580175876617 -0.28249531984329224 -0.016516875475645065 0.9998562932014465 0.0038186507299542427 -0.041867002844810486 0.09534627944231033 -0.0022267429158091545 0.995441734790802 4.189870357513428
8.29347 0.9951938986778259 0.01610363833606243 -0.09659148752689362 -0.28675395250320435 -0.01640557311475277 0.9998626112937927 -0.002332468517124653 -0.041839540004730225 0.0965406596660614 0.0039058963302522898 0.9953213334083557 4.2306108474731445
8.397102 0.9951651692390442 0.016828998923301697 -0.09676405042409897 -0.2911635935306549 -0.017261726781725883 0.9998443722724915 -0.003636583685874939 -0.04211515933275223 0.09668780118227005 0.005289316177368164 0.9953007102012634 4.271315574645996
8.500847 0.9949696063995361 0.01985967345535755 -0.09818974882364273 -0.29456549882888794 -0.019964974373579025 0.9998006224632263 -8.989614434540272e-05 -0.04266856983304024 0.09816837310791016 0.0020497990772128105 0.9951676726341248 4.311062812805176
8.604438 0.9948604106903076 0.020150840282440186 -0.09923086315393448 -0.2989245057106018 -0.020037828013300896 0.9997969269752502 0.0021354786586016417 -0.04366153106093407 0.09925376623868942 -0.0001361318863928318 0.9950621724128723 4.349705219268799
8.708175 0.9948228001594543 0.016525764018297195 -0.1002722680568695 -0.30306410789489746 -0.016682559624314308 0.9998606443405151 -0.000725280842743814 -0.04494652897119522 0.10024631768465042 0.0023943225387483835 0.994959831237793 4.386952877044678
8.811795 0.9948883056640625 0.008618935942649841 -0.10061264038085938 -0.305553674697876 -0.00924278050661087 0.9999408721923828 -0.0057359361089766026 -0.04595816135406494 0.10055725276470184 0.006636555306613445 0.9949091672897339 4.422682762145996
8.915403 0.9950493574142456 0.00478106364607811 -0.099266417324543 -0.309082567691803 -0.005867470987141132 0.9999260902404785 -0.010655300691723824 -0.04639757424592972 0.09920812398195267 0.011184994131326675 0.9950039386749268 4.45816707611084
9.019162 0.9953202605247498 0.006992208771407604 -0.09637860208749771 -0.3120808005332947 -0.008102747611701488 0.9999052286148071 -0.011136122047901154 -0.04688170552253723 0.09629160165786743 0.011864937841892242 0.9952825903892517 4.492547512054443
9.12289 0.9956600069999695 0.012080618180334568 -0.09227798134088516 -0.3160315454006195 -0.012895460240542889 0.9998828768730164 -0.008239123970270157 -0.04762280732393265 0.09216763079166412 0.009393333457410336 0.9956992268562317 4.526275634765625
9.226512 0.9961292147636414 0.010677618905901909 -0.08725135028362274 -0.31910350918769836 -0.011153385043144226 0.9999254941940308 -0.004967120010405779 -0.04863020405173302 0.08719179779291153 0.005921042058616877 0.9961739182472229 4.5591959953308105
9.330247 0.9966989755630493 0.006954893935471773 -0.08088753372430801 -0.32162991166114807 -0.007044211495667696 0.9999748468399048 -0.0008188942447304726 -0.049106813967227936 0.0808798149228096 0.0013859798200428486 0.996722936630249 4.591214179992676
9.433986 0.9972723722457886 0.002224088180810213 -0.07377469539642334 -0.3225366771221161 -0.0020686371717602015 0.9999954104423523 0.0021834545768797398 -0.04938846081495285 0.07377921789884567 -0.0020248854998499155 0.9972725510597229 4.622426986694336
9.537749 0.9980031251907349 0.0060704792849719524 -0.06286978721618652 -0.324520468711853 -0.005974619649350643 0.9999806880950928 0.0017126266611739993 -0.0497392974793911 0.06287896633148193 -0.0013335838448256254 0.9980202913284302 4.652867794036865
9.641587 0.9987753629684448 0.011348729953169823 -0.04815443605184555 -0.3254491686820984 -0.011311842128634453 0.9999353885650635 0.0010385095374658704 -0.050000663846731186 0.04816310852766037 -0.0004925221437588334 0.9988393783569336 4.68247652053833
9.745342 0.9994302988052368 0.01624784991145134 -0.029578525573015213 -0.32687491178512573 -0.016198309138417244 0.9998669624328613 0.0019136813934892416 -0.05059634521603584 0.029605679214000702 -0.0014334693551063538 0.999560534954071 4.711301326751709
9.849229 0.9998618364334106 0.014667583629488945 -0.00781148299574852 -0.3256286382675171 -0.014650308527052402 0.999890148639679 0.002264490583911538 -0.05078558251261711 0.00784384272992611 -0.002149737672880292 0.9999668598175049 4.73978853225708
9.953059 0.9997662305831909 0.011064332909882069 0.01856866478919983 -0.32377567887306213 -0.011126838624477386 0.9999327063560486 0.0032664479222148657 -0.05125343054533005 -0.018531274050474167 -0.003472295356914401 0.999822199344635 4.767181396484375
10.05693 0.9988067746162415 0.009990443475544453 0.047802623361349106 -0.3214569687843323 -0.010234160348773003 0.9999358654022217 0.004856375977396965 -0.05180439352989197 -0.047751039266586304 -0.0053398022428154945 0.9988450407981873 4.793795108795166
10.16083 0.9966571927070618 0.00936287734657526 0.08115792274475098 -0.3183416426181793 -0.009863636456429958 0.999934732913971 0.005771474912762642 -0.05188963562250137 -0.08109858632087708 -0.0065526957623660564 0.9966846108436584 4.820592880249023
10.26466 0.9927695393562317 0.009526492096483707 0.11965661495923996 -0.31462031602859497 -0.010296868160367012 0.9999300837516785 0.005821599625051022 -0.05182826519012451 -0.11959278583526611 -0.007011595647782087 0.9927983283996582 4.846584320068359
10.36867 0.9870206117630005 0.009599460288882256 0.16030602157115936 -0.3086605668067932 -0.010862985625863075 0.9999163746833801 0.0070074256509542465 -0.05310191959142685 -0.16022534668445587 -0.008657874539494514 0.9870424866676331 4.870947360992432
10.47264 0.9786774516105652 0.009541519917547703 0.20518121123313904 -0.3017526865005493 -0.011145331896841526 0.9999156594276428 0.006662251427769661 -0.053346943110227585 -0.20510034263134003 -0.008807005360722542 0.9787012934684753 4.895248889923096
10.57663 0.967041015625 0.012495948001742363 0.25431394577026367 -0.2940032482147217 -0.013960969634354115 0.9998946189880371 0.00395651301369071 -0.05312485247850418 -0.25423774123191833 -0.007376576773822308 0.9671136140823364 4.919252395629883
10.68062 0.951585054397583 0.012058365158736706 0.3071490526199341 -0.28494834899902344 -0.013379741460084915 0.9999080896377563 0.00219667237251997 -0.054695986211299896 -0.3070943057537079 -0.006199895404279232 0.9516587853431702 4.941589832305908
10.78461 0.9317853450775146 0.012173224240541458 0.36280569434165955 -0.2745845317840576 -0.013288323767483234 0.9999115467071533 0.0005780365318059921 -0.05546378344297409 -0.3627665638923645 -0.00535968504846096 0.9318645596504211 4.962793350219727
10.88875 0.9073324203491211 0.013355732895433903 0.42020177841186523 -0.2627946138381958 -0.013800647109746933 0.9999027848243713 -0.0019815778359770775 -0.05516456440091133 -0.42018741369247437 -0.004001106135547161 0.9074284434318542 4.9839277267456055
10.99272 0.8780899047851562 0.013543725945055485 0.47830361127853394 -0.2501230239868164 -0.013157758861780167 0.9999047517776489 -0.004157900810241699 -0.05553951859474182 -0.4783143997192383 -0.0026423914823681116 0.8781847357749939 5.0035505294799805
11.09659 0.8444765210151672 0.012089267373085022 0.5354558825492859 -0.23584365844726562 -0.010352636687457561 0.9999268651008606 -0.006248549558222294 -0.056007418781518936 -0.5354922413825989 -0.0002666239161044359 0.8445401787757874 5.0217461585998535
11.20057 0.8073990345001221 0.011452330276370049 0.5898945927619934 -0.22035813331604004 -0.008865129202604294 0.999934196472168 -0.007279062177985907 -0.056738272309303284 -0.5899391174316406 0.0006476157577708364 0.8074475526809692 5.039114952087402
11.30431 0.7682315707206726 0.010503492318093777 0.6400858759880066 -0.2033073902130127 -0.0076791089959442616 0.9999446868896484 -0.007192123681306839 -0.056788645684719086 -0.6401260495185852 0.0006099254242144525 0.7682695984840393 5.054758548736572
11.40818 0.7253010272979736 0.01076385285705328 0.6883476972579956 -0.18601059913635254 -0.009777005761861801 0.9999380707740784 -0.00533438753336668 -0.0571286678314209 -0.6883624792098999 -0.0028609426226466894 0.725361168384552 5.069708824157715
11.51192 0.6804550290107727 0.00932356622070074 0.7327305674552917 -0.16762137413024902 -0.008131342940032482 0.99995356798172 -0.005172597710043192 -0.057397130876779556 -0.7327447533607483 -0.0024383629206568003 0.680499255657196 5.08327579498291
11.61553 0.6341593265533447 0.0079313600435853 0.773161768913269 -0.14828205108642578 -0.004373285453766584 0.9999681711196899 -0.006670983973890543 -0.05778001248836517 -0.7731900811195374 0.0008492109482176602 0.6341738700866699 5.095436096191406
11.71927 0.5873273015022278 0.005286252126097679 0.8093322515487671 -0.12845420837402344 0.0006414351519197226 0.9999752044677734 -0.006996946409344673 -0.058641739189624786 -0.8093493580818176 0.004628630820661783 0.5873093605041504 5.106448173522949
11.82277 0.5414773225784302 0.007150270510464907 0.8406849503517151 -0.10790896415710449 -0.0011075956281274557 0.999968945980072 -0.007791634649038315 -0.05938032642006874 -0.8407147526741028 0.003287852741777897 0.5414682626724243 5.1162943840026855
11.92638 0.49461036920547485 0.010665959678590298 0.8690493702888489 -0.0871279239654541 -0.00519516970962286 0.9999431371688843 -0.00931566022336483 -0.05956701934337616 -0.8690993189811707 9.276240598410368e-05 0.49463754892349243 5.125755786895752
12.03 0.4474574625492096 0.01228767354041338 0.894220769405365 -0.06719732284545898 -0.005481201224029064 0.9999244809150696 -0.010997443459928036 -0.06029805168509483 -0.8942884206771851 1.9484465155983344e-05 0.4474910497665405 5.135001182556152
12.13361 0.4045650362968445 0.01038991566747427 0.9144501686096191 -0.04636585712432861 0.001185910776257515 0.9999286532402039 -0.011885780841112137 -0.060614295303821564 -0.9145084023475647 0.005893027409911156 0.40452393889427185 5.141917705535889
12.2371 0.36554014682769775 0.002335166558623314 0.9307926893234253 -0.023708701133728027 0.01702416129410267 0.9998128414154053 -0.00919403787702322 -0.060993798077106476 -0.930639922618866 0.019206754863262177 0.36543190479278564 5.147228717803955
12.3406 0.33009299635887146 -0.0008211960084736347 0.9439480304718018 -0.0012711286544799805 0.020889000967144966 0.9997612237930298 -0.006435006391257048 -0.06115930899977684 -0.9437172412872314 0.02184228226542473 0.33003121614456177 5.15280818939209
12.44411 0.29695993661880493 0.003001829609274864 0.9548853039741516 0.02094411849975586 0.0182309839874506 0.9997950196266174 -0.00881266687065363 -0.06159724295139313 -0.9547158479690552 0.020025506615638733 0.2968444228172302 5.158662796020508
12.54767 0.2658999264240265 0.010657621547579765 0.963941752910614 0.043810248374938965 0.007873864844441414 0.9998816251754761 -0.013226957991719246 -0.062302082777023315 -0.9639684557914734 0.01110699400305748 0.2657845616340637 5.164909362792969
12.65107 0.2376164048910141 0.014831510372459888 0.9712458252906799 0.06721997261047363 0.003053243039175868 0.9998669624328613 -0.01601555570960045 -0.06348416954278946 -0.9713543057441711 0.006771008018404245 0.23753952980041504 5.170083999633789
12.75469 0.21191468834877014 0.01670764572918415 0.9771453142166138 0.09145748615264893 0.004098379984498024 0.999829888343811 -0.017984334379434586 -0.0643831342458725 -0.977279543876648 0.007815858349204063 0.2118101269006729 5.17405366897583
12.85806 0.18869076669216156 0.017846738919615746 0.981874406337738 0.11641860008239746 0.011388632468879223 0.9997277855873108 -0.020359845831990242 -0.0651446208357811 -0.981970489025116 0.015023921616375446 0.18843616545200348 5.1771697998046875
12.96167 0.16800430417060852 0.02405453845858574 0.9854928255081177 0.1416909098625183 0.018095150589942932 0.9994584321975708 -0.027480240911245346 -0.06527867168188095 -0.9856202006340027 0.022449439391493797 0.16747809946537018 5.180068016052246
13.0652 0.14890624582767487 0.03075738437473774 0.9883728623390198 0.1680431365966797 0.020372530445456505 0.9992085695266724 -0.03416386619210243 -0.06526608765125275 -0.9886413812637329 0.025222867727279663 0.14816181361675262 5.1828789710998535
13.16877 0.1305491030216217 0.03156673163175583 0.990939199924469 0.1955077052116394 0.018594568595290184 0.9992392063140869 -0.03428082913160324 -0.06595883518457413 -0.9912675023078918 0.022901413962244987 0.12986281514167786 5.186562538146973
13.27235 0.11591469496488571 0.027209168300032616 0.9928863048553467 0.22374260425567627 0.016390832141041756 0.9994362592697144 -0.029302207753062248 -0.06735945492982864 -0.9931239485740662 0.019670791923999786 0.11540336161851883 5.1890668869018555
13.37588 0.10100685805082321 0.024490252137184143 0.9945841431617737 0.252796471118927 0.016703905537724495 0.9995144009590149 -0.02630804292857647 -0.0685107633471489 -0.9947454929351807 0.01927073486149311 0.10054872184991837 5.1918840408325195
13.4795 0.08808630704879761 0.021471800282597542 0.9958813786506653 0.28328803181648254 0.01851985789835453 0.9995595216751099 -0.023189200088381767 -0.06975595653057098 -0.995940625667572 0.02048623189330101 0.0876498594880104 5.193786144256592
13.58311 0.07625319063663483 0.021737640723586082 0.9968515038490295 0.3132936656475067 0.021902473643422127 0.9994845390319824 -0.023470470681786537 -0.07005682587623596 -0.9968478679656982 0.023623209446668625 0.07573778927326202 5.195148944854736
13.68672 0.06616026908159256 0.02141299471259117 0.9975792765617371 0.3455238938331604 0.02510232850909233 0.9994176626205444 -0.02311725914478302 -0.07155993580818176 -0.9974932074546814 0.026571013033390045 0.0655842199921608 5.197118282318115
13.79034 0.058449503034353256 0.022880980744957924 0.9980281591415405 0.3781292140483856 0.027053197845816612 0.9993337988853455 -0.024495283141732216 -0.07194346934556961 -0.997923731803894 0.028431586921215057 0.05779155343770981 5.1986260414123535
13.89395 0.053073398768901825 0.022379959002137184 0.9983396530151367 0.41233330965042114 0.02944338507950306 0.9992790818214417 -0.023966269567608833 -0.07322098314762115 -0.9981564879417419 0.030666479840874672 0.05237619951367378 5.199891090393066
13.99767 0.04988926649093628 0.023250650614500046 0.9984840154647827 0.4483332335948944 0.03138582035899162 0.9991987347602844 -0.024835482239723206 -0.07428796589374542 -0.998261570930481 0.0325772650539875 0.04911955073475838 5.19923734664917
14.1013 0.041690245270729065 0.023867404088377953 0.9988453984260559 0.48335015773773193 0.031189583241939545 0.9991963505744934 -0.025177592411637306 -0.07553493976593018 -0.9986436367034912 0.03220323473215103 0.04091232642531395 5.202403545379639
14.20492 0.03784427046775818 0.023854007944464684 0.998998761177063 0.5212433338165283 0.03418869525194168 0.9990988969802856 -0.025151535868644714 -0.07655391097068787 -0.9986985921859741 0.03510631248354912 0.03699462488293648 5.203312873840332
14.30854 0.034606821835041046 0.0240391306579113 0.9991117715835571 0.5588674545288086 0.035158973187208176 0.9990625977516174 -0.02525576576590538 -0.0776597335934639 -0.9987823367118835 0.036001771688461304 0.033729199320077896 5.204536437988281
14.41227 0.03139309957623482 0.023001307621598244 0.9992424249649048 0.5985247492790222 0.035908207297325134 0.9990639090538025 -0.024125322699546814 -0.07923713326454163 -0.9988618493080139 0.036638371646404266 0.030537784099578857 5.205765724182129
14.51589 0.02901061810553074 0.022868070751428604 0.999317467212677 0.6387672424316406 0.03797227516770363 0.9989914298057556 -0.0239629577845335 -0.07993362843990326 -0.9988575577735901 0.03864153474569321 0.02811300754547119 5.206645488739014
14.61968 0.028148923069238663 0.02270231582224369 0.9993458986282349 0.6822250485420227 0.04208669066429138 0.9988287091255188 -0.02387603186070919 -0.08110278844833374 -0.9987173676490784 0.04273124784231186 0.027160484343767166 5.207752227783203
14.72326 0.02963460609316826 0.022128388285636902 0.9993157386779785 0.7244301438331604 0.045848097652196884 0.998672604560852 -0.023473763838410378 -0.08249801397323608 -0.9985088109970093 0.04651236534118652 0.028580717742443085 5.207831859588623
14.82686 0.03189760819077492 0.022628434002399445 0.9992348551750183 0.7686371207237244 0.04748769849538803 0.9985803961753845 -0.024129509925842285 -0.08293294161558151 -0.9983624815940857 0.04822104796767235 0.03077774867415428 5.209265232086182
14.93048 0.03579918295145035 0.022050943225622177 0.9991157054901123 0.8137323260307312 0.050109997391700745 0.9984592795372009 -0.023831939324736595 -0.08518100529909134 -0.9981019496917725 0.050918836146593094 0.03463905304670334 5.210855007171631
15.0341 0.04010219871997833 0.021452048793435097 0.9989652633666992 0.8602731227874756 0.05035340413451195 0.9984558820724487 -0.023462481796741486 -0.08656604588031769 -0.9979260563850403 0.051242195069789886 0.038960084319114685 5.212708473205566
15.13784 0.043520860373973846 0.01977597177028656 0.9988567233085632 0.9074349403381348 0.05224030092358589 0.9983911514282227 -0.022042900323867798 -0.08800230920314789 -0.9976858496665955 0.05313989892601967 0.0424177423119545 5.215973377227783
15.24145 0.048118799924850464 0.018386295065283775 0.9986722469329834 0.9560645818710327 0.05212307348847389 0.9984220862388611 -0.020893121138215065 -0.08892475068569183 -0.9974807500839233 0.05305921286344528 0.04708452150225639 5.217534065246582
15.34508 0.05192777141928673 0.016658511012792587 0.9985117316246033 1.0048182010650635 0.04876022785902023 0.9986260533332825 -0.019196197390556335 -0.08966943621635437 -0.9974598288536072 0.04968447983264923 0.051044151186943054 5.220693588256836
15.44881 0.056442275643348694 0.0152637530118227 0.9982890486717224 1.05571448802948 0.048107776790857315 0.9986801147460938 -0.017989691346883774 -0.09141857177019119 -0.9972462058067322 0.049040842801332474 0.05563347786664963 5.223294734954834
15.55255 0.05989116057753563 0.016219813376665115 0.998073160648346 1.1044695377349854 0.04508693143725395 0.9988035559654236 -0.018937205895781517 -0.09284728765487671 -0.9971861243247986 0.04613422974944115 0.059088218957185745 5.227368354797363
15.65617 0.06329616904258728 0.019921455532312393 0.9977959990501404 1.155468463897705 0.04309774190187454 0.9988135099411011 -0.02267572283744812 -0.09479129314422607 -0.9970637559890747 0.04443803429603577 0.06236250326037407 5.230876922607422
15.7599 0.06466563791036606 0.025017740204930305 0.9975934028625488 1.2062679529190063 0.037292491644620895 0.9989268779754639 -0.027468545362353325 -0.09667052328586578 -0.997209906578064 0.03897901624441147 0.06366327404975891 5.234435081481934
15.86364 0.06417222321033478 0.028437798842787743 0.9975335001945496 1.256375789642334 0.03435919061303139 0.9989383816719055 -0.030688200145959854 -0.09831412136554718 -0.9973471164703369 0.036243781447410583 0.06312698870897293 5.238659381866455
15.96739 0.0645533949136734 0.02832658588886261 0.9975120425224304 1.3076015710830688 0.0315120667219162 0.9990407228469849 -0.030409278348088264 -0.1000262200832367 -0.9974164366722107 0.03339669480919838 0.06359883397817612 5.242105960845947
16.07102 0.06485190242528915 0.026245055720210075 0.9975495934486389 1.359079122543335 0.029120704159140587 0.9991785287857056 -0.028181083500385284 -0.10224338620901108 -0.997469961643219 0.030876945704221725 0.0640343502163887 5.245311260223389
16.17474 0.06408830732107162 0.025091009214520454 0.9976286888122559 1.4094215631484985 0.030054431408643723 0.9991819262504578 -0.027060789987444878 -0.10435119271278381 -0.9974915385246277 0.0317174457013607 0.06328179687261581 5.249649524688721
16.27845 0.0642285868525505 0.024278251454234123 0.9976398348808289 1.4610081911087036 0.027913494035601616 0.9992692470550537 -0.026114989072084427 -0.10650236159563065 -0.9975446462631226 0.029524942860007286 0.06350395828485489 5.253565788269043
16.38209 0.06492849439382553 0.024423975497484207 0.9975908994674683 1.5114679336547852 0.02645496279001236 0.9993069767951965 -0.026187818497419357 -0.10873979330062866 -0.9975391626358032 0.028091566637158394 0.06423736363649368 5.25629186630249
