1305031453.359684 1.0 0.0 0.0 0.0 0.0 1.0 0.0 0.0 0.0 0.0 1.0 0.0
1305031453.39169 0.9996346831321716 -0.024037323892116547 0.012355903163552284 0.0021405136212706566 0.02402322366833687 0.9997105598449707 0.0012883844319730997 0.004495346453040838 -0.012383297085762024 -0.0009910851949825883 0.9999228119850159 -0.00946765299886465
1305031453.423683 0.9989032745361328 -0.04266459494829178 0.01928785815834999 0.007733510807156563 0.042679544538259506 0.9990887641906738 -0.00036396525683812797 0.0065535190515220165 -0.01925475522875786 0.0011867631692439318 0.9998139142990112 -0.017826052382588387
1305031453.459685 0.997713565826416 -0.05882815271615982 0.03326743468642235 0.010675416328012943 0.05904073640704155 0.9982407093048096 -0.005443569738417864 0.00852166023105383 -0.03288866952061653 0.007395259570330381 0.9994316697120667 -0.027444908395409584
1305031453.491698 0.9958409070968628 -0.079401396214962 0.044679827988147736 0.015782002359628677 0.08011525124311447 0.996681272983551 -0.014416991733014584 0.014963149093091488 -0.04338681697845459 0.017936566844582558 0.9988973140716553 -0.038413818925619125
1305031453.523684 0.9937261939048767 -0.09726117551326752 0.05521456152200699 0.01637435145676136 0.09888554364442825 0.9947191476821899 -0.027485186234116554 0.0206143781542778 -0.05224974453449249 0.032772667706012726 0.9980961680412292 -0.05103881284594536
1305031453.559753 0.9919123649597168 -0.11021825671195984 0.06294293701648712 0.015610521659255028 0.11302352696657181 0.9926662445068359 -0.04288819059729576 0.028532400727272034 -0.057754263281822205 0.049655355513095856 0.9970952272415161 -0.06597934663295746
1305031453.59164 0.9905072450637817 -0.11740605533123016 0.07149118930101395 0.013289660215377808 0.1214611753821373 0.9910553693771362 -0.05528354272246361 0.03315272554755211 -0.0643611028790474 0.063442163169384 0.9959079623222351 -0.08149181306362152
1305031453.627706 0.989109456539154 -0.124555304646492 0.07841146737337112 0.004446777515113354 0.12989123165607452 0.9892568588256836 -0.06707564741373062 0.03732684999704361 -0.06921444833278656 0.07653015106916428 0.9946619272232056 -0.09804824739694595
1305031453.6596 0.9897156953811646 -0.12246972322463989 0.07391977310180664 -0.002881416119635105 0.1285094916820526 0.988196611404419 -0.08338354527950287 0.0453057736158371 -0.06283529847860336 0.09202539920806885 0.9937720894813538 -0.11300471425056458
1305031453.691678 0.991552472114563 -0.10981366783380508 0.06902682781219482 -0.015297937206923962 0.11630138754844666 0.9883363842964172 -0.09831090271472931 0.0546150766313076 -0.0574258416891098 0.10550833493471146 0.9927589297294617 -0.12834472954273224
1305031453.727652 0.9930634498596191 -0.10015469044446945 0.06159559637308121 -0.025906940922141075 0.10642889142036438 0.9883474111557007 -0.1088230311870575 0.06434860080480576 -0.04997870326042175 0.11462373286485672 0.9921510219573975 -0.14303737878799438
1305031453.759694 0.9949456453323364 -0.08621281385421753 0.05148361995816231 -0.044424425810575485 0.09177203476428986 0.9887956976890564 -0.11773352324962616 0.06912930309772491 -0.04075663164258003 0.1218632236123085 0.9917097687721252 -0.15376828610897064
1305031453.791716 0.9971197843551636 -0.0711577832698822 0.02624567784368992 -0.04291228577494621 0.07396562397480011 0.9888805150985718 -0.12901310622692108 0.07965943962335587 -0.016773557290434837 0.1305828094482422 0.9912954568862915 -0.1684371531009674
1305031453.827773 0.9981077909469604 -0.06015004962682724 0.01276467740535736 -0.05403522774577141 0.06131987273693085 0.9890815019607544 -0.13400694727897644 0.08615316450595856 -0.004564784467220306 0.13453607261180878 0.9908981919288635 -0.18185703456401825
1305031453.859705 0.999030590057373 -0.044015780091285706 -0.0006983148632571101 -0.08422640711069107 0.04347534850239754 0.989006519317627 -0.1413361132144928 0.09738899767398834 0.006911658216267824 0.1411687582731247 0.9899614453315735 -0.18976670503616333
1305031453.89171 0.9990583062171936 -0.030880916863679886 -0.030476514250040054 -0.09773560613393784 0.026254776865243912 0.9895204305648804 -0.1419861614704132 0.10553192347288132 0.03454180061817169 0.14105230569839478 0.9893993735313416 -0.2007337063550949
1305031453.927723 0.9972104430198669 -0.02310592122375965 -0.07097486406564713 -0.10732336342334747 0.01309274323284626 0.9902852773666382 -0.1384325623512268 0.11262631416320801 0.07348398119211197 0.1371171474456787 0.987825334072113 -0.20267078280448914
1305031453.959641 0.9943053722381592 -0.009039383381605148 -0.10618405044078827 -0.113820880651474 -0.005143946036696434 0.9911636710166931 -0.13254494965076447 0.1168183758854866 0.10644389688968658 0.13233637809753418 0.9854728579521179 -0.2135791778564453
1305031453.991624 0.9913949370384216 0.012076610699295998 -0.1303461492061615 -0.12435157597064972 -0.02847997471690178 0.9917824864387512 -0.1247258335351944 0.11534558236598969 0.12776874005794525 0.127364844083786 0.9835920333862305 -0.22219307720661163
1305031454.027662 0.9877414703369141 0.029770173132419586 -0.15323317050933838 -0.13905787467956543 -0.04966123029589653 0.9905729293823242 -0.12766778469085693 0.117922842502594 0.14798793196678162 0.13371248543262482 0.9799084067344666 -0.22388063371181488
1305031454.059654 0.9830649495124817 0.05047772824764252 -0.17616866528987885 -0.15130615234375 -0.07395907491445541 0.9888331890106201 -0.12937897443771362 0.12587325274944305 0.16767069697380066 0.1402171403169632 0.9758204817771912 -0.22817574441432953
1305031454.091651 0.9764768481254578 0.07801095396280289 -0.20101530849933624 -0.16119588911533356 -0.10389654338359833 0.987125039100647 -0.12161271274089813 0.12211821973323822 0.1889401376247406 0.13963676989078522 0.9720098376274109 -0.23458458483219147
1305031454.127701 0.968315064907074 0.10275261849164963 -0.22761380672454834 -0.17838141322135925 -0.13374416530132294 0.9830782413482666 -0.12517967820167542 0.12599286437034607 0.21089962124824524 0.151655375957489 0.9656717777252197 -0.23376792669296265
1305031454.159672 0.9583388566970825 0.12309250980615616 -0.2577497661113739 -0.18983760476112366 -0.159100741147995 0.9794708490371704 -0.12379027903079987 0.13425980508327484 0.23722070455551147 0.15964120626449585 0.9582489132881165 -0.2361041158437729
1305031454.191658 0.9453938603401184 0.15146780014038086 -0.28859633207321167 -0.20635367929935455 -0.190909281373024 0.9750049114227295 -0.11366267502307892 0.13826946914196014 0.26416659355163574 0.16255173087120056 0.9506802558898926 -0.2362765073776245
1305031454.227671 0.9289833307266235 0.18311209976673126 -0.3216519355773926 -0.218429297208786 -0.22587764263153076 0.9689293503761292 -0.10077301412820816 0.12694405019283295 0.29320523142814636 0.1662704199552536 0.9414801597595215 -0.23864533007144928
1305031454.259627 0.9111307859420776 0.209696426987648 -0.3547789752483368 -0.21606944501399994 -0.2611781060695648 0.9597269892692566 -0.10348986834287643 0.13391588628292084 0.31878945231437683 0.18695330619812012 0.9292048215866089 -0.2488458752632141
1305031454.291639 0.8997183442115784 0.22978508472442627 -0.37108734250068665 -0.22358112037181854 -0.2841837406158447 0.9537003636360168 -0.09846515953540802 0.1436505764722824 0.33128026127815247 0.19404786825180054 0.9233627319335938 -0.24683062732219696
1305031454.327699 0.8853602409362793 0.26050400733947754 -0.3850648105144501 -0.24379169940948486 -0.3155229687690735 0.9449986815452576 -0.08615575730800629 0.13669463992118835 0.3414418399333954 0.19777563214302063 0.9188591241836548 -0.2507239878177643
1305031454.359636 0.8666126132011414 0.2824834883213043 -0.411321759223938 -0.24574148654937744 -0.34575891494750977 0.9342971444129944 -0.08683112263679504 0.13812345266342163 0.3597683906555176 0.21746711432933807 0.9073448777198792 -0.2523441016674042
1305031454.391677 0.8543506264686584 0.3012532889842987 -0.4234754741191864 -0.256527304649353 -0.36883866786956787 0.925532877445221 -0.08571386337280273 0.1481085866689682 0.36611878871917725 0.22942382097244263 0.9018434882164001 -0.2560802698135376
1305031454.427465 0.8334978222846985 0.3278201222419739 -0.4447643756866455 -0.27250057458877563 -0.39966845512390137 0.9135323762893677 -0.07565463334321976 0.1506694257259369 0.3815056085586548 0.24081629514694214 0.8924465775489807 -0.25550949573516846
1305031454.459913 0.810674250125885 0.3478856682777405 -0.4709382653236389 -0.26480239629745483 -0.4265579283237457 0.9018974304199219 -0.06803934276103973 0.15272963047027588 0.4010680913925171 0.25604021549224854 0.8795382976531982 -0.2559962868690491
1305031454.491617 0.7930858135223389 0.37777796387672424 -0.4778061807155609 -0.2739465832710266 -0.4597115218639374 0.8858557939529419 -0.06264860928058624 0.15968234837055206 0.399600088596344 0.2693387269973755 0.8762285113334656 -0.2616029679775238
1305031454.5277 0.7731205224990845 0.40314197540283203 -0.4896542429924011 -0.27760592103004456 -0.4881097972393036 0.8711438775062561 -0.05345214903354645 0.16952386498451233 0.40501049160957336 0.28033000230789185 0.8702767491340637 -0.2627832293510437
1305031454.559575 0.756393551826477 0.424561083316803 -0.49761107563972473 -0.28473523259162903 -0.5095245838165283 0.8594689965248108 -0.04120483249425888 0.17942938208580017 0.410187304019928 0.28471216559410095 0.8664209842681885 -0.26453733444213867
1305031454.591635 0.7303954362869263 0.45213374495506287 -0.5119547247886658 -0.2932778298854828 -0.5377321243286133 0.8428061604499817 -0.022845719009637833 0.18719223141670227 0.42114928364753723 0.2919808626174927 0.8587086200714111 -0.2678000330924988
1305031454.62758 0.7018234133720398 0.46996015310287476 -0.5353329181671143 -0.2929801940917969 -0.5592210292816162 0.8290011882781982 -0.005374133586883545 0.19374476373195648 0.44126594066619873 0.30314111709594727 0.8446241021156311 -0.26744285225868225
1305031454.659528 0.6810576915740967 0.4805738031864166 -0.5524574518203735 -0.29106825590133667 -0.5700171589851379 0.8215458989143372 0.011944306083023548 0.2094395011663437 0.4596092700958252 0.30677542090415955 0.833455502986908 -0.2727428376674652
1305031454.691884 0.6552549004554749 0.49197688698768616 -0.573236346244812 -0.2906728982925415 -0.5781906843185425 0.8149906992912292 0.03854316100478172 0.21329714357852936 0.48614466190338135 0.3061842918395996 0.8184831738471985 -0.27106302976608276
1305031454.727659 0.6311168670654297 0.4976137578487396 -0.5950395464897156 -0.28548502922058105 -0.5826800465583801 0.8104994297027588 0.05978826433420181 0.2154206931591034 0.5120306611061096 0.30898430943489075 0.8014693856239319 -0.2652718126773834
1305031454.759732 0.6275444626808167 0.4896291196346283 -0.6053521633148193 -0.2721993923187256 -0.5677940249443054 0.8197952508926392 0.0744684487581253 0.21624964475631714 0.5327268242835999 0.29698309302330017 0.7924664616584778 -0.26468372344970703
1305031454.791641 0.6301854252815247 0.48226025700569153 -0.6085157990455627 -0.2650796175003052 -0.5542629361152649 0.8282522559165955 0.08240505307912827 0.2208523452281952 0.5437452793121338 0.2853472828865051 0.789251446723938 -0.26736557483673096
1305031454.82757 0.6390885710716248 0.4724305272102356 -0.6069390773773193 -0.2632060647010803 -0.5406568646430969 0.8372011780738831 0.08236691355705261 0.2337299883365631 0.547042727470398 0.27550607919692993 0.7904685139656067 -0.2668735086917877
1305031454.85962 0.6497142910957336 0.46573150157928467 -0.6008041501045227 -0.2580501139163971 -0.5258694291114807 0.8460847735404968 0.0871889516711235 0.23919042944908142 0.5489378571510315 0.25929659605026245 0.7946272492408752 -0.26574939489364624
1305031454.891764 0.6628280878067017 0.45731326937675476 -0.5928942561149597 -0.2540757656097412 -0.5116366744041443 0.854754626750946 0.08730654418468475 0.24645666778087616 0.5467055439949036 0.24547713994979858 0.8005335927009583 -0.2645169794559479
1305031454.927567 0.6776341199874878 0.45130282640457153 -0.5806355476379395 -0.2534380257129669 -0.49972063302993774 0.8618397116661072 0.08666865527629852 0.2550950348377228 0.5395285487174988 0.231425940990448 0.809537410736084 -0.26788270473480225
1305031454.959648 0.6918905377388 0.44434601068496704 -0.5690729022026062 -0.2552136480808258 -0.48834601044654846 0.8685544729232788 0.08444735407829285 0.2657315135002136 0.5317946672439575 0.21947616338729858 0.8179392218589783 -0.27224138379096985
1305031454.991937 0.7037264704704285 0.43762969970703125 -0.5596867203712463 -0.25987333059310913 -0.47779586911201477 0.874535858631134 0.08305566757917404 0.27476203441619873 0.5258136987686157 0.20896753668785095 0.8245316743850708 -0.27996283769607544
1305031455.027799 0.7081835865974426 0.43210190534591675 -0.5583581924438477 -0.26111891865730286 -0.47338852286338806 0.8773447871208191 0.07854528725147247 0.28854474425315857 0.5238121747970581 0.20869587361812592 0.8258732557296753 -0.2838928699493408
1305031455.059636 0.7136898040771484 0.43088728189468384 -0.5522527098655701 -0.26474428176879883 -0.46970483660697937 0.8792787194252014 0.07903360575437546 0.29489409923553467 0.5196385979652405 0.20299027860164642 0.829922080039978 -0.28756293654441833
1305031455.0917 0.7194699645042419 0.42919525504112244 -0.54603511095047 -0.2697215974330902 -0.4705805480480194 0.8794765472412109 0.07123826444149017 0.30475449562072754 0.5108002424240112 0.20569975674152374 0.8347278833389282 -0.29406318068504333
1305031455.127695 0.7264813184738159 0.42693498730659485 -0.5384712815284729 -0.276052862405777 -0.4686398208141327 0.880907416343689 0.06617282330989838 0.3151179254055023 0.5025948882102966 0.20427575707435608 0.8400415182113647 -0.2971383333206177
1305031455.15972 0.7364326119422913 0.421239972114563 -0.5293617248535156 -0.2849327027797699 -0.45989754796028137 0.8855957984924316 0.06491751223802567 0.3236376643180847 0.49614644050598145 0.1956448256969452 0.8459088206291199 -0.3020517826080322
1305031455.191655 0.7465412616729736 0.4150626063346863 -0.5199992060661316 -0.29468950629234314 -0.4502197206020355 0.8905850648880005 0.06450189650058746 0.3337063491344452 0.489875853061676 0.1859605461359024 0.8517277836799622 -0.3083138167858124
1305031455.227581 0.7558795213699341 0.4054688811302185 -0.5140438079833984 -0.303196519613266 -0.43847888708114624 0.8965702056884766 0.06243446096777916 0.33919164538383484 0.48619163036346436 0.1782044917345047 0.855488657951355 -0.3127203583717346
1305031455.259631 0.766980767250061 0.39488255977630615 -0.5057748556137085 -0.313291996717453 -0.4279789626598358 0.9020951986312866 0.055301398038864136 0.357013463973999 0.4780946671962738 0.17404592037200928 0.8608911037445068 -0.31477510929107666
1305031455.291831 0.7816627025604248 0.3841146230697632 -0.4913851320743561 -0.3241453468799591 -0.4066077470779419 0.9112505912780762 0.06551773846149445 0.36087846755981445 0.47294124960899353 0.14858826994895935 0.8684744834899902 -0.32071372866630554
1305031455.327766 0.7977105379104614 0.36206886172294617 -0.4822489023208618 -0.34030428528785706 -0.38171252608299255 0.922264575958252 0.061020806431770325 0.3795761466026306 0.46685492992401123 0.13540349900722504 0.8739064335823059 -0.3262042701244354
1305031455.35963 0.8032386302947998 0.3543674945831299 -0.47878116369247437 -0.345641165971756 -0.3670731484889984 0.9275045394897461 0.0706588476896286 0.39045870304107666 0.4691108465194702 0.11899179965257645 0.87508624792099 -0.32734009623527527
1305031455.391665 0.816257655620575 0.3485918641090393 -0.46065935492515564 -0.3591095805168152 -0.34904152154922485 0.9330084323883057 0.0875512957572937 0.38943254947662354 0.46031874418258667 0.08932483941316605 0.8832483887672424 -0.3298302888870239
1305031455.427642 0.8321444988250732 0.33423081040382385 -0.4425215721130371 -0.3734153211116791 -0.32817721366882324 0.940039336681366 0.09287507832050323 0.39473316073417664 0.4470294415950775 0.06794004142284393 0.8919355273246765 -0.340917706489563
1305031455.459589 0.8424152731895447 0.3202704191207886 -0.4333168566226959 -0.38817650079727173 -0.30846166610717773 0.946015477180481 0.09952985495328903 0.3944741487503052 0.44180089235305786 0.04981621354818344 0.8957289457321167 -0.34762251377105713
1305031455.491637 0.8534058928489685 0.30315470695495605 -0.42402318120002747 -0.40099725127220154 -0.28771284222602844 0.952293336391449 0.10177822411060333 0.3989945650100708 0.4346489906311035 0.035138800740242004 0.8999142646789551 -0.35718363523483276
1305031455.52761 0.8655733466148376 0.2808181941509247 -0.4146372973918915 -0.4195227026939392 -0.26071688532829285 0.959616482257843 0.10565437376499176 0.39876997470855713 0.4275624454021454 0.016651377081871033 0.9038324952125549 -0.3657850921154022
1305031455.559669 0.8749585151672363 0.25793781876564026 -0.40977513790130615 -0.44054561853408813 -0.23580053448677063 0.9661483764648438 0.10466834157705307 0.3994646370410919 0.4229015111923218 0.005044762045145035 0.9061616659164429 -0.38073304295539856
1305031455.591645 0.8823959231376648 0.23103559017181396 -0.40987786650657654 -0.4559061825275421 -0.2078579068183899 0.9729376435279846 0.10093313455581665 0.4068014323711395 0.42210474610328674 -0.0038666091859340668 0.9065387845039368 -0.39221665263175964
1305031455.627617 0.8899145126342773 0.21003566682338715 -0.4048915207386017 -0.4738679528236389 -0.18304851651191711 0.9775069952011108 0.10475340485572815 0.4048480987548828 0.4177863299846649 -0.019106777384877205 0.9083443880081177 -0.3965591490268707
1305031455.659615 0.8945056200027466 0.19900347292423248 -0.4003215432167053 -0.4902186989784241 -0.173636794090271 0.9798121452331543 0.09908770024776459 0.4004524350166321 0.4119587242603302 -0.01912396401166916 0.9110017418861389 -0.40808966755867004
1305031455.691605 0.8969144821166992 0.19943931698799133 -0.39467501640319824 -0.5070421099662781 -0.17713460326194763 0.9798221588134766 0.09258375316858292 0.39994004368782043 0.4051762521266937 -0.013129104860126972 0.9141443967819214 -0.42162638902664185
1305031455.727628 0.8984673619270325 0.20870459079742432 -0.3862627446651459 -0.523798406124115 -0.18948134779930115 0.977962851524353 0.0876670852303505 0.400636225938797 0.3960471749305725 -0.005576428957283497 0.9182133078575134 -0.43243539333343506
1305031455.759683 0.9025090336799622 0.21403376758098602 -0.3737204968929291 -0.5398122668266296 -0.1961415559053421 0.9768176674842834 0.08576582372188568 0.39800068736076355 0.3834135830402374 -0.004102314822375774 0.9235675930976868 -0.4442141056060791
1305031455.791666 0.9080687165260315 0.21308928728103638 -0.3605610132217407 -0.5582641959190369 -0.19593101739883423 0.9770166873931885 0.08396069705486298 0.3889235854148865 0.37016525864601135 -0.005596981383860111 0.9289490580558777 -0.45847171545028687
1305031455.82759 0.9116166234016418 0.21049951016902924 -0.353051096200943 -0.5741267204284668 -0.19588561356067657 0.9775933027267456 0.0770718902349472 0.3873620331287384 0.3613640069961548 -0.0011023925617337227 0.9324241280555725 -0.47333812713623047
1305031455.859526 0.913354218006134 0.21544061601161957 -0.3454988896846771 -0.5908065438270569 -0.20088061690330505 0.9765154123306274 0.0778755247592926 0.3823411762714386 0.3541624844074249 -0.001723895431496203 0.9351822733879089 -0.4859551191329956
1305031455.891657 0.9155732989311218 0.21610188484191895 -0.3391542136669159 -0.6029773950576782 -0.20177137851715088 0.976367712020874 0.07742325961589813 0.378917396068573 0.3478705585002899 -0.0024550482630729675 0.9375393390655518 -0.49692556262016296
1305031455.927955 0.9183589220046997 0.21850581467151642 -0.32995784282684326 -0.6164147853851318 -0.20360267162322998 0.9758180379867554 0.07953016459941864 0.37258481979370117 0.33935660123825073 -0.0058569288812577724 0.9406394958496094 -0.5083273649215698
1305031455.959716 0.9205282926559448 0.22293667495250702 -0.3208226263523102 -0.6289527416229248 -0.2095170021057129 0.9748284220695496 0.07623746991157532 0.37293538451194763 0.32974305748939514 -0.0029609391931444407 0.944066047668457 -0.5202968120574951
1305031455.991694 0.9222798943519592 0.22787222266197205 -0.3122084438800812 -0.6367661356925964 -0.21349619328975677 0.9736651182174683 0.0799722895026207 0.37018829584121704 0.322209894657135 -0.00710151856765151 0.9466415643692017 -0.5287770628929138
1305031456.02777 0.9244256615638733 0.23554734885692596 -0.29992443323135376 -0.644698441028595 -0.2201276570558548 0.9717851281166077 0.08472038805484772 0.3757639527320862 0.31141772866249084 -0.012296037748456001 0.9501935243606567 -0.5379272699356079
1305031456.059713 0.9255091547966003 0.25438550114631653 -0.2805722653865814 -0.6632638573646545 -0.23366768658161163 0.9665685892105103 0.10556802898645401 0.3676413297653198 0.29804733395576477 -0.03214350715279579 0.9540097713470459 -0.5443757772445679
1305031456.091707 0.9260696172714233 0.26686424016952515 -0.2667929232120514 -0.6784306764602661 -0.24285130202770233 0.9626231789588928 0.11991517245769501 0.35713446140289307 0.2888221740722656 -0.04625878855586052 0.9562645554542542 -0.5498747825622559
1305031456.127645 0.9281455278396606 0.27132123708724976 -0.25481510162353516 -0.6921433210372925 -0.24728970229625702 0.9611449241638184 0.12267029285430908 0.35040298104286194 0.2781972885131836 -0.05084272474050522 0.9591773748397827 -0.55512535572052
1305031456.159731 0.9304230213165283 0.27181220054626465 -0.24582727253437042 -0.6991958618164062 -0.2468424290418625 0.9605839848518372 0.12785620987415314 0.33786872029304504 0.27089056372642517 -0.05827975273132324 0.9608442187309265 -0.5563606023788452
1305031456.191658 0.9354241490364075 0.26576387882232666 -0.23313391208648682 -0.7075754404067993 -0.24342577159404755 0.962417483329773 0.12040068954229355 0.3249835669994354 0.25637030601501465 -0.05587489530444145 0.964962363243103 -0.5592001676559448
1305031456.227678 0.9422757029533386 0.25683924555778503 -0.21482568979263306 -0.7167658805847168 -0.24096190929412842 0.9656195640563965 0.09755110740661621 0.34112614393234253 0.23249487578868866 -0.04015522822737694 0.971768319606781 -0.5611779093742371
1305031456.291675 0.9557639956474304 0.24245786666870117 -0.1665210723876953 -0.7453746199607849 -0.22967460751533508 0.968866765499115 0.0924486517906189 0.3235189914703369 0.18375164270401 -0.05011342465877533 0.9816944599151611 -0.5599218606948853
1305031456.327718 0.9627543091773987 0.22914181649684906 -0.1435205042362213 -0.7610030174255371 -0.21892043948173523 0.9721566438674927 0.08357797563076019 0.31433016061782837 0.1586756408214569 -0.04904548078775406 0.9861118197441101 -0.5585592985153198
1305031456.391619 0.9722272157669067 0.21230153739452362 -0.0985000804066658 -0.7803441286087036 -0.20616941154003143 0.9760909080505371 0.06885316222906113 0.30778980255126953 0.11076266318559647 -0.046633221209049225 0.992752194404602 -0.5512698888778687
1305031456.427662 0.9779860973358154 0.19548746943473816 -0.07299196720123291 -0.801227331161499 -0.19254404306411743 0.9802348613739014 0.04546003043651581 0.31620487570762634 0.08043614029884338 -0.03040512092411518 0.9962959885597229 -0.5467591285705566
1305031456.491677 0.9837669134140015 0.17202875018119812 -0.0510767363011837 -0.8396060466766357 -0.1694687157869339 0.9842231273651123 0.050845105201005936 0.3275107145309448 0.05901772901415825 -0.041363831609487534 0.9973995685577393 -0.5390362739562988
1305031456.527641 0.9857792854309082 0.16061481833457947 -0.04941684007644653 -0.8554266095161438 -0.1576031595468521 0.9856908321380615 0.05978906899690628 0.3319171965122223 0.058312736451625824 -0.051150575280189514 0.9969871044158936 -0.5272440910339355
1305031456.591651 0.9898675084114075 0.13373880088329315 -0.047708213329315186 -0.8671796321868896 -0.1308111995458603 0.9895919561386108 0.059969380497932434 0.3374474346637726 0.05523189529776573 -0.05312097445130348 0.9970595240592957 -0.510407030582428
1305031456.627612 0.9918612837791443 0.1234554871916771 -0.031142231076955795 -0.8814600706100464 -0.12090587615966797 0.9899343252182007 0.0735640749335289 0.3553013801574707 0.03991064429283142 -0.0692000761628151 0.9968041181564331 -0.49990999698638916
1305031456.691612 0.9958506226539612 0.09099448472261429 -0.0012956075370311737 -0.9200258255004883 -0.09039369970560074 0.9907207489013672 0.10149575024843216 0.33770257234573364 0.010519137606024742 -0.100957490503788 0.9948350191116333 -0.4738897383213043
1305031456.727693 0.9974085092544556 0.07162247598171234 0.0068147797137498856 -0.9388096928596497 -0.07194118201732635 0.9917659163475037 0.10594715178012848 0.35074156522750854 0.0008295327425003052 -0.10616284608840942 0.994348406791687 -0.4671730399131775
1305031456.791649 0.998954176902771 0.043859198689460754 -0.012913699261844158 -0.9677291512489319 -0.04201831668615341 0.9920217990875244 0.11885784566402435 0.3377745747566223 0.01802367903292179 -0.1181909367442131 0.9928272366523743 -0.4468645453453064
1305031456.827603 0.9993301630020142 0.02934405207633972 -0.02186497673392296 -0.9738871455192566 -0.026703398674726486 0.9932841062545776 0.11257614940404892 0.35684412717819214 0.025021575391292572 -0.11191688477993011 0.9934024810791016 -0.4359915852546692
1305031456.891672 0.9998478889465332 0.0074137854389846325 -0.015780368819832802 -0.9925168752670288 -0.005175419617444277 0.9904978275299072 0.13743048906326294 0.3467242419719696 0.01664930023252964 -0.1373279094696045 0.9903857111930847 -0.4095875918865204
1305031456.92769 0.9999691247940063 -0.0065654125064611435 -0.004305274225771427 -1.0035552978515625 0.007045323494821787 0.992375910282135 0.12304598838090897 0.3554191589355469 0.003464600071310997 -0.1230725347995758 0.9923916459083557 -0.4035179316997528
1305031456.959667 0.9997597932815552 -0.02055514045059681 0.007598117925226688 -1.0154643058776855 0.019501928240060806 0.9926581978797913 0.11937051266431808 0.3720715343952179 -0.009996015578508377 -0.1191936656832695 0.992820680141449 -0.3981581926345825
1305031456.991709 0.9994665384292603 -0.026173848658800125 0.019535109400749207 -1.0302679538726807 0.023221123963594437 0.9900894165039062 0.13850535452365875 0.3680129647254944 -0.022966725751757622 -0.13797785341739655 0.9901689291000366 -0.3884274363517761
1305031457.027648 0.9989852905273438 -0.03458576276898384 0.028850499540567398 -1.042826771736145 0.03019014373421669 0.9895622730255127 0.14090773463249207 0.3694221079349518 -0.03342276066541672 -0.1398937702178955 0.989602267742157 -0.383253276348114
1305031457.091655 0.9973040223121643 -0.056323710829019547 0.047035351395606995 -1.0642502307891846 0.04788671433925629 0.9852259159088135 0.16442887485027313 0.375236839056015 -0.055601686239242554 -0.1617332100868225 0.9852668642997742 -0.3792429268360138
1305031457.127632 0.9958338737487793 -0.06785105168819427 0.060920339077711105 -1.076861023902893 0.05611678212881088 0.9825969934463501 0.17707127332687378 0.3648793697357178 -0.07187461107969284 -0.17291489243507385 0.9823107719421387 -0.37660112977027893
1305031457.191735 0.991121768951416 -0.0944293737411499 0.09359930455684662 -1.1062601804733276 0.07781341671943665 0.9827896356582642 0.167540043592453 0.37164050340652466 -0.10780912637710571 -0.15876932442188263 0.9814119935035706 -0.3840416967868805
1305031457.227543 0.9882881045341492 -0.1080184355378151 0.10778956860303879 -1.121448278427124 0.08744887262582779 0.9797621965408325 0.1800518035888672 0.36572718620300293 -0.12505705654621124 -0.16851699352264404 0.9777334928512573 -0.38696736097335815
1305031457.291656 0.9813421964645386 -0.13210715353488922 0.1396968811750412 -1.1480510234832764 0.10800491273403168 0.9798665642738342 0.16791784763336182 0.35342636704444885 -0.15906748175621033 -0.1496969312429428 0.9758525490760803 -0.3973272144794464
1305031457.327548 0.9767317771911621 -0.14238251745700836 0.16038131713867188 -1.1635034084320068 0.11613745987415314 0.9798351526260376 0.16258899867534637 0.355975478887558 -0.1802970916032791 -0.1401795893907547 0.9735720157623291 -0.40630340576171875
1305031457.391684 0.9631798267364502 -0.1704038679599762 0.2079593539237976 -1.196946382522583 0.13764984905719757 0.9769756197929382 0.1630070060491562 0.3401082754135132 -0.23094823956489563 -0.12837949395179749 0.964459240436554 -0.41962161660194397
1305031457.427641 0.9566419124603271 -0.18598884344100952 0.22415262460708618 -1.216684103012085 0.15270203351974487 0.975594699382782 0.15778791904449463 0.3396575152873993 -0.2480289340019226 -0.11671799421310425 0.9616956114768982 -0.43019846081733704
1305031457.491705 0.9502255916595459 -0.2044522762298584 0.23509690165519714 -1.247043251991272 0.16963154077529907 0.9724250435829163 0.16004584729671478 0.32427138090133667 -0.2613358795642853 -0.1121998131275177 0.9587047100067139 -0.44520676136016846
1305031457.527638 0.9467527270317078 -0.20946890115737915 0.2445036917924881 -1.2620506286621094 0.174630269408226 0.9720988273620605 0.15661439299583435 0.3155621588230133 -0.27048763632774353 -0.10557736456394196 0.9569168090820312 -0.45226559042930603
1305031457.559685 0.9427659511566162 -0.2159276157617569 0.2541015148162842 -1.2757818698883057 0.18279848992824554 0.9719856381416321 0.14774532616138458 0.3138318657875061 -0.2788853049278259 -0.09283986687660217 0.9558262228965759 -0.4624776840209961
1305031457.591678 0.9379521012306213 -0.22101928293704987 0.26720088720321655 -1.297175645828247 0.18851527571678162 0.9717428088188171 0.14204898476600647 0.31189316511154175 -0.29104605317115784 -0.08286372572183609 0.9531137347221375 -0.46904876828193665
1305031457.627526 0.9354630708694458 -0.22692401707172394 0.27095097303390503 -1.311139464378357 0.19346792995929718 0.970370888710022 0.14474326372146606 0.3009626865386963 -0.295768678188324 -0.0829816684126854 0.9516485333442688 -0.47386854887008667
1305031457.659632 0.9311181306838989 -0.2335575371980667 0.2801247835159302 -1.3318616151809692 0.2024136185646057 0.9698382019996643 0.13580384850502014 0.30442774295806885 -0.303393691778183 -0.06974834948778152 0.9503090977668762 -0.48097243905067444
1305031457.69157 0.9292937517166138 -0.24006134271621704 0.28068438172340393 -1.3476063013076782 0.20524096488952637 0.9674668312072754 0.14793220162391663 0.29667818546295166 -0.3070656955242157 -0.07986453920602798 0.9483312964439392 -0.4860548675060272
1305031457.727669 0.9288898706436157 -0.24013587832450867 0.28195473551750183 -1.358062505722046 0.20235438644886017 0.9666990041732788 0.15667107701301575 0.2783462107181549 -0.3101876974105835 -0.08847540616989136 0.9465494155883789 -0.48733633756637573
1305031457.759556 0.9286583662033081 -0.23767511546611786 0.28478795289993286 -1.3691192865371704 0.20058223605155945 0.9675856828689575 0.15344271063804626 0.26597046852111816 -0.3120262920856476 -0.08537247776985168 0.9462299346923828 -0.4941656291484833
1305031457.791567 0.9269891381263733 -0.23346398770809174 0.29357394576072693 -1.3773573637008667 0.1982131153345108 0.9693723320960999 0.14501327276229858 0.24656584858894348 -0.3184378445148468 -0.07623552531003952 0.9448732733726501 -0.49891558289527893
1305031457.827699 0.9211445450782776 -0.22886762022972107 0.3148209750652313 -1.3960107564926147 0.20005086064338684 0.9722288250923157 0.12145292013883591 0.2510274052619934 -0.3338747024536133 -0.048895463347435 0.9413484334945679 -0.5072047710418701
1305031457.859623 0.9145680665969849 -0.2306164801120758 0.332236647605896 -1.4104900360107422 0.20018981397151947 0.9719327092170715 0.12357592582702637 0.23751014471054077 -0.3514103293418884 -0.04650820046663284 0.9350656270980835 -0.5086417198181152
1305031457.891593 0.909004271030426 -0.22903437912464142 0.3482159674167633 -1.424564242362976 0.20050927996635437 0.97275310754776 0.1163935661315918 0.21549777686595917 -0.3653862178325653 -0.035981711000204086 0.9301603436470032 -0.5082793235778809
1305031457.927633 0.9018803238868713 -0.22904379665851593 0.36626583337783813 -1.4491125345230103 0.21139277517795563 0.9734138250350952 0.08819659054279327 0.2161523997783661 -0.3767291009426117 -0.0021168217062950134 0.9263210892677307 -0.5096983909606934
1305031457.991644 0.8979533910751343 -0.234899640083313 0.3721582889556885 -1.472580075263977 0.22310912609100342 0.9718948006629944 0.07511882483959198 0.19267147779464722 -0.37934407591819763 0.015578702092170715 0.92512446641922 -0.5075550675392151
1305031458.027845 0.8947630524635315 -0.23189063370227814 0.3816094994544983 -1.4839378595352173 0.2256702035665512 0.9722498059272766 0.06167113035917282 0.17988909780979156 -0.3853206932544708 0.030936844646930695 0.9222639799118042 -0.5038470029830933
1305031458.059689 0.8884049654006958 -0.22989627718925476 0.397346556186676 -1.5042145252227783 0.2337847203016281 0.9714906811714172 0.039377663284540176 0.19058702886104584 -0.39507123827934265 0.057910237461328506 0.9168233871459961 -0.4991394877433777
1305031458.09169 0.8832087516784668 -0.23270240426063538 0.4071754515171051 -1.5197999477386475 0.23793132603168488 0.970516562461853 0.03855450451374054 0.1919771432876587 -0.4041421711444855 0.06282812356948853 0.9125359058380127 -0.49126318097114563
1305031458.127605 0.8782421350479126 -0.23481766879558563 0.41659510135650635 -1.5357171297073364 0.23758816719055176 0.9702745676040649 0.046034298837184906 0.17947688698768616 -0.41502130031585693 0.05854881554841995 0.9079258441925049 -0.480023056268692
1305031458.159638 0.873357892036438 -0.23741117119789124 0.425302118062973 -1.553418755531311 0.24092386662960052 0.9694333672523499 0.04641774296760559 0.16900672018527985 -0.4233221113681793 0.06192612275481224 0.903860330581665 -0.4654778838157654
1305031458.191646 0.8685638308525085 -0.2437465935945511 0.43149101734161377 -1.57701575756073 0.24857589602470398 0.9675112962722778 0.04617373272776604 0.17020383477210999 -0.4287271499633789 0.0671534463763237 0.9009346961975098 -0.4518343210220337
1305031458.227611 0.8678691387176514 -0.24935060739517212 0.42968299984931946 -1.5962773561477661 0.24709683656692505 0.9670002460479736 0.062079157680273056 0.16249793767929077 -0.43098294734954834 0.052296724170446396 0.9008433818817139 -0.43463075160980225
1305031458.259934 0.869884192943573 -0.24985149502754211 0.4252948760986328 -1.6059974431991577 0.24133875966072083 0.9675546884536743 0.07479090243577957 0.13171982765197754 -0.43018269538879395 0.03758072108030319 0.9019593000411987 -0.4145011901855469
1305031458.291664 0.8716084957122803 -0.24309827387332916 0.4256781339645386 -1.6273024082183838 0.24268341064453125 0.9684780240058899 0.05617024004459381 0.12838688492774963 -0.4259147346019745 0.05434654280543327 0.9031295776367188 -0.4003749489784241
1305031458.327628 0.8753896951675415 -0.2473469078540802 0.41534608602523804 -1.636939525604248 0.24937303364276886 0.9670979976654053 0.050343845039606094 0.12632587552070618 -0.4141328036785126 0.059505634009838104 0.9082692861557007 -0.38774019479751587
1305031458.35959 0.8769919872283936 -0.246065154671669 0.41271892189979553 -1.6458123922348022 0.2513466477394104 0.9669671058654785 0.042420871555805206 0.10486498475074768 -0.4095238745212555 0.06653274595737457 0.9098700284957886 -0.3629569411277771
1305031458.391626 0.8766842484474182 -0.24808523058891296 0.4121631979942322 -1.6577104330062866 0.26454347372055054 0.9642117619514465 0.017676495015621185 0.10544580966234207 -0.40179792046546936 0.09353838860988617 0.9109385013580322 -0.3535633683204651
1305031458.427598 0.8739849925041199 -0.25749436020851135 0.4121249318122864 -1.657818078994751 0.28220850229263306 0.9593526721000671 0.000926673412322998 0.11002382636070251 -0.39561179280281067 0.11549524962902069 0.9111268520355225 -0.3370888829231262
1305031458.459637 0.866038978099823 -0.26793497800827026 0.42212244868278503 -1.6534404754638672 0.3024986684322357 0.9530205130577087 -0.015701796859502792 0.1012103408575058 -0.39808422327041626 0.1412898451089859 0.9064028263092041 -0.32370227575302124
1305031458.491696 0.8564643859863281 -0.2522079646587372 0.4503997266292572 -1.6613328456878662 0.305886834859848 0.9507930278778076 -0.0492531955242157 0.08817145973443985 -0.4158147871494293 0.17995494604110718 0.8914674520492554 -0.3054977059364319
1305031458.527737 0.8489834666252136 -0.23190096020698547 0.4748145341873169 -1.6703487634658813 0.30694884061813354 0.9478410482406616 -0.0859057754278183 0.10586968809366226 -0.4301270544528961 0.2186763733625412 0.875883162021637 -0.2860872745513916
1305031458.559628 0.8418432474136353 -0.21966339647769928 0.4929988384246826 -1.6746835708618164 0.30594271421432495 0.9467198252677917 -0.1006009429693222 0.11366848647594452 -0.44463348388671875 0.2355196326971054 0.8641941547393799 -0.26400887966156006
1305031458.591641 0.8375926613807678 -0.19779030978679657 0.5092323422431946 -1.6841325759887695 0.29624778032302856 0.9476437568664551 -0.11919955164194107 0.11452056467533112 -0.4589943289756775 0.25069963932037354 0.8523343801498413 -0.23598575592041016
1305031458.627659 0.8374066352844238 -0.17992357909679413 0.5161177515983582 -1.7012991905212402 0.28981685638427734 0.9467604756355286 -0.14018139243125916 0.14782001078128815 -0.4634178876876831 0.2669684886932373 0.8449684977531433 -0.21119439601898193
1305031458.659623 0.8380945324897766 -0.18691325187683105 0.5125045776367188 -1.7129907608032227 0.2883332669734955 0.9492971301078796 -0.12529517710208893 0.14303803443908691 -0.46309980750083923 0.25278136134147644 0.8494940400123596 -0.18450391292572021
1305031458.691674 0.857612669467926 -0.18076270818710327 0.4814823269844055 -1.7135963439941406 0.2698546051979065 0.9551311135292053 -0.12207856774330139 0.14459717273712158 -0.4378114640712738 0.23462635278701782 0.8679121732711792 -0.1656985878944397
1305031458.72765 0.8744668364524841 -0.17265722155570984 0.4533180296421051 -1.7029582262039185 0.2550952434539795 0.9585385322570801 -0.1270051747560501 0.1448878049850464 -0.4125944674015045 0.22670108079910278 0.8822541236877441 -0.145532488822937
1305031458.759945 0.8914555311203003 -0.14950181543827057 0.427733838558197 -1.7076557874679565 0.2318495512008667 0.9615619778633118 -0.1471203714609146 0.15137621760368347 -0.38929784297943115 0.23032116889953613 0.8918516039848328 -0.13034719228744507
1305031458.791632 0.9098392724990845 -0.13798263669013977 0.3913480341434479 -1.6949779987335205 0.21430952847003937 0.9638343453407288 -0.1584136039018631 0.16617262363433838 -0.35533639788627625 0.22800052165985107 0.9065052270889282 -0.11231011152267456
1305031458.827564 0.9185805320739746 -0.13297386467456818 0.37219342589378357 -1.6876897811889648 0.20192591845989227 0.9674196243286133 -0.15272623300552368 0.1713874787092209 -0.33975866436958313 0.2154468595981598 0.9155035614967346 -0.0962446928024292
1305031458.891665 0.9268695712089539 -0.1135537326335907 0.35779649019241333 -1.6750636100769043 0.18243877589702606 0.9692754149436951 -0.1649879664182663 0.1622202843427658 -0.32806843519210815 0.2181982696056366 0.9191086292266846 -0.08654487133026123
1305031458.927621 0.9195860624313354 -0.1213366687297821 0.3736826777458191 -1.6833758354187012 0.1956031322479248 0.9662542343139648 -0.1676071584224701 0.17489731311798096 -0.3407354950904846 0.22722269594669342 0.9122878313064575 -0.06595766544342041
1305031458.959617 0.9101619124412537 -0.15089736878871918 0.3857916593551636 -1.6868374347686768 0.22169660031795502 0.9641360640525818 -0.14591874182224274 0.1654733121395111 -0.349936842918396 0.21833838522434235 0.9109733700752258 -0.05563795566558838
1305031458.991647 0.9027464985847473 -0.15967097878456116 0.3994418978691101 -1.698986530303955 0.2299591600894928 0.9638726115226746 -0.13441848754882812 0.13383299112319946 -0.3635483682155609 0.21320116519927979 0.9068504571914673 -0.04196810722351074
1305031459.027665 0.9009570479393005 -0.1506771594285965 0.4069063067436218 -1.722206950187683 0.23141321539878845 0.9601278305053711 -0.15685193240642548 0.12989304959774017 -0.36704808473587036 0.23548032343387604 0.8999025821685791 -0.019960105419158936
