0.1037359 0.9999900460243225 -0.0026518888771533966 -0.0035769722890108824 0.00015966898354236037 0.0026445232797414064 0.9999943971633911 -0.0020622792653739452 -0.00031538732582703233 0.003582420526072383 0.0020527993328869343 0.9999914765357971 0.04174678027629852
0.2073381 0.9999690651893616 -0.001428809016942978 -0.007741066161543131 -0.00035429364652372897 0.0013989300932735205 0.9999914765357971 -0.0038638694677501917 -0.00032144153374247253 0.007746521849185228 0.003852920373901725 0.999962568283081 0.08446681499481201
0.3110752 0.999930202960968 -0.0013876111479476094 -0.011725534684956074 -0.0010631706099957228 0.001325635821558535 0.9999850988388062 -0.005291623063385487 -0.000542189518455416 0.011732702143490314 0.0052757104858756065 0.9999172687530518 0.12809792160987854
0.4146917 0.9998567700386047 -6.0819780628662556e-05 -0.016923902556300163 -0.0020021686796098948 -3.955034844693728e-05 0.9999823570251465 -0.005930274724960327 -0.0009043755126185715 0.016923965886235237 0.005930093117058277 0.9998391270637512 0.17296846210956573
0.5184302 0.9997742772102356 -0.0013311072252690792 -0.021204980090260506 -0.003217888530343771 0.0012054096441715956 0.9999816417694092 -0.005939402151852846 -0.0015434896340593696 0.021212495863437653 0.005912499502301216 0.9997575283050537 0.21828648447990417
0.6220448 0.9996727108955383 0.0006581449997611344 -0.02557365968823433 -0.004929036367684603 -0.0008411096641793847 0.9999740719795227 -0.007144327741116285 -0.002153014997020364 0.025568298995494843 0.007163500878959894 0.9996473789215088 0.26446378231048584
0.7257977 0.9995258450508118 0.003448664443567395 -0.030595626682043076 -0.00685838982462883 -0.0036922127474099398 0.9999619722366333 -0.007907317019999027 -0.0025965373497456312 0.030567197129130363 0.008016536943614483 0.9995005130767822 0.31159693002700806
0.8294199 0.9993821382522583 0.0037045192439109087 -0.03495120629668236 -0.00883959699422121 -0.0039358981885015965 0.9999706745147705 -0.006553541403263807 -0.0028316446114331484 0.034925900399684906 0.00668705627322197 0.9993676543235779 0.3601875305175781
0.9331467 0.9992080926895142 0.0027944017201662064 -0.03969118371605873 -0.010657510720193386 -0.0029511942993849516 0.9999880194664001 -0.003892275271937251 -0.003320719115436077 0.039679836481809616 0.004006329458206892 0.9992043972015381 0.4091089367866516
1.03691 0.9990783333778381 0.0025709650944918394 -0.042848680168390274 -0.013298568315804005 -0.002643849002197385 0.9999951124191284 -0.001644376665353775 -0.003375530242919922 0.042844243347644806 0.0017561467830091715 0.999080240726471 0.45916494727134705
1.140497 0.9989509582519531 0.003907548729330301 -0.04562503471970558 -0.01580386981368065 -0.003982945811003447 0.9999908208847046 -0.001561734126880765 -0.0046841115690767765 0.045618508011102676 0.001741817919537425 0.9989573955535889 0.5086069107055664
1.244242 0.9988492131233215 0.003429642179980874 -0.047837138175964355 -0.018224265426397324 -0.003500086721032858 0.999992847442627 -0.0013889052206650376 -0.005387759767472744 0.04783203825354576 0.0015547408256679773 0.9988541007041931 0.5594183206558228
1.347979 0.9987540245056152 0.00019469433755148202 -0.049903836101293564 -0.020524755120277405 -0.0002886679139919579 0.9999982118606567 -0.0018758904188871384 -0.005894429050385952 0.04990337789058685 0.0018879588460549712 0.998752236366272 0.609663724899292
1.451596 0.998653769493103 0.00020547323219943792 -0.051870595663785934 -0.02342655137181282 -0.0002697664895094931 0.9999991655349731 -0.0012324946001172066 -0.006043105851858854 0.05187029764056206 0.0012448285706341267 0.9986529350280762 0.6616620421409607
1.555212 0.9985542893409729 -0.0016148058930411935 -0.05372806638479233 -0.025832243263721466 0.0015316915232688189 0.9999975562095642 -0.0015880819410085678 -0.006683599203824997 0.053730498999357224 0.001503491192124784 0.9985542893409729 0.7135727405548096
1.65896 0.9984970688819885 0.0003694533370435238 -0.05480264499783516 -0.02997196465730667 -0.0005347105325199664 0.9999952912330627 -0.0030008747708052397 -0.007897239178419113 0.054801277816295624 0.0030256679747253656 0.9984925985336304 0.7654502987861633
1.762569 0.9983580112457275 0.0009194653248414397 -0.057273782789707184 -0.03198034688830376 -0.0013001190964132547 0.9999773502349854 -0.006609308999031782 -0.007683908101171255 0.05726640298962593 0.006672919727861881 0.9983366131782532 0.819113552570343
1.866302 0.998274564743042 0.0053071435540914536 -0.05847784876823425 -0.036243803799152374 -0.005834228824824095 0.9999438524246216 -0.008846386335790157 -0.007983277551829815 0.058427613228559494 0.009172296151518822 0.9982494115829468 0.872503399848938
1.969923 0.9981836676597595 0.005883930251002312 -0.05995504558086395 -0.03955622762441635 -0.006366266869008541 0.9999487996101379 -0.007857141084969044 -0.00931969191879034 0.05990573763847351 0.008224559016525745 0.9981701970100403 0.926847517490387
2.073666 0.9980875253677368 0.004852781537920237 -0.06162509322166443 -0.042970720678567886 -0.005180933978408575 0.9999732375144958 -0.005166306626051664 -0.011040246114134789 0.06159836798906326 0.005475700832903385 0.9980860948562622 0.9818695783615112
2.177281 0.9980044364929199 0.005916353780776262 -0.0628657117486 -0.046584632247686386 -0.006228026933968067 0.9999692440032959 -0.00476296991109848 -0.011006521061062813 0.06283558160066605 0.005144994240254164 0.9980106353759766 1.0361511707305908
2.281017 0.9979628324508667 0.005627661012113094 -0.06354828178882599 -0.05069077014923096 -0.005939355120062828 0.9999712109565735 -0.004716985393315554 -0.011972721666097641 0.0635199025273323 0.005084811244159937 0.9979676008224487 1.091505527496338
2.384639 0.9978330731391907 0.00506398594006896 -0.06560210883617401 -0.053953930735588074 -0.00544216251000762 0.9999695420265198 -0.005587273743003607 -0.012501802295446396 0.06557181477546692 0.00593218207359314 0.9978301525115967 1.14622962474823
2.48825 0.9977605938911438 0.004297497682273388 -0.06674657016992569 -0.05802779644727707 -0.004705745726823807 0.9999712109565735 -0.005960387643426657 -0.013840600848197937 0.06671901047229767 0.006261132191866636 0.9977521300315857 1.2026736736297607
2.591988 0.9976910352706909 0.00377740990370512 -0.06780905276536942 -0.061211779713630676 -0.004072383511811495 0.9999828338623047 -0.0042123617604374886 -0.014442766085267067 0.06779196858406067 0.004478780552744865 0.997689425945282 1.2589961290359497
2.695832 0.9977362155914307 0.004992541391402483 -0.06706251204013824 -0.06564295291900635 -0.005076713394373655 0.999986469745636 -0.0010847497032955289 -0.015080630779266357 0.06705618649721146 0.0014227509964257479 0.9977481961250305 1.3138803243637085
2.799367 0.9977609515190125 0.006212806329131126 -0.0665903314948082 -0.06919325888156891 -0.006091631017625332 0.9999794363975525 0.0020226119086146355 -0.015089993365108967 0.06660152226686478 -0.0016124399844557047 0.9977783560752869 1.370781421661377
2.903084 0.9979047179222107 0.004821722395718098 -0.06451912969350815 -0.07338710129261017 -0.004472515545785427 0.9999745488166809 0.005555789452046156 -0.016020111739635468 0.06454426050186157 -0.005255586467683315 0.9979009628295898 1.4272081851959229
3.006768 0.9979948997497559 0.003977635875344276 -0.0631675198674202 -0.07721423357725143 -0.0035360294859856367 0.9999684691429138 0.0071012964472174644 -0.017091592773795128 0.06319379061460495 -0.006863696500658989 0.9979777336120605 1.4845669269561768
3.110441 0.9981204271316528 0.0052048214711248875 -0.06105991452932358 -0.08145922422409058 -0.005024278070777655 0.999982476234436 0.0031099857296794653 -0.016744567081332207 0.061075035482645035 -0.002797358436509967 0.9981292486190796 1.5425225496292114
3.214057 0.998141884803772 0.006486085243523121 -0.0605861060321331 -0.08464322239160538 -0.006586270872503519 0.9999772310256958 -0.0014540412230417132 -0.01707221381366253 0.060575295239686966 0.0018503760220482945 0.9981619119644165 1.5989912748336792
3.317669 0.9982390999794006 0.005219542887061834 -0.05908866599202156 -0.08883817493915558 -0.0054905894212424755 0.9999750852584839 -0.004425663501024246 -0.01733851619064808 0.059064097702503204 0.0047423020005226135 0.9982429146766663 1.6568893194198608
3.421285 0.9982810020446777 0.0030628328677266836 -0.05852976813912392 -0.09188724309206009 -0.003260498633608222 0.9999893307685852 -0.0032819779589772224 -0.01837845705449581 0.05851909890770912 0.0034671712201088667 0.9982802867889404 1.715733528137207
3.524925 0.998271107673645 0.0014009153237566352 -0.058760400861501694 -0.09490590542554855 -0.0013114684261381626 0.9999979734420776 0.0015607732348144054 -0.018961086869239807 0.05876246467232704 -0.001481012674048543 0.9982708692550659 1.7747522592544556
3.628545 0.9982178807258606 -0.0016876114532351494 -0.05965025722980499 -0.09872139245271683 0.0019837617874145508 0.9999859929084778 0.004905913025140762 -0.019419943913817406 0.059641141444444656 -0.005015501752495766 0.9982072710990906 1.8341903686523438
3.732256 0.9981033205986023 -0.00841975025832653 -0.06098278611898422 -0.10156495869159698 0.008673976175487041 0.9999547600746155 0.003905292833223939 -0.01982978917658329 0.06094714254140854 -0.004426848143339157 0.9981310963630676 1.8938682079315186
3.835871 0.9979990720748901 -0.010576349683105946 -0.06233649700880051 -0.10528130829334259 0.010606355965137482 0.999943733215332 0.00015048506611492485 -0.020023074001073837 0.06233139708638191 -0.0008113466901704669 0.998055100440979 1.9525041580200195
3.939488 0.9979056715965271 -0.009626025334000587 -0.06396567076444626 -0.1089356541633606 0.00935486052185297 0.999945878982544 -0.004537380300462246 -0.02023129165172577 0.06400588154792786 0.003929487895220518 0.9979417324066162 2.0118980407714844
4.043107 0.9978035688400269 -0.009237116202712059 -0.0655941590666771 -0.11363819986581802 0.008961455896496773 0.9999496936798096 -0.004495503380894661 -0.021282630041241646 0.06563238799571991 0.003897810121998191 0.9978362321853638 2.071556806564331
4.146888 0.9977328181266785 -0.009171667508780956 -0.06666963547468185 -0.11780490726232529 0.008973609656095505 0.9999544024467468 -0.0032695827540010214 -0.0218312107026577 0.06669657677412033 0.0026639034040272236 0.9977697134017944 2.1326801776885986
4.25046 0.997687816619873 -0.0062095304019749165 -0.067678302526474 -0.12207430601119995 0.0061945305205881596 0.9999806880950928 -0.000431486580055207 -0.022767839953303337 0.06767966598272324 1.1253530828980729e-05 0.9977070689201355 2.1922948360443115
4.354202 0.9976096153259277 -0.005940766539424658 -0.0688457041978836 -0.1265062391757965 0.006011903751641512 0.9999815821647644 0.000826143310405314 -0.02342062257230282 0.06883954256772995 -0.001238062046468258 0.9976268410682678 2.252939462661743
4.45794 0.9975650906562805 -0.0040687560103833675 -0.06962218135595322 -0.13138501346111298 0.004320234060287476 0.9999846816062927 0.0034618298523128033 -0.02413003519177437 0.06960704177618027 -0.003754185512661934 0.9975674152374268 2.3136966228485107
4.561559 0.9975363612174988 -0.005192807409912348 -0.06995801627635956 -0.13514816761016846 0.0056787715293467045 0.9999611377716064 0.006749402731657028 -0.024589482694864273 0.06992026418447495 -0.007130051031708717 0.9975271224975586 2.374631881713867
4.665293 0.9975565671920776 0.0015743798576295376 -0.06984492391347885 -0.1408955156803131 -0.0009605699451640248 0.9999606609344482 0.008820894174277782 -0.024947408586740494 0.06985607743263245 -0.008732250891625881 0.99751877784729 2.435126304626465
4.768912 0.997504711151123 0.00178978918120265 -0.07057693600654602 -0.14461618661880493 -0.001253171474672854 0.999970018863678 0.007646842394024134 -0.024833112955093384 0.07058851420879364 -0.007539316546171904 0.9974769949913025 2.4954116344451904
4.872532 0.9975306391716003 0.0016994504258036613 -0.07021116465330124 -0.14972691237926483 -0.001252069603651762 0.9999786019325256 0.0064154500141739845 -0.025495611131191254 0.07022056728601456 -0.006311697419732809 0.9975115060806274 2.555971145629883
4.976146 0.9975412487983704 0.004102995619177818 -0.0699615627527237 -0.154239222407341 -0.0038324929773807526 0.9999846816062927 0.004000251181423664 -0.02575499191880226 0.06997691839933395 -0.00372228748165071 0.997541606426239 2.6155874729156494
5.079909 0.9974641799926758 0.003825560212135315 -0.07106826454401016 -0.15890896320343018 -0.003540867706760764 0.9999852180480957 0.0041314540430903435 -0.026371443644165993 0.07108302414417267 -0.003869334002956748 0.9974628686904907 2.6753971576690674
5.183503 0.9973722696304321 0.0018873788649216294 -0.07242193073034286 -0.16333141922950745 -0.0015698937932029366 0.9999890327453613 0.004440485034137964 -0.026046255603432655 0.07242952287197113 -0.004315122961997986 0.9973641037940979 2.7355401515960693
5.287117 0.9973207712173462 0.0025064940564334393 -0.07310830801725388 -0.16755910217761993 -0.002055724384263158 0.9999784231185913 0.006240364164113998 -0.027426183223724365 0.07312235981225967 -0.006073353812098503 0.9973044991493225 2.7941806316375732
5.390861 0.9972912073135376 0.0038041309453547 -0.07345427572727203 -0.17182208597660065 -0.0035977421794086695 0.9999891519546509 0.0029418671038001776 -0.027777910232543945 0.07346467673778534 -0.002669628243893385 0.9972942471504211 2.8526759147644043
5.494473 0.9972128868103027 0.005138836335390806 -0.07443031668663025 -0.176687553524971 -0.0052640726789832115 0.9999850392341614 -0.0014865277335047722 -0.028574779629707336 0.07442156970500946 0.001874191453680396 0.9972251057624817 2.911673069000244
5.598233 0.9971516132354736 0.005946035962551832 -0.07518725097179413 -0.18105140328407288 -0.0061255693435668945 0.9999788999557495 -0.0021574448328465223 -0.029766345396637917 0.07517284154891968 0.002611864358186722 0.9971671104431152 2.970460891723633
5.701829 0.9971728920936584 0.004493399523198605 -0.0750063806772232 -0.18571564555168152 -0.0044256276451051235 0.9999896287918091 0.0010697352699935436 -0.030140351504087448 0.07501042634248734 -0.0007347608916461468 0.9971824884414673 3.028956413269043
5.805571 0.9971475005149841 0.002959978999570012 -0.07541908323764801 -0.18993180990219116 -0.002660596976056695 0.9999881982803345 0.004069747403264046 -0.030629387125372887 0.0754302367568016 -0.0038574794307351112 0.9971436262130737 3.087322235107422
5.909185 0.9971412420272827 0.0009768526069819927 -0.07555288821458817 -0.19419968128204346 -0.000625640619546175 0.9999889135360718 0.0046720802783966064 -0.03129143640398979 0.07555662840604782 -0.004611455835402012 0.9971307516098022 3.1455719470977783
6.012921 0.9971196055412292 -0.0028860517777502537 -0.07579020410776138 -0.1982973963022232 0.0031772626098245382 0.9999880194664001 0.0037220281083136797 -0.03207463026046753 0.0757785513997078 -0.003952112980186939 0.9971168041229248 3.2028043270111084
6.116541 0.9970985651016235 -0.004686723928898573 -0.07597626000642776 -0.20311689376831055 0.004845970775932074 0.9999864101409912 0.0019117840565741062 -0.03240956366062164 0.07596628367900848 -0.0022744154557585716 0.997107744216919 3.261117458343506
6.220278 0.9970147609710693 -0.005719478707760572 -0.07699838280677795 -0.20774292945861816 0.005939430557191372 0.9999788999557495 0.002627883106470108 -0.032753705978393555 0.07698172330856323 -0.0030773647595196962 0.9970276951789856 3.3182272911071777
6.323895 0.9968799948692322 -0.009534809738397598 -0.07835286855697632 -0.21150097250938416 0.010140916332602501 0.9999216794967651 0.00734139746055007 -0.033519670367240906 0.07827672362327576 -0.008113063871860504 0.9968986511230469 3.3759236335754395
6.427659 0.9968538284301758 -0.01050509698688984 -0.07856227457523346 -0.21663574874401093 0.011501091532409191 0.9998589754104614 0.012236052192747593 -0.03373544290661812 0.0784226581454277 -0.013101108372211456 0.9968340992927551 3.432901382446289
6.531383 0.9968162775039673 -0.00839137565344572 -0.07928939163684845 -0.22107483446598053 0.009590848349034786 0.9998450875282288 0.014759069308638573 -0.034247081726789474 0.07915326207876205 -0.015472535975277424 0.9967423677444458 3.4904778003692627
6.634992 0.9967048168182373 -0.007856442593038082 -0.0807325467467308 -0.2254609912633896 0.008779391646385193 0.9999000430107117 0.01108354888856411 -0.034554820507764816 0.08063741773366928 -0.011755809187889099 0.996674120426178 3.546145439147949
6.738741 0.9966478943824768 -0.005074935033917427 -0.0816524401307106 -0.23079559206962585 0.005319223739206791 0.9999818801879883 0.002774563618004322 -0.03489913046360016 0.08163688331842422 -0.003199591301381588 0.9966569542884827 3.6009371280670166
6.84235 0.9965372681617737 -0.004389399662613869 -0.0830300971865654 -0.23523637652397156 0.004253310617059469 0.9999892711639404 -0.00181584432721138 -0.035311922430992126 0.08303719013929367 0.001456403755582869 0.9965454339981079 3.65716290473938
6.945963 0.996480405330658 0.00015499867731705308 -0.08382561057806015 -0.24052155017852783 -0.0002267571835545823 0.9999996423721313 -0.0008465193677693605 -0.03571362420916557 0.08382544666528702 0.0008625480113551021 0.9964801073074341 3.7115986347198486
7.049705 0.996395468711853 0.0036014143843203783 -0.08475401997566223 -0.24571247398853302 -0.0034988548140972853 0.9999930262565613 0.0013585938140749931 -0.036936260759830475 0.08475831151008606 -0.0010571542661637068 0.9964010119438171 3.7655346393585205
7.153323 0.99630206823349 0.00643902039155364 -0.08567928522825241 -0.25060999393463135 -0.0062188138253986835 0.999976634979248 0.002836778061464429 -0.037832263857126236 0.0856955498456955 -0.002293463796377182 0.9963187575340271 3.8179209232330322
7.256934 0.9961965084075928 0.0065836175344884396 -0.08688672631978989 -0.2552841603755951 -0.006381392944604158 0.9999762177467346 0.002605007030069828 -0.038132574409246445 0.08690181374549866 -0.002040640916675329 0.9962148070335388 3.870182991027832
7.360549 0.9960201978683472 0.008463681675493717 -0.08872517943382263 -0.2598244547843933 -0.008189001120626926 0.9999604821205139 0.003459399100393057 -0.03886154666543007 0.08875095099210739 -0.0027190614491701126 0.9960501194000244 3.92080020904541
7.464167 0.9958942532539368 0.009278854355216026 -0.09004927426576614 -0.26474952697753906 -0.008945747278630733 0.9999515414237976 0.0041020717471838 -0.03959815949201584 0.09008298814296722 -0.003279671538621187 0.9959288835525513 3.970794439315796
7.567786 0.9957771301269531 0.009090317413210869 -0.09135274589061737 -0.2695954442024231 -0.00869283638894558 0.9999508857727051 0.004748010542243719 -0.04044189304113388 0.09139145165681839 -0.003933845087885857 0.9958072304725647 4.021399021148682
7.671396 0.9956721067428589 0.008853086270391941 -0.09251329302787781 -0.27456286549568176 -0.008390271104872227 0.9999502301216125 0.005390453152358532 -0.0403214693069458 0.0925564244389534 -0.004590910393744707 0.9956968426704407 4.071186542510986
7.775144 0.9955223202705383 0.011771757155656815 -0.09379115700721741 -0.2793969213962555 -0.011058397591114044 0.9999058842658997 0.00812198780477047 -0.04086596891283989 0.09387794137001038 -0.007048441097140312 0.9955587387084961 4.118895053863525
7.878754 0.9953781366348267 0.013463127426803112 -0.09508495032787323 -0.2838810086250305 -0.012347934767603874 0.9998480677604675 0.012307096272706985 -0.04130342975258827 0.09523621201515198 -0.011076112277805805 0.9953930974006653 4.165717601776123
7.982493 0.9951702952384949 0.016934745013713837 -0.09669201821088791 -0.2886596918106079 -0.015670733526349068 0.9997816681861877 0.013817090541124344 -0.04154688119888306 0.0969049334526062 -0.01223512552678585 0.9952183961868286 4.21133279800415
8.086111 0.9950119853019714 0.01909998431801796 -0.09791021049022675 -0.2938494086265564 -0.018173102289438248 0.9997812509536743 0.010349874384701252 -0.04261006787419319 0.09808647632598877 -0.008518915623426437 0.9951414465904236 4.2564377784729
8.189849 0.9949369430541992 0.018869157880544662 -0.0987149327993393 -0.29938745498657227 -0.01867801509797573 0.9998214244842529 0.0028602429665625095 -0.04274598881602287 0.0987512618303299 -0.0010019605979323387 0.9951117038726807 4.300002574920654
8.29347 0.9947361946105957 0.018157171085476875 -0.10084915161132812 -0.30282217264175415 -0.018563268706202507 0.9998229742050171 -0.0030897334218025208 -0.04314717650413513 0.10077520459890366 0.004945560358464718 0.9948968887329102 4.3425469398498535
8.397102 0.994673490524292 0.018813833594322205 -0.1013452336192131 -0.30705636739730835 -0.019336070865392685 0.9998042583465576 -0.0041730972006917 -0.04380945861339569 0.10124688595533371 0.006110487971454859 0.9948425889015198 4.384121417999268
8.500847 0.9945464730262756 0.021775485947728157 -0.10199667513370514 -0.31198650598526 -0.021890055388212204 0.9997603297233582 -3.980472683906555e-06 -0.04515630379319191 0.10197215527296066 0.0022366719786077738 0.9947845935821533 4.424134254455566
8.604438 0.9943848252296448 0.02191503532230854 -0.10353066027164459 -0.3161449432373047 -0.021887773647904396 0.9997594356536865 0.0013995168264955282 -0.04495443403720856 0.1035364493727684 0.000874397112056613 0.9946252107620239 4.464245319366455
8.708175 0.9943692088127136 0.018683001399040222 -0.10431167483329773 -0.3200719356536865 -0.018993550911545753 0.9998176693916321 -0.0019845361821353436 -0.04556022211909294 0.10425560176372528 0.003954610787332058 0.99454265832901 4.501760959625244
8.811795 0.9944424629211426 0.010921021923422813 -0.1047142893075943 -0.3226913809776306 -0.01168164610862732 0.999909520149231 -0.006653240881860256 -0.04690393805503845 0.1046321839094162 0.007839499041438103 0.9944800734519958 4.538115501403809
8.915403 0.9945790767669678 0.006871520075947046 -0.10375557839870453 -0.32661622762680054 -0.008126804605126381 0.9998987913131714 -0.011680581606924534 -0.047680847346782684 0.1036648079752922 0.012460463680326939 0.9945342540740967 4.575170516967773
9.019162 0.9948961138725281 0.00906427763402462 -0.10049638152122498 -0.3304287791252136 -0.010308305732905865 0.9998764991760254 -0.011866452172398567 -0.048445120453834534 0.10037640482187271 0.012841835618019104 0.994866669178009 4.609761714935303
9.12289 0.9952839612960815 0.013810062780976295 -0.09601623564958572 -0.33456796407699585 -0.014711588621139526 0.9998540878295898 -0.008687699213624 -0.0494283027946949 0.09588224440813065 0.010059277527034283 0.9953418970108032 4.643772125244141
9.226512 0.9957430958747864 0.012502589263021946 -0.09132058173418045 -0.337706595659256 -0.01311423722654581 0.9998953938484192 -0.006100802682340145 -0.04970571771264076 0.09123475104570389 0.007272432092577219 0.9958029985427856 4.677957057952881
9.330247 0.9962695240974426 0.009079727344214916 -0.08581767976284027 -0.3395501375198364 -0.009279420599341393 0.9999550580978394 -0.0019283229485154152 -0.05023718625307083 0.08579632639884949 0.002717467024922371 0.9963090419769287 4.710215091705322
9.433986 0.9969557523727417 0.0045888083986938 -0.07783444225788116 -0.34115129709243774 -0.004521192982792854 0.9999892711639404 0.001044925767928362 -0.05071832984685898 0.07783839851617813 -0.0006898404099047184 0.996965765953064 4.742530345916748
9.537749 0.9977285861968994 0.008336012251675129 -0.06684550642967224 -0.34361597895622253 -0.008278780616819859 0.9999650716781616 0.001133136684074998 -0.05156823620200157 0.0668526291847229 -0.0005771633004769683 0.9977626800537109 4.773658752441406
9.641587 0.9985736012458801 0.013548644259572029 -0.05164394527673721 -0.3454619348049164 -0.01353081688284874 0.9999081492424011 0.0006948048248887062 -0.05219777673482895 0.05164863541722298 4.971137968823314e-06 0.9986653327941895 4.803697109222412
9.745342 0.9992581009864807 0.018584949895739555 -0.03373028710484505 -0.34569740295410156 -0.01854734495282173 0.9998270273208618 0.0014275102876126766 -0.05273463577032089 0.0337509885430336 -0.0008008439326658845 0.9994298815727234 4.8332929611206055
9.849229 0.9997921586036682 0.016887221485376358 -0.011421439237892628 -0.34584513306617737 -0.01686828024685383 0.999856173992157 0.0017526692245155573 -0.052977703511714935 0.011449393816292286 -0.0015596447046846151 0.9999332427978516 4.862051010131836
9.953059 0.9998008608818054 0.013350088149309158 0.014834818430244923 -0.34399646520614624 -0.013387998566031456 0.999907374382019 0.0024590599350631237 -0.05324613302946091 -0.014800614677369595 -0.002657178556546569 0.9998869299888611 4.8903679847717285
10.05693 0.9989376664161682 0.012422972358763218 0.04437512904405594 -0.34168457984924316 -0.012589135207235813 0.9999147057533264 0.0034669991582632065 -0.053281139582395554 -0.04432827979326248 -0.004021960310637951 0.9990090131759644 4.917207717895508
10.16083 0.9969340562820435 0.011938183568418026 0.07733000069856644 -0.3382849097251892 -0.012370888143777847 0.9999103546142578 0.00511893117800355 -0.05414082109928131 -0.07726196199655533 -0.006059878505766392 0.9969924688339233 4.944331645965576
10.26466 0.9932138919830322 0.012159008532762527 0.11566463112831116 -0.3344913125038147 -0.012857530266046524 0.9999033212661743 0.005295003764331341 -0.05430794507265091 -0.11558906733989716 -0.006746234372258186 0.9932742118835449 4.971019744873047
10.36867 0.9875907301902771 0.01271217130124569 0.1565346121788025 -0.3286586403846741 -0.013635172508656979 0.9998953342437744 0.004824018105864525 -0.05445099622011185 -0.15645691752433777 -0.006898531690239906 0.9876607060432434 4.995599269866943
10.47264 0.979429304599762 0.011532514356076717 0.20145799219608307 -0.3219728469848633 -0.012977599166333675 0.9998986721038818 0.005853808484971523 -0.05579324811697006 -0.2013700157403946 -0.008347831666469574 0.9794797897338867 5.020104885101318
10.57663 0.9679787755012512 0.013743473216891289 0.2506555914878845 -0.31437063217163086 -0.015187583863735199 0.9998773336410522 0.0038278456777334213 -0.05646347999572754 -0.25057223439216614 -0.007512125186622143 0.9680688381195068 5.044149875640869
10.68062 0.9529191851615906 0.014213848859071732 0.30289125442504883 -0.3042212724685669 -0.015289782546460629 0.9998824000358582 0.0011811153963208199 -0.0573209784924984 -0.30283886194229126 -0.0057566482573747635 0.9530243873596191 5.067235946655273
10.78461 0.9332090616226196 0.015306211076676846 0.3590078353881836 -0.2940096855163574 -0.015581019222736359 0.9998763203620911 -0.002127992454916239 -0.05690760165452957 -0.3589959740638733 -0.003607847262173891 0.933332085609436 5.089372158050537
10.88875 0.9089509844779968 0.016375932842493057 0.41658133268356323 -0.2828977108001709 -0.01643741875886917 0.9998588562011719 -0.003439455758780241 -0.05766160786151886 -0.41657885909080505 -0.003721225541085005 0.9090918302536011 5.1098408699035645
10.99272 0.8797333836555481 0.016230508685112 0.47519028186798096 -0.2698190212249756 -0.015090779401361942 0.9998667240142822 -0.006213267333805561 -0.057813845574855804 -0.4752277731895447 -0.0017049727030098438 0.8798611164093018 5.130598068237305
11.09659 0.8469324111938477 0.014530456624925137 0.5315019488334656 -0.254716157913208 -0.01195948850363493 0.9998942017555237 -0.00827850867062807 -0.05840472877025604 -0.5315660238265991 0.0006548434612341225 0.8470165133476257 5.148741722106934
11.20057 0.8104057312011719 0.014570564962923527 0.5856876969337463 -0.23905730247497559 -0.01086769811809063 0.99989253282547 -0.009837589226663113 -0.05882202461361885 -0.5857679843902588 0.0016073613660410047 0.810477077960968 5.166008472442627
11.30431 0.7703867554664612 0.012510442174971104 0.637454092502594 -0.22225069999694824 -0.009114972315728664 0.999921441078186 -0.008608314208686352 -0.05972590297460556 -0.6375117301940918 0.0008213548571802676 0.7704402804374695 5.1829071044921875
11.40818 0.7288686633110046 0.012487606145441532 0.6845397353172302 -0.20430493354797363 -0.01015075109899044 0.9999208450317383 -0.0074328090995550156 -0.05984209477901459 -0.6845782995223999 -0.001531050424091518 0.7289376854896545 5.197442054748535
11.51192 0.6832214593887329 0.011880871839821339 0.7301146984100342 -0.18605279922485352 -0.00958171021193266 0.9999273419380188 -0.0073051294311881065 -0.06013207882642746 -0.730148434638977 -0.002004724694415927 0.6832857131958008 5.211971282958984
11.61553 0.637600839138031 0.009992809034883976 0.7703021168708801 -0.16611599922180176 -0.0061124879866838455 0.9999499917030334 -0.00791245698928833 -0.061264071613550186 -0.7703425288200378 0.00033652596175670624 0.6376301050186157 5.224200248718262
11.71927 0.5913763046264648 0.0077386535704135895 0.8063585758209229 -0.1460869312286377 6.97359791956842e-05 0.9999533891677856 -0.0096477335318923 -0.06136368587613106 -0.8063957095146179 0.005761673208326101 0.5913482904434204 5.234762668609619
11.82277 0.5453965663909912 0.009989873506128788 0.8381184935569763 -0.12536096572875977 -0.0017550638876855373 0.9999403953552246 -0.010776602663099766 -0.062013350427150726 -0.8381762504577637 0.004406571388244629 0.5453816056251526 5.245039939880371
11.92638 0.49727731943130493 0.01279466599225998 0.8674971461296082 -0.10519170761108398 -0.0054216510616242886 0.9999175667762756 -0.01163986325263977 -0.06273075938224792 -0.8675746917724609 0.0010849719401448965 0.4973057210445404 5.255481243133545
12.03 0.4521150588989258 0.014903806149959564 0.8918349742889404 -0.08338570594787598 -0.005720130633562803 0.9998883008956909 -0.013809709809720516 -0.06321962177753448 -0.8919411897659302 0.0011421653907746077 0.45214980840682983 5.264336585998535
12.13361 0.40961363911628723 0.012438659556210041 0.9121742248535156 -0.0622248649597168 0.0013415389694273472 0.9998976588249207 -0.014237301424145699 -0.06381083279848099 -0.9122580885887146 0.007055509835481644 0.409555047750473 5.271261215209961
12.2371 0.370965838432312 0.0048446631990373135 0.9286338686943054 -0.03921389579772949 0.01708194427192211 0.9997815489768982 -0.012039645574986935 -0.06399620324373245 -0.9284894466400146 0.020329169929027557 0.37080204486846924 5.276500701904297
12.3406 0.33498114347457886 0.0014004716649651527 0.9422239065170288 -0.016718506813049316 0.020787257701158524 0.9997445344924927 -0.008876293897628784 -0.06447746604681015 -0.9419954419136047 0.022559640929102898 0.3348664939403534 5.2827959060668945
12.44411 0.30162742733955383 0.005254349671304226 0.9534114599227905 0.005759716033935547 0.01773928850889206 0.9997808337211609 -0.011122012510895729 -0.06529708206653595 -0.9532608985900879 0.02026754431426525 0.3014680743217468 5.2889084815979
12.54767 0.2707054316997528 0.013258020393550396 0.96257084608078 0.029217123985290527 0.007423917762935162 0.9998466372489929 -0.01585927978157997 -0.06589040905237198 -0.9626336097717285 0.011439243331551552 0.2705654799938202 5.2953338623046875
12.65107 0.24155668914318085 0.017400577664375305 0.9702306389808655 0.05284416675567627 0.0032425213139504194 0.9998190999031067 -0.018738513812422752 -0.06692139059305191 -0.9703813791275024 0.0076724085956811905 0.24145656824111938 5.301231861114502
12.75469 0.21710120141506195 0.019169306382536888 0.9759608507156372 0.07770013809204102 0.004210268147289753 0.9997794032096863 -0.020573709160089493 -0.06803914904594421 -0.976140022277832 0.00857563503086567 0.21697261929512024 5.304847240447998
12.85806 0.19343531131744385 0.020799068734049797 0.9808924198150635 0.10306668281555176 0.011748137883841991 0.9996544718742371 -0.02351367101073265 -0.06861438602209091 -0.9810426831245422 0.01607203669846058 0.19312413036823273 5.308386325836182
12.96167 0.17362339794635773 0.026483239606022835 0.9844560027122498 0.1286730170249939 0.018941445276141167 0.9993636012077332 -0.030224887654185295 -0.06897860765457153 -0.9846299886703491 0.023894770070910454 0.17301128804683685 5.311038970947266
13.0652 0.1534283310174942 0.03294505923986435 0.987610399723053 0.15528589487075806 0.020696187391877174 0.9991177916526794 -0.03654414042830467 -0.06926479190587997 -0.9879429936408997 0.02604667842388153 0.1526111513376236 5.31439208984375
13.16877 0.13591110706329346 0.03426773101091385 0.9901281595230103 0.1830577254295349 0.017747364938259125 0.9991570115089417 -0.037016332149505615 -0.07013776898384094 -0.9905620813369751 0.022603098303079605 0.13518840074539185 5.318148136138916
13.27235 0.12054276466369629 0.02981031872332096 0.9922605752944946 0.21173769235610962 0.016705136746168137 0.9993465542793274 -0.032052598893642426 -0.07147862762212753 -0.9925675392150879 0.02043955959379673 0.11996603012084961 5.321111679077148
13.37588 0.10624515265226364 0.02639681287109852 0.9939894676208496 0.2412879467010498 0.016781410202383995 0.999457597732544 -0.028335753828287125 -0.07298421114683151 -0.9941983819007874 0.01969108171761036 0.10574452579021454 5.323603630065918
13.4795 0.09139832109212875 0.024820636957883835 0.9955049157142639 0.2723480761051178 0.019696170464158058 0.9994486570358276 -0.02672729454934597 -0.07349222153425217 -0.9956195950508118 0.022050466388463974 0.090859055519104 5.32680606842041
13.58311 0.08146735280752182 0.023224128410220146 0.9964053630828857 0.3037711977958679 0.02326398529112339 0.999411940574646 -0.025196291506290436 -0.07498029619455338 -0.9964044690132141 0.025233035907149315 0.08087914437055588 5.327776908874512
13.68672 0.07128389924764633 0.024152133613824844 0.9971635341644287 0.3358307480812073 0.026173891499638557 0.9993172287940979 -0.02607538364827633 -0.07589415460824966 -0.997112512588501 0.02795840986073017 0.07060308009386063 5.329439640045166
13.79034 0.06378587335348129 0.02499551512300968 0.9976504445075989 0.36932405829429626 0.028069429099559784 0.999245822429657 -0.02683013677597046 -0.07672219723463058 -0.997568666934967 0.029714861884713173 0.06303615123033524 5.3308234214782715
13.89395 0.05786033719778061 0.025095123797655106 0.998009204864502 0.4030286371707916 0.029983527958393097 0.9991893172264099 -0.026863111183047295 -0.07775477319955826 -0.9978743195533752 0.031478140503168106 0.05706097558140755 5.3328633308410645
13.99767 0.051782019436359406 0.026005025953054428 0.9983198046684265 0.438100665807724 0.030907079577445984 0.9991402626037598 -0.027629520744085312 -0.07907240837812424 -0.9981800317764282 0.03228585422039032 0.050933752208948135 5.334743499755859
14.1013 0.04635364189743996 0.026548219844698906 0.9985721707344055 0.4760718047618866 0.03159123659133911 0.9991077780723572 -0.02802892029285431 -0.08029168099164963 -0.9984253644943237 0.03284537419676781 0.0454736053943634 5.335906982421875
14.20492 0.04214268922805786 0.026373062282800674 0.9987634420394897 0.5147609710693359 0.03378388658165932 0.999042272567749 -0.027805930003523827 -0.08172959089279175 -0.9985402226448059 0.034913934767246246 0.04121134802699089 5.337110996246338
14.30854 0.03935342654585838 0.02655121311545372 0.9988725185394287 0.5524073839187622 0.03571649268269539 0.9989707469940186 -0.02796097844839096 -0.08277983218431473 -0.9985867738723755 0.0367765873670578 0.03836461529135704 5.338110446929932
14.41227 0.035855408757925034 0.026113983243703842 0.9990156888961792 0.5925917029380798 0.03733571618795395 0.9989256858825684 -0.027451632544398308 -0.08404043316841125 -0.9986593127250671 0.03828326240181923 0.03484190255403519 5.339776992797852
14.51589 0.03380611911416054 0.02544734813272953 0.999104380607605 0.6339661478996277 0.03854706510901451 0.9988988637924194 -0.02674640156328678 -0.08541978895664215 -0.998684823513031 0.03941672667860985 0.03278797119855881 5.340569972991943
14.61968 0.032894108444452286 0.024877989664673805 0.9991491436958313 0.6768015623092651 0.043510403484106064 0.9987066984176636 -0.026299431920051575 -0.08671082556247711 -0.9985113143920898 0.044338472187519073 0.03176911547780037 5.341963291168213
14.72326 0.03437407314777374 0.024699419736862183 0.9991036653518677 0.7206509113311768 0.046457305550575256 0.9985743761062622 -0.02628468908369541 -0.08812309056520462 -0.998328685760498 0.04731917753815651 0.033177606761455536 5.342280864715576
14.82686 0.03774528205394745 0.024182438850402832 0.9989946484565735 0.7653055191040039 0.04971987009048462 0.9984234571456909 -0.02604718878865242 -0.08997000008821487 -0.998049795627594 0.050653040409088135 0.03648342937231064 5.342514991760254
14.93048 0.04050201177597046 0.0245366133749485 0.9988781213760376 0.8113066554069519 0.050779301673173904 0.99835604429245 -0.026582758873701096 -0.09125736355781555 -0.9978883266448975 0.0517989806830883 0.039189472794532776 5.345818042755127
15.0341 0.04530404508113861 0.023732181638479233 0.9986913204193115 0.8579007983207703 0.05123110115528107 0.9983469843864441 -0.026048019528388977 -0.09271849691867828 -0.9976586699485779 0.052344124764204025 0.04401334002614021 5.347232341766357
15.13784 0.04841947183012962 0.022013306617736816 0.9985845685005188 0.9044501781463623 0.052677031606435776 0.9983094930648804 -0.024561451748013496 -0.09449844062328339 -0.997437059879303 0.05379172042012215 0.047178030014038086 5.350780487060547
15.24145 0.05303126946091652 0.02071266621351242 0.9983779788017273 0.955367922782898 0.05294431000947952 0.9983202815055847 -0.023523738607764244 -0.09552273154258728 -0.9971882700920105 0.054105937480926514 0.05184556916356087 5.352842330932617
15.34508 0.05703224986791611 0.01868114247918129 0.9981974959373474 1.0039777755737305 0.04960539937019348 0.9985368847846985 -0.021521715447306633 -0.09676064550876617 -0.9971391558647156 0.05074342340230942 0.056022126227617264 5.355971813201904
15.44881 0.06134096533060074 0.017580779269337654 0.9979619383811951 1.054128646850586 0.04902104288339615 0.9985851645469666 -0.020604901015758514 -0.09825240820646286 -0.9969123601913452 0.05018506571650505 0.0603923499584198 5.358950138092041
15.55255 0.06500539183616638 0.01862684078514576 0.9977110028266907 1.1059763431549072 0.04588698968291283 0.9987123012542725 -0.021635282784700394 -0.09996362030506134 -0.9968292713165283 0.04718836396932602 0.06406696140766144 5.363272190093994
15.65617 0.06828273832798004 0.02248353697359562 0.9974125027656555 1.1567810773849487 0.043778203427791595 0.9987155199050903 -0.025509953498840332 -0.10189558565616608 -0.9967050552368164 0.04540681838989258 0.06721074134111404 5.367030143737793
15.7599 0.0699552446603775 0.027652529999613762 0.9971667528152466 1.2072902917861938 0.03803568333387375 0.9988148212432861 -0.03036658838391304 -0.1038440391421318 -0.9968247413635254 0.040052223950624466 0.06882055848836899 5.370594024658203
15.86364 0.06908475607633591 0.030942246317863464 0.9971307516098022 1.2597966194152832 0.03502409905195236 0.9988274574279785 -0.03342149034142494 -0.10579542070627213 -0.9969958066940308 0.03723252937197685 0.06792003661394119 5.375620365142822
15.96739 0.0692141205072403 0.030696673318743706 0.9971294403076172 1.310646653175354 0.03195127844810486 0.9989453554153442 -0.03297043219208717 -0.10779157280921936 -0.9970900416374207 0.03414157032966614 0.06816033273935318 5.379456520080566
16.07102 0.06939487904310226 0.02886427380144596 0.9971715807914734 1.3620445728302002 0.02963593415915966 0.9990804195404053 -0.03098195046186447 -0.1099863350391388 -0.9971489310264587 0.03170209378004074 0.068475641310215 5.3832688331604
16.17474 0.06902116537094116 0.027847515419125557 0.997226357460022 1.414393663406372 0.030507871881127357 0.999083936214447 -0.030010927468538284 -0.11202560365200043 -0.9971485733985901 0.032494645565748215 0.06810836493968964 5.387205600738525
16.27845 0.06911662966012955 0.026641469448804855 0.9972527027130127 1.4657583236694336 0.028087973594665527 0.9991950392723083 -0.028640050441026688 -0.1147979348897934 -0.9972131252288818 0.029990311712026596 0.06831268221139908 5.391398906707764
16.38209 0.06945518404245377 0.026980146765708923 0.9972200393676758 1.5169670581817627 0.0268552303314209 0.9992213845252991 -0.02890472300350666 -0.11704696714878082 -0.9972234964370728 0.028788158670067787 0.06867653876543045 5.395100116729736
