0.1033914 0.9999987483024597 0.0007675686501897871 0.0014046664582565427 -0.00034424650948494673 -0.0007610090542584658 0.999988853931427 -0.004664514679461718 -0.00015448572230525315 -0.0014082308625802398 0.004663438536226749 0.9999881386756897 0.06808222085237503
0.2071056 0.9999964833259583 -0.0014610069338232279 0.0022149812430143356 -0.00021746486891061068 0.0014730918919667602 0.9999839663505554 -0.005464262329041958 -4.822947084903717e-05 -0.0022069623228162527 0.005467506125569344 0.9999825954437256 0.13603463768959045
0.3102615 0.9999926686286926 -0.003146432340145111 0.0021954725962132215 -5.36955485586077e-05 0.0031494456343352795 0.9999940991401672 -0.0013703234726563096 -0.00015459259157069027 -0.0021911479998379946 0.0013772277161478996 0.9999966025352478 0.204220712184906
0.4136209 0.999983549118042 -0.00550192641094327 0.001607058453373611 -4.425592487677932e-05 0.005494317039847374 0.9999737739562988 0.004702073521912098 -0.00024017482064664364 -0.0016328869387507439 -0.004693166818469763 0.9999876618385315 0.2721143364906311
0.5179293 0.9999586343765259 -0.00908860843628645 0.00031113566365092993 6.1845421441830695e-06 0.009087111800909042 0.9999486207962036 0.004517693072557449 0.0001590221654623747 -0.0003521793114487082 -0.004514679312705994 0.9999897480010986 0.3394084870815277
0.6203887 0.9999325275421143 -0.011596268974244595 -0.0006986260414123535 6.823748117312789e-05 0.011597399599850178 0.9999313950538635 0.0016385886119678617 0.0003228045243304223 0.0006795765948481858 -0.001646580290980637 0.9999983906745911 0.40598660707473755
0.7242193 0.999922513961792 -0.012392605654895306 -0.001171131618320942 -0.0005769433919340372 0.012390224263072014 0.9999211430549622 -0.0020198323763906956 0.0006635914905928075 0.0011960703413933516 0.0020051649771630764 0.9999972581863403 0.47299107909202576
0.8272107 0.9999276399612427 -0.01185556873679161 -0.0020250664092600346 -0.0007664284203201532 0.011850598268210888 0.9999268054962158 -0.0024491555523127317 0.0005691805854439735 0.00205395370721817 0.0024249800480902195 0.9999949336051941 0.538607656955719
0.930557 0.9999257326126099 -0.011902492493391037 -0.0026390128768980503 -0.0014944131253287196 0.011900577694177628 0.999928891658783 -0.0007406319491565228 0.0006739844102412462 0.002647640649229288 0.0007091709412634373 0.9999962449073792 0.6054460406303406
1.03407 0.9999312162399292 -0.011157497763633728 -0.00360865774564445 -0.0018596190493553877 0.01116612832993269 0.9999348521232605 0.0023808926343917847 0.0005551119102165103 0.0035818577744066715 -0.0024210235569626093 0.9999906420707703 0.6705010533332825
1.137438 0.9999269843101501 -0.011288604699075222 -0.004315071739256382 -0.00242257141508162 0.011303682811558247 0.9999300837516785 0.0034857967402786016 0.0009555937722325325 0.004275420214980841 -0.0035343184135854244 0.9999845623970032 0.7370515465736389
1.244258 0.9999092817306519 -0.012460052967071533 -0.005110064055770636 -0.002738408977165818 0.012482761405408382 0.9999122023582458 0.0044364179484546185 0.0009532554540783167 0.005054337438195944 -0.004499803297221661 0.9999770522117615 0.8018619418144226
1.344229 0.9998948574066162 -0.013028676621615887 -0.006376426666975021 -0.002900240710005164 0.013057941570878029 0.9999043345451355 0.0045697446912527084 0.0009042737074196339 0.00631627906113863 -0.00465252622961998 0.9999692440032959 0.8671528697013855
1.447568 0.9998908638954163 -0.013118863105773926 -0.00679475674405694 -0.0038675672840327024 0.013143211603164673 0.9999072551727295 0.0035514410119503736 0.0009392013307660818 0.006747536826878786 -0.0036403583362698555 0.999970555305481 0.9318212270736694
1.551083 0.999878466129303 -0.01341014914214611 -0.007960495539009571 -0.004685613326728344 0.013421609997749329 0.9999089241027832 0.001387834083288908 0.001209333771839738 0.007941160351037979 -0.0014945075381547213 0.9999673962593079 0.9977728724479675
1.654521 0.9998459815979004 -0.014796759933233261 -0.00942818634212017 -0.005845601204782724 0.014800839126110077 0.9998903274536133 0.00036300701322034 0.0012500447919592261 0.009421778842806816 -0.0005024961428716779 0.9999554753303528 1.0612221956253052
1.757843 0.9998195767402649 -0.014933050610125065 -0.011725595220923424 -0.005657766479998827 0.01493761595338583 0.9998883605003357 0.0003020604490302503 0.0007286578183993697 0.011719776317477226 -0.00047715846449136734 0.9999312162399292 1.1265027523040771
1.861353 0.9998288154602051 -0.013288384303450584 -0.01287093199789524 -0.007747362367808819 0.013276479206979275 0.999911367893219 -0.0010100275976583362 0.0011318785836920142 0.012883213348686695 0.0008389741997234523 0.9999166131019592 1.1892045736312866
1.964724 0.999818742275238 -0.012092855758965015 -0.014706376940011978 -0.008559186942875385 0.012078888714313507 0.9999265074729919 -0.0010381636675447226 0.001228348701260984 0.01471785083413124 0.0008603387977927923 0.9998912811279297 1.2531840801239014
2.068236 0.9997937679290771 -0.012348744086921215 -0.016123617067933083 -0.009999696165323257 0.012349295429885387 0.9999237656593323 -6.55083276797086e-05 0.0011541802668944001 0.016123199835419655 -0.0001336204877588898 0.9998699426651001 1.3160048723220825
2.17162 0.9997785091400146 -0.011834714561700821 -0.017403285950422287 -0.011522979475557804 0.01185369212180376 0.9999292492866516 0.000987722771242261 0.001407602452673018 0.01739036850631237 -0.0011937972158193588 0.9998480081558228 1.3788474798202515
2.275131 0.9997524619102478 -0.011609700508415699 -0.018979297950863838 -0.012856652960181236 0.011642935685813427 0.9999307990074158 0.0016414839774370193 0.0014950715703889728 0.0189589262008667 -0.0018620520131662488 0.9998186230659485 1.442881464958191
2.378626 0.999718427658081 -0.012364675290882587 -0.020249728113412857 -0.014319531619548798 0.012397469952702522 0.999921977519989 0.0014947793679311872 0.0014777189353480935 0.02022966369986534 -0.0017454038606956601 0.9997938275337219 1.5055058002471924
2.48201 0.9996728301048279 -0.01297874003648758 -0.022039756178855896 -0.015728652477264404 0.013011767528951168 0.9999144077301025 0.0013558146310970187 0.0013472652062773705 0.02202027291059494 -0.0016421473119407892 0.9997561573982239 1.5675839185714722
2.585514 0.9996512532234192 -0.013421698473393917 -0.022741543129086494 -0.018193257972598076 0.01346538309007883 0.9999077320098877 0.0017688891384750605 0.0012294130865484476 0.022715702652931213 -0.00207449565641582 0.9997397661209106 1.6286625862121582
2.689023 0.9996228218078613 -0.012621845118701458 -0.024391843006014824 -0.018943991512060165 0.012713649310171604 0.999912679195404 0.003612298285588622 0.0016483734361827374 0.024344122037291527 -0.003921045921742916 0.9996959567070007 1.6904470920562744
2.793694 0.9995865821838379 -0.014024659991264343 -0.025096727535128593 -0.0207542534917593 0.014192171394824982 0.9998781085014343 0.006508966442197561 0.0018920889124274254 0.025002382695674896 -0.006862452253699303 0.9996638298034668 1.7513052225112915
2.896139 0.9995761513710022 -0.013308774679899216 -0.025888755917549133 -0.022399699315428734 0.013520844280719757 0.9998763203620911 0.008033955469727516 0.0020626382902264595 0.0257786326110363 -0.008380590006709099 0.9996324777603149 1.8122080564498901
2.999556 0.9995610117912292 -0.012766149826347828 -0.026735585182905197 -0.02405904419720173 0.012948157265782356 0.9998940825462341 0.006645653862506151 0.0025175269693136215 0.026647914201021194 -0.006988913286477327 0.9996204376220703 1.871152400970459
3.103545 0.9995391368865967 -0.01157739944756031 -0.028060900047421455 -0.025562161579728127 0.011691802181303501 0.9999240040779114 0.003916285932064056 0.002824455965310335 0.028013426810503006 -0.004242564085870981 0.9995985627174377 1.9292688369750977
3.206573 0.9995504021644592 -0.010730494745075703 -0.027998272329568863 -0.02814495749771595 0.010803040117025375 0.9999386668205261 0.002441088203340769 0.002981747966259718 0.027970360592007637 -0.0027424569707363844 0.9996050000190735 1.9870930910110474
3.310078 0.9995399117469788 -0.009870676323771477 -0.028679193928837776 -0.030491430312395096 0.009928722865879536 0.9999489784240723 0.0018823293503373861 0.0033090910874307156 0.028659146279096603 -0.002166211139410734 0.9995869398117065 2.044271230697632
3.413963 0.999484658241272 -0.009938781149685383 -0.030521288514137268 -0.03192795813083649 0.009996242821216583 0.9999485611915588 0.0017306129448115826 0.0030111311934888363 0.030502520501613617 -0.002034819917753339 0.9995326399803162 2.100292205810547
3.517076 0.999427855014801 -0.00990116223692894 -0.03234228864312172 -0.034162890166044235 0.009923101402819157 0.999950647354126 0.0005178655264899135 0.00305338017642498 0.032335564494132996 -0.000838504871353507 0.9994767904281616 2.15653657913208
3.620721 0.9993696212768555 -0.009935913607478142 -0.03408348560333252 -0.03658958896994591 0.009978193789720535 0.9999496340751648 0.001070553669705987 0.0027756481431424618 0.03407112881541252 -0.0014099704567342997 0.9994183778762817 2.2114243507385254
3.724674 0.9992974996566772 -0.009302179329097271 -0.03630395606160164 -0.03870537132024765 0.009371302090585232 0.9999545812606812 0.0017342781648039818 0.0034685705322772264 0.03628616780042648 -0.0020732746925204992 0.99933922290802 2.2664270401000977
3.827725 0.9992330074310303 -0.00983847863972187 -0.0379028245806694 -0.041248880326747894 0.010001912713050842 0.9999415278434753 0.004124671686440706 0.0032731294631958008 0.037860020995140076 -0.004500607959926128 0.999272882938385 2.3210365772247314
3.931241 0.9991480708122253 -0.008812472224235535 -0.04031785577535629 -0.04343481734395027 0.009034570306539536 0.9999449849128723 0.00532977981492877 0.0038507478311657906 0.0402686670422554 -0.00568949431180954 0.9991726875305176 2.373760223388672
4.034871 0.999086320400238 -0.007232221774756908 -0.042121972888708115 -0.04600556939840317 0.007468106225132942 0.999957263469696 0.005445364862680435 0.004231097176671028 0.04208078980445862 -0.005754961632192135 0.9990976452827454 2.4263181686401367
4.142151 0.999021053314209 -0.004993469454348087 -0.043954040855169296 -0.048973631113767624 0.005208432674407959 0.9999750256538391 0.004777474794536829 0.0041527594439685345 0.0439290888607502 -0.005001729354262352 0.9990221261978149 2.4775521755218506
4.243437 0.9989436268806458 -0.0033918418921530247 -0.04582734778523445 -0.051687054336071014 0.003593059256672859 0.9999842643737793 0.004309109877794981 0.004150420892983675 0.04581201449036598 -0.004469218663871288 0.9989400506019592 2.528273105621338
4.345966 0.9988786578178406 -0.002917767036706209 -0.04725273698568344 -0.054821670055389404 0.0031750951893627644 0.9999805688858032 0.005371647886931896 0.004344009794294834 0.04723614081740379 -0.005515655968338251 0.9988685846328735 2.577723741531372
4.449183 0.998823881149292 -0.0014039266388863325 -0.04846477136015892 -0.05722159892320633 0.0017547907773405313 0.9999725818634033 0.007197788916528225 0.004803810268640518 0.048453330993652344 -0.007274369243532419 0.9987990856170654 2.6269450187683105
4.552519 0.9988300204277039 0.0016343028983101249 -0.048331648111343384 -0.06028427928686142 -0.001259474316611886 0.999968945980072 0.007784781511873007 0.0047510284930467606 0.04834287241101265 -0.007714800536632538 0.9988009929656982 2.6755995750427246
4.656235 0.9988694787025452 0.0046143801882863045 -0.047311946749687195 -0.0632212907075882 -0.004342879634350538 0.9999735355377197 0.005839688703417778 0.004918677732348442 0.04733764007687569 -0.0056276167742908 0.9988631010055542 2.7233898639678955
4.760815 0.998948335647583 0.006051331292837858 -0.045448318123817444 -0.06588272005319595 -0.005917373113334179 0.9999777674674988 0.0030814367346465588 0.0044927047565579414 0.04546596109867096 -0.0028092614375054836 0.9989619255065918 2.769510269165039
4.863788 0.9990468621253967 0.00683610187843442 -0.04311037063598633 -0.06845416128635406 -0.006800318136811256 0.999976396560669 0.0009766160510480404 0.005133857950568199 0.04311602935194969 -0.0006825210875831544 0.9990697503089905 2.8157083988189697
4.966824 0.9991664290428162 0.007828209549188614 -0.040064405649900436 -0.07057702541351318 -0.00776242557913065 0.9999682307243347 0.001797257224097848 0.0051946621388196945 0.04007720574736595 -0.001484762178733945 0.9991954565048218 2.8619496822357178
5.073257 0.9992485046386719 0.012174536474049091 -0.03680010512471199 -0.07276037335395813 -0.012025145813822746 0.999918520450592 0.004278095439076424 0.005830361042171717 0.03684919327497482 -0.003832353977486491 0.999313473701477 2.907536506652832
5.174268 0.9993188381195068 0.016299279406666756 -0.03310978040099144 -0.07468081265687943 -0.016047922894358635 0.9998403787612915 0.00784314051270485 0.0058755092322826385 0.03323233872652054 -0.007306454703211784 0.9994209408760071 2.951256036758423
5.277498 0.9993525743484497 0.021778210997581482 -0.02863902412354946 -0.07665649801492691 -0.021532444283366203 0.9997288584709167 0.00886209774762392 0.00576384924352169 0.028824256733059883 -0.008239693939685822 0.9995505213737488 2.994333028793335
5.381142 0.9994014501571655 0.025394979864358902 -0.023495066910982132 -0.0776849240064621 -0.025187499821186066 0.999641478061676 0.009085012599825859 0.006540058180689812 0.023717354983091354 -0.008487792685627937 0.9996826648712158 3.0370662212371826
5.484644 0.9994149208068848 0.02946103923022747 -0.01737481728196144 -0.07917030155658722 -0.02927212417125702 0.9995107650756836 0.01102849654853344 0.0065608397126197815 0.017691228538751602 -0.010513447225093842 0.999788224697113 3.077251672744751
5.588095 0.9993643164634705 0.033951226621866226 -0.010868878103792667 -0.08002415299415588 -0.03381768614053726 0.9993531107902527 0.012242643162608147 0.006910137832164764 0.011277496814727783 -0.011867302469909191 0.9998660087585449 3.1166584491729736
5.691619 0.9992933869361877 0.03739101439714432 -0.003816161071881652 -0.08038404583930969 -0.03734230250120163 0.9992290139198303 0.012123635970056057 0.006630290299654007 0.0042665330693125725 -0.011972563341259956 0.9999192357063293 3.1546502113342285
5.795223 0.999154269695282 0.04097957909107208 0.0033626221120357513 -0.08059865981340408 -0.04101833701133728 0.9990813732147217 0.012404355220496655 0.006739400327205658 -0.00285120727494359 -0.012531793676316738 0.9999173879623413 3.1910719871520996
5.898736 0.9989123940467834 0.04528404399752617 0.011102650314569473 -0.08083761483430862 -0.045412156730890274 0.9989013075828552 0.01157151535153389 0.0073591601103544235 -0.01056644693017006 -0.012063127011060715 0.9998713731765747 3.226332187652588
6.002373 0.9985913634300232 0.049617890268564224 0.018801357597112656 -0.08065076917409897 -0.049789439886808395 0.9987212419509888 0.008767860010266304 0.007594630122184753 -0.0183422714471817 -0.009691618382930756 0.9997847676277161 3.2597296237945557
6.10587 0.9983224868774414 0.05129899084568024 0.026848269626498222 -0.08016958832740784 -0.05147496610879898 0.9986568093299866 0.005904242862015963 0.007291953079402447 -0.02650933340191841 -0.0072763520292937756 0.999622106552124 3.290998697280884
6.209506 0.9980441331863403 0.051936812698841095 0.03479272872209549 -0.07931087166070938 -0.0521601140499115 0.9986233711242676 0.0055410172790288925 0.007713038474321365 -0.03445705026388168 -0.007344971876591444 0.9993792176246643 3.321770191192627
6.313021 0.9977672696113586 0.051316842436790466 0.04274451360106468 -0.07771116495132446 -0.051653023809194565 0.9986419081687927 0.006797357462346554 0.00784346740692854 -0.04233764484524727 -0.008990063332021236 0.9990628957748413 3.350492000579834
6.416516 0.9972974061965942 0.05290456861257553 0.05098099634051323 -0.07643190026283264 -0.053372446447610855 0.9985437393188477 0.007859352044761181 0.0075697023421525955 -0.050490960478782654 -0.010559090413153172 0.9986686706542969 3.3779706954956055
6.524037 0.9966445565223694 0.05608242005109787 0.059617023915052414 -0.07510653138160706 -0.05664394423365593 0.9983642101287842 0.0077697825618088245 0.007780713960528374 -0.05908375233411789 -0.011120658367872238 0.9981909990310669 3.4024105072021484
6.623722 0.9958317279815674 0.06090196222066879 0.06789837777614594 -0.07295410335063934 -0.06152147427201271 0.9980807304382324 0.007068832404911518 0.008002154529094696 -0.06733755022287369 -0.011216577142477036 0.997667133808136 3.4252424240112305
6.727294 0.9948968887329102 0.06458000838756561 0.07752183079719543 -0.07244881987571716 -0.06533648818731308 0.9978368878364563 0.007259320467710495 0.007717480883002281 -0.07688532024621964 -0.012287279590964317 0.9969642162322998 3.447134494781494
6.830809 0.99421626329422 0.06364445388317108 0.08650576323270798 -0.06972521543502808 -0.06453505158424377 0.9978870153427124 0.007535179611295462 0.00812309980392456 -0.08584339171648026 -0.01307425182312727 0.9962228536605835 3.4674346446990967
6.934429 0.9932947754859924 0.06274089217185974 0.09710395336151123 -0.06686103343963623 -0.06362653523683548 0.9979554414749146 0.006047861184924841 0.007548879832029343 -0.09652595221996307 -0.012185696512460709 0.9952558279037476 3.486733913421631
7.038067 0.9920921921730042 0.06152239069342613 0.10939866304397583 -0.06525886058807373 -0.06207886338233948 0.9980697631835938 0.0016848314553499222 0.007304374128580093 -0.10908385366201401 -0.008462850004434586 0.9939965009689331 3.5055735111236572
7.141701 0.9904764890670776 0.06273577362298965 0.12255790829658508 -0.06209152936935425 -0.06292203813791275 0.9980156421661377 -0.0023537948727607727 0.007245841436088085 -0.12246237695217133 -0.005380214657634497 0.9924585819244385 3.523932456970215
7.24533 0.988279402256012 0.06421259790658951 0.1384936422109604 -0.05986770987510681 -0.06415389478206635 0.9979279041290283 -0.004892382770776749 0.0076923612505197525 -0.13852085173130035 -0.004049866925925016 0.9903512001037598 3.543896436691284
7.3533 0.985811710357666 0.06652868539094925 0.15410694479942322 -0.05563598871231079 -0.0664573460817337 0.9977734088897705 -0.005620220210403204 0.006680548191070557 -0.1541377454996109 -0.004701060242950916 0.988038182258606 3.5598721504211426
7.452592 0.9829988479614258 0.06687693297863007 0.17099833488464355 -0.05185437202453613 -0.06658551096916199 0.9977529644966125 -0.007445483468472958 0.007238036021590233 -0.1711120456457138 -0.004067110829055309 0.9852432012557983 3.5790014266967773
7.55658 0.9797551035881042 0.06601353734731674 0.18900242447853088 -0.04743760824203491 -0.06557434052228928 0.9978107213973999 -0.008583021350204945 0.007007429376244545 -0.18915525078773499 -0.003984450828284025 0.9819391369819641 3.596207857131958
7.663357 0.9759483933448792 0.06476511806249619 0.20815911889076233 -0.04242795705795288 -0.06433793902397156 0.9978891015052795 -0.008829403668642044 0.006825461983680725 -0.20829159021377563 -0.004775484558194876 0.9780551195144653 3.613070249557495
7.763356 0.9713191986083984 0.06512688845396042 0.22868657112121582 -0.037419915199279785 -0.06447149813175201 0.9978659152984619 -0.010343890637159348 0.006789829581975937 -0.22887220978736877 -0.00469654705375433 0.9734451770782471 3.6311938762664795
7.866988 0.9661195278167725 0.06712576746940613 0.24921323359012604 -0.03207939863204956 -0.06610941141843796 0.9977346062660217 -0.012455710209906101 0.00651194155216217 -0.2494848072528839 -0.004441636614501476 0.9683685302734375 3.6472690105438232
7.970621 0.9598549008369446 0.06851167231798172 0.2720015048980713 -0.026093482971191406 -0.06704334914684296 0.9976417422294617 -0.01469925232231617 0.0062258318066596985 -0.2723671495914459 -0.004126742482185364 0.9621845483779907 3.6647253036499023
8.07425 0.9525765776634216 0.0698850005865097 0.29616543650627136 -0.019336938858032227 -0.06827431172132492 0.997541606426239 -0.015790855512022972 0.005742888897657394 -0.29654088616371155 -0.005178486462682486 0.9550061225891113 3.6815738677978516
8.177962 0.9440950751304626 0.07235512882471085 0.32163530588150024 -0.012620091438293457 -0.07068125903606415 0.9973558187484741 -0.016894835978746414 0.005497884005308151 -0.3220072090625763 -0.0067832558415830135 0.9467129111289978 3.6984755992889404
8.283921 0.9343324899673462 0.07396198809146881 0.34864380955696106 -0.004463315010070801 -0.07217565178871155 0.9972271919250488 -0.01812981441617012 0.005195870995521545 -0.3490179777145386 -0.008224323391914368 0.937079906463623 3.716416358947754
8.385961 0.9230640530586243 0.07502148300409317 0.3772594630718231 0.004004836082458496 -0.07308236509561539 0.9971357583999634 -0.019474411383271217 0.0042847394943237305 -0.3776397705078125 -0.00959488283842802 0.9259029030799866 3.733186721801758
8.488779 0.9104332327842712 0.07327993214130402 0.4071134328842163 0.012966036796569824 -0.07064555585384369 0.9972693920135498 -0.021521655842661858 0.0035797059535980225 -0.40757885575294495 -0.009166729636490345 0.9131239652633667 3.749246120452881
8.593446 0.8955552577972412 0.07052616775035858 0.4393255114555359 0.02342665195465088 -0.06671860069036484 0.9974800944328308 -0.024123914539813995 0.0028294995427131653 -0.4399198293685913 -0.007706890814006329 0.8980040550231934 3.7651264667510986
8.696029 0.8783197999000549 0.06972023099660873 0.472962349653244 0.03546619415283203 -0.06383205205202103 0.9975533485412598 -0.028511125594377518 0.0023222267627716064 -0.4737928807735443 -0.005148269236087799 0.8806212544441223 3.78176212310791
8.799662 0.8589521050453186 0.0716564729809761 0.5070176124572754 0.04697155952453613 -0.06322211027145386 0.9974250793457031 -0.033859167248010635 0.001900501549243927 -0.5081383585929871 -0.0029713157564401627 0.8612703680992126 3.7972631454467773
8.903911 0.8371257185935974 0.07374618947505951 0.5420167446136475 0.05988192558288574 -0.0629335343837738 0.9972752332687378 -0.03848955035209656 0.0012531951069831848 -0.543378472328186 -0.0018904346507042646 0.8394858241081238 3.81341290473938
9.008027 0.812720775604248 0.07616181671619415 0.5776540040969849 0.07409060001373291 -0.06366163492202759 0.9970917701721191 -0.041895605623722076 0.00016048550605773926 -0.5791651010513306 -0.0027249737177044153 0.8152057528495789 3.829232692718506
9.11058 0.7853693962097168 0.08058229088783264 0.6137599945068359 0.0893697738647461 -0.0669235810637474 0.9967325925827026 -0.04522816464304924 -0.0004900842905044556 -0.6153990626335144 -0.005554205738008022 0.7881960868835449 3.8465535640716553
9.214197 0.7553608417510986 0.08453691750764847 0.6498335599899292 0.1057060956954956 -0.0700286477804184 0.996379017829895 -0.04821836203336716 -0.0014576911926269531 -0.6515566110610962 -0.00908469595015049 0.7585455775260925 3.8633246421813965
9.317832 0.7226114273071289 0.08629452437162399 0.6858470439910889 0.1247248649597168 -0.07024085521697998 0.9962081909179688 -0.05133865401148796 -0.0020858347415924072 -0.6876766085624695 -0.011076586320996284 0.7259325981140137 3.8796863555908203
9.421456 0.6857858300209045 0.0833863765001297 0.7230107188224792 0.14498686790466309 -0.06637201458215714 0.9964407086372375 -0.05196686461567879 -0.0041255950927734375 -0.7247706651687622 -0.01234954223036766 0.6888794898986816 3.8971152305603027
9.525112 0.6468026041984558 0.08208780735731125 0.7582268118858337 0.16700005531311035 -0.06358722597360611 0.9965333938598633 -0.05364470183849335 -0.00575023889541626 -0.7600019574165344 -0.01351600419729948 0.6497802734375 3.9127554893493652
9.630085 0.6046345233917236 0.08151546865701675 0.7923208475112915 0.1923130750656128 -0.061380352824926376 0.996559739112854 -0.05568746104836464 -0.007057175040245056 -0.7941344976425171 -0.014962377026677132 0.6075579524040222 3.9294800758361816
9.732384 0.5587156414985657 0.08168458193540573 0.8253268599510193 0.21877038478851318 -0.05793264880776405 0.9965509176254272 -0.05941280350089073 -0.00802949070930481 -0.8273334503173828 -0.01461851503700018 0.5615208148956299 3.944281578063965
9.836009 0.5100942850112915 0.08099710941314697 0.8562963008880615 0.24690616130828857 -0.05509788170456886 0.9965885281562805 -0.06144564971327782 -0.009470179677009583 -0.8583518862724304 -0.015837039798498154 0.512816846370697 3.959587574005127
9.939685 0.4614100456237793 0.07930402457714081 0.8836355209350586 0.2764472961425781 -0.053421009331941605 0.9966731667518616 -0.06155387684702873 -0.011231809854507446 -0.8855772018432617 -0.018803130835294724 0.4641113877296448 3.9725489616394043
10.0439 0.4117705225944519 0.07657331973314285 0.9080647230148315 0.30892395973205566 -0.05289185792207718 0.9967918992042542 -0.06007099151611328 -0.013796687126159668 -0.9097513556480408 -0.023293767124414444 0.41449958086013794 3.9855451583862305
10.14677 0.36247768998146057 0.07647021114826202 0.9288498759269714 0.34305310249328613 -0.05526966229081154 0.9966379404067993 -0.060482416301965714 -0.014848500490188599 -0.9303522109985352 -0.029413698241114616 0.36548545956611633 3.9964182376861572
10.25036 0.3127995729446411 0.07735734432935715 0.9466637372970581 0.3762301206588745 -0.053636904805898666 0.9965261220932007 -0.06370901316404343 -0.01628641039133072 -0.9483035206794739 -0.03084796480834484 0.31586214900016785 4.006011962890625
10.35367 0.2655894458293915 0.07362473011016846 0.961270809173584 0.4115217924118042 -0.042331382632255554 0.9970086812973022 -0.06466618925333023 -0.018992699682712555 -0.9631564617156982 -0.023517265915870667 0.2679116129875183 4.012887001037598
10.45717 0.22271564602851868 0.06742607802152634 0.9725489616394043 0.44891029596328735 -0.028353869915008545 0.997631311416626 -0.06267192214727402 -0.02127762883901596 -0.9744709730148315 -0.013617508113384247 0.22409993410110474 4.017123699188232
10.56299 0.1798693686723709 0.06680206209421158 0.9814196825027466 0.4880409836769104 -0.018854213878512383 0.9977422952651978 -0.06445760279893875 -0.022798661142587662 -0.9835097193717957 -0.006909945979714394 0.18072278797626495 4.022678375244141
10.66453 0.1419232040643692 0.06794623285531998 0.987542986869812 0.5277066230773926 -0.016242248937487602 0.9976669549942017 -0.06630857288837433 -0.025412745773792267 -0.9897444248199463 -0.006629192735999823 0.14269565045833588 4.026249885559082
10.76705 0.10932865738868713 0.06844838708639145 0.9916461110115051 0.5680793523788452 -0.007162722758948803 0.9976546764373779 -0.06807342171669006 -0.028114493936300278 -0.9939798712730408 0.0003394906234461814 0.10956250131130219 4.02863073348999
10.87022 0.0804283544421196 0.06745326519012451 0.9944753646850586 0.6106216907501221 0.00025485281366854906 0.9977061748504639 -0.06769300252199173 -0.030293088406324387 -0.996760368347168 0.005697881802916527 0.08022666722536087 4.030431270599365
10.97342 0.055673904716968536 0.06587807089090347 0.9962733387947083 0.6526925563812256 0.007558134384453297 0.9977645874023438 -0.06639903038740158 -0.03266401216387749 -0.9984204173088074 0.011226661503314972 0.0550515279173851 4.0312275886535645
11.0772 0.035545047372579575 0.0647083967924118 0.997270941734314 0.697809100151062 0.012034120969474316 0.9978014826774597 -0.0651717409491539 -0.03510047495365143 -0.9992955923080444 0.014317814260721207 0.03468819335103035 4.0317487716674805
11.18019 0.019198309630155563 0.06626620888710022 0.9976171851158142 0.7420809268951416 0.013969230465590954 0.997685968875885 -0.06653960049152374 -0.03798326477408409 -0.9997181296348572 0.015213392674922943 0.0182281956076622 4.0327043533325195
11.28415 0.006295433267951012 0.06621880829334259 0.9977852702140808 0.7878468632698059 0.015283605083823204 0.9976820945739746 -0.06630839407444 -0.04035232961177826 -0.9998633861541748 0.015667196363210678 0.0052687800489366055 4.03163480758667
11.3859 -0.0055531710386276245 0.06699800491333008 0.9977376461029053 0.8334753513336182 0.015910794958472252 0.9976325631141663 -0.06690240651369095 -0.04309083893895149 -0.999858021736145 0.015503278002142906 -0.006606017239391804 4.0313944816589355
11.48898 -0.014520563185214996 0.06998372822999954 0.9974424242973328 0.881621241569519 0.020985085517168045 0.997349202632904 -0.06967167556285858 -0.04571060836315155 -0.9996743202209473 0.0199197418987751 -0.01595068722963333 4.029699325561523
11.59255 -0.020875707268714905 0.07185836136341095 0.9971963763237 0.9293324947357178 0.0252191424369812 0.997134268283844 -0.07132593542337418 -0.048708513379096985 -0.9994639754295349 0.02365945652127266 -0.022628087550401688 4.027718544006348
11.69527 -0.025668708607554436 0.07120818644762039 0.9971311688423157 0.9803571701049805 0.02576342783868313 0.9971756339073181 -0.0705481469631195 -0.05147469788789749 -0.9993384480476379 0.023878639563918114 -0.027430780231952667 4.026867866516113
11.79949 -0.028970282524824142 0.06840585917234421 0.9972368478775024 1.0303864479064941 0.02362278662621975 0.9974238276481628 -0.06773243099451065 -0.0543794110417366 -0.9993011355400085 0.021595286205410957 -0.030511587858200073 4.025518417358398
11.90171 -0.031958095729351044 0.061790939420461655 0.9975773692131042 1.0840001106262207 0.021427685394883156 0.997900128364563 -0.06112448871135712 -0.05691463127732277 -0.9992594718933105 0.019422350451350212 -0.033215031027793884 4.024535655975342
12.00482 -0.03285866230726242 0.056127678602933884 0.9978827834129333 1.135680079460144 0.022442631423473358 0.998211681842804 -0.055407170206308365 -0.0594187006354332 -0.9992079734802246 0.02057451196014881 -0.0340595543384552 4.022409915924072
12.108 -0.03331608697772026 0.05359383299946785 0.9980068802833557 1.1897735595703125 0.025224629789590836 0.9982883334159851 -0.05276687070727348 -0.0624733529984951 -0.9991264939308167 0.02341637760400772 -0.034610942006111145 4.020116329193115
12.21119 -0.032970499247312546 0.05569549649953842 0.9979032278060913 1.2431501150131226 0.027986882254481316 0.998106062412262 -0.05478212982416153 -0.06569743156433105 -0.9990644454956055 0.02612200751900673 -0.03446679189801216 4.018057346343994
12.3145 -0.03231903910636902 0.063359834253788 0.9974672794342041 1.29820716381073 0.02937213145196438 0.9976178407669067 -0.062417712062597275 -0.06789639592170715 -0.9990458488464355 0.02728046104311943 -0.03410306200385094 4.016213417053223
12.41765 -0.030081959441304207 0.07127164304256439 0.9970031380653381 1.352426290512085 0.029910163953900337 0.9970722198486328 -0.07037411630153656 -0.07075154781341553 -0.9990997910499573 0.0277035403996706 -0.03212562948465347 4.014898777008057
12.52105 -0.02795206755399704 0.0721566453576088 0.9970015287399292 1.4093613624572754 0.030826713889837265 0.9969791173934937 -0.07129077613353729 -0.07342562824487686 -0.999133825302124 0.028741557151079178 -0.03009198047220707 4.013246536254883
12.62455 -0.02553032524883747 0.06782765686511993 0.9973703622817993 1.466729998588562 0.030313489958643913 0.9972892999649048 -0.06704619526863098 -0.07666495442390442 -0.9992143511772156 0.0285220667719841 -0.02751721628010273 4.012078285217285
12.72743 -0.023180382326245308 0.06134793162345886 0.9978472590446472 1.5238889455795288 0.029643913730978966 0.9977186918258667 -0.06065139174461365 -0.08038543909788132 -0.999291718006134 0.028174174949526787 -0.024946093559265137 4.010540008544922
12.83073 -0.020722033455967903 0.05972358584403992 0.9979998469352722 1.580894112586975 0.027394220232963562 0.9978733062744141 -0.05914720520377159 -0.083894282579422 -0.9994098544120789 0.026113782078027725 -0.02231404557824135 4.0108962059021
12.93413 -0.017077334225177765 0.06504490226507187 0.9977361559867859 1.6376421451568604 0.03548772260546684 0.9972923994064331 -0.0644085630774498 -0.08757169544696808 -0.9992241859436035 0.03430744260549545 -0.019339388236403465 4.008328437805176
13.03771 -0.013689505867660046 0.07080299407243729 0.9973963499069214 1.6937495470046997 0.03712226077914238 0.9968381524085999 -0.0702538713812828 -0.09045916050672531 -0.9992169737815857 0.03606386110186577 -0.01627458818256855 4.007558345794678
13.14165 -0.011427958495914936 0.07130613923072815 0.997389018535614 1.7511701583862305 0.03142422065138817 0.9969872236251831 -0.07091734558343887 -0.09397558867931366 -0.9994407892227173 0.030531728640198708 -0.013634266331791878 4.007680416107178
13.24421 -0.007999765686690807 0.06773866713047028 0.9976710677146912 1.8085522651672363 0.02674991823732853 0.9973604679107666 -0.06750309467315674 -0.09756813198328018 -0.9996100664138794 0.02614760585129261 -0.009790653362870216 4.00811767578125
13.34803 -0.0030529266223311424 0.06391585618257523 0.9979506134986877 1.866383671760559 0.03095703199505806 0.9974830150604248 -0.06379121541976929 -0.10173746943473816 -0.9995160698890686 0.03069884516298771 -0.005023890174925327 4.007166385650635
13.45277 0.0003069445083383471 0.06502262502908707 0.997883677482605 1.9239935874938965 0.03569277003407478 0.9972472190856934 -0.06499212235212326 -0.1054648905992508 -0.9993627071380615 0.03563718870282173 -0.0020147382747381926 4.006597995758057
13.55488 0.0032575090881437063 0.06903837621212006 0.9976086020469666 1.9809707403182983 0.03480733931064606 0.997001588344574 -0.06911002844572067 -0.10981108248233795 -0.9993886947631836 0.034949228167533875 0.0008446990977972746 4.007136821746826
13.65796 0.006770744454115629 0.07028767466545105 0.9975037574768066 2.0397801399230957 0.031215021386742592 0.9970256686210632 -0.07046587020158768 -0.11285774409770966 -0.9994897842407227 0.03161420673131943 0.004556574858725071 4.008123874664307
13.76127 0.010188037529587746 0.0697566419839859 0.9975121021270752 2.0970828533172607 0.030688386410474777 0.9970721006393433 -0.07003931701183319 -0.1163843423128128 -0.9994770288467407 0.03132559731602669 0.008017490617930889 4.009159088134766
13.86467 0.01362944021821022 0.0667203962802887 0.9976786375045776 2.154712677001953 0.03461509943008423 0.9971418976783752 -0.06715737283229828 -0.12017260491847992 -0.9993077516555786 0.035450056195259094 0.011280951090157032 4.010110855102539
13.96817 0.017747018486261368 0.06723596900701523 0.9975792169570923 2.2123396396636963 0.0390709824860096 0.9969276189804077 -0.06788712739944458 -0.12373955547809601 -0.9990787506103516 0.04018118605017662 0.015065519139170647 4.009882926940918
14.07164 0.02097943425178528 0.0681263655424118 0.9974561929702759 2.2704341411590576 0.042167022824287415 0.9967275857925415 -0.06896351277828217 -0.1275387406349182 -0.998890221118927 0.04350656270980835 0.018038097769021988 4.01149845123291
14.17505 0.0234253890812397 0.06754429638385773 0.9974413514137268 2.3277370929718018 0.042616814374923706 0.9967405796051025 -0.06849773228168488 -0.1318790167570114 -0.9988167881965637 0.044112350791692734 0.02047051303088665 4.013375282287598
14.2786 0.02735620178282261 0.06622776389122009 0.9974294304847717 2.3872556686401367 0.04415954276919365 0.996748685836792 -0.0673937201499939 -0.1353587508201599 -0.9986498951911926 0.04588965326547623 0.024342674762010574 4.014305114746094
14.38212 0.0313570462167263 0.06580107659101486 0.9973399043083191 2.4455158710479736 0.045855216681957245 0.996685266494751 -0.06719959527254105 -0.13849499821662903 -0.998455822467804 0.0478404238820076 0.02823578752577305 4.015309810638428
14.4855 0.033977266401052475 0.06578214466571808 0.9972553253173828 2.505251169204712 0.04458378255367279 0.9967383742332458 -0.067267045378685 -0.14293204247951508 -0.99842768907547 0.04674696549773216 0.030933627858757973 4.018310070037842
14.58897 0.03668539226055145 0.06730519980192184 0.9970577359199524 2.5621583461761475 0.04177141189575195 0.9967541098594666 -0.06882161647081375 -0.14639633893966675 -0.9984534978866577 0.044173259288072586 0.033754877746105194 4.0213799476623535
14.69245 0.03961802273988724 0.06779098510742188 0.9969126582145691 2.620311975479126 0.04325838014483452 0.996644139289856 -0.06949185580015182 -0.14937590062618256 -0.9982781410217285 0.04587795212864876 0.036552544683218 4.023362159729004
14.79597 0.04197542369365692 0.06694463640451431 0.9968733787536621 2.6794984340667725 0.04073038324713707 0.996808648109436 -0.0686553344130516 -0.1536301076412201 -0.998288094997406 0.04348486289381981 0.03911479189991951 4.026744842529297
14.89949 0.04439760744571686 0.06741978973150253 0.9967364072799683 2.7381482124328613 0.0394815132021904 0.9968223571777344 -0.06918423622846603 -0.1575130671262741 -0.9982334971427917 0.0424242727458477 0.04159468039870262 4.029489994049072
15.00287 0.04730387404561043 0.06794405728578568 0.9965670704841614 2.798358201980591 0.03638562187552452 0.9969046115875244 -0.0696941688656807 -0.16078691184520721 -0.9982177019119263 0.039557524025440216 0.04468526318669319 4.032922267913818
15.1064 0.05045591667294502 0.07006963342428207 0.9962652325630188 2.8578402996063232 0.03510480374097824 0.9967949986457825 -0.07188478112220764 -0.1644619256258011 -0.9981092214584351 0.03860069438815117 0.04783441498875618 4.036359786987305
15.20987 0.05400286987423897 0.07303930819034576 0.9958659410476685 2.916283369064331 0.03433765843510628 0.996595561504364 -0.07495485246181488 -0.16891475021839142 -0.9979501962661743 0.038243480026721954 0.05131102353334427 4.0396504402160645
15.31336 0.057670317590236664 0.0756370946764946 0.9954662919044495 2.9765372276306152 0.03467268869280815 0.9963725805282593 -0.07771464437246323 -0.17245742678642273 -0.9977333545684814 0.03899732604622841 0.054838575422763824 4.042762756347656
15.41675 0.06065114587545395 0.07718079537153244 0.9951705932617188 3.036656141281128 0.0281988512724638 0.9964756965637207 -0.07900059223175049 -0.17714746296405792 -0.997760534286499 0.032854143530130386 0.05826098471879959 4.046998023986816
15.52022 0.0629962682723999 0.07660797238349915 0.9950692057609558 3.096527099609375 0.02471843920648098 0.9966239333152771 -0.07829257100820541 -0.18114374577999115 -0.9977075457572937 0.029528699815273285 0.06088997423648834 4.0521087646484375
15.62392 0.06680212169885635 0.07697590440511703 0.9947925806045532 3.157670021057129 0.02695704810321331 0.9965164065361023 -0.07891952246427536 -0.18597014248371124 -0.9974019527435303 0.03208865970373154 0.06449437141418457 4.0561652183532715
15.7272 0.07042808085680008 0.07832366973161697 0.9944370985031128 3.2185428142547607 0.026213334873318672 0.996423065662384 -0.0803365707397461 -0.19030654430389404 -0.9971722960472107 0.03172546625137329 0.06812303513288498 4.060925483703613
15.83062 0.0743708685040474 0.07817310839891434 0.9941619038581848 3.2798244953155518 0.02159050852060318 0.9965628981590271 -0.07997703552246094 -0.19554080069065094 -0.9969968795776367 0.027412420138716698 0.07242745161056519 4.065934658050537
15.93425 0.07810023427009583 0.07680796831846237 0.9939823150634766 3.342430353164673 0.0210861973464489 0.9966774582862854 -0.07867303490638733 -0.19951149821281433 -0.9967224597930908 0.027103686705231667 0.07622116059064865 4.071908473968506
16.03941 0.08301635086536407 0.07711904495954514 0.993559718132019 3.404430389404297 0.02149534411728382 0.9966306090354919 -0.07915343344211578 -0.2040945291519165 -0.9963163137435913 0.027927935123443604 0.08107893168926239 4.077118873596191
16.14091 0.08784680813550949 0.08052606135606766 0.9928738474845886 3.4664270877838135 0.018187114968895912 0.9964314103126526 -0.08242374658584595 -0.20891976356506348 -0.9959679245948792 0.02529817447066307 0.0860687792301178 4.083714962005615
16.2443 0.09384885430335999 0.08951056748628616 0.9915544390678406 3.5280561447143555 0.015994934365153313 0.9956859946250916 -0.09139741957187653 -0.21341095864772797 -0.9954578876495361 0.024437397718429565 0.09201228618621826 4.090050220489502
16.34828 0.1015518456697464 0.09437128901481628 0.9903439283370972 3.590785026550293 0.014148304238915443 0.9952527284622192 -0.09628984332084656 -0.21856486797332764 -0.9947296380996704 0.02379010058939457 0.09973456710577011 4.096653461456299
16.45345 0.10779176652431488 0.09669997543096542 0.9894595146179199 3.6524667739868164 0.00960196927189827 0.9951107501983643 -0.09829831123352051 -0.2244558185338974 -0.994127094745636 0.02009650692343712 0.10633623600006104 4.105751037597656
