1403638127.295097 1.0 0.0 0.0 0.0 0.0 1.0 0.0 0.0 0.0 0.0 1.0 0.0
1403638127.345097 1.0 -0.00017888529691845179 -1.8528378859627992e-05 -7.093637395882979e-05 0.00017888430738821626 1.0 -5.308668551151641e-05 2.1372819901444018e-05 1.85378739843145e-05 5.3083371312823147e-05 1.0 -0.0003359201073180884
1403638127.395097 0.9999997615814209 -0.0006874374230392277 0.00012515412527136505 -0.000225148192839697 0.0006873979582451284 0.9999997019767761 0.00031508784741163254 7.686892058700323e-05 -0.0001253706868737936 -0.0003150017582811415 0.9999999403953552 -0.0004894497105851769
1403638127.445097 0.9999999403953552 -9.626922110328451e-05 0.0002575977996457368 4.891999651590595e-06 9.623255755286664e-05 1.0 0.00014235365961212665 0.00011109539627796039 -0.00025761150754988194 -0.0001423288631485775 0.9999999403953552 -0.00029561971314251423
1403638127.4950972 0.9999998211860657 -0.0002949154004454613 0.0005122294533066452 -6.502543692477047e-05 0.00029529142193496227 0.9999997019767761 -0.00073417549720034 -1.4942172128940001e-05 -0.0005120128043927252 0.0007343266624957323 0.9999995827674866 -0.00047616392839699984
1403638127.5450969 0.9999998211860657 -0.0006007622578181326 1.3354456314118579e-05 -9.683906682766974e-05 0.0006007618503645062 0.9999998211860657 2.9235099646029994e-05 -8.25117458589375e-05 -1.3372017747315113e-05 -2.9227072445792146e-05 1.0 -0.00043160561472177505
1403638127.595097 0.9999998807907104 -0.0005115577368997037 -2.6671108571463265e-05 -7.949666905915365e-05 0.0005115623935125768 0.9999998807907104 0.0001755249104462564 -2.1595547877950594e-05 2.6581314159557223e-05 -0.00017553853103891015 1.0 9.850710921455175e-05
1403638127.645097 0.9999997019767761 -0.0006725121638737619 -0.0003432980156503618 -0.0001244722807314247 0.0006726159481331706 0.9999997019767761 0.0003022987220901996 -3.876599294017069e-05 0.0003430946380831301 -0.00030252954456955194 0.9999998807907104 -7.263065344886854e-05
1403638127.695097 1.0 -0.0001114016558858566 -0.0001833029673434794 0.00010004222713178024 0.00011140082642668858 1.0 -4.521220944297966e-06 1.9028253518627025e-05 0.0001833034766605124 4.50080096925376e-06 1.0 4.882962457486428e-05
1403638127.745097 0.9999998211860657 -0.0005420826491899788 -0.00011273410200374201 -0.00022633373737335205 0.0005420972011052072 0.9999998211860657 0.00012873832019977272 0.00010274726810166612 0.00011266429646639153 -0.0001287994091399014 1.0 -0.00038935180054977536
1403638127.795097 1.0 -0.0002262010966660455 -7.574224582640454e-05 -0.00029254439868964255 0.00022622050892096013 0.9999999403953552 0.0002563284069765359 5.575343675445765e-05 7.568426372017711e-05 -0.0002563455200288445 0.9999999403953552 -0.00023313997371587902
1403638127.845097 0.9999997019767761 -0.0007948099519126117 -0.00011402689415263012 -0.00021981023019179702 0.0007948343409225345 0.9999996423721313 0.00021359018865041435 2.536887586757075e-05 0.00011385708785383031 -0.00021368074521888047 1.0 -0.00027834478532895446
1403638127.895097 0.9999995231628418 -0.0009448628406971693 -0.00019884547509718686 -0.00020759663311764598 0.0009448911878280342 0.9999995231628418 0.0001426440867362544 3.1868356018094346e-05 0.00019871059339493513 -0.00014283190830610693 0.9999999403953552 -0.0005364766693674028
1403638127.945097 0.9999990463256836 -0.0013110790168866515 -0.00040379591519013047 -0.00016242617857642472 0.0013111609732732177 0.9999991059303284 0.0002026971196755767 -7.111299055395648e-06 0.00040352981886826456 -0.00020322635828051716 0.9999998807907104 -0.0004577856161631644
1403638127.9950972 0.9999992251396179 -0.0011829407885670662 -0.0004236337845213711 -0.0001309747894993052 0.0011831673327833414 0.9999991655349731 0.0005347584374248981 9.936522837961093e-05 0.0004230008344165981 -0.0005352592561393976 0.9999997615814209 5.511299968929961e-05
1403638128.0450969 0.9999999403953552 -0.0003714346094056964 8.603097739978693e-06 -1.2150849215686321e-05 0.00037142893415875733 0.9999997019767761 0.0006527050281874835 6.237460911506787e-05 -8.845532647683285e-06 -0.0006527017685584724 0.9999997615814209 -0.00021743742399848998
1403638128.095097 0.9999998211860657 -0.0006233399617485702 0.00011238824663450941 -0.00011945232836296782 0.0006232016021385789 0.9999990463256836 0.001227078028023243 3.1973184377420694e-05 -0.00011315302981529385 -0.0012270077131688595 0.9999992251396179 2.122185287589673e-05
1403638128.145097 0.999998927116394 -0.0014800610952079296 3.901132004102692e-05 -0.00011317310418235138 0.0014799900818616152 0.9999973773956299 0.0017629277426749468 -0.00010494514572201297 -4.1620456613600254e-05 -0.0017628680216148496 0.9999984502792358 0.0002333080192329362
1403638128.195097 0.9999975562095642 -0.002194005297496915 -0.00022689905017614365 -0.000322506035445258 0.002194397384300828 0.9999960660934448 0.001742147607728839 6.127238157205284e-05 0.00022307588369585574 -0.001742641325108707 0.9999984502792358 -6.892483361298218e-05
1403638128.245097 0.9999995231628418 -0.0009761734982021153 0.0001876199821708724 -0.0003555763978511095 0.0009758469532243907 0.9999980330467224 0.001732561970129609 3.8599868275923654e-05 -0.00018931088561657816 -0.0017323780339211226 0.9999985098838806 0.00016268932085949928
1403638128.295097 0.9999995827674866 -0.000862131011672318 0.00036607839865610003 -0.00041432451689615846 0.0008615609258413315 0.9999983906745911 0.0015546526992693543 7.528349669883028e-05 -0.00036741813528351486 -0.0015543366316705942 0.9999987483024597 -0.0004866797535214573
1403638128.345097 0.9999993443489075 -0.0011253681732341647 6.561562622664496e-05 -0.000316609104629606 0.001125273178331554 0.9999983310699463 0.0014303381321951747 6.5674462348397356e-06 -6.722517719026655e-05 -0.0014302633935585618 0.9999989867210388 -0.00020457625214476138
1403638128.395097 0.9999995231628418 -0.0008512756321579218 0.0004763223114423454 -0.00026413684827275574 0.0008506887243129313 0.9999988675117493 0.0012310153106227517 5.7833869504975155e-05 -0.0004773697000928223 -0.001230609486810863 0.9999991059303284 -1.8805963918566704e-05
1403638128.445097 0.9999991059303284 -0.0013087427942082286 0.00024629049585200846 -0.00024412418133579195 0.001308376551605761 0.9999980330467224 0.0014813854359090328 6.184155063237995e-05 -0.00024822878185659647 -0.001481061801314354 0.9999988675117493 -0.000213574108784087
1403638128.4950972 0.9999987483024597 -0.001518613426014781 0.00046098456368781626 -0.00036405317950993776 0.001517817610874772 0.9999973773956299 0.0017219058936461806 -5.473782221088186e-05 -0.0004635982622858137 -0.001721204025670886 0.9999983906745911 0.00011281449405942112
1403638128.5450969 0.9999988675117493 -0.0014117967803031206 0.0004771038074977696 -0.0002348748384974897 0.0014109930489212275 0.999997615814209 0.0016806399216875434 -4.3082171032438055e-05 -0.00047947539133019745 -0.001679964829236269 0.9999984502792358 0.0001606414734851569
1403638128.595097 0.9999985098838806 -0.0017078339587897062 0.00021445956372190267 -0.00024987527285702527 0.0017074644565582275 0.999997079372406 0.0017110754270106554 2.456696893204935e-05 -0.0002173811662942171 -0.0017107066232711077 0.9999985098838806 -0.00017264527559746057
1403638128.645097 0.9999986290931702 -0.001644536037929356 0.0003020544827450067 -4.0655486372997984e-05 0.0016440165927633643 0.9999971985816956 0.0017118098912760615 -0.00012202540528960526 -0.0003048687649425119 -0.0017113109352067113 0.9999985098838806 -0.00044772197725251317
1403638128.695097 0.9999961853027344 -0.0026558758690953255 0.0007782168104313314 -0.0003644206444732845 0.002654201351106167 0.999994158744812 0.0021449890919029713 -6.0059974202886224e-05 -0.0007839091122150421 -0.0021429152693599463 0.9999973773956299 1.2343405614956282e-05
1403638128.745097 0.9999935626983643 -0.0033282614313066006 0.0013332677772268653 -0.0005979738780297339 0.0033237491734325886 0.9999887943267822 0.003372425911948085 -0.0004412776615936309 -0.0013444771757349372 -0.003367972793057561 0.9999934434890747 0.0004274939128663391
1403638128.795097 0.9999940991401672 -0.0031417456921190023 0.0013817156432196498 -0.0006311541073955595 0.003136988030746579 0.9999892115592957 0.0034320494160056114 -0.0003070513776037842 -0.0013924833619967103 -0.003427694784477353 0.9999931454658508 -0.00016128756396938115
1403638128.845097 0.9999914765357971 -0.0031180051155388355 0.002700782148167491 -0.0005398563807830215 0.003107360564172268 0.9999874234199524 0.003936567809432745 -0.00039230877882800996 -0.002713022520765662 -0.003928142134100199 0.9999886155128479 0.00043498919694684446
1403638128.895097 0.999992847442627 -0.0029130198527127504 0.0024224163498729467 -0.0004819354217033833 0.0029034947510808706 0.9999880790710449 0.003926307428628206 -0.000264425267232582 -0.0024338248185813427 -0.003919245675206184 0.9999893307685852 0.0004017209284938872
1403638128.945097 0.9999960064888 -0.0008674743003211915 0.0026895178016275167 -0.00011447061115177348 0.0008581188158132136 0.9999935626983643 0.003477700287476182 -0.00012552665430121124 -0.0026925173588097095 -0.0034753785002976656 0.9999903440475464 -8.349882409675047e-05
1403638128.9950972 0.9999958276748657 -0.0010827480582520366 0.0026779365725815296 -0.00033978192368522286 0.0010732692899182439 0.9999931454658508 0.0035385016817599535 -0.0001377333828713745 -0.002681749640032649 -0.00353561295196414 0.9999901652336121 -0.00029511982575058937
1403638129.0450969 0.9999977946281433 -0.00017382990336045623 0.002099928678944707 -4.6502533223247156e-05 0.00016768263594713062 0.9999957084655762 0.0029271950479596853 -0.0004258598783053458 -0.002100428333505988 -0.0029268362559378147 0.9999935030937195 0.0006723624537698925
1403638129.095097 0.9999678730964661 0.007094417233020067 0.00373846641741693 -6.437286356231198e-05 -0.007105314172804356 0.9999704957008362 0.002909628674387932 -0.000542384572327137 -0.003717713989317417 -0.0029360982589423656 0.9999887943267822 -0.0002278325700899586
1403638129.145097 0.9999163150787354 0.011372768320143223 0.006163494661450386 -0.0006989868124946952 -0.011384938843548298 0.9999333024024963 0.001943207927979529 -0.0015696068294346333 -0.006140983663499355 -0.002013216260820627 0.9999791383743286 -2.7602174668572843e-05
1403638129.195097 0.9999364018440247 0.009845840744674206 0.005494770593941212 -0.0007140614907257259 -0.009830903261899948 0.9999479055404663 -0.002738847164437175 -0.0036538366694003344 -0.005521450657397509 0.0026846544351428747 0.999981164932251 -0.0008312182035297155
1403638129.245097 0.9999682307243347 -0.007926150225102901 -0.0008325861417688429 -0.0005046954029239714 0.007914289832115173 0.9998789429664612 -0.013395117595791817 -0.008180689066648483 0.0009386570891365409 0.013388102874159813 0.9999099373817444 -0.0016431363765150309
1403638129.295097 0.9991001486778259 -0.041700493544340134 -0.00774420378729701 0.00024679279886186123 0.04142240434885025 0.9985920786857605 -0.03313998505473137 -0.01458836067467928 0.009115250781178474 0.03278937563300133 0.999420702457428 -0.004548751749098301
1403638129.345097 0.9966809749603271 -0.08056053519248962 -0.011700334027409554 0.002025031019002199 0.07975556701421738 0.9951313734054565 -0.057900652289390564 -0.023317616432905197 0.016307877376675606 0.05677531287074089 0.9982537627220154 -0.00743449479341507
1403638129.395097 0.9934403300285339 -0.11333878338336945 -0.015188472345471382 0.0028921475168317556 0.1119406670331955 0.9910079836845398 -0.0732976496219635 -0.0314926877617836 0.02335936576128006 0.0711166262626648 0.9971944689750671 -0.010459170676767826
1403638129.445097 0.9919739365577698 -0.12525981664657593 -0.01725071668624878 0.003697502426803112 0.12376081198453903 0.98980712890625 -0.07046366482973099 -0.03576332703232765 0.025901146233081818 0.06776316463947296 0.9973652958869934 -0.012462488375604153
1403638129.4950972 0.9932543039321899 -0.11428067833185196 -0.01964111253619194 0.0034546374808996916 0.11313308030366898 0.992218017578125 -0.052003949880599976 -0.03765960782766342 0.025431308895349503 0.04943108186125755 0.998453676700592 -0.01369125209748745
1403638129.5450969 0.9959133267402649 -0.08775308728218079 -0.021354669705033302 0.002433046465739608 0.08713091909885406 0.9957891702651978 -0.028504977002739906 -0.03842965140938759 0.02376614324748516 0.026527827605605125 0.999365508556366 -0.014242803677916527
1403638129.595097 0.9982412457466125 -0.055733561515808105 -0.02020598202943802 0.0012004945892840624 0.05554359406232834 0.9984079003334045 -0.009843289852142334 -0.040059201419353485 0.0207224078476429 0.008703656494617462 0.9997473955154419 -0.015208495780825615
1403638129.645097 0.9993455410003662 -0.03113759122788906 -0.01840990036725998 0.0008330937707796693 0.031125027686357498 0.999515175819397 -0.0009674597531557083 -0.04309545457363129 0.01843109354376793 0.0003938116133213043 0.9998300671577454 -0.01652560941874981
1403638129.695097 0.9996569752693176 -0.020835569128394127 -0.015874898061156273 0.0009956960566341877 0.020782142877578735 0.9997777938842773 -0.0035231555812060833 -0.048470135778188705 0.01594477891921997 0.0031920322217047215 0.9998677968978882 -0.018040839582681656
1403638129.745097 0.9995874166488647 -0.023628253489732742 -0.016327546909451485 0.0008495551301166415 0.023435678333044052 0.9996545910835266 -0.011886907741427422 -0.05558406561613083 0.016602773219347 0.011499358341097832 0.9997960329055786 -0.020343292504549026
1403638129.795097 0.9994844794273376 -0.026277415454387665 -0.018440671265125275 0.0002570682263467461 0.026067476719617844 0.9995936751365662 -0.01153417956084013 -0.0633360967040062 0.018736261874437332 0.011047531850636005 0.9997634887695312 -0.02297900803387165
1403638129.845097 0.9995320439338684 -0.021947143599390984 -0.021305382251739502 -0.0008249421371147037 0.021952960640192032 0.9997589588165283 3.9075734093785286e-05 -0.07160335034132004 0.021299388259649277 -0.0005067742895334959 0.9997730851173401 -0.02640734426677227
1403638129.895097 0.9995960593223572 -0.014517758972942829 -0.02443050593137741 -0.0021503542084246874 0.014838161878287792 0.9998055696487427 0.012985171750187874 -0.08177955448627472 0.024237239733338356 -0.01334243081510067 0.9996171593666077 -0.031016556546092033
1403638129.945097 0.999631941318512 -0.006694191135466099 -0.02628561109304428 -0.0034282272681593895 0.007163319271057844 0.9998160004615784 0.01779395155608654 -0.09445519000291824 0.02616165764629841 -0.017975695431232452 0.9994961619377136 -0.035947784781455994
1403638129.9950972 0.9995624423027039 -0.008308774791657925 -0.028386637568473816 -0.004953304305672646 0.008585548959672451 0.999916672706604 0.009642243385314941 -0.1103522926568985 0.02830415777862072 -0.009881739504635334 0.9995505213737488 -0.04130086302757263
1403638130.0450969 0.9993009567260742 -0.021107345819473267 -0.030852701514959335 -0.005881685763597488 0.020892780274152756 0.9997554421424866 -0.007260419428348541 -0.13133591413497925 0.030998406931757927 0.006610747426748276 0.999497652053833 -0.04791950434446335
1403638130.095097 0.9988487362861633 -0.033369362354278564 -0.03445897623896599 -0.006115295458585024 0.03258281946182251 0.9992011785507202 -0.02314048632979393 -0.15049751102924347 0.03520363196730614 0.021991079673171043 0.9991382360458374 -0.055589523166418076
1403638130.145097 0.998401939868927 -0.0397193543612957 -0.040198445320129395 -0.007238573860377073 0.03848372772336006 0.9987764358520508 -0.031059052795171738 -0.16941124200820923 0.04138290137052536 0.029462434351444244 0.9987089037895203 -0.06188427284359932
1403638130.195097 0.9982903003692627 -0.036239273846149445 -0.04586232081055641 -0.008306737057864666 0.03483060002326965 0.9989076256752014 -0.03115064650774002 -0.18793250620365143 0.04694110155105591 0.029499975964426994 0.9984619617462158 -0.06918929517269135
1403638130.245097 0.998148500919342 -0.032482024282217026 -0.05142207816243172 -0.009250681847333908 0.030895886942744255 0.9990310668945312 -0.03134581819176674 -0.20694398880004883 0.05239041894674301 0.029699057340621948 0.9981849193572998 -0.07751326262950897
1403638130.295097 0.997656524181366 -0.03827522322535515 -0.0567142516374588 -0.010574273765087128 0.036036137491464615 0.9985499978065491 -0.03999064862728119 -0.2277294397354126 0.058162666857242584 0.0378531776368618 0.9975892305374146 -0.08482290059328079
1403638130.345097 0.9966710209846497 -0.05455307289958 -0.06058817356824875 -0.01108262687921524 0.05134352296590805 0.997256338596344 -0.05332399904727936 -0.24877174198627472 0.06333093345165253 0.05003567785024643 0.996737539768219 -0.09301090985536575
1403638130.395097 0.9955310821533203 -0.06828739494085312 -0.06522885710000992 -0.011317256838083267 0.06419301778078079 0.9959514141082764 -0.0629289448261261 -0.2694303095340729 0.06926202774047852 0.058460481464862823 0.995884120464325 -0.10170762240886688
1403638130.445097 0.9947965741157532 -0.07241684943437576 -0.07166335731744766 -0.013394003733992577 0.06770266592502594 0.9955093860626221 -0.06616047024726868 -0.28793126344680786 0.07613268494606018 0.060964420437812805 0.9952321648597717 -0.10833998024463654
1403638130.4950972 0.9950659275054932 -0.06309468299150467 -0.07657022774219513 -0.014090733602643013 0.058293480426073074 0.9962843060493469 -0.06339806318283081 -0.3051413595676422 0.08028580248355865 0.05862170830368996 0.9950466156005859 -0.11765942722558975
1403638130.5450969 0.9958718419075012 -0.047272346913814545 -0.07748871296644211 -0.016675597056746483 0.04285543039441109 0.9974132776260376 -0.05770587921142578 -0.3212077021598816 0.08001616597175598 0.05414685606956482 0.9953217506408691 -0.12387637794017792
1403638130.595097 0.9962373375892639 -0.04050673916935921 -0.07661917805671692 -0.017416909337043762 0.03611292690038681 0.9976697564125061 -0.05788774415850639 -0.3399316072463989 0.0787854939699173 0.05490298569202423 0.9953786730766296 -0.1314195841550827
1403638130.645097 0.9963650703430176 -0.04065436124801636 -0.07485983520746231 -0.02058081515133381 0.03555753082036972 0.9970375895500183 -0.06820274144411087 -0.3562792241573334 0.07741080224514008 0.06529298424720764 0.9948590397834778 -0.13437633216381073
1403638130.695097 0.9956134557723999 -0.0545848123729229 -0.0759892612695694 -0.014529120177030563 0.04839421436190605 0.9955342411994934 -0.08105248212814331 -0.3799457252025604 0.08007414638996124 0.07701950520277023 0.993808925151825 -0.151192769408226
1403638130.745097 0.9937491416931152 -0.07758879661560059 -0.08026661723852158 -0.016097556799650192 0.06979077309370041 0.9929534196853638 -0.09577491134405136 -0.3960418105125427 0.08713208138942719 0.08957435935735703 0.9921614527702332 -0.15611258149147034
1403638130.795097 0.9913191795349121 -0.09863327443599701 -0.08693616092205048 -0.014363069087266922 0.08948379755020142 0.9905951023101807 -0.10350865125656128 -0.41617876291275024 0.09632793068885803 0.09483073651790619 0.9908219575881958 -0.1652790904045105
1403638130.845097 0.9904483556747437 -0.10331843793392181 -0.09130915254354477 -0.01735161617398262 0.09343857318162918 0.9899066686630249 -0.10655585676431656 -0.4215330183506012 0.10139670968055725 0.09700627624988556 0.990105390548706 -0.17460526525974274
1403638130.895097 0.9896367788314819 -0.10735584050416946 -0.09536112844944 -0.01368351373821497 0.09667763113975525 0.9891844987869263 -0.11030681431293488 -0.43088963627815247 0.10617180913686752 0.09994439035654068 0.9893122315406799 -0.18145501613616943
1403638130.945097 0.9896436333656311 -0.1113484725356102 -0.09059277176856995 -0.017910681664943695 0.09991924464702606 0.9874657988548279 -0.12217731028795242 -0.44764137268066406 0.10306154936552048 0.11186003684997559 0.988365113735199 -0.18205653131008148
1403638130.9950972 0.9897280931472778 -0.11721073091030121 -0.08185453712940216 -0.01882125809788704 0.10473201423883438 0.9841753840446472 -0.14293316006660461 -0.44388365745544434 0.09731253236532211 0.1328921616077423 0.9863417744636536 -0.18345049023628235
1403638131.0450969 0.9893785715103149 -0.12377766519784927 -0.07621712237596512 -0.014441771432757378 0.11046435683965683 0.9810352325439453 -0.1592712551355362 -0.443487286567688 0.09448592364788055 0.14916029572486877 0.9842883348464966 -0.183242529630661
1403638131.095097 0.9900380373001099 -0.12161017954349518 -0.07096206396818161 -0.018637822940945625 0.10863780975341797 0.9803855419158936 -0.16444435715675354 -0.4371977746486664 0.08956829458475113 0.15509700775146484 0.9838305115699768 -0.17887663841247559
1403638131.145097 0.9909895062446594 -0.11317047476768494 -0.07163932174444199 -0.009017891250550747 0.10096073895692825 0.9826321601867676 -0.15569539368152618 -0.4309510290622711 0.08801521360874176 0.14705973863601685 0.9852039813995361 -0.17992544174194336
1403638131.195097 0.9929553866386414 -0.09451887756586075 -0.07145459949970245 -0.01411761250346899 0.08395562320947647 0.9867802858352661 -0.1386219561100006 -0.4160732328891754 0.08361238986253738 0.13164637982845306 0.9877642393112183 -0.17347194254398346
1403638131.245097 0.994860827922821 -0.07204753160476685 -0.0711417868733406 -0.013609591871500015 0.06335560977458954 0.9910296201705933 -0.11766999214887619 -0.40216559171676636 0.07898145914077759 0.1125580295920372 0.9905011653900146 -0.16641050577163696
1403638131.295097 0.9957767128944397 -0.05690145865082741 -0.07204750925302505 -0.014692851342260838 0.04941114783287048 0.9935780763626099 -0.10178830474615097 -0.38952934741973877 0.07737676054239273 0.09779847413301468 0.9921936988830566 -0.15788719058036804
1403638131.345097 0.996111273765564 -0.05045098066329956 -0.0722283348441124 -0.011478322558104992 0.043565139174461365 0.9946256279945374 -0.09392586350440979 -0.37340861558914185 0.07657879590988159 0.09041396528482437 0.9929556846618652 -0.15227729082107544
1403638131.395097 0.9961608648300171 -0.051995739340782166 -0.0704265609383583 -0.00465587992221117 0.0453396774828434 0.9946315884590149 -0.09301874786615372 -0.3622461259365082 0.0748850479722023 0.08946853131055832 0.9931705594062805 -0.15033768117427826
1403638131.445097 0.9962631464004517 -0.052744749933481216 -0.06839355826377869 -0.0036936020478606224 0.04610875993967056 0.9943879842758179 -0.09521783143281937 -0.34658652544021606 0.07303197681903839 0.0917084738612175 0.9931041598320007 -0.14388202130794525
1403638131.4950972 0.9971507787704468 -0.04296189174056053 -0.06200464814901352 -0.0032435418106615543 0.03699767589569092 0.9948537349700928 -0.0943242758512497 -0.32933294773101807 0.06573791801929474 0.09176148474216461 0.9936087131500244 -0.13767041265964508
1403638131.5450969 0.9973508715629578 -0.0399172306060791 -0.060809601098299026 -0.002892897929996252 0.034426499158144 0.9954535961151123 -0.08880915492773056 -0.3105168640613556 0.06407814472913742 0.08648042380809784 0.9941906929016113 -0.13115163147449493
1403638131.595097 0.9975227117538452 -0.036544423550367355 -0.0601077526807785 -0.0034281504340469837 0.031525928527116776 0.9960991144180298 -0.08241905272006989 -0.28789520263671875 0.06288522481918335 0.08031994104385376 0.9947835206985474 -0.12164079397916794
1403638131.645097 0.9977074861526489 -0.030456339940428734 -0.06043265759944916 -0.00368864880874753 0.025717999786138535 0.9966456294059753 -0.07769206166267395 -0.26871001720428467 0.0625961497426033 0.07595974206924438 0.9951441884040833 -0.11298134177923203
1403638131.695097 0.9979092478752136 -0.025954987853765488 -0.05919038504362106 0.00041944999247789383 0.02132446877658367 0.9967594146728516 -0.07756303995847702 -0.24806533753871918 0.06101170927286148 0.07613866776227951 0.9952288866043091 -0.10732457041740417
1403638131.745097 0.9980818033218384 -0.022183461114764214 -0.057796597480773926 0.002472416963428259 0.017672615125775337 0.9968418478965759 -0.077421173453331 -0.22704456746578217 0.059331536293029785 0.07625123858451843 0.9953218698501587 -0.09909715503454208
1403638131.795097 0.9985496997833252 -0.010846600867807865 -0.05273383483290672 0.0038731214590370655 0.006789882201701403 0.9970459342002869 -0.07650725543498993 -0.2059403657913208 0.05340789631009102 0.07603822648525238 0.9956735372543335 -0.09404359012842178
1403638131.845097 0.9988908171653748 7.3651899583637714e-06 -0.04708682373166084 0.006028428208082914 -0.0034363926388323307 0.9973447918891907 -0.07274285703897476 -0.1834688037633896 0.04696126654744148 0.07282398641109467 0.9962385892868042 -0.0852096676826477
1403638131.895097 0.9990794062614441 0.006183484569191933 -0.04245125502347946 0.006587299518287182 -0.009210756979882717 0.9973986744880676 -0.07149089872837067 -0.1612926721572876 0.04189876466989517 0.0718160942196846 0.996537446975708 -0.07672522962093353
1403638131.945097 0.9991249442100525 0.011281081475317478 -0.040275659412145615 0.007470153272151947 -0.01409878395497799 0.9974208474159241 -0.07037665694952011 -0.1433856189250946 0.039377860724925995 0.07088292390108109 0.9967071413993835 -0.06980227679014206
1403638131.9950972 0.9989367723464966 0.02449667826294899 -0.03905237093567848 0.008656030520796776 -0.02700261026620865 0.9975206255912781 -0.06498867273330688 -0.12745003402233124 0.037363532930612564 0.06597409397363663 0.9971216320991516 -0.06489413976669312
1403638132.0450969 0.9982410669326782 0.042888060212135315 -0.04093208536505699 0.009143192321062088 -0.04514027759432793 0.99742192029953 -0.05578459054231644 -0.1168416291475296 0.038434065878391266 0.057534150779247284 0.9976035356521606 -0.06196959316730499
1403638132.095097 0.9972073435783386 0.06147649511694908 -0.042403291910886765 0.009127913974225521 -0.06329119950532913 0.9970738887786865 -0.04287057742476463 -0.11173976212739944 0.039643678814172745 0.0454346127808094 0.9981803894042969 -0.06124124675989151
1403638132.145097 0.9963282346725464 0.07245469838380814 -0.045609425753355026 0.008826982229948044 -0.07414210587739944 0.996580958366394 -0.036459654569625854 -0.11411702632904053 0.0428118035197258 0.03970736637711525 0.9982938170433044 -0.0636604055762291
1403638132.195097 0.9961379766464233 0.07271397113800049 -0.049212340265512466 0.008182676509022713 -0.07468491047620773 0.9964257478713989 -0.03946979343891144 -0.12511304020881653 0.04616643860936165 0.042992785573005676 0.998008131980896 -0.06701593101024628
1403638132.245097 0.9966446161270142 0.06098731979727745 -0.054590873420238495 0.007807532325387001 -0.06389100104570389 0.9965418577194214 -0.05312630161643028 -0.14214739203453064 0.051162056624889374 0.05643590912222862 0.997094452381134 -0.07474217563867569
1403638132.295097 0.9970899820327759 0.045474693179130554 -0.06118425726890564 0.006677881348878145 -0.04966498166322708 0.9963931441307068 -0.06880513578653336 -0.1658611297607422 0.0578346885740757 0.0716436356306076 0.995752215385437 -0.08491959422826767
1403638132.345097 0.997204065322876 0.036241888999938965 -0.06534863263368607 0.006059094797819853 -0.041422296315431595 0.9959542751312256 -0.07974514365196228 -0.1923353374004364 0.06219412758946419 0.08222907781600952 0.9946709871292114 -0.09553743898868561
1403638132.395097 0.9968926310539246 0.019995126873254776 -0.07619169354438782 0.006665824446827173 -0.026441600173711777 0.9960673451423645 -0.08456229418516159 -0.21958522498607635 0.07420123368501663 0.08631416410207748 0.9935009479522705 -0.11112099885940552
1403638132.445097 0.9963532090187073 0.0030858423560857773 -0.08526960760354996 0.005539244506508112 -0.011232931166887283 0.995391845703125 -0.09523145854473114 -0.2453211396932602 0.08458280563354492 0.09584198892116547 0.9917963743209839 -0.12096910178661346
1403638132.4950972 0.9952827095985413 -0.021955732256174088 -0.09450053423643112 0.005641470197588205 0.0111774243414402 0.9935199022293091 -0.11310794949531555 -0.2780560255050659 0.09637153148651123 0.11151809990406036 0.9890784621238708 -0.1366419792175293
1403638132.5450969 0.9937049746513367 -0.04857252165675163 -0.10095060616731644 0.008728967048227787 0.03445778414607048 0.9899531006813049 -0.13713295757770538 -0.3105466365814209 0.10659726709127426 0.1327911764383316 0.9853951334953308 -0.1538996547460556
1403638132.595097 0.9920021891593933 -0.07003818452358246 -0.1050058975815773 0.002724546007812023 0.05265672877430916 0.9857102036476135 -0.16000786423683167 -0.3281593918800354 0.11471204459667206 0.15319886803627014 0.9815147519111633 -0.15045474469661713
1403638132.645097 0.9907186627388 -0.08224562555551529 -0.1082233265042305 0.0005901791155338287 0.06329790502786636 0.9837284088134766 -0.16814246773719788 -0.3539135158061981 0.1202913448214531 0.15973155200481415 0.9798039793968201 -0.16769221425056458
1403638132.695097 0.9902574419975281 -0.0843854695558548 -0.11076651513576508 -0.005168067291378975 0.06612894684076309 0.9850245714187622 -0.1592276394367218 -0.3704373836517334 0.12254424393177032 0.15035149455070496 0.9810083508491516 -0.17549216747283936
1403638132.745097 0.9898930191993713 -0.0843200534582138 -0.11402581632137299 -0.011404293589293957 0.06726516783237457 0.9870063066482544 -0.14592403173446655 -0.38838905096054077 0.12484852969646454 0.13677923381328583 0.9827025532722473 -0.1840880960226059
1403638132.795097 0.9897700548171997 -0.08749730885028839 -0.11269222944974899 -0.02601005509495735 0.07122582942247391 0.9874305129051208 -0.14109502732753754 -0.39756524562835693 0.12362121045589447 0.13162502646446228 0.9835611581802368 -0.1795416921377182
1403638132.845097 0.9890015125274658 -0.09568274021148682 -0.11278630048036575 -0.025838926434516907 0.07818435877561569 0.9855161905288696 -0.15048310160636902 -0.4017021059989929 0.12555135786533356 0.14000989496707916 0.982157826423645 -0.18600699305534363
1403638132.895097 0.9877611398696899 -0.10962647944688797 -0.11095070093870163 -0.027127152308821678 0.09035425633192062 0.9819978475570679 -0.16588044166564941 -0.4047015607357025 0.12713824212551117 0.15382537245750427 0.9798845052719116 -0.19064989686012268
1403638132.945097 0.98639315366745 -0.11965890228748322 -0.11273989081382751 -0.031955450773239136 0.09818024933338165 0.9787830114364624 -0.17984560132026672 -0.40404340624809265 0.13186801970005035 0.16632965207099915 0.9772130250930786 -0.18986761569976807
1403638132.9950972 0.9856567978858948 -0.12003390491008759 -0.11862745136022568 -0.031413882970809937 0.0965033769607544 0.9775494337081909 -0.1873079538345337 -0.395384818315506 0.13844749331474304 0.17317336797714233 0.9751119613647461 -0.18314878642559052
1403638133.0450969 0.9868689775466919 -0.10485925525426865 -0.12285848706960678 -0.030154205858707428 0.08149659633636475 0.9799591898918152 -0.18176452815532684 -0.3932691216468811 0.13945600390434265 0.16936522722244263 0.975636899471283 -0.18551012873649597
1403638133.095097 0.9887927174568176 -0.08527068048715591 -0.12254762649536133 -0.0240220557898283 0.06349800527095795 0.9830983877182007 -0.17171362042427063 -0.37900182604789734 0.1351185142993927 0.1620076596736908 0.977495014667511 -0.17953240871429443
1403638133.145097 0.9900937676429749 -0.07394285500049591 -0.11935997009277344 -0.01692737266421318 0.054155174642801285 0.9854270219802856 -0.1612481325864792 -0.3759051561355591 0.12954367697238922 0.15318679809570312 0.9796693921089172 -0.1740870475769043
1403638133.195097 0.9918491244316101 -0.0675012618303299 -0.10806958377361298 -0.0005541685968637466 0.04990590736269951 0.9861851334571838 -0.15795022249221802 -0.3600614070892334 0.11723846197128296 0.15126945078372955 0.9815155267715454 -0.16431249678134918
1403638133.245097 0.9934254288673401 -0.06764400750398636 -0.09235933423042297 0.008904529735445976 0.0525694340467453 0.9862198233604431 -0.1568661332130432 -0.34981769323349 0.10169768333435059 0.15097950398921967 0.983291745185852 -0.15882015228271484
1403638133.295097 0.9954112768173218 -0.0634525790810585 -0.07162530720233917 0.030843691900372505 0.05185321718454361 0.986778736114502 -0.15355436503887177 -0.3401276171207428 0.08042176067829132 0.1491357386112213 0.9855408668518066 -0.15450996160507202
1403638133.345097 0.9968117475509644 -0.058592502027750015 -0.054158829152584076 0.05651621147990227 0.050290632992982864 0.9883505702018738 -0.14364495873451233 -0.3294539749622345 0.06194443255662918 0.14046329259872437 0.9881462454795837 -0.15013912320137024
1403638133.395097 0.9979144334793091 -0.05339642986655235 -0.036273542791604996 0.07660669088363647 0.04810080677270889 0.9898402094841003 -0.13380122184753418 -0.31269222497940063 0.04304952546954155 0.13177740573883057 0.9903441071510315 -0.14148803055286407
1403638133.445097 0.9987569451332092 -0.04818984866142273 -0.01273518055677414 0.10171501338481903 0.04621807858347893 0.9910296201705933 -0.12539583444595337 -0.2989204227924347 0.018663741648197174 0.12465137243270874 0.9920250773429871 -0.14631283283233643
1403638133.4950972 0.99859219789505 -0.05186565965414047 0.011119358241558075 0.12050199508666992 0.052834559231996536 0.9911651015281677 -0.12165607511997223 -0.28984159231185913 -0.004711344838142395 0.12207229435443878 0.9925100803375244 -0.1382853090763092
1403638133.5450969 0.9973922371864319 -0.06336028128862381 0.03455726057291031 0.14161920547485352 0.06707099825143814 0.990548312664032 -0.11964667588472366 -0.27557170391082764 -0.02664978802204132 0.12165246158838272 0.9922149181365967 -0.13269706070423126
1403638133.595097 0.995671272277832 -0.07820221036672592 0.0502319261431694 0.16231802105903625 0.08346189558506012 0.9900897145271301 -0.11294401437044144 -0.26625290513038635 -0.040901653468608856 0.11664754897356033 0.99233078956604 -0.13129091262817383
1403638133.645097 0.9936978220939636 -0.09415099769830704 0.06083015352487564 0.18163059651851654 0.10015969723463058 0.9894429445266724 -0.10474131256341934 -0.25170382857322693 -0.05032645910978317 0.11017394065856934 0.9926372766494751 -0.13312485814094543
1403638133.695097 0.9917427897453308 -0.10538318753242493 0.07308068871498108 0.19804324209690094 0.11218170821666718 0.9890217781066895 -0.09618295729160309 -0.24183721840381622 -0.06214231997728348 0.10358705371618271 0.9926772117614746 -0.13420848548412323
1403638133.745097 0.9897447228431702 -0.1110353097319603 0.08986979722976685 0.22718364000320435 0.11898884922266006 0.9889352321624756 -0.08859329670667648 -0.23008637130260468 -0.07903842628002167 0.0983782559633255 0.9920053482055664 -0.13434848189353943
1403638133.795097 0.9876647591590881 -0.11105699092149734 0.11038423329591751 0.23773908615112305 0.12052617967128754 0.9892207980155945 -0.08316022157669067 -0.22619758546352386 -0.09995885193347931 0.09543861448764801 0.9904038310050964 -0.14233696460723877
1403638133.845097 0.9857199192047119 -0.10717203468084335 0.12988634407520294 0.25751930475234985 0.11773805320262909 0.9900872111320496 -0.07658286392688751 -0.2158621847629547 -0.12039127200841904 0.09078182280063629 0.9885669350624084 -0.14156796038150787
1403638133.895097 0.9838233590126038 -0.10578613728284836 0.1445717066526413 0.26607418060302734 0.11683372408151627 0.9906695485115051 -0.0701703429222107 -0.20616595447063446 -0.13579973578453064 0.08592607825994492 0.9870031476020813 -0.1368841677904129
1403638133.945097 0.9820162057876587 -0.10642769932746887 0.15594016015529633 0.2722650468349457 0.1181858479976654 0.9906498193740845 -0.06815312802791595 -0.20102304220199585 -0.14722873270511627 0.08535739779472351 0.9854124784469604 -0.13127419352531433
1403638133.9950972 0.9809653162956238 -0.10614942014217377 0.16260209679603577 0.2739010751247406 0.1187267005443573 0.9904800057411194 -0.06966634094715118 -0.20050862431526184 -0.15365907549858093 0.08764548599720001 0.9842292666435242 -0.12564286589622498
1403638134.0450969 0.9810649156570435 -0.1030922681093216 0.16396233439445496 0.26878198981285095 0.11562051624059677 0.99090975522995 -0.06877245754003525 -0.19972491264343262 -0.1553819626569748 0.08642764389514923 0.9840664267539978 -0.11182980239391327
1403638134.095097 0.9823828339576721 -0.09537744522094727 0.1607087254524231 0.26258131861686707 0.10650388151407242 0.9923720359802246 -0.06208529323339462 -0.20232723653316498 -0.1535613238811493 0.07810761779546738 0.9850472807884216 -0.10256098210811615
1403638134.145097 0.9838091135025024 -0.0856483206152916 0.1574292629957199 0.2540023922920227 0.09557360410690308 0.9938129186630249 -0.05658275634050369 -0.20754098892211914 -0.15160900354385376 0.07071270793676376 0.9859079718589783 -0.09476421773433685
1403638134.195097 0.9840477705001831 -0.08220034092664719 0.15777525305747986 0.24229088425636292 0.09265818446874619 0.993882417678833 -0.06010214984416962 -0.21421736478805542 -0.15186962485313416 0.07376255840063095 0.9856443405151367 -0.07910212874412537
1403638134.245097 0.9830412268638611 -0.08900684863328934 0.16033628582954407 0.22883880138397217 0.10227613896131516 0.9918110966682434 -0.07648728787899017 -0.22003503143787384 -0.15221542119979858 0.09158873558044434 0.984094500541687 -0.06199877709150314
1403638134.295097 0.9819279909133911 -0.09770625829696655 0.1620827466249466 0.212331160902977 0.11300675570964813 0.9896882772445679 -0.0880153626203537 -0.23435702919960022 -0.15181173384189606 0.10474119335412979 0.9828441143035889 -0.051174819469451904
1403638134.345097 0.9813727736473083 -0.10649465769529343 0.15989524126052856 0.18832442164421082 0.12162818759679794 0.9886647462844849 -0.08802686631679535 -0.24019740521907806 -0.14870838820934296 0.10583493113517761 0.9832013845443726 -0.02850249595940113
1403638134.395097 0.9813423752784729 -0.11644153296947479 0.1529984325170517 0.17331735789775848 0.1300370842218399 0.9881081581115723 -0.0820537880063057 -0.2526448965072632 -0.14162451028823853 0.1004183366894722 0.9848140478134155 -0.016558770090341568
1403638134.445097 0.9811540246009827 -0.12325792759656906 0.14880967140197754 0.15171931684017181 0.13564880192279816 0.9878244996070862 -0.0761723518371582 -0.26246964931488037 -0.13760899007320404 0.09492266178131104 0.9859277606010437 -0.005412351340055466
1403638134.4950972 0.9805865287780762 -0.1309717446565628 0.14593325555324554 0.130085751414299 0.14323869347572327 0.9866924285888672 -0.07694694399833679 -0.2689800560474396 -0.13391335308551788 0.09635644406080246 0.9862974882125854 0.00981176644563675
1403638134.5450969 0.9796083569526672 -0.1413085162639618 0.1428263634443283 0.11223307996988297 0.15352779626846313 0.9850252866744995 -0.07844940572977066 -0.2770114839076996 -0.12960198521614075 0.09877750277519226 0.9866338968276978 0.01990928128361702
1403638134.595097 0.9791444540023804 -0.15142866969108582 0.13544565439224243 0.0934305191040039 0.16333584487438202 0.9831942915916443 -0.081549733877182 -0.28152623772621155 -0.12082042545080185 0.10197208821773529 0.9874229431152344 0.028868619352579117
1403638134.645097 0.9790629744529724 -0.15526974201202393 0.13163243234157562 0.06340723484754562 0.16633431613445282 0.9830078482627869 -0.0776434913277626 -0.2890892028808594 -0.11734001338481903 0.09791285544633865 0.9882532358169556 0.03920125588774681
1403638134.695097 0.9796804785728455 -0.1553315371274948 0.12687869369983673 0.03828684985637665 0.16512472927570343 0.9837390780448914 -0.0706484317779541 -0.29192864894866943 -0.11384159326553345 0.0901636928319931 0.9893991351127625 0.046909891068935394
1403638134.745097 0.9806470274925232 -0.15559154748916626 0.11883850395679474 0.021309901028871536 0.16347342729568481 0.9847409725189209 -0.05968084931373596 -0.30095812678337097 -0.10773929208517075 0.0779528021812439 0.991118311882019 0.04970669746398926
1403638134.795097 0.981884241104126 -0.15091757476329803 0.11457423865795135 -0.004583158530294895 0.15721814334392548 0.9863941073417664 -0.04805471748113632 -0.30503395199775696 -0.1057630404829979 0.06519733369350433 0.9922517538070679 0.054225362837314606
1403638134.845097 0.9829071760177612 -0.1451132446527481 0.11329471319913864 -0.023640889674425125 0.15060299634933472 0.9877247214317322 -0.0414566695690155 -0.3108799159526825 -0.10588806867599487 0.057810574769973755 0.992696225643158 0.05826611444354057
