1305031455.15972 0.9989808201789856 -0.01729600876569748 0.04169170930981636 -0.045033056288957596 0.017270585522055626 0.9998503923416138 0.0009699100628495216 0.019072238355875015 -0.04170224815607071 -0.0002488813188392669 0.9991300702095032 0.001422647968865931
1305031455.191655 0.998207688331604 -0.030803890898823738 0.05131112039089203 -0.05927148088812828 0.030584434047341347 0.9995192885398865 0.005056912545114756 0.02336810529232025 -0.05144224315881729 -0.0034785245079547167 0.9986698627471924 0.005277263931930065
1305031455.227581 0.9968166351318359 -0.04064683988690376 0.06858859211206436 -0.08270574361085892 0.04043642804026604 0.9991722106933594 0.004453885369002819 0.025510484352707863 -0.06871285289525986 -0.001666228985413909 0.9976350665092468 0.003210834925994277
1305031455.259631 0.9957086443901062 -0.055793024599552155 0.07383453845977783 -0.08921069651842117 0.055534642189741135 0.9984413981437683 0.005549506284296513 0.033748842775821686 -0.07402907311916351 -0.001425318419933319 0.9972550272941589 0.00808809231966734
1305031455.291831 0.993030309677124 -0.08031734079122543 0.08625616878271103 -0.10495129227638245 0.07863795757293701 0.9966448545455933 0.02269989624619484 0.030212854966521263 -0.08778995275497437 -0.015758676454424858 0.9960142970085144 0.011008068919181824
1305031455.327766 0.9905961751937866 -0.10442811995744705 0.08839686214923859 -0.11488430202007294 0.1021895483136177 0.9943276047706604 0.029494376853108406 0.03189469501376152 -0.09097547829151154 -0.020183775573968887 0.9956486225128174 0.013379370793700218
1305031455.35963 0.98853999376297 -0.12191791832447052 0.08902179449796677 -0.12649503350257874 0.11883531510829926 0.9921414852142334 0.03916294872760773 0.03940168768167496 -0.09309687465429306 -0.028135204687714577 0.9952594637870789 0.016089800745248795
1305031455.391665 0.9847010970115662 -0.1443251669406891 0.09764207154512405 -0.13524894416332245 0.138922318816185 0.9884796142578125 0.060071688145399094 0.03575568646192551 -0.10518704354763031 -0.045587994158267975 0.9934069514274597 0.021123327314853668
1305031455.427642 0.9789412617683411 -0.1687023788690567 0.11494971066713333 -0.155986949801445 0.16089193522930145 0.9841787219047546 0.07420213520526886 0.03218470513820648 -0.12564913928508759 -0.05414506047964096 0.9905960559844971 0.022753873839974403
1305031455.459589 0.974674642086029 -0.18947210907936096 0.11878363788127899 -0.16636866331100464 0.1797729879617691 0.979787290096283 0.08774107694625854 0.02201620489358902 -0.1330072283744812 -0.0641649141907692 0.9890359044075012 0.025007903575897217
1305031455.491637 0.9684714674949646 -0.21303795278072357 0.12914173305034637 -0.1853221356868744 0.20209267735481262 0.97496098279953 0.09278713166713715 0.020513415336608887 -0.14567536115646362 -0.0637630969285965 0.9872755408287048 0.026142997667193413
1305031455.52761 0.9613974690437317 -0.24000521004199982 0.13458268344402313 -0.1987149864435196 0.22759529948234558 0.9684752821922302 0.10127279162406921 0.010761098936200142 -0.15464597940444946 -0.06673303246498108 0.9857136607170105 0.02867257036268711
1305031455.559669 0.9540541172027588 -0.2650255262851715 0.13979363441467285 -0.22142013907432556 0.2522971034049988 0.9622215628623962 0.10235215723514557 0.0010185673600062728 -0.16163837909698486 -0.06237996369600296 0.9848765730857849 0.030472325161099434
1305031455.591645 0.9462411403656006 -0.29199984669685364 0.13915430009365082 -0.23706306517124176 0.2804147005081177 0.9549582600593567 0.09707034379243851 0.00048789780703373253 -0.16123110055923462 -0.05283103138208389 0.9855016469955444 0.030474955216050148
1305031455.627617 0.937285840511322 -0.31841081380844116 0.14180870354175568 -0.25186067819595337 0.30520692467689514 0.9462186098098755 0.10732841491699219 -0.013849424198269844 -0.16835658252239227 -0.057316407561302185 0.9840584397315979 0.034820493310689926
1305031455.659615 0.9328768253326416 -0.32842394709587097 0.14791427552700043 -0.2649495303630829 0.315486341714859 0.9431653618812561 0.10444002598524094 -0.02548939548432827 -0.1738082617521286 -0.05076472833752632 0.9834702014923096 0.03350279480218887
1305031455.691605 0.9332586526870728 -0.3221485912799835 0.15889830887317657 -0.285043329000473 0.30970364809036255 0.9457303285598755 0.0983777791261673 -0.03178106248378754 -0.18196721374988556 -0.04260052740573883 0.9823814034461975 0.03605642914772034
1305031455.727628 0.9346006512641907 -0.31293514370918274 0.1690956950187683 -0.3026169240474701 0.2991122603416443 0.9486980438232422 0.10248902440071106 -0.0446263886988163 -0.19249321520328522 -0.04520770162343979 0.9802563786506653 0.03460049629211426
1305031455.759683 0.9344104528427124 -0.30628907680511475 0.18183591961860657 -0.31813913583755493 0.29146668314933777 0.9509142637252808 0.10396814346313477 -0.05187075957655907 -0.20475468039512634 -0.04414978623390198 0.9778170585632324 0.034884195774793625
1305031455.791666 0.931073784828186 -0.3087191581726074 0.19440717995166779 -0.33247798681259155 0.2916509807109833 0.9499737620353699 0.11175769567489624 -0.07224665582180023 -0.21918347477912903 -0.047355614602565765 0.97453373670578 0.032966628670692444
1305031455.82759 0.9295106530189514 -0.3066578805446625 0.20486772060394287 -0.34933289885520935 0.29028576612472534 0.9510007500648499 0.10645003616809845 -0.07882414758205414 -0.22747310996055603 -0.03947625309228897 0.9729838371276855 0.028803642839193344
1305031455.859526 0.9288844466209412 -0.30440613627433777 0.21097582578659058 -0.3644178807735443 0.2870413661003113 0.9516602754592896 0.10931581258773804 -0.0907660499215126 -0.23405373096466064 -0.040982961654663086 0.9713594913482666 0.027035634964704514
1305031455.891657 0.9278608560562134 -0.3027467429637909 0.21775855123996735 -0.37757644057273865 0.28462204337120056 0.9521861672401428 0.11104820668697357 -0.09964555501937866 -0.24096618592739105 -0.041058409959077835 0.9696646332740784 0.024567916989326477
1305031455.927955 0.9265784621238708 -0.30403250455856323 0.22139661014080048 -0.38539716601371765 0.283761203289032 0.9514783024787903 0.11903189867734909 -0.1135101169347763 -0.2468436360359192 -0.0474686361849308 0.9678919315338135 0.021452799439430237
1305031455.959716 0.9261054992675781 -0.2994207441806793 0.22951211035251617 -0.39794793725013733 0.2780628502368927 0.9528946876525879 0.12113046646118164 -0.12072280049324036 -0.25496983528137207 -0.04836079850792885 0.9657388925552368 0.018398508429527283
1305031455.991694 0.9249701499938965 -0.2967985272407532 0.23736239969730377 -0.40824562311172485 0.27297088503837585 0.9534127116203308 0.12841792404651642 -0.12731319665908813 -0.2644186019897461 -0.05398973450064659 0.9628956317901611 0.017954640090465546
1305031456.02777 0.9236382842063904 -0.29261457920074463 0.2475261092185974 -0.42238256335258484 0.26522931456565857 0.9542109370231628 0.13832920789718628 -0.1278236359357834 -0.2766692340373993 -0.062114961445331573 0.9589557647705078 0.015169180929660797
1305031456.059713 0.924273669719696 -0.28654640913009644 0.25220903754234314 -0.4329277276992798 0.25112202763557434 0.9540258646011353 0.16362297534942627 -0.1405922919511795 -0.2874995172023773 -0.08789713680744171 0.9537391066551208 0.019268564879894257
1305031456.091707 0.9246404767036438 -0.2822941839694977 0.25563621520996094 -0.43909987807273865 0.24072282016277313 0.9533620476722717 0.18208089470863342 -0.1556222140789032 -0.2951142489910126 -0.1068219244480133 0.9494717717170715 0.022146910429000854
1305031456.127645 0.9220412373542786 -0.28191882371902466 0.2652578353881836 -0.4497879445552826 0.23628106713294983 0.9526861310005188 0.1912076324224472 -0.16936811804771423 -0.30661240220069885 -0.11362593621015549 0.9450280070304871 0.024230964481830597
1305031456.159731 0.9196200370788574 -0.284160315990448 0.27120453119277954 -0.4509293735027313 0.23475222289562225 0.9511395692825317 0.2005617767572403 -0.18356648087501526 -0.31494495272636414 -0.1207747682929039 0.9413942694664001 0.025972560048103333
1305031456.191658 0.9133802056312561 -0.28825291991233826 0.2874837815761566 -0.4531562626361847 0.23804102838039398 0.9510117769241333 0.1972634345293045 -0.19398725032806396 -0.3302621841430664 -0.11174356192350388 0.9372514486312866 0.028682634234428406
1305031456.227678 0.9044466018676758 -0.2921667993068695 0.3108295202255249 -0.46396809816360474 0.24044649302959442 0.9510221481323242 0.1942739188671112 -0.19435493648052216 -0.35236606001853943 -0.10097251087427139 0.9303991794586182 0.030632272362709045
1305031456.259614 0.8956746459007263 -0.2999690771102905 0.328307181596756 -0.4661317467689514 0.2421734482049942 0.9481866955757141 0.20565509796142578 -0.2048015147447586 -0.37298667430877686 -0.10469275712966919 0.9219111800193787 0.03788551688194275
1305031456.291675 0.8843765258789062 -0.30926647782325745 0.349617600440979 -0.47102341055870056 0.24651660025119781 0.9454895853996277 0.21278874576091766 -0.22024229168891907 -0.3963681757450104 -0.10199880599975586 0.9124080538749695 0.04497209191322327
1305031456.327718 0.8715761303901672 -0.3181135356426239 0.373040109872818 -0.478850781917572 0.25237008929252625 0.943463921546936 0.21490709483623505 -0.23316803574562073 -0.42031481862068176 -0.09316372126340866 0.9025830030441284 0.05142650008201599
1305031456.359846 0.858146071434021 -0.32163140177726746 0.4001734256744385 -0.48940637707710266 0.2574401795864105 0.9439464211463928 0.20661458373069763 -0.22679919004440308 -0.44419607520103455 -0.07428474724292755 0.8928447365760803 0.0554690808057785
1305031456.391619 0.8457430005073547 -0.33123162388801575 0.41833531856536865 -0.48790329694747925 0.258771687746048 0.9402428865432739 0.22131510078907013 -0.24378374218940735 -0.46664339303970337 -0.07892236113548279 0.8809173703193665 0.06855107843875885
1305031456.427662 0.8280125856399536 -0.3369421660900116 0.44817984104156494 -0.5012699365615845 0.2673344016075134 0.9398415684700012 0.21267369389533997 -0.24443314969539642 -0.492876797914505 -0.05628259852528572 0.8682767748832703 0.08448317646980286
1305031456.45961 0.8149735927581787 -0.3441527187824249 0.4662370979785919 -0.5211610794067383 0.27636250853538513 0.9379863142967224 0.20929788053035736 -0.23834796249866486 -0.5093544125556946 -0.041721779853105545 0.8595446944236755 0.09744347631931305
1305031456.491677 0.8099579215049744 -0.3608350157737732 0.4623485803604126 -0.5275058746337891 0.28646010160446167 0.9312996864318848 0.2249922901391983 -0.24611273407936096 -0.5117700695991516 -0.049789831042289734 0.8576783537864685 0.11171630024909973
1305031456.527641 0.8074275255203247 -0.3744836151599884 0.4558757245540619 -0.5311722159385681 0.2979305386543274 0.9257660508155823 0.23279772698879242 -0.2464667558670044 -0.5092130899429321 -0.05214801803231239 0.8590590953826904 0.12745851278305054
1305031456.559608 0.803388774394989 -0.3876577317714691 0.4519820213317871 -0.5292325615882874 0.30600082874298096 0.919938325881958 0.24510599672794342 -0.25990673899650574 -0.5108127593994141 -0.05860854685306549 0.8576918244361877 0.14165443181991577
1305031456.591651 0.7943941354751587 -0.3947640061378479 0.4616268277168274 -0.5387451648712158 0.31727904081344604 0.9177631735801697 0.23884068429470062 -0.24991819262504578 -0.5179497003555298 -0.04326912760734558 0.854315996170044 0.15006111562252045
1305031456.627612 0.7855243682861328 -0.41422224044799805 0.45975157618522644 -0.5449612140655518 0.3299793004989624 0.9088743925094604 0.2550707459449768 -0.23564176261425018 -0.5235123634338379 -0.04865574091672897 0.850627601146698 0.16159749031066895
1305031456.659665 0.7721487283706665 -0.44046419858932495 0.4580146074295044 -0.5426720976829529 0.33482861518859863 0.8946236968040466 0.29586857557296753 -0.2601003348827362 -0.5400702953338623 -0.07509814202785492 0.8382626175880432 0.18748778104782104
1305031456.691612 0.7583239078521729 -0.4537201523780823 0.4680626094341278 -0.5504120588302612 0.3504735827445984 0.8891890048980713 0.2941279411315918 -0.26184338331222534 -0.5496479272842407 -0.05900067090988159 0.8333103656768799 0.2035553902387619
1305031456.727693 0.7465909123420715 -0.4702807664871216 0.4705718457698822 -0.5645774602890015 0.3671373128890991 0.8811119198799133 0.29808080196380615 -0.25443440675735474 -0.5548081398010254 -0.04977995529770851 0.8304877281188965 0.2188868373632431
1305031456.759615 0.741532564163208 -0.4927208125591278 0.4553629457950592 -0.5638572573661804 0.3810809850692749 0.8679261803627014 0.3185616135597229 -0.276216596364975 -0.5521833300590515 -0.06269366294145584 0.8313621282577515 0.23321349918842316
1305031456.791649 0.7407811284065247 -0.49689164757728577 0.4520418643951416 -0.5701162815093994 0.3971310257911682 0.8666908144950867 0.3018839359283447 -0.274089515209198 -0.5417841076850891 -0.044110070914030075 0.8393592834472656 0.24994078278541565
1305031456.827603 0.7383816838264465 -0.5053701996803284 0.4465346932411194 -0.5755748152732849 0.4145377278327942 0.8624002933502197 0.29055818915367126 -0.2573370933532715 -0.5319311022758484 -0.029437392950057983 0.8462756276130676 0.2611413598060608
1305031456.859634 0.7316420674324036 -0.5234829783439636 0.4366523325443268 -0.5718611478805542 0.4277516305446625 0.8512949347496033 0.3038509488105774 -0.25916048884391785 -0.5307807326316833 -0.0355314239859581 0.8467639088630676 0.2755615711212158
1305031456.891672 0.7237834334373474 -0.5345618724822998 0.4363268315792084 -0.5696578621864319 0.43340814113616943 0.8442226052284241 0.31534987688064575 -0.2677769660949707 -0.5369309782981873 -0.039137423038482666 0.8427178859710693 0.28922924399375916
1305031456.92769 0.7105967402458191 -0.5380779504776001 0.4533482491970062 -0.5796570777893066 0.4408767819404602 0.842663049697876 0.3091062307357788 -0.26564082503318787 -0.5483431220054626 -0.019779153168201447 0.8360195755958557 0.30113571882247925
1305031456.959667 0.6975687742233276 -0.5457647442817688 0.46426159143447876 -0.5927311182022095 0.4476545751094818 0.8378781080245972 0.31235504150390625 -0.25757646560668945 -0.5594669580459595 -0.010060257278382778 0.828791618347168 0.31332865357398987
1305031456.991709 0.6903104782104492 -0.5585479736328125 0.4598866403102875 -0.5935124754905701 0.4483797550201416 0.8291155099868774 0.3339507281780243 -0.2649693489074707 -0.5678266286849976 -0.024325823411345482 0.8227887153625488 0.3266370892524719
1305031457.027648 0.681006669998169 -0.5635746121406555 0.46756136417388916 -0.6028368473052979 0.449561208486557 0.825779378414154 0.3405627906322479 -0.26870477199554443 -0.5780350565910339 -0.021728046238422394 0.8157227039337158 0.33852916955947876
1305031457.059621 0.6694859862327576 -0.571572482585907 0.4744400978088379 -0.6154528856277466 0.45657265186309814 0.8204360604286194 0.34413087368011475 -0.26168957352638245 -0.5859434604644775 -0.013774427585303783 0.8102348446846008 0.3461097776889801
1305031457.091655 0.6593698859214783 -0.5874801278114319 0.46914657950401306 -0.6185128688812256 0.45866385102272034 0.8087695240974426 0.3681294620037079 -0.2707998752593994 -0.595700204372406 -0.0275528933852911 0.8027341961860657 0.35535502433776855
1305031457.127632 0.6469293832778931 -0.6009194850921631 0.46944481134414673 -0.6197372674942017 0.46391990780830383 0.798743724822998 0.38312751054763794 -0.2832919955253601 -0.6051948070526123 -0.030071642249822617 0.7955092787742615 0.36064809560775757
1305031457.159693 0.6313267946243286 -0.6087746620178223 0.4804372787475586 -0.629025936126709 0.4704781174659729 0.7931358218193054 0.3867633044719696 -0.28875410556793213 -0.6165036559104919 -0.018138842657208443 0.7871430516242981 0.36534368991851807
1305031457.191735 0.613767683506012 -0.6142691373825073 0.49594640731811523 -0.64590984582901 0.4723798334598541 0.789067804813385 0.3927205204963684 -0.29480236768722534 -0.6325713396072388 -0.006764114368706942 0.7744725346565247 0.3706962764263153
1305031457.227543 0.5986760258674622 -0.6266011595726013 0.49895697832107544 -0.6547412872314453 0.47732576727867126 0.7793248891830444 0.4059714078903198 -0.30387091636657715 -0.6432316899299622 -0.004880333319306374 0.7656559348106384 0.37484461069107056
1305031457.259691 0.5851715803146362 -0.6369465589523315 0.5018698573112488 -0.6557395458221436 0.48310357332229614 0.7709079384803772 0.41510462760925293 -0.3216667175292969 -0.6512948870658875 -0.00045235268771648407 0.7588245868682861 0.37642908096313477
1305031457.291656 0.567175030708313 -0.6370853781700134 0.5219530463218689 -0.6705153584480286 0.48707079887390137 0.7705070376396179 0.4111945927143097 -0.3301061987876892 -0.6641345024108887 0.021008843556046486 0.7473178505897522 0.37692415714263916
1305031457.327548 0.548130452632904 -0.6380249857902527 0.5408115983009338 -0.6883742809295654 0.4884015917778015 0.7690707445144653 0.4123033881187439 -0.33377549052238464 -0.6789822578430176 0.03813723102211952 0.7331634163856506 0.378520131111145
1305031457.359712 0.5271356105804443 -0.6448760032653809 0.5534102916717529 -0.6986715793609619 0.4867531657218933 0.7629538178443909 0.4254090189933777 -0.3462511897087097 -0.6965625286102295 0.04512595012784004 0.7160756587982178 0.38387346267700195
1305031457.391684 0.5016751289367676 -0.648655891418457 0.5723353028297424 -0.7119650840759277 0.4907821714878082 0.7582505941390991 0.42917242646217346 -0.3609812259674072 -0.7123587727546692 0.06558682769536972 0.6987441778182983 0.38661444187164307
1305031457.427641 0.47949838638305664 -0.6509977579116821 0.5884582996368408 -0.7321958541870117 0.4939277172088623 0.754482090473175 0.4321947395801544 -0.371293842792511 -0.7253389954566956 0.08341919630765915 0.6833188533782959 0.39306962490081787
1305031457.459614 0.4676463007926941 -0.656417191028595 0.5919657349586487 -0.7454134821891785 0.49847397208213806 0.7489040493965149 0.4366537928581238 -0.3855845332145691 -0.7299525141716003 0.09087994694709778 0.6774291396141052 0.3954172134399414
1305031457.491705 0.46165207028388977 -0.6624765396118164 0.5899171829223633 -0.7508226633071899 0.5048162937164307 0.7430393695831299 0.4393780529499054 -0.40105465054512024 -0.7294092774391174 0.09496001899242401 0.6774547100067139 0.3933558166027069
1305031457.527638 0.4533771276473999 -0.6605429649353027 0.598441481590271 -0.7621502876281738 0.5056652426719666 0.7435195446014404 0.43758583068847656 -0.4141439199447632 -0.7339971661567688 0.10421965271234512 0.6711083650588989 0.3934554159641266
1305031457.559685 0.4427401125431061 -0.6610721349716187 0.6057762503623962 -0.7718927264213562 0.5096170902252197 0.7413934469223022 0.43660768866539 -0.4258582890033722 -0.7377477288246155 0.1154102236032486 0.6651381850242615 0.39201590418815613
1305031457.591678 0.42941901087760925 -0.6581543684005737 0.6184110641479492 -0.7911828756332397 0.5087963938713074 0.7420550584793091 0.4364408552646637 -0.43699777126312256 -0.7461404800415039 0.12722931802272797 0.6535190343856812 0.39897075295448303
1305031457.627526 0.42257675528526306 -0.6635540127754211 0.6173532009124756 -0.7967237234115601 0.5117585062980652 0.7368747591972351 0.4417226016521454 -0.4546048045158386 -0.7480188608169556 0.12927411496639252 0.6509655117988586 0.400725781917572
1305031457.659632 0.41156303882598877 -0.6601625084877014 0.6283321380615234 -0.8172545433044434 0.5154871344566345 0.7371708154678345 0.4368663728237152 -0.4616406559944153 -0.7515909075737 0.14409908652305603 0.6436976194381714 0.40631091594696045
1305031457.69157 0.4081806540489197 -0.6690660715103149 0.6210790872573853 -0.8238166570663452 0.5184205174446106 0.7298762202262878 0.44555699825286865 -0.4716907739639282 -0.751417875289917 0.14011229574680328 0.644778847694397 0.40880531072616577
1305031457.727669 0.408344030380249 -0.6726222634315491 0.6171180009841919 -0.8251475691795349 0.5143886804580688 0.728046178817749 0.453158974647522 -0.4924471378326416 -0.754095196723938 0.13239367306232452 0.6432825922966003 0.41048121452331543
1305031457.759556 0.40659457445144653 -0.6706086993217468 0.6204553246498108 -0.8298973441123962 0.5096491575241089 0.7301262021064758 0.4551631510257721 -0.5121152400970459 -0.7582469582557678 0.13114774227142334 0.6386405229568481 0.41375136375427246
1305031457.791567 0.4036978483200073 -0.6628679633140564 0.6305822730064392 -0.828407883644104 0.5053704977035522 0.7361131310462952 0.45026448369026184 -0.5302842259407043 -0.7626459002494812 0.13690701127052307 0.6321611404418945 0.41440606117248535
1305031457.827699 0.3893702030181885 -0.6498777866363525 0.6527248024940491 -0.8443986177444458 0.5066573023796082 0.7429249882698059 0.43744802474975586 -0.5345932841300964 -0.7692133784294128 0.1603785902261734 0.6185382008552551 0.4138311445713043
1305031457.859623 0.37657105922698975 -0.6481611728668213 0.6618770956993103 -0.8499852418899536 0.5008819699287415 0.743487536907196 0.44310662150382996 -0.5501065254211426 -0.7793020009994507 0.1646612137556076 0.6046282649040222 0.41835859417915344
1305031457.891593 0.3644053339958191 -0.6416101455688477 0.6749410033226013 -0.8518657088279724 0.4963156282901764 0.7470721006393433 0.44221487641334534 -0.5744588971138 -0.7879592180252075 0.1738382875919342 0.5906781554222107 0.42342454195022583
1305031457.927633 0.3495945334434509 -0.6258894205093384 0.697170078754425 -0.8649184107780457 0.498976469039917 0.7541912794113159 0.4268698990345001 -0.585563063621521 -0.7929730415344238 0.19864019751548767 0.5759652853012085 0.4368836283683777
1305031457.959632 0.34150582551956177 -0.620306670665741 0.7061114311218262 -0.8755887746810913 0.5029213428497314 0.7552793622016907 0.4202655851840973 -0.596706748008728 -0.7940049171447754 0.21159540116786957 0.5698977708816528 0.44614091515541077
1305031457.991644 0.3388989567756653 -0.6162253618240356 0.7109245657920837 -0.8747388124465942 0.5050553679466248 0.7566913962364197 0.41513505578041077 -0.6107754111289978 -0.7937673330307007 0.21836741268634796 0.5676699280738831 0.4526703953742981
1305031458.027845 0.3316877782344818 -0.6081324815750122 0.7212199568748474 -0.8734644651412964 0.5050687193870544 0.7601771354675293 0.40870094299316406 -0.6276830434799194 -0.7967991828918457 0.22870448231697083 0.5592901110649109 0.46009302139282227
1305031458.059689 0.32142770290374756 -0.5925484895706177 0.7386273741722107 -0.8881170749664307 0.5115482807159424 0.7650637626647949 0.3911466896533966 -0.6225740909576416 -0.7968705296516418 0.25211822986602783 0.5490298867225647 0.4676581919193268
1305031458.09169 0.3088499903678894 -0.5937726497650146 0.7429977059364319 -0.893134593963623 0.5076849460601807 0.7635115385055542 0.39913150668144226 -0.6309285163879395 -0.8042808771133423 0.2539370059967041 0.5372599959373474 0.48674362897872925
1305031458.127605 0.2999992370605469 -0.5959561467170715 0.7448735237121582 -0.8928157091140747 0.502339243888855 0.7624984979629517 0.4077392816543579 -0.6441504955291748 -0.8109596967697144 0.251857727766037 0.5281212329864502 0.5045561790466309
1305031458.159638 0.29042506217956543 -0.5947623252868652 0.7496071457862854 -0.8935290575027466 0.501460075378418 0.7617877721786499 0.4101428687572479 -0.6556848287582397 -0.814979076385498 0.2567823827266693 0.519491970539093 0.5260574221611023
1305031458.191646 0.2834553122520447 -0.594561755657196 0.7524289488792419 -0.9026111960411072 0.5081014037132263 0.7585417032241821 0.407979816198349 -0.6569753885269165 -0.8133178353309631 0.2666662037372589 0.5171104073524475 0.5435702800750732
1305031458.227611 0.2845767140388489 -0.6068984270095825 0.7420849800109863 -0.9014445543289185 0.5059211850166321 0.7525939345359802 0.4214809238910675 -0.6682089567184448 -0.8142848610877991 0.2554928958415985 0.5212135314941406 0.5654770135879517
1305031458.259934 0.28748035430908203 -0.6175456643104553 0.7321149706840515 -0.8816635608673096 0.5015826225280762 0.7482537031173706 0.4342018663883209 -0.6955583095550537 -0.8159471750259399 0.2423916608095169 0.5248585343360901 0.5856510400772095
1305031458.291664 0.2876971364021301 -0.6027265191078186 0.7442789673805237 -0.8915283679962158 0.5021252036094666 0.7566876411437988 0.41868147253990173 -0.7053080797195435 -0.8155370354652405 0.25326773524284363 0.5203410983085632 0.610785961151123
1305031458.327628 0.29019618034362793 -0.6048001646995544 0.7416219115257263 -0.8895409107208252 0.5099309682846069 0.7535108327865601 0.4149600565433502 -0.7145840525627136 -0.8097879886627197 0.25775614380836487 0.5270722508430481 0.6287866234779358
1305031458.35959 0.2955421209335327 -0.5995269417762756 0.7437893152236938 -0.8735607862472534 0.5124454498291016 0.756567656993866 0.40620824694633484 -0.7290667295455933 -0.8062595129013062 0.26109978556632996 0.5308223962783813 0.6493115425109863
1305031458.391626 0.2944728434085846 -0.5842109322547913 0.756295919418335 -0.8781598806381226 0.5290527939796448 0.758709728717804 0.38008248805999756 -0.7269428372383118 -0.795857310295105 0.2881964445114136 0.5324978828430176 0.6609219312667847
1305031458.427598 0.28648898005485535 -0.578199565410614 0.7639431953430176 -0.8738626837730408 0.5462380051612854 0.753649890422821 0.36556240916252136 -0.7220993041992188 -0.787113606929779 0.31256529688835144 0.5317471027374268 0.6722085475921631
1305031458.459637 0.2710005044937134 -0.5701964497566223 0.7755222320556641 -0.8599690198898315 0.555679440498352 0.750538170337677 0.3576490879058838 -0.7297769784927368 -0.7859892845153809 0.3340187668800354 0.5202426314353943 0.6814097166061401
1305031458.491696 0.25632184743881226 -0.5326929688453674 0.8065589666366577 -0.8558906316757202 0.547836184501648 0.767533540725708 0.3328179717063904 -0.7338334321975708 -0.79635089635849 0.35655367374420166 0.48856407403945923 0.6985723972320557
1305031458.527737 0.24133333563804626 -0.4990238547325134 0.8323060870170593 -0.8546938896179199 0.5492231845855713 0.7773191928863525 0.3068040907382965 -0.7163375020027161 -0.8000701069831848 0.38307973742485046 0.461668461561203 0.7186779975891113
1305031458.559628 0.22859016060829163 -0.4802042245864868 0.846847414970398 -0.8526709079742432 0.5427643656730652 0.7850027084350586 0.29862648248672485 -0.705580472946167 -0.8081790208816528 0.39137548208236694 0.4400815963745117 0.7366001605987549
1305031458.591641 0.22072719037532806 -0.4559384882450104 0.8622062802314758 -0.8480184078216553 0.5286266803741455 0.798830509185791 0.28709521889686584 -0.7056304216384888 -0.8196544051170349 0.3924155533313751 0.4173448383808136 0.7678991556167603
1305031458.627659 0.22441396117210388 -0.44029882550239563 0.8693534135818481 -0.8544307947158813 0.5254589915275574 0.80597984790802 0.2725607752799988 -0.6806697249412537 -0.8206894993782043 0.39564311504364014 0.41223204135894775 0.7915258407592773
1305031458.659623 0.22603623569011688 -0.4532933235168457 0.8622255325317383 -0.8483678102493286 0.5239992737770081 0.8027435541152954 0.28465351462364197 -0.6847535967826843 -0.8211774826049805 0.3874635398387909 0.41897445917129517 0.8152098655700684
1305031458.691674 0.25546371936798096 -0.45578843355178833 0.8526401519775391 -0.8425883054733276 0.5183171033859253 0.8090240359306335 0.2771774232387543 -0.6754711270332336 -0.8161407113075256 0.37112921476364136 0.44291919469833374 0.8439658880233765
1305031458.72765 0.2864013910293579 -0.45843642950057983 0.8413146138191223 -0.8301913142204285 0.514106035232544 0.8145127892494202 0.2688193619251251 -0.6790040731430054 -0.8084981441497803 0.35553470253944397 0.46896255016326904 0.8526141047477722
1305031458.759945 0.32471346855163574 -0.43832480907440186 0.838112473487854 -0.8207752108573914 0.5079652070999146 0.8283053040504456 0.23639261722564697 -0.6632162928581238 -0.797829806804657 0.3489721417427063 0.4916156530380249 0.8694628477096558
1305031458.791632 0.36508908867836 -0.43618595600128174 0.8224668502807617 -0.8182628154754639 0.5055711269378662 0.8347207307815552 0.21826398372650146 -0.651047945022583 -0.7817338705062866 0.33612972497940063 0.525270402431488 0.870730459690094
1305031458.827564 0.38518136739730835 -0.45006629824638367 0.8056523203849792 -0.7997076511383057 0.5079751014709473 0.832254946231842 0.22206518054008484 -0.646000325679779 -0.7704521417617798 0.3237159848213196 0.5491915941238403 0.8742631077766418
1305031458.859887 0.3956577777862549 -0.45326194167137146 0.7987544536590576 -0.7849042415618896 0.5090715289115906 0.8321247696876526 0.22003310918807983 -0.6521806120872498 -0.7643960118293762 0.3195653259754181 0.5599793791770935 0.8763823509216309
1305031458.891665 0.40083998441696167 -0.4236069917678833 0.8123327493667603 -0.7904335260391235 0.4910235106945038 0.8479087948799133 0.19986668229103088 -0.6392322182655334 -0.7734489440917969 0.31875982880592346 0.5478766560554504 0.8892204165458679
1305031458.927621 0.386155903339386 -0.43129298090934753 0.815395712852478 -0.7853184342384338 0.5014168620109558 0.8401033282279968 0.20690034329891205 -0.6325217485427856 -0.7742511034011841 0.3289572596549988 0.5406683683395386 0.8984705805778503
1305031458.959617 0.3592735528945923 -0.45358648896217346 0.8155868649482727 -0.784481942653656 0.5143842697143555 0.8254467844963074 0.23247912526130676 -0.641541600227356 -0.7786728143692017 0.336001455783844 0.5298789143562317 0.9112560749053955
1305031458.991647 0.3440290093421936 -0.45944929122924805 0.8188714385032654 -0.7766608595848083 0.5129654407501221 0.8224252462387085 0.24593335390090942 -0.669343888759613 -0.7864543795585632 0.33544453978538513 0.51861971616745 0.9261599779129028
1305031459.027665 0.34085679054260254 -0.4413076937198639 0.8300989270210266 -0.7806059718132019 0.5131135582923889 0.827190101146698 0.22906558215618134 -0.6799719929695129 -0.7877379059791565 0.3478565514087677 0.5083943605422974 0.9509643912315369
1305031459.059631 0.3386474847793579 -0.43750131130218506 0.8330128192901611 -0.7827907800674438 0.5301250219345093 0.8201481699943542 0.21523118019104004 -0.6950079798698425 -0.7773578763008118 0.3687135577201843 0.5096714496612549 0.9738578200340271
1305031459.09165 0.34570759534835815 -0.43111902475357056 0.8334402441978455 -0.7830601334571838 0.5540143251419067 0.8106468319892883 0.1895255595445633 -0.7111580967903137 -0.7573337554931641 0.3962174654006958 0.5190929174423218 1.003151774406433
1305031459.127618 0.37770724296569824 -0.4250207543373108 0.8226144909858704 -0.7859054803848267 0.5740057229995728 0.8045914769172668 0.15215137600898743 -0.7246958613395691 -0.7265361547470093 0.41471683979034424 0.5478643178939819 1.0169992446899414
1305031459.159639 0.4131934642791748 -0.42158111929893494 0.8071805238723755 -0.7899976372718811 0.5918906331062317 0.7979481816291809 0.1137719601392746 -0.731732189655304 -0.6920523047447205 0.4307529032230377 0.5792370438575745 1.0253081321716309
1305031459.191674 0.43258652091026306 -0.425517201423645 0.7948610186576843 -0.7968201041221619 0.6102791428565979 0.787142276763916 0.08925341069698334 -0.738888144493103 -0.6636475324630737 0.4464772641658783 0.600191593170166 1.0349020957946777
1305031459.227607 0.44030171632766724 -0.4341717064380646 0.7858939170837402 -0.7897596955299377 0.633147656917572 0.7707598209381104 0.07108612358570099 -0.7348188161849976 -0.6365991234779358 0.4662874937057495 0.6142617464065552 1.0525835752487183
1305031459.25976 0.4369179606437683 -0.4386502206325531 0.7852952480316162 -0.7949691414833069 0.6431022882461548 0.762733519077301 0.06824223697185516 -0.7299981117248535 -0.6289054751396179 0.47520893812179565 0.6153489351272583 1.0650328397750854
1305031459.29169 0.41125115752220154 -0.4496294856071472 0.7929096817970276 -0.7862738370895386 0.658963143825531 0.7476704716682434 0.08219774067401886 -0.7202965021133423 -0.6297937035560608 0.48869433999061584 0.6037696003913879 1.0720531940460205
1305031459.327632 0.36272117495536804 -0.46674707531929016 0.8065857291221619 -0.7823667526245117 0.6845048666000366 0.7207728028297424 0.10926823318004608 -0.7207691073417664 -0.6323655843734741 0.5124779939651489 0.580930233001709 1.07487952709198
1305031459.359651 0.30010882019996643 -0.4637158215045929 0.833608090877533 -0.7907270789146423 0.7043147683143616 0.6970855593681335 0.134210005402565 -0.7194751501083374 -0.6433313488960266 0.5468448996543884 0.5358034372329712 1.092732548713684
1305031459.391667 0.23215383291244507 -0.4794158935546875 0.8463244438171387 -0.8072860240936279 0.7298237681388855 0.6610507369041443 0.17426753044128418 -0.714875340461731 -0.6430099010467529 0.5772108435630798 0.503354549407959 1.0867640972137451
1305031459.427646 0.12587697803974152 -0.4928661584854126 0.8609517216682434 -0.8106001615524292 0.7401775121688843 0.6244955658912659 0.24928398430347443 -0.7228977680206299 -0.6605242490768433 0.6058779358863831 0.44341805577278137 1.1193106174468994
1305031459.459679 0.032703693956136703 -0.4780985713005066 0.8776971697807312 -0.8108868598937988 0.7598451375961304 0.582375705242157 0.2889188826084137 -0.6977079510688782 -0.6492812037467957 0.6574649810791016 0.3823266327381134 1.1401370763778687
1305031459.491555 -0.06610450148582458 -0.4699867367744446 0.8801947236061096 -0.8216081857681274 0.7680069804191589 0.5391978025436401 0.34558790922164917 -0.7035820484161377 -0.6370208859443665 0.6988404989242554 0.3253096640110016 1.184252381324768
1305031459.527594 -0.1365845501422882 -0.4864521324634552 0.8629652857780457 -0.8172803521156311 0.7868126034736633 0.47601231932640076 0.3928591012954712 -0.6879125237464905 -0.6018893122673035 0.7326502799987793 0.31773069500923157 1.18608820438385
1305031459.559647 -0.20508113503456116 -0.48308929800987244 0.8512147068977356 -0.8338941335678101 0.783183217048645 0.4405994713306427 0.4387436509132385 -0.7123498916625977 -0.5869972705841064 0.7566350698471069 0.2879887521266937 1.1998814344406128
1305031459.591695 -0.2524282932281494 -0.4740648567676544 0.8435298800468445 -0.8436636924743652 0.7885507345199585 0.4044366180896759 0.4632697105407715 -0.7262582778930664 -0.5607743859291077 0.7821082472801208 0.2717329263687134 1.2227108478546143
1305031459.627608 -0.2624625265598297 -0.47686007618904114 0.8388789296150208 -0.8399010896682739 0.7923209071159363 0.38970455527305603 0.4694230258464813 -0.724565327167511 -0.5507640242576599 0.7878672480583191 0.2755434215068817 1.227378487586975
1305031459.659641 -0.2709360420703888 -0.472309410572052 0.8387594819068909 -0.8404598236083984 0.789188027381897 0.38992348313331604 0.4744911789894104 -0.7230087518692017 -0.5511586666107178 0.7904956340789795 0.267096608877182 1.23594069480896
1305031459.691604 -0.299008309841156 -0.4696781039237976 0.8306602835655212 -0.8488996624946594 0.7740466594696045 0.389706015586853 0.4989798963069916 -0.7360705137252808 -0.5580732226371765 0.7921689748764038 0.2470274567604065 1.2552025318145752
1305031459.727551 -0.3254460096359253 -0.47294220328330994 0.818786084651947 -0.8428811430931091 0.7629556059837341 0.3801708221435547 0.5228469371795654 -0.7534090280532837 -0.558555006980896 0.7948557734489441 0.23710882663726807 1.265597939491272
1305031459.759635 -0.33451008796691895 -0.470511257648468 0.8165304660797119 -0.8412989974021912 0.7534716129302979 0.38687700033187866 0.5316075682640076 -0.7731136679649353 -0.5660243630409241 0.7930607199668884 0.2251025140285492 1.2753329277038574
1305031459.79165 -0.3377363383769989 -0.46671825647354126 0.8173788189888 -0.8409038782119751 0.7454641461372375 0.39754337072372437 0.5350163578987122 -0.7890213131904602 -0.5746455192565918 0.7900210618972778 0.21365682780742645 1.2923076152801514
1305031459.827664 -0.33741840720176697 -0.4707604944705963 0.8151891231536865 -0.8411010503768921 0.7418805956840515 0.4000663757324219 0.5381078720092773 -0.8066695928573608 -0.5794497132301331 0.7863404750823975 0.21425828337669373 1.3027909994125366
1305031459.85966 -0.34218719601631165 -0.4791260361671448 0.8082982897758484 -0.8382139801979065 0.7346920967102051 0.39984893798828125 0.548040509223938 -0.8303220868110657 -0.5857776999473572 0.7813828587532043 0.21518681943416595 1.320540189743042
1305031459.891596 -0.3404853045940399 -0.4901306629180908 0.8023974895477295 -0.831201434135437 0.7380965352058411 0.3893420994281769 0.551023006439209 -0.8435150980949402 -0.5824804902076721 0.7798620462417603 0.2291983664035797 1.3288660049438477
1305031459.927607 -0.34049615263938904 -0.4902091920375824 0.802344799041748 -0.8251794576644897 0.7422555685043335 0.38367417454719543 0.5494093894958496 -0.8545939922332764 -0.5771646499633789 0.7826166749000549 0.2332209199666977 1.3382056951522827
1305031459.95965 -0.34478387236595154 -0.4903193414211273 0.8004442453384399 -0.8217661380767822 0.743308961391449 0.37814807891845703 0.5518113970756531 -0.865454375743866 -0.5732502341270447 0.7852330803871155 0.23407936096191406 1.3487435579299927
1305031459.991725 -0.3492799401283264 -0.495777428150177 0.7951151728630066 -0.8149913549423218 0.7458648681640625 0.3665280342102051 0.5561860203742981 -0.876670241355896 -0.5671764612197876 0.7873131036758423 0.24176204204559326 1.3553348779678345
1305031460.027565 -0.35600000619888306 -0.4987107217311859 0.7902858257293701 -0.8035165071487427 0.7473064661026001 0.35582178831100464 0.561180830001831 -0.8908525705337524 -0.5610678195953369 0.7903660535812378 0.24601717293262482 1.3589133024215698
1305031460.059659 -0.3632495105266571 -0.49669644236564636 0.7882527112960815 -0.7962537407875061 0.7434209585189819 0.35543766617774963 0.5665592551231384 -0.9097784757614136 -0.5615826845169067 0.7918059825897217 0.24014194309711456 1.3717507123947144
1305031460.091717 -0.3666759729385376 -0.4969141185283661 0.7865273952484131 -0.792524516582489 0.7505923509597778 0.34149885177612305 0.5656763315200806 -0.9293340444564819 -0.5496906638145447 0.797781229019165 0.24776050448417664 1.3755396604537964
1305031460.12769 -0.36106517910957336 -0.49197980761528015 0.7922044992446899 -0.7849483489990234 0.7690114378929138 0.3234484791755676 0.5513643622398376 -0.9382495880126953 -0.527497410774231 0.8082926273345947 0.26155203580856323 1.3775334358215332
1305031460.159678 -0.3566761612892151 -0.4823457896709442 0.8000780344009399 -0.7762439250946045 0.783592939376831 0.31185364723205566 0.5373353958129883 -0.943244218826294 -0.5086885690689087 0.8185901641845703 0.26673197746276855 1.3867892026901245
1305031460.191559 -0.35726261138916016 -0.4853023886680603 0.7980257272720337 -0.7649219036102295 0.7942997813224792 0.2916392982006073 0.5329487919807434 -0.950789213180542 -0.4913769066333771 0.8242743611335754 0.2812836766242981 1.391220211982727
1305031460.227761 -0.3617721199989319 -0.488141804933548 0.794253408908844 -0.7527824640274048 0.7980543375015259 0.2782346308231354 0.5345041751861572 -0.9580539464950562 -0.4819026589393616 0.8272261023521423 0.28890618681907654 1.3856128454208374
1305031460.259667 -0.3710074722766876 -0.47975051403045654 0.795105516910553 -0.7457687854766846 0.79207843542099 0.28344565629959106 0.5406203269958496 -0.9630510807037354 -0.48473212122917175 0.8303601741790771 0.2748395800590515 1.3879458904266357
1305031460.291689 -0.38701218366622925 -0.4743971824645996 0.7906761765480042 -0.7365663647651672 0.7811839580535889 0.286872923374176 0.5544866919517517 -0.9741007089614868 -0.489870548248291 0.8322566747665405 0.2595682144165039 1.3912267684936523
1305031460.327512 -0.40230485796928406 -0.4661153256893158 0.7879639863967896 -0.7267157435417175 0.7734378576278687 0.2874685823917389 0.5649386644363403 -0.9817460775375366 -0.489841490983963 0.8367187976837158 0.24486124515533447 1.393073558807373
1305031460.35963 -0.4204876720905304 -0.45749005675315857 0.7835132479667664 -0.7200603485107422 0.763392448425293 0.2883003056049347 0.5780267715454102 -0.9860605001449585 -0.4903286099433899 0.8411811590194702 0.22801773250102997 1.4008243083953857
