0.0 1.0 -5.32054400537163e-11 0.0 -6.342582709040201e-18 -5.32054400537163e-11 1.0 0.0 1.1920928955078125e-07 0.0 0.0 1.0 -3.725290298461914e-09
0.1037359 0.9999911189079285 -0.002591197146102786 -0.0033261235803365707 0.0006713711190968752 0.0025846408680081367 0.999994695186615 -0.0019739556591957808 -0.007025169674307108 0.003331220941618085 0.0019653411582112312 0.9999925494194031 0.6890375018119812
0.2073381 0.999972939491272 -0.0014674246776849031 -0.007206250447779894 -0.009810995310544968 0.0014414350735023618 0.9999924302101135 -0.0036104065366089344 -0.008450599387288094 0.007211493793874979 0.0035999217070639133 0.9999675154685974 1.3926986455917358
0.3110752 0.999927818775177 -0.0022084657102823257 -0.011807188391685486 -0.0034993719309568405 0.002151037799194455 0.9999857544898987 -0.0048742592334747314 -0.011027195490896702 0.01181778497993946 0.004848509561270475 0.9999184012413025 2.1018919944763184
0.4146917 0.9998612999916077 -0.000685522158164531 -0.0166388601064682 -0.020105969160795212 0.0005974700325168669 0.9999857544898987 -0.005296338815242052 -0.018898578360676765 0.0166422538459301 0.0052856639958918095 0.9998475313186646 2.8443782329559326
0.5184302 0.9997814297676086 -0.0017045146087184548 -0.020834166556596756 -0.041142337024211884 0.001583596458658576 0.9999817609786987 -0.005818949546664953 -0.021646084263920784 0.020843707025051117 0.005784684792160988 0.9997659921646118 3.612447738647461
0.6220448 0.9996805191040039 0.0003811114584095776 -0.025273924693465233 -0.06771879643201828 -0.0005605666665360332 0.9999746680259705 -0.007093718275427818 -0.03124358132481575 0.025270583108067513 0.0071056196466088295 0.9996554255485535 4.380278587341309
0.7257977 0.9995374083518982 0.003198576858267188 -0.03024696558713913 -0.09653674811124802 -0.0034449114464223385 0.999961256980896 -0.008095510303974152 -0.0330762043595314 0.030219903215765953 0.008195962756872177 0.9995096921920776 5.177524089813232
0.8294199 0.99940425157547 0.00309287803247571 -0.03437183052301407 -0.13178911805152893 -0.0033020912669599056 0.9999763369560242 -0.006031675264239311 -0.048224084079265594 0.034352365881204605 0.0061415815725922585 0.9993909597396851 5.979148864746094
0.9331467 0.9992498159408569 0.002093816874548793 -0.03867084160447121 -0.16757932305335999 -0.0022137840278446674 0.999992847442627 -0.003059710143133998 -0.05901096388697624 0.038664162158966064 0.003143023233860731 0.9992473125457764 6.800172328948975
1.03691 0.9991201758384705 0.001997421495616436 -0.04189033433794975 -0.20757362246513367 -0.002031221752986312 0.9999975562095642 -0.0007643187418580055 -0.06375522166490555 0.041888706386089325 0.0008487349259667099 0.9991219639778137 7.626912593841553
1.140497 0.9990110993385315 0.0033714650198817253 -0.04433358833193779 -0.2504911720752716 -0.003438693704083562 0.9999930262565613 -0.0014402654487639666 -0.06989140063524246 0.04432842507958412 0.001591291045770049 0.999015748500824 8.462410926818848
1.244242 0.9989067912101746 0.0027212442364543676 -0.04666776582598686 -0.2881253957748413 -0.002783027244731784 0.9999953508377075 -0.001258969772607088 -0.08203604072332382 0.046664126217365265 0.0013874711003154516 0.9989097118377686 9.302421569824219
1.347979 0.9988150596618652 -3.915302295354195e-05 -0.04866703599691391 -0.32852602005004883 -6.372953794198111e-05 0.9999977350234985 -0.002112454269081354 -0.08809149265289307 0.04866700991988182 0.002113052411004901 0.998812735080719 10.168220520019531
1.451596 0.9987174868583679 -0.00010203680722042918 -0.050630614161491394 -0.3704211711883545 3.9839935197960585e-05 0.9999992251396179 -0.0012294492917135358 -0.09499132633209229 0.05063069611787796 0.0012258554343134165 0.9987166523933411 11.02346420288086
1.555212 0.9986578822135925 -0.0017723829951137304 -0.051761407405138016 -0.4208641052246094 0.0016812084941193461 0.9999969601631165 -0.001804923638701439 -0.098273366689682 0.05176445096731186 0.0017154794186353683 0.998657763004303 11.898237228393555
1.65896 0.9985588192939758 0.0003518925223033875 -0.05366736650466919 -0.47669100761413574 -0.0005504546570591629 0.999993085861206 -0.003685130039229989 -0.11372897028923035 0.05366568639874458 0.0037093600258231163 0.9985520839691162 12.789933204650879
1.762569 0.9984840750694275 0.0008304960210807621 -0.05503508448600769 -0.5274677276611328 -0.0011768158292397857 0.9999797344207764 -0.006260599009692669 -0.12275156378746033 0.0550287663936615 0.006315875332802534 0.9984647631645203 13.683061599731445
1.866302 0.9983988404273987 0.004330003168433905 -0.056399520486593246 -0.5923242568969727 -0.004784883465617895 0.9999571442604065 -0.007932793349027634 -0.13316600024700165 0.05636275187134743 0.008189957588911057 0.9983767867088318 14.5691499710083
1.969923 0.9983136653900146 0.00534075265750289 -0.057804398238658905 -0.6443980932235718 -0.005769326817244291 0.9999570846557617 -0.007249877788126469 -0.15276379883289337 0.05776319280266762 0.007571144495159388 0.99830162525177 15.480843544006348
2.073666 0.9982367753982544 0.004376489669084549 -0.05919709801673889 -0.6959614753723145 -0.004733129404485226 0.9999714493751526 -0.005885745864361525 -0.16637364029884338 0.05916965380311012 0.006155555136501789 0.9982289671897888 16.393476486206055
2.177281 0.9981558322906494 0.004773649387061596 -0.06051592901349068 -0.7539585828781128 -0.005048777908086777 0.9999776482582092 -0.004394293762743473 -0.17396771907806396 0.060493599623441696 0.004691721871495247 0.9981575608253479 17.31641960144043
2.281017 0.9981104135513306 0.005023952107876539 -0.06124109402298927 -0.8265519142150879 -0.005292355548590422 0.9999770522117615 -0.004221310839056969 -0.19097360968589783 0.06121848523616791 0.0045374431647360325 0.9981140494346619 18.25335121154785
2.384639 0.9979871511459351 0.004637179430574179 -0.0632471814751625 -0.8781723976135254 -0.004952841904014349 0.9999760389328003 -0.004835054744035006 -0.204867422580719 0.06322323530912399 0.0051385764963924885 0.9979861378669739 19.19125747680664
2.48825 0.997939944267273 0.00316508742980659 -0.06407736986875534 -0.9428491592407227 -0.003520409343764186 0.9999790191650391 -0.005433047190308571 -0.21853843331336975 0.0640588253736496 0.0056474339216947556 0.997930109500885 20.143810272216797
2.591988 0.997911810874939 0.0033110424410551786 -0.06450486928224564 -1.0095486640930176 -0.003577019087970257 0.9999855160713196 -0.004008306656032801 -0.22630584239959717 0.0644906684756279 0.004230671562254429 0.9979093074798584 21.066572189331055
2.695832 0.9978930950164795 0.0047024087980389595 -0.06471028178930283 -1.070783257484436 -0.004755982663482428 0.9999884366989136 -0.0006738945376127958 -0.23652440309524536 0.06470635533332825 0.0009802351705729961 0.9979038238525391 22.014400482177734
2.799367 0.9979702830314636 0.005186914000660181 -0.06347057223320007 -1.1386021375656128 -0.00497968215495348 0.9999817609786987 0.003422762732952833 -0.24811267852783203 0.06348715722560883 -0.0030997516587376595 0.9979777932167053 22.967348098754883
2.903084 0.9980626106262207 0.003983833361417055 -0.062089357525110245 -1.2009378671646118 -0.003618623362854123 0.9999755024909973 0.005993340164422989 -0.2538105249404907 0.062111712992191315 -0.005757051520049572 0.9980525970458984 23.929481506347656
3.006768 0.9981792569160461 0.004148103762418032 -0.06017438322305679 -1.2641314268112183 -0.0037781051360070705 0.9999732375144958 0.00626125605776906 -0.25270503759384155 0.06019875034689903 -0.006022511050105095 0.9981682300567627 24.89759635925293
3.110441 0.9982276558876038 0.004303275607526302 -0.059356071054935455 -1.3181930780410767 -0.00408603809773922 0.9999844431877136 0.003780790837481618 -0.263217568397522 0.05937141925096512 -0.0035315591376274824 0.9982296824455261 25.863853454589844
3.214057 0.998280942440033 0.005787027534097433 -0.0583224780857563 -1.3800209760665894 -0.005857886280864477 0.9999822974205017 -0.0010440526530146599 -0.2673628628253937 0.058315400034189224 0.0013839039020240307 0.9982972145080566 26.838829040527344
3.317669 0.9983794093132019 0.004069493152201176 -0.056762006133794785 -1.4454001188278198 -0.004270545672625303 0.9999850988388062 -0.0034211890306323767 -0.28360074758529663 0.056747231632471085 0.0036580495070666075 0.9983818531036377 27.823772430419922
3.421285 0.998432457447052 0.001431085984222591 -0.05595237761735916 -1.4994410276412964 -0.001563785132020712 0.9999961256980896 -0.002327934606000781 -0.29356878995895386 0.05594882741570473 0.0024117829743772745 0.9984306693077087 28.816360473632812
3.524925 0.9984223246574402 -0.00028920534532517195 -0.05615050345659256 -1.5538511276245117 0.00044196503586135805 0.9999963641166687 0.0027081354055553675 -0.30681926012039185 0.056149501353502274 -0.002728678286075592 0.9984186291694641 29.807207107543945
3.628545 0.9983658790588379 -0.003651641309261322 -0.057028934359550476 -1.609265685081482 0.004001623019576073 0.9999739527702332 0.006023935042321682 -0.31672585010528564 0.05700546130537987 -0.006242300383746624 0.9983543157577515 30.81472396850586
3.732256 0.9982706308364868 -0.010577487759292126 -0.057825617492198944 -1.6608036756515503 0.010908438824117184 0.9999259114265442 0.0054105911403894424 -0.3260786533355713 0.057764094322919846 -0.0060320221818983555 0.9983120560646057 31.812883377075195
3.835871 0.9981378316879272 -0.012924756854772568 -0.05961469188332558 -1.7118635177612305 0.013044225983321667 0.9999136328697205 0.0016153419855982065 -0.3329659402370453 0.059588659554719925 -0.0023899616207927465 0.9982201457023621 32.821197509765625
3.939488 0.9980443120002747 -0.01283509936183691 -0.06117907166481018 -1.7717962265014648 0.012713862583041191 0.9999163150787354 -0.002370508387684822 -0.3379906713962555 0.06120438501238823 0.0015880502760410309 0.9981239438056946 33.82860565185547
4.043107 0.997941255569458 -0.011607103049755096 -0.06307639926671982 -1.8435254096984863 0.011431287042796612 0.9999297261238098 -0.003147486597299576 -0.34824252128601074 0.06310848891735077 0.0024199627805501223 0.9980037212371826 34.84982681274414
4.146888 0.9979050159454346 -0.011657437309622765 -0.06363891065120697 -1.9102654457092285 0.011562390252947807 0.9999314546585083 -0.0018616111483424902 -0.3564361035823822 0.06365624815225601 0.0011218934087082744 0.99797123670578 35.869232177734375
4.25046 0.9978596568107605 -0.008512256667017937 -0.0648367628455162 -1.9904899597167969 0.008603271096944809 0.999962329864502 0.0011246894719079137 -0.37282595038414 0.06482474505901337 -0.001680090674199164 0.9978952407836914 36.899749755859375
4.354202 0.9977931380271912 -0.007974938489496708 -0.06592033058404922 -2.061027765274048 0.008145543746650219 0.9999640583992004 0.002319679595530033 -0.3846170902252197 0.06589945405721664 -0.002851517405360937 0.9978221654891968 37.92194747924805
4.45794 0.9977004528045654 -0.007431314326822758 -0.06736818701028824 -2.1245007514953613 0.007803515065461397 0.9999557137489319 0.005263390950858593 -0.39328843355178833 0.06732609122991562 -0.005776997189968824 0.9977142810821533 38.97411346435547
4.561559 0.9976999759674072 -0.007671182509511709 -0.06735046207904816 -2.1985230445861816 0.008246987126767635 0.999931812286377 0.008275497704744339 -0.3974531590938568 0.06728239357471466 -0.00881190225481987 0.9976950883865356 40.00688552856445
4.665293 0.9977027177810669 -0.002097728429362178 -0.06771131604909897 -2.2798681259155273 0.0028274909127503633 0.9999388456344604 0.010683517903089523 -0.40296491980552673 0.06768476963043213 -0.010850428603589535 0.9976476430892944 41.03678512573242
4.768912 0.9977020621299744 -0.0024508065544068813 -0.06770968437194824 -2.354940891265869 0.003138280240818858 0.9999445676803589 0.010048750787973404 -0.4051533341407776 0.06768129765987396 -0.010238151997327805 0.9976544380187988 42.05458068847656
4.872532 0.9977132081985474 -0.0024624760262668133 -0.0675429105758667 -2.4191365242004395 0.003039977280423045 0.9999597072601318 0.00844869390130043 -0.40888917446136475 0.06751936674118042 -0.008634703233838081 0.9976806044578552 43.07563400268555
4.976146 0.9977064728736877 7.844208084861748e-06 -0.06768966466188431 -2.4961068630218506 0.00040759859257377684 0.999981164932251 0.006123650819063187 -0.4161224663257599 0.06768842786550522 -0.006137195508927107 0.997687578201294 44.10935974121094
5.079909 0.9976446628570557 -0.0006318654050119221 -0.06859190762042999 -2.567469596862793 0.001065012882463634 0.9999797344207764 0.0062784659676253796 -0.42264777421951294 0.06858654320240021 -0.006336729042232037 0.9976249933242798 45.127017974853516
5.183503 0.9975757002830505 -0.002262416062876582 -0.06955313682556152 -2.6407039165496826 0.0027894056402146816 0.9999681711196899 0.007480608765035868 -0.4293648302555084 0.06953398883342743 -0.007656485307961702 0.9975501894950867 46.13545227050781
5.287117 0.9974814653396606 -0.002157848794013262 -0.07089364528656006 -2.712907314300537 0.002755009336397052 0.9999616146087646 0.008326641283929348 -0.4331451952457428 0.0708729550242424 -0.008500982075929642 0.9974491000175476 47.16060256958008
5.390861 0.9974554181098938 -3.7325560697354376e-05 -0.07129298895597458 -2.78371524810791 0.0004226273449603468 0.9999853372573853 0.005389415193349123 -0.4484492242336273 0.07129174470901489 -0.0054058292880654335 0.9974408149719238 48.159889221191406
5.494473 0.9974234104156494 0.0004533019382506609 -0.07173841446638107 -2.866729259490967 -0.0003771251067519188 0.9999993443489075 0.0010754186660051346 -0.452669620513916 0.07173886895179749 -0.0010455911979079247 0.9974228739738464 49.16050720214844
5.598233 0.9973627924919128 0.001905827084556222 -0.07255253940820694 -2.9412951469421387 -0.0019544092938303947 0.9999979138374329 -0.0005986245814710855 -0.46104133129119873 0.07255123555660248 0.0007388431113213301 0.9973644018173218 50.17714309692383
5.701829 0.9973270893096924 0.0004886749084107578 -0.07306419312953949 -3.0072789192199707 -0.00026151209021918476 0.9999951124191284 0.0031186197884380817 -0.4720062017440796 0.07306535542011261 -0.0030911769717931747 0.9973223209381104 51.17680358886719
5.805571 0.9973372220993042 -0.0012381387641653419 -0.07291658222675323 -3.0880625247955322 0.0016848859377205372 0.9999801516532898 0.0060656326822936535 -0.4828968942165375 0.07290762662887573 -0.006172338500618935 0.9973195791244507 52.17125701904297
5.909185 0.9973363876342773 -0.003194710472598672 -0.07286939769983292 -3.158886194229126 0.0037010752130299807 0.9999698996543884 0.00681497436016798 -0.49004751443862915 0.07284542918205261 -0.007066516671329737 0.9973182082176208 53.16357421875
6.012921 0.9973058104515076 -0.0063234115950763226 -0.07308364659547806 -3.225048780441284 0.006756611634045839 0.9999609589576721 0.005681748501956463 -0.4992559850215912 0.07304488122463226 -0.006160237826406956 0.9973096251487732 54.141029357910156
6.116541 0.997247576713562 -0.009348372928798199 -0.07355225831270218 -3.296746253967285 0.009703565388917923 0.9999428987503052 0.004473201930522919 -0.5095096230506897 0.07350626587867737 -0.005174608901143074 0.9972813129425049 55.133827209472656
6.220278 0.9971573352813721 -0.01089793536812067 -0.07455620914697647 -3.365422487258911 0.011323628015816212 0.9999218583106995 0.005289352498948574 -0.5123510956764221 0.07449276000261307 -0.0061185616068542 0.9972028136253357 56.1016845703125
6.323895 0.9970620274543762 -0.013827855698764324 -0.07534079253673553 -3.443629503250122 0.014614184387028217 0.9998441934585571 0.009895632043480873 -0.526911199092865 0.07519223541021347 -0.010967602953314781 0.9971087574958801 57.07612228393555
6.427659 0.9969581365585327 -0.014910281635820866 -0.07649832963943481 -3.5085089206695557 0.01609828509390354 0.9997588396072388 0.014936698600649834 -0.5279744267463684 0.07625717669725418 -0.01612275466322899 0.9969577789306641 58.06665802001953
6.531383 0.9969596862792969 -0.013318898156285286 -0.07677184045314789 -3.588099479675293 0.014680671505630016 0.9997442960739136 0.01720091700553894 -0.5262249708175659 0.07652310281991959 -0.018275680020451546 0.9969002604484558 59.03681564331055
6.634992 0.9968512058258057 -0.011992357671260834 -0.07838206738233566 -3.6667966842651367 0.013051503337919712 0.9998301863670349 0.013014333322644234 -0.5293229818344116 0.0782126784324646 -0.013996356166899204 0.996838390827179 59.985687255859375
6.738741 0.9967609643936157 -0.010230721905827522 -0.0797678604722023 -3.7422502040863037 0.010713402181863785 0.9999268054962158 0.0056254374794662 -0.5392590761184692 0.07970445603132248 -0.006461801007390022 0.996797502040863 60.941978454589844
6.84235 0.9967085123062134 -0.008079304359853268 -0.08066490292549133 -3.8204379081726074 0.008160371333360672 0.9999664425849915 0.0006753755733370781 -0.5469422340393066 0.08065672963857651 -0.0013314071111381054 0.996740996837616 61.87894058227539
6.945963 0.9966548085212708 -0.0035444332752376795 -0.08164975047111511 -3.9057745933532715 0.0036867333110421896 0.9999920725822449 0.0015921429730951786 -0.5553251504898071 0.08164343982934952 -0.0018878374248743057 0.9966598153114319 62.80606460571289
7.049705 0.9965888857841492 -0.0014907700242474675 -0.08251269906759262 -3.9923691749572754 0.001835235278122127 0.9999898672103882 0.004099009092897177 -0.5682618618011475 0.08250574767589569 -0.004236457869410515 0.996581494808197 63.741180419921875
7.153323 0.996499240398407 0.0012144694337621331 -0.0835927426815033 -4.0716328620910645 -0.0007444943184964359 0.9999836683273315 0.005653144791722298 -0.5791307687759399 0.08359824120998383 -0.0055711218155920506 0.9964839220046997 64.63774871826172
7.256934 0.9964038729667664 0.0018510373774915934 -0.08471080660820007 -4.15298318862915 -0.0014187602791935205 0.9999856352806091 0.005162892397493124 -0.5861789584159851 0.08471914380788803 -0.0050241416320204735 0.9963921904563904 65.5330581665039
7.360549 0.9962583780288696 0.003418461186811328 -0.08635661005973816 -4.234548091888428 -0.0029215042013674974 0.9999784231185913 0.005880436394363642 -0.590835690498352 0.08637484163045883 -0.005606143269687891 0.9962469339370728 66.3969955444336
7.464167 0.9961515665054321 0.004321116488426924 -0.08754066377878189 -4.315606117248535 -0.0037409155629575253 0.9999699592590332 0.006790762767195702 -0.6086963415145874 0.08756738156080246 -0.006437146570533514 0.9961378574371338 67.26844024658203
7.567786 0.9959941506385803 0.0039001929108053446 -0.08933404088020325 -4.386387348175049 -0.003249607514590025 0.9999671578407288 0.007426908239722252 -0.6189783811569214 0.0893600657582283 -0.007106855046004057 0.995974063873291 68.11150360107422
7.671396 0.9959129691123962 0.004182241857051849 -0.09022068232297897 -4.472324371337891 -0.003450430929660797 0.9999598860740662 0.008265791460871696 -0.6240867972373962 0.0902516171336174 -0.007920709438621998 0.9958875775337219 68.95665740966797
7.775144 0.9958181977272034 0.006990643218159676 -0.09108775854110718 -4.5584001541137695 -0.006021429784595966 0.9999223351478577 0.010910915210843086 -0.6270697116851807 0.091156966984272 -0.010316811501979828 0.9957831501960754 69.7694320678711
7.878754 0.9956643581390381 0.008609008975327015 -0.09261848032474518 -4.6305766105651855 -0.007221466861665249 0.99985671043396 0.015306005254387856 -0.638534426689148 0.09273698180913925 -0.014570804312825203 0.9955840110778809 70.57626342773438
7.982493 0.9954501986503601 0.011845523491501808 -0.09454317390918732 -4.708309173583984 -0.010287637822329998 0.999803364276886 0.016948487609624863 -0.6379990577697754 0.0947253555059433 -0.015898752957582474 0.9953765273094177 71.36537170410156
8.086111 0.9953325390815735 0.01463089045137167 -0.09538938850164413 -4.795838832855225 -0.013467895798385143 0.9998270273208618 0.012824542820453644 -0.6424620747566223 0.09556052833795547 -0.011479990556836128 0.9953574538230896 72.12068176269531
8.189849 0.9952046275138855 0.014285841025412083 -0.09676588326692581 -4.877437114715576 -0.013810778968036175 0.9998890161514282 0.005577451549470425 -0.65162193775177 0.09683483093976974 -0.004214291926473379 0.9952915906906128 72.8899154663086
8.29347 0.9950700998306274 0.013517575338482857 -0.09824836999177933 -4.948069095611572 -0.013609887100756168 0.999907374382019 -0.0002694255381356925 -0.6568390130996704 0.09823563694953918 0.0016052471473813057 0.9951618909835815 73.61996459960938
8.397102 0.9950058460235596 0.014233332127332687 -0.09879706799983978 -5.023245811462402 -0.014445219188928604 0.9998946785926819 -0.0014296233421191573 -0.6631877422332764 0.09876631200313568 0.002849628683179617 0.99510657787323 74.33331298828125
8.500847 0.994888186454773 0.016818879172205925 -0.09957209974527359 -5.09950065612793 -0.016673298552632332 0.9998583793640137 0.002294104779139161 -0.6771448850631714 0.09959658235311508 -0.0006221821531653404 0.9950277209281921 75.02560424804688
8.604438 0.9947060942649841 0.017115334048867226 -0.1013246402144432 -5.16796875 -0.016775568947196007 0.9998503923416138 0.004204435274004936 -0.687264084815979 0.10138145089149475 -0.0024823988787829876 0.9948444962501526 75.71577453613281
8.708175 0.9947296380996704 0.013911099173128605 -0.10158415138721466 -5.242781639099121 -0.01384991779923439 0.9999032020568848 0.0013075795723125339 -0.7036027312278748 0.10159251093864441 0.00010624332207953557 0.9948261380195618 76.35076904296875
8.811795 0.9947986602783203 0.0062435586005449295 -0.10166896134614944 -5.296204090118408 -0.006658042315393686 0.9999708533287048 -0.0037379777058959007 -0.7161766290664673 0.1016426533460617 0.00439545139670372 0.9948113560676575 76.9805679321289
8.915403 0.9948897957801819 0.002153008710592985 -0.10094372183084488 -5.345566749572754 -0.0030371034517884254 0.9999582767486572 -0.008605445735156536 -0.7265025973320007 0.10092097520828247 0.008868047036230564 0.9948549270629883 77.5984115600586
9.019162 0.9952051043510437 0.0044128731824457645 -0.09771132469177246 -5.409533500671387 -0.005310526583343744 0.9999459981918335 -0.008928623981773853 -0.7361471056938171 0.0976666510105133 0.009404710493981838 0.995174765586853 78.20105743408203
9.12289 0.9956231713294983 0.009534561075270176 -0.0929708257317543 -5.483213424682617 -0.010147739201784134 0.999929666519165 -0.006124848499894142 -0.743166983127594 0.09290590137243271 0.007041485980153084 0.9956499338150024 78.78865051269531
9.226512 0.9960424900054932 0.0077129085548222065 -0.08854377269744873 -5.5261969566345215 -0.008023963309824467 0.9999628067016602 -0.0031575942412018776 -0.7533360123634338 0.08851612359285355 0.0038555702194571495 0.9960672855377197 79.3602294921875
9.330247 0.9965192675590515 0.004471438936889172 -0.08324214071035385 -5.553191184997559 -0.0043781292624771595 0.9999895691871643 0.0013034413568675518 -0.7664833664894104 0.08324708789587021 -0.0009344597347080708 0.9965284466743469 79.91410064697266
9.433986 0.9971780180931091 4.470747080631554e-05 -0.07507402449846268 -5.58192777633667 0.0003394734230823815 0.9999869465827942 0.005104587413370609 -0.7820109128952026 0.0750732496380806 -0.00511566735804081 0.997164785861969 80.46417236328125
9.537749 0.9979330897331238 0.0035093517508357763 -0.06416501849889755 -5.615973472595215 -0.0032078276854008436 0.9999833106994629 0.004801613278687 -0.7888565063476562 0.06418078392744064 -0.004585857968777418 0.9979276657104492 80.99652099609375
9.641587 0.9987450838088989 0.008702175691723824 -0.04931950941681862 -5.636980056762695 -0.008495185524225235 0.9999541640281677 0.004404943436384201 -0.797622561454773 0.04935557767748833 -0.0039804368279874325 0.9987733364105225 81.50480651855469
9.745342 0.9994250535964966 0.013538818806409836 -0.031085295602679253 -5.649590492248535 -0.013393780216574669 0.9998984336853027 0.004869308788329363 -0.8010241985321045 0.031148061156272888 -0.0044501591473817825 0.9995048642158508 82.00912475585938
9.849229 0.9998818635940552 0.012455100193619728 -0.009001176804304123 -5.641057014465332 -0.01240591797977686 0.9999078512191772 0.005499319173395634 -0.8061128854751587 0.00906883180141449 -0.005387001670897007 0.9999444484710693 82.49679565429688
9.953059 0.9998065233230591 0.008862803690135479 0.01755756139755249 -5.613439083099365 -0.008974621072411537 0.9999399781227112 0.006300082430243492 -0.807311475276947 -0.017500679939985275 -0.0064564356580376625 0.9998260736465454 82.98324584960938
10.05693 0.998886227607727 0.00770829850807786 0.04654940217733383 -5.566144943237305 -0.008085926063358784 0.9999359250068665 0.007929573766887188 -0.8154096007347107 -0.0464852936565876 -0.008297138847410679 0.9988844990730286 83.4417495727539
10.16083 0.9967657327651978 0.007339283358305693 0.08002643287181854 -5.510658264160156 -0.008134952746331692 0.999920666217804 0.009621107950806618 -0.8222668170928955 -0.07994946837425232 -0.010240999981760979 0.9967463612556458 83.90751647949219
10.26466 0.993051290512085 0.007433263119310141 0.11744629591703415 -5.432094573974609 -0.00869548786431551 0.9999098181724548 0.01023850403726101 -0.8268758654594421 -0.11735959351062775 -0.011188614182174206 0.9930263757705688 84.35388946533203
10.36867 0.9872501492500305 0.0074111297726631165 0.15900368988513947 -5.336579322814941 -0.009106472134590149 0.9999092817306519 0.009936301037669182 -0.8269816637039185 -0.15891562402248383 -0.011257580481469631 0.9872279763221741 84.79315185546875
10.47264 0.9789177179336548 0.0069067394360899925 0.20413853228092194 -5.224138259887695 -0.009206428192555904 0.9999043345451355 0.010317768901586533 -0.8363229632377625 -0.20404775440692902 -0.011979630216956139 0.978887677192688 85.21051788330078
10.57663 0.9673336744308472 0.009161848574876785 0.2533412575721741 -5.0914306640625 -0.011565090157091618 0.9999010562896729 0.007998526096343994 -0.8393964767456055 -0.25324293971061707 -0.01066715456545353 0.9673439264297485 85.62629699707031
10.68062 0.9518730640411377 0.010189413093030453 0.3063232898712158 -4.925592422485352 -0.012347020208835602 0.9999106526374817 0.005106673575937748 -0.8441530466079712 -0.306243896484375 -0.008643083274364471 0.9519138932228088 86.02297973632812
10.78461 0.9321645498275757 0.01055159606039524 0.3618812561035156 -4.741132736206055 -0.012500178068876266 0.9999170899391174 0.0030438178218901157 -0.8500732779502869 -0.36181914806365967 -0.007360915653407574 0.9322193264961243 86.3966293334961
10.88875 0.907973051071167 0.01113399863243103 0.4188809394836426 -4.552356719970703 -0.012768387794494629 0.9999178051948547 0.00109880231320858 -0.8524016737937927 -0.41883429884910583 -0.006346114445477724 0.9080405831336975 86.73051452636719
10.99272 0.878842830657959 0.011271094903349876 0.4769785404205322 -4.3255767822265625 -0.012573864310979843 0.9999207854270935 -0.00046072155237197876 -0.8630697727203369 -0.4769459366798401 -0.005592559929937124 0.8789148330688477 87.07743835449219
11.09659 0.8453852534294128 0.010537007823586464 0.5340532660484314 -4.0804290771484375 -0.010646605864167213 0.9999391436576843 -0.0028758991975337267 -0.8672356009483337 -0.5340510606765747 -0.003254611510783434 0.8454459309577942 87.37940979003906
11.20057 0.808320939540863 0.01036611944437027 0.5886509418487549 -3.817626953125 -0.009973247535526752 0.9999426007270813 -0.00391393294557929 -0.8770862817764282 -0.5886576175689697 -0.0027070462238043547 0.8083779215812683 87.67440032958984
11.30431 0.7683717012405396 0.00889856182038784 0.6399421691894531 -3.5358619689941406 -0.008814188651740551 0.9999556541442871 -0.0033215428702533245 -0.8823668956756592 -0.6399432420730591 -0.003088391153141856 0.7684159278869629 87.94844055175781
11.40818 0.7258926033973694 0.00822706613689661 0.6877589821815491 -3.2402992248535156 -0.010332559235394001 0.999946117401123 -0.0010560308583080769 -0.8904150128364563 -0.6877304911613464 -0.0063397446647286415 0.7259382605552673 88.1988525390625
11.51192 0.6811933517456055 0.007161506451666355 0.732068657875061 -2.9231491088867188 -0.00977957621216774 0.999951958656311 -0.0006821511778980494 -0.8990285396575928 -0.7320382595062256 -0.006694643758237362 0.6812305450439453 88.42475891113281
11.61553 0.6349072456359863 0.005893462337553501 0.7725660800933838 -2.5886611938476562 -0.006114012561738491 0.9999780058860779 -0.002603663131594658 -0.8998935222625732 -0.7725642919540405 -0.0030703935772180557 0.6349291205406189 88.6365966796875
11.71927 0.58802330493927 0.0038883218076080084 0.8088347911834717 -2.2429122924804688 -0.00017780589405447245 0.9999890327453613 -0.0046779983676970005 -0.8956186771392822 -0.8088439702987671 0.0026069567538797855 0.588017463684082 88.83309936523438
11.82277 0.5433111786842346 0.005749571602791548 0.8395118713378906 -1.885528564453125 -0.0015190646518021822 0.999981701374054 -0.0058654844760894775 -0.9004969596862793 -0.8395301103591919 0.0019115111790597439 0.5433098077774048 88.98761749267578
11.92638 0.4994319677352905 0.007823926396667957 0.8663178086280823 -1.5222244262695312 -0.004335352685302496 0.9999693036079407 -0.006531634833663702 -0.9138598442077637 -0.8663422465324402 -0.0004936867626383901 0.49945053458213806 89.1141357421875
12.03 0.4538637399673462 0.009677870199084282 0.8910186290740967 -1.1763877868652344 -0.004954442381858826 0.9999529719352722 -0.008337394334375858 -0.9226642847061157 -0.8910573124885559 -0.0006304587004706264 0.4538903534412384 89.25495910644531
12.13361 0.4111998677253723 0.00766273308545351 0.9115130305290222 -0.8154563903808594 0.002165377140045166 0.9999536275863647 -0.009383059106767178 -0.9241667985916138 -0.9115426540374756 0.005832081660628319 0.41116422414779663 89.37451171875
12.2371 0.37207671999931335 -0.0006959902821108699 0.9282017350196838 -0.43506622314453125 0.017132895067334175 0.9998344779014587 -0.00611814996227622 -0.9347957372665405 -0.9280438423156738 0.01817920431494713 0.37202712893486023 89.47106170654297
12.3406 0.3377014994621277 -0.0045696161687374115 0.9412422180175781 -0.06282997131347656 0.020971978083252907 0.9997765421867371 -0.002670592162758112 -0.9419301152229309 -0.9410196542739868 0.020641576498746872 0.33772188425064087 89.55780029296875
12.44411 0.3035840690135956 -9.554415009915829e-05 0.952804684638977 0.3019561767578125 0.0177365243434906 0.9998273253440857 -0.0055509814992547035 -0.9491006135940552 -0.9526395201683044 0.018584635108709335 0.3035334348678589 89.66563415527344
12.54767 0.27275699377059937 0.008199712261557579 0.9620479941368103 0.6771907806396484 0.00828342791646719 0.9999065399169922 -0.010870881378650665 -0.9474606513977051 -0.962047278881073 0.010934163816273212 0.27266350388526917 89.77357482910156
12.65107 0.24437913298606873 0.012346193194389343 0.9696012139320374 1.0631771087646484 0.0037766951136291027 0.9998992085456848 -0.013683868572115898 -0.9624472260475159 -0.9696723818778992 0.007005940657109022 0.24430783092975616 89.86085510253906
12.75469 0.21878086030483246 0.01412009447813034 0.9756717681884766 1.4618206024169922 0.004578449297696352 0.9998694062232971 -0.015496941283345222 -0.9768163561820984 -0.9757633209228516 0.007857496850192547 0.21868760883808136 89.92861938476562
12.85806 0.19547411799430847 0.015441108494997025 0.9805872440338135 1.8762874603271484 0.012031815946102142 0.9997630715370178 -0.01814153417944908 -0.9872156381607056 -0.9806350469589233 0.01534444559365511 0.1952420026063919 89.98700714111328
12.96167 0.17586198449134827 0.02155299484729767 0.984178900718689 2.296022415161133 0.018655220046639442 0.9995077252388 -0.02522217482328415 -0.9895475506782532 -0.9842380285263062 0.022795692086219788 0.17537331581115723 90.02909088134766
13.0652 0.1562148928642273 0.02858908846974373 0.9873091578483582 2.731553077697754 0.021154921501874924 0.9992549419403076 -0.03228218853473663 -0.9819513559341431 -0.9874964952468872 0.025929411873221397 0.15549364686012268 90.08893585205078
13.16877 0.13846337795257568 0.029444707557559013 0.989929735660553 3.1760120391845703 0.018413206562399864 0.999308705329895 -0.032299164682626724 -0.9950370788574219 -0.9901964664459229 0.022700034081935883 0.13782544434070587 90.14684295654297
13.27235 0.12264569103717804 0.025028957054018974 0.9921347498893738 3.6405744552612305 0.017206387594342232 0.9994781017303467 -0.027341224253177643 -1.0144556760787964 -0.9923014044761658 0.020424338057637215 0.12215100228786469 90.20468139648438
13.37588 0.10865941643714905 0.02163778617978096 0.9938435554504395 4.121060371398926 0.017300747334957123 0.9995704889297485 -0.02365400642156601 -1.0383694171905518 -0.9939284920692444 0.01976446807384491 0.10823839902877808 90.24454498291016
13.4795 0.09528262913227081 0.019343622028827667 0.9952623844146729 4.612342834472656 0.019710006192326546 0.9995784759521484 -0.021314473822712898 -1.0523110628128052 -0.9952551126480103 0.021647527813911438 0.09486120939254761 90.28257751464844
13.58311 0.08387833833694458 0.018452459946274757 0.9963051676750183 5.120342254638672 0.02333451807498932 0.9995179772377014 -0.020476484671235085 -1.0668535232543945 -0.9962027072906494 0.024965835735201836 0.08340732753276825 90.30988311767578
13.68672 0.07349155843257904 0.018996918573975563 0.997114896774292 5.640674114227295 0.02617138810455799 0.9994374513626099 -0.020970115438103676 -1.0824236869812012 -0.9969523549079895 0.02763701044023037 0.07295306026935577 90.3410415649414
13.79034 0.06608932465314865 0.019683437421917915 0.9976195096969604 6.191689491271973 0.028742549940943718 0.9993529915809631 -0.02162175066769123 -1.0910124778747559 -0.9973996877670288 0.03010309673845768 0.0654807984828949 90.36997985839844
13.89395 0.06046513468027115 0.020109543576836586 0.9979677796363831 6.74832010269165 0.03040497377514839 0.9992959499359131 -0.021978499367833138 -1.1036529541015625 -0.9977072477340698 0.03167211636900902 0.05981114134192467 90.39585876464844
13.99767 0.0548677034676075 0.02128707244992256 0.9982666969299316 7.321102619171143 0.03129846602678299 0.9992448091506958 -0.023028185591101646 -1.1191203594207764 -0.9980030059814453 0.03250772878527641 0.05416002497076988 90.42338562011719
14.1013 0.04910558462142944 0.0216230396181345 0.9985596537590027 7.919897556304932 0.03164247050881386 0.9992300868034363 -0.02319362573325634 -1.1387525796890259 -0.9982922673225403 0.03273583576083183 0.04838358238339424 90.44953155517578
14.20492 0.044675685465335846 0.021549450233578682 0.9987690448760986 8.53188705444336 0.03374268114566803 0.9991642236709595 -0.02306731790304184 -1.156486988067627 -0.9984315633773804 0.03473169729113579 0.04391121864318848 90.46916961669922
14.30854 0.041765131056308746 0.02140314131975174 0.9988982677459717 9.1632080078125 0.03561171889305115 0.9991033673286438 -0.022896502166986465 -1.173042893409729 -0.9984925389289856 0.03652876615524292 0.04096546769142151 90.49275207519531
14.41227 0.03884727507829666 0.020741961896419525 0.9990299344062805 9.80908203125 0.03653730824589729 0.9990864396095276 -0.022163890302181244 -1.1929328441619873 -0.9985768795013428 0.03736286237835884 0.038053929805755615 90.5137939453125
14.51589 0.03630567342042923 0.020326411351561546 0.9991338849067688 10.476186752319336 0.03844909742474556 0.9990243911743164 -0.021721316501498222 -1.2095698118209839 -0.9986008405685425 0.03920441120862961 0.03548872843384743 90.53553009033203
14.61968 0.03562130033969879 0.019894199445843697 0.9991673231124878 11.16086483001709 0.04308417811989784 0.9988416433334351 -0.021423708647489548 -1.227182388305664 -0.9984362125396729 0.04381144419312477 0.03472292050719261 90.5517578125
14.72326 0.036822397261857986 0.019514577463269234 0.9991313219070435 11.881379127502441 0.04676921293139458 0.998680055141449 -0.021229416131973267 -1.2450056076049805 -0.9982268214225769 0.0475102998316288 0.03586110845208168 90.56816101074219
14.82686 0.039365291595458984 0.019386885687708855 0.9990368485450745 12.615835189819336 0.04819457605481148 0.9986112713813782 -0.02127765491604805 -1.2681618928909302 -0.9980619549751282 0.04898575320839882 0.03837628290057182 90.59220886230469
14.93048 0.04319525510072708 0.019275076687335968 0.9988807439804077 13.355323791503906 0.05082692578434944 0.9984767436981201 -0.021465221419930458 -1.286527395248413 -0.9977728724479675 0.051697224378585815 0.04214976727962494 90.62387084960938
15.0341 0.04727805405855179 0.018774937838315964 0.9987053275108337 14.108133316040039 0.05114104971289635 0.9984665513038635 -0.021191434934735298 -1.3034881353378296 -0.9975717663764954 0.05207672715187073 0.046245377510786057 90.66417694091797
15.13784 0.05146839842200279 0.017062414437532425 0.9985288381576538 14.902265548706055 0.05269872397184372 0.9984145164489746 -0.019776776432991028 -1.3280997276306152 -0.9972832202911377 0.053639065474271774 0.05048763379454613 90.70028686523438
15.24145 0.055716875940561295 0.015269167721271515 0.998329758644104 15.693175315856934 0.052661411464214325 0.9984463453292847 -0.01820998452603817 -1.3478177785873413 -0.997056782245636 0.05358806625008583 0.05482621490955353 90.74134063720703
15.34508 0.0598093643784523 0.013186756521463394 0.9981226921081543 16.48743438720703 0.04987055063247681 0.9986245036125183 -0.016181720420718193 -1.3669530153274536 -0.9969633221626282 0.05074474960565567 0.05906946584582329 90.79289245605469
15.44881 0.06391043961048126 0.012242220342159271 0.9978805184364319 17.300373077392578 0.04919200390577316 0.9986705183982849 -0.015402472577989101 -1.3854358196258545 -0.9967425465583801 0.05007212609052658 0.06322325766086578 90.84883117675781
15.55255 0.06766161322593689 0.013254353776574135 0.9976202845573425 18.13996696472168 0.0458742156624794 0.9988129138946533 -0.016381526365876198 -1.4082434177398682 -0.996653139591217 0.04687344655394554 0.0669732391834259 90.91790771484375
15.65617 0.07116637378931046 0.017276186496019363 0.9973148107528687 18.96938705444336 0.043480705469846725 0.9988458752632141 -0.020405404269695282 -1.4325428009033203 -0.9965163469314575 0.044816140085458755 0.07033304870128632 90.97359466552734
15.7599 0.0725647509098053 0.02233419194817543 0.9971136450767517 19.804141998291016 0.037955544888973236 0.9989632368087769 -0.02513783425092697 -1.458494782447815 -0.996641218662262 0.03967011719942093 0.07164181023836136 91.04353332519531
15.86364 0.07202626019716263 0.02565016597509384 0.9970728158950806 20.64637565612793 0.03501996397972107 0.9989877343177795 -0.02822919376194477 -1.4892451763153076 -0.9967877864837646 0.03695068880915642 0.07105507701635361 91.12511444091797
15.96739 0.07210111618041992 0.025287874042987823 0.9970766305923462 21.47918128967285 0.03215055167675018 0.9991000294685364 -0.027664072811603546 -1.519392728805542 -0.9968790411949158 0.03405117616057396 0.07122321426868439 91.19158935546875
16.07102 0.0719463899731636 0.02343975380063057 0.9971330165863037 22.31834602355957 0.02979612909257412 0.9992271065711975 -0.025638869032263756 -1.5506740808486938 -0.9969634413719177 0.03155532479286194 0.07119237631559372 91.2590560913086
16.17474 0.07221619039773941 0.022094666957855225 0.9971442222595215 23.17144012451172 0.03136511892080307 0.9992098212242126 -0.024411994963884354 -1.584298849105835 -0.9968958497047424 0.033038489520549774 0.0714661106467247 91.31586456298828
16.27845 0.0728955864906311 0.021444829180836678 0.997109055519104 24.009714126586914 0.02886037901043892 0.9993048310279846 -0.023601947352290154 -1.6152020692825317 -0.996921956539154 0.030497414991259575 0.07222599536180496 91.37894439697266
16.38209 0.07314153760671616 0.021737245842814445 0.9970846772193909 24.845409393310547 0.02728189527988434 0.9993447661399841 -0.023787790909409523 -1.6485408544540405 -0.9969484210014343 0.028942232951521873 0.0725005641579628 91.44004821777344
16.48571 0.0728556290268898 0.02247047610580921 0.9970893263816833 25.694969177246094 0.023876873776316643 0.9994203448295593 -0.024267653003335 -1.677194595336914 -0.9970566034317017 0.025575414299964905 0.07227686792612076 91.51756286621094
