1305031108.611407 0.9994240403175354 0.002613730262964964 0.03383713588118553 0.026130907237529755 -0.0020769957918673754 0.999871551990509 -0.01588771864771843 0.0010826756479218602 -0.03387431800365448 0.015808286145329475 0.999301016330719 0.004351113922894001
1305031108.643303 0.9988714456558228 3.9708440453978255e-05 0.047495000064373016 0.030666973441839218 0.0006826343014836311 0.9998843669891357 -0.01519250962883234 0.0011471055913716555 -0.04749011993408203 0.015207785181701183 0.9987558722496033 0.004602080676704645
1305031108.675375 0.9989636540412903 -0.004401694051921368 0.04530009254813194 0.058542393147945404 0.004756052978336811 0.9999590516090393 -0.007717674132436514 0.0009398928377777338 -0.04526425525546074 0.007925127632915974 0.9989436268806458 0.0007602893747389317
1305031108.711411 0.9978601932525635 -0.014967766590416431 0.0636477991938591 0.06050664186477661 0.014918744564056396 0.9998878836631775 0.0012454448733478785 -7.40397154004313e-05 -0.06365931034088135 -0.0002932350616902113 0.9979716539382935 0.003032273380085826
1305031108.743502 0.9965193867683411 -0.01888353005051613 0.08119434863328934 0.054723478853702545 0.01862887106835842 0.9998189210891724 0.003892832435667515 -0.0003889882063958794 -0.08125314116477966 -0.0023667195346206427 0.9966907501220703 0.00748869962990284
1305031108.775493 0.9956806898117065 -0.021433673799037933 0.09033676236867905 0.05805462971329689 0.02090928517282009 0.9997585415840149 0.006747269071638584 -0.0003313838387839496 -0.09045957773923874 -0.004829243756830692 0.9958884716033936 0.007931303232908249
1305031108.811244 0.9953450560569763 -0.03127690777182579 0.09115839749574661 0.07054363191127777 0.03043207898736 0.9994800686836243 0.010643357411026955 -0.0008678255835548043 -0.09144388884305954 -0.007819673977792263 0.9957795143127441 0.010601518675684929
1305031108.843264 0.994727611541748 -0.041122015565633774 0.09394612908363342 0.06963581591844559 0.04029480367898941 0.9991306662559509 0.010686006397008896 -0.0026197663974016905 -0.09430389106273651 -0.006844124291092157 0.9955198764801025 0.012457717210054398
1305031108.876515 0.9941293001174927 -0.05591720715165138 0.09262893348932266 0.060237281024456024 0.055589962750673294 0.9984349608421326 0.006111328024417162 -9.701595263322815e-05 -0.09282570332288742 -0.000926209962926805 0.9956819415092468 0.011177976615726948
1305031108.911364 0.9942190647125244 -0.06480028480291367 0.08561127632856369 0.060675524175167084 0.06494734436273575 0.9978880882263184 0.0010692835785448551 -0.00142397521995008 -0.08549977093935013 0.004497123416513205 0.9963280558586121 0.011319811455905437
1305031108.943243 0.9943483471870422 -0.06859168410301208 0.08103635162115097 0.057663995772600174 0.06938864290714264 0.9975647926330566 -0.007056126836687326 -0.0032973424531519413 -0.08035500347614288 0.012639247812330723 0.9966861605644226 0.008657053112983704
1305031108.975268 0.9955137968063354 -0.0650174543261528 0.06873971223831177 0.055815331637859344 0.06636274605989456 0.9976425766944885 -0.017469214275479317 0.0006735429633408785 -0.06744185090065002 0.021952597424387932 0.9974815845489502 0.00402088463306427
1305031109.011269 0.9968109130859375 -0.06261444091796875 0.04946916550397873 0.07288219034671783 0.06350673735141754 0.997842013835907 -0.016674542799592018 -7.204347639344633e-06 -0.048318345099687576 0.01976299099624157 0.9986364841461182 0.0010300453286617994
1305031109.043277 0.9970666170120239 -0.05936942249536514 0.04830389842391014 0.06755103170871735 0.06043187901377678 0.9979547262191772 -0.020838864147663116 0.001646038144826889 -0.04696790874004364 0.02369683049619198 0.9986153244972229 -0.00023079104721546173
1305031109.07541 0.9974786043167114 -0.04877810925245285 0.05154743790626526 0.048867858946323395 0.04988574609160423 0.9985460042953491 -0.020423399284482002 0.0051940311677753925 -0.050476282835006714 0.022943390533328056 0.9984616637229919 -0.0014825178077444434
1305031109.111282 0.9978348016738892 -0.04301564767956734 0.049751631915569305 0.04171017184853554 0.04367024824023247 0.9989720582962036 -0.01214530598372221 0.004176725167781115 -0.04917806014418602 0.0142916738986969 0.998687744140625 -0.00017543963622301817
1305031109.143334 0.9982455968856812 -0.03757670521736145 0.04575527831912041 0.03406580165028572 0.03812652826309204 0.9992102384567261 -0.011203806847333908 0.0038225881289690733 -0.045298125594854355 0.012928646989166737 0.9988899827003479 -0.0032002737279981375
1305031109.175464 0.9989264011383057 -0.03160640597343445 0.0338674820959568 0.024190528318285942 0.03212668374180794 0.9993723034858704 -0.014929971657693386 0.009362326003611088 -0.03337433561682701 0.016001997515559196 0.9993148446083069 -0.005751762539148331
1305031109.211379 0.9991792440414429 -0.03497694432735443 0.020431794226169586 0.02158353477716446 0.03515259549021721 0.9993473887443542 -0.008301419205963612 0.014141669496893883 -0.020128101110458374 0.00901283510029316 0.9997567534446716 -0.0062446692027151585
1305031109.24329 0.9987402558326721 -0.04702886939048767 0.01749647781252861 0.009210699237883091 0.0469205304980278 0.9988771080970764 0.006552655249834061 0.01750040426850319 -0.01778499037027359 -0.005723459646105766 0.9998254179954529 -0.004657765384763479
1305031109.275308 0.9987009763717651 -0.049312859773635864 0.012828600592911243 -0.0021595987491309643 0.04903031885623932 0.9985662698745728 0.021477678790688515 0.005559970159083605 -0.013869334943592548 -0.02082078903913498 0.9996869564056396 -0.005689145065844059
1305031109.311329 0.9986441135406494 -0.052022576332092285 -0.0019370615482330322 -0.016386356204748154 0.052040282636880875 0.998588502407074 0.010621373541653156 0.013121564872562885 0.0013817762956023216 -0.010707776062190533 0.9999416470527649 -0.0067346710711717606
1305031109.343248 0.998405396938324 -0.052564505487680435 -0.020582497119903564 -0.026878273114562035 0.05272451788187027 0.9985822439193726 0.0073097944259643555 0.023164739832282066 0.020169079303741455 -0.008383340202271938 0.9997614026069641 -0.005988067947328091
1305031109.375397 0.9980959892272949 -0.0460456982254982 -0.041036974638700485 -0.028896553441882133 0.047024741768836975 0.998623788356781 0.023219909518957138 0.011299512349069118 0.039911333471536636 -0.025105448439717293 0.9988877177238464 -0.00999603420495987
1305031109.411329 0.9976927638053894 -0.040578246116638184 -0.05442681163549423 -0.038404762744903564 0.0417838878929615 0.9989016652107239 0.02119901403784752 0.015362880192697048 0.05350682884454727 -0.023424265906214714 0.9982926845550537 -0.009893205016851425
1305031109.443302 0.9975113868713379 -0.02907104231417179 -0.06423170864582062 -0.04800068214535713 0.030627848580479622 0.9992572069168091 0.02338685467839241 0.021337425336241722 0.06350412219762802 -0.025295929983258247 0.9976608753204346 -0.009358065202832222
1305031109.475363 0.9974066615104675 -0.019217925146222115 -0.0693577378988266 -0.053950805217027664 0.02176278457045555 0.999110221862793 0.036124587059020996 0.012951452285051346 0.06860179454088211 -0.03754032403230667 0.9969375133514404 -0.015516483224928379
1305031109.511273 0.9973142743110657 -0.010505777783691883 -0.07248397916555405 -0.06393442302942276 0.013206174597144127 0.9992325305938721 0.036876972764730453 0.0110821183770895 0.07204092293977737 -0.03773516044020653 0.9966875910758972 -0.016835229471325874
1305031109.543294 0.9973722100257874 -0.006700137630105019 -0.07213614135980606 -0.07661134749650955 0.008649975061416626 0.9996047019958496 0.026751596480607986 0.016003884375095367 0.07192838191986084 -0.027305277064442635 0.9970359802246094 -0.017766384407877922
1305031109.575362 0.9974671602249146 -0.006781493779271841 -0.07080324739217758 -0.08734482526779175 0.008502575568854809 0.9996750354766846 0.02403491549193859 0.01898222044110298 0.07061724364757538 -0.02457604929804802 0.9972006678581238 -0.019274653866887093
1305031109.61131 0.9972901940345764 -0.0029895580373704433 -0.07350660115480423 -0.09676196426153183 0.0047567468136549 0.999703586101532 0.023877911269664764 0.01998959667980671 0.0734134316444397 -0.024162858724594116 0.9970088601112366 -0.02085697092115879
1305031109.643229 0.9969854354858398 -0.00039144002948887646 -0.07758774608373642 -0.10230652242898941 0.0023350149858742952 0.9996856451034546 0.024960873648524284 0.021232938393950462 0.07755357772111893 -0.025066791102290154 0.996673047542572 -0.024551574140787125
1305031109.675263 0.9970250129699707 -0.003850664710626006 -0.07698258757591248 -0.11307968199253082 0.006137324031442404 0.999546229839325 0.029489099979400635 0.02275109849870205 0.07683410495519638 -0.029873834922909737 0.9965963363647461 -0.026206018403172493
1305031109.711312 0.9963005781173706 -0.005154663231223822 -0.08578169345855713 -0.12102522701025009 0.00797799788415432 0.9994365572929382 0.03260282427072525 0.026801906526088715 0.08556530624628067 -0.03316657990217209 0.995780348777771 -0.023299135267734528
1305031109.743274 0.99592524766922 0.0009759895619936287 -0.0901760682463646 -0.1292860060930252 0.0029013140592724085 0.9990770220756531 0.04285595566034317 0.02539612539112568 0.09013465791940689 -0.04294295981526375 0.9950034618377686 -0.028685184195637703
1305031109.775277 0.995620608329773 0.0001410715631209314 -0.09348437190055847 -0.13740728795528412 0.00451164273545146 0.9987611174583435 0.04955674707889557 0.02492634579539299 0.0933755412697792 -0.04976149648427963 0.9943867325782776 -0.02742776833474636
1305031109.811371 0.9954105615615845 0.0025839712470769882 -0.09566086530685425 -0.14640243351459503 0.002634964184835553 0.998516321182251 0.054390162229537964 0.025443049147725105 0.09565944969654083 -0.054392606019973755 0.9939271211624146 -0.02977864444255829
1305031109.843296 0.9950295686721802 0.006575367879122496 -0.09936203062534332 -0.15609858930110931 -0.0006058829603716731 0.9981989860534668 0.059989240020513535 0.027402380481362343 0.09957747906446457 -0.0596308670938015 0.9932416081428528 -0.029077380895614624
1305031109.875306 0.9945788383483887 0.010821116156876087 -0.10342035442590714 -0.16802892088890076 -0.003824223531410098 0.9977041482925415 0.06761513650417328 0.028092075139284134 0.10391456633806229 -0.06685308367013931 0.9923369884490967 -0.029740676283836365
1305031109.911265 0.993330180644989 0.020214347168803215 -0.11351881176233292 -0.17852452397346497 -0.012225959450006485 0.9974275231361389 0.07063092291355133 0.0276949405670166 0.1146545335650444 -0.06877195090055466 0.9910222291946411 -0.026541756466031075
1305031109.943299 0.9920247197151184 0.030180545523762703 -0.12237628549337387 -0.18326830863952637 -0.021423906087875366 0.9971564412117004 0.07224994152784348 0.03164747357368469 0.12420883774757385 -0.06905194371938705 0.9898505210876465 -0.02800978533923626
1305031109.975258 0.9913865923881531 0.04150591790676117 -0.1242162212729454 -0.19393496215343475 -0.0314510278403759 0.9961490035057068 0.08184077590703964 0.031028278172016144 0.12713474035263062 -0.07722913473844528 0.9888743162155151 -0.02664346992969513
1305031110.011256 0.9900678992271423 0.05401556193828583 -0.1297983080148697 -0.20191647112369537 -0.04271552339196205 0.9951760172843933 0.08831944316625595 0.030661143362522125 0.13394272327423096 -0.08189785480499268 0.98759925365448 -0.0226429495960474
1305031110.043299 0.9900258183479309 0.06780494749546051 -0.1234964057803154 -0.21626685559749603 -0.05729660019278526 0.9945816993713379 0.08674296736717224 0.03695408254861832 0.1287088692188263 -0.07880187034606934 0.9885465502738953 -0.020988374948501587
1305031110.075319 0.9893786907196045 0.07902698963880539 -0.1220020279288292 -0.2264176458120346 -0.06837557256221771 0.9936679601669312 0.08915625512599945 0.039687130600214005 0.12827527523040771 -0.07986735552549362 0.9885174632072449 -0.020652245730161667
1305031110.111325 0.988553524017334 0.08940276503562927 -0.12152815610170364 -0.23748695850372314 -0.07764927297830582 0.9921290278434753 0.09823746234178543 0.04045888036489487 0.1293543130159378 -0.08767642080783844 0.9877147078514099 -0.01959216222167015
1305031110.143432 0.9869213104248047 0.09753290563821793 -0.12834957242012024 -0.24557514488697052 -0.08414332568645477 0.9908090829849243 0.10591111332178116 0.03581559658050537 0.13749974966049194 -0.09372618794441223 0.986057460308075 -0.018335524946451187
1305031110.175641 0.9855707883834839 0.09947998076677322 -0.13694517314434052 -0.25120455026626587 -0.08531393110752106 0.9907315969467163 0.10569944232702255 0.041213639080524445 0.1461908519268036 -0.09249096363782883 0.984923243522644 -0.018648484721779823
1305031110.211637 0.9842674136161804 0.10529018938541412 -0.14188574254512787 -0.25908324122428894 -0.08907417953014374 0.9892269372940063 0.11617141962051392 0.038809895515441895 0.1525888890028 -0.1017053872346878 0.9830426573753357 -0.018186086788773537
1305031110.243323 0.9830303192138672 0.10456996411085129 -0.15071970224380493 -0.26637232303619385 -0.08696114271879196 0.9890735745429993 0.11904191225767136 0.0371367447078228 0.16152110695838928 -0.10391505807638168 0.9813830852508545 -0.016619550064206123
1305031110.279321 0.9818284511566162 0.1073528453707695 -0.15648657083511353 -0.27428293228149414 -0.08956089615821838 0.9891281723976135 0.11663791537284851 0.036657508462667465 0.16730664670467377 -0.10050337016582489 0.9807689189910889 -0.01688242144882679
1305031110.311404 0.980789303779602 0.11138006299734116 -0.16014596819877625 -0.2842215895652771 -0.09415072947740555 0.989301323890686 0.11143843829631805 0.03771477937698364 0.17084459960460663 -0.09421977400779724 0.9807828068733215 -0.019366558641195297
1305031110.343355 0.978915274143219 0.11280552297830582 -0.17029325664043427 -0.2907302677631378 -0.09518131613731384 0.9895455241203308 0.10835275799036026 0.040740836411714554 0.18073569238185883 -0.08985945582389832 0.979418158531189 -0.019223272800445557
1305031110.379281 0.976203203201294 0.12060626596212387 -0.1802258938550949 -0.29882481694221497 -0.10215900838375092 0.9888463616371155 0.10838121920824051 0.040378060191869736 0.19128717482089996 -0.08739043027162552 0.9776360392570496 -0.021200072020292282
1305031110.411469 0.973131000995636 0.12504613399505615 -0.19333751499652863 -0.3054697513580322 -0.10597357153892517 0.9886959791183472 0.10606551170349121 0.04561867192387581 0.20441509783267975 -0.08272700011730194 0.9753823280334473 -0.022421590983867645
1305031110.44326 0.9701794981956482 0.13487468659877777 -0.20139609277248383 -0.31453174352645874 -0.11365792155265808 0.9870175123214722 0.11348310112953186 0.04850522056221962 0.2140873819589615 -0.08720872551202774 0.9729138612747192 -0.023410838097333908
1305031110.479331 0.9656066298484802 0.14931923151016235 -0.21285569667816162 -0.3233991861343384 -0.125183567404747 0.9845107793807983 0.12275116890668869 0.046677976846694946 0.22788776457309723 -0.0918833315372467 0.9693424701690674 -0.02182828262448311
1305031110.511429 0.96183180809021 0.1588752567768097 -0.2227962762117386 -0.33360499143600464 -0.13278669118881226 0.9828910827636719 0.12764404714107513 0.04529070481657982 0.2392638474702835 -0.09318769723176956 0.9664723873138428 -0.026001282036304474
1305031110.543408 0.9575891494750977 0.1652033030986786 -0.23607367277145386 -0.33893322944641113 -0.1375146210193634 0.9820104241371155 0.12940387427806854 0.0498187318444252 0.25320470333099365 -0.09145213663578033 0.9630804657936096 -0.02687906101346016
1305031110.579426 0.9525327682495117 0.17548345029354095 -0.24877066910266876 -0.34300103783607483 -0.144057035446167 0.9796893000602722 0.13948677480220795 0.05181803181767464 0.2681955099105835 -0.09702854603528976 0.9584657549858093 -0.02737639844417572
1305031110.611307 0.9496253132820129 0.1843230426311493 -0.2534497380256653 -0.3491661846637726 -0.14891093969345093 0.9770058989524841 0.1525946855545044 0.04809795692563057 0.2757485508918762 -0.1071663349866867 0.9552372097969055 -0.024785615503787994
1305031110.643418 0.9472750425338745 0.18995939195156097 -0.25804147124290466 -0.3544197976589203 -0.15432944893836975 0.9762386083602905 0.15212011337280273 0.0465007908642292 0.28080663084983826 -0.10427618026733398 0.9540829062461853 -0.025615662336349487
1305031110.679606 0.9452863335609436 0.19402757287025452 -0.26227280497550964 -0.3581862449645996 -0.15869437158107758 0.9758707880973816 0.14997434616088867 0.05087438225746155 0.28504350781440735 -0.10014748573303223 0.9532684087753296 -0.0297745019197464
1305031110.711412 0.9438242316246033 0.19818204641342163 -0.2644232213497162 -0.362930029630661 -0.1604400873184204 0.9743799567222595 0.1576160192489624 0.05060957744717598 0.288885235786438 -0.10633773356676102 0.9514397978782654 -0.02824055403470993
1305031110.743249 0.943669319152832 0.20357267558574677 -0.26085686683654785 -0.3734528720378876 -0.16677701473236084 0.9735113978385925 0.15639978647232056 0.0530204176902771 0.28578582406044006 -0.10408478230237961 0.9526242017745972 -0.027027569711208344
1305031110.779193 0.9420803785324097 0.20498046278953552 -0.2654571831226349 -0.3744829595088959 -0.16820935904979706 0.973524272441864 0.1547771841287613 0.05529455095529556 0.2901553213596344 -0.1011601909995079 0.9516178965568542 -0.02652478963136673
1305031110.811386 0.9414265155792236 0.20876938104629517 -0.264823317527771 -0.37681087851524353 -0.1714092195034027 0.9725531935691833 0.1573505997657776 0.05495922267436981 0.29040467739105225 -0.10274093598127365 0.9513723850250244 -0.027817994356155396
1305031110.843218 0.939702570438385 0.2127196192741394 -0.2677862346172333 -0.3789020776748657 -0.17373065650463104 0.9713802337646484 0.1619817614555359 0.054428067058324814 0.2945789098739624 -0.10569203644990921 0.9497644305229187 -0.02751658856868744
1305031110.879313 0.9373941421508789 0.21188266575336456 -0.2764016091823578 -0.3739200234413147 -0.17119590938091278 0.9714730978012085 0.16410991549491882 0.052787572145462036 0.3032887279987335 -0.10651684552431107 0.9469266533851624 -0.028072290122509003
1305031110.911333 0.9366617798805237 0.21334923803806305 -0.2777533233165741 -0.3741968870162964 -0.17230896651744843 0.9711447954177856 0.16488653421401978 0.05384808033704758 0.3049171268939972 -0.10658348351716995 0.9463961124420166 -0.027275897562503815
1305031110.943862 0.9344449043273926 0.21492767333984375 -0.28393450379371643 -0.37061744928359985 -0.1733483523130417 0.9710208773612976 0.16452652215957642 0.05465324595570564 0.3110676407814026 -0.10452137142419815 0.944622814655304 -0.025205567479133606
1305031110.979345 0.9338104128837585 0.2159251570701599 -0.28526178002357483 -0.36385712027549744 -0.17484284937381744 0.9710635542869568 0.1626821607351303 0.05716300010681152 0.31213444471359253 -0.10203830897808075 0.9445422887802124 -0.024532228708267212
1305031111.011431 0.9363844990730286 0.21453528106212616 -0.2777744233608246 -0.35811686515808105 -0.17248286306858063 0.970553994178772 0.16815000772476196 0.05370974540710449 0.30566924810409546 -0.10954169183969498 0.9458155035972595 -0.023166216909885406
1305031111.043327 0.941077709197998 0.20884622633457184 -0.26599979400634766 -0.3555517792701721 -0.16979153454303741 0.9719986319541931 0.16244812309741974 0.055388130247592926 0.29247820377349854 -0.10771176964044571 0.9501866698265076 -0.021751873195171356
1305031111.079283 0.9439250230789185 0.2038566619157791 -0.25970736145973206 -0.3517255187034607 -0.16532528400421143 0.972733199596405 0.16265788674354553 0.05776150897145271 0.28578490018844604 -0.11060062795877457 0.9518899917602539 -0.021584630012512207
1305031111.111508 0.945463240146637 0.19840417802333832 -0.25833141803741455 -0.3441080152988434 -0.15800611674785614 0.9728837609291077 0.16891182959079742 0.05281493067741394 0.2848392724990845 -0.11888197809457779 0.9511749148368835 -0.019464753568172455
1305031111.143257 0.9471982717514038 0.19683031737804413 -0.25312694907188416 -0.3386131823062897 -0.15781882405281067 0.9733598828315735 0.1663237065076828 0.05068068578839302 0.27912119030952454 -0.11759329587221146 0.9530283212661743 -0.018485449254512787
1305031111.179326 0.9477436542510986 0.1937442272901535 -0.2534666359424591 -0.32659944891929626 -0.1570671796798706 0.9748853445053101 0.15788663923740387 0.052504800260066986 0.27769050002098083 -0.10982473194599152 0.9543723464012146 -0.015470273792743683
1305031111.211433 0.9528809785842896 0.1844644695520401 -0.24081291258335114 -0.31689122319221497 -0.1501864194869995 0.9766184091567993 0.15381906926631927 0.050846606492996216 0.26355645060539246 -0.11040440946817398 0.958305299282074 -0.016599759459495544
1305031111.243236 0.9556570649147034 0.1829925775527954 -0.23072393238544464 -0.31505268812179565 -0.1497086137533188 0.9765898585319519 0.15446430444717407 0.04750923067331314 0.2535884976387024 -0.11307349801063538 0.9606806635856628 -0.016026951372623444
1305031111.279308 0.9551029205322266 0.17777688801288605 -0.23701046407222748 -0.3002050817012787 -0.14532537758350372 0.9782332181930542 0.14812226593494415 0.044115081429481506 0.2581842243671417 -0.10702834278345108 0.9601488709449768 -0.012545593082904816
1305031111.311547 0.9599830508232117 0.16805143654346466 -0.22403374314308167 -0.2968158721923828 -0.13981036841869354 0.9807156324386597 0.1365644782781601 0.0478687547147274 0.24266317486763 -0.09977737069129944 0.9649658799171448 -0.017981015145778656
1305031111.343397 0.9597216248512268 0.1698877215385437 -0.22376881539821625 -0.2957781255245209 -0.14044177532196045 0.9799087047576904 0.14161668717861176 0.049819134175777435 0.2433318793773651 -0.1044861376285553 0.9642988443374634 -0.015952568501234055
1305031111.379134 0.9581266641616821 0.16293275356292725 -0.2354700267314911 -0.28198057413101196 -0.13107165694236755 0.980675458908081 0.1452450305223465 0.04310212656855583 0.25458475947380066 -0.10829971730709076 0.9609670639038086 -0.00994863361120224
1305031111.411296 0.9588544964790344 0.1605960577726364 -0.23410876095294952 -0.2778691053390503 -0.13199765980243683 0.9822614789009094 0.13318906724452972 0.04568759724497795 0.25134551525115967 -0.09680716693401337 0.9630440473556519 -0.013353504240512848
1305031111.443386 0.9537908434867859 0.1706358939409256 -0.24731826782226562 -0.26560264825820923 -0.1410609632730484 0.9810453653335571 0.13286066055297852 0.04712250083684921 0.2653011977672577 -0.09183433651924133 0.9597821831703186 -0.008092235773801804
1305031111.479259 0.9538805484771729 0.16807109117507935 -0.24872463941574097 -0.24791757762432098 -0.14103342592716217 0.9823436141014099 0.12292519211769104 0.04722604155540466 0.26499322056770325 -0.08217748999595642 0.9607421159744263 0.004303187131881714
1305031111.511264 0.9605457186698914 0.16514606773853302 -0.22378280758857727 -0.24114419519901276 -0.1410938799381256 0.9827427268028259 0.11962047219276428 0.04042506590485573 0.23967577517032623 -0.083326555788517 0.9672704935073853 -0.003841158002614975
1305031111.54325 0.963304340839386 0.16091205179691315 -0.21483078598976135 -0.23090173304080963 -0.13943591713905334 0.9839072823524475 0.11173136532306671 0.038178544491529465 0.22935253381729126 -0.07767617702484131 0.9702390432357788 -0.0009269416332244873
1305031111.579237 0.9694585204124451 0.14428341388702393 -0.19832445681095123 -0.21974103152751923 -0.12569290399551392 0.9866665601730347 0.10339415073394775 0.03745458647608757 0.2105981558561325 -0.07530837506055832 0.9746676087379456 -0.003895103931427002
1305031111.611271 0.9742135405540466 0.13192352652549744 -0.18304133415222168 -0.2191120982170105 -0.11467636376619339 0.9881675839424133 0.10185298323631287 0.038171231746673584 0.19431231915950775 -0.07823605835437775 0.9778149127960205 -0.005574814975261688
1305031111.643395 0.9736730456352234 0.11654834449291229 -0.1959005892276764 -0.20092366635799408 -0.09827477484941483 0.9900638461112976 0.10057549178600311 0.030587904155254364 0.20567598938941956 -0.07867558300495148 0.9754524827003479 -0.00035354122519493103
1305031111.67932 0.9777984023094177 0.09932273626327515 -0.18451432883739471 -0.1877359002828598 -0.08420421183109283 0.9925498366355896 0.08805844932794571 0.032255712896585464 0.19188587367534637 -0.07056652009487152 0.9788770079612732 -0.005138233304023743
1305031111.71176 0.9810607433319092 0.09329007565975189 -0.16975510120391846 -0.1798754781484604 -0.07967797666788101 0.9931627511978149 0.08531869202852249 0.033086154609918594 0.17655381560325623 -0.0701770931482315 0.9817860722541809 0.0017870813608169556
1305031111.743386 0.9828236103057861 0.0832299143075943 -0.164713516831398 -0.15660108625888824 -0.0699385553598404 0.9939301609992981 0.08491995930671692 0.025080492720007896 0.17078162729740143 -0.07194153964519501 0.9826789498329163 0.006048280745744705
1305031111.779423 0.9893804788589478 0.06812305748462677 -0.12839600443840027 -0.14703404903411865 -0.060070037841796875 0.9960370659828186 0.06558604538440704 0.03384065255522728 0.13235509395599365 -0.057176798582077026 0.9895519018173218 0.006381560117006302
1305031111.811406 0.9930019378662109 0.06956876069307327 -0.09543318301439285 -0.1446516513824463 -0.06378410756587982 0.9960117936134338 0.06238487362861633 0.02931646816432476 0.09939263015985489 -0.05586118623614311 0.9934790134429932 0.006318583153188229
1305031111.843299 0.9953851103782654 0.06341827660799026 -0.07201661914587021 -0.13858045637607574 -0.059479374438524246 0.9966807961463928 0.05558289587497711 0.027955515310168266 0.07530255615711212 -0.05104289948940277 0.9958534836769104 0.0027091940864920616
1305031111.879442 0.9965583086013794 0.05703941360116005 -0.060149043798446655 -0.13139714300632477 -0.05348736420273781 0.9968183040618896 0.05909743905067444 0.02527625299990177 0.06332852691411972 -0.055676840245723724 0.9964385628700256 0.0010041669011116028
1305031111.911354 0.9973399639129639 0.044772129505872726 -0.05751722306013107 -0.12850701808929443 -0.04142077639698982 0.9974456429481506 0.05819391459226608 0.023516859859228134 0.05997574329376221 -0.05565671622753143 0.9966470003128052 0.0036532385274767876
1305031111.9433 0.997310221195221 0.02735987864434719 -0.06799736618995667 -0.1175263375043869 -0.023706447333097458 0.9982612729072571 0.05396709591150284 0.024125630035996437 0.06935565918684006 -0.05220995843410492 0.9962248802185059 0.004224175587296486
1305031111.979449 0.9972220063209534 0.012624839320778847 -0.07340794801712036 -0.10067546367645264 -0.008777821436524391 0.9985827207565308 0.052494414150714874 0.023847872391343117 0.0739666223526001 -0.05170422047376633 0.9959194660186768 0.006709551438689232
1305031112.011433 0.9979833364486694 0.013854628428816795 -0.061944641172885895 -0.08859589695930481 -0.010606695897877216 0.9985668063163757 0.05245760828256607 0.01890120469033718 0.06258261203765869 -0.05169479548931122 0.9967001676559448 0.006260573863983154
1305031112.04327 0.9986767172813416 0.01671900413930416 -0.04863375425338745 -0.07644182443618774 -0.01446549128741026 0.9988217353820801 0.04632490500807762 0.0171002559363842 0.04935092851519585 -0.045560091733932495 0.9977419972419739 0.004365737084299326
1305031112.079339 0.9993013143539429 0.017602464184165 -0.03296930715441704 -0.06011464446783066 -0.01621660590171814 0.9989926815032959 0.041840534657239914 0.016085423529148102 0.03367259353399277 -0.04127666354179382 0.9985801577568054 0.004681704565882683
1305031112.111423 0.9996605515480042 0.025788728147745132 -0.0037042759358882904 -0.06442051380872726 -0.025654248893260956 0.9991374611854553 0.0326504111289978 0.01831875555217266 0.004543095827102661 -0.03254430368542671 0.999459981918335 0.005414939019829035
1305031112.144342 0.9993263483047485 0.03669252246618271 0.0007230415940284729 -0.04983464255928993 -0.036697063595056534 0.9988284111022949 0.03154504671692848 0.017908023670315742 0.00043526291847229004 -0.031550332903862 0.9995021224021912 0.003529586596414447
1305031112.17939 0.9988317489624023 0.042736079543828964 0.022557072341442108 -0.03716951981186867 -0.04351777583360672 0.9984259009361267 0.03538268804550171 0.016801735386252403 -0.021009452641010284 -0.03632298484444618 0.999119222164154 0.004404760431498289
1305031112.211254 0.9976117610931396 0.053552113473415375 0.043621908873319626 -0.03161902725696564 -0.05514681339263916 0.9978213906288147 0.036212820559740067 0.012309424579143524 -0.041587598621845245 -0.03853194788098335 0.9983915686607361 0.00808622408658266
1305031112.243369 0.9961769580841064 0.06400395929813385 0.059455398470163345 -0.02137167751789093 -0.06565433740615845 0.9974976181983948 0.026230359449982643 0.007361549884080887 -0.05762776359915733 -0.03003358095884323 0.9978863000869751 0.008165847510099411
1305031112.279353 0.9947221875190735 0.06758120656013489 0.07720538228750229 -0.020156631246209145 -0.06883981078863144 0.9975329041481018 0.013755653984844685 0.008131700567901134 -0.07608527690172195 -0.018997857347130775 0.9969203472137451 0.010491088964045048
1305031112.311312 0.9943151473999023 0.07026929408311844 0.07999765872955322 -0.012326735071837902 -0.07092691212892532 0.9974668622016907 0.005405266769230366 0.0027777820359915495 -0.07941518723964691 -0.01104852557182312 0.9967803955078125 0.01171166356652975
1305031112.343323 0.9948023557662964 0.06627818197011948 0.07730133831501007 -0.002060792176052928 -0.06569358706474304 0.9977888464927673 -0.010083860717713833 0.00487291207537055 -0.0777987539768219 0.004953246563673019 0.9969567656517029 0.012580037117004395
1305031112.37936 0.995622456073761 0.05675346404314041 0.0742625743150711 0.004674737807363272 -0.05546911433339119 0.9982749223709106 -0.019246112555265427 0.006358800455927849 -0.07522673904895782 0.015042582526803017 0.9970530271530151 0.01329135987907648
1305031112.411442 0.9964451193809509 0.04938070848584175 0.0682552307844162 0.0135685158893466 -0.047857530415058136 0.9985712170600891 -0.023774830624461174 0.006791525986045599 -0.06933172047138214 0.020423786714673042 0.9973845481872559 0.012983022257685661
1305031112.443391 0.9970222115516663 0.03758637607097626 0.0673343688249588 0.01992666721343994 -0.03605358302593231 0.9990655183792114 -0.023836785927414894 0.0030522411689162254 -0.06816737353801727 0.02133815735578537 0.997445821762085 0.01577732153236866
1305031112.479418 0.9976254105567932 0.01851685158908367 0.06633781641721725 0.024289598688483238 -0.01650043949484825 0.9993888139724731 -0.030816201120615005 0.004904931876808405 -0.0668679028749466 0.029648419469594955 0.9973212480545044 0.016824638471007347
1305031112.511504 0.9981728792190552 0.003948559984564781 0.06029331311583519 0.02942206710577011 -0.002026718808338046 0.9994890093803406 -0.0319027379155159 0.002504895441234112 -0.060388460755348206 0.03172224760055542 0.9976708292961121 0.0170586034655571
1305031112.543212 0.9985643029212952 -0.003895607776939869 0.05342385917901993 0.03645264357328415 0.00579242454841733 0.9993566274642944 -0.03539638593792915 0.0013528033159673214 -0.053251590579748154 0.035655029118061066 0.9979444146156311 0.0174908135086298
1305031112.579252 0.9986919164657593 -0.014115811325609684 0.04914373904466629 0.040594812482595444 0.016036467626690865 0.9991140365600586 -0.03891000896692276 0.0019142093369737267 -0.048550933599472046 0.03964720666408539 0.9980335831642151 0.016681455075740814
1305031112.611261 0.9987314939498901 -0.029725568369030952 0.04063837602734566 0.05622480809688568 0.031397368758916855 0.9986599683761597 -0.04113868623971939 0.005352262873202562 -0.03936104476451874 0.04236244782805443 0.9983267784118652 0.014675408601760864
1305031112.643246 0.9976614713668823 -0.043816667050123215 0.05245599150657654 0.062206584960222244 0.04560563340783119 0.9984007477760315 -0.03340679407119751 0.004571331664919853 -0.05090832710266113 0.03572097048163414 0.9980642795562744 0.014140416868031025
1305031112.679952 0.9964695572853088 -0.04943518340587616 0.06785549968481064 0.06236814334988594 0.051402024924755096 0.998297929763794 -0.02755141258239746 0.003008217317983508 -0.06637799739837646 0.030942056328058243 0.9973146915435791 0.016929153352975845
1305031112.711251 0.9957996606826782 -0.05217936262488365 0.07523386180400848 0.06531204283237457 0.05409713089466095 0.9982547760009766 -0.02368098497390747 0.003457446116954088 -0.07386691123247147 0.027651460841298103 0.9968846440315247 0.014586442150175571
1305031112.743245 0.9950775504112244 -0.061814989894628525 0.07745590060949326 0.06997448205947876 0.0637793019413948 0.9976955652236938 -0.0231463722884655 0.013598315417766571 -0.07584662735462189 0.027972523123025894 0.9967270493507385 0.01699431985616684
1305031112.77931 0.9938749670982361 -0.06487404555082321 0.08946417272090912 0.06586109101772308 0.06531929969787598 0.9978622794151306 -0.002055002376437187 0.008310589008033276 -0.08913961052894592 0.007886148989200592 0.9959878921508789 0.01872861385345459
1305031112.81131 0.9935464859008789 -0.06040835753083229 0.09600123763084412 0.05701858550310135 0.060426440089941025 0.9981688857078552 0.002721533179283142 0.006167004816234112 -0.09598985314369202 0.003097045235335827 0.9953774809837341 0.022427503019571304
1305031112.843286 0.9947596788406372 -0.05708820000290871 0.0848177820444107 0.05558808147907257 0.05699429288506508 0.9983682632446289 0.0035302694886922836 0.010784871876239777 -0.08488091826438904 0.0013223625719547272 0.996390163898468 0.022102585062384605
1305031112.879421 0.9951885342597961 -0.06368067115545273 0.07446079701185226 0.057285599410533905 0.06314193457365036 0.997958779335022 0.009569458663463593 0.012155496515333652 -0.07491817325353622 -0.004821816924959421 0.9971779584884644 0.02112550660967827
1305031112.911411 0.9951391816139221 -0.06775495409965515 0.07146475464105606 0.04983258619904518 0.0669785887002945 0.9976670145988464 0.01320747472345829 0.014259331859648228 -0.07219289988279343 -0.008356668055057526 0.9973556995391846 0.023493479937314987
1305031112.943321 0.9958643317222595 -0.06344018876552582 0.0650349110364914 0.04281557351350784 0.062390320003032684 0.9978885650634766 0.018050983548164368 0.012614171952009201 -0.06604273617267609 -0.013918779790401459 0.9977197647094727 0.02566489391028881
1305031112.979278 0.9969284534454346 -0.06146138906478882 0.048540640622377396 0.043513357639312744 0.06063893437385559 0.9979931116104126 0.018239600583910942 0.01301585603505373 -0.04956425726413727 -0.015240125358104706 0.9986546635627747 0.022746765986084938
1305031113.011353 0.9973422288894653 -0.05961411073803902 0.041887298226356506 0.03882215917110443 0.05880329757928848 0.9980624914169312 0.020330436527729034 0.014625039882957935 -0.04301812872290611 -0.01781330071389675 0.9989154934883118 0.018916510045528412
1305031113.043231 0.9977602362632751 -0.05363716185092926 0.03996794670820236 0.03203055262565613 0.052493296563625336 0.998196005821228 0.029140114784240723 0.01403891947120428 -0.04145883396267891 -0.026976807042956352 0.9987759590148926 0.018792729824781418
1305031113.079251 0.9984074234962463 -0.04319112002849579 0.03629051148891449 0.02366977371275425 0.04197128489613533 0.9985493421554565 0.033728159964084625 0.008583828806877136 -0.037694625556468964 -0.032151296734809875 0.9987719655036926 0.017015092074871063
1305031113.111316 0.9991164803504944 -0.03315088152885437 0.02582794427871704 0.017170622944831848 0.03250297158956528 0.9991559982299805 0.025114281103014946 0.01215339545160532 -0.026638701558113098 -0.02425261400640011 0.999350905418396 0.015441833063960075
1305031113.143306 0.9993338584899902 -0.03169221058487892 0.018091760575771332 0.012783965095877647 0.031236475333571434 0.9992008209228516 0.024940265342593193 0.017957178875803947 -0.01886771246790886 -0.024358535185456276 0.999525249004364 0.012766702100634575
1305031113.179343 0.9992297887802124 -0.03403825685381889 0.019523704424500465 0.00018655689200386405 0.03336019441485405 0.9988627433776855 0.03406372293829918 0.013400912284851074 -0.020660974085330963 -0.03338617831468582 0.9992288947105408 0.012665646150708199
1305031113.211259 0.9992983341217041 -0.03576798737049103 0.01111233327537775 -0.011294162832200527 0.035426247864961624 0.9989349842071533 0.02956170029938221 0.014312773011624813 -0.01215786300599575 -0.02914729341864586 0.9995011687278748 0.010181465186178684
1305031113.243227 0.9993811249732971 -0.035020966082811356 -0.003268308937549591 -0.019236689433455467 0.03510366007685661 0.9989294409751892 0.03012838028371334 0.018259357661008835 0.0022096820175647736 -0.03022446669638157 0.9995406270027161 0.006078212987631559
1305031113.279312 0.9992049336433411 -0.03817227855324745 -0.011502651497721672 -0.030258359387516975 0.038632288575172424 0.9983343482017517 0.042848940938711166 0.009625456295907497 0.009847849607467651 -0.04325924441218376 0.9990153908729553 0.006174481473863125
1305031113.311452 0.9987623691558838 -0.0423763208091259 -0.02603747323155403 -0.03943765163421631 0.043334975838661194 0.9983592629432678 0.03742863982915878 0.004805306438356638 0.024408673867583275 -0.03851064294576645 0.9989600777626038 0.004671819042414427
1305031113.343252 0.9980056285858154 -0.04315124824643135 -0.046076152473688126 -0.04938974231481552 0.04423239082098007 0.9987632632255554 0.022707942873239517 0.010127407498657703 0.04503929615020752 -0.024700716137886047 0.9986797571182251 -0.0007811242248862982
1305031113.379312 0.9973960518836975 -0.036274850368499756 -0.062332917004823685 -0.060642585158348083 0.038029398769140244 0.9989065527915955 0.02719583548605442 0.012564687989652157 0.06127823144197464 -0.02949550189077854 0.9976847767829895 -0.0016557767521589994
1305031113.411625 0.9964066743850708 -0.03820495307445526 -0.07559406012296677 -0.07146411389112473 0.0405023992061615 0.9987558126449585 0.029095396399497986 0.008367273025214672 0.07438842952251434 -0.03205258771777153 0.9967141151428223 -0.0003957725130021572
1305031113.443266 0.9958781599998474 -0.025905553251504898 -0.08692257851362228 -0.08440565317869186 0.027823252603411674 0.9993937611579895 0.020923545584082603 0.013360799290239811 0.08632784336805344 -0.02325577475130558 0.995995283126831 -0.0014021983370184898
1305031113.479311 0.9954186677932739 -0.012529486790299416 -0.09478816390037537 -0.1010226309299469 0.0151442289352417 0.9995230436325073 0.026916172355413437 0.015102991834282875 0.09440570324659348 -0.028228353708982468 0.9951334595680237 -0.003051688428968191
1305031113.511523 0.994554877281189 -0.007294760551303625 -0.10395683348178864 -0.1139906719326973 0.01082208938896656 0.9993830919265747 0.03340715542435646 0.015429051592946053 0.10364899039268494 -0.03435027599334717 0.9940206408500671 -0.0019895611330866814
1305031113.543242 0.9933899641036987 -0.00012675451580435038 -0.11478662490844727 -0.1250152587890625 0.004465595353394747 0.9992849826812744 0.03754282742738724 0.014497868716716766 0.11469979584217072 -0.03780725970864296 0.9926804900169373 -0.0029864944517612457
1305031113.579301 0.9922366738319397 0.008810189552605152 -0.1240500956773758 -0.13482974469661713 -0.004298333544284105 0.999320924282074 0.03659204766154289 0.016596615314483643 0.12428823858499527 -0.03577477112412453 0.9916009902954102 -0.004797053523361683
1305031113.611268 0.9911019802093506 0.018594348803162575 -0.13179855048656464 -0.14229846000671387 -0.013091882690787315 0.9990108609199524 0.04249335825443268 0.01694675348699093 0.13245832920074463 -0.040389761328697205 0.9903653860092163 -0.004841228947043419
1305031113.643222 0.9909964203834534 0.02787199057638645 -0.13095563650131226 -0.15228623151779175 -0.021955225616693497 0.9986811280250549 0.04641023650765419 0.018380992114543915 0.1320764720439911 -0.0431172139942646 0.9903013110160828 -0.005699316039681435
1305031113.679288 0.9914235472679138 0.03308403119444847 -0.12642960250377655 -0.16521655023097992 -0.027126401662826538 0.9984520077705383 0.04855714738368988 0.01865687593817711 0.1278403252363205 -0.04471110925078392 0.9907864332199097 -0.004926791414618492
