1305031455.959716 0.9990971088409424 0.01003800518810749 0.04128210246562958 -0.07774969190359116 -0.009951082989573479 0.9999478459358215 -0.002310528652742505 -0.025150351226329803 -0.04130315035581589 0.0018976418068632483 0.9991448521614075 -0.030795827507972717
1305031455.991694 0.9985545873641968 0.013494531624019146 0.052025206387043 -0.09022574871778488 -0.013736951164901257 0.9998964071273804 0.004304914269596338 -0.03056013025343418 -0.05196173116564751 -0.005013360176235437 0.9986363649368286 -0.035113174468278885
1305031456.02777 0.9974651336669922 0.019142592325806618 0.06853385269641876 -0.10679124295711517 -0.01992672309279442 0.9997433423995972 0.0107762161642313 -0.026076676324009895 -0.0683099776506424 -0.012114559300243855 0.9975906014442444 -0.037849944084882736
1305031456.059713 0.9964877367019653 0.027760623022913933 0.07900335639715195 -0.11882607638835907 -0.030864283442497253 0.998788058757782 0.03833887726068497 -0.03983909264206886 -0.07784329354763031 -0.04064261168241501 0.9961369037628174 -0.04064083471894264
1305031456.091707 0.9953543543815613 0.037857525050640106 0.08852393925189972 -0.1301325112581253 -0.04249986261129379 0.997785747051239 0.051158130168914795 -0.048958614468574524 -0.08639120310544968 -0.054682716727256775 0.9947594404220581 -0.04055807739496231
1305031456.127645 0.9944180846214294 0.03825325146317482 0.0983332023024559 -0.14124035835266113 -0.04402940720319748 0.9973880648612976 0.05725735425949097 -0.05885409563779831 -0.09588609635829926 -0.06126730516552925 0.9935050010681152 -0.0422048456966877
1305031456.159731 0.9933496117591858 0.03761211037635803 0.10881982743740082 -0.14824356138706207 -0.04487453028559685 0.9968706965446472 0.06507723033428192 -0.07316344231367111 -0.10603161156177521 -0.06952767819166183 0.9919289946556091 -0.04066750034689903
1305031456.191658 0.9916779398918152 0.03306252881884575 0.12442488223314285 -0.1550913155078888 -0.04040738195180893 0.9975574016571045 0.05697689205408096 -0.08223740011453629 -0.1222371757030487 -0.06153042986989021 0.9905917644500732 -0.039886169135570526
1305031456.227678 0.9889611005783081 0.027588985860347748 0.14558395743370056 -0.16415348649024963 -0.03520720824599266 0.9981277585029602 0.05001391842961311 -0.08231363445520401 -0.1439315676689148 -0.05458742752671242 0.9880809187889099 -0.04157894104719162
1305031456.259614 0.9852598309516907 0.020225388929247856 0.16986452043056488 -0.17414551973342896 -0.030335668474435806 0.997905433177948 0.057136643677949905 -0.09350992739200592 -0.1683531254529953 -0.0614473931491375 0.9838097095489502 -0.03683316335082054
1305031456.291675 0.9807254076004028 0.011005052365362644 0.19508104026317596 -0.1868082582950592 -0.022235801443457603 0.998212456703186 0.05547354742884636 -0.10529375076293945 -0.19412186741828918 -0.05874209105968475 0.979216992855072 -0.03174402564764023
1305031456.327718 0.9764552116394043 -0.001492467476055026 0.2157152146100998 -0.1938406378030777 -0.009719964116811752 0.9986559748649597 0.05090772733092308 -0.11527411639690399 -0.21550129354000092 -0.05180586129426956 0.9751283526420593 -0.026825688779354095
1305031456.359846 0.9711054563522339 -0.009780952706933022 0.23845067620277405 -0.20050372183322906 0.0016084038652479649 0.9994053244590759 0.03444404900074005 -0.10533691197633743 -0.23864580690860748 -0.03306526690721512 0.970543622970581 -0.025059018284082413
1305031456.391619 0.9640141725540161 -0.019130080938339233 0.2651616930961609 -0.20956219732761383 0.007628814782947302 0.9989875555038452 0.04433681070804596 -0.12365233153104782 -0.2657414376735687 -0.0407184436917305 0.963184118270874 -0.010908950120210648
1305031456.427662 0.9550838470458984 -0.028130702674388885 0.2949973940849304 -0.22807085514068604 0.020770711824297905 0.9993906021118164 0.02805374190211296 -0.12131600826978683 -0.2956068217754364 -0.02066638134419918 0.9550860524177551 -0.00019285082817077637
1305031456.45961 0.9492436647415161 -0.039462193846702576 0.3120564818382263 -0.24667736887931824 0.034909918904304504 0.9991869926452637 0.020163288339972496 -0.11019205302000046 -0.31259849667549133 -0.008246014825999737 0.949849545955658 0.009977482259273529
1305031456.491677 0.9475959539413452 -0.05374600738286972 0.31491801142692566 -0.25954076647758484 0.04633556678891182 0.9984455108642578 0.03097652643918991 -0.11007915437221527 -0.31609341502189636 -0.014761330559849739 0.9486133456230164 0.025483746081590652
1305031456.527641 0.9483559727668762 -0.06806207448244095 0.3098200261592865 -0.2667735517024994 0.05785579979419708 0.9974401593208313 0.04202421009540558 -0.11289723217487335 -0.311887264251709 -0.021929027512669563 0.9498660564422607 0.03648017346858978
1305031456.559608 0.9474367499351501 -0.08091096580028534 0.30954286456108093 -0.27067092061042786 0.06705762445926666 0.9962235689163208 0.055154070258140564 -0.1270512193441391 -0.3128364682197571 -0.0314977765083313 0.9492846727371216 0.05065779760479927
1305031456.591651 0.9438903331756592 -0.09182955324649811 0.31723514199256897 -0.27795207500457764 0.08174565434455872 0.9956377148628235 0.04498245194554329 -0.11320842802524567 -0.31998202204704285 -0.016525909304618835 0.9472795724868774 0.05815373733639717
1305031456.627612 0.9397721290588379 -0.11175999045372009 0.3230137526988983 -0.28493785858154297 0.0956854298710823 0.9932689666748047 0.06527658551931381 -0.10292563587427139 -0.32813477516174316 -0.030437389388680458 0.9441404938697815 0.06860144436359406
1305031456.659665 0.9330416321754456 -0.13611364364624023 0.3330259919166565 -0.2924080789089203 0.10698381066322327 0.9887655973434448 0.10438866913318634 -0.12752892076969147 -0.34349337220191956 -0.061770569533109665 0.937121570110321 0.09196645766496658
1305031456.691612 0.9268514513969421 -0.1516253501176834 0.34344741702079773 -0.30430230498313904 0.12546736001968384 0.987316370010376 0.09728586673736572 -0.12426955252885818 -0.35384225845336914 -0.04707809537649155 0.9341195821762085 0.1049211174249649
1305031456.727693 0.9201699495315552 -0.1713857501745224 0.35201436281204224 -0.32349535822868347 0.14482831954956055 0.9843237400054932 0.1006559431552887 -0.11405796557664871 -0.36374709010124207 -0.04163891449570656 0.9305664896965027 0.1193041279911995
1305031456.759615 0.9167701601982117 -0.19201457500457764 0.3502325117588043 -0.3385656774044037 0.1572396457195282 0.9795599579811096 0.12545140087604523 -0.13641394674777985 -0.36716222763061523 -0.05993964523077011 0.9282234907150269 0.13585031032562256
1305031456.791649 0.920707643032074 -0.20006343722343445 0.3350701928138733 -0.34294402599334717 0.1717023253440857 0.9786980152130127 0.11255553364753723 -0.13588793575763702 -0.3504507541656494 -0.046098414808511734 0.9354459047317505 0.14544838666915894
1305031456.827603 0.9211455583572388 -0.2136983424425125 0.3253062069416046 -0.3453522324562073 0.19079925119876862 0.9764047265052795 0.10114210098981857 -0.11646310240030289 -0.33924445509910583 -0.0310983844101429 0.9401841163635254 0.15817314386367798
1305031456.859634 0.9184070229530334 -0.2311435043811798 0.32109418511390686 -0.34682419896125793 0.20285113155841827 0.9718992114067078 0.11942998319864273 -0.1231229305267334 -0.3396766185760498 -0.04455098509788513 0.9394866824150085 0.1718544065952301
1305031456.891672 0.9142818450927734 -0.24505124986171722 0.3225506544113159 -0.3488377332687378 0.21290825307369232 0.9681138396263123 0.1320081651210785 -0.134057879447937 -0.3446144759654999 -0.05201893299818039 0.9373019933700562 0.1846388280391693
1305031456.92769 0.908027172088623 -0.25040149688720703 0.33583542704582214 -0.35637080669403076 0.22321029007434845 0.9676086902618408 0.11794348806142807 -0.12531667947769165 -0.3544905185699463 -0.03213397040963173 0.9345072507858276 0.19585824012756348
1305031456.959667 0.9000930190086365 -0.258762925863266 0.3505338132381439 -0.37109893560409546 0.232792466878891 0.965690016746521 0.11510991305112839 -0.1117851734161377 -0.3682931959629059 -0.02200799062848091 0.929449200630188 0.20596997439861298
1305031456.991709 0.8942623734474182 -0.2719272971153259 0.35545846819877625 -0.37796127796173096 0.2373114675283432 0.9615058898925781 0.13852810859680176 -0.12046036124229431 -0.37944498658180237 -0.03952605277299881 0.9243696331977844 0.219661682844162
1305031457.027648 0.8891833424568176 -0.2773831784725189 0.3638837933540344 -0.3874770998954773 0.2415626347064972 0.9600102305412292 0.14152094721794128 -0.11997770518064499 -0.3885875940322876 -0.03793730214238167 0.9206304550170898 0.22909677028656006
1305031457.059621 0.8815744519233704 -0.2892634868621826 0.37303218245506287 -0.40008342266082764 0.2521932125091553 0.9566290974617004 0.14580696821212769 -0.11263686418533325 -0.39903002977371216 -0.034463487565517426 0.9162899851799011 0.23387093842029572
1305031457.091655 0.874678373336792 -0.3049558699131012 0.3767485022544861 -0.40695422887802124 0.2588438391685486 0.9510433673858643 0.16886882483959198 -0.11927036195993423 -0.4098016619682312 -0.0501868799328804 0.9107930064201355 0.24227562546730042
1305031457.127632 0.8667282462120056 -0.31747156381607056 0.3846992254257202 -0.41446661949157715 0.2653549015522003 0.946565568447113 0.18330435454845428 -0.13045449554920197 -0.42233699560165405 -0.056793227791786194 0.9046580195426941 0.24755224585533142
1305031457.159693 0.8563966155052185 -0.32864275574684143 0.39821913838386536 -0.4260413646697998 0.27709832787513733 0.9433320760726929 0.1825958490371704 -0.13202738761901855 -0.43566176295280457 -0.04602859914302826 0.898932933807373 0.2500930428504944
1305031457.191735 0.8439924716949463 -0.33787068724632263 0.4165568947792053 -0.4441189467906952 0.28643685579299927 0.9405512809753418 0.18253014981746674 -0.1312200427055359 -0.4534647762775421 -0.03473683446645737 0.8905971050262451 0.25230976939201355
1305031457.227543 0.8342621922492981 -0.3533896803855896 0.4232279658317566 -0.45437610149383545 0.2959785759449005 0.9346594214439392 0.1969984769821167 -0.13926208019256592 -0.4651913344860077 -0.03908195719122887 0.8843470811843872 0.25365129113197327
1305031457.259691 0.823750913143158 -0.36590856313705444 0.4330650568008423 -0.46404245495796204 0.3056810796260834 0.9299578666687012 0.204298198223114 -0.15564456582069397 -0.47748667001724243 -0.03591105714440346 0.8779047727584839 0.25616300106048584
1305031457.291656 0.8109994530677795 -0.3703462481498718 0.45290565490722656 -0.47992950677871704 0.3167358338832855 0.9288094639778137 0.19233232736587524 -0.15686993300914764 -0.4918925166130066 -0.012529987841844559 0.8705657720565796 0.2535583972930908
1305031457.327548 0.7958421111106873 -0.37513238191604614 0.47530093789100647 -0.4996582269668579 0.32394900918006897 0.9269652366638184 0.18919013440608978 -0.1555088311433792 -0.5115587115287781 0.003407789394259453 0.8592415452003479 0.2516641914844513
1305031457.359712 0.7810917496681213 -0.3863906264305115 0.49050769209861755 -0.5112362504005432 0.33038318157196045 0.9223189353942871 0.20043663680553436 -0.1664779633283615 -0.5298513770103455 0.005496035795658827 0.8480727076530457 0.25078561902046204
1305031457.391684 0.7626164555549622 -0.39565980434417725 0.5117316842079163 -0.5274770855903625 0.3436986207962036 0.918052077293396 0.1976151317358017 -0.17495380342006683 -0.5479847192764282 0.025176923722028732 0.836109459400177 0.24831725656986237
1305031457.427641 0.744535505771637 -0.4020879566669464 0.5329091548919678 -0.5517273545265198 0.354808509349823 0.9145235419273376 0.19431330263614655 -0.17678245902061462 -0.5654889941215515 0.04440755397081375 0.8235594630241394 0.25179797410964966
1305031457.459614 0.736463189125061 -0.4100814461708069 0.5380103588104248 -0.5691620707511902 0.36094141006469727 0.9108494520187378 0.20018644630908966 -0.18907880783081055 -0.5721392035484314 0.04676024243235588 0.81882244348526 0.25078099966049194
1305031457.491705 0.7318710684776306 -0.4167695641517639 0.5391361117362976 -0.5797363519668579 0.3677804172039032 0.9076262712478638 0.20236647129058838 -0.2005191147327423 -0.573674201965332 0.05017751455307007 0.8175451755523682 0.24780291318893433
1305031457.527638 0.7256243228912354 -0.4176924228668213 0.546811044216156 -0.5941134691238403 0.3717397153377533 0.9066929221153259 0.19929255545139313 -0.21089839935302734 -0.5790327191352844 0.05865985155105591 0.8131913542747498 0.2439965158700943
1305031457.559685 0.7160579562187195 -0.42122116684913635 0.5566270351409912 -0.6097986698150635 0.379085510969162 0.904234766960144 0.19660499691963196 -0.2195608913898468 -0.586135745048523 0.07022865861654282 0.807163417339325 0.2396431863307953
1305031457.591678 0.7056272029876709 -0.4228151738643646 0.5686101913452148 -0.6300909519195557 0.38411247730255127 0.9025723338127136 0.19447599351406097 -0.2260909080505371 -0.5954391956329346 0.08118273317813873 0.7992881536483765 0.24044694006443024
1305031457.627526 0.7006573677062988 -0.42859455943107605 0.5704259276390076 -0.6402047872543335 0.3891916275024414 0.899645209312439 0.19791001081466675 -0.23826853930950165 -0.5980042219161987 0.08333791047334671 0.7971484661102295 0.24068471789360046
1305031457.659632 0.6927290558815002 -0.4273768961429596 0.5809264183044434 -0.6616987586021423 0.3963526785373688 0.8985560536384583 0.18841826915740967 -0.23663629591464996 -0.6025205850601196 0.09972891956567764 0.7918478846549988 0.24163569509983063
1305031457.69157 0.6894960403442383 -0.43822845816612244 0.576672375202179 -0.6740037798881531 0.3999573588371277 0.8941575884819031 0.2012864500284195 -0.24810324609279633 -0.6038454174995422 0.0918581485748291 0.7917908430099487 0.2416035532951355
1305031457.727669 0.6891956925392151 -0.4395657777786255 0.5760131478309631 -0.6812342405319214 0.39569953083992004 0.8942841291427612 0.2089921534061432 -0.2658979594707489 -0.6069851517677307 0.08389164507389069 0.7902727723121643 0.24274097383022308
1305031457.759556 0.6871832609176636 -0.43699783086776733 0.580355167388916 -0.6914318799972534 0.39307594299316406 0.8954744935035706 0.2088465839624405 -0.281593382358551 -0.6109586954116821 0.08460778743028641 0.7871283292770386 0.24137434363365173
1305031457.791567 0.6824459433555603 -0.43291398882865906 0.5889423489570618 -0.6944507360458374 0.3904331624507904 0.897061824798584 0.20698300004005432 -0.3055863380432129 -0.6179234385490417 0.08868793398141861 0.7812202572822571 0.24054796993732452
1305031457.827699 0.6720196604728699 -0.418914794921875 0.6106552481651306 -0.7145869731903076 0.39421671628952026 0.9004349708557129 0.1838749498128891 -0.3007424473762512 -0.626883327960968 0.11716286838054657 0.7702533006668091 0.23677057027816772
1305031457.859623 0.6610705256462097 -0.41849949955940247 0.622771143913269 -0.7241048812866211 0.39187905192375183 0.9003790616989136 0.18907193839550018 -0.3157867193222046 -0.6398565173149109 0.11906101554632187 0.7592153549194336 0.23855072259902954
1305031457.891593 0.6473860144615173 -0.41425758600234985 0.6397514343261719 -0.7338313460350037 0.38920679688453674 0.9013806581497192 0.1898185908794403 -0.3419797122478485 -0.6552934050559998 0.12610965967178345 0.7447730302810669 0.24822041392326355
1305031457.927633 0.6369322538375854 -0.400531142950058 0.6587046980857849 -0.7529795169830322 0.4010777473449707 0.901862382888794 0.16056449711322784 -0.34121090173721313 -0.6583719849586487 0.1619231104850769 0.7350694537162781 0.25231248140335083
1305031457.959632 0.6304936408996582 -0.3988523483276367 0.6658787727355957 -0.7689683437347412 0.4064253866672516 0.900515079498291 0.15456826984882355 -0.3530491292476654 -0.661283552646637 0.17317573726177216 0.7298726439476013 0.2587665617465973
1305031457.991644 0.629185140132904 -0.39557647705078125 0.6690630316734314 -0.7726621627807617 0.40966352820396423 0.900306761264801 0.14705029129981995 -0.36497989296913147 -0.6605314612388611 0.18156887590885162 0.728512704372406 0.2631179690361023
1305031458.027845 0.624405562877655 -0.38911163806915283 0.6772810220718384 -0.776576042175293 0.41263484954833984 0.9005414247512817 0.1369587481021881 -0.38112568855285645 -0.6632118821144104 0.19395196437835693 0.7228642106056213 0.2660520374774933
1305031458.059689 0.6129489541053772 -0.37851813435554504 0.6935542821884155 -0.7938140630722046 0.41887956857681274 0.8999486565589905 0.12096409499645233 -0.3783426284790039 -0.6699503660202026 0.21637088060379028 0.7101761102676392 0.2787029445171356
1305031458.09169 0.6046589016914368 -0.3811979293823242 0.6993393898010254 -0.8026794791221619 0.42140164971351624 0.8981852531433105 0.12523546814918518 -0.38351672887802124 -0.6758758425712585 0.21897806227207184 0.7037331461906433 0.28879308700561523
1305031458.127605 0.5962855815887451 -0.3839040696620941 0.7050256133079529 -0.8092873096466064 0.4202463924884796 0.8975632786750793 0.13331620395183563 -0.39610421657562256 -0.6839857697486877 0.21678997576236725 0.6965382099151611 0.3047277331352234
1305031458.159638 0.5880952477455139 -0.38297930359840393 0.7123699188232422 -0.8175441026687622 0.4224890470504761 0.896527111530304 0.1331997960805893 -0.40647026896476746 -0.6896716952323914 0.22263425588607788 0.6890478730201721 0.3254740238189697
1305031458.191646 0.5828031897544861 -0.385130912065506 0.715552031993866 -0.8309973478317261 0.4289906322956085 0.8936720490455627 0.13159579038619995 -0.4072791635990143 -0.6901503801345825 0.2302706092596054 0.6860523819923401 0.3434760570526123
1305031458.227611 0.5819682478904724 -0.3959727883338928 0.710294783115387 -0.8379905819892883 0.4279538691043854 0.8918411135673523 0.1465436965227127 -0.417161226272583 -0.6914972066879272 0.21868957579135895 0.6884812712669373 0.3657934069633484
1305031458.259934 0.5850722193717957 -0.4009478688240051 0.7049337029457092 -0.8336279988288879 0.4208131730556488 0.8931506872177124 0.1587393432855606 -0.4470617175102234 -0.6932581663131714 0.20377139747142792 0.6912817358970642 0.3860512673854828
1305031458.291664 0.5856050252914429 -0.39065176248550415 0.7102519869804382 -0.8465995788574219 0.42566436529159546 0.8938774466514587 0.14068745076656342 -0.4550844132900238 -0.6898380517959595 0.21994173526763916 0.6897456049919128 0.40653711557388306
1305031458.327628 0.5916102528572083 -0.39301231503486633 0.7039450407028198 -0.8496792316436768 0.4318960905075073 0.8917772173881531 0.13490429520606995 -0.4615198075771332 -0.6807811260223389 0.22422033548355103 0.6973250508308411 0.4221401512622833
1305031458.35959 0.5940526723861694 -0.3930356800556183 0.7018719911575317 -0.8476705551147461 0.43654200434684753 0.8903716802597046 0.12911012768745422 -0.4885581135749817 -0.6756718754768372 0.22969840466976166 0.7005041241645813 0.4388112425804138
1305031458.391626 0.5959895253181458 -0.37891948223114014 0.7079664468765259 -0.8519520163536072 0.44572004675865173 0.8894739151000977 0.10084432363510132 -0.48410069942474365 -0.6679295897483826 0.2554527223110199 0.6990092396736145 0.45601874589920044
1305031458.427598 0.589104175567627 -0.3805723786354065 0.7128260731697083 -0.8494588732719421 0.46426278352737427 0.8814238905906677 0.08690260350704193 -0.4835459589958191 -0.6613746285438538 0.2797439396381378 0.6959360837936401 0.47366589307785034
1305031458.459637 0.5777297616004944 -0.3791600167751312 0.7228182554244995 -0.8396701812744141 0.4811450242996216 0.8735412955284119 0.0736563503742218 -0.49211621284484863 -0.6593392491340637 0.3052269220352173 0.6871016025543213 0.4829171299934387
1305031458.491696 0.5661929249763489 -0.3475896418094635 0.7474002242088318 -0.8334598541259766 0.4830072224140167 0.8746619820594788 0.04087258130311966 -0.4966762065887451 -0.6679294109344482 0.3378579616546631 0.6631156206130981 0.49714434146881104
1305031458.527737 0.5502508282661438 -0.3117506206035614 0.7746198177337646 -0.8413205146789551 0.48357391357421875 0.8752598166465759 0.008747510612010956 -0.4809386134147644 -0.6807206869125366 0.3697725534439087 0.6323668956756592 0.5243563652038574
1305031458.559628 0.5414072275161743 -0.2958050072193146 0.7870054841041565 -0.8364617824554443 0.48154374957084656 0.8764201402664185 -0.0018574930727481842 -0.4742557406425476 -0.6891980171203613 0.3799832761287689 0.6169431805610657 0.5386825799942017
1305031458.591641 0.5345445871353149 -0.27298012375831604 0.799839973449707 -0.8347002267837524 0.4737100899219513 0.880534291267395 -0.01606687158346176 -0.47593528032302856 -0.6999006867408752 0.3874807357788086 0.5999982357025146 0.5637059211730957
1305031458.627659 0.5370820760726929 -0.2539265751838684 0.8044030070304871 -0.8384702801704407 0.46825215220451355 0.8829434514045715 -0.03392214700579643 -0.44920504093170166 -0.7016286849975586 0.3948824405670166 0.5931147336959839 0.5910853743553162
1305031458.659623 0.5376837849617004 -0.26538270711898804 0.8002925515174866 -0.8422930836677551 0.4660557210445404 0.8845336437225342 -0.019806234166026115 -0.45563796162605286 -0.7026295065879822 0.3836304843425751 0.599282443523407 0.6157299876213074
1305031458.691674 0.5673608779907227 -0.26611417531967163 0.7792849540710449 -0.8396885395050049 0.44794216752052307 0.8938183188438416 -0.02090025693178177 -0.4581737816333771 -0.6909772157669067 0.3609326183795929 0.6263210773468018 0.6311725974082947
1305031458.72765 0.5919907689094543 -0.2615946829319 0.762309193611145 -0.8236984014511108 0.4396299719810486 0.8975576758384705 -0.0333993136882782 -0.45491456985473633 -0.6754794120788574 0.35490599274635315 0.6463506817817688 0.6519076228141785
1305031458.759945 0.6213698387145996 -0.24363379180431366 0.7446759343147278 -0.8195536136627197 0.424076646566391 0.9037557244300842 -0.05817718058824539 -0.4518393576145172 -0.6588311195373535 0.35194918513298035 0.6648858785629272 0.665059506893158
1305031458.791632 0.654269278049469 -0.22891348600387573 0.7207846641540527 -0.8101727962493896 0.4034576714038849 0.9117817282676697 -0.07665380835533142 -0.43398866057395935 -0.6396511197090149 0.34095826745033264 0.6889076232910156 0.6793768405914307
1305031458.827564 0.6700747609138489 -0.2377406805753708 0.7031922340393066 -0.7958548665046692 0.3979549705982208 0.9147341847419739 -0.06995263695716858 -0.4344470500946045 -0.626603364944458 0.32671231031417847 0.7075502276420593 0.6892556548118591
1305031458.859887 0.6773825287818909 -0.23685750365257263 0.6964563131332397 -0.7873247265815735 0.3957902789115906 0.9153838157653809 -0.07363840937614441 -0.4430594742298126 -0.6200831532478333 0.32553204894065857 0.7138106822967529 0.6941189169883728
1305031458.891665 0.6816909313201904 -0.2138735055923462 0.6996825337409973 -0.7819893956184387 0.38209205865859985 0.9196165800094604 -0.09116583317518234 -0.4350399672985077 -0.6239417195320129 0.3294900953769684 0.7086134552955627 0.7037162780761719
1305031458.927621 0.668800413608551 -0.21834366023540497 0.7106561660766602 -0.7871148586273193 0.39042359590530396 0.916628360748291 -0.08580166846513748 -0.43044424057006836 -0.632673442363739 0.33484116196632385 0.6982877254486084 0.715697705745697
1305031458.959617 0.6498363614082336 -0.2483619749546051 0.7183516621589661 -0.788723349571228 0.41359859704971313 0.9084765911102295 -0.06005464121699333 -0.44068512320518494 -0.6376904845237732 0.3361348807811737 0.6930831074714661 0.7239188551902771
1305031458.991647 0.6370346546173096 -0.2561039626598358 0.7270471453666687 -0.7891880869865417 0.4187570810317993 0.9068567156791687 -0.04747030511498451 -0.4707576036453247 -0.6471702456474304 0.3346964418888092 0.6849445104598999 0.7376464009284973
1305031459.027665 0.636728823184967 -0.24199312925338745 0.7321308255195618 -0.8016170859336853 0.4205409288406372 0.9048207402229309 -0.06666861474514008 -0.48111817240715027 -0.6463139057159424 0.350340873003006 0.6778935194015503 0.7555492520332336
1305031459.059631 0.6416084170341492 -0.2430618405342102 0.7275022268295288 -0.8052592873573303 0.4366585910320282 0.8955160975456238 -0.08590767532587051 -0.48999711871147156 -0.6306090950965881 0.372789204120636 0.6807058453559875 0.7739585638046265
1305031459.09165 0.6442256569862366 -0.2528722286224365 0.7218232750892639 -0.8289380073547363 0.4597925543785095 0.8822298645973206 -0.10129725933074951 -0.5177984833717346 -0.6111987829208374 0.3971472978591919 0.6846239566802979 0.7944946885108948
1305031459.127618 0.6731309294700623 -0.24417124688625336 0.6980509161949158 -0.8369446396827698 0.4627627432346344 0.8753487467765808 -0.14005421102046967 -0.5231450200080872 -0.5768406987190247 0.4173068106174469 0.7022177577018738 0.8188505172729492
1305031459.159639 0.7004078030586243 -0.2549504339694977 0.6666551232337952 -0.8517196178436279 0.4716167151927948 0.8663886189460754 -0.1641596555709839 -0.542104184627533 -0.5357298851013184 0.4293844699859619 0.727064311504364 0.820829451084137
1305031459.191674 0.7280974984169006 -0.2582381069660187 0.6349701881408691 -0.8393641114234924 0.4750033915042877 0.8579350709915161 -0.19575293362140656 -0.5336235165596008 -0.49421218037605286 0.44414016604423523 0.7473243474960327 0.8321809768676758
1305031459.227607 0.7279290556907654 -0.2700304090976715 0.6302403211593628 -0.856859564781189 0.4919879734516144 0.8459268808364868 -0.20580454170703888 -0.5366221070289612 -0.4775637686252594 0.45988181233406067 0.7486264705657959 0.8594882488250732
1305031459.25976 0.7263622879981995 -0.28423330187797546 0.6257868409156799 -0.8633734583854675 0.5052509903907776 0.8380739092826843 -0.20579981803894043 -0.5335727334022522 -0.46596044301986694 0.46566468477249146 0.7523544430732727 0.8614255785942078
1305031459.29169 0.700303316116333 -0.30581435561180115 0.6450215578079224 -0.8738114833831787 0.5317158699035645 0.8263588547706604 -0.1854977160692215 -0.5380686521530151 -0.47629132866859436 0.47287291288375854 0.7413081526756287 0.8635030388832092
1305031459.327632 0.6684236526489258 -0.33409053087234497 0.6645249128341675 -0.8493061661720276 0.5704509019851685 0.8035895824432373 -0.1697923094034195 -0.5309937000274658 -0.47727933526039124 0.49257203936576843 0.7277205586433411 0.8724756240844727
1305031459.359651 0.6232095956802368 -0.34023338556289673 0.7041670083999634 -0.8576393127441406 0.6021713614463806 0.7832782864570618 -0.1544826179742813 -0.5246299505233765 -0.4989985227584839 0.5203042030334473 0.6930251717567444 0.8852509260177612
1305031459.391667 0.5652644038200378 -0.3428528904914856 0.7502853870391846 -0.8814401626586914 0.6339902877807617 0.7624672055244446 -0.1292281448841095 -0.5055992603302002 -0.5277617573738098 0.5487216711044312 0.6483608484268188 0.9130169153213501
1305031459.427646 0.48583894968032837 -0.38178524374961853 0.786257266998291 -0.8707159161567688 0.6866744756698608 0.7232804894447327 -0.07309991866350174 -0.49630293250083923 -0.5407760143280029 0.5754174590110779 0.6135600805282593 0.9340780973434448
1305031459.459679 0.3683824837207794 -0.422383576631546 0.8281826376914978 -0.8928815126419067 0.7511656880378723 0.6601088643074036 0.0025391727685928345 -0.5148019790649414 -0.5477632284164429 0.6211668252944946 0.5604526400566101 0.9364845156669617
1305031459.491555 0.28806859254837036 -0.4279855191707611 0.8566474914550781 -0.9065279960632324 0.7779748439788818 0.6262024641036987 0.05124104022979736 -0.513262152671814 -0.5583652257919312 0.6516891717910767 0.5133512020111084 0.9777998328208923
1305031459.527594 0.22901234030723572 -0.45823484659194946 0.8588213920593262 -0.8980689644813538 0.8166303038597107 0.570612907409668 0.08669576793909073 -0.4912252724170685 -0.5297814607620239 0.6814848780632019 0.5048857927322388 0.9849864840507507
1305031459.559647 0.16304294764995575 -0.48053207993507385 0.8616878390312195 -0.9117197394371033 0.8423671722412109 0.5224913954734802 0.13198716938495636 -0.5030651688575745 -0.5136484503746033 0.7043378353118896 0.489972859621048 0.9868146777153015
1305031459.591695 0.12234081327915192 -0.49758192896842957 0.8587461709976196 -0.9270962476730347 0.8595283627510071 0.48572880029678345 0.15899275243282318 -0.5153221487998962 -0.4962296485900879 0.7186651229858398 0.4871101975440979 0.990856945514679
1305031459.627608 0.11252798140048981 -0.5004938840866089 0.8583958745002747 -0.934518575668335 0.8600420951843262 0.48172610998153687 0.16813012957572937 -0.5179502964019775 -0.4976598024368286 0.7193372249603271 0.4846533536911011 1.0049415826797485
1305031459.659641 0.09521451592445374 -0.48685160279273987 0.8682798147201538 -0.9381928443908691 0.8591634631156921 0.4807252287864685 0.17533168196678162 -0.5175037980079651 -0.5027644038200378 0.7293002605438232 0.464057058095932 1.024791955947876
1305031459.691604 0.06327486783266068 -0.49167871475219727 0.8684747815132141 -0.9476801156997681 0.8543002605438232 0.47654440999031067 0.2075488567352295 -0.5323295593261719 -0.5159140825271606 0.728805661201477 0.45019444823265076 1.0365478992462158
1305031459.727551 0.035573750734329224 -0.49583157896995544 0.867689847946167 -0.9526833295822144 0.8519360423088074 0.4689328670501709 0.23303844034671783 -0.5515711307525635 -0.5224359631538391 0.7309262752532959 0.43909841775894165 1.0471341609954834
1305031459.759635 0.02216460555791855 -0.4947464168071747 0.8687548041343689 -0.9595144391059875 0.8448061347007751 0.4739445745944977 0.24835264682769775 -0.577116847038269 -0.5346130132675171 0.7284248471260071 0.4284695088863373 1.0524860620498657
1305031459.79165 0.024761823937296867 -0.4860756993293762 0.8735658526420593 -0.9673342108726501 0.8392003178596497 0.4849700927734375 0.2460627257823944 -0.5858216285705566 -0.5432584285736084 0.7270037531852722 0.4199236035346985 1.0667805671691895
1305031459.827664 0.024012822657823563 -0.4844227731227875 0.8745043873786926 -0.9738932847976685 0.8356519341468811 0.4898735284805298 0.24841439723968506 -0.6010627746582031 -0.5487342476844788 0.7248161435127258 0.41657203435897827 1.0806461572647095
1305031459.85966 0.015651702880859375 -0.4957697093486786 0.8683130145072937 -0.9837050437927246 0.831697404384613 0.48849448561668396 0.2639177739620209 -0.6320988535881042 -0.5550084114074707 0.7180429100990295 0.41997602581977844 1.0907821655273438
1305031459.891596 0.02159719727933407 -0.5042763948440552 0.8632721900939941 -0.9809873104095459 0.8325313925743103 0.4871644675731659 0.2637466788291931 -0.6387953758239746 -0.5535567998886108 0.7130049467086792 0.4303472638130188 1.1033508777618408
1305031459.927607 0.023453596979379654 -0.5069010853767395 0.8616850972175598 -0.9810456037521362 0.8358439803123474 0.4828074872493744 0.26126953959465027 -0.6518691778182983 -0.5484657883644104 0.7141066789627075 0.4350137412548065 1.1115729808807373
1305031459.95965 0.021769365295767784 -0.5132746696472168 0.8579482436180115 -0.9837920665740967 0.840982973575592 0.47344833612442017 0.2619054913520813 -0.6650904417037964 -0.5406234860420227 0.7158182859420776 0.4419618546962738 1.11666738986969
1305031459.991725 0.013477488420903683 -0.5218226909637451 0.852947473526001 -0.9870301485061646 0.8429035544395447 0.4648095369338989 0.2710459232330322 -0.6843557357788086 -0.537895917892456 0.7152994871139526 0.4461105763912201 1.1236894130706787
1305031460.027565 0.0057927509769797325 -0.5307644009590149 0.8474996089935303 -0.9806220531463623 0.8451125025749207 0.4556506872177124 0.2795844078063965 -0.7035956978797913 -0.5345572829246521 0.7146129012107849 0.45119509100914 1.1264641284942627
1305031460.059659 0.0020393147133290768 -0.5281971096992493 0.849119246006012 -0.9795947074890137 0.8454381823539734 0.4544011950492859 0.28063100576400757 -0.7151251435279846 -0.5340693593025208 0.717305600643158 0.44748470187187195 1.135284423828125
1305031460.091717 0.0003609596751630306 -0.5269352793693542 0.8499053120613098 -0.9808915257453918 0.852866530418396 0.4439224600791931 0.2748664617538452 -0.7304731607437134 -0.5221289396286011 0.7247565388679504 0.44956573843955994 1.1467496156692505
1305031460.12769 0.0009559802711009979 -0.5327051281929016 0.8463002443313599 -0.9783458709716797 0.8661278486251831 0.4234406650066376 0.2655569911003113 -0.7515127658843994 -0.4998215436935425 0.7327504754066467 0.4617955982685089 1.149115800857544
1305031460.159678 0.009609656408429146 -0.5298812389373779 0.8480173349380493 -0.9711289405822754 0.8827425241470337 0.4028957784175873 0.24174512922763824 -0.750749945640564 -0.4697588384151459 0.7462578415870667 0.4716204106807709 1.155077338218689
1305031460.191559 0.004790939390659332 -0.5410873293876648 0.8409528136253357 -0.9677090644836426 0.8877845406532288 0.3893459737300873 0.24545584619045258 -0.7688133120536804 -0.4602345824241638 0.7454088926315308 0.4822342097759247 1.1615564823150635
1305031460.227761 0.002493769396096468 -0.5458915829658508 0.8378521203994751 -0.955380916595459 0.8925448060035706 0.37904834747314453 0.2443075031042099 -0.7742040157318115 -0.45095184445381165 0.7472113370895386 0.488178014755249 1.1586837768554688
1305031460.259667 -0.007891550660133362 -0.5385357737541199 0.8425657153129578 -0.9499456882476807 0.8909280300140381 0.37882599234580994 0.25047567486763 -0.7818207144737244 -0.4540759027004242 0.752642035484314 0.47680720686912537 1.1600416898727417
1305031460.291689 -0.02297094464302063 -0.5327087640762329 0.8459869027137756 -0.9447507858276367 0.8864213228225708 0.3804611563682556 0.2636411190032959 -0.7936702966690063 -0.4623090326786041 0.7559568285942078 0.4634648561477661 1.1633822917938232
1305031460.327512 -0.03882504254579544 -0.525824248790741 0.8497067093849182 -0.9406697750091553 0.8834666609764099 0.37924879789352417 0.27505823969841003 -0.8034713268280029 -0.466882586479187 0.7613666653633118 0.449823796749115 1.1660852432250977
1305031460.35963 -0.05926349014043808 -0.5196872353553772 0.8522987365722656 -0.936184287071228 0.878287136554718 0.378650039434433 0.29195159673690796 -0.8134202361106873 -0.47444647550582886 0.7658649682998657 0.4339945912361145 1.173635721206665
1305031460.391611 -0.0839553102850914 -0.5201650261878967 0.8499293327331543 -0.930834949016571 0.873189389705658 0.3725404143333435 0.3142513036727905 -0.8242477178573608 -0.4800955653190613 0.7685323357582092 0.4229258596897125 1.175472378730774
1305031460.427477 -0.10885797441005707 -0.5154848098754883 0.8499560952186584 -0.9256318807601929 0.8696823120117188 0.36473923921585083 0.3325929343700409 -0.834774374961853 -0.4814589321613312 0.7753970623016357 0.4086032509803772 1.1773545742034912
1305031460.45962 -0.1332438737154007 -0.5069625973701477 0.8516073226928711 -0.9162289500236511 0.8651197552680969 0.35973668098449707 0.34950974583625793 -0.8334172368049622 -0.4835427701473236 0.7833124399185181 0.39065077900886536 1.1825364828109741
1305031460.491504 -0.17691980302333832 -0.5030364990234375 0.8459632396697998 -0.9121406078338623 0.8545575141906738 0.3479152321815491 0.38559868931770325 -0.8476250171661377 -0.48829370737075806 0.7911441922187805 0.3683205842971802 1.193695306777954
1305031460.52757 -0.21123602986335754 -0.5081760883331299 0.8349469900131226 -0.9095783233642578 0.847433865070343 0.3304527699947357 0.415519654750824 -0.859392523765564 -0.48706766963005066 0.7953351140022278 0.36084216833114624 1.1925342082977295
1305031460.559647 -0.2320292592048645 -0.5089752674102783 0.828918993473053 -0.9002166986465454 0.840162456035614 0.3245844841003418 0.434478759765625 -0.8629314303398132 -0.49019312858581543 0.7972385287284851 0.3523087501525879 1.1954412460327148
1305031460.591855 -0.2547558546066284 -0.5070123672485352 0.8234306573867798 -0.8960884809494019 0.8279726505279541 0.32553625106811523 0.45660412311553955 -0.8778797388076782 -0.49956047534942627 0.7981007099151611 0.3368600606918335 1.2016199827194214
1305031460.627625 -0.27529993653297424 -0.5072286128997803 0.8166572451591492 -0.8881045579910278 0.8199123740196228 0.3196549117565155 0.47493603825569153 -0.889625608921051 -0.501949667930603 0.8003373742103577 0.3278821110725403 1.2020905017852783
1305031460.659764 -0.2903342843055725 -0.5019535422325134 0.8147078156471252 -0.8839914798736572 0.8099137544631958 0.32454270124435425 0.4885813593864441 -0.9011672735214233 -0.5096526145935059 0.8016949892044067 0.3123130798339844 1.209647297859192
1305031460.691671 -0.3075684607028961 -0.5004738569259644 0.8092758655548096 -0.880315899848938 0.7999034523963928 0.32461628317832947 0.5047560930252075 -0.9165784120559692 -0.5153214335441589 0.8025896549224854 0.30048900842666626 1.222193717956543
1305031460.727675 -0.31217411160469055 -0.5064613819122314 0.8037686944007874 -0.873119592666626 0.7949938178062439 0.32393878698349 0.5128825902938843 -0.9228010177612305 -0.5201271176338196 0.7990997433662415 0.3015083968639374 1.2264662981033325
1305031460.759667 -0.32134222984313965 -0.509568452835083 0.7981724143028259 -0.8648879528045654 0.7867470383644104 0.32544583082199097 0.5245131850242615 -0.9342669248580933 -0.5270371437072754 0.7965080142021179 0.2963220179080963 1.2281802892684937
1305031460.79166 -0.3303089141845703 -0.5093936920166016 0.794615626335144 -0.8580464124679565 0.7784712314605713 0.32903382182121277 0.5345271825790405 -0.9460059404373169 -0.533740222454071 0.7951444983482361 0.2878655791282654 1.2376210689544678
1305031460.82766 -0.3308912515640259 -0.5159915089607239 0.7901036739349365 -0.8515406847000122 0.7725385427474976 0.3327137529850006 0.5408197045326233 -0.9528089165687561 -0.5419367551803589 0.7893379926681519 0.28853124380111694 1.2431421279907227
1305031460.859714 -0.33654895424842834 -0.5218818783760071 0.7838201522827148 -0.8431541323661804 0.7629450559616089 0.3367718756198883 0.5518146753311157 -0.957931399345398 -0.5519505739212036 0.7837245464324951 0.28482699394226074 1.2492941617965698
1305031460.891774 -0.34542611241340637 -0.5300966501235962 0.7743889093399048 -0.8323265314102173 0.7499539852142334 0.3401201665401459 0.5673509240150452 -0.9683853387832642 -0.5641360282897949 0.7767341136932373 0.2800617516040802 1.2550207376480103
1305031460.927562 -0.3517902195453644 -0.536200761795044 0.7672889232635498 -0.822424054145813 0.7419232130050659 0.3400956094264984 0.5778277516365051 -0.9780910611152649 -0.5707830786705017 0.7725438475608826 0.2781774401664734 1.262781023979187
1305031460.959649 -0.3554764986038208 -0.545089602470398 0.759285032749176 -0.8095772862434387 0.7400143146514893 0.3321114182472229 0.5848767161369324 -0.9872018098831177 -0.5709773898124695 0.7697919011116028 0.28531622886657715 1.2592896223068237
1305031460.991668 -0.36446309089660645 -0.5432389974594116 0.7563450932502747 -0.7962871193885803 0.7338873744010925 0.33239978551864624 0.5923847556114197 -0.9991716146469116 -0.5732153654098511 0.7709746360778809 0.2775288224220276 1.2612396478652954
1305031461.02762 -0.36977845430374146 -0.5394222736358643 0.7564967274665833 -0.7852845191955566 0.7318249940872192 0.33255189657211304 0.5948457717895508 -1.0078632831573486 -0.5724474191665649 0.7735845446586609 0.27179205417633057 1.2654646635055542
1305031461.059662 -0.3742128312587738 -0.5317385196685791 0.759749174118042 -0.7765569686889648 0.7319573760032654 0.33367064595222473 0.5940557718276978 -1.0157383680343628 -0.5693883895874023 0.7784072756767273 0.2643461227416992 1.2715917825698853
1305031461.091728 -0.37131795287132263 -0.5351936221122742 0.7587428689002991 -0.7680008411407471 0.7326542735099792 0.33310604095458984 0.5935133099555969 -1.0202951431274414 -0.5703862905502319 0.7762783765792847 0.2684236764907837 1.2764414548873901
1305031461.127586 -0.36852458119392395 -0.5416666865348816 0.7555042505264282 -0.7554564476013184 0.7306233644485474 0.3337324857711792 0.5956609845161438 -1.0266706943511963 -0.5747861862182617 0.7715047597885132 0.27276572585105896 1.2727365493774414
1305031461.15972 -0.36948907375335693 -0.5406131744384766 0.7557879090309143 -0.7404518127441406 0.7279163002967834 0.33716827630996704 0.597038745880127 -1.034649133682251 -0.5775946974754333 0.7707496881484985 0.26894113421440125 1.273868441581726
