1305031110.779193 0.9998276829719543 0.013883186504244804 -0.012325081042945385 -0.021394725888967514 -0.013809001073241234 0.999886155128479 0.006083900108933449 0.002207658253610134 0.012408141978085041 -0.005912655033171177 0.9999054670333862 0.0026615902315825224
1305031110.811386 0.9997566342353821 0.01740678772330284 -0.01355280913412571 -0.02294844761490822 -0.01730937696993351 0.9998236894607544 0.007272150833159685 0.002626632573083043 0.013677003793418407 -0.007035790476948023 0.9998816251754761 0.0032705552875995636
1305031110.843218 0.9996638298034668 0.019690344110131264 -0.016867099329829216 -0.025984378531575203 -0.019485706463456154 0.9997355937957764 0.012212060391902924 0.00028773475787602365 0.017103098332881927 -0.011879284866154194 0.9997830986976624 0.003498382866382599
1305031110.879313 0.9996885061264038 0.01582524925470352 -0.019304126501083374 -0.028856104239821434 -0.015525641851127148 0.9997581243515015 0.01557293999940157 -0.00381273590028286 0.019545909017324448 -0.015268376097083092 0.9996924996376038 -0.0012026942567899823
1305031110.911333 0.9995971918106079 0.016712293028831482 -0.022940706461668015 -0.027337126433849335 -0.016335517168045044 0.9997302293777466 0.016514260321855545 -0.002815074985846877 0.023210512474179268 -0.016132859513163567 0.9996004700660706 -0.0017526547890156507
1305031110.943862 0.9992617964744568 0.023966899141669273 -0.030027296394109726 -0.019657935947179794 -0.023653993383049965 0.9996625781059265 0.010733239352703094 0.003892930457368493 0.0302744098007679 -0.010015049017965794 0.9994914531707764 0.004530640318989754
1305031110.979345 0.9992529153823853 0.02515321969985962 -0.02934115007519722 -0.014454467222094536 -0.024852970615029335 0.9996353983879089 0.010553177446126938 0.0064205750823020935 0.02959590218961239 -0.009816077537834644 0.9995136857032776 0.00015169865218922496
1305031111.011431 0.9993743896484375 0.022586185485124588 -0.027216484770178795 -0.0016880132025107741 -0.02220638282597065 0.9996528625488281 0.014177263714373112 0.006588923744857311 0.027527248486876488 -0.013564013876020908 0.9995290040969849 0.0013216760708019137
1305031111.043327 0.9997726082801819 0.01873285509645939 -0.010190634056925774 -0.0010485792299732566 -0.01864785887300968 0.9997910261154175 0.00837339460849762 0.01080715749412775 0.010345363058149815 -0.008181458339095116 0.9999130368232727 0.005932758096605539
1305031111.079283 0.9998877048492432 0.014976737089455128 -0.0005032382905483246 -7.525362889282405e-05 -0.014970783144235611 0.9998352527618408 0.010264921002089977 0.014624754898250103 0.0006568888202309608 -0.010256233625113964 0.9999472498893738 0.00479213846847415
1305031111.111508 0.999981164932251 0.0058387042954564095 -0.0018472109222784638 0.011780539527535439 -0.005809931084513664 0.9998672604560852 0.015216665342450142 0.01109094824641943 0.0019358110148459673 -0.01520564965903759 0.9998824596405029 0.005267661530524492
1305031111.143257 0.999989926815033 0.003771977499127388 0.0024279963690787554 0.020667150616645813 -0.003798063611611724 0.9999341368675232 0.010830676183104515 0.011849767528474331 -0.0023869830183684826 -0.010839788243174553 0.9999383687973022 0.0070693171583116055
1305031111.179326 0.9999739527702332 0.0022537067998200655 0.006854290142655373 0.034045569598674774 -0.0022928433027118444 0.9999811053276062 0.005707377102226019 0.013719008304178715 -0.006841299124062061 -0.005722944624722004 0.9999602437019348 0.006015423685312271
1305031111.211433 0.9997067451477051 -0.004706486128270626 0.023754838854074478 0.041620709002017975 0.004662028513848782 0.9999873638153076 0.0019266041927039623 0.015842784196138382 -0.023763608187437057 -0.0018152936827391386 0.9997159242630005 0.003247152315452695
1305031111.243236 0.9995110630989075 -0.009612497873604298 0.02975296415388584 0.048825643956661224 0.009425695054233074 0.9999350905418396 0.006412399932742119 0.009984451346099377 -0.029812678694725037 -0.006128821987658739 0.9995366334915161 -0.0003162606153637171
1305031111.279308 0.9995212554931641 -0.011808316223323345 0.0285973958671093 0.06411761790513992 0.011977121233940125 0.9999118447303772 -0.0057386974804103374 0.013494353741407394 -0.02852710708975792 0.006078463047742844 0.9995745420455933 0.003918557893484831
1305031111.311547 0.9988309741020203 -0.02059934101998806 0.043730176985263824 0.06516674906015396 0.021071428433060646 0.9997242093086243 -0.010362012311816216 0.01487654633820057 -0.04350467398762703 0.01127135194838047 0.9989895820617676 -0.0062695881351828575
1305031111.343397 0.9987801909446716 -0.019549842923879623 0.04534408450126648 0.0652356669306755 0.019915642216801643 0.9997724890708923 -0.00762953981757164 0.019556934013962746 -0.04518461599946022 0.008523289114236832 0.9989423155784607 -0.0028268489986658096
1305031111.379134 0.9990668892860413 -0.02972518280148506 0.03133499622344971 0.08547072112560272 0.029920991510152817 0.9995354413986206 -0.005798442754894495 0.013762789778411388 -0.031148090958595276 0.006730604916810989 0.9994920492172241 -0.002442991593852639
1305031111.411296 0.9991179704666138 -0.025274399667978287 0.03353295102715492 0.09266487509012222 0.025801371783018112 0.9995489716529846 -0.015376591123640537 0.01666058972477913 -0.03312919661402702 0.01622822694480419 0.999319314956665 -0.008009308949112892
1305031111.443386 0.9997342228889465 -0.01804252713918686 0.014352520927786827 0.11359645426273346 0.018225863575935364 0.9997526407241821 -0.012747318483889103 0.016001174226403236 -0.014118978753685951 0.013005520217120647 0.9998157620429993 -0.008286976255476475
1305031111.479259 0.999633252620697 -0.01859651319682598 0.01968597061932087 0.1352093517780304 0.01903635449707508 0.999567985534668 -0.022396473214030266 0.01922721229493618 -0.019260969012975693 0.02276301011443138 0.9995553493499756 -0.0018028534250333905
1305031111.511264 0.9985413551330566 -0.02194630727171898 0.04933028295636177 0.136644184589386 0.023194419220089912 0.9994215369224548 -0.02487257681787014 0.01586809568107128 -0.04875588417053223 0.02598048560321331 0.9984727501869202 -0.011556725949048996
1305031111.54325 0.9979383945465088 -0.025989023968577385 0.05868189409375191 0.150596022605896 0.027849730104207993 0.9991276860237122 -0.031116224825382233 0.015443805605173111 -0.05782202631235123 0.032686349004507065 0.9977916479110718 -0.011613702401518822
1305031111.579237 0.9962790012359619 -0.03881128132343292 0.07695376873016357 0.1629018783569336 0.04194750264286995 0.9983361959457397 -0.039565443992614746 0.020276440307497978 -0.07529013603925705 0.04264624044299126 0.9962493181228638 -0.015874695032835007
1305031111.611271 0.9942758679389954 -0.05063735321164131 0.09408289939165115 0.1625300645828247 0.0544092133641243 0.9977966547012329 -0.03796619549393654 0.020684998482465744 -0.0919531062245369 0.04286784678697586 0.994840145111084 -0.017865099012851715
1305031111.643395 0.9943956136703491 -0.06856022775173187 0.08047834783792496 0.187759667634964 0.07203352451324463 0.9965560436248779 -0.04107585549354553 0.01525434385985136 -0.07738500088453293 0.04664280265569687 0.995909571647644 -0.01757480576634407
1305031111.67932 0.9919635057449341 -0.08356428146362305 0.09500265121459961 0.2014593482017517 0.08916100859642029 0.9944263696670532 -0.056271396577358246 0.02547210268676281 -0.0897708609700203 0.06428970396518707 0.993885338306427 -0.02059570513665676
1305031111.71176 0.9906034469604492 -0.08577919751405716 0.10652101039886475 0.21615652740001678 0.09121362864971161 0.9947106242179871 -0.0472308024764061 0.017987096682190895 -0.10190615057945251 0.056503161787986755 0.9931880831718445 -0.03089210018515587
1305031111.743386 0.9887409210205078 -0.09215658158063889 0.11789217591285706 0.24185015261173248 0.09918516874313354 0.9935368299484253 -0.05519869551062584 0.020243417471647263 -0.11204328387975693 0.0662703737616539 0.9914910197257996 -0.029248928651213646
1305031111.779423 0.9811491966247559 -0.10339952260255814 0.16326288878917694 0.24542322754859924 0.11423634737730026 0.9917342662811279 -0.05842135101556778 0.024233447387814522 -0.1558726578950882 0.0759706199169159 0.9848513603210449 -0.031193807721138
1305031111.811406 0.9792869091033936 -0.10087111592292786 0.17556238174438477 0.2712972164154053 0.11224012076854706 0.9920986890792847 -0.056055162101984024 0.019863342866301537 -0.16852089762687683 0.0745992362499237 0.9828711152076721 -0.04070134833455086
1305031111.843299 0.9742590188980103 -0.10371413081884384 0.20015691220760345 0.27596616744995117 0.11819160729646683 0.9910683631896973 -0.06175871565937996 0.022672759369015694 -0.19196392595767975 0.08382584899663925 0.9778154492378235 -0.04342951625585556
1305031111.879442 0.9698855876922607 -0.1109803169965744 0.21680709719657898 0.27979856729507446 0.12642480432987213 0.9902395606040955 -0.058671984821558 0.023698953911662102 -0.2081795036792755 0.08431491255760193 0.9744496941566467 -0.0463254489004612
1305031111.911354 0.9650779962539673 -0.127666175365448 0.22874867916107178 0.27184417843818665 0.14462576806545258 0.9877313375473022 -0.05890868976712227 0.023150231689214706 -0.21842162311077118 0.08993441611528397 0.9717015027999878 -0.04007893055677414
1305031111.9433 0.9646384119987488 -0.14347295463085175 0.2211066037416458 0.2833724021911621 0.16100303828716278 0.9849206805229187 -0.06331909447908401 0.02461593970656395 -0.2086879014968872 0.09667886048555374 0.9731919765472412 -0.04379914700984955
1305031111.979449 0.9633470177650452 -0.15737992525100708 0.21724186837673187 0.3033487796783447 0.17520219087600708 0.9823676943778992 -0.06525257229804993 0.02764919213950634 -0.2031419575214386 0.100922130048275 0.9739343523979187 -0.047449227422475815
1305031112.011433 0.964592456817627 -0.155022993683815 0.21337611973285675 0.33801698684692383 0.17261001467704773 0.9827557802200317 -0.06630808860063553 0.02688341774046421 -0.1994173377752304 0.10079114139080048 0.9747173190116882 -0.050471432507038116
1305031112.04327 0.9619458317756653 -0.14860886335372925 0.22929394245147705 0.3500247299671173 0.16900767385959625 0.9829856157302856 -0.07194185256958008 0.029268188402056694 -0.21470141410827637 0.10795658826828003 0.9706949591636658 -0.05354532599449158
1305031112.079339 0.9564231634140015 -0.14684505760669708 0.25237149000167847 0.36096808314323425 0.1702878475189209 0.9826429486274719 -0.07358574867248535 0.03183349594473839 -0.2371852844953537 0.11335489153862 0.964828372001648 -0.05501062422990799
1305031112.111423 0.9521386623382568 -0.13784870505332947 0.2728181481361389 0.3652364909648895 0.16433538496494293 0.9834234118461609 -0.07663141191005707 0.033391889184713364 -0.257732093334198 0.11779743432998657 0.9590087532997131 -0.054804421961307526
1305031112.144342 0.9528311491012573 -0.1257016360759735 0.2762463390827179 0.38302183151245117 0.15225628018379211 0.9853531122207642 -0.07679393142461777 0.035959742963314056 -0.26254698634147644 0.11523187905550003 0.9580138325691223 -0.06093471869826317
1305031112.17939 0.9450799822807312 -0.12205707281827927 0.3031930923461914 0.38997402787208557 0.1493324488401413 0.9864198565483093 -0.06837745010852814 0.03662974014878273 -0.29072970151901245 0.10989870131015778 0.9504727721214294 -0.061996228992938995
1305031112.211254 0.9410556554794312 -0.11153163760900497 0.31933557987213135 0.4045414328575134 0.1376418173313141 0.9886433482170105 -0.06032378971576691 0.028892891481518745 -0.3089810013771057 0.10072196274995804 0.9457197785377502 -0.06440691649913788
1305031112.243369 0.936608076095581 -0.10274945199489594 0.3349747955799103 0.418708860874176 0.13190783560276031 0.9891003966331482 -0.06542683392763138 0.025101974606513977 -0.3246012032032013 0.10546508431434631 0.9399527907371521 -0.06742111593484879
1305031112.279353 0.9303382039070129 -0.09410499036312103 0.3544224500656128 0.42039754986763 0.13057926297187805 0.9881736040115356 -0.08038643002510071 0.0323692224919796 -0.3426661491394043 0.12106675654649734 0.9316237568855286 -0.06322827935218811
1305031112.311312 0.9291520714759827 -0.08440016210079193 0.35993483662605286 0.43010708689689636 0.1243823990225792 0.9882017374038696 -0.08936554193496704 0.028568895533680916 -0.34814581274986267 0.1278037279844284 0.9286876320838928 -0.07178870588541031
1305031112.343323 0.9261529445648193 -0.08493777364492416 0.36745938658714294 0.4314725995063782 0.13013535737991333 0.9864423871040344 -0.09998112916946411 0.028124697506427765 -0.35398539900779724 0.14041730761528015 0.9246497750282288 -0.07390781491994858
1305031112.37936 0.9261825084686279 -0.09205061942338943 0.3656677007675171 0.4409050941467285 0.14088691771030426 0.9839911460876465 -0.10914269834756851 0.03099941834807396 -0.34976714849472046 0.1526038646697998 0.9243240356445312 -0.07636384665966034
1305031112.411442 0.9295260906219482 -0.09785669296979904 0.35553523898124695 0.4583613872528076 0.14806745946407318 0.9820540547370911 -0.11681539565324783 0.03557581081986427 -0.33772364258766174 0.16122615337371826 0.9273343086242676 -0.08029324561357498
1305031112.443391 0.9302780032157898 -0.11012189835309982 0.34993699193000793 0.47266384959220886 0.15982170403003693 0.9802598357200623 -0.11639390885829926 0.03166218101978302 -0.33021169900894165 0.16420622169971466 0.9295142292976379 -0.08367561548948288
1305031112.479418 0.9279807806015015 -0.1249820739030838 0.35104310512542725 0.4759298264980316 0.17807620763778687 0.976279079914093 -0.12315832823514938 0.03454844653606415 -0.3273235261440277 0.17680099606513977 0.9282245635986328 -0.0840349942445755
1305031112.511504 0.9270579218864441 -0.13779471814632416 0.3486776649951935 0.4810659885406494 0.19282668828964233 0.9728174209594727 -0.12823419272899628 0.03617331385612488 -0.3215297758579254 0.18611489236354828 0.9284287095069885 -0.08502604812383652
1305031112.543212 0.9283447265625 -0.14527621865272522 0.34215614199638367 0.48978883028030396 0.20115983486175537 0.9703806638717651 -0.13377642631530762 0.03707735612988472 -0.312587171792984 0.19301871955394745 0.9300714731216431 -0.08866747468709946
1305031112.579252 0.9282293319702148 -0.15347766876220703 0.3388729989528656 0.494757741689682 0.21037724614143372 0.9678431749343872 -0.13791601359844208 0.038837045431137085 -0.3068089187145233 0.19930888712406158 0.9306687116622925 -0.08852199465036392
1305031112.611261 0.9277686476707458 -0.16665130853652954 0.33387523889541626 0.5098086595535278 0.22358757257461548 0.9646018147468567 -0.1398288905620575 0.04499349743127823 -0.2987540066242218 0.20437927544116974 0.9321883320808411 -0.09583461284637451
1305031112.643246 0.9217116832733154 -0.18178720772266388 0.3426383137702942 0.5186289548873901 0.23897965252399445 0.961941123008728 -0.13250628113746643 0.0475897379219532 -0.3055099546909332 0.20401617884635925 0.9300758838653564 -0.0972050204873085
1305031112.679952 0.916066586971283 -0.18882478773593903 0.353789746761322 0.5220277309417725 0.24651110172271729 0.960994303226471 -0.12538811564445496 0.047425687313079834 -0.31631359457969666 0.2020769864320755 0.9268821477890015 -0.0956570953130722
1305031112.711251 0.9116129875183105 -0.1920405924320221 0.3634313941001892 0.5216655135154724 0.24958255887031555 0.9611152410507202 -0.11817781627178192 0.047222014516592026 -0.3266044855117798 0.19843854010105133 0.924095094203949 -0.09536315500736237
1305031112.743245 0.9078054428100586 -0.20184771716594696 0.3676231801509857 0.5233134031295776 0.25809210538864136 0.9597984552383423 -0.11034206300973892 0.05370881408452988 -0.3305719494819641 0.19504976272583008 0.9234055280685425 -0.09767352044582367
1305031112.77931 0.9029235243797302 -0.2104143649339676 0.37477338314056396 0.5214771628379822 0.26182278990745544 0.9607809782028198 -0.09137202799320221 0.04986238479614258 -0.3408491909503937 0.18062615394592285 0.9226028323173523 -0.09196823835372925
1305031112.81131 0.9016732573509216 -0.205166295170784 0.3806470036506653 0.509657621383667 0.25443077087402344 0.9634900093078613 -0.08337844908237457 0.0420566126704216 -0.34964317083358765 0.17202842235565186 0.9209538102149963 -0.0850847065448761
1305031112.843286 0.9070118069648743 -0.20395095646381378 0.36842021346092224 0.5095170140266418 0.25232359766960144 0.9636577367782593 -0.08773025870323181 0.05095088854432106 -0.337138295173645 0.17253351211547852 0.9255106449127197 -0.0857846811413765
1305031112.879421 0.9088214039802551 -0.21211859583854675 0.3592342436313629 0.5108451247215271 0.25666508078575134 0.9631314277648926 -0.08062887191772461 0.05005105584859848 -0.32888689637184143 0.16548016667366028 0.9297578930854797 -0.08569464832544327
1305031112.911411 0.9096316695213318 -0.21602456271648407 0.3548290431499481 0.5032809376716614 0.2583790123462677 0.9630447626113892 -0.07606032490730286 0.04859282448887825 -0.3252853453159332 0.16086724400520325 0.9318321347236633 -0.08337825536727905
1305031112.943321 0.913395345211029 -0.21449707448482513 0.34597668051719666 0.49660995602607727 0.25490617752075195 0.964030385017395 -0.075289785861969 0.04707753285765648 -0.3173826038837433 0.15696097910404205 0.9352173209190369 -0.07878345251083374
1305031112.979278 0.9190266728401184 -0.2113816887140274 0.33272746205329895 0.4944135844707489 0.24986840784549713 0.9652165770530701 -0.07695984095335007 0.04668843373656273 -0.3048862814903259 0.15386627614498138 0.9398773908615112 -0.0812726616859436
1305031113.011353 0.9225662350654602 -0.21229714155197144 0.32218244671821594 0.4919498562812805 0.24861764907836914 0.9656456112861633 -0.07561694085597992 0.047765135765075684 -0.2950609028339386 0.1498619019985199 0.9436526894569397 -0.08663041889667511
1305031113.043231 0.9238919019699097 -0.21122056245803833 0.3190762400627136 0.4850776493549347 0.2454020082950592 0.9668519496917725 -0.0705345869064331 0.04879332333803177 -0.2936011552810669 0.14346830546855927 0.9451006054878235 -0.08108644187450409
1305031113.079251 0.9263892769813538 -0.19965653121471405 0.31928059458732605 0.4719539284706116 0.23143190145492554 0.9707120060920715 -0.0644797831773758 0.037650275975465775 -0.297055721282959 0.1336250901222229 0.945464015007019 -0.07695687562227249
1305031113.111316 0.9312999844551086 -0.18769727647304535 0.3121699094772339 0.46046850085258484 0.22127500176429749 0.9722819924354553 -0.07553175836801529 0.04151667654514313 -0.2893401086330414 0.1394181251525879 0.9470189213752747 -0.07659735530614853
1305031113.143306 0.9349183440208435 -0.18715578317642212 0.3014969825744629 0.4565584659576416 0.2190556824207306 0.9727940559387207 -0.07540754228830338 0.04605603218078613 -0.2791815400123596 0.13654452562332153 0.950480580329895 -0.07983484864234924
1305031113.179343 0.9349901676177979 -0.19270429015159607 0.2977554500102997 0.44717562198638916 0.22197331488132477 0.9727139472961426 -0.06749416887760162 0.03886449337005615 -0.27662453055381775 0.12920017540454865 0.9522531628608704 -0.0776989609003067
1305031113.211259 0.9372743368148804 -0.19284656643867493 0.29039114713668823 0.43313708901405334 0.2229061871767044 0.972031831741333 -0.07393898814916611 0.037714242935180664 -0.26801055669784546 0.13403105735778809 0.9540471434593201 -0.07523192465305328
1305031113.243227 0.9404358863830566 -0.19369035959243774 0.2794000804424286 0.41765549778938293 0.2228698879480362 0.9718466997146606 -0.07644060999155045 0.041454561054706573 -0.25672832131385803 0.13415740430355072 0.9571269750595093 -0.07494628429412842
1305031113.279312 0.9427647590637207 -0.19855478405952454 0.2679004967212677 0.40769699215888977 0.22446435689926147 0.9720001220703125 -0.06951016187667847 0.032364871352910995 -0.2465977668762207 0.1256658285856247 0.9609357118606567 -0.07422448694705963
1305031113.311452 0.9452316164970398 -0.20301660895347595 0.2555803954601288 0.3956216275691986 0.23008666932582855 0.9698287844657898 -0.08057716488838196 0.02811543084681034 -0.231510728597641 0.13496975600719452 0.9634239077568054 -0.07420241087675095
1305031113.343252 0.9505069255828857 -0.19488750398159027 0.24198228120803833 0.3765381872653961 0.22406890988349915 0.9694983959197998 -0.09932956844568253 0.03240463137626648 -0.21524332463741302 0.1486341655254364 0.9651828408241272 -0.07072706520557404
1305031113.379312 0.9545797109603882 -0.19212447106838226 0.22774097323417664 0.3615609109401703 0.2180633693933487 0.971340537071228 -0.09458378702402115 0.02940293401479721 -0.20304223895072937 0.1399497389793396 0.9691169857978821 -0.06723177433013916
1305031113.411625 0.9572129845619202 -0.19607847929000854 0.21282991766929626 0.3495723307132721 0.21956680715084076 0.971176266670227 -0.09277580678462982 0.02015330083668232 -0.18850407004356384 0.13553659617900848 0.9726746082305908 -0.0667448565363884
1305031113.443266 0.9636545181274414 -0.18011832237243652 0.19730022549629211 0.336882621049881 0.20352129638195038 0.973377525806427 -0.10542849451303482 0.024603746831417084 -0.17305803298950195 0.14175142347812653 0.9746575951576233 -0.061570022255182266
1305031113.479311 0.9678364396095276 -0.16863426566123962 0.1866953819990158 0.3191928267478943 0.18985216319561005 0.9764804244041443 -0.1021866574883461 0.02451353520154953 -0.16507220268249512 0.13434450328350067 0.9770888686180115 -0.05897925794124603
1305031113.511523 0.9707695841789246 -0.16738994419574738 0.1720091998577118 0.30814123153686523 0.18492276966571808 0.9784899950027466 -0.0914367213845253 0.016723062843084335 -0.15300370752811432 0.12057238817214966 0.9808425903320312 -0.05898590385913849
1305031113.543242 0.9738543033599854 -0.16214309632778168 0.15911519527435303 0.2964359223842621 0.17765608429908752 0.9800975322723389 -0.0885840356349945 0.012628384865820408 -0.1415850967168808 0.11453571170568466 0.9832777976989746 -0.05831948667764664
1305031113.579301 0.9763972163200378 -0.1531783640384674 0.1522655487060547 0.28154662251472473 0.1682593673467636 0.9814779162406921 -0.09159518033266068 0.012644711881875992 -0.13541492819786072 0.11505339294672012 0.9840860366821289 -0.05245884880423546
1305031113.611268 0.9783053994178772 -0.14563384652137756 0.1473405957221985 0.2692639231681824 0.1595679223537445 0.9832935333251953 -0.08758842200040817 0.01217132993042469 -0.13212323188781738 0.10919907689094543 0.9851999878883362 -0.04947492107748985
1305031113.643222 0.9770485162734985 -0.14136603474617004 0.15934811532497406 0.24437160789966583 0.15606851875782013 0.9841833710670471 -0.08381901681423187 0.01207815669476986 -0.1449785679578781 0.10676448047161102 0.983657717704773 -0.040833618491888046
1305031113.679288 0.9777013063430786 -0.13600343465805054 0.16001036763191223 0.2339332401752472 0.15033526718616486 0.9853022694587708 -0.08111055940389633 0.009453583508729935 -0.14662723243236542 0.10335709899663925 0.9837772250175476 -0.038416046649217606
1305031113.711931 0.9791945815086365 -0.12702281773090363 0.15825031697750092 0.2258307933807373 0.14081868529319763 0.9868616461753845 -0.07920950651168823 0.006458624731749296 -0.14610973000526428 0.09984610974788666 0.9842168092727661 -0.037732843309640884
1305031113.74359 0.9795420169830322 -0.11623894423246384 0.16427433490753174 0.2148856818675995 0.1309015452861786 0.9880469441413879 -0.08141271024942398 0.006785418372601271 -0.15284740924835205 0.10125093907117844 0.983049213886261 -0.034637272357940674
1305031113.77932 0.9797119498252869 -0.10781538486480713 0.1689387559890747 0.20435330271720886 0.12267410755157471 0.9892086386680603 -0.08010827749967575 0.0017566716996952891 -0.1584787368774414 0.09920745342969894 0.982365608215332 -0.03273358568549156
1305031113.811237 0.980128288269043 -0.10442173480987549 0.16865558922290802 0.19561465084552765 0.11958649754524231 0.9893993735313416 -0.08238846808671951 0.001480195322073996 -0.15826459228992462 0.1009201928973198 0.9822256565093994 -0.03060223162174225
1305031113.843295 0.9794555902481079 -0.09614642709493637 0.1772642880678177 0.17911876738071442 0.11205147951841354 0.9903139472007751 -0.08199241012334824 0.00190338387619704 -0.16766400635242462 0.10017066448926926 0.9807418584823608 -0.0278482623398304
1305031113.879281 0.9797545075416565 -0.08716043829917908 0.18023322522640228 0.16516514122486115 0.10300970077514648 0.9914160966873169 -0.0805179551243782 -0.006753334775567055 -0.1716681271791458 0.09745363146066666 0.9803227782249451 -0.024058669805526733
1305031113.91129 0.9804999232292175 -0.08666787296533585 0.176376074552536 0.15695762634277344 0.10342312604188919 0.9907262921333313 -0.0881199985742569 -0.004846642725169659 -0.16710323095321655 0.10464303195476532 0.9803704619407654 -0.022634172812104225
1305031113.943291 0.9804268479347229 -0.08019138872623444 0.17981208860874176 0.14808911085128784 0.09810308367013931 0.9908185005187988 -0.0930294319987297 -0.006309185177087784 -0.17070098221302032 0.1088486984372139 0.9792921543121338 -0.019424650818109512
1305031113.979293 0.9802843928337097 -0.06926489621400833 0.18505334854125977 0.13568232953548431 0.0886273980140686 0.9911836385726929 -0.09848977625370026 -0.00857538916170597 -0.17659993469715118 0.11294881254434586 0.9777805805206299 -0.017156438902020454
1305031114.011257 0.980066180229187 -0.05737980455160141 0.19020478427410126 0.11968295276165009 0.07828386127948761 0.9914628267288208 -0.10427422821521759 -0.009806237183511257 -0.18259769678115845 0.11708563566207886 0.9761911034584045 -0.016233062371611595
1305031114.043301 0.9807634949684143 -0.05314946919679642 0.18782475590705872 0.10564924776554108 0.07440303266048431 0.9913650155067444 -0.1079796776175499 -0.010828905738890171 -0.1804637908935547 0.11987724155187607 0.976249098777771 -0.01247603539377451
1305031114.079285 0.9826242327690125 -0.05136199668049812 0.17835840582847595 0.09245872497558594 0.072389617562294 0.9909015893936157 -0.11346324533224106 -0.013056496158242226 -0.1709078848361969 0.12440302968025208 0.977401852607727 -0.010938435792922974
1305031114.111263 0.9848502278327942 -0.04155634343624115 0.16835397481918335 0.08039236068725586 0.06248454749584198 0.9906855225563049 -0.12098708748817444 -0.011662784032523632 -0.16175805032253265 0.12967367470264435 0.9782735705375671 -0.006890561431646347
1305031114.143284 0.9869274497032166 -0.03527649864554405 0.15725702047348022 0.07143820077180862 0.05468631908297539 0.991161584854126 -0.12086406350135803 -0.01389220543205738 -0.15160346031188965 0.12788386642932892 0.9801337122917175 -0.005056499969214201
1305031114.179337 0.9880647659301758 -0.03134780749678612 0.15081608295440674 0.06496947258710861 0.05039142817258835 0.9909822940826416 -0.12415705621242523 -0.018769236281514168 -0.145564004778862 0.13027504086494446 0.9807341694831848 -0.002789542078971863
1305031114.211303 0.9880138635635376 -0.024352893233299255 0.1524321585893631 0.051526691764593124 0.044840630143880844 0.9901749491691589 -0.13244932889938354 -0.012297325767576694 -0.14770901203155518 0.13769693672657013 0.9793986082077026 0.0012524193152785301
1305031114.243337 0.9895033240318298 -0.0174095518887043 0.1434578001499176 0.042447738349437714 0.03595826402306557 0.9911556243896484 -0.12773963809013367 -0.014846980571746826 -0.13996510207653046 0.13155727088451385 0.9813778400421143 0.0057673887349665165
1305031114.27939 0.9911624789237976 -0.013455347158014774 0.13196887075901031 0.029819048941135406 0.030518775805830956 0.9912859201431274 -0.12814366817474365 -0.017278209328651428 -0.12909464538097382 0.13103872537612915 0.9829362034797668 0.007737659849226475
1305031114.311429 0.9932398796081543 -0.012368230149149895 0.11541958153247833 0.020260723307728767 0.027370277792215347 0.9912257194519043 -0.12931549549102783 -0.015577543526887894 -0.11280743777751923 0.13160037994384766 0.9848634004592896 0.012686723843216896
1305031114.343331 0.9949333667755127 -0.006608056370168924 0.10032011568546295 0.01634705625474453 0.019393330439925194 0.9917116761207581 -0.1270112693309784 -0.01791258342564106 -0.09864932298660278 0.12831327319145203 0.9868150949478149 0.014888651669025421
1305031114.37932 0.9952338933944702 -0.0007587439613416791 0.09751380234956741 0.00853707268834114 0.013245831243693829 0.9917538166046143 -0.12747131288051605 -0.01947936788201332 -0.09661296755075455 0.1281554251909256 0.9870370626449585 0.019101953133940697
1305031114.411397 0.9953780770301819 0.009699097834527493 0.0955418199300766 -0.0030537950806319714 0.0026713453698903322 0.9917051792144775 -0.1285053938627243 -0.02180594950914383 -0.0959957093000412 0.12816670536994934 0.9870957732200623 0.020733756944537163
1305031114.443345 0.9960948824882507 0.013063923455774784 0.08731698989868164 -0.013476233929395676 -0.0017782696522772312 0.9917601943016052 -0.12809595465660095 -0.023131754249334335 -0.08827095478773117 0.1274404525756836 0.9879105091094971 0.022247321903705597
1305031114.479332 0.9971560835838318 0.014999259263277054 0.07385583966970444 -0.023583516478538513 -0.005615889094769955 0.9920583367347717 -0.1256532222032547 -0.02753463014960289 -0.07515399158000946 0.12488109618425369 0.9893212914466858 0.0228719562292099
1305031114.511266 0.9981014728546143 0.021274935454130173 0.057799261063337326 -0.029885798692703247 -0.01379367709159851 0.991822361946106 -0.12687821686267853 -0.025381654500961304 -0.06002591922879219 0.12584005296230316 0.9902328848838806 0.024862967431545258
1305031114.543236 0.9987534880638123 0.01769123412668705 0.04667317122220993 -0.030756201595067978 -0.011891346424818039 0.9924910664558411 -0.12173736840486526 -0.027216661721467972 -0.048476386815309525 0.12103062868118286 0.9914644360542297 0.028893688693642616
1305031114.579237 0.9988789558410645 0.011233322322368622 0.04598303511738777 -0.036415133625268936 -0.0056265294551849365 0.992722749710083 -0.12029115855693817 -0.0279995147138834 -0.04699966311454773 0.11989759653806686 0.9916730523109436 0.0305503997951746
1305031114.611391 0.9990144968032837 0.0061967927031219006 0.0439494252204895 -0.040866728872060776 -0.0010601924732327461 0.9932548403739929 -0.11594794690608978 -0.02786334976553917 -0.044371478259563446 0.11578711867332458 0.9922824501991272 0.0303067434579134
1305031114.644136 0.9991637468338013 0.003162248060107231 0.0407637357711792 -0.04881942272186279 0.0011545820161700249 0.9944248199462891 -0.10544256865978241 -0.030692309141159058 -0.04086989909410477 0.10540147125720978 0.9935895204544067 0.03134367987513542
1305031114.679251 0.9996158480644226 0.004996936302632093 0.027262043207883835 -0.051846399903297424 -0.0022453228011727333 0.9949805736541748 -0.10004369169473648 -0.03316822275519371 -0.027625108137726784 0.09994405508041382 0.9946094751358032 0.03245125710964203
1305031114.711306 0.9998452067375183 0.0031429417431354523 0.017309898510575294 -0.05191045626997948 -0.0014255702262744308 0.9951512813568115 -0.09834563732147217 -0.03614979609847069 -0.01753506250679493 0.09830573946237564 0.9950017333030701 0.034511223435401917
1305031114.7432 0.9998562335968018 0.011355826631188393 0.012584629468619823 -0.05413451045751572 -0.010052129626274109 0.995015561580658 -0.09921150654554367 -0.03790257126092911 -0.013648530468344688 0.09907075017690659 0.9949867129325867 0.03563414514064789
1305031114.779289 0.9997971653938293 0.018347328528761864 0.008298534899950027 -0.05239960178732872 -0.017374103888869286 0.9943080544471741 -0.1051170825958252 -0.03515781834721565 -0.010179916396737099 0.10495159775018692 0.9944251775741577 0.03609668090939522
1305031114.811303 0.9997366070747375 0.02087855152785778 0.009531457908451557 -0.05294838547706604 -0.0197591595351696 0.9942373037338257 -0.10536449402570724 -0.03294103220105171 -0.011676390655338764 0.10514840483665466 0.9943879842758179 0.03434443101286888
1305031114.843208 0.9996432065963745 0.025605618953704834 0.007610120810568333 -0.05096909776329994 -0.024657201021909714 0.9940763711929321 -0.10585056990385056 -0.03211318328976631 -0.010275410488247871 0.10562515258789062 0.9943528771400452 0.03470567986369133
1305031114.879281 0.9996706247329712 0.025044597685337067 0.005593360401690006 -0.046997252851724625 -0.024308208376169205 0.994030773639679 -0.10635782033205032 -0.028779491782188416 -0.008223660290241241 0.10618684440851212 0.9943121075630188 0.033111535012722015
1305031114.912879 0.9996472597122192 0.02598782628774643 0.005475893616676331 -0.04490359127521515 -0.025270773097872734 0.994163990020752 -0.10487809032201767 -0.02634994313120842 -0.008169487118721008 0.10470272600650787 0.9944700002670288 0.032337773591279984
1305031114.943234 0.9995983242988586 0.028143422678112984 0.00331225898116827 -0.036902740597724915 -0.027661824598908424 0.9944452047348022 -0.10155542194843292 -0.02275085635483265 -0.006151975132524967 0.10142301023006439 0.9948244094848633 0.033099379390478134
1305031114.97928 0.9995195269584656 0.029911501333117485 0.008112603798508644 -0.032034020870923996 -0.028974497690796852 0.9947709441184998 -0.09793532639741898 -0.019800828769803047 -0.010999571532011032 0.09765321761369705 0.9951597452163696 0.03303090110421181
1305031115.0113 0.9994386434555054 0.031391970813274384 0.011704417876899242 -0.02767816185951233 -0.03019857592880726 0.9953890442848206 -0.09104243665933609 -0.014677460305392742 -0.014508448541164398 0.09063785523176193 0.9957782030105591 0.03131920471787453
1305031115.043508 0.9994516372680664 0.030427416786551476 0.01306292787194252 -0.015856411308050156 -0.02923387661576271 0.996081531047821 -0.08346863090991974 -0.015189426019787788 -0.015551474876701832 0.0830409824848175 0.9964247345924377 0.035605184733867645
1305031115.079238 0.9994144439697266 0.029952751472592354 0.01654129847884178 -0.005630413070321083 -0.028497368097305298 0.9962134957313538 -0.08213715255260468 -0.011355356313288212 -0.018938899040222168 0.08161767572164536 0.9964837431907654 0.03611793741583824
1305031115.11123 0.9994616508483887 0.02622738853096962 0.019711021333932877 0.010770619846880436 -0.02461613155901432 0.996652364730835 -0.0779619812965393 -0.00832497887313366 -0.021689774468541145 0.07743480056524277 0.9967614412307739 0.04201158508658409
1305031115.143275 0.9991768598556519 0.018209457397460938 0.036249566823244095 0.021976366639137268 -0.015569542534649372 0.9972959756851196 -0.07182135432958603 -0.010697398334741592 -0.037459373474121094 0.07119784504175186 0.9967586994171143 0.03882670775055885
1305031115.17944 0.998874843120575 0.01549734640866518 0.04482148960232735 0.02791687287390232 -0.012443844228982925 0.9976335763931274 -0.06762004643678665 -0.009771442040801048 -0.045763351023197174 0.06698621064424515 0.9967038631439209 0.035600144416093826
1305031115.211374 0.9990463256835938 0.007310838438570499 0.04304707050323486 0.046002671122550964 -0.004499518312513828 0.9978721737861633 -0.06504634022712708 -0.012896841391921043 -0.04343101754784584 0.06479062139987946 0.9969534277915955 0.03932869806885719
1305031115.243297 0.9986129403114319 0.0008662475156597793 0.052644699811935425 0.05968618020415306 0.0029835179448127747 0.9973271489143372 -0.07300470769405365 -0.014127464964985847 -0.05256722867488861 0.0730605199933052 0.995941162109375 0.0395599864423275
1305031115.279966 0.998256504535675 -0.007163268979638815 0.05858786031603813 0.06962811201810837 0.01170422788709402 0.9969208836555481 -0.07753501832485199 -0.008009245619177818 -0.05785205960273743 0.07808556407690048 0.9952667355537415 0.03663201257586479
1305031115.311704 0.9980186820030212 -0.022674402222037315 0.05869264528155327 0.09384695440530777 0.027063913643360138 0.9968081116676331 -0.0751074030995369 -0.011683543212711811 -0.05680228769779205 0.0765470415353775 0.9954466223716736 0.041814714670181274
1305031115.343235 0.996713399887085 -0.030333155766129494 0.07511650025844574 0.10881337523460388 0.03652406856417656 0.9959244132041931 -0.08246514946222305 -0.008050525560975075 -0.07230893522500992 0.084937684237957 0.993759036064148 0.03825540840625763
1305031115.379166 0.994949221611023 -0.03676676005125046 0.09340392053127289 0.10597241669893265 0.04439544677734375 0.9957285523414612 -0.0809548869729042 0.0022269985638558865 -0.09002850204706192 0.08469270914793015 0.9923316240310669 0.04169129580259323
1305031115.411237 0.9959714412689209 -0.046016838401556015 0.07696341723203659 0.1213352382183075 0.05116453766822815 0.9964866042137146 -0.06630756705999374 -0.0010655708611011505 -0.07364174723625183 0.0699782446026802 0.99482661485672 0.04355949908494949
1305031115.443159 0.9960707426071167 -0.05885638669133186 0.06617382168769836 0.14316236972808838 0.06297034025192261 0.9960936903953552 -0.06190427020192146 0.0019319113343954086 -0.06227186694741249 0.06582802534103394 0.995885968208313 0.04210111126303673
1305031115.479241 0.9952477216720581 -0.06926432251930237 0.06844305247068405 0.1540376991033554 0.0732310339808464 0.9956702589988708 -0.057253338396549225 0.006623014807701111 -0.06418109685182571 0.06199340894818306 0.9960108399391174 0.043179068714380264
1305031115.511253 0.994699239730835 -0.0823834165930748 0.06153353303670883 0.17788583040237427 0.08530355244874954 0.9952722787857056 -0.04643729701638222 0.0027064825408160686 -0.05741695314645767 0.051440175622701645 0.9970241785049438 0.038649771362543106
1305031115.543604 0.9914804697036743 -0.09714615345001221 0.08677110075950623 0.19546906650066376 0.10121849924325943 0.9938984513282776 -0.04382496699690819 0.00302160088904202 -0.08198423683643341 0.052234433591365814 0.9952638149261475 0.035368580371141434
1305031115.579315 0.9877645373344421 -0.10829411447048187 0.11222130060195923 0.2054789960384369 0.11363033205270767 0.9926230311393738 -0.04228051379323006 0.003566183615475893 -0.10681472718715668 0.05451492965221405 0.9927833080291748 0.03259366750717163
1305031115.611424 0.9850348830223083 -0.12009125202894211 0.12362942099571228 0.21932610869407654 0.12622451782226562 0.9910690784454346 -0.04300641268491745 0.005162717774510384 -0.11736058443784714 0.0579678900539875 0.9913960695266724 0.0292022917419672
1305031115.643254 0.9822262525558472 -0.13457927107810974 0.13084374368190765 0.23691603541374207 0.1415042132139206 0.9889093041419983 -0.04511091485619545 0.005687683820724487 -0.12332162261009216 0.0628240704536438 0.9903761148452759 0.02819778583943844
1305031115.679241 0.9775537252426147 -0.15449154376983643 0.14325140416622162 0.2442416250705719 0.1630874127149582 0.9853299260139465 -0.05027236044406891 0.0093724075704813 -0.13338324427604675 0.07250645756721497 0.9884086847305298 0.028218325227499008
1305031115.71132 0.9749308228492737 -0.17178687453269958 0.14141836762428284 0.2600054442882538 0.18088269233703613 0.9820156097412109 -0.05410011112689972 0.014516003429889679 -0.12958133220672607 0.07832401990890503 0.9884704947471619 0.023977339267730713
1305031115.74325 0.972267210483551 -0.18677785992622375 0.14074909687042236 0.285090833902359 0.1953083872795105 0.9795005917549133 -0.049328237771987915 0.013378002680838108 -0.12865033745765686 0.07544969767332077 0.9888157248497009 0.019035860896110535
1305031115.779425 0.9666205644607544 -0.200988307595253 0.15889710187911987 0.2985820770263672 0.2112683355808258 0.9761217832565308 -0.050518717616796494 0.015547210350632668 -0.14494921267032623 0.08240236341953278 0.9860018491744995 0.015236742794513702
1305031115.811277 0.960292637348175 -0.21755073964595795 0.17466993629932404 0.31233906745910645 0.2290329486131668 0.9722212553024292 -0.04826944321393967 0.019393648952245712 -0.15931671857833862 0.0863579660654068 0.9834432005882263 0.010031446814537048
1305031115.843224 0.9528405070304871 -0.23389632999897003 0.19335810840129852 0.32362309098243713 0.245826855301857 0.9684941172599792 -0.039856765419244766 0.0204668790102005 -0.17794381082057953 0.0855097621679306 0.9803184270858765 0.009835444390773773
1305031115.879198 0.9468490481376648 -0.2480325996875763 0.2048330307006836 0.33366820216178894 0.2606564462184906 0.9647340178489685 -0.036697521805763245 0.018081555142998695 -0.18850716948509216 0.08813808858394623 0.978108823299408 0.008169561624526978
