1305031109.343248 0.9998956322669983 0.00268231681548059 -0.014195798896253109 -0.018307602033019066 -0.002622382016852498 0.9999876022338867 0.004238872788846493 0.0054532322101294994 0.014206990599632263 -0.0042012035846710205 0.9998902678489685 -0.0046080597676336765
1305031109.375397 0.9991264343261719 0.004519354552030563 -0.04154394939541817 -0.017864979803562164 -0.004057875368744135 0.9999291896820068 0.011185849085450172 0.004329139366745949 0.04159156233072281 -0.01100749708712101 0.9990741014480591 -0.0017623272724449635
1305031109.411329 0.9987070560455322 0.012748099863529205 -0.04921099543571472 -0.036631014198064804 -0.012096168473362923 0.9998353123664856 0.013522815890610218 0.005187096539884806 0.04937528446316719 -0.012910068035125732 0.9986968636512756 -0.005081432405859232
1305031109.443302 0.9972714185714722 0.025002915412187576 -0.06945908814668655 -0.031260330229997635 -0.023694459348917007 0.999527096748352 0.019598383456468582 0.007948474027216434 0.0699162557721138 -0.017899109050631523 0.9973922967910767 -0.011481013149023056
1305031109.475363 0.9957936406135559 0.03157699108123779 -0.0860108956694603 -0.030292890965938568 -0.029469037428498268 0.9992360472679138 0.02566869743168354 0.0070257955230772495 0.08675574511289597 -0.02302607148885727 0.995963454246521 -0.008829447440803051
1305031109.511273 0.9941285848617554 0.037457264959812164 -0.10151493549346924 -0.030291037634015083 -0.03505503013730049 0.9990639090538025 0.02534591779112816 0.006757874973118305 0.1023692861199379 -0.02163849212229252 0.994511067867279 -0.008488052524626255
1305031109.543294 0.9969945549964905 0.043111350387334824 -0.06436815112829208 -0.08999135345220566 -0.041539646685123444 0.9988099932670593 0.02555982582271099 0.003445729613304138 0.06539345532655716 -0.02280917577445507 0.9975989460945129 -0.017224982380867004
1305031109.575362 0.991304874420166 0.0384322851896286 -0.12584762275218964 -0.030360739678144455 -0.03626694157719612 0.9991527795791626 0.01945306360721588 0.009772058576345444 0.12648862600326538 -0.014719808474183083 0.9918588399887085 -0.018131138756871223
1305031109.61131 0.989406406879425 0.040918074548244476 -0.13928647339344025 -0.030253641307353973 -0.038380883634090424 0.9990455508232117 0.02085435763001442 0.010388697497546673 0.14000682532787323 -0.015287497080862522 0.9900326132774353 -0.020216379314661026
1305031109.643229 0.9891549348831177 0.04142291098833084 -0.14091446995735168 -0.04284290224313736 -0.03885882347822189 0.9990261197090149 0.02090042270720005 0.013424655422568321 0.1416429728269577 -0.015197980217635632 0.9898011088371277 -0.024351105093955994
1305031109.675263 0.9880948662757874 0.0358111634850502 -0.1496196687221527 -0.04917706549167633 -0.032274577766656876 0.9991407990455627 0.025999577715992928 0.016244277358055115 0.15042218565940857 -0.02086113579571247 0.9884016513824463 -0.030429888516664505
1305031109.711312 0.9852076768875122 0.03788831830024719 -0.16712360084056854 -0.04841552674770355 -0.0326676107943058 0.9988918304443359 0.033878859132528305 0.01692720130085945 0.16822199523448944 -0.027918176725506783 0.9853537082672119 -0.03271852806210518
1305031109.743274 0.9828170537948608 0.04055599123239517 -0.18007203936576843 -0.0498465895652771 -0.03327304869890213 0.9985085725784302 0.043283745646476746 0.01772817224264145 0.18155887722969055 -0.03654845058917999 0.9827005863189697 -0.0369618758559227
1305031109.775277 0.9858792424201965 0.04355890676379204 -0.1616932898759842 -0.08692969381809235 -0.036104705184698105 0.9981578588485718 0.04875771328806877 0.018699904903769493 0.16351929306983948 -0.042231328785419464 0.9856358170509338 -0.03603188320994377
1305031109.811371 0.9837535619735718 0.04383968189358711 -0.17408904433250427 -0.08750052750110626 -0.03485358506441116 0.9979137182235718 0.05434511601924896 0.018730174750089645 0.17610833048820496 -0.04739456996321678 0.9832291603088379 -0.03604502230882645
1305031109.843296 0.9941033720970154 0.0561920665204525 -0.09274047613143921 -0.1998843550682068 -0.051276855170726776 0.9971930384635925 0.054559092968702316 0.032020263373851776 0.09554591029882431 -0.04948194697499275 0.9941943287849426 -0.03245539218187332
1305031109.875306 0.9924711585044861 0.059403326362371445 -0.10710886865854263 -0.2038269340991974 -0.05264609679579735 0.9965052008628845 0.06484998017549515 0.030856572091579437 0.11058685928583145 -0.05872287228703499 0.9921301007270813 -0.032613709568977356
1305031109.911265 0.991716742515564 0.07110626995563507 -0.1069662794470787 -0.229424387216568 -0.06414058804512024 0.9956749081611633 0.06721215695142746 0.03236759081482887 0.11128279566764832 -0.05979454889893532 0.9919882416725159 -0.0291491337120533
1305031109.943299 0.9897610545158386 0.08060260862112045 -0.1177981048822403 -0.23469440639019012 -0.07280410826206207 0.9949511885643005 0.06907597184181213 0.038410723209381104 0.12277103960514069 -0.059792518615722656 0.990632176399231 -0.029145166277885437
1305031109.975258 0.9888985753059387 0.08992231637239456 -0.11829493939876556 -0.251384437084198 -0.08114209026098251 0.9937189221382141 0.07706337422132492 0.041279394179582596 0.12448158860206604 -0.06660915166139603 0.9899835586547852 -0.024612009525299072
1305031110.011256 0.9865585565567017 0.10306042432785034 -0.1268107295036316 -0.25762826204299927 -0.092897929251194 0.9921587705612183 0.08361335098743439 0.04120389744639397 0.1344335377216339 -0.07070900499820709 0.9883965253829956 -0.02241991087794304
1305031110.043299 0.9847697019577026 0.11956655234098434 -0.12622414529323578 -0.26754313707351685 -0.10892456769943237 0.9901372194290161 0.08811083436012268 0.04268544912338257 0.13551439344882965 -0.07301997393369675 0.9880809187889099 -0.025190817192196846
1305031110.075319 0.9833340048789978 0.12969742715358734 -0.12740831077098846 -0.27757999300956726 -0.11829081922769547 0.9885789155960083 0.09337525069713593 0.04391098394989967 0.1380637139081955 -0.0767478495836258 0.9874452948570251 -0.025243835523724556
1305031110.111325 0.9812871217727661 0.13977563381195068 -0.13243256509304047 -0.2862139940261841 -0.12627097964286804 0.9863765239715576 0.10543730854988098 0.04276705160737038 0.14536598324775696 -0.08674191683530807 0.9855682253837585 -0.023345017805695534
1305031110.143432 0.9802554249763489 0.148902028799057 -0.13010552525520325 -0.3091318607330322 -0.13501514494419098 0.9847447872161865 0.10976611077785492 0.04071260616183281 0.1444651484489441 -0.09003261476755142 0.9854055047035217 -0.022840630263090134
1305031110.175641 0.9786146283149719 0.15209826827049255 -0.13848964869976044 -0.31658005714416504 -0.13724516332149506 0.9842780828475952 0.11117716878652573 0.04692094027996063 0.1532222032546997 -0.08979256451129913 0.9841038584709167 -0.024699795991182327
1305031110.211637 0.9768484234809875 0.15679173171520233 -0.14554496109485626 -0.32504287362098694 -0.13911975920200348 0.9824060201644897 0.12459537386894226 0.04152418300509453 0.16251976788043976 -0.10146262496709824 0.981474757194519 -0.023000415414571762
1305031110.243323 0.9763872027397156 0.15646997094154358 -0.14894701540470123 -0.34172096848487854 -0.13854312896728516 0.9825626611709595 0.12400248646736145 0.04397103935480118 0.16575245559215546 -0.10043885558843613 0.9810394048690796 -0.02158232405781746
1305031110.279321 0.9743832945823669 0.15760685503482819 -0.16042841970920563 -0.3469633162021637 -0.138636514544487 0.9826346635818481 0.12332508713006973 0.04262538626790047 0.177079439163208 -0.09792466461658478 0.9793129563331604 -0.020020674914121628
1305031110.311404 0.9728843569755554 0.1615157425403595 -0.16555577516555786 -0.3598652184009552 -0.14295154809951782 0.9826014637947083 0.11857202649116516 0.044662732630968094 0.18182659149169922 -0.09169039875268936 0.9790465235710144 -0.023295585066080093
1305031110.343355 0.9722058176994324 0.16342894732952118 -0.1676504909992218 -0.37811487913131714 -0.14559726417064667 0.982786238193512 0.11372029781341553 0.05145880952477455 0.18334972858428955 -0.08615008741617203 0.979265570640564 -0.02616368606686592
1305031110.379281 0.9689386487007141 0.17147405445575714 -0.17819803953170776 -0.3891986906528473 -0.1529715657234192 0.9817556142807007 0.11293980479240417 0.05334484577178955 0.194313183426857 -0.08217249810695648 0.9774917364120483 -0.027953870594501495
1305031110.411469 0.9658701419830322 0.1764429658651352 -0.18963809311389923 -0.4003757834434509 -0.15763084590435028 0.9813299179077148 0.11019900441169739 0.06218762695789337 0.20554137229919434 -0.07654512673616409 0.9756503105163574 -0.030830640345811844
1305031110.44326 0.9620859026908875 0.18539732694625854 -0.20004616677761078 -0.4094683825969696 -0.1631951481103897 0.9789689183235168 0.12242379039525986 0.06229918450117111 0.21853598952293396 -0.08513565361499786 0.9721080660820007 -0.03178272023797035
1305031110.479331 0.9574291706085205 0.19966648519039154 -0.20847705006599426 -0.4251226782798767 -0.17467419803142548 0.9757007956504822 0.1322762817144394 0.06018500030040741 0.2298223376274109 -0.09022960066795349 0.9690409898757935 -0.030440591275691986
1305031110.511429 0.9525943994522095 0.20805147290229797 -0.22198763489723206 -0.4356095790863037 -0.18114621937274933 0.9740659594535828 0.13557933270931244 0.061884649097919464 0.2444380223751068 -0.08893989771604538 0.9655774831771851 -0.03312219679355621
1305031110.543408 0.9482871890068054 0.21439063549041748 -0.23406869173049927 -0.44439688324928284 -0.1859653890132904 0.9728637337684631 0.13767023384571075 0.0687430277466774 0.2572322487831116 -0.08702223002910614 0.9624234437942505 -0.0341806560754776
1305031110.579426 0.9426301717758179 0.2254292070865631 -0.2462313026189804 -0.4499005973339081 -0.1941073089838028 0.9701847434043884 0.14513401687145233 0.07598130404949188 0.27160724997520447 -0.08901240676641464 0.9582831263542175 -0.03187993913888931
1305031110.611307 0.9384662508964539 0.23546522855758667 -0.25266021490097046 -0.4569871425628662 -0.1991880238056183 0.966644287109375 0.1610061228275299 0.06819771975278854 0.2821439504623413 -0.1007719486951828 0.9540649652481079 -0.03085186332464218
1305031110.643418 0.9374625086784363 0.23973850905895233 -0.25236794352531433 -0.4707311689853668 -0.20453698933124542 0.9660383462905884 0.15790747106075287 0.06899259984493256 0.28165358304977417 -0.0964137613773346 0.954660177230835 -0.032929643988609314
1305031110.679606 0.9353238344192505 0.24365462362766266 -0.25651857256889343 -0.4766031801700592 -0.20898006856441498 0.965537428855896 0.15512922406196594 0.07730115205049515 0.2854762077331543 -0.09148883074522018 0.9540090560913086 -0.03702761232852936
1305031110.711412 0.9335894584655762 0.24735526740550995 -0.25928011536598206 -0.4822341203689575 -0.20971190929412842 0.9638426899909973 0.16440385580062866 0.07534556835889816 0.2905713617801666 -0.09911158680915833 0.95170658826828 -0.03533158451318741
1305031110.743249 0.9317762851715088 0.2527639865875244 -0.26058271527290344 -0.48899516463279724 -0.21426145732402802 0.9623387455940247 0.16732047498226166 0.07388707250356674 0.29306137561798096 -0.10007241368293762 0.9508420825004578 -0.03651547431945801
1305031110.779193 0.9301325082778931 0.25433167815208435 -0.2648947238922119 -0.49047473073005676 -0.21547894179821014 0.962101936340332 0.1671193689107895 0.0760645866394043 0.29735952615737915 -0.09836389869451523 0.9496851563453674 -0.037706904113292694
1305031110.811386 0.9294481873512268 0.2575944662094116 -0.26414254307746887 -0.494571715593338 -0.21888108551502228 0.9613041877746582 0.16728843748569489 0.07822717726230621 0.2970138192176819 -0.09767013788223267 0.9498649835586548 -0.037191592156887054
1305031110.843218 0.9271613359451294 0.26220718026161194 -0.2676180303096771 -0.49624964594841003 -0.22163213789463043 0.9597510099411011 0.17250274121761322 0.07703763246536255 0.30207812786102295 -0.10062510520219803 0.9479575753211975 -0.03740929067134857
1305031110.879313 0.9320339560508728 0.2565165162086487 -0.25595298409461975 -0.5212911367416382 -0.21864280104637146 0.9613561630249023 0.16730104386806488 0.08366908878087997 0.2889775335788727 -0.09996797144412994 0.9521021246910095 -0.0218193456530571
1305031110.911333 0.9313451051712036 0.2573257088661194 -0.2576426565647125 -0.5209202170372009 -0.21868367493152618 0.9609967470169067 0.1693010926246643 0.08376174420118332 0.2911592423915863 -0.10133549571037292 0.9512925744056702 -0.021534018218517303
1305031110.943862 0.9291724562644958 0.2593316435813904 -0.263411283493042 -0.5162273049354553 -0.22036196291446686 0.960745632648468 0.16854798793792725 0.08552692830562592 0.29678109288215637 -0.09856433421373367 0.9498453140258789 -0.018818959593772888
1305031110.979345 0.9286007881164551 0.26096341013908386 -0.26381558179855347 -0.5078378319740295 -0.22258570790290833 0.9605563879013062 0.1666949838399887 0.08853849023580551 0.29691097140312195 -0.09607148915529251 0.9500601291656494 -0.01749560236930847
1305031111.011431 0.9309216141700745 0.2583823502063751 -0.25811538100242615 -0.4972755014896393 -0.219102144241333 0.9605433344841003 0.17132063210010529 0.08346234261989594 0.29219725728034973 -0.10293246805667877 0.9508026242256165 -0.015995047986507416
1305031111.043327 0.9359720945358276 0.25216415524482727 -0.24570225179195404 -0.49469423294067383 -0.21601442992687225 0.9623799920082092 0.16481024026870728 0.08595018088817596 0.27801820635795593 -0.10118253529071808 0.9552318453788757 -0.01542343944311142
1305031111.079283 0.9387211203575134 0.24704910814762115 -0.24035294353961945 -0.48801812529563904 -0.21073442697525024 0.963178277015686 0.16696873307228088 0.0867118164896965 0.27275219559669495 -0.10608640313148499 0.9562174677848816 -0.016573533415794373
1305031111.111508 0.9397749900817871 0.24176782369613647 -0.24160155653953552 -0.474444717168808 -0.2039937525987625 0.9639074802398682 0.1710815131664276 0.08127641677856445 0.27424362301826477 -0.11149292439222336 0.9551752805709839 -0.010922618210315704
1305031111.143257 0.9413896203041077 0.238894522190094 -0.238149031996727 -0.4653056859970093 -0.20231561362743378 0.9647907018661499 0.16806873679161072 0.07794469594955444 0.26991477608680725 -0.11003690212965012 0.9565762281417847 -0.009272992610931396
1305031111.179326 0.9422584176063538 0.23814092576503754 -0.23545299470424652 -0.45119237899780273 -0.20438425242900848 0.9658922553062439 0.15899445116519928 0.0805668756365776 0.26528531312942505 -0.10169096291065216 0.9587922692298889 -0.0036231055855751038
1305031111.211433 0.9486103653907776 0.22909581661224365 -0.2182971090078354 -0.44238993525505066 -0.1982208639383316 0.9679155945777893 0.15442734956741333 0.0775483101606369 0.2466718852519989 -0.10322033613920212 0.9635862112045288 -0.009104259312152863
1305031111.243236 0.9499074816703796 0.22794729471206665 -0.2138124406337738 -0.4345211088657379 -0.19756244122982025 0.9680629968643188 0.15434704720973969 0.07334734499454498 0.2421668916940689 -0.10437408089637756 0.9646041989326477 -0.005489572882652283
1305031111.279308 0.950089693069458 0.22387804090976715 -0.21727505326271057 -0.4168608784675598 -0.19463637471199036 0.9696434736251831 0.14801457524299622 0.06731157004833221 0.24381645023822784 -0.09833748638629913 0.9648230075836182 -0.002095170319080353
1305031111.311547 0.9509549736976624 0.21887926757335663 -0.21857774257659912 -0.38992905616760254 -0.19165022671222687 0.9715568423271179 0.1390945017337799 0.068695068359375 0.2428056299686432 -0.0903821513056755 0.9658553004264832 -0.02083486318588257
1305031111.343397 0.9543386697769165 0.21616435050964355 -0.20618152618408203 -0.4070524573326111 -0.18972928822040558 0.9717198610305786 0.14058125019073486 0.07535859942436218 0.2307392656803131 -0.09504342079162598 0.9683626294136047 -0.007017068564891815
1305031111.379134 0.9547020196914673 0.20707638561725616 -0.21368998289108276 -0.39355942606925964 -0.17816421389579773 0.9729768633842468 0.14688006043434143 0.06251366436481476 0.23833078145980835 -0.10215482115745544 0.9657965898513794 -0.0018826276063919067
1305031111.411296 0.9552150964736938 0.20532435178756714 -0.21308648586273193 -0.3873523473739624 -0.17981359362602234 0.9746557474136353 0.1330910325050354 0.06817380338907242 0.23501287400722504 -0.08881470561027527 0.9679262042045593 -0.004599019885063171
1305031111.443386 0.9494062662124634 0.2150523066520691 -0.22886721789836884 -0.36709102988243103 -0.18711301684379578 0.9726354479789734 0.13772737979888916 0.06407732516527176 0.25222307443618774 -0.08793520927429199 0.9636654853820801 0.0013948753476142883
1305031111.479259 0.9505497217178345 0.21247224509716034 -0.2265188843011856 -0.34473133087158203 -0.1866622418165207 0.9737730026245117 0.13009071350097656 0.06064100190997124 0.24821867048740387 -0.08137517422437668 0.9652801752090454 0.014295622706413269
1305031111.511264 0.955962061882019 0.21006324887275696 -0.20496301352977753 -0.3320930004119873 -0.18788965046405792 0.9745277762413025 0.12244673818349838 0.05419883131980896 0.22546367347240448 -0.07854398339986801 0.9710803031921387 0.006722636520862579
1305031111.54325 0.9579861164093018 0.20566409826278687 -0.19991202652454376 -0.3145339787006378 -0.18567803502082825 0.9759458899497986 0.11425073444843292 0.05039111524820328 0.21860063076019287 -0.07233131676912308 0.9731300473213196 0.01366124302148819
1305031111.579237 0.9643943309783936 0.18994630873203278 -0.18402162194252014 -0.2999478578567505 -0.17363572120666504 0.9795992374420166 0.1011727899312973 0.053525615483522415 0.19948488473892212 -0.06561770290136337 0.9777014255523682 0.012158092111349106
1305031111.611271 0.9653788208961487 0.18391470611095428 -0.1849839687347412 -0.27101579308509827 -0.1658192276954651 0.9801052808761597 0.10907654464244843 0.041124120354652405 0.20136456191539764 -0.07462628930807114 0.9766695499420166 -0.005151677876710892
1305031111.643395 0.9662957787513733 0.1669875681400299 -0.1959271878004074 -0.248463973402977 -0.14800414443016052 0.9830797910690308 0.10792943835258484 0.030358798801898956 0.2106349766254425 -0.07529374957084656 0.9746607542037964 0.0037110410630702972
1305031111.67932 0.9711148738861084 0.14847087860107422 -0.18679456412792206 -0.22909431159496307 -0.13268953561782837 0.9866525530815125 0.0943945050239563 0.03239351511001587 0.19831620156764984 -0.06688223034143448 0.977853536605835 0.0024504810571670532
1305031111.71176 0.9740344285964966 0.14591076970100403 -0.17310941219329834 -0.21510405838489532 -0.1310911476612091 0.986883282661438 0.09421546757221222 0.02788376808166504 0.18458585441112518 -0.06907600909471512 0.980385959148407 0.005170296877622604
1305031111.743386 0.9760118722915649 0.1375294029712677 -0.16877888143062592 -0.17390930652618408 -0.12241286039352417 0.9877311587333679 0.09696505218744278 0.00796465203166008 0.18004374206066132 -0.07397834956645966 0.9808728098869324 0.005011469125747681
1305031111.779423 0.9840927124023438 0.12279306352138519 -0.12838774919509888 -0.17062219977378845 -0.11420103907585144 0.9908236265182495 0.07229552417993546 0.026056844741106033 0.13608700037002563 -0.05648349970579147 0.98908531665802 0.012924708425998688
1305031111.811406 0.9873996376991272 0.12181135267019272 -0.10101497173309326 -0.1642010658979416 -0.11561455577611923 0.9911582469940186 0.06510479748249054 0.02302391268312931 0.10805229842662811 -0.05260566249489784 0.9927523732185364 0.014590511098504066
1305031111.843299 0.990294337272644 0.11596707999706268 -0.076606884598732 -0.15870508551597595 -0.1119801253080368 0.9922176003456116 0.05445017293095589 0.024009138345718384 0.08232508599758148 -0.04534326493740082 0.9955734610557556 0.013345345854759216
1305031111.879442 0.9927926063537598 0.10636267811059952 -0.05522502213716507 -0.16226089000701904 -0.10347648710012436 0.9932330250740051 0.052733808755874634 0.02544948272407055 0.06046019494533539 -0.04663924500346184 0.9970804452896118 0.011431154794991016
1305031111.911354 0.9940148591995239 0.09607958048582077 -0.05199308320879936 -0.1607408970594406 -0.09344673901796341 0.9943221211433411 0.05090354382991791 0.023291096091270447 0.05658864602446556 -0.04574029892683029 0.9973493218421936 0.014377660118043423
1305031111.9433 0.9949215054512024 0.07772727310657501 -0.06395243853330612 -0.14356298744678497 -0.07465358823537827 0.9959986209869385 0.049127597361803055 0.021516548469662666 0.06751508265733719 -0.044103823602199554 0.9967429637908936 0.01609884202480316
1305031111.979449 0.9955320954322815 0.06308993697166443 -0.07025321573019028 -0.11689352244138718 -0.05968775600194931 0.9969881176948547 0.04951862618327141 0.018319958820939064 0.07316572964191437 -0.04510413110256195 0.9962993264198303 0.01817837357521057
1305031112.011433 0.9965299963951111 0.06170179694890976 -0.0558662973344326 -0.10426709800958633 -0.05931684002280235 0.9972958564758301 0.04338838905096054 0.01715979166328907 0.05839236453175545 -0.0399240180850029 0.997495174407959 0.022298535332083702
1305031112.04327 0.9966986775398254 0.06423859298229218 -0.049650710076093674 -0.07960418611764908 -0.062265295535326004 0.9972450137138367 0.040319062769412994 0.009707232005894184 0.052103955298662186 -0.037094440311193466 0.9979524612426758 0.02014174498617649
1305031112.079339 0.9975350499153137 0.06546200066804886 -0.025271572172641754 -0.06917092949151993 -0.0645221471786499 0.9972533583641052 0.0363687239587307 0.006655119359493256 0.027582921087741852 -0.03464849665760994 0.9990187883377075 0.025458000600337982
1305031112.111423 0.997035562992096 0.07691803574562073 -0.0019342675805091858 -0.06856182962656021 -0.07684781402349472 0.996741533279419 0.024508429691195488 0.010285723954439163 0.0038131102919578552 -0.02428712695837021 0.9996976852416992 0.022566799074411392
1305031112.144342 0.9962015748023987 0.08696407824754715 0.004428789019584656 -0.050606898963451385 -0.08704543113708496 0.9959188103675842 0.02385011315345764 0.00804191455245018 -0.0023366063833236694 -0.02414502575993538 0.9997056722640991 0.0195477157831192
1305031112.17939 0.996221661567688 0.08647764474153519 0.008000882342457771 -0.01183087658137083 -0.08659861236810684 0.9961105585098267 0.01626310497522354 0.017509736120700836 -0.006563367787748575 -0.016894523054361343 0.999835729598999 0.02283845655620098
1305031112.211254 0.9944944381713867 0.09976370632648468 0.03206130117177963 -0.008111066184937954 -0.10039325058460236 0.9947728514671326 0.018661215901374817 0.007706229574978352 -0.030031993985176086 -0.021777214482426643 0.9993116855621338 0.027132077142596245
1305031112.243369 0.9925844669342041 0.1083749458193779 0.05505504831671715 -0.0010866336524486542 -0.10845281183719635 0.9941003918647766 -0.00158013217151165 0.009941945783793926 -0.05490148812532425 -0.004402461461722851 0.9984820485115051 0.02537044882774353
1305031112.279353 0.9907810688018799 0.11476151645183563 0.07199088484048843 0.0003581553464755416 -0.11444062739610672 0.9933931231498718 -0.008580004796385765 0.004327832255512476 -0.07249990850687027 0.00026222318410873413 0.9973683953285217 0.029136842116713524
1305031112.311312 0.9905220866203308 0.11755242943763733 0.0710451528429985 0.014468180015683174 -0.11671369522809982 0.9930390119552612 -0.01585819385945797 -0.005102317314594984 -0.07241477817296982 0.007415946573019028 0.9973470568656921 0.02758391574025154
1305031112.343323 0.9889207482337952 0.12128207087516785 0.08559416979551315 0.006011993624269962 -0.11988283693790436 0.992559015750885 -0.021321600303053856 -0.013385689817368984 -0.08754320442676544 0.010824104771018028 0.996101975440979 0.03056284226477146
1305031112.37936 0.9876241683959961 0.11844173818826675 0.10281087458133698 -0.009308990091085434 -0.11564398556947708 0.9927496910095215 -0.032780494540929794 -0.009684321470558643 -0.10594803839921951 0.020485348999500275 0.9941607117652893 0.03300083056092262
1305031112.411442 0.9873682856559753 0.11025188863277435 0.1137896329164505 -0.015198081731796265 -0.10606836527585983 0.9934626817703247 -0.04220575839281082 -0.003781552892178297 -0.1176990196108818 0.029603157192468643 0.9926081299781799 0.03335864841938019
1305031112.443391 0.9907758831977844 0.0950871929526329 0.09654834121465683 0.013183372095227242 -0.09001027792692184 0.9943846464157104 -0.055653318762779236 0.003737987484782934 -0.10129810869693756 0.04644962027668953 0.9937711358070374 0.030400050804018974
1305031112.479418 0.9943917393684387 0.07191385328769684 0.07754676043987274 0.042316071689128876 -0.0684628039598465 0.9965795278549194 -0.04628238454461098 -0.010644861496984959 -0.08060985803604126 0.04071374610066414 0.9959138631820679 0.030065162107348442
1305031112.511504 0.995787501335144 0.0559762567281723 0.07262121140956879 0.047965437173843384 -0.052697766572237015 0.9975364804267883 -0.04630312696099281 -0.01444994006305933 -0.07503417134284973 0.04228110611438751 0.9962841868400574 0.02922174334526062
1305031112.543212 0.9961064457893372 0.04993666708469391 0.07265251129865646 0.050111912190914154 -0.04622001200914383 0.997578501701355 -0.05196946859359741 -0.014006206765770912 -0.07507176697254181 0.0484091192483902 0.9960023760795593 0.0301359873265028
1305031112.579252 0.9968066215515137 0.037197295576334 0.07066056877374649 0.0528985969722271 -0.03321328014135361 0.9978361129760742 -0.056744351983070374 -0.01309952326118946 -0.07261840999126434 0.054216280579566956 0.9958850145339966 0.02769087255001068
1305031112.611261 0.9970211386680603 0.025144899263978004 0.07291536778211594 0.061679571866989136 -0.02045830897986889 0.9977194666862488 -0.0643238052725792 -0.002580156084150076 -0.0743665024638176 0.06264049559831619 0.9952616095542908 0.029315432533621788
1305031112.643246 0.9958099126815796 0.011166637763381004 0.09076295793056488 0.06363865733146667 -0.005922124721109867 0.9983078241348267 -0.057847846299409866 -0.003349245060235262 -0.09125534445047379 0.05706796795129776 0.9941909313201904 0.030122218653559685
1305031112.679952 0.994722306728363 0.00644154055044055 0.10240155458450317 0.06710122525691986 -0.0008669132366776466 0.9985193610191345 -0.0543905571103096 -0.0037222225219011307 -0.10260028392076492 0.05401473492383957 0.993255078792572 0.02967916615307331
1305031112.711251 0.9936892986297607 0.0011403950629755855 0.11216166615486145 0.06929866969585419 0.00505900988355279 0.9984751343727112 -0.05497197061777115 0.0009660858195275068 -0.11205331981182098 0.0551925003528595 0.9921683073043823 0.030931605026125908
1305031112.743245 0.9946142435073853 -0.011618523858487606 0.10299235582351685 0.0883634090423584 0.01612604223191738 0.9989430904388428 -0.04304148629307747 0.0035283612087368965 -0.10238344222307205 0.04447053372859955 0.9937504529953003 0.033953770995140076
1305031112.77931 0.9937987327575684 -0.01208428107202053 0.11053529381752014 0.08793505281209946 0.015366801992058754 0.9994643330574036 -0.028893008828163147 0.003433828242123127 -0.11012694984674454 0.030412407591938972 0.9934520721435547 0.03500000387430191
1305031112.81131 0.9919983148574829 -0.0034637958742678165 0.12620443105697632 0.06671518832445145 0.006618606857955456 0.9996758103370667 -0.024586956948041916 -0.00020725908689200878 -0.12607836723327637 0.025225531309843063 0.9916994571685791 0.04061191901564598
1305031112.843286 0.9951986074447632 -0.0045607127249240875 0.09776899218559265 0.08575820177793503 0.006264186929911375 0.9998337626457214 -0.017123602330684662 -0.00046506652142852545 -0.09767460078001022 0.017653828486800194 0.9950618147850037 0.03860008716583252
1305031112.879421 0.9958085417747498 -0.010761446319520473 0.09082575142383575 0.08566027879714966 0.01154353842139244 0.9999006390571594 -0.008089982904493809 -0.0003678050416056067 -0.09072964638471603 0.009104524739086628 0.9958339333534241 0.039005111902952194
1305031112.911411 0.9966513514518738 -0.014873814769089222 0.08040370792150497 0.08538123220205307 0.015095875598490238 0.999883770942688 -0.0021546129137277603 -0.0005641004536300898 -0.08036229014396667 0.0033611608669161797 0.9967600107192993 0.040535278618335724
1305031112.943321 0.9971535801887512 -0.011119617149233818 0.07457181811332703 0.07336118817329407 0.011047412641346455 0.9999379515647888 0.0013806821079924703 -0.0006248144782148302 -0.0745825543999672 -0.0005529263871721923 0.997214674949646 0.04393543303012848
1305031112.979278 0.9982930421829224 -0.008688637055456638 0.0577525720000267 0.0742841437458992 0.008572959341108799 0.999960720539093 0.0022504355292767286 0.00018054255633614957 -0.057769834995269775 -0.0017514836508780718 0.9983283877372742 0.04206087812781334
1305031113.011353 0.9987614750862122 -0.00892688799649477 0.0489468052983284 0.07196994870901108 0.00867203064262867 0.999947726726532 0.0054167285561561584 0.001924889162182808 -0.0489925853908062 -0.004985551815479994 0.9987866878509521 0.03686663880944252
1305031113.043231 0.9986700415611267 -0.0010617261286824942 0.05154520273208618 0.057865556329488754 0.0002538729168009013 0.9998770356178284 0.015676693990826607 0.0006167104584164917 -0.05155550688505173 -0.015642760321497917 0.9985476136207581 0.037282753735780716
1305031113.079251 0.9987520575523376 0.008295158855617046 0.04924856126308441 0.04432711750268936 -0.009224862791597843 0.999782919883728 0.01868056133389473 -0.005059170536696911 -0.04908290505409241 -0.01911156065762043 0.9986119270324707 0.03597357124090195
1305031113.111316 0.999209463596344 0.018496070057153702 0.03519183024764061 0.038883816450834274 -0.01884019933640957 0.9997776746749878 0.009472344070672989 0.0018048192141577601 -0.035008810460567474 -0.01012787688523531 0.9993356466293335 0.03331068530678749
1305031113.143306 0.9993288516998291 0.020867258310317993 0.030104611068964005 0.028470437973737717 -0.021336905658245087 0.999654233455658 0.01536448672413826 0.004358990117907524 -0.029773591086268425 -0.01599651388823986 0.9994286298751831 0.025994475930929184
1305031113.179343 0.999580442905426 0.015772972255945206 0.024291647598147392 0.02095353975892067 -0.016315845772624016 0.999617874622345 0.022314362227916718 0.0010785171762108803 -0.023930400609970093 -0.022701339796185493 0.9994558095932007 0.02564086765050888
1305031113.211259 0.9998738169670105 0.013676069676876068 0.008086546324193478 0.012466193176805973 -0.013805383816361427 0.9997742176055908 0.016157859936356544 0.005159070249646902 -0.007863743230700493 -0.016267456114292145 0.999836802482605 0.022684546187520027
1305031113.243227 0.9999098181724548 0.01325454656034708 -0.0021628187969326973 -0.0035855600144714117 -0.01321104634553194 0.9997318983078003 0.019020255655050278 0.009573717601597309 0.002414342015981674 -0.018989967182278633 0.9998167157173157 0.019053513184189796
1305031113.279312 0.9998534321784973 0.01059579849243164 -0.013447543606162071 -0.014577898196876049 -0.010214539244771004 0.9995527267456055 0.028110463172197342 0.002808936173096299 0.013739381916821003 -0.027968984097242355 0.9995143413543701 0.019064128398895264
1305031113.311452 0.9998607039451599 0.007035484071820974 -0.015133167617022991 -0.04498802497982979 -0.006694840267300606 0.9997256994247437 0.022443808615207672 -0.0014857056085020304 0.015286922454833984 -0.022339368239045143 0.9996335506439209 0.018966110423207283
1305031113.343252 0.9993837475776672 0.008853013627231121 -0.03396771475672722 -0.06122646853327751 -0.008494856767356396 0.9999068975448608 0.010673917829990387 0.004118007607758045 0.03405905142426491 -0.01037878729403019 0.9993659853935242 0.012666215188801289
1305031113.379312 0.997829258441925 0.012916413135826588 -0.06457483768463135 -0.05975703150033951 -0.01234709657728672 0.999881386756897 0.009207718074321747 0.015305170789361 0.0646861121058464 -0.00839041918516159 0.9978703856468201 0.013931607827544212
1305031113.411625 0.9968631863594055 0.011755356565117836 -0.0782662034034729 -0.07384701073169708 -0.010816170834004879 0.9998644590377808 0.012413027696311474 0.009920881129801273 0.07840151339769363 -0.011527550406754017 0.9968551993370056 0.016602983698248863
1305031113.443266 0.9953202605247498 0.020523294806480408 -0.09442701935768127 -0.08762681484222412 -0.019849294796586037 0.9997704029083252 0.008071635849773884 0.01338960975408554 0.09457100182771683 -0.006159553304314613 0.9954991340637207 0.008299912326037884
1305031113.479311 0.9949158430099487 0.03736692667007446 -0.09352243691682816 -0.11912676692008972 -0.03569765388965607 0.9991732835769653 0.01945924013853073 0.012221328914165497 0.09417223930358887 -0.01602177508175373 0.9954270124435425 0.0063102347776293755
1305031113.511523 0.9931989312171936 0.041292741894721985 -0.10886183381080627 -0.1282835602760315 -0.03819279745221138 0.9988075494766235 0.030409786850214005 0.009535144083201885 0.10998773574829102 -0.02604522556066513 0.9935917258262634 0.00652006920427084
1305031113.543242 0.9918847680091858 0.04932250455021858 -0.1171841099858284 -0.1463303565979004 -0.045402642339468 0.998323917388916 0.035889267921447754 0.007823473773896694 0.11875785142183304 -0.030277548357844353 0.9924615025520325 0.003320278599858284
1305031113.579301 0.9900322556495667 0.05817711725831032 -0.12826421856880188 -0.15845508873462677 -0.05422087013721466 0.9979456663131714 0.03412637859582901 0.012751370668411255 0.12998607754707336 -0.026831621304154396 0.9911527037620544 0.002711063250899315
1305031113.611268 0.9895430207252502 0.06813868135213852 -0.12712836265563965 -0.18044553697109222 -0.06343809515237808 0.9971567392349243 0.04066932946443558 0.0141805000603199 0.12953805923461914 -0.032179269939661026 0.9910520315170288 0.0032220762223005295
1305031113.643222 0.9888460040092468 0.07713954150676727 -0.12740923464298248 -0.19308176636695862 -0.07188921421766281 0.9963828325271606 0.045311905443668365 0.015550075098872185 0.1304437220096588 -0.03564715012907982 0.9908146858215332 0.002567937597632408
1305031113.679288 0.9887382984161377 0.08293911814689636 -0.12457025796175003 -0.20773246884346008 -0.07733260840177536 0.9957908987998962 0.04919566214084625 0.014321716502308846 0.12812617421150208 -0.03900830075144768 0.990990400314331 0.0007718261331319809
1305031113.711931 0.9878543615341187 0.09384600818157196 -0.1238410696387291 -0.21950827538967133 -0.0884426161646843 0.9949025511741638 0.048442695289850235 0.015789108350872993 0.12775589525699615 -0.036901503801345825 0.9911187887191772 -0.0003380272537469864
1305031113.74359 0.9873805046081543 0.10372325778007507 -0.11967173218727112 -0.2302919179201126 -0.09878848493099213 0.9940227270126343 0.04647257924079895 0.017281336709856987 0.12377668172121048 -0.03406394273042679 0.9917252063751221 -0.0011299178004264832
1305031113.77932 0.9873104691505432 0.11285331845283508 -0.1117236316204071 -0.24726532399654388 -0.10834301263093948 0.9930639863014221 0.045669518411159515 0.015748076140880585 0.11610265076160431 -0.03298552334308624 0.992689311504364 -0.0022688917815685272
1305031113.811237 0.9872577786445618 0.11532647907733917 -0.10964472591876984 -0.2597739100456238 -0.11126405000686646 0.9928818941116333 0.04249430447816849 0.018914831802248955 0.11376494914293289 -0.029753321781754494 0.9930620193481445 -0.0037494655698537827
1305031113.843295 0.9869727492332458 0.12191008031368256 -0.1049889326095581 -0.27269333600997925 -0.1180567592382431 0.9921101927757263 0.04218946397304535 0.02262883447110653 0.10930390655994415 -0.02924521453678608 0.9935779571533203 -0.0039935484528541565
1305031113.879281 0.9860855937004089 0.1314001977443695 -0.10183015465736389 -0.2897261679172516 -0.1275162398815155 0.9908696413040161 0.04378417134284973 0.01611691154539585 0.10665363818407059 -0.030189942568540573 0.9938376545906067 -0.0036414023488759995
1305031113.91129 0.9861433506011963 0.12951022386550903 -0.10367462784051895 -0.30281931161880493 -0.126534566283226 0.9913512468338013 0.03480985015630722 0.022970255464315414 0.10728620737791061 -0.021209079772233963 0.9940018653869629 0.0013550445437431335
1305031113.943291 0.9857827425003052 0.13449779152870178 -0.1007108986377716 -0.31419897079467773 -0.1321360021829605 0.9907837510108948 0.029796333983540535 0.023330315947532654 0.10379023849964142 -0.01606518216431141 0.994469404220581 0.0011112354695796967
1305031113.979293 0.9849044680595398 0.14389978349208832 -0.09620880335569382 -0.3293668031692505 -0.1423989236354828 0.9895575046539307 0.02232450805604458 0.02549172192811966 0.09841663390398026 -0.008287477307021618 0.995110809803009 0.000501975417137146
1305031114.011257 0.9836673736572266 0.1537957340478897 -0.09351792931556702 -0.34515029191970825 -0.1531115621328354 0.9881026148796082 0.014490865170955658 0.029163500294089317 0.09463395178318024 6.448104977607727e-05 0.9955121278762817 -0.0016648899763822556
1305031114.043301 0.981706976890564 0.15900328755378723 -0.10473442077636719 -0.3504173755645752 -0.15818461775779724 0.9872778058052063 0.01613108068704605 0.02540973760187626 0.10596688836812973 0.0007313713431358337 0.9943695068359375 -0.01161588542163372
1305031114.079285 0.9824393391609192 0.15848307311534882 -0.09846828132867813 -0.3895597755908966 -0.1585836112499237 0.9873217344284058 0.006855080369859934 0.03422226756811142 0.09830628335475922 0.008880753070116043 0.9951165318489075 -0.0016771182417869568
1305031114.111263 0.979971706867218 0.1659548282623291 -0.11006540060043335 -0.4016907513141632 -0.16689489781856537 0.9859744310379028 0.0006807013414800167 0.04071052744984627 0.10863463580608368 0.017702283337712288 0.9939241409301758 -0.0016135647892951965
1305031114.143284 0.977434515953064 0.17215979099273682 -0.12240318953990936 -0.4115740656852722 -0.17319916188716888 0.9848843812942505 0.0021782885305583477 0.042365435510873795 0.12092801183462143 0.019070997834205627 0.99247807264328 0.0015627183020114899
1305031114.179337 0.9759506583213806 0.1758507788181305 -0.1288280487060547 -0.4211696982383728 -0.17737451195716858 0.9841433167457581 -0.0003602285869419575 0.039572250097990036 0.12672191858291626 0.023202378302812576 0.991666853427887 0.002693958580493927
1305031114.211303 0.9753701090812683 0.17909033596515656 -0.1287621706724167 -0.4345908463001251 -0.18165837228298187 0.9833259582519531 -0.008387498557567596 0.05018606036901474 0.12511305510997772 0.0315716415643692 0.991640031337738 0.001115303486585617
1305031114.243337 0.9736860990524292 0.18823595345020294 -0.12846146523952484 -0.4543786942958832 -0.19002218544483185 0.9817783236503601 -0.0016816845163702965 0.04904559254646301 0.1258041113615036 0.0260479636490345 0.9917130470275879 -0.0022044479846954346
1305031114.27939 0.971446692943573 0.19252687692642212 -0.13865254819393158 -0.47019267082214355 -0.1944471299648285 0.980912983417511 -0.0003097057342529297 0.05083184689283371 0.13594645261764526 0.027261454612016678 0.9903409481048584 -0.002633005380630493
1305031114.311429 0.9689494967460632 0.1926380842924118 -0.15500777959823608 -0.4815114438533783 -0.19465801119804382 0.9808687567710876 0.002186495577916503 0.055748991668224335 0.15246346592903137 0.028054894879460335 0.987910807132721 0.0001851394772529602
1305031114.343331 0.9654766917228699 0.19913814961910248 -0.1679246574640274 -0.4874815344810486 -0.20088918507099152 0.9795913100242615 0.006670620292425156 0.055544208735227585 0.16582590341567993 0.027293918654322624 0.9857772588729858 0.001625753939151764
1305031114.37932 0.9630391597747803 0.2055351883172989 -0.1741001158952713 -0.49422937631607056 -0.2071123570203781 0.9782732725143433 0.009260877966880798 0.05423571914434433 0.17222094535827637 0.02713969722390175 0.9846843481063843 0.0027761682868003845
1305031114.411397 0.960639238357544 0.21379292011260986 -0.17738287150859833 -0.5035909414291382 -0.21588298678398132 0.9763891100883484 0.0076637957245111465 0.05561324954032898 0.17483320832252502 0.030931808054447174 0.9841121435165405 0.003174610435962677
