1403636580.1635556 0.9999967217445374 -0.0024393144994974136 -0.0006887007621116936 -0.0007361288298852742 0.0024420253466814756 0.9999890923500061 0.003963105380535126 0.01878717727959156 0.0006790260085836053 -0.003964773844927549 0.9999918937683105 0.005882738623768091
1403636580.2135556 0.9999945163726807 -0.002804928459227085 -0.0017716027796268463 -0.0009630522108636796 0.002819622866809368 0.9999611973762512 0.00834715086966753 0.03961433097720146 0.001748120877891779 -0.008352099917829037 0.9999635815620422 0.012434921227395535
1403636580.2635555 0.9999979138374329 -0.0011739555047824979 -0.0016284920275211334 -0.001850611879490316 0.0011924861464649439 0.9999340176582336 0.011425154283642769 0.06779783219099045 0.0016149719012901187 -0.011427070945501328 0.9999334216117859 0.02071581967175007
1403636580.3135555 0.9999927878379822 0.0036118971183896065 -0.0011719543254002929 -0.0023646289482712746 -0.003586243372410536 0.9997687339782715 0.021200349554419518 0.07117695361375809 0.001248256885446608 -0.021196000277996063 0.9997744560241699 0.020755814388394356
1403636580.3635557 0.9999807476997375 0.005100031848996878 -0.003526301821693778 -0.0026113619096577168 -0.00498231640085578 0.9994552731513977 0.03262181207537651 0.08253249526023865 0.003690753597766161 -0.032603614032268524 0.9994615316390991 0.023302486166357994
1403636580.4135554 0.9999675154685974 0.007031596731394529 -0.003921374678611755 -0.0029607622418552637 -0.006843640469014645 0.9989159107208252 0.0460440032184124 0.10307970643043518 0.004240886773914099 -0.04601567983627319 0.9989317059516907 0.026913724839687347
1403636580.4635556 0.9999662637710571 0.007110015023499727 -0.004115495830774307 -0.004653027281165123 -0.00684173172339797 0.9980591535568237 0.06189233437180519 0.12531669437885284 0.004547565244138241 -0.06186209246516228 0.9980742335319519 0.030968422070145607
1403636580.5135555 0.9999448657035828 0.009762146510183811 -0.0038443764206022024 -0.004830012563616037 -0.009415579959750175 0.996613621711731 0.08168528228998184 0.11197958141565323 0.004628781694918871 -0.08164457976818085 0.9966508150100708 0.027904227375984192
1403636580.5635555 0.9999518990516663 0.007675709668546915 -0.006095888093113899 -0.005685062613338232 -0.007058334536850452 0.9954004287719727 0.09554143249988556 0.11020568758249283 0.006801197305321693 -0.09549381583929062 0.9954066872596741 0.026044420897960663
1403636580.6135554 0.9999325275421143 0.007455868646502495 -0.008905048482120037 -0.006813155021518469 -0.006512952968478203 0.9948053359985352 0.10158585011959076 0.09766504913568497 0.009616199880838394 -0.10152098536491394 0.99478679895401 0.02128850296139717
1403636580.6635556 0.9999270439147949 0.0077834464609622955 -0.009224383160471916 -0.008059689775109291 -0.006814092397689819 0.9948812127113342 0.10082083195447922 0.0746641606092453 0.009961901232600212 -0.100750632584095 0.9948617219924927 0.014087801799178123
1403636580.7135556 0.9999216794967651 0.00971487071365118 -0.007881922647356987 -0.006568082142621279 -0.008964081294834614 0.9958776831626892 0.090262770652771 0.06738641858100891 0.008726321160793304 -0.09018508344888687 0.9958867430686951 0.013070452958345413
1403636580.7635555 0.999876856803894 0.015461316332221031 -0.0026360712945461273 -0.006971234921365976 -0.015203922986984253 0.9967400431632996 0.07923347502946854 0.04402734339237213 0.003852531546726823 -0.0791836529970169 0.9968525767326355 0.006879984401166439
1403636580.8135555 0.999711275100708 0.023498862981796265 0.004998381249606609 -0.007590637542307377 -0.023789292201399803 0.9973052144050598 0.06939832121133804 6.89097068971023e-05 -0.0033541321754455566 -0.06949718296527863 0.9975764751434326 -0.003259264398366213
1403636580.8635557 0.9994494915008545 0.029142508283257484 0.0158544834703207 -0.008611424826085567 -0.029914382845163345 0.998258113861084 0.05084764212369919 -0.01428863126784563 -0.014345046132802963 -0.05129392817616463 0.9985804557800293 -0.008163164369761944
1403636580.9135554 0.998891294002533 0.03826615959405899 0.02742139995098114 -0.010074244812130928 -0.03930525481700897 0.9984884262084961 0.0384136363863945 -0.061192452907562256 -0.025910012423992157 -0.03944884240627289 0.9988855123519897 -0.01971631869673729
1403636580.9635556 0.9987415671348572 0.03997594863176346 0.030284198001027107 -0.009668796323239803 -0.040585462003946304 0.9989800453186035 0.019786151126027107 -0.07334120571613312 -0.029462343081831932 -0.02099035307765007 0.9993454813957214 -0.02331344224512577
1403636581.0135555 0.9985049366950989 0.0445784293115139 0.031631842255592346 -0.013128089718520641 -0.044862523674964905 0.99895840883255 0.008328895084559917 -0.11569225043058395 -0.031227611005306244 -0.009735528379678726 0.9994648694992065 -0.035139113664627075
1403636581.0635555 0.9987074732780457 0.0419340543448925 0.028720807284116745 -0.012722276151180267 -0.04174647107720375 0.9991028308868408 -0.0071006109938025475 -0.13039430975914001 -0.028992800042033195 0.0058924430049955845 0.9995622634887695 -0.03984176367521286
1403636581.1135554 0.998700737953186 0.041287608444690704 0.029868226498365402 -0.014624358154833317 -0.04075702652335167 0.9990038871765137 -0.018160328269004822 -0.16713659465312958 -0.030588272958993912 0.016919396817684174 0.9993888735771179 -0.05080624669790268
1403636581.1635556 0.9989513158798218 0.03439248725771904 0.030220123007893562 -0.015448978170752525 -0.03333855792880058 0.9988411068916321 -0.03471307083964348 -0.18157406151294708 -0.03137895092368126 0.03366917744278908 0.9989402890205383 -0.05474207550287247
1403636581.2135556 0.9990749955177307 0.030514676123857498 0.03029938042163849 -0.014740841463208199 -0.028944099321961403 0.9982799291610718 -0.050986453890800476 -0.20270046591758728 -0.031803082674741745 0.050062306225299835 0.9982396960258484 -0.06081882119178772
1403636581.2635555 0.9991914629936218 0.02587798237800598 0.030770037323236465 -0.01555148046463728 -0.02372613362967968 0.9973790645599365 -0.06835221499204636 -0.22119642794132233 -0.03245820477604866 0.06756690889596939 0.9971866607666016 -0.06683716922998428
1403636581.3135555 0.9991968870162964 0.027286285534501076 0.029346780851483345 -0.013527688570320606 -0.024754846468567848 0.9962077140808105 -0.08341091871261597 -0.23470067977905273 -0.03151145949959755 0.08261744678020477 0.9960830211639404 -0.07255740463733673
1403636581.3635557 0.9991744160652161 0.0265797208994627 0.030729059129953384 -0.012265459634363651 -0.02355172112584114 0.9951971173286438 -0.09501709043979645 -0.2326076179742813 -0.03310699388384819 0.09421492367982864 0.9950011968612671 -0.07342509180307388
1403636581.4135554 0.998907744884491 0.03149912506341934 0.03451361879706383 -0.011259913444519043 -0.02800278551876545 0.9948431849479675 -0.09748297184705734 -0.23248648643493652 -0.03740626573562622 0.09641002118587494 0.9946385622024536 -0.07513108849525452
1403636581.4635556 0.9986062049865723 0.037318527698516846 0.03732636943459511 -0.010525811463594437 -0.033703483641147614 0.9950780272483826 -0.09318719804286957 -0.22434888780117035 -0.040620263665914536 0.0917992889881134 0.99494868516922 -0.07327718287706375
1403636581.5135555 0.9982239007949829 0.04399729147553444 0.04016643017530441 -0.010979962535202503 -0.040610380470752716 0.9958406686782837 -0.08156156539916992 -0.21839141845703125 -0.04358784481883049 0.0797855406999588 0.9958586096763611 -0.07219772040843964
1403636581.5635555 0.9982698559761047 0.04155908524990082 0.04159648343920708 -0.009062359109520912 -0.038615331053733826 0.9968531727790833 -0.06923118233680725 -0.19965499639511108 -0.0443427599966526 0.06750514358282089 0.9967330694198608 -0.06514080613851547
1403636581.6135554 0.9984651207923889 0.03878156840801239 0.03953845053911209 -0.006342063657939434 -0.03650575131177902 0.9977213740348816 -0.056741565465927124 -0.1760540008544922 -0.04164886474609375 0.055211085826158524 0.9976058602333069 -0.055310286581516266
1403636581.6635556 0.9986595511436462 0.03407978266477585 0.03895670548081398 -0.006543904542922974 -0.0322750099003315 0.9984174370765686 -0.04605371505022049 -0.15285852551460266 -0.04046454280614853 0.044734660536050797 0.9981790781021118 -0.05053453892469406
1403636581.7135556 0.9986467957496643 0.036325398832559586 0.03721503168344498 -0.003428320400416851 -0.034873995929956436 0.9986329674720764 -0.03893433138728142 -0.12705722451210022 -0.03857845813035965 0.03758382052183151 0.9985486268997192 -0.04096580296754837
1403636581.7635555 0.9988591074943542 0.03307437151670456 0.034447651356458664 -0.0011969966581091285 -0.03182479366660118 0.9988372325897217 -0.03621235117316246 -0.09946500509977341 -0.035605289041996 0.03507475182414055 0.9987502098083496 -0.031787365674972534
1403636581.8135555 0.999049723148346 0.03291628882288933 0.028566556051373482 0.0009261112427338958 -0.031945232301950455 0.9989175200462341 -0.03380809351801872 -0.07206273823976517 -0.029648469761013985 0.03286340832710266 0.9990200996398926 -0.02338324673473835
1403636581.8635557 0.9991483688354492 0.031741946935653687 0.02635919116437435 0.0020580533891916275 -0.030974632129073143 0.9990985989570618 -0.029024895280599594 -0.04576743021607399 -0.027256740257143974 0.0281837098300457 0.9992311000823975 -0.015410296618938446
1403636581.9135554 0.999354898929596 0.0271596722304821 0.023496001958847046 0.0017307575326412916 -0.026716310530900955 0.999462902545929 -0.018981914967298508 -0.025406213477253914 -0.0239989273250103 0.018341945484280586 0.9995437264442444 -0.010099818930029869
1403636581.9635556 0.9993106126785278 0.024512773379683495 0.027879860252141953 0.001982453977689147 -0.024366432800889015 0.9996876120567322 -0.005576515570282936 0.0011773686856031418 -0.02800784632563591 0.004893338307738304 0.9995958209037781 -0.002428124425932765
1403636582.0135555 0.9992662668228149 0.02139180153608322 0.03176886588335037 0.0023712862748652697 -0.021729601547122 0.9997105002403259 0.010326137766242027 0.025909461081027985 -0.03153877332806587 -0.011008885689079762 0.999441921710968 0.005156109109520912
1403636582.0635555 0.9991491436958313 0.021490834653377533 0.03519963100552559 0.0024186656810343266 -0.022466512396931648 0.9993675947189331 0.02756154164671898 0.04829210415482521 -0.034585047513246536 -0.028328903019428253 0.9990001916885376 0.011425159871578217
1403636582.1135554 0.9991230368614197 0.0230631735175848 0.03494340181350708 0.001760390936397016 -0.02461646869778633 0.9986973404884338 0.04469389095902443 0.06641440838575363 -0.03386709466576576 -0.04551488906145096 0.9983895421028137 0.015735449269413948
1403636582.1635556 0.999260425567627 0.022196350619196892 0.031398676335811615 0.000810780911706388 -0.024017080664634705 0.9979777336120605 0.05885118991136551 0.07907572388648987 -0.030028898268938065 -0.059561774134635925 0.9977728128433228 0.018443329259753227
1403636582.2135556 0.9993278980255127 0.023097213357686996 0.02846391499042511 -0.00047718826681375504 -0.025052882730960846 0.9972053170204163 0.07038305699825287 0.08601436018943787 -0.026758715510368347 -0.07104887068271637 0.9971138834953308 0.019592029973864555
1403636582.2635555 0.999359130859375 0.023774748668074608 0.026758961379528046 -0.0018188899848610163 -0.025782527402043343 0.9966686964035034 0.07737427949905396 0.08578527718782425 -0.02483026497066021 -0.07801462709903717 0.9966429471969604 0.01893303170800209
1403636582.3135555 0.9994457364082336 0.023649243637919426 0.023427661508321762 -0.0030373316258192062 -0.025447441264986992 0.9964945912361145 0.0796915590763092 0.07749494165182114 -0.021460898220539093 -0.08024357259273529 0.9965441823005676 0.016967862844467163
1403636582.3635557 0.9995255470275879 0.022044792771339417 0.021511513739824295 -0.00499748345464468 -0.023594975471496582 0.9969274997711182 0.07469090819358826 0.062434595078229904 -0.019798874855041504 -0.07516302913427353 0.9969747066497803 0.012037094682455063
1403636582.4135554 0.9995546936988831 0.02225649356842041 0.019867725670337677 -0.005727853160351515 -0.023459287360310555 0.997768223285675 0.06251437962055206 0.04041922464966774 -0.01843203790485859 -0.06295263767242432 0.9978463053703308 0.006326500326395035
1403636582.4635556 0.9995598196983337 0.02159983664751053 0.02033192664384842 -0.008403615094721317 -0.022536786273121834 0.9986386299133301 0.04704117774963379 0.019262271001935005 -0.019288159906864166 -0.04747869819402695 0.9986860156059265 -0.0006927174399606884
1403636582.5135555 0.9994220733642578 0.02505120262503624 0.02297535352408886 -0.008880380541086197 -0.02582007832825184 0.9990947842597961 0.03380296751856804 -0.00542823551222682 -0.022107748314738274 -0.03437665104866028 0.999164342880249 -0.007353271823376417
1403636582.5635555 0.9992901086807251 0.026610244065523148 0.02666977047920227 -0.010040965862572193 -0.027252305299043655 0.9993402361869812 0.0240074023604393 -0.03283166140317917 -0.0260133296251297 -0.024717168882489204 0.9993559718132019 -0.015461177565157413
1403636582.6135554 0.9990146160125732 0.03061290644109249 0.032134223729372025 -0.010344675742089748 -0.03119654580950737 0.999354362487793 0.01782098412513733 -0.05817336589097977 -0.031567927449941635 -0.01880590058863163 0.9993246793746948 -0.02310153655707836
1403636582.6635556 0.9988104104995728 0.031060535460710526 0.03758648782968521 -0.010055516846477985 -0.031541261821985245 0.9994271397590637 0.012265034951269627 -0.08028529584407806 -0.03718400001525879 -0.013435973785817623 0.9992181658744812 -0.029832974076271057
1403636582.7135556 0.9987566471099854 0.02998337335884571 0.03982413560152054 -0.009598521515727043 -0.030318714678287506 0.9995095133781433 0.007843660190701485 -0.10703860223293304 -0.039569418877363205 -0.009041326120495796 0.9991759061813354 -0.03825944662094116
1403636582.7635555 0.9986845254898071 0.02645931765437126 0.04391905292868614 -0.008779878728091717 -0.02655167691409588 0.9996462464332581 0.0015211254358291626 -0.13537804782390594 -0.04386327043175697 -0.002685251645743847 0.9990339279174805 -0.0463581308722496
1403636582.8135555 0.9984915852546692 0.02146829105913639 0.050535038113594055 -0.007711244747042656 -0.021077990531921387 0.9997437000274658 -0.008243664167821407 -0.15970347821712494 -0.05069907382130623 0.00716605456545949 0.9986883401870728 -0.05362756550312042
1403636582.8635557 0.9981026649475098 0.016951894387602806 0.05919196456670761 -0.007062701508402824 -0.01574738509953022 0.9996605515480042 -0.02075664885342121 -0.18759280443191528 -0.059523727744817734 0.01978514902293682 0.9980308413505554 -0.06108769401907921
1403636582.9135554 0.9977478981018066 0.01260067243129015 0.06588114798069 -0.0067759547382593155 -0.010174354538321495 0.9992620944976807 -0.03703541308641434 -0.21169717609882355 -0.0662991926074028 0.03628170117735863 0.9971399903297424 -0.0683538168668747
1403636582.9635556 0.9975395202636719 0.012464722618460655 0.06898977607488632 -0.004937878809869289 -0.008758551441133022 0.998515248298645 -0.053764708340168 -0.23278416693210602 -0.06955748051404953 0.0530281662940979 0.9961676001548767 -0.07431986182928085
1403636583.0135555 0.9972981810569763 0.012485685758292675 0.07239119708538055 -0.0038005574606359005 -0.00736934645101428 0.9974833726882935 -0.07051721960306168 -0.2508469223976135 -0.07308944314718246 0.0697932243347168 0.9948802590370178 -0.08171166479587555
1403636583.0635555 0.9972702860832214 0.015440329909324646 0.0722053125500679 -0.002848631702363491 -0.00956595130264759 0.996667742729187 -0.08100562542676926 -0.2609965205192566 -0.07321545481681824 0.08009379357099533 0.9940947890281677 -0.08416938036680222
1403636583.1135554 0.9971047043800354 0.017670392990112305 0.07395828515291214 -0.0024275342002511024 -0.011289617046713829 0.9962466359138489 -0.0858205258846283 -0.26527562737464905 -0.07519714534282684 0.08473708480596542 0.9935617446899414 -0.08707591146230698
1403636583.1635556 0.996684193611145 0.022504612803459167 0.07819210737943649 -0.001607540063560009 -0.01574774459004402 0.9961724877357483 -0.08597985655069351 -0.2634459435939789 -0.07982774823904037 0.08446341753005981 0.9932237267494202 -0.08582306653261185
1403636583.2135556 0.9965386986732483 0.026182569563388824 0.07889795303344727 -0.0010551041923463345 -0.019523240625858307 0.9962724447250366 -0.08402378112077713 -0.2540072500705719 -0.08080380409955978 0.08219262957572937 0.9933353066444397 -0.08359431475400925
1403636583.2635555 0.9966394901275635 0.02766813151538372 0.07709815353155136 0.0005038408562541008 -0.02144220657646656 0.9965285658836365 -0.08044203370809555 -0.24014851450920105 -0.07905618101358414 0.07851856201887131 0.9937730431556702 -0.07764875143766403
1403636583.3135555 0.9967731833457947 0.027082931250333786 0.07556489109992981 0.0002549891360104084 -0.021331235766410828 0.9968864917755127 -0.07591093331575394 -0.2233133614063263 -0.07738547772169113 0.07405408471822739 0.9942471385002136 -0.07308103889226913
1403636583.3635557 0.9969097375869751 0.02757381834089756 0.07355660945177078 0.0023307441733777523 -0.022291414439678192 0.9971774816513062 -0.07169260829687119 -0.20031118392944336 -0.07532583177089691 0.06983138620853424 0.9947108626365662 -0.06371399760246277
1403636583.4135554 0.9972840547561646 0.025310371071100235 0.06916578859090805 0.004006534814834595 -0.020663563162088394 0.9975326657295227 -0.06709220260381699 -0.1759823113679886 -0.07069326192140579 0.0654807835817337 0.9953466057777405 -0.054308101534843445
1403636583.4635556 0.9974908232688904 0.029047178104519844 0.06456112861633301 0.005821662023663521 -0.02513626217842102 0.9978464245796204 -0.060584962368011475 -0.1501506119966507 -0.06618190556764603 0.058810122311115265 0.9960729479789734 -0.04604479297995567
1403636583.5135555 0.997657299041748 0.030170433223247528 0.06139799952507019 0.008386091329157352 -0.026806075125932693 0.9981318712234497 -0.05490069091320038 -0.12050274759531021 -0.06293966621160507 0.05312623828649521 0.9966025352478027 -0.03550868481397629
1403636583.5635555 0.9975708723068237 0.033820148557424545 0.06089826673269272 0.010109285824000835 -0.03098244220018387 0.9984163641929626 -0.04695386067032814 -0.0920979306101799 -0.062389813363552094 0.04495302960276604 0.9970391392707825 -0.026121288537979126
1403636583.6135554 0.997187077999115 0.036430541425943375 0.0655045434832573 0.011996896006166935 -0.03415878489613533 0.998786449432373 -0.03547307103872299 -0.06468755006790161 -0.06671736389398575 0.03313572704792023 0.9972216486930847 -0.015787119045853615
1403636583.6635556 0.9976783394813538 0.032394640147686005 0.059907466173172 0.012511339969933033 -0.03130657970905304 0.9993287324905396 -0.019012797623872757 -0.035799287259578705 -0.0604831762611866 0.017093151807785034 0.9980229139328003 -0.0071194907650351524
1403636583.7135556 0.9980756640434265 0.024369966238737106 0.05701823905110359 0.013285012915730476 -0.024567190557718277 0.9996944665908813 0.0027605374343693256 -0.014216214418411255 -0.05693354457616806 -0.004156002774834633 0.9983693361282349 -0.00025074032600969076
1403636583.7635555 0.9984938502311707 0.01555485837161541 0.052611708641052246 0.013672849163413048 -0.0169359240680933 0.9995208978652954 0.025906968861818314 0.009765399619936943 -0.05218351632356644 -0.02675897814333439 0.9982789158821106 0.006162707228213549
1403636583.8135555 0.9986148476600647 0.009814252145588398 0.05169137939810753 0.013803639449179173 -0.01223316602408886 0.9988346099853516 0.046688809990882874 0.030659785494208336 -0.05117292329668999 -0.047256484627723694 0.9975711107254028 0.012163938023149967
1403636583.8635557 0.9985928535461426 0.00903355237096548 0.05225414037704468 0.013717305846512318 -0.012289101257920265 0.9979804158210754 0.06232048571109772 0.0502893291413784 -0.05158563330769539 -0.06287495791912079 0.9966872334480286 0.01761121302843094
1403636583.9135554 0.9984263181686401 0.015254061669111252 0.053965602070093155 0.014122560620307922 -0.019164856523275375 0.9971689581871033 0.07270966470241547 0.06771482527256012 -0.05270370841026306 -0.0736294835805893 0.9958919882774353 0.021987035870552063
1403636583.9635556 0.9984740018844604 0.021157916635274887 0.05101054906845093 0.014282077550888062 -0.025139890611171722 0.9965788722038269 0.07872862368822098 0.08201171457767487 -0.04917031154036522 -0.07989087700843811 0.995590090751648 0.024824121966958046
1403636584.0135555 0.9986321926116943 0.025124235078692436 0.04585149884223938 0.013399219140410423 -0.028781365603208542 0.9963043928146362 0.08092700690031052 0.09178690612316132 -0.043648816645145416 -0.08213601261377335 0.995664656162262 0.026222843676805496
1403636584.0635555 0.9988897442817688 0.027231186628341675 0.038442742079496384 0.01213445607572794 -0.03028145059943199 0.9962432980537415 0.0811321958899498 0.09597744792699814 -0.03608899936079979 -0.08220622688531876 0.9959615468978882 0.025496387854218483
1403636584.1135554 0.999138593673706 0.02636677399277687 0.032042089849710464 0.011103044264018536 -0.028886884450912476 0.9963021278381348 0.08091649413108826 0.09417148679494858 -0.02979009598493576 -0.08177240937948227 0.9962056279182434 0.024029573425650597
1403636584.1635556 0.9992244839668274 0.02780957706272602 0.0278751403093338 0.00988757610321045 -0.029999950900673866 0.9962206482887268 0.08151403814554214 0.08588346093893051 -0.02550291270017624 -0.08228708803653717 0.9962822198867798 0.021738793700933456
1403636584.2135556 0.9992056488990784 0.029421597719192505 0.02687878906726837 0.009214094839990139 -0.03150198608636856 0.9962508082389832 0.08057154715061188 0.0737735778093338 -0.02440747432410717 -0.08135427534580231 0.9963862895965576 0.017809636890888214
1403636584.2635555 0.999214768409729 0.029438424855470657 0.02651798725128174 0.008198321796953678 -0.03143079951405525 0.9964461326599121 0.07814717292785645 0.055032879114151 -0.024123216047883034 -0.07891929149627686 0.9965890049934387 0.012751777656376362
1403636584.3135555 0.9992088675498962 0.029559636488556862 0.02660740725696087 0.007233545184135437 -0.03144460543990135 0.9968022704124451 0.07346139848232269 0.03356407582759857 -0.02435082383453846 -0.07423993200063705 0.996942937374115 0.006970028858631849
1403636584.3635557 0.9990236759185791 0.03296689689159393 0.029410656541585922 0.006573852617293596 -0.034966107457876205 0.996914803981781 0.07027304917573929 0.008855694904923439 -0.027003228664398193 -0.07123282551765442 0.9970940351486206 0.001177230617031455
1403636584.4135554 0.9985114336013794 0.03985050320625305 0.037240169942379 0.006509271916002035 -0.042246341705322266 0.9969294667243958 0.06593207269906998 -0.0185004360973835 -0.034498393535614014 -0.06740718334913254 0.9971288442611694 -0.005310822743922472
1403636584.4635556 0.9980275630950928 0.04499797895550728 0.043773822486400604 0.006937590427696705 -0.047552477568387985 0.9971139430999756 0.05918066203594208 -0.04677237942814827 -0.04098448157310486 -0.06114548444747925 0.9972870945930481 -0.01142878457903862
1403636584.5135555 0.9977704882621765 0.04702817648649216 0.04735352098941803 0.0064994338899850845 -0.04936965927481651 0.9975504279136658 0.04955515265464783 -0.07717027515172958 -0.044907040894031525 -0.05178249627351761 0.9976481795310974 -0.018014755100011826
1403636584.5635555 0.9976831078529358 0.045624904334545135 0.05046461522579193 0.006460727192461491 -0.04743225872516632 0.9982534646987915 0.035215623676776886 -0.1023063212633133 -0.04876977205276489 -0.03752768784761429 0.9981048703193665 -0.024081094190478325
1403636584.6135554 0.9974784255027771 0.04426150023937225 0.055476561188697815 0.004898776765912771 -0.0453055165708065 0.9988163113594055 0.01770411804318428 -0.13053466379642487 -0.05462728440761566 -0.02017287351191044 0.9983029961585999 -0.031006814911961555
1403636584.6635556 0.9971548914909363 0.04197205603122711 0.06261400878429413 0.003911206498742104 -0.04188593104481697 0.9991188049316406 -0.0026880931109189987 -0.160922572016716 -0.06267164647579193 5.779974162578583e-05 0.9980342388153076 -0.03795112669467926
1403636584.7135556 0.9967595338821411 0.04235108569264412 0.06838656216859818 0.0033189537934958935 -0.04077576845884323 0.9988735318183899 -0.02427006885409355 -0.18935425579547882 -0.0693373903632164 0.021402914077043533 0.9973636269569397 -0.04540295526385307
1403636584.7635555 0.996295154094696 0.041155632585287094 0.07551243901252747 0.0033136694692075253 -0.03787614405155182 0.9982972145080566 -0.04436006397008896 -0.21597707271575928 -0.07720953226089478 0.041335590183734894 0.996157705783844 -0.05435776710510254
1403636584.8135555 0.9960201382637024 0.041885584592819214 0.07867225259542465 0.003206184133887291 -0.03717048093676567 0.9974775314331055 -0.060470979660749435 -0.2392214834690094 -0.08100664615631104 0.057306014001369476 0.9950648546218872 -0.06170018017292023
1403636584.8635557 0.9960345029830933 0.03760908171534538 0.08062922209501266 0.001501772552728653 -0.0316796749830246 0.9967847466468811 -0.07359740138053894 -0.258913516998291 -0.08313789963722229 0.07075124233961105 0.9940232038497925 -0.06984148919582367
1403636584.9135554 0.9962032437324524 0.0350833497941494 0.07967814058065414 4.4745393097400665e-05 -0.02845374122262001 0.9961541295051575 -0.08286750316619873 -0.273501992225647 -0.08227898180484772 0.08028571307659149 0.9933701753616333 -0.07494904100894928
1403636584.9635556 0.9962775111198425 0.02894713543355465 0.08120135962963104 -0.0006634742021560669 -0.02181452140212059 0.9959352016448975 -0.08738978207111359 -0.2828059196472168 -0.08340098708868027 0.08529309183359146 0.9928590655326843 -0.07990008592605591
1403636585.0135555 0.9960182905197144 0.026766574010252953 0.085037961602211 -0.0016265753656625748 -0.019326992332935333 0.9960089325904846 -0.08713435381650925 -0.2843135893344879 -0.08703085780143738 0.08514387905597687 0.9925603866577148 -0.07964212447404861
1403636585.0635555 0.9958397150039673 0.022678954526782036 0.08825476467609406 -0.000635854434221983 -0.015170593746006489 0.9962795972824097 -0.08483506739139557 -0.26739367842674255 -0.08985038846731186 0.08314326405525208 0.9924787282943726 -0.0751677080988884
1403636585.1135554 0.9957784414291382 0.021989041939377785 0.08911645412445068 -0.0008126553148031235 -0.014800420962274075 0.9966418147087097 -0.08053793758153915 -0.25931358337402344 -0.09058812260627747 0.07887899875640869 0.9927597045898438 -0.07168388366699219
1403636585.1635556 0.9954094290733337 0.020204056054353714 0.09355124086141586 0.0007516019977629185 -0.013147317804396152 0.9970635175704956 -0.07544276118278503 -0.24552462995052338 -0.09480077773332596 0.07386648654937744 0.992751955986023 -0.06572715193033218
1403636585.2135556 0.9948364496231079 0.02103879116475582 0.09928712993860245 0.002661334816366434 -0.014266952872276306 0.9975541234016418 -0.06842834502458572 -0.23783940076828003 -0.10048393905162811 0.06665850430727005 0.9927031397819519 -0.06068778038024902
1403636585.2635555 0.9940263628959656 0.02722761407494545 0.1056898906826973 0.004288274794816971 -0.020688094198703766 0.9978315830230713 -0.062485337257385254 -0.21830041706562042 -0.10716201364994049 0.059925563633441925 0.992434024810791 -0.052243877202272415
1403636585.3135555 0.9933755993843079 0.03229657933115959 0.1102813333272934 0.007096710614860058 -0.026092039421200752 0.9980190992355347 -0.05724828690290451 -0.1978287249803543 -0.11191178113222122 0.05399160832166672 0.9922502636909485 -0.044529110193252563
1403636585.3635557 0.9927513599395752 0.041230395436286926 0.1128932535648346 0.009304063394665718 -0.03573567420244217 0.9980959892272949 -0.05027104169130325 -0.18423642218112946 -0.11475100368261337 0.04587232321500778 0.9923346638679504 -0.03874652832746506
1403636585.4135554 0.9925031065940857 0.04478762671351433 0.1137174665927887 0.011486398987472057 -0.04009038209915161 0.9982589483261108 -0.043263621628284454 -0.16300930082798004 -0.11545715481042862 0.03838030993938446 0.9925706386566162 -0.03040659800171852
1403636585.4635556 0.9930773973464966 0.04812263697385788 0.10715265572071075 0.01481314655393362 -0.04465009272098541 0.9984040856361389 -0.0345754511654377 -0.13928116858005524 -0.10864551365375519 0.02955171838402748 0.993641197681427 -0.021828627213835716
1403636585.5135555 0.9934566617012024 0.05074348300695419 0.1023181825876236 0.015242223627865314 -0.04853424057364464 0.9985338449478149 -0.023968545719981194 -0.11698204278945923 -0.10338442027568817 0.018845779821276665 0.9944628477096558 -0.01643380895256996
1403636585.5635555 0.9945566654205322 0.05117225646972656 0.09076598286628723 0.016318457201123238 -0.05023030564188957 0.998657763004303 -0.01263356488198042 -0.095915786921978 -0.09129063785076141 0.008005592972040176 0.9957921504974365 -0.01259014755487442
1403636585.6135554 0.9956516623497009 0.0508885532617569 0.07802700251340866 0.016823314130306244 -0.0510396845638752 0.9986967444419861 -5.759764462709427e-05 -0.07695324718952179 -0.07792823761701584 -0.003925126977264881 0.9969512820243835 -0.012023880146443844
1403636585.6635556 0.9968059062957764 0.046294745057821274 0.06507657468318939 0.01770883984863758 -0.04730388522148132 0.998781681060791 0.014051633886992931 -0.06137840449810028 -0.06434677541255951 -0.017085127532482147 0.9977814555168152 -0.012346308678388596
1403636585.7135556 0.9977747797966003 0.04080721735954285 0.05272914096713066 0.017218325287103653 -0.0423734188079834 0.9986828565597534 0.02893391251564026 -0.04861932992935181 -0.05147897079586983 -0.031103840097784996 0.9981895685195923 -0.013010985217988491
1403636585.7635555 0.9983628392219543 0.03522852435708046 0.04506323114037514 0.017751598730683327 -0.037317533046007156 0.9982263445854187 0.046388328075408936 -0.048810552805662155 -0.04334910586476326 -0.047994036227464676 0.9979066252708435 -0.018207978457212448
1403636585.8135555 0.9989787340164185 0.02734825201332569 0.03596523031592369 0.016902923583984375 -0.02955665811896324 0.9976149201393127 0.062378548085689545 -0.04149745777249336 -0.034173499792814255 -0.06337786465883255 0.9974043369293213 -0.020986435934901237
1403636585.8635557 0.999380350112915 0.020281383767724037 0.028769994154572487 0.016567252576351166 -0.02255014143884182 0.9964703321456909 0.08086105436086655 -0.037534456700086594 -0.02702847123146057 -0.08145973086357117 0.9963101148605347 -0.025116264820098877
1403636585.9135554 0.9996050596237183 0.014902318827807903 0.023828279227018356 0.015767719596624374 -0.017213422805070877 0.9948457479476929 0.0999281108379364 -0.035393085330724716 -0.022216305136680603 -0.10029880702495575 0.9947092533111572 -0.02915991097688675
1403636585.9635556 0.9996647238731384 0.009633844718337059 0.024034500122070312 0.015561727806925774 -0.012475663796067238 0.9925687313079834 0.12104389816522598 -0.03403215855360031 -0.022689776495099068 -0.12130315601825714 0.9923561215400696 -0.03219456598162651
1403636586.0135555 0.9995326995849609 0.004401413258165121 0.03024931438267231 0.015462800860404968 -0.008738765493035316 0.9894236326217651 0.1447906196117401 -0.033435188233852386 -0.02929210476577282 -0.1449873000383377 0.9889998435974121 -0.03491227701306343
1403636586.0635555 0.9990363121032715 0.0015005000168457627 0.04386688023805618 0.015812166035175323 -0.00891639944165945 0.9855149388313293 0.16935421526432037 -0.0335095152258873 -0.04297734797000885 -0.16958212852478027 0.9845784306526184 -0.03794664889574051
1403636586.1135554 0.9983721375465393 -0.003795216092839837 0.05690910667181015 0.014677592553198338 -0.007181398570537567 0.9814780950546265 0.1914391666650772 -0.034512460231781006 -0.05658159777522087 -0.19153621792793274 0.9798531532287598 -0.039675187319517136
1403636586.1635556 0.9977055788040161 -0.010185145772993565 0.06693212687969208 0.013129073195159435 -0.0040860362350940704 0.9777584075927734 0.20969416201114655 -0.03549972176551819 -0.0675792247056961 -0.20948651432991028 0.9754734039306641 -0.04227590560913086
1403636586.2135556 0.9973658919334412 -0.015813197940587997 0.07079026848077774 0.010974546894431114 -0.0006920201703906059 0.9738280773162842 0.2272845208644867 -0.03664436936378479 -0.07253165543079376 -0.22673484683036804 0.971251904964447 -0.04529539868235588
1403636586.2635555 0.9972307682037354 -0.019043531268835068 0.07189005613327026 0.009304150938987732 0.000766140001360327 0.9692386388778687 0.24612170457839966 -0.037214476615190506 -0.07436566054821014 -0.2453850507736206 0.9665691256523132 -0.049625009298324585
1403636586.3135555 0.9970558285713196 -0.02550746500492096 0.07231348752975464 0.008119456470012665 0.005373002495616674 0.9639735817909241 0.2659439742565155 -0.0376611202955246 -0.0764918401837349 -0.2647724151611328 0.9612723588943481 -0.0537266843020916
1403636586.3635557 0.9967915415763855 -0.030997181311249733 0.07379601150751114 0.00709499279037118 0.008604960516095161 0.9581255316734314 0.28621920943260193 -0.037435781210660934 -0.07957783341407776 -0.2846658527851105 0.9553180932998657 -0.058343373239040375
1403636586.4135554 0.9966028332710266 -0.03740452975034714 0.07337408512830734 0.006728493142873049 0.013172363862395287 0.9518394470214844 0.30631378293037415 -0.03675667569041252 -0.0812978744506836 -0.30430665612220764 0.9490985870361328 -0.0630498006939888
1403636586.4635556 0.9966052770614624 -0.037690676748752594 0.07319503277540207 0.007172773126512766 0.011852781288325787 0.9454765319824219 0.32547444105148315 -0.036092668771743774 -0.08147154003381729 -0.32350191473960876 0.9427135586738586 -0.0683082640171051
1403636586.5135555 0.996678352355957 -0.037483472377061844 0.07230129837989807 0.00781621690839529 0.01065021101385355 0.9401506781578064 0.3405925929546356 -0.033120784908533096 -0.08074071258306503 -0.3386910855770111 0.9374269247055054 -0.06917178630828857
1403636586.5635555 0.996947169303894 -0.03599577024579048 0.06928660720586777 0.009911730885505676 0.009252517484128475 0.9356030225753784 0.3529323637485504 -0.03309933841228485 -0.07752884179353714 -0.3512137830257416 0.9330799579620361 -0.0734143853187561
1403636586.6135554 0.9971333146095276 -0.03531568497419357 0.06691771745681763 0.01237203273922205 0.0088731050491333 0.9328703284263611 0.3601032495498657 -0.03406509757041931 -0.07514283061027527 -0.3584771454334259 0.9305093288421631 -0.07684001326560974
1403636586.6635556 0.997102677822113 -0.03655495494604111 0.0667068213224411 0.016050349920988083 0.010020655579864979 0.9324394464492798 0.3611871898174286 -0.03591959550976753 -0.07540326565504074 -0.3594723343849182 0.9301041960716248 -0.07862495630979538
1403636586.7135556 0.9972379207611084 -0.036280836910009384 0.06481046229600906 0.019949425011873245 0.010834725573658943 0.9343052506446838 0.3563094437122345 -0.037644434720277786 -0.07347995042800903 -0.35462304949760437 0.9321175813674927 -0.07935082167387009
1403636586.7635555 0.9975234866142273 -0.037066247314214706 0.0597737617790699 0.0236929003149271 0.013855360448360443 0.9367684125900269 0.349675714969635 -0.03963463008403778 -0.06895531713962555 -0.34798160195350647 0.9349619746208191 -0.07920090854167938
1403636586.8135555 0.9977609515190125 -0.036159075796604156 0.056262485682964325 0.027502937242388725 0.014774736948311329 0.9396306872367859 0.34187111258506775 -0.04126334190368652 -0.06522771716117859 -0.3402743637561798 0.9380610585212708 -0.077953040599823
1403636586.8635557 0.9979113340377808 -0.03431365266442299 0.05473141372203827 0.030400406569242477 0.01403950434178114 0.9422081708908081 0.3347334563732147 -0.041972413659095764 -0.06305431574583054 -0.33326587080955505 0.9407221078872681 -0.07669945806264877
1403636586.9135554 0.9982175827026367 -0.02852126583456993 0.05242300033569336 0.030110079795122147 0.00970288272947073 0.9442838430404663 0.3289889097213745 -0.040944654494524 -0.058885373175144196 -0.32789385318756104 0.9428775310516357 -0.07293511182069778
1403636586.9635556 0.9984980821609497 -0.02518298290669918 0.04865504801273346 0.030986027792096138 0.008027775213122368 0.9457612037658691 0.3247632384300232 -0.04122670739889145 -0.05419456213712692 -0.32388487458229065 0.9445430040359497 -0.07107770442962646
1403636587.0135555 0.9988247752189636 -0.0186442993581295 0.0447373129427433 0.031828030943870544 0.0032151208724826574 0.946504533290863 0.3226741850376129 -0.042183905839920044 -0.04836011305451393 -0.3221511244773865 0.9454522132873535 -0.06917420029640198
1403636587.0635555 0.9989537000656128 -0.01597200147807598 0.042853906750679016 0.032298412173986435 0.0012405214365571737 0.9461516737937927 0.32372111082077026 -0.04273640364408493 -0.045716773718595505 -0.32332924008369446 0.9451816082000732 -0.06705547869205475
1403636587.1135554 0.9990742802619934 -0.011739538982510567 0.041386641561985016 0.033465947955846786 -0.002485761884599924 0.9446844458580017 0.32797104120254517 -0.04359227791428566 -0.042947545647621155 -0.32777032256126404 0.943780779838562 -0.06517494469881058
1403636587.1635556 0.9991191029548645 -0.008567306213080883 0.04107988253235817 0.035770487040281296 -0.005603383295238018 0.9429338574409485 0.3329330086708069 -0.044579461216926575 -0.0415879525244236 -0.33286991715431213 0.9420552849769592 -0.06300880014896393
1403636587.2135556 0.9991878271102905 -0.007540151011198759 0.03958166018128395 0.03838880732655525 -0.00616383645683527 0.942170262336731 0.33507782220840454 -0.044698119163513184 -0.03981919586658478 -0.33504974842071533 0.9413586258888245 -0.06168326362967491
1403636587.2635555 0.9991558790206909 -0.008642841130495071 0.04016030207276344 0.04302234947681427 -0.005395805928856134 0.9415356516838074 0.33686986565589905 -0.045404452830553055 -0.04072387143969536 -0.3368021845817566 0.9406943321228027 -0.05907624587416649
1403636587.3135555 0.9991092085838318 -0.011033906601369381 0.04073058441281319 0.04964804649353027 -0.0033915285021066666 0.9410915970802307 0.33813467621803284 -0.0461406409740448 -0.04206216335296631 -0.33797162771224976 0.9402158856391907 -0.05634747073054314
1403636587.3635557 0.9989872574806213 -0.013635116629302502 0.04287932440638542 0.05772972106933594 -0.0017342681530863047 0.940602719783783 0.3395048677921295 -0.04711544141173363 -0.0449615940451622 -0.33923542499542236 0.9396263957023621 -0.053336773067712784
1403636587.4135554 0.9988802075386047 -0.016230227425694466 0.04444108158349991 0.06562457233667374 0.00010464828665135428 0.94007408618927 0.34097012877464294 -0.04811491072177887 -0.0473119281232357 -0.3405837118625641 0.939022958278656 -0.05101671814918518
1403636587.4635556 0.9987678527832031 -0.020581865683197975 0.045158591121435165 0.07604809105396271 0.003847594605758786 0.9393215775489807 0.3430164158344269 -0.04921969026327133 -0.04947835952043533 -0.34241998195648193 0.9382432103157043 -0.048834796994924545
1403636587.5135555 0.9986574649810791 -0.02541208267211914 0.04514092206954956 0.0884343758225441 0.00827961228787899 0.9385066628456116 0.34516164660453796 -0.050344258546829224 -0.051136333495378494 -0.34432452917099 0.9374569654464722 -0.04642574489116669
1403636587.5635555 0.9985036253929138 -0.029256990179419518 0.04620124027132988 0.09913264960050583 0.011449209414422512 0.9379693269729614 0.34652912616729736 -0.05141401290893555 -0.05347374454140663 -0.34548160433769226 0.9369007349014282 -0.04524694010615349
1403636587.6135554 0.9982539415359497 -0.03326040506362915 0.04881531745195389 0.11370870471000671 0.014405393041670322 0.9385337233543396 0.344886839389801 -0.05234057456254959 -0.05728590115904808 -0.34358149766921997 0.9373739361763 -0.04303796961903572
1403636587.6635556 0.9979170560836792 -0.037491459399461746 0.052496474236249924 0.12847386300563812 0.01733611337840557 0.9396998882293701 0.341560423374176 -0.054867006838321686 -0.06213652342557907 -0.33993884921073914 0.9383925199508667 -0.04167022556066513
