1305031103.675523 0.9978806972503662 0.0004224573203828186 -0.06506891548633575 -0.0028313370421528816 0.0006642871303483844 0.9998606443405151 0.01667890138924122 -0.04892728477716446 0.06506688892841339 -0.016686774790287018 0.9977415204048157 -0.07820310443639755
1305031103.71161 0.9976618885993958 -0.00010232761997031048 -0.06834423542022705 9.260140359401703e-05 0.0008169924258254468 0.9999452233314514 0.010428971610963345 -0.05273919552564621 0.06833942234516144 -0.010460419580340385 0.997607409954071 -0.10060180723667145
1305031103.743326 0.9977752566337585 0.0039697554893791676 -0.0665481835603714 -0.0011322256177663803 -0.0037439584266394377 0.9999868273735046 0.003517349250614643 -0.053052183240652084 0.0665612742304802 -0.0032603712752461433 0.9977770447731018 -0.10986828804016113
1305031103.775342 0.9976969957351685 0.008505135774612427 -0.06729226559400558 0.0018861116841435432 -0.008824137970805168 0.999951183795929 -0.0044447630643844604 -0.055916834622621536 0.06725116074085236 0.005028323736041784 0.9977233409881592 -0.14381419122219086
1305031103.811242 0.997827410697937 0.01757854036986828 -0.06349398195743561 0.0006633317098021507 -0.018312575295567513 0.999771773815155 -0.010997297242283821 -0.046495936810970306 0.063286192715168 0.012136145494878292 0.9979216456413269 -0.16192877292633057
1305031103.843251 0.9979597926139832 0.018873753026127815 -0.06099187955260277 -0.004597513936460018 -0.018506083637475967 0.9998070597648621 0.006587452255189419 -0.06286073476076126 0.061104439198970795 -0.005445289891213179 0.9981165528297424 -0.19576361775398254
1305031103.875361 0.9975347518920898 0.026274239644408226 -0.06506916880607605 -0.0074835531413555145 -0.024935616180300713 0.9994621276855469 0.02129983901977539 -0.07425068318843842 0.06559380888938904 -0.01962479203939438 0.9976534247398376 -0.2133428156375885
1305031103.911221 0.9969543814659119 0.03198312595486641 -0.07112667709589005 -0.009353240951895714 -0.030356355011463165 0.9992548823356628 0.023836348205804825 -0.0830826684832573 0.07183601707220078 -0.021604610607028008 0.9971824884414673 -0.22960132360458374
1305031103.943211 0.9963619112968445 0.033001042902469635 -0.07857310026884079 -0.005255529657006264 -0.031534142792224884 0.999305784702301 0.019837642088532448 -0.08505026996135712 0.07917319983243942 -0.017287740483880043 0.996711015701294 -0.25248295068740845
1305031103.975373 0.9958541393280029 0.0350617952644825 -0.08393825590610504 -0.0010305419564247131 -0.03389260545372963 0.9993081092834473 0.015314179472625256 -0.08804039657115936 0.08441713452339172 -0.012405799701809883 0.9963533282279968 -0.27175548672676086
1305031104.011232 0.9955220818519592 0.03661350533366203 -0.08715184777975082 0.006692124530673027 -0.03602099046111107 0.9993160367012024 0.008362083695828915 -0.0953541025519371 0.08739840984344482 -0.005185342859476805 0.9961599707603455 -0.2905203700065613
1305031104.043249 0.9959465861320496 0.04003404080867767 -0.08054554462432861 0.009205128997564316 -0.04029453173279762 0.9991865158081055 -0.0016105900285765529 -0.10394798964262009 0.08041556179523468 0.004849607590585947 0.9967496395111084 -0.3174721300601959
1305031104.075425 0.9963583946228027 0.045886434614658356 -0.07186263054609299 0.011898034252226353 -0.046790122985839844 0.9988448619842529 -0.01094182301312685 -0.10111670941114426 0.07127753645181656 0.014264439232647419 0.9973545670509338 -0.33978062868118286
1305031104.111235 0.9969319105148315 0.04790433868765831 -0.06190253794193268 0.015767768025398254 -0.04905827343463898 0.9986468553543091 -0.017256563529372215 -0.10100281983613968 0.06099212169647217 0.020240454003214836 0.997933030128479 -0.33467838168144226
1305031104.14323 0.99753338098526 0.049917273223400116 -0.04935113340616226 0.011608917266130447 -0.05134325847029686 0.998286783695221 -0.02806112915277481 -0.10300486534833908 0.0478658489882946 0.030525755137205124 0.9983872771263123 -0.3572063446044922
1305031104.175424 0.9977757930755615 0.05147548019886017 -0.042352281510829926 0.009532013908028603 -0.05304279178380966 0.9979157447814941 -0.03675413131713867 -0.10416653752326965 0.04037206247448921 0.038918860256671906 0.9984264373779297 -0.3799457550048828
1305031104.211283 0.9979586601257324 0.050107862800359726 -0.03959539160132408 0.01317074615508318 -0.05181700363755226 0.9977136254310608 -0.04338712617754936 -0.10935034602880478 0.03733082115650177 0.04535027965903282 0.9982734322547913 -0.39360320568084717
1305031104.243196 0.998119056224823 0.050620634108781815 -0.03458616882562637 0.011328984051942825 -0.05245606228709221 0.9971403479576111 -0.05440063029527664 -0.1077500730752945 0.03173346444964409 0.05611254274845123 0.9979200959205627 -0.4130481481552124
1305031104.275546 0.9982050061225891 0.05193623900413513 -0.029826195910573006 0.011878876015543938 -0.053748127073049545 0.9965299367904663 -0.0635557472705841 -0.10767468065023422 0.026421839371323586 0.06504476070404053 0.9975325465202332 -0.43317458033561707
1305031104.311219 0.9983283281326294 0.052993763238191605 -0.023070132359862328 0.011434902437031269 -0.05449749156832695 0.9960330128669739 -0.07034439593553543 -0.11023540794849396 0.019250785931944847 0.0714840516448021 0.9972559809684753 -0.4503459632396698
1305031104.343342 0.9984776377677917 0.05282438546419144 -0.015873543918132782 0.013848771341145039 -0.05391576886177063 0.9954328536987305 -0.07878314703702927 -0.10571961849927902 0.011639364995062351 0.07951904088258743 0.9967653751373291 -0.4680500626564026
1305031104.375837 0.9985902905464172 0.0528499037027359 -0.004926934838294983 0.010948588140308857 -0.05307566002011299 0.9952647686004639 -0.08142994344234467 -0.10966862738132477 0.000600047642365098 0.08157665282487869 0.9966669082641602 -0.4920077323913574
1305031104.411509 0.998648464679718 0.051814574748277664 0.0040633054450154305 0.006179085001349449 -0.05129535496234894 0.9951879382133484 -0.08348280936479568 -0.1112544909119606 -0.008369374088943005 0.08316154032945633 0.9965009093284607 -0.5091238617897034
1305031104.443288 0.9986313581466675 0.05141790583729744 0.009554891847074032 -0.0031842770986258984 -0.050407975912094116 0.9950122833251953 -0.0860770046710968 -0.10707679390907288 -0.013933144509792328 0.0854775682091713 0.9962425827980042 -0.5254469513893127
1305031104.475456 0.9987491369247437 0.049544382840394974 0.0067251892760396 -0.005826183594763279 -0.04879845306277275 0.9952101707458496 -0.08470624685287476 -0.10825425386428833 -0.010889706201851368 0.08427213132381439 0.9963831901550293 -0.5400328040122986
1305031104.511329 0.9988860487937927 0.047106944024562836 0.0027412348426878452 -0.010539045557379723 -0.046698085963726044 0.9952124953269958 -0.08585602045059204 -0.11091063916683197 -0.006772520020604134 0.08563236892223358 0.9963038563728333 -0.5518771409988403
1305031104.543368 0.9989762306213379 0.04502376914024353 -0.004405534826219082 -0.0024047871120274067 -0.045237720012664795 0.9948747158050537 -0.09043118357658386 -0.11430171132087708 0.00031140190549194813 0.0905379131436348 0.9958929419517517 -0.5534782409667969
1305031104.575343 0.9990461468696594 0.043143145740032196 -0.006744265556335449 0.006415685638785362 -0.04359394311904907 0.9943413734436035 -0.09687476605176926 -0.12173958867788315 0.0025266206357628107 0.09707637131214142 0.995273768901825 -0.5672571063041687
1305031104.611336 0.999099612236023 0.0422663539648056 0.0036387667059898376 0.004538864828646183 -0.041570473462343216 0.9925273060798645 -0.11472298204898834 -0.1311570256948471 -0.008460498414933681 0.11446844041347504 0.9933908581733704 -0.5966700911521912
1305031104.643243 0.9989623427391052 0.04218370094895363 0.017166689038276672 0.009195991791784763 -0.03937167674303055 0.9893620610237122 -0.1400451362133026 -0.12695178389549255 -0.0228916946798563 0.13922394812107086 0.9899962544441223 -0.6145374178886414
1305031104.675525 0.9987605214118958 0.040445342659950256 0.029007866978645325 0.018061112612485886 -0.03531946614384651 0.986568033695221 -0.15948694944381714 -0.13541799783706665 -0.03506874665617943 0.15826474130153656 0.9867737889289856 -0.6279131174087524
1305031104.711277 0.9982788562774658 0.03690263628959656 0.04557814821600914 0.011727005243301392 -0.027540376409888268 0.9811644554138184 -0.19120074808597565 -0.12677910923957825 -0.05177547037601471 0.18961645662784576 0.980492115020752 -0.6406797766685486
1305031104.74328 0.9976952075958252 0.03769364207983017 0.05642109364271164 0.017834831029176712 -0.024637077003717422 0.9759974479675293 -0.21638357639312744 -0.12708954513072968 -0.06322312355041504 0.21449485421180725 0.9746767282485962 -0.6601681709289551
1305031104.775327 0.9968816041946411 0.03372913599014282 0.07133863866329193 0.014841701835393906 -0.015701189637184143 0.9707528352737427 -0.2395673245191574 -0.12350398302078247 -0.07733259350061417 0.2377001941204071 0.968255341053009 -0.6732473969459534
1305031104.811465 0.9963672161102295 0.028813445940613747 0.08013807982206345 0.025551557540893555 -0.006965344771742821 0.9654428958892822 -0.2605215013027191 -0.11565227806568146 -0.08487526327371597 0.25901690125465393 0.9621363878250122 -0.6654152274131775
1305031104.843258 0.9954055547714233 0.025894062593579292 0.0921802893280983 0.02768900990486145 0.0006187139078974724 0.9609773755073547 -0.27662619948387146 -0.11011126637458801 -0.09574615210294724 0.27541232109069824 0.9565461874008179 -0.6738910675048828
1305031104.87535 0.9946445226669312 0.024400465190410614 0.10043291747570038 0.018990591168403625 0.0057280645705759525 0.9572247266769409 -0.28928881883621216 -0.09913946688175201 -0.10319565236568451 0.2883148193359375 0.9519586563110352 -0.679702639579773
1305031104.911534 0.9947234392166138 0.018885917961597443 0.10083876550197601 0.02453986555337906 0.011503489688038826 0.9561788439750671 -0.29255715012550354 -0.09810088574886322 -0.10194509476423264 0.2921735346317291 0.9509162902832031 -0.6776344776153564
1305031104.943262 0.9944761991500854 0.01846407540142536 0.1033252477645874 0.021894529461860657 0.012825249694287777 0.955653727054596 -0.2942133843898773 -0.09594906866550446 -0.10417553782463074 0.2939133942127228 0.9501380324363708 -0.6749463081359863
1305031104.975202 0.9946393966674805 0.016620207577943802 0.10206010937690735 0.02162785828113556 0.014109871350228786 0.9559520483016968 -0.29318368434906006 -0.08806997537612915 -0.1024373322725296 0.293052077293396 0.9505930542945862 -0.6723538041114807
1305031105.01129 0.9947366714477539 0.015218890272080898 0.1013273373246193 0.02240636572241783 0.014372400939464569 0.9584069848060608 -0.28504297137260437 -0.08359815180301666 -0.1014508455991745 0.2849990725517273 0.953143835067749 -0.6637933254241943
1305031105.043373 0.9946470260620117 0.01860852725803852 0.10164140164852142 0.018063396215438843 0.010294402949512005 0.9609118103981018 -0.27666333317756653 -0.07554058730602264 -0.10281671583652496 0.27622872591018677 0.955576479434967 -0.6481138467788696
1305031105.07532 0.9946838021278381 0.020741146057844162 0.10086652636528015 0.017079733312129974 0.006563741248100996 0.9647443294525146 -0.2631075084209442 -0.0761338472366333 -0.10276756435632706 0.2623708248138428 0.9594791531562805 -0.6357561945915222
1305031105.111299 0.9947773218154907 0.023468542844057083 0.09933413565158844 0.014710824936628342 0.002124401507899165 0.9682360887527466 -0.2500288188457489 -0.08388091623783112 -0.10204669088125229 0.2489340454339981 0.963129460811615 -0.6181895136833191
1305031105.143106 0.9951251745223999 0.0271014217287302 0.09482261538505554 0.009391937404870987 -0.003209854243323207 0.9698905348777771 -0.2435201108455658 -0.06769731640815735 -0.09856729209423065 0.2420286238193512 0.9652495384216309 -0.5989029407501221
1305031105.175159 0.9954644441604614 0.03196221590042114 0.08960465341806412 0.00490395724773407 -0.011637091636657715 0.9757101535797119 -0.21875593066215515 -0.06462131440639496 -0.09442013502120972 0.21672101318836212 0.9716567397117615 -0.5741363167762756
1305031105.211268 0.9959877729415894 0.03254963457584381 0.08335999399423599 -0.00029121339321136475 -0.015821117907762527 0.9808792471885681 -0.1939733773469925 -0.07373707741498947 -0.08807986229658127 0.19187627732753754 0.9774587154388428 -0.5523597002029419
1305031105.24327 0.9967340230941772 0.03427558392286301 0.07312077283859253 -0.0035280585289001465 -0.020796969532966614 0.9838650226593018 -0.17769920825958252 -0.07418932765722275 -0.07803172618150711 0.1755981147289276 0.9813646078109741 -0.533909797668457
1305031105.275288 0.9974145889282227 0.036635156720876694 0.061823129653930664 -0.005641371011734009 -0.02668101340532303 0.987589955329895 -0.15477176010608673 -0.07669075578451157 -0.06672598421573639 0.15272212028503418 0.9860140085220337 -0.529594361782074
1305031105.31129 0.998237669467926 0.035439882427453995 0.04759829118847847 -0.008177574723958969 -0.02886120229959488 0.9907744526863098 -0.13241209089756012 -0.08378548920154572 -0.05185184255242348 0.13080495595932007 0.99005126953125 -0.5096205472946167
1305031105.343302 0.998479425907135 0.03812649846076965 0.03981465846300125 -0.020878013223409653 -0.03318092226982117 0.9924312829971313 -0.11823400110006332 -0.08076579868793488 -0.04402116686105728 0.11673315614461899 0.9921872019767761 -0.4926561415195465
1305031105.375338 0.998860776424408 0.037432294338941574 0.029592623934149742 -0.02084326557815075 -0.03394966199994087 0.993294894695282 -0.11051097512245178 -0.0850318968296051 -0.033530883491039276 0.10938045382499695 0.9934343099594116 -0.46947774291038513
1305031105.411286 0.999079704284668 0.037946026772260666 0.019985415041446686 -0.020352987572550774 -0.03572247549891472 0.9941615462303162 -0.10181751102209091 -0.07662710547447205 -0.023732297122478485 0.10100992023944855 0.994602382183075 -0.44987279176712036
1305031105.443316 0.9991556406021118 0.03915339708328247 0.012441786006093025 -0.021048251539468765 -0.03793524578213692 0.9955352544784546 -0.08643151819705963 -0.0843549519777298 -0.01577032543718815 0.08588659018278122 0.9961801767349243 -0.427619069814682
1305031105.47528 0.9992391467094421 0.03865097090601921 0.005219938233494759 -0.02019651047885418 -0.03811720013618469 0.9961317777633667 -0.0791717991232872 -0.08500511944293976 -0.008259809575974941 0.07891260087490082 0.9968473315238953 -0.40920406579971313
1305031105.511332 0.9992801547050476 0.03785119578242302 -0.0025228653103113174 -0.015380029566586018 -0.03793468698859215 0.9967148303985596 -0.0715578943490982 -0.0795658528804779 -0.00019397959113121033 0.07160209864377975 0.9974332451820374 -0.3786696791648865
1305031105.543282 0.9993836283683777 0.034611210227012634 -0.005880050361156464 -0.011160749942064285 -0.03490570932626724 0.9975290894508362 -0.06097085773944855 -0.08611036092042923 0.003755234181880951 0.06113852187991142 0.9981222748756409 -0.3570369482040405
1305031105.575449 0.9993641376495361 0.0347684845328331 -0.007919929921627045 -0.012739668600261211 -0.03515443205833435 0.9978476166725159 -0.055357370525598526 -0.08649477362632751 0.0059781745076179504 0.055600594729185104 0.9984352588653564 -0.3359728753566742
1305031105.611378 0.9994067549705505 0.03292054682970047 -0.010128064081072807 -0.010698014870285988 -0.03337553143501282 0.9982593059539795 -0.04862566292285919 -0.09124628454446793 0.008509641513228416 0.048934850841760635 0.998765766620636 -0.3134637773036957
1305031105.643273 0.9995470643043518 0.02852478064596653 -0.009604601189494133 -0.013153494335711002 -0.028951048851013184 0.9984452724456787 -0.0476328507065773 -0.09192527085542679 0.008230948820710182 0.0478893406689167 0.9988187551498413 -0.294472873210907
1305031105.675166 0.9995957016944885 0.025700237601995468 -0.012166894972324371 -0.009291749447584152 -0.026226812973618507 0.9986287951469421 -0.04530422389507294 -0.09229601174592972 0.010985888540744781 0.04560500383377075 0.9988992214202881 -0.28938058018684387
1305031105.711309 0.9996011257171631 0.02637280337512493 -0.010099604725837708 -0.0014917433727532625 -0.02680387906730175 0.998616635799408 -0.04523657262325287 -0.09816804528236389 0.008892621845006943 0.04548924043774605 0.9989253878593445 -0.2655811309814453
1305031105.743312 0.9996688365936279 0.025691049173474312 -0.0015308428555727005 -0.0014088652096688747 -0.02573576010763645 0.9983513951301575 -0.05130188167095184 -0.09066875278949738 0.00021032430231571198 0.05132428929209709 0.9986820816993713 -0.2452668398618698
1305031105.775339 0.9996825456619263 0.02463017776608467 0.005316697992384434 0.005186115391552448 -0.024349994957447052 0.9985724091529846 -0.047539666295051575 -0.09647136181592941 -0.006480014882981777 0.047395117580890656 0.9988552927970886 -0.22430524230003357
1305031105.811283 0.9996573328971863 0.02215459570288658 0.013938517309725285 0.007168804295361042 -0.021381711587309837 0.9983470439910889 -0.05334772914648056 -0.09193659573793411 -0.015097378753125668 0.05303141102194786 0.9984787106513977 -0.20044948160648346
1305031105.843271 0.9996587634086609 0.01811501942574978 0.018817182630300522 0.013762829825282097 -0.017047813162207603 0.9983184337615967 -0.055404745042324066 -0.09202315658330917 -0.019789207726716995 0.055065054446458817 0.9982866644859314 -0.17850500345230103
1305031105.875337 0.9994408488273621 0.015172099694609642 0.02979382313787937 0.014597955159842968 -0.01332833245396614 0.9980404376983643 -0.061136454343795776 -0.08113981783390045 -0.03066301718354225 0.06070517376065254 0.9976846575737 -0.15919165313243866
1305031105.911262 0.9992986917495728 0.005258873570710421 0.037073615938425064 0.01681131310760975 -0.0031549306586384773 0.9983929991722107 -0.05658213794231415 -0.07753250747919083 -0.0373116061091423 0.05642549321055412 0.997709333896637 -0.1373552680015564
1305031105.943272 0.9989924430847168 -9.2753442004323e-05 0.04487986862659454 0.016204435378313065 0.0024479515850543976 0.9986218214035034 -0.05242571234703064 -0.07249066233634949 -0.04481315612792969 0.05248274654150009 0.9976158738136292 -0.12087202817201614
1305031105.975329 0.9988203644752502 -0.003359547583386302 0.048440586775541306 0.01801840215921402 0.005532026756554842 0.9989814162254333 -0.04478426277637482 -0.06747615337371826 -0.0482407882809639 0.04499940574169159 0.9978216290473938 -0.10128376632928848
1305031106.011285 0.9985920786857605 -0.007218664512038231 0.05255413055419922 0.019994160160422325 0.009190780110657215 0.9992588758468628 -0.03738098591566086 -0.06268321722745895 -0.052245333790779114 0.03781135752797127 0.9979183077812195 -0.08261478692293167
1305031106.043355 0.9983029961585999 -0.010278243571519852 0.05732039362192154 0.019247544929385185 0.011956537142395973 0.9995075464248657 -0.029013467952609062 -0.05883859470486641 -0.05699395760893822 0.029649576172232628 0.9979342222213745 -0.0637272298336029
1305031106.07533 0.9981424808502197 -0.014106976799666882 0.059265851974487305 0.018013421446084976 0.015290975570678711 0.9996915459632874 -0.0195719376206398 -0.05709998682141304 -0.05897146835923195 0.020441807806491852 0.998050332069397 -0.0465066060423851
1305031106.111327 0.9980967044830322 -0.01652328297495842 0.059413209557533264 0.016710443422198296 0.01727396622300148 0.9997770190238953 -0.012143505737185478 -0.04812067747116089 -0.059199314564466476 0.013146684505045414 0.998159646987915 -0.030282728374004364
1305031106.143355 0.9981352686882019 -0.02059301920235157 0.057460296899080276 0.01395745761692524 0.020449204370379448 0.9997861385345459 0.0030898340046405792 -0.04843287542462349 -0.057511646300554276 -0.0019090697169303894 0.9983429908752441 -0.0124503243714571
1305031106.175534 0.9982554316520691 -0.02269889786839485 0.05450400337576866 0.012864739634096622 0.022218873724341393 0.9997090697288513 0.009397124871611595 -0.04506692662835121 -0.05470144376158714 -0.008169727399945259 0.998469352722168 0.00189044582657516
1305031106.211275 0.9983631372451782 -0.024158643558621407 0.051839906722307205 0.011735670268535614 0.02318037860095501 0.999543309211731 0.019389769062399864 -0.04954630136489868 -0.05228465050458908 -0.018156355246901512 0.9984672665596008 0.016153480857610703
1305031106.243267 0.9983430504798889 -0.03117334097623825 0.048366978764534 0.011238915845751762 0.03031114861369133 0.9993702173233032 0.018458349630236626 -0.04549583047628403 -0.048911914229393005 -0.016961703076958656 0.9986590147018433 0.026890067383646965
1305031106.276385 0.9983865022659302 -0.03330465406179428 0.045991234481334686 0.009093090891838074 0.032470639795064926 0.9992966055870056 0.01876375824213028 -0.037713050842285156 -0.04658380150794983 -0.017240112647414207 0.9987656474113464 0.03662998974323273
1305031106.311238 0.9983240962028503 -0.040609993040561676 0.04122989624738693 0.011180454865098 0.03953448310494423 0.9988648891448975 0.026574276387691498 -0.034538738429546356 -0.04226226732134819 -0.02489972859621048 0.9987962245941162 0.04476473480463028
1305031106.343258 0.9984071850776672 -0.04166213423013687 0.038046695291996 0.010250807739794254 0.040518831461668015 0.9987179636955261 0.03034277819097042 -0.022876622155308723 -0.0392620712518692 -0.02875283733010292 0.9988151788711548 0.04502687603235245
1305031106.375388 0.9989842176437378 -0.028658507391810417 0.03477621078491211 0.01760108768939972 0.026912858709692955 0.9984031915664673 0.04966697841882706 -0.023294394835829735 -0.03614405170083046 -0.04868060350418091 0.998160183429718 0.048197951167821884
1305031106.41132 0.9987520575523376 -0.018964065238833427 0.0462026484310627 0.01842491328716278 0.01588341034948826 0.9976829290390015 0.06615497171878815 -0.034126754850149155 -0.047350164502859116 -0.06533855944871902 0.9967390894889832 0.05546172335743904
1305031106.443278 0.9981887340545654 -0.009189089760184288 0.05945393443107605 0.00959460623562336 0.005071430467069149 0.9976009130477905 0.0690416768193245 -0.03862311318516731 -0.0599457286298275 -0.06861510872840881 0.9958406090736389 0.05205563083291054
1305031106.475345 0.99817955493927 -0.0062537845224142075 0.05998598784208298 0.004733196459710598 0.0020048250444233418 0.9975003600120544 0.07063279300928116 -0.0416276678442955 -0.06027776375412941 -0.0703839510679245 0.9956970810890198 0.04238922894001007
1305031106.511129 0.9985785484313965 -0.005807776004076004 0.05298221856355667 0.003050112398341298 0.0021105753257870674 0.9975746273994446 0.06957269459962845 -0.048400379717350006 -0.053257785737514496 -0.06936198472976685 0.9961689114570618 0.03307260572910309
1305031106.543302 0.9990692138671875 -0.0025316383689641953 0.04306139424443245 0.005144014023244381 -0.00012511550448834896 0.9981019496917725 0.061582598835229874 -0.04899570345878601 -0.043135568499565125 -0.06153066083788872 0.9971725940704346 0.019559221342206
1305031106.575282 0.9991915225982666 0.00027034367667511106 0.04020301625132561 0.0039004096761345863 -0.0024292771704494953 0.9985561966896057 0.05366164445877075 -0.05055521801114082 -0.04013046249747276 -0.05371592193841934 0.9977495670318604 0.007564828731119633
1305031106.611151 0.999384880065918 0.005937841255217791 0.034563492983579636 0.001647651195526123 -0.0078003606759011745 0.9985102415084839 0.0540039986371994 -0.052327074110507965 -0.03419133648276329 -0.054240379482507706 0.997942328453064 -0.010388890281319618
1305031106.643207 0.9995176196098328 0.010594867169857025 0.029192935675382614 0.001259826123714447 -0.012216868810355663 0.9983585476875305 0.05595526471734047 -0.06030900776386261 -0.02855217643082142 -0.05628491938114166 0.9980064034461975 -0.02727586403489113
1305031106.675279 0.9996016025543213 0.012099267914891243 0.025499362498521805 -0.0047830743715167046 -0.013363772071897984 0.9986589550971985 0.05001716688275337 -0.05922911316156387 -0.024859998375177383 -0.050338003784418106 0.9984228014945984 -0.04793321713805199
1305031106.711508 0.9997316598892212 0.016252079978585243 0.016508467495441437 -0.010149823501706123 -0.01714363321661949 0.9983180165290833 0.05538305267691612 -0.06177400425076485 -0.015580609440803528 -0.05565120652318001 0.998328685760498 -0.062070924788713455
1305031106.743341 0.9998459815979004 0.01670845039188862 0.005359895061701536 -0.014143316075205803 -0.016962992027401924 0.998523473739624 0.051606085151433945 -0.06332195550203323 -0.004489741753786802 -0.051689065992832184 0.9986531138420105 -0.08684728294610977
1305031106.77539 0.9998063445091248 0.01683911308646202 -0.010182343423366547 -0.009106871671974659 -0.016296036541461945 0.9985527992248535 0.05125175788998604 -0.06738108396530151 0.011030623689293861 -0.05107591301202774 0.998633861541748 -0.10987402498722076
1305031106.811289 0.9996795654296875 0.019080817699432373 -0.016632460057735443 -0.011164557188749313 -0.01822793483734131 0.998582661151886 0.05000362545251846 -0.06473875790834427 0.017562977969646454 -0.04968442767858505 0.9986105561256409 -0.13350161910057068
1305031106.843416 0.999405026435852 0.02137850597500801 -0.027065951377153397 -0.00841594859957695 -0.01987212523818016 0.9983022212982178 0.054751746356487274 -0.07617653906345367 0.02819051221013069 -0.054181311279535294 0.99813312292099 -0.15420569479465485
1305031106.875905 0.9990359544754028 0.029212288558483124 -0.032775744795799255 -0.005655007436871529 -0.027714641764760017 0.9985909461975098 0.04525336995720863 -0.0821627601981163 0.03405153006315231 -0.04430137574672699 0.9984378218650818 -0.18022537231445312
1305031106.911243 0.998837947845459 0.038230475038290024 -0.029351240023970604 -0.008367383852601051 -0.03715512901544571 0.9986481666564941 0.03634776920080185 -0.07822641730308533 0.0307011641561985 -0.03521498292684555 0.9989081621170044 -0.20815026760101318
1305031106.943439 0.9985244274139404 0.04673788696527481 -0.02765616402029991 -0.00767100602388382 -0.04576723650097847 0.9983476400375366 0.03474654257297516 -0.08573959767818451 0.02923445962369442 -0.033429525792598724 0.9990135431289673 -0.23154854774475098
1305031106.975547 0.9983216524124146 0.05214710533618927 -0.025195598602294922 -0.005462415982037783 -0.051520898938179016 0.9983615279197693 0.024894889444112778 -0.09415517747402191 0.026452520862221718 -0.023555003106594086 0.9993726015090942 -0.25612956285476685
1305031107.011576 0.9980028867721558 0.06070106104016304 -0.017483755946159363 -0.009246264584362507 -0.06058552861213684 0.9981379508972168 0.0070642586797475815 -0.08190935850143433 0.017879996448755264 -0.005990887992084026 0.9998222589492798 -0.2772160768508911
1305031107.043281 0.9978201389312744 0.0648839920759201 -0.01204488892108202 -0.011209987103939056 -0.06477133929729462 0.9978546500205994 0.009519876912236214 -0.08939101547002792 0.01263672485947609 -0.008718961849808693 0.999882161617279 -0.299378365278244
1305031107.075432 0.9977295994758606 0.06667269766330719 -0.009514587931334972 -0.01535929273813963 -0.06664970517158508 0.997772753238678 0.0027135806158185005 -0.09848275035619736 0.00967430416494608 -0.002073274925351143 0.9999511241912842 -0.32429322600364685
1305031107.111229 0.9975917935371399 0.06856144219636917 -0.01048302836716175 -0.017430739477276802 -0.06866183876991272 0.9975943565368652 -0.009537053294479847 -0.09294643998146057 0.009803923778235912 0.01023387536406517 0.9998996257781982 -0.3486396372318268
1305031107.14326 0.9976259469985962 0.06792990118265152 -0.011322515085339546 -0.011828947812318802 -0.06807627528905869 0.9975942373275757 -0.013086708262562752 -0.09199129790067673 0.010406287387013435 0.013826435431838036 0.9998503923416138 -0.37137213349342346
1305031107.175399 0.997520923614502 0.06993570178747177 -0.007801402360200882 -0.011981948278844357 -0.07004375755786896 0.9974375367164612 -0.014566128142178059 -0.10092044621706009 0.006762709468603134 0.015076454728841782 0.9998635053634644 -0.38450905680656433
1305031107.211358 0.9973532557487488 0.07254154980182648 -0.004907331895083189 -0.008937232196331024 -0.0726420059800148 0.9970455169677734 -0.02496613934636116 -0.1087324395775795 0.0030817396473139524 0.025256536900997162 0.9996762871742249 -0.4059724509716034
1305031107.243378 0.9972522854804993 0.07407412678003311 0.000929167028516531 -0.008486266247928143 -0.07397925853729248 0.9964723587036133 -0.03962263464927673 -0.10466332733631134 -0.0038609118200838566 0.039445020258426666 0.9992143511772156 -0.4271913468837738
1305031107.275398 0.9973164200782776 0.07300292700529099 0.005498784128576517 -0.004137630108743906 -0.07264894247055054 0.9961604475975037 -0.04885275289416313 -0.11036741733551025 -0.009044078178703785 0.04832218214869499 0.9987909197807312 -0.44444286823272705
1305031107.311226 0.9970306754112244 0.07588333636522293 0.013090373948216438 -0.005498594604432583 -0.07491153478622437 0.9951798915863037 -0.06328832358121872 -0.11525680869817734 -0.017829809337854385 0.062119774520397186 0.9979094862937927 -0.46076318621635437
1305031107.343509 0.996857225894928 0.07688336819410324 0.019087910652160645 -0.0025337962433695793 -0.07502149790525436 0.9936208128929138 -0.08419941365718842 -0.12158885598182678 -0.025439687073230743 0.08250278234481812 0.9962661266326904 -0.4796549379825592
1305031107.375413 0.9967153668403625 0.07625099271535873 0.02727864496409893 -0.0007313992828130722 -0.07301325350999832 0.9918267130851746 -0.1046363115310669 -0.11444553732872009 -0.03503430634737015 0.10230094194412231 0.9941364526748657 -0.5039779543876648
1305031107.411271 0.9962652921676636 0.07852987200021744 0.03589261323213577 0.0020399801433086395 -0.07383441925048828 0.9903401136398315 -0.11736667901277542 -0.11559807509183884 -0.04476268216967583 0.11427827924489975 0.992439866065979 -0.5161311626434326
1305031107.443419 0.9960644841194153 0.07777595520019531 0.042501285672187805 0.008019119501113892 -0.0716983750462532 0.9889863133430481 -0.129481703042984 -0.1093028262257576 -0.052103761583566666 0.12592484056949615 0.9906705021858215 -0.5178815126419067
1305031107.475377 0.9958109259605408 0.07593556493520737 0.05093471333384514 0.011387966573238373 -0.06840791553258896 0.9883398413658142 -0.1360325962305069 -0.10908922553062439 -0.06067051365971565 0.13197842240333557 0.9893941879272461 -0.5218504071235657
1305031107.511352 0.9954970479011536 0.07533372938632965 0.05753716826438904 0.013679131865501404 -0.06654123216867447 0.987649142742157 -0.14185075461864471 -0.09987519681453705 -0.06751268357038498 0.13738343119621277 0.9882144331932068 -0.5257272124290466
1305031107.543605 0.9955695271492004 0.07078662514686584 0.061892181634902954 0.019890254363417625 -0.061723850667476654 0.9885428547859192 -0.13774321973323822 -0.09901635348796844 -0.07093345373868942 0.13331273198127747 0.988532304763794 -0.525414228439331
1305031107.575454 0.9957428574562073 0.06490667909383774 0.06544680148363113 0.02413315325975418 -0.05569819360971451 0.9894354343414307 -0.13384778797626495 -0.109397292137146 -0.07344302535057068 0.12963269650936127 0.9888385534286499 -0.525386393070221
1305031107.611271 0.9956886172294617 0.0622720830142498 0.06874968111515045 0.025472491979599 -0.05232296511530876 0.9890395998954773 -0.1380687952041626 -0.09815137833356857 -0.0765940248966217 0.13387632369995117 0.9880337715148926 -0.5250938534736633
1305031107.643323 0.9956933259963989 0.059438012540340424 0.07114855945110321 0.028482381254434586 -0.049704693257808685 0.9900674819946289 -0.13151389360427856 -0.09797219187021255 -0.07825884222984314 0.1274110972881317 0.9887579083442688 -0.5220740437507629
1305031107.675568 0.9956297874450684 0.05798318609595299 0.07320746034383774 0.02665683627128601 -0.0481763556599617 0.9904393553733826 -0.12926319241523743 -0.09705653041601181 -0.08000268787145615 0.12517139315605164 0.9889044165611267 -0.5179744362831116
1305031107.711307 0.9959057569503784 0.05552143603563309 0.07133769989013672 0.028318095952272415 -0.04598696529865265 0.9905826449394226 -0.128962442278862 -0.09042671322822571 -0.07782606780529022 0.1251538097858429 0.9890802502632141 -0.5076905488967896
1305031107.743538 0.9959444403648376 0.0550457127392292 0.0711657702922821 0.022607147693634033 -0.04590049386024475 0.9911823868751526 -0.12430122494697571 -0.08358912914991379 -0.07738050818443298 0.12053055316209793 0.9896891713142395 -0.5055380463600159
1305031107.775802 0.9961662888526917 0.05760611593723297 0.06583426892757416 0.02249729633331299 -0.04961815103888512 0.9918779134750366 -0.11711667478084564 -0.08654505759477615 -0.0720461830496788 0.11340109258890152 0.9909337162971497 -0.5019407272338867
1305031107.811596 0.9965032339096069 0.05708898603916168 0.061010465025901794 0.026508737355470657 -0.04987933859229088 0.9922530651092529 -0.11378054320812225 -0.08250011503696442 -0.06703343987464905 0.11033947765827179 0.9916308522224426 -0.4975244402885437
1305031107.843332 0.9965278506278992 0.057700324803590775 0.06002362072467804 0.029061464592814445 -0.0509556382894516 0.9928011298179626 -0.10839460045099258 -0.08262430131435394 -0.06584591418504715 0.10495969653129578 0.992294192314148 -0.49595463275909424
1305031107.875358 0.9961598515510559 0.06391952186822891 0.05983221158385277 0.03775770589709282 -0.057341884821653366 0.9927277565002441 -0.10584627091884613 -0.08732374012470245 -0.06616274267435074 0.10200891643762589 0.9925808310508728 -0.4906401038169861
1305031107.911541 0.9954618811607361 0.06874332576990128 0.06580309569835663 0.0423484668135643 -0.061465680599212646 0.992371678352356 -0.10686704516410828 -0.08982637524604797 -0.07264751940965652 0.10233741998672485 0.9920935034751892 -0.48849305510520935
1305031107.943122 0.9949356913566589 0.07011698186397552 0.07201892882585526 0.04943762347102165 -0.06185338273644447 0.991873562335968 -0.11117980629205704 -0.09078268706798553 -0.07922925800085068 0.10616212338209152 0.991187334060669 -0.4859023988246918
1305031107.975807 0.9945018291473389 0.06875524669885635 0.0789879783987999 0.06073419377207756 -0.0594039186835289 0.9915664196014404 -0.1151835173368454 -0.09377013146877289 -0.08624130487442017 0.10985800623893738 0.9901986718177795 -0.48296141624450684
1305031108.01132 0.9934105277061462 0.07337351143360138 0.08804462850093842 0.07165788114070892 -0.06213929131627083 0.9903128147125244 -0.12417464703321457 -0.09201087057590485 -0.09630285948514938 0.11788538843393326 0.9883463978767395 -0.4782843291759491
1305031108.043418 0.9929460287094116 0.06892799586057663 0.09647293388843536 0.09736339747905731 -0.05608121678233147 0.9899186491966248 -0.13006216287612915 -0.08922800421714783 -0.10446526855230331 0.12373440712690353 0.9868012070655823 -0.4763796329498291
1305031108.075352 0.9914271831512451 0.05933535099029541 0.11641111969947815 0.10803791135549545 -0.04376242682337761 0.9902776479721069 -0.13204240798950195 -0.09242121875286102 -0.12311412394046783 0.1258160024881363 0.9843845963478088 -0.4713340699672699
1305031108.111378 0.9902660846710205 0.05870838090777397 0.12620002031326294 0.12207955121994019 -0.04146808385848999 0.989958643913269 -0.1351381093263626 -0.09920376539230347 -0.1328665316104889 0.12858940660953522 0.9827569723129272 -0.47537747025489807
1305031108.143334 0.9898038506507874 0.05704826861619949 0.13051380217075348 0.14292708039283752 -0.03839335963129997 0.9892324805259705 -0.14122726023197174 -0.09377855062484741 -0.13716524839401245 0.13477641344070435 0.9813363552093506 -0.4678923487663269
1305031108.176058 0.9890272617340088 0.051045145839452744 0.13863393664360046 0.15656432509422302 -0.031342048197984695 0.9895481467247009 -0.14075548946857452 -0.08505900949239731 -0.14436984062194824 0.13486595451831818 0.9802900552749634 -0.4626329243183136
1305031108.211475 0.9886666536331177 0.051301438361406326 0.14109013974666595 0.17346809804439545 -0.03297740966081619 0.9910604953765869 -0.12927311658859253 -0.0908689945936203 -0.14646077156066895 0.12315525114536285 0.9815202951431274 -0.45729076862335205
1305031108.243347 0.9880684614181519 0.05504588037729263 0.14384256303310394 0.1977982521057129 -0.03727087005972862 0.9916483163833618 -0.1234683021903038 -0.10420992970466614 -0.14943765103816986 0.11663395911455154 0.9818680882453918 -0.46065226197242737
1305031108.275358 0.9867990612983704 0.054369572550058365 0.15255111455917358 0.21269090473651886 -0.03461441770195961 0.9910028576850891 -0.12928742170333862 -0.09168586134910583 -0.15820786356925964 0.12230021506547928 0.9798024892807007 -0.45263829827308655
1305031108.311332 0.9860748648643494 0.05108730122447014 0.15826070308685303 0.22068603336811066 -0.03163967281579971 0.9918957948684692 -0.12305138260126114 -0.08646776527166367 -0.1632644534111023 0.11633054912090302 0.979699969291687 -0.44781821966171265
1305031108.343278 0.9864493012428284 0.046470705419778824 0.15734776854515076 0.2318836897611618 -0.028824985027313232 0.9932194352149963 -0.11262460052967072 -0.08369650691747665 -0.16151461005210876 0.10656290501356125 0.9811001420021057 -0.43958255648612976
1305031108.37541 0.9879921674728394 0.03452283516526222 0.1505976766347885 0.2480207234621048 -0.019136354327201843 0.994554340839386 -0.10244693607091904 -0.08167380094528198 -0.15331433713436127 0.09833486378192902 0.9832725524902344 -0.4376566708087921
1305031108.411361 0.989590048789978 0.02161337435245514 0.1422831267118454 0.2678622901439667 -0.008494102396070957 0.9957065582275391 -0.0921747237443924 -0.08214455842971802 -0.14366446435451508 0.09000659734010696 0.9855249524116516 -0.43267595767974854
1305031108.44361 0.9901818633079529 0.00688661215826869 0.13961505889892578 0.2854856550693512 0.004691519308835268 0.9965856671333313 -0.08243067562580109 -0.08184314519166946 -0.13970604538917542 0.0822763442993164 0.9867689609527588 -0.42780593037605286
1305031108.475471 0.9906352758407593 -0.009297034703195095 0.13621777296066284 0.30672508478164673 0.01977258175611496 0.9969304800033569 -0.0757531225681305 -0.08464515954256058 -0.13509537279605865 0.07773707807064056 0.9877784252166748 -0.4252828061580658
1305031108.511378 0.9902474880218506 -0.015528512187302113 0.13845102488994598 0.33338290452957153 0.025880951434373856 0.9969748854637146 -0.07328946143388748 -0.09374003112316132 -0.1368940770626068 0.07615794986486435 0.9876537919044495 -0.4238533675670624
1305031108.543737 0.988003671169281 -0.012073103338479996 0.15395742654800415 0.3478943109512329 0.024669039994478226 0.9964760541915894 -0.08016850054264069 -0.09812717884778976 -0.15244698524475098 0.08300475031137466 0.9848198890686035 -0.4221915006637573
1305031108.575414 0.9864999055862427 -0.00908258929848671 0.16350990533828735 0.3614412248134613 0.024348581209778786 0.9954979419708252 -0.09160403907299042 -0.08660097420215607 -0.16194172203540802 0.09434859454631805 0.9822795987129211 -0.4241419732570648
1305031108.611407 0.9849141836166382 -0.011210347525775433 0.17267975211143494 0.3857041597366333 0.027320805937051773 0.9954574108123779 -0.09120479971170425 -0.08640454709529877 -0.17087289690971375 0.09454664587974548 0.9807464480400085 -0.41943997144699097
1305031108.643303 0.983344554901123 -0.014191340655088425 0.1811964064836502 0.40444910526275635 0.03137950971722603 0.995232105255127 -0.09234829246997833 -0.08033192902803421 -0.179021954536438 0.09649604558944702 0.9791015386581421 -0.4299585223197937
1305031108.675375 0.9815002083778381 -0.02135065384209156 0.19026751816272736 0.4243186414241791 0.038405198603868484 0.9955196976661682 -0.08640307188034058 -0.07735004276037216 -0.18757030367851257 0.09211188554763794 0.9779228568077087 -0.4303695559501648
1305031108.711411 0.978207528591156 -0.031078040599822998 0.20529058575630188 0.4366309940814972 0.047454364597797394 0.9960284233093262 -0.07533511519432068 -0.08171042054891586 -0.20213398337364197 0.0834353119134903 0.9757974147796631 -0.4284631013870239
