1305031105.211268 0.999962329864502 0.005839820951223373 -0.00642270827665925 -0.0028544506058096886 -0.005668107885867357 0.9996344447135925 0.026436207816004753 -0.002090664114803076 0.006574744824320078 -0.026398805901408195 0.9996298551559448 0.007211598102003336
1305031105.24327 0.9998286366462708 0.008945103734731674 -0.01620834693312645 -0.004835080821067095 -0.008234674111008644 0.9990246891975403 0.04337991774082184 -0.0007630907348357141 0.016580577939748764 -0.04323901981115341 0.998927116394043 0.01254413090646267
1305031105.275288 0.9994763731956482 0.0022866521030664444 -0.03227967023849487 -0.004884809255599976 -0.000968185777310282 0.9991667866706848 0.0408017598092556 0.021113839000463486 0.032346077263355255 -0.04074914753437042 0.9986457228660583 0.02042408287525177
1305031105.31129 0.9990273118019104 0.015569332987070084 -0.04125609248876572 -0.009144427254796028 -0.012072532437741756 0.9964185357093811 0.08369146287441254 0.0012278977083042264 0.04241136834025383 -0.08311198651790619 0.9956372380256653 0.02390926517546177
1305031105.343302 0.9983024597167969 0.004835787694901228 -0.05804168060421944 -0.009759612381458282 -0.000553351710550487 0.9972896575927734 0.07357246428728104 0.023519257083535194 0.05824015289545059 -0.07341545075178146 0.9955994486808777 0.03795797750353813
1305031105.375338 0.9975764155387878 0.012847674079239368 -0.0683828666806221 -0.008339377120137215 -0.0054372926242649555 0.9941936731338501 0.1074678972363472 0.002633038442581892 0.06936652958393097 -0.10683561116456985 0.9918540120124817 0.038182199001312256
1305031105.411286 0.9968526363372803 0.01516533549875021 -0.07781252264976501 -0.009097078815102577 -0.005748399533331394 0.9927759170532227 0.11984539031982422 0.003265929874032736 0.0790678933262825 -0.11902090907096863 0.9897384643554688 0.042827583849430084
1305031105.443316 0.9965080618858337 0.02155987359583378 -0.08066593110561371 -0.012668952345848083 -0.010597829706966877 0.9909340739250183 0.13393007218837738 0.0030937581323087215 0.08282214403152466 -0.13260748982429504 0.9877022504806519 0.049270082265138626
1305031105.47528 0.995814859867096 0.02282891981303692 -0.08849741518497467 -0.012794231064617634 -0.010230259969830513 0.9900588393211365 0.1402813047170639 0.0044091930612921715 0.09082011878490448 -0.1387888342142105 0.9861487150192261 0.05629799887537956
1305031105.511332 0.9953259229660034 0.022099705412983894 -0.09401071816682816 -0.01275978609919548 -0.007893090136349201 0.988823413848877 0.14888212084770203 0.006158304400742054 0.09625021368265152 -0.1474442034959793 0.9843759536743164 0.06074707955121994
1305031105.543282 0.9952428340911865 0.021328283473849297 -0.09506280720233917 -0.013717606663703918 -0.006250294391065836 0.9877108931541443 0.15616649389266968 0.0075569236651062965 0.09722530841827393 -0.15482939779758453 0.983145534992218 0.0686645358800888
1305031105.575449 0.9950145483016968 0.021497346460819244 -0.09738519042730331 -0.014522561803460121 -0.005422782618552446 0.9867092370986938 0.16240546107292175 0.00815685372799635 0.09958211332559586 -0.1610676795244217 0.9819065928459167 0.07334443181753159
1305031105.611378 0.9946955442428589 0.02128119394183159 -0.10063737630844116 -0.014171721413731575 -0.00402342714369297 0.9856652021408081 0.16866546869277954 0.008147178217768669 0.10278411209583282 -0.16736586391925812 0.9805223345756531 0.08121602982282639
1305031105.643273 0.9948000311851501 0.014987382106482983 -0.10073936730623245 -0.014919198118150234 0.0024799969978630543 0.9852557182312012 0.17107036709785461 0.008682099170982838 0.10181792080402374 -0.17043061554431915 0.9800950884819031 0.08545240759849548
1305031105.675166 0.9944860935211182 0.013882754370570183 -0.10394705832004547 -0.014238083735108376 0.004207682330161333 0.9851186871528625 0.17182448506355286 0.011906380765140057 0.10478556156158447 -0.17131440341472626 0.9796281456947327 0.09272061288356781
1305031105.711309 0.9946210384368896 0.013326304033398628 -0.10272246599197388 -0.012420197017490864 0.004819129128009081 0.9846625924110413 0.17440317571163177 0.010419556871056557 0.10347111523151398 -0.17396007478237152 0.9793015122413635 0.09889457374811172
1305031105.743312 0.9954543709754944 0.011295600794255733 -0.0945696160197258 -0.012896311469376087 0.004839431494474411 0.98566073179245 0.1686701625585556 0.014194165356457233 0.09511876851320267 -0.16836106777191162 0.9811253547668457 0.10422933101654053
1305031105.775339 0.9960243701934814 0.011349290609359741 -0.08835508674383163 -0.011097155511379242 0.004130510613322258 0.9849000573158264 0.17307449877262115 0.01329618040472269 0.08898518979549408 -0.17275135219097137 0.980937659740448 0.11086949706077576
1305031105.811283 0.9968339204788208 0.00904756784439087 -0.078994981944561 -0.011224493384361267 0.004438974894583225 0.9856228232383728 0.16890209913253784 0.015431861393153667 0.07938738167285919 -0.16871798038482666 0.9824622273445129 0.11701866239309311
1305031105.843271 0.9972742199897766 0.005514922551810741 -0.0735795795917511 -0.01018544565886259 0.006862403824925423 0.9859483242034912 0.16690956056118011 0.016695119440555573 0.07346612960100174 -0.1669594943523407 0.9832230806350708 0.12291670590639114
1305031105.875337 0.9979191422462463 0.0016867048107087612 -0.06445708125829697 -0.009679626673460007 0.008868972770869732 0.9865654706954956 0.16312512755393982 0.020423689857125282 0.0638662651181221 -0.16335730254650116 0.9844977855682373 0.12791210412979126
1305031105.911262 0.9982771873474121 -0.008761943317949772 -0.058014024049043655 -0.009221312589943409 0.018488610163331032 0.9853878617286682 0.16931882500648499 0.022246383130550385 0.05568272992968559 -0.17009973526000977 0.9838525056838989 0.13400906324386597
1305031105.943272 0.9986293315887451 -0.014294913969933987 -0.05034748092293739 -0.010102085769176483 0.0227982085198164 0.9847266674041748 0.17260828614234924 0.025558164343237877 0.04711105674505234 -0.1735195517539978 0.983703076839447 0.13918384909629822
1305031105.975329 0.9989872574806213 -0.015204619616270065 -0.04234692454338074 -0.011691817082464695 0.022591056302189827 0.983437716960907 0.17983314394950867 0.028116371482610703 0.038911256939172745 -0.18060767650604248 0.9827852249145508 0.1429796814918518
1305031106.011285 0.9991230964660645 -0.018070880323648453 -0.03776942938566208 -0.011959724128246307 0.024807622656226158 0.9821765422821045 0.18631666898727417 0.031187037006020546 0.033729344606399536 -0.18709023296833038 0.981763482093811 0.14838427305221558
1305031106.043355 0.9991440176963806 -0.021030228585004807 -0.03562100604176521 -0.011663399636745453 0.027627170085906982 0.9801658987998962 0.19624413549900055 0.03294888138771057 0.030787426978349686 -0.1970602571964264 0.9799078106880188 0.15369859337806702
1305031106.07533 0.9991713166236877 -0.023523766547441483 -0.03321396932005882 -0.0126744844019413 0.029811091721057892 0.9785734415054321 0.20372918248176575 0.03525786101818085 0.027709824964404106 -0.20455051958560944 0.9784636497497559 0.15825550258159637
1305031106.111327 0.9991752505302429 -0.024997670203447342 -0.031997084617614746 -0.014074889943003654 0.031165076419711113 0.9772679209709167 0.20970512926578522 0.03929576277732849 0.026027575135231018 -0.21052934229373932 0.9772409200668335 0.1625232845544815
1305031106.143355 0.9990670680999756 -0.027349969372153282 -0.03341810405254364 -0.015461293049156666 0.03422529622912407 0.9733973145484924 0.2265533208847046 0.03949360549449921 0.026332858949899673 -0.22748573124408722 0.9734252691268921 0.1668558418750763
1305031106.175534 0.9988867044448853 -0.029841570183634758 -0.036531608551740646 -0.016097452491521835 0.03750550001859665 0.9721331596374512 0.23141004145145416 0.04203247278928757 0.028607940301299095 -0.2325226068496704 0.9721701145172119 0.17104829847812653
1305031106.211275 0.9987092018127441 -0.030857352539896965 -0.040343619883060455 -0.016541900113224983 0.039643798023462296 0.9701166749000549 0.23937872052192688 0.04238814115524292 0.03175141662359238 -0.2406691610813141 0.9700877070426941 0.17531569302082062
1305031106.243267 0.9983513951301575 -0.03763522580265999 -0.043333861976861954 -0.017223116010427475 0.04693180322647095 0.9699150919914246 0.23887690901756287 0.04405111446976662 0.03303997218608856 -0.24051690101623535 0.9700825214385986 0.17835654318332672
1305031106.276385 0.9982051849365234 -0.039155345410108566 -0.04531005397439003 -0.01826958917081356 0.04888906702399254 0.9697892665863037 0.23899517953395844 0.0468759648501873 0.03458324819803238 -0.24078141152858734 0.969963014125824 0.18072627484798431
1305031106.311238 0.9978461861610413 -0.04447218030691147 -0.048219066113233566 -0.018606970086693764 0.05501403659582138 0.9677240252494812 0.24593472480773926 0.048464007675647736 0.03572547063231468 -0.24805773794651031 0.9680861830711365 0.18309089541435242
1305031106.343258 0.9976968169212341 -0.04514084383845329 -0.050624944269657135 -0.01920340768992901 0.05650302767753601 0.9660366773605347 0.25215214490890503 0.051880620419979095 0.03752317279577255 -0.2544318735599518 0.9663624167442322 0.18399080634117126
1305031106.375388 0.9979877471923828 -0.03152000531554222 -0.05501781776547432 -0.016621151939034462 0.04531858116388321 0.9614465236663818 0.27123191952705383 0.05189938098192215 0.04434746131300926 -0.2731795012950897 0.9609403014183044 0.1851446032524109
1305031106.41132 0.9988285899162292 -0.020363200455904007 -0.043896712362766266 -0.016462160274386406 0.032092999666929245 0.9576978087425232 0.2859804332256317 0.04979369044303894 0.03621631860733032 -0.287054181098938 0.957229495048523 0.18662144243717194
1305031106.443278 0.9994065165519714 -0.010665531270205975 -0.03275427222251892 -0.018294990062713623 0.019795333966612816 0.9559975266456604 0.29270586371421814 0.046733833849430084 0.028191134333610535 -0.2931804358959198 0.955641508102417 0.18564143776893616
1305031106.475345 0.9994729161262512 -0.007843917235732079 -0.03150090202689171 -0.019728699699044228 0.01671147532761097 0.9562356472015381 0.2921196520328522 0.045622535049915314 0.027830922976136208 -0.292492151260376 0.9558628797531128 0.18395225703716278
1305031106.511129 0.999191164970398 -0.00782880000770092 -0.03944157809019089 -0.019573356956243515 0.018960583955049515 0.9567053914070129 0.2904396653175354 0.04339701309800148 0.03546016663312912 -0.29095256328582764 0.9560801982879639 0.1816696971654892
1305031106.543302 0.9988682866096497 -0.0054590729996562 -0.047246839851140976 -0.019321031868457794 0.018529314547777176 0.9595683217048645 0.2808651030063629 0.043031297624111176 0.04380330443382263 -0.2814227342605591 0.958583652973175 0.17803731560707092
1305031106.575282 0.9987310767173767 -0.0014540128177031875 -0.05033907666802406 -0.01909385621547699 0.015305859036743641 0.9610617160797119 0.2759096920490265 0.04085805267095566 0.04797778278589249 -0.2763301134109497 0.9598644375801086 0.17321552336215973
1305031106.611151 0.9984299540519714 0.003945591859519482 -0.055875129997730255 -0.01936638168990612 0.011596165597438812 0.9613466858863831 0.2750963270664215 0.039672356098890305 0.054800789803266525 -0.27531230449676514 0.9597916603088379 0.16839699447155
1305031106.643207 0.9980619549751282 0.009242861531674862 -0.06153695657849312 -0.018835758790373802 0.008159110322594643 0.9609319567680359 0.2766640782356262 0.0363830104470253 0.061689987778663635 -0.2766299545764923 0.9589943289756775 0.1639235019683838
1305031106.675279 0.9978160858154297 0.009873751550912857 -0.06531205773353577 -0.01999621093273163 0.008238386362791061 0.962441623210907 0.27136343717575073 0.035107698291540146 0.06553841382265091 -0.27130886912345886 0.9602583646774292 0.1579776555299759
1305031106.711508 0.9970817565917969 0.012368934229016304 -0.07533237338066101 -0.020724449306726456 0.008959218859672546 0.9610090851783752 0.27637147903442383 0.032306820154190063 0.07581353932619095 -0.27623993158340454 0.9580937623977661 0.15264089405536652
1305031106.743341 0.9960442185401917 0.013341772370040417 -0.08785096555948257 -0.020668907091021538 0.011149972677230835 0.9620835185050964 0.2725270092487335 0.03033626079559326 0.08815597742795944 -0.2724284529685974 0.9581289887428284 0.14654357731342316
1305031106.77539 0.9945536851882935 0.013618194498121738 -0.10333147644996643 -0.018525706604123116 0.01496913842856884 0.9624845385551453 0.27092331647872925 0.028031015768647194 0.10314443707466125 -0.2709946036338806 0.9570387005805969 0.1401607245206833
1305031106.811289 0.9937755465507507 0.015326499938964844 -0.11034126579761505 -0.018338453024625778 0.015176264569163322 0.9626301527023315 0.27039337158203125 0.02677425742149353 0.11036205291748047 -0.270384818315506 0.9564058184623718 0.1331038475036621
1305031106.843416 0.9927415251731873 0.019644327461719513 -0.11865194886922836 -0.017704112455248833 0.013887513428926468 0.9612462520599365 0.27534088492393494 0.021916687488555908 0.11946266889572144 -0.27499011158943176 0.9539962410926819 0.1276988685131073
1305031106.875905 0.9918463826179504 0.02624761499464512 -0.12470713257789612 -0.0160030797123909 0.007998448796570301 0.9638094305992126 0.2664717435836792 0.018170811235904694 0.12718819081783295 -0.26529642939567566 0.9557409286499023 0.12061743438243866
1305031106.911243 0.9918950796127319 0.03254599869251251 -0.12282120436429977 -0.015375375747680664 4.9066729843616486e-06 0.9666281342506409 0.2561832666397095 0.018306653946638107 0.127060204744339 -0.25410744547843933 0.9587935209274292 0.11247161775827408
1305031106.943439 0.9918424487113953 0.04166766256093979 -0.12046688795089722 -0.014852883294224739 -0.009637937881052494 0.966873288154602 0.2550744414329529 0.014529245905578136 0.12710459530353546 -0.2518325448036194 0.9593876004219055 0.10640275478363037
1305031106.975547 0.9919368028640747 0.04578899219632149 -0.1181732788681984 -0.013689014129340649 -0.015808019787073135 0.9698704481124878 0.24310776591300964 0.011773314327001572 0.12574441730976105 -0.23927943408489227 0.9627739787101746 0.10110963881015778
1305031107.011576 0.9926066398620605 0.05177917703986168 -0.10977707803249359 -0.01438301894813776 -0.025945868343114853 0.9740517139434814 0.2248333990573883 0.013270586729049683 0.1185702234506607 -0.2203228622674942 0.9681937098503113 0.09122730046510696
1305031107.043281 0.992912232875824 0.05592146888375282 -0.10487247258424759 -0.013957085087895393 -0.030903903767466545 0.9735163450241089 0.2265189290046692 0.010076425969600677 0.1147623360157013 -0.2216724157333374 0.9683444499969482 0.08515877276659012
1305031107.075432 0.9932766556739807 0.05765363946557045 -0.10038735717535019 -0.015631983056664467 -0.034450963139534 0.97508704662323 0.2191309779882431 0.006203501485288143 0.11052009463310242 -0.2141992598772049 0.9705173373222351 0.07850005477666855
1305031107.111229 0.9929173588752747 0.058047518134117126 -0.10366164147853851 -0.01420741155743599 -0.035168278962373734 0.9770163893699646 0.21024349331855774 0.0047153085470199585 0.1134832352399826 -0.20510879158973694 0.9721377491950989 0.07165317982435226
1305031107.14326 0.9929138422012329 0.05759168416261673 -0.10395020246505737 -0.01217598281800747 -0.03510913997888565 0.9778382778167725 0.20639702677726746 0.0038152607157826424 0.11353322863578796 -0.20128479599952698 0.9729310274124146 0.06511476635932922
1305031107.175399 0.9930793642997742 0.05948423221707344 -0.10126803815364838 -0.011355608701705933 -0.037714634090662 0.9781011939048767 0.20468434691429138 -4.3361447751522064e-05 0.11122588813304901 -0.19944846630096436 0.9735754728317261 0.06020079925656319
1305031107.211358 0.993415117263794 0.06155001372098923 -0.09663458168506622 -0.010599908418953419 -0.04187534749507904 0.9801456928253174 0.19380618631839752 -0.003387308679521084 0.10664473474025726 -0.1884833723306656 0.9762688875198364 0.05431903898715973
1305031107.243378 0.9939547777175903 0.060987405478954315 -0.09129340946674347 -0.009686214849352837 -0.04379160329699516 0.982741117477417 0.17972782254219055 -0.0034864917397499084 0.10067891329526901 -0.174643412232399 0.9794710278511047 0.04830949380993843
1305031107.275398 0.9945159554481506 0.06009846553206444 -0.08559383451938629 -0.008418776094913483 -0.04484157636761665 0.9843949675559998 0.17016369104385376 -0.006132427603006363 0.09448471665382385 -0.16539233922958374 0.9816914796829224 0.04340418428182602
1305031107.311226 0.9949747920036316 0.060009051114320755 -0.08015041798353195 -0.0072433981113135815 -0.0468069463968277 0.9864124655723572 0.15747828781604767 -0.00910794548690319 0.08851151913404465 -0.15293532609939575 0.9842644333839417 0.03943828120827675
1305031107.343509 0.9955397844314575 0.059358563274145126 -0.07332893460988998 -0.005911730695515871 -0.04889089614152908 0.9893495440483093 0.13710206747055054 -0.012319974601268768 0.08068614453077316 -0.13290543854236603 0.9878390431404114 0.03336098790168762
1305031107.375413 0.996189534664154 0.053596287965774536 -0.06880336999893188 -0.002397967502474785 -0.045585524290800095 0.9925329685211182 0.1131378710269928 -0.007987601682543755 0.07435337454080582 -0.10957031697034836 0.9911941289901733 0.02997923642396927
1305031107.411271 0.9967391490936279 0.05558977648615837 -0.05848831310868263 -0.0020501953549683094 -0.049471691250801086 0.9936248660087585 0.10130249708890915 -0.009572723880410194 0.06374682486057281 -0.098078653216362 0.9931348562240601 0.025888822972774506
1305031107.443419 0.9972593188285828 0.054073505103588104 -0.050496287643909454 -0.0008013444021344185 -0.04944184049963951 0.9948166012763977 0.08885576575994492 -0.008365832269191742 0.05503928288817406 -0.08611561357975006 0.9947636723518372 0.023464756086468697
1305031107.475377 0.9977615475654602 0.052410490810871124 -0.04153481870889664 0.00032085052225738764 -0.048848964273929596 0.9953880906105042 0.08256113529205322 -0.0090187918394804 0.04567032679915428 -0.08034740388393402 0.9957201480865479 0.021462952718138695
1305031107.511352 0.9981051087379456 0.05053207278251648 -0.03511124476790428 0.001318950904533267 -0.04771361127495766 0.9958935976028442 0.07693745195865631 -0.006465659476816654 0.03885486349463463 -0.07511638849973679 0.9964174628257751 0.019986191764473915
1305031107.543605 0.9983585476875305 0.048784032464027405 -0.030004339292645454 0.0024360856041312218 -0.04614163935184479 0.9954628944396973 0.08321452885866165 -0.007828849367797375 0.033927738666534424 -0.08169348537921906 0.9960797429084778 0.019735433161258698
1305031107.575454 0.9987046122550964 0.04364040866494179 -0.026163022965192795 0.003316369606181979 -0.04121759533882141 0.995363175868988 0.08691073209047318 -0.010474592447280884 0.02983452007174492 -0.0857197716832161 0.995872437953949 0.020896228030323982
1305031107.611271 0.9989227652549744 0.040059830993413925 -0.023422058671712875 0.0040544127114117146 -0.03801184892654419 0.9958937168121338 0.08216377347707748 -0.006859619170427322 0.026617348194122314 -0.08118493109941483 0.9963434338569641 0.02023046836256981
1305031107.643323 0.9990719556808472 0.03808561712503433 -0.020111747086048126 0.004437244031578302 -0.036142103374004364 0.995333731174469 0.0894673615694046 -0.007100159302353859 0.023425323888659477 -0.088657446205616 0.995786726474762 0.02039526216685772
1305031107.675568 0.9991437792778015 0.036590203642845154 -0.019304104149341583 0.004538167733699083 -0.03465688228607178 0.9951158165931702 0.09243018180131912 -0.00716322660446167 0.022591855376958847 -0.09168201684951782 0.9955320358276367 0.02140767313539982
1305031107.711307 0.9992203712463379 0.034511834383010864 -0.019166002050042152 0.0038687586784362793 -0.032575223594903946 0.9950844645500183 0.09351799637079239 -0.005107669625431299 0.02229927107691765 -0.09282074868679047 0.9954330921173096 0.02248254045844078
1305031107.743538 0.9992191791534424 0.03365128114819527 -0.020693104714155197 0.0029451041482388973 -0.03145979344844818 0.9946502447128296 0.0983915627002716 -0.0029955643694847822 0.023893408477306366 -0.09766373038291931 0.9949325919151306 0.02305617928504944
1305031107.775802 0.9989796876907349 0.03725896775722504 -0.025516893714666367 0.0025568241253495216 -0.034389663487672806 0.9938881993293762 0.10489790886640549 -0.003368278266862035 0.029269326478242874 -0.10391336679458618 0.9941555857658386 0.023852244019508362
1305031107.811596 0.9988558888435364 0.03620162606239319 -0.031245237216353416 0.003734865225851536 -0.0325833335518837 0.9934613108634949 0.10942023247480392 -0.0025116587057709694 0.03500211983919144 -0.10827697813510895 0.9935043454170227 0.024794802069664
1305031107.843332 0.9987673759460449 0.03863079100847244 -0.03116767294704914 0.0036548522766679525 -0.03481922671198845 0.9927864670753479 0.11472847312688828 -0.002230155048891902 0.03537489101290703 -0.11350182443857193 0.9929078221321106 0.024907324463129044
1305031107.875358 0.9984698295593262 0.04560157284140587 -0.031280502676963806 0.006057023536413908 -0.04166971519589424 0.9923127293586731 0.11652839928865433 -0.0029956481885164976 0.03635391965508461 -0.11504664272069931 0.9926946759223938 0.02668166346848011
1305031107.911541 0.9984449744224548 0.04959186911582947 -0.025458768010139465 0.0073828683234751225 -0.04634451866149902 0.9922503232955933 0.11528810858726501 -0.0032929808367043734 0.030978824943304062 -0.11392897367477417 0.9930057525634766 0.027640406042337418
1305031107.943122 0.9985964894294739 0.04889582842588425 -0.020353227853775024 0.010368323884904385 -0.04630463942885399 0.9925581812858582 0.11262544989585876 -0.004001694265753031 0.025708671659231186 -0.11152493953704834 0.9934290051460266 0.028514472767710686
1305031107.975807 0.9987883567810059 0.047575291246175766 -0.012585137039422989 0.013473167084157467 -0.04593558982014656 0.9930438995361328 0.1084151417016983 -0.004599659703671932 0.017655476927757263 -0.10770566761493683 0.9940260052680969 0.030079593881964684
1305031108.01132 0.9987139701843262 0.0505431592464447 -0.003970589488744736 0.016862647607922554 -0.04990359768271446 0.9938457608222961 0.0988963320851326 -0.003174426732584834 0.008944684639573097 -0.09857100993394852 0.9950897693634033 0.03147277981042862
1305031108.043418 0.9988666772842407 0.04714231938123703 0.006558769848197699 0.023495042696595192 -0.0475495308637619 0.994476854801178 0.09356720745563507 -0.002625971334055066 -0.002111569046974182 -0.0937730073928833 0.9955913424491882 0.03138619288802147
1305031108.075352 0.9990119934082031 0.03556694835424423 0.026645170524716377 0.026206124573946 -0.03791065141558647 0.9949117302894592 0.09334608912467957 -0.003799688071012497 -0.02318955399096012 -0.09426400065422058 0.9952771663665771 0.03406155854463577
1305031108.111378 0.9985761046409607 0.037284549325704575 0.03815268725156784 0.029960481449961662 -0.04051170125603676 0.9953283071517944 0.08763870596885681 -0.00401703454554081 -0.034706879407167435 -0.08905954658985138 0.9954213500022888 0.03654695302248001
1305031108.143334 0.9985249638557434 0.03465648368000984 0.04179626703262329 0.036689721047878265 -0.03794756904244423 0.9960153102874756 0.08070588111877441 -0.0014709304086863995 -0.03883273899555206 -0.08217287808656693 0.9958612322807312 0.03801767900586128
1305031108.176058 0.9983481764793396 0.029335619881749153 0.04940029978752136 0.04077334702014923 -0.033284999430179596 0.9961482882499695 0.08112078160047531 0.0011148054618388414 -0.04683029651641846 -0.08263106644153595 0.9954792857170105 0.038674090057611465
1305031108.211475 0.9980945587158203 0.03141693025827408 0.05310807004570961 0.044858418405056 -0.03623829409480095 0.9950617551803589 0.09240494668483734 0.0002132798545062542 -0.0499427355825901 -0.09415340423583984 0.9943041801452637 0.0412834994494915
1305031108.243347 0.9978783130645752 0.034780994057655334 0.05503588914871216 0.0534546934068203 -0.040051572024822235 0.9944039583206177 0.09775901585817337 -0.002834092825651169 -0.05132775008678436 -0.0997558981180191 0.9936871528625488 0.044209640473127365
1305031108.275358 0.9974245429039001 0.03304049372673035 0.06365989148616791 0.05803164094686508 -0.0388987772166729 0.9948967099189758 0.09309990704059601 0.0008279136382043362 -0.06025894731283188 -0.0953364148736 0.9936195015907288 0.04576101526618004
1305031108.311332 0.9971407055854797 0.02997502125799656 0.06936658918857574 0.059968091547489166 -0.03677677363157272 0.9944121837615967 0.09895412623882294 0.0029629552736878395 -0.06601282954216003 -0.10122227668762207 0.9926712512969971 0.04693065956234932
1305031108.343278 0.997262179851532 0.025930659845471382 0.06925201416015625 0.06204753369092941 -0.033473677933216095 0.9933584332466125 0.11008479446172714 0.0037271638866513968 -0.06593748927116394 -0.11210150271654129 0.9915067553520203 0.047912128269672394
1305031108.37541 0.998071014881134 0.015105137601494789 0.06021616980433464 0.06876160204410553 -0.02222292125225067 0.9926037788391113 0.11934715509414673 0.0054440731182694435 -0.057968053966760635 -0.12045509368181229 0.9910248517990112 0.04981638118624687
1305031108.411361 0.9986552000045776 0.0018204310908913612 0.051812075078487396 0.07402478158473969 -0.008565697818994522 0.991442084312439 0.13026534020900726 0.005391119513660669 -0.05113153159618378 -0.13053396344184875 0.9901244640350342 0.05101117119193077
1305031108.44361 0.9987514019012451 -0.010862143710255623 0.0487595871090889 0.07920017093420029 0.003969422075897455 0.9902437329292297 0.13928945362567902 0.006141635589301586 -0.04979685693979263 -0.13892197608947754 0.9890505075454712 0.05279870331287384
1305031108.475471 0.998711109161377 -0.023706821724772453 0.044881321489810944 0.08640020340681076 0.01694425754249096 0.9892177581787109 0.14546792209148407 0.005912069231271744 -0.0478459894657135 -0.14451998472213745 0.9883443713188171 0.054115165024995804
1305031108.511378 0.9983893036842346 -0.03057262860238552 0.04779570549726486 0.09375713765621185 0.023145250976085663 0.9885848164558411 0.14887666702270508 0.003508266992866993 -0.051801666617393494 -0.14753061532974243 0.9876999855041504 0.05643552541732788
1305031108.543737 0.997764527797699 -0.028491685166954994 0.06045176088809967 0.10027667880058289 0.019637580960989 0.9896281957626343 0.1423034816980362 0.0018970216624438763 -0.06387923657894135 -0.14079828560352325 0.9879753589630127 0.05704876035451889
1305031108.575414 0.9970045685768127 -0.027329010888934135 0.07235432416200638 0.1035778820514679 0.01773151196539402 0.9913410544395447 0.1301092803478241 0.005905362777411938 -0.07528357207775116 -0.1284366250038147 0.9888560771942139 0.056832894682884216
1305031108.611407 0.9968578219413757 -0.030512791126966476 0.07309924811124802 0.11628063023090363 0.020891640335321426 0.9914323687553406 0.1289394199848175 0.007024271413683891 -0.07640724629163742 -0.1270071268081665 0.9889545440673828 0.056896742433309555
1305031108.643303 0.9957271814346313 -0.03468284383416176 0.08558458089828491 0.12005812674760818 0.023559948429465294 0.9915318489074707 0.12770839035511017 0.00900197122246027 -0.08928913623094559 -0.12514632940292358 0.988112211227417 0.0573192797601223
1305031108.675375 0.99486243724823 -0.04289918392896652 0.09169739484786987 0.12773483991622925 0.03067081980407238 0.9909301996231079 0.13083088397979736 0.011814460158348083 -0.09647823870182037 -0.12734629213809967 0.9871549010276794 0.058711547404527664
1305031108.711411 0.9927775859832764 -0.05029638111591339 0.10891684889793396 0.13010580837726593 0.03454197570681572 0.989266574382782 0.14198017120361328 0.010072372853755951 -0.11488887667655945 -0.1371925175189972 0.983859121799469 0.059157468378543854
1305031108.743502 0.9901580810546875 -0.04945788159966469 0.1309252828359604 0.12627975642681122 0.029409945011138916 0.9881193041801453 0.15084794163703918 0.006837314926087856 -0.1368304193019867 -0.14551277458667755 0.9798485636711121 0.061068303883075714
1305031108.775493 0.9889193773269653 -0.05319882929325104 0.1385955959558487 0.12919357419013977 0.03162658214569092 0.9876519441604614 0.15343782305717468 0.007201783359050751 -0.1450469046831131 -0.14735428988933563 0.9783905148506165 0.06098228693008423
1305031108.811244 0.9871926307678223 -0.06412489712238312 0.1460791826248169 0.13074646890163422 0.04072392359375954 0.9866166710853577 0.15788936614990234 0.007043721154332161 -0.15424878895282745 -0.14991824328899384 0.9765918254852295 0.062176115810871124
1305031108.843264 0.9861208200454712 -0.07579892128705978 0.14771819114685059 0.13078607618808746 0.052243705838918686 0.986172080039978 0.15727370977401733 0.006423328537493944 -0.15759675204753876 -0.1473734974861145 0.9764447212219238 0.062447529286146164
1305031108.876515 0.9873740077018738 -0.09128102660179138 0.12946182489395142 0.13853979110717773 0.07149374485015869 0.9860958456993103 0.15001173317432404 0.00858447328209877 -0.1413550227880478 -0.13886195421218872 0.9801714420318604 0.06124919652938843
1305031108.911364 0.9871393442153931 -0.09995481371879578 0.1247599720954895 0.1379590630531311 0.08155323565006256 0.9860993027687073 0.14476582407951355 0.008168749511241913 -0.137495756149292 -0.1327294409275055 0.9815691113471985 0.06197124347090721
1305031108.943243 0.9876028895378113 -0.10343317687511444 0.11807644367218018 0.13692767918109894 0.08734623342752457 0.9871082305908203 0.1341194361448288 0.008227510377764702 -0.13042664527893066 -0.1221432164311409 0.9839054346084595 0.060684192925691605
1305031108.975268 0.9884712100028992 -0.0947272777557373 0.11811655759811401 0.12891951203346252 0.07913650572299957 0.9883058667182922 0.1303406059741974 0.006346177309751511 -0.1290820986032486 -0.1194906085729599 0.9844083189964294 0.057731471955776215
1305031109.011269 0.9900615215301514 -0.0936187282204628 0.10494708269834518 0.13175520300865173 0.07970409095287323 0.9883401989936829 0.1297338753938675 0.006569225341081619 -0.11586897820234299 -0.12007978558540344 0.9859792590141296 0.05615638941526413
1305031109.043277 0.9907134175300598 -0.08982624113559723 0.10206997394561768 0.12979134917259216 0.0764995664358139 0.9888560175895691 0.12771698832511902 0.006029454991221428 -0.11240486055612564 -0.1187225878238678 0.9865444898605347 0.05543519929051399
1305031109.07541 0.9920257329940796 -0.07925437390804291 0.09799864888191223 0.12561830878257751 0.06649122387170792 0.9896372556686401 0.12726765871047974 0.00800683069974184 -0.10706964135169983 -0.11973674595355988 0.9870152473449707 0.05266222357749939
1305031109.111282 0.9927942752838135 -0.07309640198945999 0.09495552629232407 0.1224551796913147 0.05981578305363655 0.9889192581176758 0.13587063550949097 0.007308015134185553 -0.10383502393960953 -0.12921172380447388 0.9861655831336975 0.05295148864388466
1305031109.143334 0.9932072758674622 -0.06661954522132874 0.0954003781080246 0.1139756292104721 0.05310523509979248 0.9890374541282654 0.13778507709503174 0.0059430161491036415 -0.10353372991085052 -0.1317828744649887 0.9858568906784058 0.053488969802856445
1305031109.175464 0.9948211312294006 -0.05931377410888672 0.08254025876522064 0.10946349799633026 0.047771040350198746 0.9896392822265625 0.13539595901966095 0.007578248158097267 -0.08971593528985977 -0.13075169920921326 0.987347424030304 0.051036588847637177
1305031109.211379 0.9958387613296509 -0.06773054599761963 0.06097474694252014 0.11157014966011047 0.0591127872467041 0.9892883896827698 0.13346923887729645 0.01586446538567543 -0.06936156749725342 -0.12930943071842194 0.9891754984855652 0.049745745956897736
1305031109.24329 0.9953717589378357 -0.07710199058055878 0.0573614239692688 0.1051388680934906 0.06731836497783661 0.9854017496109009 0.15637031197547913 0.012298484332859516 -0.0685805082321167 -0.15178512036800385 0.9860314130783081 0.04823043942451477
1305031109.275308 0.9948471784591675 -0.08212877064943314 0.05944887548685074 0.0933002233505249 0.07108862698078156 0.9831250309944153 0.16855734586715698 0.006802261341363192 -0.07228909432888031 -0.16346263885498047 0.9838972687721252 0.051482439041137695
1305031109.311329 0.9956713318824768 -0.08350159227848053 0.040816567838191986 0.0870150774717331 0.07617885619401932 0.9847646355628967 0.15631745755672455 0.010702753439545631 -0.05324746295809746 -0.1525314748287201 0.9868632555007935 0.050654228776693344
1305031109.343248 0.9963313937187195 -0.08175107836723328 0.025307536125183105 0.07883864641189575 0.07681144028902054 0.9846495985984802 0.15673230588436127 0.014096798375248909 -0.0377320870757103 -0.15421344339847565 0.987316906452179 0.05039229243993759
1305031109.375397 0.9967107772827148 -0.0807637944817543 0.00670219212770462 0.07476059347391129 0.07855392247438431 0.9831407070159912 0.16511647403240204 0.011452905833721161 -0.019924618303775787 -0.16404691338539124 0.9862512350082397 0.04906453564763069
1305031109.411329 0.997314453125 -0.07264875620603561 -0.009264625608921051 0.07054188847541809 0.07317885011434555 0.9834713935852051 0.16561631858348846 0.01140405423939228 -0.002920307219028473 -0.16584955155849457 0.9861467480659485 0.04661596193909645
1305031109.443302 0.9980078935623169 -0.05966618284583092 -0.02049579843878746 0.0655314102768898 0.062254246324300766 0.9840460419654846 0.16666677594184875 0.014844510704278946 0.010224450379610062 -0.16761071979999542 0.9858002662658691 0.045917533338069916
1305031109.475363 0.9982855319976807 -0.05349670350551605 -0.023750532418489456 0.059601545333862305 0.0568619966506958 0.9826105833053589 0.1767571121454239 0.011762447655200958 0.013881602324545383 -0.17780455946922302 0.9839679002761841 0.04608824476599693
1305031109.511273 0.9985374808311462 -0.0449288934469223 -0.030072517693042755 0.05503561347723007 0.049566902220249176 0.982894778251648 0.17737242579460144 0.010365944355726242 0.021588977426290512 -0.17860360443592072 0.9836841821670532 0.04582914710044861
1305031109.543294 0.9986922144889832 -0.03966589644551277 -0.03225535899400711 0.04921571910381317 0.04462744668126106 0.9841783046722412 0.17146840691566467 0.010536028072237968 0.024943578988313675 -0.17268364131450653 0.9846615195274353 0.04403631389141083
1305031109.575362 0.9987037181854248 -0.039469458162784576 -0.032142557203769684 0.04319051653146744 0.04430650547146797 0.9849249124526978 0.16721180081367493 0.012751655653119087 0.02505824714899063 -0.16841918230056763 0.9853969216346741 0.04220619425177574
1305031109.61131 0.9988567233085632 -0.03536104038357735 -0.03216871619224548 0.035811830312013626 0.040269795805215836 0.9850289225578308 0.16761937737464905 0.012604232877492905 0.025759918615221977 -0.1687231957912445 0.9853267669677734 0.040858685970306396
1305031109.643229 0.9987764358520508 -0.03418267145752907 -0.03573641553521156 0.0314868725836277 0.03972634673118591 0.9849601984024048 0.1681526005268097 0.013468828052282333 0.029451042413711548 -0.16936655342578888 0.9851129651069641 0.0401281900703907
1305031109.675263 0.9987310171127319 -0.03706999495625496 -0.03408974036574364 0.023885108530521393 0.042379844933748245 0.9843180179595947 0.17123626172542572 0.01471480168402195 0.027207421138882637 -0.17246368527412415 0.9846403002738953 0.03862297162413597
1305031109.711312 0.9986374974250793 -0.034113045781850815 -0.03948966786265373 0.01796838454902172 0.04054483398795128 0.9836223721504211 0.17562152445316315 0.015426160767674446 0.0328519381582737 -0.1769833117723465 0.9836655855178833 0.0374150350689888
1305031109.743274 0.9985107779502869 -0.03162778913974762 -0.04444971680641174 0.011542592197656631 0.039359014481306076 0.9818504452705383 0.18552744388580322 0.015104193240404129 0.03777515888214111 -0.18700069189071655 0.9816333651542664 0.037752360105514526
1305031109.775277 0.9980792999267578 -0.03281538188457489 -0.05254220962524414 0.009149509482085705 0.042365387082099915 0.9803903698921204 0.19245727360248566 0.01470029167830944 0.04519632086157799 -0.1943136602640152 0.9798977971076965 0.03879620134830475
1305031109.811371 0.9982646703720093 -0.029981153085827827 -0.05068187788128853 0.0009410567581653595 0.039307136088609695 0.9801309704780579 0.19441840052604675 0.016218610107898712 0.04384596645832062 -0.19607320427894592 0.9796085357666016 0.037910331040620804
1305031109.843296 0.9980641007423401 -0.027867522090673447 -0.05559875816106796 -0.005060642492026091 0.03848051652312279 0.9790282249450684 0.20005743205547333 0.01703445240855217 0.04885763302445412 -0.20180962979793549 0.9782055020332336 0.038276880979537964
1305031109.875306 0.9978235363960266 -0.02411438710987568 -0.061372190713882446 -0.011701654642820358 0.03640541434288025 0.9774883985519409 0.20782482624053955 0.017096493393182755 0.05497901514172554 -0.20960679650306702 0.9762389063835144 0.03900265693664551
1305031109.911265 0.9973316788673401 -0.012467419728636742 -0.07193000614643097 -0.01758035272359848 0.02751312218606472 0.9768466949462891 0.212164044380188 0.015600454062223434 0.0676194280385971 -0.21357698738574982 0.9745832681655884 0.03977161645889282
1305031109.943299 0.996930718421936 -0.004689555149525404 -0.07814731448888779 -0.023373642936348915 0.02125938981771469 0.9769116044044495 0.21258389949798584 0.018609894439578056 0.07534609735012054 -0.21359284222126007 0.9740129113197327 0.03908086568117142
1305031109.975258 0.9967918992042542 0.006187549792230129 -0.07979751378297806 -0.030198467895388603 0.011687659658491611 0.9750667214393616 0.22160392999649048 0.018246149644255638 0.07917910069227219 -0.22182565927505493 0.9718663692474365 0.040310218930244446
1305031110.011256 0.9960930943489075 0.020478693768382072 -0.08590219169855118 -0.03495731204748154 -0.0006216890178620815 0.9743422865867615 0.22506991028785706 0.01959417387843132 0.08830729871988297 -0.22413718700408936 0.9705485105514526 0.04248139262199402
1305031110.043299 0.9956083297729492 0.033997081220149994 -0.08722519129514694 -0.039978668093681335 -0.012968849390745163 0.9728330373764038 0.23114410042762756 0.019260963425040245 0.09271378815174103 -0.22899781167507172 0.9690016508102417 0.04243244230747223
1305031110.075319 0.9954521059989929 0.045151229947805405 -0.08388266712427139 -0.047787804156541824 -0.024320773780345917 0.9718173742294312 0.23447731137275696 0.020463045686483383 0.09210558235645294 -0.23137086629867554 0.968495786190033 0.043071698397397995
1305031110.111325 0.9948095083236694 0.055313851684331894 -0.08540673553943634 -0.05387934297323227 -0.03293702006340027 0.9692012667655945 0.24405795335769653 0.02046547830104828 0.09627608954906464 -0.2399781346321106 0.9659924507141113 0.043918460607528687
1305031110.143432 0.9938216209411621 0.06504550576210022 -0.0899304524064064 -0.060460321605205536 -0.04076717421412468 0.9675655364990234 0.24930912256240845 0.018503744155168533 0.1032300591468811 -0.2441026121377945 0.9642392992973328 0.044903721660375595
1305031110.175641 0.9928210377693176 0.06633011996746063 -0.09953165054321289 -0.06354057043790817 -0.039643656462430954 0.9675931930541992 0.24938315153121948 0.021244313567876816 0.11284774541854858 -0.24364706873893738 0.9632765054702759 0.04454156011343002
1305031110.211637 0.9919863343238831 0.0717628225684166 -0.10398641973733902 -0.06934326887130737 -0.042677976191043854 0.9649820923805237 0.2588209807872772 0.020058438181877136 0.1189187616109848 -0.25230899453163147 0.9603116512298584 0.04556430131196976
1305031110.243323 0.991300642490387 0.07045146077871323 -0.11117251962423325 -0.07464342564344406 -0.039109934121370316 0.9641965627670288 0.26228901743888855 0.01830606535077095 0.12567077577114105 -0.2556593716144562 0.958564043045044 0.04575686529278755
1305031110.279321 0.9901456832885742 0.07261712849140167 -0.11974097788333893 -0.07834099978208542 -0.03917863965034485 0.9645485281944275 0.26098132133483887 0.017359593883156776 0.13444767892360687 -0.2537183463573456 0.957888662815094 0.046377912163734436
