1403636580.0135555 0.9999935030937195 -0.0035849108826369047 -0.00026285654166713357 -0.00018370938778389245 0.0035873965825885534 0.9999419450759888 0.010160870850086212 0.004148320760577917 0.00022641546092927456 -0.010161749087274075 0.999948263168335 0.0013049528934061527
1403636580.0635555 0.9999903440475464 -0.004329849034547806 0.0006767546874471009 -0.000477113964734599 0.004317933227866888 0.9998509287834167 0.016714872792363167 0.010341839864850044 -0.0007490275893360376 -0.01671179011464119 0.9998600482940674 0.0031790435314178467
1403636580.1135554 0.999959409236908 -0.008984937332570553 -0.0005606191698461771 -0.0005727320676669478 0.008994776755571365 0.9997361898422241 0.02113400585949421 0.01515871286392212 0.00037058332236483693 -0.021138187497854233 0.9997764825820923 0.004732826724648476
1403636580.1635556 0.9999408721923828 -0.010796803049743176 -0.0013129431754350662 -0.0007930995197966695 0.010825755074620247 0.9996407628059387 0.0245161522179842 0.020547667518258095 0.0010477756150066853 -0.02452891692519188 0.9996984601020813 0.006261947564780712
1403636580.2135556 0.9999462366104126 -0.010262693278491497 -0.001509656198322773 -0.0010652405908331275 0.010301568545401096 0.9995404481887817 0.02850894071161747 0.025551356375217438 0.001216383883729577 -0.02852296084165573 0.9995924234390259 0.007675084751099348
1403636580.2635555 0.999944806098938 -0.010211607441306114 -0.002476020948961377 -0.0011023352853953838 0.010288801044225693 0.9993864893913269 0.03347800672054291 0.028846435248851776 0.002132637891918421 -0.03350164368748665 0.9994363188743591 0.008565603755414486
1403636580.3135555 0.9999805092811584 -0.005832174327224493 -0.002249338896945119 -0.001280853757634759 0.005919043440371752 0.9991510510444641 0.04076939821243286 0.033555399626493454 0.0020096555817872286 -0.040781911462545395 0.999165952205658 0.009611831046640873
1403636580.3635557 0.9999766945838928 -0.004807812627404928 -0.004861153196543455 -0.0011619615834206343 0.005068277940154076 0.9984695911407471 0.055070217698812485 0.02998208813369274 0.004588948097079992 -0.05509358271956444 0.9984706044197083 0.008331438526511192
1403636580.4135554 0.9999885559082031 -0.0018427098402753472 -0.0044159539975225925 -0.0013034774456173182 0.0021453306544572115 0.9975772500038147 0.06953443586826324 0.03265685215592384 0.004277123603969812 -0.06954311579465866 0.9975697994232178 0.00879406463354826
1403636580.4635556 0.9999861717224121 -0.0008836416527628899 -0.005182904191315174 -0.0015498738503083587 0.0013295164098963141 0.9962365627288818 0.08666606992483139 0.03545071929693222 0.005086816381663084 -0.08667176216840744 0.9962239861488342 0.009184150025248528
1403636580.5135555 0.9999858140945435 0.00042315723840147257 -0.005306230392307043 -0.0017168018966913223 0.00013109174324199557 0.9945752620697021 0.10401943325996399 0.03638359159231186 0.005321461707353592 -0.10401865839958191 0.9945611357688904 0.009241604246199131
1403636580.5635555 0.9999677538871765 -0.0017596326069906354 -0.007834842428565025 -0.0018719149520620704 0.0026656079571694136 0.9931082129478455 0.11717109382152557 0.03615579009056091 0.007574668154120445 -0.1171882152557373 0.9930808544158936 0.008930064737796783
1403636580.6135554 0.9999306797981262 -0.0027275460306555033 -0.011460660956799984 -0.0019526084652170539 0.004110395442694426 0.9924688339233398 0.12242798507213593 0.033845264464616776 0.011040423065423965 -0.12246661633253098 0.9924112558364868 0.008016593754291534
1403636580.6635556 0.9999265074729919 -0.0034345281310379505 -0.01162436418235302 -0.002223474904894829 0.004807762801647186 0.9927319288253784 0.12025122344493866 0.030220352113246918 0.011126868426799774 -0.12029828131198883 0.9926754236221313 0.006825820542871952
1403636580.7135556 0.9999553561210632 -0.0008356069447472692 -0.009412679821252823 -0.002264629118144512 0.001891180407255888 0.9936272501945496 0.11270056664943695 0.024623585864901543 0.009258521720767021 -0.11271332949399948 0.9935844540596008 0.005371508188545704
1403636580.7635555 0.9999765753746033 0.005778235383331776 -0.0036990854423493147 -0.002496568253263831 -0.005386041011661291 0.9951276779174805 0.09844755381345749 0.02623652294278145 0.004249915946274996 -0.09842533618211746 0.9951353073120117 0.0061242850497365
1403636580.8135555 0.9999353885650635 0.010912331752479076 0.0031884005293250084 -0.0024084385950118303 -0.01114644855260849 0.996221125125885 0.08613471686840057 0.018436327576637268 -0.0022364207543432713 -0.0861646831035614 0.9962783455848694 0.00425567664206028
1403636580.8635557 0.9996798634529114 0.02059211954474449 0.014699098654091358 -0.002613079035654664 -0.02161344140768051 0.9970914721488953 0.07308599352836609 0.011133015155792236 -0.013151348568499088 -0.07338027656078339 0.9972172975540161 0.0026143721770495176
1403636580.9135554 0.9993504881858826 0.025969380512833595 0.024982351809740067 -0.002532178768888116 -0.027393903583288193 0.9979127645492554 0.058478765189647675 0.0024339049123227596 -0.023411547765135765 -0.0591251477599144 0.9979760050773621 0.0005704064387828112
1403636580.9635556 0.9991042017936707 0.030324066057801247 0.029517125338315964 -0.002759621711447835 -0.031597018241882324 0.9985466003417969 0.04365992918610573 -0.004435040522366762 -0.028150277212262154 -0.0445534773170948 0.9986103177070618 -0.0009331867913715541
1403636581.0135555 0.9990412592887878 0.03239292651414871 0.029447175562381744 -0.0029193751979619265 -0.03328799083828926 0.9989823698997498 0.030431242659687996 -0.012318769469857216 -0.028431449085474014 -0.03138231113553047 0.9991030693054199 -0.0031131221912801266
1403636581.0635555 0.9990659952163696 0.03277669847011566 0.028154447674751282 -0.0032843442168086767 -0.033286359161138535 0.9992867112159729 0.017828447744250298 -0.017979411408305168 -0.02755001187324524 -0.01874895580112934 0.9994445443153381 -0.004360612481832504
1403636581.1135554 0.9991490840911865 0.02967301569879055 0.028642334043979645 -0.0031977505423128605 -0.029827408492565155 0.9995425939559937 0.0049782972782850266 -0.024798328056931496 -0.028481511399149895 -0.005828388966619968 0.9995773434638977 -0.006457361858338118
1403636581.1635556 0.9992584586143494 0.024616608396172523 0.029610225930809975 -0.00351127702742815 -0.024314459413290024 0.999648928642273 -0.010521488264203072 -0.02955015003681183 -0.02985883504152298 0.009793728590011597 0.9995060563087463 -0.007341072428971529
1403636581.2135556 0.9993448257446289 0.020064275711774826 0.03012149967253208 -0.003435648512095213 -0.019272902980446815 0.9994673132896423 -0.026337016373872757 -0.034781474620103836 -0.03063388541340828 0.025739233940839767 0.9991992115974426 -0.008810070343315601
1403636581.2635555 0.9994116425514221 0.01603778637945652 0.030321631580591202 -0.003313777269795537 -0.014713101089000702 0.9989486336708069 -0.043417397886514664 -0.03894655779004097 -0.03098607063293457 0.042945727705955505 0.9985967874526978 -0.00983707420527935
1403636581.3135555 0.999406635761261 0.017612872645258904 0.029601337388157845 -0.003232344286516309 -0.015873339027166367 0.9981899857521057 -0.05800675228238106 -0.0423896424472332 -0.030569424852728844 0.05750245600938797 0.997877299785614 -0.011286376044154167
1403636581.3635557 0.9993478655815125 0.018625907599925995 0.030932562425732613 -0.002986691426485777 -0.016475122421979904 0.9975228309631348 -0.06838708370923996 -0.043006084859371185 -0.03212970495223999 0.06783288717269897 0.9971792101860046 -0.011443210765719414
1403636581.4135554 0.9990989565849304 0.02380717545747757 0.035134561359882355 -0.0029210057109594345 -0.021268580108880997 0.997253954410553 -0.07093817740678787 -0.04289483651518822 -0.03672691434621811 0.07012700289487839 0.9968617558479309 -0.011875065043568611
1403636581.4635556 0.9988543391227722 0.029454069212079048 0.037715379148721695 -0.002732307882979512 -0.026907620951533318 0.9974347352981567 -0.06633166968822479 -0.04127967730164528 -0.03957236930727959 0.06524084508419037 0.9970845580101013 -0.011777577921748161
1403636581.5135555 0.99862140417099 0.03419475629925728 0.03982511907815933 -0.002300798427313566 -0.03191111236810684 0.9978851079940796 -0.056630540639162064 -0.038486648350954056 -0.04167735576629639 0.05528159439563751 0.9976006746292114 -0.01106969639658928
1403636581.5635555 0.9986451864242554 0.03169462829828262 0.04127097502350807 -0.001974132377654314 -0.029855169355869293 0.9985655546188354 -0.04444878175854683 -0.034070853143930435 -0.04262056201696396 0.04315641149878502 0.9981588125228882 -0.009575103409588337
1403636581.6135554 0.9987781047821045 0.029464008286595345 0.03967659920454025 -0.001772537943907082 -0.028210025280714035 0.9990960359573364 -0.031802527606487274 -0.02875739336013794 -0.04057776927947998 0.030644387006759644 0.9987064599990845 -0.00796560849994421
1403636581.6635556 0.9989560842514038 0.024514107033610344 0.03854726627469063 -0.0015443925512954593 -0.023666568100452423 0.9994713664054871 -0.022291749715805054 -0.022638799622654915 -0.03907335177063942 0.02135619893670082 0.999008059501648 -0.006406980101019144
1403636581.7135556 0.9989410042762756 0.027222266420722008 0.03708948567509651 -0.0009602588834241033 -0.026648463681340218 0.9995187520980835 -0.015878304839134216 -0.016460129991173744 -0.03750387951731682 0.014873114414513111 0.9991857409477234 -0.004386945627629757
1403636581.7635555 0.9991315603256226 0.023733505979180336 0.03424707055091858 -0.0005474298959597945 -0.02329726330935955 0.9996429681777954 -0.01308146957308054 -0.010077486746013165 -0.03454530984163284 0.012272247113287449 0.9993277788162231 -0.0024201597552746534
1403636581.8135555 0.999326765537262 0.023500043898820877 0.028171846643090248 -0.0002491236664354801 -0.023217041045427322 0.9996770620346069 -0.010330869816243649 -0.0036292187869548798 -0.028405524790287018 0.00966984685510397 0.9995496273040771 -0.0007332674576900899
1403636581.8635557 0.9994292855262756 0.02179798111319542 0.025807254016399384 -3.549112443579361e-05 -0.021645113825798035 0.9997464418411255 -0.006188176106661558 0.0029992253985255957 -0.02593560330569744 0.005626040976494551 0.9996477365493774 0.0010278462432324886
1403636581.9135554 0.9996029734611511 0.01724686473608017 0.022288240492343903 2.1510106307687238e-05 -0.017319854348897934 0.9998452663421631 0.0030856041703373194 0.008673432283103466 -0.022231576964259148 -0.003470407798886299 0.9997467398643494 0.0023717430885881186
1403636581.9635556 0.9995217323303223 0.015191962011158466 0.02693728730082512 -4.0978193283081055e-08 -0.0156383216381073 0.9997426271438599 0.016437584534287453 0.014858881942927837 -0.026680635288357735 -0.016850976273417473 0.9995018839836121 0.003974566236138344
1403636582.0135555 0.9994741082191467 0.011482027359306812 0.030329961329698563 0.00011621580051723868 -0.012441879138350487 0.9994215369224548 0.03165007382631302 0.02090984769165516 -0.02994900941848755 -0.03201078623533249 0.9990386962890625 0.005680040456354618
1403636582.0635555 0.9993561506271362 0.012002889066934586 0.033812444657087326 3.512416151352227e-05 -0.013632314279675484 0.9987359642982483 0.04837915301322937 0.02608758769929409 -0.033189017325639725 -0.04880894720554352 0.998256504535675 0.007051609456539154
1403636582.1135554 0.9993517398834229 0.013418787159025669 0.0334070548415184 -0.00016666564624756575 -0.015575258061289787 0.9977537989616394 0.06515131890773773 0.030348889529705048 -0.03245776519179344 -0.06562940031290054 0.9973160028457642 0.007943855598568916
1403636582.1635556 0.9994884729385376 0.012318489141762257 0.029514426365494728 -0.00023653393145650625 -0.01471663173288107 0.9964852929115295 0.08246505260467529 0.027914736419916153 -0.028394844383001328 -0.08285723626613617 0.9961569309234619 0.007041472475975752
1403636582.2135556 0.9995604157447815 0.01339016854763031 0.026452118530869484 -0.0005382962990552187 -0.015810362994670868 0.9954926371574402 0.09351236373186111 0.029592124745249748 -0.025080740451812744 -0.09388947486877441 0.9952667951583862 0.007207061629742384
1403636582.2635555 0.9995792508125305 0.014258247800171375 0.025263432413339615 -0.0008994998643174767 -0.01674036681652069 0.9947524666786194 0.10093219578266144 0.029435208067297935 -0.023691747337579727 -0.10131262987852097 0.994572639465332 0.007063923869282007
1403636582.3135555 0.999668538570404 0.014260968193411827 0.02143324539065361 -0.0011030106106773019 -0.016394222155213356 0.994556725025177 0.10289831459522247 0.027596889063715935 -0.019849151372909546 -0.10321559756994247 0.9944610595703125 0.0067268782295286655
1403636582.3635557 0.9997302293777466 0.01251591369509697 0.019563689827919006 -0.0015071539673954248 -0.014375519007444382 0.9950823783874512 0.09800174832344055 0.023989524692296982 -0.018240900710225105 -0.09825655072927475 0.9949941039085388 0.005641983821988106
1403636582.4135554 0.9997527003288269 0.012293794192373753 0.018528150394558907 -0.002101372228935361 -0.013780570589005947 0.9965057969093323 0.0823787972331047 0.02538050338625908 -0.017450664192438126 -0.0826137512922287 0.996428906917572 0.006096632685512304
1403636582.4635556 0.9997403025627136 0.012583506293594837 0.018993927165865898 -0.002139544114470482 -0.013875303789973259 0.9974862933158875 0.06948651373386383 0.017209919169545174 -0.018071800470352173 -0.06973204761743546 0.9974019527435303 0.003923173062503338
1403636582.5135555 0.9996408820152283 0.016133371740579605 0.021392837166786194 -0.00224290881305933 -0.017328327521681786 0.9982293248176575 0.05690200254321098 0.01123789418488741 -0.020436933264136314 -0.057252295315265656 0.9981505274772644 0.0024812028277665377
1403636582.5635555 0.9995394945144653 0.016798485070466995 0.025273069739341736 -0.002757404465228319 -0.017955150455236435 0.998768150806427 0.046258315443992615 0.0067521072924137115 -0.024464868009090424 -0.04669078812003136 0.998609721660614 0.0010917347390204668
1403636582.6135554 0.9993035197257996 0.020721467211842537 0.031034624204039574 -0.002645739121362567 -0.021973656490445137 0.9989351630210876 0.040565960109233856 0.0006006224430166185 -0.030160987749695778 -0.041219647973775864 0.9986947774887085 -0.0005349981365725398
1403636582.6635556 0.9991039633750916 0.021157165989279747 0.036658406257629395 -0.002647312358021736 -0.022481072694063187 0.9990957379341125 0.03608698397874832 -0.005915279034525156 -0.03586176037788391 -0.036878764629364014 0.998676061630249 -0.0023954417556524277
1403636582.7135556 0.9990350008010864 0.020187441259622574 0.03900806978344917 -0.0024657074827700853 -0.02143402397632599 0.9992642402648926 0.0318075567483902 -0.012108425609767437 -0.038337256759405136 -0.032612964510917664 0.9987325668334961 -0.00416255509480834
1403636582.7635555 0.9989269971847534 0.0169301088899374 0.04310637712478638 -0.002289640950039029 -0.018071111291646957 0.9994928240776062 0.02621886506676674 -0.018670976161956787 -0.042640626430511475 -0.02696971595287323 0.9987263679504395 -0.005897608585655689
1403636582.8135555 0.9986968636512756 0.011510181240737438 0.049719858914613724 -0.0016808579675853252 -0.012236522510647774 0.9998224377632141 0.014329074881970882 -0.02015034668147564 -0.04954610764980316 -0.01491879764944315 0.9986603260040283 -0.006010771729052067
1403636582.8635557 0.9982605576515198 0.006979991681873798 0.05854085832834244 -0.0011942448327317834 -0.007097328081727028 0.9999731779098511 0.0017966926097869873 -0.026655321940779686 -0.05852675437927246 -0.0022090477868914604 0.9982834458351135 -0.007548024412244558
1403636582.9135554 0.9978889226913452 0.002168908016756177 0.06490740180015564 -0.0009268000139854848 -0.001266054343432188 0.9999018311500549 -0.013947783038020134 -0.03252556920051575 -0.06493128836154938 0.01383616216480732 0.9977937936782837 -0.009046648629009724
1403636582.9635556 0.9976523518562317 0.0024690264835953712 0.06843648105859756 -0.00048363834503106773 -0.00039641844341531396 0.9995412826538086 -0.03028217703104019 -0.0372491180896759 -0.06847984343767166 0.030183956027030945 0.9971957802772522 -0.010264063253998756
1403636583.0135555 0.9974098205566406 0.0021043019369244576 0.07189618796110153 -0.00038690425571985543 0.001256532152183354 0.9989096522331238 -0.046668462455272675 -0.04119797423481941 -0.07191599905490875 0.04663792625069618 0.9963197708129883 -0.011918837204575539
1403636583.0635555 0.9973759651184082 0.005404139868915081 0.07219278812408447 -0.00014256517169997096 -0.00128614017739892 0.9983752369880676 -0.056966815143823624 -0.0437525175511837 -0.0723833441734314 0.05672448128461838 0.9957624673843384 -0.012719470076262951
1403636583.1135554 0.997236967086792 0.007413307670503855 0.0739164799451828 -5.764764500781894e-05 -0.0028284299187362194 0.9980757832527161 -0.06194058805704117 -0.04423864185810089 -0.07423343509435654 0.061560358852148056 0.9953389167785645 -0.013029641471803188
1403636583.1635556 0.9968876838684082 0.011970042251050472 0.07792142033576965 3.180949715897441e-05 -0.007141570560634136 0.9980535507202148 -0.061952173709869385 -0.04394643381237984 -0.0785113126039505 0.06120286136865616 0.9950327277183533 -0.013109441846609116
1403636583.2135556 0.9967641830444336 0.015659209340810776 0.0788407251238823 0.00013556593330577016 -0.010919229127466679 0.9981268048286438 -0.06019705533981323 -0.04176957905292511 -0.07963566482067108 0.059141382575035095 0.9950680136680603 -0.012443168088793755
1403636583.2635555 0.9969014525413513 0.017622077837586403 0.07666110247373581 0.00084924470866099 -0.013260077685117722 0.998283863067627 -0.057041216641664505 -0.0381670817732811 -0.07753471285104752 0.05584793537855148 0.9954241514205933 -0.010890191420912743
1403636583.3135555 0.9970474243164062 0.016684191301465034 0.07495357096195221 0.0008466694853268564 -0.012709971517324448 0.9985035061836243 -0.05319002643227577 -0.03408784791827202 -0.07572881877422333 0.052080318331718445 0.99576735496521 -0.009481104090809822
1403636583.3635557 0.9971537590026855 0.017628615722060204 0.07330313324928284 0.0010624168207868934 -0.014081274159252644 0.9987176060676575 -0.048631101846694946 -0.029435180127620697 -0.07406643033027649 0.04746048524975777 0.9961233139038086 -0.008125122636556625
1403636583.4135554 0.9975140690803528 0.015328258275985718 0.06877946108579636 0.0015157368034124374 -0.012254792265594006 0.9989168643951416 -0.044887349009513855 -0.023469729349017143 -0.06939302384853363 0.04393288865685463 0.9966214895248413 -0.00595576036721468
1403636583.4635556 0.9977609515190125 0.018807828426361084 0.06418120861053467 0.001764882355928421 -0.016317151486873627 0.9991015791893005 -0.0391128771007061 -0.017186114564538002 -0.06485918164253235 0.037978049367666245 0.9971714019775391 -0.00422136764973402
1403636583.5135555 0.997938871383667 0.019957661628723145 0.0609915591776371 0.0021180035546422005 -0.01795457862317562 0.999286949634552 -0.03321536257863045 -0.010874805971980095 -0.061610978096723557 0.03205182030797005 0.9975854158401489 -0.0022209968883544207
1403636583.5635555 0.9978868961334229 0.023697635158896446 0.06050070375204086 0.0023752658162266016 -0.02218395657837391 0.9994267821311951 -0.025569532066583633 -0.004106746055185795 -0.0610719658434391 0.024173349142074585 0.9978405833244324 -0.00020886117999907583
1403636583.6135554 0.9975526332855225 0.026125958189368248 0.06485592573881149 0.002806982956826687 -0.025219567120075226 0.9995729923248291 -0.014755170792341232 0.002460668794810772 -0.06521373242139816 0.013083415105938911 0.9977855682373047 0.0019969919230788946
1403636583.6635556 0.997979462146759 0.02285831794142723 0.05928565189242363 0.0025918728206306696 -0.023157089948654175 0.9997223019599915 0.004357349127531052 0.004412367939949036 -0.059169601649045944 -0.005721426568925381 0.9982315897941589 0.002610749565064907
1403636583.7135556 0.9983309507369995 0.01421676017343998 0.055975425988435745 0.0025551985017955303 -0.01563037373125553 0.9995677471160889 0.024897880852222443 0.010829771868884563 -0.055597275495529175 -0.025731243193149567 0.9981216788291931 0.004470190964639187
1403636583.7635555 0.9986825585365295 0.005287698470056057 0.05104077607393265 0.0026741898618638515 -0.007711279205977917 0.9988459944725037 0.04740375280380249 0.016534335911273956 -0.050731223076581955 -0.04773489013314247 0.9975708723068237 0.0058575221337378025
1403636583.8135555 0.9987368583679199 0.0004964298568665981 0.050243787467479706 0.0027029160410165787 -0.00390661833807826 0.9976913928985596 0.06779745221138 0.021781569346785545 -0.05009414628148079 -0.06790809333324432 0.9964331388473511 0.00719171529635787
1403636583.8635557 0.9987525939941406 -0.0015665831742808223 0.049906834959983826 0.00271745678037405 -0.002553281607106328 0.9965977072715759 0.08238053321838379 0.026704911142587662 -0.049866095185279846 -0.0824052020907402 0.9953505992889404 0.008310566656291485
1403636583.9135554 0.9986541271209717 0.004858718253672123 0.05163576081395149 0.0023265068884938955 -0.009764255955815315 0.9954121708869934 0.0951799675822258 0.02642733044922352 -0.05093641206622124 -0.09555605798959732 0.9941200017929077 0.008015204221010208
1403636583.9635556 0.9987348914146423 0.010984278284013271 0.0490715466439724 0.002265721093863249 -0.015916874632239342 0.9947298169136047 0.1012878268957138 0.02978409081697464 -0.04770036041736603 -0.10194075852632523 0.9936462044715881 0.008656525053083897
1403636584.0135555 0.9989200234413147 0.015030347742140293 0.04396397992968559 0.0020370613783597946 -0.01950692944228649 0.9944655299186707 0.10323689877986908 0.032079968601465225 -0.04216897860169411 -0.10398299992084503 0.993684709072113 0.008938039653003216
1403636584.0635555 0.999184787273407 0.017520932480692863 0.03637109696865082 0.001852148212492466 -0.021215571090579033 0.9943699240684509 0.1038183867931366 0.031961001455783844 -0.034347325563430786 -0.10450537502765656 0.9939310550689697 0.008638926781713963
1403636584.1135554 0.9993893504142761 0.017347410321235657 0.03033207729458809 0.0015854816883802414 -0.020424436777830124 0.9943391680717468 0.10427102446556091 0.031446147710084915 -0.028351545333862305 -0.10482685267925262 0.9940863251686096 0.008292274549603462
1403636584.1635556 0.9994779825210571 0.018406884744763374 0.026551663875579834 0.0013106359401717782 -0.021091481670737267 0.9942846894264221 0.10465593636035919 0.02949439361691475 -0.024473529309034348 -0.10516130924224854 0.9941539764404297 0.007777644786983728
1403636584.2135556 0.9995090961456299 0.019166555255651474 0.02478228136897087 0.0011329060653224587 -0.021647682413458824 0.99433434009552 0.1040702611207962 0.0261920727789402 -0.022647202014923096 -0.1045556515455246 0.9942612051963806 0.006937997415661812
1403636584.2635555 0.9994888305664062 0.019863899797201157 0.02505423128604889 0.0007863088394515216 -0.022308912128210068 0.9945935010910034 0.10141992568969727 0.02290172316133976 -0.022904183715581894 -0.1019270047545433 0.9945282340049744 0.00589285884052515
1403636584.3135555 0.9994659423828125 0.020602749660611153 0.025365998968482018 0.0005863645928911865 -0.022982556372880936 0.994978666305542 0.09741335362195969 0.017757726833224297 -0.02323164790868759 -0.09794429689645767 0.9949206709861755 0.004682995844632387
1403636584.3635557 0.9993244409561157 0.024121176451444626 0.02772965282201767 0.0013166411081328988 -0.026603365316987038 0.995316207408905 0.09293993562459946 0.014685338363051414 -0.02535794861614704 -0.0936148539185524 0.9952854514122009 0.004357272759079933
1403636584.4135554 0.9989246726036072 0.029727770015597343 0.03557706996798515 0.0010260348208248615 -0.0327625647187233 0.995581328868866 0.08800401538610458 0.009929994121193886 -0.032803695648908615 -0.0890749916434288 0.9954845309257507 0.0033512040972709656
1403636584.4635556 0.9984697103500366 0.03535551577806473 0.04252193868160248 0.0011046744184568524 -0.03875590115785599 0.9958784580230713 0.0820000022649765 0.003094373270869255 -0.03944753110408783 -0.0835224986076355 0.9957247972488403 0.0020341905765235424
1403636584.5135555 0.9982237815856934 0.03777763992547989 0.04606667160987854 0.0011509992182254791 -0.04102597013115883 0.9965794682502747 0.07173686474561691 -0.0029254844412207603 -0.043199051171541214 -0.07349937409162521 0.9963592290878296 0.0008304474758915603
1403636584.5635555 0.9981158375740051 0.036221254616975784 0.049528639763593674 0.0010580506641417742 -0.03912361338734627 0.9974943399429321 0.058943603187799454 -0.009925673715770245 -0.047269534319639206 -0.06077028438448906 0.9970318675041199 -0.0006395701784640551
1403636584.6135554 0.997899055480957 0.03506655991077423 0.05447876825928688 0.0009971437975764275 -0.037394244223833084 0.9984043836593628 0.042311251163482666 -0.01723221130669117 -0.05290813744068146 -0.04425954818725586 0.9976180791854858 -0.0021147914230823517
1403636584.6635556 0.9975389838218689 0.03294359892606735 0.061893634498119354 0.0009203270310536027 -0.03436993435025215 0.9991641640663147 0.02212289720773697 -0.024208946153521538 -0.06111310422420502 -0.024195734411478043 0.9978376030921936 -0.003688356839120388
1403636584.7135556 0.9972025752067566 0.031969159841537476 0.06756379455327988 0.0012779115932062268 -0.03194084018468857 0.9994886517524719 -0.0014996696263551712 -0.026966596022248268 -0.06757718324661255 -0.0006625698879361153 0.9977137446403503 -0.004375200252979994
1403636584.7635555 0.9966661930084229 0.03180540353059769 0.07513140141963959 0.0011113295331597328 -0.030303651466965675 0.9993191361427307 -0.021044716238975525 -0.03307875245809555 -0.07574957609176636 0.01869780197739601 0.9969515800476074 -0.006057582795619965
1403636584.8135555 0.9963579177856445 0.03182882443070412 0.07910553365945816 0.0003759642131626606 -0.028856396675109863 0.99884432554245 -0.03843887895345688 -0.03554743900895119 -0.08023757487535477 0.03601618483662605 0.9961248636245728 -0.007651174906641245
1403636584.8635557 0.9963566064834595 0.027523472905158997 0.08072130382061005 0.00037529453402385116 -0.023402366787195206 0.998395562171936 -0.05156261846423149 -0.039838194847106934 -0.08201098442077637 0.04948567971587181 0.9954021573066711 -0.008784124627709389
1403636584.9135554 0.9964945316314697 0.024735480546951294 0.07991594076156616 3.71788046322763e-05 -0.019933730363845825 0.9979791045188904 -0.06033385172486305 -0.04333003610372543 -0.08124682307243347 0.058529332280159 0.9949740767478943 -0.010225710459053516
1403636584.9635556 0.9965124726295471 0.018622688949108124 0.0813395157456398 0.00037509360117837787 -0.013485938310623169 0.9979066848754883 -0.06325091421604156 -0.048095010221004486 -0.08234712481498718 0.061933379620313644 0.9946773648262024 -0.01111363060772419
1403636585.0135555 0.99626624584198 0.016465023159980774 0.08474908769130707 0.0004658841644413769 -0.011137507855892181 0.997954249382019 -0.06295543164014816 -0.048499077558517456 -0.08561225980520248 0.06177647039294243 0.9944114685058594 -0.011241496540606022
1403636585.0635555 0.9959920048713684 0.013916742987930775 0.08835310488939285 0.0002313644508831203 -0.008673055097460747 0.9981932044029236 -0.05945810675621033 -0.04804591089487076 -0.08902090042829514 0.058453500270843506 0.9943130016326904 -0.011042289435863495
1403636585.1135554 0.9959190487861633 0.012170903384685516 0.08942575752735138 -7.953372551128268e-05 -0.007032142020761967 0.998317539691925 -0.0575559064745903 -0.04263443499803543 -0.08997579663991928 0.05669217184185982 0.994329035282135 -0.009994039312005043
1403636585.1635556 0.9954690933227539 0.011015447787940502 0.09444449841976166 -6.27527479082346e-05 -0.006073634140193462 0.9986048340797424 -0.052453696727752686 -0.03953235596418381 -0.0948905423283577 0.05164240300655365 0.9941473007202148 -0.008894294500350952
1403636585.2135556 0.9949318170547485 0.011638825759291649 0.09987536072731018 0.0002508753095753491 -0.007030013483017683 0.9988994598388672 -0.04637410119175911 -0.035964351147413254 -0.10030516982078552 0.04543693736195564 0.9939186573028564 -0.0076055522076785564
1403636585.2635555 0.9941912293434143 0.017728976905345917 0.106157585978508 0.00046098639722913504 -0.013670925982296467 0.9991521835327148 -0.0388331338763237 -0.03280509635806084 -0.1067560538649559 0.037156280130147934 0.9935907125473022 -0.006156171206384897
1403636585.3135555 0.9935780763626099 0.023332245647907257 0.11071709543466568 0.0010443328646942973 -0.019675852730870247 0.9992280602455139 -0.03400320187211037 -0.028127409517765045 -0.1114249974489212 0.03160637617111206 0.9932700991630554 -0.0042932117357850075
1403636585.3635557 0.9930890202522278 0.03268889710307121 0.11271900683641434 0.0020088895689696074 -0.0299269687384367 0.9992111325263977 -0.02610877715051174 -0.028434792533516884 -0.11348354816436768 0.022555002942681313 0.993283748626709 -0.003361713606864214
1403636585.4135554 0.9928882718086243 0.036422599107027054 0.11334086954593658 0.002561722183600068 -0.034412793815135956 0.9992147088050842 -0.01963929273188114 -0.023224813863635063 -0.1139671728014946 0.015599248930811882 0.9933619499206543 -0.0016681631095707417
1403636585.4635556 0.993482768535614 0.039450593292713165 0.10693780332803726 0.0030324843246489763 -0.0385393351316452 0.9992009997367859 -0.010575443506240845 -0.0183359794318676 -0.10726959258317947 0.006385209038853645 0.9942094683647156 -7.269761408679187e-05
1403636585.5135555 0.9939906001091003 0.04088288173079491 0.10154400765895844 0.003355800174176693 -0.041106607764959335 0.9991546869277954 0.00011084415018558502 -0.013501151464879513 -0.10145365446805954 -0.004284307360649109 0.9948310852050781 0.0011588800698518753
1403636585.5635555 0.9950243830680847 0.04211936518549919 0.09029019623994827 0.003364976029843092 -0.04331367835402489 0.9989975094795227 0.011308438144624233 -0.008851488120853901 -0.0897233858704567 -0.015162973664700985 0.9958512783050537 0.0017543211579322815
1403636585.6135554 0.9961751699447632 0.041520774364471436 0.07688245177268982 0.003520355559885502 -0.04346152022480965 0.9987728595733643 0.02374367229640484 -0.004637844394892454 -0.07580225169658661 -0.026994284242391586 0.9967573881149292 0.0019321198342368007
1403636585.6635556 0.9972648620605469 0.036934301257133484 0.0640210285782814 0.003628559410572052 -0.0393943190574646 0.9985160231590271 0.03759828954935074 -0.0011143897427245975 -0.06253737211227417 -0.040017515420913696 0.9972400665283203 0.0017472949111834168
1403636585.7135556 0.9981817603111267 0.031279340386390686 0.05152331665158272 0.0035699058789759874 -0.0340031273663044 0.9980225563049316 0.052865512669086456 0.0009174295119009912 -0.049767836928367615 -0.0545213483273983 0.9972715973854065 0.0011181180598214269
1403636585.7635555 0.998742938041687 0.02495947666466236 0.04346783831715584 0.0036091813817620277 -0.02790866419672966 0.9972525835037231 0.06861793249845505 0.0029459644574671984 -0.04163574054837227 -0.06974480301141739 0.9966956377029419 0.0005293384892866015
1403636585.8135555 0.9992603063583374 0.017301516607403755 0.03434247896075249 0.0034564929082989693 -0.020165154710412025 0.9961878657341003 0.08487050235271454 0.004449085798114538 -0.032743170857429504 -0.08550024032592773 0.9957999587059021 -0.0001989030570257455
1403636585.8635557 0.9995735287666321 0.010531552135944366 0.027232574298977852 0.0032692430540919304 -0.013290098868310452 0.994573175907135 0.10318653285503387 0.005268655251711607 -0.025998074561357498 -0.10350444912910461 0.994289219379425 -0.001081428723409772
1403636585.9135554 0.9997576475143433 0.004404027480632067 0.021565351635217667 0.0031838752329349518 -0.0070026470348238945 0.992511510848999 0.12195047736167908 0.005750243552029133 -0.020866788923740387 -0.12207195907831192 0.9923018217086792 -0.002028982387855649
1403636585.9635556 0.9997602701187134 -0.0007317214040085673 0.021876905113458633 0.0031346974428743124 -0.0024083221796900034 0.9896964430809021 0.14316150546073914 0.005977455992251635 -0.02175624668598175 -0.14317989349365234 0.9894574880599976 -0.0028599691577255726
1403636586.0135555 0.9995828866958618 -0.006045526824891567 0.028237542137503624 0.0027664913795888424 0.0012443677987903357 0.985949695110321 0.16703784465789795 0.005902272183448076 -0.028850624337792397 -0.16693301498889923 0.9855460524559021 -0.002954932162538171
1403636586.0635555 0.999114453792572 -0.008741798810660839 0.04115573316812515 0.0028814959805458784 0.0007098731584846973 0.9815403819084167 0.191253662109375 0.005969346966594458 -0.042067911475896835 -0.1910550892353058 0.9806774258613586 -0.003425297327339649
1403636586.1135554 0.9984623193740845 -0.013862619176506996 0.053671881556510925 0.0026442466769367456 0.002114160917699337 0.9770443439483643 0.2130255550146103 0.005745946429669857 -0.055392906069755554 -0.21258455514907837 0.9755712747573853 -0.004013700410723686
1403636586.1635556 0.997738242149353 -0.01952631026506424 0.0643204003572464 0.0022068358957767487 0.004068681038916111 0.9726672172546387 0.2321678251028061 0.005416964180767536 -0.06709568947553635 -0.23138104379177094 0.9705467820167542 -0.004567719995975494
1403636586.2135556 0.9973661303520203 -0.025276312604546547 0.06798580288887024 0.0017526033334434032 0.007532409857958555 0.9683414101600647 0.24951575696468353 0.005120606627315283 -0.07214028388261795 -0.2483464628458023 0.9659813046455383 -0.005262553691864014
1403636586.2635555 0.9972130656242371 -0.02885272726416588 0.06880117207765579 0.0013726187171414495 0.009401911869645119 0.9634398221969604 0.26775941252708435 0.005029724910855293 -0.07401137053966522 -0.2663663327693939 0.9610261917114258 -0.006184847094118595
1403636586.3135555 0.9970118999481201 -0.03480144962668419 0.06896310299634933 0.001262701814994216 0.013554220087826252 0.9577292799949646 0.2873513698577881 0.004985175095498562 -0.07604824006557465 -0.2855580449104309 0.9553393125534058 -0.006746254861354828
1403636586.3635557 0.9967333674430847 -0.03996061533689499 0.07018258422613144 0.001015365356579423 0.016459330916404724 0.951280951499939 0.3078855872154236 0.004961994476616383 -0.07906665652990341 -0.30572474002838135 0.9488312602043152 -0.007782822474837303
1403636586.4135554 0.9964897036552429 -0.04663754254579544 0.06951986998319626 0.0009356818627566099 0.021362679079174995 0.9446144700050354 0.32748615741729736 0.005101589486002922 -0.08094263821840286 -0.32485151290893555 0.9422948360443115 -0.008842780254781246
1403636586.4635556 0.996527373790741 -0.04725434631109238 0.06855786591768265 0.001122425077483058 0.02068992145359516 0.9380672574043274 0.3458346724510193 0.00533649418503046 -0.08065411448478699 -0.34321528673171997 0.9357874393463135 -0.009854338131844997
1403636586.5135555 0.9966005086898804 -0.0462258942425251 0.06819440424442291 0.0013426363002508879 0.018466508015990257 0.932030200958252 0.3619095981121063 0.005458719562739134 -0.08028887212276459 -0.3594200015068054 0.9297155737876892 -0.01097763329744339
1403636586.5635555 0.9968469738960266 -0.04462872073054314 0.06560680270195007 0.0017363526858389378 0.016878526657819748 0.9271743893623352 0.3742493987083435 0.00541460607200861 -0.07753125578165054 -0.3719620704650879 0.9250044226646423 -0.011934492737054825
1403636586.6135554 0.997011661529541 -0.043986815959215164 0.06350517272949219 0.0021015566308051348 0.016528138890862465 0.9244858622550964 0.38085782527923584 0.005162758752703667 -0.07546236366033554 -0.3786700665950775 0.9224502444267273 -0.011772306635975838
1403636586.6635556 0.9969629049301147 -0.04518165439367294 0.06343149393796921 0.0028933705762028694 0.017596937716007233 0.9241291284561157 0.3816746175289154 0.004782159812748432 -0.07586359977722168 -0.37939921021461487 0.9221176505088806 -0.01217992790043354
1403636586.7135556 0.9971199035644531 -0.04453638941049576 0.06138688325881958 0.0037840907461941242 0.01812688820064068 0.9259090423583984 0.3773112893104553 0.004367056768387556 -0.07364276051521301 -0.375111848115921 0.9240497946739197 -0.012278430163860321
1403636586.7635555 0.9973458647727966 -0.04545723274350166 0.05687549337744713 0.004567703697830439 0.02121805213391781 0.9287121891975403 0.3701937794685364 0.003994756378233433 -0.06964895129203796 -0.3680045008659363 0.9272118210792542 -0.012283158488571644
1403636586.8135555 0.997582733631134 -0.04468659311532974 0.05321420729160309 0.005450680386275053 0.02240266464650631 0.9317337870597839 0.3624503016471863 0.0036352353636175394 -0.06577815115451813 -0.36038199067115784 0.9304826855659485 -0.012052178382873535
1403636586.8635557 0.9977439045906067 -0.04317573085427284 0.05140859633684158 0.005645740311592817 0.02211698330938816 0.9344078302383423 0.35551750659942627 0.0036807223223149776 -0.06338632106781006 -0.3535784184932709 0.9332547783851624 -0.011695691384375095
1403636586.9135554 0.9980854392051697 -0.0381089523434639 0.0487159863114357 0.0060545820742845535 0.01867205835878849 0.9365365505218506 0.3500722646713257 0.0035973626654595137 -0.05896519497036934 -0.3484923839569092 0.9354550242424011 -0.01134094875305891
1403636586.9635556 0.9983798265457153 -0.03501841425895691 0.04484810680150986 0.006264946889132261 0.01736723817884922 0.9381164908409119 0.3458841145038605 0.003539733123034239 -0.05418506637215614 -0.3445448577404022 0.9372048377990723 -0.010889077559113503
1403636587.0135555 0.9987258315086365 -0.028633803129196167 0.0415557362139225 0.006361321080476046 0.012613410130143166 0.9389459490776062 0.34383347630500793 0.0033767290879040956 -0.04886385425925255 -0.34287121891975403 0.9381107091903687 -0.010446182452142239
1403636587.0635555 0.998896598815918 -0.025486968457698822 0.03944793716073036 0.006502948701381683 0.010315366089344025 0.9384920001029968 0.3451468348503113 0.003206271678209305 -0.04581832140684128 -0.34435907006263733 0.9377193450927734 -0.00997172947973013
1403636587.1135554 0.9990672469139099 -0.021334001794457436 0.03754618018865585 0.006785107310861349 0.0068803527392446995 0.9369787573814392 0.34931862354278564 0.003037485294044018 -0.0426323339343071 -0.34873440861701965 0.9362515211105347 -0.009544238448143005
1403636587.1635556 0.9991499781608582 -0.018432432785630226 0.036873042583465576 0.0071783545427024364 0.004191987216472626 0.9352602958679199 0.3539358675479889 0.0029507800936698914 -0.04100979492068291 -0.3534804582595825 0.9345425367355347 -0.009375142864882946
1403636587.2135556 0.999228298664093 -0.01688270829617977 0.03546474874019623 0.007895591668784618 0.003108990378677845 0.9340754151344299 0.35706230998039246 0.002753198379650712 -0.03915492445230484 -0.35667651891708374 0.9334070086479187 -0.008844633586704731
1403636587.2635555 0.9991794228553772 -0.018458237871527672 0.036053366959095 0.008910820819437504 0.00431824428960681 0.9335971474647522 0.358298122882843 0.0026833468582481146 -0.040272876620292664 -0.3578484356403351 0.9329107403755188 -0.008312443271279335
1403636587.3135555 0.999103844165802 -0.020627180114388466 0.03696039319038391 0.010321995243430138 0.005962437018752098 0.9330968260765076 0.35957568883895874 0.0025470873806625605 -0.04190465807914734 -0.35903307795524597 0.9323835968971252 -0.007690895348787308
1403636587.3635557 0.9989903569221497 -0.02324664406478405 0.03844652324914932 0.011944863013923168 0.007809707894921303 0.9325555562973022 0.360942006111145 0.002393391216173768 -0.04424422234296799 -0.3602772653102875 0.9317954182624817 -0.0071278586983680725
1403636587.4135554 0.9988551139831543 -0.026268666610121727 0.03998473659157753 0.014002596959471703 0.009965067729353905 0.9316788911819458 0.36314618587493896 0.002096644602715969 -0.04679231345653534 -0.36233189702033997 0.9308738112449646 -0.0065240561962127686
1403636587.4635556 0.9986754655838013 -0.030417442321777344 0.04150203987956047 0.016251394525170326 0.013192132115364075 0.930964469909668 0.3648712635040283 0.0019088616827502847 -0.04973538592457771 -0.36384037137031555 0.9301325678825378 -0.006000806577503681
