0.1037359 0.9999924898147583 -0.002163694240152836 -0.003211182076483965 -0.0016747958725318313 0.0021573330741375685 0.999995768070221 -0.0019830039236694574 -0.0006296507199294865 0.0032154577784240246 0.00197606161236763 0.999992847442627 0.04581265151500702
0.2073381 0.9999733567237854 -0.0008966297027654946 -0.007247048430144787 -0.0025842534378170967 0.0008689490496180952 0.9999923706054688 -0.0038219497073441744 -0.0006496995338238776 0.007250422146171331 0.003815549425780773 0.9999664425849915 0.08946928381919861
0.3110752 0.9999373555183411 -0.0008817155030556023 -0.01115467306226492 -0.003466408234089613 0.0008247034857049584 0.9999865889549255 -0.005114671308547258 -0.0009193813311867416 0.01115903165191412 0.005105150863528252 0.9999247193336487 0.13325180113315582
0.4146917 0.9998704195022583 0.0005199317238293588 -0.016089802607893944 -0.004509103484451771 -0.0006131494301371276 0.9999830722808838 -0.005789242219179869 -0.0012828026665374637 0.0160865169018507 0.005798358004540205 0.9998537302017212 0.17735040187835693
0.5184302 0.9997920989990234 -0.0008427780121564865 -0.020368706434965134 -0.005672503262758255 0.0007199498941190541 0.9999815225601196 -0.006036841310560703 -0.0017549191834405065 0.020373422652482986 0.006020921748131514 0.9997743368148804 0.22182658314704895
0.6220448 0.9996968507766724 0.0013006603112444282 -0.024583108723163605 -0.007355876266956329 -0.0014743127394467592 0.9999741315841675 -0.007047111634165049 -0.0024658828042447567 0.02457330748438835 0.007081217598170042 0.9996729493141174 0.2671465277671814
0.7257977 0.9995569586753845 0.003986200783401728 -0.029495220631361008 -0.009275762364268303 -0.004217385780066252 0.9999608397483826 -0.0077800024300813675 -0.0029048756696283817 0.02946305088698864 0.007900948636233807 0.9995346069335938 0.31374987959861755
0.8294199 0.9994293451309204 0.004489240236580372 -0.033476270735263824 -0.01150364801287651 -0.00471312552690506 0.9999669790267944 -0.006611982826143503 -0.0030357742216438055 0.03344549611210823 0.006765988655388355 0.9994176030158997 0.3615538775920868
0.9331467 0.9992536306381226 0.0032851032447069883 -0.03848776966333389 -0.013025134801864624 -0.003392634214833379 0.9999905824661255 -0.002728956751525402 -0.004678630735725164 0.03847844898700714 0.0028574953321367502 0.9992552995681763 0.41030240058898926
1.03691 0.9991487860679626 0.0031399610452353954 -0.04113171622157097 -0.01582091674208641 -0.003185693174600601 0.9999943971633911 -0.0010463532526046038 -0.004054604098200798 0.04112820699810982 0.0011764958035200834 0.999153196811676 0.45815175771713257
1.140497 0.9990237355232239 0.004492798820137978 -0.04394688829779625 -0.01829788088798523 -0.004589260555803776 0.9999873042106628 -0.0020943100098520517 -0.004135787952691317 0.043936919420957565 0.002293949481099844 0.9990317225456238 0.5078607201576233
1.244242 0.9989328384399414 0.0039034008514136076 -0.04602097347378731 -0.020895393565297127 -0.003998348955065012 0.9999901056289673 -0.0019712885841727257 -0.004867182113230228 0.04601282998919487 0.002153193112462759 0.9989385604858398 0.556843101978302
1.347979 0.9988828301429749 0.001084245857782662 -0.04724278301000595 -0.023673908784985542 -0.0012071910314261913 0.9999960064888 -0.002573978155851364 -0.005349806509912014 0.04723980650305748 0.0026281343307346106 0.9988802075386047 0.6067227125167847
1.451596 0.9987725019454956 0.0010558012872934341 -0.04952087253332138 -0.026253195479512215 -0.0011629750952124596 0.9999970197677612 -0.002135456772521138 -0.005380985327064991 0.049518462270498276 0.002190427156165242 0.9987707734107971 0.6574683785438538
1.555212 0.9987337589263916 -0.00023180420976132154 -0.05030705779790878 -0.029613660648465157 9.723676339490339e-05 0.9999964833259583 -0.0026773600839078426 -0.005779460072517395 0.050307497382164 0.0026690782979130745 0.9987302422523499 0.7090070843696594
1.65896 0.9986276626586914 0.0015634802402928472 -0.052347391843795776 -0.032606638967990875 -0.0017959913238883018 0.999988853931427 -0.00439495500177145 -0.0068668476305902 0.052339933812618256 0.0044829389080405235 0.9986191987991333 0.7602745294570923
1.762569 0.9985781311988831 0.0019763146992772818 -0.05326952412724495 -0.03612226992845535 -0.0023661477025598288 0.9999709129333496 -0.007256057113409042 -0.007211377844214439 0.05325363576412201 0.007371783722192049 0.9985538125038147 0.8125521540641785
1.866302 0.9984486699104309 0.0059402682818472385 -0.055361468344926834 -0.039476584643125534 -0.006432042457163334 0.9999415278434753 -0.008709053508937359 -0.008265591226518154 0.05530647560954094 0.00905163399875164 0.9984284043312073 0.8650839924812317
1.969923 0.9983922243118286 0.006745382212102413 -0.05627957358956337 -0.04284093528985977 -0.007196566089987755 0.9999436140060425 -0.007818026468157768 -0.009409775957465172 0.05622366443276405 0.00821047741919756 0.998384416103363 0.9187929034233093
2.073666 0.9983295798301697 0.005971216596662998 -0.057465750724077225 -0.04653483256697655 -0.006354914512485266 0.9999586939811707 -0.00649656169116497 -0.010118121281266212 0.05742458626627922 0.00685090059414506 0.9983263611793518 0.9717435836791992
2.177281 0.9982541799545288 0.006900053936988115 -0.05866026133298874 -0.050057560205459595 -0.007262060884386301 0.9999558925628662 -0.005960312206298113 -0.010203259065747261 0.05861654877662659 0.006375900935381651 0.9982602596282959 1.026029348373413
2.281017 0.998205304145813 0.005815709009766579 -0.05960064381361008 -0.05349288135766983 -0.006150819361209869 0.9999663233757019 -0.0054406882263720036 -0.011237923055887222 0.05956699326634407 0.005797516088932753 0.9982074499130249 1.0792014598846436
2.384639 0.9980810284614563 0.005594654940068722 -0.061667099595069885 -0.056709788739681244 -0.00601275684311986 0.9999602437019348 -0.0065965112298727036 -0.011866774410009384 0.06162775307893753 0.006954642478376627 0.998075008392334 1.1339285373687744
2.48825 0.9980313777923584 0.004339092411100864 -0.06256478279829025 -0.05981147289276123 -0.004776209592819214 0.9999653100967407 -0.006838780362159014 -0.01304985024034977 0.06253290921449661 0.0071241422556340694 0.9980174899101257 1.1863815784454346
2.591988 0.9980117082595825 0.003846659790724516 -0.06291040778160095 -0.06361883878707886 -0.0041770958341658115 0.9999781847000122 -0.00512181781232357 -0.013464529067277908 0.06288932263851166 0.005374417174607515 0.9980061054229736 1.2425918579101562
2.695832 0.9979976415634155 0.00564005970954895 -0.06300083547830582 -0.06729739159345627 -0.00575259979814291 0.9999822378158569 -0.0016050777630880475 -0.014632627367973328 0.06299065053462982 0.001964282477274537 0.9980121850967407 1.296414852142334
2.799367 0.9980220794677734 0.007043201941996813 -0.06246927008032799 -0.0707564502954483 -0.006917795166373253 0.9999736547470093 0.002223547548055649 -0.01561496127396822 0.062483273446559906 -0.0017869994044303894 0.998044490814209 1.3523685932159424
2.903084 0.9981403946876526 0.005444584414362907 -0.060712721198797226 -0.07408461719751358 -0.005143056157976389 0.9999736547470093 0.005121637135744095 -0.01596337929368019 0.060739003121852875 -0.004799865186214447 0.9981421828269958 1.4077988862991333
3.006768 0.9982628226280212 0.0054592350497841835 -0.058664657175540924 -0.07836363464593887 -0.00515400106087327 0.9999724626541138 0.005353065673261881 -0.015830468386411667 0.05869226157665253 -0.005041409749537706 0.998263418674469 1.464426040649414
3.110441 0.9983454942703247 0.006282573100179434 -0.057156991213560104 -0.08169925957918167 -0.00613793171942234 0.9999775290489197 0.002705794293433428 -0.016435418277978897 0.05717270448803902 -0.0023504914715886116 0.9983615279197693 1.5193562507629395
3.214057 0.9983760118484497 0.006800413131713867 -0.05656014755368233 -0.08487147092819214 -0.0069235023111104965 0.9999740719795227 -0.001980593428015709 -0.016931556165218353 0.05654521659016609 0.0023689712397754192 0.998397171497345 1.5768930912017822
3.317669 0.9984491467475891 0.006412374321371317 -0.05530070886015892 -0.08816524595022202 -0.006702026817947626 0.9999647736549377 -0.005053902510553598 -0.017412513494491577 0.055266350507736206 0.005416691768914461 0.9984568953514099 1.6323033571243286
3.421285 0.9985038638114929 0.004333282820880413 -0.054508913308382034 -0.09156207740306854 -0.004571113735437393 0.9999805688858032 -0.00423924345523119 -0.017993755638599396 0.054489489644765854 0.0044820671901106834 0.9985042810440063 1.6897364854812622
3.524925 0.9984951019287109 0.002503710798919201 -0.0547848716378212 -0.09403867274522781 -0.0024650536943227053 0.9999966621398926 0.0007731846417300403 -0.018739333376288414 0.054786618798971176 -0.0006369733600877225 0.9984978437423706 1.7465217113494873
3.628545 0.9984460473060608 -0.0011748274555429816 -0.055715806782245636 -0.09691392630338669 0.001414062804542482 0.9999899864196777 0.004254624247550964 -0.01933024823665619 0.05571025237441063 -0.0043267980217933655 0.9984375238418579 1.8052034378051758
3.732256 0.9983533024787903 -0.00836528092622757 -0.05675123631954193 -0.09956589341163635 0.00857482012361288 0.9999573230743408 0.003449728013947606 -0.019746854901313782 0.05671995133161545 -0.003930679056793451 0.9983823299407959 1.8609095811843872
3.835871 0.9982364177703857 -0.009961842559278011 -0.05852165073156357 -0.10249030590057373 0.009944334626197815 0.9999504685401917 -0.000590398907661438 -0.020264189690351486 0.05852462351322174 7.398426532745361e-06 0.9982859492301941 1.9189393520355225
3.939488 0.9981707334518433 -0.010283444076776505 -0.05957641080021858 -0.10637405514717102 0.010043011046946049 0.9999401569366455 -0.004333755932748318 -0.020746096968650818 0.05961741507053375 0.0037275010254234076 0.9982143044471741 1.9753124713897705
4.043107 0.9980607628822327 -0.008933745324611664 -0.06160226836800575 -0.11046148091554642 0.008639579638838768 0.9999499917030334 -0.005040007643401623 -0.021310504525899887 0.061644211411476135 0.004498017020523548 0.998088002204895 2.034994125366211
4.146888 0.9980164766311646 -0.009320821613073349 -0.06225912645459175 -0.11452163010835648 0.009102740325033665 0.9999513626098633 -0.0037855603732168674 -0.021950917318463326 0.062291406095027924 0.0032113248016685247 0.9980528354644775 2.0927734375
4.25046 0.9979636669158936 -0.0062940688803792 -0.06347234547138214 -0.11837276816368103 0.006262646522372961 0.9999802112579346 -0.0006940045859664679 -0.02294064313173294 0.06347545236349106 0.00029508653096854687 0.9979833960533142 2.152214288711548
4.354202 0.9978817105293274 -0.006126668304204941 -0.06476405262947083 -0.1224474161863327 0.0061864289455115795 0.999980628490448 0.0007222604472190142 -0.023819034919142723 0.06475836783647537 -0.0011213880497962236 0.9979003071784973 2.210153102874756
4.45794 0.9978232383728027 -0.0045807077549397945 -0.0657845139503479 -0.12692959606647491 0.004782699979841709 0.9999842643737793 0.002913350472226739 -0.024057893082499504 0.06577014178037643 -0.00322163593955338 0.9978296160697937 2.2709219455718994
4.561559 0.9978196024894714 -0.004938880912959576 -0.06581609696149826 -0.1304364949464798 0.005353497341275215 0.9999669194221497 0.006124736741185188 -0.024647332727909088 0.06578367948532104 -0.006463727448135614 0.9978129267692566 2.328167200088501
4.665293 0.9978155493736267 0.001450517913326621 -0.06604722887277603 -0.13528986275196075 -0.0009154640138149261 0.999966561794281 0.008130621165037155 -0.024909045547246933 0.06605680286884308 -0.008052394725382328 0.997783362865448 2.3880226612091064
4.768912 0.9977877736091614 0.0009934507543221116 -0.06647112965583801 -0.13926975429058075 -0.00047825739602558315 0.9999697208404541 0.007766085211187601 -0.02538437768816948 0.06647684425115585 -0.007717115338891745 0.9977580904960632 2.445178747177124
4.872532 0.9977696537971497 0.0012347482843324542 -0.0667390450835228 -0.14267389476299286 -0.0008249603561125696 0.999980628490448 0.006167352199554443 -0.02568247728049755 0.06674537062644958 -0.006098540034145117 0.9977514147758484 2.504511594772339
4.976146 0.9978070855140686 0.0032766296062618494 -0.06610797345638275 -0.14797581732273102 -0.0030454955995082855 0.9999889135360718 0.0035967761650681496 -0.02575838752090931 0.06611903011798859 -0.003387556876987219 0.9978060126304626 2.5613248348236084
5.079909 0.9977125525474548 0.003187434049323201 -0.06752391159534454 -0.1518464982509613 -0.002937480341643095 0.9999884963035583 0.003800672013312578 -0.02650897577404976 0.06753525137901306 -0.0035936275962740183 0.9977104663848877 2.62093448638916
5.183503 0.997642457485199 0.0006131182890385389 -0.06862377375364304 -0.15539082884788513 -0.00026796277961693704 0.9999872446060181 0.00503876805305481 -0.026977835223078728 0.06862599402666092 -0.0050085000693798065 0.9976298809051514 2.67639422416687
5.287117 0.9975565671920776 0.0010839984752237797 -0.06985541433095932 -0.15931066870689392 -0.000670078385155648 0.9999821186065674 0.0059485421516001225 -0.027438081800937653 0.06986062228679657 -0.005887198261916637 0.9975393414497375 2.7357051372528076
5.390861 0.9975423812866211 0.004177803173661232 -0.06994249671697617 -0.16466158628463745 -0.004057613201439381 0.9999900460243225 0.001860389020293951 -0.027843153104186058 0.06994956731796265 -0.0015720163937658072 0.997549295425415 2.7950544357299805
5.494473 0.9974910616874695 0.0041658915579319 -0.07067016512155533 -0.1678103804588318 -0.00430199783295393 0.9999890923500061 -0.0017738580936565995 -0.028625089675188065 0.07066202163696289 0.0020734306890517473 0.997498095035553 2.846527338027954
5.598233 0.9974276423454285 0.00490792328491807 -0.07151331752538681 -0.17169910669326782 -0.005153190344572067 0.9999814033508301 -0.003245590254664421 -0.028996028006076813 0.07149607688188553 0.0036057631950825453 0.9974343180656433 2.9053070545196533
5.701829 0.9974606037139893 0.0038791880942881107 -0.07111412286758423 -0.17628875374794006 -0.0038563990965485573 0.9999924898147583 0.00045773666352033615 -0.030039791017770767 0.07111537456512451 -0.00018232919683214277 0.9974680542945862 2.959442377090454
5.805571 0.9974650144577026 0.002421017736196518 -0.07111568003892899 -0.18049366772174835 -0.002189677208662033 0.9999920725822449 0.003330785082653165 -0.030479861423373222 0.07112319022417068 -0.003166621085256338 0.9974625110626221 3.0168142318725586
5.909185 0.9974249005317688 9.613065776648e-05 -0.07171767950057983 -0.18399497866630554 0.00022607627033721656 0.999989926815033 0.0044845761731266975 -0.03157509118318558 0.07171739637851715 -0.004489241633564234 0.9974148869514465 3.071227550506592
6.012921 0.9973917007446289 -0.0042462581768631935 -0.07205317914485931 -0.18749046325683594 0.004544234834611416 0.9999818205833435 0.003972071222960949 -0.032737188041210175 0.07203501462936401 -0.004289137665182352 0.9973928928375244 3.1282474994659424
6.116541 0.997398853302002 -0.005151675082743168 -0.07189524918794632 -0.19239181280136108 0.005306273698806763 0.9999839663505554 0.0019594705663621426 -0.03307287395000458 0.07188401371240616 -0.0023358690086752176 0.997410237789154 3.182131052017212
6.220278 0.997322678565979 -0.0062913415022194386 -0.0728541687130928 -0.1964189112186432 0.0065546827390789986 0.9999728202819824 0.0033760862424969673 -0.03383743017911911 0.07283094525337219 -0.003844582475721836 0.9973369240760803 3.2385261058807373
6.323895 0.9971671104431152 -0.010147909633815289 -0.07452954351902008 -0.19972926378250122 0.010728767141699791 0.9999151229858398 0.007397446781396866 -0.03406186401844025 0.0744481310248375 -0.008176101371645927 0.997191309928894 3.2926368713378906
6.427659 0.9971334934234619 -0.01073420699685812 -0.07489613443613052 -0.20434874296188354 0.011718621477484703 0.9998505115509033 0.012716676108539104 -0.034657660871744156 0.07474841922521591 -0.01355790439993143 0.9971102476119995 3.3495304584503174
6.531383 0.9971250295639038 -0.009100827388465405 -0.07522524148225784 -0.2086140215396881 0.010237453505396843 0.9998388886451721 0.014737812802195549 -0.03469567000865936 0.07507899403572083 -0.015465554781258106 0.9970576763153076 3.402631998062134
6.634992 0.9970216751098633 -0.008385607972741127 -0.07666496932506561 -0.2128967046737671 0.009236638434231281 0.9998994469642639 0.010752778500318527 -0.03479272127151489 0.07656710594892502 -0.011428877711296082 0.9969989061355591 3.4580535888671875
6.738741 0.9969398975372314 -0.0061631579883396626 -0.0779271349310875 -0.21740472316741943 0.006407008972018957 0.999975323677063 0.0028795681428164244 -0.03523371368646622 0.07790745049715042 -0.003370035206899047 0.9969548583030701 3.510436773300171
6.84235 0.9968545436859131 -0.005247448571026325 -0.0790773257613182 -0.2216278612613678 0.005119964014738798 0.9999852776527405 -0.0018148329108953476 -0.03555787727236748 0.07908567041158676 0.001404252601787448 0.9968668222427368 3.5642571449279785
6.945963 0.9968125224113464 -7.009095133980736e-05 -0.0797797217965126 -0.2267569601535797 -1.0621246474329382e-05 0.9999995231628418 -0.0010112673044204712 -0.036442987620830536 0.07977975159883499 0.001008891500532627 0.9968119859695435 3.615586042404175
7.049705 0.9967610836029053 0.0032489821314811707 -0.0803535208106041 -0.23177792131900787 -0.0031891493126749992 0.9999945163726807 0.0008729379624128342 -0.03709299489855766 0.0803559422492981 -0.0006138510070741177 0.9967659711837769 3.668818235397339
7.153323 0.9966221451759338 0.004892434924840927 -0.08197788149118423 -0.23566211760044098 -0.004677915945649147 0.9999851584434509 0.002808672608807683 -0.03804422542452812 0.08199040591716766 -0.0024156994186341763 0.9966301321983337 3.7186381816864014
7.256934 0.9965607523918152 0.0060766879469156265 -0.08264230936765671 -0.2406940758228302 -0.00590411014854908 0.9999799728393555 0.0023324890062212944 -0.03875533863902092 0.08265482634305954 -0.0018365372670814395 0.9965764880180359 3.769442319869995
7.360549 0.9964092969894409 0.007992731407284737 -0.08428917080163956 -0.24504320323467255 -0.007747584953904152 0.9999648332595825 0.003235109616070986 -0.03903530165553093 0.0843120664358139 -0.00257045472972095 0.9964360594749451 3.818593978881836
7.464167 0.9962976574897766 0.008766788989305496 -0.08552226424217224 -0.2493448257446289 -0.00842893123626709 0.9999552965164185 0.004310821183025837 -0.04006755352020264 0.08555623143911362 -0.003573998808860779 0.9963268637657166 3.8677549362182617
7.567786 0.9961519241333008 0.008474587462842464 -0.08723317086696625 -0.2536529004573822 -0.008106861263513565 0.9999568462371826 0.004568859003484249 -0.040582455694675446 0.08726809173822403 -0.003844090038910508 0.9961773753166199 3.9172558784484863
7.671396 0.9960328936576843 0.007760809734463692 -0.0886460393667221 -0.2578055262565613 -0.007302386220544577 0.9999582171440125 0.005494533106684685 -0.04098505526781082 0.08868498355150223 -0.004825407173484564 0.9960479736328125 3.9624030590057373
7.775144 0.9958765506744385 0.010613572783768177 -0.09009581059217453 -0.26210248470306396 -0.009923291392624378 0.9999178647994995 0.008106150664389133 -0.041380565613508224 0.09017445147037506 -0.007178677711635828 0.9959000945091248 4.009961128234863
7.878754 0.9957813620567322 0.011958150193095207 -0.09097433090209961 -0.26682189106941223 -0.010890393517911434 0.9998660087585449 0.012224264442920685 -0.04160381481051445 0.09110832214355469 -0.011181949637830257 0.9957782030105591 4.05426025390625
7.982493 0.9955837726593018 0.015393558889627457 -0.09260551631450653 -0.2717735767364502 -0.014184858649969101 0.9998056292533875 0.013696258887648582 -0.041769374161958694 0.09279833734035492 -0.012322179041802883 0.9956086874008179 4.100162982940674
8.086111 0.995438277721405 0.018104100599884987 -0.09367436915636063 -0.2762871980667114 -0.017250489443540573 0.9998020529747009 0.009914360009133816 -0.04246972128748894 0.09383530914783478 -0.008253205567598343 0.9955536723136902 4.142129898071289
8.189849 0.9953152537345886 0.017990898340940475 -0.09499342739582062 -0.28081193566322327 -0.01782575063407421 0.9998378753662109 0.0025868993252515793 -0.04288710653781891 0.09502454102039337 -0.000881450716406107 0.9954745769500732 4.185123920440674
8.29347 0.9951435327529907 0.01730911247432232 -0.09690078347921371 -0.2843572497367859 -0.017712661996483803 0.9998376369476318 -0.003305821679532528 -0.043268535286188126 0.09682783484458923 0.005006135441362858 0.9952884912490845 4.229948997497559
8.397102 0.9951220750808716 0.018045855686068535 -0.09698495268821716 -0.2888426184654236 -0.0185515396296978 0.9998186230659485 -0.004314788617193699 -0.04414321109652519 0.09688948839902878 0.006092962808907032 0.9952765107154846 4.2659502029418945
8.500847 0.9950135946273804 0.021000562235713005 -0.09750229120254517 -0.2933753430843353 -0.021174311637878418 0.9997755289077759 -0.0007474527228623629 -0.044905729591846466 0.09746472537517548 0.0028082693461328745 0.9952350854873657 4.305527210235596
8.604438 0.9948893189430237 0.021161306649446487 -0.09872756898403168 -0.29765254259109497 -0.021145183593034744 0.9997757077217102 0.0012098057195544243 -0.045532792806625366 0.09873101860284805 0.000883989967405796 0.995113730430603 4.344435214996338
8.708175 0.9948696494102478 0.017669785767793655 -0.09960909932851791 -0.30137932300567627 -0.017939474433660507 0.9998374581336975 -0.0018123415065929294 -0.04636221379041672 0.09956088662147522 0.003589978441596031 0.9950249791145325 4.3798089027404785
8.811795 0.9949573278427124 0.009790556505322456 -0.09981983155012131 -0.30412811040878296 -0.010557000525295734 0.9999187588691711 -0.007152934558689594 -0.04687250033020973 0.09974168986082077 0.008170661516487598 0.9949798583984375 4.415853023529053
8.915403 0.9951187968254089 0.005689301528036594 -0.09851942211389542 -0.30757999420166016 -0.006867169868201017 0.9999088644981384 -0.01162071991711855 -0.04797109588980675 0.09844435006380081 0.012240545824170113 0.9950672388076782 4.451067924499512
9.019162 0.9953681230545044 0.008099570870399475 -0.09579412639141083 -0.3105855882167816 -0.009300408884882927 0.9998835921287537 -0.012095772661268711 -0.048511505126953125 0.09568500518798828 0.012930672615766525 0.9953276515007019 4.483837604522705
9.12289 0.9956926703453064 0.012903631664812565 -0.09181278198957443 -0.3139776587486267 -0.013832604512572289 0.9998592138290405 -0.009488934651017189 -0.04903950169682503 0.09167743474245071 0.010718072764575481 0.9957310557365417 4.517142295837402
9.226512 0.9961870312690735 0.011624679900705814 -0.08646520227193832 -0.3175293505191803 -0.012231421656906605 0.9999041557312012 -0.0064906771294772625 -0.049771297723054886 0.0863814577460289 0.007523520849645138 0.9962337613105774 4.5504608154296875
9.330247 0.9966712594032288 0.007905678823590279 -0.08114109188318253 -0.31901034712791443 -0.008101185783743858 0.9999650120735168 -0.0020805189851671457 -0.050530292093753815 0.08112181723117828 0.002730931621044874 0.9967004656791687 4.580685138702393
9.433986 0.9973297119140625 0.0033243675716221333 -0.07295466959476471 -0.32062315940856934 -0.0031953644938766956 0.9999931454658508 0.0018849011976271868 -0.05182802677154541 0.07296045124530792 -0.0016467513050884008 0.9973334670066833 4.612068176269531
9.537749 0.9980666041374207 0.0067787026055157185 -0.06178312003612518 -0.32282063364982605 -0.006672275718301535 0.9999758005142212 0.0019287404138594866 -0.05265487730503082 0.0617946982383728 -0.0015127777587622404 0.9980877637863159 4.642879486083984
9.641587 0.9988301396369934 0.01218731515109539 -0.04679431393742561 -0.32422375679016113 -0.012164965271949768 0.9999257326126099 0.0007623333367519081 -0.052462074905633926 0.04680013656616211 -0.00019218956003896892 0.9989042282104492 4.670928001403809
9.745342 0.9994513988494873 0.017386309802532196 -0.028190597891807556 -0.3253225088119507 -0.01736186072230339 0.9998486638069153 0.00111179961822927 -0.05261079594492912 0.028205666691064835 -0.0006217475747689605 0.9996019005775452 4.700198650360107
9.849229 0.9998542666435242 0.01589614525437355 -0.006220582872629166 -0.3243076801300049 -0.015888316556811333 0.9998729228973389 0.0013059410266578197 -0.05276893079280853 0.006240557879209518 -0.0012069152435287833 0.9999797344207764 4.72884464263916
9.953059 0.9997351169586182 0.012248029001057148 0.01948491483926773 -0.32207047939300537 -0.01229332946240902 0.9999220371246338 0.0022068137768656015 -0.053313758224248886 -0.01945636421442032 -0.002445763675495982 0.9998077154159546 4.754263401031494
10.05693 0.9987313151359558 0.01108350045979023 0.049120958894491196 -0.31949353218078613 -0.011272123083472252 0.9999301433563232 0.0035646287724375725 -0.05363713949918747 -0.049078021198511124 -0.004113803617656231 0.998786449432373 4.7813615798950195
10.16083 0.9965285658836365 0.010781504213809967 0.08254985511302948 -0.31633439660072327 -0.011182975955307484 0.999927818775177 0.004402564838528633 -0.05356363579630852 -0.08249642699956894 -0.005310434848070145 0.9965772032737732 4.808176040649414
10.26466 0.9927424788475037 0.010645681992173195 0.11978734284639359 -0.3118310570716858 -0.01137628871947527 0.9999205470085144 0.005416987929493189 -0.05448700860142708 -0.11972012370824814 -0.006740407552570105 0.992784857749939 4.8323845863342285
10.36867 0.9869340658187866 0.010838579386472702 0.16075973212718964 -0.30623048543930054 -0.01186466682702303 0.9999148845672607 0.005424143746495247 -0.05494087189435959 -0.16068723797798157 -0.007260630838572979 0.9869787096977234 4.856757640838623
10.47264 0.9785757660865784 0.010983109474182129 0.2055935561656952 -0.2995814085006714 -0.012230128049850464 0.9999136924743652 0.004795601591467857 -0.05485361069440842 -0.20552313327789307 -0.007207294460386038 0.9786256551742554 4.880570888519287
10.57663 0.9668281078338623 0.012426826171576977 0.2551252841949463 -0.29232895374298096 -0.013654534704983234 0.9999021291732788 0.0030415512155741453 -0.05575363337993622 -0.2550625503063202 -0.006424275226891041 0.9669031500816345 4.903533935546875
10.68062 0.9513145685195923 0.013307971879839897 0.30793434381484985 -0.2828277349472046 -0.014237265102565289 0.999898374080658 0.0007712575607001781 -0.056765854358673096 -0.3078927993774414 -0.0051178522408008575 0.9514071941375732 4.926329612731934
10.78461 0.9313663840293884 0.013526979833841324 0.3638319969177246 -0.27238619327545166 -0.01406838744878769 0.9999002814292908 -0.0011621031444519758 -0.057346779853105545 -0.3638114035129547 -0.004036184400320053 0.9314638376235962 4.94828462600708
10.88875 0.9070790410041809 0.014756432734429836 0.4207014739513397 -0.2607309818267822 -0.014379932545125484 0.9998882412910461 -0.004067129455506802 -0.05706866830587387 -0.42071443796157837 -0.002360451500862837 0.9071900248527527 4.968260288238525
10.99272 0.8780537843704224 0.01531610544770956 0.47831711173057556 -0.24869942665100098 -0.014113483019173145 0.9998816847801208 -0.0061087156645953655 -0.05736960843205452 -0.4783541262149811 -0.001386938733048737 0.8781659603118896 4.986197471618652
11.09659 0.8443368077278137 0.013534748926758766 0.5356419086456299 -0.23497247695922852 -0.011313039809465408 0.9999083280563354 -0.007433128543198109 -0.05840900540351868 -0.5356934070587158 0.00021632661810144782 0.8444125652313232 5.004065990447998
11.20057 0.8077877759933472 0.013341621495783329 0.5893223881721497 -0.21898198127746582 -0.0095508499071002 0.9999088048934937 -0.009545442648231983 -0.058545276522636414 -0.589396059513092 0.0020821590442210436 0.8078414797782898 5.021237373352051
11.30431 0.7681152820587158 0.011865677312016487 0.6402016282081604 -0.20212006568908691 -0.008234511129558086 0.9999286532402039 -0.008653176948428154 -0.05912458151578903 -0.6402586102485657 0.0013748881174251437 0.7681580781936646 5.037103652954102
11.40818 0.7243162393569946 0.012225307524204254 0.6893593072891235 -0.1850273609161377 -0.009732929989695549 0.9999244213104248 -0.00750648183748126 -0.05928827449679375 -0.6893990635871887 -0.0012724203988909721 0.7243804931640625 5.053356170654297
11.51192 0.680824875831604 0.010663704015314579 0.732368528842926 -0.16692256927490234 -0.008515520952641964 0.9999417066574097 -0.006643516477197409 -0.05989057198166847 -0.7323966026306152 -0.0017134267836809158 0.6808760166168213 5.064755439758301
11.61553 0.6345997452735901 0.00935179553925991 0.7727843523025513 -0.14747047424316406 -0.0044593228958547115 0.9999544620513916 -0.008438944816589355 -0.060125403106212616 -0.7728279829025269 0.0019092580769211054 0.6346126198768616 5.077005386352539
11.71927 0.5877764225006104 0.007561703212559223 0.8089879751205444 -0.12733745574951172 0.0006992919952608645 0.999951183795929 -0.009854734875261784 -0.060493290424346924 -0.8090230226516724 0.006358100567013025 0.5877424478530884 5.088188648223877
11.82277 0.541218638420105 0.008671152405440807 0.8408371806144714 -0.10892438888549805 -0.0007698927074670792 0.9999514222145081 -0.009816469624638557 -0.061689093708992004 -0.8408815860748291 0.004665501415729523 0.5411990880966187 5.097317695617676
11.92638 0.4940556585788727 0.012467509135603905 0.8693408966064453 -0.08827424049377441 -0.005648116115480661 0.9999220371246338 -0.011130332946777344 -0.06216129660606384 -0.8694120049476624 0.0005888649611733854 0.4940875768661499 5.107058525085449
12.03 0.4478878974914551 0.01350844744592905 0.8939876556396484 -0.0682516098022461 -0.00546632893383503 0.9999085068702698 -0.01237031351774931 -0.06311937421560287 -0.8940730094909668 0.0006536833825521171 0.44792070984840393 5.1155266761779785
12.13361 0.40574911236763 0.011696405708789825 0.9139096140861511 -0.046594977378845215 0.0013239170657470822 0.999909520149231 -0.013384830206632614 -0.06329035013914108 -0.9139835834503174 0.006640824489295483 0.4056968092918396 5.12242317199707
12.2371 0.3663598895072937 0.003777109319344163 0.930465579032898 -0.025005102157592773 0.016966892406344414 0.9997982978820801 -0.010739071294665337 -0.06371822953224182 -0.9303184747695923 0.01972147263586521 0.36622193455696106 5.127513408660889
12.3406 0.3316895663738251 -4.917522892355919e-05 0.9433886408805847 -0.0021048784255981445 0.02150946669280529 0.9997403621673584 -0.007510481867939234 -0.0640508234500885 -0.9431433081626892 0.022782934829592705 0.331604540348053 5.132858753204346
12.44411 0.29791417717933655 0.0043449667282402515 0.954582691192627 0.019588947296142578 0.018509922549128532 0.9997753500938416 -0.010327400639653206 -0.06443040072917938 -0.9544130563735962 0.020745929330587387 0.29776689410209656 5.139028549194336
12.54767 0.2670261561870575 0.012248458340764046 0.9636114239692688 0.04208219051361084 0.0076784794218838215 0.999860405921936 -0.014837001450359821 -0.06517831981182098 -0.9636585712432861 0.011360938660800457 0.2668948173522949 5.145214080810547
12.65107 0.2386326789855957 0.016469720751047134 0.9709702134132385 0.06558477878570557 0.0029280856251716614 0.9998394250869751 -0.017679031938314438 -0.06622257828712463 -0.9711054563522339 0.0070618800818920135 0.23854616284370422 5.15047550201416
12.75469 0.21329069137573242 0.01795569434762001 0.9768238067626953 0.08946669101715088 0.004247826058417559 0.9998047351837158 -0.0193056371062994 -0.0673196092247963 -0.9769794940948486 0.00826708972454071 0.2131727933883667 5.15433406829834
12.85806 0.1899782419204712 0.018943212926387787 0.9816054701805115 0.11451500654220581 0.011432317085564137 0.9997034072875977 -0.021505065262317657 -0.06818495690822601 -0.9817216396331787 0.015307518653571606 0.18970534205436707 5.1574811935424805
12.96167 0.16973668336868286 0.025547122582793236 0.9851582646369934 0.1392468810081482 0.01854492910206318 0.9994041919708252 -0.029111726209521294 -0.06815341860055923 -0.9853149652481079 0.02321101725101471 0.16916179656982422 5.16014289855957
13.0652 0.15002822875976562 0.03245512768626213 0.9881488680839539 0.16523700952529907 0.02077559195458889 0.9991368651390076 -0.035970330238342285 -0.06808236986398697 -0.9884634017944336 0.02592594176530838 0.1492244303226471 5.163181781768799
13.16877 0.1326371282339096 0.03298189491033554 0.9906157851219177 0.1927701234817505 0.018550781533122063 0.9991885423660278 -0.035751160234212875 -0.06912139058113098 -0.9909910559654236 0.023118624463677406 0.13191764056682587 5.166360855102539
13.27235 0.1166938990354538 0.028697658330202103 0.9927533268928528 0.22057569026947021 0.01600062847137451 0.9993985295295715 -0.03077055886387825 -0.07051973789930344 -0.9930390119552612 0.019475411623716354 0.11616453528404236 5.169574737548828
13.37588 0.1018299013376236 0.02534458041191101 0.9944788813591003 0.2491309642791748 0.016600314527750015 0.999492883682251 -0.027172153815627098 -0.07172560691833496 -0.9946632981300354 0.019275600090622902 0.10135753452777863 5.172060966491699
13.4795 0.08818929642438889 0.0230315662920475 0.9958374500274658 0.27943748235702515 0.01860607974231243 0.9995201826095581 -0.024764450266957283 -0.07266880571842194 -0.9959299564361572 0.020712586119771004 0.08771844208240509 5.174247741699219
13.58311 0.07713450491428375 0.02215374819934368 0.996774435043335 0.3089410960674286 0.022944606840610504 0.9994488954544067 -0.023988736793398857 -0.07369569689035416 -0.9967565536499023 0.024720963090658188 0.07658368349075317 5.175466537475586
13.68672 0.06774047762155533 0.024062136188149452 0.9974127411842346 0.34109434485435486 0.026026731356978416 0.9993262887001038 -0.025875937193632126 -0.07384178042411804 -0.9973634481430054 0.027712242677807808 0.06706859171390533 5.176550388336182
13.79034 0.05934005603194237 0.0232707466930151 0.9979665279388428 0.37204089760780334 0.027911730110645294 0.9992986917495728 -0.02496146783232689 -0.07575926929712296 -0.9978474378585815 0.029336189851164818 0.05864892154932022 5.178287982940674
13.89395 0.053155701607465744 0.02437889389693737 0.9982885122299194 0.406526654958725 0.029768498614430428 0.9992190003395081 -0.02598668821156025 -0.07612629979848862 -0.9981423616409302 0.031098896637558937 0.05238847807049751 5.180270671844482
13.99767 0.04788946360349655 0.024613352492451668 0.9985492825508118 0.44031065702438354 0.030527545139193535 0.9991933107376099 -0.026093294844031334 -0.07771435379981995 -0.9983859658241272 0.03173285350203514 0.04709944501519203 5.181674003601074
14.1013 0.04176976904273033 0.025401165708899498 0.9988042116165161 0.47637271881103516 0.03078817017376423 0.9991692304611206 -0.026698002591729164 -0.07883043587207794 -0.9986526370048523 0.031866539269685745 0.04095302149653435 5.18313455581665
14.20492 0.037946850061416626 0.025478238239884377 0.9989547729492188 0.5142681002616882 0.033242061734199524 0.9990893006324768 -0.02674442157149315 -0.07997426390647888 -0.9987265467643738 0.03422219678759575 0.03706534951925278 5.183699607849121
14.30854 0.03466681391000748 0.02559787780046463 0.9990710616111755 0.5516279935836792 0.03461604192852974 0.9990413188934326 -0.026798255741596222 -0.08088882267475128 -0.9987993836402893 0.03551289811730385 0.033747486770153046 5.1851654052734375
14.41227 0.03073342703282833 0.02467741072177887 0.9992229342460632 0.591723620891571 0.03550568222999573 0.9990372657775879 -0.025764884427189827 -0.08236049115657806 -0.9988968372344971 0.036269936710596085 0.029827646911144257 5.186809539794922
14.51589 0.029153890907764435 0.024365762248635292 0.9992778897285461 0.6311758756637573 0.037489764392375946 0.9989727735519409 -0.025452082976698875 -0.08352673798799515 -0.9988716244697571 0.03820471838116646 0.028210483491420746 5.187530040740967
14.61968 0.028304900974035263 0.02389615774154663 0.9993136525154114 0.6732743382453918 0.04244647175073624 0.9987836480140686 -0.025085754692554474 -0.08470318466424942 -0.9986976981163025 0.04312737658619881 0.02725616656243801 5.188477993011475
14.72326 0.02964021824300289 0.023739250376820564 0.9992786645889282 0.7152194380760193 0.04532543197274208 0.9986576437950134 -0.025068923830986023 -0.08601275086402893 -0.9985324740409851 0.046035781502723694 0.02852443791925907 5.188938140869141
14.82686 0.032595910131931305 0.02407761849462986 0.9991785287857056 0.7597708702087402 0.04714945703744888 0.9985597133636475 -0.025600846856832504 -0.08680527657270432 -0.9983559250831604 0.047945208847522736 0.03141370788216591 5.1893510818481445
14.93048 0.036053091287612915 0.023584384471178055 0.9990715980529785 0.8043782711029053 0.04945071041584015 0.998454749584198 -0.025354329496622086 -0.08897336572408676 -0.9981257319450378 0.050318896770477295 0.03483111411333084 5.191286087036133
15.0341 0.04040282592177391 0.023011593148112297 0.9989184141159058 0.8488633632659912 0.05041680485010147 0.9984143376350403 -0.025039171800017357 -0.09020431339740753 -0.9979106187820435 0.051373936235904694 0.039178598672151566 5.193559646606445
15.13784 0.044323693960905075 0.02097875252366066 0.9987968802452087 0.8960282206535339 0.05168146640062332 0.998392641544342 -0.023263733834028244 -0.09191322326660156 -0.9976794123649597 0.05265042930841446 0.043168239295482635 5.195591926574707
15.24145 0.048684097826480865 0.019474277272820473 0.998624324798584 0.9435577392578125 0.05224784091114998 0.9983913898468018 -0.022016875445842743 -0.09328112006187439 -0.9974467158317566 0.0532478429377079 0.0475882887840271 5.197664260864258
15.34508 0.05213524401187897 0.01777169108390808 0.9984818696975708 0.9908860325813293 0.04837138205766678 0.998623251914978 -0.020299894735217094 -0.0941394716501236 -0.9974678754806519 0.04935629293322563 0.05120381712913513 5.20148229598999
15.44881 0.05676303058862686 0.016505347564816475 0.99825119972229 1.0407297611236572 0.04781807214021683 0.9986709356307983 -0.019231339916586876 -0.09575164318084717 -0.9972418546676636 0.048826076090335846 0.05589832365512848 5.204242706298828
15.55255 0.06044626235961914 0.017967019230127335 0.9980098009109497 1.0896846055984497 0.04466782882809639 0.9987877011299133 -0.02068641036748886 -0.0967438668012619 -0.9971715211868286 0.04582934081554413 0.059570420533418655 5.207831382751465
15.65617 0.063566192984581 0.02165778912603855 0.9977426528930664 1.1387288570404053 0.04277078062295914 0.9987866878509521 -0.02440538816154003 -0.09851135313510895 -0.9970607161521912 0.04422558471560478 0.06256277859210968 5.211320400238037
15.7599 0.06478600949048996 0.02716200426220894 0.9975294470787048 1.1893222332000732 0.037105754017829895 0.9988725185394287 -0.02960846573114395 -0.10022997856140137 -0.9972091317176819 0.03893229365348816 0.06370510905981064 5.215497016906738
15.86364 0.06455115973949432 0.02980334311723709 0.9974693655967712 1.239960789680481 0.03385782614350319 0.9989129304885864 -0.03203759342432022 -0.10252685844898224 -0.9973399043083191 0.03584021329879761 0.06347192078828812 5.2189154624938965
15.96739 0.0644851103425026 0.029660524800419807 0.9974777102470398 1.2885973453521729 0.031526967883110046 0.9989987015724182 -0.031743910163640976 -0.10402373969554901 -0.9974205493927002 0.033494457602500916 0.06348540633916855 5.222821235656738
16.07102 0.06459976732730865 0.027714794501662254 0.9975262880325317 1.3390660285949707 0.029073180630803108 0.9991376996040344 -0.029642347246408463 -0.10628585517406464 -0.9974876642227173 0.030916156247258186 0.06373829394578934 5.2260823249816895
16.17474 0.06441616266965866 0.026566432788968086 0.9975694417953491 1.3896546363830566 0.02979937568306923 0.9991485476493835 -0.02853272669017315 -0.10827629268169403 -0.9974781274795532 0.03156491741538048 0.06356965005397797 5.229269504547119
16.27845 0.06482505053281784 0.02599029429256916 0.9975581169128418 1.4391460418701172 0.026991819962859154 0.9992493391036987 -0.027788382023572922 -0.11026053130626678 -0.997531533241272 0.02872728928923607 0.06407486647367477 5.233644485473633
16.38209 0.06482093036174774 0.026787349954247475 0.9975372552871704 1.4903559684753418 0.025805478915572166 0.9992603063583374 -0.028510479256510735 -0.11206656694412231 -0.9975631237030029 0.027590004727244377 0.06408172100782394 5.237257480621338
