1.000000000 0.000000000 0.000000000 0.000000000 0.000000000 1.000000000 0.000000000 0.000000000 0.000000000 0.000000000 1.000000000 0.000000000
0.999998569 0.000579673 0.001591383 -0.004537435 -0.000572562 0.999989867 -0.004464973 -0.002239729 -0.001593956 0.004464056 0.999988794 0.976405621
0.999995768 -0.002010270 0.002093523 0.002834987 0.002021223 0.999984205 -0.005242931 0.000784916 -0.002082950 0.005247140 0.999984086 1.944726706
0.999992609 -0.003283966 0.002062216 0.001880103 0.003287031 0.999993443 -0.001484799 0.000119159 -0.002057326 0.001491567 0.999996781 2.920370579
0.999982893 -0.005691489 0.001366475 0.006875661 0.005685139 0.999973238 0.004606343 -0.002780508 -0.001392656 -0.004598496 0.999988437 3.890211344
0.999952197 -0.009777891 -0.000287419 0.015219087 0.009779118 0.999941409 0.004643051 0.001842208 0.000242003 -0.004645642 0.999989152 4.851022720
0.999923170 -0.012309561 -0.001411323 0.020240726 0.012311884 0.999922872 0.001650297 0.005167565 0.001390900 -0.001667547 0.999997616 5.801115513
0.999914110 -0.012862277 -0.002510924 0.020035535 0.012858085 0.999915957 -0.001678078 0.006411729 0.002532298 0.001645648 0.999995410 6.751049042
0.999916494 -0.012652677 -0.002596990 0.004831837 0.012646390 0.999917090 -0.002423172 0.009119023 0.002627434 0.002390127 0.999993682 7.704324722
0.999917686 -0.012222799 -0.003894565 0.001263030 0.012220634 0.999925196 -0.000579100 0.008921967 0.003901352 0.000531458 0.999992192 8.648417473
0.999922216 -0.011675054 -0.004374848 -0.010073587 0.011686100 0.999928594 0.002507499 0.005458213 0.004345260 -0.002558429 0.999987304 9.597802162
0.999913752 -0.011905828 -0.005539776 -0.015464097 0.011926914 0.999921799 0.003788873 0.011444252 0.005494233 -0.003854619 0.999977529 10.547348976
0.999892831 -0.013424666 -0.005837285 -0.022244614 0.013451369 0.999899149 0.004559671 0.013495520 0.005775484 -0.004637702 0.999972582 11.480955124
0.999885857 -0.013604912 -0.006568835 -0.032067463 0.013636025 0.999895930 0.004714980 0.015727919 0.006504004 -0.004804015 0.999967277 12.408841133
0.999874949 -0.014153765 -0.007052798 -0.047664531 0.014175789 0.999894738 0.003082581 0.023743389 0.007008426 -0.003182174 0.999970376 13.342334747
0.999862015 -0.014122436 -0.008740157 -0.052842513 0.014132447 0.999899566 0.001085009 0.023482297 0.008723955 -0.001208380 0.999961197 14.271665573
0.999825358 -0.015469302 -0.010479505 -0.063071668 0.015465911 0.999880373 -0.000404605 0.030492671 0.010484511 0.000242459 0.999944985 15.198325157
0.999808609 -0.015171980 -0.012352002 -0.073380768 0.015159348 0.999884486 -0.001115681 0.030746186 0.012367500 0.000928219 0.999923050 16.126356125
0.999817133 -0.013741959 -0.013296973 -0.106186956 0.013724575 0.999904871 -0.001397699 0.023341682 0.013314914 0.001214948 0.999910593 17.050083160
0.999813139 -0.011960719 -0.015186575 -0.114809304 0.011940574 0.999927700 -0.001416470 0.018318174 0.015202421 0.001234869 0.999883652 17.971612930
0.999773979 -0.012540666 -0.017166859 -0.127524063 0.012533267 0.999921262 -0.000538639 0.020633843 0.017172264 0.000323360 0.999852419 18.881525040
0.999769628 -0.011835177 -0.017906858 -0.153737828 0.011858156 0.999928951 0.001177606 0.015020367 0.017891651 -0.001389677 0.999838889 19.788648605
0.999745429 -0.011345055 -0.019507803 -0.174298346 0.011372405 0.999934554 0.001291526 0.020613451 0.019491874 -0.001513048 0.999808788 20.692047119
0.999698043 -0.013131971 -0.020769352 -0.199973181 0.013164674 0.999912322 0.001438586 0.015147163 0.020748641 -0.001711574 0.999783218 21.593658447
0.999667645 -0.012456679 -0.022569632 -0.219224364 0.012481258 0.999921620 0.000948402 0.016290106 0.022556052 -0.001229784 0.999744833 22.484083176
0.999629915 -0.012412632 -0.024207449 -0.236725271 0.012439458 0.999922216 0.000957938 0.022028849 0.024193680 -0.001258711 0.999706507 23.368436813
0.999634683 -0.011834135 -0.024300463 -0.273387700 0.011916856 0.999923646 0.003262105 0.019953094 0.024260009 -0.003550498 0.999699414 24.238096237
0.999600053 -0.013237738 -0.024988504 -0.298284084 0.013391037 0.999892414 0.005977464 0.024828315 0.024906695 -0.006309696 0.999669909 25.108686447
0.999572635 -0.013479818 -0.025936238 -0.322187781 0.013678716 0.999878287 0.007506685 0.026621670 0.025831887 -0.007858252 0.999635339 25.966501236
0.999563158 -0.012663526 -0.026704181 -0.347695976 0.012837216 0.999897420 0.006342811 0.031322643 0.026621114 -0.006682846 0.999623239 26.813915253
0.999558330 -0.011344424 -0.027465899 -0.373207182 0.011447590 0.999927998 0.003601822 0.035337463 0.027423061 -0.003914649 0.999616206 27.631557465
0.999533355 -0.011214912 -0.028412813 -0.398234248 0.011275745 0.999934435 0.001981728 0.036173023 0.028388729 -0.002301180 0.999594331 28.454261780
0.999515831 -0.010056747 -0.029443299 -0.425090820 0.010102204 0.999947965 0.001395562 0.042412207 0.029427735 -0.001692328 0.999565542 29.262462616
0.999474406 -0.010394860 -0.030703902 -0.453752011 0.010433472 0.999944925 0.001097617 0.041135930 0.030690804 -0.001417388 0.999527931 30.056985855
0.999427617 -0.009712781 -0.032405049 -0.482966542 0.009727299 0.999952793 0.000290399 0.038907215 0.032400697 -0.000605447 0.999474704 30.857732773
0.999358058 -0.009869493 -0.034438506 -0.510532618 0.009879574 0.999951184 0.000122566 0.039386973 0.034435611 -0.000462725 0.999406815 31.635381699
0.999269545 -0.009794605 -0.036937866 -0.534248054 0.009837884 0.999951124 0.000990077 0.048285522 0.036926359 -0.001352744 0.999317050 32.425262451
0.999205410 -0.010136816 -0.038548823 -0.574666381 0.010283910 0.999940693 0.003619391 0.043640696 0.038509849 -0.004012947 0.999250174 33.199203491
0.999124169 -0.008982402 -0.040867940 -0.603710294 0.009214079 0.999942541 0.005484112 0.043941677 0.040816333 -0.005855869 0.999149561 33.953254700
0.999064147 -0.007836386 -0.042535566 -0.642109036 0.008080684 0.999951839 0.005574525 0.044818550 0.042489834 -0.005913025 0.999079406 34.700737000
0.998988152 -0.004797831 -0.044717375 -0.677202463 0.005014316 0.999976218 0.004730275 0.049715206 0.044693615 -0.004949717 0.998988450 35.431358337
0.998911858 -0.003659474 -0.046492670 -0.712069213 0.003855000 0.999984086 0.004116561 0.049524389 0.046476863 -0.004291312 0.998910129 36.171695709
0.998831630 -0.003445238 -0.048201844 -0.746327877 0.003701494 0.999979496 0.005228047 0.054358140 0.048182838 -0.005400357 0.998823941 36.881385803
0.998780012 -0.001907172 -0.049344342 -0.786095381 0.002246067 0.999974191 0.006813413 0.062904194 0.049330089 -0.006915932 0.998758614 37.605686188
0.998791158 0.000802275 -0.049148340 -0.830903649 -0.000448577 0.999973834 0.007207148 0.068335608 0.049152840 -0.007176390 0.998765528 38.292369843
0.998824179 0.003959841 -0.048317738 -0.868339419 -0.003695181 0.999977708 0.005565602 0.063975632 0.048338700 -0.005380516 0.998816490 38.992450714
0.998892903 0.005401960 -0.046732608 -0.899628818 -0.005306189 0.999983549 0.002173166 0.071496241 0.046743590 -0.001922788 0.998904943 39.660213470
0.998984933 0.006246242 -0.044610739 -0.931273818 -0.006236207 0.999980569 0.000364090 0.076054081 0.044612139 -0.000085520 0.999004364 40.325942993
0.999106944 0.006959024 -0.041677199 -0.955187321 -0.006904155 0.999975145 0.001460334 0.072424650 0.041686326 -0.001171285 0.999130011 40.986763000
0.999211609 0.011408895 -0.038026251 -0.999810159 -0.011259024 0.999927998 0.004153077 0.071702927 0.038070887 -0.003721665 0.999268115 41.646099091
0.999304891 0.015615464 -0.033850163 -1.033480406 -0.015371396 0.999853969 0.007458594 0.075645581 0.033961691 -0.006933087 0.999399066 42.275768280
0.999346972 0.020765914 -0.029572327 -1.056465745 -0.020515256 0.999751151 0.008754546 0.074468940 0.029746763 -0.008142145 0.999524295 42.890312195
0.999393344 0.024645066 -0.024607347 -1.072021961 -0.024431081 0.999661326 0.008959182 0.082531810 0.024819819 -0.008352563 0.999657035 43.490325928
0.999417365 0.028322551 -0.019047080 -1.086184144 -0.028121812 0.999546945 0.010725957 0.086134613 0.019342238 -0.010184070 0.999761045 44.083873749
0.999364853 0.033212245 -0.012916169 -1.092988014 -0.033060651 0.999383867 0.011778229 0.093059182 0.013299394 -0.011343731 0.999847233 44.653537750
0.999322951 0.036413439 -0.005262572 -1.110074639 -0.036351394 0.999273479 0.011440837 0.097819686 0.005675355 -0.011241789 0.999920666 45.195690155
0.999194980 0.040079966 0.001719831 -1.106992126 -0.040097095 0.999130070 0.011466392 0.101212621 -0.001258763 -0.011526121 0.999932766 45.713279724
0.999000192 0.043818723 0.008862685 -1.100993752 -0.043914802 0.998975277 0.010952753 0.105750024 -0.008373665 -0.011331009 0.999900699 46.232902527
0.998680711 0.048534252 0.016772328 -1.103380203 -0.048683163 0.998777330 0.008586640 0.098029315 -0.016335072 -0.009391841 0.999822438 46.717327118
0.998415589 0.050453037 0.024918351 -1.092814445 -0.050603736 0.998703897 0.005454347 0.101445913 -0.024610866 -0.006706667 0.999674559 47.176181793
0.998154104 0.051093344 0.032832671 -1.077322960 -0.051294073 0.998669624 0.005300081 0.106443241 -0.032518193 -0.006974418 0.999446809 47.616622925
0.997896612 0.050582282 0.040543877 -1.056965113 -0.050895188 0.998681486 0.006722423 0.104018912 -0.040150374 -0.008771773 0.999155104 48.022712708
0.997472644 0.052023195 0.048393738 -1.032191277 -0.052438006 0.998597205 0.007341195 0.103202373 -0.047943939 -0.009860313 0.998801351 48.411922455
0.996847391 0.055130437 0.057062518 -1.006738424 -0.055641953 0.998423398 0.007413264 0.108184427 -0.056563854 -0.010564962 0.998343050 48.780731201
0.996024847 0.059887778 0.065938845 -0.990887880 -0.060480844 0.998144627 0.007033356 0.106259108 -0.065395281 -0.010993433 0.997798860 49.109233856
0.995157003 0.063583925 0.074964501 -0.973021746 -0.064278536 0.997908235 0.006887347 0.105645329 -0.074369751 -0.011672597 0.997162402 49.423374176
0.994456053 0.062873773 0.084285960 -0.938615322 -0.063753970 0.997935236 0.007789737 0.101328373 -0.083622158 -0.013120117 0.996411145 49.718456268
0.993594587 0.061626889 0.094720311 -0.896625519 -0.062444288 0.998032212 0.005687111 0.101394504 -0.094183445 -0.011565426 0.995487630 49.997745514
0.992455006 0.060566995 0.106604606 -0.861307621 -0.061056864 0.998133421 0.001334444 0.100842141 -0.106324807 -0.007833319 0.994300544 50.264774323
0.990896761 0.061418742 0.119796678 -0.818050385 -0.061539534 0.998100996 -0.002694442 0.101152539 -0.119734660 -0.004702317 0.992794752 50.534301758
0.988803148 0.063096203 0.135230392 -0.777937412 -0.063005641 0.998000860 -0.004953736 0.100405082 -0.135272592 -0.003622006 0.990801752 50.809696198
0.986292183 0.064701766 0.151793674 -0.737516880 -0.064466581 0.997898877 -0.006475434 0.105729043 -0.151893705 -0.003398948 0.988391042 51.088253021
0.983551204 0.065406859 0.168371364 -0.672651291 -0.065050244 0.997852743 -0.007638858 0.100710392 -0.168509483 -0.003439391 0.985693991 51.343662262
0.980357766 0.064413123 0.186412245 -0.609833717 -0.063862093 0.997918427 -0.008965783 0.102100432 -0.186601758 -0.003115003 0.982430637 51.599174500
0.976550281 0.063488118 0.205715001 -0.539591789 -0.062927082 0.997975051 -0.009275435 0.101024479 -0.205887333 -0.003887116 0.978568017 51.854492188
0.972009242 0.063780747 0.226119086 -0.470393181 -0.063012555 0.997956216 -0.010620933 0.101044536 -0.226334363 -0.003924698 0.974041820 52.105926514
0.966788948 0.065827906 0.246952802 -0.389643669 -0.064672709 0.997824430 -0.012795293 0.099619508 -0.247257829 -0.003600759 0.968943119 52.361381531
0.960573375 0.067640312 0.269673169 -0.309258461 -0.066139534 0.997702777 -0.014658687 0.088116348 -0.270045161 -0.003755311 0.962840319 52.580326080
0.953394830 0.068679929 0.293804735 -0.210947990 -0.066937290 0.997628987 -0.015994944 0.082167983 -0.294206619 -0.004416997 0.955731630 52.834125519
0.944839239 0.071691908 0.319592029 -0.110774994 -0.069934979 0.997406960 -0.016986305 0.077395976 -0.319981098 -0.006301335 0.947403014 53.085193634
0.935138404 0.073611304 0.346550792 0.002857208 -0.071863562 0.997253716 -0.017910132 0.068341911 -0.346917450 -0.008155916 0.937860250 53.329498291
0.924065471 0.074124970 0.374977708 0.127731323 -0.072109573 0.997207582 -0.019425157 0.061990976 -0.375370502 -0.009089366 0.926830292 53.571472168
0.911484003 0.072235867 0.404943049 0.265306473 -0.069421217 0.997352421 -0.021653149 0.055759907 -0.405435055 -0.008375138 0.914085567 53.815505981
0.896650136 0.069763489 0.437208772 0.415189743 -0.065828726 0.997538149 -0.024167847 0.043253183 -0.437818468 -0.007110801 0.899035275 54.044795990
0.879449546 0.068852909 0.470986009 0.576623917 -0.062759183 0.997617364 -0.028653316 0.039457560 -0.471836686 -0.004359552 0.881675243 54.271354675
0.860154152 0.070849434 0.505089223 0.746061325 -0.062319186 0.997484088 -0.033790212 0.029219508 -0.506212533 -0.002411959 0.862405300 54.500228882
0.838342845 0.072500981 0.540300608 0.933391571 -0.061548781 0.997367740 -0.038332634 0.020659566 -0.541657567 -0.001118956 0.840598464 54.738838196
0.813822150 0.075583085 0.576177657 1.135848999 -0.062850654 0.997137487 -0.042031277 0.009910941 -0.577705264 -0.002007160 0.816242993 54.974929810
0.786522746 0.079589345 0.612411201 1.354753494 -0.065798372 0.996815860 -0.045041651 -0.003665209 -0.614045978 -0.004869370 0.789255202 55.211921692
0.756864429 0.083387628 0.648230433 1.591035843 -0.068929918 0.996480346 -0.047704518 -0.020407200 -0.649926782 -0.008576613 0.759948373 55.447517395
0.723754048 0.084972553 0.684806287 1.841440201 -0.069181353 0.996324658 -0.050510548 -0.038425922 -0.686581254 -0.010818614 0.726972520 55.676101685
0.687334597 0.082547970 0.721634924 2.123304367 -0.065512940 0.996517062 -0.051592767 -0.054977417 -0.723380387 -0.011814931 0.690348625 55.895698547
0.648423314 0.081370793 0.756918669 2.443490982 -0.062772892 0.996600211 -0.053362064 -0.074056625 -0.758687496 -0.012912774 0.651326716 56.120613098
0.605897486 0.080847591 0.791423976 2.781661987 -0.060676936 0.996621251 -0.055356462 -0.092712045 -0.793225408 -0.014480852 0.608756006 56.352310181
0.559985638 0.080533653 0.824578941 3.145637512 -0.057169303 0.996648312 -0.058514386 -0.114753485 -0.826527476 -0.014373398 0.562712789 56.559123993
0.511890829 0.079532333 0.855360985 3.550447464 -0.053951085 0.996715844 -0.060388643 -0.138771415 -0.857354820 -0.015235262 0.514500499 56.771381378
0.463408172 0.077632755 0.882737875 3.964759827 -0.052122872 0.996818364 -0.060302835 -0.162402511 -0.884610653 -0.018066008 0.465980172 56.951255798
0.413208812 0.075690150 0.907485247 4.400390625 -0.052138887 0.996871352 -0.059404921 -0.184830070 -0.909142375 -0.022768633 0.415862501 57.131446838
0.363426745 0.075693443 0.928542674 4.874109268 -0.054739714 0.996706784 -0.059825268 -0.201781154 -0.930013239 -0.029086061 0.366373360 57.293907166
0.314081967 0.076304600 0.946324587 5.357635498 -0.052731324 0.996628404 -0.062859379 -0.222431898 -0.947930336 -0.030157944 0.317046672 57.430469513
0.267272323 0.072866887 0.960861981 5.838758469 -0.041510005 0.997081935 -0.064067230 -0.252694845 -0.962726533 -0.022761991 0.269517064 57.518775940
0.223374560 0.066758819 0.972443879 6.345682144 -0.027994383 0.997679830 -0.062060848 -0.287266076 -0.974330604 -0.013360151 0.224725142 57.589324951
0.181344703 0.065945216 0.981206059 6.872757912 -0.018903263 0.997798562 -0.063566700 -0.310087264 -0.983237922 -0.007020511 0.182192087 57.649326324
0.142653152 0.067197710 0.987488925 7.418156624 -0.015830889 0.997719944 -0.065606967 -0.343558848 -0.989646077 -0.006273785 0.143391699 57.709667206
0.110018060 0.067720115 0.991619825 7.976323128 -0.007015580 0.997704327 -0.067357264 -0.379375756 -0.993904829 0.000453731 0.110240594 57.748043060
0.081599168 0.066313006 0.994456708 8.524878502 0.000445681 0.997781515 -0.066571303 -0.410897613 -0.996665120 0.005875371 0.081388578 57.754474640
0.056555316 0.064836100 0.996291995 9.104791641 0.007204633 0.997836649 -0.065345593 -0.441920459 -0.998373449 0.010873559 0.055965856 57.765953064
0.036968321 0.063950591 0.997268200 9.694844246 0.011942390 0.997850716 -0.064430654 -0.470723033 -0.999245048 0.014291659 0.036125138 57.765003204
0.021037586 0.065503597 0.997630537 10.301445961 0.014479961 0.997726679 -0.065815262 -0.502998769 -0.999673784 0.015830243 0.020041276 57.769985199
0.007649666 0.065438442 0.997827291 10.902275085 0.015949812 0.997721553 -0.065553784 -0.538000762 -0.999843478 0.016416624 0.006588503 57.768108368
-0.004037622 0.066128507 0.997803032 11.529743195 0.016542347 0.997678995 -0.066053346 -0.574771583 -0.999854982 0.016239306 -0.005122172 57.762058258
-0.013341713 0.069230750 0.997511446 12.166602135 0.021325652 0.997393012 -0.068937294 -0.609598279 -0.999683559 0.020352842 -0.014783321 57.753894806
-0.019618815 0.070997819 0.997283518 12.811005592 0.025673278 0.997182369 -0.070485570 -0.648980916 -0.999477863 0.024220692 -0.021386281 57.724983215
-0.024050448 0.070312269 0.997235060 13.480347633 0.026129801 0.997226954 -0.069681533 -0.686020672 -0.999369204 0.024381677 -0.025821002 57.702976227
-0.027305791 0.067604817 0.997338414 14.145798683 0.024221027 0.997462392 -0.066950046 -0.721632183 -0.999333680 0.022328436 -0.028873956 57.679470062
-0.030116048 0.060637537 0.997705460 14.835077286 0.022011474 0.997956395 -0.059988368 -0.759661019 -0.999303997 0.020154353 -0.031389222 57.669715881
-0.031336945 0.054862197 0.998002112 15.535149574 0.023079325 0.998265922 -0.054152030 -0.798628032 -0.999242425 0.021336250 -0.032548785 57.647308350
-0.031681992 0.052630760 0.998111367 16.283292770 0.025792120 0.998323143 -0.051823229 -0.834665358 -0.999165118 0.024101546 -0.032986324 57.613815308
-0.031076133 0.055034444 0.998000681 16.991949081 0.029079173 0.998110056 -0.054134995 -0.867117345 -0.999093890 0.027338730 -0.032617763 57.583465576
-0.030776225 0.062226173 0.997587442 17.708429337 0.030008547 0.997667849 -0.061305400 -0.904963255 -0.999075770 0.028049398 -0.032571774 57.564788818
-0.028067356 0.070184454 0.997139156 18.440389633 0.030397790 0.997130692 -0.069328226 -0.941810966 -0.999143720 0.028364966 -0.030120282 57.539268494
-0.026186615 0.070979923 0.997133970 19.186197281 0.031363927 0.997043252 -0.070149802 -0.979527116 -0.999164939 0.029437050 -0.028335400 57.525783539
-0.024596389 0.066775016 0.997464836 19.968118668 0.030342095 0.997356832 -0.066019572 -1.021749854 -0.999236882 0.028641326 -0.026557468 57.520332336
-0.021688841 0.060276881 0.997946084 20.733247757 0.030169299 0.997765720 -0.059610292 -1.066340685 -0.999309421 0.028814459 -0.023458892 57.497169495
-0.019136919 0.058316179 0.998114765 21.486219406 0.028539544 0.997922599 -0.057757769 -1.114665031 -0.999409378 0.027380431 -0.020761481 57.488582611
-0.015251627 0.063556731 0.997861683 22.234165192 0.036144748 0.997360468 -0.062972359 -1.160215974 -0.999230087 0.035107024 -0.017508619 57.463214874
-0.011856196 0.068940744 0.997550249 22.975347519 0.038042206 0.996929288 -0.068445675 -1.202275395 -0.999205709 0.037137508 -0.014442445 57.440284729
-0.010263592 0.069982961 0.997495413 23.771823883 0.031436905 0.997077346 -0.069630168 -1.249679089 -0.999453008 0.030643512 -0.012433644 57.468311310
-0.006671156 0.066584632 0.997758448 24.534713745 0.027008962 0.997428656 -0.066382028 -1.292113185 -0.999612987 0.026505575 -0.008452384 57.466075897
-0.001976436 0.063014477 0.998010695 25.301769257 0.031135341 0.997532606 -0.062922657 -1.341528296 -0.999513209 0.030949039 -0.003933537 57.460086823
0.001770332 0.063943073 0.997952044 26.072477341 0.035893060 0.997306526 -0.063965395 -1.394177556 -0.999354124 0.035932787 -0.000529548 57.456069946
0.004074986 0.068336457 0.997654021 26.844837189 0.035324898 0.997029781 -0.068437986 -1.444208264 -0.999367595 0.035520911 0.001648905 57.472446442
0.008002191 0.069391511 0.997557402 27.612926483 0.031568572 0.997074604 -0.069611169 -1.487417102 -0.999469578 0.032048501 0.005788190 57.483451843
0.011438414 0.068567291 0.997580886 28.379339218 0.030766001 0.997149765 -0.068890415 -1.538078547 -0.999461174 0.031479578 0.009296271 57.496528625
0.015299100 0.065518759 0.997734070 29.131328583 0.035511192 0.997185707 -0.066027269 -1.585476995 -0.999252260 0.036440887 0.012929396 57.499874115
0.018630438 0.065814637 0.997657955 29.925228119 0.039402228 0.997007549 -0.066507548 -1.642025948 -0.999049664 0.040549017 0.015981445 57.516719818
0.022420900 0.066829309 0.997512519 30.689817429 0.042491652 0.996797919 -0.067736529 -1.687542439 -0.998845100 0.043904677 0.019509422 57.524803162
0.024814518 0.066467293 0.997480094 31.458711624 0.043099321 0.996788383 -0.067493394 -1.734971523 -0.998762548 0.044665530 0.021870129 57.549179077
0.027916173 0.065089718 0.997488856 32.239639282 0.044133328 0.996824443 -0.066281483 -1.785841942 -0.998635530 0.045872826 0.024954893 57.581645966
0.031909645 0.064088248 0.997433901 33.010238647 0.046425909 0.996769965 -0.065530829 -1.836138725 -0.998411953 0.048397835 0.028831225 57.597400665
0.035007078 0.064509228 0.997302830 33.777030945 0.045014132 0.996799946 -0.066056773 -1.878805399 -0.998372734 0.047205180 0.031991232 57.621200562
0.037761047 0.066485435 0.997072577 34.543281555 0.041966934 0.996798515 -0.068056546 -1.922042131 -0.998405099 0.044413973 0.034849960 57.659610748
0.040696248 0.066542655 0.996953309 35.320392609 0.043590311 0.996711671 -0.068305925 -1.969486713 -0.998220205 0.046237301 0.037661817 57.685050964
0.043422531 0.065791726 0.996888161 36.105377197 0.041528530 0.996847987 -0.067598000 -2.025165319 -0.998193264 0.044334572 0.040553428 57.723598480
0.045433823 0.066897854 0.996724844 36.901119232 0.039278422 0.996864021 -0.068697624 -2.067713976 -0.998194993 0.042270970 0.042663705 57.774765015
0.048312005 0.066679619 0.996604085 37.682712555 0.036259424 0.996994436 -0.068463467 -2.118825436 -0.998174012 0.039443891 0.045749035 57.816165924
0.051364221 0.068990499 0.996294141 38.453632355 0.034805544 0.996881366 -0.070825569 -2.163648605 -0.998073280 0.038314465 0.048802778 57.862854004
0.055018794 0.072576195 0.995844185 39.238025665 0.033948317 0.996642292 -0.074509941 -2.212369442 -0.997908056 0.037906684 0.052370213 57.902072906
0.058420878 0.074695006 0.995493710 40.035160065 0.033721723 0.996480107 -0.076747999 -2.273938179 -0.997722387 0.038053446 0.055696398 57.954212189
0.061077513 0.076409653 0.995204031 40.851661682 0.027580202 0.996555626 -0.078206070 -2.329295635 -0.997751892 0.032224569 0.058759753 58.019054413
0.063967213 0.075591005 0.995084941 41.646209717 0.024187909 0.996716738 -0.077269815 -2.381665707 -0.997658849 0.029011767 0.061928812 58.075584412
0.067221843 0.076234303 0.994821370 42.440166473 0.026119927 0.996600568 -0.078135617 -2.440479279 -0.997396171 0.031237084 0.065002091 58.133201599
0.071486361 0.077807128 0.994402289 43.252132416 0.025520094 0.996483803 -0.079804607 -2.494723082 -0.997115016 0.031082179 0.069249362 58.191696167
0.075116083 0.078079380 0.994113207 44.070606232 0.022268547 0.996549845 -0.079953387 -2.554863453 -0.996926069 0.028143240 0.073118210 58.269969940
0.079362303 0.076500610 0.993906081 44.882209778 0.020787625 0.996707201 -0.078376085 -2.607661724 -0.996629059 0.026881056 0.077510692 58.325420380
0.084269464 0.076152004 0.993528843 45.693096161 0.021217499 0.996712267 -0.078195646 -2.670745850 -0.996217072 0.027669704 0.082376659 58.392768860
0.089628249 0.079552457 0.992793143 46.506099701 0.018131392 0.996509433 -0.081487142 -2.733249664 -0.995810211 0.025304275 0.087873012 58.470672607
0.095454469 0.088101409 0.991527438 47.313053131 0.016076714 0.995809317 -0.090029575 -2.793984890 -0.995303929 0.024534227 0.093638077 58.558368683
0.102660209 0.093225136 0.990338326 48.140933990 0.015051057 0.995339036 -0.095256090 -2.858855009 -0.994602621 0.024684643 0.100778572 58.647914886
0.109959558 0.096197918 0.989269853 48.964965820 0.010624914 0.995134711 -0.097949207 -2.927645445 -0.993879139 0.021281356 0.108402483 58.751598358
0.116783254 0.094327904 0.988667727 49.794620514 0.006813055 0.995379925 -0.095773079 -3.003066540 -0.993134081 0.017920537 0.115601033 58.863319397
0.124337412 0.092735194 0.987897038 50.643238068 0.006666950 0.995522559 -0.094290115 -3.077697039 -0.992217600 0.018310048 0.123162419 58.980186462
0.131892130 0.089013055 0.987259388 51.453041077 0.006599661 0.995859027 -0.090670101 -3.153223515 -0.991242111 0.018474247 0.130758524 59.080615997
0.139636219 0.084020473 0.986631811 52.294277191 0.004623003 0.996327341 -0.085500434 -3.216298103 -0.990192056 0.016500158 0.138735011 59.203098297
0.146607190 0.076512069 0.986231387 53.125610352 0.001768006 0.996982336 -0.077608943 -3.284318447 -0.989193261 0.013121692 0.146029502 59.339706421
0.153756499 0.073710658 0.985355616 53.955650330 0.002202347 0.997185588 -0.074939281 -3.345839024 -0.988106370 0.013692494 0.153161436 59.485889435
0.161610425 0.075330079 0.983975291 54.777885437 0.002024474 0.997054875 -0.076663911 -3.417136908 -0.986852527 0.014381719 0.160981998 59.613327026
0.166930690 0.082378946 0.982521176 55.591003418 0.001520163 0.996480763 -0.083807670 -3.477255821 -0.985967457 0.015483664 0.166217998 59.759860992
0.171977401 0.086106434 0.981330514 56.394302368 0.000173505 0.996169806 -0.087438934 -3.535344839 -0.985100865 0.015207784 0.171303779 59.909236908
0.177381888 0.089066572 0.980103493 57.182895660 -0.001096476 0.995913446 -0.090304874 -3.603828907 -0.984141409 0.014943788 0.176754683 60.051593781
0.182094872 0.088626839 0.979278564 57.972503662 -0.003497030 0.995981574 -0.089488231 -3.675212145 -0.983274639 0.012870783 0.181673110 60.223220825
0.187307537 0.085351616 0.978586257 58.752315521 -0.000044867 0.996218681 -0.086880922 -3.746950626 -0.982301295 0.016229546 0.186603114 60.375022888
0.192136511 0.078622691 0.978213608 59.532409668 0.000269920 0.996781349 -0.080168054 -3.811027527 -0.981368184 0.015667250 0.191496849 60.514083862
0.194990516 0.072270572 0.978138804 60.300453186 -0.001227669 0.997298777 -0.073441483 -3.872210741 -0.980804384 0.013119563 0.194552526 60.678279877
0.198465839 0.069002397 0.977675796 61.054977417 -0.004840133 0.997575462 -0.069424331 -3.930416584 -0.980095863 0.009046276 0.198318616 60.839691162
0.201371044 0.069473237 0.977048159 61.800872803 -0.006949413 0.997557759 -0.069499306 -3.981056452 -0.979490399 0.007205233 0.201362073 61.006023407
0.203437418 0.071172781 0.976497650 62.533405304 -0.008623805 0.997445941 -0.070902988 -4.039490223 -0.979049981 0.006003193 0.203531578 61.166946411
0.204946116 0.075789928 0.975834489 63.263313293 -0.013433730 0.997121334 -0.074621849 -4.089922905 -0.978681087 0.002184359 0.205374300 61.329547882
0.206978008 0.079661906 0.975096881 63.979530334 -0.013655253 0.996817589 -0.078537881 -4.150485992 -0.978250325 0.002940417 0.207407102 61.486652374
0.209153518 0.085016131 0.974180102 64.675308228 -0.014242914 0.996372879 -0.083894953 -4.204253674 -0.977779090 0.003671761 0.209605753 61.641235352
0.210409656 0.086921588 0.973741412 65.367019653 -0.013269128 0.996201694 -0.086059272 -4.260829926 -0.977523267 0.005187000 0.210763797 61.794975281
0.211627454 0.087120168 0.973459721 66.042617798 -0.016047688 0.996194601 -0.085666098 -4.313518047 -0.977218628 0.002507521 0.212220177 61.947776794
0.213038653 0.083976343 0.973428249 66.738731384 -0.015597002 0.996464849 -0.082550213 -4.374858379 -0.976919293 0.002403828 0.213595316 62.093475342
0.213767260 0.080981031 0.973522305 67.413925171 -0.015438925 0.996713698 -0.079520069 -4.436437130 -0.976762652 0.001968651 0.214314997 62.246330261
0.213134810 0.079842828 0.973754942 68.081771851 -0.014099327 0.996802807 -0.078646578 -4.488242626 -0.976921082 0.003033037 0.213579148 62.412162781
0.211837888 0.079126202 0.974096417 68.733039856 -0.014469663 0.996861696 -0.077828698 -4.539587498 -0.977197707 0.002392222 0.212318033 62.553485870
0.210137978 0.080134250 0.974382102 69.363822937 -0.015628731 0.996783257 -0.078605995 -4.588179588 -0.977546811 0.001289752 0.210714445 62.690525055
0.208253741 0.082462005 0.974592447 69.994201660 -0.016265713 0.996593714 -0.080847859 -4.646539688 -0.977939606 0.000984429 0.208885700 62.824600220
0.205666497 0.085810952 0.974852800 70.605133057 -0.014048904 0.996304452 -0.084735304 -4.701798439 -0.978521347 0.003731602 0.206111997 62.963546753
0.204002008 0.086807899 0.975114107 71.228294373 -0.011736445 0.996206105 -0.086230211 -4.752079964 -0.978900135 0.006146760 0.204246864 63.087257385
0.201927111 0.085735738 0.975640714 71.834388733 -0.012063767 0.996303260 -0.085054658 -4.795841694 -0.979326248 0.005404939 0.202214971 63.214607239
0.199743897 0.082833871 0.976340592 72.428466797 -0.012738038 0.996555626 -0.081942923 -4.846571922 -0.979765475 0.003930934 0.200111032 63.333740234
0.197251588 0.078904785 0.977172375 73.017379761 -0.012142510 0.996875882 -0.078044720 -4.898787975 -0.980277717 0.003529120 0.197593480 63.462593079
0.195278645 0.077568531 0.977675438 73.590965271 -0.008527801 0.996963978 -0.077395543 -4.954129696 -0.980710864 0.006776274 0.195347220 63.570930481
0.193911865 0.078972004 0.977835059 74.158828735 -0.004661071 0.996817529 -0.079580724 -4.998425484 -0.981007934 0.010873889 0.193662822 63.677944183
0.191165715 0.081237294 0.978190184 74.715415955 -0.000654351 0.996579528 -0.082636617 -5.035874367 -0.981557608 0.015157206 0.190564990 63.782867432
0.189614922 0.082900099 0.978352547 75.269805908 -0.001255788 0.996448874 -0.084190093 -5.081155777 -0.981857836 0.014735093 0.189045697 63.889144897
0.188532561 0.085856847 0.978306711 75.828926086 -0.001603400 0.996196628 -0.087117888 -5.120458126 -0.982065678 0.014855942 0.187953144 63.993812561
0.186932713 0.083923541 0.978781402 76.392639160 0.000118668 0.996342301 -0.085451931 -5.172939777 -0.982372642 0.016089913 0.186239034 64.109375000
0.187376797 0.082582764 0.978810549 76.959075928 0.006340784 0.996337295 -0.085275352 -5.211870193 -0.982267618 0.022185048 0.186166883 64.214797974
0.190254793 0.080864266 0.978398740 77.528312683 0.011152850 0.996359646 -0.084517457 -5.252233505 -0.981671393 0.026991786 0.188660339 64.305725098
0.191764355 0.079970017 0.978177607 78.100517273 0.014124378 0.996346653 -0.084224403 -5.301899433 -0.981339395 0.029967388 0.189934283 64.428184509
0.194895551 0.079754300 0.977576077 78.663719177 0.011618362 0.996430993 -0.083608866 -5.345143318 -0.980755210 0.027652830 0.193273351 64.547264099
0.199541196 0.080226146 0.976599753 79.232635498 0.009972169 0.996424973 -0.083892301 -5.399952888 -0.979838669 0.026478790 0.198027819 64.683540344
0.206622213 0.078984514 0.975227535 79.801757812 0.011437468 0.996473134 -0.083128497 -5.440598488 -0.978353918 0.028330330 0.204990149 64.795074463
0.214427859 0.079048365 0.973535776 80.388374329 0.010022234 0.996489167 -0.083119571 -5.490644455 -0.976688385 0.027580163 0.212882787 64.935508728
0.222802415 0.076801889 0.971833587 80.976036072 0.010718157 0.996638536 -0.081219420 -5.534297943 -0.974804759 0.028512150 0.221230313 65.076431274
0.231379926 0.076688588 0.969836175 81.566658020 0.007257817 0.996724367 -0.080546275 -5.578544140 -0.972836375 0.025675684 0.230065405 65.232803345
0.241170883 0.076193430 0.967487097 82.161560059 0.006094855 0.996774614 -0.080019236 -5.626623154 -0.970463514 0.025195008 0.239928633 65.391014099
0.250495940 0.080136776 0.964795291 82.770706177 0.000821951 0.996550202 -0.082987785 -5.671055317 -0.968117356 0.021581119 0.249565899 65.571083069
0.259961069 0.081963547 0.962134182 83.385276794 -0.002511092 0.996444941 -0.084207997 -5.720537186 -0.965615809 0.019474795 0.259242773 65.748291016
0.271125734 0.084550932 0.958823264 84.008773804 -0.006288443 0.996268809 -0.086074777 -5.765588284 -0.962523401 0.017307585 0.270645797 65.923553467
0.280812949 0.086150974 0.955888093 84.623680115 -0.007925707 0.996137381 -0.087450154 -5.822880268 -0.959729791 0.016981050 0.280411065 66.128349304
0.290558636 0.086912580 0.952901721 85.256927490 -0.011082652 0.996105134 -0.087473772 -5.874012947 -0.956793070 0.014855578 0.290390164 66.331657410
0.300688356 0.087239139 0.949724019 85.902603149 -0.011609253 0.996068597 -0.087820679 -5.922810555 -0.953651786 0.015381066 0.300519019 66.551490784
0.311122447 0.087816648 0.946303844 86.562232971 -0.015906122 0.996063471 -0.087204747 -5.978796482 -0.950236738 0.012079332 0.311294496 66.777961731
0.321646869 0.082517788 0.943257213 87.223312378 -0.015054006 0.996515036 -0.082043521 -6.029848099 -0.946740091 0.012189241 0.321768165 67.009384155
0.332545310 0.076177537 0.940005660 87.912506104 -0.011685914 0.996988714 -0.076661296 -6.076755524 -0.943014860 0.014508527 0.332434058 67.257164001
0.343085170 0.071589567 0.936572254 88.595184326 -0.010279818 0.997317851 -0.072467133 -6.131349564 -0.939247966 0.015234607 0.342900842 67.513900757
0.352999449 0.068325132 0.933125436 89.295516968 -0.011134042 0.997566104 -0.068831615 -6.181098938 -0.935557246 0.013908065 0.352900952 67.794387817
0.362998039 0.066186212 0.929436147 90.005661011 -0.004964800 0.997597337 -0.069100991 -6.224012375 -0.931776583 0.020469068 0.362454534 68.061065674
0.371903777 0.059868231 0.926338792 90.722389221 0.002299479 0.997855604 -0.065413482 -6.269975185 -0.928268552 0.026457611 0.370968580 68.333885193
0.378748178 0.050640728 0.924113214 91.455245972 0.012018530 0.998148561 -0.059623607 -6.307627678 -0.925421655 0.033688821 0.377438396 68.628379822
0.386048704 0.046152756 0.921323299 92.193428040 0.017416820 0.998204947 -0.057301994 -6.355462074 -0.922313988 0.038167879 0.384551883 68.928260803
0.393298924 0.046331342 0.918242693 92.921653748 0.019204168 0.998097718 -0.058586024 -6.401145935 -0.919210136 0.040675901 0.391660959 69.236381531
0.400299847 0.052571319 0.914874971 93.658584595 0.021345271 0.997547328 -0.066661440 -6.446027279 -0.916135550 0.046212826 0.398195863 69.567726135
0.407901347 0.056560285 0.911272407 94.386375427 0.025328636 0.996994257 -0.073218346 -6.492899418 -0.912674606 0.052947164 0.405242711 69.875900269
0.413308322 0.058622550 0.908702135 95.109184265 0.023514366 0.996905684 -0.075007893 -6.544374466 -0.910287499 0.052368950 0.410650939 70.207855225
0.417317718 0.059832018 0.906788886 95.818817139 0.016792316 0.997152209 -0.073522471 -6.603172302 -0.908605456 0.045909315 0.415124565 70.551620483
0.421344578 0.063564427 0.904670298 96.525817871 0.010004331 0.997154236 -0.074722052 -6.660778999 -0.906845450 0.040534351 0.419509590 70.898277283
0.425880998 0.067015328 0.902293921 97.248893738 0.008785376 0.996899843 -0.078188606 -6.719927788 -0.904736578 0.041226022 0.423971891 71.232742310
0.429848224 0.071006618 0.900104702 97.935646057 0.005723472 0.996668518 -0.081357509 -6.777420521 -0.902882993 0.040123101 0.428009808 71.565963745
0.433053881 0.073758572 0.898345113 98.610443115 0.002766909 0.996532917 -0.083154090 -6.837810516 -0.901363730 0.038495842 0.431348324 71.906402588
0.437088817 0.072350115 0.896503627 99.298011780 0.002014963 0.996678114 -0.081416853 -6.892649174 -0.899416149 0.037392814 0.435491085 72.243026733
0.441436768 0.069498226 0.894596875 99.976249695 0.002259652 0.996906698 -0.078561351 -6.953379631 -0.897289515 0.036701340 0.439914256 72.570442200
0.444944501 0.066692710 0.893071353 100.632598877 0.002270931 0.997135878 -0.075595453 -7.007899284 -0.895555317 0.035663884 0.443518758 72.900459290
0.448428869 0.065316685 0.891428828 101.274795532 0.001641809 0.997264504 -0.073897369 -7.065196037 -0.893817067 0.034601267 0.447094977 73.228561401
0.452032626 0.067200504 0.889466465 101.906394958 -0.000620026 0.997181594 -0.075023428 -7.116069317 -0.892001212 0.033361550 0.450800329 73.551605225
0.454721719 0.067374870 0.888081491 102.531723022 0.000689409 0.997107625 -0.075999200 -7.168783188 -0.890633345 0.035170734 0.453360111 73.875907898
0.456829280 0.065964282 0.887105227 103.154075623 0.002262863 0.997157395 -0.075312957 -7.224774361 -0.889551401 0.036412563 0.455381453 74.199081421
0.458522141 0.064661629 0.886327505 103.759521484 0.004627028 0.997162163 -0.075141236 -7.271927834 -0.888670921 0.038554978 0.456921786 74.510360718
0.460260719 0.064589620 0.885431111 104.358039856 0.003083633 0.997227550 -0.074347772 -7.325441837 -0.887778401 0.036949705 0.458785474 74.828941345
0.462312639 0.063625515 0.884431422 104.946319580 0.005030785 0.997218132 -0.074369043 -7.371889114 -0.886702716 0.038831133 0.460706472 75.136871338
0.464851111 0.065613724 0.882954299 105.520401001 0.003968235 0.997085810 -0.076184198 -7.423471451 -0.885379910 0.038918082 0.463236153 75.439453125
0.468242347 0.065316364 0.881182671 106.091613770 0.006820292 0.996967316 -0.077522896 -7.473616600 -0.883573771 0.042309422 0.466376752 75.727386475
0.471085489 0.064811304 0.879703343 106.652290344 0.008126479 0.996935725 -0.077800073 -7.530283928 -0.882050157 0.043799378 0.469115257 76.026298523
0.474438339 0.063200749 0.878016949 107.202728271 0.011122242 0.996909320 -0.077768683 -7.574602127 -0.880218446 0.046661973 0.472269118 76.316390991
0.477649748 0.062073320 0.876354694 107.735221863 0.012910794 0.996897101 -0.077648416 -7.618668556 -0.878455579 0.048403177 0.475366235 76.605491638
0.480648369 0.061763294 0.874735594 108.265937805 0.013776944 0.996861517 -0.077956475 -7.665278435 -0.876805246 0.049520835 0.478288919 76.905578613
0.484351337 0.060927495 0.872749507 108.791992188 0.014221958 0.996891856 -0.077486776 -7.713849545 -0.874758005 0.049943026 0.481979400 77.195121765
0.487526298 0.060633332 0.871000409 109.326538086 0.015212903 0.996844351 -0.077908911 -7.762818813 -0.872975707 0.051233094 0.485065401 77.504920959
0.491538882 0.061911408 0.868652105 109.837753296 0.014933869 0.996723831 -0.079489991 -7.804176807 -0.870727599 0.052044760 0.489003897 77.793205261
0.495638341 0.061882187 0.866321683 110.344314575 0.017119065 0.996568620 -0.080979981 -7.849223137 -0.868360400 0.054967407 0.492878228 78.086387634
0.500581682 0.065211698 0.863229573 110.849098206 0.014804761 0.996367991 -0.083854683 -7.898849487 -0.865562677 0.054756030 0.497798115 78.384666443
0.506082892 0.070941322 0.859562337 111.337295532 0.011563584 0.995963812 -0.089007072 -7.946702003 -0.862407386 0.054984566 0.503219962 78.672378540
0.511764348 0.078075960 0.855570793 111.840217590 0.005946427 0.995516181 -0.094403714 -7.998859882 -0.859105289 0.053400032 0.509005427 78.992301941
0.518046081 0.084450752 0.851173460 112.329376221 0.000862092 0.995061994 -0.099251598 -8.045473099 -0.855352283 0.052150697 0.515415251 79.299873352
0.524511755 0.088745058 0.846765459 112.826095581 -0.002909982 0.994733930 -0.102450311 -8.099889755 -0.851398289 0.051272314 0.522007763 79.619194031
0.530109644 0.089157067 0.843228698 113.322959900 -0.007032426 0.994884849 -0.100771055 -8.150067329 -0.847899854 0.047489762 0.528025031 79.942428589
0.535348237 0.088271722 0.840006173 113.837837219 -0.013539511 0.995293021 -0.095961057 -8.204700470 -0.844522953 0.039999317 0.534023464 80.290466309
0.541238487 0.086058661 0.836453676 114.345298767 -0.019602049 0.995770037 -0.089766189 -8.251829147 -0.840640664 0.032188706 0.540635884 80.636535645
0.547310829 0.084366657 0.832666457 114.861305237 -0.025816899 0.996134698 -0.083960034 -8.303494453 -0.836531222 0.024455354 0.547373235 80.986198425
0.553347051 0.082533047 0.828851819 115.381294250 -0.028690850 0.996377051 -0.080060206 -8.354354858 -0.832456648 0.020520616 0.553710043 81.349632263
0.559432149 0.085969076 0.824405849 115.913078308 -0.033866242 0.996146977 -0.080896989 -8.409637451 -0.828184009 0.017336855 0.560188055 81.728080750
0.565580130 0.089881554 0.819780767 116.440856934 -0.037615106 0.995820165 -0.083231404 -8.454437256 -0.823835075 0.016237890 0.566596985 82.107894897
0.571602941 0.093265042 0.815212727 116.975059509 -0.040633176 0.995517731 -0.085402206 -8.501833916 -0.819523692 0.015691468 0.572830617 82.505409241
0.578206360 0.095257051 0.810310721 117.516319275 -0.043055285 0.995339751 -0.086285755 -8.553339958 -0.814753711 0.015002820 0.579613090 82.895477295
