1.000000000 -0.000000000 0.000000000 0.000000000 -0.000000000 0.999999940 0.000000000 -0.000000119 0.000000000 0.000000000 0.999999940 0.000000007
0.999991179 -0.002543878 -0.003345262 0.000014086 0.002537339 0.999994814 -0.001957320 -0.006068046 0.003350224 0.001948814 0.999992430 0.696433246
0.999972761 -0.001546959 -0.007212954 -0.009717692 0.001521206 0.999992371 -0.003574433 -0.007897226 0.007218428 0.003563363 0.999967515 1.399104476
0.999934494 -0.001629775 -0.011331706 -0.020775273 0.001573269 0.999986291 -0.004993640 -0.012890618 0.011339689 0.004975486 0.999923289 2.129130125
0.999867439 -0.000472081 -0.016277319 -0.036971785 0.000382912 0.999984920 -0.005480775 -0.017818330 0.016279660 0.005473816 0.999852479 2.873997688
0.999787152 -0.001703882 -0.020561874 -0.053483844 0.001583445 0.999981523 -0.005872153 -0.022956505 0.020571500 0.005838344 0.999771357 3.634889841
0.999690771 0.000373167 -0.024864972 -0.087483369 -0.000547011 0.999975443 -0.006985086 -0.033380333 0.024861753 0.006996529 0.999666393 4.414227962
0.999554813 0.003076240 -0.029678199 -0.118271649 -0.003318943 0.999961436 -0.008132026 -0.030777324 0.029652033 0.008226907 0.999526441 5.202415943
0.999415994 0.003246756 -0.034015220 -0.151053578 -0.003446210 0.999977231 -0.005806683 -0.049440872 0.033995584 0.005920514 0.999404430 6.023394108
0.999253571 0.002029938 -0.038577531 -0.181939870 -0.002155870 0.999992490 -0.003223064 -0.053923100 0.038570691 0.003303825 0.999250352 6.846681595
0.999136925 0.002032518 -0.041489813 -0.230326802 -0.002055439 0.999997675 -0.000509772 -0.064757586 0.041488692 0.000594612 0.999138713 7.680967331
0.999032617 0.003505594 -0.043839335 -0.273620248 -0.003562695 0.999992907 -0.001224437 -0.070347369 0.043834735 0.001379438 0.999037862 8.522530556
0.998932660 0.002933072 -0.046098031 -0.312002242 -0.002998566 0.999994636 -0.001351655 -0.078554884 0.046093818 0.001488440 0.998935997 9.363316536
0.998839617 -0.000217074 -0.048159771 -0.354081392 0.000141715 0.999998748 -0.001568170 -0.091321543 0.048160061 0.001559525 0.998838425 10.225416183
0.998754680 -0.000003298 -0.049891923 -0.399082094 -0.000039738 0.999999583 -0.000861589 -0.096822530 0.049891900 0.000862498 0.998754203 11.077651024
0.998689115 -0.001621549 -0.051161688 -0.445913613 0.001562314 0.999998033 -0.001197765 -0.104326554 0.051163528 0.001116264 0.998689592 11.945250511
0.998587012 0.000242810 -0.053140905 -0.502253294 -0.000415262 0.999994695 -0.003234153 -0.118271455 0.053139836 0.003251650 0.998581767 12.848550797
0.998530447 0.000793234 -0.054189358 -0.556218743 -0.001132778 0.999979913 -0.006235445 -0.121931270 0.054183327 0.006287665 0.998511195 13.736347198
0.998449385 0.004576786 -0.055477519 -0.620101571 -0.005019015 0.999956787 -0.007834610 -0.134616405 0.055439256 0.008100903 0.998429179 14.622389793
0.998349011 0.005460050 -0.057178911 -0.674241602 -0.005877556 0.999957263 -0.007136120 -0.153789788 0.057137497 0.007460411 0.998338342 15.549233437
0.998298049 0.004906882 -0.058110293 -0.733517170 -0.005222806 0.999972343 -0.005286001 -0.172265142 0.058082748 0.005580503 0.998296142 16.457855225
0.998226583 0.005457894 -0.059279263 -0.791952193 -0.005707287 0.999975622 -0.004038582 -0.180388600 0.059255771 0.004369744 0.998233140 17.388990402
0.998127937 0.004859919 -0.060967356 -0.850543559 -0.005114846 0.999978781 -0.004025998 -0.192106605 0.060946506 0.004330300 0.998131573 18.338432312
0.998038709 0.004498078 -0.062437102 -0.907870054 -0.004799071 0.999977589 -0.004671620 -0.205392107 0.062414683 0.004962099 0.998037934 19.269001007
0.998017073 0.003233136 -0.062860511 -0.976789296 -0.003573870 0.999979436 -0.005308796 -0.220218331 0.062842056 0.005522924 0.998008251 20.218744278
0.997953355 0.003597468 -0.063845187 -1.036683917 -0.003844853 0.999985456 -0.003752341 -0.228082418 0.063830763 0.003990135 0.997952700 21.156345367
0.997962832 0.005071808 -0.063595861 -1.102414250 -0.005114487 0.999986708 -0.000508313 -0.238251984 0.063592434 0.000832538 0.997975528 22.107261658
0.998009503 0.005690113 -0.062807925 -1.162241220 -0.005471388 0.999978304 0.003653865 -0.252277970 0.062827356 -0.003302946 0.998018980 23.061840057
0.998114705 0.004340824 -0.061222948 -1.229720473 -0.003950751 0.999971032 0.006490990 -0.259174705 0.061249357 -0.006236874 0.998102963 24.022569656
0.998192251 0.004561770 -0.059929136 -1.283549070 -0.004149538 0.999966741 0.007001321 -0.261454493 0.059959091 -0.006739985 0.998178065 24.992923737
0.998290718 0.004747764 -0.058251396 -1.343995452 -0.004483013 0.999978960 0.004674808 -0.273078144 0.058272369 -0.004405675 0.998290956 25.957681656
0.998340964 0.005894875 -0.057276819 -1.401337981 -0.005914637 0.999982417 -0.000175521 -0.277872562 0.057274785 0.000514001 0.998358250 26.928852081
0.998414278 0.004176732 -0.056139044 -1.465642571 -0.004345788 0.999986351 -0.002889641 -0.287753373 0.056126211 0.003129028 0.998418748 27.935253143
0.998486102 0.002040869 -0.054967143 -1.522778392 -0.002156979 0.999995530 -0.002053122 -0.293639243 0.054962698 0.002168576 0.998486042 28.916439056
0.998452663 0.000154279 -0.055608302 -1.571585536 0.000008788 0.999995708 0.002932176 -0.303184152 0.055608515 -0.002928128 0.998448253 29.913000107
0.998415351 -0.003192221 -0.056183316 -1.631617427 0.003566908 0.999972045 0.006570003 -0.321416944 0.056160767 -0.006759993 0.998398781 30.923286438
0.998328865 -0.010507466 -0.056825228 -1.680975676 0.010869016 0.999922574 0.006057165 -0.328611642 0.056757186 -0.006664677 0.998365760 31.920541763
0.998198509 -0.012907109 -0.058593221 -1.734730005 0.013051659 0.999912620 0.002084962 -0.332740396 0.058561184 -0.002845945 0.998279750 32.920707703
0.998118162 -0.012731051 -0.059985429 -1.795608401 0.012626830 0.999917924 -0.002116238 -0.334609479 0.060007457 0.001354829 0.998197019 33.923236847
0.998000801 -0.011400730 -0.062164851 -1.862532377 0.011256003 0.999933064 -0.002677849 -0.348004162 0.062191218 0.001972767 0.998062253 34.947097778
0.997952282 -0.011584340 -0.062904797 -1.924412251 0.011523879 0.999932647 -0.001323901 -0.357348323 0.062915899 0.000596283 0.998018682 35.966007233
0.997905433 -0.008314153 -0.064152621 -1.996143103 0.008432686 0.999963164 0.001577104 -0.372450501 0.064137161 -0.002114780 0.997938752 36.987689972
0.997839391 -0.007753269 -0.065242104 -2.067839861 0.007963290 0.999963880 0.002959643 -0.383535951 0.065216795 -0.003472790 0.997865021 38.014514923
0.997793376 -0.006693690 -0.066056848 -2.146387577 0.007091666 0.999957979 0.005792123 -0.396450967 0.066015303 -0.006247796 0.997799039 39.051284790
0.997791529 -0.007062167 -0.066046901 -2.216392517 0.007662516 0.999931455 0.008840838 -0.400274903 0.065979928 -0.009327400 0.997777402 40.083065033
0.997800887 -0.000933433 -0.066276014 -2.301675081 0.001671669 0.999937117 0.011084235 -0.405979723 0.066261515 -0.011170649 0.997739732 41.112167358
0.997797251 -0.000938541 -0.066330723 -2.374107599 0.001628925 0.999944985 0.010354897 -0.406006068 0.066317357 -0.010440134 0.997743905 42.120334625
0.997781932 -0.001215452 -0.066555776 -2.433457851 0.001819132 0.999957740 0.009010444 -0.414803892 0.066542014 -0.009111533 0.997742057 43.149517059
0.997774720 0.000832260 -0.066670038 -2.503432274 -0.000385629 0.999977350 0.006711716 -0.419804126 0.066674106 -0.006671072 0.997752488 44.179153442
0.997722268 0.000472258 -0.067453548 -2.577537298 -0.000008961 0.999976277 0.006868523 -0.426307231 0.067455202 -0.006852272 0.997698784 45.195106506
0.997619927 -0.001102441 -0.068944171 -2.645588160 0.001632682 0.999969482 0.007635009 -0.424127072 0.068933666 -0.007729401 0.997591257 46.212303162
0.997571707 -0.001009848 -0.069639780 -2.718616962 0.001625370 0.999960005 0.008782548 -0.432675451 0.069628127 -0.008874410 0.997533500 47.235694885
0.997555435 0.001129331 -0.069869235 -2.792079210 -0.000756330 0.999985337 0.005364772 -0.440965027 0.069874257 -0.005298815 0.997541726 48.243530273
0.997495174 0.001155198 -0.070725523 -2.868060827 -0.001068523 0.999998510 0.001263320 -0.445948452 0.070726886 -0.001184582 0.997495055 49.238170624
0.997478783 0.002238906 -0.070930474 -2.944859505 -0.002232729 0.999997437 0.000166367 -0.458676398 0.070930675 -0.000007579 0.997481227 50.227554321
0.997479916 0.001080959 -0.070941165 -3.030720472 -0.000812125 0.999992371 0.003818275 -0.473803848 0.070944764 -0.003751040 0.997473121 51.253585815
0.997457862 -0.000703091 -0.071255177 -3.095786095 0.001190476 0.999976158 0.006797754 -0.479869306 0.071248703 -0.006865301 0.997434914 52.243808746
0.997441232 -0.002480139 -0.071447685 -3.165758848 0.003015466 0.999968171 0.007385687 -0.485054582 0.071427085 -0.007582237 0.997416914 53.233436584
0.997393489 -0.005882883 -0.071914516 -3.231583595 0.006350683 0.999960065 0.006278033 -0.497621238 0.071874723 -0.006718373 0.997390926 54.235141754
0.997353077 -0.008578891 -0.072202116 -3.303127766 0.008971669 0.999946654 0.005117420 -0.506039977 0.072154365 -0.005751646 0.997376859 55.203773499
0.997267246 -0.010238510 -0.073164418 -3.375961781 0.010731503 0.999922276 0.006348253 -0.515521646 0.073093720 -0.007116068 0.997299671 56.187549591
0.997131526 -0.013532825 -0.074468471 -3.438556910 0.014352958 0.999841869 0.010488995 -0.520692766 0.074314758 -0.011527751 0.997168124 57.176712036
0.997103155 -0.014003208 -0.074760243 -3.512340546 0.015177215 0.999769807 0.015158673 -0.519554853 0.074530765 -0.016249415 0.997086287 58.153293610
0.997070074 -0.012374999 -0.075486220 -3.587856531 0.013754473 0.999747217 0.017782079 -0.524892807 0.075247087 -0.018768249 0.996988237 59.121715546
0.996943772 -0.011719049 -0.077238083 -3.660237789 0.012832359 0.999820650 0.013933513 -0.526157796 0.077060923 -0.014882079 0.996915221 60.080821991
0.996918201 -0.009471126 -0.077873312 -3.746477842 0.009958016 0.999933183 0.005866376 -0.526733875 0.077812530 -0.006623761 0.996946037 61.025856018
0.996824503 -0.008456587 -0.079178862 -3.817708492 0.008556201 0.999962866 0.000918929 -0.529299319 0.079168156 -0.001593479 0.996859968 61.963123322
0.996776760 -0.003826628 -0.080133475 -3.901964188 0.004012825 0.999989569 0.002162664 -0.545769811 0.080124371 -0.002477256 0.996781766 62.893459320
0.996705234 -0.000919486 -0.081102900 -3.979492188 0.001285304 0.999989212 0.004458449 -0.557578862 0.081097931 -0.004548002 0.996695757 63.806976318
0.996604323 0.001324992 -0.082329422 -4.055655003 -0.000819663 0.999980569 0.006171402 -0.570906520 0.082336001 -0.006082963 0.996586084 64.701103210
0.996532202 0.002028092 -0.083183438 -4.141457081 -0.001558633 0.999982476 0.005708205 -0.574564695 0.083193570 -0.005558757 0.996517837 65.604759216
0.996405959 0.003775713 -0.084621914 -4.220775604 -0.003234206 0.999973357 0.006535304 -0.581335366 0.084644325 -0.006238130 0.996391654 66.471618652
0.996292889 0.004739860 -0.085895739 -4.298406601 -0.004128786 0.999964893 0.007290395 -0.595797300 0.085927263 -0.006908724 0.996277392 67.326065063
0.996136069 0.004482996 -0.087708354 -4.376970291 -0.003806786 0.999961853 0.007875489 -0.606703341 0.087740310 -0.007511175 0.996115029 68.201896667
0.996021688 0.004212468 -0.089010760 -4.449734211 -0.003446485 0.999955714 0.008757450 -0.610164762 0.089043699 -0.008415838 0.995992124 69.036804199
0.995898962 0.007229916 -0.090183206 -4.535637379 -0.006216796 0.999914467 0.011509855 -0.615464747 0.090258695 -0.010902002 0.995858610 69.863113403
0.995791256 0.008664955 -0.091240682 -4.616836548 -0.007262045 0.999850452 0.015696716 -0.618967533 0.091363043 -0.014968056 0.995705187 70.663246155
0.995605588 0.012094921 -0.092862166 -4.693926811 -0.010520580 0.999792874 0.017424399 -0.622130036 0.093053669 -0.016370863 0.995526433 71.447090149
0.995453119 0.014692354 -0.094112821 -4.779335976 -0.013500877 0.999820590 0.013284356 -0.625856161 0.094291113 -0.011953351 0.995472908 72.231513977
0.995338738 0.014549978 -0.095336586 -4.855442524 -0.014049573 0.999883711 0.005918003 -0.630023122 0.095411599 -0.004550977 0.995427549 72.974731445
0.995181561 0.013638742 -0.097096458 -4.924930573 -0.013694238 0.999906361 0.000094849 -0.636839032 0.097088665 0.001235270 0.995274842 73.712516785
0.995129526 0.014468369 -0.097509101 -5.002618790 -0.014637276 0.999892354 -0.001017060 -0.644453883 0.097483896 0.002439374 0.995234013 74.423049927
0.995025396 0.017185962 -0.098127611 -5.078066826 -0.016993396 0.999851644 0.002797894 -0.658336341 0.098161146 -0.001116454 0.995169818 75.120437622
0.994888127 0.017633909 -0.099431664 -5.147157669 -0.017219923 0.999839067 0.005020285 -0.672877550 0.099504203 -0.003282417 0.995031595 75.790344238
0.994852126 0.014204259 -0.100337341 -5.215860367 -0.014102235 0.999899089 0.001726046 -0.682890236 0.100351721 -0.000302179 0.994951904 76.442840576
0.994935513 0.006507596 -0.100304551 -5.272199631 -0.006889639 0.999970257 -0.003462897 -0.694317341 0.100279011 0.004136421 0.994950712 77.079483032
0.995075166 0.002197303 -0.099098437 -5.329857349 -0.003041463 0.999960363 -0.008368153 -0.704394341 0.099076115 0.008628346 0.995042324 77.698638916
0.995349646 0.004664272 -0.096214913 -5.380372524 -0.005480217 0.999951124 -0.008217930 -0.720817745 0.096171878 0.008706994 0.995326579 78.281791687
0.995747447 0.009500108 -0.091635272 -5.449802876 -0.010034337 0.999935210 -0.005370975 -0.729577899 0.091578297 0.006267634 0.995778143 78.866638184
0.996168256 0.008057270 -0.087086551 -5.496357441 -0.008324188 0.999961674 -0.002702255 -0.732550025 0.087061435 0.003416826 0.996196926 79.446640015
0.996630907 0.004481761 -0.081896499 -5.521688461 -0.004336085 0.999988616 0.001956563 -0.751595020 0.081904337 -0.001594861 0.996638894 79.993537903
0.997294366 0.000159736 -0.073512837 -5.556977272 0.000246735 0.999984682 0.005520149 -0.763899565 0.073512606 -0.005523351 0.997278929 80.541610718
0.998002887 0.003656751 -0.063063189 -5.579343796 -0.003331025 0.999980509 0.005269433 -0.769657016 0.063081235 -0.005048844 0.997995615 81.070083618
0.998809516 0.008662767 -0.048007131 -5.604898453 -0.008449274 0.999953389 0.004648248 -0.773572206 0.048045177 -0.004237089 0.998836160 81.586990356
0.999457836 0.013900858 -0.029844683 -5.618343353 -0.013741550 0.999890208 0.005536327 -0.782826066 0.029918361 -0.005123214 0.999539196 82.083007812
0.999892056 0.012504559 -0.007717801 -5.607300282 -0.012458560 0.999904454 0.005979638 -0.784814358 0.007791838 -0.005882839 0.999952257 82.579620361
0.999788523 0.009044849 0.018469084 -5.573725224 -0.009174071 0.999934018 0.006924037 -0.789186537 -0.018405234 -0.007092009 0.999805450 83.056747437
0.998803794 0.007923689 0.048251696 -5.536851883 -0.008349618 0.999927759 0.008632123 -0.796578825 -0.048179820 -0.009024680 0.998797953 83.521804810
0.996668339 0.007533347 0.081211388 -5.477322578 -0.008415630 0.999909163 0.010527218 -0.805756032 -0.081124708 -0.011175591 0.996641278 83.970344543
0.992875457 0.007294078 0.118932262 -5.400808334 -0.008633064 0.999904990 0.010747078 -0.805465460 -0.118842557 -0.011697261 0.992844164 84.420646667
0.987071931 0.007710533 0.160091549 -5.296830177 -0.009531481 0.999898314 0.010609613 -0.806648910 -0.159993440 -0.011998363 0.987045169 84.859565735
0.978632927 0.007437858 0.205480903 -5.181394577 -0.009823032 0.999895632 0.010590079 -0.811308801 -0.205380678 -0.012382247 0.978603780 85.283348083
0.967119396 0.009275360 0.254153430 -5.055200577 -0.011866516 0.999892056 0.008663985 -0.820155263 -0.254045576 -0.011395025 0.967125118 85.670143127
0.951599956 0.010166108 0.307171077 -4.897756577 -0.012742586 0.999898493 0.006383319 -0.832400858 -0.307074904 -0.009988517 0.951633036 86.056182861
0.931715012 0.010607810 0.363035321 -4.711975098 -0.012839463 0.999910533 0.003734783 -0.831292748 -0.362963200 -0.008140929 0.931767941 86.436820984
0.907538831 0.011282811 0.419816554 -4.510272980 -0.013149588 0.999912322 0.001552916 -0.831977606 -0.419762194 -0.006929745 0.907607615 86.780784607
0.878118932 0.011877704 0.478294909 -4.297359467 -0.013327518 0.999911129 -0.000362756 -0.836368978 -0.478256643 -0.006055940 0.878199220 87.116195679
0.845460057 0.010198148 0.533941269 -4.038631439 -0.010184207 0.999943733 -0.002972675 -0.839416087 -0.533941507 -0.002924489 0.845516384 87.415237427
0.808831394 0.009889260 0.587957203 -3.764648438 -0.010038976 0.999945045 -0.003008514 -0.860955358 -0.587954700 -0.003469107 0.808886409 87.714248657
0.768646538 0.008517660 0.639617026 -3.486324310 -0.009166275 0.999955297 -0.002300839 -0.865223646 -0.639607966 -0.004094373 0.768690288 87.992439270
0.725737274 0.008242036 0.687922537 -3.190868378 -0.010967666 0.999939740 -0.000409777 -0.870790422 -0.687884450 -0.007247515 0.725783944 88.249832153
0.681257248 0.007113967 0.732009470 -2.872726440 -0.010246682 0.999947488 -0.000181647 -0.874886572 -0.731972337 -0.007376922 0.681294322 88.472068787
0.635127604 0.006002896 0.772383928 -2.543182373 -0.007119984 0.999972820 -0.001916967 -0.879052937 -0.772374451 -0.004281842 0.635152996 88.678329468
0.589031518 0.003754824 0.808101356 -2.198467255 -0.001234255 0.999992192 -0.003746781 -0.879056573 -0.808109045 0.001209568 0.589031518 88.855361938
0.543264389 0.005701191 0.839542270 -1.847724915 -0.002641352 0.999983549 -0.005081511 -0.884973526 -0.839557409 0.000543076 0.543270528 89.022109985
0.495483637 0.007956346 0.868580818 -1.510192871 -0.007751330 0.999958754 -0.004738030 -0.909115851 -0.868582666 -0.004385041 0.495524883 89.185508728
0.450235605 0.009921605 0.892854571 -1.161373138 -0.008355219 0.999941289 -0.006898328 -0.915812016 -0.892870724 -0.004354123 0.450292021 89.321281433
0.408604801 0.007834729 0.912677824 -0.797000885 -0.001403894 0.999967396 -0.007955531 -0.917383552 -0.912710428 0.001969365 0.408602327 89.428199768
0.367740721 0.000433192 0.929928243 -0.432556152 0.012929546 0.999900818 -0.005578783 -0.923711956 -0.929838479 0.014075093 0.367698610 89.534729004
0.332946122 -0.003331978 0.942939937 -0.056900024 0.017372830 0.999845684 -0.002601175 -0.926570117 -0.942785800 0.017247587 0.332952619 89.624114990
0.300259084 0.000662399 0.953857481 0.310882568 0.014518584 0.999880791 -0.005264577 -0.933047295 -0.953747153 0.015429395 0.300213635 89.715118408
0.268766940 0.008496523 0.963167787 0.679761887 0.003984571 0.999942660 -0.009932805 -0.941575348 -0.963197052 0.006507420 0.268717617 89.824768066
0.240226984 0.012472828 0.970636725 1.063119888 -0.000513270 0.999918938 -0.012722081 -0.957180202 -0.970716596 0.002557989 0.240213871 89.910438538
0.214986742 0.014149706 0.976514459 1.460905075 0.000658697 0.999892712 -0.014633473 -0.971790314 -0.976616681 0.003789230 0.214954287 89.971473694
0.191258430 0.015699059 0.981414199 1.876550674 0.007826198 0.999815881 -0.017518593 -0.981305182 -0.981508434 0.011031320 0.191100389 90.032341003
0.171556354 0.021910124 0.984930694 2.302547455 0.014436272 0.999589384 -0.024750736 -0.982591391 -0.985068440 0.018464871 0.171169579 90.078819275
0.152054176 0.028891385 0.987949789 2.733946800 0.016072525 0.999368250 -0.031699006 -0.981329501 -0.988241494 0.020698817 0.151493743 90.127082825
0.134297311 0.029592838 0.990499020 3.179806709 0.013718698 0.999402642 -0.031718906 -0.993568182 -0.990846157 0.017848119 0.133811101 90.184516907
0.118898392 0.025026157 0.992591023 3.641924858 0.012247743 0.999569237 -0.026669212 -1.015416861 -0.992830932 0.015327930 0.118540682 90.233306885
0.104487434 0.021918422 0.994284630 4.121818542 0.012444922 0.999650002 -0.023344511 -1.034169078 -0.994448245 0.014813003 0.104178086 90.274902344
0.091148183 0.019410485 0.995648205 4.610526085 0.015061072 0.999668777 -0.020867661 -1.048724174 -0.995723367 0.016897576 0.090825647 90.309272766
0.079556540 0.018574532 0.996657312 5.122789383 0.018363351 0.999629378 -0.020095749 -1.063984036 -0.996661186 0.019900717 0.079185978 90.337104797
0.069661826 0.019491104 0.997380197 5.635469913 0.021505611 0.999547362 -0.021035515 -1.075440884 -0.997338772 0.022914644 0.069211125 90.359809875
0.061915282 0.019931266 0.997882366 6.183904648 0.023777634 0.999487340 -0.021438645 -1.090828180 -0.997798264 0.025054650 0.061409615 90.387199402
0.056357622 0.020105265 0.998208225 6.744381428 0.025720757 0.999436200 -0.021582160 -1.104026437 -0.998079360 0.026890989 0.055808719 90.412216187
0.050825108 0.021285385 0.998480678 7.320033550 0.026551614 0.999390602 -0.022656327 -1.118735194 -0.998354435 0.027662780 0.050228972 90.436851501
0.044704106 0.021862512 0.998761177 7.909801006 0.026723847 0.999376476 -0.023072133 -1.137397885 -0.998642743 0.027722152 0.044091977 90.460533142
0.040238526 0.021769010 0.998952925 8.521623611 0.028873973 0.999319792 -0.022940066 -1.155494094 -0.998772800 0.029766811 0.039582595 90.477569580
0.037491284 0.021810317 0.999058902 9.153472900 0.031015502 0.999254704 -0.022978498 -1.171599030 -0.998815536 0.031847797 0.036786877 90.495559692
0.034374125 0.021245277 0.999183178 9.806439400 0.031226085 0.999263048 -0.022321217 -1.190401793 -0.998921096 0.031967860 0.033685390 90.519058228
0.031926777 0.020606924 0.999277711 10.474120140 0.033011265 0.999220133 -0.021660443 -1.208452940 -0.998944938 0.033678964 0.031221621 90.538429260
0.031270873 0.020396054 0.999302804 11.163887024 0.037906166 0.999048412 -0.021577042 -1.224531531 -0.998791873 0.038554475 0.030467972 90.551254272
0.032552958 0.019868929 0.999272585 11.865946770 0.041579209 0.998909891 -0.021216229 -1.244361997 -0.998604715 0.042239618 0.031691335 90.566047668
0.034918286 0.019940909 0.999191284 12.586514473 0.042861879 0.998851061 -0.021431992 -1.257899046 -0.998470545 0.043575577 0.034023464 90.591812134
0.038590822 0.019804172 0.999058843 13.328619003 0.045661017 0.998724282 -0.021561293 -1.284085035 -0.998211324 0.046450116 0.037637308 90.620147705
0.042878442 0.019283844 0.998894155 14.085594177 0.045785949 0.998725355 -0.021245984 -1.300192714 -0.998030603 0.046646308 0.041940849 90.651596069
0.047014885 0.017395042 0.998742819 14.856864929 0.047965650 0.998655677 -0.019651465 -1.322272539 -0.997741878 0.048829261 0.046117306 90.687210083
0.051274881 0.015695164 0.998561203 15.634383202 0.047504906 0.998706341 -0.018136758 -1.346729755 -0.997554064 0.048366521 0.050462946 90.727958679
0.055098426 0.013732584 0.998386443 16.458141327 0.044478893 0.998879015 -0.016194038 -1.364360809 -0.997489750 0.045299392 0.054425851 90.779579163
0.059113815 0.012557281 0.998172283 17.270452499 0.043847807 0.998923123 -0.015163487 -1.383440018 -0.997287750 0.044664040 0.058499552 90.832176208
0.063454799 0.013768770 0.997889757 18.091545105 0.040866330 0.999030232 -0.016383158 -1.400796175 -0.997147679 0.041819677 0.062830590 90.883659363
0.066751398 0.017215699 0.997621179 18.945228577 0.038820267 0.999049246 -0.019837830 -1.434766412 -0.997014225 0.040052123 0.066019624 90.949142456
0.068249971 0.022834456 0.997406960 19.767791748 0.033601426 0.999118149 -0.025172897 -1.452611685 -0.997102201 0.035232350 0.067422524 91.009704590
0.068157442 0.026136428 0.997332096 20.602037430 0.030596090 0.999131799 -0.028274521 -1.476920724 -0.997205317 0.032441583 0.067298599 91.070663452
0.068389319 0.025554959 0.997331262 21.443416595 0.028067479 0.999226868 -0.027528178 -1.510676265 -0.997263849 0.029875217 0.067619197 91.127517700
0.067714661 0.023887934 0.997418761 22.284618378 0.025400937 0.999347866 -0.025658606 -1.542586327 -0.997381270 0.027072834 0.067063741 91.209365845
0.067659050 0.022850838 0.997446895 23.117824554 0.026461395 0.999344885 -0.024689257 -1.570857406 -0.997357428 0.028064290 0.067010060 91.265213013
0.068020210 0.021678843 0.997448385 23.955699921 0.023712756 0.999446213 -0.023339340 -1.609740973 -0.997402012 0.025239797 0.067468494 91.328292847
0.068155624 0.022173744 0.997428179 24.798397064 0.022149200 0.999472916 -0.023732681 -1.637950301 -0.997428775 0.023709754 0.067628570 91.394035339
0.068390533 0.022560116 0.997403502 25.633993149 0.019120693 0.999530971 -0.023919318 -1.672689676 -0.997475326 0.020706905 0.067927100 91.455581665
0.066828936 0.023864059 0.997478962 26.461898804 0.015909839 0.999561369 -0.024979802 -1.704204082 -0.997637510 0.017539103 0.066419944 91.520858765
0.064413749 0.023945469 0.997636020 27.288755417 0.013203983 0.999604225 -0.024845241 -1.729054689 -0.997835875 0.014773145 0.064072065 91.574218750
0.060835995 0.022714570 0.997889340 28.121097565 0.010865019 0.999666750 -0.023417411 -1.757206678 -0.998088598 0.012266709 0.060568925 91.624778748
0.055204306 0.020379171 0.998267174 28.944425583 0.008968401 0.999741197 -0.020905217 -1.784027100 -0.998434782 0.010106918 0.055007242 91.679428101
0.049674749 0.018230520 0.998599112 29.768730164 0.006755143 0.999804378 -0.018588556 -1.814121962 -0.998742521 0.007669060 0.049541876 91.718399048
0.042653095 0.018356826 0.998921394 30.594070435 0.006640401 0.999803901 -0.018656585 -1.841074824 -0.999067903 0.007429000 0.042522825 91.748046875
0.033762362 0.019399276 0.999241590 31.410045624 0.005744716 0.999791384 -0.019604048 -1.867579460 -0.999413371 0.006402240 0.033643868 91.777725220
0.023567190 0.019723721 0.999527633 32.225563049 0.005928904 0.999785006 -0.019868596 -1.894530535 -0.999704659 0.006394350 0.023445182 91.797859192
0.013478423 0.018691711 0.999734402 33.045726776 0.007221281 0.999797404 -0.018790245 -1.919264078 -0.999883056 0.007472625 0.013340714 91.807014465
0.002250170 0.017598260 0.999842644 33.849102020 0.005570774 0.999829412 -0.017610561 -1.949598551 -0.999981940 0.005609523 0.002151752 91.810958862
-0.008620085 0.016926367 0.999819577 34.647830963 0.007708308 0.999828160 -0.016860053 -1.972888708 -0.999933124 0.007561580 -0.008749079 91.801269531
-0.019913271 0.017162221 0.999654412 35.443862915 0.007720860 0.999825537 -0.017011357 -1.999871492 -0.999771833 0.007379439 -0.020042300 91.783821106
-0.030696452 0.017874982 0.999368846 36.227775574 0.007674330 0.999814868 -0.017647237 -2.021997690 -0.999499321 0.007127778 -0.030827943 91.757026672
-0.041274641 0.018875133 0.998969555 37.035530090 0.007120943 0.999801695 -0.018596636 -2.049759388 -0.999122441 0.006346035 -0.041400861 91.723045349
-0.051660385 0.020028844 0.998463929 37.812889099 0.007377464 0.999779224 -0.019673523 -2.071030140 -0.998637378 0.006349790 -0.051796746 91.678535461
-0.060509704 0.020894544 0.997948885 38.595699310 0.008465954 0.999755681 -0.020419050 -2.092028856 -0.998131633 0.007213038 -0.060671806 91.609329224
-0.070503145 0.021228343 0.997285604 39.378376007 0.009860442 0.999739528 -0.020583494 -2.124933004 -0.997462809 0.008382474 -0.070694111 91.567535400
-0.079582997 0.021781027 0.996590137 40.131473541 0.010289146 0.999725938 -0.021027917 -2.146502972 -0.996775150 0.008580595 -0.079785280 91.501731873
-0.088487700 0.020915831 0.995857537 40.883563995 0.011615521 0.999733210 -0.019965122 -2.178246021 -0.996009588 0.009800736 -0.088707022 91.431724548
-0.095851935 0.020016342 0.995194316 41.643783569 0.013380209 0.999733329 -0.018818922 -2.204065561 -0.995305598 0.011512076 -0.096094206 91.359741211
-0.100891747 0.018450478 0.994726360 42.380355835 0.015995529 0.999728799 -0.016920898 -2.227897644 -0.994768679 0.014203994 -0.101159528 91.274353027
-0.104489274 0.016592987 0.994387567 43.103523254 0.019239511 0.999707341 -0.014660085 -2.252720118 -0.994339824 0.017599713 -0.104777940 91.188262939
-0.107416786 0.015490848 0.994093299 43.831878662 0.020438703 0.999701679 -0.013369736 -2.277520657 -0.994003832 0.018881844 -0.107701354 91.114379883
-0.109210581 0.014531149 0.993912339 44.533348083 0.020148970 0.999720097 -0.012402099 -2.299446583 -0.993814290 0.018671872 -0.109472796 91.038017273
-0.109603241 0.015296060 0.993857682 45.221481323 0.021730464 0.999679506 -0.012989211 -2.315356493 -0.993737757 0.020173332 -0.109900504 90.949935913
-0.109014533 0.015990775 0.993911505 45.890239716 0.021872737 0.999667048 -0.013684322 -2.342151880 -0.993799388 0.020247774 -0.109328002 90.891418457
-0.105705090 0.017836472 0.994237542 46.542068481 0.023292363 0.999609113 -0.015456447 -2.360339642 -0.994124651 0.021524314 -0.106079243 90.815513611
-0.100394696 0.018430591 0.994776905 47.168823242 0.023148425 0.999601007 -0.016183786 -2.378185749 -0.994678438 0.021402750 -0.100781277 90.755363464
-0.093043253 0.018708665 0.995486259 47.765525818 0.022100132 0.999615908 -0.016720686 -2.409182310 -0.995416701 0.020444628 -0.093420982 90.714950562
-0.081585929 0.018473117 0.996495068 48.384166718 0.021360841 0.999630868 -0.016782379 -2.431334972 -0.996437311 0.019916765 -0.081950426 90.668090820
-0.067934424 0.019028489 0.997508287 48.957996368 0.020831525 0.999627113 -0.017650194 -2.446102142 -0.997472227 0.019580565 -0.068305485 90.641265869
-0.050681904 0.020477563 0.998504877 49.511402130 0.020327898 0.999603748 -0.019468298 -2.465430498 -0.998507917 0.019310813 -0.051078089 90.621467590
-0.029330745 0.023155306 0.999301612 50.064037323 0.018404169 0.999574661 -0.022621447 -2.488456726 -0.999400258 0.017727811 -0.029744431 90.620819092
-0.004971005 0.025623947 0.999659240 50.592685699 0.015958419 0.999546349 -0.025541700 -2.516541243 -0.999860287 0.015826015 -0.005377667 90.640380859
0.023276990 0.027230354 0.999358177 51.122009277 0.014358797 0.999516785 -0.027569119 -2.538418770 -0.999625862 0.014991312 0.022874746 90.669860840
0.056301069 0.026999928 0.998048782 51.642639160 0.012073101 0.999542713 -0.027721405 -2.555700541 -0.998340786 0.013610288 0.055949345 90.724975586
0.094811618 0.024626594 0.995190620 52.156387329 0.011659394 0.999597907 -0.025846448 -2.571842670 -0.995426953 0.014053862 0.094486363 90.787704468
0.136793509 0.020136761 0.990394831 52.680873871 0.008739914 0.999729872 -0.021533716 -2.607521534 -0.990561008 0.011601637 0.136580557 90.882522583
0.182257652 0.016010724 0.983120501 53.183517456 0.006254718 0.999828279 -0.017442368 -2.624840975 -0.983230889 0.009328146 0.182126239 90.998191833
0.230646178 0.012416352 0.972958446 53.673385620 0.001472104 0.999912918 -0.013109304 -2.645592213 -0.973036528 0.004455906 0.230607808 91.147422791
0.282163620 0.011414873 0.959298432 54.152057648 -0.001781169 0.999933660 -0.011374498 -2.654684544 -0.959364593 0.001500797 0.282165200 91.318176270
0.336714149 0.011503221 0.941536665 54.607070923 -0.002229889 0.999932230 -0.011419216 -2.661423683 -0.941604316 0.001745488 0.336717010 91.516540527
0.394110054 0.011882146 0.918986499 55.048675537 -0.000765256 0.999920309 -0.012600405 -2.682218075 -0.919062912 0.004262688 0.394087732 91.740600586
0.453360200 0.015226480 0.891197324 55.462722778 0.000289715 0.999851465 -0.017230261 -2.695347309 -0.891327322 0.008069710 0.453288496 91.992996216
0.513762236 0.018407430 0.857735157 55.862945557 0.001623650 0.999747157 -0.022427607 -2.712584257 -0.857931018 0.012915122 0.513602495 92.257904053
0.570981085 0.022903752 0.820643723 56.217475891 -0.002293897 0.999651372 -0.026303736 -2.719904423 -0.820960045 0.013136460 0.570834458 92.560714722
0.627682924 0.026132945 0.778030336 56.571666718 -0.005752537 0.999564707 -0.028933069 -2.728447676 -0.778447807 0.013685140 0.627560019 92.881538391
0.680471659 0.026937405 0.732279122 56.893211365 -0.007263537 0.999522865 -0.030018505 -2.745386124 -0.732738495 0.015107799 0.680342615 93.227752686
0.726171732 0.025803432 0.687029064 57.140445709 -0.008094007 0.999547005 -0.028985830 -2.762119293 -0.687465787 0.015487868 0.726051509 93.605506897
0.772628725 0.022115197 0.634472907 57.418159485 -0.009252927 0.999679148 -0.023577092 -2.775902987 -0.634790719 0.012345606 0.772585452 93.966506958
0.813952088 0.017213481 0.580676913 57.661418915 -0.009618650 0.999823272 -0.016155826 -2.789517641 -0.580852270 0.007564740 0.813973844 94.373374939
0.850391090 0.015329033 0.525927901 57.881664276 -0.011753993 0.999879479 -0.010137698 -2.790851116 -0.526019931 0.002439253 0.850468695 94.802726746
0.881049454 0.012077337 0.472870111 58.071838379 -0.012138558 0.999922037 -0.002922002 -2.796879053 -0.472868502 -0.003165535 0.881127357 95.250442505
0.906265855 0.012061303 0.422535926 58.222663879 -0.014644443 0.999888599 0.002867920 -2.809216976 -0.422454327 -0.008786901 0.906341672 95.679000854
0.926228464 0.013565253 0.376718521 58.362976074 -0.017354233 0.999827087 0.006665661 -2.817198515 -0.376562953 -0.012711585 0.926303923 96.133361816
0.941354573 0.019923307 0.336830229 58.486015320 -0.024403835 0.999660909 0.009073136 -2.818507671 -0.336535335 -0.016760988 0.941521704 96.596572876
0.953013480 0.023597581 0.302007496 58.595985413 -0.027425399 0.999588251 0.008439891 -2.820009232 -0.301684022 -0.016326008 0.953268170 97.062629700
0.962138891 0.026249595 0.271292686 58.703971863 -0.029702067 0.999521494 0.008627133 -2.818680763 -0.270936430 -0.016358454 0.962458313 97.542175293
0.968051136 0.020469841 0.249916002 58.814056396 -0.023457563 0.999684393 0.008981979 -2.819338560 -0.249653265 -0.014557437 0.968225896 98.047645569
0.972097278 0.017179212 0.233948246 58.933517456 -0.019972049 0.999754608 0.009573814 -2.822938919 -0.233726427 -0.013979105 0.972202003 98.525276184
0.975062966 0.020959975 0.220936552 59.035655975 -0.023554230 0.999680936 0.009113770 -2.819394827 -0.220675081 -0.014090489 0.975245655 99.047790527
0.977028310 0.026898291 0.211405143 59.119827271 -0.029492075 0.999523282 0.009125242 -2.812195301 -0.211058915 -0.015150396 0.977355838 99.539115906
0.978042424 0.034540880 0.205523506 59.212841034 -0.036924105 0.999287844 0.007770701 -2.806347132 -0.205108717 -0.015188847 0.978621304 100.059730530
0.978443325 0.040241200 0.202557072 59.311405182 -0.042001475 0.999107838 0.004397594 -2.811256647 -0.202199414 -0.012810491 0.979260564 100.586135864
0.978558242 0.040966790 0.201855347 59.415271759 -0.042203341 0.999107361 0.001824104 -2.812227964 -0.201600373 -0.010303959 0.979413629 101.134948730
0.978083849 0.039810646 0.204370439 59.531372070 -0.040305819 0.999185979 -0.001740781 -2.818200588 -0.204273298 -0.006534689 0.978892088 101.693832397
0.977337658 0.039345916 0.207997441 59.661270142 -0.038573589 0.999225557 -0.007769416 -2.832233906 -0.208142057 -0.000429865 0.978098571 102.259407043
0.976495802 0.038597845 0.212052017 59.792266846 -0.036625836 0.999241531 -0.013221249 -2.819095373 -0.212401509 0.005143911 0.977168918 102.828361511
0.975368381 0.043151610 0.216320261 59.918991089 -0.041320648 0.999061465 -0.012981988 -2.823454380 -0.216677442 0.003723730 0.976236105 103.417366028
0.973901212 0.046580456 0.222141311 60.046813965 -0.045776818 0.998913169 -0.008768025 -2.834853172 -0.222308293 -0.001629731 0.974974990 104.030525208
0.972953260 0.043598928 0.226850942 60.195865631 -0.043850418 0.999030292 -0.003933190 -2.845887423 -0.226802438 -0.006120698 0.973921537 104.639083862
0.972211719 0.039337296 0.230774552 60.347343445 -0.040789157 0.999166608 0.001521759 -2.856897831 -0.230522364 -0.010892572 0.973006070 105.290451050
0.971461892 0.036767121 0.234328359 60.503982544 -0.039325316 0.999206960 0.006252293 -2.863293648 -0.233912617 -0.015288904 0.972137392 105.926910400
0.970896363 0.032138973 0.237333938 60.663818359 -0.034726549 0.999374151 0.006728976 -2.862690926 -0.236969143 -0.014774928 0.971404791 106.566978455
0.970829606 0.028968301 0.238013655 60.824432373 -0.030719966 0.999521375 0.003652833 -2.867036343 -0.237793893 -0.010858051 0.971255004 107.225326538
0.971021235 0.028270289 0.237315252 60.993484497 -0.028321056 0.999593735 -0.003195973 -2.876586676 -0.237309203 -0.003617662 0.971427560 107.891906738
0.971143544 0.030775538 0.236501664 61.152500153 -0.029320532 0.999523222 -0.009667662 -2.881741524 -0.236686468 0.002454333 0.971583068 108.567527771
0.971701324 0.033412293 0.233837709 61.313774109 -0.031195423 0.999426425 -0.013173638 -2.889017820 -0.234143734 0.005506177 0.972186446 109.262008667
0.972284317 0.032157749 0.231579497 61.475368500 -0.030921763 0.999481618 -0.008965943 -2.894908667 -0.231747761 0.001556600 0.972774684 109.967742920
0.972740352 0.027845275 0.230218992 61.651832581 -0.028254351 0.999599576 -0.001520183 -2.902393341 -0.230169132 -0.005025945 0.973137677 110.693969727
0.973302722 0.028572379 0.227739647 61.818016052 -0.030342426 0.999530375 0.004274215 -2.911163092 -0.227510571 -0.011070280 0.973712683 111.422256470
0.973657131 0.031372968 0.225848377 61.976165771 -0.033084091 0.999445260 0.003794556 -2.919879436 -0.225604057 -0.011166585 0.974155068 112.150238037
0.973922610 0.037494134 0.223761037 62.139930725 -0.038265523 0.999267220 -0.000889327 -2.921694517 -0.223630413 -0.007696199 0.974643648 112.917938232
0.974752307 0.038690537 0.219911605 62.304985046 -0.038224000 0.999248862 -0.006377752 -2.922154427 -0.219993174 -0.002189173 0.975498974 113.677650452
0.975681365 0.037045818 0.216040641 62.471618652 -0.035937410 0.999312937 -0.009058063 -2.934706211 -0.216227800 0.001073844 0.976342320 114.447837830
0.976607800 0.034799982 0.212194204 62.641941071 -0.033963729 0.999394178 -0.007585840 -2.944027662 -0.212329656 0.000201487 0.977198124 115.227249146
0.977497041 0.031160822 0.208635360 62.817977905 -0.030698761 0.999513745 -0.005453176 -2.954633951 -0.208703816 -0.001074383 0.977978289 116.022644043
0.977896571 0.029908981 0.206938967 62.988059998 -0.030040998 0.999545515 -0.002505076 -2.971269369 -0.206919849 -0.003766947 0.978350580 116.843574524
0.978280842 0.026814897 0.205542311 63.162322998 -0.027326310 0.999626517 -0.000350671 -2.975766897 -0.205474943 -0.005273658 0.978648126 117.656814575
0.978507161 0.021711357 0.205067053 63.342864990 -0.022362737 0.999749541 0.000859119 -2.982277393 -0.204997063 -0.005426515 0.978747547 118.490402222
0.978562593 0.022421777 0.204725772 63.501388550 -0.023413487 0.999722838 0.002422742 -2.987455845 -0.204614714 -0.007164149 0.978816330 119.317962646
0.978332520 0.027898453 0.205151811 63.669788361 -0.028580209 0.999591351 0.000360202 -2.991610289 -0.205057949 -0.006215681 0.978730083 120.155021667
0.978036761 0.033826713 0.205669850 63.835601807 -0.033950467 0.999419153 -0.002928290 -3.000126123 -0.205649450 -0.004118613 0.978617013 120.991134644
0.977556050 0.042043675 0.206437886 64.000701904 -0.042007361 0.999106884 -0.004561041 -3.005888939 -0.206445232 -0.004213238 0.978449106 121.826370239
0.976559162 0.048570126 0.209698468 64.161758423 -0.048816189 0.998799741 -0.004005449 -3.018737793 -0.209641352 -0.006325122 0.977757812 122.690795898
0.975809991 0.051170066 0.212547868 64.339889526 -0.051952332 0.998647749 -0.001906701 -3.032320976 -0.212357998 -0.009181779 0.977148652 123.550193787
0.975268662 0.051543538 0.214928463 64.524032593 -0.052219383 0.998632371 -0.002536259 -3.045520544 -0.214765236 -0.008749899 0.976626456 124.392242432
0.974922895 0.049589850 0.216947883 64.708084106 -0.049483471 0.998757303 -0.005926129 -3.047301769 -0.216972187 -0.004957816 0.976165116 125.242767334
0.974969208 0.043561481 0.218030944 64.910026550 -0.043691531 0.999036074 -0.004226903 -3.068941832 -0.218004853 -0.005405005 0.975932658 126.099044800
0.975230813 0.036712468 0.218121901 65.114135742 -0.036346741 0.999323010 -0.005690193 -3.085324287 -0.218183100 -0.002378767 0.975904942 126.955215454
0.974915624 0.035929248 0.219655797 65.307029724 -0.035554565 0.999351680 -0.005659990 -3.102262259 -0.219716743 -0.002291752 0.975561023 127.813896179
0.974425554 0.038753033 0.221344024 65.495086670 -0.039088003 0.999231696 -0.002868407 -3.113701582 -0.221285120 -0.005856848 0.975191593 128.671875000
0.974061668 0.040561613 0.222617492 65.677307129 -0.042248130 0.999103069 0.002816725 -3.125162601 -0.222303554 -0.012148838 0.974901736 129.526565552
0.973722935 0.043944862 0.223455772 65.870727539 -0.046737682 0.998880982 0.007222274 -3.138394833 -0.222888350 -0.017476296 0.974687278 130.382476807
0.973531723 0.043129355 0.224445388 66.058959961 -0.044405881 0.999013305 0.000640419 -3.148741484 -0.224196315 -0.010590164 0.974486470 131.213989258
0.973819137 0.039055917 0.223944023 66.259490967 -0.036938515 0.999224484 -0.013638193 -3.164534569 -0.224302992 0.005008970 0.974506438 132.041748047
