1.000000000 0.000000000 0.000000000 0.000000000 0.000000000 1.000000000 0.000000000 0.000000000 0.000000000 0.000000000 1.000000000 0.000000000
0.999998510 0.000613222 0.001596698 -0.004358355 -0.000606049 0.999989748 -0.004488891 -0.002508657 -0.001599434 0.004487917 0.999988675 0.976728201
0.999995828 -0.002009892 0.002078753 0.002860117 0.002020777 0.999984205 -0.005247090 0.000971095 -0.002068174 0.005251269 0.999984086 1.945277095
0.999992430 -0.003266496 0.002109180 0.001603364 0.003269337 0.999993742 -0.001344905 -0.001645956 -0.002104773 0.001351791 0.999996901 2.920027733
0.999982595 -0.005745285 0.001307440 0.007943042 0.005738968 0.999972105 0.004785565 -0.004881050 -0.001334898 -0.004777979 0.999987662 3.890496254
0.999953866 -0.009604529 -0.000295814 0.015558130 0.009605830 0.999942482 0.004764425 0.000168281 0.000250037 -0.004767047 0.999988616 4.849703312
0.999924064 -0.012231206 -0.001446688 0.021471130 0.012233808 0.999923527 0.001803063 0.003780288 0.001424523 -0.001820625 0.999997258 5.803546429
0.999915719 -0.012734730 -0.002495624 0.020789539 0.012730934 0.999917746 -0.001531065 0.005188670 0.002514916 0.001499164 0.999995649 6.754219532
0.999916255 -0.012623200 -0.002831199 0.008705474 0.012616782 0.999917805 -0.002272841 0.007635938 0.002859657 0.002236930 0.999993384 7.708416462
0.999916673 -0.012237942 -0.004097684 0.004564419 0.012236416 0.999924958 -0.000397522 0.007402605 0.004102242 0.000347348 0.999991536 8.654293060
0.999922395 -0.011707255 -0.004261716 -0.014135549 0.011718894 0.999927640 0.002717433 0.003183749 0.004229593 -0.002767166 0.999987185 9.601830482
0.999912322 -0.012042301 -0.005511521 -0.019482728 0.012064554 0.999919176 0.004022538 0.009270743 0.005462634 -0.004088679 0.999976695 10.547760963
0.999892473 -0.013476137 -0.005784672 -0.029237028 0.013504641 0.999896705 0.004917121 0.012528453 0.005717811 -0.004994712 0.999971151 11.480943680
0.999880314 -0.013912504 -0.006764442 -0.032965951 0.013946448 0.999890208 0.004997228 0.013568003 0.006694175 -0.005090969 0.999964654 12.417156219
0.999870479 -0.014241329 -0.007499448 -0.040575221 0.014269306 0.999891400 0.003690185 0.015091870 0.007446081 -0.003796719 0.999965012 13.341382027
0.999855995 -0.014624412 -0.008602233 -0.054182835 0.014641328 0.999891043 0.001906837 0.018913429 0.008573409 -0.002032510 0.999961197 14.268017769
0.999816358 -0.016231541 -0.010179106 -0.065155469 0.016232966 0.999868214 0.000057099 0.029286737 0.010176837 -0.000222326 0.999948204 15.176499367
0.999811709 -0.015394619 -0.011811389 -0.085389145 0.015389949 0.999881446 -0.000486329 0.027050026 0.011817476 0.000304461 0.999930143 16.129308701
0.999814689 -0.014046171 -0.013166532 -0.107358560 0.014032445 0.999900877 -0.001134295 0.024648942 0.013181159 0.000949326 0.999912739 17.051774979
0.999814689 -0.012291013 -0.014819219 -0.126009092 0.012276396 0.999923944 -0.001077102 0.023736732 0.014831332 0.000894976 0.999889672 17.967773438
0.999783337 -0.013334045 -0.015984373 -0.148790911 0.013335416 0.999911070 -0.000020913 0.023179268 0.015983230 -0.000192250 0.999872327 18.871276855
0.999770164 -0.012618117 -0.017330131 -0.172800481 0.012636524 0.999919593 0.000952866 0.028810102 0.017316720 -0.001171640 0.999849379 19.782741547
0.999736071 -0.012548856 -0.019243632 -0.183162540 0.012581899 0.999919534 0.001596901 0.028606579 0.019222043 -0.001838601 0.999813557 20.688499451
0.999692857 -0.013690092 -0.020658655 -0.204485431 0.013720567 0.999905050 0.001334223 0.032022852 0.020638427 -0.001617262 0.999785721 21.589447021
0.999649644 -0.013682290 -0.022656262 -0.219273120 0.013713723 0.999905229 0.001232581 0.029493093 0.022637248 -0.001542851 0.999742627 22.479341507
0.999624312 -0.013605973 -0.023791125 -0.239364713 0.013641216 0.999906182 0.001319702 0.036598250 0.023770934 -0.001643746 0.999716103 23.342912674
0.999604583 -0.013763563 -0.024519997 -0.274549931 0.013843425 0.999899387 0.003090225 0.035579342 0.024475001 -0.003428444 0.999694586 24.231548309
0.999570906 -0.014744012 -0.025308095 -0.296476066 0.014904680 0.999869883 0.006171606 0.036387436 0.025213812 -0.006546169 0.999660671 25.099126816
0.999560654 -0.014591782 -0.025797185 -0.321825594 0.014790934 0.999862075 0.007546016 0.040592611 0.025683518 -0.007924265 0.999638677 25.954376221
0.999554276 -0.014141339 -0.026292730 -0.353456467 0.014318498 0.999875903 0.006561892 0.038956404 0.026196677 -0.006935438 0.999632716 26.798427582
0.999540031 -0.012811025 -0.027488932 -0.375491053 0.012922204 0.999909043 0.003870684 0.044893190 0.027436845 -0.004224121 0.999614596 27.627258301
0.999529421 -0.012181185 -0.028154895 -0.402212381 0.012251957 0.999922156 0.002342522 0.046002485 0.028124176 -0.002686372 0.999600828 28.440998077
0.999518931 -0.011157043 -0.028939297 -0.430943400 0.011215485 0.999935389 0.001857898 0.050075054 0.028916700 -0.002181572 0.999579370 29.256696701
0.999476016 -0.011168062 -0.030381283 -0.452975750 0.011220544 0.999935806 0.001557469 0.049751967 0.030361937 -0.001897547 0.999537170 30.056165695
0.999438882 -0.010524513 -0.031798579 -0.489534587 0.010546106 0.999944210 0.000511356 0.051690947 0.031791419 -0.000846420 0.999494135 30.835016251
0.999355495 -0.011151288 -0.034120854 -0.513828754 0.011178046 0.999937356 0.000593500 0.047145605 0.034112100 -0.000974522 0.999417543 31.627447128
0.999268055 -0.011332716 -0.036533363 -0.538568556 0.011391449 0.999934196 0.001399931 0.056578711 0.036515091 -0.001815075 0.999331474 32.411441803
0.999194086 -0.011628301 -0.038420048 -0.568704307 0.011776231 0.999924004 0.003626233 0.055607565 0.038374968 -0.004075754 0.999255121 33.186401367
0.999131203 -0.010372606 -0.040362738 -0.604200363 0.010596893 0.999929547 0.005346769 0.054045096 0.040304434 -0.005769843 0.999170780 33.943168640
0.999055088 -0.009505479 -0.042410716 -0.634210289 0.009752650 0.999936581 0.005624956 0.056901947 0.042354565 -0.006033256 0.999084473 34.685016632
0.998996019 -0.006449074 -0.044333823 -0.670487165 0.006656170 0.999967575 0.004525243 0.063151188 0.044303216 -0.004815792 0.999006510 35.424221039
0.998919845 -0.005175192 -0.046180617 -0.710967898 0.005378807 0.999976337 0.004285917 0.058289438 0.046157345 -0.004529683 0.998923898 36.141872406
0.998836875 -0.004870404 -0.047972020 -0.743537903 0.005123863 0.999973476 0.005161927 0.065417111 0.047945611 -0.005401725 0.998835325 36.854019165
0.998810649 -0.003094782 -0.048658643 -0.790537953 0.003440581 0.999969363 0.007024462 0.069910526 0.048635408 -0.007183521 0.998790681 37.571044922
0.998824418 -0.000424225 -0.048471835 -0.834237337 0.000783455 0.999972403 0.007392371 0.076516554 0.048467360 -0.007421656 0.998797119 38.258140564
0.998853266 0.002687514 -0.047799319 -0.863214910 -0.002420609 0.999981165 0.005640876 0.075296775 0.047813576 -0.005518703 0.998841047 38.945774078
0.998935163 0.004171971 -0.045945443 -0.907286882 -0.004049141 0.999987960 0.002766108 0.072016641 0.045956429 -0.002577122 0.998940110 39.615398407
0.999021411 0.004669606 -0.043982029 -0.933448553 -0.004632144 0.999988854 0.000953633 0.077116065 0.043985996 -0.000748968 0.999031842 40.276279449
0.999144375 0.005644803 -0.040968880 -0.958761752 -0.005571407 0.999982655 0.001905461 0.079667099 0.040978931 -0.001675577 0.999158561 40.941707611
0.999228597 0.009774229 -0.038035668 -0.985344946 -0.009616712 0.999944329 0.004322086 0.085509025 0.038075801 -0.003952974 0.999267042 41.596443176
0.999337018 0.014403490 -0.033437889 -1.039011478 -0.014149274 0.999869227 0.007826915 0.084835470 0.033546250 -0.007348603 0.999410152 42.247238159
0.999389052 0.019347047 -0.029108971 -1.058450937 -0.019094082 0.999777734 0.008943290 0.087066740 0.029275529 -0.008382016 0.999536216 42.866069794
0.999450743 0.022923907 -0.023931101 -1.075332403 -0.022712210 0.999700904 0.009080798 0.093846232 0.024132108 -0.008532283 0.999672353 43.466804504
0.999463379 0.027268339 -0.018154729 -1.094854236 -0.027072012 0.999573231 0.010973658 0.099122256 0.018446213 -0.010476285 0.999775112 44.063846588
0.999410450 0.032081537 -0.012224779 -1.098271608 -0.031934317 0.999417245 0.012053285 0.106513351 0.012604343 -0.011655790 0.999852717 44.634307861
0.999367654 0.035251003 -0.004661388 -1.112758756 -0.035194069 0.999311090 0.011777492 0.110063642 0.005073346 -0.011605991 0.999919772 45.183898926
0.999243498 0.038801789 0.002656905 -1.114820361 -0.038830943 0.999173999 0.011976735 0.110003591 -0.002189990 -0.012070844 0.999924779 45.703105927
0.999007523 0.043364085 0.010173109 -1.114665747 -0.043479569 0.998988986 0.011419307 0.113451123 -0.009667637 -0.011850295 0.999883056 46.222126007
0.998698413 0.047806013 0.017779185 -1.109786510 -0.047966961 0.998810649 0.008738544 0.115652651 -0.017340288 -0.009579983 0.999803722 46.692256927
0.998430371 0.049597632 0.026013512 -1.100075245 -0.049753353 0.998747110 0.005372850 0.122889563 -0.025714438 -0.006658676 0.999647141 47.154170990
0.998186648 0.049886614 0.033685707 -1.079137564 -0.050097778 0.998729527 0.005453419 0.121770844 -0.033370852 -0.007131111 0.999417603 47.592266083
0.997901320 0.049616951 0.041605614 -1.067290664 -0.049951319 0.998726845 0.007035102 0.116855487 -0.041203581 -0.009098592 0.999109328 48.011009216
0.997459769 0.051171314 0.049553171 -1.043125868 -0.051616956 0.998636901 0.007754828 0.119672418 -0.049088802 -0.010292913 0.998741269 48.400230408
0.996841431 0.053983159 0.058249991 -1.018571854 -0.054518960 0.998483479 0.007647450 0.124193802 -0.057748817 -0.010799023 0.998272717 48.769035339
0.996004403 0.059005667 0.067033134 -1.003813505 -0.059620880 0.998195052 0.007212865 0.121644318 -0.066486537 -0.011180621 0.997724652 49.109920502
0.995118439 0.062849566 0.076086208 -0.983856440 -0.063585378 0.997949839 0.007284757 0.121092528 -0.075472385 -0.012087166 0.997074664 49.419273376
0.994426489 0.061965626 0.085300691 -0.941907406 -0.062860228 0.997991502 0.007839354 0.123152792 -0.084643595 -0.013157683 0.996324360 49.716468811
0.993550777 0.060924567 0.095629446 -0.904827118 -0.061775450 0.998072267 0.005959725 0.123210430 -0.095082007 -0.011828842 0.995399177 49.993381500
0.992418051 0.059491757 0.107550815 -0.866851330 -0.060020883 0.998195708 0.001686525 0.121269368 -0.107256413 -0.008129031 0.994198143 50.266326904
0.990817070 0.060643595 0.120847292 -0.826286793 -0.060801908 0.998146951 -0.002380461 0.118459307 -0.120767750 -0.004989144 0.992668271 50.531715393
0.988705993 0.062471665 0.136226714 -0.782492161 -0.062447187 0.998038292 -0.004457317 0.113352984 -0.136237919 -0.004099999 0.990667641 50.796993256
0.986183524 0.064127199 0.152740404 -0.740765572 -0.063976951 0.997933865 -0.005903443 0.117066801 -0.152803391 -0.003949986 0.988248765 51.079288483
0.983451128 0.064402796 0.169340342 -0.678433418 -0.064118288 0.997916579 -0.007153818 0.114875108 -0.169448286 -0.003822383 0.985531628 51.334621429
0.980242312 0.063466117 0.187342003 -0.613942146 -0.062994540 0.997977853 -0.008475739 0.117887676 -0.187501073 -0.003493247 0.982258201 51.592899323
0.976400256 0.062529087 0.206718862 -0.544900894 -0.062036168 0.998034477 -0.008872226 0.116234004 -0.206867322 -0.004161204 0.978360176 51.846675873
0.971848249 0.062859647 0.227067351 -0.474132538 -0.062212445 0.998012662 -0.010013191 0.113212407 -0.227245510 -0.004395116 0.973827600 52.093219757
0.966589510 0.064843453 0.247992143 -0.394755363 -0.063777216 0.997887969 -0.012339540 0.114385962 -0.248268485 -0.003888981 0.968683541 52.354164124
0.960401237 0.066340089 0.270607680 -0.313986778 -0.064888500 0.997789800 -0.014317678 0.104611337 -0.270959407 -0.003808612 0.962583303 52.571437836
0.953243673 0.067288980 0.294616103 -0.210696220 -0.065696731 0.997722149 -0.015310426 0.095935643 -0.294975311 -0.004760753 0.955493033 52.831802368
0.944711924 0.070241340 0.320289999 -0.106859207 -0.068654329 0.997507930 -0.016259450 0.091556132 -0.320633918 -0.006628799 0.947180033 53.083171844
0.934880495 0.072272852 0.347526997 0.002666473 -0.070696764 0.997349024 -0.017230920 0.083130658 -0.347850978 -0.008460187 0.937511623 53.330848694
0.923805714 0.072748326 0.375886500 0.128074646 -0.070944048 0.997305751 -0.018659374 0.076093316 -0.376231194 -0.009429275 0.926477790 53.570873260
0.911166370 0.070842035 0.405903071 0.263755798 -0.068240628 0.997449934 -0.020898651 0.071371913 -0.406348526 -0.008656934 0.913677156 53.812976837
0.896420360 0.068367772 0.437900007 0.419420242 -0.064587094 0.997634351 -0.023541573 0.061190128 -0.438473582 -0.007179545 0.898715436 54.046154022
0.879162490 0.067428410 0.471727371 0.577878952 -0.061627220 0.997713208 -0.027757289 0.054127932 -0.472520232 -0.004668077 0.881307483 54.270408630
0.859763265 0.069493122 0.505942404 0.750970840 -0.061235148 0.997578919 -0.032962523 0.045568824 -0.507008076 -0.002641483 0.861937225 54.507831573
0.837941170 0.071076684 0.541112363 0.938114166 -0.060522046 0.997469723 -0.037298955 0.035440207 -0.542394221 -0.001494891 0.840122700 54.744258881
0.813417912 0.074194118 0.576928496 1.140527725 -0.061808430 0.997241199 -0.041102756 0.027212143 -0.578386486 -0.002225322 0.815759778 54.979766846
0.786190569 0.078232288 0.613012433 1.358882904 -0.064872235 0.996921778 -0.044027723 0.013031483 -0.614569783 -0.005153302 0.788845599 55.210998535
0.756373167 0.082530275 0.648913324 1.581987381 -0.068481974 0.996548295 -0.046920724 0.001298189 -0.650545835 -0.008949294 0.759414256 55.438716888
0.723406255 0.083596215 0.685342968 1.841194153 -0.068268672 0.996438980 -0.049482588 -0.019655228 -0.687039077 -0.010991435 0.726537347 55.667854309
0.686787963 0.080650143 0.722369552 2.129856110 -0.064254917 0.996670842 -0.050185006 -0.039591074 -0.724012136 -0.011949338 0.689683676 55.907600403
0.647863686 0.079684347 0.757577181 2.455900192 -0.061822057 0.996733189 -0.051970635 -0.061033845 -0.759243488 -0.013165087 0.650673568 56.138160706
0.605552077 0.079389952 0.791835845 2.797529221 -0.059989888 0.996734202 -0.054056261 -0.077115059 -0.793541431 -0.014768275 0.608337104 56.361785889
0.559408665 0.079253368 0.825094402 3.161012650 -0.056359578 0.996751666 -0.057530247 -0.094155431 -0.826973796 -0.014319060 0.562058270 56.572196960
0.510959566 0.077894107 0.856068194 3.557247162 -0.053039491 0.996845245 -0.059045903 -0.117296696 -0.857966840 -0.015235357 0.513479114 56.785171509
0.462557703 0.076250456 0.883304179 3.991477966 -0.051637132 0.996920466 -0.059017602 -0.145339251 -0.885084152 -0.018312251 0.465070635 56.976184845
0.412932545 0.074187852 0.907735109 4.430309296 -0.051738381 0.996978164 -0.057945542 -0.171541095 -0.909290850 -0.023037137 0.415523112 57.147953033
0.362339288 0.074283823 0.929081321 4.895051956 -0.054417931 0.996804535 -0.058475699 -0.183306098 -0.930456340 -0.029370636 0.365223825 57.315917969
0.312925816 0.074711621 0.946834564 5.366548538 -0.052732609 0.996730328 -0.061220773 -0.207010388 -0.948312521 -0.030771492 0.315842390 57.446971893
0.266242713 0.071184635 0.961273968 5.844331741 -0.041372385 0.997194231 -0.062385764 -0.238356948 -0.963017762 -0.023160441 0.268440694 57.531726837
0.222314775 0.065447740 0.972775817 6.361815453 -0.028140767 0.997759461 -0.060697425 -0.265985548 -0.974568784 -0.013880723 0.223658398 57.605342865
0.180640221 0.064357258 0.981441498 6.872881889 -0.018978786 0.997899175 -0.061943304 -0.293030381 -0.983366072 -0.007437109 0.181482166 57.652168274
0.141845733 0.065951951 0.987689316 7.416601181 -0.015582364 0.997803092 -0.064389452 -0.317795038 -0.989766181 -0.006257164 0.142561808 57.717121124
0.109300368 0.066363595 0.991790950 7.974210739 -0.007098433 0.997795463 -0.065983109 -0.357543528 -0.993983448 0.000171815 0.109530509 57.750675201
0.080509409 0.064733140 0.994649649 8.546614647 -0.000003567 0.997888803 -0.064943671 -0.392859429 -0.996753871 0.005225030 0.080339685 57.773735046
0.055544283 0.063091964 0.996460855 9.125665665 0.007377887 0.997948289 -0.063597403 -0.424541146 -0.998428941 0.010884250 0.054964852 57.784973145
0.035543859 0.062178742 0.997431934 9.721844673 0.011655655 0.997968853 -0.062627569 -0.456311643 -0.999300182 0.013851749 0.034746930 57.795150757
0.019792687 0.063828290 0.997764587 10.314529419 0.014297954 0.997839987 -0.064116754 -0.488666534 -0.999701858 0.015535035 0.018837322 57.788158417
0.006407851 0.063482553 0.997962296 10.926490784 0.015313269 0.997859597 -0.063574336 -0.523451209 -0.999862194 0.015689442 0.005422012 57.783542633
-0.005313590 0.064267956 0.997918546 11.547427177 0.015796026 0.997813523 -0.064177081 -0.560235560 -0.999861181 0.015422137 -0.006317148 57.774112701
-0.014218366 0.067205369 0.997637808 12.187534332 0.020502308 0.997548521 -0.066907130 -0.597058833 -0.999688685 0.019502569 -0.015561374 57.755397797
-0.020407617 0.069082841 0.997402132 12.834412575 0.024969442 0.997333944 -0.068567216 -0.629636049 -0.999479949 0.023505282 -0.022078170 57.729007721
-0.025023047 0.068531394 0.997335017 13.490983963 0.025459141 0.997367620 -0.067894854 -0.664673567 -0.999362588 0.023692356 -0.026701925 57.711093903
-0.028647564 0.065794490 0.997421861 14.176730156 0.022944791 0.997611880 -0.065148018 -0.702119887 -0.999326229 0.021019306 -0.030088793 57.694141388
-0.031233530 0.059056878 0.997765839 14.856962204 0.020797743 0.998075128 -0.058424152 -0.734632969 -0.999295771 0.018926483 -0.032401662 57.677654266
-0.032468583 0.053008832 0.998066127 15.552868843 0.021989075 0.998388767 -0.052310634 -0.775837302 -0.999230862 0.020248098 -0.033581879 57.655242920
-0.032682020 0.050591730 0.998184443 16.276088715 0.024836265 0.998450756 -0.049792040 -0.809185505 -0.999157190 0.023163863 -0.033887893 57.618736267
-0.032522611 0.053042173 0.998062491 16.990425110 0.027926067 0.998249173 -0.052142099 -0.840574682 -0.999080837 0.026176166 -0.033946931 57.595333099
-0.031723619 0.060265429 0.997678101 17.699254990 0.028922267 0.997817814 -0.059354216 -0.875375271 -0.999078214 0.026972184 -0.033397414 57.568798065
-0.029192632 0.068297982 0.997237802 18.423748016 0.029470747 0.997288108 -0.067438722 -0.909586191 -0.999139309 0.027420631 -0.031126264 57.542800903
-0.027443090 0.069039702 0.997236490 19.179307938 0.030443367 0.997207105 -0.068199910 -0.946682096 -0.999159694 0.028487617 -0.029468250 57.529449463
-0.025264911 0.064804547 0.997578144 19.936573029 0.029747011 0.997503519 -0.064046323 -0.985336781 -0.999238133 0.028056843 -0.027129583 57.510871887
-0.022886097 0.057990480 0.998054743 20.694311142 0.029166067 0.997930050 -0.057314448 -1.032449841 -0.999312520 0.027797626 -0.024530077 57.495735168
-0.020017849 0.056302994 0.998213053 21.454883575 0.027542811 0.998065293 -0.055742323 -1.077197313 -0.999420106 0.026377752 -0.021529865 57.483802795
-0.016724840 0.061982129 0.997937143 22.215257645 0.035278141 0.997491777 -0.061363235 -1.122051001 -0.999237537 0.034179077 -0.018869512 57.465114594
-0.013068983 0.067462690 0.997636259 22.962812424 0.037053641 0.997068822 -0.066938907 -1.162819266 -0.999227762 0.036091227 -0.015530415 57.446567535
-0.011042831 0.068057597 0.997620285 23.720630646 0.031179409 0.997219384 -0.067685120 -1.202415228 -0.999452829 0.030357782 -0.013134122 57.453464508
-0.007946928 0.064584181 0.997880697 24.497911453 0.026641950 0.997571528 -0.064351991 -1.247652650 -0.999613404 0.026074095 -0.009648279 57.468753815
-0.003063251 0.061210271 0.998120248 25.239311218 0.030715326 0.997659683 -0.061087761 -1.291074395 -0.999523401 0.030470463 -0.004936175 57.454101562
0.000438871 0.062261079 0.998059809 26.020992279 0.035061117 0.997445285 -0.062238153 -1.342566609 -0.999384999 0.035020404 -0.001745193 57.449588776
0.003325913 0.066749349 0.997764289 26.787427902 0.034735300 0.997159958 -0.066824712 -1.387501359 -0.999390960 0.034879889 0.000997908 57.453571320
0.007013231 0.067431115 0.997699261 27.564216614 0.030953024 0.997231066 -0.067617044 -1.431979418 -0.999496281 0.031356018 0.004906615 57.468315125
0.010014715 0.066785455 0.997717083 28.329223633 0.030309010 0.997288406 -0.067060977 -1.481112361 -0.999490440 0.030911418 0.007963357 57.491062164
0.014040822 0.063774861 0.997865498 29.094316483 0.034493435 0.997339010 -0.064226560 -1.532115340 -0.999306202 0.035321608 0.011803646 57.495773315
0.017680148 0.064457506 0.997763753 29.857234955 0.038787402 0.997124314 -0.065103494 -1.578663826 -0.999091029 0.039851703 0.015129166 57.504837036
0.021387000 0.065103181 0.997649372 30.624423981 0.042016942 0.996937335 -0.065957464 -1.625665188 -0.998887897 0.043328807 0.018586066 57.511875153
0.023764357 0.065019816 0.997601032 31.392499924 0.042044673 0.996934891 -0.065977983 -1.670579672 -0.998833060 0.043511722 0.020957779 57.535919189
0.027299514 0.063599996 0.997601986 32.185066223 0.043332227 0.996960580 -0.064744897 -1.725892782 -0.998687685 0.044995815 0.024460610 57.556537628
0.031192785 0.062643856 0.997548342 32.948860168 0.045519933 0.996909380 -0.064027116 -1.771173477 -0.998476326 0.047405511 0.028244838 57.573810577
0.033870414 0.062918752 0.997443736 33.717334747 0.043684453 0.996969342 -0.064372249 -1.816319466 -0.998471022 0.045753095 0.031019194 57.604240417
0.036972422 0.064567968 0.997228205 34.487747192 0.040988721 0.996972680 -0.066071101 -1.862470865 -0.998475313 0.043317910 0.034213938 57.638278961
0.039764207 0.064948373 0.997096062 35.284812927 0.042512428 0.996871650 -0.066629149 -1.907910824 -0.998304248 0.045038439 0.036878698 57.671691895
0.042880051 0.064524673 0.996994495 36.058921814 0.040474046 0.996980786 -0.066264555 -1.952569485 -0.998260081 0.043193825 0.040139008 57.701251984
0.045064066 0.065112233 0.996859908 36.834690094 0.038839336 0.997004986 -0.066877484 -1.996323109 -0.998228848 0.041731153 0.042400178 57.740821838
0.047941647 0.064739205 0.996749938 37.617431641 0.035989832 0.997137427 -0.066495404 -2.050004721 -0.998201549 0.039060775 0.045474462 57.782135010
0.050542533 0.066941693 0.996475935 38.400817871 0.034074821 0.997054636 -0.068708897 -2.100326061 -0.998140454 0.037427463 0.048112653 57.841983795
0.053792663 0.070459440 0.996063173 39.206138611 0.032405190 0.996858835 -0.072265774 -2.156204700 -0.998026192 0.036164992 0.051340438 57.891365051
0.057692952 0.072636455 0.995688438 39.989475250 0.032715056 0.996676445 -0.074604124 -2.206487179 -0.997798204 0.036878146 0.055124894 57.930797577
0.060316339 0.074937388 0.995362401 40.777462006 0.026468614 0.996707201 -0.076642573 -2.255447865 -0.997828305 0.030968660 0.058134247 57.989147186
0.063088104 0.073925748 0.995266318 41.575477600 0.023030495 0.996879399 -0.075505435 -2.311721325 -0.997742236 0.027684974 0.061188690 58.050796509
0.067071870 0.074691020 0.994948626 42.378582001 0.025659608 0.996735096 -0.076554924 -2.363359451 -0.997418165 0.030664669 0.064936355 58.100528717
0.070072405 0.075776219 0.994659662 43.186374664 0.023883311 0.996697485 -0.077613987 -2.431443214 -0.997255981 0.029194370 0.068031207 58.175296783
0.074351281 0.076456122 0.994296908 43.992736816 0.020099552 0.996739268 -0.078146920 -2.485921383 -0.997029603 0.025795251 0.072572112 58.236511230
0.077932820 0.074856289 0.994144380 44.797855377 0.019050036 0.996883273 -0.076555893 -2.537587404 -0.996776640 0.024904700 0.076263882 58.314437866
0.082827993 0.074225612 0.993795812 45.605655670 0.019357286 0.996914387 -0.076071888 -2.607342720 -0.996375918 0.025538068 0.081135616 58.372562408
0.087817892 0.078107528 0.993069589 46.439933777 0.015958350 0.996682882 -0.079802953 -2.663484097 -0.996008635 0.022855880 0.086280152 58.463096619
0.093853548 0.086851820 0.991790414 47.249530792 0.014200195 0.995969474 -0.088561565 -2.720676422 -0.995484710 0.022395439 0.092241973 58.544891357
0.101391569 0.091502480 0.990629613 48.068435669 0.012612618 0.995562851 -0.093249075 -2.787323475 -0.994766653 0.021949101 0.099787600 58.630004883
0.107775845 0.094314419 0.989691377 48.877197266 0.007584370 0.995382905 -0.095682725 -2.859205246 -0.994146287 0.017818473 0.106562912 58.739921570
0.115324847 0.092757799 0.988987386 49.721549988 0.004427770 0.995572507 -0.093891740 -2.930659771 -0.993317962 0.015207059 0.114403546 58.846382141
0.122968294 0.090579055 0.988268375 50.555053711 0.004275003 0.995768428 -0.091798417 -3.006925583 -0.992401361 0.015513144 0.122060709 58.955837250
0.130173102 0.087380022 0.987633348 51.387241364 0.004130912 0.996052444 -0.088669367 -3.072386980 -0.991482735 0.015622190 0.129298270 59.073219299
0.137654722 0.081625439 0.987111092 52.222080231 0.001724224 0.996577263 -0.082648635 -3.145407200 -0.990478814 0.013078975 0.137042835 59.194877625
0.144732103 0.074604988 0.986654222 53.067901611 -0.001236012 0.997166336 -0.075218514 -3.212159157 -0.989470124 0.009667020 0.144414172 59.329223633
0.151858941 0.071813338 0.985789895 53.890243530 -0.001740617 0.997374952 -0.072389148 -3.279536963 -0.988400698 0.009277057 0.151585281 59.466320038
0.159481645 0.073781341 0.984439909 54.707675934 -0.001715123 0.997222364 -0.074461505 -3.336484671 -0.987199366 0.010186807 0.159165233 59.597644806
0.164634138 0.080298007 0.983080685 55.509338379 -0.000973317 0.996693552 -0.081246905 -3.394074440 -0.986354232 0.012419165 0.164167941 59.745937347
0.170197248 0.083985001 0.981824517 56.302864075 -0.002010215 0.996388972 -0.084882371 -3.452652216 -0.985407948 0.012473069 0.169751510 59.885971069
0.175144538 0.087039620 0.980687737 57.103195190 -0.003201743 0.996129692 -0.087838322 -3.522081852 -0.984537542 0.012244495 0.174745336 60.034725189
0.180527210 0.086189806 0.979786336 57.888950348 -0.005963992 0.996230721 -0.086537525 -3.595422745 -0.983551979 0.009778939 0.180360794 60.188480377
0.185512006 0.083029248 0.979127884 58.669258118 -0.001940924 0.996452868 -0.084130667 -3.660990238 -0.982640088 0.013706836 0.185015112 60.340911865
0.190489262 0.076630898 0.978693843 59.440811157 -0.001341123 0.996968031 -0.077800743 -3.716198444 -0.981688440 0.013507658 0.190014511 60.488746643
0.193884596 0.070299514 0.978502274 60.195926666 -0.002672245 0.997463226 -0.071132272 -3.775065899 -0.981020689 0.011176653 0.193580672 60.644554138
0.196686149 0.067089103 0.978168607 60.963901520 -0.005779776 0.997718215 -0.067267768 -3.834293842 -0.980449498 0.007577041 0.196625113 60.809043884
0.199955687 0.067045324 0.977508426 61.699234009 -0.007544290 0.997731864 -0.066889174 -3.886449337 -0.979775846 0.006000264 0.200007960 60.962043762
0.202183098 0.068918824 0.976919770 62.429939270 -0.009064332 0.997609794 -0.068502508 -3.936550617 -0.979305863 0.004994922 0.202324539 61.119682312
0.203354970 0.073339090 0.976354480 63.143848419 -0.013740913 0.997306347 -0.072050937 -3.989461184 -0.979008675 0.001235911 0.203814939 61.285453796
0.205530956 0.077640973 0.975565970 63.863426208 -0.015086243 0.996980965 -0.076166950 -4.043873787 -0.978534400 0.000937038 0.206081733 61.442787170
0.207922965 0.082771607 0.974636734 64.559303284 -0.015094145 0.996566117 -0.081413858 -4.101363182 -0.978028774 0.002216499 0.208458334 61.585510254
0.209641352 0.084829167 0.974091649 65.260269165 -0.013474750 0.996385515 -0.083870657 -4.148819923 -0.977685511 0.004457112 0.210026637 61.746490479
0.210738093 0.084923819 0.973846734 65.939262390 -0.016269522 0.996385992 -0.083368666 -4.202445984 -0.977407217 0.001724931 0.211358175 61.902812958
0.211454943 0.081775084 0.973960817 66.612274170 -0.015941121 0.996649742 -0.080219150 -4.258576870 -0.977257788 0.001436705 0.212050095 62.049201965
0.212735623 0.078989618 0.973911822 67.289115906 -0.015767211 0.996874869 -0.077407956 -4.317332268 -0.976982594 0.001111557 0.213316262 62.194236755
0.212215498 0.078121848 0.974095285 67.959114075 -0.014992336 0.996942461 -0.076687977 -4.364361763 -0.977107942 0.001670411 0.212737858 62.346839905
0.210799843 0.077796653 0.974428594 68.622436523 -0.015250913 0.996968508 -0.076296948 -4.415633202 -0.977410316 0.001222456 0.211347267 62.500152588
0.208946094 0.078450382 0.974775314 69.246520996 -0.016763180 0.996917963 -0.076639175 -4.467444897 -0.977783442 -0.000326875 0.209617198 62.640098572
0.206863612 0.080940142 0.975015938 69.871818542 -0.017403750 0.996718764 -0.079049326 -4.520028591 -0.978215039 -0.000616507 0.207593516 62.773910522
0.204831719 0.084404290 0.975151122 70.482093811 -0.015390331 0.996429682 -0.083013274 -4.573614120 -0.978676319 0.001995854 0.205399379 62.896347046
0.203448132 0.085206203 0.975371063 71.092773438 -0.012964397 0.996353090 -0.084334955 -4.618208408 -0.978999913 0.004512690 0.203810826 63.017105103
0.200358793 0.084020704 0.976113200 71.703086853 -0.013027692 0.996456265 -0.083097681 -4.661622047 -0.979636014 0.003932850 0.200743362 63.162117004
0.197776034 0.081490062 0.976854146 72.306938171 -0.014362527 0.996672451 -0.080235459 -4.714470863 -0.980141938 0.001838557 0.198288321 63.289646149
0.195760921 0.077583842 0.977577865 72.893745422 -0.013850401 0.996984780 -0.076350480 -4.762627125 -0.980553806 0.001406595 0.196245253 63.408424377
0.194217101 0.076488130 0.977971971 73.463775635 -0.010278365 0.997059464 -0.075939767 -4.811357021 -0.980904698 0.004696851 0.194432169 63.509178162
0.192493647 0.077779345 0.978210866 74.029861450 -0.006635260 0.996934295 -0.077962376 -4.859897137 -0.981275797 0.008516578 0.192419618 63.619461060
0.190139934 0.079856142 0.978503823 74.590278625 -0.002408315 0.996721447 -0.080874927 -4.898630619 -0.981754065 0.013021004 0.189708844 63.721805573
0.187849849 0.081933282 0.978774428 75.149246216 -0.003136814 0.996559680 -0.082820028 -4.935828209 -0.982192695 0.012487501 0.187460601 63.838592529
0.186631769 0.084556028 0.978784382 75.708137512 -0.003528255 0.996340513 -0.085399926 -4.978277206 -0.982423544 0.012484940 0.186247140 63.946380615
0.185361683 0.083012931 0.979157805 76.273803711 -0.001767629 0.996452034 -0.084144510 -5.022305965 -0.982668877 0.013866380 0.184850737 64.052391052
0.185938522 0.081317872 0.979190588 76.837799072 0.004448707 0.996489525 -0.083599247 -5.067555428 -0.982551336 0.019900454 0.184924036 64.154624939
0.188321412 0.079609282 0.978875458 77.405242920 0.009149280 0.996523738 -0.082804754 -5.108661652 -0.982064843 0.024549918 0.186938405 64.251976013
0.189894870 0.078782007 0.978638411 77.973709106 0.011893232 0.996517718 -0.082529075 -5.153550625 -0.981732368 0.027311029 0.188296631 64.368103027
0.193192452 0.078525454 0.978013515 78.525878906 0.009369045 0.996599138 -0.081868418 -5.203295231 -0.981116295 0.024979405 0.191799685 64.490531921
0.198339805 0.079012059 0.976943374 79.097724915 0.008438617 0.996570885 -0.082312673 -5.247220039 -0.980096996 0.024569931 0.196992874 64.615715027
0.205030844 0.078028657 0.975640237 79.676856995 0.009660461 0.996607244 -0.081735663 -5.286584854 -0.978707790 0.026183469 0.203581452 64.737518311
0.212360650 0.078242876 0.974053919 80.261756897 0.007639423 0.996626019 -0.081721537 -5.330235481 -0.977161467 0.024795648 0.211046398 64.874984741
0.220364377 0.076172069 0.972438872 80.837493896 0.008544026 0.996757269 -0.080013089 -5.370532990 -0.975380182 0.025940580 0.218998954 65.023117065
0.229952604 0.076364152 0.970201135 81.431434631 0.004290367 0.996827602 -0.079476789 -5.415189743 -0.973192334 0.022438416 0.228895456 65.161224365
0.239010751 0.075181007 0.968102098 82.020240784 0.003574053 0.996923327 -0.078301594 -5.473285198 -0.971010447 0.022174969 0.238006681 65.323120117
0.248878598 0.078764491 0.965326607 82.634674072 -0.001407123 0.996716142 -0.080962881 -5.521412849 -0.968533635 0.018791601 0.248172164 65.504249573
0.258281678 0.081070982 0.962661982 83.248535156 -0.004789169 0.996567845 -0.082641438 -5.563545227 -0.966057718 0.016734419 0.257783473 65.682693481
0.268818170 0.083904386 0.959529579 83.862686157 -0.008915227 0.996372819 -0.084628411 -5.608276367 -0.963149607 0.014195236 0.268591136 65.865570068
0.279296428 0.085313648 0.956407428 84.501266479 -0.009967389 0.996249020 -0.085956849 -5.662115097 -0.960153103 0.014474562 0.279099137 66.062477112
0.288899422 0.086352460 0.953457117 85.134368896 -0.013336758 0.996190250 -0.086181626 -5.711427689 -0.957266510 0.012181797 0.288950443 66.265991211
0.299406081 0.086327732 0.950212359 85.775817871 -0.013710168 0.996184886 -0.086184405 -5.762106895 -0.954027295 0.012776563 0.299447387 66.483322144
0.309392661 0.087309517 0.946917772 86.432136536 -0.018133821 0.996136785 -0.085922725 -5.810104370 -0.950761497 0.009412627 0.309780687 66.714218140
0.319769174 0.082337923 0.943911135 87.101593018 -0.017306665 0.996558428 -0.081067383 -5.857856750 -0.947337389 0.009586898 0.320093662 66.951553345
0.331127703 0.075272068 0.940578818 87.792198181 -0.013138664 0.997084320 -0.075168632 -5.902389526 -0.943494558 0.012532463 0.331151247 67.182266235
0.341653854 0.070917480 0.937146366 88.479431152 -0.012065902 0.997397721 -0.071078099 -5.960280418 -0.939748406 0.012976591 0.341620535 67.445655823
0.351764619 0.067612909 0.933643520 89.178802490 -0.012593857 0.997639656 -0.067502469 -6.006307602 -0.936003745 0.011986803 0.351785779 67.720413208
0.361054480 0.065028764 0.930274665 89.885124207 -0.006425955 0.997715592 -0.067249060 -6.051161766 -0.932522595 0.018302664 0.360647500 67.995086670
0.370011508 0.059908886 0.927093506 90.605987549 0.000291954 0.997911096 -0.064601660 -6.084644318 -0.929027140 0.024174020 0.369221091 68.271537781
0.376875162 0.050139412 0.924905956 91.336975098 0.010141783 0.998250663 -0.058247972 -6.125303268 -0.926208556 0.031332407 0.375707388 68.558059692
0.384099036 0.045527909 0.922168612 92.065269470 0.015795579 0.998313308 -0.055866327 -6.169436455 -0.923156798 0.036024395 0.382732034 68.852325439
0.391300887 0.045588151 0.919132948 92.809814453 0.017534737 0.998221576 -0.056975905 -6.221127033 -0.920095742 0.038411476 0.389805585 69.171226501
0.398684055 0.051549576 0.915638447 93.529563904 0.019827234 0.997701049 -0.064802729 -6.264101982 -0.916874051 0.043990389 0.396745384 69.482818604
0.406140238 0.055887997 0.912100196 94.275466919 0.024084127 0.997126698 -0.071822099 -6.304598808 -0.913493335 0.051136978 0.403627247 69.804183960
0.411117047 0.058384351 0.909710944 94.995254517 0.021636821 0.997040868 -0.073767208 -6.354094505 -0.911325753 0.050010227 0.408637196 70.143096924
0.415559500 0.059960168 0.907587588 95.712677002 0.014645692 0.997254431 -0.072589904 -6.407319069 -0.909448087 0.043457679 0.413540363 70.486328125
0.419260830 0.063719101 0.905626953 96.418663025 0.007868799 0.997241378 -0.073807880 -6.462315559 -0.907831669 0.038070951 0.417602867 70.831726074
0.423330873 0.066697136 0.903516769 97.125961304 0.007309269 0.997002542 -0.077022865 -6.520895958 -0.905945718 0.039210211 0.421574384 71.169067383
0.427674383 0.070512444 0.901178479 97.825424194 0.004098919 0.996791363 -0.079938896 -6.588306427 -0.903923571 0.037881669 0.426013112 71.498962402
0.431274921 0.073266581 0.899240732 98.501625061 0.001218620 0.996649027 -0.081787489 -6.645950317 -0.902219713 0.036368713 0.429740459 71.829116821
0.435118973 0.071947508 0.897493780 99.178230286 0.000153552 0.996796191 -0.079982542 -6.698104858 -0.900372863 0.034939736 0.433713973 72.161239624
0.439723581 0.068595774 0.895509899 99.870101929 0.001608112 0.997017384 -0.077160850 -6.755228043 -0.898131788 0.035369527 0.438301742 72.493576050
0.442978233 0.066127978 0.894090235 100.524185181 0.000864231 0.997244060 -0.074185550 -6.813345432 -0.896531880 0.033635281 0.441700250 72.823066711
0.446668237 0.065096810 0.892328322 101.191741943 -0.000196086 0.997356713 -0.072660647 -6.877841949 -0.894699633 0.032280229 0.445500344 73.168960571
0.450158000 0.066943482 0.890435934 101.823348999 -0.002161890 0.997264683 -0.073881961 -6.923787117 -0.892946243 0.031333540 0.449071407 73.488822937
0.452548265 0.067206822 0.889203668 102.443527222 -0.001137946 0.997198761 -0.074790031 -6.976707458 -0.891739130 0.032834239 0.451357037 73.813652039
0.454842955 0.065173984 0.888183653 103.069175720 0.000891570 0.997284830 -0.073636279 -7.029769897 -0.890571237 0.034284826 0.453549802 74.131332397
0.456211448 0.064087637 0.887560546 103.681236267 0.003271626 0.997275770 -0.073691435 -7.076462746 -0.889865398 0.036522642 0.454759002 74.454650879
0.458227485 0.063908204 0.886534393 104.271896362 0.002151065 0.997329116 -0.073006973 -7.125546932 -0.888832331 0.035360798 0.456866235 74.758499146
0.460094661 0.063645735 0.885585725 104.871757507 0.002792505 0.997318685 -0.073126636 -7.180946350 -0.887865484 0.036118172 0.458683282 75.083976746
0.462783545 0.065184057 0.884071469 105.449142456 0.002477173 0.997193873 -0.074821472 -7.226483345 -0.886467874 0.036816142 0.461323410 75.387657166
0.465767264 0.064995110 0.882517040 106.017097473 0.005792700 0.997053802 -0.076487646 -7.271271229 -0.884888291 0.040737595 0.464018464 75.681159973
0.468695790 0.064679712 0.880988419 106.574264526 0.007342490 0.996996105 -0.077102937 -7.317549706 -0.883329153 0.042606473 0.466812879 75.973243713
0.472010732 0.062378105 0.879383087 107.128044128 0.010547697 0.997022629 -0.076384231 -7.368287563 -0.881529748 0.045329642 0.469947457 76.269905090
0.475290000 0.061544914 0.877673924 107.660224915 0.012285820 0.996988952 -0.076564766 -7.409925461 -0.879743338 0.047173418 0.473102778 76.553527832
0.478539079 0.061368614 0.875919104 108.193511963 0.012562981 0.996974051 -0.076713458 -7.462487221 -0.877976358 0.047714539 0.476319969 76.851295471
0.481871903 0.060383230 0.874158680 108.713798523 0.013400337 0.996998370 -0.076255292 -7.507876396 -0.876139224 0.048459295 0.479616255 77.139968872
0.485488087 0.059771791 0.872197628 109.231636047 0.015009988 0.996943057 -0.076675572 -7.551954269 -0.874114454 0.050316751 0.483106822 77.424949646
0.489512444 0.061135113 0.869850576 109.743782043 0.014492965 0.996831119 -0.078215577 -7.594517708 -0.871875882 0.050894212 0.487075239 77.715583801
0.493527353 0.061203595 0.867574155 110.255393982 0.016596921 0.996676564 -0.079752505 -7.641063690 -0.869571865 0.053759102 0.490871370 78.016220093
0.498401612 0.064921953 0.864511967 110.773704529 0.013662947 0.996480048 -0.082709178 -7.692265511 -0.866838574 0.053034164 0.495760262 78.315170288
0.503777564 0.070687599 0.860936344 111.270256042 0.010539798 0.996069014 -0.087950103 -7.736661911 -0.863769114 0.053381383 0.501052260 78.615493774
0.509751618 0.077689603 0.856806517 111.760124207 0.005297979 0.995611966 -0.093427554 -7.783258915 -0.860305309 0.052164193 0.507103205 78.917961121
0.515571117 0.083971672 0.852722168 112.247505188 -0.000008569 0.995186925 -0.097995646 -7.833590984 -0.856846809 0.050516430 0.513090372 79.228775024
0.522307277 0.088521786 0.848150313 112.741928101 -0.003760464 0.994826913 -0.101514727 -7.884860516 -0.852749050 0.049832437 0.519938231 79.535278320
0.528155148 0.089010410 0.844469726 113.244804382 -0.007921536 0.994964063 -0.099918738 -7.931673527 -0.849110961 0.046083104 0.526200533 79.855781555
0.533687890 0.088147998 0.841074884 113.743865967 -0.014369442 0.995354533 -0.095199250 -7.981404305 -0.845559418 0.038720910 0.532475352 80.184463501
0.539643168 0.085633606 0.837527335 114.253860474 -0.020375416 0.995850563 -0.088693008 -8.037858009 -0.841647267 0.030797614 0.539148808 80.520103455
0.544888854 0.084106930 0.834279537 114.774642944 -0.027115371 0.996203661 -0.082721435 -8.089864731 -0.838069737 0.022452191 0.545100808 80.903022766
0.551089644 0.082142182 0.830393195 115.294456482 -0.029528072 0.996439517 -0.078971148 -8.135787010 -0.833923459 0.019000260 0.551552892 81.259552002
0.557226717 0.085722096 0.825923741 115.815719604 -0.034889285 0.996195734 -0.079855740 -8.184061050 -0.829627156 0.015681844 0.558097661 81.632949829
0.563385248 0.089708403 0.821309566 116.338157654 -0.038713139 0.995862186 -0.082218446 -8.227763176 -0.825286806 0.014525183 0.564526916 82.005432129
0.568992436 0.093197837 0.817044556 116.892112732 -0.041705720 0.995548964 -0.084515318 -8.278943062 -0.821284533 0.014013143 0.570346713 82.422508240
0.575603485 0.095465846 0.812137306 117.440475464 -0.044061583 0.995339930 -0.085772417 -8.324314117 -0.816541076 0.013586844 0.577127457 82.818618774
