1.000000000 0.000000000 0.000000000 0.000000030 0.000000000 1.000000000 0.000000000 0.000000000 0.000000000 0.000000000 1.000000000 0.000000005
0.999991238 -0.002558657 -0.003315403 -0.000312173 0.002552047 0.999994755 -0.001996616 -0.005307391 0.003320495 0.001988138 0.999992490 0.696385682
0.999972761 -0.001535822 -0.007221402 -0.009586967 0.001510097 0.999992490 -0.003566569 -0.007960075 0.007226825 0.003555567 0.999967575 1.399020791
0.999941647 -0.001321871 -0.010719336 -0.033530846 0.001267738 0.999986410 -0.005055331 -0.011968108 0.010725871 0.005041447 0.999929726 2.124428034
0.999878168 -0.000163253 -0.015600249 -0.050520316 0.000077441 0.999984801 -0.005501130 -0.017643940 0.015600909 0.005499252 0.999863148 2.869967461
0.999801040 -0.001425051 -0.019894112 -0.066238262 0.001308049 0.999981642 -0.005893022 -0.022758508 0.019902147 0.005865825 0.999784708 3.631364584
0.999707401 0.000661258 -0.024178781 -0.099933408 -0.000827789 0.999975979 -0.006878122 -0.035476834 0.024173653 0.006896126 0.999683976 4.407162189
0.999574482 0.003420235 -0.028966539 -0.131003797 -0.003651106 0.999961972 -0.007921106 -0.034235895 0.028938349 0.008023497 0.999548912 5.196017265
0.999440193 0.003485282 -0.033271700 -0.162547708 -0.003686271 0.999975324 -0.005981402 -0.049038075 0.033250026 0.006100701 0.999428570 6.019989491
0.999281704 0.002304317 -0.037825860 -0.192903429 -0.002436356 0.999991059 -0.003444975 -0.053000830 0.037817590 0.003534658 0.999278426 6.843658924
0.999171913 0.002340134 -0.040618025 -0.240590677 -0.002358915 0.999997139 -0.000414456 -0.069205262 0.040616926 0.000509927 0.999174595 7.670708179
0.999067366 0.003773253 -0.043012507 -0.282578528 -0.003826056 0.999992073 -0.001145347 -0.074440837 0.043007836 0.001308848 0.999073803 8.510675430
0.998967469 0.003233199 -0.045313787 -0.317988932 -0.003294091 0.999993801 -0.001269167 -0.081927463 0.045309395 0.001417124 0.998971939 9.354744911
0.998872340 0.000209597 -0.047476150 -0.356702715 -0.000289751 0.999998450 -0.001681436 -0.093970843 0.047475722 0.001693296 0.998871028 10.215897560
0.998784065 0.000228006 -0.049297646 -0.398902893 -0.000271324 0.999999523 -0.000872010 -0.100406706 0.049297426 0.000884325 0.998783708 11.070747375
0.998719394 -0.001217081 -0.050577413 -0.446985304 0.001150158 0.999998391 -0.001352275 -0.107704155 0.050578978 0.001292371 0.998719215 11.934768677
0.998632491 0.000766981 -0.052273199 -0.504847050 -0.000942394 0.999994040 -0.003331148 -0.121858530 0.052270330 0.003375854 0.998627245 12.832551956
0.998572171 0.001438974 -0.053399075 -0.556342840 -0.001780726 0.999978244 -0.006352936 -0.125190586 0.053388782 0.006438954 0.998552978 13.721201897
0.998487532 0.005151715 -0.054735262 -0.619491518 -0.005594044 0.999952972 -0.007931089 -0.138267219 0.054691829 0.008225285 0.998469353 14.605871201
0.998389363 0.006008175 -0.056411888 -0.673017979 -0.006428377 0.999952912 -0.007270308 -0.158516675 0.056365561 0.007621237 0.998381078 15.543103218
0.998347342 0.005517961 -0.057200927 -0.732668102 -0.005836902 0.999968350 -0.005410234 -0.177489489 0.057169277 0.005735171 0.998347998 16.451404572
0.998265386 0.006066807 -0.058559939 -0.788110018 -0.006318662 0.999971628 -0.004116615 -0.186450765 0.058533303 0.004479497 0.998275340 17.384197235
0.998173833 0.005504666 -0.060155172 -0.847692490 -0.005766997 0.999974668 -0.004188153 -0.197355628 0.060130585 0.004527419 0.998180211 18.330074310
0.998086631 0.005181781 -0.061612878 -0.904109716 -0.005489492 0.999973416 -0.004826039 -0.210418642 0.061586231 0.005155028 0.998088419 19.261201859
0.998064578 0.003800352 -0.062069606 -0.971964598 -0.004144640 0.999976754 -0.005419006 -0.225484848 0.062047560 0.005665774 0.998057187 20.213075638
0.997996628 0.004142531 -0.063131906 -1.030595064 -0.004398433 0.999982655 -0.003915034 -0.233269438 0.063114591 0.004184872 0.997997463 21.148147583
0.998011708 0.005622318 -0.062777728 -1.097407699 -0.005674478 0.999983668 -0.000652618 -0.243534833 0.062773034 0.001007551 0.998027265 22.100177765
0.998083413 0.006499569 -0.061540578 -1.161365151 -0.006301756 0.999974430 0.003407894 -0.256313711 0.061561145 -0.003013548 0.998098671 23.053796768
0.998160362 0.004750977 -0.060441773 -1.220537782 -0.004373347 0.999970019 0.006378584 -0.265933990 0.060470272 -0.006102516 0.998151302 24.009799957
0.998223543 0.005002772 -0.059369598 -1.271211267 -0.004609013 0.999966443 0.006767421 -0.265799195 0.059401467 -0.006481764 0.998213112 24.981832504
0.998318970 0.005257734 -0.057718847 -1.330937624 -0.005006290 0.999977291 0.004500108 -0.278921545 0.057741199 -0.004203586 0.998322666 25.947662354
0.998390138 0.005849223 -0.056417581 -1.397057533 -0.005883841 0.999982536 -0.000447523 -0.283983082 0.056413986 0.000778755 0.998407125 26.921293259
0.998471439 0.004955933 -0.055048194 -1.456785560 -0.005155164 0.999980628 -0.003477785 -0.288376153 0.055029903 0.003756253 0.998477638 27.901647568
0.998514712 0.002531985 -0.054423768 -1.507926106 -0.002674625 0.999993145 -0.002548235 -0.296967357 0.054416951 0.002690013 0.998514593 28.890167236
0.998502016 0.000525104 -0.054712258 -1.559681416 -0.000374747 0.999996066 0.002758363 -0.313386202 0.054713499 -0.002733728 0.998498321 29.880487442
0.998444259 -0.003090137 -0.055672146 -1.609455585 0.003446106 0.999974251 0.006299170 -0.321582139 0.055651233 -0.006481222 0.998429239 30.878004074
0.998352289 -0.010348541 -0.056440953 -1.658412337 0.010693852 0.999925911 0.005819513 -0.332990527 0.056376535 -0.006413496 0.998388946 31.870897293
0.998247862 -0.012863578 -0.057756647 -1.717858791 0.013004220 0.999913335 0.002059788 -0.343449414 0.057725150 -0.002807260 0.998328507 32.867435455
0.998163044 -0.012558755 -0.059268735 -1.777444124 0.012452964 0.999920189 -0.002154006 -0.344196588 0.059291050 0.001411978 0.998239696 33.870918274
0.998063147 -0.011422087 -0.061151508 -1.847211123 0.011293364 0.999933183 -0.002450205 -0.361547500 0.061175421 0.001754853 0.998125494 34.889377594
0.998027623 -0.011350118 -0.061741754 -1.911063552 0.011307052 0.999935508 -0.001046840 -0.371764243 0.061749659 0.000346658 0.998091638 35.904563904
0.997967958 -0.008547514 -0.063141033 -1.978506207 0.008680332 0.999960661 0.001829494 -0.385556638 0.063122913 -0.002373863 0.998002946 36.930454254
0.997898042 -0.007875706 -0.064322844 -2.047196627 0.008077705 0.999963164 0.002880922 -0.393327415 0.064297795 -0.003394448 0.997925043 37.957740784
0.997855544 -0.006892166 -0.065090731 -2.124300957 0.007291369 0.999956012 0.005897461 -0.406161815 0.065047219 -0.006359414 0.997861922 38.991058350
0.997864544 -0.007330867 -0.064904705 -2.194916725 0.007923556 0.999929190 0.008878987 -0.408339649 0.064835019 -0.009374303 0.997852027 40.018421173
0.997854829 -0.001356852 -0.065450482 -2.271784544 0.002097434 0.999934554 0.011247750 -0.414674252 0.065430947 -0.011360902 0.997792363 41.054553986
0.997859120 -0.001192298 -0.065388553 -2.346451283 0.001885899 0.999942601 0.010546677 -0.415620804 0.065372236 -0.010647416 0.997804105 42.062446594
0.997828126 -0.001689606 -0.065848641 -2.400094748 0.002289103 0.999956608 0.009029791 -0.420973957 0.065830551 -0.009160914 0.997788727 43.094108582
0.997838974 0.000616099 -0.065703437 -2.474256754 -0.000162509 0.999976158 0.006908716 -0.428847075 0.065706126 -0.006883108 0.997815251 44.130393982
0.997787178 0.000268488 -0.066488549 -2.547570229 0.000203765 0.999974847 0.007095887 -0.434461504 0.066488788 -0.007093731 0.997761965 45.145473480
0.997680962 -0.001481846 -0.068046682 -2.613681316 0.002021740 0.999966979 0.007865978 -0.433787048 0.068032786 -0.007985310 0.997651100 46.159324646
0.997629404 -0.001504247 -0.068799242 -2.682570696 0.002146446 0.999954760 0.009261410 -0.443587720 0.068782225 -0.009387127 0.997587562 47.175025940
0.997633696 0.000918091 -0.068746626 -2.757985115 -0.000520462 0.999983072 0.005801653 -0.452559024 0.068750799 -0.005752145 0.997617245 48.181808472
0.997571290 0.001133863 -0.069643639 -2.833100080 -0.001029935 0.999998271 0.001528155 -0.456205338 0.069645263 -0.001452714 0.997570813 49.174419403
0.997537076 0.002048158 -0.070110485 -2.904301643 -0.002016925 0.999997795 0.000516269 -0.469229907 0.070111394 -0.000373590 0.997539222 50.165264130
0.997523427 0.000608006 -0.070331737 -2.984345436 -0.000312268 0.999991059 0.004215815 -0.482782006 0.070333660 -0.004183411 0.997514784 51.200778961
0.997517407 -0.001042859 -0.070412524 -3.051082373 0.001558485 0.999972403 0.007268387 -0.489019990 0.070402995 -0.007360079 0.997491539 52.189670563
0.997467697 -0.002984221 -0.071057968 -3.115493536 0.003556944 0.999962151 0.007934758 -0.495106369 0.071031615 -0.008167414 0.997440696 53.184696198
0.997461617 -0.006363196 -0.070923045 -3.188546419 0.006860521 0.999953508 0.006770779 -0.506524861 0.070876665 -0.007240161 0.997458816 54.178203583
0.997414887 -0.009124853 -0.071277626 -3.257193565 0.009545883 0.999938905 0.005568504 -0.514205158 0.071222462 -0.006234518 0.997440994 55.148639679
0.997326612 -0.010504678 -0.072312906 -3.326380730 0.011019521 0.999916673 0.006724396 -0.522559941 0.072236255 -0.007503274 0.997359276 56.130764008
0.997172892 -0.014453744 -0.073738411 -3.388771057 0.015302947 0.999822736 0.010964429 -0.526672542 0.073566861 -0.012061844 0.997217357 57.112300873
0.997151256 -0.015068146 -0.073907770 -3.463644981 0.016279921 0.999742329 0.015820799 -0.526745856 0.073650315 -0.016978942 0.997139692 58.090023041
0.997124493 -0.013351205 -0.074596286 -3.538269997 0.014750651 0.999724805 0.018240890 -0.529713631 0.074332230 -0.019288778 0.997046947 59.056541443
0.997018754 -0.012526358 -0.076137766 -3.609964848 0.013676582 0.999799728 0.014604482 -0.534015477 0.075939581 -0.015602242 0.996990323 59.999332428
0.996937096 -0.011074666 -0.077418283 -3.689617157 0.011624130 0.999910235 0.006650334 -0.532845855 0.077337682 -0.007529885 0.996976495 60.981121063
0.996874154 -0.009197700 -0.078468874 -3.764687777 0.009355553 0.999954820 0.001644311 -0.535534859 0.078450210 -0.002373289 0.996915221 61.918125153
0.996825993 -0.004616465 -0.079475574 -3.844556570 0.004855490 0.999984145 0.002814565 -0.547417581 0.079461336 -0.003191524 0.996832848 62.840332031
0.996775925 -0.002133752 -0.080205910 -3.929244995 0.002542262 0.999984324 0.004991497 -0.558762312 0.080193996 -0.005179309 0.996765852 63.758701324
0.996664882 0.000366726 -0.081601515 -4.001665592 0.000165381 0.999978721 0.006513948 -0.569086671 0.081602171 -0.006505718 0.996643782 64.652938843
0.996599555 0.000896140 -0.082392290 -4.086798668 -0.000368884 0.999979317 0.006414335 -0.576710224 0.082396328 -0.006362131 0.996579230 65.548515320
0.996449709 0.002766548 -0.084145680 -4.164140701 -0.002182529 0.999972880 0.007031778 -0.581616402 0.084162831 -0.006823163 0.996428609 66.417755127
0.996338725 0.003436431 -0.085422851 -4.239591599 -0.002777640 0.999965489 0.007829786 -0.594289064 0.085446805 -0.007563845 0.996313989 67.272659302
0.996225536 0.003335838 -0.086738206 -4.322332859 -0.002620460 0.999961615 0.008360110 -0.604844689 0.086762764 -0.008101260 0.996196091 68.141433716
0.996116519 0.003249018 -0.087984554 -4.396357059 -0.002443782 0.999954104 0.009258199 -0.607536972 0.088010594 -0.009007229 0.996078849 68.979919434
0.995987892 0.006078627 -0.089280888 -4.478645325 -0.005034449 0.999916315 0.011915975 -0.611664832 0.089345843 -0.011418687 0.995935202 69.810150146
0.995885909 0.007558782 -0.090299904 -4.559641361 -0.006129854 0.999851763 0.016091103 -0.614926577 0.090408154 -0.015471378 0.995784581 70.609489441
0.995689034 0.010728525 -0.092132092 -4.633442879 -0.009130445 0.999800801 0.017749550 -0.617724180 0.092304163 -0.016831825 0.995588541 71.394371033
0.995543003 0.013474244 -0.093339391 -4.720070839 -0.012249815 0.999831378 0.013678596 -0.620899379 0.093507983 -0.012474238 0.995540321 72.185485840
0.995414615 0.013072414 -0.094755799 -4.790963173 -0.012511335 0.999900401 0.006512998 -0.627241492 0.094831534 -0.005297607 0.995479167 72.927268982
0.995277345 0.012469009 -0.096267484 -4.862684727 -0.012477679 0.999921978 0.000511970 -0.631952703 0.096266374 0.000691643 0.995355308 73.660247803
0.995238543 0.013183793 -0.096573286 -4.941581726 -0.013304033 0.999911427 -0.000601230 -0.638732255 0.096556798 0.001883182 0.995325685 74.377105713
0.995111346 0.016029803 -0.097449750 -5.012747765 -0.015799262 0.999870241 0.003136993 -0.649311900 0.097487383 -0.001582022 0.995235562 75.065345764
0.994991601 0.016272554 -0.098625250 -5.084555626 -0.015830940 0.999860823 0.005258695 -0.662193000 0.098697111 -0.003671026 0.995110750 75.743865967
0.994940519 0.012971703 -0.099624731 -5.148953438 -0.012850627 0.999915600 0.001856975 -0.671060562 0.099640414 -0.000567339 0.995023429 76.395263672
0.994992375 0.005209279 -0.099815451 -5.195675850 -0.005552482 0.999979556 -0.003160831 -0.682648480 0.099796943 0.003699226 0.995000899 77.023780823
0.995125055 0.001210649 -0.098612092 -5.254984379 -0.001971178 0.999969065 -0.007615279 -0.703891635 0.098599814 0.007772539 0.995096743 77.633415222
0.995457947 0.003435912 -0.095139317 -5.322591782 -0.004218288 0.999958932 -0.008023582 -0.708447337 0.095107816 0.008388464 0.995431662 78.238983154
0.995850027 0.008367375 -0.090622909 -5.391334057 -0.008875171 0.999947011 -0.005201865 -0.716483951 0.090574570 0.005984572 0.995871663 78.827781677
0.996236384 0.006900239 -0.086402915 -5.428447247 -0.007103634 0.999972701 -0.002046774 -0.730714560 0.086386435 0.002652845 0.996258199 79.391822815
0.996713042 0.003416296 -0.080940045 -5.459701538 -0.003236744 0.999992073 0.002349437 -0.744502306 0.080947421 -0.002079732 0.996716261 79.950149536
0.997331798 -0.001095620 -0.072993167 -5.484202862 0.001530268 0.999981463 0.005898972 -0.754283905 0.072985336 -0.005994931 0.997314990 80.495185852
0.998073101 0.002413140 -0.062002581 -5.516309738 -0.002055407 0.999980867 0.005832799 -0.765451312 0.062015474 -0.005694118 0.998058915 81.025840759
0.998866379 0.007472099 -0.047012549 -5.540938377 -0.007229598 0.999959707 0.005326137 -0.770088077 0.047050457 -0.004980216 0.998880088 81.538169861
0.999510944 0.012582633 -0.028631691 -5.557001591 -0.012411412 0.999904096 0.006150007 -0.776126981 0.028706327 -0.005791639 0.999571085 82.043884277
0.999917388 0.011177715 -0.006341968 -5.549276352 -0.011136400 0.999916792 0.006513321 -0.776973546 0.006414250 -0.006442156 0.999958634 82.534217834
0.999784052 0.007513006 0.019375743 -5.508512497 -0.007659987 0.999942303 0.007522807 -0.782697380 -0.019318108 -0.007669599 0.999783933 83.008613586
0.998775840 0.006614281 0.049021415 -5.465014935 -0.007072247 0.999932885 0.009174605 -0.787818491 -0.048957441 -0.009510064 0.998755574 83.477630615
0.996600091 0.006264670 0.082151793 -5.409335136 -0.007215783 0.999910235 0.011285730 -0.799297750 -0.082073718 -0.011840150 0.996555924 83.934768677
0.992781341 0.006016380 0.119786441 -5.325422287 -0.007430823 0.999907792 0.011364887 -0.796090364 -0.119707018 -0.012172961 0.992734611 84.393554688
0.986942649 0.006113562 0.160955742 -5.235101700 -0.008047551 0.999903023 0.011366499 -0.800235868 -0.160870656 -0.012513382 0.986896157 84.802688599
0.978534281 0.005809877 0.206002131 -5.113582611 -0.008293408 0.999902964 0.011194408 -0.800245225 -0.205917090 -0.012662568 0.978487551 85.234001160
0.966941893 0.007880941 0.254875064 -4.977638245 -0.010615405 0.999899924 0.009354887 -0.809097230 -0.254775882 -0.011751231 0.966928661 85.640274048
0.951346815 0.009332812 0.307980657 -4.822494507 -0.011969666 0.999906063 0.006673689 -0.814579427 -0.307889462 -0.010035416 0.951369226 86.025894165
0.931183755 0.009430392 0.364428163 -4.653072357 -0.012083471 0.999914467 0.005000566 -0.824879766 -0.364349842 -0.009059999 0.931218088 86.399887085
0.906851947 0.010644537 0.421314746 -4.448234558 -0.013008142 0.999911666 0.002736346 -0.821587443 -0.421248347 -0.007961981 0.906910419 86.753799438
0.878040791 0.009745685 0.478486389 -4.214553833 -0.012015245 0.999926329 0.001682197 -0.839658499 -0.478434771 -0.007226169 0.878093362 87.084167480
0.844453871 0.008279534 0.535564125 -3.966156006 -0.009714019 0.999952734 -0.000142093 -0.846519947 -0.535539985 -0.005082490 0.844494581 87.396049500
0.807450771 0.008010029 0.589880526 -3.704055786 -0.008864424 0.999959588 -0.001444565 -0.852426529 -0.589868307 -0.004062535 0.807489216 87.684143066
0.767637074 0.006218407 0.640854537 -3.420486450 -0.008056606 0.999967515 -0.000052516 -0.864734769 -0.640834033 -0.005122798 0.767662406 87.956428528
0.725107789 0.005930798 0.688609779 -3.121303558 -0.009713311 0.999951541 0.001615847 -0.866221786 -0.688566923 -0.007860344 0.725130260 88.207374573
0.680085480 0.004596590 0.733118415 -2.804603577 -0.008808419 0.999959350 0.001901568 -0.871922791 -0.733079910 -0.007750844 0.680098295 88.440010071
0.634173751 0.003415667 0.773182988 -2.475265503 -0.006031556 0.999981642 0.000529563 -0.876272261 -0.773167014 -0.004999331 0.634182692 88.640525818
0.588658094 0.001296639 0.808381140 -2.116943359 0.000659291 0.999997735 -0.002084081 -0.868934095 -0.808381855 0.001759770 0.588655829 88.818977356
0.542019606 0.003460394 0.840358913 -1.774444580 -0.001189646 0.999993682 -0.003350427 -0.873406231 -0.840364993 0.000816268 0.542020321 88.992675781
0.494986951 0.006148393 0.868878722 -1.429420471 -0.005236057 0.999977946 -0.004093180 -0.883273363 -0.868884742 -0.002523427 0.495008171 89.149955750
0.448665857 0.008337693 0.893660784 -1.079532623 -0.005937417 0.999962270 -0.006348562 -0.888106585 -0.893679917 -0.002457652 0.448698401 89.305068970
0.406668842 0.006124882 0.913555205 -0.719535828 0.000810140 0.999974728 -0.007064910 -0.892572284 -0.913575292 0.003613187 0.406653643 89.411598206
0.367242962 -0.001422354 0.930123925 -0.320987701 0.015866857 0.999862850 -0.004735748 -0.894918084 -0.929989696 0.016497316 0.367215186 89.516998291
0.332097709 -0.004767984 0.943232894 0.052320480 0.019855384 0.999800920 -0.001936842 -0.894623935 -0.943035960 0.019371474 0.332126230 89.606575012
0.298870593 -0.000830673 0.954293251 0.426061630 0.016989075 0.999845743 -0.004450405 -0.902992606 -0.954142451 0.017542657 0.298838615 89.707382202
0.267946780 0.007341432 0.963405669 0.791559219 0.006494910 0.999934494 -0.009426188 -0.909202576 -0.963411808 0.008782955 0.267881542 89.802726746
0.239583492 0.011026119 0.970813036 1.178632736 0.001157304 0.999931514 -0.011642438 -0.930448115 -0.970875025 0.003912863 0.239554316 89.891052246
0.213920072 0.012593968 0.976769865 1.577327728 0.002212110 0.999908090 -0.013376767 -0.945266724 -0.976848602 0.005022284 0.213872552 89.955963135
0.190615863 0.014134357 0.981562853 1.990293503 0.009579036 0.999821961 -0.016257497 -0.952133715 -0.981617868 0.012501365 0.190446526 90.009857178
0.170766801 0.020222835 0.985103905 2.407199860 0.016295644 0.999594688 -0.023345146 -0.952042699 -0.985176623 0.020039482 0.170368031 90.050392151
0.150948301 0.027125735 0.988169372 2.843273163 0.018078513 0.999380529 -0.030195076 -0.950804353 -0.988376379 0.022422532 0.150364369 90.108963013
0.133091360 0.027832145 0.990712881 3.290596962 0.016053373 0.999413908 -0.030233180 -0.961563706 -0.990973771 0.019928062 0.132566556 90.167655945
0.117597625 0.023291063 0.992788076 3.757559776 0.014120746 0.999584615 -0.025123138 -0.984616220 -0.992960989 0.016973335 0.117219850 90.219200134
0.103165686 0.020305058 0.994456947 4.241528511 0.014085239 0.999661505 -0.021872545 -1.001483202 -0.994564474 0.016263654 0.102844760 90.260375977
0.090012088 0.017877890 0.995780170 4.730014801 0.016612260 0.999672711 -0.019449420 -1.014800906 -0.995802104 0.018292839 0.089685634 90.291748047
0.078156874 0.017267480 0.996791542 5.241097450 0.019963814 0.999622285 -0.018881854 -1.027044654 -0.996741176 0.021375507 0.077782623 90.322425842
0.068304569 0.017805301 0.997505665 5.760008812 0.023350382 0.999538302 -0.019440513 -1.040486813 -0.997391224 0.024620013 0.067857265 90.345397949
0.060600225 0.018233964 0.997995615 6.304723263 0.025557963 0.999476969 -0.019812956 -1.057560921 -0.997834861 0.026707401 0.060102493 90.367820740
0.055171028 0.018379051 0.998307824 6.865143776 0.027584001 0.999420941 -0.019923965 -1.069847465 -0.998095870 0.028636554 0.054632101 90.390304565
0.049614310 0.019399326 0.998580039 7.438313961 0.028389273 0.999379933 -0.020825386 -1.084265709 -0.998364866 0.029382197 0.049032815 90.412712097
0.043523163 0.020082254 0.998850465 8.037818909 0.028579021 0.999363780 -0.021337852 -1.102320790 -0.998643577 0.029474858 0.042921532 90.440956116
0.038971752 0.019832367 0.999043405 8.650472641 0.030652383 0.999308884 -0.021033354 -1.120886683 -0.998769999 0.031442773 0.038336892 90.458328247
0.036150843 0.020152001 0.999143064 9.288313866 0.032527883 0.999243081 -0.021330932 -1.134029865 -0.998816788 0.033271145 0.035467971 90.479339600
0.033017896 0.019614909 0.999262273 9.936075211 0.033177562 0.999234796 -0.020710634 -1.150446177 -0.998903930 0.033836901 0.032341853 90.499847412
0.030593475 0.018899605 0.999353170 10.605192184 0.034877695 0.999192059 -0.019964280 -1.167927742 -0.998923182 0.035465911 0.029909588 90.515968323
0.029859021 0.018588657 0.999381244 11.292977333 0.039780367 0.999012709 -0.019770343 -1.182161570 -0.998762190 0.040346079 0.029090086 90.529846191
0.031293012 0.018007528 0.999348044 12.012135506 0.043426782 0.998869002 -0.019358739 -1.200824738 -0.998566389 0.044004273 0.030475616 90.536437988
0.033927120 0.018271087 0.999257207 12.763410568 0.044937670 0.998793781 -0.019788351 -1.215800047 -0.998413503 0.045575660 0.033065140 90.556472778
0.037677217 0.018547710 0.999117672 13.501893997 0.047453031 0.998666644 -0.020328807 -1.230308533 -0.998162568 0.048177101 0.036746837 90.586196899
0.042230010 0.017770657 0.998949766 14.258885384 0.048294209 0.998636782 -0.019806694 -1.249032974 -0.997940063 0.049079936 0.041314226 90.610092163
0.046170641 0.015832616 0.998808086 15.032936096 0.049857233 0.998591721 -0.018133873 -1.272006512 -0.997688591 0.050635058 0.045316249 90.646110535
0.050043467 0.014402956 0.998642981 15.837312698 0.049537521 0.998629510 -0.016885156 -1.289151907 -0.997517765 0.050315313 0.049261399 90.693763733
0.054158762 0.012424788 0.998454869 16.643093109 0.046550252 0.998803973 -0.014954135 -1.304999948 -0.997446775 0.047288235 0.053515621 90.741630554
0.058321733 0.011324606 0.998233497 17.461849213 0.045875270 0.998848975 -0.014011847 -1.322383285 -0.997243285 0.046611439 0.057735089 90.790771484
0.062291991 0.012169390 0.997983932 18.286911011 0.042878300 0.998969734 -0.014857787 -1.346431613 -0.997136474 0.043717366 0.061706018 90.852386475
0.065891720 0.015979383 0.997698843 19.122755051 0.040959693 0.998985648 -0.018705120 -1.371875167 -0.996985734 0.042097956 0.065170370 90.904037476
0.066931814 0.021118563 0.997534096 19.952407837 0.035390582 0.999096453 -0.023526259 -1.396208286 -0.997129738 0.036877960 0.066123948 90.977607727
0.066387467 0.024550408 0.997491777 20.792303085 0.032042891 0.999129176 -0.026723299 -1.422683001 -0.997279286 0.033736613 0.065542981 91.050910950
0.067076042 0.023975955 0.997459710 21.630800247 0.029637279 0.999222159 -0.026011335 -1.451970935 -0.997307539 0.031306732 0.066313289 91.100013733
0.066871598 0.022188719 0.997514784 22.472812653 0.026873503 0.999349892 -0.024031091 -1.483154416 -0.997399688 0.028413715 0.066231839 91.164207458
0.066430748 0.021046989 0.997569025 23.317087173 0.027663555 0.999354303 -0.022926843 -1.517148614 -0.997407496 0.029119356 0.065805629 91.231483459
0.066785999 0.020422570 0.997558296 24.152616501 0.024956027 0.999443531 -0.022131955 -1.546740055 -0.997455180 0.026373195 0.066239171 91.293983459
0.067062825 0.020789474 0.997532129 24.985208511 0.023382356 0.999475539 -0.022401940 -1.575107813 -0.997474730 0.024826992 0.066541553 91.350334167
0.067166068 0.021437900 0.997511446 25.830198288 0.020337088 0.999532044 -0.022850692 -1.607735395 -0.997534692 0.021821268 0.066698641 91.412796021
0.066095240 0.022665901 0.997555852 26.658393860 0.017377203 0.999564230 -0.023862896 -1.638145089 -0.997662067 0.018911954 0.065672584 91.470336914
0.063181758 0.022367962 0.997751296 27.486181259 0.014493415 0.999622762 -0.023327701 -1.666543245 -0.997896910 0.015934709 0.062833741 91.526802063
0.059689097 0.021171333 0.997992456 28.327011108 0.012243106 0.999684334 -0.021939473 -1.694843531 -0.998141885 0.013528075 0.059411049 91.578002930
0.055289857 0.018979633 0.998289943 29.153934479 0.010385205 0.999754250 -0.019582653 -1.719797373 -0.998416305 0.011450166 0.055079170 91.617591858
0.049033448 0.016629159 0.998658776 29.985187531 0.008405026 0.999819219 -0.017061166 -1.747930050 -0.998761714 0.009230319 0.048884820 91.664054871
0.041656561 0.017268717 0.998982728 30.831712723 0.008158621 0.999811411 -0.017623249 -1.772277713 -0.999098599 0.008884447 0.041507822 91.700424194
0.033272352 0.017991824 0.999284387 31.649698257 0.007658297 0.999804080 -0.018256171 -1.798000693 -0.999417007 0.008260244 0.033128045 91.722297668
0.023137627 0.018599220 0.999559283 32.471710205 0.008244543 0.999789357 -0.018794348 -1.821196318 -0.999698341 0.008675766 0.022979416 91.745407104
0.012828621 0.017495571 0.999764681 33.299842834 0.009584565 0.999798715 -0.017619161 -1.847688437 -0.999871790 0.009808338 0.012658352 91.751976013
0.001965732 0.016722435 0.999858320 34.108680725 0.008211507 0.999826133 -0.016738046 -1.872924805 -0.999964416 0.008243246 0.001828073 91.752487183
-0.009214836 0.015656389 0.999835014 34.907814026 0.009826458 0.999830544 -0.015565754 -1.896932602 -0.999909282 0.009681401 -0.009367121 91.741592407
-0.020372517 0.015966058 0.999664843 35.754806519 0.009671683 0.999828994 -0.015771572 -1.927627683 -0.999745667 0.009347136 -0.020523448 91.732818604
-0.031517256 0.016624885 0.999364853 36.538871765 0.009489409 0.999821663 -0.016333211 -1.951529264 -0.999458194 0.008968606 -0.031669389 91.708938599
-0.041806504 0.017690647 0.998969078 37.343154907 0.009491520 0.999805212 -0.017308233 -1.972793460 -0.999080598 0.008758140 -0.041966271 91.669464111
-0.052025143 0.018887790 0.998467028 38.116199493 0.009851015 0.999782145 -0.018399380 -1.993318915 -0.998597085 0.008878685 -0.052199874 91.622795105
-0.061415832 0.019570172 0.997920334 38.910858154 0.011192731 0.999758303 -0.018917372 -2.020601273 -0.998049438 0.010007627 -0.061620027 91.568931580
-0.070551179 0.019984553 0.997307956 39.681655884 0.012174585 0.999742031 -0.019172080 -2.045002699 -0.997433782 0.010789198 -0.070776284 91.501663208
-0.080306262 0.020358553 0.996562243 40.434310913 0.011693257 0.999741793 -0.019481231 -2.072186947 -0.996701598 0.010088594 -0.080523580 91.446968079
-0.089146666 0.019767396 0.995822251 41.221324921 0.012743015 0.999743700 -0.018704478 -2.096694946 -0.995936990 0.011022336 -0.089375719 91.379196167
-0.096102282 0.018821424 0.995193481 41.959674835 0.014587960 0.999740362 -0.017498711 -2.118707418 -0.995264530 0.012836178 -0.096351929 91.296501160
-0.101540044 0.016898464 0.994687855 42.692047119 0.017162606 0.999736607 -0.015232240 -2.145626783 -0.994683385 0.015524756 -0.101803318 91.216674805
-0.105016150 0.015431144 0.994350731 43.433601379 0.020365011 0.999703228 -0.013363402 -2.170099497 -0.994261920 0.018846588 -0.105299227 91.130836487
-0.107525192 0.014563870 0.994095683 44.146118164 0.021829396 0.999686182 -0.012284623 -2.187769413 -0.993962586 0.020379599 -0.107809372 91.045082092
-0.109334052 0.013297456 0.993916154 44.860778809 0.022195745 0.999693811 -0.010933151 -2.213557720 -0.993757129 0.020865347 -0.109595723 90.973701477
-0.110277720 0.014262319 0.993798375 45.550430298 0.023736585 0.999649584 -0.011712337 -2.230093956 -0.993617237 0.022297775 -0.110577621 90.896820068
-0.109379768 0.014899616 0.993888378 46.221126556 0.024070814 0.999634087 -0.012336703 -2.250578403 -0.993708432 0.022574315 -0.109698407 90.827293396
-0.106484510 0.016662814 0.994174778 46.878448486 0.025082795 0.999586463 -0.014066938 -2.268584728 -0.993997872 0.023438772 -0.106858425 90.758529663
-0.101335004 0.017402234 0.994700193 47.502166748 0.024989851 0.999575973 -0.014941698 -2.282583714 -0.994538367 0.023343289 -0.101726919 90.697059631
-0.093315162 0.017505605 0.995482624 48.129390717 0.024132488 0.999591410 -0.015315707 -2.315618992 -0.995344162 0.022594286 -0.093699493 90.643829346
-0.082148470 0.017462660 0.996466994 48.726127625 0.023304474 0.999606729 -0.015596464 -2.335114956 -0.996347666 0.021940915 -0.082523108 90.600914001
-0.068538755 0.017637402 0.997492373 49.299453735 0.022760380 0.999611020 -0.016110972 -2.355362654 -0.997388840 0.021599084 -0.068913534 90.571144104
-0.051267017 0.019111818 0.998502076 49.848823547 0.021883268 0.999598265 -0.018009225 -2.375437737 -0.998445272 0.020927209 -0.051664654 90.556037903
-0.030077673 0.021846166 0.999308825 50.389896393 0.020485779 0.999564588 -0.021235170 -2.394444466 -0.999337554 0.019832915 -0.030512113 90.559432983
-0.005430104 0.024825279 0.999677062 50.923679352 0.018494094 0.999523342 -0.024721004 -2.414068699 -0.999814093 0.018353881 -0.005886637 90.572364807
0.023107860 0.026417455 0.999383926 51.448112488 0.016671890 0.999501646 -0.026806055 -2.438003540 -0.999593973 0.017281052 0.022655904 90.600341797
0.056111068 0.026268343 0.998078883 51.979198456 0.015016901 0.999518454 -0.027150471 -2.451461315 -0.998311520 0.016511492 0.055689573 90.652870178
0.094423108 0.022784634 0.995271385 52.492130280 0.012538705 0.999631524 -0.024074016 -2.494052887 -0.995453238 0.014752558 0.094102629 90.715087891
0.136504546 0.019341987 0.990450561 53.025154114 0.011309327 0.999713778 -0.021081544 -2.508443117 -0.990574837 0.014079059 0.136246771 90.809112549
0.181784898 0.014650777 0.983229041 53.526382446 0.008461960 0.999828756 -0.016462613 -2.530671120 -0.983301818 0.011312701 0.181629792 90.929069519
0.229798615 0.011013716 0.973175764 54.004009247 0.003654566 0.999919057 -0.012179338 -2.554730654 -0.973231375 0.006355330 0.229739785 91.077774048
0.281827927 0.010521371 0.959407270 54.487049103 0.001293108 0.999934733 -0.011345671 -2.553865194 -0.959464014 0.004438145 0.281795919 91.243103027
0.336470842 0.009986398 0.941641033 54.970245361 0.000279942 0.999942660 -0.010704738 -2.571174622 -0.941693842 0.003865437 0.336448848 91.444290161
0.394918561 0.011012632 0.918650150 55.415264130 0.002699650 0.999909997 -0.013147314 -2.577927589 -0.918712139 0.007672153 0.394853354 91.659156799
0.454658151 0.013618009 0.890561879 55.836612701 0.003451870 0.999848664 -0.017051451 -2.599582195 -0.890659273 0.010826686 0.454542458 91.910003662
0.510622263 0.016820688 0.859640658 56.200782776 0.005035971 0.999732912 -0.022553226 -2.618443489 -0.859790385 0.015845304 0.510401249 92.220535278
0.569358289 0.020728733 0.821828246 56.576675415 0.001193621 0.999660015 -0.026041074 -2.633846045 -0.822088599 0.015807653 0.569140077 92.517570496
0.626511812 0.023374483 0.779061437 56.938758850 -0.002122463 0.999597609 -0.028284460 -2.647266150 -0.779409051 0.016067021 0.626309276 92.832412720
0.676845849 0.024984216 0.735700548 57.226539612 -0.003787163 0.999528766 -0.030459559 -2.657769680 -0.736114979 0.017830212 0.676621556 93.194763184
0.725443661 0.023837274 0.687868536 57.513778687 -0.004306811 0.999537706 -0.030095728 -2.666638851 -0.688267887 0.018870238 0.725211084 93.558479309
0.770591378 0.020624459 0.636995554 57.775932312 -0.006111842 0.999669373 -0.024973338 -2.677762032 -0.637300134 0.015351025 0.770462811 93.938774109
0.811691999 0.016061876 0.583864689 58.024623871 -0.006809614 0.999814034 -0.018037710 -2.688783407 -0.584045887 0.010665171 0.811650515 94.354156494
0.848532021 0.012179633 0.529003918 58.240715027 -0.007422895 0.999910653 -0.011115196 -2.707226276 -0.529092014 0.005504860 0.848546624 94.768386841
0.879704416 0.008778077 0.475439936 58.433677673 -0.007745368 0.999961436 -0.004131133 -2.714348316 -0.475457817 -0.000048282 0.879738510 95.204772949
0.904937625 0.009471420 0.425439119 58.589416504 -0.011058582 0.999938011 0.001261024 -2.723902941 -0.425400734 -0.005845901 0.904986262 95.654739380
0.925050557 0.011208763 0.379678726 58.731552124 -0.014147518 0.999887586 0.004950666 -2.735362768 -0.379580557 -0.009951129 0.925105214 96.096931458
0.940241814 0.017924065 0.340035498 58.850948334 -0.021820735 0.999732673 0.007638888 -2.743496895 -0.339807659 -0.014602227 0.940381587 96.550292969
0.951877952 0.022248745 0.305668861 58.958507538 -0.025404267 0.999657094 0.006348833 -2.737230778 -0.305422843 -0.013808608 0.952116728 97.020256042
0.961297572 0.024081452 0.274457574 59.065105438 -0.026883069 0.999617755 0.006450483 -2.742019892 -0.274197340 -0.013579095 0.961577535 97.488464355
0.967324734 0.018602520 0.252857089 59.175872803 -0.020931561 0.999759614 0.006523716 -2.743208885 -0.252674997 -0.011603242 0.967481613 97.969108582
0.971284091 0.015687419 0.237404734 59.287895203 -0.017939357 0.999812126 0.007328165 -2.751405716 -0.237245172 -0.011376618 0.971383154 98.454872131
0.974270701 0.019299863 0.224552810 59.393112183 -0.021403646 0.999746799 0.006938102 -2.749089479 -0.224362075 -0.011565837 0.974437118 98.966468811
0.976340055 0.024672022 0.214828178 59.489952087 -0.026862057 0.999612570 0.007280448 -2.744734287 -0.214565352 -0.012878921 0.976624668 99.473937988
0.977423310 0.032492984 0.208776370 59.588466644 -0.034319635 0.999397695 0.005131822 -2.730946541 -0.208483875 -0.012181091 0.977949858 99.998970032
0.977700174 0.038652182 0.206417888 59.680702209 -0.039971199 0.999198437 0.002221973 -2.741617680 -0.206166565 -0.010423195 0.978461325 100.530364990
0.977890611 0.039507736 0.205350727 59.788002014 -0.040266130 0.999188960 -0.000486021 -2.749201536 -0.205203399 -0.007793406 0.978688240 101.111869812
0.977418840 0.037819233 0.207899168 59.907173157 -0.037767079 0.999277592 -0.004221566 -2.751960993 -0.207908645 -0.003725505 0.978141129 101.661834717
0.976621091 0.036798082 0.211794823 60.033081055 -0.035338171 0.999318361 -0.010675399 -2.758151054 -0.212043300 0.002941377 0.977255762 102.218414307
0.975704074 0.037028391 0.215940654 60.161975861 -0.034517635 0.999285698 -0.015388201 -2.759308338 -0.216356248 0.007560568 0.976285160 102.790237427
0.974470854 0.041799426 0.220588326 60.279384613 -0.039403565 0.999106944 -0.015252274 -2.766382217 -0.221028894 0.006170932 0.975247741 103.390632629
0.973162472 0.044911921 0.225693658 60.420890808 -0.043614469 0.998990655 -0.010734167 -2.783776283 -0.225947976 0.000602579 0.974139154 104.004043579
0.972161412 0.041774679 0.230557919 60.568973541 -0.041505482 0.999120057 -0.006019738 -2.795496702 -0.230606556 -0.003717261 0.973039925 104.621116638
0.971416354 0.037436273 0.234411150 60.726245880 -0.038415752 0.999261737 -0.000387993 -2.802459955 -0.234252632 -0.008628177 0.972137451 105.250328064
0.970606685 0.035229865 0.238078535 60.882881165 -0.037368003 0.999291420 0.004472141 -2.812838316 -0.237752303 -0.013237212 0.971235633 105.885017395
0.970010102 0.030702483 0.241117150 61.044540405 -0.032925796 0.999444187 0.005196374 -2.817128658 -0.240823627 -0.012979510 0.970482111 106.528602600
0.970026612 0.027459435 0.241442114 61.211143494 -0.028787086 0.999583483 0.001972464 -2.825129747 -0.241287440 -0.008863757 0.970413089 107.191864014
0.970156610 0.026846254 0.240988374 61.376426697 -0.026409995 0.999638319 -0.005040572 -2.831996918 -0.241036594 -0.001474359 0.970514774 107.851303101
0.970267951 0.029177930 0.240268379 61.532417297 -0.027165649 0.999562621 -0.011683663 -2.835870743 -0.240504190 0.004809237 0.970636189 108.520278931
0.970892787 0.031510700 0.237432942 61.701972961 -0.028669819 0.999470115 -0.015409357 -2.845670700 -0.237792671 0.008153674 0.971281588 109.212478638
0.971483946 0.030366091 0.235153109 61.871612549 -0.028561190 0.999530613 -0.011078347 -2.853305101 -0.235379115 0.004046185 0.971895218 109.931472778
0.971887887 0.026128558 0.233990118 62.041511536 -0.026055792 0.999654591 -0.003402845 -2.866771698 -0.233998209 -0.002789614 0.972232997 110.650978088
0.972445369 0.027027573 0.231559008 62.212173462 -0.028345024 0.999595404 0.002363764 -2.873204231 -0.231401443 -0.008862179 0.972818017 111.383872986
0.972804487 0.029768033 0.229707181 62.379367828 -0.030980613 0.999518573 0.001673346 -2.882334232 -0.229546756 -0.008744311 0.973258317 112.124404907
0.973090887 0.036430493 0.227523476 62.545272827 -0.036713697 0.999321282 -0.002988752 -2.884960651 -0.227477923 -0.005444900 0.973768055 112.890487671
0.973951399 0.037301101 0.223667443 62.712585449 -0.036338881 0.999304056 -0.008418021 -2.888520718 -0.223825797 0.000070919 0.974629164 113.647239685
0.974888563 0.035926331 0.219776005 62.883743286 -0.034307431 0.999348819 -0.011179600 -2.900829792 -0.220034570 0.003358911 0.975486279 114.423065186
0.975825667 0.033496995 0.215967879 63.056991577 -0.032172382 0.999435782 -0.009647081 -2.912033558 -0.216169208 0.002465669 0.976352811 115.201126099
0.976696789 0.029962702 0.212522134 63.236557007 -0.029002769 0.999550164 -0.007633638 -2.922880650 -0.212655261 0.001292018 0.977126420 115.998672485
0.977117598 0.028476084 0.210784867 63.407249451 -0.028125208 0.999593496 -0.004662937 -2.940410614 -0.210831955 -0.001372128 0.977521360 116.812828064
0.977512956 0.025473405 0.209330663 63.585327148 -0.025532831 0.999670982 -0.002418912 -2.947305918 -0.209323421 -0.002980286 0.977841854 117.624092102
0.977705479 0.020475954 0.208979636 63.769294739 -0.020696625 0.999785006 -0.001130981 -2.957848787 -0.208957940 -0.003219406 0.977919281 118.453178406
0.977787137 0.021268126 0.208518162 63.933906555 -0.021845631 0.999761164 0.000466794 -2.967115402 -0.208458483 -0.005011639 0.978018403 119.289291382
0.977571785 0.026847044 0.208884165 64.105102539 -0.027110167 0.999631047 -0.001603812 -2.973116398 -0.208850250 -0.004095045 0.977939069 120.123764038
0.977254272 0.032701008 0.209534645 64.273239136 -0.032386765 0.999463081 -0.004931661 -2.983050585 -0.209583491 -0.001966665 0.977788806 120.960968018
0.976710200 0.041398246 0.210531041 64.437240601 -0.040967725 0.999139786 -0.006407829 -2.991046190 -0.210615292 -0.002366388 0.977566183 121.810783386
0.975834250 0.047212221 0.213350371 64.608947754 -0.047063619 0.998875082 -0.005778399 -3.008829594 -0.213383183 -0.004402278 0.976958692 122.656799316
0.975074649 0.049926974 0.216186389 64.790840149 -0.050302494 0.998726845 -0.003768596 -3.022070646 -0.216099262 -0.007200052 0.976344824 123.515625000
0.974451661 0.050496839 0.218847349 64.974182129 -0.050775167 0.998700559 -0.004355949 -3.038840532 -0.218782932 -0.006867348 0.975749433 124.360473633
0.974151313 0.048342600 0.220663100 65.163833618 -0.047872029 0.998825490 -0.007482981 -3.043035507 -0.220765650 -0.003274033 0.975321412 125.219665527
0.974163651 0.042682435 0.221772879 65.368560791 -0.042427190 0.999082029 -0.005916965 -3.066797018 -0.221821845 -0.003645107 0.975080371 126.072387695
0.974419653 0.035678297 0.221885443 65.576400757 -0.034911308 0.999363124 -0.007379033 -3.084336281 -0.222007394 -0.000556035 0.975044787 126.927062988
0.974074364 0.035006952 0.223502696 65.772735596 -0.034226459 0.999386966 -0.007366186 -3.102484226 -0.223623574 -0.000474492 0.974675477 127.788841248
0.973589599 0.037871126 0.225142255 65.963043213 -0.037860163 0.999273479 -0.004367680 -3.117312908 -0.225144073 -0.004271593 0.974316120 128.643692017
0.973268211 0.039604463 0.226230487 66.152458191 -0.040930133 0.999161422 0.001170346 -3.129362822 -0.225994408 -0.010398706 0.974073052 129.500228882
0.972889900 0.043103404 0.227216125 66.345870972 -0.045561139 0.998945951 0.005580629 -3.144126177 -0.226736099 -0.015781567 0.973828375 130.354919434
0.972694218 0.042099576 0.228239983 66.537567139 -0.043042108 0.999072909 -0.000848818 -3.157554626 -0.228064120 -0.008998292 0.973604500 131.186920166
0.972999930 0.038203467 0.227621362 66.746398926 -0.035641167 0.999246657 -0.015358074 -3.172742844 -0.228036612 0.006830714 0.973628521 132.019226074
