1.000000000 0.000000000 0.000000000 0.000000000 0.000000000 1.000000000 0.000000000 0.000000000 0.000000000 0.000000000 1.000000000 0.000000000
0.999998510 0.000633708 0.001607728 -0.004783860 -0.000626470 0.999989688 -0.004498790 -0.002141905 -0.001610562 0.004497777 0.999988616 0.976296067
0.999995768 -0.002024391 0.002083485 0.002664136 0.002035291 0.999984205 -0.005242753 0.001027698 -0.002072838 0.005246972 0.999984086 1.944971800
0.999992669 -0.003254854 0.002089208 0.001522618 0.003257809 0.999993682 -0.001412658 -0.001052882 -0.002084597 0.001419453 0.999996841 2.920396566
0.999982893 -0.005714596 0.001332865 0.007330226 0.005708296 0.999972761 0.004683087 -0.003980814 -0.001359591 -0.004675399 0.999988139 3.890984535
0.999953806 -0.009602136 -0.000293143 0.015251827 0.009603405 0.999942958 0.004684324 0.000934538 0.000248147 -0.004686923 0.999988973 4.850571156
0.999923766 -0.012260821 -0.001445373 0.021091551 0.012263317 0.999923289 0.001729777 0.004128766 0.001424054 -0.001747371 0.999997437 5.803392887
0.999915540 -0.012758104 -0.002465583 0.020319112 0.012754169 0.999917388 -0.001605092 0.005703005 0.002485858 0.001573510 0.999995649 6.753745556
0.999916077 -0.012664984 -0.002733190 0.006886749 0.012658653 0.999917209 -0.002320823 0.008577613 0.002762357 0.002286030 0.999993503 7.707397461
0.999917984 -0.012185867 -0.003953880 0.001968350 0.012184413 0.999925733 -0.000391551 0.007830558 0.003958357 0.000343343 0.999992132 8.652070045
0.999923587 -0.011611376 -0.004241724 -0.013234198 0.011623016 0.999928713 0.002729937 0.003911011 0.004209724 -0.002779029 0.999987245 9.601134300
0.999915123 -0.011836031 -0.005455468 -0.017824832 0.011857688 0.999921858 0.003954925 0.010861084 0.005408231 -0.004019278 0.999977350 10.550402641
0.999893665 -0.013409657 -0.005731676 -0.027974244 0.013437528 0.999897957 0.004852197 0.013152722 0.005666025 -0.004928700 0.999971807 11.483858109
0.999883711 -0.013678619 -0.006742167 -0.030982420 0.013713237 0.999892831 0.005115271 0.009426560 0.006671475 -0.005207133 0.999964118 12.424198151
0.999871314 -0.014204398 -0.007455995 -0.037672494 0.014232660 0.999891639 0.003751222 0.012481298 0.007401904 -0.003856858 0.999965131 13.347957611
0.999863446 -0.014208409 -0.008428646 -0.054391831 0.014226062 0.999896705 0.002038234 0.013832240 0.008398815 -0.002157862 0.999962389 14.275515556
0.999825358 -0.015841654 -0.009918457 -0.065957919 0.015843324 0.999874413 0.000089772 0.026753308 0.009915791 -0.000246897 0.999950826 15.183533669
0.999814570 -0.015285445 -0.011714360 -0.083344907 0.015281815 0.999883175 -0.000399324 0.025206331 0.011719093 0.000220233 0.999931276 16.139043808
0.999816895 -0.013889031 -0.013159435 -0.103972510 0.013875999 0.999903142 -0.001081056 0.022715582 0.013173176 0.000898258 0.999912798 17.061904907
0.999816418 -0.012179336 -0.014792783 -0.123247221 0.012164965 0.999925375 -0.001061071 0.022506548 0.014804602 0.000880923 0.999889970 17.977981567
0.999786854 -0.013275516 -0.015815306 -0.147397965 0.013277184 0.999911845 0.000000511 0.021481579 0.015813906 -0.000210494 0.999874949 18.881505966
0.999774516 -0.012265258 -0.017339960 -0.163618237 0.012292540 0.999923348 0.001467490 0.021813503 0.017320631 -0.001680312 0.999848604 19.784091949
0.999737501 -0.012460082 -0.019228304 -0.181865737 0.012494610 0.999920547 0.001676580 0.026231356 0.019205891 -0.001916390 0.999813735 20.706020355
0.999694109 -0.013670094 -0.020609925 -0.203792840 0.013703583 0.999904990 0.001484558 0.029329246 0.020587670 -0.001766533 0.999786615 21.607282639
0.999653459 -0.013667224 -0.022500852 -0.220249444 0.013700319 0.999905288 0.001317416 0.027242217 0.022480713 -0.001625228 0.999746025 22.496622086
0.999623656 -0.013696363 -0.023770805 -0.241261810 0.013733177 0.999904752 0.001386199 0.033028942 0.023749553 -0.001712125 0.999716520 23.374114990
0.999601722 -0.013743620 -0.024647314 -0.270954728 0.013830272 0.999898732 0.003348730 0.030775614 0.024598794 -0.003688276 0.999690592 24.252191544
0.999565542 -0.014762392 -0.025511140 -0.292193711 0.014935468 0.999866605 0.006607141 0.030692667 0.025410201 -0.006985291 0.999652743 25.121500015
0.999550760 -0.014527878 -0.026215188 -0.314407885 0.014737699 0.999860704 0.007828460 0.036703527 0.026097806 -0.008211294 0.999625683 25.972162247
0.999550343 -0.014092334 -0.026467893 -0.349304080 0.014278277 0.999874532 0.006849382 0.034495518 0.026368050 -0.007224217 0.999626219 26.816112518
0.999539852 -0.012740070 -0.027528435 -0.372962594 0.012857036 0.999909043 0.004076051 0.041330144 0.027473999 -0.004428109 0.999612749 27.645101547
0.999526620 -0.012039763 -0.028312864 -0.398678541 0.012118378 0.999923229 0.002606671 0.042544700 0.028279301 -0.002948543 0.999595761 28.458200455
0.999513388 -0.011038282 -0.029171988 -0.426344067 0.011103849 0.999936163 0.002086541 0.046904907 0.029147096 -0.002409447 0.999572158 29.275037766
0.999469161 -0.011090621 -0.030632408 -0.448318869 0.011149544 0.999936283 0.001753427 0.046985533 0.030611010 -0.002094034 0.999529243 30.074298859
0.999431789 -0.010272979 -0.032103460 -0.484771013 0.010300854 0.999946654 0.000703017 0.049476586 0.032094531 -0.001033310 0.999484301 30.853229523
0.999348760 -0.010972774 -0.034372769 -0.508948147 0.011008889 0.999939024 0.000861613 0.044442691 0.034361217 -0.001239458 0.999408722 31.646802902
0.999263525 -0.011175072 -0.036706012 -0.534689426 0.011245392 0.999935269 0.001709897 0.053834312 0.036684535 -0.002121411 0.999324620 32.430267334
0.999184251 -0.011557225 -0.038697347 -0.563394725 0.011720441 0.999923348 0.003993567 0.052135631 0.038648222 -0.004443859 0.999243021 33.204536438
0.999117315 -0.010099413 -0.040773667 -0.595494688 0.010325694 0.999932408 0.005342915 0.056880623 0.040716946 -0.005759215 0.999154150 33.959560394
0.999033213 -0.009385828 -0.042947508 -0.622650743 0.009638735 0.999937356 0.005685453 0.058736920 0.042891454 -0.006093916 0.999061227 34.705287933
0.998983204 -0.005995514 -0.044683188 -0.663401365 0.006201219 0.999970853 0.004466443 0.066339381 0.044655100 -0.004738993 0.998991311 35.438488007
0.998901606 -0.005058785 -0.046582844 -0.703334272 0.005260902 0.999977291 0.004217283 0.062130839 0.046560451 -0.004457719 0.998905540 36.160297394
0.998814523 -0.004806024 -0.048439372 -0.734997034 0.005057435 0.999974370 0.005069006 0.069442637 0.048413776 -0.005307977 0.998813272 36.873199463
0.998780012 -0.003052758 -0.049286220 -0.779775500 0.003394628 0.999970734 0.006854200 0.075899154 0.049263854 -0.007013145 0.998761177 37.593448639
0.998791516 -0.000377973 -0.049144514 -0.824125051 0.000742243 0.999972403 0.007394199 0.080287173 0.049140356 -0.007421742 0.998764336 38.280555725
0.998828888 0.002791451 -0.048300777 -0.861855149 -0.002525410 0.999981284 0.005568166 0.079980880 0.048315421 -0.005439666 0.998817325 38.977912903
0.998893142 0.004363596 -0.046832636 -0.892555535 -0.004258768 0.999988139 0.002337919 0.085673817 0.046842285 -0.002135882 0.998900056 39.648738861
0.998991668 0.005216660 -0.044590902 -0.925683796 -0.005194861 0.999986351 0.000604737 0.089529023 0.044593442 -0.000372484 0.999005079 40.314491272
0.999104142 0.005773998 -0.041923337 -0.944403589 -0.005711999 0.999982417 0.001598502 0.086563103 0.041931827 -0.001357603 0.999119639 40.980617523
0.999220371 0.010413179 -0.038081303 -0.992618144 -0.010254511 0.999937832 0.004359549 0.085020378 0.038124342 -0.003965646 0.999265134 41.633499146
0.999318480 0.014583718 -0.033910748 -1.026338577 -0.014333141 0.999868214 0.007620667 0.089743569 0.034017418 -0.007129426 0.999395788 42.263240814
0.999364734 0.019947648 -0.029529395 -1.051023245 -0.019692851 0.999766529 0.008894393 0.088353932 0.029699918 -0.008307228 0.999524355 42.878604889
0.999421477 0.023830853 -0.024268150 -1.069445133 -0.023615858 0.999679625 0.009107723 0.097665668 0.024477424 -0.008529340 0.999663949 43.477828979
0.999448836 0.027083404 -0.019201772 -1.077713013 -0.026879774 0.999580503 0.010784945 0.102779567 0.019485814 -0.010262861 0.999757409 44.077499390
0.999406397 0.031885546 -0.013039730 -1.084730744 -0.031730503 0.999425292 0.011928679 0.108954430 0.013412587 -0.011507841 0.999843776 44.646240234
0.999366581 0.035191558 -0.005291292 -1.103522301 -0.035128389 0.999315560 0.011592416 0.114052594 0.005695624 -0.011399197 0.999918759 45.190280914
0.999248981 0.038718518 0.001515178 -1.097397089 -0.038733684 0.999180496 0.011755552 0.116095901 -0.001058776 -0.011805412 0.999929726 45.709175110
0.999043405 0.042869899 0.008627083 -1.090987802 -0.042963572 0.999016285 0.010982281 0.124051213 -0.008147789 -0.011342425 0.999902427 46.231292725
0.998742938 0.047340296 0.016476147 -1.091573715 -0.047488958 0.998833418 0.008751475 0.114336073 -0.016042631 -0.009522908 0.999825895 46.716247559
0.998489380 0.049144596 0.024569478 -1.081186175 -0.049295835 0.998768628 0.005588463 0.118299067 -0.024264582 -0.006791194 0.999682546 47.175785065
0.998238385 0.049687117 0.032422535 -1.063154221 -0.049888130 0.998740077 0.005419977 0.122580409 -0.032112382 -0.007027930 0.999459624 47.616432190
0.997989058 0.049087696 0.040101878 -1.041170478 -0.049397923 0.998756170 0.006781550 0.122251526 -0.039719105 -0.008748864 0.999172628 48.028877258
0.997537792 0.050967194 0.048173100 -1.021384954 -0.051389251 0.998650074 0.007562887 0.120703012 -0.047722604 -0.010019845 0.998810351 48.415321350
0.996928394 0.054079115 0.056650575 -0.995615959 -0.054594770 0.998479664 0.007593400 0.126036614 -0.056153808 -0.010662901 0.998365104 48.778598785
0.996121526 0.058618352 0.065618329 -0.978286266 -0.059215210 0.998219371 0.007186485 0.124498695 -0.065080225 -0.011044215 0.997818947 49.112777710
0.995234847 0.062542818 0.074806221 -0.963374615 -0.063250937 0.997972190 0.007132373 0.123491585 -0.074208468 -0.011829952 0.997172594 49.425868988
0.994542539 0.061684612 0.084142454 -0.928067207 -0.062572896 0.998008668 0.007958465 0.120247513 -0.083483987 -0.013180071 0.996421933 49.722873688
0.993684232 0.060488101 0.094513461 -0.885797501 -0.061318383 0.998100877 0.005902693 0.120514125 -0.093976930 -0.011660826 0.995506048 50.000610352
0.992548466 0.059459563 0.106358618 -0.851593971 -0.059972603 0.998198688 0.001628968 0.118089356 -0.106070168 -0.007995434 0.994326413 50.269523621
0.990990341 0.060412847 0.119534634 -0.808782101 -0.060574431 0.998161018 -0.002284594 0.116368257 -0.119452834 -0.004976732 0.992827296 50.541069031
0.988896191 0.062180612 0.134973556 -0.765012741 -0.062126335 0.998057604 -0.004618167 0.117500633 -0.134998545 -0.003818525 0.990838468 50.810020447
0.986449957 0.063742839 0.151172847 -0.715764999 -0.063578226 0.997959197 -0.005927069 0.117584288 -0.151242167 -0.003764545 0.988489687 51.078258514
0.983716309 0.063927770 0.167974144 -0.660438538 -0.063564621 0.997949183 -0.007543505 0.124259502 -0.168111920 -0.003256544 0.985762537 51.351345062
0.980460048 0.063176997 0.186296999 -0.604249954 -0.062669121 0.997997105 -0.008620087 0.119931251 -0.186468482 -0.003223418 0.982455671 51.608917236
0.976662636 0.062391888 0.205517411 -0.532636642 -0.061915293 0.998042941 -0.008755652 0.116320550 -0.205661520 -0.004173353 0.978614330 51.845211029
0.972176254 0.062615298 0.225726560 -0.456161499 -0.061917800 0.998029351 -0.010175580 0.118092537 -0.225918889 -0.004084032 0.974137664 52.111621857
0.966921926 0.064598314 0.246757030 -0.377522469 -0.063573502 0.997903466 -0.012126410 0.110418260 -0.247023046 -0.003961915 0.969001472 52.366176605
0.960797966 0.066214435 0.269226938 -0.294832230 -0.064799115 0.997797966 -0.014150846 0.100501537 -0.269571126 -0.003849567 0.962972820 52.590831757
0.953593552 0.067333311 0.293471694 -0.196385384 -0.065711044 0.997719884 -0.015395567 0.098364949 -0.293839186 -0.004603219 0.955843806 52.839908600
0.945046186 0.070524581 0.319239765 -0.095861435 -0.068931580 0.997488081 -0.016300967 0.093008578 -0.319587559 -0.006600535 0.947533786 53.089302063
0.935436070 0.072063826 0.346072137 0.017627716 -0.070462257 0.997365713 -0.017224818 0.084289014 -0.346401721 -0.008272310 0.938049793 53.331405640
0.924301684 0.072902173 0.374635249 0.138870239 -0.071092680 0.997294962 -0.018668460 0.075946271 -0.374982893 -0.009378541 0.926984370 53.575290680
0.911884248 0.070682339 0.404315710 0.278387070 -0.068124041 0.997461438 -0.020730501 0.067381620 -0.404754639 -0.008639809 0.914384484 53.808837891
0.896964312 0.068365566 0.436785012 0.423782349 -0.064638183 0.997634113 -0.023411212 0.056218028 -0.437352151 -0.007233970 0.899261236 54.037967682
0.879829168 0.067492850 0.470473409 0.585634232 -0.061740514 0.997708738 -0.027668059 0.049045563 -0.471262783 -0.004704101 0.881980300 54.263545990
0.860296607 0.069449261 0.505041242 0.755945206 -0.061261822 0.997581780 -0.032825019 0.041757107 -0.506099582 -0.002700491 0.862470865 54.501750946
0.838540435 0.071369521 0.540144801 0.944021225 -0.060880698 0.997448623 -0.037279841 0.031700850 -0.541427374 -0.001623738 0.840745926 54.737384796
0.814045846 0.074222811 0.576038480 1.146675110 -0.061949655 0.997238934 -0.040948667 0.022949576 -0.577487350 -0.002351295 0.816396236 54.978404999
0.786871076 0.078325264 0.612126648 1.360055923 -0.065049767 0.996914029 -0.043941513 0.011552215 -0.613679409 -0.005242398 0.789537966 55.209335327
0.757081747 0.082361981 0.648108006 1.579223633 -0.068303145 0.996563673 -0.046856236 -0.002931595 -0.649740100 -0.008793822 0.760105610 55.429222107
0.724306047 0.083651289 0.684385419 1.846204758 -0.068005681 0.996440172 -0.049820740 -0.013430357 -0.686116695 -0.010456640 0.727416337 55.661487579
0.687679410 0.081139587 0.721466184 2.140062332 -0.064503677 0.996633649 -0.050603323 -0.036110759 -0.723143458 -0.011738363 0.690598190 55.900856018
0.648651779 0.079725720 0.756898105 2.457292557 -0.061754547 0.996732414 -0.052065175 -0.057883382 -0.758575797 -0.012969723 0.651455641 56.127815247
0.606131017 0.079681747 0.791363358 2.795316696 -0.060061291 0.996713698 -0.054355398 -0.070228934 -0.793093860 -0.014583807 0.608924866 56.358108521
0.560265422 0.078864321 0.824550211 3.152633667 -0.056104608 0.996784151 -0.057215724 -0.097446322 -0.826410890 -0.014205070 0.562888324 56.568325043
0.512029588 0.077737950 0.855442882 3.551345825 -0.052648276 0.996864080 -0.059076652 -0.116232157 -0.857352793 -0.014788600 0.514516711 56.775917053
0.462659180 0.075848743 0.883285642 3.962165833 -0.051178854 0.996956885 -0.058802687 -0.142376065 -0.885057807 -0.017999945 0.465133011 56.972278595
0.413211405 0.074023061 0.907621443 4.405344009 -0.051456444 0.996996224 -0.057885718 -0.167072415 -0.909180224 -0.022783935 0.415779233 57.143089294
0.363627404 0.074149467 0.928588688 4.891315460 -0.054129440 0.996824563 -0.058401596 -0.178948522 -0.929970503 -0.029027563 0.366486400 57.305347443
0.314058840 0.074513718 0.946474850 5.372007370 -0.052028079 0.996768057 -0.061209243 -0.199524164 -0.947976947 -0.030019963 0.316920638 57.443260193
0.267283052 0.071104206 0.960991144 5.856112480 -0.040759142 0.997215450 -0.062448028 -0.230785728 -0.962755680 -0.022477869 0.269436955 57.531497955
0.223557964 0.065194897 0.972507834 6.361824036 -0.027381061 0.997786820 -0.060595240 -0.260552645 -0.974305987 -0.013081745 0.224848285 57.598114014
0.181635410 0.064439483 0.981252372 6.892060280 -0.018499799 0.997897923 -0.062108196 -0.283444345 -0.983191967 -0.006871927 0.182445690 57.658031464
0.142927915 0.065703109 0.987549901 7.437590599 -0.015310246 0.997821510 -0.064170651 -0.314328611 -0.989614666 -0.005947856 0.143622488 57.717796326
0.110265136 0.066310130 0.991687715 7.993652344 -0.006470460 0.997798741 -0.065999292 -0.348649204 -0.993881106 0.000860743 0.110451460 57.754936218
0.081602715 0.064752862 0.994559228 8.551385880 0.000913889 0.997881949 -0.065044180 -0.383315265 -0.996664524 0.006216698 0.081370696 57.768131256
0.056705594 0.063078046 0.996396303 9.129619598 0.007523004 0.997946739 -0.063604340 -0.415517122 -0.998362601 0.011102616 0.056114614 57.777229309
0.037063889 0.062400095 0.997362733 9.721860886 0.012185717 0.997946084 -0.062889442 -0.441724479 -0.999238551 0.014484510 0.036227364 57.778522491
0.021045707 0.063956410 0.997730732 10.325925827 0.014822118 0.997822106 -0.064274922 -0.473126829 -0.999668658 0.016141197 0.020051904 57.784313202
0.007632927 0.063895382 0.997927547 10.935468674 0.016181566 0.997817934 -0.064012147 -0.506951332 -0.999839962 0.016636627 0.006582345 57.777900696
-0.004212765 0.064583741 0.997903407 11.562906265 0.016837418 0.997775376 -0.064504385 -0.542865634 -0.999849379 0.016530378 -0.005290817 57.774055481
-0.013289743 0.067594782 0.997624338 12.200443268 0.021387925 0.997503459 -0.067301661 -0.578896105 -0.999682963 0.020442693 -0.014702275 57.762325287
-0.019607201 0.069504604 0.997388959 12.842156410 0.025779143 0.997284234 -0.068990529 -0.614841342 -0.999475420 0.024359118 -0.021345720 57.735153198
-0.024088770 0.068904035 0.997332454 13.511115074 0.026397308 0.997317851 -0.068265446 -0.648790956 -0.999361277 0.024682458 -0.025843043 57.712829590
-0.027325943 0.066215068 0.997431159 14.175658226 0.024284661 0.997553170 -0.065557875 -0.683593988 -0.999331594 0.022430848 -0.028867094 57.689716339
-0.030091878 0.059259772 0.997788966 14.862626076 0.022348175 0.998031318 -0.058600180 -0.719146013 -0.999297321 0.020535374 -0.031356983 57.676498413
-0.031413779 0.053498052 0.998073697 15.566796303 0.023236010 0.998335838 -0.052780755 -0.757341921 -0.999236405 0.021533212 -0.032604579 57.657222748
-0.031668607 0.051175933 0.998187423 16.309848785 0.025726616 0.998399138 -0.050370581 -0.794948399 -0.999167264 0.024084818 -0.032934494 57.620132446
-0.031229194 0.053571686 0.998075604 17.017185211 0.029043598 0.998189628 -0.052669048 -0.826764941 -0.999090135 0.027342893 -0.032728575 57.591670990
-0.030694135 0.060778573 0.997679234 17.738779068 0.029917816 0.997758150 -0.059862942 -0.862768650 -0.999080956 0.028010944 -0.032443691 57.571300507
-0.028176734 0.068818301 0.997231185 18.474258423 0.030229960 0.997229695 -0.067964047 -0.897413969 -0.999145806 0.028231256 -0.030179050 57.546398163
-0.026126398 0.069590226 0.997233450 19.214221954 0.031566344 0.997133970 -0.068756282 -0.934018850 -0.999160051 0.029682659 -0.028248228 57.532508850
-0.024360048 0.065177776 0.997576296 19.997779846 0.030630814 0.997452557 -0.064421728 -0.979828715 -0.999233842 0.028987259 -0.026294440 57.521205902
-0.021728776 0.058723129 0.998037875 20.759738922 0.030402409 0.997850657 -0.058050215 -1.023087382 -0.999301553 0.029081391 -0.023467399 57.502635956
-0.019204278 0.056817442 0.998199880 21.517745972 0.028825887 0.998000503 -0.056251507 -1.068634987 -0.999399841 0.027693730 -0.020803690 57.497875214
-0.015179332 0.062110119 0.997953951 22.271781921 0.036415149 0.997441113 -0.061524305 -1.112139583 -0.999221504 0.035406735 -0.017402239 57.464118958
-0.011877710 0.067651711 0.997638285 23.024929047 0.038293548 0.997007549 -0.067153014 -1.154339671 -0.999195933 0.037405483 -0.014432791 57.451374054
-0.009871017 0.068483956 0.997603357 23.802944183 0.031735640 0.997170866 -0.068140239 -1.199574709 -0.999447525 0.030986963 -0.012016473 57.465148926
-0.006579147 0.065040544 0.997860849 24.564935684 0.027306270 0.997522175 -0.064838424 -1.241777301 -0.999605477 0.026821278 -0.008338861 57.467037201
-0.001681400 0.061444327 0.998108983 25.332464218 0.031470902 0.997619390 -0.061361160 -1.289922476 -0.999503314 0.031308223 -0.003611106 57.458957672
0.001922724 0.062451310 0.998046100 26.105604172 0.036174625 0.997390449 -0.062479969 -1.339865923 -0.999343634 0.036224078 -0.000341446 57.456195831
0.004479333 0.066531986 0.997774184 26.874856949 0.035752390 0.997135699 -0.066649914 -1.394646883 -0.999350607 0.035971370 0.002087825 57.471328735
0.008107217 0.067409113 0.997692466 27.647417068 0.032116529 0.997192979 -0.067636356 -1.437398672 -0.999451280 0.032590762 0.005919513 57.481864929
0.012122584 0.066990897 0.997679889 28.421821594 0.031452063 0.997234106 -0.067343108 -1.482287407 -0.999431789 0.032195468 0.009982052 57.486682892
0.015508586 0.063547388 0.997858286 29.184692383 0.035537586 0.997312725 -0.064064965 -1.531799316 -0.999248028 0.036455028 0.013208590 57.502822876
0.019190907 0.064259097 0.997748733 29.949405670 0.040078960 0.997080982 -0.064986974 -1.580335855 -0.999012291 0.041235894 0.016559450 57.511390686
0.022494135 0.065261677 0.997614622 30.715372086 0.042275753 0.996912360 -0.066168964 -1.630340576 -0.998852730 0.043663319 0.019665696 57.524005890
0.025316266 0.065301850 0.997544348 31.478141785 0.042820055 0.996877551 -0.066344902 -1.671665430 -0.998761952 0.044394515 0.022440989 57.542964935
0.028922293 0.063780829 0.997544765 32.241691589 0.043843254 0.996920824 -0.065012105 -1.717027664 -0.998619676 0.045615908 0.026036881 57.562393188
0.032379773 0.062447909 0.997522831 33.014251709 0.046079986 0.996891558 -0.063904151 -1.771078110 -0.998412788 0.048035037 0.029401526 57.589740753
0.035224549 0.062788159 0.997405052 33.800640106 0.044604491 0.996931076 -0.064333588 -1.820912361 -0.998383522 0.046754867 0.032315820 57.618282318
0.038810879 0.064869836 0.997138739 34.569438934 0.041638590 0.996918857 -0.066476196 -1.860305786 -0.998378634 0.044099454 0.035990212 57.643848419
0.041292097 0.064906202 0.997036636 35.345226288 0.043455042 0.996826708 -0.066692233 -1.906162977 -0.998201728 0.046080135 0.038340565 57.683277130
0.044308729 0.064183347 0.996954024 36.117492676 0.041651532 0.996947646 -0.066034116 -1.954192638 -0.998149216 0.044450548 0.041500147 57.714511871
0.045955934 0.064427912 0.996863604 36.908260345 0.039814010 0.997006834 -0.066272631 -2.010641575 -0.998149753 0.042734761 0.043253250 57.775493622
0.048976630 0.064875856 0.996690750 37.712825775 0.037050899 0.997083366 -0.066722095 -2.051741600 -0.998112500 0.040196098 0.046430070 57.814796448
0.052131627 0.067206815 0.996376157 38.489326477 0.035676621 0.996970534 -0.069113582 -2.092926025 -0.998002768 0.039150335 0.049575992 57.859367371
0.055899452 0.070974447 0.995910585 39.277431488 0.034665775 0.996730864 -0.072978660 -2.140911341 -0.997834444 0.038603477 0.053256322 57.895511627
0.059312653 0.073149070 0.995555818 40.077980042 0.035099689 0.996542096 -0.075312696 -2.192099333 -0.997622252 0.039410692 0.056540038 57.949504852
0.062231921 0.074852400 0.995251000 40.878383636 0.028184170 0.996654153 -0.076720275 -2.254885674 -0.997663796 0.032824770 0.059914045 58.012363434
0.064248331 0.073817387 0.995200038 41.681369781 0.024732994 0.996836305 -0.075535469 -2.309562206 -0.997627378 0.029467305 0.062219363 58.085842133
0.068396449 0.074148491 0.994898975 42.479442596 0.026976600 0.996732116 -0.076139696 -2.366454601 -0.997293353 0.032046676 0.066172682 58.134086609
0.072026573 0.075573482 0.994535506 43.279891968 0.026383305 0.996631920 -0.077643543 -2.420615196 -0.997053623 0.031831529 0.069790103 58.192771912
0.075910605 0.076100044 0.994206369 44.083030701 0.022610603 0.996695578 -0.078016944 -2.477532148 -0.996858180 0.028401922 0.073939100 58.260917664
0.079595491 0.074373908 0.994048774 44.884704590 0.021770820 0.996845186 -0.076326370 -2.530895233 -0.996589482 0.027716495 0.077725202 58.331283569
0.084587522 0.074449211 0.993630826 45.730297089 0.021818388 0.996827245 -0.076546110 -2.596055269 -0.996177137 0.028154269 0.082694791 58.408226013
0.090051487 0.077791512 0.992894351 46.542972565 0.018499464 0.996642113 -0.079762980 -2.657192469 -0.995765328 0.025550785 0.088310003 58.482078552
0.095631719 0.086961076 0.991610944 47.350105286 0.016350107 0.995905101 -0.088914469 -2.712982655 -0.995282471 0.024715992 0.093818285 58.573638916
0.102637336 0.091684103 0.990484536 48.172969818 0.014371870 0.995502532 -0.093637861 -2.779665470 -0.994614959 0.023845855 0.100858063 58.674552917
0.109997950 0.094496377 0.989429533 49.008571625 0.010154860 0.995311499 -0.096187092 -2.854810953 -0.993879855 0.020627903 0.108522624 58.769393921
0.117307566 0.092392571 0.988788426 49.840576172 0.006407921 0.995571733 -0.093786627 -2.930351019 -0.993074954 0.017337957 0.116196044 58.876377106
0.124729440 0.090679578 0.988038361 50.679733276 0.006357627 0.995721400 -0.092187293 -3.001015186 -0.992170453 0.017780049 0.123619258 58.990669250
0.132140458 0.086975768 0.987407804 51.513259888 0.006602490 0.996043682 -0.088620044 -3.072186470 -0.991208911 0.018229641 0.131043419 59.105773926
0.139526471 0.081881203 0.986827195 52.347217560 0.004408261 0.996514082 -0.083308265 -3.137208223 -0.990208507 0.015973900 0.138679147 59.227653503
0.146720245 0.074045792 0.986402869 53.175823212 0.001127343 0.997181296 -0.075022563 -3.213496208 -0.989177406 0.012119346 0.146223217 59.360492706
0.154119805 0.071641922 0.985451400 54.001609802 0.000760708 0.997358918 -0.072626561 -3.275199175 -0.988051951 0.011942834 0.153658271 59.498340607
0.161480427 0.073463418 0.984137833 54.814117432 0.000468648 0.997219622 -0.074516848 -3.335699081 -0.986875832 0.012494227 0.160997018 59.632453918
0.166761473 0.080231458 0.982727647 55.621929169 0.001480890 0.996662319 -0.081620403 -3.388989687 -0.985996127 0.015066452 0.166086107 59.782920837
0.172170237 0.083725691 0.981502652 56.408561707 0.000518708 0.996373415 -0.085085221 -3.448896408 -0.985067070 0.015158257 0.171502471 59.922023773
0.177200899 0.086634636 0.980354130 57.217514038 -0.001449253 0.996139944 -0.087767683 -3.522248030 -0.984173596 0.014131730 0.176642433 60.070415497
0.182513028 0.085925981 0.979441524 58.003948212 -0.004281912 0.996233881 -0.086601250 -3.594400167 -0.983194113 0.011611974 0.182193607 60.227649689
0.187597305 0.082783207 0.978751242 58.781536102 -0.000133520 0.996444464 -0.084254093 -3.659365892 -0.982245982 0.015675157 0.186941296 60.378730774
0.192258045 0.076574370 0.978352308 59.556732178 0.000403490 0.996944845 -0.078108862 -3.713753223 -0.981344402 0.015411812 0.191639751 60.532573700
0.195183665 0.070281588 0.978245199 60.313747406 -0.000905114 0.997441649 -0.071480140 -3.772166252 -0.980766356 0.013066333 0.194747940 60.698684692
0.198534489 0.066515185 0.977834344 61.078128815 -0.004208875 0.997743070 -0.067014903 -3.836614609 -0.980084896 0.009189185 0.198366359 60.851585388
0.202005580 0.066563666 0.977119744 61.814331055 -0.005977910 0.997752905 -0.066733412 -3.887483120 -0.979366183 0.007639386 0.201949567 61.004516602
0.204229921 0.068545453 0.976520121 62.546253204 -0.007654646 0.997626781 -0.068426117 -3.937341213 -0.978893042 0.006499743 0.204269916 61.163566589
0.205079883 0.072955444 0.976022363 63.258644104 -0.012188442 0.997331083 -0.071987204 -3.989705324 -0.978669286 0.002866935 0.205421731 61.334899902
0.207304955 0.077417731 0.975208163 63.975513458 -0.013618889 0.996995568 -0.076252297 -4.041286469 -0.978181601 0.002526225 0.207736418 61.490161896
0.209978774 0.081889771 0.974270523 64.675308228 -0.013108944 0.996632516 -0.080944046 -4.103539467 -0.977618098 0.004224875 0.210345149 61.631893158
0.211357683 0.084274694 0.973768830 65.372200012 -0.012055065 0.996424913 -0.083618909 -4.150083542 -0.977334440 0.005934652 0.211617991 61.796363831
0.212724775 0.084346175 0.973464966 66.052444458 -0.014892829 0.996431530 -0.083081678 -4.203985691 -0.976998687 0.003175887 0.213221833 61.950641632
0.213208333 0.081107117 0.973634362 66.724906921 -0.014341823 0.996700644 -0.079888023 -4.259424210 -0.976901531 0.003069102 0.213668093 62.100345612
0.214125514 0.078577690 0.973640501 67.400985718 -0.014448974 0.996904910 -0.077277586 -4.316777229 -0.976699293 0.002478999 0.214598149 62.249847412
0.213708788 0.077845827 0.973790884 68.067214966 -0.013726985 0.996960819 -0.076685525 -4.361451149 -0.976801038 0.003021159 0.214127868 62.403434753
0.212389156 0.076965928 0.974149525 68.731315613 -0.013915631 0.997030497 -0.075739771 -4.418946743 -0.977086067 0.002530404 0.212829530 62.556629181
0.210685581 0.077699564 0.974461019 69.360122681 -0.015459394 0.996976316 -0.076152414 -4.471471786 -0.977431655 0.000979637 0.211249709 62.690036774
0.208728820 0.080331810 0.974668741 69.986991882 -0.016108280 0.996767879 -0.078703560 -4.522593498 -0.977840960 0.000727465 0.209348187 62.824340820
0.206528440 0.083729856 0.974851489 70.596359253 -0.014160321 0.996483207 -0.082587838 -4.576757908 -0.978338182 0.003252531 0.206987739 62.948669434
0.204436630 0.084465556 0.975228846 71.216262817 -0.011503211 0.996408701 -0.083888568 -4.619895935 -0.978812218 0.005931631 0.204674035 63.088989258
0.202000409 0.083307378 0.975835919 71.818641663 -0.012064517 0.996511757 -0.082575105 -4.666137695 -0.979311168 0.004907215 0.202300847 63.216712952
0.199572861 0.080988079 0.976530313 72.420700073 -0.012897558 0.996709347 -0.080025725 -4.713947773 -0.979798019 0.003376111 0.199960649 63.344001770
0.197656512 0.077131100 0.977232158 73.007759094 -0.012513011 0.997016966 -0.076161772 -4.761978149 -0.980191410 0.002825754 0.198032007 63.462799072
0.196033135 0.075740337 0.977667868 73.577583313 -0.008982517 0.997109532 -0.075445414 -4.813543320 -0.980556130 0.006007881 0.196146831 63.565261841
0.194314271 0.077188127 0.977897704 74.148246765 -0.005204071 0.996966362 -0.077659205 -4.859561443 -0.980925441 0.010001241 0.194126517 63.675384521
0.191798314 0.079319492 0.978223801 74.703765869 -0.001019633 0.996744275 -0.080621310 -4.897778511 -0.981433809 0.014465599 0.191254750 63.782245636
0.189860836 0.081316732 0.978437722 75.265518188 -0.001818007 0.996591628 -0.082472704 -4.936853886 -0.981809318 0.013879528 0.189361557 63.894744873
0.188616648 0.084003732 0.978451431 75.824371338 -0.002216214 0.996368706 -0.085114785 -4.978259087 -0.982048273 0.013885609 0.188117877 64.003715515
0.187331855 0.082381792 0.978836060 76.389205933 -0.000486807 0.996484637 -0.083773986 -5.022747040 -0.982296586 0.015217028 0.186713383 64.111305237
0.187864736 0.080658153 0.978877485 76.954261780 0.005745040 0.996515155 -0.083214067 -5.067889214 -0.982178032 0.021256674 0.186746672 64.215759277
0.190396696 0.078891650 0.978532195 77.521461487 0.010463630 0.996546090 -0.082379922 -5.109790802 -0.981651425 0.025923865 0.188913584 64.311050415
0.191578731 0.077924803 0.978378952 78.087112427 0.013291662 0.996545792 -0.081974417 -5.156627655 -0.981387258 0.028708834 0.189881235 64.435966492
0.195129216 0.078073330 0.977665126 78.635803223 0.010607551 0.996600270 -0.081702560 -5.199558258 -0.980720162 0.026313193 0.193637639 64.553405762
0.200330392 0.078471631 0.976580679 79.207458496 0.009738673 0.996578455 -0.082076266 -5.244054794 -0.979680002 0.025952967 0.198880777 64.678207397
0.206775561 0.077578284 0.975307763 79.785530090 0.010831770 0.996608913 -0.081569053 -5.282696247 -0.978328526 0.027430795 0.205234021 64.805213928
0.213848576 0.077739969 0.973768532 80.365440369 0.008788421 0.996635020 -0.081495501 -5.326948166 -0.976827264 0.025985587 0.212445766 64.946922302
0.222180665 0.075627580 0.972068012 80.945381165 0.009735232 0.996765494 -0.079774208 -5.367613792 -0.974956870 0.027187593 0.220725775 65.091545105
0.231180206 0.075690947 0.969962180 81.537673950 0.005562034 0.996849954 -0.079114802 -5.413827896 -0.972895026 0.023684736 0.230030999 65.240913391
0.240718991 0.074777290 0.967710018 82.129440308 0.004772770 0.996924520 -0.078222014 -5.468871117 -0.970583141 0.023448180 0.239621788 65.394241333
0.250973791 0.078308403 0.964821160 82.743202209 -0.000007372 0.996722698 -0.080895714 -5.516047955 -0.967993855 0.020295594 0.250151783 65.567955017
0.260355264 0.080512375 0.962150156 83.356132507 -0.003363744 0.996586680 -0.082483783 -5.559462547 -0.965507030 0.018238664 0.259737402 65.747344971
0.270826966 0.083315231 0.959015846 83.973075867 -0.007497603 0.996399760 -0.084445678 -5.604794025 -0.962598741 0.015679847 0.270476639 65.936004639
0.281068712 0.084581763 0.955953121 84.604415894 -0.008556196 0.996289849 -0.085635014 -5.660561085 -0.959649503 0.015890004 0.280749559 66.132461548
0.290912569 0.085620336 0.952910841 85.241516113 -0.011859708 0.996233821 -0.085892342 -5.709030151 -0.956676126 0.013685916 0.290832400 66.336936951
0.301390171 0.085716709 0.949640274 85.880706787 -0.012424537 0.996219575 -0.085977837 -5.759819984 -0.953419864 0.014114044 0.301315755 66.552383423
0.311373323 0.086767659 0.946318209 86.536186218 -0.016824977 0.996170104 -0.085802525 -5.806992054 -0.950138688 0.010794840 0.311640650 66.784652710
0.321634829 0.081599131 0.943341196 87.204154968 -0.015919819 0.996604979 -0.080778539 -5.855820656 -0.946729898 0.010963371 0.321841866 67.024093628
0.332899898 0.074478768 0.940016210 87.892791748 -0.011711838 0.997125566 -0.074855953 -5.900742531 -0.942889392 0.013910224 0.332815289 67.257537842
0.343709767 0.070356198 0.936436772 88.581993103 -0.010823863 0.997420013 -0.070965216 -5.957480907 -0.939013541 0.014255572 0.343584538 67.518295288
0.353683352 0.066877119 0.932971358 89.279548645 -0.011226907 0.997672379 -0.067258969 -6.003984928 -0.935297847 0.013313996 0.353610963 67.795257568
0.363066226 0.064403072 0.929534912 89.986923218 -0.005318937 0.997735381 -0.067050844 -6.049633026 -0.931748092 0.019399762 0.362586617 68.069747925
0.372050077 0.059426133 0.926308453 90.708335876 0.001439210 0.997910321 -0.064597718 -6.082035542 -0.928211570 0.025366738 0.371187031 68.348922729
0.378744423 0.049796231 0.924160659 91.438781738 0.011185321 0.998232365 -0.058371425 -6.122271538 -0.925433815 0.032444887 0.377517939 68.638519287
0.386166215 0.044886779 0.921336472 92.166519165 0.017024338 0.998298347 -0.055771843 -6.167842865 -0.922272146 0.037222341 0.384744912 68.932281494
0.393381208 0.044995669 0.918273687 92.912162781 0.018675208 0.998204470 -0.056912616 -6.219161987 -0.919185758 0.039537314 0.391834646 69.251998901
0.400724530 0.051030416 0.914776266 93.630874634 0.021061340 0.997670770 -0.064880729 -6.260659218 -0.915956497 0.045265712 0.398716360 69.565177917
0.408170789 0.055405576 0.911222637 94.376281738 0.025059128 0.997100472 -0.071852170 -6.302233696 -0.912561655 0.052162409 0.405598879 69.888931274
0.413172305 0.057648372 0.908826351 95.090270996 0.022815460 0.997025669 -0.073615409 -6.352593422 -0.910367012 0.051151138 0.410628200 70.225494385
0.417651027 0.059288662 0.906671166 95.808036804 0.015873726 0.997240365 -0.072523244 -6.405092239 -0.908468843 0.044681657 0.415557355 70.570686340
0.421292633 0.062918477 0.904739678 96.512710571 0.009303938 0.997238278 -0.073683508 -6.461308479 -0.906877100 0.039459951 0.419543713 70.917053223
0.425309002 0.066377990 0.902610838 97.218673706 0.008361760 0.996976078 -0.077257656 -6.514964104 -0.905009568 0.040405788 0.423467845 71.258392334
0.429837078 0.070030659 0.900186419 97.917434692 0.005162122 0.996780694 -0.080010168 -6.583173752 -0.902891636 0.039038207 0.428091854 71.584289551
0.433497548 0.072754785 0.898212969 98.594993591 0.002282970 0.996643722 -0.081829444 -6.641337395 -0.901151776 0.037523456 0.431876600 71.915824890
0.437268943 0.071772754 0.896462202 99.271034241 0.000839626 0.996777356 -0.080213748 -6.690984249 -0.899330378 0.035827681 0.435799479 72.248474121
0.441679984 0.068315871 0.894567847 99.959259033 0.002382893 0.997003853 -0.077315159 -6.751177311 -0.897169530 0.036280215 0.440193862 72.583190918
0.445233703 0.065747678 0.892997265 100.611679077 0.001650342 0.997238636 -0.074245386 -6.810185432 -0.895412922 0.034530286 0.443895757 72.907043457
0.448648512 0.064825140 0.891354144 101.281211853 0.000664339 0.997341394 -0.072867632 -6.870603561 -0.893708050 0.033284109 0.447412670 73.263809204
0.452119529 0.066600278 0.889467478 101.912567139 -0.001317206 0.997257292 -0.074001677 -6.918555737 -0.891956329 0.032285988 0.450967193 73.586074829
0.454542845 0.066900201 0.888208985 102.531196594 -0.000346125 0.997188568 -0.074931458 -6.970660210 -0.890724838 0.033752128 0.453288108 73.910629272
0.456887484 0.064820886 0.887159586 103.157493591 0.001920361 0.997267067 -0.073854953 -7.022471905 -0.889522374 0.035447076 0.455514401 74.228919983
0.458416045 0.063622579 0.886457443 103.767913818 0.004508963 0.997255027 -0.073906437 -7.067952633 -0.888726234 0.037876900 0.456870854 74.549484253
0.460048169 0.063722469 0.885604382 104.355895996 0.002909825 0.997307837 -0.073271520 -7.119495869 -0.887889266 0.036285382 0.458624244 74.861511230
0.461991966 0.063423932 0.884613395 104.954040527 0.003711515 0.997292638 -0.073441021 -7.172706604 -0.886876345 0.037212413 0.460505813 75.186630249
0.464681417 0.065084718 0.883082747 105.532615662 0.003361677 0.997158170 -0.075261198 -7.217367172 -0.885471523 0.037941117 0.463142127 75.492172241
0.467668384 0.064720802 0.881531417 106.097900391 0.006760020 0.997024715 -0.076786473 -7.263690948 -0.883878112 0.041869774 0.465839416 75.785911560
0.470702440 0.064677276 0.879918277 106.656021118 0.008058426 0.996952772 -0.077590518 -7.309251308 -0.882255197 0.043612801 0.468746871 76.078178406
0.473607242 0.062463697 0.878518343 107.203788757 0.011376480 0.996964812 -0.077018410 -7.357813358 -0.880662620 0.046470933 0.471459150 76.380439758
0.477276713 0.061301555 0.876612186 107.746078491 0.012838557 0.996970892 -0.076708265 -7.406862259 -0.878659189 0.047865514 0.475043923 76.666687012
0.480833501 0.060842879 0.874698281 108.280273438 0.014092375 0.996924460 -0.077091523 -7.449581146 -0.876698613 0.049394783 0.478497267 76.953178406
0.484011859 0.059994727 0.873002350 108.800285339 0.014627000 0.996952832 -0.076622419 -7.495934486 -0.874939144 0.049855568 0.481659442 77.248504639
0.487626582 0.059580874 0.871016860 109.322952271 0.016169764 0.996881068 -0.077242889 -7.539746284 -0.872902393 0.051749825 0.485142410 77.534729004
0.491305292 0.060982097 0.868849993 109.827934265 0.015450155 0.996778727 -0.078697592 -7.585051537 -0.870850265 0.052088413 0.488780469 77.823509216
0.495831490 0.060906421 0.866280317 110.344940186 0.018071983 0.996597707 -0.080412619 -7.627018929 -0.868230700 0.055526510 0.493043900 78.116325378
0.500502467 0.064658731 0.863317132 110.854156494 0.014850026 0.996419132 -0.083236709 -7.681807518 -0.865607738 0.054480467 0.497750074 78.426765442
0.506262362 0.070546307 0.859489143 111.352874756 0.011611233 0.996000409 -0.088590413 -7.726320267 -0.862301409 0.054829720 0.503418446 78.724037170
0.512022853 0.077505536 0.855467975 111.840805054 0.006445276 0.995546222 -0.094054349 -7.772310257 -0.858947635 0.053671703 0.509242892 79.029655457
0.517893970 0.083761282 0.851334095 112.328544617 0.001490585 0.995104849 -0.098813407 -7.820194721 -0.855443478 0.052443862 0.515233994 79.342712402
0.524299085 0.088312142 0.846942425 112.824264526 -0.002555124 0.994766295 -0.102144241 -7.876775265 -0.851530373 0.051390097 0.521780729 79.658203125
0.530385256 0.088739268 0.843099535 113.327819824 -0.006563541 0.994906485 -0.100588441 -7.923269749 -0.847731352 0.047816914 0.528266191 79.975379944
0.535633862 0.088075839 0.839844644 113.824653625 -0.013045885 0.995290279 -0.096057288 -7.971521854 -0.844349504 0.040495023 0.534260273 80.310722351
0.541633844 0.085313551 0.836274147 114.333045959 -0.018953741 0.995823085 -0.089314289 -8.030448914 -0.840400815 0.032525122 0.540988564 80.642730713
0.547023833 0.084122024 0.832879603 114.859352112 -0.025806198 0.996159732 -0.083664395 -8.079231262 -0.836719215 0.024272960 0.547093987 81.029624939
0.553273320 0.082042970 0.828949690 115.376991272 -0.028068885 0.996409059 -0.079882510 -8.125060081 -0.832526803 0.020929167 0.553589344 81.384918213
0.559370160 0.085842051 0.824461102 115.898834229 -0.033455268 0.996150911 -0.081019893 -8.172569275 -0.828242600 0.017737549 0.560088933 81.761955261
0.565233231 0.089789949 0.820030034 116.419685364 -0.037344299 0.995824754 -0.083297931 -8.218239784 -0.824085593 0.016459314 0.566226304 82.141998291
0.571109056 0.093168192 0.815569818 116.970932007 -0.040515669 0.995526493 -0.085354492 -8.270077705 -0.819873750 0.015703360 0.572328985 82.552772522
0.577652574 0.095369957 0.810692310 117.517814636 -0.042884856 0.995325565 -0.086532958 -8.316942215 -0.815155387 0.015219555 0.579042196 82.950363159
