1.000000000 0.000000000 0.000000000 0.000000000 0.000000000 1.000000000 0.000000000 0.000000000 0.000000000 0.000000000 1.000000000 0.000000000
0.999998510 0.000612453 0.001597208 -0.004364027 -0.000605281 0.999989748 -0.004486862 -0.002522733 -0.001599939 0.004485888 0.999988675 0.976727247
0.999995828 -0.002015309 0.002078179 0.003056630 0.002026188 0.999984205 -0.005246168 0.000904228 -0.002067574 0.005250357 0.999984086 1.944935918
0.999992430 -0.003303983 0.002063083 0.002491385 0.003306795 0.999993622 -0.001361216 -0.001571430 -0.002058574 0.001368028 0.999996901 2.921026945
0.999982893 -0.005694051 0.001353876 0.007207267 0.005687589 0.999972641 0.004729658 -0.004512899 -0.001380770 -0.004721877 0.999987900 3.890074253
0.999952197 -0.009778618 -0.000240058 0.014859526 0.009779654 0.999940753 0.004774377 0.000285797 0.000193357 -0.004776495 0.999988556 4.850196838
0.999923110 -0.012316957 -0.001450276 0.021067183 0.012319534 0.999922514 0.001781286 0.003525752 0.001428224 -0.001799016 0.999997318 5.800607681
0.999915421 -0.012746611 -0.002598506 0.021284875 0.012742687 0.999917626 -0.001520607 0.004446395 0.002617675 0.001487367 0.999995470 6.751853466
0.999916673 -0.012584166 -0.002863354 0.009794289 0.012577723 0.999918282 -0.002257039 0.006824438 0.002891522 0.002220836 0.999993324 7.703738213
0.999915302 -0.012316190 -0.004217505 0.006065674 0.012314916 0.999924123 -0.000328074 0.006616882 0.004221226 0.000276108 0.999991000 8.648629189
0.999922574 -0.011629275 -0.004434528 -0.009551570 0.011640886 0.999928951 0.002601830 0.004696051 0.004403955 -0.002653250 0.999986708 9.594655991
0.999913156 -0.011949539 -0.005561083 -0.016898826 0.011971362 0.999920607 0.003907814 0.010764692 0.005513946 -0.003974047 0.999976933 10.541379929
0.999893069 -0.013380720 -0.005895070 -0.022027772 0.013407993 0.999899387 0.004611154 0.013701815 0.005832777 -0.004689701 0.999971986 11.474187851
0.999884009 -0.013604194 -0.006847573 -0.029627975 0.013637117 0.999895513 0.004784461 0.016178761 0.006781770 -0.004877286 0.999965072 12.406791687
0.999875903 -0.013914221 -0.007384279 -0.044622350 0.013940170 0.999896765 0.003474265 0.018276086 0.007335177 -0.003576771 0.999966681 13.339013100
0.999859989 -0.014416330 -0.008485547 -0.059262127 0.014430471 0.999894619 0.001607877 0.022047199 0.008461474 -0.001730103 0.999962628 14.266808510
0.999819458 -0.015905140 -0.010384980 -0.066320799 0.015909402 0.999873400 0.000327722 0.026231188 0.010378453 -0.000492882 0.999945998 15.186223984
0.999810398 -0.015411138 -0.011900280 -0.079111673 0.015404371 0.999881148 -0.000660243 0.028225690 0.011909040 0.000476802 0.999928951 16.117809296
0.999812007 -0.014070755 -0.013337198 -0.101698339 0.014059565 0.999900699 -0.000932595 0.020546997 0.013348996 0.000744904 0.999910593 17.037706375
0.999808967 -0.012385005 -0.015122709 -0.118238077 0.012373531 0.999923110 -0.000852050 0.019850248 0.015132099 0.000664766 0.999885261 17.953943253
0.999779344 -0.013349278 -0.016216647 -0.146481484 0.013351352 0.999910891 0.000019683 0.020286271 0.016214939 -0.000236193 0.999868512 18.871828079
0.999763548 -0.012075553 -0.018084999 -0.155467793 0.012093448 0.999926507 0.000880466 0.023558043 0.018073039 -0.001098968 0.999836028 19.769847870
0.999738336 -0.011855797 -0.019566046 -0.176195517 0.011882359 0.999928653 0.001241811 0.027958788 0.019549929 -0.001473977 0.999807775 20.674299240
0.999702632 -0.012777871 -0.020773388 -0.200524330 0.012806511 0.999917269 0.001246352 0.025576733 0.020755744 -0.001512016 0.999783456 21.571063995
0.999664187 -0.012771320 -0.022547774 -0.216662347 0.012788278 0.999918103 0.000608105 0.029253509 0.022538157 -0.000896248 0.999745607 22.458637238
0.999635160 -0.012689444 -0.023842640 -0.240504861 0.012724240 0.999918282 0.001308353 0.023818340 0.023824086 -0.001611256 0.999714851 23.341533661
0.999602258 -0.012465381 -0.025294388 -0.259575844 0.012546806 0.999916613 0.003063028 0.028341621 0.025254091 -0.003379173 0.999675393 24.219312668
0.999580622 -0.013484809 -0.025621563 -0.290837288 0.013646564 0.999887884 0.006149046 0.028199002 0.025535773 -0.006496115 0.999652803 25.095193863
0.999573052 -0.013602470 -0.025859462 -0.321934670 0.013805354 0.999875188 0.007683223 0.031249821 0.025751723 -0.008036943 0.999636054 25.948444366
0.999560952 -0.012864952 -0.026693016 -0.343747556 0.013042441 0.999893904 0.006485825 0.035533398 0.026606746 -0.006831118 0.999622643 26.791719437
0.999555290 -0.011843675 -0.027368385 -0.374457419 0.011950947 0.999921501 0.003759349 0.041435122 0.027321713 -0.004084755 0.999618292 27.617349625
0.999542534 -0.010984357 -0.028179124 -0.401125431 0.011047815 0.999936759 0.002097178 0.043146305 0.028154302 -0.002407537 0.999600708 28.431926727
0.999522686 -0.009758905 -0.029310446 -0.426730305 0.009814322 0.999950290 0.001747445 0.046781130 0.029291933 -0.002034273 0.999568880 29.240287781
0.999473691 -0.010266569 -0.030770386 -0.453290641 0.010320640 0.999945521 0.001598976 0.044779286 0.030752288 -0.001915705 0.999525189 30.034997940
0.999433935 -0.009513827 -0.032268297 -0.482934535 0.009532836 0.999954462 0.000435443 0.045248620 0.032262690 -0.000742805 0.999479175 30.838054657
0.999352038 -0.009547064 -0.034704037 -0.506461680 0.009563481 0.999954224 0.000307141 0.045712560 0.034699522 -0.000638834 0.999397635 31.616313934
0.999268651 -0.009508499 -0.037035804 -0.532521069 0.009564456 0.999953330 0.001334003 0.052822329 0.037021387 -0.001687255 0.999313056 32.408000946
0.999215424 -0.009890158 -0.038350016 -0.574055433 0.010038033 0.999942899 0.003665303 0.050994352 0.038311567 -0.004047386 0.999257624 33.175052643
0.999137938 -0.008675301 -0.040596448 -0.602981746 0.008901833 0.999945819 0.005402676 0.053044125 0.040547375 -0.005759400 0.999161005 33.931819916
0.999069929 -0.007627863 -0.042437993 -0.640402794 0.007876979 0.999952674 0.005706037 0.050353318 0.042392466 -0.006035015 0.999082804 34.677120209
0.998995483 -0.004796076 -0.044555482 -0.675633073 0.005025172 0.999974728 0.005031220 0.053304709 0.044530228 -0.005250064 0.998994291 35.407962799
0.998926103 -0.003334424 -0.046211317 -0.713517785 0.003530124 0.999985099 0.004153925 0.055725217 0.046196785 -0.004312596 0.998923063 36.140518188
0.998842955 -0.003115303 -0.047990084 -0.747085214 0.003373481 0.999980330 0.005299782 0.060202897 0.047972620 -0.005455544 0.998833716 36.850624084
0.998798132 -0.001513499 -0.048988819 -0.788748384 0.001856078 0.999974132 0.006948277 0.067868769 0.048977040 -0.007030854 0.998775184 37.574459076
0.998798549 0.000979486 -0.048994191 -0.830557942 -0.000614061 0.999971926 0.007473050 0.072418377 0.049000129 -0.007433986 0.998771131 38.259639740
0.998833120 0.004111450 -0.048119441 -0.868033528 -0.003840358 0.999976218 0.005724825 0.069349378 0.048141833 -0.005533350 0.998825192 38.961158752
0.998911679 0.005701462 -0.046292536 -0.903972745 -0.005595704 0.999981403 0.002413828 0.076078698 0.046305440 -0.002152163 0.998925030 39.627952576
0.998986244 0.006421960 -0.044556215 -0.927775025 -0.006393851 0.999979258 0.000773359 0.078348495 0.044560257 -0.000487689 0.999006510 40.294273376
0.999131918 0.007554062 -0.040967122 -0.964380920 -0.007490085 0.999970496 0.001714911 0.075849943 0.040978871 -0.001406575 0.999158978 40.958320618
0.999209464 0.012224463 -0.037829574 -0.991392612 -0.012072938 0.999918282 0.004231334 0.081073008 0.037878204 -0.003771274 0.999275327 41.611896515
0.999292970 0.016466329 -0.033799119 -1.023380160 -0.016217919 0.999839544 0.007610747 0.084545597 0.033919021 -0.007057214 0.999399662 42.246833801
0.999329686 0.021523835 -0.029611642 -1.047357798 -0.021269456 0.999734342 0.008878827 0.081941813 0.029794883 -0.008243053 0.999522030 42.860248566
0.999379873 0.025024872 -0.024770349 -1.061786175 -0.024804417 0.999650419 0.009167592 0.084701627 0.024991104 -0.008547492 0.999651134 43.482669830
0.999406278 0.028603245 -0.019205915 -1.071722150 -0.028395960 0.999536455 0.010980161 0.093449503 0.019511076 -0.010428272 0.999755323 44.066387177
0.999354780 0.033707485 -0.012399891 -1.088972807 -0.033551939 0.999358296 0.012545396 0.092766285 0.012814810 -0.012121264 0.999844372 44.639617920
0.999303997 0.036919598 -0.005332153 -1.095410585 -0.036853164 0.999247849 0.012062034 0.097670853 0.005773464 -0.011857131 0.999913037 45.181190491
0.999189615 0.040210377 0.001815372 -1.101498604 -0.040229011 0.999121189 0.011765918 0.105723560 -0.001340664 -0.011829415 0.999929070 45.716735840
0.998967826 0.044527940 0.008977162 -1.093882561 -0.044628173 0.998939812 0.011291960 0.110954612 -0.008464837 -0.011680939 0.999895871 46.227584839
0.998656154 0.048938323 0.017058613 -1.097844601 -0.049084563 0.998760402 0.008261864 0.118725032 -0.016633146 -0.009088075 0.999820292 46.702419281
0.998371661 0.051227912 0.025097191 -1.085556269 -0.051378597 0.998664618 0.005396047 0.116492420 -0.024787249 -0.006676718 0.999670446 47.159046173
0.998151183 0.051169101 0.032800991 -1.069942236 -0.051361814 0.998667300 0.005058795 0.119064391 -0.032498419 -0.006734161 0.999449015 47.604732513
0.997924387 0.050191741 0.040344052 -1.041715980 -0.050488412 0.998704374 0.006367781 0.120608047 -0.039972171 -0.008391471 0.999165475 48.018512726
0.997464478 0.051899962 0.048694022 -1.022288322 -0.052309297 0.998605192 0.007168989 0.121913269 -0.048254039 -0.009697962 0.998787999 48.408489227
0.996833146 0.055183291 0.057257935 -1.003729582 -0.055679925 0.998423338 0.007113606 0.124936461 -0.056775097 -0.010279194 0.998334050 48.774730682
0.996038914 0.059862945 0.065750130 -0.979481459 -0.060417384 0.998152256 0.006474976 0.127423823 -0.065241024 -0.010421778 0.997815073 49.114540100
0.995136142 0.063826419 0.075034291 -0.958422661 -0.064489506 0.997897625 0.006445386 0.127455264 -0.074465156 -0.011252961 0.997160077 49.424385071
0.994428635 0.063211866 0.084356099 -0.931864738 -0.064049460 0.997920334 0.007257426 0.123353541 -0.083721913 -0.012619955 0.996409237 49.710391998
0.993537605 0.062122338 0.094993405 -0.894187927 -0.062927440 0.998003006 0.005500299 0.121389896 -0.094462015 -0.011442446 0.995462775 49.988586426
0.992448747 0.060629342 0.106628068 -0.854530811 -0.061091833 0.998131573 0.001073367 0.118422151 -0.106363736 -0.007579367 0.994298518 50.262687683
0.990880430 0.061547492 0.119866163 -0.812948227 -0.061625592 0.998094618 -0.003058646 0.118779853 -0.119826026 -0.004356072 0.992785335 50.537929535
0.988773346 0.063399628 0.135306135 -0.768805027 -0.063295677 0.997981906 -0.005074430 0.115852594 -0.135354802 -0.003546834 0.990790844 50.802101135
0.986311853 0.064979009 0.151547819 -0.720921516 -0.064753301 0.997880578 -0.006429377 0.116172314 -0.151644409 -0.003471851 0.988429070 51.072910309
0.983557045 0.065197885 0.168418854 -0.664755821 -0.064781271 0.997867584 -0.007972879 0.120922893 -0.168579563 -0.003068610 0.985683262 51.344436646
0.980307162 0.064587869 0.186618239 -0.607375145 -0.064014062 0.997907400 -0.009105686 0.116888940 -0.186815888 -0.003019823 0.982390285 51.600322723
0.976483762 0.064242914 0.205797046 -0.534905434 -0.063699782 0.997926116 -0.009270638 0.109349012 -0.205965847 -0.004056603 0.978550792 51.826263428
0.972018838 0.064280629 0.225936741 -0.458594322 -0.063546874 0.997923255 -0.010526792 0.106965184 -0.226144254 -0.004125333 0.974085093 52.089706421
0.966782570 0.066126570 0.246898383 -0.379634857 -0.064990483 0.997804284 -0.012757121 0.105662823 -0.247199908 -0.003712683 0.968957305 52.347724915
0.960586190 0.067485780 0.269666493 -0.296977043 -0.065892965 0.997714520 -0.014965395 0.101793945 -0.270060122 -0.003393574 0.962837517 52.590717316
0.953335226 0.068883449 0.293950886 -0.200054169 -0.067137524 0.997614801 -0.016038664 0.095687389 -0.294354528 -0.004444912 0.955685914 52.834491730
0.944805920 0.071839131 0.319657534 -0.098699570 -0.070062637 0.997396529 -0.017069807 0.090723217 -0.320051610 -0.006268397 0.947379410 53.088230133
0.935127020 0.073531561 0.346598357 0.010192871 -0.071743943 0.997260511 -0.018004755 0.082346022 -0.346972823 -0.008029602 0.937840819 53.328880310
0.924006820 0.074315563 0.375084817 0.130641937 -0.072275959 0.997193515 -0.019524975 0.072993040 -0.375483125 -0.009068397 0.926784873 53.570594788
0.911412299 0.072496496 0.405057937 0.268457413 -0.069689855 0.997332752 -0.021693055 0.065450788 -0.405550241 -0.008457116 0.914033651 53.805004120
0.896644056 0.069626383 0.437243402 0.420097351 -0.065563470 0.997550011 -0.024399959 0.056518793 -0.437871069 -0.006789118 0.899012089 54.036113739
0.879417360 0.068945564 0.471032441 0.584871292 -0.062848464 0.997610748 -0.028683342 0.049319386 -0.471884638 -0.004379044 0.881649375 54.271095276
0.860078156 0.070888139 0.505213380 0.756916046 -0.062231988 0.997481823 -0.034015860 0.045464873 -0.506352484 -0.002184139 0.862323821 54.506423950
0.838304400 0.072744057 0.540327728 0.939596176 -0.061813947 0.997349918 -0.038369998 0.033851981 -0.541686952 -0.001234056 0.840579450 54.738418579
0.813950241 0.075503446 0.576007187 1.132587433 -0.062712982 0.997143805 -0.042087231 0.016434193 -0.577539742 -0.001866217 0.816360474 54.956855774
0.786515236 0.079719462 0.612404048 1.348983765 -0.065846153 0.996805906 -0.045192108 0.004750252 -0.614050567 -0.004780170 0.789252222 55.197132111
0.756802142 0.083985932 0.648226023 1.586315155 -0.069260865 0.996431649 -0.048238538 -0.005387306 -0.649964213 -0.008389663 0.759918511 55.432910919
0.723930359 0.084984869 0.684618413 1.855777740 -0.068912484 0.996328056 -0.050809268 -0.024500608 -0.686422467 -0.010396377 0.727128685 55.671260834
0.687409401 0.082370952 0.721584082 2.142734528 -0.065097548 0.996536434 -0.051743101 -0.043125391 -0.723346949 -0.011404660 0.690390587 55.905487061
0.648530066 0.081113793 0.756854832 2.457876205 -0.062425099 0.996624351 -0.053319875 -0.066422462 -0.758624971 -0.012667188 0.651404321 56.127658844
0.606303215 0.080732033 0.791124940 2.799758911 -0.060386211 0.996635139 -0.055424903 -0.083137393 -0.792937458 -0.014168749 0.609138131 56.349815369
0.560156226 0.080381677 0.824477732 3.162464142 -0.056668613 0.996667743 -0.058668092 -0.103467941 -0.826446295 -0.013858711 0.562844813 56.562385559
0.511428535 0.079236031 0.855664968 3.549457550 -0.053369999 0.996746361 -0.060401302 -0.126338482 -0.857666850 -0.014775896 0.513993263 56.777961731
0.463415116 0.077701136 0.882728040 3.978593826 -0.051880307 0.996818483 -0.060507663 -0.150416851 -0.884621203 -0.017756030 0.465972006 56.957466125
0.413748115 0.075754546 0.907234013 4.418079376 -0.051804751 0.996876299 -0.059613936 -0.173989177 -0.908916235 -0.022333879 0.416380137 57.132030487
0.363500118 0.075702183 0.928513288 4.880168915 -0.054271735 0.996720910 -0.060016550 -0.188633561 -0.930011988 -0.028576002 0.366416693 57.292572021
0.313728452 0.076086126 0.946459413 5.357208252 -0.052562129 0.996647477 -0.062697686 -0.214088440 -0.948056757 -0.030077877 0.316675872 57.433433533
0.267388433 0.072668605 0.960844755 5.826647758 -0.041651402 0.997091889 -0.063819021 -0.246294022 -0.962688208 -0.022956060 0.269637734 57.510242462
0.223499954 0.066811182 0.972411394 6.343235970 -0.028159197 0.997674167 -0.062074773 -0.275824368 -0.974297106 -0.013508619 0.224861503 57.584846497
0.181848466 0.065806851 0.981122077 6.855135918 -0.018868258 0.997807920 -0.063428834 -0.301947713 -0.983145535 -0.006977624 0.182691514 57.632843018
0.142951757 0.067464828 0.987427592 7.403477669 -0.015409471 0.997704864 -0.065936148 -0.325985014 -0.989609718 -0.005790044 0.143663302 57.702556610
0.110461809 0.067930348 0.991556108 7.956556320 -0.007038141 0.997690082 -0.067566499 -0.365697384 -0.993855596 0.000484805 0.110684715 57.735820770
0.081785098 0.066204906 0.994448662 8.528201103 0.000228180 0.997790039 -0.066446111 -0.403502107 -0.996650100 0.005661215 0.081589222 57.758129120
0.056706965 0.064561822 0.996301174 9.108028412 0.007480330 0.997851372 -0.065088041 -0.435383320 -0.998362958 0.011143605 0.056102172 57.771484375
0.036654778 0.063719213 0.997294486 9.701007843 0.011949124 0.997865796 -0.064194895 -0.465942681 -0.999256551 0.014269843 0.035815157 57.782798767
0.020912804 0.065389633 0.997640610 10.296107292 0.014437336 0.997735083 -0.065698460 -0.499744475 -0.999677062 0.015777213 0.019921383 57.777576447
0.007576986 0.065188617 0.997844219 10.907969475 0.015425902 0.997746408 -0.065299384 -0.533909619 -0.999852300 0.015887419 0.006554317 57.773185730
-0.004181320 0.065984651 0.997811913 11.529960632 0.016080320 0.997696102 -0.065909609 -0.571334183 -0.999862015 0.015769545 -0.005232738 57.763507843
-0.013020311 0.068716682 0.997551262 12.172517776 0.020719428 0.997440279 -0.068438590 -0.611582458 -0.999700487 0.019777600 -0.014410752 57.745853424
-0.019199919 0.070634909 0.997317553 12.818721771 0.025363680 0.997214675 -0.070139341 -0.643901646 -0.999493837 0.023948969 -0.020938005 57.720832825
-0.024022756 0.070039622 0.997255027 13.474287033 0.025644368 0.997257769 -0.069422074 -0.681645274 -0.999382436 0.023906266 -0.025752999 57.705558777
-0.027353931 0.067259364 0.997360408 14.161859512 0.023435293 0.997502863 -0.066626199 -0.720548093 -0.999351084 0.021550946 -0.028861865 57.683540344
-0.029783811 0.060329296 0.997734070 14.841908455 0.021355115 0.997987509 -0.059707139 -0.756208718 -0.999328256 0.019528423 -0.031012211 57.665138245
-0.031092005 0.054414544 0.998034239 15.536052704 0.022472940 0.998302579 -0.053729087 -0.796266496 -0.999263942 0.020758219 -0.032262083 57.645587921
-0.031618558 0.052210327 0.998135448 16.262193680 0.025059383 0.998362243 -0.051428363 -0.828985751 -0.999185741 0.023386570 -0.032875136 57.614784241
-0.031479109 0.054537021 0.998015404 16.973920822 0.028157106 0.998162329 -0.053656925 -0.862492979 -0.999107659 0.026412154 -0.032956865 57.592243195
-0.030688010 0.061830021 0.997614741 17.689357758 0.029423846 0.997708321 -0.060930692 -0.897710681 -0.999095857 0.027483821 -0.032436956 57.566532135
-0.028219655 0.069866993 0.997157037 18.416196823 0.029822562 0.997169137 -0.069023862 -0.934220433 -0.999156773 0.027789950 -0.030223383 57.543220520
-0.026457591 0.070669942 0.997148812 19.167573929 0.030856159 0.997080445 -0.069846377 -0.972375989 -0.999173522 0.028920216 -0.028560955 57.531593323
-0.024489462 0.066354364 0.997495592 19.923866272 0.030162187 0.997389555 -0.065606803 -1.012894511 -0.999244928 0.028479977 -0.026426928 57.516311646
-0.021861609 0.059662178 0.997979224 20.680095673 0.029614219 0.997818470 -0.059003845 -1.059229255 -0.999322236 0.028264457 -0.023580765 57.499073029
-0.019008690 0.057886153 0.998142183 21.445137024 0.027971191 0.997962713 -0.057343051 -1.106860042 -0.999427915 0.026829213 -0.020589106 57.488487244
-0.015359691 0.063426889 0.997868240 22.209987640 0.035730850 0.997383416 -0.062846072 -1.153152347 -0.999243379 0.034689385 -0.017585797 57.466346741
-0.011762766 0.068840101 0.997558355 22.956411362 0.037557434 0.996953964 -0.068355516 -1.195202947 -0.999225259 0.036661685 -0.014312390 57.449157715
-0.009674063 0.069474041 0.997536778 23.714006424 0.031706147 0.997103214 -0.069136374 -1.236200213 -0.999450445 0.030959215 -0.011848795 57.457008362
-0.006423416 0.066150226 0.997789025 24.488706589 0.027024427 0.997456610 -0.065954223 -1.280476689 -0.999614060 0.026541024 -0.008194754 57.466861725
-0.001622695 0.062725961 0.998029530 25.236707687 0.031272318 0.997545838 -0.062644728 -1.325149775 -0.999509454 0.031109037 -0.003580303 57.457435608
0.001521480 0.063704111 0.997967660 26.029668808 0.035123136 0.997349620 -0.063718185 -1.381721854 -0.999381781 0.035148699 -0.000720040 57.459495544
0.004351015 0.068214975 0.997661114 26.796201706 0.034787118 0.997056425 -0.068325341 -1.427390337 -0.999385178 0.035003040 0.001965205 57.465145111
0.008381303 0.068975270 0.997583091 27.569812775 0.031234654 0.997113407 -0.069205195 -1.472163439 -0.999476969 0.031739194 0.006202691 57.473850250
0.011432149 0.068591058 0.997579336 28.330097198 0.030422360 0.997158825 -0.068910770 -1.521001220 -0.999471724 0.031136522 0.009312969 57.495410919
0.015188520 0.065610416 0.997729719 29.095438004 0.034329128 0.997222424 -0.066099651 -1.568264961 -0.999295115 0.035255153 0.012893982 57.504169464
0.018774118 0.066035479 0.997640610 29.864120483 0.038586840 0.997025311 -0.066720888 -1.618000507 -0.999078870 0.039748427 0.016170172 57.513668060
0.022446949 0.066688806 0.997521281 30.630245209 0.041849520 0.996835411 -0.067584671 -1.671277523 -0.998871863 0.043262858 0.019585019 57.524848938
0.025197355 0.066763796 0.997450650 31.393909454 0.042284355 0.996803224 -0.067788638 -1.712018251 -0.998787880 0.043884654 0.022293745 57.546226501
0.028449910 0.065132029 0.997470975 32.156166077 0.043835759 0.996833742 -0.066340685 -1.760339022 -0.998633623 0.045612287 0.025504716 57.565372467
0.032020263 0.064132027 0.997427523 32.919773102 0.045610264 0.996805966 -0.065556265 -1.811182261 -0.998445988 0.047592063 0.028992906 57.590866089
0.035180073 0.064210832 0.997316062 33.701683044 0.044035163 0.996864915 -0.065735117 -1.866804361 -0.998410344 0.046229538 0.032242250 57.617092133
0.038601406 0.066083156 0.997067153 34.469131470 0.041010480 0.996865392 -0.067657493 -1.911194086 -0.998412669 0.043501880 0.035770312 57.645477295
0.041313063 0.066322237 0.996942699 35.238143921 0.042796042 0.996761322 -0.068083659 -1.953297377 -0.998229265 0.045477942 0.038340937 57.679851532
0.044098198 0.065824024 0.996856332 36.016300201 0.040792752 0.996876121 -0.067629896 -2.001880646 -0.998194039 0.043646868 0.041275308 57.715442657
0.045834072 0.065955833 0.996769369 36.788948059 0.039231185 0.996929348 -0.067770384 -2.056322813 -0.998178303 0.042210635 0.043105811 57.762809753
0.048530914 0.066374265 0.996613860 37.604717255 0.036176689 0.997018218 -0.068162836 -2.101236582 -0.998166323 0.039362200 0.045984998 57.815834045
0.051933132 0.068667784 0.996286929 38.382049561 0.034806307 0.996902704 -0.070524566 -2.143986702 -0.998043895 0.038339630 0.049382202 57.856971741
0.055493768 0.071850084 0.995870411 39.172554016 0.033877268 0.996697664 -0.073797554 -2.199632883 -0.997884095 0.037832677 0.052876428 57.898822784
0.058898438 0.074269705 0.995497346 39.968948364 0.034133717 0.996495664 -0.076363698 -2.251709223 -0.997680247 0.038477737 0.056156941 57.949863434
0.061978046 0.076070458 0.995174289 40.764099121 0.027728450 0.996575236 -0.077904426 -2.310105324 -0.997692347 0.032423005 0.059656467 58.006286621
0.063757651 0.075278230 0.995122313 41.561420441 0.023505328 0.996761024 -0.076908194 -2.365550518 -0.997688532 0.028294155 0.061781697 58.084228516
0.067817107 0.075676754 0.994823575 42.359439850 0.025783766 0.996653140 -0.077573627 -2.422834396 -0.997364581 0.030911114 0.065638900 58.132831573
0.071507640 0.077012658 0.994462550 43.159553528 0.024983160 0.996563673 -0.078971811 -2.479776859 -0.997127056 0.030491903 0.069337890 58.190666199
0.075309843 0.077784009 0.994121850 43.961357117 0.021254448 0.996601224 -0.079588145 -2.536355972 -0.996933639 0.027123278 0.073400617 58.260948181
0.079239503 0.076217212 0.993937671 44.771606445 0.020067472 0.996748805 -0.078032613 -2.592004538 -0.996653736 0.026129078 0.077452391 58.333179474
0.084334016 0.075731464 0.993555486 45.583755493 0.020438295 0.996766448 -0.077711023 -2.657233000 -0.996227980 0.026860263 0.082513496 58.398056030
0.089462914 0.079145350 0.992840528 46.393207550 0.017159022 0.996567309 -0.080988608 -2.719323635 -0.995842278 0.024281653 0.087797768 58.477680206
0.095375091 0.087673627 0.991572976 47.201610565 0.015139149 0.995870888 -0.089509815 -2.780693293 -0.995326221 0.023548579 0.093653992 58.565258026
0.102218196 0.092738546 0.990429640 48.023410797 0.013383226 0.995426595 -0.094587646 -2.847627640 -0.994671881 0.022923727 0.100509584 58.664512634
0.109455146 0.095483735 0.989394903 48.847351074 0.008965875 0.995240152 -0.097039714 -2.918461323 -0.993951321 0.019492289 0.108078070 58.767650604
0.116858251 0.093834274 0.988705873 49.679573059 0.005372690 0.995452344 -0.095109567 -2.989493370 -0.993134081 0.016426349 0.115822673 58.870773315
0.123810478 0.091733925 0.988056719 50.525753021 0.004867043 0.995649695 -0.093048759 -3.070710421 -0.992293835 0.016329328 0.122825384 58.996524811
0.131224051 0.087872259 0.987450600 51.326885223 0.005146401 0.995989978 -0.089316092 -3.143990040 -0.991339326 0.016802238 0.130245611 59.094638824
0.139123410 0.083277486 0.986767173 52.181003571 0.002681274 0.996422410 -0.084470347 -3.207369328 -0.990271568 0.014397599 0.138402387 59.216220856
0.146580637 0.075809829 0.986289501 53.021400452 0.000304409 0.997055531 -0.076682575 -3.271575212 -0.989198685 0.011540417 0.146125942 59.349342346
0.153689295 0.073144451 0.985408306 53.852176666 -0.000119274 0.997257829 -0.074005418 -3.337899685 -0.988119185 0.011256307 0.153276563 59.492069244
0.161185339 0.074750364 0.984089315 54.671379089 0.000276982 0.997124076 -0.075785846 -3.401793003 -0.986924112 0.012488143 0.160701111 59.629920959
0.167024806 0.081659801 0.982565224 55.479316711 0.000292558 0.996560097 -0.082872622 -3.459084034 -0.985952675 0.014129245 0.166426390 59.765735626
0.171703786 0.085369170 0.981442750 56.275371552 -0.000530141 0.996246159 -0.086564079 -3.519036055 -0.985148430 0.014343077 0.171104491 59.913425446
0.176900730 0.088526346 0.980239332 57.072429657 -0.002043350 0.995977581 -0.089578919 -3.583944798 -0.984226584 0.013843606 0.176370069 60.062870026
0.181653991 0.087722339 0.979442000 57.850563049 -0.004621601 0.996078253 -0.088355199 -3.657607317 -0.983351648 0.011523485 0.181347027 60.222576141
0.187163308 0.084300652 0.978704929 58.628131866 -0.000583465 0.996320307 -0.085706368 -3.727665424 -0.982328594 0.015470048 0.186523825 60.369842529
0.191696584 0.077764951 0.978368521 59.396606445 -0.000793426 0.996868014 -0.079079896 -3.792579174 -0.981453955 0.014383084 0.191157922 60.518768311
0.194885343 0.071739674 0.978198946 60.180786133 -0.002207920 0.997351050 -0.072704375 -3.852513790 -0.980823517 0.012009234 0.194527507 60.689285278
0.198287353 0.068386674 0.977755368 60.934158325 -0.005709989 0.997626603 -0.068618543 -3.906394958 -0.980127275 0.008023217 0.198207229 60.849956512
0.201212615 0.068605155 0.977142215 61.675819397 -0.007755091 0.997624636 -0.068446308 -3.959421396 -0.979516923 0.006194434 0.201266706 61.012756348
0.203288555 0.070792958 0.976556301 62.407939911 -0.009826297 0.997479975 -0.070264250 -4.011199951 -0.979069531 0.004687984 0.203471914 61.174861908
0.204717457 0.075131804 0.975933313 63.131599426 -0.013488881 0.997171581 -0.073937304 -4.061683655 -0.978728175 0.001972010 0.205151901 61.335723877
0.206462637 0.078671984 0.975286543 63.846126556 -0.014864203 0.996899486 -0.077268735 -4.127670765 -0.978341579 0.001456249 0.206991881 61.501770020
0.208678603 0.084638447 0.974314928 64.563186646 -0.014886620 0.996407509 -0.083369225 -4.173596382 -0.977870941 0.002893117 0.209188893 61.664070129
0.210220754 0.086483680 0.973821282 65.254898071 -0.014033496 0.996243954 -0.085445598 -4.229745865 -0.977553189 0.004296318 0.210644856 61.816711426
0.211357847 0.086671829 0.973558426 65.933120728 -0.016819077 0.996235549 -0.085039310 -4.281719208 -0.977263927 0.001599372 0.212019965 61.970333099
0.212616548 0.083578750 0.973554730 66.617362976 -0.015968580 0.996499360 -0.082061119 -4.337505817 -0.977005124 0.001901267 0.213206872 62.109016418
0.213609353 0.080941163 0.973560274 67.286964417 -0.015748529 0.996717572 -0.079411045 -4.395075798 -0.976792097 0.001630801 0.214182913 62.258277893
0.212857291 0.079518199 0.973842144 67.954666138 -0.015059180 0.996831477 -0.078103818 -4.453360558 -0.976967216 0.001959705 0.213380337 62.419006348
0.211778462 0.079385661 0.974088132 68.606170654 -0.015395568 0.996842861 -0.077892914 -4.497858524 -0.977196395 0.001499403 0.212332025 62.557945251
0.210023507 0.079658173 0.974445879 69.235855103 -0.016101174 0.996822000 -0.078017041 -4.551902771 -0.977563739 0.000695694 0.210638642 62.695320129
0.207886934 0.082648717 0.974654973 69.863861084 -0.017325329 0.996578634 -0.080812439 -4.607023239 -0.977999330 -0.000086368 0.208607614 62.831008911
0.205693230 0.086121954 0.974819601 70.478446960 -0.014972833 0.996280491 -0.084858581 -4.660072803 -0.978501856 0.002859026 0.206217617 62.964775085
0.203971490 0.086851515 0.975116611 71.098175049 -0.012660689 0.996207654 -0.086081743 -4.709779263 -0.978894949 0.005212570 0.204297557 63.085632324
0.201937675 0.085684113 0.975642979 71.703964233 -0.013073134 0.996312797 -0.084793530 -4.754254341 -0.979311168 0.004368294 0.202313244 63.211967468
0.199805617 0.082855210 0.976326168 72.299957275 -0.013698421 0.996557176 -0.081768721 -4.804657936 -0.979739726 0.002963722 0.200252742 63.332035065
0.197842568 0.078606993 0.977076888 72.885643005 -0.013268743 0.996902883 -0.077515304 -4.860271454 -0.980143964 0.002371243 0.198272854 63.451541901
0.195463195 0.077867024 0.977614820 73.466369629 -0.009899016 0.996948838 -0.077427782 -4.908832550 -0.980661035 0.005456856 0.195637614 63.567932129
0.193998128 0.079461254 0.977778316 74.034851074 -0.006049227 0.996792018 -0.079806224 -4.950884819 -0.980983257 0.009567455 0.193856493 63.676353455
0.191105112 0.081420556 0.978186846 74.592742920 -0.002002718 0.996583998 -0.082560599 -4.991916656 -0.981567502 0.013818718 0.190615356 63.784759521
0.189752609 0.083126485 0.978306651 75.147308350 -0.002644880 0.996449172 -0.084155038 -5.035826683 -0.981828392 0.013381138 0.189298719 63.886817932
0.188251555 0.085920587 0.978355169 75.722702026 -0.002982541 0.996211171 -0.086914837 -5.082376480 -0.982116401 0.013443870 0.187794596 64.008010864
0.186789528 0.084173597 0.978787184 76.261741638 -0.001176083 0.996340990 -0.085458733 -5.128046036 -0.982399166 0.014811666 0.186205059 64.114959717
0.187644556 0.082675166 0.978751361 76.827194214 0.005036228 0.996357322 -0.085127868 -5.168162346 -0.982223988 0.020902999 0.186544627 64.211654663
0.190290570 0.081227243 0.978361666 77.396347046 0.009782121 0.996364892 -0.084624544 -5.205995560 -0.981679082 0.025673708 0.188804254 64.307800293
0.191740379 0.080207817 0.978162706 77.969657898 0.012871073 0.996363759 -0.084223263 -5.255587578 -0.981361330 0.028739005 0.190010786 64.431510925
0.194908574 0.080177948 0.977538824 78.532958984 0.010540776 0.996424437 -0.083828636 -5.296595573 -0.980764687 0.026642939 0.193366542 64.550033569
0.199603602 0.080711633 0.976547003 79.107116699 0.008617714 0.996418715 -0.084115468 -5.351614475 -0.979838729 0.025205355 0.198193207 64.688461304
0.206792057 0.079298057 0.975166082 79.672332764 0.009849020 0.996490836 -0.083120696 -5.396424294 -0.978335261 0.026793124 0.205285370 64.796867371
0.214227125 0.079688065 0.973527849 80.256492615 0.008015132 0.996489584 -0.083331332 -5.436236858 -0.976750970 0.025654783 0.212836385 64.938049316
0.222209066 0.077229798 0.971935511 80.843444824 0.008744939 0.996659935 -0.081193700 -5.483310699 -0.974959731 0.026541494 0.220791534 65.084228516
0.231163502 0.077099539 0.969855189 81.434829712 0.005038693 0.996746898 -0.080438286 -5.530160427 -0.972901881 0.023481200 0.230022997 65.233459473
0.240511402 0.076806672 0.967602789 82.026588440 0.003768883 0.996782959 -0.080059767 -5.578248024 -0.970638990 0.022902068 0.239448190 65.395286560
0.250133544 0.080486201 0.964860201 82.633316040 -0.001323034 0.996566296 -0.082788050 -5.619792938 -0.968210399 0.019431528 0.249381140 65.562957764
0.259544015 0.082474783 0.962203145 83.245033264 -0.004796197 0.996444464 -0.084116049 -5.670612335 -0.965719402 0.017216899 0.259016752 65.744277954
0.270784497 0.086137041 0.958778501 83.880722046 -0.009433940 0.996178269 -0.086832657 -5.708020210 -0.962593794 0.014467879 0.270562232 65.932220459
0.280813366 0.087929115 0.955726027 84.502105713 -0.010814089 0.996021152 -0.088458933 -5.758506775 -0.959701478 0.014505146 0.280646920 66.126907349
0.290776551 0.088785201 0.952662647 85.136436462 -0.014045850 0.995974004 -0.088534556 -5.807314396 -0.956687868 0.012362817 0.290852964 66.329040527
0.300930113 0.088998131 0.949484289 85.776214600 -0.014295473 0.995944858 -0.088822223 -5.856876850 -0.953539014 0.013155955 0.300982088 66.547996521
0.311274171 0.089671642 0.946080029 86.430572510 -0.017888656 0.995914698 -0.088509463 -5.904784203 -0.950151742 0.010626612 0.311606646 66.771026611
0.321671486 0.084737644 0.943051875 87.099571228 -0.018164242 0.996356308 -0.083331548 -5.967259884 -0.946677089 0.009675554 0.322038651 67.012008667
0.332469195 0.077967778 0.939885795 87.781356812 -0.014582266 0.996882796 -0.077537715 -6.015006065 -0.943001390 0.012073233 0.332569748 67.256912231
0.343398601 0.073183797 0.936334133 88.463935852 -0.012592637 0.997228682 -0.073324993 -6.066641808 -0.939105392 0.013388786 0.343368530 67.507606506
0.353727400 0.070010923 0.932724655 89.166168213 -0.013719227 0.997475803 -0.069668278 -6.117960930 -0.935247898 0.011847328 0.353795141 67.781944275
0.363116711 0.067462690 0.929298162 89.869789124 -0.007611638 0.997556746 -0.069443747 -6.162744999 -0.931712508 0.018142706 0.362743020 68.053306580
0.371830761 0.061841443 0.926238358 90.587722778 -0.000284251 0.997786045 -0.066504300 -6.200295925 -0.928300500 0.024465060 0.371025115 68.338134766
0.378643304 0.052732445 0.924039245 91.327133179 0.008985718 0.998119116 -0.060642064 -6.244218349 -0.925499022 0.031264875 0.377457321 68.631668091
0.385850787 0.047873233 0.921318233 92.057876587 0.014668242 0.998208165 -0.058011662 -6.290562630 -0.922444522 0.035897970 0.384457171 68.930503845
0.393005669 0.048150357 0.918274522 92.784500122 0.016149215 0.998112679 -0.059248306 -6.336287975 -0.919394135 0.038114335 0.391486317 69.235649109
0.400813401 0.054057602 0.914563477 93.539901733 0.018688172 0.997567594 -0.067153998 -6.385710716 -0.915969014 0.044007741 0.398828298 69.562942505
0.407947958 0.058426648 0.911133766 94.261993408 0.022544490 0.997001350 -0.074026912 -6.428209305 -0.912726820 0.050740171 0.405407459 69.884155273
0.413110435 0.060163256 0.908691466 94.976119995 0.020923261 0.996924877 -0.075517245 -6.481854439 -0.910440624 0.050209749 0.410581350 70.210945129
0.417319953 0.061718017 0.906661391 95.695915222 0.013615997 0.997154474 -0.074145243 -6.542206764 -0.908657610 0.043287385 0.415292174 70.561164856
0.421590626 0.065486051 0.904418528 96.425689697 0.006946315 0.997126400 -0.075436719 -6.602184772 -0.906759679 0.038085781 0.419924259 70.910003662
0.425881326 0.068599768 0.902174652 97.125724792 0.006170460 0.996878207 -0.078713685 -6.658198833 -0.904757977 0.039089516 0.424128503 71.240768433
0.429678440 0.072246209 0.900087118 97.811691284 0.003500476 0.996653438 -0.081668198 -6.720150471 -0.902975261 0.038241800 0.427987516 71.578041077
0.433096826 0.075062625 0.898216486 98.484092712 -0.000083207 0.996529639 -0.083238401 -6.783803940 -0.901347399 0.035975546 0.431600034 71.909751892
0.437091082 0.074230120 0.896348834 99.186782837 -0.000827856 0.996621192 -0.082130358 -6.831119537 -0.899416864 0.035156406 0.435675621 72.260757446
0.441276371 0.071096763 0.894550383 99.853385925 0.000095629 0.996852815 -0.079274699 -6.889874935 -0.897371173 0.035067588 0.439880759 72.588478088
0.444943041 0.068022944 0.892971694 100.510116577 0.000168425 0.997104764 -0.076039292 -6.948532104 -0.895558774 0.033983555 0.443643391 72.914176941
0.448680639 0.066464975 0.891217232 101.154457092 -0.000383273 0.997244835 -0.074179322 -7.007873535 -0.893692136 0.032941245 0.447469831 73.240333557
0.451950401 0.068561465 0.889404356 101.782600403 -0.002892735 0.997149348 -0.075397260 -7.059863091 -0.892038405 0.031503014 0.450860322 73.562095642
0.454788715 0.068787672 0.887938857 102.401489258 -0.001478123 0.997069716 -0.076484829 -7.109818935 -0.890598059 0.033471957 0.453557700 73.877555847
0.456672192 0.067376137 0.887080014 103.035377502 -0.000184792 0.997135103 -0.075639986 -7.169623375 -0.889635026 0.034378760 0.455376297 74.217681885
0.458428681 0.066310644 0.886253893 103.640350342 0.002213455 0.997124255 -0.075751059 -7.213716507 -0.888728380 0.036688145 0.456963599 74.526840210
0.460076004 0.066096805 0.885415912 104.237197876 0.000746839 0.997196138 -0.074829333 -7.268789291 -0.887879193 0.035088446 0.458736628 74.846618652
0.462294430 0.065236866 0.884323418 104.827949524 0.002261490 0.997200012 -0.074746035 -7.318084717 -0.886723638 0.036554568 0.460852504 75.149528503
0.464867264 0.067310423 0.882818103 105.404373169 0.001463588 0.997046173 -0.076790430 -7.367097855 -0.885379136 0.036989443 0.463395655 75.457214355
0.468127936 0.066675819 0.881141603 105.972991943 0.004557705 0.996953905 -0.077860691 -7.420263767 -0.883648932 0.040464755 0.466398060 75.744911194
0.470990270 0.065812290 0.879679978 106.524276733 0.005850264 0.996958196 -0.077718623 -7.474499702 -0.882119000 0.041751079 0.469172597 76.041351318
0.473987162 0.064676933 0.878153145 107.089653015 0.008538106 0.996914268 -0.078032292 -7.522158623 -0.880490363 0.044484060 0.471972376 76.346939087
0.477505833 0.063616790 0.876322448 107.630187988 0.009999440 0.996917307 -0.077820055 -7.568101883 -0.878571630 0.045922253 0.475397706 76.636962891
0.480655074 0.063154697 0.874632597 108.157974243 0.011268640 0.996875942 -0.078174226 -7.612013817 -0.876837254 0.047430761 0.478441864 76.928009033
0.483781397 0.062371396 0.872963667 108.680107117 0.011929501 0.996894658 -0.077837139 -7.657594204 -0.875107527 0.048070170 0.481535077 77.229843140
0.487325698 0.061781108 0.871032059 109.187850952 0.013242908 0.996856391 -0.078114815 -7.704272270 -0.873119891 0.049602345 0.484975487 77.501243591
0.491480023 0.063272081 0.868587375 109.714744568 0.013053636 0.996710062 -0.079991415 -7.746997833 -0.870791018 0.050652392 0.489037097 77.802978516
0.495970368 0.063399345 0.866021872 110.227745056 0.015234382 0.996542275 -0.081679150 -7.789395332 -0.868205726 0.053703751 0.493289560 78.091316223
0.500716090 0.066629030 0.863043427 110.728164673 0.012698574 0.996360421 -0.084288798 -7.841628075 -0.865518391 0.053164188 0.498047620 78.387847900
0.506153941 0.072128117 0.859421611 111.219436646 0.010032434 0.995936751 -0.089493886 -7.887790680 -0.862384856 0.053919781 0.503373742 78.683181763
0.512144685 0.079502001 0.855211794 111.715278625 0.004203398 0.995462894 -0.095057189 -7.936201572 -0.858888924 0.052277833 0.509486854 78.993316650
0.517749429 0.085577734 0.851241529 112.205642700 -0.001413282 0.995068729 -0.099177524 -8.000597954 -0.855531156 0.050146062 0.515317261 79.315452576
0.524458945 0.090356871 0.846627653 112.700492859 -0.005168339 0.994672477 -0.102955431 -8.047386169 -0.851420045 0.049620233 0.522131801 79.626998901
0.529994786 0.090594575 0.843147755 113.193862915 -0.009224780 0.994834065 -0.101094373 -8.097640991 -0.847950697 0.045801632 0.528092623 79.947853088
0.535075188 0.089855611 0.840012312 113.703338623 -0.015966358 0.995225430 -0.096288361 -8.150531769 -0.844653547 0.038109578 0.533955157 80.297454834
0.541071832 0.087290868 0.836433828 114.210670471 -0.021959493 0.995725870 -0.089709550 -8.202180862 -0.840689600 0.030171657 0.540675998 80.640281677
0.546823144 0.085781470 0.832842052 114.721168518 -0.028353613 0.996064305 -0.083976835 -8.253188133 -0.836767912 0.022306405 0.547103226 80.992736816
0.553171158 0.083540112 0.828868330 115.239128113 -0.030528577 0.996323824 -0.080043420 -8.301488876 -0.832508028 0.018973552 0.553687930 81.344093323
0.559293211 0.087642923 0.824323833 115.772743225 -0.036334578 0.996031642 -0.081246495 -8.352878571 -0.828173220 0.015489162 0.560258150 81.726600647
0.565432608 0.091509514 0.819702387 116.299736023 -0.040256999 0.995703638 -0.083388478 -8.400305748 -0.823811471 0.014151804 0.566687167 82.106094360
0.571522713 0.094814569 0.815090060 116.836624146 -0.043185871 0.995401084 -0.085508108 -8.447704315 -0.819449067 0.013669453 0.572988987 82.503799438
0.578181446 0.097120047 0.810107350 117.378601074 -0.045454703 0.995182455 -0.086866379 -8.493907928 -0.814641058 0.013401342 0.579810619 82.894462585
