1.000000000 0.000000000 0.000000000 0.000000000 0.000000000 1.000000000 0.000000000 0.000000238 0.000000000 0.000000000 0.999999940 0.000000009
0.999991179 -0.002556944 -0.003335786 -0.000122079 0.002550397 0.999994814 -0.001965318 -0.005548538 0.003340794 0.001956793 0.999992430 0.696276844
0.999972641 -0.001544700 -0.007231465 -0.009489654 0.001518881 0.999992430 -0.003574439 -0.007850028 0.007236931 0.003563357 0.999967396 1.399203062
0.999935925 -0.001470291 -0.011237457 -0.024093488 0.001413688 0.999986291 -0.005043329 -0.011596797 0.011244718 0.005027121 0.999924123 2.127966881
0.999868453 -0.000364231 -0.016214028 -0.039030027 0.000275946 0.999985099 -0.005446861 -0.018283203 0.016215771 0.005441670 0.999853671 2.870859623
0.999787271 -0.001603585 -0.020558652 -0.054479782 0.001485734 0.999982357 -0.005746400 -0.024757961 0.020567503 0.005714634 0.999772191 3.633674383
0.999688864 0.000561222 -0.024934296 -0.082543798 -0.000729452 0.999976933 -0.006738336 -0.038151044 0.024929937 0.006754428 0.999666333 4.400234699
0.999552906 0.003305011 -0.029714840 -0.115114532 -0.003538695 0.999963164 -0.007815083 -0.036425892 0.029687911 0.007916741 0.999527812 5.188424110
0.999418199 0.003584578 -0.033914719 -0.145366073 -0.003774833 0.999977410 -0.005547445 -0.056758896 0.033894066 0.005672241 0.999409258 5.996347904
0.999257505 0.002461758 -0.038448699 -0.176389992 -0.002579251 0.999992132 -0.003006529 -0.060287517 0.038440999 0.003103467 0.999255955 6.820807934
0.999136686 0.002491236 -0.041468080 -0.220801890 -0.002505859 0.999996841 -0.000300674 -0.070467353 0.041467201 0.000404328 0.999139726 7.650465012
0.999029338 0.003940650 -0.043872219 -0.263263643 -0.003989830 0.999991536 -0.001033480 -0.075609729 0.043867778 0.001207519 0.999036551 8.491265297
0.998934150 0.003517037 -0.046021745 -0.303054988 -0.003577936 0.999992847 -0.001240974 -0.082871750 0.046017051 0.001404314 0.998939574 9.331954956
0.998835981 0.000461735 -0.048233125 -0.348372519 -0.000537491 0.999998629 -0.001557656 -0.093661152 0.048232339 0.001581768 0.998834848 10.210396767
0.998749256 0.000583022 -0.049996927 -0.393139780 -0.000627573 0.999999404 -0.000875378 -0.099265069 0.049996387 0.000905660 0.998748958 11.062944412
0.998687744 -0.001101350 -0.051202111 -0.440651059 0.001040649 0.999998689 -0.001212144 -0.106763758 0.051203381 0.001157270 0.998687565 11.927999496
0.998586416 0.000928588 -0.053144358 -0.497871459 -0.001101898 0.999994278 -0.003231914 -0.120948747 0.053141046 0.003285906 0.998581529 12.832266808
0.998524010 0.001536419 -0.054290082 -0.550653219 -0.001877251 0.999978840 -0.006227538 -0.124703288 0.054279357 0.006320261 0.998505771 13.718643188
0.998445868 0.005309744 -0.055477224 -0.615723729 -0.005753490 0.999952674 -0.007842062 -0.136811018 0.055432957 0.008149061 0.998429120 14.604292870
0.998348713 0.006028355 -0.057126846 -0.669689596 -0.006435816 0.999955118 -0.006951267 -0.159139916 0.057082381 0.007307448 0.998342633 15.535041809
0.998301506 0.005498237 -0.057997610 -0.729362965 -0.005810597 0.999969423 -0.005218490 -0.176617190 0.057967141 0.005546628 0.998302996 16.443742752
0.998237014 0.006018118 -0.059046503 -0.788735032 -0.006258742 0.999972820 -0.003891085 -0.185729980 0.059021484 0.004253783 0.998247623 17.374221802
0.998132169 0.005673727 -0.060827021 -0.849179029 -0.005924123 0.999974668 -0.003936992 -0.196559161 0.060803138 0.004289985 0.998140633 18.315986633
0.998035610 0.005351953 -0.062419750 -0.904424071 -0.005649881 0.999973416 -0.004597455 -0.208925307 0.062393483 0.004941087 0.998039424 19.249015808
0.998023570 0.004067812 -0.062709592 -0.975504398 -0.004412526 0.999975920 -0.005359489 -0.222924829 0.062686287 0.005625604 0.998017371 20.195247650
0.997961700 0.004265209 -0.063672118 -1.037500024 -0.004503366 0.999983311 -0.003597317 -0.234637722 0.063655719 0.003876724 0.997964263 21.127998352
0.997961342 0.005710307 -0.063564003 -1.101461530 -0.005740939 0.999983430 -0.000299286 -0.244865835 0.063561238 0.000663593 0.997977674 22.080844879
0.998025775 0.006614693 -0.062454231 -1.164957762 -0.006395211 0.999972641 0.003713532 -0.256960183 0.062477075 -0.003306792 0.998040855 23.033714294
0.998107076 0.004970646 -0.061299365 -1.225031257 -0.004569588 0.999967158 0.006681090 -0.265455574 0.061330564 -0.006388329 0.998097003 23.993156433
0.998180330 0.005203981 -0.060073264 -1.277755380 -0.004776492 0.999962211 0.007257552 -0.267912686 0.060108762 -0.006957406 0.998167574 24.963760376
0.998268068 0.005474208 -0.058574710 -1.336323261 -0.005203152 0.999975026 0.004779055 -0.278405815 0.058599409 -0.004466004 0.998271585 25.928079605
0.998339951 0.005918275 -0.057294048 -1.402598262 -0.005929945 0.999982357 -0.000033646 -0.284253389 0.057292849 0.000373341 0.998357296 26.904613495
0.998419881 0.005077066 -0.055966459 -1.462661266 -0.005261423 0.999981165 -0.003147190 -0.287089646 0.055949431 0.003436679 0.998427629 27.885995865
0.998488009 0.002732955 -0.054902803 -1.521478295 -0.002855301 0.999993622 -0.002150073 -0.296856910 0.054896578 0.002303586 0.998489380 28.878601074
0.998454511 0.000918432 -0.055567358 -1.568749905 -0.000756261 0.999995351 0.002939416 -0.311164796 0.055569798 -0.002892850 0.998450577 29.873687744
0.998390555 -0.002710191 -0.056647092 -1.616977692 0.003085385 0.999973834 0.006536951 -0.319099367 0.056627896 -0.006701208 0.998372793 30.871461868
0.998301089 -0.010182041 -0.057370096 -1.667198420 0.010548695 0.999925733 0.006091825 -0.331205070 0.057303812 -0.006686654 0.998334348 31.865938187
0.998193324 -0.012601416 -0.058747496 -1.726531029 0.012758106 0.999916017 0.002292907 -0.337888181 0.058713667 -0.003038271 0.998270214 32.869838715
0.998116136 -0.012251460 -0.060117025 -1.788877010 0.012159853 0.999924242 -0.001889397 -0.339180410 0.060135614 0.001154824 0.998189509 33.872638702
0.998007059 -0.011168513 -0.062106125 -1.857738376 0.011048250 0.999936402 -0.002279476 -0.355307221 0.062127635 0.001588770 0.998066902 34.894069672
0.997974932 -0.011154143 -0.062622830 -1.923702478 0.011115291 0.999937713 -0.000968774 -0.364529938 0.062629744 0.000270742 0.998036683 35.909252167
0.997915030 -0.007960424 -0.064048424 -1.992374659 0.008101786 0.999965250 0.001947665 -0.379014581 0.064030692 -0.002462510 0.997944772 36.933597565
0.997842550 -0.007384898 -0.065235242 -2.062412500 0.007610289 0.999965906 0.003207237 -0.387835145 0.065209322 -0.003696777 0.997864723 37.962951660
0.997802317 -0.006497093 -0.065941900 -2.142963886 0.006913523 0.999957502 0.006088884 -0.399450600 0.065899543 -0.006531392 0.997804880 38.998626709
0.997803569 -0.006891793 -0.065882534 -2.213974714 0.007507402 0.999930322 0.009101045 -0.402000487 0.065815233 -0.009575662 0.997785866 40.032745361
0.997810721 -0.000816539 -0.066130944 -2.295004606 0.001574531 0.999933600 0.011410684 -0.408657998 0.066117242 -0.011489825 0.997745693 41.061004639
0.997808158 -0.000824323 -0.066167474 -2.367738962 0.001539753 0.999940872 0.010762149 -0.409990758 0.066154681 -0.010840441 0.997750521 42.066818237
0.997786522 -0.001158333 -0.066486984 -2.426408768 0.001776555 0.999955714 0.009240012 -0.415029109 0.066473320 -0.009337677 0.997744501 43.097656250
0.997791708 0.001305453 -0.066405818 -2.498453856 -0.000849273 0.999975860 0.006897347 -0.419860601 0.066413239 -0.006825718 0.997768700 44.123023987
0.997736573 0.000804908 -0.067237005 -2.570694447 -0.000323686 0.999974310 0.007167690 -0.428047359 0.067241043 -0.007129703 0.997711182 45.138710022
0.997647822 -0.000882573 -0.068541482 -2.639325857 0.001430621 0.999967396 0.007947188 -0.424764127 0.068532236 -0.008026551 0.997616529 46.143318176
0.997574627 -0.000315549 -0.069602780 -2.707859755 0.000957992 0.999957263 0.009196959 -0.437023014 0.069596902 -0.009241330 0.997532368 47.171131134
0.997568607 0.001726313 -0.069669098 -2.782726765 -0.001329957 0.999982715 0.005735112 -0.444498181 0.069677800 -0.005628512 0.997553647 48.177867889
0.997490525 0.001956019 -0.070772357 -2.857619286 -0.001851928 0.999997139 0.001536367 -0.448597252 0.070775166 -0.001401447 0.997491241 49.168594360
0.997465491 0.002876900 -0.071092471 -2.929762840 -0.002852804 0.999995887 0.000440466 -0.460214883 0.071093462 -0.000236538 0.997469604 50.157093048
0.997470737 0.001573140 -0.071061701 -3.014728546 -0.001283997 0.999990761 0.004114401 -0.474423707 0.071067519 -0.004012750 0.997463346 51.192451477
0.997454047 -0.000312049 -0.071312211 -3.081512213 0.000838590 0.999972641 0.007353772 -0.482518554 0.071307965 -0.007394850 0.997426867 52.182655334
0.997416675 -0.002150862 -0.071802571 -3.147134304 0.002729380 0.999964595 0.007959917 -0.488060206 0.071782917 -0.008135329 0.997387052 53.174072266
0.997407198 -0.005629541 -0.071744047 -3.218292236 0.006124559 0.999958873 0.006681676 -0.496890485 0.071703479 -0.007103752 0.997400761 54.168933868
0.997364461 -0.008401957 -0.072067410 -3.288931847 0.008820184 0.999945998 0.005487000 -0.504565537 0.072017431 -0.006108185 0.997384667 55.138370514
0.997270107 -0.009816499 -0.073184967 -3.357882738 0.010320642 0.999925554 0.006513609 -0.510762095 0.073115572 -0.007251143 0.997297049 56.126159668
0.997128665 -0.013201104 -0.074566752 -3.421078205 0.014048290 0.999842465 0.010848402 -0.517992914 0.074411772 -0.011864787 0.997156978 57.104660034
0.997099996 -0.013907542 -0.074821301 -3.495681047 0.015124663 0.999761999 0.015725069 -0.518106282 0.074584782 -0.016811114 0.997072875 58.083148956
0.997067273 -0.011911876 -0.075597465 -3.570501566 0.013312877 0.999748349 0.018055623 -0.520194054 0.075363345 -0.019009087 0.996974885 59.051342010
0.996952832 -0.011299270 -0.077183403 -3.644600153 0.012445285 0.999819160 0.014383119 -0.523549020 0.077006906 -0.015299862 0.996913075 60.013298035
0.996922553 -0.009243135 -0.077845789 -3.729769230 0.009770048 0.999931872 0.006390526 -0.523280203 0.077781402 -0.007131416 0.996944904 60.960571289
0.996826410 -0.008129207 -0.079189822 -3.801251888 0.008271656 0.999964714 0.001470941 -0.526734054 0.079175055 -0.002121304 0.996858418 61.895164490
0.996750057 -0.003698026 -0.080470547 -3.877604008 0.003919888 0.999988914 0.002599263 -0.542871952 0.080460019 -0.002906251 0.996753454 62.832244873
0.996688604 -0.000912128 -0.081306957 -3.957087278 0.001325216 0.999986470 0.005026781 -0.555571675 0.081301242 -0.005117884 0.996676385 63.746604919
0.996591091 0.001279949 -0.082488939 -4.033172607 -0.000736532 0.999977767 0.006617851 -0.566645801 0.082495563 -0.006534537 0.996569932 64.640342712
0.996523440 0.002270364 -0.083281696 -4.123666286 -0.001754450 0.999978781 0.006267471 -0.572226405 0.083294146 -0.006099569 0.996506274 65.545463562
0.996396959 0.004166872 -0.084708728 -4.203021049 -0.003593828 0.999969661 0.006916250 -0.577120662 0.084734961 -0.006586903 0.996381760 66.412178040
0.996286809 0.004999687 -0.085950702 -4.282444000 -0.004334080 0.999959171 0.007928913 -0.593783140 0.085986830 -0.007526956 0.996267736 67.266014099
0.996129572 0.004999293 -0.087754592 -4.359259605 -0.004283004 0.999955952 0.008348825 -0.603191257 0.087792464 -0.007940658 0.996107161 68.141532898
0.996004820 0.004568004 -0.089182422 -4.431293011 -0.003769584 0.999951363 0.009119037 -0.604161859 0.089219734 -0.008746424 0.995973587 68.977020264
0.995882154 0.007642705 -0.090334505 -4.516195297 -0.006583190 0.999906123 0.012020936 -0.612087190 0.090417899 -0.011376745 0.995838881 69.806243896
0.995760977 0.008616657 -0.091574937 -4.594345570 -0.007162061 0.999843121 0.016201001 -0.616386890 0.091700166 -0.015476456 0.995666444 70.612174988
0.995586276 0.012297906 -0.093041055 -4.674257278 -0.010680058 0.999783337 0.017866539 -0.616412282 0.093240611 -0.016793998 0.995501935 71.388381958
0.995426357 0.015159397 -0.094320476 -4.760943413 -0.013934944 0.999809980 0.013626981 -0.619402051 0.094509140 -0.012250307 0.995448589 72.182205200
0.995315969 0.015050640 -0.095495425 -4.836027145 -0.014505486 0.999874234 0.006400370 -0.625618815 0.095579751 -0.004985185 0.995409250 72.922729492
0.995152891 0.014038957 -0.097333148 -4.904777527 -0.014050482 0.999901116 0.000567058 -0.630781531 0.097331464 0.000803268 0.995251715 73.661216736
0.995113909 0.014921797 -0.097599491 -4.985166550 -0.015047009 0.999886632 -0.000546941 -0.638190627 0.097580269 0.002012849 0.995225608 74.377822876
0.994964361 0.017754471 -0.098643824 -5.054800034 -0.017528668 0.999841452 0.003155317 -0.648885369 0.098684199 -0.001410333 0.995117843 75.064170837
0.994849384 0.017899808 -0.099770740 -5.128932953 -0.017452734 0.999833286 0.005352099 -0.661835790 0.099849910 -0.003583259 0.994996011 75.745628357
0.994803011 0.014459541 -0.100785963 -5.194126129 -0.014327084 0.999895275 0.002037961 -0.671737313 0.100804880 -0.000583399 0.994906068 76.399536133
0.994881988 0.006693667 -0.100821100 -5.245058060 -0.007036034 0.999970555 -0.003040590 -0.683312535 0.100797787 0.003734413 0.994899869 77.024688721
0.994998515 0.002604326 -0.099855646 -5.299180508 -0.003390610 0.999964595 -0.007705315 -0.699434400 0.099832021 0.008005349 0.994972110 77.637252808
0.995316446 0.004886182 -0.096546911 -5.364406586 -0.005686289 0.999951780 -0.008013846 -0.706813276 0.096503101 0.008525306 0.995296121 78.242790222
0.995706856 0.009781994 -0.092045113 -5.434164047 -0.010292948 0.999934196 -0.005078032 -0.716184855 0.091989383 0.006003647 0.995741904 78.831130981
0.996117830 0.008366450 -0.087632515 -5.475806236 -0.008566963 0.999961436 -0.001912250 -0.730472326 0.087613143 0.002655570 0.996151030 79.392349243
0.996611536 0.004841217 -0.082109943 -5.507786751 -0.004657747 0.999986231 0.002425856 -0.743456185 0.082120553 -0.002035188 0.996620357 79.950355530
0.997252822 0.000423317 -0.074072570 -5.535704613 0.000021529 0.999981940 0.006004649 -0.752882600 0.074073777 -0.005989749 0.997234702 80.498107910
0.997995019 0.003975485 -0.063168161 -5.567219734 -0.003617944 0.999976814 0.005773525 -0.761875272 0.063189648 -0.005533409 0.997986138 81.025756836
0.998793304 0.009112270 -0.048261076 -5.590748310 -0.008868120 0.999946833 0.005270648 -0.766308308 0.048306540 -0.004836302 0.998820782 81.536148071
0.999459088 0.014252141 -0.029640559 -5.610446930 -0.014079756 0.999882877 0.006016419 -0.773042142 0.029722847 -0.005595831 0.999542415 82.041847229
0.999890447 0.012755013 -0.007505227 -5.601114273 -0.012706116 0.999897957 0.006527085 -0.775798500 0.007587720 -0.006431007 0.999950409 82.536842346
0.999786198 0.009057781 0.018594354 -5.565238953 -0.009197144 0.999930143 0.007423093 -0.780689061 -0.018525817 -0.007592519 0.999799430 83.013153076
0.998824000 0.007808971 0.047848824 -5.522314548 -0.008261039 0.999922931 0.009257374 -0.791519642 -0.047772847 -0.009641770 0.998811662 83.470184326
0.996665299 0.007640623 0.081239596 -5.466627121 -0.008560277 0.999903023 0.010977998 -0.798323870 -0.081147835 -0.011636823 0.996634126 83.933860779
0.992878556 0.007250805 0.118909225 -5.388075829 -0.008669471 0.999897182 0.011417734 -0.801209271 -0.118814200 -0.012367305 0.992839515 84.384208679
0.987062454 0.007706127 0.160151288 -5.284887314 -0.009592751 0.999893367 0.011010453 -0.798355401 -0.160049349 -0.012404296 0.987031043 84.823554993
0.978788495 0.007297800 0.204743207 -5.171476364 -0.009842233 0.999886453 0.011411818 -0.806508005 -0.204636678 -0.013184885 0.978749037 85.224334717
0.967228532 0.009638517 0.253724277 -5.031532288 -0.012319623 0.999883771 0.008980200 -0.807219207 -0.253608197 -0.011811690 0.967234790 85.641670227
0.951683700 0.010651358 0.306895107 -4.873390198 -0.013291898 0.999890387 0.006515225 -0.817449808 -0.306792051 -0.010279651 0.951720953 86.033905029
0.931981504 0.010736220 0.362346768 -4.695701599 -0.013195135 0.999903619 0.004311990 -0.822971344 -0.362265557 -0.008799907 0.932033241 86.396583557
0.907582283 0.012141577 0.419698715 -4.498554230 -0.014227787 0.999897122 0.001840750 -0.819549620 -0.419633150 -0.007642015 0.907661498 86.749137878
0.878368318 0.012268928 0.477826834 -4.279407501 -0.014065193 0.999901056 0.000181459 -0.829471588 -0.477777302 -0.006880114 0.878453910 87.083923340
0.845425785 0.010447836 0.533990741 -4.026527405 -0.010391675 0.999941170 -0.003112098 -0.823033869 -0.533991814 -0.002918010 0.845484555 87.381301880
0.808055878 0.010103836 0.589019239 -3.767406464 -0.009781547 0.999945223 -0.003733739 -0.837343156 -0.589024663 -0.002744450 0.808110297 87.679550171
0.768437862 0.008629256 0.639866173 -3.479999542 -0.008384089 0.999959052 -0.003416730 -0.840001822 -0.639869392 -0.002739151 0.768478692 87.950218201
0.725571156 0.008372569 0.688096285 -3.186595917 -0.010458651 0.999944627 -0.001138807 -0.848118722 -0.688067675 -0.006370273 0.725618482 88.205833435
0.680650115 0.007333175 0.732572079 -2.873641968 -0.009809619 0.999951422 -0.000895341 -0.851953804 -0.732543111 -0.006576838 0.680688858 88.435287476
0.635077536 0.005821815 0.772426486 -2.541893005 -0.006219065 0.999977708 -0.002423656 -0.858486414 -0.772423446 -0.003264561 0.635099530 88.632453918
0.588509262 0.003700237 0.808482051 -2.197032928 -0.000044233 0.999989688 -0.004544524 -0.854625344 -0.808490515 0.002638733 0.588503242 88.823379517
0.544001877 0.005402385 0.839066625 -1.840599060 -0.001495167 0.999983966 -0.005469080 -0.864374876 -0.839082599 0.001720644 0.544001222 88.975105286
0.497875690 0.007660684 0.867214561 -1.478935242 -0.004666841 0.999970317 -0.006154126 -0.877100587 -0.867235780 -0.000983163 0.497896552 89.127151489
0.452675104 0.009684608 0.891622961 -1.127647400 -0.005453326 0.999952435 -0.008092616 -0.884885073 -0.891658902 -0.001198987 0.452706307 89.264205933
0.410679907 0.007777912 0.911746442 -0.767604828 0.001651382 0.999955714 -0.009274242 -0.884501457 -0.911778152 0.005314385 0.410648853 89.375236511
0.370067507 -0.000071930 0.929004908 -0.396558762 0.016219532 0.999848187 -0.006383606 -0.893601120 -0.928863287 0.017430386 0.370012492 89.482551575
0.334630907 -0.003480083 0.942342877 -0.024888992 0.020522485 0.999782979 -0.003595433 -0.893388987 -0.942125797 0.020542359 0.334629685 89.579147339
0.302219331 0.000447092 0.953238308 0.339267731 0.017285589 0.999832928 -0.005949253 -0.902997732 -0.953081667 0.018275265 0.302161008 89.665390015
0.271408945 0.007943911 0.962431490 0.709444046 0.007107226 0.999922097 -0.010257623 -0.914725423 -0.962437749 0.009624228 0.271331429 89.773056030
0.242895067 0.011984976 0.969978571 1.092885971 0.002518503 0.999912500 -0.012985503 -0.930150628 -0.970049202 0.005597008 0.242843658 89.859802246
0.217754200 0.013667951 0.975907981 1.490182877 0.003717889 0.999883056 -0.014833303 -0.944584966 -0.975996494 0.006858333 0.217677936 89.921264648
0.194046766 0.015133675 0.980875671 1.905471802 0.010904019 0.999785960 -0.017582579 -0.954300523 -0.980931640 0.014107330 0.193840191 89.983299255
0.174290091 0.021393368 0.984461963 2.329399109 0.017666642 0.999535084 -0.024848644 -0.954483986 -0.984535754 0.021723010 0.173831135 90.031089783
0.154733434 0.028393025 0.987548172 2.762639046 0.019560192 0.999302924 -0.031795766 -0.951680124 -0.987762570 0.024236498 0.154070184 90.081954956
0.137026921 0.029081620 0.990140378 3.208569527 0.017216949 0.999347985 -0.031734746 -0.963833928 -0.990417600 0.021395709 0.136436895 90.140579224
0.121639475 0.024429856 0.992273688 3.672888756 0.015680620 0.999525070 -0.026530620 -0.986993313 -0.992450476 0.018786637 0.121198639 90.190994263
0.107202485 0.021294232 0.994009137 4.151114464 0.016123159 0.999602020 -0.023152903 -1.005408525 -0.994106412 0.018508619 0.106816478 90.233100891
0.093877390 0.018805388 0.995406091 4.639576912 0.018755374 0.999610782 -0.020653658 -1.019730568 -0.995407045 0.020608129 0.093488157 90.268798828
0.082282089 0.017977020 0.996446908 5.151730061 0.022095058 0.999558628 -0.019857667 -1.034433603 -0.996364057 0.023650482 0.081848584 90.298103333
0.072360575 0.018750686 0.997202218 5.664483547 0.025166307 0.999470592 -0.020619497 -1.046736479 -0.997060895 0.026587935 0.071850374 90.322357178
0.064509101 0.019280842 0.997730792 6.205955505 0.027441567 0.999400973 -0.021087373 -1.063346624 -0.997539699 0.028739629 0.063941352 90.352355957
0.059020329 0.019398157 0.998068333 6.766625881 0.029479697 0.999341190 -0.021166170 -1.076477051 -0.997821331 0.030671990 0.058409594 90.378562927
0.053579390 0.020637857 0.998350322 7.340751648 0.030293100 0.999292612 -0.022283105 -1.089851737 -0.998103976 0.031437039 0.052916296 90.402099609
0.047486551 0.021284385 0.998645127 7.933952332 0.030522918 0.999275088 -0.022749206 -1.108104587 -0.998405337 0.031561844 0.046802465 90.431617737
0.042905644 0.021128515 0.998855710 8.546340942 0.032702055 0.999210835 -0.022540737 -1.126490116 -0.998543620 0.033631753 0.042180847 90.451766968
0.040187471 0.021317791 0.998964787 9.180202484 0.034421310 0.999149561 -0.022706468 -1.140773773 -0.998599052 0.035298198 0.039419506 90.472396851
0.037003744 0.020657733 0.999101698 9.829483032 0.034743726 0.999155283 -0.021945646 -1.160656452 -0.998710871 0.035524577 0.036254756 90.495864868
0.034605961 0.020204136 0.999196827 10.496262550 0.036833588 0.999090552 -0.021477671 -1.176397204 -0.998722017 0.037547257 0.033830296 90.515457153
0.033858098 0.019865585 0.999229252 11.181743622 0.041881993 0.998895884 -0.021278102 -1.191889763 -0.998548627 0.042570140 0.032988708 90.531440735
0.035397280 0.019315697 0.999186695 11.899866104 0.045556799 0.998742700 -0.020921011 -1.211242557 -0.998334408 0.046260290 0.034472808 90.539749146
0.037764098 0.019497765 0.999096453 12.626463890 0.046770331 0.998679340 -0.021257466 -1.226982236 -0.998191535 0.047530837 0.036802310 90.568283081
0.041565876 0.019673767 0.998942018 13.363131523 0.049254313 0.998550117 -0.021715516 -1.243599057 -0.997920871 0.050104823 0.040536601 90.600036621
0.045961913 0.019022763 0.998762131 14.118853569 0.050090782 0.998516917 -0.021323219 -1.262237549 -0.997686505 0.051008828 0.044940881 90.628768921
0.049998160 0.017085288 0.998603165 14.900328636 0.051333304 0.998488188 -0.019653482 -1.288901687 -0.997429192 0.052244220 0.049045533 90.667617798
0.054099306 0.015583318 0.998413920 15.693021774 0.051143240 0.998522639 -0.018356226 -1.305957317 -0.997224987 0.052055176 0.053222403 90.709815979
0.058078963 0.013578547 0.998219669 16.501977921 0.048084419 0.998708904 -0.016382875 -1.323795319 -0.997153282 0.048950311 0.057351060 90.766227722
0.062089216 0.012074941 0.997997582 17.310808182 0.047413461 0.998762131 -0.015033962 -1.352248669 -0.996943712 0.048251960 0.061439842 90.821578979
0.066142395 0.013349590 0.997720838 18.135753632 0.044584163 0.998872221 -0.016320635 -1.366405368 -0.996813595 0.045562033 0.065472618 90.881912231
0.069408596 0.017214417 0.997439802 18.963554382 0.042659581 0.998885214 -0.020207908 -1.392768383 -0.996675730 0.043952975 0.068596870 90.943389893
0.070605844 0.022394691 0.997252882 19.811416626 0.036411013 0.999023795 -0.025012368 -1.420239210 -0.996839523 0.038077004 0.069721505 91.018432617
0.070440866 0.025822638 0.997181654 20.643583298 0.033554420 0.999037743 -0.028240986 -1.443071723 -0.996951401 0.035449166 0.069506630 91.083137512
0.070808351 0.025104832 0.997173965 21.491777420 0.031407855 0.999131382 -0.027384356 -1.476660013 -0.996995330 0.033258129 0.069958352 91.139907837
0.070398264 0.023209151 0.997248828 22.331405640 0.028547572 0.999272943 -0.025271501 -1.513878345 -0.997110307 0.030248106 0.069684513 91.215408325
0.070500337 0.022139046 0.997265935 23.166526794 0.029760577 0.999262035 -0.024287239 -1.543214679 -0.997067630 0.031391472 0.069789417 91.271705627
0.070681244 0.021152128 0.997274578 24.004623413 0.026859704 0.999372184 -0.023100281 -1.578073621 -0.997137129 0.028419260 0.070068724 91.339591980
0.070554256 0.021878136 0.997267902 24.854167938 0.024993507 0.999406815 -0.023693286 -1.604650974 -0.997194767 0.026596891 0.069965586 91.413002014
0.070730880 0.022132451 0.997249782 25.689538956 0.021972220 0.999476612 -0.023740273 -1.641387224 -0.997253358 0.023590961 0.070207544 91.475593567
0.069604091 0.023436548 0.997299314 26.519008636 0.019068630 0.999510050 -0.024819352 -1.670879483 -0.997392476 0.020744659 0.069123067 91.537925720
0.066955045 0.023629572 0.997476101 27.346609116 0.015940858 0.999566555 -0.024749115 -1.696052313 -0.997628510 0.017557701 0.066549346 91.596122742
0.063019395 0.022663614 0.997754812 28.176166534 0.013542105 0.999630690 -0.023561552 -1.722238541 -0.997920275 0.014996537 0.062689207 91.651962280
0.057864811 0.020121824 0.998121619 29.000791550 0.011878936 0.999712169 -0.020842554 -1.750493765 -0.998253703 0.013062672 0.057609126 91.704620361
0.052231465 0.018070249 0.998471498 29.830568314 0.009536421 0.999781787 -0.018592823 -1.780366182 -0.998589396 0.010492976 0.052047733 91.745269775
0.045028184 0.018346017 0.998817265 30.654987335 0.009180472 0.999781609 -0.018777601 -1.806963205 -0.998943448 0.010015136 0.044849921 91.779335022
0.036284488 0.019090896 0.999159098 31.471372604 0.008704097 0.999773562 -0.019418724 -1.834988117 -0.999303579 0.009401375 0.036110096 91.809440613
0.026388224 0.019592619 0.999459743 32.282905579 0.009096744 0.999761760 -0.019838715 -1.860585928 -0.999610364 0.009615338 0.026203712 91.827896118
0.016130164 0.018618438 0.999696493 33.101844788 0.010323279 0.999770105 -0.018786380 -1.885623932 -0.999816537 0.010623175 0.015934255 91.840354919
0.005006826 0.017240580 0.999838829 33.906833649 0.008642564 0.999813259 -0.017283419 -1.917340994 -0.999950051 0.008727703 0.004856892 91.845062256
-0.005829717 0.016776739 0.999842286 34.707908630 0.010588758 0.999804258 -0.016714357 -1.936685205 -0.999926925 0.010489649 -0.006006221 91.838188171
-0.017162088 0.017169338 0.999705315 35.503032684 0.010523326 0.999800265 -0.016990310 -1.963502884 -0.999797344 0.010228636 -0.017339336 91.823883057
-0.027911352 0.017645625 0.999454558 36.298812866 0.010629211 0.999792993 -0.017354755 -1.986257076 -0.999553800 0.010139018 -0.028093128 91.802177429
-0.038621671 0.018876811 0.999075592 37.086704254 0.010189390 0.999777079 -0.018496167 -2.010343552 -0.999201894 0.009465615 -0.038805403 91.770874023
-0.048917975 0.020043327 0.998601615 37.879646301 0.011289117 0.999745786 -0.019513281 -2.035898685 -0.998738945 0.010318779 -0.049131807 91.732879639
-0.058145814 0.020676300 0.998093963 38.647789001 0.012419940 0.999723017 -0.019986505 -2.061137915 -0.998230815 0.011234132 -0.058386512 91.677253723
-0.068059236 0.021048019 0.997459233 39.431522369 0.012672490 0.999714971 -0.020230943 -2.087030411 -0.997600675 0.011263388 -0.068306588 91.627517700
-0.077151783 0.021679403 0.996783614 40.184757233 0.013448882 0.999695182 -0.020701777 -2.108114958 -0.996928573 0.011808446 -0.077419825 91.563354492
-0.085870236 0.020905470 0.996087015 40.932907104 0.014545548 0.999699593 -0.019727355 -2.137635231 -0.996200085 0.012794636 -0.086148515 91.491943359
-0.093461096 0.019715874 0.995427668 41.683208466 0.016150039 0.999702454 -0.018284207 -2.165233135 -0.995491862 0.014367334 -0.093751691 91.428115845
-0.098274067 0.018087827 0.994994938 42.442909241 0.019025330 0.999686241 -0.016294004 -2.189656019 -0.994977534 0.017328830 -0.098587357 91.340240479
-0.101491287 0.016261781 0.994703531 43.174114227 0.021980416 0.999658942 -0.014100093 -2.214326620 -0.994593561 0.020432962 -0.101814128 91.250968933
-0.104716428 0.015295522 0.994384408 43.882648468 0.023702476 0.999636114 -0.012880248 -2.234695911 -0.994219720 0.022220597 -0.105040871 91.180961609
-0.106469415 0.014359766 0.994212329 44.601322174 0.023860654 0.999644637 -0.011883011 -2.260435581 -0.994029582 0.022457382 -0.106774211 91.110313416
-0.107004605 0.015014147 0.994145155 45.288497925 0.025138363 0.999607265 -0.012390877 -2.277278185 -0.993940711 0.023665302 -0.107340008 91.029319763
-0.106332019 0.015922291 0.994203329 45.956363678 0.025632247 0.999583364 -0.013267036 -2.299168110 -0.994000196 0.024072953 -0.106695853 90.967811584
-0.103116333 0.017512035 0.994515181 46.609539032 0.026929043 0.999527693 -0.014808158 -2.319634914 -0.994304717 0.025254376 -0.103539206 90.893714905
-0.098085284 0.018329278 0.995009243 47.238231659 0.026829781 0.999515712 -0.015767487 -2.334501743 -0.994816184 0.025149321 -0.098529533 90.835266113
-0.090188786 0.018754117 0.995747983 47.849304199 0.026143070 0.999522746 -0.016457323 -2.360082626 -0.995581508 0.024547648 -0.090636015 90.790397644
-0.078757830 0.018539533 0.996721268 48.446693420 0.025288081 0.999542475 -0.016593816 -2.383527517 -0.996572971 0.023898279 -0.079190612 90.746414185
-0.064986028 0.019012133 0.997704983 49.021003723 0.024782732 0.999540806 -0.017432878 -2.400546312 -0.997578442 0.023592962 -0.065427348 90.716804504
-0.048104171 0.020339290 0.998635173 49.565910339 0.023890499 0.999530077 -0.019206710 -2.422786236 -0.998556554 0.022933973 -0.048567481 90.705108643
-0.026892852 0.022776999 0.999378800 50.112949371 0.022023287 0.999511182 -0.022187382 -2.446764469 -0.999395669 0.021412926 -0.027381333 90.710395813
-0.002347417 0.025694404 0.999667108 50.646762848 0.020190086 0.999467254 -0.025641859 -2.467582226 -0.999793351 0.020123173 -0.002864940 90.726348877
0.026196115 0.027347397 0.999282718 51.172443390 0.018387694 0.999443471 -0.027833827 -2.490902901 -0.999487698 0.019103637 0.025678672 90.755187988
0.059162185 0.027169550 0.997878611 51.700965881 0.016423289 0.999467790 -0.028186521 -2.504972696 -0.998113275 0.018056026 0.058684476 90.809890747
0.097306773 0.024101216 0.994962633 52.217552185 0.014339811 0.999568999 -0.025615226 -2.541093588 -0.995151162 0.016760115 0.096919231 90.876380920
0.139749229 0.020485492 0.989975035 52.739379883 0.013206203 0.999658525 -0.022550115 -2.559047699 -0.990098715 0.016225172 0.139430940 90.967681885
0.185103089 0.015751101 0.982592881 53.241142273 0.010261239 0.999786019 -0.017959747 -2.583354950 -0.982665420 0.013407025 0.184901834 91.088851929
0.233309031 0.012917304 0.972316861 53.727088928 0.006026999 0.999873400 -0.014729583 -2.596466541 -0.972383857 0.009296698 0.233201623 91.238464355
0.284778595 0.011468740 0.958524764 54.199275970 0.002635120 0.999915302 -0.012746869 -2.612030745 -0.958589673 0.006155863 0.284724236 91.410690308
0.339286625 0.010997304 0.940618753 54.666915894 0.001721994 0.999922752 -0.012311792 -2.630790472 -0.940681398 0.005796966 0.339241505 91.607589722
0.398263067 0.011570135 0.917198300 55.114852905 0.004312810 0.999885798 -0.014485905 -2.643454552 -0.917261124 0.009724903 0.398167759 91.816558838
0.457455158 0.014910410 0.889107645 55.534988403 0.004814661 0.999803245 -0.019243976 -2.657600403 -0.889219701 0.013084007 0.457293272 92.075256348
0.515405893 0.018125171 0.856754482 55.904670715 0.005801874 0.999679565 -0.024639132 -2.679837704 -0.856926501 0.017669939 0.515135586 92.354339600
0.573911130 0.022104098 0.818619132 56.278877258 0.001764791 0.999599934 -0.028228132 -2.694927931 -0.818915546 0.017645136 0.573642671 92.653991699
0.630519629 0.024788588 0.775777280 56.635559082 -0.001793090 0.999533713 -0.030480979 -2.710748911 -0.776171207 0.017827818 0.630270183 92.974250793
0.681346297 0.026235400 0.731490910 56.931388855 -0.003255924 0.999456167 -0.032813426 -2.720677376 -0.731953979 0.019975623 0.681061149 93.332328796
0.729723096 0.024926299 0.683288276 57.218387604 -0.003865416 0.999469578 -0.032332465 -2.732510328 -0.683731914 0.020952553 0.729432344 93.697891235
0.774671733 0.021660931 0.631992459 57.479011536 -0.005739331 0.999612808 -0.027225714 -2.744294405 -0.632337451 0.017463775 0.774496078 94.078620911
0.815232217 0.017283082 0.578876317 57.722484589 -0.006667971 0.999768436 -0.020458842 -2.755739212 -0.579095840 0.012818773 0.815158606 94.496810913
0.851654172 0.013524448 0.523929656 57.933296204 -0.007604205 0.999880672 -0.013449664 -2.774954796 -0.524048984 0.007470395 0.851655304 94.911804199
0.882534385 0.010156428 0.470138222 58.124614716 -0.008073494 0.999946654 -0.006446505 -2.783148527 -0.470178604 0.001893605 0.882569194 95.349365234
0.907429636 0.010953108 0.420061290 58.276741028 -0.011593342 0.999932289 -0.001028959 -2.794300318 -0.420044154 -0.003936206 0.907495081 95.800758362
0.927303553 0.012668990 0.374095559 58.418014526 -0.014713024 0.999888301 0.002608604 -2.804732323 -0.374020696 -0.007923045 0.927386403 96.247169495
0.942286968 0.019306796 0.334249139 58.536869049 -0.022339433 0.999736726 0.005230969 -2.812188625 -0.334060192 -0.012396012 0.942470193 96.698722839
0.953698516 0.023447216 0.299848735 58.640346527 -0.025808783 0.999659240 0.003917227 -2.805541754 -0.299654722 -0.011474585 0.953978658 97.164314270
0.962936044 0.024957646 0.268572807 58.749084473 -0.027116410 0.999622822 0.004330785 -2.817917109 -0.268363446 -0.011452997 0.963249624 97.642730713
0.968840301 0.019383488 0.246926770 58.857589722 -0.021119229 0.999767363 0.004382584 -2.819166899 -0.246784374 -0.009460927 0.969024181 98.124877930
0.972702384 0.016659390 0.231458038 58.966003418 -0.018376846 0.999817252 0.005265971 -2.829855442 -0.231328025 -0.009375689 0.972830653 98.610702515
0.975589693 0.020408140 0.218651295 59.066593170 -0.021992963 0.999746501 0.004816500 -2.828889847 -0.218497634 -0.009507717 0.975791097 99.120780945
0.977575481 0.025847372 0.208993167 59.159442902 -0.027496584 0.999609411 0.004989197 -2.822952271 -0.208782583 -0.010623914 0.977904320 99.630393982
0.978599191 0.033241637 0.203072965 59.252929688 -0.034585070 0.999396980 0.003069454 -2.811033010 -0.202848494 -0.010027057 0.979158759 100.161209106
0.978789210 0.040963318 0.200732872 59.343742371 -0.041811138 0.999125540 -0.000015950 -2.829469681 -0.200558022 -0.008377258 0.979645967 100.682899475
0.979051709 0.040514264 0.199540108 59.442066193 -0.040833320 0.999162674 -0.002517841 -2.830832720 -0.199475065 -0.005682788 0.979886413 101.265823364
0.978634834 0.038520299 0.201965213 59.560173035 -0.038063314 0.999256313 -0.006147439 -2.835332870 -0.202051818 -0.001671368 0.979373395 101.816619873
0.977854073 0.037385691 0.205921292 59.680984497 -0.035546079 0.999288261 -0.012627156 -2.841088057 -0.206246838 0.005027820 0.978487015 102.374336243
0.976929486 0.037910268 0.210170567 59.804740906 -0.034990817 0.999232769 -0.017593430 -2.842017651 -0.210676298 0.009833500 0.977506399 102.948944092
0.975748658 0.042815950 0.214665487 59.920417786 -0.040055789 0.999049485 -0.017193582 -2.851644516 -0.215197593 0.008178019 0.976536274 103.540924072
0.974493444 0.046139516 0.219621763 60.063678741 -0.044448726 0.998931646 -0.012636484 -2.875509739 -0.219970196 0.002552262 0.975503266 104.134284973
0.973521352 0.042951860 0.224524662 60.206462860 -0.042254090 0.999075472 -0.007914001 -2.888392925 -0.224657044 -0.001782636 0.974436283 104.750534058
0.972784102 0.038693376 0.228459954 60.358016968 -0.039185591 0.999229074 -0.002382983 -2.895876169 -0.228376016 -0.006634212 0.973550379 105.381103516
0.972006619 0.036534961 0.232095376 60.511093140 -0.038157720 0.999268651 0.002504685 -2.907007456 -0.231834128 -0.011290803 0.972689867 106.015327454
0.971420288 0.032099232 0.235185623 60.670036316 -0.033767238 0.999424994 0.003067385 -2.911051273 -0.234951958 -0.010921292 0.971945643 106.662406921
0.971491873 0.028494623 0.235354260 60.830467224 -0.029317696 0.999570131 -0.000001990 -2.923580170 -0.235253111 -0.006898110 0.971909583 107.310653687
0.971606910 0.027825901 0.234959066 60.990772247 -0.026930097 0.999612749 -0.007021017 -2.931368589 -0.235063434 0.000494198 0.971979976 107.970611572
0.971705794 0.030156285 0.234261498 61.143150330 -0.027717749 0.999522090 -0.013695688 -2.936811447 -0.234562472 0.006814980 0.972077191 108.643821716
0.972288787 0.032564469 0.231504440 61.306064606 -0.029333213 0.999418497 -0.017387059 -2.948220253 -0.231936008 0.010114470 0.972678483 109.335311890
0.972933173 0.031006230 0.228997052 61.473129272 -0.028792424 0.999500811 -0.013002996 -2.957311153 -0.229285911 0.006057664 0.973340273 110.050392151
0.973349094 0.026819151 0.227754936 61.640754700 -0.026285177 0.999640048 -0.005377904 -2.970494270 -0.227817178 -0.000752002 0.973703623 110.771247864
0.973884940 0.027456956 0.225375503 61.803710938 -0.028286655 0.999599814 0.000452517 -2.981899977 -0.225272864 -0.006815820 0.974271894 111.503295898
0.974227011 0.030579891 0.223487422 61.972126007 -0.031316515 0.999509513 -0.000248303 -2.988158464 -0.223385379 -0.006756945 0.974706769 112.259552002
0.974513352 0.036418278 0.221354008 62.126327515 -0.036240056 0.999331236 -0.004867770 -2.994039059 -0.221383259 -0.003278178 0.975181401 113.004699707
0.975363612 0.037195824 0.217444748 62.294189453 -0.035828665 0.999305606 -0.010227954 -3.000939608 -0.217674196 0.002185219 0.976018965 113.771873474
0.976299584 0.035780367 0.213445514 62.461380005 -0.033746034 0.999343693 -0.013167989 -3.008645058 -0.213776588 0.005652961 0.976866186 114.538993835
0.977251232 0.033334821 0.209449142 62.631118774 -0.031592261 0.999432743 -0.011660781 -3.023195505 -0.209719062 0.004778539 0.977750003 115.325996399
0.978127122 0.029657109 0.205883279 62.805839539 -0.028276214 0.999553621 -0.009646904 -3.037376881 -0.206077486 0.003614296 0.978528976 116.125328064
0.978457928 0.028794687 0.204428747 62.964584351 -0.028051246 0.999585032 -0.006534209 -3.055951595 -0.204532057 0.000658968 0.978859663 116.918914795
0.978814900 0.025592366 0.203141332 63.138755798 -0.025251972 0.999671996 -0.004267792 -3.069308758 -0.203183919 -0.000952340 0.979140103 117.742095947
0.979000866 0.020870915 0.202784598 63.310798645 -0.020673532 0.999781489 -0.003091685 -3.078836441 -0.202804819 -0.001165511 0.979218423 118.565246582
0.979158521 0.021313101 0.201976433 63.482112885 -0.021456359 0.999768674 -0.001480356 -3.089854956 -0.201961294 -0.002884175 0.979389191 119.395774841
0.978950202 0.026292194 0.202398717 63.646137238 -0.026104718 0.999652743 -0.003596101 -3.095777273 -0.202422932 -0.001763157 0.979296565 120.234497070
0.978610575 0.032263588 0.203175828 63.805255890 -0.031564649 0.999479353 -0.006680384 -3.109905958 -0.203285575 0.000124322 0.979119480 121.073539734
0.978115618 0.040992070 0.203983992 63.968711853 -0.040082455 0.999159515 -0.008590551 -3.113662243 -0.204164639 0.000226374 0.978936553 121.917968750
0.977220595 0.046782851 0.207005963 64.132965088 -0.046185840 0.998903096 -0.007718536 -3.134740591 -0.207139954 -0.002018031 0.978309214 122.759071350
0.976463616 0.049446166 0.209938020 64.301879883 -0.049335945 0.998765588 -0.005765394 -3.152946234 -0.209963962 -0.004727795 0.977697611 123.627052307
0.975863099 0.050295446 0.212512776 64.481292725 -0.050027650 0.998725712 -0.006640641 -3.165209055 -0.212575987 -0.004151160 0.977135599 124.486167908
0.975530267 0.048694432 0.214405194 64.665435791 -0.047734093 0.998813391 -0.009657383 -3.175175190 -0.214621037 -0.000813368 0.976696968 125.330596924
0.975548983 0.042655770 0.215603113 64.862091064 -0.041944630 0.999088943 -0.007874954 -3.198923111 -0.215742633 -0.001360990 0.976449192 126.182136536
0.975782514 0.035446875 0.215851933 65.061294556 -0.034222916 0.999369860 -0.009406515 -3.221738338 -0.216049373 0.001791632 0.976380706 127.050956726
0.975495458 0.035079803 0.217205182 65.251274109 -0.033871956 0.999383032 -0.009282563 -3.242628336 -0.217396796 0.001697934 0.976081789 127.906562805
0.975087702 0.037716366 0.218589619 65.440559387 -0.037240390 0.999286473 -0.006298623 -3.259312153 -0.218671232 -0.001998651 0.975796461 128.751968384
0.974635065 0.039628670 0.220263898 65.619812012 -0.040488318 0.999179840 -0.000612148 -3.272414684 -0.220107481 -0.008321492 0.975440025 129.615203857
0.974349380 0.043036792 0.220887467 65.816574097 -0.044910509 0.998984933 0.003465161 -3.286175966 -0.220514134 -0.013296444 0.975293159 130.489944458
0.974193215 0.042028192 0.221768469 66.009582520 -0.042392407 0.999096036 -0.003119491 -3.298871040 -0.221699148 -0.006362312 0.975094318 131.330932617
0.974461734 0.037755217 0.221356794 66.211334229 -0.034767944 0.999244273 -0.017377615 -3.319578171 -0.221845627 0.009237699 0.975038052 132.164627075
