1.000000000 0.000000000 0.000000000 -0.000000030 0.000000000 1.000000000 0.000000000 0.000000060 0.000000000 0.000000000 1.000000000 -0.000000006
0.999991238 -0.002552116 -0.003326937 -0.000095564 0.002545488 0.999994755 -0.001994735 -0.005322774 0.003332011 0.001986249 0.999992490 0.696380913
0.999972820 -0.001548395 -0.007212390 -0.009709300 0.001522657 0.999992430 -0.003572842 -0.007909269 0.007217867 0.003561762 0.999967635 1.399125218
0.999936283 -0.001576490 -0.011174800 -0.023179261 0.001521606 0.999986768 -0.004918237 -0.013998163 0.011182407 0.004900922 0.999925435 2.124446392
0.999869525 -0.000196776 -0.016151097 -0.037701517 0.000108388 0.999984980 -0.005473299 -0.019702680 0.016151933 0.005470835 0.999854505 2.866630316
0.999785483 -0.001467766 -0.020661300 -0.051319066 0.001347066 0.999981940 -0.005854603 -0.025276566 0.020669522 0.005825514 0.999769390 3.631868362
0.999689877 0.000843132 -0.024889547 -0.081309006 -0.001015676 0.999975562 -0.006920549 -0.037528224 0.024883106 0.006943683 0.999666274 4.395905495
0.999549806 0.003498813 -0.029798739 -0.112059832 -0.003737667 0.999961376 -0.007963647 -0.036569960 0.029769724 0.008071440 0.999524236 5.185504913
0.999414563 0.003546615 -0.034025714 -0.144266039 -0.003745749 0.999976158 -0.005790494 -0.054696962 0.034004353 0.005914555 0.999404192 6.003722668
0.999255836 0.002372101 -0.038498204 -0.176382110 -0.002498783 0.999991596 -0.003242821 -0.058121283 0.038490180 0.003336607 0.999253452 6.826723099
0.999135494 0.002534471 -0.041494939 -0.224683315 -0.002558067 0.999996603 -0.000515576 -0.069683075 0.041493494 0.000621276 0.999138713 7.666092396
0.999026537 0.003984333 -0.043932352 -0.267015874 -0.004045610 0.999990940 -0.001305989 -0.074323654 0.043926749 0.001482450 0.999033630 8.506643295
0.998927414 0.003587025 -0.046163540 -0.304567337 -0.003659892 0.999992192 -0.001494032 -0.081121683 0.046157822 0.001661383 0.998932719 9.349367142
0.998833656 0.000404896 -0.048281092 -0.349476665 -0.000495674 0.999998033 -0.001868250 -0.091396034 0.048280254 0.001890003 0.998832047 10.225972176
0.998746157 0.000370306 -0.050059348 -0.393162966 -0.000423901 0.999999285 -0.001060014 -0.098215170 0.050058920 0.001079906 0.998745680 11.079855919
0.998678029 -0.001033617 -0.051392581 -0.440320909 0.000950594 0.999998152 -0.001639876 -0.104108825 0.051394183 0.001588854 0.998677254 11.945093155
0.998585701 0.000555601 -0.053163376 -0.496677339 -0.000743817 0.999993563 -0.003520614 -0.117829233 0.053161077 0.003555178 0.998579621 12.844811440
0.998523474 0.001233227 -0.054308590 -0.548882306 -0.001586259 0.999977946 -0.006457865 -0.122584268 0.054299433 0.006534478 0.998503327 13.732820511
0.998441458 0.004989831 -0.055584118 -0.613058925 -0.005453611 0.999951541 -0.008195192 -0.133308768 0.055540524 0.008485555 0.998420358 14.618105888
0.998338282 0.005719575 -0.057340041 -0.664266825 -0.006147610 0.999954522 -0.007291233 -0.155473232 0.057295732 0.007631622 0.998327971 15.551081657
0.998295844 0.005222994 -0.058121752 -0.725423515 -0.005549358 0.999969721 -0.005455195 -0.174026400 0.058091503 0.005768438 0.998294592 16.459983826
0.998214781 0.005694751 -0.059454363 -0.781733990 -0.005954567 0.999973476 -0.004193740 -0.182363272 0.059428900 0.004540280 0.998222172 17.391860962
0.998099148 0.004989846 -0.061425284 -0.835683286 -0.005254840 0.999977589 -0.004153274 -0.194740146 0.061403189 0.004468159 0.998103023 18.338294983
0.997994900 0.004657055 -0.063122652 -0.890172958 -0.004966113 0.999976516 -0.004740115 -0.208274543 0.063099101 0.005044085 0.997994423 19.270971298
0.997995257 0.003335340 -0.063200310 -0.963718176 -0.003683343 0.999978602 -0.005390617 -0.222657859 0.063180983 0.005612598 0.997986317 20.220569611
0.997920573 0.003604394 -0.064354330 -1.021891475 -0.003861610 0.999984980 -0.003872945 -0.230784953 0.064339392 0.004113402 0.997919559 21.157190323
0.997928143 0.005079444 -0.064135306 -1.088517189 -0.005127341 0.999986649 -0.000582230 -0.241174355 0.064131483 0.000909867 0.997941077 22.109146118
0.997992337 0.005801620 -0.063067004 -1.150524497 -0.005592223 0.999978244 0.003496248 -0.254159868 0.063085899 -0.003136545 0.998003244 23.061389923
0.998069704 0.004347045 -0.061950747 -1.209019423 -0.003973874 0.999973357 0.006145585 -0.258930355 0.061975800 -0.005887539 0.998060286 24.024909973
0.998151302 0.004631958 -0.060602240 -1.264211655 -0.004234306 0.999968648 0.006688435 -0.261185229 0.060631324 -0.006419461 0.998139620 24.995475769
0.998232603 0.004854991 -0.059228461 -1.322299004 -0.004608386 0.999980092 0.004299494 -0.273400605 0.059248153 -0.004018948 0.998235166 25.960721970
0.998302162 0.005956172 -0.057940997 -1.383367062 -0.006003489 0.999981821 -0.000642632 -0.277185857 0.057936102 0.000989390 0.998319864 26.932006836
0.998361886 0.004168864 -0.057062980 -1.441524506 -0.004366556 0.999984980 -0.003340166 -0.284863114 0.057048190 0.003583863 0.998364925 27.928327560
0.998420656 0.001939463 -0.056146253 -1.496465206 -0.002068844 0.999995291 -0.002246317 -0.294231296 0.056141637 0.002358927 0.998419940 28.909225464
0.998402297 0.000020004 -0.056506079 -1.550356865 0.000113865 0.999997199 0.002365900 -0.302172422 0.056505974 -0.002368554 0.998399436 29.906976700
0.998355448 -0.003313776 -0.057230279 -1.607193828 0.003664760 0.999975085 0.006028964 -0.318557888 0.057208877 -0.006228784 0.998342812 30.922525406
0.998260915 -0.010659903 -0.057978369 -1.656116128 0.010993006 0.999924779 0.005429367 -0.325290531 0.057916138 -0.006057281 0.998303115 31.918582916
0.998137295 -0.012948701 -0.059617952 -1.712302089 0.013065629 0.999913394 0.001571820 -0.330815166 0.059592433 -0.002347838 0.998220026 32.921321869
0.998055100 -0.012631143 -0.061046850 -1.774425030 0.012493681 0.999918520 -0.002632941 -0.332389951 0.061075129 0.001865120 0.998131394 33.924182892
0.997936130 -0.011539086 -0.063169681 -1.842580795 0.011366858 0.999930620 -0.003085159 -0.347268909 0.063200898 0.002360751 0.997997999 34.947822571
0.997888327 -0.011815972 -0.063869163 -1.905308962 0.011740825 0.999929845 -0.001551807 -0.359185249 0.063883014 0.000798653 0.997957051 35.966072083
0.997835934 -0.008460578 -0.065205060 -1.977096796 0.008551229 0.999962747 0.001111309 -0.372798890 0.065193228 -0.001666488 0.997871220 36.989521027
0.997765601 -0.007933340 -0.066337615 -2.049464703 0.008111209 0.999964237 0.002412380 -0.383952290 0.066316105 -0.002945069 0.997794271 38.016788483
0.997722864 -0.006737528 -0.067109108 -2.128008604 0.007106452 0.999960899 0.005260176 -0.397069633 0.067071043 -0.005725107 0.997731686 39.053833008
0.997724831 -0.007181131 -0.067033589 -2.199100018 0.007758833 0.999934852 0.008361739 -0.402372748 0.066969164 -0.008862820 0.997715712 40.082340240
0.997732043 -0.001275985 -0.067298658 -2.286472082 0.001997276 0.999941289 0.010651577 -0.406613022 0.067281097 -0.010761834 0.997676015 41.118492126
0.997723401 -0.001261984 -0.067427911 -2.359063387 0.001926893 0.999950171 0.009796913 -0.406274140 0.067412183 -0.009904535 0.997676075 42.122711182
0.997701466 -0.001463666 -0.067747764 -2.418359756 0.002040247 0.999962389 0.008442305 -0.414748788 0.067732856 -0.008561121 0.997666776 43.158226013
0.997705758 0.000634243 -0.067695685 -2.492418766 -0.000216738 0.999980867 0.006174541 -0.419098079 0.067698307 -0.006145702 0.997686923 44.179889679
0.997659028 0.000083304 -0.068383940 -2.568531036 0.000359670 0.999978960 0.006465414 -0.427651882 0.068383060 -0.006474874 0.997638106 45.198032379
0.997546256 -0.001576558 -0.069991127 -2.632926702 0.002079842 0.999972403 0.007118379 -0.423460364 0.069977976 -0.007246484 0.997522235 46.211097717
0.997497618 -0.000952582 -0.070692807 -2.709868908 0.001541341 0.999964535 0.008274334 -0.434289157 0.070682399 -0.008362589 0.997463763 47.232898712
0.997495890 0.001064956 -0.070715949 -2.786334038 -0.000713808 0.999987304 0.004990682 -0.444223911 0.070720345 -0.004927706 0.997483969 48.240444183
0.997425914 0.001266149 -0.071692504 -2.862697601 -0.001222493 0.999998987 0.000652810 -0.447481722 0.071693249 -0.000563486 0.997426450 49.234054565
0.997385144 0.002095632 -0.072238460 -2.935263634 -0.002122685 0.999997616 -0.000297735 -0.461801797 0.072237663 0.000450297 0.997387290 50.225646973
0.997387052 0.001099727 -0.072232999 -3.022813797 -0.000876462 0.999994814 0.003122525 -0.473604977 0.072236046 -0.003051057 0.997382879 51.260955811
0.997372508 -0.000736573 -0.072439224 -3.091259956 0.001186454 0.999980271 0.006167623 -0.481235296 0.072433233 -0.006237363 0.997353733 52.249904633
0.997349799 -0.002499958 -0.072711393 -3.161191702 0.003001145 0.999972522 0.006784378 -0.487740159 0.072692432 -0.006984616 0.997329950 53.240734100
0.997314692 -0.005698655 -0.073013000 -3.230051756 0.006120966 0.999965787 0.005561580 -0.498115391 0.072978824 -0.005993555 0.997315466 54.237186432
0.997274876 -0.008421460 -0.073292598 -3.302459717 0.008765553 0.999952078 0.004374387 -0.507021308 0.073252261 -0.005004917 0.997300863 55.205654144
0.997181773 -0.009832401 -0.074375756 -3.374951124 0.010258141 0.999933064 0.005344333 -0.514174700 0.074318238 -0.006092229 0.997215986 56.191123962
0.997052729 -0.013176695 -0.075578667 -3.440949917 0.013935108 0.999857605 0.009516162 -0.520017982 0.075442508 -0.010541311 0.997094393 57.178531647
0.997015297 -0.013940982 -0.075933710 -3.514973164 0.015090994 0.999779701 0.014592258 -0.523377419 0.075713545 -0.015694622 0.997005999 58.156551361
0.996982634 -0.012178822 -0.076662675 -3.591582060 0.013491631 0.999770701 0.016629912 -0.523133159 0.076442577 -0.017614041 0.996918321 59.123138428
0.996884584 -0.011209193 -0.078072980 -3.665419579 0.012258835 0.999840558 0.012978074 -0.529502273 0.077915095 -0.013894729 0.996863067 60.065498352
0.996793330 -0.009618332 -0.079438411 -3.744757175 0.010060964 0.999936044 0.005173628 -0.532720804 0.079383560 -0.005956266 0.996826291 61.039669037
0.996748149 -0.008094506 -0.080172427 -3.825153112 0.008144746 0.999966919 0.000299630 -0.536998034 0.080167346 -0.000951641 0.996780932 61.979640961
0.996687710 -0.003256880 -0.081259117 -3.906537533 0.003386086 0.999993205 0.001452280 -0.550481319 0.081253834 -0.001722620 0.996692002 62.897159576
0.996617496 -0.000548824 -0.082176402 -3.988620996 0.000858773 0.999992609 0.003736459 -0.567066789 0.082173765 -0.003794392 0.996610761 63.824470520
0.996521175 0.002063533 -0.083312832 -4.066057682 -0.001636153 0.999985099 0.005197767 -0.577820301 0.083322339 -0.005043373 0.996509910 64.717430115
0.996441662 0.002509076 -0.084246963 -4.149087429 -0.002077422 0.999984264 0.005210943 -0.585853696 0.084258735 -0.005017383 0.996431291 65.604156494
0.996290922 0.004594930 -0.085925564 -4.237283707 -0.004099952 0.999973953 0.005936137 -0.596709728 0.085950620 -0.005561830 0.996283829 66.498672485
0.996156454 0.005144830 -0.087439507 -4.311879158 -0.004586451 0.999967813 0.006585598 -0.605608881 0.087470576 -0.006159248 0.996147990 67.357223511
0.996029139 0.004782011 -0.088898271 -4.388125420 -0.004158655 0.999965489 0.007195910 -0.619239867 0.088929608 -0.006797639 0.996014714 68.197753906
0.995918393 0.004577371 -0.090141408 -4.465700626 -0.003872482 0.999960601 0.007993148 -0.619630992 0.090174444 -0.007611453 0.995896935 69.033653259
0.995788515 0.007656690 -0.091359153 -4.549421310 -0.006701651 0.999919653 0.010755887 -0.628771484 0.091434173 -0.010098331 0.995759964 69.857162476
0.995674431 0.009090221 -0.092464872 -4.629082680 -0.007741746 0.999858618 0.014931900 -0.633459687 0.092587531 -0.014151473 0.995604038 70.655197144
0.995480597 0.012325602 -0.094162002 -4.707480907 -0.010814617 0.999804795 0.016540153 -0.636173368 0.094347477 -0.015447075 0.995419443 71.442558289
0.995321333 0.015034244 -0.095442198 -4.795787334 -0.013904783 0.999825299 0.012488074 -0.641169012 0.095613271 -0.011102544 0.995356679 72.234046936
0.995191336 0.014902733 -0.096808650 -4.870624542 -0.014452681 0.999881208 0.005348491 -0.647800684 0.096876867 -0.003923627 0.995288670 72.978477478
0.995050728 0.013953185 -0.098383665 -4.941513062 -0.014074845 0.999900758 -0.000542607 -0.657127917 0.098366328 0.001924657 0.995148361 73.702903748
0.995007217 0.014828140 -0.098694533 -5.021810055 -0.015070355 0.999884903 -0.001709087 -0.663476467 0.098657832 0.003187916 0.995116353 74.421112061
0.994875908 0.017777756 -0.099527299 -5.095914841 -0.017661940 0.999841869 0.002044721 -0.674402595 0.099547900 -0.000276399 0.995032847 75.108482361
0.994755328 0.017951339 -0.100695334 -5.170795918 -0.017605620 0.999835610 0.004321017 -0.692314565 0.100756355 -0.002525551 0.994907975 75.785682678
0.994672477 0.014484067 -0.102062851 -5.237705231 -0.014458675 0.999894917 0.000988640 -0.704791784 0.102066457 0.000492321 0.994777501 76.457206726
0.994753182 0.006867613 -0.102072574 -5.290941238 -0.007299290 0.999965906 -0.003856218 -0.721893787 0.102042623 0.004581043 0.994769514 77.088676453
0.994900823 0.002591502 -0.100825004 -5.342824936 -0.003498943 0.999954939 -0.008824362 -0.729164362 0.100797586 0.009132147 0.994865000 77.669944763
0.995218813 0.004953020 -0.097546056 -5.407834053 -0.005894467 0.999938786 -0.009365499 -0.734581590 0.097493701 0.009895703 0.995186985 78.276092529
0.995597243 0.009783769 -0.093223274 -5.476344585 -0.010431671 0.999924660 -0.006465230 -0.744903564 0.093152992 0.007409239 0.995624304 78.864837646
0.996020198 0.008396431 -0.088730522 -5.518273830 -0.008710467 0.999957025 -0.003152581 -0.761171758 0.088700242 0.003912918 0.996050715 79.425575256
0.996518195 0.004940774 -0.083228476 -5.550393581 -0.004865835 0.999987602 0.001103217 -0.772278070 0.083232887 -0.000694400 0.996529937 79.981529236
0.997170508 0.000378399 -0.075170323 -5.578824997 -0.000017034 0.999988437 0.004807869 -0.785349727 0.075171277 -0.004792987 0.997159183 80.528282166
0.997924209 0.003848034 -0.064284250 -5.611336708 -0.003568872 0.999983728 0.004456887 -0.792323112 0.064300351 -0.004218214 0.997921705 81.054382324
0.998743773 0.009063100 -0.049282372 -5.637176514 -0.008889929 0.999953568 0.003731937 -0.794562280 0.049313903 -0.003289133 0.998777926 81.568374634
0.999425054 0.014157130 -0.030808426 -5.655117989 -0.014016871 0.999890387 0.004763858 -0.805753291 0.030872483 -0.004329282 0.999514043 82.074684143
0.999879360 0.012760025 -0.008849110 -5.645943642 -0.012711467 0.999903977 0.005521744 -0.811467767 0.008918714 -0.005408594 0.999945581 82.561721802
0.999813497 0.009045401 0.017064346 -5.607610703 -0.009152933 0.999938607 0.006234023 -0.814992785 -0.017006906 -0.006389049 0.999834955 83.031990051
0.998880029 0.008240765 0.046591699 -5.562670231 -0.008607032 0.999933541 0.007666072 -0.819224954 -0.046525426 -0.008058502 0.998884559 83.500831604
0.996765792 0.007847447 0.079977386 -5.511416435 -0.008643078 0.999916434 0.009606902 -0.829605401 -0.079895310 -0.010267081 0.996750414 83.958320618
0.993044257 0.007586088 0.117497057 -5.428028107 -0.008792218 0.999913812 0.009750271 -0.829702139 -0.117412977 -0.010715511 0.993025362 84.419013977
0.987249315 0.007807986 0.158989668 -5.340703964 -0.009475192 0.999907792 0.009730894 -0.832406282 -0.158899024 -0.011113278 0.987232268 84.830322266
0.978961706 0.007704677 0.203897923 -5.217992783 -0.009816417 0.999908149 0.009347470 -0.831191123 -0.203807160 -0.011152362 0.978947461 85.262367249
0.967522442 0.009572080 0.252603769 -5.080383301 -0.011874835 0.999900699 0.007593079 -0.843134224 -0.252505988 -0.010346103 0.967540026 85.665512085
0.951859355 0.011039918 0.306335926 -4.933483124 -0.013202216 0.999900401 0.004987455 -0.851827383 -0.306250334 -0.008791668 0.951910377 86.055015564
0.932118833 0.011314351 0.361975610 -4.748865128 -0.013160244 0.999909997 0.002634369 -0.855169773 -0.361913204 -0.007219231 0.932183802 86.433761597
0.907939911 0.012394783 0.418916941 -4.546047211 -0.013933949 0.999902666 0.000614946 -0.858110726 -0.418868601 -0.006395502 0.908024251 86.784027100
0.879151046 0.011556291 0.476402938 -4.325820923 -0.012766881 0.999918163 -0.000695484 -0.873496056 -0.476372093 -0.005470744 0.879226744 87.102226257
0.845785797 0.010229217 0.533424497 -4.077693939 -0.010156218 0.999943614 -0.003071956 -0.876233220 -0.533425927 -0.002819358 0.845842063 87.412414551
0.808593810 0.009917818 0.588283658 -3.819358826 -0.009391092 0.999948025 -0.003950007 -0.888225079 -0.588292360 -0.002330675 0.808644891 87.706848145
0.768808067 0.008276750 0.639425993 -3.537757874 -0.008718874 0.999958873 -0.002460440 -0.902254939 -0.639420152 -0.003683469 0.768848658 87.979995728
0.726673245 0.007870563 0.686938107 -3.236042023 -0.009917707 0.999950230 -0.000965505 -0.902788639 -0.686911702 -0.006111245 0.726715207 88.227874756
0.681765199 0.006872793 0.731538832 -2.917049408 -0.009004513 0.999958873 -0.001002746 -0.906363130 -0.731515646 -0.005903514 0.681798995 88.464561462
0.635916710 0.005416354 0.771738648 -2.591655731 -0.005973412 0.999979913 -0.002096114 -0.915610492 -0.771734595 -0.003276960 0.635936260 88.662796021
0.590016365 0.002765694 0.807386577 -2.241493225 0.000115610 0.999993980 -0.003509953 -0.920545995 -0.807391286 0.002164272 0.590012372 88.846099854
0.543444037 0.004894088 0.839431226 -1.899574280 -0.001590179 0.999987304 -0.004800694 -0.925661802 -0.839443922 0.001274063 0.543444812 89.019699097
0.496147871 0.007708288 0.868203819 -1.553104401 -0.005796130 0.999967694 -0.005565860 -0.935998440 -0.868218660 -0.002270734 0.496176481 89.183227539
0.450114220 0.010041284 0.892914593 -1.203891754 -0.006372018 0.999947429 -0.008032817 -0.939214706 -0.892948270 -0.002073982 0.450154543 89.334442139
0.407866389 0.007754396 0.913008749 -0.842868805 0.000239188 0.999962986 -0.008599771 -0.946001112 -0.913041592 0.003725937 0.407849371 89.446540833
0.368568063 -0.000261493 0.929600716 -0.455547333 0.015678857 0.999859393 -0.005935098 -0.952698886 -0.929468513 0.016762564 0.368520439 89.544189453
0.333342999 -0.003722469 0.942798316 -0.082170486 0.019783922 0.999799728 -0.003047428 -0.953564763 -0.942598045 0.019668087 0.333349884 89.635559082
0.300258189 0.000270951 0.953857839 0.290811539 0.016926834 0.999840975 -0.005612291 -0.962111056 -0.953707755 0.017830931 0.300205886 89.735069275
0.269091457 0.008510769 0.963077068 0.661466599 0.006269774 0.999924302 -0.010588218 -0.969014406 -0.963094354 0.008887476 0.269017726 89.837799072
0.240747109 0.012367601 0.970509112 1.044231415 0.001062306 0.999914765 -0.013005851 -0.990127087 -0.970587313 0.004162098 0.240713477 89.923171997
0.215115204 0.013924326 0.976489425 1.443010330 0.002109263 0.999889314 -0.014722662 -1.005514026 -0.976586521 0.005226742 0.215062052 89.988632202
0.191904470 0.015419967 0.981292605 1.854631424 0.009431152 0.999801397 -0.017555201 -1.013568163 -0.981368303 0.012623641 0.191720948 90.041473389
0.172103480 0.021554288 0.984843016 2.271699905 0.016315162 0.999561071 -0.024727520 -1.013173461 -0.984943748 0.020323567 0.171676278 90.081428528
0.152299583 0.028370013 0.987927139 2.700981140 0.018602323 0.999328554 -0.031565174 -1.011706829 -0.988159299 0.023185102 0.151669562 90.139709473
0.134514898 0.029122559 0.990483463 3.147890091 0.016617829 0.999361038 -0.031640403 -1.022963405 -0.990772188 0.020715788 0.133944988 90.198364258
0.118903600 0.024595246 0.992601097 3.617362022 0.014667259 0.999540567 -0.026524186 -1.046380281 -0.992797434 0.017712561 0.118488215 90.253509521
0.104356438 0.021420959 0.994309247 4.088965416 0.014326419 0.999631941 -0.023039239 -1.068206668 -0.994436741 0.016649185 0.104011148 90.294219971
0.091143340 0.018968476 0.995657146 4.578071594 0.016978374 0.999643743 -0.020598641 -1.081965923 -0.995693088 0.018782070 0.090788811 90.326736450
0.079359964 0.018360212 0.996676922 5.088919640 0.020287508 0.999593556 -0.020029325 -1.094811082 -0.996639609 0.021809619 0.078955218 90.357231140
0.069546834 0.018952874 0.997398674 5.608972549 0.023566941 0.999509275 -0.020636259 -1.109333992 -0.997300267 0.024940820 0.069066048 90.380851746
0.061885320 0.019433528 0.997893989 6.146908283 0.025943749 0.999441147 -0.021072585 -1.124231458 -0.997745991 0.027193194 0.061346564 90.404670715
0.056460183 0.019577371 0.998212874 6.707962036 0.027970362 0.999384224 -0.021182382 -1.137518525 -0.998012900 0.029116340 0.055877846 90.428070068
0.051087797 0.020658152 0.998480439 7.282164574 0.028794078 0.999339938 -0.022149200 -1.152032614 -0.998278916 0.029881878 0.050459251 90.449295044
0.044861775 0.021423852 0.998763382 7.875362873 0.029402824 0.999308467 -0.022756239 -1.167361021 -0.998560429 0.030387351 0.044200845 90.477561951
0.040351391 0.021147998 0.998961627 8.487985611 0.031521264 0.999251425 -0.022427382 -1.186774850 -0.998688221 0.032393519 0.039654575 90.495300293
0.037445739 0.021366874 0.999070168 9.120133400 0.033660315 0.999177098 -0.022630770 -1.201209545 -0.998731554 0.034476448 0.036695711 90.514617920
0.034524061 0.020888392 0.999185503 9.768945694 0.033750571 0.999186933 -0.022054583 -1.218695760 -0.998833716 0.034484498 0.033791009 90.536544800
0.032068130 0.020245915 0.999280512 10.436385155 0.035457131 0.999142468 -0.021380980 -1.236096501 -0.998856544 0.036117271 0.031322766 90.556251526
0.031445988 0.019905137 0.999307156 11.132505417 0.040562488 0.998952627 -0.021174485 -1.255361080 -0.998682022 0.041200239 0.030605651 90.567916870
0.032787990 0.019388780 0.999274254 11.834979057 0.044245586 0.998803496 -0.020831427 -1.275170565 -0.998482525 0.044896495 0.031890891 90.581947327
0.035105307 0.019445768 0.999194264 12.553997993 0.045534685 0.998741210 -0.021036750 -1.288690090 -0.998345792 0.046236508 0.034175657 90.608444214
0.038774386 0.019362541 0.999060392 13.296924591 0.048146877 0.998614728 -0.021222524 -1.313545704 -0.998087347 0.048924536 0.037788436 90.636856079
0.043036241 0.018929528 0.998894215 14.054679871 0.048252802 0.998614311 -0.021003140 -1.328156948 -0.997907579 0.049103335 0.042063203 90.669113159
0.047080576 0.017098572 0.998744845 14.825731277 0.050186239 0.998550236 -0.019461006 -1.348595381 -0.997629464 0.051039483 0.046154216 90.705001831
0.051127072 0.015471765 0.998572230 15.621177673 0.050099250 0.998581469 -0.018036995 -1.373347521 -0.997434735 0.050949898 0.050279412 90.748802185
0.055437677 0.013597924 0.998369515 16.427637100 0.047130425 0.998757124 -0.016220270 -1.388835669 -0.997349143 0.047952786 0.054727897 90.794555664
0.059449255 0.012179036 0.998157084 17.241212845 0.046464309 0.998807967 -0.014954347 -1.410266161 -0.997149289 0.047267698 0.058812510 90.846939087
0.063356750 0.013306671 0.997902095 18.066051483 0.043539744 0.998922229 -0.016084608 -1.429514408 -0.997040689 0.044467479 0.062709086 90.910888672
0.066980273 0.017261541 0.997604966 18.898441315 0.041593652 0.998932898 -0.020077161 -1.454521656 -0.996886969 0.042838808 0.066190824 90.962715149
0.068367906 0.022290122 0.997411013 19.731277466 0.036116652 0.999039888 -0.024802146 -1.480434895 -0.997006238 0.037718825 0.067497209 91.029380798
0.067505099 0.025742350 0.997386754 20.567649841 0.032715440 0.999072433 -0.028000105 -1.508395314 -0.997182369 0.034520101 0.066600315 91.110206604
0.068007596 0.025477113 0.997359395 21.404422760 0.030166762 0.999164283 -0.027580222 -1.535538077 -0.997228622 0.031962775 0.067182206 91.162078857
0.067584209 0.023573533 0.997435033 22.247674942 0.027594339 0.999294162 -0.025487211 -1.567685366 -0.997331977 0.029246094 0.066886008 91.233108521
0.067527287 0.022289449 0.997468412 23.090221405 0.028565414 0.999297380 -0.024264161 -1.601937532 -0.997308373 0.030131593 0.066843145 91.295120239
0.067920096 0.021561716 0.997457802 23.925828934 0.025894556 0.999391556 -0.023366759 -1.633215070 -0.997354627 0.027415803 0.067320444 91.358489990
0.068164691 0.021965006 0.997432232 24.758491516 0.024445994 0.999420583 -0.023679439 -1.663033962 -0.997374535 0.025997322 0.067588247 91.415504456
0.068061635 0.022582695 0.997425616 25.601961136 0.021358605 0.999481678 -0.024086701 -1.696812153 -0.997452438 0.022942998 0.067544051 91.484161377
0.066965237 0.024060657 0.997465134 26.430011749 0.018403845 0.999509335 -0.025345514 -1.725361228 -0.997585535 0.020054463 0.066489577 91.542785645
0.064138897 0.023657618 0.997660458 27.258512497 0.015487114 0.999575019 -0.024698671 -1.756039143 -0.997820795 0.017035028 0.063745245 91.598716736
0.060094792 0.022360809 0.997942209 28.097089767 0.012664294 0.999651551 -0.023161735 -1.787281036 -0.998112261 0.014030133 0.059790671 91.658172607
0.055814084 0.020099085 0.998238862 28.924356461 0.010700546 0.999727964 -0.020727362 -1.813192129 -0.998383820 0.011838580 0.055583827 91.697593689
0.049184449 0.018011317 0.998627305 29.760190964 0.008413674 0.999794483 -0.018446758 -1.843664408 -0.998754263 0.009309418 0.049022805 91.751403809
0.041897405 0.018317882 0.998953998 30.582956314 0.008030876 0.999793530 -0.018670103 -1.869935751 -0.999089718 0.008804702 0.041741643 91.783744812
0.033165369 0.018871846 0.999271750 31.400066376 0.007891980 0.999785662 -0.019143483 -1.900017738 -0.999418736 0.008521133 0.033009320 91.808975220
0.023269229 0.019613974 0.999536753 32.215217590 0.008133228 0.999770701 -0.019807905 -1.923069239 -0.999696136 0.008590375 0.023104368 91.824897766
0.013023276 0.018436940 0.999745190 33.033554077 0.009377425 0.999783814 -0.018559812 -1.948456049 -0.999871254 0.009616745 0.012847567 91.834968567
0.002140351 0.017304137 0.999847949 33.840270996 0.007954536 0.999818444 -0.017320655 -1.979381084 -0.999966025 0.007990401 0.002002314 91.835807800
-0.008893490 0.016524946 0.999823868 34.638210297 0.009738789 0.999817431 -0.016438214 -2.003676653 -0.999912977 0.009590880 -0.009052801 91.826141357
-0.019889873 0.016701465 0.999662638 35.435565948 0.009963685 0.999814093 -0.016505755 -2.030650616 -0.999752462 0.009632028 -0.020052584 91.805809021
-0.030783769 0.017505378 0.999372721 36.225280762 0.009606873 0.999805629 -0.017217038 -2.050813675 -0.999479890 0.009070842 -0.030945951 91.782379150
-0.041504871 0.018628618 0.998964608 37.012935638 0.009327913 0.999789834 -0.018256454 -2.075243235 -0.999094844 0.008560521 -0.041669913 91.748985291
-0.051862616 0.020010484 0.998453677 37.807010651 0.010377785 0.999755979 -0.019497532 -2.098266602 -0.998600304 0.009350544 -0.052057620 91.711189270
-0.061073929 0.020650296 0.997919559 38.575359344 0.011341298 0.999735713 -0.019993778 -2.122852802 -0.998068810 0.010096606 -0.061291993 91.651679993
-0.070624866 0.021263337 0.997276247 39.355594635 0.012278171 0.999715507 -0.020445835 -2.146256447 -0.997427344 0.010800745 -0.070865855 91.592643738
-0.079789691 0.022021906 0.996568501 40.105602264 0.013131149 0.999692321 -0.021039601 -2.165565252 -0.996725142 0.011407346 -0.080054335 91.527053833
-0.088599727 0.020981973 0.995846212 40.857177734 0.014227083 0.999702752 -0.019797452 -2.199044704 -0.995965600 0.012413940 -0.088871904 91.455909729
-0.095945857 0.019989349 0.995185792 41.615512848 0.015937641 0.999701023 -0.018543493 -2.226471663 -0.995258927 0.014081744 -0.096235752 91.385658264
-0.100854591 0.018368622 0.994731545 42.350452423 0.018558482 0.999690354 -0.016578566 -2.251115084 -0.994728029 0.016788688 -0.101164252 91.297523499
-0.104323961 0.016741810 0.994402528 43.075992584 0.021658497 0.999659359 -0.014558096 -2.273558617 -0.994307518 0.020018505 -0.104651049 91.212242126
-0.107546434 0.015436335 0.994080186 43.798774719 0.023360055 0.999642551 -0.012995459 -2.300259829 -0.993925631 0.021824153 -0.107868597 91.140274048
-0.109247230 0.014451398 0.993909478 44.503391266 0.023135379 0.999660373 -0.011992051 -2.322277069 -0.993745327 0.021684380 -0.109544471 91.063156128
-0.110123694 0.015123918 0.993802726 45.184482574 0.024664311 0.999617815 -0.012479350 -2.339902878 -0.993611813 0.023137188 -0.110454649 90.989746094
-0.109335385 0.015760995 0.993879914 45.851406097 0.024869336 0.999604642 -0.013115937 -2.361083031 -0.993693769 0.023283098 -0.109684132 90.919097900
-0.105908804 0.017590331 0.994220138 46.517951965 0.026511591 0.999538004 -0.014860285 -2.380990267 -0.994022369 0.024784526 -0.106326222 90.834472656
-0.100815244 0.018100202 0.994740427 47.148822784 0.025876353 0.999543905 -0.015565082 -2.400881767 -0.994568527 0.024171053 -0.101237625 90.782455444
-0.092813693 0.018690074 0.995508015 47.757778168 0.025587276 0.999538422 -0.016380174 -2.424447298 -0.995354652 0.023952030 -0.093249068 90.730834961
-0.081496760 0.018474905 0.996502399 48.361381531 0.024671173 0.999559224 -0.016513895 -2.448384523 -0.996368110 0.023239052 -0.081916623 90.685707092
-0.068064220 0.019034235 0.997499406 48.928554535 0.024440251 0.999549806 -0.017405679 -2.465246677 -0.997381449 0.023194427 -0.068498775 90.662147522
-0.050959885 0.020528290 0.998489678 49.473217010 0.023095716 0.999545515 -0.019371262 -2.485930443 -0.998433590 0.022073677 -0.051410839 90.645370483
-0.029407155 0.023202008 0.999298275 50.023937225 0.021588301 0.999512017 -0.022571681 -2.505033016 -0.999334395 0.020909378 -0.029893700 90.641105652
-0.004947610 0.026228096 0.999643683 50.548015594 0.019515563 0.999468029 -0.026126901 -2.524211884 -0.999797285 0.019379346 -0.005456835 90.656066895
0.023635954 0.027593665 0.999339640 51.081508636 0.018148258 0.999442399 -0.028025737 -2.552312374 -0.999555767 0.018798688 0.023122001 90.682067871
0.056353439 0.026817126 0.998050630 51.625934601 0.014739847 0.999507904 -0.027688544 -2.579215527 -0.998302042 0.016271459 0.055930436 90.743927002
0.094858490 0.024382094 0.995192111 52.144943237 0.014020238 0.999568045 -0.025825674 -2.597788811 -0.995392084 0.016402613 0.094475687 90.809898376
0.136941910 0.020452294 0.990368009 52.655303955 0.011705615 0.999683619 -0.022263253 -2.622334957 -0.990509868 0.014641638 0.136659190 90.903121948
0.181935593 0.016495116 0.983172119 53.164924622 0.008842048 0.999791443 -0.018410161 -2.637170792 -0.983270764 0.012042718 0.181751788 91.026725769
0.230591834 0.013460045 0.972957492 53.655799866 0.004678206 0.999877393 -0.014941201 -2.651620865 -0.973039389 0.007997015 0.230500609 91.171005249
0.282339692 0.011048809 0.959250808 54.102737427 0.000528211 0.999931693 -0.011672848 -2.682141781 -0.959314287 0.003802395 0.282314479 91.328063965
0.337137103 0.011257949 0.941388190 54.564369202 0.000238107 0.999927402 -0.012043288 -2.688182354 -0.941455603 0.004284389 0.337109923 91.526412964
0.395511091 0.011896884 0.918384135 55.009262085 0.002573216 0.999897838 -0.014061008 -2.700714111 -0.918457568 0.007924485 0.395440012 91.743438721
0.453810126 0.016921431 0.890937746 55.403182983 0.002238961 0.999794841 -0.020129379 -2.700441122 -0.891095638 0.011129692 0.453679144 91.999221802
0.513518333 0.020173475 0.857841372 55.803104401 0.003595864 0.999664307 -0.025661204 -2.714748621 -0.858071089 0.016262183 0.513273418 92.274002075
0.572361827 0.023682231 0.819659114 56.181762695 0.000201172 0.999578774 -0.029021090 -2.733304024 -0.820001185 0.016775461 0.572116017 92.565338135
0.629061222 0.027530331 0.776868045 56.531890869 -0.003938660 0.999472678 -0.032229617 -2.738370419 -0.777345836 0.017214583 0.628838003 92.880722046
0.678667009 0.027271045 0.733939648 56.790649414 -0.004996516 0.999458849 -0.032516725 -2.766986609 -0.734429121 0.018400893 0.678435922 93.227615356
0.727374673 0.025973687 0.685748875 57.081485748 -0.005758011 0.999479353 -0.031749133 -2.780706406 -0.686216235 0.019144965 0.727145493 93.592254639
0.772215486 0.023054801 0.634942234 57.333850861 -0.007601736 0.999605238 -0.027050521 -2.787839890 -0.635315061 0.016062174 0.772085845 93.970512390
0.812714577 0.017822877 0.582389355 57.575401306 -0.008154213 0.999782145 -0.019217290 -2.808276176 -0.582604766 0.010869251 0.812682807 94.391838074
0.849967957 0.013702571 0.526656091 57.798263550 -0.008367854 0.999886751 -0.012510275 -2.820419312 -0.526767910 0.006226349 0.849986315 94.796638489
0.881006598 0.010404708 0.472989470 57.991157532 -0.008853364 0.999945641 -0.005505980 -2.827827454 -0.473021001 0.000663257 0.881050885 95.235427856
0.906067133 0.011058446 0.422989219 58.144001007 -0.012245869 0.999924958 0.000089751 -2.840005636 -0.422956437 -0.005261191 0.906134725 95.682762146
0.926087022 0.012886642 0.377090007 58.287406921 -0.015387579 0.999875009 0.003620361 -2.848347187 -0.376996249 -0.009155273 0.926169515 96.130767822
0.941147745 0.019440766 0.337435931 58.404129028 -0.022986747 0.999714553 0.006515932 -2.859599829 -0.337212950 -0.013889009 0.941326022 96.581222534
0.952704310 0.023166206 0.303014576 58.512283325 -0.026137091 0.999641836 0.005752238 -2.859871387 -0.302772701 -0.013400102 0.952968538 97.055122375
0.962087870 0.025239032 0.271569341 58.615722656 -0.027757255 0.999599814 0.005435037 -2.858957291 -0.271323502 -0.012767004 0.962403536 97.501281738
0.968080878 0.019791557 0.249855354 58.725959778 -0.021843273 0.999746501 0.005441204 -2.859775543 -0.249684349 -0.010725182 0.968267918 97.981727600
0.972039282 0.016885430 0.234210402 58.839561462 -0.018858396 0.999803007 0.006186740 -2.867817402 -0.234059781 -0.010430585 0.972166240 98.466644287
0.974922061 0.020608706 0.221590430 58.939804077 -0.022458907 0.999730647 0.005832945 -2.866658449 -0.221410573 -0.010663345 0.975122392 98.978576660
0.976922691 0.026235078 0.211975485 59.033580780 -0.028132724 0.999586463 0.005940638 -2.861016273 -0.211732000 -0.011766993 0.977256894 99.490364075
0.978013396 0.033689171 0.205802351 59.131790161 -0.035286810 0.999368727 0.004096531 -2.848362446 -0.205534428 -0.011268569 0.978585005 100.017341614
0.978267550 0.040441010 0.203364432 59.222549438 -0.041601110 0.999133229 0.001431233 -2.865769386 -0.203130320 -0.009860315 0.979102015 100.545570374
0.978412092 0.041354995 0.202483252 59.328315735 -0.041935649 0.999119282 -0.001423463 -2.872364759 -0.202363774 -0.007098533 0.979284704 101.114875793
0.977975249 0.039340731 0.204980254 59.446319580 -0.039103959 0.999221444 -0.005207438 -2.874148369 -0.205025554 -0.002922793 0.978752196 101.666755676
0.977187216 0.038171962 0.208921552 59.568778992 -0.036501620 0.999263346 -0.011846263 -2.878267527 -0.209219858 0.003950043 0.977860630 102.224899292
0.976249456 0.038633019 0.213177487 59.694747925 -0.035951898 0.999218225 -0.016440829 -2.882035255 -0.213646024 0.008386216 0.976875067 102.797279358
0.975086570 0.043024048 0.217612237 59.814086914 -0.040435802 0.999048650 -0.016335098 -2.887780905 -0.218107998 0.007128813 0.975898623 103.400886536
0.973782182 0.046470702 0.222685859 59.955932617 -0.045004144 0.998918712 -0.011658674 -2.910662651 -0.222986892 0.001331219 0.974820554 103.988273621
0.972800851 0.043286715 0.227562815 60.101119995 -0.042839993 0.999058068 -0.006904284 -2.923043728 -0.227647334 -0.003032296 0.973738909 104.605323792
0.972080350 0.039026611 0.231380358 60.256187439 -0.039810501 0.999206364 -0.001282027 -2.931091785 -0.231246799 -0.007965137 0.972862542 105.233856201
0.971266150 0.036858704 0.235124841 60.410903931 -0.038750432 0.999243021 0.003428732 -2.939623833 -0.234820545 -0.012441403 0.971959114 105.870178223
0.970688045 0.032298267 0.238162875 60.571449280 -0.034238838 0.999405563 0.004014771 -2.944028854 -0.237891689 -0.012051513 0.971216917 106.514251709
0.970762253 0.028707871 0.238320053 60.737876892 -0.029820887 0.999554634 0.001065407 -2.957083464 -0.238183364 -0.008141172 0.971186042 107.171661377
0.970880270 0.028144097 0.237906411 60.900676727 -0.027535303 0.999603570 -0.005882377 -2.964311123 -0.237977639 -0.000839742 0.971270263 107.831329346
0.970976293 0.030458877 0.237228498 61.054573059 -0.028282398 0.999520957 -0.012573298 -2.969044924 -0.237497792 0.005498983 0.971372485 108.503417969
0.971608043 0.032762077 0.234316826 61.223495483 -0.029806633 0.999425292 -0.016144298 -2.980284929 -0.234711081 0.008701736 0.972026289 109.194480896
0.972200036 0.031275004 0.232053533 61.390037537 -0.029289935 0.999498963 -0.011995754 -2.987287998 -0.232312456 0.004865440 0.972629011 109.914169312
0.972625375 0.027186129 0.230783045 61.559410095 -0.026910502 0.999628425 -0.004342568 -2.999952555 -0.230815396 -0.001986798 0.972995520 110.632316589
0.973176062 0.027752124 0.228381783 61.726799011 -0.028848646 0.999582708 0.001463634 -3.009891987 -0.228245884 -0.008012880 0.973570585 111.367149353
0.973481715 0.031093014 0.226642117 61.894569397 -0.032084566 0.999484837 0.000691565 -3.015448332 -0.226503894 -0.007944941 0.973977804 112.121070862
0.973800719 0.036764946 0.224411398 62.053272247 -0.036814261 0.999314189 -0.003965824 -3.020664454 -0.224403352 -0.004399620 0.974486351 112.865249634
0.974631608 0.037823100 0.220596313 62.220848083 -0.036673769 0.999284029 -0.009304793 -3.026587963 -0.220790237 0.000978646 0.975320756 113.632385254
0.975617886 0.036315206 0.216451392 62.391967773 -0.034495000 0.999330580 -0.012182719 -3.033459187 -0.216748938 0.004419188 0.976217270 114.398780823
0.976551712 0.034022223 0.212578177 62.563877106 -0.032456700 0.999414206 -0.010850890 -3.045744658 -0.212822899 0.003696870 0.977083743 115.187095642
0.977440000 0.030356919 0.209020764 62.741588593 -0.029154697 0.999535859 -0.008831022 -3.059185982 -0.209191829 0.002537856 0.977871299 115.986366272
0.977778196 0.029393734 0.207570925 62.902091980 -0.028841151 0.999567747 -0.005688551 -3.077260494 -0.207648441 -0.000424445 0.978203356 116.779159546
0.978110850 0.026526388 0.206386268 63.077007294 -0.026409531 0.999645710 -0.003321629 -3.091000795 -0.206401244 -0.002201644 0.978464961 117.606582642
0.978339255 0.021571875 0.205880255 63.252899170 -0.021580782 0.999764681 -0.002202601 -3.099291801 -0.205879331 -0.002288166 0.978574753 118.430831909
0.978465617 0.022220979 0.205209896 63.425559998 -0.022590773 0.999744654 -0.000540936 -3.109661341 -0.205169544 -0.004106564 0.978717864 119.260810852
0.978236735 0.027226062 0.205697805 63.590583801 -0.027274547 0.999624550 -0.002600338 -3.119266272 -0.205691397 -0.003066568 0.978612125 120.101066589
0.977925956 0.033188730 0.206298828 63.754211426 -0.032696921 0.999448538 -0.005793793 -3.130579472 -0.206377357 -0.001079436 0.978471935 120.941619873
0.977415621 0.041815996 0.207147643 63.920967102 -0.041126419 0.999124765 -0.007636080 -3.133700848 -0.207285687 -0.001055617 0.978279889 121.782257080
0.976452470 0.047765296 0.210378230 64.083770752 -0.047399886 0.998852968 -0.006781944 -3.152954817 -0.210460901 -0.003349658 0.977596641 122.625198364
0.975743830 0.050005555 0.213127658 64.259933472 -0.050139721 0.998730779 -0.004779126 -3.170216322 -0.213096157 -0.006022956 0.977012753 123.487365723
0.975152731 0.050896548 0.215607941 64.443786621 -0.050887331 0.998688698 -0.005597657 -3.182485580 -0.215610176 -0.005513141 0.976463914 124.346237183
0.974797130 0.049326740 0.217571512 64.629577637 -0.048654716 0.998779953 -0.008448150 -3.192647934 -0.217722788 -0.002350648 0.976007760 125.188934326
0.974794149 0.043275934 0.218868881 64.826843262 -0.042817447 0.999059498 -0.006839911 -3.214362621 -0.218959093 -0.002703901 0.975730240 126.038154602
0.975039721 0.036344700 0.219035536 65.028350830 -0.035354704 0.999339223 -0.008439005 -3.235145807 -0.219197512 0.000484427 0.975680351 126.899429321
0.974720716 0.035960134 0.220514193 65.219367981 -0.034990340 0.999353230 -0.008303622 -3.254934311 -0.220670193 0.000377844 0.975348353 127.754890442
0.974289060 0.038490411 0.221990183 65.409614563 -0.038236413 0.999253929 -0.005443415 -3.269655704 -0.222034097 -0.003184648 0.975033700 128.598281860
0.973877311 0.040409535 0.223450616 65.595947266 -0.041529346 0.999137342 0.000312446 -3.282701015 -0.223245248 -0.009584041 0.974715173 129.462783813
0.973570883 0.043754250 0.224154383 65.793922424 -0.045912568 0.998935759 0.004423178 -3.296405792 -0.223722279 -0.014597784 0.974543631 130.335449219
0.973407686 0.042916209 0.225023583 65.989440918 -0.043549217 0.999048948 -0.002152010 -3.308455706 -0.224901915 -0.007704815 0.974351048 131.179611206
0.973690629 0.038678654 0.224567875 66.194847107 -0.035892427 0.999219894 -0.016477682 -3.328051329 -0.225030005 0.007983880 0.974319160 132.009674072
