1.000000000 0.000000000 0.000000000 0.000000000 0.000000000 1.000000000 0.000000000 0.000000000 0.000000000 0.000000000 1.000000000 0.000000000
0.999998569 0.000580488 0.001587960 -0.004536839 -0.000573405 0.999989927 -0.004457530 -0.002423784 -0.001590531 0.004456613 0.999988794 0.976399302
0.999996006 -0.001948792 0.002046906 0.003635669 0.001959457 0.999984443 -0.005220836 0.000363629 -0.002036700 0.005224825 0.999984264 1.944624543
0.999992609 -0.003250051 0.002104849 0.001981098 0.003253003 0.999993742 -0.001400583 -0.000912979 -0.002100284 0.001407419 0.999996781 2.921468973
0.999983191 -0.005620265 0.001409785 0.006863189 0.005613553 0.999973238 0.004720204 -0.004038287 -0.001436276 -0.004712211 0.999987841 3.890508652
0.999953449 -0.009641438 -0.000168939 0.014148591 0.009642130 0.999942243 0.004741086 0.000673203 0.000123218 -0.004742495 0.999988735 4.850287914
0.999923706 -0.012269822 -0.001418958 0.020810567 0.012272367 0.999923050 0.001800610 0.004016669 0.001396756 -0.001817887 0.999997377 5.802268982
0.999915421 -0.012738895 -0.002609320 0.021405751 0.012734910 0.999917686 -0.001537810 0.005595664 0.002628695 0.001504451 0.999995470 6.753152370
0.999916911 -0.012574817 -0.002846411 0.009353450 0.012568604 0.999918640 -0.002190910 0.006924983 0.002873730 0.002154952 0.999993503 7.707042217
0.999917448 -0.012190168 -0.004069144 0.004452836 0.012188872 0.999925673 -0.000343086 0.006851330 0.004073024 0.000293460 0.999991655 8.652615547
0.999924064 -0.011569464 -0.004248676 -0.012068592 0.011580978 0.999929309 0.002695572 0.004043667 0.004217189 -0.002744571 0.999987364 9.598421097
0.999914825 -0.011892489 -0.005388055 -0.018758669 0.011914104 0.999921024 0.003997333 0.009938415 0.005340092 -0.004061186 0.999977469 10.544683456
0.999895573 -0.013319222 -0.005607276 -0.026781328 0.013346394 0.999899209 0.004836919 0.012487993 0.005542286 -0.004911250 0.999972582 11.479060173
0.999888957 -0.013482386 -0.006352061 -0.037335631 0.013514817 0.999895692 0.005090430 0.014263898 0.006282767 -0.005175711 0.999966860 12.408585548
0.999876797 -0.013903899 -0.007286958 -0.045740835 0.013928923 0.999897242 0.003394684 0.020135319 0.007239011 -0.003495766 0.999967694 13.341273308
0.999862611 -0.014332999 -0.008321574 -0.061194200 0.014346026 0.999895990 0.001508012 0.023896525 0.008299095 -0.001627187 0.999964237 14.269259453
0.999820173 -0.015895804 -0.010339385 -0.066659860 0.015899049 0.999873638 0.000231836 0.028234221 0.010334391 -0.000396181 0.999946535 15.188106537
0.999816597 -0.015357113 -0.011439859 -0.088860735 0.015348948 0.999881864 -0.000801207 0.032612052 0.011450812 0.000625469 0.999934196 16.130500793
0.999813199 -0.014122218 -0.013192684 -0.100627698 0.014109649 0.999899924 -0.001045218 0.020510655 0.013206125 0.000858879 0.999912441 17.030345917
0.999806225 -0.012870981 -0.014892759 -0.118373379 0.012856682 0.999916792 -0.001055565 0.022821216 0.014905106 0.000863889 0.999888480 17.946485519
0.999781489 -0.013421698 -0.016026255 -0.143024862 0.013428369 0.999909818 0.000308776 0.015283609 0.016020663 -0.000523915 0.999871492 18.852888107
0.999764264 -0.012860535 -0.017492786 -0.167568013 0.012886568 0.999916077 0.001376388 0.020634368 0.017473616 -0.001601486 0.999846041 19.771615982
0.999744713 -0.012160487 -0.019041656 -0.181786731 0.012196631 0.999924004 0.001783195 0.023298191 0.019018525 -0.002014984 0.999817073 20.666822433
0.999697208 -0.013472754 -0.020589443 -0.200604632 0.013499355 0.999908149 0.001153557 0.030624095 0.020572012 -0.001431152 0.999787331 21.568855286
0.999662578 -0.013192408 -0.022370845 -0.218761772 0.013219627 0.999911964 0.001069175 0.028430305 0.022354769 -0.001364548 0.999749243 22.458494186
0.999637067 -0.013350766 -0.023396159 -0.245657295 0.013382647 0.999909759 0.001206691 0.033216152 0.023377936 -0.001519356 0.999725580 23.335309982
0.999625146 -0.013093797 -0.024042003 -0.275272518 0.013175923 0.999907851 0.003260744 0.028926566 0.023997087 -0.003576297 0.999705613 24.202848434
0.999586225 -0.014168793 -0.025034096 -0.294662923 0.014332782 0.999876857 0.006383317 0.029813156 0.024940571 -0.006739483 0.999666214 25.071037292
0.999565005 -0.014099171 -0.025907384 -0.314863473 0.014298489 0.999869406 0.007524321 0.037192583 0.025797918 -0.007891484 0.999636054 25.924461365
0.999577940 -0.013288124 -0.025833011 -0.353763849 0.013462428 0.999887705 0.006585089 0.033960000 0.025742605 -0.006930084 0.999644578 26.769847870
0.999563098 -0.012001597 -0.027007747 -0.376126885 0.012105921 0.999919891 0.003702644 0.041553218 0.026961146 -0.004027980 0.999628305 27.598098755
0.999554992 -0.011267941 -0.027619312 -0.403356940 0.011347801 0.999931872 0.002736486 0.038671844 0.027586596 -0.003048687 0.999614775 28.412343979
0.999545276 -0.010208232 -0.028373610 -0.431926996 0.010268769 0.999945283 0.001988661 0.045335732 0.028351758 -0.002279120 0.999595404 29.226585388
0.999505401 -0.010117191 -0.029778687 -0.454425573 0.010173111 0.999946713 0.001726926 0.044585295 0.029759629 -0.002029013 0.999555051 30.026559830
0.999469578 -0.009402808 -0.031180831 -0.489608467 0.009427652 0.999955297 0.000649803 0.047606364 0.031173326 -0.000943420 0.999513566 30.804805756
0.999391019 -0.009441415 -0.033593129 -0.511669457 0.009473357 0.999954820 0.000791815 0.044494141 0.033584137 -0.001109572 0.999435306 31.597484589
0.999303520 -0.009778171 -0.036011524 -0.537130415 0.009846990 0.999949992 0.001734164 0.047638737 0.035992768 -0.002087561 0.999349892 32.405780792
0.999215484 -0.010200555 -0.038267523 -0.562943280 0.010352587 0.999939203 0.003776859 0.052564867 0.038226672 -0.004170064 0.999260485 33.171974182
0.999142468 -0.008598250 -0.040499542 -0.592317402 0.008822051 0.999946773 0.005350511 0.056188256 0.040451385 -0.005703213 0.999165237 33.927227020
0.999093294 -0.007847134 -0.041843850 -0.637867391 0.008091448 0.999951184 0.005672559 0.052587554 0.041797288 -0.006005992 0.999108076 34.673606873
0.999024987 -0.005039542 -0.043858055 -0.674146831 0.005260199 0.999974072 0.004917185 0.056711420 0.043832131 -0.005143093 0.999025702 35.402679443
0.998947084 -0.003714856 -0.045725435 -0.707266569 0.003905895 0.999983966 0.004089328 0.058778673 0.045709506 -0.004263621 0.998945594 36.141471863
0.998863637 -0.003435493 -0.047536075 -0.740476847 0.003685434 0.999979794 0.005171280 0.063813776 0.047517352 -0.005340594 0.998856068 36.851161957
0.998823106 -0.001807027 -0.048468392 -0.782348514 0.002147720 0.999973297 0.006978018 0.070192844 0.048454486 -0.007073902 0.998800278 37.567218781
0.998832226 0.000945434 -0.048302978 -0.826563239 -0.000594863 0.999973476 0.007271620 0.076775581 0.048308562 -0.007234395 0.998806238 38.253387451
0.998864293 0.003990314 -0.047481503 -0.861837268 -0.003724969 0.999976933 0.005675571 0.071435183 0.047503065 -0.005492257 0.998856008 38.952037811
0.998922467 0.005461848 -0.046088766 -0.891056478 -0.005350671 0.999982536 0.002535247 0.077023536 0.046101801 -0.002285909 0.998934090 39.622104645
0.999017000 0.006188391 -0.043893483 -0.923338711 -0.006157327 0.999980628 0.000842863 0.079123989 0.043897852 -0.000571767 0.999035895 40.283290863
0.999160826 0.007219420 -0.040318351 -0.957313299 -0.007155593 0.999972880 0.001727120 0.077080935 0.040329721 -0.001437169 0.999185383 40.942619324
0.999236822 0.011926084 -0.037196644 -0.983027101 -0.011781287 0.999922097 0.004109515 0.083231799 0.037242759 -0.003668154 0.999299467 41.597213745
0.999320090 0.016096586 -0.033170801 -1.015111685 -0.015850643 0.999845028 0.007664223 0.084801584 0.033289030 -0.007133233 0.999420285 42.229278564
0.999352634 0.021263098 -0.029021177 -1.037620306 -0.021012587 0.999739408 0.008909943 0.081976086 0.029203067 -0.008294364 0.999539137 42.845722198
0.999404788 0.024767365 -0.024011960 -1.056357384 -0.024551779 0.999655902 0.009231786 0.085942507 0.024232345 -0.008636757 0.999669015 43.462467194
0.999423563 0.028387245 -0.018618645 -1.064287663 -0.028184354 0.999541461 0.011070624 0.094416887 0.018924372 -0.010539489 0.999765277 44.045299530
0.999377370 0.033370972 -0.011458904 -1.085534096 -0.033227105 0.999369383 0.012523833 0.095630467 0.011869612 -0.012135291 0.999855876 44.613700867
0.999313772 0.036802761 -0.004195891 -1.092997074 -0.036748040 0.999247015 0.012447046 0.093409240 0.004650818 -0.012284315 0.999913692 45.159576416
0.999196053 0.040002968 0.002655336 -1.094573140 -0.040031616 0.999128759 0.011793778 0.107896239 -0.002181237 -0.011890595 0.999926925 45.703121185
0.998967528 0.044364657 0.009785930 -1.087510347 -0.044474527 0.998946488 0.011311403 0.112921178 -0.009273794 -0.011734948 0.999888122 46.208805084
0.998658955 0.048686069 0.017610647 -1.086357594 -0.048836369 0.998773098 0.008207414 0.122256070 -0.017189452 -0.009056448 0.999811232 46.689994812
0.998374879 0.050853532 0.025719974 -1.073914647 -0.051005378 0.998684406 0.005282556 0.119935364 -0.025417499 -0.006585829 0.999655187 47.143955231
0.998146474 0.050822884 0.033475243 -1.060052395 -0.051022273 0.998684347 0.005128931 0.120446131 -0.033170532 -0.006827407 0.999426365 47.586795807
0.997887969 0.050227866 0.041189995 -1.036052942 -0.050533764 0.998701751 0.006418619 0.123131305 -0.040814120 -0.008486548 0.999130726 48.003353119
0.997452974 0.051597115 0.049245745 -1.009965181 -0.052013483 0.998620391 0.007210261 0.123802364 -0.048805781 -0.009753340 0.998760641 48.389621735
0.996805251 0.054928426 0.057984017 -0.993051767 -0.055434521 0.998436689 0.007154979 0.127590105 -0.057500362 -0.010346438 0.998291790 48.760822296
0.995999396 0.059676886 0.066511720 -0.968545437 -0.060245369 0.998161972 0.006572708 0.129225105 -0.065997221 -0.010553434 0.997763932 49.097793579
0.995088995 0.063723288 0.075744994 -0.947049618 -0.064405032 0.997902095 0.006589669 0.129878610 -0.075166173 -0.011435664 0.997105479 49.412311554
0.994396210 0.062859736 0.084999233 -0.919725895 -0.063715078 0.997940719 0.007385082 0.124179244 -0.084359974 -0.012759429 0.996353626 49.701404572
0.993497729 0.061815251 0.095609233 -0.882093430 -0.062641092 0.998020053 0.005657740 0.122452796 -0.095070191 -0.011610020 0.995402873 49.979980469
0.992391527 0.060270216 0.107361585 -0.842339993 -0.060748938 0.998152375 0.001191080 0.119332477 -0.107091427 -0.007704120 0.994219244 50.254470825
0.990820289 0.061262488 0.120507173 -0.799074650 -0.061375309 0.998110890 -0.002778704 0.117408827 -0.120449744 -0.004642968 0.992708504 50.526538849
0.988696456 0.063122548 0.135996833 -0.756290436 -0.063026771 0.997999191 -0.005014253 0.118185133 -0.136041269 -0.003613867 0.990696609 50.795845032
0.986207664 0.064711891 0.152337879 -0.710045338 -0.064498596 0.997897625 -0.006346574 0.118543386 -0.152428284 -0.003566539 0.988308132 51.067409515
0.983426273 0.065125294 0.169208735 -0.653112411 -0.064745627 0.997871518 -0.007766396 0.120389253 -0.169354379 -0.003317848 0.985549688 51.336715698
0.980195105 0.064326450 0.187295616 -0.593161583 -0.063770138 0.997923970 -0.009000364 0.117834389 -0.187485784 -0.003121756 0.982262373 51.589660645
0.976343393 0.063696466 0.206631184 -0.524622917 -0.063162953 0.997960925 -0.009184827 0.113301873 -0.206794873 -0.004083887 0.978375852 51.830718994
0.971864522 0.063936681 0.226697326 -0.444710732 -0.063213177 0.997945249 -0.010457456 0.111977100 -0.226900160 -0.004167025 0.973909140 52.086200714
0.966666520 0.065795451 0.247440472 -0.361702919 -0.064706460 0.997825563 -0.012539698 0.102922499 -0.247727454 -0.003889289 0.968821943 52.336441040
0.960405171 0.067391627 0.270333618 -0.281053543 -0.065969855 0.997718334 -0.014352988 0.092409551 -0.270684093 -0.004049181 0.962659776 52.586128235
0.953212261 0.068410166 0.294459701 -0.178217888 -0.066666149 0.997647524 -0.015969083 0.097332239 -0.294859469 -0.004408570 0.955530465 52.833011627
0.944640994 0.071394168 0.320244193 -0.081348419 -0.069645055 0.997428179 -0.016927667 0.092720211 -0.320629120 -0.006312856 0.947183788 53.088012695
0.934928775 0.073222622 0.347198308 0.030071259 -0.071489044 0.997282207 -0.017818239 0.082408249 -0.347559392 -0.008162091 0.937622488 53.327285767
0.923786044 0.074090064 0.375672519 0.156059265 -0.072026528 0.997210979 -0.019555120 0.079936802 -0.376073599 -0.008993637 0.926546156 53.576740265
0.911234677 0.072054788 0.405535936 0.293409348 -0.069319256 0.997363925 -0.021449938 0.066975236 -0.406012475 -0.008565526 0.913827360 53.812335968
0.896428943 0.069459304 0.437710643 0.441028595 -0.065480605 0.997560441 -0.024196671 0.057451129 -0.438323498 -0.006970960 0.898790240 54.034240723
0.879239678 0.068575963 0.471418113 0.602317810 -0.062534608 0.997636080 -0.028490512 0.049085259 -0.472257465 -0.004429964 0.881449521 54.260219574
0.859681785 0.070658125 0.505919635 0.773384094 -0.062161766 0.997497439 -0.033685096 0.041839004 -0.507033706 -0.002490406 0.861922562 54.495532990
0.837941766 0.072496861 0.540923178 0.963298798 -0.061650719 0.997367740 -0.038168654 0.031448126 -0.542266369 -0.001365195 0.840205431 54.731781006
0.813430130 0.075182103 0.576783419 1.166269302 -0.062515840 0.997167647 -0.041812722 0.021755695 -0.578293383 -0.002046378 0.815826237 54.971706390
0.786046803 0.079592012 0.613021612 1.376960754 -0.065879375 0.996814787 -0.044948168 0.011603236 -0.614646435 -0.005054127 0.788786530 55.204929352
0.756283283 0.083594203 0.648881793 1.604080200 -0.069123879 0.996461928 -0.047807176 -0.003607750 -0.650582433 -0.008697455 0.759385884 55.435699463
0.723386884 0.084845826 0.685209930 1.869976044 -0.068750076 0.996340156 -0.050790865 -0.014768362 -0.687011540 -0.010366801 0.726572514 55.669181824
0.686838388 0.082383685 0.722125888 2.165679932 -0.065238684 0.996532619 -0.051638655 -0.037362099 -0.723876357 -0.011643134 0.689831614 55.904590607
0.647675276 0.081038088 0.757594526 2.478502274 -0.062466949 0.996627986 -0.053203288 -0.059691668 -0.759351492 -0.012866162 0.650553584 56.133525848
0.605039895 0.080932945 0.792071044 2.821399689 -0.060709525 0.996613562 -0.055458643 -0.073179245 -0.793877304 -0.014531560 0.607904494 56.366828918
0.559490502 0.079932921 0.824973404 3.191127777 -0.056252722 0.996705830 -0.058422178 -0.100564003 -0.826925635 -0.013720347 0.562143862 56.577846527
0.511276662 0.078580365 0.855816126 3.584884644 -0.052850608 0.996801198 -0.059951797 -0.123609900 -0.857789636 -0.014578452 0.513794124 56.781623840
0.462009609 0.076907247 0.883534014 3.999336243 -0.051101983 0.996886313 -0.060052209 -0.145598888 -0.885401487 -0.017405646 0.464501172 56.976444244
0.412925541 0.075079441 0.907664895 4.457670212 -0.051394850 0.996929228 -0.059081987 -0.172204494 -0.909313440 -0.022252832 0.415516287 57.148185730
0.363048017 0.074909523 0.928754389 4.916690826 -0.053875651 0.996783137 -0.059336580 -0.187403202 -0.930211544 -0.028495219 0.365915954 57.300773621
0.312995970 0.075514629 0.946747661 5.397998810 -0.051947922 0.996703029 -0.062325142 -0.208250642 -0.948332667 -0.029674059 0.315886885 57.450355530
0.266426325 0.071980737 0.961163700 5.869996071 -0.040856700 0.997154772 -0.063350923 -0.239972234 -0.962988973 -0.022391621 0.268609166 57.529178619
0.222459018 0.066115431 0.972697616 6.391126633 -0.027521208 0.997726202 -0.061522458 -0.271326125 -0.974553645 -0.013083593 0.223772705 57.604766846
0.180808753 0.065124512 0.981359780 6.904092789 -0.018236877 0.997855723 -0.062859192 -0.295240939 -0.983349085 -0.006531450 0.181608677 57.652011871
0.141768724 0.066844776 0.987640321 7.478470802 -0.015039791 0.997747660 -0.065370008 -0.322675109 -0.989785552 -0.005586489 0.142454758 57.736911774
0.109584056 0.067319706 0.991695166 7.997575283 -0.006556437 0.997731090 -0.067004949 -0.360410750 -0.993955851 0.000840685 0.109776780 57.748546600
0.080883257 0.065780587 0.994550526 8.568609238 0.000780973 0.997815371 -0.066060014 -0.395650744 -0.996723294 0.006119868 0.080655172 57.769096375
0.055722624 0.063832186 0.996403754 9.147410393 0.007799738 0.997895956 -0.064363964 -0.431359142 -0.998415947 0.011358218 0.055107493 57.784465790
0.036064707 0.063210905 0.997348368 9.739984512 0.012321057 0.997893631 -0.063690998 -0.458568752 -0.999273539 0.014585384 0.035209909 57.788261414
0.020142270 0.064909033 0.997687817 10.339265823 0.014889869 0.997760117 -0.065214336 -0.491188347 -0.999686241 0.016169004 0.019130662 57.785037994
0.006961763 0.064541422 0.997890651 10.951034546 0.015814584 0.997783065 -0.064644784 -0.527027607 -0.999850690 0.016231267 0.005925632 57.778045654
-0.004672570 0.065278612 0.997856200 11.570201874 0.016354503 0.997738540 -0.065194353 -0.565461457 -0.999855399 0.016014814 -0.005729601 57.766170502
-0.013569521 0.068215780 0.997578323 12.199931145 0.021052437 0.997468531 -0.067921914 -0.601987958 -0.999686301 0.020079788 -0.014971282 57.746742249
-0.019991234 0.069883712 0.997354746 12.853806496 0.025828142 0.997257292 -0.069359161 -0.640273750 -0.999466479 0.024373244 -0.021741364 57.720989227
-0.024555568 0.069519304 0.997278273 13.513731003 0.026255356 0.997279882 -0.068872944 -0.669779480 -0.999353647 0.024492677 -0.026314026 57.702209473
-0.028140467 0.066621058 0.997381508 14.179303169 0.024265736 0.997528017 -0.065946214 -0.709605217 -0.999309361 0.022346437 -0.029687518 57.685817719
-0.031165609 0.059926748 0.997716129 14.870516777 0.021798344 0.998004377 -0.059263155 -0.746412039 -0.999276519 0.019901590 -0.032409720 57.682338715
-0.031993892 0.054236963 0.998015344 15.602747917 0.023029346 0.998301506 -0.053514250 -0.783067882 -0.999222696 0.021271512 -0.033188581 57.644149780
-0.032372300 0.051914543 0.998126626 16.309495926 0.025565410 0.998366356 -0.051097844 -0.814022362 -0.999148846 0.023863364 -0.033646625 57.616729736
-0.031899706 0.053879272 0.998037755 17.016664505 0.028688082 0.998183906 -0.052970216 -0.854313970 -0.999079227 0.026942052 -0.033387467 57.587337494
-0.031155987 0.061249804 0.997636080 17.737201691 0.029808795 0.997733533 -0.060324863 -0.885545254 -0.999069870 0.027858846 -0.032911159 57.562179565
-0.028551508 0.069253325 0.997190416 18.478672028 0.030386601 0.997196317 -0.068383694 -0.924493313 -0.999130249 0.028348770 -0.030575832 57.535190582
-0.027135525 0.070355758 0.997152746 19.256288528 0.031323936 0.997090220 -0.069498911 -0.960304260 -0.999140859 0.029348865 -0.029260386 57.530078888
-0.025159884 0.066026427 0.997500658 20.014883041 0.030500587 0.997402608 -0.065250643 -1.000845551 -0.999217987 0.028782656 -0.027108386 57.514057159
-0.022347849 0.059295576 0.997990251 20.772626877 0.030232605 0.997823000 -0.058608655 -1.048535943 -0.999293029 0.028862061 -0.024091862 57.493171692
-0.019482533 0.057611138 0.998148978 21.539754868 0.028610511 0.997961700 -0.057041902 -1.092830420 -0.999400735 0.027446235 -0.021091107 57.482044220
-0.015886970 0.062970795 0.997888923 22.291143417 0.036303319 0.997393131 -0.062361550 -1.137142777 -0.999214530 0.035235941 -0.018131606 57.464462280
-0.012988837 0.068706170 0.997552335 23.065416336 0.037305094 0.996975303 -0.068180680 -1.184062600 -0.999219418 0.036328193 -0.015512640 57.452533722
-0.010299569 0.069486089 0.997529745 23.819717407 0.031445157 0.997111857 -0.069132298 -1.221749663 -0.999452293 0.030655444 -0.012454824 57.447978973
-0.007275247 0.065899462 0.997799754 24.582567215 0.027034333 0.997474372 -0.065680861 -1.268337727 -0.999607980 0.026496993 -0.009038421 57.455242157
-0.002563003 0.062013611 0.998071969 25.351263046 0.030930523 0.997602642 -0.061905019 -1.322501540 -0.999518216 0.030712225 -0.004474973 57.448371887
0.000882239 0.062816985 0.998024702 26.126518250 0.035380855 0.997398376 -0.062808812 -1.379978776 -0.999373496 0.035366382 -0.001342575 57.448253632
0.003813644 0.067479663 0.997713506 26.893373489 0.034840770 0.997105956 -0.067571767 -1.424901128 -0.999385595 0.035018791 0.001451563 57.452140808
0.007588437 0.068448767 0.997625768 27.663166046 0.031455964 0.997144461 -0.068655021 -1.466802120 -0.999476314 0.031902261 0.005413645 57.463760376
0.010878819 0.067850798 0.997636199 28.429882050 0.030596187 0.997205436 -0.068155155 -1.514707208 -0.999472618 0.031265307 0.008772441 57.482021332
0.014623535 0.064690679 0.997798145 29.198852539 0.035138525 0.997255266 -0.065170445 -1.563280344 -0.999275446 0.036014181 0.012310260 57.487655640
0.018368114 0.065248929 0.997699916 29.961915970 0.039402179 0.997045875 -0.065931566 -1.611066103 -0.999054551 0.040522590 0.015742902 57.495788574
0.021976620 0.066213191 0.997563422 30.728784561 0.042261221 0.996851087 -0.067096941 -1.657058954 -0.998864949 0.043632813 0.019109167 57.504787445
0.024204973 0.065659605 0.997548461 31.497383118 0.042625569 0.996865571 -0.066648945 -1.707491636 -0.998797894 0.044134304 0.021330327 57.532505035
0.027771598 0.064200774 0.997550607 32.297660828 0.043843474 0.996896803 -0.065379322 -1.766501427 -0.998652339 0.045551766 0.024870636 57.552997589
0.031820714 0.063261867 0.997489572 33.059165955 0.046009421 0.996844232 -0.064688697 -1.812058449 -0.998434067 0.047952350 0.028809652 57.567543030
0.034451284 0.063676432 0.997375727 33.831054688 0.044235613 0.996892929 -0.065173581 -1.854976416 -0.998426974 0.046364836 0.031527475 57.599555969
0.037509002 0.065258823 0.997163057 34.598926544 0.041548356 0.996900558 -0.066804506 -1.902660131 -0.998432159 0.043936253 0.034681346 57.636455536
0.040559608 0.065353326 0.997037649 35.406166077 0.043307517 0.996805906 -0.067099892 -1.952173948 -0.998238266 0.045900762 0.037599768 57.663509369
0.043634571 0.065122820 0.996922791 36.183906555 0.041277006 0.996903598 -0.066928223 -1.995192051 -0.998194456 0.044070382 0.040811390 57.694160461
0.045787562 0.065534063 0.996799290 36.957008362 0.039711170 0.996937633 -0.067367285 -2.041730404 -0.998161674 0.042668644 0.043044910 57.735649109
0.048664194 0.065175869 0.996686518 37.738540649 0.036691364 0.997078657 -0.066993013 -2.096225739 -0.998141110 0.039829943 0.046130631 57.776844025
0.051496498 0.067893535 0.996362627 38.526363373 0.034963999 0.996952176 -0.069740802 -2.139087200 -0.998061001 0.038428240 0.048965719 57.833507538
0.054774914 0.070978388 0.995972753 39.332107544 0.033870772 0.996764123 -0.072897546 -2.196979284 -0.997924030 0.037727334 0.052193586 57.881618500
0.058883287 0.073460482 0.995558262 40.116859436 0.034214467 0.996554196 -0.075557627 -2.243956566 -0.997678339 0.038511582 0.056166977 57.919342041
0.061240375 0.075559966 0.995258927 40.902290344 0.027955774 0.996609390 -0.077382684 -2.295845032 -0.997731388 0.032562174 0.058920398 57.980972290
0.064226694 0.074036449 0.995185196 41.700031281 0.024615068 0.996823192 -0.075746909 -2.357378960 -0.997631729 0.029361522 0.062200259 58.040012360
0.067688562 0.075326607 0.994858921 42.502296448 0.027285818 0.996633112 -0.077317439 -2.404174566 -0.997333288 0.032379050 0.065405317 58.099296570
0.071458079 0.076643139 0.994494617 43.310340881 0.026338745 0.996550918 -0.078694150 -2.464833260 -0.997095764 0.031817075 0.069192916 58.160263062
0.075679064 0.076980703 0.994156241 44.116031647 0.022473656 0.996630549 -0.078883074 -2.524101257 -0.996878922 0.028312122 0.073694028 58.222579956
0.079260439 0.075387977 0.993999183 44.920082092 0.021458233 0.996776223 -0.077309638 -2.575950146 -0.996622920 0.027457066 0.077387229 58.301292419
0.083835915 0.075174898 0.993639886 45.738468170 0.021587564 0.996779203 -0.077233799 -2.644781351 -0.996245682 0.027925231 0.081943057 58.371795654
0.089219712 0.078540877 0.992910385 46.571285248 0.018429032 0.996585190 -0.080487527 -2.710762739 -0.995841384 0.025479451 0.087467626 58.449474335
0.095109835 0.087601379 0.991604745 47.380512238 0.016576339 0.995842934 -0.089565702 -2.765315533 -0.995328665 0.024955757 0.093262359 58.534389496
0.102615468 0.092038997 0.990453839 48.201644897 0.014985668 0.995454073 -0.094056241 -2.836291552 -0.994608223 0.024494238 0.100769728 58.621925354
0.109356806 0.095387436 0.989415109 49.010971069 0.009984327 0.995229244 -0.097051486 -2.900485516 -0.993952453 0.020491883 0.107882708 58.728286743
0.116720743 0.093106233 0.988790870 49.850715637 0.006985874 0.995494425 -0.094562076 -2.981745481 -0.993140221 0.017944926 0.115544431 58.836463928
0.124294743 0.091296576 0.988036215 50.685276031 0.006927775 0.995653927 -0.092871957 -3.053892612 -0.992221177 0.018388392 0.123122081 58.948692322
0.131638855 0.087818839 0.987400115 51.516468048 0.006793113 0.995964825 -0.089486219 -3.122946978 -0.991274536 0.018487385 0.130511105 59.064529419
0.139102250 0.082031406 0.986874521 52.350269318 0.004414229 0.996501863 -0.083453849 -3.196711779 -0.990268230 0.015964909 0.138253555 59.186386108
0.146351531 0.075193219 0.986370742 53.199798584 0.001367676 0.997090578 -0.076213345 -3.259848118 -0.989231706 0.012502978 0.145822898 59.318420410
0.153664857 0.072245978 0.985478401 54.020549774 0.000846358 0.997313559 -0.073245600 -3.329964638 -0.988122702 0.012089343 0.153190926 59.453006744
0.161200806 0.074388884 0.984114230 54.837013245 0.000794774 0.997145176 -0.075504079 -3.386454105 -0.986921310 0.012953466 0.160681471 59.587726593
0.166386813 0.080880851 0.982737899 55.639339447 0.001496125 0.996608496 -0.082275726 -3.445567608 -0.986059427 0.015159895 0.165701509 59.737476349
0.171999633 0.084621869 0.981455743 56.437278748 0.000704997 0.996292770 -0.086024679 -3.502712965 -0.985096753 0.015488137 0.171302348 59.880218506
0.176785618 0.087544352 0.980348349 57.241493225 -0.000778060 0.996048629 -0.088806055 -3.576838970 -0.984248996 0.014936864 0.176155195 60.027942657
0.182150871 0.086848564 0.979427576 58.028442383 -0.003688298 0.996144891 -0.087644987 -3.650095701 -0.983263612 0.012352191 0.181768984 60.183647156
0.187120184 0.083787493 0.978757262 58.805065155 0.000433746 0.996348619 -0.085376367 -3.715030909 -0.982336998 0.016400171 0.186400622 60.336868286
0.191912860 0.077134043 0.978376150 59.576385498 0.001242607 0.996886730 -0.078837156 -3.773715496 -0.981411219 0.016345596 0.191219553 60.488426208
0.195594624 0.070795298 0.978126228 60.332611084 -0.000338554 0.997395694 -0.072122313 -3.834908962 -0.980684698 0.013775584 0.195109203 60.641712189
0.198566079 0.067310415 0.977773488 61.096637726 -0.003423027 0.997680306 -0.067985706 -3.896181107 -0.980081499 0.010152706 0.198335961 60.801685333
0.201702431 0.067231648 0.977136612 61.831192017 -0.005039848 0.997699380 -0.067606114 -3.948001623 -0.979433894 0.008711700 0.201577231 60.957756042
0.204074785 0.069041766 0.976517618 62.563335419 -0.006711522 0.997585237 -0.069128700 -4.000420570 -0.978932321 0.007553504 0.204045370 61.115657806
0.205311731 0.073332004 0.975945354 63.273956299 -0.011459760 0.997300744 -0.072525814 -4.055455208 -0.978629529 0.003706302 0.205597907 61.280807495
0.207482591 0.077933490 0.975129366 63.984970093 -0.012415355 0.996950984 -0.077035837 -4.103683949 -0.978159964 0.003877017 0.207817540 61.434402466
0.209940448 0.082906768 0.974192679 64.688568115 -0.012327995 0.996543527 -0.082152180 -4.164993763 -0.977636516 0.005237224 0.210236877 61.581451416
0.211226940 0.085334674 0.973704875 65.392234802 -0.011344361 0.996328592 -0.084856458 -4.213303566 -0.977371216 0.006877909 0.211419493 61.748420715
0.212429687 0.085400507 0.973437369 66.072349548 -0.014125391 0.996337950 -0.084327064 -4.267943859 -0.977074265 0.004163389 0.212858096 61.904586792
0.213358313 0.082237475 0.973506689 66.747512817 -0.013824603 0.996605277 -0.081158891 -4.324641228 -0.976876199 0.003857579 0.213770956 62.049736023
0.214379445 0.079658702 0.973496795 67.426605225 -0.013823272 0.996816456 -0.078522801 -4.383241653 -0.976652622 0.003376762 0.214798123 62.197074890
0.214008465 0.078798302 0.973648489 68.087287903 -0.012787742 0.996881723 -0.077867836 -4.427462101 -0.976748049 0.004213613 0.214348808 62.349956512
0.212655067 0.078142367 0.973997831 68.743721008 -0.012861596 0.996934652 -0.077174485 -4.482429981 -0.977042615 0.003884377 0.213008285 62.499458313
0.210774511 0.078768417 0.974355996 69.372497559 -0.014308850 0.996890068 -0.077494785 -4.536362648 -0.977429986 0.002392008 0.211246103 62.638526917
0.208473876 0.081237532 0.974648118 69.996093750 -0.014864468 0.996692419 -0.079895474 -4.589246273 -0.977914929 0.002168491 0.208991855 62.775276184
0.206644669 0.084810749 0.974733353 70.610122681 -0.012889412 0.996385515 -0.083962120 -4.642338753 -0.978331149 0.004786584 0.206990913 62.897964478
0.204563558 0.085618205 0.975101709 71.229904175 -0.010698707 0.996303499 -0.085235357 -4.689129353 -0.978794813 0.007003720 0.204723388 63.037643433
0.202078611 0.084276654 0.975736439 71.838584900 -0.011426913 0.996425688 -0.083697058 -4.738467216 -0.979302585 0.005763734 0.202319339 63.172077179
0.199623227 0.081997901 0.976435959 72.430747986 -0.012119241 0.996622860 -0.081215486 -4.784537792 -0.979797721 0.004378835 0.199942887 63.294570923
0.197683901 0.078154624 0.977145374 73.017005920 -0.011644237 0.996933520 -0.077381626 -4.832837105 -0.980196595 0.003918991 0.197987765 63.413158417
0.196059421 0.076820008 0.977578342 73.587448120 -0.008156410 0.997019947 -0.076711938 -4.884835243 -0.980558157 0.007066571 0.196101725 63.516239166
0.194519535 0.078235812 0.977773666 74.151535034 -0.004495365 0.996874809 -0.078869849 -4.932253361 -0.980888307 0.010946278 0.194263309 63.624351501
0.192176521 0.080298990 0.978069723 74.711990356 -0.000298167 0.996651530 -0.081765950 -4.971919537 -0.981360376 0.015421869 0.191556990 63.726966858
0.190030187 0.082443170 0.978310585 75.273605347 -0.001164684 0.996486247 -0.083748601 -5.005982399 -0.981777549 0.014775341 0.189458519 63.844421387
0.188768566 0.085107490 0.978326738 75.833358765 -0.001502251 0.996261299 -0.086377822 -5.048603058 -0.982020497 0.014835723 0.188190699 63.953651428
0.187348366 0.083608769 0.978728890 76.396034241 0.000276788 0.996366560 -0.085168473 -5.090838432 -0.982293487 0.016227068 0.186644509 64.063125610
0.188035518 0.081851393 0.978745639 76.962219238 0.006440453 0.996397197 -0.084564902 -5.138302326 -0.982141018 0.022204766 0.186830893 64.164855957
0.190476820 0.080116525 0.978417099 77.528396606 0.011228048 0.996421278 -0.083776638 -5.180126190 -0.981627524 0.026943218 0.188895598 64.261344910
0.191939473 0.079514518 0.978180289 78.093200684 0.013840633 0.996394038 -0.083710901 -5.222175598 -0.981309116 0.029606059 0.190146804 64.381706238
0.194987863 0.079354987 0.977590144 78.651748657 0.011554052 0.996466637 -0.083191812 -5.266089439 -0.980737567 0.027516516 0.193382010 64.512023926
0.200770870 0.080031499 0.976363659 79.226654053 0.009919137 0.996440232 -0.083716832 -5.318590164 -0.979588032 0.026492586 0.199262306 64.622489929
0.207459614 0.079099208 0.975040436 79.800865173 0.011092722 0.996471345 -0.083197974 -5.357578278 -0.978180707 0.028076071 0.205850109 64.743347168
0.214573041 0.079129755 0.973497272 80.386344910 0.009379188 0.996499836 -0.083066806 -5.400460243 -0.976662934 0.026954511 0.213079840 64.890724182
0.222535133 0.076886535 0.971888125 80.966659546 0.010212990 0.996646881 -0.081183679 -5.445479393 -0.974871278 0.027992103 0.221003681 65.034736633
0.231655553 0.076832689 0.969758928 81.567718506 0.006848715 0.996722639 -0.080605000 -5.489220619 -0.972773790 0.025314199 0.230370134 65.186706543
0.241176501 0.076620668 0.967451870 82.173477173 0.005352507 0.996758342 -0.080276012 -5.538255692 -0.970466614 0.024538979 0.239984587 65.346687317
0.250593811 0.080043279 0.964777589 82.789810181 0.000041331 0.996575236 -0.082692102 -5.590486050 -0.968092263 0.020762008 0.249732271 65.523963928
0.260473341 0.082352750 0.961962342 83.376602173 -0.003494886 0.996429384 -0.084357105 -5.631888390 -0.965474725 0.018610829 0.259831101 65.695549011
0.270852178 0.085301042 0.958834171 83.994102478 -0.007636196 0.996225119 -0.086470395 -5.674976349 -0.962590754 0.016098853 0.270481169 65.885215759
0.280967832 0.087047771 0.955761433 84.626182556 -0.008883847 0.996071339 -0.088107467 -5.724728584 -0.959676087 0.016264528 0.280637324 66.083068848
0.290897101 0.087658286 0.952730238 85.258926392 -0.011941756 0.996049106 -0.087997772 -5.777389526 -0.956679881 0.014221027 0.290794611 66.281509399
0.301082015 0.088210180 0.949509740 85.899940491 -0.012353661 0.995989621 -0.088610977 -5.824838638 -0.953518212 0.014949251 0.300964326 66.499885559
0.311581463 0.089303590 0.946013689 86.556076050 -0.017755453 0.995947242 -0.088169321 -5.879432201 -0.950053453 0.010675030 0.311904341 66.729644775
0.322029471 0.084341079 0.942965329 87.225967407 -0.017015366 0.996378660 -0.083307616 -5.928858757 -0.946576655 0.010782606 0.322298348 66.966064453
0.332684308 0.077518038 0.939846933 87.905731201 -0.013500535 0.996905267 -0.077445313 -5.979308128 -0.942941546 0.013076400 0.332701236 67.211654663
0.343724817 0.073027544 0.936226606 88.588935852 -0.012035907 0.997232378 -0.073367268 -6.032685280 -0.938993275 0.013949818 0.343652457 67.463996887
0.353995264 0.069759056 0.932641983 89.285453796 -0.012536438 0.997478664 -0.069850303 -6.080101013 -0.935163200 0.013034666 0.353977323 67.734184265
0.363174319 0.067177981 0.929296196 89.991577148 -0.006535234 0.997556448 -0.069558442 -6.126194954 -0.931698263 0.019188669 0.362725943 68.012023926
0.372066766 0.061782639 0.926147521 90.714324951 0.000465455 0.997769773 -0.066747494 -6.164748192 -0.928205788 0.025265608 0.371208191 68.293991089
0.378892034 0.052111987 0.923972487 91.444053650 0.010157188 0.998118997 -0.060458988 -6.207055569 -0.925385177 0.032292388 0.377649933 68.582023621
0.386236995 0.047299363 0.921186030 92.172248840 0.015888268 0.998195112 -0.057915147 -6.254010677 -0.922262728 0.037005030 0.384788364 68.876632690
0.393627942 0.047381982 0.918047905 92.916664124 0.017694796 0.998095214 -0.059100281 -6.304339409 -0.919099510 0.039508194 0.392039657 69.192893982
0.401093811 0.053338643 0.914482772 93.638702393 0.020099532 0.997550547 -0.066999383 -6.347528458 -0.915816486 0.045253716 0.399039268 69.507255554
0.408423096 0.057661455 0.910969734 94.380340576 0.024174927 0.996969342 -0.073943526 -6.391492844 -0.912472486 0.052222870 0.405791372 69.830863953
0.413409293 0.060058553 0.908562422 95.091796875 0.021657024 0.996891499 -0.075751618 -6.442012310 -0.910287678 0.050993189 0.410823584 70.165344238
0.417775363 0.061843712 0.906443119 95.809143066 0.014537312 0.997097850 -0.074728973 -6.495716572 -0.908434033 0.044397175 0.415663958 70.511810303
0.421408176 0.065486826 0.904503584 96.509918213 0.007834182 0.997089207 -0.075840056 -6.552851200 -0.906837225 0.039045665 0.419668555 70.858482361
0.425853461 0.067958571 0.902236342 97.224494934 0.007547114 0.996873856 -0.078649104 -6.617656231 -0.904760659 0.040302269 0.424009234 71.193855286
0.429886729 0.072247393 0.899987638 97.913803101 0.004026005 0.996630073 -0.081928514 -6.682809830 -0.902873874 0.038843337 0.428147167 71.525695801
0.433484703 0.075089455 0.898027062 98.590217590 0.001052283 0.996479571 -0.083829604 -6.742003441 -0.901160300 0.037283834 0.431879610 71.857688904
0.437227100 0.074081503 0.896294832 99.265884399 -0.000334145 0.996614873 -0.082210258 -6.793107986 -0.899351060 0.035645068 0.435771912 72.192123413
0.441958517 0.070545830 0.894257188 99.957580566 0.001227772 0.996854305 -0.079246245 -6.855006218 -0.897034645 0.036121499 0.440481693 72.522872925
0.445443720 0.068447962 0.892689645 100.619110107 0.000120935 0.997068703 -0.076511689 -6.913907051 -0.895309865 0.034189615 0.444129705 72.857688904
0.448631108 0.067147985 0.891190946 101.270751953 -0.000474633 0.997191250 -0.074895792 -6.974246025 -0.893716872 0.033177592 0.447402835 73.205268860
0.452356756 0.068897441 0.889171779 101.904777527 -0.002516213 0.997106075 -0.075980633 -7.024512291 -0.891833544 0.032133002 0.451221019 73.525802612
0.454577208 0.069193467 0.888015687 102.521186829 -0.001446660 0.997034073 -0.076947555 -7.077625275 -0.890706241 0.033693943 0.453329057 73.852409363
0.456940413 0.067278840 0.886949301 103.147880554 0.000775139 0.997105002 -0.076033950 -7.128606319 -0.889496982 0.035430495 0.455565393 74.170181274
0.458544940 0.065975338 0.886218846 103.762458801 0.003189594 0.997111678 -0.075881228 -7.177514076 -0.888665497 0.037621628 0.457010120 74.493644714
0.460254729 0.066204771 0.885315001 104.347373962 0.001557680 0.997153759 -0.075378001 -7.229264259 -0.887785554 0.036072120 0.458841652 74.800903320
0.462154239 0.065687418 0.884363413 104.943969727 0.002482566 0.997153103 -0.075362392 -7.284597397 -0.886795998 0.037024543 0.460675508 75.126358032
0.464783162 0.067350350 0.882859349 105.520950317 0.002134618 0.997014701 -0.077182651 -7.330332756 -0.885421932 0.037757762 0.463251889 75.432106018
0.467851073 0.067089036 0.881257296 106.088394165 0.005577637 0.996870637 -0.078851677 -7.376249313 -0.883789659 0.041806165 0.466012836 75.726028442
0.470816791 0.066720724 0.879704416 106.644805908 0.007014713 0.996821463 -0.079357669 -7.425276756 -0.882203102 0.043533798 0.468852311 76.018554688
0.474089622 0.064681672 0.878097534 107.196510315 0.010261512 0.996824384 -0.078967467 -7.473719597 -0.880416751 0.046448264 0.471920341 76.317230225
0.477511108 0.063571140 0.876322925 107.730613708 0.012079312 0.996809900 -0.078893669 -7.519664764 -0.878542602 0.048257992 0.475219846 76.600662231
0.480088919 0.063418210 0.874924481 108.261779785 0.011999493 0.996815205 -0.078837723 -7.577352047 -0.877137780 0.048347771 0.477798879 76.914062500
0.483595371 0.062605157 0.873049974 108.783767700 0.012729097 0.996830344 -0.078532100 -7.623000622 -0.875199139 0.049090896 0.481265634 77.202957153
0.487104833 0.062080961 0.871134281 109.298423767 0.014446232 0.996761084 -0.079111479 -7.665350914 -0.873224020 0.051120196 0.484630316 77.488166809
0.491327167 0.063384756 0.868665636 109.812011719 0.013875616 0.996652186 -0.080571875 -7.710774422 -0.870864630 0.051640421 0.488802761 77.775779724
0.495255560 0.063561998 0.866419017 110.319938660 0.016029816 0.996481419 -0.082266450 -7.755769253 -0.868599474 0.054631453 0.492494076 78.074996948
0.500154495 0.066948600 0.863344312 110.839286804 0.013154484 0.996304393 -0.084879756 -7.811833382 -0.865836263 0.053809837 0.497425407 78.377014160
0.505473912 0.072786614 0.859766364 111.335174561 0.009965034 0.995876670 -0.090168171 -7.857185841 -0.862784326 0.054145254 0.502664387 78.680099487
0.511376441 0.079673648 0.855655551 111.823966980 0.004836115 0.995410264 -0.095577076 -7.904623985 -0.859343290 0.053013910 0.508644044 78.983337402
0.517291188 0.085967898 0.851480722 112.312538147 -0.000494862 0.994971752 -0.100154519 -7.957289696 -0.855809271 0.051387686 0.514732718 79.296379089
0.523796856 0.090412095 0.847031593 112.803764343 -0.004270460 0.994617820 -0.103524618 -8.010694504 -0.851832509 0.050608650 0.521363735 79.610641479
0.529672086 0.091030121 0.843303740 113.306457520 -0.008531912 0.994745970 -0.102018684 -8.057947159 -0.848159671 0.046841450 0.527665734 79.931594849
0.535128117 0.090297505 0.839931071 113.804336548 -0.015052301 0.995132208 -0.097392559 -8.107649803 -0.844636798 0.039474599 0.533882320 80.261230469
0.540986001 0.087513134 0.836466074 114.312194824 -0.020972900 0.995665908 -0.090604767 -8.168622971 -0.840770006 0.031472787 0.540476739 80.598068237
0.546240270 0.086247697 0.833176374 114.835586548 -0.027725849 0.996001482 -0.084925421 -8.218307495 -0.837169528 0.023289155 0.546447396 80.987274170
0.552465856 0.084252216 0.829266489 115.354911804 -0.030143743 0.996247172 -0.081135117 -8.265800476 -0.832990229 0.019827180 0.552932203 81.344093323
0.558570921 0.087816074 0.824795008 115.876602173 -0.035646662 0.996002614 -0.081903800 -8.317172050 -0.828690469 0.016347896 0.559468448 81.722023010
0.564723790 0.092061095 0.820129037 116.399490356 -0.039295420 0.995631039 -0.084703520 -8.355994225 -0.824343860 0.015606770 0.565874219 82.094734192
0.570375443 0.095167786 0.815852284 116.948127747 -0.042374190 0.995351851 -0.086481616 -8.415807724 -0.820290327 0.014755924 0.571756959 82.508583069
0.576926112 0.097470812 0.810959756 117.495635986 -0.044827972 0.995136321 -0.087716222 -8.462764740 -0.815565228 0.014252102 0.578489602 82.905448914
