1.000000000 0.000000000 0.000000000 -0.000000060 0.000000000 1.000000000 -0.000000000 -0.000000119 0.000000000 -0.000000000 1.000000000 -0.000000016
0.999991179 -0.002564310 -0.003332431 -0.000147784 0.002557749 0.999994814 -0.001971709 -0.005508684 0.003337470 0.001963167 0.999992490 0.696246266
0.999972641 -0.001540250 -0.007232920 -0.009430844 0.001514412 0.999992430 -0.003576387 -0.007861364 0.007238374 0.003565335 0.999967456 1.399134398
0.999935746 -0.001354978 -0.011257268 -0.021621766 0.001298386 0.999986529 -0.005032903 -0.012484693 0.011263937 0.005017964 0.999923944 2.128013849
0.999868095 -0.000132023 -0.016243566 -0.038153917 0.000042425 0.999984801 -0.005516145 -0.018233826 0.016244048 0.005514729 0.999852777 2.874217033
0.999787033 -0.001370316 -0.020588953 -0.053516895 0.001250987 0.999982417 -0.005807521 -0.024775080 0.020596549 0.005780528 0.999771178 3.637048244
0.999695182 0.000787756 -0.024674335 -0.090844080 -0.000955981 0.999976516 -0.006806802 -0.036550082 0.024668382 0.006828317 0.999672353 4.414090157
0.999559045 0.003542913 -0.029479858 -0.122746184 -0.003777019 0.999961674 -0.007889312 -0.035236586 0.029450778 0.007997180 0.999534130 5.202149868
0.999422729 0.003756729 -0.033767138 -0.153836116 -0.003944278 0.999977112 -0.005489300 -0.055700816 0.033745751 0.005619318 0.999414623 6.017567158
0.999266744 0.002653638 -0.038198497 -0.186157033 -0.002769406 0.999991775 -0.002978095 -0.059089266 0.038190272 0.003081698 0.999265730 6.841520786
0.999139965 0.002765386 -0.041371342 -0.228951156 -0.002779182 0.999996126 -0.000275952 -0.069961146 0.041370418 0.000390693 0.999143779 7.663313389
0.999031544 0.004243031 -0.043795209 -0.271647215 -0.004293904 0.999990165 -0.001067598 -0.074357823 0.043790251 0.001254616 0.999039948 8.504359245
0.998933494 0.003796589 -0.046015151 -0.308305621 -0.003851975 0.999991953 -0.001115024 -0.082466006 0.046010554 0.001291084 0.998940170 9.347593307
0.998851180 0.000856368 -0.047911480 -0.354818642 -0.000926505 0.999998450 -0.001441690 -0.095798306 0.047910172 0.001484424 0.998850584 10.195603371
0.998764038 0.000788792 -0.049697429 -0.397957087 -0.000819708 0.999999464 -0.000601710 -0.102732368 0.049696933 0.000641703 0.998764157 11.049993515
0.998703599 -0.000712776 -0.050897114 -0.446364850 0.000663486 0.999999285 -0.000985321 -0.110207602 0.050897777 0.000950274 0.998703420 11.915757179
0.998601019 0.001311448 -0.052861035 -0.504579425 -0.001480844 0.999993920 -0.003165503 -0.122041292 0.052856572 0.003239353 0.998596847 12.821099281
0.998541474 0.001880875 -0.053958114 -0.557817698 -0.002216799 0.999978542 -0.006166467 -0.126057133 0.053945366 0.006277087 0.998524189 13.707851410
0.998451531 0.005658327 -0.055340998 -0.620309711 -0.006092650 0.999951959 -0.007682551 -0.139220178 0.055294871 0.008007827 0.998437941 14.593987465
0.998371601 0.006529032 -0.056672554 -0.677503645 -0.006931983 0.999952078 -0.006916475 -0.159161806 0.056624684 0.007298065 0.998368859 15.518117905
0.998319209 0.006014231 -0.057641674 -0.735933423 -0.006322933 0.999966621 -0.005174663 -0.176857099 0.057608627 0.005530430 0.998323917 16.428291321
0.998257518 0.006495230 -0.058649853 -0.795821965 -0.006732282 0.999969959 -0.003845113 -0.185491323 0.058623109 0.004233259 0.998271286 17.359251022
0.998147964 0.006079864 -0.060528331 -0.854545951 -0.006327418 0.999972403 -0.003899059 -0.197613165 0.060502943 0.004274826 0.998158872 18.307411194
0.998046219 0.005743788 -0.062215775 -0.908454895 -0.006036319 0.999971628 -0.004514935 -0.211003572 0.062188074 0.004881668 0.998052537 19.239786148
0.998043478 0.004357445 -0.062372245 -0.979929388 -0.004689044 0.999975622 -0.005171061 -0.225590006 0.062348191 0.005453411 0.998039603 20.190063477
0.997969925 0.004770478 -0.063507758 -1.040507436 -0.005013059 0.999980688 -0.003660935 -0.233032107 0.063489065 0.003971871 0.997974753 21.126878738
0.997973502 0.006132607 -0.063334621 -1.105258942 -0.006168923 0.999980927 -0.000377859 -0.243184134 0.063331097 0.000767800 0.997992337 22.078979492
0.998052776 0.007188189 -0.061958995 -1.172358394 -0.006967396 0.999968529 0.003778844 -0.256999612 0.061984215 -0.003339793 0.998071492 23.034025192
0.998136640 0.005375720 -0.060781363 -1.233253121 -0.004984206 0.999965787 0.006591134 -0.263165534 0.060814716 -0.006275905 0.998129308 23.995370865
0.998209238 0.005669160 -0.059550427 -1.286028266 -0.005258180 0.999961257 0.007055816 -0.264820963 0.059588127 -0.006730054 0.998200297 24.966127396
0.998298049 0.005831972 -0.058026135 -1.344173431 -0.005565139 0.999973238 0.004759015 -0.276983112 0.058052327 -0.004427991 0.998303771 25.932493210
0.998355806 0.006473305 -0.056955006 -1.409630299 -0.006494854 0.999978840 -0.000193243 -0.280882686 0.056952558 0.000562839 0.998376727 26.911319733
0.998441160 0.005586430 -0.055534586 -1.470089555 -0.005776198 0.999978006 -0.003257189 -0.284827083 0.055515170 0.003572890 0.998451412 27.892360687
0.998494387 0.003228182 -0.054759294 -1.523882389 -0.003359901 0.999991715 -0.002313531 -0.292878509 0.054751374 0.002494033 0.998496890 28.880416870
0.998471320 0.001383813 -0.055255748 -1.575933218 -0.001229087 0.999995172 0.002834063 -0.306760818 0.055259414 -0.002761817 0.998468161 29.874874115
0.998413265 -0.002154927 -0.056271389 -1.625423670 0.002511432 0.999977171 0.006265524 -0.313429534 0.056256611 -0.006396904 0.998395741 30.872539520
0.998336852 -0.009560293 -0.056854237 -1.677469373 0.009910253 0.999933720 0.005876628 -0.326437235 0.056794289 -0.006430293 0.998365223 31.866989136
0.998220325 -0.012100307 -0.058394458 -1.734787941 0.012246712 0.999922872 0.002149935 -0.335389316 0.058363929 -0.002861249 0.998291314 32.866634369
0.998128831 -0.011857990 -0.059987325 -1.793984532 0.011752635 0.999928772 -0.002108831 -0.335969955 0.060008060 0.001399875 0.998196959 33.870445251
0.998033524 -0.010551254 -0.061788451 -1.867020249 0.010414060 0.999942422 -0.002541984 -0.351970553 0.061811719 0.001893517 0.998086035 34.886314392
0.998007774 -0.010366108 -0.062233094 -1.933804870 0.010314227 0.999945998 -0.001154850 -0.362626165 0.062241714 0.000510663 0.998060942 35.898490906
0.997929752 -0.007783773 -0.063840650 -1.998180389 0.007916836 0.999966979 0.001831588 -0.377111614 0.063824281 -0.002333211 0.997958422 36.929416656
0.997856081 -0.007236587 -0.065046035 -2.066966534 0.007445246 0.999967873 0.002966027 -0.385307074 0.065022469 -0.003443951 0.997877836 37.955513000
0.997808158 -0.006445193 -0.065858841 -2.144183636 0.006851287 0.999958992 0.005942133 -0.397016406 0.065817825 -0.006380326 0.997811258 38.993007660
0.997812331 -0.006894311 -0.065748736 -2.214193106 0.007503188 0.999931216 0.009018237 -0.400859952 0.065682016 -0.009491833 0.997795403 40.015727997
0.997816026 -0.000866402 -0.066049568 -2.301312685 0.001612453 0.999935508 0.011242841 -0.404120475 0.066035584 -0.011324789 0.997752964 41.061347961
0.997813106 -0.000848552 -0.066093564 -2.374080181 0.001544318 0.999943972 0.010476610 -0.403509021 0.066080973 -0.010555767 0.997758389 42.074531555
0.997783422 -0.001189948 -0.066534445 -2.429521561 0.001793600 0.999957740 0.009013769 -0.411516845 0.066520907 -0.009113127 0.997743428 43.098842621
0.997794628 0.000855877 -0.066370435 -2.505431414 -0.000396094 0.999975801 0.006940369 -0.417346418 0.066374779 -0.006898775 0.997770846 44.126148224
0.997737467 0.000338383 -0.067229331 -2.578318596 0.000134381 0.999975324 0.007027465 -0.422388226 0.067230061 -0.007020601 0.997712731 45.144794464
0.997633457 -0.001397039 -0.068740763 -2.644686937 0.001945662 0.999966800 0.007914733 -0.421963483 0.068727426 -0.008029751 0.997603118 46.153118134
0.997575462 -0.001339522 -0.069581844 -2.715822697 0.001984351 0.999955833 0.009198900 -0.431021005 0.069566451 -0.009314670 0.997533858 47.174358368
0.997579336 0.001012623 -0.069530867 -2.793162584 -0.000627657 0.999984384 0.005558254 -0.438293725 0.069535404 -0.005501155 0.997564316 48.182983398
0.997512639 0.001162327 -0.070478722 -2.867757797 -0.001068857 0.999998450 0.001363923 -0.442354679 0.070480205 -0.001285198 0.997512341 49.175449371
0.997477412 0.002176901 -0.070950985 -2.940892220 -0.002158592 0.999997616 0.000334703 -0.454979777 0.070951544 -0.000180704 0.997479796 50.162998199
0.997478187 0.000618630 -0.070972934 -3.025410652 -0.000329574 0.999991596 0.004084403 -0.470647633 0.070974872 -0.004050711 0.997469902 51.193408966
0.997459471 -0.001172644 -0.071227059 -3.091954470 0.001701323 0.999971449 0.007362229 -0.478823364 0.071216397 -0.007464706 0.997432947 52.184082031
0.997416377 -0.002990347 -0.071774833 -3.156625032 0.003560834 0.999963105 0.007821636 -0.483017594 0.071748815 -0.008057007 0.997390151 53.174644470
0.997402966 -0.006638033 -0.071716517 -3.229119062 0.007137326 0.999952018 0.006708000 -0.495366991 0.071668528 -0.007202443 0.997402489 54.173133850
0.997357190 -0.009312468 -0.072054006 -3.299640894 0.009739482 0.999937057 0.005577224 -0.503476739 0.071997531 -0.006264252 0.997385144 55.142807007
0.997257769 -0.011222392 -0.073151961 -3.368127346 0.011755615 0.999907434 0.006862752 -0.511841774 0.073068164 -0.007703878 0.997297227 56.128158569
0.997108281 -0.014604768 -0.074578218 -3.431807756 0.015458898 0.999821186 0.010888422 -0.515967846 0.074405864 -0.012009833 0.997155726 57.110763550
0.997084022 -0.015119678 -0.074800372 -3.507285833 0.016350670 0.999740362 0.015872071 -0.517651975 0.074540973 -0.017048825 0.997072220 58.088653564
0.997056842 -0.013305135 -0.075503498 -3.582028151 0.014719437 0.999725938 0.018206146 -0.519314766 0.075240582 -0.019263929 0.996979296 59.056526184
0.996926546 -0.012906417 -0.077270135 -3.655062199 0.014059164 0.999797583 0.014393022 -0.519688785 0.077068731 -0.015435142 0.996906340 60.020534515
0.996892691 -0.010877000 -0.078016050 -3.739494324 0.011402924 0.999915063 0.006298876 -0.518189311 0.077940904 -0.007168914 0.996932268 60.969345093
0.996805012 -0.009669667 -0.079285502 -3.811447144 0.009826142 0.999950469 0.001583662 -0.524690986 0.079266272 -0.002357676 0.996850610 61.903236389
0.996754408 -0.005020058 -0.080347024 -3.893256664 0.005244447 0.999982893 0.002581955 -0.537417591 0.080332689 -0.002994951 0.996763647 62.838150024
0.996681809 -0.002209017 -0.081366144 -3.971835613 0.002616057 0.999984682 0.004896310 -0.549057841 0.081354067 -0.005092922 0.996672332 63.754722595
0.996590853 -0.000032018 -0.082501277 -4.048999786 0.000567190 0.999979019 0.006463404 -0.559569597 0.082499318 -0.006488164 0.996570051 64.652328491
0.996530354 0.000721775 -0.083227679 -4.137202263 -0.000207940 0.999980986 0.006182348 -0.565848112 0.083230548 -0.006143593 0.996511459 65.549324036
0.996391714 0.002428725 -0.084839024 -4.214921474 -0.001843803 0.999974012 0.006972163 -0.571702242 0.084853746 -0.006790580 0.996370375 66.417190552
0.996280193 0.003384616 -0.086106554 -4.292947769 -0.002715633 0.999965191 0.007885196 -0.587447047 0.086130247 -0.007622032 0.996254742 67.270324707
0.996146083 0.003469941 -0.087641679 -4.373429298 -0.002751816 0.999961615 0.008313368 -0.597530186 0.087667145 -0.008040153 0.996117413 68.136489868
0.996022761 0.003168622 -0.089043535 -4.444371223 -0.002369459 0.999956012 0.009079223 -0.598851383 0.089068361 -0.008832128 0.995986402 68.972251892
0.995901883 0.006239895 -0.090224825 -4.530175209 -0.005192820 0.999916434 0.011835261 -0.603953958 0.090291135 -0.011318239 0.995851099 69.800292969
0.995788991 0.007464186 -0.091370255 -4.609059811 -0.006022409 0.999853075 0.016045060 -0.607507706 0.091476604 -0.015427222 0.995687783 70.600303650
0.995597124 0.010803897 -0.093110681 -4.683433056 -0.009182714 0.999798954 0.017822228 -0.610457540 0.093284525 -0.016888751 0.995496333 71.381225586
0.995453656 0.013615047 -0.094268642 -4.771110535 -0.012389578 0.999831021 0.013572854 -0.613263190 0.094437517 -0.012343200 0.995454311 72.166954041
0.995311677 0.013387328 -0.095788203 -4.842723370 -0.012851946 0.999898076 0.006204014 -0.617672741 0.095861502 -0.004943861 0.995382488 72.907478333
0.995184243 0.012570039 -0.097213671 -4.916165352 -0.012584697 0.999920726 0.000462412 -0.624369979 0.097211786 0.000763218 0.995263577 73.645317078
0.995136917 0.013556798 -0.097562969 -4.995385170 -0.013691693 0.999906003 -0.000713232 -0.631204844 0.097544134 0.002045565 0.995229125 74.357757568
0.995033026 0.016096691 -0.098236486 -5.071610451 -0.015862191 0.999869049 0.003167732 -0.644886255 0.098274641 -0.001593751 0.995158076 75.057502747
0.994896948 0.016625559 -0.099517122 -5.142933846 -0.016175618 0.999854922 0.005326472 -0.659329057 0.099591240 -0.003689540 0.995021582 75.731552124
0.994856954 0.013022185 -0.100448199 -5.209116936 -0.012884418 0.999914944 0.002020165 -0.667810321 0.100465968 -0.000715558 0.994940221 76.384506226
0.994924843 0.005323736 -0.100478463 -5.262985229 -0.005643878 0.999979913 -0.002902189 -0.682118416 0.100460999 0.003454550 0.994934976 77.013694763
0.995070338 0.001057496 -0.099165037 -5.323883533 -0.001855324 0.999966621 -0.007953580 -0.689722300 0.099153303 0.008098355 0.995039284 77.629737854
0.995343745 0.003484690 -0.096325450 -5.375797272 -0.004268451 0.999959469 -0.007931734 -0.705277503 0.096293882 0.008305965 0.995318234 78.231163025
0.995733023 0.008147066 -0.091921225 -5.442112446 -0.008665053 0.999948800 -0.005237428 -0.712666273 0.091873825 0.006011584 0.995752513 78.813591003
0.996154547 0.006875057 -0.087343387 -5.488243103 -0.007112944 0.999971867 -0.002412639 -0.716137290 0.087324344 0.003024631 0.996175289 79.393875122
0.996644139 0.003402982 -0.081785791 -5.522434711 -0.003224174 0.999992132 0.002318262 -0.736128151 0.081793018 -0.002046791 0.996647298 79.945327759
0.997287035 -0.000820212 -0.073606759 -5.553919315 0.001251855 0.999982297 0.005818231 -0.747057736 0.073600665 -0.005894591 0.997270405 80.490829468
0.998005211 0.002653989 -0.063076288 -5.578144550 -0.002299012 0.999981165 0.005699652 -0.754069626 0.063090205 -0.005543269 0.997992456 81.024063110
0.998813391 0.007651158 -0.048097108 -5.602004051 -0.007417309 0.999959886 0.005038617 -0.758476198 0.048133731 -0.004675886 0.998829961 81.539154053
0.999469757 0.012889854 -0.029901195 -5.614850998 -0.012718750 0.999901772 0.005905504 -0.765191793 0.029974379 -0.005522068 0.999535382 82.041030884
0.999906361 0.011332038 -0.007681400 -5.605411530 -0.011283502 0.999916315 0.006332874 -0.767472744 0.007752519 -0.006245607 0.999950469 82.531028748
0.999798596 0.007837983 0.018480476 -5.571354866 -0.007969379 0.999943554 0.007047195 -0.769314528 -0.018424194 -0.007193053 0.999804437 83.013160706
0.998837769 0.006730730 0.047726832 -5.528286934 -0.007176538 0.999932051 0.009175630 -0.781417191 -0.047661833 -0.009507478 0.998818219 83.468017578
0.996694088 0.006412311 0.080992244 -5.470273495 -0.007285777 0.999918342 0.010493627 -0.783320427 -0.080918342 -0.011049028 0.996659458 83.932098389
0.992917120 0.006023385 0.118655846 -5.392765045 -0.007394953 0.999910772 0.011122318 -0.788102508 -0.118578270 -0.011920993 0.992873192 84.378852844
0.987083733 0.006378575 0.160078079 -5.295066833 -0.008234339 0.999906242 0.010932191 -0.786510468 -0.159993351 -0.012109128 0.987043738 84.822074890
0.978792191 0.006009987 0.204767659 -5.178478241 -0.008597189 0.999894023 0.011747506 -0.799842477 -0.204675317 -0.013258794 0.978740156 85.226188660
0.967191815 0.008318816 0.253911078 -5.040937424 -0.011078059 0.999894023 0.009439023 -0.801503420 -0.253805637 -0.011942188 0.967181563 85.643997192
0.951799095 0.009271530 0.306582034 -4.877910614 -0.011940569 0.999905407 0.006831352 -0.810129404 -0.306489676 -0.010162840 0.951819718 86.031097412
0.931932509 0.009477801 0.362507939 -4.703817368 -0.012033645 0.999916017 0.004793105 -0.815481782 -0.362432122 -0.008829143 0.931968391 86.400039673
0.907491267 0.010389836 0.419942766 -4.508251190 -0.012722943 0.999915242 0.002755142 -0.816272318 -0.419878542 -0.007843176 0.907546461 86.753898621
0.878304005 0.010719402 0.477982402 -4.284378052 -0.012555653 0.999921024 0.000646730 -0.819047630 -0.477937669 -0.006569407 0.878369212 87.092361450
0.845154405 0.008632803 0.534452558 -4.037990570 -0.009518341 0.999954104 -0.001100084 -0.828639269 -0.534437478 -0.004157358 0.845197797 87.387252808
0.807717085 0.008447174 0.589509726 -3.779064178 -0.009048959 0.999957263 -0.001930108 -0.839205980 -0.589500785 -0.003775466 0.807759047 87.686355591
0.768069625 0.006825188 0.640329957 -3.493198395 -0.007863330 0.999968350 -0.001226538 -0.844766974 -0.640318036 -0.004093057 0.768099010 87.955200195
0.725315630 0.006513810 0.688385606 -3.197166443 -0.009881052 0.999950767 0.000949165 -0.850911498 -0.688345432 -0.007490417 0.725344360 88.209640503
0.680435359 0.005538727 0.732787132 -2.880275726 -0.009366218 0.999955475 0.001138970 -0.852735937 -0.732748210 -0.007638439 0.680457056 88.439987183
0.634891987 0.004182641 0.772589564 -2.547878265 -0.005573060 0.999984086 -0.000833932 -0.853965700 -0.772580862 -0.003776230 0.634905219 88.637481689
0.588165104 0.001802803 0.808738828 -2.205886841 0.000152524 0.999997258 -0.002340076 -0.855183065 -0.808740795 0.001499703 0.588163197 88.829360962
0.544078827 0.003343536 0.839027464 -1.845584869 -0.001188011 0.999994159 -0.003214611 -0.863991916 -0.839033246 0.000752228 0.544079602 88.977523804
0.498562247 0.006073763 0.866832614 -1.481449127 -0.004982665 0.999979019 -0.004140899 -0.875886261 -0.866839528 -0.002254641 0.498582065 89.121833801
0.453232378 0.007975028 0.891356647 -1.131160736 -0.005802667 0.999965131 -0.005996245 -0.883409321 -0.891373515 -0.002454554 0.453262806 89.260139465
0.411556244 0.006103763 0.911363959 -0.768543243 0.001145475 0.999973297 -0.007214492 -0.882338285 -0.911383748 0.004013113 0.411538213 89.369522095
0.370691001 -0.001896365 0.928754389 -0.400369644 0.015668668 0.999868393 -0.004212221 -0.891817927 -0.928624094 0.016113775 0.370671898 89.478126526
0.335615844 -0.005216965 0.941984475 -0.029624939 0.019781010 0.999803185 -0.001510513 -0.890875101 -0.941791356 0.019140357 0.335652947 89.570114136
0.303015292 -0.001052087 0.952985108 0.334558487 0.016540589 0.999854565 -0.004155487 -0.897931576 -0.952842236 0.017022111 0.302988648 89.660797119
0.272337198 0.006534621 0.962179661 0.706647873 0.006538961 0.999941230 -0.008641878 -0.905699432 -0.962179661 0.008645159 0.272278547 89.769187927
0.243894279 0.010578551 0.969744086 1.089902878 0.001989273 0.999932885 -0.011408180 -0.920412421 -0.969799817 0.004711475 0.243856892 89.855880737
0.218703076 0.012249414 0.975714564 1.487035751 0.002952968 0.999908268 -0.013215046 -0.934614182 -0.975786984 0.005771424 0.218646839 89.918624878
0.195064604 0.013629262 0.980695724 1.899785995 0.010068204 0.999822915 -0.015897691 -0.944742203 -0.980738819 0.012974922 0.194892824 89.977416992
0.175365686 0.019865762 0.984302878 2.323191643 0.016872479 0.999588847 -0.023180313 -0.944122612 -0.984358788 0.020672657 0.174958348 90.025207520
0.155531868 0.026898013 0.987464786 2.757924080 0.018842025 0.999366581 -0.030189956 -0.940020323 -0.987651169 0.023301333 0.154926524 90.081367493
0.137819201 0.027605766 0.990072727 3.204304695 0.016513532 0.999408603 -0.030164776 -0.951289773 -0.990319729 0.020506885 0.137281835 90.140815735
0.122519612 0.023026012 0.992198944 3.669065475 0.015073853 0.999572337 -0.025058486 -0.973048925 -0.992351532 0.018026426 0.122120097 90.191703796
0.107855476 0.019769698 0.993969977 4.148713112 0.014507189 0.999664545 -0.021457128 -0.995948017 -0.994060755 0.016733984 0.107532509 90.236923218
0.094553828 0.017293636 0.995369494 4.636882782 0.017120186 0.999673009 -0.018994715 -1.008908629 -0.995372593 0.018836932 0.094226845 90.272315979
0.082953140 0.016497813 0.996416807 5.148435116 0.020271977 0.999628127 -0.018238654 -1.023029923 -0.996347249 0.021712292 0.082587853 90.302291870
0.073053807 0.017228011 0.997179210 5.668180466 0.023727372 0.999537826 -0.019007036 -1.034444451 -0.997045696 0.025048979 0.072611272 90.329299927
0.065255195 0.017872937 0.997708559 6.192850590 0.025803747 0.999475062 -0.019592278 -1.047790647 -0.997534871 0.027023114 0.064759769 90.354949951
0.059843402 0.017983243 0.998045802 6.754204273 0.027862836 0.999418080 -0.019678645 -1.060116172 -0.997818828 0.028986026 0.059307523 90.380638123
0.054347742 0.019204356 0.998337388 7.327347755 0.028636631 0.999373734 -0.020783225 -1.073061109 -0.998111427 0.029718542 0.053763777 90.405403137
0.048300777 0.019729860 0.998637974 7.921995640 0.029256778 0.999347985 -0.021158943 -1.090098143 -0.998404205 0.030238919 0.047692042 90.434013367
0.043702260 0.019584108 0.998852551 8.534317970 0.031457718 0.999285161 -0.020968944 -1.106956959 -0.998549163 0.032338016 0.043054942 90.455001831
0.040888064 0.019626515 0.998970926 9.170005798 0.032927949 0.999237537 -0.020979499 -1.122629523 -0.998621047 0.033751883 0.040210631 90.478240967
0.037681144 0.018928096 0.999110460 9.818513870 0.033056270 0.999249816 -0.020177441 -1.141197920 -0.998742878 0.033787180 0.037027176 90.502433777
0.035468936 0.018478626 0.999199927 10.485706329 0.035727255 0.999166429 -0.019746237 -1.156551123 -0.998731971 0.036399040 0.034779187 90.518165588
0.034728505 0.018122897 0.999232471 11.172678947 0.040739693 0.998978853 -0.019534213 -1.170727372 -0.998566091 0.041386820 0.033954728 90.535392761
0.036055263 0.017738987 0.999192357 11.893712997 0.043923914 0.998848140 -0.019317845 -1.189224958 -0.998384058 0.044584945 0.035234559 90.549430847
0.038230021 0.017741952 0.999111414 12.611393929 0.045638241 0.998767972 -0.019482156 -1.205720782 -0.998226225 0.046342488 0.037373208 90.579429626
0.042189736 0.017698463 0.998952866 13.351963043 0.048450939 0.998630524 -0.019739030 -1.224620342 -0.997934103 0.049232990 0.041274451 90.604812622
0.046540886 0.016998665 0.998771787 14.123357773 0.048905231 0.998617411 -0.019274928 -1.246534467 -0.997718573 0.049742229 0.045645215 90.641014099
0.050599396 0.015049335 0.998605609 14.897190094 0.050386250 0.998574674 -0.017601943 -1.266404390 -0.997447193 0.051206641 0.049768999 90.676635742
0.054969005 0.013649701 0.998394847 15.697729111 0.050345004 0.998596847 -0.016424328 -1.282057405 -0.997217953 0.051167015 0.054204684 90.712135315
0.058789998 0.011462867 0.998204589 16.512367249 0.047430269 0.998772740 -0.014262830 -1.301648021 -0.997142971 0.048183627 0.058174163 90.774978638
0.062923960 0.010255814 0.997965634 17.323242188 0.046710722 0.998821199 -0.013209820 -1.318817139 -0.996924520 0.047446910 0.062370736 90.829544067
0.066813126 0.011458675 0.997699738 18.145423889 0.043653451 0.998943031 -0.014396303 -1.335887313 -0.996810138 0.044514898 0.066242300 90.888870239
0.070356898 0.015636835 0.997399330 19.000059128 0.041852519 0.998950422 -0.018613445 -1.357379198 -0.996643484 0.043053254 0.069628619 90.953422546
0.071920693 0.020972440 0.997189939 19.836210251 0.036330745 0.999060273 -0.023632076 -1.379874468 -0.996748447 0.037928279 0.071091168 91.018440247
0.071740858 0.023722254 0.997141182 20.675661087 0.033312179 0.999102533 -0.026165612 -1.410296082 -0.996866882 0.035094097 0.070886247 91.086715698
0.071711600 0.023379508 0.997151375 21.513313293 0.030851915 0.999194860 -0.025646176 -1.439472198 -0.996948123 0.032603163 0.070932560 91.157264709
0.071728349 0.021648612 0.997189283 22.353391647 0.028156227 0.999321938 -0.023720209 -1.467937827 -0.997026682 0.029778494 0.071070187 91.220474243
0.071323812 0.020436272 0.997243822 23.197523117 0.029120972 0.999321222 -0.022561602 -1.496221662 -0.997027934 0.030649886 0.070680268 91.289688110
0.071929403 0.019699611 0.997215152 24.034435272 0.026229644 0.999421775 -0.021635151 -1.533278704 -0.997064710 0.027712800 0.071371108 91.352157593
0.072329909 0.020272935 0.997174740 24.879302979 0.024747510 0.999449134 -0.022114228 -1.559188843 -0.997073531 0.026277114 0.071788356 91.413658142
0.072091594 0.020871472 0.997179568 25.706451416 0.021490375 0.999516428 -0.022474036 -1.588978648 -0.997166336 0.023049956 0.071608208 91.485359192
0.071059100 0.022118317 0.997226834 26.542327881 0.019076515 0.999541104 -0.023528975 -1.619733572 -0.997289658 0.020695563 0.070604570 91.548271179
0.068410128 0.021465309 0.997426331 27.373397827 0.016089363 0.999614656 -0.022615921 -1.649081469 -0.997527540 0.017595116 0.068038419 91.608886719
0.064435430 0.020766038 0.997705758 28.198455811 0.013418276 0.999674976 -0.021673627 -1.674161196 -0.997831643 0.014784043 0.064135849 91.667182922
0.059347034 0.018277641 0.998070061 29.030960083 0.011194295 0.999757349 -0.018974170 -1.705569983 -0.998174608 0.012298753 0.059128020 91.723403931
0.053534422 0.015947195 0.998438716 29.858371735 0.009410437 0.999820113 -0.016473830 -1.732172608 -0.998521686 0.010277661 0.053374719 91.764389038
0.045805674 0.016153811 0.998819768 30.676553726 0.008992116 0.999822140 -0.016582401 -1.758688211 -0.998909950 0.009741072 0.045652263 91.804153442
0.036987752 0.017425714 0.999163806 31.496810913 0.008326571 0.999807835 -0.017745182 -1.781184912 -0.999281049 0.008975962 0.036835551 91.841011047
0.027382419 0.017495168 0.999472022 32.319049835 0.008844318 0.999803424 -0.017743280 -1.806725860 -0.999586046 0.009325499 0.027222306 91.859565735
0.017082874 0.016792823 0.999713123 33.128906250 0.010748778 0.999798059 -0.016977925 -1.828103304 -0.999796212 0.011035725 0.016898930 91.869857788
0.005805745 0.015941883 0.999856114 33.941936493 0.008812033 0.999833465 -0.015992690 -1.853244662 -0.999944329 0.008903614 0.005664296 91.885475159
-0.005121965 0.015057539 0.999873519 34.739963531 0.010125660 0.999836326 -0.015005105 -1.875617027 -0.999935627 0.010047522 -0.005273594 91.873863220
-0.016230248 0.015416753 0.999749422 35.534111023 0.010194308 0.999831736 -0.015252525 -1.900884628 -0.999816358 0.009944201 -0.016384676 91.863143921
-0.027206045 0.016056739 0.999500871 36.318622589 0.010431694 0.999821186 -0.015777938 -1.925341845 -0.999575496 0.009997234 -0.027368672 91.840492249
-0.037686244 0.017038427 0.999144375 37.109100342 0.010136869 0.999809802 -0.016667424 -1.951206684 -0.999238193 0.009500064 -0.037851788 91.805419922
-0.047812160 0.018291540 0.998688877 37.882701874 0.010544073 0.999785841 -0.017806839 -1.970466375 -0.998800814 0.009678863 -0.047994778 91.761505127
-0.056882106 0.019063290 0.998198986 38.661754608 0.011587635 0.999763012 -0.018432839 -1.992481709 -0.998313725 0.010518265 -0.057089526 91.701454163
-0.067045614 0.019206703 0.997565031 39.446002960 0.012120286 0.999756634 -0.018434305 -2.023767233 -0.997676253 0.010854835 -0.067262098 91.661628723
-0.076196365 0.019749755 0.996897280 40.201461792 0.012521505 0.999743938 -0.018849092 -2.043600082 -0.997014225 0.011046421 -0.076424152 91.597251892
-0.084942207 0.019152250 0.996201873 40.950313568 0.014041089 0.999739051 -0.018023025 -2.071682453 -0.996286929 0.012456843 -0.085188940 91.530441284
-0.092435755 0.017993109 0.995556056 41.712711334 0.015674181 0.999739110 -0.016613387 -2.097057819 -0.995595217 0.014068855 -0.092693657 91.461288452
-0.097424999 0.016285323 0.995109618 42.450836182 0.018124687 0.999729335 -0.014586447 -2.120100021 -0.995077789 0.016614961 -0.097693793 91.378280640
-0.101121612 0.014599225 0.994766951 43.174133301 0.021386387 0.999693155 -0.012497518 -2.141311407 -0.994644225 0.020010697 -0.101402812 91.295043945
-0.104043908 0.013370618 0.994482994 43.902023315 0.022874368 0.999677300 -0.011047315 -2.165582180 -0.994309664 0.021598762 -0.104316190 91.224525452
-0.105795570 0.012292163 0.994311988 44.605346680 0.022675334 0.999693453 -0.009946015 -2.186439276 -0.994129360 0.021494111 -0.106041856 91.149978638
-0.106318600 0.013001926 0.994247079 45.292602539 0.024300084 0.999649763 -0.010474079 -2.202364922 -0.994035184 0.023046697 -0.106597312 91.072845459
-0.105310507 0.013712599 0.994344831 45.963489532 0.024714304 0.999632180 -0.011168036 -2.224369526 -0.994132340 0.023398433 -0.105610676 91.000701904
-0.102192648 0.015462612 0.994644403 46.630661011 0.026309211 0.999571383 -0.012836121 -2.241610289 -0.994416714 0.024856552 -0.102555647 90.928298950
-0.097467810 0.016081629 0.995108843 47.263271332 0.025574479 0.999579728 -0.013648943 -2.259395599 -0.994910061 0.024119059 -0.097838126 90.880142212
-0.089495823 0.016778283 0.995846033 47.876190186 0.025333636 0.999572992 -0.014564369 -2.280654907 -0.995665073 0.023924941 -0.089882672 90.829925537
-0.078227118 0.016723663 0.996795356 48.475555420 0.024249125 0.999595404 -0.014867604 -2.301919460 -0.996640682 0.023008363 -0.078601010 90.789886475
-0.064521246 0.017221227 0.997767806 49.039108276 0.024144309 0.999585390 -0.015691295 -2.317732811 -0.997624338 0.023077983 -0.064910293 90.763343811
-0.047333907 0.018498559 0.998707831 49.588722229 0.022769148 0.999588668 -0.017435726 -2.337660313 -0.998619497 0.021914423 -0.047735628 90.748023987
-0.025947645 0.021219935 0.999438047 50.137825012 0.021337844 0.999558568 -0.020668518 -2.355096579 -0.999435484 0.020789552 -0.026388973 90.747917175
-0.001557682 0.024035567 0.999709845 50.666336060 0.019324210 0.999525011 -0.024001013 -2.376643181 -0.999812067 0.019281216 -0.002021406 90.767105103
0.026958536 0.025799861 0.999303579 51.194934845 0.018049709 0.999491274 -0.026291642 -2.398849487 -0.999473572 0.018745920 0.026479144 90.794219971
0.060254287 0.024994666 0.997870147 51.715316772 0.015306685 0.999545693 -0.025960898 -2.425094604 -0.998065710 0.016838340 0.059844341 90.842994690
0.098695524 0.022606978 0.994860947 52.234695435 0.014699233 0.999599695 -0.024172900 -2.441991329 -0.995009184 0.017009446 0.098323718 90.912879944
0.141175300 0.018457683 0.989812613 52.740756989 0.012107115 0.999719262 -0.020369228 -2.469541550 -0.989910543 0.014859404 0.140912175 91.000564575
0.186219960 0.014217237 0.982405305 53.252258301 0.008907602 0.999829769 -0.016157877 -2.488894463 -0.982467651 0.011759794 0.186061591 91.127365112
0.234260350 0.011193743 0.972109556 53.744529724 0.005163162 0.999905229 -0.012758029 -2.501013041 -0.972160161 0.008007859 0.234180361 91.280601501
0.286334187 0.009198725 0.958085775 54.220169067 0.001678966 0.999947548 -0.010102418 -2.523414373 -0.958128333 0.004501262 0.286303729 91.447158813
0.340193003 0.009048370 0.940312266 54.688732147 0.000661435 0.999951184 -0.009861560 -2.539176941 -0.940355420 0.003976788 0.340170443 91.648223877
0.398579895 0.010007757 0.917079031 55.130683899 0.003078576 0.999920249 -0.012249782 -2.547300816 -0.917128444 0.007705814 0.398517340 91.864013672
0.458343267 0.012868479 0.888682127 55.551918030 0.004028167 0.999854803 -0.016555859 -2.563676596 -0.888766110 0.011168025 0.458224893 92.115127563
0.516266108 0.016661150 0.856266201 55.919036865 0.004912768 0.999736667 -0.022414830 -2.578251123 -0.856414139 0.015778646 0.516048312 92.395614624
0.574799001 0.020971568 0.818025887 56.294910431 0.001022669 0.999652267 -0.026346490 -2.587792873 -0.818293929 0.015980504 0.574577689 92.696296692
0.631447852 0.023456572 0.775063515 56.651802063 -0.002354786 0.999595702 -0.028333373 -2.605293751 -0.775414765 0.016065938 0.631247878 93.016403198
0.681599021 0.024636440 0.731311023 56.933944702 -0.003469263 0.999530554 -0.030438801 -2.614711285 -0.731717587 0.018209955 0.681364596 93.373931885
0.729908705 0.023807157 0.683130026 57.216896057 -0.004233773 0.999531507 -0.030310100 -2.622480869 -0.683531642 0.019231388 0.729667485 93.736915588
0.774901032 0.020237649 0.631758571 57.479217529 -0.005701391 0.999670386 -0.025030078 -2.634277105 -0.632056952 0.015793927 0.774760902 94.120277405
0.815317690 0.015533254 0.578805566 57.723449707 -0.006320124 0.999819219 -0.017929239 -2.648756027 -0.578979433 0.010959903 0.815268457 94.542114258
0.851912439 0.011504646 0.523557723 57.932178497 -0.006742938 0.999916792 -0.011000307 -2.666874886 -0.523640811 0.005840982 0.851919115 94.949722290
0.882781565 0.008101240 0.469713777 58.123798370 -0.007037238 0.999967217 -0.004020808 -2.674343109 -0.469730943 0.000244008 0.882809579 95.387847900
0.907628119 0.008972146 0.419679046 58.274589539 -0.010482164 0.999944270 0.001292084 -2.683124304 -0.419644088 -0.005571876 0.907671630 95.837982178
0.927463055 0.010722799 0.373760760 58.413524628 -0.013550806 0.999895990 0.004939491 -2.695767879 -0.373668909 -0.009645956 0.927511990 96.276100159
0.942512155 0.017282974 0.333724618 58.536155701 -0.021015013 0.999750495 0.007575832 -2.701989651 -0.333510399 -0.014153542 0.942640126 96.736701965
0.953865528 0.021486154 0.299464256 58.637622833 -0.024532944 0.999678433 0.006417738 -2.699530125 -0.299230099 -0.013468401 0.954085946 97.210311890
0.963085413 0.023445074 0.268173158 58.739509583 -0.026077865 0.999640286 0.006259273 -2.700241089 -0.267929941 -0.013021600 0.963350296 97.663124084
0.968994200 0.018041724 0.246424168 58.849121094 -0.020212892 0.999775887 0.006283845 -2.701968431 -0.246255562 -0.011069956 0.969141662 98.144660950
0.972841918 0.015268030 0.230966508 58.956581116 -0.017388120 0.999823272 0.007146335 -2.711413383 -0.230816603 -0.010968331 0.972935379 98.630485535
0.975755036 0.018783672 0.218058050 59.059249878 -0.020760309 0.999761462 0.006777022 -2.709129810 -0.217878729 -0.011139668 0.975912213 99.142799377
0.977775872 0.024135407 0.208259642 59.152206421 -0.026176522 0.999632418 0.007050022 -2.703597546 -0.208012938 -0.012344857 0.978048086 99.652198792
0.978820264 0.031624600 0.202264041 59.246208191 -0.033336386 0.999431252 0.005061270 -2.690487862 -0.201988995 -0.011696827 0.979317844 100.179359436
0.979077697 0.038138341 0.199881166 59.335868835 -0.039345454 0.999223471 0.002068865 -2.704307079 -0.199647069 -0.009889998 0.979817927 100.709411621
0.979220808 0.039257746 0.198960528 59.439750671 -0.039951369 0.999201477 -0.000528688 -2.712752581 -0.198822379 -0.007431041 0.980007410 101.286315918
0.978836894 0.037160203 0.201239824 59.558395386 -0.037078310 0.999303520 -0.004177685 -2.715389729 -0.201254904 -0.003372358 0.979533195 101.837867737
0.978046656 0.036097243 0.205235645 59.678924561 -0.034669627 0.999343097 -0.010548962 -2.721683502 -0.205481634 0.003201935 0.978655875 102.395156860
0.977120996 0.036936752 0.209452078 59.804084778 -0.034480792 0.999287188 -0.015366383 -2.725014925 -0.209870368 0.007792747 0.977698267 102.965850830
0.975937486 0.041565560 0.214051902 59.916416168 -0.039246976 0.999115765 -0.015072094 -2.731263638 -0.214489132 0.006308535 0.976706028 103.564590454
0.974661887 0.044607211 0.219190538 60.059738159 -0.043297846 0.999004066 -0.010776150 -2.747527122 -0.219452888 0.001012626 0.975622654 104.173675537
0.973693550 0.041461162 0.224057645 60.202983856 -0.041173391 0.999134183 -0.005958288 -2.760083675 -0.224110678 -0.003423666 0.974557698 104.791236877
0.972959697 0.037289690 0.227944940 60.355819702 -0.038203780 0.999269843 -0.000402358 -2.765858650 -0.227793515 -0.008316882 0.973673880 105.421981812
0.972188830 0.035069127 0.231558010 60.508689880 -0.037133783 0.999299824 0.004562471 -2.777043343 -0.231235847 -0.013034210 0.972810388 106.057708740
0.971580029 0.030543175 0.234732836 60.665725708 -0.032605384 0.999456227 0.004908449 -2.778012037 -0.234455302 -0.012422506 0.972047508 106.704994202
0.971604288 0.027112726 0.235053375 60.822273254 -0.028358048 0.999596000 0.001918829 -2.790374517 -0.234906420 -0.008529998 0.971980512 107.357864380
0.971736073 0.026419267 0.234587178 60.983314514 -0.025967991 0.999650180 -0.005013026 -2.798178673 -0.234637588 -0.001220420 0.972082138 108.017425537
0.971826732 0.028762015 0.233935162 61.134963989 -0.026750935 0.999572814 -0.011765892 -2.801128387 -0.234173656 0.005176424 0.972181022 108.691390991
0.972370028 0.031598087 0.231296405 61.291198730 -0.028812250 0.999465942 -0.015413313 -2.809533119 -0.231659919 0.008323273 0.972761273 109.375205994
0.973028243 0.030044271 0.228721410 61.463459015 -0.028240299 0.999538898 -0.011156849 -2.817887783 -0.228951111 0.004396767 0.973428071 110.095466614
0.973439276 0.025826948 0.227483958 61.629188538 -0.025670486 0.999663830 -0.003646870 -2.829895258 -0.227501661 -0.002289618 0.973775148 110.814994812
0.973985493 0.026397932 0.225067690 61.793453217 -0.027602619 0.999616623 0.002207083 -2.838696480 -0.224923089 -0.008362122 0.974340737 111.547767639
0.974333823 0.029832007 0.223122641 61.964328766 -0.030959010 0.999519467 0.001554034 -2.845473289 -0.222969055 -0.008421805 0.974789143 112.304054260
0.974649966 0.035498764 0.220901117 62.119655609 -0.035716739 0.999357462 -0.003008708 -2.850719929 -0.220865995 -0.004957432 0.975291550 113.048927307
0.975456774 0.036387898 0.217163414 62.283546448 -0.035417072 0.999337554 -0.008362244 -2.856496811 -0.217323884 0.000465716 0.976099432 113.815269470
0.976396143 0.034901932 0.213148654 62.450565338 -0.033266168 0.999383152 -0.011257119 -2.862613440 -0.213410079 0.003900769 0.976954877 114.582771301
0.977280617 0.032968394 0.209369540 62.616912842 -0.031626698 0.999452174 -0.009753899 -2.872910738 -0.209576368 0.002910629 0.977787971 115.364997864
0.978157699 0.029059131 0.205823049 62.791633606 -0.028073989 0.999576151 -0.007705777 -2.890706301 -0.205959737 0.001759190 0.978558898 116.170410156
0.978546023 0.028532339 0.204043180 62.960346222 -0.028131342 0.999592364 -0.004866114 -2.902676344 -0.204098821 -0.000978292 0.978949785 116.973831177
0.978909671 0.025269600 0.202725112 63.131141663 -0.025302811 0.999676883 -0.002428284 -2.914534569 -0.202720985 -0.002752444 0.979232669 117.786872864
0.979038656 0.020219581 0.202668548 63.298030853 -0.020349156 0.999792039 -0.001444532 -2.920576572 -0.202655554 -0.002709881 0.979246378 118.628952026
0.979184747 0.020838752 0.201898456 63.467689514 -0.021310324 0.999773026 0.000162082 -2.927299023 -0.201849222 -0.004461230 0.979406536 119.454223633
0.978980660 0.025891196 0.202303097 63.631164551 -0.026058676 0.999658644 -0.001835967 -2.936244965 -0.202281609 -0.003474375 0.979321301 120.297904968
0.978709698 0.031805523 0.202770650 63.796356201 -0.031453647 0.999492943 -0.004958331 -2.949902534 -0.202825546 -0.001525111 0.979213774 121.125114441
0.978225887 0.040501341 0.203553155 63.960567474 -0.039977405 0.999178231 -0.006686832 -2.956211090 -0.203656718 -0.001596295 0.979041040 121.957107544
0.977301061 0.046415083 0.206708640 64.123008728 -0.046172418 0.998915434 -0.006000691 -2.968863487 -0.206762969 -0.003679757 0.978384197 122.813796997
0.976593077 0.048978068 0.209444880 64.297943115 -0.049284291 0.998777747 -0.003759953 -2.986478329 -0.209373042 -0.006650398 0.977813244 123.667022705
0.975976825 0.050345458 0.211978093 64.475341797 -0.050579350 0.998710632 -0.004322520 -3.004866600 -0.211922437 -0.006503034 0.977264881 124.519096375
0.975670815 0.047977865 0.213927269 64.667198181 -0.047398444 0.998845220 -0.007840028 -3.006534100 -0.214056343 -0.002490532 0.976818144 125.387573242
0.975659192 0.041822504 0.215267479 64.858169556 -0.041413441 0.999121487 -0.006412308 -3.022244453 -0.215346515 -0.002658740 0.976534128 126.242614746
0.975862324 0.035091344 0.215549141 65.056953430 -0.034251872 0.999384105 -0.007629915 -3.045131683 -0.215684101 0.000062785 0.976463199 127.085899353
0.975543201 0.034789726 0.217037275 65.245666504 -0.033911597 0.999394476 -0.007770304 -3.061965466 -0.217176169 0.000220188 0.976132393 127.943756104
0.975172162 0.037127651 0.218313679 65.432937622 -0.036900762 0.999305785 -0.005117771 -3.074000835 -0.218352109 -0.003065235 0.975865245 128.800262451
0.974815130 0.039029315 0.219573185 65.616912842 -0.040132280 0.999194205 0.000563289 -3.085255146 -0.219374269 -0.009361075 0.975595891 129.662521362
0.974445939 0.042579450 0.220549881 65.805465698 -0.044773653 0.998984754 0.004957066 -3.103361130 -0.220114887 -0.014705217 0.975363135 130.521347046
0.974178731 0.042078555 0.221822903 65.985527039 -0.042865783 0.999079943 -0.001266369 -3.119518518 -0.221672088 -0.008274942 0.975086153 131.350891113
0.974468827 0.037717670 0.221332341 66.184921265 -0.035063062 0.999258459 -0.015911987 -3.133065701 -0.221768379 0.007745139 0.975068688 132.187149048
