1.000000000 -0.000000000 0.000000000 0.000000000 -0.000000000 1.000000000 -0.000000000 -0.000000060 0.000000000 -0.000000000 1.000000000 -0.000000003
0.999991119 -0.002561681 -0.003347036 0.000046665 0.002555121 0.999994814 -0.001962680 -0.005573883 0.003352047 0.001954111 0.999992490 0.696365416
0.999972701 -0.001543281 -0.007222267 -0.009579808 0.001517549 0.999992490 -0.003567043 -0.007954928 0.007227718 0.003555986 0.999967575 1.399029016
0.999941349 -0.001427198 -0.010736705 -0.036816202 0.001375494 0.999987304 -0.004821495 -0.014621338 0.010743450 0.004806444 0.999930680 2.121334076
0.999879181 -0.000136010 -0.015544856 -0.058808293 0.000052149 0.999985397 -0.005395048 -0.018579997 0.015545364 0.005393586 0.999864638 2.866844177
0.999800861 -0.001372347 -0.019905865 -0.073542118 0.001258796 0.999982774 -0.005715801 -0.024730574 0.019913368 0.005689605 0.999785542 3.629738092
0.999713063 0.000771213 -0.023940289 -0.115254745 -0.000939617 0.999974728 -0.007023877 -0.029566078 0.023934269 0.007044356 0.999688804 4.411850929
0.999581516 0.003511869 -0.028714828 -0.147103727 -0.003747885 0.999959528 -0.008169636 -0.027426744 0.028684981 0.008273838 0.999554217 5.200202465
0.999436080 0.003671107 -0.033377040 -0.171799809 -0.003860924 0.999976695 -0.005624359 -0.051711269 0.033355616 0.005750054 0.999427021 6.017029762
0.999279141 0.002539103 -0.037880477 -0.202649564 -0.002660442 0.999991477 -0.003153140 -0.054372542 0.037872151 0.003251646 0.999277353 6.841528893
0.999149144 0.002646348 -0.041156605 -0.243329316 -0.002665954 0.999996305 -0.000421533 -0.065686859 0.041155335 0.000530895 0.999152601 7.666270256
0.999042511 0.004124291 -0.043554299 -0.286054641 -0.004179066 0.999990523 -0.001166636 -0.070718482 0.043549076 0.001347535 0.999050379 8.506888390
0.998943865 0.003772590 -0.045791086 -0.323395848 -0.003840650 0.999991596 -0.001398420 -0.077035673 0.045785420 0.001572810 0.998950124 9.348916054
0.998854280 0.000654614 -0.047851637 -0.363101572 -0.000735605 0.999998271 -0.001674949 -0.090813249 0.047850460 0.001708230 0.998853087 10.193105698
0.998763978 0.000575532 -0.049702771 -0.405509472 -0.000616949 0.999999404 -0.000817956 -0.097955264 0.049702272 0.000847609 0.998763800 11.047898293
0.998699188 -0.000818908 -0.050983645 -0.453691006 0.000746037 0.999998569 -0.001448304 -0.102607980 0.050984766 0.001408384 0.998698533 11.915152550
0.998601735 0.001103446 -0.052850723 -0.509867966 -0.001272863 0.999994099 -0.003172028 -0.119811080 0.052846920 0.003234864 0.998597383 12.817483902
0.998538852 0.001784418 -0.054008119 -0.561824560 -0.002124295 0.999978244 -0.006236314 -0.122654304 0.053995825 0.006341931 0.998521090 13.705304146
0.998453856 0.005489773 -0.055313043 -0.625334322 -0.005925958 0.999952495 -0.007724823 -0.136278406 0.055268012 0.008040665 0.998439133 14.589401245
0.998361528 0.006480077 -0.056852728 -0.679603815 -0.006896175 0.999950826 -0.007125732 -0.155222952 0.056803752 0.007506124 0.998357117 15.519243240
0.998320580 0.006020770 -0.057617929 -0.740362883 -0.006342455 0.999965370 -0.005401824 -0.172519267 0.057583399 0.005758191 0.998324096 16.426872253
0.998243749 0.006513959 -0.058880735 -0.797596097 -0.006766219 0.999968827 -0.004085904 -0.181362391 0.058852278 0.004477129 0.998256624 17.360589981
0.998132646 0.006223751 -0.060765740 -0.849927068 -0.006490871 0.999970078 -0.004199473 -0.194432735 0.060737789 0.004586052 0.998143196 18.303483963
0.998037994 0.005981204 -0.062324166 -0.905643702 -0.006294715 0.999968469 -0.004835200 -0.207269162 0.062293287 0.005218026 0.998044193 19.235279083
0.998025596 0.004645305 -0.062636122 -0.975366712 -0.004991304 0.999973059 -0.005368587 -0.224432498 0.062609501 0.005670622 0.998022020 20.183326721
0.997936904 0.004871212 -0.064017802 -1.030764341 -0.005136040 0.999978840 -0.003972876 -0.230146706 0.063997105 0.004293478 0.997940838 21.125661850
0.997945845 0.006273155 -0.063755415 -1.096657276 -0.006324049 0.999979794 -0.000596516 -0.241513312 0.063750394 0.000998484 0.997965395 22.078195572
0.998015523 0.007067764 -0.062570758 -1.160890102 -0.006874604 0.999970913 0.003301811 -0.252900124 0.062592283 -0.002865108 0.998035014 23.031227112
0.998091042 0.005565812 -0.061508462 -1.217903256 -0.005189981 0.999966860 0.006268310 -0.261827469 0.061541315 -0.005937117 0.998086810 23.996429443
0.998167157 0.005705657 -0.060248338 -1.271981359 -0.005306217 0.999962866 0.006787797 -0.263588905 0.060284834 -0.006455665 0.998160303 24.968214035
0.998252332 0.006003520 -0.058790352 -1.329988003 -0.005754051 0.999973714 0.004411742 -0.275870949 0.058815289 -0.004065749 0.998260617 25.934833527
0.998313010 0.006624757 -0.057683021 -1.391878247 -0.006674356 0.999977529 -0.000667247 -0.279341549 0.057677306 0.001051118 0.998334706 26.915979385
0.998394430 0.005700568 -0.056358896 -1.452313900 -0.005920215 0.999975562 -0.003731092 -0.284051746 0.056336246 0.004058757 0.998403609 27.896076202
0.998454332 0.003415572 -0.055473812 -1.507923365 -0.003577014 0.999989629 -0.002811208 -0.292345107 0.055463634 0.003005293 0.998456120 28.885448456
0.998425782 0.001393592 -0.056071814 -1.556238294 -0.001263429 0.999996364 0.002356750 -0.306781054 0.056074902 -0.002282198 0.998423874 29.887512207
0.998363137 -0.002315117 -0.057146061 -1.606081963 0.002658794 0.999978781 0.005938707 -0.315614343 0.057131100 -0.006080925 0.998348176 30.884349823
0.998278618 -0.009570562 -0.057864338 -1.657266617 0.009904683 0.999935865 0.005490174 -0.328173637 0.057808075 -0.006053851 0.998309374 31.880142212
0.998153090 -0.012247315 -0.059503425 -1.711798072 0.012369919 0.999921978 0.001692475 -0.333638906 0.059478071 -0.002425401 0.998226702 32.885311127
0.998067856 -0.011921168 -0.060978878 -1.773821831 0.011788092 0.999927223 -0.002541630 -0.335196912 0.061004750 0.001817894 0.998135805 33.887954712
0.997967184 -0.010613245 -0.062839739 -1.844511747 0.010443934 0.999940872 -0.003022210 -0.350483894 0.062868103 0.002359772 0.998019040 34.905506134
0.997931778 -0.010528859 -0.063413180 -1.910597444 0.010446434 0.999944091 -0.001631226 -0.361594886 0.063426815 0.000965410 0.997986019 35.919895172
0.997852564 -0.007780322 -0.065036967 -1.975706577 0.007880758 0.999968052 0.001287924 -0.375820011 0.065024875 -0.001797699 0.997882009 36.946975708
0.997775257 -0.007398747 -0.066256359 -2.044883490 0.007583989 0.999967933 0.002544778 -0.385161281 0.066235423 -0.003041604 0.997799337 37.973857880
0.997736633 -0.006340089 -0.066942573 -2.126202106 0.006717743 0.999962687 0.005417885 -0.397978067 0.066905737 -0.005855326 0.997742116 39.010459900
0.997742355 -0.006616314 -0.066831291 -2.197216511 0.007194704 0.999938607 0.008417520 -0.401853234 0.066771515 -0.008879348 0.997728765 40.039035797
0.997727036 -0.000943149 -0.067378335 -2.274771214 0.001671832 0.999940693 0.010759240 -0.406767607 0.067364193 -0.010847428 0.997669399 41.072456360
0.997731805 -0.000929409 -0.067307912 -2.351371765 0.001608998 0.999948263 0.010043210 -0.407756120 0.067295082 -0.010128727 0.997681618 42.084899902
0.997695565 -0.001265402 -0.067836285 -2.409227848 0.001844917 0.999962330 0.008480883 -0.412878066 0.067822978 -0.008586492 0.997660398 43.114044189
0.997702599 0.000995777 -0.067738436 -2.486445427 -0.000571431 0.999980032 0.006283553 -0.419832498 0.067743346 -0.006230410 0.997683287 44.153377533
0.997656643 0.000653343 -0.068416528 -2.562609434 -0.000214865 0.999979317 0.006416122 -0.425260901 0.068419285 -0.006386387 0.997636259 45.163478851
0.997550368 -0.001352048 -0.069938228 -2.629751682 0.001865309 0.999971688 0.007274003 -0.423704118 0.069926418 -0.007386642 0.997524858 46.181884766
0.997495711 -0.000858277 -0.070722230 -2.706445217 0.001478334 0.999960840 0.008715618 -0.440414101 0.070711985 -0.008798341 0.997457922 47.197154999
0.997490942 0.001351879 -0.070782006 -2.782854319 -0.001002109 0.999987066 0.004976783 -0.445566893 0.070787810 -0.004893363 0.997479320 48.204387665
0.997432530 0.001496225 -0.071597248 -2.860405684 -0.001435032 0.999998450 0.000906124 -0.451581329 0.071598500 -0.000801053 0.997433066 49.197284698
0.997383416 0.002452960 -0.072250709 -2.937076330 -0.002460161 0.999996841 -0.000010676 -0.467037350 0.072250471 0.000188397 0.997386515 50.201095581
0.997366130 0.000901303 -0.072525516 -3.003684044 -0.000639692 0.999993205 0.003630303 -0.477778435 0.072528295 -0.003574348 0.997359991 51.199295044
0.997338355 -0.001005346 -0.072904840 -3.072179079 0.001500202 0.999976099 0.006733254 -0.488965809 0.072896346 -0.006824706 0.997316182 52.188716888
0.997335851 -0.002921160 -0.072886497 -3.152699709 0.003469339 0.999966621 0.007395536 -0.496467680 0.072862446 -0.007628703 0.997312844 53.187126160
0.997305274 -0.006144014 -0.073105395 -3.216618299 0.006607974 0.999959469 0.006106298 -0.502905250 0.073064923 -0.006572922 0.997305512 54.164894104
0.997261763 -0.008949150 -0.073408790 -3.292305470 0.009321229 0.999945283 0.004727552 -0.509400129 0.073362485 -0.005398868 0.997290730 55.153255463
0.997162461 -0.010398746 -0.074557357 -3.358489037 0.010871426 0.999923229 0.005936782 -0.516440868 0.074489914 -0.006730482 0.997199059 56.129871368
0.997067511 -0.013741913 -0.075282939 -3.437781096 0.014574805 0.999838352 0.010525279 -0.528001010 0.075126126 -0.011591649 0.997106671 57.105979919
0.996972561 -0.014710787 -0.076350398 -3.505930185 0.015933862 0.999753833 0.015434808 -0.530899286 0.076104559 -0.016604638 0.996961594 58.097202301
0.996950984 -0.013395915 -0.076872088 -3.584128618 0.014789669 0.999735832 0.017590223 -0.528441906 0.076616146 -0.018673506 0.996885836 59.066486359
0.996872663 -0.012025300 -0.078104012 -3.665563107 0.013132890 0.999819994 0.013682775 -0.532319784 0.077925421 -0.014665717 0.996851325 60.017044067
0.996802270 -0.010081273 -0.079269670 -3.745944977 0.010568427 0.999927700 0.005728354 -0.534392595 0.079206191 -0.006547794 0.996836841 60.950687408
0.996704400 -0.009424464 -0.080569744 -3.817978382 0.009533941 0.999954164 0.000974211 -0.538801014 0.080556862 -0.001739148 0.996748447 61.919551849
0.996670604 -0.004140023 -0.081428289 -3.904150963 0.004308245 0.999988914 0.001890312 -0.550863504 0.081419572 -0.002234832 0.996677339 62.839248657
0.996589661 -0.001723742 -0.082498997 -3.982190132 0.002071648 0.999989271 0.004131681 -0.560480237 0.082490988 -0.004288499 0.996582508 63.753612518
0.996490002 0.000673435 -0.083709210 -4.062228203 -0.000188060 0.999983191 0.005806094 -0.576303959 0.083711691 -0.005769972 0.996473312 64.671638489
0.996411979 0.001275669 -0.084626138 -4.140194416 -0.000819889 0.999984920 0.005420332 -0.580099225 0.084631778 -0.005331499 0.996398032 65.557418823
0.996276200 0.003477612 -0.086148411 -4.229424477 -0.002976751 0.999977887 0.005941703 -0.586544454 0.086167164 -0.005663135 0.996264577 66.426620483
0.996146679 0.004328704 -0.087595478 -4.304292679 -0.003743254 0.999969542 0.006846711 -0.599649847 0.087622426 -0.006492438 0.996132612 67.289825439
0.996004641 0.003954901 -0.089213610 -4.377698898 -0.003297943 0.999966323 0.007510068 -0.611260474 0.089240305 -0.007185843 0.995984197 68.131874084
0.995904565 0.003483257 -0.090344094 -4.459185600 -0.002738678 0.999961257 0.008364238 -0.612949252 0.090369731 -0.008082561 0.995875478 68.975738525
0.995768011 0.006578300 -0.091666691 -4.538903236 -0.005566766 0.999920845 0.011286227 -0.619347751 0.091733679 -0.010728179 0.995725751 69.790725708
0.995670617 0.008206850 -0.092590027 -4.623839378 -0.006813647 0.999858797 0.015353122 -0.626085877 0.092702970 -0.014655774 0.995585859 70.602600098
0.995467186 0.011450779 -0.094413616 -4.701658726 -0.009898075 0.999808192 0.016897723 -0.629762173 0.094589017 -0.015886614 0.995389640 71.389122009
0.995328426 0.014024958 -0.095524020 -4.787917137 -0.012851440 0.999834239 0.012889232 -0.630528688 0.095688954 -0.011601395 0.995343804 72.161315918
0.995219469 0.013917089 -0.096667364 -4.865989685 -0.013437715 0.999893844 0.005608271 -0.635873914 0.096735172 -0.004282471 0.995300949 72.904594421
0.995058596 0.012967578 -0.098438278 -4.934875965 -0.013045354 0.999914825 -0.000146475 -0.644765794 0.098428003 0.001429913 0.995143056 73.634643555
0.995011866 0.013770179 -0.098800771 -5.012767315 -0.013959541 0.999901772 -0.001225548 -0.653866887 0.098774195 0.002598649 0.995106459 74.346008301
0.994856954 0.016650254 -0.099910825 -5.083331585 -0.016475039 0.999860942 0.002578544 -0.665354788 0.099939853 -0.000919248 0.994993031 75.034248352
0.994748354 0.016850062 -0.100954361 -5.158463478 -0.016466159 0.999853671 0.004634892 -0.679261744 0.101017699 -0.002948222 0.994880140 75.714485168
0.994696677 0.013361839 -0.101980656 -5.223617077 -0.013311793 0.999910653 0.001171299 -0.687964261 0.101987198 0.000192458 0.994785666 76.364807129
0.994786441 0.005562685 -0.101828776 -5.280778408 -0.005965027 0.999975502 -0.003647086 -0.701745749 0.101806007 0.004235481 0.994795203 76.990722656
0.994895101 0.001665195 -0.100901380 -5.332865715 -0.002522799 0.999961913 -0.008372420 -0.719297826 0.100883566 0.008584234 0.994861126 77.601409912
0.995209754 0.003817263 -0.097688720 -5.394116402 -0.004672030 0.999952853 -0.008522652 -0.729558945 0.097651556 0.008938232 0.995180488 78.207092285
0.995601952 0.008747960 -0.093276419 -5.464959145 -0.009302118 0.999941587 -0.005507885 -0.741445661 0.093222782 0.006351328 0.995624959 78.796684265
0.996025920 0.007348859 -0.088760279 -5.509063721 -0.007617746 0.999967337 -0.002691019 -0.748654544 0.088737614 0.003356477 0.996049345 79.356079102
0.996521473 0.003835170 -0.083248310 -5.540135384 -0.003723136 0.999991894 0.001500968 -0.758795381 0.083253413 -0.001185803 0.996527672 79.913101196
0.997161806 -0.000728993 -0.075285777 -5.567099571 0.001118841 0.999986172 0.005136175 -0.772623777 0.075281009 -0.005205831 0.997148752 80.459274292
0.997917950 0.002988366 -0.064425796 -5.600071907 -0.002684645 0.999984801 0.004800344 -0.777697504 0.064439155 -0.004617391 0.997910917 80.991012573
0.998752952 0.008116555 -0.049258918 -5.628143311 -0.007916829 0.999959588 0.004248370 -0.781399429 0.049291391 -0.003853100 0.998777032 81.503120422
0.999435425 0.013091937 -0.030940402 -5.643823624 -0.012942918 0.999903619 0.005011781 -0.788505197 0.031003017 -0.004608495 0.999508739 82.013366699
0.999893248 0.011724250 -0.008714627 -5.637837887 -0.011675555 0.999916017 0.005617920 -0.792404234 0.008779746 -0.005515574 0.999946237 82.500686646
0.999826014 0.008011870 0.016844438 -5.593415737 -0.008122403 0.999945760 0.006503842 -0.797802448 -0.016791416 -0.006639528 0.999836981 82.973556519
0.998889029 0.007018468 0.046599597 -5.552686691 -0.007411381 0.999938369 0.008264268 -0.805603683 -0.046538722 -0.008600455 0.998879433 83.440475464
0.996802926 0.006551045 0.079632208 -5.497789383 -0.007378827 0.999921679 0.010105262 -0.814722836 -0.079559773 -0.010660547 0.996773064 83.895935059
0.993056834 0.006519386 0.117455751 -5.417162895 -0.007755806 0.999919176 0.010072699 -0.810819328 -0.117380589 -0.010913728 0.993026972 84.357658386
0.987289310 0.006629059 0.158794507 -5.328218460 -0.008387844 0.999910653 0.010408193 -0.819042623 -0.158711314 -0.011607843 0.987256825 84.770439148
0.978971183 0.006397008 0.203897789 -5.208917618 -0.008676317 0.999909461 0.010286702 -0.819351077 -0.203813523 -0.011839466 0.978938162 85.202125549
0.967517793 0.008342013 0.252665043 -5.071702957 -0.010867666 0.999903917 0.008602100 -0.831142783 -0.252569079 -0.011068565 0.967515647 85.607406616
0.951927662 0.009874373 0.306163877 -4.922616959 -0.012268241 0.999907315 0.005895603 -0.838065863 -0.306077242 -0.009368276 0.951960623 85.994163513
0.932012200 0.010400739 0.362277687 -4.740732193 -0.012573859 0.999914289 0.003641250 -0.840605378 -0.362208784 -0.007948916 0.932063162 86.378738403
0.907700121 0.011347343 0.419466108 -4.545070648 -0.013307685 0.999909937 0.001747614 -0.842275441 -0.419408500 -0.007168429 0.907769322 86.725799561
0.878931165 0.010825518 0.476825744 -4.318416595 -0.012310672 0.999924183 -0.000009361 -0.853682339 -0.476789713 -0.005861820 0.878997803 87.052261353
0.845373452 0.009339252 0.534094214 -4.071811676 -0.009890108 0.999949336 -0.001831034 -0.861494780 -0.534084201 -0.003734343 0.845422983 87.365539551
0.808627546 0.009087503 0.588250637 -3.807868958 -0.009045705 0.999954581 -0.003013141 -0.869237185 -0.588251352 -0.002884635 0.808672965 87.652252197
0.768932879 0.007330208 0.639287472 -3.524848938 -0.008235574 0.999964833 -0.001560088 -0.882725120 -0.639276385 -0.004065297 0.768966198 87.923233032
0.726434708 0.007174479 0.687197924 -3.226852417 -0.009805079 0.999951899 -0.000074771 -0.881981075 -0.687165499 -0.006683716 0.726470172 88.176208496
0.681461632 0.006079680 0.731828511 -2.909397125 -0.008924979 0.999960065 0.000003545 -0.886718988 -0.731799304 -0.006533971 0.681488812 88.411888123
0.635613620 0.004724300 0.771992922 -2.581768036 -0.005795642 0.999982238 -0.001347716 -0.892439485 -0.771985650 -0.003617568 0.635629654 88.612579346
0.590392172 0.002248640 0.807113409 -2.227012634 -0.000166982 0.999996364 -0.002663873 -0.899210513 -0.807116508 0.001437956 0.590390444 88.785217285
0.543769240 0.004433492 0.839223087 -1.885494232 -0.002022694 0.999990046 -0.003972209 -0.903973937 -0.839232266 0.000462473 0.543772876 88.960021973
0.496602505 0.007177469 0.867948532 -1.538421631 -0.006160846 0.999969721 -0.004744246 -0.914302647 -0.867956221 -0.002991292 0.496631771 89.122444153
0.450582117 0.009461926 0.892684877 -1.190052032 -0.006892538 0.999950826 -0.007119877 -0.918305516 -0.892708480 -0.002944774 0.450625181 89.273544312
0.408308566 0.007231477 0.912815332 -0.828716278 -0.000294994 0.999969542 -0.007789974 -0.923826218 -0.912843883 0.002911438 0.408298343 89.386077881
0.369083554 -0.000753153 0.929395974 -0.439184189 0.015069732 0.999873102 -0.005174260 -0.929973006 -0.929274082 0.015915483 0.369048119 89.483978271
0.334026814 -0.004116470 0.942554653 -0.064960480 0.019168891 0.999813318 -0.002426620 -0.929869235 -0.942368746 0.018878283 0.334043354 89.573486328
0.300578594 -0.000110628 0.953757107 0.306785583 0.016163364 0.999857008 -0.004977945 -0.938453555 -0.953620195 0.016912188 0.300537407 89.676986694
0.269739002 0.008020014 0.962900043 0.676961899 0.005889664 0.999932885 -0.009978343 -0.943543553 -0.962915599 0.008362707 0.269673616 89.775787354
0.241300777 0.011853729 0.970378041 1.066684723 0.000386945 0.999924123 -0.012310871 -0.966273785 -0.970450461 0.003346105 0.241277859 89.865074158
0.215667844 0.013450111 0.976374209 1.465034485 0.001374466 0.999899983 -0.014077795 -0.981091380 -0.976465881 0.004378121 0.215627775 89.930549622
0.192362979 0.014861611 0.981211364 1.878084183 0.008829897 0.999818623 -0.016874509 -0.989005208 -0.981284142 0.011910027 0.192196861 89.985580444
0.172408372 0.020915667 0.984803557 2.292528152 0.015616929 0.999590814 -0.023963761 -0.988880754 -0.984901845 0.019511160 0.172011197 90.026847839
0.152750984 0.027919693 0.987870276 2.726469994 0.017524052 0.999367118 -0.030954301 -0.987390220 -0.988109350 0.022039790 0.152165055 90.083671570
0.134913623 0.028707448 0.990441382 3.174384117 0.015532302 0.999396086 -0.031082734 -0.998034239 -0.990735710 0.019577317 0.134386241 90.143661499
0.119350471 0.024112156 0.992559373 3.642203331 0.013591115 0.999571621 -0.025916774 -1.021676540 -0.992759168 0.016583169 0.118971661 90.197189331
0.105002917 0.020902412 0.994252205 4.119338036 0.013643862 0.999654651 -0.022456918 -1.040438771 -0.994378269 0.015923481 0.104681492 90.237327576
0.091848910 0.018444970 0.995602131 4.606126785 0.016154405 0.999669135 -0.020010639 -1.054351687 -0.995641828 0.017921316 0.091520570 90.269363403
0.079972774 0.017885448 0.996636569 5.118131638 0.019598201 0.999617517 -0.019511558 -1.066906929 -0.996604264 0.021092674 0.079591669 90.301521301
0.070185415 0.018397139 0.997364342 5.638530731 0.022800148 0.999539077 -0.020041725 -1.080374122 -0.997273386 0.024146687 0.069733620 90.326210022
0.062280931 0.018955208 0.997878671 6.175955296 0.024969829 0.999477208 -0.020544022 -1.095997930 -0.997746289 0.026196364 0.061775066 90.353363037
0.056736749 0.019102739 0.998206437 6.736916542 0.026954442 0.999423265 -0.020658083 -1.109130263 -0.998025358 0.028078172 0.056189124 90.379081726
0.051319636 0.020181868 0.998478353 7.313946247 0.027756156 0.999380767 -0.021626713 -1.123794079 -0.998296499 0.028823799 0.050727688 90.401786804
0.045279711 0.020885084 0.998756111 7.903626919 0.028013924 0.999361694 -0.022167796 -1.139766693 -0.998581469 0.028982824 0.044665735 90.425964355
0.040776487 0.020601718 0.998955786 8.515601158 0.030033700 0.999310315 -0.021834977 -1.158857226 -0.998716772 0.030892696 0.040129617 90.443664551
0.038032521 0.020853877 0.999058902 9.149202347 0.031829640 0.999249697 -0.022069559 -1.172215223 -0.998769343 0.032639045 0.037340216 90.463600159
0.034876730 0.020268170 0.999186099 9.796788216 0.032382376 0.999246418 -0.021399703 -1.189917564 -0.998866796 0.033102375 0.034194112 90.486160278
0.032627653 0.019706465 0.999273300 10.467930794 0.034488238 0.999187946 -0.020830877 -1.207633495 -0.998872280 0.035142846 0.031921517 90.500259399
0.031883787 0.019314270 0.999305010 11.153402328 0.039394889 0.999011934 -0.020565543 -1.223264098 -0.998714864 0.040023208 0.031091403 90.514785767
0.033318020 0.018816782 0.999267697 11.871768951 0.043182172 0.998861909 -0.020248944 -1.241572261 -0.998511434 0.043825198 0.032467548 90.522941589
0.035699919 0.019055557 0.999180853 12.594048500 0.044373725 0.998801827 -0.020633765 -1.256725311 -0.998376906 0.045074012 0.034811575 90.551025391
0.039443776 0.019249817 0.999036372 13.331033707 0.046822324 0.998680532 -0.021091590 -1.272778749 -0.998124123 0.047609139 0.038490407 90.582298279
0.043838464 0.018579500 0.998865783 14.082683563 0.047589712 0.998653173 -0.020664170 -1.292232752 -0.997904539 0.048441626 0.042895224 90.610702515
0.047752302 0.016669748 0.998720109 14.867425919 0.048922013 0.998621702 -0.019007238 -1.316599011 -0.997660339 0.049767040 0.046870969 90.649200439
0.051880434 0.015244643 0.998536885 15.660285950 0.048591983 0.998660564 -0.017771196 -1.332734942 -0.997470319 0.049442869 0.051070176 90.689613342
0.055893499 0.013336210 0.998347700 16.471437454 0.045701779 0.998828590 -0.015901294 -1.347924113 -0.997390151 0.046515033 0.055218540 90.742286682
0.060104404 0.011820094 0.998122036 17.287158966 0.044995975 0.998881340 -0.014538626 -1.375518799 -0.997177422 0.045785319 0.059505314 90.792343140
0.064051591 0.013022524 0.997861564 18.110910416 0.042259287 0.998982430 -0.015749726 -1.389681458 -0.997051477 0.043177716 0.063436098 90.852600098
0.067392193 0.016905271 0.997583330 18.938316345 0.040234037 0.998997033 -0.019647259 -1.416546106 -0.996914983 0.041460872 0.066644438 90.911773682
0.068569571 0.021937521 0.997405052 19.787986755 0.034029350 0.999125063 -0.024314793 -1.445295095 -0.997065842 0.035608303 0.067763053 90.986381531
0.068433866 0.025492406 0.997329950 20.623350143 0.031045996 0.999134898 -0.027668828 -1.465904713 -0.997172594 0.032856576 0.067583233 91.048881531
0.068798609 0.024542915 0.997328520 21.464860916 0.028767716 0.999232829 -0.026574252 -1.501432538 -0.997215807 0.030519126 0.068039797 91.105705261
0.068384580 0.022821417 0.997397900 22.308732986 0.026235072 0.999351442 -0.024664873 -1.535681248 -0.997314036 0.027853504 0.067741513 91.179306030
0.068270311 0.021834735 0.997427821 23.143684387 0.027189130 0.999348342 -0.023737779 -1.562783241 -0.997296214 0.028739782 0.067632161 91.237159729
0.068720326 0.020720042 0.997420669 23.979324341 0.024351545 0.999451518 -0.022440003 -1.600554466 -0.997338712 0.025830820 0.068178058 91.297500610
0.068884045 0.021307971 0.997397065 24.834682465 0.022872098 0.999475360 -0.022932002 -1.627950191 -0.997362494 0.024392216 0.068360537 91.366020203
0.069095217 0.021547804 0.997377336 25.670295715 0.019877059 0.999538481 -0.022971511 -1.663966298 -0.997412086 0.021412151 0.068635009 91.427230835
0.067864694 0.022994064 0.997429490 26.497272491 0.016835509 0.999565601 -0.024188787 -1.692089558 -0.997552514 0.018433802 0.067448102 91.488388062
0.065111585 0.023188295 0.997608423 27.326194763 0.014002146 0.999610305 -0.024148714 -1.714894295 -0.997779727 0.015541023 0.064761512 91.546653748
0.061231267 0.022232730 0.997875869 28.157423019 0.011655584 0.999667704 -0.022987857 -1.740201950 -0.998055458 0.013038401 0.060951795 91.600669861
0.055853117 0.019612204 0.998246253 28.980604172 0.009817595 0.999747932 -0.020191012 -1.769318342 -0.998390734 0.010928110 0.055646487 91.653076172
0.050401971 0.017365068 0.998578012 29.813694000 0.007513513 0.999813914 -0.017765796 -1.799039602 -0.998700678 0.008398262 0.050262120 91.690643311
0.043356854 0.017501947 0.998906374 30.638080597 0.007356076 0.999813855 -0.017837131 -1.825570464 -0.999032497 0.008121394 0.043220032 91.721405029
0.034491189 0.018341750 0.999236703 31.454954147 0.006797848 0.999804199 -0.018586809 -1.852505922 -0.999381900 0.007433741 0.034359746 91.751426697
0.024274429 0.019019058 0.999524295 32.267776489 0.006836764 0.999792576 -0.019190192 -1.875403881 -0.999681950 0.007299343 0.024139361 91.769462585
0.014088199 0.017891172 0.999740601 33.087516785 0.008191087 0.999804378 -0.018007739 -1.900640726 -0.999867201 0.008442660 0.013938891 91.779731750
0.002808969 0.016701650 0.999856472 33.891269684 0.006409147 0.999839723 -0.016719367 -1.929865599 -0.999975562 0.006455194 0.002701471 91.784652710
-0.007840493 0.016231483 0.999837637 34.692485809 0.008309010 0.999834776 -0.016166281 -1.951063156 -0.999934673 0.008180906 -0.007974063 91.771995544
-0.019044295 0.016571810 0.999681294 35.486740112 0.008300954 0.999830782 -0.016416151 -1.977434278 -0.999784112 0.007985674 -0.019178633 91.754371643
-0.029830275 0.017163130 0.999407589 36.281871796 0.008661203 0.999819458 -0.016911684 -1.998442411 -0.999517381 0.008151591 -0.029973546 91.731033325
-0.040547583 0.018380627 0.999008477 37.068855286 0.008278748 0.999802649 -0.018059220 -2.021914244 -0.999143243 0.007538283 -0.040691752 91.698356628
-0.050833542 0.019588118 0.998515010 37.861595154 0.009234918 0.999774098 -0.019142676 -2.047073364 -0.998664439 0.008248114 -0.051002946 91.658096313
-0.060009971 0.020163709 0.997994065 38.626873016 0.010321192 0.999755085 -0.019578667 -2.072763920 -0.998144388 0.009125574 -0.060203381 91.600509644
-0.069859430 0.020619478 0.997343659 39.418624878 0.010721332 0.999744117 -0.019918127 -2.097775936 -0.997499347 0.009301385 -0.070062630 91.550209045
-0.079090372 0.021307293 0.996639729 40.173591614 0.011603387 0.999723554 -0.020452410 -2.117858171 -0.996799886 0.009946810 -0.079315759 91.485092163
-0.087683789 0.020334179 0.995940804 40.924362183 0.012643865 0.999733865 -0.019298442 -2.148606777 -0.996068120 0.010900383 -0.087917559 91.411758423
-0.095066875 0.019277042 0.995284319 41.680469513 0.014104343 0.999738157 -0.018016102 -2.178628206 -0.995370865 0.012325098 -0.095313877 91.341171265
-0.100279406 0.017610088 0.994803429 42.416175842 0.016718155 0.999731898 -0.016012089 -2.203300953 -0.994818747 0.015025597 -0.100546941 91.258689880
-0.103882737 0.015865574 0.994463027 43.140422821 0.020022349 0.999703467 -0.013857622 -2.226922989 -0.994387925 0.018471919 -0.104169592 91.172676086
-0.106732242 0.014903405 0.994176030 43.875198364 0.021755850 0.999683201 -0.012650308 -2.247625828 -0.994049668 0.020278949 -0.107022680 91.099845886
-0.108519047 0.013949389 0.993996501 44.577098846 0.021497745 0.999700606 -0.011682433 -2.268663883 -0.993861854 0.020100914 -0.108786456 91.023445129
-0.109156005 0.014450343 0.993919551 45.262512207 0.022829000 0.999667168 -0.012026735 -2.288307190 -0.993762434 0.021377401 -0.109449536 90.946006775
-0.108222559 0.015389216 0.994007528 45.932765961 0.023363497 0.999643385 -0.012932772 -2.307498932 -0.993852079 0.021823876 -0.108543508 90.872230530
-0.105054237 0.016947379 0.994322002 46.604568481 0.024589142 0.999593318 -0.014439279 -2.327509403 -0.994162440 0.022932621 -0.105428234 90.793815613
-0.099928707 0.017546656 0.994839847 47.226745605 0.024742419 0.999579251 -0.015144940 -2.347203732 -0.994686902 0.023101334 -0.100320794 90.741340637
-0.092120789 0.018158155 0.995582402 47.839878082 0.024193693 0.999579370 -0.015992425 -2.371299028 -0.995453835 0.022613579 -0.092521369 90.692573547
-0.080907628 0.018149389 0.996556401 48.432659149 0.023141528 0.999598920 -0.016326003 -2.391781569 -0.996452928 0.021740939 -0.081295185 90.652877808
-0.067167252 0.018560642 0.997569084 49.001777649 0.023191832 0.999585867 -0.017036637 -2.408674479 -0.997472048 0.021991154 -0.067569897 90.624839783
-0.049951252 0.019968629 0.998551965 49.570423126 0.021712359 0.999585509 -0.018903164 -2.430599928 -0.998515606 0.020736683 -0.050364107 90.605720520
-0.028480846 0.022590702 0.999338984 50.119556427 0.020067902 0.999556005 -0.022023676 -2.450333118 -0.999392807 0.019427385 -0.028921554 90.603179932
-0.004043866 0.025426554 0.999668419 50.645835876 0.017963406 0.999517143 -0.025350036 -2.471877098 -0.999830425 0.017854936 -0.004498661 90.618827820
0.024653826 0.027229203 0.999325097 51.179954529 0.016849523 0.999475658 -0.027648989 -2.494211674 -0.999554038 0.017519809 0.024182107 90.643768311
0.057602528 0.026525058 0.997987151 51.707946777 0.013860172 0.999529243 -0.027366042 -2.516885281 -0.998243332 0.015408623 0.057207778 90.700553894
0.095750876 0.024286013 0.995109022 52.226806641 0.013148728 0.999584079 -0.025660425 -2.532875061 -0.995318532 0.015541428 0.095391721 90.771247864
0.138053671 0.020304751 0.990216553 52.739089966 0.010547896 0.999702871 -0.021969836 -2.558552742 -0.990368545 0.013477718 0.137798473 90.863388062
0.183228448 0.016165834 0.982937396 53.246902466 0.008233690 0.999804378 -0.017978070 -2.574257851 -0.983035862 0.011387297 0.183059484 90.985641479
0.231792077 0.013099505 0.972677171 53.738319397 0.004003008 0.999887884 -0.014419898 -2.589006901 -0.972757101 0.007236051 0.231713697 91.128677368
0.284139454 0.011385113 0.958715320 54.197570801 0.000468930 0.999927700 -0.012013509 -2.607974052 -0.958782911 0.003863083 0.284113586 91.283706665
0.337817520 0.010648156 0.941151500 54.673820496 -0.000267276 0.999936998 -0.011217319 -2.631197929 -0.941211581 0.003537859 0.337799042 91.490959167
0.396253675 0.011625152 0.918067515 55.117622375 0.002063037 0.999906003 -0.013551886 -2.639936209 -0.918138683 0.007263992 0.396192431 91.706100464
0.455776006 0.014922203 0.889969349 55.536308289 0.002689836 0.999831796 -0.018141810 -2.652850866 -0.890090466 0.010662472 0.455659121 91.959861755
0.514130712 0.018550213 0.857511282 55.908885956 0.003786959 0.999707162 -0.023896802 -2.667556524 -0.857703626 0.015533437 0.513909876 92.234375000
0.572661519 0.022798652 0.819474876 56.285003662 -0.000322053 0.999619365 -0.027585410 -2.680226326 -0.819791734 0.015533189 0.572450936 92.535156250
0.629694104 0.025206912 0.776434243 56.643718719 -0.003618133 0.999557734 -0.029516280 -2.697834969 -0.776834726 0.015776984 0.629506826 92.848251343
0.679754555 0.026374497 0.732965350 56.929969788 -0.004879758 0.999493659 -0.031439561 -2.708399296 -0.733423531 0.017794490 0.679539084 93.213211060
0.727910757 0.025112275 0.685211837 57.210975647 -0.005469702 0.999509990 -0.030820413 -2.719778061 -0.685650110 0.018686604 0.727691412 93.579467773
0.772955000 0.022110280 0.634075642 57.470947266 -0.007407913 0.999638975 -0.025827073 -2.728952885 -0.634417772 0.015265988 0.772839665 93.961486816
0.813678920 0.016807787 0.581071615 57.717697144 -0.007593423 0.999803901 -0.018286701 -2.746237278 -0.581265092 0.010467183 0.813646972 94.380012512
0.850561380 0.012949993 0.525716364 57.935115814 -0.008095448 0.999900699 -0.011532892 -2.761201382 -0.525813520 0.005553522 0.850581706 94.788299561
0.881553531 0.009486475 0.471988827 58.127536774 -0.008398983 0.999954939 -0.004410900 -2.769502163 -0.472009450 -0.000075781 0.881593466 95.226638794
0.906512499 0.010336222 0.422052354 58.279285431 -0.011916563 0.999928355 0.001106579 -2.780374765 -0.422010660 -0.006032543 0.906570792 95.675895691
0.926468134 0.012135576 0.376177549 58.419448853 -0.015004042 0.999876320 0.004696430 -2.791326523 -0.376074076 -0.009995278 0.926535726 96.114723206
0.941528857 0.018808518 0.336407065 58.538803101 -0.022623079 0.999716401 0.007422840 -2.798192263 -0.336172163 -0.014599385 0.941687346 96.574203491
0.953180313 0.022559086 0.301559865 58.653678894 -0.025668845 0.999650300 0.006353106 -2.793711662 -0.301311076 -0.013796350 0.953426063 97.051132202
0.962367177 0.024879176 0.270610839 58.749797821 -0.027621049 0.999598444 0.006327940 -2.798544884 -0.270344764 -0.013564361 0.962667942 97.504501343
0.968364835 0.019291651 0.248791397 58.861297607 -0.021567294 0.999746799 0.006424071 -2.799207211 -0.248604462 -0.011586607 0.968535781 97.986228943
0.972282588 0.016564807 0.233221099 58.972023010 -0.018776247 0.999797225 0.007265076 -2.808516264 -0.233053476 -0.011442726 0.972396553 98.472381592
0.975233078 0.020037064 0.220270038 59.075653076 -0.022112403 0.999731302 0.006959958 -2.806538105 -0.220071405 -0.011658285 0.975414038 98.984565735
0.977252543 0.025471244 0.210543126 59.169876099 -0.027610624 0.999592602 0.007227461 -2.801284075 -0.210273236 -0.012876287 0.977557778 99.492904663
0.978313208 0.033162769 0.204458773 59.266250610 -0.035012070 0.999372184 0.005433013 -2.790043354 -0.204150230 -0.012473718 0.978860080 100.022514343
0.978471637 0.040891688 0.202289760 59.354801178 -0.042230420 0.999105215 0.002304446 -2.807475328 -0.202014536 -0.010797618 0.979322910 100.546539307
0.978619099 0.040989090 0.201555163 59.456779480 -0.041771103 0.999127150 -0.000373599 -2.809985161 -0.201394483 -0.008053570 0.979477227 101.126434326
0.978212833 0.038903587 0.203926876 59.576259613 -0.038916137 0.999234676 -0.003950187 -2.813328981 -0.203924507 -0.004071921 0.978978097 101.679168701
0.977432430 0.037731353 0.207851440 59.698394775 -0.036334150 0.999284148 -0.010537163 -2.817276239 -0.208100244 0.002747260 0.978103638 102.235572815
0.976497352 0.038575608 0.212048948 59.824989319 -0.036186796 0.999230444 -0.015136162 -2.822120667 -0.212469637 0.007107050 0.977141857 102.807182312
0.975320995 0.043193735 0.216525301 59.942680359 -0.040868379 0.999048769 -0.015207715 -2.826809406 -0.216976196 0.005983368 0.976158559 103.407073975
0.974002361 0.046324603 0.221750438 60.084239960 -0.045088936 0.998926342 -0.010634155 -2.845868587 -0.222004965 0.000359201 0.975045502 104.011390686
0.973027706 0.043161612 0.226614773 60.229148865 -0.042948153 0.999059975 -0.005874698 -2.857957840 -0.226655334 -0.004016445 0.973966718 104.628677368
0.972290874 0.038974315 0.230502591 60.383842468 -0.039966308 0.999200881 -0.000365690 -2.863708735 -0.230332658 -0.008856781 0.973071694 105.259300232
0.971511304 0.036730845 0.234129325 60.538597107 -0.038883824 0.999233127 0.004584650 -2.874243259 -0.233781412 -0.013557882 0.972194672 105.893020630
0.970910728 0.032333985 0.237248540 60.696723938 -0.034537554 0.999390066 0.005136461 -2.876218796 -0.236937791 -0.013181031 0.971435428 106.539276123
0.970950961 0.028788166 0.237540260 60.861312866 -0.030135086 0.999543726 0.002040328 -2.886648655 -0.237373158 -0.009139356 0.971375585 107.197425842
0.971115470 0.028116107 0.236947536 61.025215149 -0.027733877 0.999603212 -0.004946875 -2.893613577 -0.236992583 -0.001767487 0.971509874 107.855819702
0.971203804 0.030453779 0.236295685 61.177707672 -0.028530600 0.999526143 -0.011554691 -2.898166180 -0.236535594 0.004480302 0.971612573 108.529052734
0.971780002 0.033069324 0.233559266 61.340511322 -0.030354122 0.999423444 -0.015211269 -2.907094240 -0.233927637 0.007692523 0.972223639 109.216979980
0.972408891 0.031571850 0.231136739 61.511924744 -0.029841566 0.999494255 -0.010979110 -2.914770603 -0.231366500 0.003778701 0.972859323 109.934173584
0.972795129 0.027347747 0.230047509 61.678356171 -0.027314540 0.999621272 -0.003329477 -2.927873850 -0.230051458 -0.003044744 0.973173678 110.654960632
0.973374367 0.027986387 0.227506489 61.846168518 -0.029311532 0.999567330 0.002447475 -2.935880661 -0.227339551 -0.009050874 0.973773479 111.386093140
0.973687887 0.031220052 0.225737199 62.011074066 -0.032452315 0.999471724 0.001749219 -2.942431688 -0.225563347 -0.009028889 0.974186718 112.133247375
0.973989069 0.037692461 0.223438144 62.172164917 -0.037991907 0.999273598 -0.002960019 -2.946212769 -0.223387420 -0.005605815 0.974713624 112.884063721
0.974813163 0.038558185 0.219664901 62.334678650 -0.037643876 0.999256313 -0.008348007 -2.949910641 -0.219823465 -0.000131293 0.975539625 113.642021179
0.975768030 0.036956184 0.215663776 62.504306793 -0.035397962 0.999311805 -0.011084584 -2.962327480 -0.215924963 0.003181924 0.976404786 114.412681580
0.976688385 0.034692030 0.211839974 62.674308777 -0.033436883 0.999395549 -0.009505522 -2.973825932 -0.212041706 0.002200664 0.977258146 115.190597534
0.977547526 0.031035602 0.208416954 62.849834442 -0.030135592 0.999517679 -0.007492959 -2.985045671 -0.208549008 0.001043955 0.978011310 115.985916138
0.977943242 0.029930880 0.206715167 63.014625549 -0.029613027 0.999550700 -0.004632313 -2.999865532 -0.206760913 -0.001591323 0.978390217 116.790367126
0.978343844 0.026828188 0.205240309 63.189369202 -0.026933685 0.999634683 -0.002280156 -3.007733345 -0.205226481 -0.003297102 0.978708982 117.602279663
0.978548646 0.021793524 0.204859540 63.370571136 -0.022062963 0.999756098 -0.000969074 -3.020119190 -0.204830676 -0.003571522 0.978790879 118.429794312
0.978640139 0.022408487 0.204355881 63.535057068 -0.023036599 0.999734342 0.000694906 -3.029666185 -0.204286009 -0.005387727 0.978896439 119.267990112
0.978412390 0.027801419 0.204783276 63.702541351 -0.028124269 0.999603570 -0.001334386 -3.036208630 -0.204739183 -0.004453802 0.978806436 120.101776123
0.978135049 0.033821803 0.205202341 63.869606018 -0.033587333 0.999425113 -0.004626726 -3.046277046 -0.205240875 -0.002366636 0.978708684 120.942642212
0.977619708 0.042181116 0.206108063 64.034881592 -0.041774862 0.999107063 -0.006324461 -3.050670385 -0.206190810 -0.002427220 0.978508830 121.780746460
0.976714849 0.048208673 0.209055021 64.204650879 -0.048073143 0.998827338 -0.005732411 -3.064786673 -0.209086239 -0.004451002 0.977887094 122.637481689
0.975954950 0.050495856 0.212043062 64.374458313 -0.050910145 0.998697042 -0.003509015 -3.086812258 -0.211944029 -0.007370501 0.977253973 123.491577148
0.975346386 0.051467098 0.214593887 64.555007935 -0.051718742 0.998651743 -0.004445716 -3.096309185 -0.214533404 -0.006762411 0.976693213 124.351997375
0.975081801 0.049480703 0.216256842 64.745498657 -0.049105406 0.998768270 -0.007111760 -3.108301640 -0.216342375 -0.003684832 0.976310611 125.197441101
0.975062430 0.043470245 0.217631325 64.939025879 -0.043296792 0.999046803 -0.005567798 -3.127851963 -0.217665926 -0.003993786 0.976015151 126.046546936
0.975278318 0.036669441 0.217915982 65.140121460 -0.035967696 0.999327004 -0.007187434 -3.147565365 -0.218032882 -0.000828187 0.975941241 126.903114319
0.975006938 0.036210842 0.219203338 65.333786011 -0.035547670 0.999343634 -0.006970035 -3.167609453 -0.219311863 -0.000996333 0.975654423 127.757949829
0.974553287 0.038768854 0.220777869 65.520332336 -0.038823958 0.999237657 -0.004091390 -3.180773735 -0.220768154 -0.004584192 0.975315630 128.604248047
0.974199593 0.040333528 0.222054377 65.713088989 -0.041687127 0.999129713 0.001410274 -3.190943956 -0.221804231 -0.010630695 0.975033343 129.480484009
0.973823071 0.043945499 0.223018870 65.899749756 -0.046369217 0.998908341 0.005640232 -3.204023361 -0.222527564 -0.015833795 0.974797845 130.337112427
0.973680496 0.043058630 0.223812655 66.093994141 -0.043990359 0.999031544 -0.000823778 -3.216071129 -0.223631352 -0.009043504 0.974631786 131.176361084
0.973883867 0.038957305 0.223679453 66.291748047 -0.036492683 0.999219120 -0.015143350 -3.233643055 -0.224094704 0.006585207 0.974545121 132.005523682
