1.000000000 0.000000000 0.000000000 0.000000000 0.000000000 1.000000000 0.000000000 0.000000000 0.000000000 0.000000000 1.000000000 0.000000000
0.999998629 0.000558575 0.001575773 -0.004079881 -0.000551562 0.999989986 -0.004447512 -0.002790977 -0.001578242 0.004446637 0.999988854 0.976865590
0.999995947 -0.001965744 0.002064382 0.003421757 0.001976523 0.999984384 -0.005232751 0.000419255 -0.002054063 0.005236810 0.999984205 1.944679856
0.999992311 -0.003354357 0.002040565 0.003193574 0.003357257 0.999993384 -0.001418821 -0.000468491 -0.002035792 0.001425661 0.999996901 2.923334122
0.999982595 -0.005765712 0.001271680 0.008788820 0.005759659 0.999972284 0.004713230 -0.003593458 -0.001298819 -0.004705823 0.999988079 3.892995358
0.999951780 -0.009813661 -0.000348111 0.016552372 0.009815206 0.999940574 0.004752902 0.001188800 0.000301447 -0.004756089 0.999988616 4.853150845
0.999921441 -0.012456700 -0.001412990 0.021772753 0.012459091 0.999920905 0.001695479 0.005556277 0.001391759 -0.001712951 0.999997556 5.805730820
0.999913752 -0.012871022 -0.002636184 0.022438794 0.012866702 0.999915898 -0.001649712 0.006964106 0.002657196 0.001615651 0.999995172 6.756620407
0.999917865 -0.012492897 -0.002879411 0.008338189 0.012487130 0.999920011 -0.002012805 0.004327555 0.002904327 0.001976683 0.999993861 7.707918167
0.999920368 -0.012098058 -0.003578071 -0.001102429 0.012096817 0.999926746 -0.000368129 0.004217892 0.003582262 0.000324816 0.999993443 8.664926529
0.999919116 -0.011882266 -0.004530921 -0.009101849 0.011894868 0.999925375 0.002764408 0.004136056 0.004497735 -0.002818079 0.999985874 9.606265068
0.999911726 -0.012192273 -0.005274640 -0.017603558 0.012214202 0.999916792 0.004145547 0.008620616 0.005223658 -0.004209607 0.999977469 10.558468819
0.999897242 -0.013113833 -0.005787489 -0.023159795 0.013140349 0.999903202 0.004567634 0.016656596 0.005727028 -0.004643214 0.999972761 11.497749329
0.999887466 -0.013350188 -0.006845998 -0.029549308 0.013382889 0.999899149 0.004753519 0.019584510 0.006781847 -0.004844603 0.999965250 12.432904243
0.999872386 -0.014113463 -0.007482402 -0.038376186 0.014138100 0.999894679 0.003250244 0.025209270 0.007435743 -0.003355616 0.999966741 13.352139473
0.999862790 -0.014110644 -0.008672239 -0.053287715 0.014121828 0.999899507 0.001229774 0.027046489 0.008654015 -0.001352073 0.999961555 14.282157898
0.999828041 -0.015375278 -0.010369938 -0.062582083 0.015374388 0.999881744 -0.000165499 0.032010853 0.010371256 0.000006040 0.999946237 15.207581520
0.999812543 -0.015086591 -0.012139332 -0.074499652 0.015077903 0.999885976 -0.000806881 0.032258444 0.012150120 0.000623694 0.999926031 16.134092331
0.999826312 -0.013524606 -0.012821212 -0.113122702 0.013510398 0.999907970 -0.001194087 0.025550006 0.012836182 0.001020660 0.999917090 17.066116333
0.999809504 -0.012075778 -0.015333965 -0.117535308 0.012057457 0.999926388 -0.001286796 0.020776561 0.015348379 0.001101662 0.999881625 17.997520447
0.999773800 -0.013157796 -0.016716572 -0.132499382 0.013151722 0.999913335 -0.000473393 0.028557889 0.016721355 0.000253434 0.999860168 18.865373611
0.999752820 -0.012651551 -0.018286653 -0.149970308 0.012670395 0.999919355 0.000915011 0.029179305 0.018273601 -0.001146484 0.999832392 19.774988174
0.999724448 -0.011943181 -0.020207649 -0.162376016 0.011975593 0.999927223 0.001483698 0.029289309 0.020188458 -0.001725289 0.999794662 20.678508759
0.999696434 -0.013259441 -0.020768544 -0.197869092 0.013287687 0.999910951 0.001222678 0.031233717 0.020750485 -0.001498273 0.999783516 21.579357147
0.999660969 -0.013095576 -0.022504924 -0.216397852 0.013119517 0.999913454 0.000916420 0.027644593 0.022490976 -0.001211363 0.999746442 22.459665298
0.999620318 -0.013085758 -0.024250371 -0.232967645 0.013111822 0.999913633 0.000916016 0.033539608 0.024236290 -0.001233635 0.999705553 23.344221115
0.999618828 -0.012580477 -0.024575640 -0.266469657 0.012662448 0.999914765 0.003182666 0.031842243 0.024533508 -0.003492640 0.999692857 24.216814041
0.999571979 -0.014046256 -0.025664909 -0.287588537 0.014205409 0.999880970 0.006029389 0.035507664 0.025577165 -0.006391388 0.999652445 25.091085434
0.999571025 -0.013745879 -0.025861558 -0.318452448 0.013942050 0.999875247 0.007420447 0.037115589 0.025756331 -0.007777827 0.999638021 25.941255569
0.999567568 -0.012889461 -0.026429519 -0.345344573 0.013054181 0.999896348 0.006069295 0.042852461 0.026348550 -0.006411686 0.999632299 26.787294388
0.999551117 -0.011704394 -0.027580133 -0.366709977 0.011805344 0.999924123 0.003500246 0.045160536 0.027537072 -0.003824268 0.999613464 27.606002808
0.999540448 -0.011183187 -0.028174808 -0.398104399 0.011240841 0.999934971 0.001888742 0.047310669 0.028151855 -0.002204582 0.999601245 28.426361084
0.999524772 -0.010137614 -0.029109253 -0.425630301 0.010185057 0.999947071 0.001482030 0.051724598 0.029092688 -0.001777805 0.999575138 29.234951019
0.999479353 -0.010439971 -0.030530034 -0.452881366 0.010482396 0.999944329 0.001229924 0.049994059 0.030515492 -0.001549312 0.999533117 30.029523849
0.999433398 -0.009868456 -0.032178607 -0.481987119 0.009884804 0.999951005 0.000348967 0.046658054 0.032173589 -0.000666849 0.999482095 30.833585739
0.999360442 -0.009796069 -0.034389701 -0.508622527 0.009812296 0.999951780 0.000303182 0.046775132 0.034385078 -0.000640430 0.999408484 31.609346390
0.999278307 -0.009817538 -0.036693126 -0.534565687 0.009866655 0.999950647 0.001157747 0.055518530 0.036679950 -0.001518950 0.999325931 32.399742126
0.999212742 -0.010249137 -0.038324967 -0.572610259 0.010395376 0.999939382 0.003618410 0.052608073 0.038285546 -0.004013964 0.999258757 33.178276062
0.999134958 -0.009002423 -0.040597908 -0.602890730 0.009233202 0.999942243 0.005500622 0.052491590 0.040546041 -0.005870713 0.999160409 33.931308746
0.999069631 -0.007859414 -0.042407352 -0.639008939 0.008101392 0.999951839 0.005537157 0.053682745 0.042361796 -0.005875563 0.999085069 34.681041718
0.999000132 -0.004934434 -0.044435505 -0.675343871 0.005149416 0.999975562 0.004724850 0.057943292 0.044411108 -0.004948942 0.999001026 35.410346985
0.998923779 -0.003580408 -0.046241555 -0.710606277 0.003774352 0.999984384 0.004107517 0.057935216 0.046226125 -0.004277627 0.998921871 36.147262573
0.998843551 -0.003421847 -0.047957428 -0.745007873 0.003678475 0.999979436 0.005263926 0.062185228 0.047938425 -0.005434248 0.998835564 36.856376648
0.998794377 -0.001657563 -0.049061123 -0.784612417 0.001999037 0.999974132 0.006911925 0.069881201 0.049048390 -0.007001666 0.998771846 37.579353333
0.998808324 0.000819131 -0.048798144 -0.828568220 -0.000461276 0.999972939 0.007344169 0.075388849 0.048802845 -0.007312907 0.998781681 38.268451691
0.998832464 0.003951048 -0.048144933 -0.863682032 -0.003687425 0.999977708 0.005563196 0.072923750 0.048165828 -0.005379170 0.998824894 38.973762512
0.998897135 0.005527125 -0.046624973 -0.896470249 -0.005430035 0.999982774 0.002208760 0.080362037 0.046636377 -0.001953150 0.998910010 39.639854431
0.998989284 0.006321779 -0.044502612 -0.926147819 -0.006308466 0.999980032 0.000439581 0.084169090 0.044504497 -0.000158393 0.999009192 40.303352356
0.999132097 0.007175181 -0.041031450 -0.960839868 -0.007117204 0.999973476 0.001558862 0.078147337 0.041041542 -0.001265479 0.999156773 40.965499878
0.999212146 0.011783743 -0.037899353 -0.987325311 -0.011644999 0.999924660 0.003879508 0.084866874 0.037942208 -0.003435113 0.999274075 41.619667053
0.999292433 0.016153878 -0.033965647 -1.017830491 -0.015907837 0.999845386 0.007501598 0.086030006 0.034081575 -0.006955970 0.999394894 42.254386902
0.999340177 0.021204520 -0.029486656 -1.044773102 -0.020954039 0.999741912 0.008777868 0.082123041 0.029665180 -0.008154212 0.999526620 42.869361877
0.999393404 0.024561180 -0.024687182 -1.060074329 -0.024344433 0.999662757 0.009042244 0.086758047 0.024900943 -0.008435764 0.999654353 43.483200073
0.999421120 0.028127244 -0.019134998 -1.070501328 -0.027923325 0.999551296 0.010841771 0.094643950 0.019431358 -0.010301182 0.999758184 44.066017151
0.999370098 0.033326969 -0.012197739 -1.089785457 -0.033177704 0.999374509 0.012241639 0.096944094 0.012598086 -0.011829235 0.999850631 44.638362885
0.999323368 0.036412336 -0.005184676 -1.094612122 -0.036347952 0.999266922 0.012014549 0.097408980 0.005618354 -0.011817968 0.999914408 45.181343079
0.999205709 0.039800428 0.001980725 -1.099891067 -0.039820954 0.999138296 0.011704192 0.107252538 -0.001513186 -0.011773768 0.999929547 45.719169617
0.998980105 0.044204090 0.009196118 -1.094190121 -0.044305548 0.998955905 0.011137467 0.113149017 -0.008694194 -0.011533548 0.999895632 46.225631714
0.998680532 0.048427083 0.017091647 -1.093124628 -0.048573505 0.998785555 0.008257736 0.119765580 -0.016670991 -0.009077039 0.999819815 46.703578949
0.998384893 0.050873015 0.025290994 -1.082860231 -0.051022585 0.998683393 0.005303680 0.118490785 -0.024987880 -0.006585525 0.999666095 47.158084869
0.998155594 0.051015545 0.032906201 -1.068337917 -0.051209424 0.998674989 0.005075521 0.120475963 -0.032603681 -0.006751268 0.999445558 47.599002838
0.997923315 0.050034892 0.040566731 -1.042347431 -0.050339799 0.998710871 0.006529150 0.120752946 -0.040187750 -0.008557714 0.999155462 48.018985748
0.997473300 0.051628258 0.048800133 -1.020483971 -0.052049834 0.998617053 0.007407090 0.119689673 -0.048350230 -0.009928415 0.998781085 48.401325226
0.996835649 0.054941949 0.057445984 -1.003314734 -0.055443440 0.998436093 0.007171687 0.125036255 -0.056962106 -0.010333996 0.998322845 48.767742157
0.996034026 0.059691224 0.065980025 -0.978840113 -0.060253967 0.998161376 0.006570349 0.126487911 -0.065466523 -0.010519848 0.997799277 49.104419708
0.995130837 0.063626379 0.075275466 -0.959532022 -0.064297482 0.997909427 0.006523299 0.127298862 -0.074703045 -0.011331558 0.997141421 49.417224884
0.994454801 0.062779091 0.084370837 -0.928674698 -0.063616976 0.997947812 0.007276855 0.123686433 -0.083740883 -0.012603921 0.996407807 49.706455231
0.993573248 0.061667748 0.094917163 -0.890300274 -0.062464915 0.998032212 0.005447561 0.122823417 -0.094394438 -0.011341544 0.995470226 49.985023499
0.992465973 0.060154326 0.106737822 -0.852422714 -0.060618401 0.998160422 0.001105679 0.119293913 -0.106474973 -0.007567624 0.994286537 50.257694244
0.990898788 0.061142404 0.119922422 -0.809542179 -0.061235417 0.998119056 -0.002912821 0.117196232 -0.119874962 -0.004457188 0.992778957 50.529861450
0.988792598 0.063045979 0.135330588 -0.766365051 -0.062937044 0.998004556 -0.005087347 0.118062109 -0.135381281 -0.003486978 0.990787446 50.800582886
0.986333787 0.064570867 0.151579067 -0.716776371 -0.064348482 0.997907102 -0.006377209 0.117175758 -0.151673630 -0.003463824 0.988424659 51.073310852
0.983564675 0.064899154 0.168489590 -0.662406921 -0.064490713 0.997887015 -0.007900964 0.121451706 -0.168646351 -0.003094905 0.985671818 51.339515686
0.980330527 0.064251706 0.186611354 -0.603605270 -0.063673213 0.997929394 -0.009098384 0.118492126 -0.186809525 -0.002962721 0.982391775 51.592849731
0.976492524 0.063654445 0.205938116 -0.533656120 -0.063100055 0.997964263 -0.009265551 0.114067614 -0.206108660 -0.003946963 0.978521168 51.833930969
0.972020984 0.063631438 0.226110905 -0.457026482 -0.062858008 0.997965932 -0.010626247 0.114760101 -0.226327121 -0.003883942 0.974043608 52.093845367
0.966848850 0.065576695 0.246785372 -0.371068001 -0.064438052 0.997840941 -0.012696251 0.104287863 -0.247085124 -0.003627015 0.968986988 52.342350006
0.960595667 0.067169175 0.269711316 -0.289753914 -0.065694094 0.997734427 -0.014502609 0.093489587 -0.270074397 -0.003787299 0.962831974 52.593231201
0.953428566 0.068195857 0.293808341 -0.188680649 -0.066422462 0.997662842 -0.016022015 0.097395718 -0.294214308 -0.004239628 0.955730140 52.835964203
0.944886982 0.071202338 0.319560587 -0.092145920 -0.069403559 0.997443318 -0.017028956 0.092925787 -0.319956064 -0.006088202 0.947412848 53.091156006
0.935218453 0.073011257 0.346461833 0.018878937 -0.071206316 0.997299910 -0.017954838 0.084184527 -0.346837282 -0.007878575 0.937892199 53.329578400
0.924107134 0.073761448 0.374946862 0.143793106 -0.071710564 0.997235954 -0.019440923 0.077442765 -0.375344515 -0.008922156 0.926842451 53.578800201
0.911507428 0.071809903 0.404966056 0.278541565 -0.068997934 0.997383893 -0.021557134 0.068454504 -0.405454606 -0.008292334 0.914077640 53.816303253
0.896755636 0.069326609 0.437061995 0.430402756 -0.065317251 0.997570574 -0.024217557 0.055772424 -0.437679142 -0.006830463 0.899105310 54.037693024
0.879585981 0.068418413 0.470794618 0.592367172 -0.062329851 0.997647643 -0.028532673 0.048528671 -0.471639335 -0.004247618 0.881781340 54.263763428
0.860045493 0.070471391 0.505327106 0.762819290 -0.061962213 0.997510970 -0.033652790 0.040363193 -0.506440938 -0.002368252 0.862271369 54.501426697
0.838335693 0.072317034 0.540336549 0.952894211 -0.061415333 0.997381032 -0.038200222 0.030681014 -0.541684031 -0.001160342 0.840581417 54.738380432
0.813877106 0.075060181 0.576168418 1.158576965 -0.062304191 0.997177303 -0.041898102 0.022275329 -0.577687025 -0.001797804 0.816256404 54.979343414
0.786437929 0.079297811 0.612557888 1.360586166 -0.065571897 0.996838987 -0.044859320 0.008784652 -0.614178896 -0.004887508 0.789151728 55.209808350
0.756772161 0.083160274 0.648367345 1.591934204 -0.068586633 0.996501505 -0.047758225 -0.006497145 -0.650070608 -0.008327249 0.759828210 55.440753937
0.723894417 0.084360793 0.684733510 1.858068466 -0.068250462 0.996384084 -0.050603062 -0.019011259 -0.686526597 -0.010102111 0.727034509 55.674461365
0.687438905 0.081817880 0.721618772 2.153432846 -0.064608052 0.996583700 -0.051445827 -0.041212082 -0.723362684 -0.011256522 0.690376520 55.908729553
0.648273170 0.080579899 0.757131934 2.467517853 -0.061914623 0.996670067 -0.053060733 -0.061255813 -0.758886397 -0.012479683 0.651103556 56.138702393
0.605706096 0.080593474 0.791596353 2.810148239 -0.060214180 0.996647120 -0.055395871 -0.073972464 -0.793406844 -0.014111703 0.608528197 56.371688843
0.559945107 0.079821952 0.824675679 3.171876907 -0.056168765 0.996715605 -0.058336094 -0.101543307 -0.826623559 -0.013656002 0.562589526 56.582702637
0.511737525 0.078520261 0.855546176 3.566082001 -0.052739561 0.996807873 -0.059939239 -0.124179482 -0.857521534 -0.014447974 0.514245093 56.786701202
0.462490439 0.076845556 0.883287907 3.979160309 -0.051073432 0.996891737 -0.059986934 -0.146384120 -0.885151982 -0.017369164 0.464977562 56.981552124
0.413287371 0.075019650 0.907505155 4.438648224 -0.051322866 0.996935427 -0.059039518 -0.172035933 -0.909153163 -0.022175483 0.415871054 57.157852173
0.363324463 0.074905626 0.928646624 4.898405075 -0.053737856 0.996788025 -0.059377551 -0.186122417 -0.930111587 -0.028330158 0.366182834 57.312602997
0.313693643 0.075440362 0.946522653 5.376142502 -0.051920284 0.996710122 -0.062233187 -0.207948565 -0.948103607 -0.029621564 0.316578567 57.453125000
0.266917229 0.072034061 0.961023569 5.856288910 -0.041065078 0.997147143 -0.063336179 -0.240754724 -0.962844074 -0.022558993 0.269113839 57.540340424
0.223039731 0.066119105 0.972564459 6.376976967 -0.027547587 0.997726023 -0.061512154 -0.271414340 -0.974420011 -0.013072147 0.224353999 57.613441467
0.181266367 0.065282293 0.981264889 6.888562202 -0.018554248 0.997843742 -0.062957793 -0.295564294 -0.983258963 -0.006794496 0.182086810 57.663345337
0.142554879 0.066780411 0.987531483 7.427334785 -0.015450300 0.997750044 -0.065241091 -0.324852765 -0.989666283 -0.005957223 0.143265918 57.724281311
0.110175788 0.067313530 0.991629958 7.978643417 -0.006635679 0.997731686 -0.066990443 -0.360075414 -0.993889928 0.000800585 0.110372528 57.755535126
0.081417195 0.065757021 0.994508564 8.550552368 0.000547875 0.997818112 -0.066020712 -0.395169467 -0.996679842 0.005920088 0.081203535 57.778568268
0.056434736 0.063992620 0.996353388 9.117742538 0.008064816 0.997882068 -0.064547606 -0.425375909 -0.998373687 0.011678133 0.055799097 57.787544250
0.036494758 0.063133068 0.997337639 9.711236000 0.012371772 0.997897565 -0.063621223 -0.457947731 -0.999257207 0.014660674 0.035636965 57.793975830
0.020633791 0.064670749 0.997693419 10.313142776 0.014889460 0.997775257 -0.064984009 -0.491171479 -0.999676228 0.016195985 0.019624975 57.796123505
0.007623062 0.064507678 0.997888148 10.922561646 0.015609852 0.997787893 -0.064620435 -0.526139796 -0.999849141 0.016069492 0.006599240 57.788986206
-0.004334717 0.065472230 0.997844994 11.561663628 0.016713131 0.997719646 -0.065391399 -0.559276283 -0.999850869 0.016393660 -0.005419078 57.788059235
-0.012994543 0.068401270 0.997573316 12.190075874 0.021427725 0.997447371 -0.068113521 -0.593198657 -0.999685943 0.020490620 -0.014427055 57.763465881
-0.019426372 0.070168890 0.997345924 12.831469536 0.025981449 0.997232735 -0.069654845 -0.629945874 -0.999473631 0.024559347 -0.021195706 57.740123749
-0.024251036 0.069633827 0.997277856 13.485632896 0.026209714 0.997272551 -0.068996117 -0.666749179 -0.999362230 0.024465136 -0.026009981 57.724807739
-0.027776442 0.067088731 0.997360289 14.186144829 0.024009073 0.997502208 -0.066429622 -0.702496827 -0.999325812 0.022100519 -0.029317796 57.708961487
-0.030568017 0.060348935 0.997709155 14.870651245 0.022219934 0.997969985 -0.059683938 -0.736346185 -0.999285638 0.020344611 -0.031846911 57.695327759
-0.031612717 0.054425538 0.998017192 15.562963486 0.023312390 0.998284757 -0.053701680 -0.776392400 -0.999228358 0.021568516 -0.032827284 57.671871185
-0.031863213 0.051814005 0.998148322 16.259920120 0.025858440 0.998363853 -0.050999723 -0.812213540 -0.999157667 0.024185548 -0.033150911 57.635974884
-0.031829976 0.054036111 0.998031557 17.014772415 0.029164592 0.998162448 -0.053113066 -0.852177858 -0.999067664 0.027416594 -0.033347443 57.618789673
-0.031065328 0.061273560 0.997637451 17.727930069 0.030227115 0.997720242 -0.060337398 -0.888834000 -0.999060154 0.028281305 -0.032846630 57.594360352
-0.028782671 0.069341689 0.997177660 18.454462051 0.031064173 0.997171164 -0.068444602 -0.917973161 -0.999102950 0.029006479 -0.030855292 57.568672180
-0.026783232 0.070070088 0.997182488 19.183322906 0.031757340 0.997096479 -0.069211073 -0.957419872 -0.999136686 0.029814165 -0.028930703 57.555061340
-0.024640750 0.065864012 0.997524381 19.943960190 0.031389590 0.997386217 -0.065079503 -0.996736407 -0.999203384 0.029708274 -0.026643790 57.536853790
-0.021954048 0.059397288 0.997992992 20.737705231 0.030560490 0.997806966 -0.058713950 -1.046171904 -0.999291718 0.029210147 -0.023721116 57.523300171
-0.019177618 0.057693850 0.998150170 21.491518021 0.028831936 0.997950435 -0.057128370 -1.089089394 -0.999400198 0.027683018 -0.020801738 57.510509491
-0.016168689 0.063196570 0.997870147 22.241565704 0.036457099 0.997374296 -0.062574446 -1.132831693 -0.999204338 0.035367709 -0.018430203 57.497634888
-0.012707912 0.068651095 0.997559845 22.994390488 0.038056970 0.996950746 -0.068124384 -1.177582622 -0.999194801 0.037098378 -0.015281817 57.481761932
-0.010149979 0.069285646 0.997545183 23.761526108 0.032413781 0.997095108 -0.068924576 -1.217759132 -0.999422967 0.031634625 -0.012366306 57.479854584
-0.006930976 0.065759227 0.997811377 24.555521011 0.027768800 0.997463286 -0.065543398 -1.268155932 -0.999590337 0.027253743 -0.008739448 57.495292664
-0.002140713 0.062110767 0.998066962 25.318279266 0.031764220 0.997569859 -0.062011704 -1.317902446 -0.999493062 0.031570073 -0.004108413 57.486125946
0.001185069 0.062941447 0.998016417 26.089538574 0.036194600 0.997360587 -0.062943056 -1.367956996 -0.999344051 0.036197402 -0.001096197 57.486476898
0.004271547 0.067506507 0.997709692 26.854843140 0.035757434 0.997070491 -0.067616343 -1.416020393 -0.999351442 0.035964362 0.001845175 57.492141724
0.007551522 0.068102479 0.997649670 27.637430191 0.031867579 0.997155070 -0.068309925 -1.465067744 -0.999463618 0.032308519 0.005359778 57.513774872
0.011325318 0.067877702 0.997629344 28.397706985 0.031564415 0.997171879 -0.068204887 -1.510739923 -0.999437690 0.032262024 0.009150770 57.518131256
0.015238894 0.064756334 0.997784615 29.162185669 0.035665192 0.997230530 -0.065265052 -1.557276368 -0.999247670 0.036580749 0.012887142 57.525592804
0.018565405 0.065110624 0.997705281 29.924201965 0.039790042 0.997038722 -0.065807536 -1.609111786 -0.999035656 0.040920474 0.015919672 57.536468506
0.022412833 0.065938979 0.997571945 30.683738708 0.042788833 0.996844947 -0.066852286 -1.657592058 -0.998832762 0.044183284 0.019520674 57.546466827
0.024762264 0.065373674 0.997553468 31.442008972 0.042990495 0.996866763 -0.066395819 -1.707346678 -0.998768568 0.044529434 0.021874234 57.580646515
0.028287953 0.064128421 0.997540772 32.248222351 0.045004636 0.996846318 -0.065360032 -1.761489630 -0.998586178 0.046742849 0.025312673 57.596115112
0.032126419 0.062859237 0.997505188 33.013244629 0.047081217 0.996817350 -0.064332232 -1.811304569 -0.998374343 0.049030516 0.029064680 57.615898132
0.035096664 0.063248448 0.997380495 33.779613495 0.045430794 0.996862710 -0.064814277 -1.855157137 -0.998350859 0.047586553 0.032113120 57.644721985
0.038190044 0.064998366 0.997154295 34.557384491 0.042742841 0.996862710 -0.066616371 -1.900272608 -0.998355925 0.045165293 0.035292014 57.679416656
0.040783618 0.064663291 0.997073352 35.341442108 0.044393361 0.996800900 -0.066461459 -1.952959538 -0.998181343 0.046973966 0.037782524 57.714862823
0.043615341 0.064577565 0.996959150 36.121044159 0.042465132 0.996887028 -0.066430680 -2.000458002 -0.998145521 0.045233399 0.040737264 57.754528046
0.045512117 0.065368555 0.996822774 36.925712585 0.040399838 0.996919930 -0.067219466 -2.043587685 -0.998146474 0.043330781 0.042731054 57.801265717
0.048419595 0.065476231 0.996678710 37.706840515 0.037312657 0.997034013 -0.067312256 -2.090490103 -0.998129904 0.040447958 0.045832880 57.842201233
0.051447541 0.067519307 0.996390700 38.478240967 0.036074512 0.996935070 -0.069418885 -2.136171103 -0.998023927 0.039515737 0.048854135 57.889060974
0.055292919 0.070439138 0.995982468 39.265178680 0.035195608 0.996751010 -0.072447419 -2.193116665 -0.997849703 0.039060034 0.052634120 57.924846649
0.058641225 0.072881773 0.995615125 40.079586029 0.034974463 0.996569097 -0.075011581 -2.250396729 -0.997666240 0.039219879 0.055891026 57.985599518
0.061154764 0.075455800 0.995272160 40.876838684 0.029242497 0.996574998 -0.077351399 -2.296247959 -0.997699797 0.033834644 0.058738790 58.052818298
0.063769594 0.074443564 0.995184183 41.700126648 0.025099458 0.996778727 -0.076171182 -2.356410027 -0.997648954 0.029835992 0.061695684 58.116180420
0.067815304 0.074886061 0.994883537 42.498146057 0.027321950 0.996665716 -0.076882578 -2.411994457 -0.997323632 0.032395974 0.065543160 58.164577484
0.071256898 0.076200262 0.994543076 43.298210144 0.026877765 0.996568859 -0.078281216 -2.468260288 -0.997095704 0.032309171 0.068964317 58.226112366
0.075180553 0.076961294 0.994195580 44.091735840 0.023040710 0.996616960 -0.078891046 -2.522759914 -0.996903718 0.028838050 0.073152967 58.293682098
0.079555675 0.075226918 0.993987739 44.900871277 0.022219243 0.996766806 -0.077215590 -2.577704668 -0.996582806 0.028228596 0.077626981 58.357368469
0.083989076 0.075207487 0.993624508 45.752315521 0.021995194 0.996764839 -0.077304415 -2.644613028 -0.996223807 0.028347692 0.082063138 58.438781738
0.089327618 0.078728378 0.992885947 46.563850403 0.018568303 0.996566236 -0.080690749 -2.705010891 -0.995829105 0.025644122 0.087559037 58.513481140
0.095311537 0.087514207 0.991593122 47.374584198 0.016736614 0.995846331 -0.089498281 -2.763903379 -0.995306790 0.025126135 0.093450963 58.600444794
0.102147102 0.092189535 0.990488291 48.201995850 0.014771876 0.995446086 -0.094174385 -2.832296610 -0.994659662 0.024251008 0.100320116 58.706848145
0.109352037 0.094744310 0.989477456 49.031055450 0.010456027 0.995282352 -0.096455693 -2.913322449 -0.993948042 0.020893632 0.107845508 58.798469543
0.116747141 0.092932910 0.988804221 49.863891602 0.006755502 0.995515108 -0.094361275 -2.986223936 -0.993138790 0.017696276 0.115595751 58.904212952
0.124201901 0.091097616 0.988066256 50.700523376 0.006646955 0.995677948 -0.092634924 -3.058531761 -0.992234707 0.018073069 0.123059571 59.015815735
0.131642595 0.087158687 0.987458169 51.536216736 0.006926847 0.996021986 -0.088838041 -3.133180857 -0.991273046 0.018534841 0.130515158 59.132080078
0.138655037 0.082052194 0.986935735 52.372722626 0.004433902 0.996500432 -0.083470307 -3.200637817 -0.990330815 0.015949558 0.137805998 59.256370544
0.146168351 0.074645683 0.986439466 53.198711395 0.000939175 0.997138202 -0.075594425 -3.271196842 -0.989259303 0.011975953 0.145679981 59.385639191
0.153442323 0.071929052 0.985536218 54.024009705 0.000459416 0.997341931 -0.072862215 -3.337619781 -0.988157570 0.011632918 0.153001428 59.524223328
0.160625070 0.073772117 0.984254718 54.838157654 0.000330435 0.997198880 -0.074796237 -3.397473812 -0.987015426 0.012339383 0.160150751 59.662437439
0.166360945 0.080173500 0.982800245 55.642223358 0.001152416 0.996672630 -0.081500232 -3.456373692 -0.986064255 0.014691051 0.165715024 59.802494049
0.171484888 0.084214315 0.981580853 56.433273315 -0.000041975 0.996340454 -0.085473269 -3.511334896 -0.985186696 0.014616173 0.170860887 59.948524475
0.176529989 0.087208569 0.980424285 57.241649628 -0.001832858 0.996094704 -0.088272430 -3.581634521 -0.984293520 0.013785754 0.176000446 60.095260620
0.181812331 0.086383939 0.979531527 58.027900696 -0.004695814 0.996198833 -0.086982206 -3.655721426 -0.983322144 0.011214740 0.181526870 60.252410889
0.186997965 0.083262645 0.978825331 58.805450439 -0.000615501 0.996411324 -0.084641002 -3.720959663 -0.982360184 0.015225225 0.186378136 60.401199341
0.191607758 0.076854475 0.978457868 59.579116821 -0.000192230 0.996932387 -0.078267947 -3.777726173 -0.981471598 0.014808658 0.191034734 60.554382324
0.194764286 0.070617765 0.978304684 60.335895538 -0.001245137 0.997421920 -0.071749836 -3.835078001 -0.980849385 0.012756180 0.194350079 60.716911316
0.198090151 0.067114033 0.977883339 61.102951050 -0.004685266 0.997706532 -0.067525446 -3.898559570 -0.980172634 0.008794477 0.197950274 60.871524811
0.201193914 0.067075402 0.977252185 61.838066101 -0.006347711 0.997721016 -0.067173481 -3.949960232 -0.979530811 0.007311580 0.201161221 61.028358459
0.203570947 0.069106467 0.976618230 62.571269989 -0.008004609 0.997589886 -0.068921931 -3.999971867 -0.979027450 0.006213056 0.203633517 61.185817719
0.204562172 0.073510543 0.976089358 63.283454895 -0.012693594 0.997291386 -0.072447076 -4.053235531 -0.978771210 0.002429847 0.204941213 61.354625702
0.206691265 0.078018434 0.975290596 63.993347168 -0.013951814 0.996949315 -0.076794267 -4.103157997 -0.978306711 0.002265628 0.207149208 61.507850647
0.208942801 0.082681537 0.974426329 64.700706482 -0.013873708 0.996569693 -0.081585556 -4.167753220 -0.977829456 0.003527807 0.209373176 61.660217285
0.210802391 0.084948190 0.973830640 65.397941589 -0.013125017 0.996373117 -0.084073439 -4.216526031 -0.977440596 0.004941341 0.211152777 61.816299438
0.212030768 0.084804237 0.973576486 66.078407288 -0.015740719 0.996394813 -0.083363749 -4.271536350 -0.977136254 0.002350885 0.212601274 61.972297668
0.212659091 0.081982315 0.973681152 66.750549316 -0.015629772 0.996631980 -0.080501080 -4.325726509 -0.977001488 0.001900870 0.213224202 62.119674683
0.213406458 0.079484016 0.973724782 67.427261353 -0.015787892 0.996835351 -0.077910341 -4.382882118 -0.976835907 0.001253507 0.213985980 62.269958496
0.213042811 0.078680754 0.973869622 68.095504761 -0.014934514 0.996897995 -0.077274196 -4.429328442 -0.976928711 0.001918443 0.213557035 62.424736023
0.211486652 0.077870905 0.974273801 68.759696960 -0.014967170 0.996962309 -0.076435387 -4.485188007 -0.977266192 0.001582940 0.212009698 62.578872681
0.209977999 0.078350507 0.974561691 69.381881714 -0.016359884 0.996925890 -0.076623589 -4.539627075 -0.977569222 0.000145557 0.210614324 62.709533691
0.208024025 0.080839336 0.974777460 70.008895874 -0.016905781 0.996727169 -0.079051845 -4.591923714 -0.977977633 -0.000034691 0.208709851 62.843643188
0.205892786 0.084274970 0.974938869 70.618804932 -0.015020387 0.996439576 -0.082961418 -4.646253586 -0.978459299 0.002437199 0.206425563 62.966812134
0.203894898 0.085278615 0.975271463 71.237464905 -0.012647387 0.996345222 -0.084477179 -4.689021587 -0.978911102 0.004889830 0.204228252 63.103492737
0.201380536 0.083985090 0.975906014 71.842750549 -0.013108402 0.996459365 -0.083048932 -4.735502720 -0.979425371 0.003931875 0.201768443 63.235153198
0.199178219 0.081425846 0.976574540 72.441955566 -0.013702269 0.996675968 -0.080307223 -4.785689831 -0.979867458 0.002614164 0.199631900 63.355720520
0.197005615 0.077419639 0.977340758 73.029418945 -0.013278060 0.996996403 -0.076300152 -4.835166454 -0.980312467 0.002054368 0.197441891 63.477035522
0.195496649 0.076274745 0.977733612 73.598823547 -0.009775493 0.997072935 -0.075828843 -4.884778500 -0.980655670 0.005266452 0.195670068 63.578498840
0.193724573 0.077553906 0.977985859 74.164001465 -0.006147001 0.996946990 -0.077839889 -4.933518887 -0.981036663 0.009067820 0.193609878 63.690761566
0.191409498 0.079733163 0.978266358 74.724655151 -0.001839068 0.996722281 -0.080877595 -4.970712185 -0.981508434 0.013681638 0.190928787 63.793144226
0.189335018 0.081727929 0.978505373 75.285217285 -0.002582703 0.996568084 -0.082736850 -5.009831429 -0.981909156 0.013137794 0.188896313 63.907844543
0.188132867 0.084432028 0.978507638 75.844230652 -0.002983200 0.996342480 -0.085397378 -5.051480293 -0.982139051 0.013146970 0.187696651 64.016433716
0.186850041 0.082766056 0.978895783 76.409317017 -0.001271204 0.996464133 -0.084008850 -5.096549988 -0.982387662 0.014452680 0.186294585 64.123504639
0.187381208 0.081055798 0.978937328 76.974113464 0.005006426 0.996497989 -0.083468094 -5.141831398 -0.982274473 0.020541335 0.186319172 64.227378845
0.189830944 0.079285860 0.978610218 77.541366577 0.009778202 0.996531844 -0.082634650 -5.183245182 -0.981768131 0.025255661 0.188397318 64.323387146
0.191278175 0.078358203 0.978403091 78.108245850 0.012623896 0.996529460 -0.082277879 -5.230216980 -0.981454670 0.028089223 0.189625144 64.443443298
0.194506139 0.078389160 0.977763951 78.661888123 0.009963010 0.996592343 -0.081880599 -5.275332451 -0.980850697 0.025667751 0.193062350 64.568923950
0.199647740 0.078871869 0.976688266 79.233848572 0.009036185 0.996564567 -0.082324080 -5.319505215 -0.979826093 0.025261352 0.198249146 64.694961548
0.206212044 0.077902570 0.975401282 79.812660217 0.010209482 0.996600330 -0.081754066 -5.358326435 -0.978454053 0.026817016 0.204715639 64.819786072
0.213333070 0.078125708 0.973850727 80.392082214 0.008112259 0.996621490 -0.081729531 -5.402357101 -0.976945817 0.025335738 0.211978555 64.959518433
0.221511126 0.075976297 0.972193599 80.969764709 0.009012190 0.996758103 -0.079949394 -5.443996906 -0.975116134 0.026471270 0.220108286 65.104522705
0.230666980 0.076002054 0.970059991 81.561569214 0.004871945 0.996842146 -0.079258852 -5.489586830 -0.973020554 0.023008475 0.229568303 65.251144409
0.240122557 0.075108171 0.967832506 82.156166077 0.004158002 0.996913612 -0.078396581 -5.544989109 -0.970733643 0.022849040 0.239069134 65.409790039
0.250146121 0.078744337 0.965000629 82.767951965 -0.000910942 0.996705949 -0.081095360 -5.591616631 -0.968207657 0.019406632 0.249393865 65.584625244
0.259595454 0.081073046 0.962308347 83.381546021 -0.004255861 0.996556222 -0.082810298 -5.633557320 -0.965707958 0.017401727 0.259046495 65.762313843
0.270092696 0.083830044 0.959177971 83.994529724 -0.008458504 0.996370673 -0.084698796 -5.679509163 -0.962797165 0.014763317 0.269821554 65.946258545
0.280561328 0.085217699 0.956045568 84.633529663 -0.009536898 0.996249318 -0.086002558 -5.733325481 -0.959788680 0.015011285 0.280321717 66.144210815
0.290149808 0.086130746 0.953097343 85.266838074 -0.012763020 0.996201217 -0.086140588 -5.783989906 -0.956896007 0.012829278 0.290146887 66.349899292
0.300589204 0.086269930 0.949843943 85.910789490 -0.013354487 0.996183813 -0.086252555 -5.835884094 -0.953660131 0.013241912 0.300594121 66.569923401
0.310501158 0.087305769 0.946555197 86.565589905 -0.017796898 0.996132612 -0.086040601 -5.883578300 -0.950406373 0.009869958 0.310854137 66.801849365
0.320935577 0.082210675 0.943526208 87.236343384 -0.016781500 0.996562719 -0.081123680 -5.931281090 -0.946952343 0.010201689 0.321212083 67.040740967
0.332156241 0.075056307 0.940233350 87.923851013 -0.012699985 0.997094512 -0.075108863 -5.977992058 -0.943138838 0.013006921 0.332144320 67.272758484
0.342818975 0.071040370 0.936711490 88.614158630 -0.011828023 0.997383773 -0.071312957 -6.031558514 -0.939326942 0.013367985 0.342762351 67.536659241
0.353020400 0.067634821 0.933167756 89.314971924 -0.012222621 0.997631967 -0.067683235 -6.078568459 -0.935535789 0.012487812 0.353011161 67.811439514
0.362211645 0.065002032 0.929826558 90.019493103 -0.006223408 0.997711718 -0.067323416 -6.124958992 -0.932075143 0.018598642 0.361787379 68.087303162
0.371174872 0.059920643 0.926627636 90.741081238 0.000553458 0.997901261 -0.064751267 -6.159057617 -0.928562820 0.024546895 0.370362639 68.365776062
0.377929658 0.050240688 0.924470186 91.472152710 0.010413056 0.998232663 -0.058506273 -6.199417591 -0.925775588 0.031737816 0.376738608 68.654312134
0.385292470 0.045533009 0.921670496 92.199722290 0.015952714 0.998303950 -0.055987738 -6.244468212 -0.922656536 0.036274798 0.383912623 68.947891235
0.392579585 0.045268379 0.918603301 92.944778442 0.017955940 0.998220384 -0.056865625 -6.299106598 -0.919542730 0.038818665 0.391068101 69.266098022
0.399945587 0.051388644 0.915097058 93.664314270 0.020275740 0.997686505 -0.064888142 -6.339913845 -0.916314542 0.044506002 0.397978395 69.579025269
0.407424003 0.055714663 0.911537945 94.410583496 0.024358844 0.997119248 -0.071833037 -6.381271362 -0.912914097 0.051470522 0.404893190 69.901794434
0.412326455 0.058161568 0.909177721 95.126510620 0.021977799 0.997034550 -0.073749185 -6.430758476 -0.910771072 0.050390471 0.409825414 70.240043640
0.416779757 0.059835091 0.907036126 95.843994141 0.014930323 0.997245908 -0.072646469 -6.483216286 -0.908884883 0.043819916 0.414738595 70.584747314
0.420330226 0.063558392 0.905142426 96.546173096 0.008134269 0.997239649 -0.073802777 -6.538865566 -0.907334685 0.038384218 0.418652982 70.932525635
0.424373865 0.066559859 0.903037429 97.253059387 0.007599310 0.996997774 -0.077056587 -6.596874237 -0.905455232 0.039563261 0.422593981 71.271163940
0.428957820 0.070517935 0.900567770 97.962524414 0.004255380 0.996779442 -0.080078594 -6.663402557 -0.903314412 0.038182605 0.427276224 71.602241516
0.432646543 0.073249735 0.898582995 98.640289307 0.001399020 0.996638179 -0.081916496 -6.721328735 -0.901562452 0.036698032 0.431089610 71.932495117
0.436451972 0.072075561 0.896835983 99.316703796 0.000168209 0.996779561 -0.080189548 -6.772891045 -0.899727523 0.035149742 0.435034275 72.265808105
0.440912426 0.068810627 0.894908607 100.003410339 0.001520250 0.996998191 -0.077409446 -6.829998493 -0.897548795 0.035491269 0.439484328 72.597419739
0.444316357 0.066451602 0.893401980 100.665199280 0.000463098 0.997228026 -0.074404530 -6.892460346 -0.895869851 0.033472888 0.443053961 72.931182861
0.447736442 0.065365896 0.891773164 101.331268311 -0.000183522 0.997331083 -0.073011033 -6.950446129 -0.894165576 0.032526039 0.446553469 73.284370422
0.451411813 0.067156583 0.889784992 101.964881897 -0.002239286 0.997246027 -0.074131154 -6.998794556 -0.892312944 0.031471197 0.450318962 73.604309082
0.453636527 0.067500137 0.888626814 102.582214355 -0.001149736 0.997170985 -0.075158224 -7.050136089 -0.891186059 0.033072829 0.452430755 73.930374146
0.456032515 0.065297887 0.887564361 103.208511353 0.001029281 0.997265399 -0.073897414 -7.103987217 -0.889962435 0.034613181 0.454718173 74.246887207
0.457465231 0.064235277 0.886904299 103.820739746 0.003573928 0.997246623 -0.074070409 -7.148071766 -0.889220297 0.037054371 0.455976039 74.571266174
0.459275544 0.064311862 0.885962725 104.409576416 0.002030733 0.997297227 -0.073446304 -7.199327469 -0.888291478 0.035531249 0.457903534 74.877265930
0.461031795 0.063818090 0.885085762 105.008636475 0.002710684 0.997304678 -0.073321447 -7.258032799 -0.887379467 0.036202718 0.459616154 75.208610535
0.463828653 0.065590732 0.883493543 105.587890625 0.002289197 0.997163415 -0.075231418 -7.301371574 -0.885922015 0.036916982 0.462362856 75.511459351
0.466676712 0.065285705 0.882015109 106.152343750 0.005704336 0.997028947 -0.076817073 -7.347171783 -0.884409487 0.040880051 0.464917809 75.806938171
0.469746053 0.064988472 0.880406201 106.711944580 0.007107985 0.996975899 -0.077385731 -7.394833565 -0.882772863 0.042609565 0.467863590 76.098281860
0.473010510 0.062775388 0.878817618 107.263427734 0.010240652 0.996999323 -0.076729186 -7.444842815 -0.880997300 0.045293376 0.470948279 76.396354675
0.476392925 0.061755266 0.877061069 107.803291321 0.011848412 0.996988773 -0.076635264 -7.492034912 -0.879152656 0.046900280 0.474226713 76.684242249
0.479862660 0.061377313 0.875194132 108.336944580 0.013056842 0.996939838 -0.077074312 -7.534115791 -0.877246380 0.048412364 0.477592856 76.971267700
0.483049870 0.060434159 0.873504758 108.858428955 0.013719966 0.996970236 -0.076563396 -7.580215931 -0.875485420 0.048968393 0.480757236 77.266937256
0.486586004 0.060063247 0.871565461 109.379798889 0.015230555 0.996899009 -0.077203572 -7.623706818 -0.873499870 0.050840605 0.484162390 77.552619934
0.490573883 0.061396863 0.869234025 109.887107849 0.014689086 0.996790349 -0.078696750 -7.668677330 -0.871275783 0.051374819 0.488097489 77.838394165
0.495328873 0.061507609 0.866525292 110.406417847 0.017382620 0.996588767 -0.080676123 -7.705572128 -0.868531585 0.055023696 0.492570072 78.128501892
0.499683559 0.064893477 0.863773704 110.912345886 0.014062662 0.996450603 -0.082996286 -7.768208981 -0.866093874 0.053618845 0.496997446 78.440307617
0.505258381 0.070916697 0.860049248 111.409835815 0.010807562 0.996019542 -0.088477507 -7.811518669 -0.862900376 0.053999044 0.502480745 78.739135742
0.511049271 0.077763595 0.856026530 111.898696899 0.005582046 0.995577872 -0.093773276 -7.858962059 -0.859533310 0.052701149 0.508355260 79.044471741
0.517067909 0.084016733 0.851810932 112.387985229 0.000653198 0.995131850 -0.098549418 -7.907284737 -0.855944216 0.051513147 0.514495909 79.356063843
0.523473024 0.088415600 0.847442448 112.881172180 -0.003252044 0.994801521 -0.101781085 -7.962282181 -0.852036059 0.050523728 0.521039307 79.666893005
0.529379487 0.088742003 0.843731165 113.383338928 -0.007315895 0.994954765 -0.100057222 -8.010301590 -0.848353624 0.046795592 0.527357817 79.985702515
0.534896553 0.088161759 0.840305448 113.883087158 -0.013879979 0.995323956 -0.095590435 -8.057597160 -0.844803452 0.039467569 0.533619106 80.317161560
0.540879846 0.085463189 0.836746693 114.390594482 -0.019754261 0.995840788 -0.088943362 -8.115431786 -0.840867877 0.031578355 0.540318549 80.648544312
0.546339512 0.084105730 0.833330154 114.915885925 -0.026766125 0.996190488 -0.082994640 -8.167964935 -0.837136030 0.023038220 0.546509504 81.030014038
0.552604973 0.082124919 0.829387248 115.435340881 -0.028902173 0.996423185 -0.079407632 -8.211290359 -0.832942069 0.019909956 0.553001940 81.385551453
0.558864832 0.085855119 0.824802399 115.958503723 -0.034358878 0.996169269 -0.080412313 -8.259226799 -0.828546762 0.016600328 0.559673786 81.761077881
0.565211713 0.089764841 0.820047557 116.475929260 -0.037991781 0.995839953 -0.082822047 -8.301264763 -0.824070692 0.015656922 0.566270709 82.116157532
0.570432603 0.093025275 0.816059530 117.026344299 -0.041097801 0.995553613 -0.084758669 -8.356334686 -0.820315540 0.014810869 0.571719408 82.546691895
0.577088177 0.095199205 0.811114252 117.574638367 -0.043555584 0.995356917 -0.085834727 -8.403614998 -0.815519631 0.014205664 0.578555226 82.942512512
