1.000000000 0.000000000 0.000000000 0.000000000 0.000000000 1.000000000 0.000000000 0.000000000 0.000000000 0.000000000 1.000000000 0.000000000
0.999998629 0.000544464 0.001574727 -0.003944905 -0.000537423 0.999989867 -0.004467831 -0.002428872 -0.001577144 0.004466978 0.999988794 0.976682842
0.999995768 -0.002010124 0.002092490 0.002923328 0.002021090 0.999984145 -0.005251634 0.001118451 -0.002081900 0.005255842 0.999984026 1.944653630
0.999992371 -0.003300005 0.002087423 0.002123630 0.003302914 0.999993563 -0.001391545 -0.000919673 -0.002082818 0.001398429 0.999996781 2.921231270
0.999982595 -0.005734399 0.001341448 0.008003512 0.005728035 0.999972463 0.004700377 -0.003786147 -0.001368365 -0.004692612 0.999988079 3.891673088
0.999953985 -0.009588979 -0.000255603 0.015429363 0.009590069 0.999943137 0.004673797 0.001131315 0.000210772 -0.004676034 0.999989092 4.850575924
0.999924481 -0.012204046 -0.001434739 0.022007605 0.012206437 0.999924123 0.001668225 0.004946060 0.001414270 -0.001685613 0.999997556 5.804069042
0.999916971 -0.012635856 -0.002533549 0.021625366 0.012631629 0.999918878 -0.001677999 0.006490063 0.002554545 0.001645856 0.999995351 6.755273819
0.999917150 -0.012563063 -0.002803574 0.009591917 0.012556564 0.999918461 -0.002322919 0.008099094 0.002832528 0.002287524 0.999993384 7.707492352
0.999918103 -0.012118949 -0.004099835 0.005401600 0.012117462 0.999926448 -0.000387163 0.007367192 0.004104226 0.000337451 0.999991477 8.652424812
0.999922454 -0.011643948 -0.004396314 -0.009757366 0.011655522 0.999928653 0.002616401 0.005036309 0.004365535 -0.002667440 0.999986887 9.599653244
0.999914050 -0.011874243 -0.005566610 -0.015062600 0.011895662 0.999921918 0.003830619 0.011782669 0.005520688 -0.003896508 0.999977052 10.548550606
0.999892294 -0.013422118 -0.005939126 -0.021184191 0.013449745 0.999898732 0.004636679 0.013866276 0.005876292 -0.004716060 0.999971628 11.480740547
0.999883115 -0.013671948 -0.006846181 -0.029395208 0.013705394 0.999894202 0.004862722 0.015846185 0.006778975 -0.004955983 0.999964774 12.413011551
0.999872684 -0.014065734 -0.007526989 -0.039963815 0.014092804 0.999894261 0.003555398 0.016908294 0.007476185 -0.003661022 0.999965370 13.338838577
0.999855697 -0.014612381 -0.008664988 -0.053523563 0.014628343 0.999891460 0.001781712 0.019502794 0.008638011 -0.001908209 0.999960840 14.265902519
0.999825835 -0.015831888 -0.009875277 -0.075530119 0.015836788 0.999874473 0.000418291 0.024276931 0.009867416 -0.000574611 0.999951184 15.190037727
0.999811649 -0.015280790 -0.011973147 -0.078331567 0.015274280 0.999883056 -0.000635363 0.027511291 0.011981458 0.000452362 0.999928117 16.122922897
0.999812126 -0.013973414 -0.013430648 -0.100588158 0.013962476 0.999902010 -0.000907968 0.020381125 0.013442022 0.000720272 0.999909341 17.042999268
0.999804318 -0.012339117 -0.015456244 -0.111965030 0.012325395 0.999923527 -0.000982840 0.021792034 0.015467191 0.000792143 0.999880135 17.959581375
0.999776244 -0.013271899 -0.016470591 -0.136668563 0.013277694 0.999911845 0.000242429 0.018125558 0.016465921 -0.000461066 0.999864340 18.860469818
0.999761403 -0.012123468 -0.018169673 -0.154768839 0.012147279 0.999925435 0.001200559 0.019058518 0.018153761 -0.001420985 0.999834180 19.773490906
0.999737620 -0.011864474 -0.019596377 -0.175681084 0.011895590 0.999928117 0.001471952 0.024810035 0.019577505 -0.001704676 0.999806941 20.677560806
0.999697685 -0.012918224 -0.020917190 -0.199257314 0.012951480 0.999915063 0.001455202 0.023079684 0.020896615 -0.001725670 0.999780118 21.575828552
0.999656677 -0.012882590 -0.022810977 -0.213211715 0.012915292 0.999915719 0.001286859 0.021904103 0.022792477 -0.001581028 0.999738991 22.459838867
0.999632835 -0.012739054 -0.023912931 -0.239041299 0.012778611 0.999917150 0.001502096 0.021409158 0.023891818 -0.001807119 0.999712944 23.347532272
0.999601424 -0.012542305 -0.025292704 -0.258598030 0.012632104 0.999914408 0.003393685 0.025133103 0.025247976 -0.003711833 0.999674380 24.225986481
0.999580503 -0.013599855 -0.025569526 -0.292511761 0.013768181 0.999884605 0.006418563 0.025624260 0.025479283 -0.006767917 0.999652445 25.104104996
0.999555886 -0.013905223 -0.026357358 -0.314227194 0.014118295 0.999868989 0.007915190 0.029103339 0.026243847 -0.008283796 0.999621272 25.956291199
0.999546051 -0.013128552 -0.027117632 -0.339059353 0.013317028 0.999888301 0.006781389 0.032819003 0.027025573 -0.007139437 0.999609292 26.802717209
0.999537289 -0.012121688 -0.027897479 -0.366947174 0.012236845 0.999917269 0.003960839 0.039714150 0.027847158 -0.004300382 0.999602973 27.625837326
0.999521732 -0.011433909 -0.028733406 -0.394026756 0.011507798 0.999930859 0.002407411 0.040150862 0.028703894 -0.002736917 0.999584198 28.441526413
0.999508739 -0.010239967 -0.029624306 -0.422351956 0.010305845 0.999944687 0.002071928 0.044282839 0.029601447 -0.002376213 0.999558985 29.249595642
0.999467790 -0.010675983 -0.030826258 -0.451297432 0.010730360 0.999941111 0.001599066 0.044894237 0.030807372 -0.001928991 0.999523401 30.045957565
0.999409795 -0.010367389 -0.032749712 -0.480065942 0.010403305 0.999945581 0.000926489 0.039322786 0.032738324 -0.001266648 0.999463141 30.842344284
0.999325514 -0.010476078 -0.035193197 -0.503536224 0.010512152 0.999944389 0.000840129 0.039550006 0.035182443 -0.001209519 0.999380112 31.621358871
0.999244094 -0.010536392 -0.037420604 -0.530514896 0.010604504 0.999942422 0.001622122 0.049712777 0.037401356 -0.002017722 0.999298275 32.409240723
0.999179184 -0.010882821 -0.039018884 -0.570550978 0.011051548 0.999930501 0.004111140 0.047444060 0.038971424 -0.004538985 0.999230027 33.179836273
0.999099016 -0.009607854 -0.041337546 -0.598380923 0.009852777 0.999935091 0.005725274 0.051046282 0.041279856 -0.006127405 0.999128819 33.938137054
0.999027610 -0.008436779 -0.043272510 -0.635011435 0.008709037 0.999943376 0.006107057 0.050620794 0.043218542 -0.006477980 0.999044657 34.680358887
0.998977423 -0.005917374 -0.044822257 -0.678425908 0.006156125 0.999967575 0.005190457 0.051564842 0.044790089 -0.005461080 0.998981476 35.433345795
0.998889804 -0.004466646 -0.046894278 -0.711627305 0.004684342 0.999978781 0.004533421 0.055136591 0.046873029 -0.004748057 0.998889565 36.149982452
0.998798728 -0.004441013 -0.048798092 -0.741413951 0.004714394 0.999973834 0.005488596 0.062000811 0.048772436 -0.005712057 0.998793542 36.865566254
0.998767912 -0.002447423 -0.049564589 -0.789001226 0.002817343 0.999968708 0.007394917 0.065149948 0.049544938 -0.007525447 0.998743653 37.600620270
0.998772740 0.000045690 -0.049526844 -0.830316782 0.000349191 0.999968231 0.007964370 0.070007592 0.049525633 -0.007971891 0.998741090 38.291885376
0.998809516 0.003593686 -0.048648383 -0.867354274 -0.003304593 0.999976397 0.006021620 0.069441214 0.048668880 -0.005853688 0.998797774 38.980255127
0.998874128 0.005052049 -0.047167603 -0.898737729 -0.004931055 0.999984264 0.002681206 0.076288149 0.047180410 -0.002445602 0.998883367 39.649242401
0.998976648 0.005832759 -0.044852149 -0.932627499 -0.005797384 0.999982774 0.000918747 0.080389544 0.044856735 -0.000657781 0.998993158 40.309661865
0.999104142 0.006594837 -0.041803453 -0.958762705 -0.006524772 0.999977052 0.001812248 0.079179019 0.041814446 -0.001537866 0.999124289 40.977436066
0.999203265 0.011091746 -0.038337480 -0.999585390 -0.010919402 0.999929309 0.004701952 0.075887099 0.038386922 -0.004279582 0.999253809 41.645141602
0.999297976 0.015270914 -0.034209028 -1.033366919 -0.015006873 0.999855638 0.007961904 0.080937803 0.034325674 -0.007442944 0.999383032 42.271800995
0.999339700 0.020771271 -0.029810211 -1.059512734 -0.020509437 0.999748588 0.009062421 0.082929611 0.029990945 -0.008445047 0.999514520 42.887672424
0.999390185 0.024794346 -0.024582909 -1.078010440 -0.024574133 0.999655485 0.009219939 0.092152804 0.024803046 -0.008610213 0.999655247 43.487289429
0.999416411 0.028353876 -0.019045668 -1.095409870 -0.028141515 0.999539793 0.011326992 0.090054959 0.019358061 -0.010784409 0.999754369 44.085090637
0.999364734 0.033194307 -0.012963779 -1.101333141 -0.033033110 0.999376655 0.012456497 0.097125739 0.013369181 -0.012020350 0.999838352 44.656650543
0.999321759 0.036476228 -0.005054065 -1.120090008 -0.036413018 0.999263823 0.012080757 0.101537138 0.005491003 -0.011888531 0.999914169 45.194747925
0.999192417 0.040142607 0.001783775 -1.115684032 -0.040161461 0.999118447 0.012228547 0.103878140 -0.001291322 -0.012290310 0.999923587 45.715240479
0.998972833 0.044371631 0.009188130 -1.114598155 -0.044479039 0.998940229 0.011834315 0.105527818 -0.008653287 -0.012230838 0.999887705 46.244140625
0.998668253 0.048793077 0.016764799 -1.109830737 -0.048947543 0.998761415 0.008929854 0.111071050 -0.016308319 -0.009738560 0.999819577 46.716659546
0.998403490 0.050759085 0.024780881 -1.099863291 -0.050915882 0.998686612 0.005737365 0.115549803 -0.024457108 -0.006989945 0.999676406 47.177722931
0.998154640 0.051028199 0.032913506 -1.085631490 -0.051232599 0.998672187 0.005396640 0.118627757 -0.032594424 -0.007072927 0.999443591 47.614242554
0.997901678 0.050429672 0.040609583 -1.069039583 -0.050760485 0.998685241 0.007156043 0.112298548 -0.040195312 -0.009202389 0.999149442 48.025753021
0.997464180 0.052127499 0.048455119 -1.045255184 -0.052571181 0.998585820 0.007926996 0.115405858 -0.047973376 -0.010454239 0.998793900 48.416141510
0.996829033 0.055021800 0.057484210 -1.023123503 -0.055558935 0.998425066 0.007786691 0.121243984 -0.056965232 -0.010955761 0.998316050 48.786449432
0.996030986 0.059760429 0.065961741 -1.006453514 -0.060376696 0.998148263 0.007387429 0.116656005 -0.065398134 -0.011340660 0.997794747 49.122356415
0.995153606 0.063561082 0.075028062 -0.986932278 -0.064290375 0.997904122 0.007342924 0.117723107 -0.074404106 -0.012130918 0.997154415 49.432044983
0.994463682 0.062698647 0.084325694 -0.946954250 -0.063600577 0.997942984 0.008049721 0.117079079 -0.083647527 -0.013368320 0.996405721 49.728885651
0.993594646 0.061795406 0.094609931 -0.907647133 -0.062659942 0.998015642 0.006191649 0.117509574 -0.094039574 -0.012080242 0.995495081 50.004959106
0.992476940 0.060449183 0.106467836 -0.868197441 -0.060992241 0.998136461 0.001849025 0.115991473 -0.106157653 -0.008328825 0.994314373 50.278270721
0.990894496 0.061556336 0.119746007 -0.828364849 -0.061731074 0.998090267 -0.002253136 0.114474475 -0.119656019 -0.005159429 0.992802024 50.544986725
0.988797009 0.063432090 0.135117576 -0.785494328 -0.063420810 0.997977078 -0.004392197 0.110741541 -0.135122851 -0.004226275 0.990819871 50.813365936
0.986279845 0.065062389 0.151719466 -0.744548321 -0.064936742 0.997872591 -0.005788120 0.112615585 -0.151773274 -0.004143460 0.988406658 51.090587616
0.983560622 0.065378703 0.168326974 -0.683519363 -0.065109506 0.997852683 -0.007124037 0.113211811 -0.168431282 -0.003952762 0.985705435 51.354240417
0.980404258 0.064300857 0.186206594 -0.618971825 -0.063835621 0.997924268 -0.008499559 0.116167933 -0.186366588 -0.003553609 0.982473910 51.612541199
0.976569176 0.063400947 0.205652952 -0.549640656 -0.062922016 0.997979045 -0.008874714 0.113884777 -0.205799997 -0.004273326 0.978584766 51.862953186
0.972073078 0.063758262 0.225851089 -0.477357864 -0.063103877 0.997955620 -0.010123144 0.112729013 -0.226034805 -0.004411644 0.974109292 52.110240936
0.966824472 0.065559179 0.246885389 -0.399338722 -0.064472005 0.997841299 -0.012493759 0.114307284 -0.247171521 -0.003837924 0.968964159 52.374423981
0.960632861 0.067173317 0.269577801 -0.319859505 -0.065706544 0.997734010 -0.014471613 0.107170463 -0.269939065 -0.003811118 0.962869883 52.605487823
0.953456640 0.068399422 0.293669850 -0.220577240 -0.066822872 0.997645974 -0.015410791 0.093104839 -0.294032574 -0.004930341 0.955782652 52.839050293
0.944888055 0.071399026 0.319513470 -0.120882034 -0.069800436 0.997425079 -0.016467491 0.088869810 -0.319866478 -0.006742243 0.947438598 53.091152191
0.935166776 0.073388256 0.346521854 -0.007205963 -0.071811840 0.997266352 -0.017406130 0.080561578 -0.346851915 -0.008606735 0.937880337 53.336223602
0.924120486 0.073786698 0.374909133 0.118049622 -0.071977593 0.997228205 -0.018847803 0.073061943 -0.375260651 -0.009567417 0.926869869 53.578212738
0.911486030 0.072032437 0.404974580 0.254280090 -0.069449857 0.997362554 -0.021087464 0.067168713 -0.405425429 -0.008904493 0.914084673 53.822887421
0.896735311 0.069614209 0.437057912 0.408117294 -0.065865569 0.997545898 -0.023748353 0.056938529 -0.437638521 -0.007491075 0.899119735 54.056251526
0.879463315 0.068705805 0.470981658 0.567731857 -0.062876292 0.997624934 -0.028122634 0.050383687 -0.471795261 -0.004880754 0.881694674 54.285820007
0.860220313 0.070527479 0.505021572 0.740383148 -0.062227454 0.997505963 -0.033309989 0.043858171 -0.506111383 -0.002772271 0.862463593 54.515335083
0.838465095 0.072145395 0.540158570 0.927835464 -0.061549921 0.997392714 -0.037673824 0.033860922 -0.541468322 -0.001658536 0.840719581 54.750823975
0.813957989 0.075229466 0.576031983 1.129186630 -0.062754147 0.997163475 -0.041554734 0.025271773 -0.577524304 -0.002324590 0.816370189 54.986946106
0.786703825 0.079376675 0.612206221 1.348157883 -0.065860748 0.996831000 -0.044612795 0.012245059 -0.613807380 -0.005223302 0.789438665 55.223251343
0.756886721 0.083560511 0.648182154 1.572778702 -0.069406763 0.996461093 -0.047412217 -0.001668930 -0.649850190 -0.009102548 0.760007858 55.451789856
0.724074721 0.084664591 0.684505463 1.831638336 -0.069143288 0.996348143 -0.050095301 -0.021417379 -0.686246991 -0.011056211 0.727284491 55.681259155
0.687489748 0.082223304 0.721524239 2.115678787 -0.065603457 0.996538818 -0.051054455 -0.041476727 -0.723224759 -0.012235066 0.690504313 55.910362244
0.648450315 0.081177987 0.756916344 2.434043884 -0.063048944 0.996608973 -0.052870598 -0.059231997 -0.758641601 -0.013438815 0.651369452 56.136291504
0.605971932 0.080560602 0.791396201 2.775575638 -0.060992744 0.996635497 -0.054750890 -0.079431057 -0.793144286 -0.015091920 0.608846664 56.369621277
0.560080349 0.080326818 0.824534774 3.138689041 -0.057266824 0.996661246 -0.058195967 -0.097979069 -0.826456606 -0.014624069 0.562810361 56.574890137
0.511895239 0.079351380 0.855375171 3.540952682 -0.054203164 0.996724069 -0.060026396 -0.121545792 -0.857336164 -0.015636813 0.514519393 56.787124634
0.463403344 0.077271782 0.882772088 3.956558228 -0.052248873 0.996840298 -0.059828956 -0.147449613 -0.884605765 -0.018398916 0.465976477 56.968650818
0.413425863 0.075401202 0.907410502 4.391576767 -0.052221179 0.996888638 -0.059043847 -0.167892218 -0.909039021 -0.022975793 0.416077137 57.145118713
0.363469720 0.075458623 0.928544939 4.860275269 -0.055057164 0.996712089 -0.059446655 -0.184889793 -0.929977655 -0.029515993 0.366429180 57.308269501
0.313892543 0.076116882 0.946402431 5.343406677 -0.053225711 0.996624470 -0.062502787 -0.205001116 -0.947965503 -0.030753782 0.316884369 57.447563171
0.267104268 0.072611928 0.960928082 5.826329231 -0.042007700 0.997086644 -0.063667551 -0.236495852 -0.962751627 -0.023360502 0.269376338 57.536975861
0.223412380 0.066519238 0.972451568 6.327471733 -0.028431389 0.997688890 -0.061713688 -0.268488050 -0.974309266 -0.013860547 0.224787280 57.601959229
0.181601286 0.065734372 0.981172740 6.853581429 -0.019362163 0.997808933 -0.063265257 -0.291742682 -0.983181655 -0.007508574 0.182476103 57.658332825
0.142831475 0.067011222 0.987475872 7.398517609 -0.016439876 0.997728407 -0.065329045 -0.324835896 -0.989610434 -0.006902940 0.143608689 57.719421387
0.110160522 0.067624465 0.991610587 7.959177494 -0.007374878 0.997710884 -0.067221187 -0.358407259 -0.993886352 0.000092113 0.110407084 57.758441925
0.081508182 0.066239826 0.994468987 8.512979507 -0.000011436 0.997789204 -0.066460013 -0.389198482 -0.996672690 0.005405664 0.081328712 57.772163391
0.056425855 0.064786680 0.996302545 9.092658043 0.006764626 0.997844696 -0.065270081 -0.419753164 -0.998383820 0.010422533 0.055865984 57.784160614
0.036906663 0.063950516 0.997270405 9.684164047 0.011593422 0.997855783 -0.064417087 -0.448521018 -0.999251425 0.013939195 0.036086123 57.782936096
0.021037094 0.065340430 0.997641385 10.290451050 0.013986560 0.997745216 -0.065642163 -0.483058989 -0.999680877 0.015334489 0.020075772 57.786842346
0.007423457 0.065231837 0.997842550 10.892601013 0.015171716 0.997747779 -0.065338537 -0.518469751 -0.999857366 0.015624022 0.006417059 57.787059784
-0.004246848 0.066005170 0.997810245 11.520611763 0.015865350 0.997698128 -0.065930232 -0.554117918 -0.999865174 0.015550612 -0.005284269 57.781345367
-0.013534836 0.069139913 0.997515142 12.155494690 0.020620737 0.997413814 -0.068853073 -0.589020610 -0.999695837 0.019637585 -0.014925545 57.771266937
-0.019826554 0.070929639 0.997284353 12.800040245 0.025097946 0.997201324 -0.070424773 -0.626818299 -0.999488294 0.023633508 -0.021551255 57.743694305
-0.024243064 0.070245311 0.997235060 13.469123840 0.025425037 0.997248948 -0.069628201 -0.662979364 -0.999382734 0.023666743 -0.025962368 57.721530914
-0.027442306 0.067610495 0.997334301 14.133394241 0.023437813 0.997479320 -0.066975415 -0.698286772 -0.999348581 0.021537377 -0.028957780 57.697593689
-0.030351028 0.060679518 0.997695684 14.822117805 0.021344112 0.997967422 -0.060046718 -0.735580862 -0.999311388 0.019472452 -0.031584486 57.688781738
-0.031544551 0.054832101 0.997997224 15.523357391 0.022325942 0.998283625 -0.054142166 -0.775379062 -0.999252915 0.020573338 -0.032714590 57.666255951
-0.031914927 0.052474909 0.998112082 16.265981674 0.025070732 0.998348653 -0.051685698 -0.814293921 -0.999176085 0.023373857 -0.033177797 57.631744385
-0.031440455 0.054884303 0.997997582 16.976791382 0.028303426 0.998139739 -0.054000460 -0.846859694 -0.999104738 0.026548952 -0.032935373 57.603618622
-0.030880991 0.062121667 0.997590661 17.692687988 0.029364016 0.997692287 -0.061219011 -0.883096039 -0.999091566 0.027402764 -0.032633867 57.581230164
-0.028414864 0.070220418 0.997126698 18.425518036 0.029653791 0.997149706 -0.069376990 -0.917748332 -0.999156237 0.027597252 -0.030416168 57.557170868
-0.026317846 0.070775770 0.997145057 19.165275574 0.030593179 0.997080326 -0.069963723 -0.959338903 -0.999185324 0.028664539 -0.028406259 57.541095734
-0.024798766 0.066479906 0.997479558 19.943061829 0.029839491 0.997391045 -0.065732174 -1.002762437 -0.999247015 0.028134206 -0.026717799 57.536701202
-0.021809421 0.059907712 0.997965693 20.707290649 0.029599315 0.997804165 -0.059251171 -1.047585487 -0.999323845 0.028246868 -0.023534764 57.512573242
-0.019238628 0.058097206 0.998125613 21.459600449 0.027923660 0.997952104 -0.057548892 -1.094136596 -0.999424934 0.026764160 -0.020821517 57.503845215
-0.015413606 0.063474864 0.997864425 22.213357925 0.035454124 0.997390032 -0.062897064 -1.137875438 -0.999252439 0.034408942 -0.017623829 57.477512360
-0.011894711 0.069018811 0.997544467 22.950334549 0.037547302 0.996942282 -0.068529449 -1.178652763 -0.999224007 0.036639970 -0.014449816 57.456081390
-0.010410164 0.069965467 0.997495115 23.735902786 0.031011401 0.997091830 -0.069613554 -1.225647211 -0.999464810 0.030209031 -0.012549618 57.483055115
-0.007011307 0.066665500 0.997750878 24.498891830 0.026567902 0.997435451 -0.066457748 -1.267104864 -0.999622285 0.026042195 -0.008764490 57.481822968
-0.002149390 0.062972635 0.998012960 25.262491226 0.030761134 0.997547090 -0.062876999 -1.317484856 -0.999524415 0.030564863 -0.004081231 57.474296570
0.001492933 0.064013496 0.997948050 26.035768509 0.035452258 0.997318387 -0.064026155 -1.368466854 -0.999370217 0.035475094 -0.000780496 57.471412659
0.004010636 0.068215862 0.997662544 26.806247711 0.035046890 0.997048140 -0.068314716 -1.419838190 -0.999377549 0.035238955 0.001608044 57.484310150
0.007951608 0.069318406 0.997562885 27.573972702 0.031249193 0.997089982 -0.069534630 -1.461985588 -0.999480009 0.031725951 0.005762324 57.495475769
0.011308949 0.068431646 0.997591794 28.335988998 0.030505367 0.997167468 -0.068748385 -1.511797667 -0.999470592 0.031209370 0.009189383 57.507614136
0.015084483 0.065172791 0.997759998 29.091907501 0.035070430 0.997225046 -0.065668061 -1.561796427 -0.999270976 0.035982437 0.012756985 57.512653351
0.018538887 0.065673016 0.997668922 29.877904892 0.039118253 0.997028708 -0.066357799 -1.617524862 -0.999062538 0.040257271 0.015914785 57.530483246
0.022294009 0.066782817 0.997518480 30.645174026 0.042089354 0.996819019 -0.067676693 -1.662053585 -0.998865008 0.043493688 0.019412246 57.538105011
0.024650685 0.066400595 0.997488499 31.409683228 0.042754386 0.996808708 -0.067411929 -1.709582329 -0.998781502 0.044308763 0.021733101 57.563919067
0.027980523 0.065127149 0.997484684 32.186973572 0.043932632 0.996831000 -0.066316836 -1.757426977 -0.998642623 0.045677703 0.025030641 57.591003418
0.031864040 0.064006642 0.997440517 32.953701019 0.046054229 0.996793330 -0.065436333 -1.810178995 -0.998430610 0.048021432 0.028814085 57.609291077
0.035009168 0.064364009 0.997312129 33.720226288 0.044617299 0.996828198 -0.065899000 -1.854130745 -0.998390555 0.046804439 0.032026377 57.633728027
0.037744090 0.066402532 0.997078776 34.488166809 0.041685119 0.996816635 -0.067963041 -1.896389484 -0.998417616 0.044128556 0.034855936 57.671340942
0.040836629 0.066499978 0.996950328 35.264003754 0.043280255 0.996728420 -0.068258010 -1.942913532 -0.998227954 0.045935698 0.037824892 57.695629120
0.043392435 0.065828644 0.996886909 36.050083160 0.041084282 0.996865153 -0.067615524 -1.998001099 -0.998212993 0.043890387 0.040551879 57.737606049
0.045382630 0.066942967 0.996724129 36.837085724 0.038970988 0.996873975 -0.068727449 -2.038255215 -0.998209238 0.041962363 0.042631928 57.787471771
0.047987875 0.066660844 0.996621072 37.617511749 0.035868928 0.997011900 -0.068414100 -2.090688705 -0.998203635 0.039030775 0.045453433 57.831779480
0.051204473 0.068965167 0.996304154 38.387889862 0.034514729 0.996894658 -0.070779912 -2.135517120 -0.998091638 0.038011409 0.048665155 57.876617432
0.054682292 0.072370760 0.995877624 39.171722412 0.033535920 0.996674240 -0.074270055 -2.186751842 -0.997940481 0.037458934 0.052073404 57.919162750
0.058340754 0.074716642 0.995496690 39.971485138 0.033411264 0.996490479 -0.076749280 -2.244962215 -0.997737467 0.037738413 0.055639625 57.968185425
0.060966983 0.076463722 0.995206773 40.782077789 0.027021535 0.996569574 -0.078223795 -2.301005602 -0.997773945 0.031661078 0.058691673 58.030788422
0.063702710 0.075555116 0.995104671 41.576507568 0.023640005 0.996735871 -0.077192307 -2.354139805 -0.997688949 0.028441640 0.061708648 58.089229584
0.067125231 0.076140605 0.994835079 42.370151520 0.025575111 0.996625006 -0.078003243 -2.413579464 -0.997416735 0.030678999 0.064951383 58.144634247
0.071226977 0.077607237 0.994436443 43.181377411 0.024988845 0.996516943 -0.079559430 -2.468787670 -0.997147143 0.030516597 0.069039568 58.205646515
0.074660614 0.078196071 0.994138420 44.001567841 0.021734387 0.996556461 -0.080018528 -2.525964260 -0.996972144 0.027581219 0.072703980 58.285930634
0.079201110 0.076566145 0.993913829 44.807365417 0.020231048 0.996717155 -0.078394204 -2.578723431 -0.996653318 0.026316833 0.077392101 58.337253571
0.084203944 0.076245308 0.993527234 45.618846893 0.020789685 0.996716857 -0.078252055 -2.641060352 -0.996231616 0.027244249 0.082342386 58.403808594
0.089473642 0.079992719 0.992771685 46.431743622 0.017527534 0.996488690 -0.081871882 -2.700986147 -0.995834947 0.024726218 0.087757394 58.482852936
0.095311135 0.088206284 0.991531909 47.238372803 0.015546109 0.995813012 -0.090081505 -2.764363289 -0.995326102 0.024000235 0.093540810 58.570610046
0.102352895 0.093216613 0.990370929 48.071800232 0.014165080 0.995362103 -0.095150337 -2.833905935 -0.994647264 0.023767596 0.100557774 58.665809631
0.109508231 0.096252665 0.989314556 48.898101807 0.009678753 0.995149970 -0.097891755 -2.901976585 -0.993938804 0.020295283 0.108045511 58.773025513
0.116481863 0.094577663 0.988679409 49.725189209 0.005826153 0.995373487 -0.095904432 -2.975687504 -0.993175745 0.016931321 0.115391925 58.880214691
0.124100216 0.092828549 0.987918019 50.572895050 0.005682440 0.995531619 -0.094257765 -3.050904989 -0.992253363 0.017311195 0.123018220 58.995895386
0.131401345 0.089179933 0.987309754 51.385192871 0.005328568 0.995867312 -0.090662092 -3.127666712 -0.991314888 0.017174069 0.130383119 59.101676941
0.139256164 0.083976671 0.986689270 52.226264954 0.003392361 0.996351421 -0.085277788 -3.192568779 -0.990250528 0.015222664 0.138463229 59.222003937
0.146164879 0.076348990 0.986309588 53.056144714 0.000521332 0.997011244 -0.077254646 -3.262740135 -0.989260137 0.011806110 0.145688236 59.357551575
0.153609902 0.073533908 0.985391676 53.885063171 0.000613933 0.997219861 -0.074512273 -3.326286793 -0.988131285 0.012050787 0.153137743 59.498115540
0.161046013 0.075459152 0.984058022 54.714550018 0.000444203 0.997067213 -0.076529406 -3.393061638 -0.986946762 0.012761877 0.160540178 59.635013580
0.166588411 0.082513534 0.982567966 55.535240173 0.000778150 0.996481061 -0.083813846 -3.450444221 -0.986026227 0.014726999 0.165937960 59.776554108
0.171589568 0.086030893 0.981405020 56.337955475 -0.000562098 0.996188104 -0.087228529 -3.511002064 -0.985168397 0.014415858 0.170983836 59.925834656
0.177102014 0.089228347 0.980139256 57.128067017 -0.001796895 0.995909452 -0.090339318 -3.576200008 -0.984190881 0.014238071 0.176537886 60.067607880
0.181875795 0.088774949 0.979305923 57.917182922 -0.004354971 0.995979369 -0.089477606 -3.648359299 -0.983311832 0.012008961 0.181531146 60.237308502
0.187063217 0.085489027 0.978620946 58.687316895 -0.000298914 0.996210933 -0.086968519 -3.715667009 -0.982347846 0.015976086 0.186380014 60.387145996
0.191804945 0.078868538 0.978258908 59.457519531 -0.000572681 0.996774673 -0.080249026 -3.780578136 -0.981432915 0.014831926 0.191231504 60.527576447
0.194639444 0.072466470 0.978194237 60.226005554 -0.002021752 0.997294664 -0.073479176 -3.842164040 -0.980872750 0.012324281 0.194259435 60.692062378
0.197856486 0.069095537 0.977792740 60.978828430 -0.005576577 0.997575700 -0.069365092 -3.901241302 -0.980215132 0.008271593 0.197762176 60.855045319
0.201195434 0.069368273 0.977091789 61.724449158 -0.007640911 0.997570157 -0.069248758 -3.953125000 -0.979521334 0.006466663 0.201236591 61.017086029
0.203323632 0.071553603 0.976493478 62.453998566 -0.009296297 0.997422218 -0.071151532 -4.006491661 -0.979067385 0.005389012 0.203464702 61.174858093
0.204948932 0.075991966 0.975818217 63.179473877 -0.014111530 0.997107267 -0.074686050 -4.059554577 -0.978670955 0.001536536 0.205428421 61.336009979
0.206793219 0.080023475 0.975106478 63.895423889 -0.014607078 0.996790826 -0.078705274 -4.118158817 -0.978275597 0.002032260 0.207298487 61.491836548
0.209069982 0.085547999 0.974151552 64.592926025 -0.015246013 0.996330321 -0.084223613 -4.170555592 -0.977781713 0.002756702 0.209607005 61.646350861
0.210298821 0.087315582 0.973730087 65.282455444 -0.014224476 0.996171415 -0.086255848 -4.228280544 -0.977533579 0.004288701 0.210735679 61.798751831
0.211693853 0.087345943 0.973425031 65.958450317 -0.016883025 0.996176600 -0.085715838 -4.282277107 -0.977190197 0.001711155 0.212359115 61.949851990
0.212769851 0.084288791 0.973459959 66.650512695 -0.016665058 0.996440470 -0.082636096 -4.342845440 -0.976960242 0.001359702 0.213417158 62.095352173
0.213175699 0.081404716 0.973616660 67.325447083 -0.016522609 0.996680737 -0.079715453 -4.405383587 -0.976874113 0.000906709 0.213813126 62.253566742
0.212813079 0.080394827 0.973779798 68.002479553 -0.015236099 0.996761143 -0.078962393 -4.454829216 -0.976974130 0.001967626 0.213348716 62.424491882
0.211464897 0.079746798 0.974126756 68.652503967 -0.015624455 0.996814251 -0.078212328 -4.505995750 -0.977260649 0.001318961 0.212037206 62.565795898
0.209745735 0.080710888 0.974418998 69.283256531 -0.016666839 0.996737480 -0.078971952 -4.555099487 -0.977613866 0.000323542 0.210406616 62.703136444
0.208048224 0.082996026 0.974590957 69.915802002 -0.017497400 0.996549845 -0.081130840 -4.614881516 -0.977962017 -0.000173681 0.208782628 62.835281372
0.205498859 0.086587809 0.974819362 70.526344299 -0.015305286 0.996240795 -0.085264094 -4.667401314 -0.978537679 0.002601784 0.206051618 62.973388672
0.203755200 0.087417707 0.975111246 71.138038635 -0.013008047 0.996159434 -0.086586542 -4.718900681 -0.978935361 0.004958164 0.204109803 63.092987061
0.201462492 0.086345643 0.975682974 71.743293762 -0.013353894 0.996256530 -0.085408993 -4.762528419 -0.979405105 0.004177541 0.201861382 63.222740173
0.199580163 0.083450511 0.976321518 72.338203430 -0.013984359 0.996508181 -0.082317248 -4.813635826 -0.979781687 0.002775659 0.200050235 63.338317871
0.197137892 0.079476766 0.977148950 72.925849915 -0.013410310 0.996834040 -0.078372344 -4.866930485 -0.980284035 0.002346289 0.197579563 63.465339661
0.195133597 0.078428343 0.977635860 73.499595642 -0.009980191 0.996904790 -0.077982105 -4.919181824 -0.980725884 0.005459936 0.195312321 63.573707581
0.193754449 0.079953201 0.977786660 74.068679810 -0.006157931 0.996752918 -0.080283828 -4.962168217 -0.981030762 0.009534205 0.193617657 63.680858612
0.190973878 0.081913002 0.978171289 74.624961853 -0.002053294 0.996543229 -0.083050586 -5.003587723 -0.981592953 0.013852018 0.190481901 63.786907196
0.189391434 0.083596088 0.978336632 75.180297852 -0.002694135 0.996409714 -0.084618829 -5.048188210 -0.981897950 0.013390309 0.188936666 63.893447876
0.188105091 0.086416930 0.978339672 75.737380981 -0.003033266 0.996167898 -0.087408498 -5.090695381 -0.982144237 0.013474418 0.187646389 64.000465393
0.186909959 0.084666841 0.978721738 76.291931152 -0.001250488 0.996298790 -0.085948579 -5.140269279 -0.982376218 0.014840768 0.186324060 64.108917236
0.187445983 0.083294630 0.978736997 76.858619690 0.004969558 0.996305108 -0.085741505 -5.179579735 -0.982262313 0.020935791 0.186339423 64.212417603
0.190285951 0.081504963 0.978339493 77.426696777 0.009805471 0.996340215 -0.084911749 -5.220666885 -0.981679797 0.025750592 0.188790351 64.304107666
0.191703975 0.080548197 0.978141904 77.994491577 0.012789818 0.996336818 -0.084553175 -5.270721436 -0.981369436 0.028719438 0.189971566 64.424819946
0.194914758 0.080306761 0.977527022 78.556877136 0.010400490 0.996417224 -0.083932452 -5.313533783 -0.980765045 0.026526434 0.193381175 64.543640137
0.199608311 0.080837466 0.976535618 79.133865356 0.008684701 0.996406257 -0.084257536 -5.369131088 -0.979837239 0.025299426 0.198188901 64.682205200
0.206643537 0.079609983 0.975172102 79.699844360 0.009916150 0.996462703 -0.083449341 -5.411807060 -0.978366017 0.026914218 0.205123127 64.795654297
0.214065120 0.080038197 0.973534822 80.285583496 0.008013912 0.996460021 -0.083685100 -5.451850414 -0.976786435 0.025715886 0.212665915 64.937515259
0.222238004 0.077558517 0.971902728 80.872764587 0.008805607 0.996630728 -0.081545338 -5.498901367 -0.974952638 0.026680671 0.220806226 65.080062866
0.231181443 0.077458337 0.969822347 81.463500977 0.005270294 0.996711373 -0.080862224 -5.544969559 -0.972896397 0.023805099 0.230012923 65.229835510
0.240826637 0.077233247 0.967490375 82.057800293 0.003848595 0.996745110 -0.080526583 -5.592757225 -0.970560431 0.023116425 0.239745498 65.388404846
0.250412077 0.081153974 0.964732170 82.662826538 -0.001328818 0.996508420 -0.083482109 -5.631725311 -0.968138397 0.019622976 0.249645561 65.555397034
0.259866089 0.082905576 0.962079108 83.270904541 -0.004631361 0.996403158 -0.084612407 -5.684984207 -0.965633571 0.017532161 0.259315342 65.735847473
0.270625144 0.086056992 0.958830655 83.898536682 -0.008942585 0.996178210 -0.086885013 -5.728942394 -0.962643266 0.014938845 0.270360440 65.930397034
0.280736715 0.087749921 0.955765069 84.519645691 -0.010269246 0.996029377 -0.088430248 -5.779867172 -0.959729910 0.015010633 0.280523151 66.122894287
0.290368795 0.088754430 0.952789903 85.154426575 -0.013535683 0.995970726 -0.088651724 -5.827882767 -0.956819057 0.012845032 0.290400147 66.331550598
0.300902367 0.089082055 0.949485242 85.793869019 -0.013802638 0.995930135 -0.089065373 -5.875277042 -0.953555107 0.013694577 0.300907254 66.541954041
0.311246186 0.089639239 0.946092308 86.450775146 -0.017274272 0.995910645 -0.088676475 -5.924214363 -0.950172246 0.011257159 0.311521828 66.766815186
0.321528405 0.084865347 0.943089247 87.114974976 -0.017682225 0.996340036 -0.083628774 -5.985968113 -0.946734846 0.010213111 0.321852177 67.010528564
0.332035333 0.078014247 0.940035343 87.795967102 -0.013961929 0.996871293 -0.077799521 -6.033912659 -0.943163633 0.012707485 0.332085639 67.258422852
0.343212545 0.073206700 0.936400533 88.479827881 -0.012146688 0.997220635 -0.073509477 -6.087477684 -0.939179122 0.013855210 0.343147814 67.505706787
0.353644341 0.069850780 0.932768226 89.174911499 -0.012933086 0.997477651 -0.069793195 -6.137949944 -0.935290515 0.012618405 0.353655785 67.776222229
0.363077253 0.067183688 0.929333746 89.878051758 -0.006890635 0.997563422 -0.069424078 -6.184278011 -0.931733489 0.018802611 0.362655550 68.046844482
0.371875852 0.061622497 0.926234841 90.598281860 0.000304768 0.997786045 -0.066505156 -6.222152710 -0.928282320 0.025013953 0.371033728 68.331481934
0.378593475 0.052315131 0.924083412 91.327430725 0.010003183 0.998111725 -0.060604367 -6.265648365 -0.925509155 0.032188185 0.377355218 68.624824524
0.385723442 0.047761869 0.921377301 92.056442261 0.015495126 0.998182893 -0.058230121 -6.310004234 -0.922484398 0.036737576 0.384282500 68.923362732
0.392777860 0.047762677 0.918392241 92.780754089 0.017080553 0.998099148 -0.059212986 -6.358130455 -0.919474840 0.038944196 0.391215444 69.230308533
0.400615692 0.053905942 0.914659023 93.535202026 0.019556671 0.997537315 -0.067356125 -6.403465748 -0.916037440 0.044871610 0.398574859 69.555351257
0.407938302 0.058014385 0.911164403 94.258544922 0.023569774 0.996977448 -0.074030593 -6.448282719 -0.912705243 0.051675860 0.405337900 69.873077393
0.413122058 0.059814777 0.908709168 94.972915649 0.021957606 0.996896327 -0.075602077 -6.500113964 -0.910410941 0.051185966 0.410526454 70.199981689
0.417150110 0.061708704 0.906740189 95.691871643 0.014437361 0.997116327 -0.074501283 -6.560174942 -0.908722937 0.044169158 0.415056288 70.554283142
0.421290487 0.065367974 0.904566944 96.410079956 0.007999090 0.997092485 -0.075779736 -6.618768692 -0.906890512 0.039160985 0.419542700 70.900199890
0.425480992 0.068690643 0.902356684 97.109603882 0.007082298 0.996831954 -0.079221904 -6.673465729 -0.904939592 0.040098179 0.423646569 71.231636047
0.429438174 0.072143182 0.900210083 97.794013977 0.004456384 0.996622622 -0.081995621 -6.738764763 -0.903085232 0.039223731 0.427666366 71.565132141
0.432778805 0.075121738 0.898364723 98.469581604 0.000818064 0.996488869 -0.083721027 -6.800674915 -0.901499748 0.036967602 0.431197852 71.902389526
0.437009752 0.074058443 0.896402717 99.162628174 -0.000101461 0.996608615 -0.082287721 -6.853724480 -0.899456739 0.035869587 0.435535192 72.239265442
0.441099405 0.070984900 0.894646645 99.828712463 0.000668850 0.996840775 -0.079423152 -6.913206100 -0.897458076 0.035631895 0.439658374 72.567123413
0.444863379 0.068060815 0.893008590 100.486709595 0.000751404 0.997079611 -0.076366901 -6.970091820 -0.895598054 0.034643855 0.443512976 72.892608643
0.448358268 0.066586904 0.891370356 101.125762939 -0.000110499 0.997225583 -0.074438892 -7.031785011 -0.893853903 0.033276796 0.447121650 73.223175049
0.452119708 0.068467982 0.889325500 101.762573242 -0.002192876 0.997131824 -0.075653024 -7.082133293 -0.891954541 0.032254037 0.450973123 73.540039062
0.454971701 0.068737194 0.887849033 102.384414673 -0.000434069 0.997033536 -0.076967798 -7.125827789 -0.890505731 0.034632783 0.453651816 73.856002808
0.456876636 0.067603849 0.886957407 103.008735657 0.000356907 0.997093856 -0.076182306 -7.188232422 -0.889530003 0.035122469 0.455524802 74.183105469
0.458645374 0.066496879 0.886127770 103.613487244 0.002786919 0.997083724 -0.076265700 -7.232883453 -0.888615012 0.037448473 0.457122475 74.492691040
0.460287392 0.066230044 0.885296106 104.210365295 0.001378940 0.997158766 -0.075315572 -7.288568020 -0.887768984 0.035887577 0.458888292 74.812255859
0.462367058 0.065548219 0.884262502 104.800369263 0.002788399 0.997151494 -0.075374417 -7.337221622 -0.886684299 0.037316319 0.460867167 75.116668701
0.465013087 0.067504972 0.882726371 105.378219604 0.002042439 0.997004271 -0.077320106 -7.387109756 -0.885301530 0.037757773 0.463482082 75.424926758
0.468321055 0.067044362 0.881011009 105.947219849 0.004932594 0.996903121 -0.078485698 -7.440089226 -0.883544624 0.041102175 0.466540039 75.710884094
0.471003443 0.066644356 0.879610300 106.495193481 0.005705537 0.996891081 -0.078585356 -7.498262882 -0.882112920 0.042032622 0.469158858 76.007087708
0.474182516 0.065111913 0.878015637 107.044227600 0.008740951 0.996864319 -0.078646161 -7.542065620 -0.880383134 0.044967327 0.472126514 76.300109863
0.477563381 0.063737944 0.876282275 107.576705933 0.010469268 0.996881485 -0.078215554 -7.589459419 -0.878535032 0.046526913 0.475406766 76.585716248
0.480591536 0.063348815 0.874653399 108.107666016 0.011355603 0.996854246 -0.078438997 -7.636872768 -0.876871109 0.047629345 0.478360355 76.885841370
0.484014869 0.062792070 0.872803926 108.630500793 0.011788389 0.996863663 -0.078254566 -7.682904243 -0.874980390 0.048165333 0.481756628 77.178771973
0.487168729 0.062459320 0.871071398 109.167411804 0.012743975 0.996824503 -0.078603722 -7.734604836 -0.873214841 0.049394183 0.484825820 77.493049622
0.491283983 0.063683830 0.868668199 109.679504395 0.012402967 0.996710837 -0.080085531 -7.777560711 -0.870911181 0.050118793 0.488878191 77.781127930
0.495398998 0.063775145 0.866321266 110.186180115 0.014693667 0.996543348 -0.081764050 -7.820202827 -0.868541241 0.053235266 0.492749482 78.074424744
0.500256836 0.066869341 0.863291085 110.688644409 0.012352192 0.996360898 -0.084334545 -7.873310089 -0.865788996 0.052852470 0.497610331 78.369812012
0.505873621 0.072824515 0.859528005 111.177833557 0.009166728 0.995919764 -0.089775540 -7.918608189 -0.862558901 0.053294130 0.503142059 78.656471252
0.511376381 0.079956546 0.855629086 111.678413391 0.003497814 0.995460212 -0.095113948 -7.970370770 -0.859349668 0.051631868 0.508775234 78.981620789
0.517689288 0.086331844 0.851201892 112.167671204 -0.001567357 0.994990051 -0.099962100 -8.017191887 -0.855567217 0.050415173 0.515231013 79.288330078
0.523973048 0.090638719 0.846898437 112.662803650 -0.005139015 0.994639993 -0.103271171 -8.069635391 -0.851719379 0.049759090 0.521630287 79.609092712
0.529742002 0.090871602 0.843276799 113.161346436 -0.009408351 0.994812429 -0.101290829 -8.123043060 -0.848106623 0.045724157 0.527848899 79.930892944
0.534813464 0.090367243 0.840124011 113.674705505 -0.015854836 0.995162845 -0.096950866 -8.172609329 -0.844821393 0.038530599 0.533659220 80.280952454
0.540670931 0.088046700 0.836613834 114.181762695 -0.021853942 0.995642185 -0.090659752 -8.220761299 -0.840950251 0.030733785 0.540238917 80.626403809
0.546680331 0.086419433 0.832869947 114.697723389 -0.028087012 0.995992780 -0.084909424 -8.272086143 -0.836870253 0.023025472 0.546916842 80.976753235
0.552601159 0.084481858 0.829153001 115.216110229 -0.030998379 0.996244371 -0.080847368 -8.325461388 -0.832869172 0.018973950 0.553144634 81.340698242
0.558606207 0.087786436 0.824774325 115.747131348 -0.036272041 0.996017396 -0.081446558 -8.382382393 -0.828639686 0.015580315 0.559565663 81.725471497
0.564737558 0.091771007 0.820152164 116.276107788 -0.039965987 0.995673120 -0.083891295 -8.426069260 -0.824302256 0.014598372 0.565961778 82.106193542
0.570634007 0.095075823 0.815682232 116.809844971 -0.042931154 0.995370924 -0.085986584 -8.473915100 -0.820081592 0.014048692 0.572074175 82.504356384
0.577320039 0.097322941 0.810697019 117.351493835 -0.045192972 0.995157897 -0.087283961 -8.521553040 -0.815266371 0.013752976 0.578922927 82.892692566
