0.999999940 -0.000000000 -0.000000000 -0.000000030 -0.000000000 1.000000119 0.000000000 0.000000000 -0.000000000 0.000000000 1.000000000 0.000000005
0.999991119 -0.002539887 -0.003341397 -0.000005067 0.002533363 0.999994993 -0.001955573 -0.006067195 0.003346347 0.001947090 0.999992490 0.696483910
0.999972761 -0.001542257 -0.007211878 -0.009740837 0.001516511 0.999992609 -0.003574095 -0.007913127 0.007217336 0.003563060 0.999967635 1.399112463
0.999934196 -0.001568935 -0.011357866 -0.021577984 0.001511272 0.999985933 -0.005083799 -0.010718198 0.011365684 0.005066300 0.999922514 2.127322674
0.999867141 -0.000271175 -0.016292457 -0.038092241 0.000180780 0.999984622 -0.005549529 -0.016800180 0.016293708 0.005545847 0.999851882 2.872135401
0.999783218 -0.001490649 -0.020764271 -0.052285384 0.001367700 0.999981523 -0.005934101 -0.022252057 0.020772729 0.005904415 0.999766886 3.637037039
0.999692857 0.000788651 -0.024768148 -0.089424200 -0.000960918 0.999975502 -0.006944038 -0.035554450 0.024762070 0.006965706 0.999669075 4.414432526
0.999553740 0.003440035 -0.029672647 -0.120210722 -0.003678347 0.999961436 -0.007980513 -0.034487996 0.029644050 0.008086098 0.999527812 5.203687191
0.999418497 0.003701587 -0.033892766 -0.150714040 -0.003903406 0.999974966 -0.005890403 -0.051286060 0.033870112 0.006019277 0.999408066 6.020451546
0.999258697 0.002500885 -0.038413912 -0.181952477 -0.002629983 0.999991059 -0.003310531 -0.055443998 0.038405292 0.003409105 0.999256372 6.844191551
0.999132574 0.002560646 -0.041562885 -0.224932775 -0.002587491 0.999996483 -0.000592118 -0.065331995 0.041561227 0.000699148 0.999135673 7.679490089
0.999023318 0.003991048 -0.044004947 -0.267102718 -0.004055516 0.999990940 -0.001375851 -0.070088796 0.043999057 0.001552970 0.999030411 8.520553589
0.998926997 0.003579394 -0.046170332 -0.307156742 -0.003654040 0.999992192 -0.001532453 -0.077927977 0.046164479 0.001699517 0.998932481 9.361254692
0.998831451 0.000314565 -0.048329722 -0.346714884 -0.000397606 0.999998450 -0.001708619 -0.090906866 0.048329107 0.001725839 0.998830020 10.228426933
0.998745263 0.000378189 -0.050075799 -0.391577899 -0.000427418 0.999999523 -0.000972372 -0.096916758 0.050075397 0.000992556 0.998745024 11.081168175
0.998677194 -0.001346870 -0.051399741 -0.436797500 0.001281677 0.999998391 -0.001301304 -0.105467491 0.051401403 0.001233705 0.998677373 11.946992874
0.998586714 0.000637585 -0.053142499 -0.496835589 -0.000826463 0.999993384 -0.003532286 -0.115075231 0.053139906 0.003571214 0.998580694 12.851933479
0.998521984 0.001263954 -0.054335140 -0.549058139 -0.001608807 0.999978840 -0.006303499 -0.121402137 0.054326028 0.006381597 0.998502851 13.738595009
0.998439550 0.005012745 -0.055617698 -0.613485336 -0.005475348 0.999951720 -0.008168299 -0.131394178 0.055574074 0.008460078 0.998418689 14.625858307
0.998335004 0.005688251 -0.057399672 -0.663546920 -0.006122173 0.999954045 -0.007386650 -0.150438070 0.057355013 0.007725762 0.998323977 15.559098244
0.998292506 0.005204448 -0.058177743 -0.724446177 -0.005537196 0.999969363 -0.005559761 -0.169288516 0.058147013 0.005872410 0.998290777 16.466489792
0.998212278 0.005736801 -0.059492234 -0.781774282 -0.006004930 0.999972641 -0.004329142 -0.177718535 0.059465770 0.004678649 0.998219430 17.401548386
0.998102784 0.004900069 -0.061373129 -0.840279341 -0.005175579 0.999977231 -0.004330922 -0.187831044 0.061350502 0.004640348 0.998105645 18.349939346
0.998013079 0.004663025 -0.062831804 -0.897259414 -0.004988017 0.999975026 -0.005016533 -0.200532958 0.062806845 0.005319974 0.998011529 19.281721115
0.997991025 0.003195414 -0.063272901 -0.966892838 -0.003564071 0.999977350 -0.005714444 -0.215398818 0.063253209 0.005928474 0.997979879 20.231672287
0.997920394 0.003426710 -0.064366370 -1.026572466 -0.003692946 0.999985099 -0.004017742 -0.226215512 0.064351648 0.004247088 0.997918189 21.173456192
0.997925878 0.004785352 -0.064194538 -1.091443300 -0.004842340 0.999988079 -0.000732191 -0.236700654 0.064190261 0.001041524 0.997937024 22.124633789
0.997989833 0.005838649 -0.063103326 -1.156483650 -0.005644942 0.999978900 0.003247534 -0.249164373 0.063120946 -0.002884791 0.998001635 23.079629898
0.998076081 0.004062207 -0.061866011 -1.215224981 -0.003685134 0.999973953 0.006207876 -0.256982088 0.061889622 -0.005967948 0.998065114 24.036037445
0.998156488 0.004349227 -0.060534772 -1.270246148 -0.003950272 0.999969661 0.006708634 -0.259052068 0.060562119 -0.006457139 0.998143554 25.007562637
0.998244822 0.004695204 -0.059034020 -1.330506086 -0.004452207 0.999981046 0.004247075 -0.270183563 0.059052851 -0.003976789 0.998246908 25.973318100
0.998297334 0.005643714 -0.058054734 -1.387112737 -0.005685102 0.999983668 -0.000547749 -0.275670767 0.058050707 0.000876863 0.998313308 26.943220139
0.998367786 0.004183214 -0.056956936 -1.449174047 -0.004383312 0.999984682 -0.003388645 -0.281825215 0.056941878 0.003632774 0.998370886 27.939279556
0.998436451 0.002025895 -0.055860631 -1.505787134 -0.002170812 0.999994516 -0.002533692 -0.288215637 0.055855185 0.002650993 0.998435378 28.920167923
0.998419523 0.000013499 -0.056200236 -1.558121443 0.000110533 0.999997616 0.002203882 -0.296969801 0.056200121 -0.002206611 0.998417139 29.919540405
0.998366773 -0.003296029 -0.057032619 -1.615960360 0.003643991 0.999975324 0.005998180 -0.316193134 0.057011437 -0.006196210 0.998354256 30.932893753
0.998275340 -0.010560735 -0.057746027 -1.665679693 0.010893646 0.999925792 0.005453320 -0.323699087 0.057684142 -0.006072979 0.998316348 31.929721832
0.998145103 -0.013110775 -0.059450652 -1.720250726 0.013222693 0.999911427 0.001489534 -0.327459008 0.059425857 -0.002272870 0.998230100 32.932914734
0.998072624 -0.012656841 -0.060750701 -1.782613277 0.012514125 0.999917865 -0.002729136 -0.330617338 0.060780257 0.001963634 0.998149216 33.933261871
0.997955382 -0.011393636 -0.062889636 -1.852402687 0.011209269 0.999931753 -0.003283670 -0.343469083 0.062922746 0.002572009 0.998015046 34.958435059
0.997903287 -0.011596895 -0.063675523 -1.914081216 0.011504888 0.999932170 -0.001811429 -0.354923755 0.063692212 0.001075050 0.997968912 35.977416992
0.997848392 -0.008446384 -0.065016367 -1.985373020 0.008530446 0.999963164 0.001015458 -0.370245397 0.065005392 -0.001567892 0.997883618 37.001930237
0.997785747 -0.007964626 -0.066030137 -2.058519840 0.008140486 0.999963999 0.002394647 -0.381734341 0.066008680 -0.002926862 0.997814715 38.026298523
0.997738957 -0.006834448 -0.066857658 -2.138992071 0.007195124 0.999960780 0.005155396 -0.393695295 0.066819824 -0.005624789 0.997749150 39.070453644
0.997740805 -0.007290924 -0.066782273 -2.209959984 0.007862829 0.999934614 0.008304879 -0.399359852 0.066717371 -0.008811217 0.997732997 40.099567413
0.997739673 -0.001492172 -0.067179821 -2.290884972 0.002205363 0.999941945 0.010543242 -0.404425740 0.067160189 -0.010667567 0.997685134 41.128120422
0.997732043 -0.001484676 -0.067294024 -2.365396500 0.002144356 0.999950290 0.009731781 -0.404383123 0.067276239 -0.009854011 0.997685730 42.139575958
0.997709632 -0.001740023 -0.067618512 -2.422155380 0.002308659 0.999962628 0.008332243 -0.412347317 0.067601487 -0.008469267 0.997676432 43.167598724
0.997708678 0.000208497 -0.067655623 -2.497593403 0.000200713 0.999981701 0.006041572 -0.416960061 0.067655645 -0.006041307 0.997690380 44.201927185
0.997652888 -0.000297407 -0.068472877 -2.572093964 0.000730090 0.999979913 0.006294106 -0.424818993 0.068469629 -0.006329323 0.997633100 45.220188141
0.997540295 -0.002169063 -0.070062272 -2.635425568 0.002677418 0.999970734 0.007162672 -0.422807395 0.070044689 -0.007332639 0.997516870 46.235939026
0.997499287 -0.001581463 -0.070658252 -2.716536522 0.002167607 0.999963880 0.008219568 -0.433060050 0.070642702 -0.008352172 0.997466683 47.254772186
0.997484386 0.000493370 -0.070884459 -2.790696383 -0.000152075 0.999988317 0.004820125 -0.441666931 0.070886023 -0.004797219 0.997472882 48.261798859
0.997427702 0.000611589 -0.071677193 -2.869932175 -0.000564936 0.999999583 0.000671132 -0.447117984 0.071677573 -0.000628913 0.997427642 49.253864288
0.997401059 0.001680101 -0.072029844 -2.942023754 -0.001702686 0.999998629 -0.000252141 -0.462801188 0.072029307 0.000374129 0.997402489 50.245143890
0.997392595 0.000338991 -0.072163470 -3.029985905 -0.000100400 0.999994516 0.003309857 -0.475256473 0.072164200 -0.003293982 0.997387290 51.276130676
0.997371018 -0.001475880 -0.072447672 -3.097029448 0.001938806 0.999978125 0.006319892 -0.482038289 0.072436750 -0.006443738 0.997352183 52.268150330
0.997346699 -0.003360450 -0.072719380 -3.165813923 0.003874772 0.999968529 0.006932776 -0.488582909 0.072693780 -0.007196153 0.997328341 53.257003784
0.997317433 -0.006485552 -0.072908454 -3.237731934 0.006920640 0.999959767 0.005716552 -0.498455197 0.072868451 -0.006205792 0.997322202 54.250053406
0.997286379 -0.009186486 -0.073043294 -3.311546564 0.009543592 0.999944270 0.004541469 -0.507534683 0.072997510 -0.005226241 0.997318387 55.218074799
0.997189105 -0.010720876 -0.074154146 -3.384168148 0.011166920 0.999922037 0.005603096 -0.515640080 0.074088283 -0.006415420 0.997231007 56.202339172
0.997045934 -0.014160583 -0.075489357 -3.448035240 0.014944195 0.999840081 0.009825625 -0.522202134 0.075338140 -0.010924730 0.997098207 57.186508179
0.997008741 -0.014891181 -0.075839333 -3.522727251 0.016054800 0.999762356 0.014756721 -0.524162352 0.075601533 -0.015930168 0.997010946 58.163261414
0.996990383 -0.012982505 -0.076428950 -3.600403309 0.014311309 0.999755383 0.016864132 -0.523654580 0.076191306 -0.017907182 0.996932387 59.130550385
0.996862054 -0.012229805 -0.078206688 -3.669669628 0.013296719 0.999825239 0.013136012 -0.528905571 0.078032367 -0.014134687 0.996850610 60.075241089
0.996789277 -0.010599989 -0.079363905 -3.752972603 0.011059847 0.999924481 0.005356933 -0.532262206 0.079301126 -0.006217487 0.996831357 61.044746399
0.996730387 -0.008921198 -0.080303848 -3.830483913 0.008985608 0.999959588 0.000440761 -0.535657346 0.080296651 -0.001160899 0.996770442 61.985877991
0.996695817 -0.004180093 -0.081115365 -3.914947987 0.004308082 0.999989808 0.001402919 -0.546692014 0.081108667 -0.001747735 0.996703744 62.903045654
0.996631980 -0.001489178 -0.081992708 -3.999580383 0.001812948 0.999990880 0.003874462 -0.565005720 0.081986196 -0.004010062 0.996625423 63.828247070
0.996532559 0.001099685 -0.083197370 -4.076135159 -0.000651786 0.999985099 0.005410533 -0.576647401 0.083202086 -0.005337546 0.996518493 64.721809387
0.996461272 0.001366066 -0.084043398 -4.158538342 -0.000913663 0.999984920 0.005421190 -0.584437430 0.084049530 -0.005325217 0.996447384 65.609336853
0.996315181 0.003714872 -0.085686520 -4.248661518 -0.003209307 0.999976635 0.006037170 -0.593799114 0.085706957 -0.005739928 0.996303856 66.507255554
0.996177614 0.004366086 -0.087241083 -4.322870255 -0.003806404 0.999971151 0.006580684 -0.602125049 0.087267317 -0.006223455 0.996165454 67.365234375
0.996060908 0.003952414 -0.088583246 -4.399981499 -0.003317842 0.999967813 0.007309661 -0.616554916 0.088609293 -0.006986960 0.996042013 68.208747864
0.995947123 0.003944093 -0.089853898 -4.477341652 -0.003217983 0.999961019 0.008224443 -0.619616628 0.089882828 -0.007901961 0.995921016 69.046012878
0.995816529 0.006870683 -0.091116421 -4.559690475 -0.005892250 0.999922156 0.011002934 -0.629536450 0.091184936 -0.010420022 0.995779395 69.870208740
0.995709836 0.008031492 -0.092181779 -4.640712738 -0.006662485 0.999863088 0.015149320 -0.633090973 0.092290819 -0.014470165 0.995626986 70.668998718
0.995520592 0.011646356 -0.093825541 -4.719372749 -0.010105520 0.999806464 0.016880795 -0.637536883 0.094003983 -0.015857026 0.995445430 71.459152222
0.995360970 0.014151920 -0.095163740 -4.804943085 -0.012989034 0.999833345 0.012828262 -0.642447054 0.095329434 -0.011532666 0.995378911 72.243972778
0.995251596 0.014245186 -0.096287228 -4.883622646 -0.013768920 0.999889493 0.005608977 -0.648235917 0.096356504 -0.004256572 0.995337725 72.988922119
0.995078564 0.013131350 -0.098214969 -4.949422836 -0.013230188 0.999912441 -0.000355120 -0.655236125 0.098201707 0.001652775 0.995165169 73.718872070
0.995047987 0.014032906 -0.098400846 -5.030377388 -0.014261615 0.999897003 -0.001621264 -0.661557555 0.098367959 0.003016590 0.995145619 74.429687500
0.994916499 0.016666412 -0.099313878 -5.105441093 -0.016531872 0.999860883 0.002177548 -0.673942626 0.099336356 -0.000524634 0.995053768 75.128410339
0.994791508 0.017077263 -0.100488722 -5.177428722 -0.016708840 0.999850154 0.004506881 -0.689360619 0.100550622 -0.002804357 0.994928002 75.798484802
0.994751990 0.013675280 -0.101397596 -5.246795654 -0.013622581 0.999906480 0.001212185 -0.700619400 0.101404704 0.000175474 0.994845212 76.451446533
0.994805992 0.006043938 -0.101609416 -5.294874191 -0.006449226 0.999972522 -0.003660643 -0.715628147 0.101584502 0.004296933 0.994817674 77.076713562
0.994949579 0.001813163 -0.100358970 -5.356044769 -0.002692541 0.999959171 -0.008627564 -0.724713862 0.100339212 0.008854213 0.994913876 77.701011658
0.995251477 0.004156974 -0.097248621 -5.413876534 -0.005034833 0.999948800 -0.008783295 -0.737173617 0.097207136 0.009231220 0.995221376 78.290710449
0.995630205 0.009014976 -0.092948511 -5.479454994 -0.009606211 0.999936521 -0.005915428 -0.746764183 0.092889272 0.006782463 0.995653331 78.875411987
0.996060014 0.007499004 -0.088363148 -5.527172089 -0.007804926 0.999964774 -0.003117098 -0.751489699 0.088336647 0.003794485 0.996083438 79.456558228
0.996547580 0.003972298 -0.082928613 -5.555739403 -0.003871092 0.999991536 0.001381172 -0.769877493 0.082933396 -0.001055379 0.996554494 79.996879578
0.997225285 -0.000435599 -0.074441671 -5.592410564 0.000806470 0.999987483 0.004952047 -0.781912684 0.074438579 -0.004998342 0.997213066 80.543510437
0.997947991 0.003049227 -0.063958406 -5.617365360 -0.002767846 0.999986053 0.004487580 -0.785371900 0.063971199 -0.004301344 0.997942507 81.072326660
0.998763204 0.008225469 -0.049035259 -5.640851974 -0.008020947 0.999958277 0.004366238 -0.795263350 0.049069144 -0.003967528 0.998787522 81.588996887
0.999429703 0.013347381 -0.031016570 -5.653295517 -0.013198632 0.999900520 0.004995517 -0.802201509 0.031080160 -0.004583292 0.999506354 82.082252502
0.999890029 0.011885490 -0.008859059 -5.643208504 -0.011836135 0.999914229 0.005602826 -0.806544304 0.008924890 -0.005497354 0.999945045 82.577690125
0.999813199 0.008464688 0.017368734 -5.611435413 -0.008577715 0.999942482 0.006443396 -0.809172750 -0.017313201 -0.006591178 0.999828398 83.050178528
0.998860955 0.007515054 0.047118284 -5.573873043 -0.007903364 0.999936223 0.008060325 -0.815980017 -0.047054715 -0.008423538 0.998856843 83.519531250
0.996765196 0.007062277 0.080057696 -5.514214516 -0.007885741 0.999919295 0.009974409 -0.825383782 -0.079980776 -0.010573459 0.996740401 83.969482422
0.993007958 0.006826629 0.117849894 -5.438943863 -0.008115637 0.999912322 0.010461283 -0.827759445 -0.117768139 -0.011344564 0.992976427 84.420684814
0.987247288 0.007244082 0.159029096 -5.335111618 -0.008964363 0.999908864 0.010102691 -0.826208591 -0.158941433 -0.011399450 0.987222254 84.857528687
0.978883564 0.006999969 0.204299062 -5.218860626 -0.009235433 0.999907494 0.009990697 -0.830122232 -0.204210237 -0.011666518 0.978857636 85.282531738
0.967366219 0.008950182 0.253223985 -5.096082687 -0.011399101 0.999901354 0.008205409 -0.839274287 -0.253125548 -0.010824162 0.967372775 85.669479370
0.951903999 0.009813898 0.306239069 -4.936109543 -0.012224630 0.999907613 0.005955104 -0.851666808 -0.306152254 -0.009412348 0.951935947 86.059135437
0.932154357 0.010255680 0.361915618 -4.752279282 -0.012373489 0.999917269 0.003534446 -0.854208469 -0.361849427 -0.007772809 0.932204068 86.432830811
0.907909274 0.011027684 0.419021666 -4.553344727 -0.012816764 0.999916911 0.001455033 -0.854620337 -0.418970764 -0.006691538 0.907975137 86.781059265
0.878544331 0.011632599 0.477519214 -4.339859009 -0.012912938 0.999916553 -0.000601102 -0.857651472 -0.477486312 -0.005638083 0.878621042 87.116912842
0.845821202 0.009726981 0.533377767 -4.081718445 -0.009682523 0.999948978 -0.002881262 -0.865339100 -0.533378601 -0.002727411 0.845872223 87.423011780
0.808448315 0.009528641 0.588490009 -3.824291229 -0.009099059 0.999951780 -0.003690911 -0.876313329 -0.588496864 -0.002370795 0.808496118 87.722244263
0.768644452 0.007744953 0.639629245 -3.538616180 -0.007869499 0.999965549 -0.002651283 -0.885626793 -0.639627755 -0.002995668 0.768679023 87.996154785
0.725991666 0.007539716 0.687662125 -3.242527008 -0.009459940 0.999954820 -0.000976551 -0.888364911 -0.687638402 -0.005796276 0.726030171 88.250747681
0.681259811 0.006589358 0.732012033 -2.925773621 -0.008475176 0.999963462 -0.001113807 -0.887958348 -0.731992662 -0.005445139 0.681290805 88.478965759
0.635783136 0.005076685 0.771850944 -2.593936920 -0.005114835 0.999984086 -0.002364030 -0.896152914 -0.771850705 -0.002444881 0.635798991 88.677169800
0.589776099 0.002678993 0.807562172 -2.251636505 0.000515055 0.999993026 -0.003693513 -0.901212990 -0.807566643 0.002594284 0.589770794 88.854896545
0.543498755 0.004826952 0.839396000 -1.905998230 -0.001220422 0.999986947 -0.004960223 -0.907120287 -0.839409113 0.001671458 0.543497682 89.026702881
0.496262014 0.007517192 0.868140161 -1.561008453 -0.005251402 0.999970198 -0.005656801 -0.917021573 -0.868156910 -0.001751698 0.496286869 89.186912537
0.450309157 0.009861346 0.892818093 -1.212123871 -0.005918956 0.999949992 -0.008059304 -0.920544744 -0.892853081 -0.001655373 0.450345099 89.338676453
0.408216476 0.007675348 0.912852764 -0.846763611 0.000782655 0.999961376 -0.008757757 -0.926090240 -0.912884831 0.004289510 0.408194780 89.452224731
0.368401885 -0.000190605 0.929666758 -0.472867966 0.016113264 0.999851048 -0.006180259 -0.932645321 -0.929526925 0.017256783 0.368350089 89.548019409
0.333419770 -0.003573559 0.942771792 -0.098184586 0.020307135 0.999788105 -0.003392126 -0.932887912 -0.942559719 0.020275997 0.333421648 89.636260986
0.299937099 0.000346035 0.953958929 0.274620056 0.017281249 0.999833882 -0.005796126 -0.942397773 -0.953802347 0.018224074 0.299881309 89.739517212
0.268806905 0.008430110 0.963157177 0.643989563 0.006753657 0.999920666 -0.010636760 -0.949472606 -0.963170350 0.009364068 0.268728644 89.841049194
0.240615770 0.012369397 0.970541656 1.028667450 0.001611866 0.999912441 -0.013143332 -0.970138907 -0.970619082 0.004726877 0.240574732 89.925682068
0.214945436 0.013912137 0.976527035 1.426902771 0.002614273 0.999886751 -0.014820369 -0.985398531 -0.976622581 0.005738479 0.214884728 89.991210938
0.191643044 0.015330684 0.981344998 1.839797974 0.009975448 0.999795914 -0.017566996 -0.993995905 -0.981413960 0.013155947 0.191450983 90.045173645
0.171714276 0.021452252 0.984913170 2.255706787 0.016797144 0.999553800 -0.024699626 -0.993622720 -0.985003591 0.020785008 0.171277329 90.087547302
0.152052373 0.028444452 0.987963021 2.689657211 0.018980296 0.999317467 -0.031692520 -0.992222011 -0.988190174 0.023570759 0.151408702 90.145248413
0.134185240 0.029220035 0.990525424 3.137106895 0.017052064 0.999349177 -0.031790350 -1.003069639 -0.990809500 0.021156302 0.133599669 90.204627991
0.118655220 0.024669802 0.992628932 3.606000900 0.015256348 0.999528050 -0.026664946 -1.026357293 -0.992818236 0.018307827 0.118222833 90.258407593
0.104110904 0.021384791 0.994335890 4.073929787 0.014788649 0.999624968 -0.023046970 -1.047950745 -0.994455695 0.017104330 0.103755623 90.297363281
0.090963215 0.018910464 0.995674729 4.562312126 0.017437754 0.999636173 -0.020578787 -1.061740279 -0.995701551 0.019234242 0.090600386 90.329147339
0.079180464 0.018349890 0.996691346 5.074410439 0.020687927 0.999584973 -0.020046677 -1.074779868 -0.996645629 0.022206785 0.078767978 90.359519958
0.069303438 0.018887995 0.997416854 5.593354702 0.023867479 0.999503195 -0.020585883 -1.089639902 -0.997310102 0.025232499 0.068818212 90.382949829
0.061546337 0.019287610 0.997917831 6.126350403 0.025888445 0.999446094 -0.020913810 -1.107546449 -0.997768402 0.027121706 0.061012913 90.407928467
0.056088302 0.019428769 0.998236775 6.687572479 0.028006485 0.999386668 -0.021024758 -1.120468259 -0.998032868 0.029136345 0.055509768 90.431549072
0.050637670 0.020490162 0.998506904 7.259997845 0.028792428 0.999344110 -0.021967502 -1.135150671 -0.998301923 0.029861821 0.050014496 90.453117371
0.044491116 0.021327458 0.998782098 7.855001450 0.029448550 0.999309659 -0.022650519 -1.151288748 -0.998575628 0.030420430 0.043832328 90.482437134
0.039894879 0.021098476 0.998981178 8.468393326 0.031522024 0.999252915 -0.022363065 -1.170201659 -0.998706520 0.032382078 0.039200000 90.500640869
0.037242521 0.021155071 0.999082208 9.101330757 0.033214964 0.999197245 -0.022395646 -1.186974287 -0.998754025 0.034018554 0.036509961 90.519882202
0.034177266 0.020604579 0.999203324 9.748177528 0.033907060 0.999187946 -0.021764034 -1.203994870 -0.998840332 0.034623891 0.033450875 90.540924072
0.031661946 0.020015219 0.999298155 10.417200089 0.035820976 0.999134481 -0.021146899 -1.221827388 -0.998856485 0.036465392 0.030917581 90.558807373
0.030951204 0.019597527 0.999328673 11.104870796 0.040680766 0.998954654 -0.020850156 -1.238053679 -0.998692632 0.041298795 0.030121606 90.573417664
0.032289948 0.019097859 0.999295950 11.813523293 0.044388290 0.998803556 -0.020522753 -1.257309914 -0.998492420 0.045019727 0.031403597 90.584236145
0.034873750 0.019446004 0.999202430 12.562000275 0.045638856 0.998736560 -0.021029804 -1.269719720 -0.998349130 0.046335842 0.033942204 90.603492737
0.038647696 0.019664181 0.999059379 13.299221039 0.048137411 0.998608887 -0.021517467 -1.285974026 -0.998092830 0.048923738 0.037647359 90.633987427
0.043066308 0.018841207 0.998894513 14.053400040 0.048988093 0.998579621 -0.020947339 -1.306466937 -0.997870445 0.049836054 0.042082153 90.660934448
0.047000531 0.016938936 0.998751163 14.829700470 0.050459184 0.998539448 -0.019309917 -1.330981970 -0.997619629 0.051303744 0.046077166 90.698318481
0.051128704 0.015396104 0.998573303 15.627948761 0.050340567 0.998570323 -0.017973581 -1.352096081 -0.997422516 0.051187728 0.050280560 90.739822388
0.055215038 0.013469853 0.998383522 16.433366776 0.047350142 0.998748660 -0.016093452 -1.368449926 -0.997351050 0.048162222 0.054508150 90.788475037
0.059414025 0.012297996 0.998157501 17.249359131 0.046665613 0.998796642 -0.015083578 -1.386873960 -0.997142136 0.047475815 0.058768626 90.838294983
0.063404143 0.013187415 0.997900784 18.073419571 0.043737900 0.998915255 -0.015979819 -1.409892201 -0.997029006 0.044659272 0.062758580 90.898956299
0.067026332 0.016998369 0.997606337 18.909715652 0.041836660 0.998927653 -0.019831771 -1.436669588 -0.996873617 0.043065775 0.066243306 90.950653076
0.067996211 0.022124400 0.997440279 19.738061905 0.036289673 0.999037683 -0.024633728 -1.461187005 -0.997025311 0.037871785 0.067127898 91.026840210
0.067451261 0.025671752 0.997392178 20.578233719 0.032820657 0.999070883 -0.027934534 -1.487628460 -0.997182548 0.034619298 0.066546038 91.098922729
0.068135329 0.025161937 0.997358620 21.412654877 0.030355545 0.999166727 -0.027281312 -1.517412663 -0.997214198 0.032134194 0.067314759 91.147575378
0.067976452 0.023275770 0.997415245 22.255180359 0.027687622 0.999298751 -0.025206698 -1.550368071 -0.997302711 0.029329522 0.067284338 91.213539124
0.067439571 0.022251613 0.997475088 23.099231720 0.028618937 0.999296725 -0.024227183 -1.583578825 -0.997312725 0.030180547 0.066755310 91.283744812
0.067858949 0.021578070 0.997461498 23.934810638 0.025961353 0.999389291 -0.023385970 -1.613663793 -0.997357070 0.027482394 0.067257330 91.346084595
0.068059422 0.022025924 0.997438014 24.766973495 0.024305819 0.999422908 -0.023728244 -1.642997622 -0.997385144 0.025858477 0.067484781 91.404228210
0.068008676 0.022378841 0.997433722 25.610565186 0.021348394 0.999486864 -0.023880517 -1.679877996 -0.997456312 0.022917693 0.067496039 91.475151062
0.067006163 0.023662522 0.997471988 26.439762115 0.018302167 0.999521434 -0.024940606 -1.710991025 -0.997584641 0.019927070 0.066541024 91.532524109
0.064078614 0.023372961 0.997671127 27.264003754 0.015553480 0.999580920 -0.024416678 -1.739562035 -0.997823656 0.017081842 0.063688211 91.590568542
0.060141407 0.022116343 0.997944772 28.094141006 0.012999085 0.999652386 -0.022937577 -1.771010041 -0.998105228 0.014351865 0.059833001 91.645545959
0.055762939 0.019660257 0.998250365 28.920780182 0.011053579 0.999732673 -0.020306911 -1.798572183 -0.998382807 0.012166611 0.055530723 91.685859680
0.049283870 0.017560670 0.998630345 29.750366211 0.009118371 0.999795794 -0.018031172 -1.826193810 -0.998743176 0.009994528 0.049113683 91.734931946
0.042170573 0.018024879 0.998947799 30.576675415 0.008701585 0.999792695 -0.018407464 -1.852653742 -0.999072671 0.009468683 0.042004991 91.765701294
0.033670250 0.018785637 0.999256372 31.394771576 0.008251021 0.999783993 -0.019073574 -1.878620625 -0.999399006 0.008887096 0.033507973 91.788688660
0.023258338 0.019313736 0.999542832 32.217311859 0.008609483 0.999772549 -0.019518500 -1.902966976 -0.999692440 0.009059516 0.023086768 91.816184998
0.013310364 0.018357089 0.999742866 33.015636444 0.010164802 0.999777436 -0.018493053 -1.930030704 -0.999859750 0.010408338 0.013120803 91.817474365
0.002577442 0.017503658 0.999843478 33.824367523 0.008716084 0.999808490 -0.017525513 -1.956856966 -0.999958694 0.008759891 0.002424384 91.816604614
-0.008400811 0.016400436 0.999830186 34.624561310 0.010832877 0.999808311 -0.016309056 -1.980795622 -0.999906063 0.010694030 -0.008576863 91.805229187
-0.019767931 0.016978914 0.999660373 35.424797058 0.010207023 0.999807298 -0.016779564 -2.005384445 -0.999752522 0.009871861 -0.019937424 91.798645020
-0.030858815 0.017643768 0.999367893 36.208675385 0.010001940 0.999799728 -0.017342545 -2.030092239 -0.999473810 0.009460447 -0.031029101 91.775276184
-0.041281886 0.018441627 0.998977184 37.005096436 0.010684530 0.999780655 -0.018014926 -2.057693958 -0.999090433 0.009929914 -0.041469876 91.735542297
-0.051477473 0.019644456 0.998480856 37.778808594 0.010984667 0.999757111 -0.019103242 -2.078907013 -0.998613834 0.009984594 -0.051680762 91.689033508
-0.060807105 0.020507993 0.997938812 38.565734863 0.011957411 0.999732137 -0.019816248 -2.102896452 -0.998077869 0.010727796 -0.061036054 91.631103516
-0.070094183 0.020810230 0.997323275 39.331703186 0.012830764 0.999718428 -0.019958433 -2.130112171 -0.997457802 0.011397448 -0.070341460 91.568069458
-0.079739451 0.021228842 0.996589661 40.088497162 0.012306828 0.999718010 -0.020310782 -2.156620979 -0.996739686 0.010645286 -0.079978220 91.510574341
-0.088598557 0.020666182 0.995853007 40.859260559 0.013795123 0.999714375 -0.019518996 -2.180962086 -0.995971859 0.012008560 -0.088858314 91.445114136
-0.095843635 0.019549316 0.995204508 41.598281860 0.015607896 0.999713838 -0.018134769 -2.205192566 -0.995274067 0.013794944 -0.096121311 91.366561890
-0.100997202 0.017788863 0.994727731 42.331829071 0.018203821 0.999705851 -0.016029604 -2.230989933 -0.994720161 0.016488899 -0.101291306 91.284637451
-0.104360178 0.016253075 0.994406700 43.075801849 0.021632155 0.999666929 -0.014068820 -2.253678322 -0.994304240 0.020042937 -0.104677029 91.197555542
-0.106936455 0.015454883 0.994145632 43.787597656 0.023041263 0.999649167 -0.013061977 -2.271156073 -0.993998766 0.021509571 -0.107255049 91.113243103
-0.108570307 0.014223222 0.993986964 44.499496460 0.023357268 0.999658048 -0.011753125 -2.294777870 -0.993814349 0.021940781 -0.108865418 91.037841797
-0.109215647 0.015022865 0.993904531 45.188236237 0.024784392 0.999616146 -0.012385750 -2.313039541 -0.993709028 0.023280606 -0.109546065 90.956893921
-0.108449399 0.015901325 0.993974745 45.865646362 0.025381606 0.999590337 -0.013221862 -2.330246449 -0.993777871 0.023794774 -0.108808585 90.888648987
-0.105304129 0.017477676 0.994286478 46.520854950 0.026640976 0.999536276 -0.014748434 -2.351235390 -0.994083166 0.024935693 -0.105720915 90.815803528
-0.100252427 0.018421732 0.994791448 47.145191193 0.026454806 0.999524474 -0.015843336 -2.363302469 -0.994610310 0.024728682 -0.100692093 90.755996704
-0.092409261 0.018801650 0.995543599 47.764732361 0.025592916 0.999536157 -0.016501449 -2.390968561 -0.995392084 0.023953980 -0.092847601 90.708930969
-0.081100918 0.018695138 0.996530592 48.360946655 0.024755038 0.999553442 -0.016737206 -2.411852837 -0.996398389 0.023311751 -0.081527509 90.665962219
-0.067416325 0.018835323 0.997547150 48.934543610 0.024252526 0.999557197 -0.017234245 -2.433131695 -0.997430146 0.023031166 -0.067843273 90.635353088
-0.050147124 0.020291559 0.998535633 49.484279633 0.023244213 0.999546409 -0.019144762 -2.454553604 -0.998471379 0.022250120 -0.050596032 90.618774414
-0.029229887 0.022567084 0.999317884 50.034156799 0.021473842 0.999528527 -0.021943735 -2.481761456 -0.999341965 0.020817788 -0.029700710 90.623275757
-0.004439361 0.025515344 0.999664485 50.567588806 0.019779595 0.999481082 -0.025422823 -2.502228022 -0.999794424 0.019660102 -0.004941741 90.635231018
0.023765218 0.027139068 0.999349058 51.092109680 0.017559737 0.999465883 -0.027559824 -2.526993513 -0.999563217 0.018203270 0.023275970 90.667175293
0.056596123 0.026679257 0.998040557 51.617706299 0.015481170 0.999499261 -0.027596144 -2.546774387 -0.998277009 0.017012672 0.056154750 90.722122192
0.094758637 0.023913231 0.995212853 52.159523010 0.014291842 0.999575734 -0.025378849 -2.576313972 -0.995397687 0.016628290 0.094376691 90.794731140
0.137009338 0.020219419 0.990363240 52.664798737 0.012166579 0.999681950 -0.022092823 -2.598291874 -0.990494967 0.015076255 0.136719763 90.887680054
0.182039663 0.015846102 0.983163416 53.169166565 0.009121334 0.999799907 -0.017803116 -2.618885994 -0.983248830 0.012208639 0.181858718 91.008857727
0.230138034 0.012967052 0.973071516 53.664730072 0.005242661 0.999880135 -0.014564223 -2.629630566 -0.973143816 0.008453269 0.230042487 91.157417297
0.282158285 0.011104531 0.959303439 54.125740051 0.001536942 0.999926507 -0.012026818 -2.650215626 -0.959366560 0.004867865 0.282120496 91.317848206
0.336957693 0.010627769 0.941459775 54.595348358 0.001431396 0.999929368 -0.011800120 -2.665943623 -0.941518724 0.005323743 0.336918652 91.512893677
0.396023005 0.011504930 0.918168485 55.041847229 0.003591286 0.999894500 -0.014077969 -2.678204775 -0.918233573 0.008872605 0.395939946 91.719757080
0.454998523 0.014609795 0.890372336 55.462898254 0.004501767 0.999814987 -0.018706094 -2.691625118 -0.890480816 0.012519492 0.454848468 91.980766296
0.512573779 0.017156640 0.858471811 55.833221436 0.005719469 0.999709964 -0.023394257 -2.721631050 -0.858624101 0.016901283 0.512326837 92.271682739
0.571420014 0.021237176 0.820382953 56.205211639 0.001804387 0.999630094 -0.027134135 -2.734710217 -0.820655882 0.016985273 0.571170211 92.564208984
0.628027081 0.023647897 0.777832091 56.567169189 -0.001668491 0.999576807 -0.029042296 -2.753317356 -0.778189719 0.016941544 0.627800643 92.889022827
0.680201411 0.024200227 0.732625604 56.882041931 -0.002419549 0.999523520 -0.030770030 -2.769354343 -0.733021200 0.019157195 0.679935873 93.239433289
0.726419926 0.023948317 0.686833739 57.119590759 -0.003529598 0.999509692 -0.031117575 -2.772757530 -0.687242031 0.020180177 0.726148188 93.596694946
0.771720111 0.020825442 0.635621309 57.389293671 -0.005413938 0.999642670 -0.026179040 -2.782257318 -0.635939240 0.016761675 0.771557152 93.983764648
0.813312829 0.014287603 0.581651211 57.643825531 -0.004766569 0.999828637 -0.017894644 -2.810073853 -0.581807017 0.011781462 0.813241601 94.392425537
0.848869681 0.013977061 0.528417647 57.843963623 -0.008052830 0.999876380 -0.013511157 -2.798676729 -0.528541028 0.007213946 0.848877132 94.828727722
0.880963802 0.009042818 0.473097324 58.059314728 -0.007885357 0.999959230 -0.004429815 -2.827967167 -0.473117888 0.000171965 0.880999088 95.257827759
0.905942261 0.009084606 0.423303604 58.204174042 -0.010021874 0.999949813 -0.000011599 -2.832680941 -0.423282415 -0.004231787 0.905987918 95.685485840
0.925987720 0.010899054 0.377396286 58.346511841 -0.013120033 0.999908507 0.003314637 -2.839897633 -0.377325535 -0.008020763 0.926046014 96.140846252
0.941062868 0.017829621 0.337761104 58.466522217 -0.020736724 0.999772489 0.005000575 -2.837252855 -0.337595046 -0.011709915 0.941218615 96.605590820
0.952831626 0.021035494 0.302769244 58.579353333 -0.023504065 0.999713600 0.004511524 -2.842859268 -0.302587569 -0.011415030 0.953053355 97.071403503
0.961980224 0.023621576 0.272095859 58.686676025 -0.025797766 0.999657393 0.004422910 -2.841757536 -0.271898150 -0.011274216 0.962260067 97.552001953
0.967961192 0.018288363 0.250432521 58.801628113 -0.019914599 0.999793828 0.003961014 -2.839669704 -0.250308394 -0.008821371 0.968125999 98.053352356
0.971912801 0.014953400 0.234865591 58.914867401 -0.016721286 0.999844909 0.005537423 -2.855405807 -0.234746322 -0.009309147 0.972012103 98.537887573
0.974866450 0.018617325 0.222010568 59.016757965 -0.020219859 0.999783337 0.004947383 -2.853928566 -0.221870333 -0.009312059 0.975031734 99.050918579
0.976879895 0.024470646 0.212383673 59.106632233 -0.026218509 0.999641597 0.005416885 -2.853498936 -0.212175027 -0.010860029 0.977171361 99.540924072
0.977957249 0.032020133 0.206335485 59.201713562 -0.033598393 0.999426782 0.004148638 -2.850533247 -0.206084386 -0.010989730 0.978472531 100.062812805
0.978392124 0.037652776 0.203300640 59.302200317 -0.038599096 0.999254584 0.000690301 -2.856499434 -0.203123093 -0.008522604 0.979116142 100.588760376
0.978441179 0.038633049 0.202880085 59.403293610 -0.039105140 0.999233723 -0.001682626 -2.862152338 -0.202789575 -0.006287301 0.979202211 101.139091492
0.977987528 0.037127290 0.205333889 59.521163940 -0.036799040 0.999308050 -0.005418527 -2.867079973 -0.205392957 -0.002256836 0.978676975 101.695800781
0.977147222 0.036960483 0.209325999 59.641479492 -0.035473991 0.999311805 -0.010852613 -2.889920235 -0.209583029 0.003178971 0.977785707 102.280151367
0.976323426 0.036550384 0.213205457 59.780269623 -0.033768602 0.999290466 -0.016675824 -2.878182888 -0.213663712 0.009081347 0.976865053 102.846679688
0.975166380 0.041162297 0.217614412 59.905822754 -0.038512036 0.999123454 -0.016407765 -2.884845257 -0.218099028 0.007619523 0.975896835 103.435325623
0.973726153 0.044460241 0.223339558 60.035964966 -0.042786356 0.999008119 -0.012330768 -2.896994591 -0.223666266 0.002450904 0.974662721 104.048912048
0.972786307 0.041380614 0.227978483 60.186279297 -0.040723599 0.999141693 -0.007587198 -2.908480883 -0.228096768 -0.001903384 0.973636508 104.654975891
0.972039878 0.037352964 0.231825978 60.340957642 -0.037934098 0.999278307 -0.001952117 -2.923197031 -0.231731609 -0.006896575 0.972755313 105.310585022
0.971264482 0.034777671 0.235448569 60.496810913 -0.036445577 0.999331892 0.002734612 -2.931289673 -0.235196188 -0.011237092 0.971882999 105.947059631
0.970696688 0.030209543 0.238401830 60.658294678 -0.031935409 0.999484241 0.003379306 -2.934292793 -0.238176823 -0.010893742 0.971160769 106.587150574
0.970603824 0.026997343 0.239164412 60.819377899 -0.027829908 0.999612629 0.000104223 -2.939280033 -0.239069015 -0.006757082 0.970979035 107.245513916
0.970824122 0.026366949 0.238338590 60.990158081 -0.025504934 0.999652267 -0.006700492 -2.951479673 -0.238432378 0.000426191 0.971159160 107.910034180
0.970971167 0.028658163 0.237473384 61.150730133 -0.026277935 0.999567747 -0.013183223 -2.959404707 -0.237748563 0.006560220 0.971304536 108.584579468
0.971497357 0.031547274 0.234941870 61.311279297 -0.028417537 0.999456704 -0.016695950 -2.968773842 -0.235340953 0.009543600 0.971866131 109.279960632
0.972119570 0.029971315 0.232562155 61.479431152 -0.027765367 0.999533117 -0.012753868 -2.976254463 -0.232835874 0.005941110 0.972497821 109.992645264
0.972555876 0.025790054 0.231235519 61.651634216 -0.025243856 0.999667287 -0.005321021 -2.985984564 -0.231295809 -0.000662287 0.972883165 110.715072632
0.973131955 0.026377825 0.228732094 61.820457458 -0.027301002 0.999626935 0.000872159 -3.001301050 -0.228623748 -0.007093342 0.973489046 111.445167542
0.973452806 0.029636091 0.226960942 61.984252930 -0.030453201 0.999536157 0.000098748 -3.009991407 -0.226852745 -0.007007815 0.973903894 112.191581726
0.973793805 0.035173755 0.224695995 62.143608093 -0.035082057 0.999374807 -0.004401818 -3.016794205 -0.224710301 -0.003596334 0.974419117 112.936828613
0.974585235 0.036350273 0.221048042 62.307617188 -0.035044048 0.999337435 -0.009829480 -3.022778749 -0.221258894 0.001833248 0.975213408 113.699211121
0.975593507 0.034627829 0.216836810 62.479610443 -0.032656386 0.999386370 -0.012669555 -3.031076193 -0.217142478 0.005279229 0.976125717 114.465217590
0.976502538 0.032634031 0.213020280 62.647121429 -0.030989639 0.999458611 -0.011054782 -3.044767380 -0.213265717 0.004193600 0.976985276 115.240730286
0.977333188 0.028876724 0.209728226 62.821971893 -0.027572308 0.999577999 -0.009141402 -3.061326027 -0.209903702 0.003151503 0.977716982 116.046470642
0.977752924 0.028226653 0.207851753 62.994331360 -0.027527638 0.999601483 -0.006255306 -3.074703932 -0.207945481 0.000394478 0.978140354 116.848297119
0.978098691 0.024971984 0.206638336 63.167251587 -0.024702102 0.999687314 -0.003886419 -3.086990833 -0.206670776 -0.001303101 0.978409648 117.658271790
0.978234112 0.020229165 0.206515670 63.338729858 -0.020071354 0.999794483 -0.002859450 -3.095877647 -0.206531078 -0.001347839 0.978439152 118.503562927
0.978364348 0.020713709 0.205849439 63.510715485 -0.020933164 0.999780238 -0.001111946 -3.104427338 -0.205827221 -0.003221193 0.978583157 119.328079224
0.978124678 0.026012858 0.206386358 63.674751282 -0.025927166 0.999658942 -0.003120288 -3.114976883 -0.206397161 -0.002298982 0.978465617 120.172126770
0.977870643 0.031862151 0.206769720 63.848014832 -0.031253081 0.999492228 -0.006212235 -3.132856846 -0.206862658 -0.000387427 0.978369951 121.009635925
0.977398932 0.040330160 0.207520425 64.011856079 -0.039499961 0.999186337 -0.008144401 -3.136709213 -0.207680047 -0.000236721 0.978196800 121.832847595
0.976477623 0.046267044 0.210596398 64.177909851 -0.045732897 0.998926163 -0.007408584 -3.150302172 -0.210713029 -0.002396865 0.977545023 122.689445496
0.975742877 0.048504312 0.213478178 64.355690002 -0.048476677 0.998809874 -0.005367341 -3.167274475 -0.213484436 -0.005111568 0.976933062 123.542839050
0.975095034 0.050071578 0.216061145 64.535400391 -0.049938239 0.998733759 -0.006079980 -3.185185909 -0.216092020 -0.004861156 0.976360917 124.401710510
0.974800527 0.047864757 0.217882469 64.733070374 -0.046983615 0.998853028 -0.009226102 -3.189388752 -0.218074173 -0.001243297 0.975931406 125.273559570
0.974807143 0.041765120 0.219104171 64.925651550 -0.041122176 0.999125957 -0.007496123 -3.218237400 -0.219225749 -0.001702764 0.975672662 126.106384277
0.975064635 0.034834206 0.219170526 65.131217957 -0.033698950 0.999392152 -0.008917208 -3.237375736 -0.219347954 0.001309038 0.975645781 126.958618164
0.974750698 0.033993598 0.220693097 65.326232910 -0.032832768 0.999421060 -0.008927119 -3.257234335 -0.220868766 0.001455751 0.975302398 127.821334839
0.974286139 0.036658447 0.222312033 65.515495300 -0.036222562 0.999325514 -0.006039199 -3.272627831 -0.222383484 -0.002168803 0.974956810 128.679580688
0.973923504 0.038960319 0.223506346 65.701560974 -0.039864842 0.999204993 -0.000465478 -3.285637379 -0.223346770 -0.008456704 0.974702299 129.530792236
0.973608851 0.042298350 0.224269226 65.895584106 -0.044282988 0.999011755 0.003824679 -3.300337791 -0.223885804 -0.013655052 0.974519670 130.387802124
0.973393977 0.041443389 0.225359157 66.086135864 -0.041957583 0.999116302 -0.002509367 -3.316298485 -0.225263983 -0.007012924 0.974272490 131.223327637
0.973668933 0.037331577 0.224888891 66.284805298 -0.034395646 0.999264419 -0.016960129 -3.333090305 -0.225356564 0.008778353 0.974236846 132.043579102
