0.999999940 0.000000000 0.000000000 -0.000000030 0.000000000 1.000000000 0.000000000 0.000000060 0.000000000 0.000000000 1.000000000 -0.000000003
0.999991059 -0.002562549 -0.003341303 -0.000094557 0.002555978 0.999994814 -0.001969623 -0.005504488 0.003346333 0.001961065 0.999992490 0.696421444
0.999972701 -0.001536256 -0.007221472 -0.009585951 0.001510536 0.999992490 -0.003565736 -0.007967945 0.007226897 0.003554730 0.999967575 1.399020791
0.999933243 -0.001661147 -0.011427128 -0.019040730 0.001604277 0.999986231 -0.004984152 -0.012401843 0.011435249 0.004965487 0.999922335 2.124872923
0.999865413 -0.000481314 -0.016396247 -0.035593167 0.000391992 0.999985099 -0.005450504 -0.018425938 0.016398627 0.005443343 0.999850690 2.871714354
0.999784291 -0.001734187 -0.020696323 -0.051820211 0.001613538 0.999981642 -0.005844817 -0.023550339 0.020706078 0.005810163 0.999768794 3.632707119
0.999686658 0.000454794 -0.025025189 -0.087037399 -0.000628704 0.999975681 -0.006941956 -0.034635346 0.025021426 0.006955515 0.999662697 4.414099693
0.999550223 0.003247700 -0.029810322 -0.118612006 -0.003487547 0.999961913 -0.007997322 -0.034023188 0.029783219 0.008097691 0.999523461 5.202117443
0.999414802 0.003315788 -0.034042757 -0.153294817 -0.003514000 0.999977171 -0.005764274 -0.051167563 0.034022860 0.005880528 0.999403715 6.023011208
0.999252200 0.002139032 -0.038603943 -0.184845746 -0.002264442 0.999992251 -0.003205187 -0.055120662 0.038596790 0.003290207 0.999249399 6.845617771
0.999135494 0.002246735 -0.041510757 -0.232403129 -0.002265943 0.999997318 -0.000415687 -0.067178644 0.041509710 0.000509388 0.999137938 7.677506447
0.999027908 0.003710980 -0.043924522 -0.275003433 -0.003766375 0.999992311 -0.001178444 -0.072157919 0.043919817 0.001342735 0.999034107 8.518733025
0.998926103 0.003236473 -0.046216235 -0.311620384 -0.003300991 0.999993801 -0.001319757 -0.079707235 0.046211682 0.001470899 0.998930573 9.360666275
0.998842180 0.000046650 -0.048105825 -0.357759237 -0.000127622 0.999998629 -0.001680144 -0.091317877 0.048105676 0.001684338 0.998840809 10.221119881
0.998753726 0.000067866 -0.049908388 -0.401014984 -0.000110909 0.999999642 -0.000859687 -0.098015755 0.049908303 0.000864151 0.998753488 11.075323105
0.998686433 -0.001403602 -0.051219214 -0.449798793 0.001332581 0.999998093 -0.001420744 -0.103431821 0.051221114 0.001350624 0.998686373 11.941899300
0.998595357 0.000377807 -0.052982520 -0.507067800 -0.000553037 0.999994338 -0.003292703 -0.119843341 0.052980982 0.003317379 0.998589993 12.842747688
0.998528242 0.001064325 -0.054224104 -0.557776451 -0.001411829 0.999978721 -0.006370761 -0.122506410 0.054216173 0.006437941 0.998508453 13.730334282
0.998452246 0.004884861 -0.055400275 -0.623288810 -0.005332678 0.999954224 -0.007938367 -0.135139510 0.055358957 0.008221513 0.998432636 14.615149498
0.998361468 0.005692466 -0.056937791 -0.678845465 -0.006107833 0.999956012 -0.007123755 -0.156735465 0.056894735 0.007459850 0.998352349 15.545247078
0.998313010 0.005062329 -0.057839438 -0.737524927 -0.005385598 0.999970794 -0.005434559 -0.173427433 0.057810232 0.005736891 0.998311162 16.454683304
0.998224914 0.005638155 -0.059289467 -0.792396247 -0.005887092 0.999974668 -0.004024836 -0.183402568 0.059265271 0.004366735 0.998232722 17.385507584
0.998136282 0.005194385 -0.060802136 -0.850458026 -0.005453743 0.999976695 -0.004100430 -0.195152670 0.060779430 0.004424388 0.998141408 18.328395844
0.998041451 0.004861553 -0.062367566 -0.905675948 -0.005166137 0.999975562 -0.004723364 -0.208728462 0.062343083 0.005036313 0.998042047 19.261045456
0.998026431 0.003454309 -0.062700607 -0.976938009 -0.003797263 0.999978423 -0.005351373 -0.223237783 0.062680781 0.005578902 0.998018026 20.207635880
0.997955382 0.003952667 -0.063790381 -1.035262585 -0.004206866 0.999983788 -0.003851087 -0.230933234 0.063774116 0.004111572 0.997955978 21.144868851
0.997966349 0.005332125 -0.063519455 -1.101568937 -0.005374024 0.999985516 -0.000488790 -0.241913974 0.063515924 0.000829152 0.997980475 22.098096848
0.998038888 0.006158684 -0.062292069 -1.165142059 -0.005949773 0.999976039 0.003538654 -0.254625082 0.062312379 -0.003161089 0.998051643 23.048561096
0.998107135 0.004646422 -0.061321706 -1.223976612 -0.004265456 0.999970853 0.006342009 -0.261888623 0.061349377 -0.006068440 0.998097897 24.012474060
0.998186469 0.004922159 -0.059994325 -1.278455496 -0.004519112 0.999966323 0.006851889 -0.263726771 0.060026027 -0.006568342 0.998175204 24.982627869
0.998267710 0.005204455 -0.058603920 -1.335520267 -0.004953822 0.999978006 0.004421198 -0.275189340 0.058625635 -0.004123225 0.998271585 25.949424744
0.998334408 0.005654472 -0.057412274 -1.400985718 -0.005688154 0.999983728 -0.000423251 -0.281666785 0.057408944 0.000749116 0.998350441 26.921840668
0.998408616 0.004785983 -0.056188095 -1.459978819 -0.004993421 0.999981284 -0.003552018 -0.285273314 0.056170043 0.003826937 0.998413861 27.900999069
0.998468161 0.002384285 -0.055276312 -1.516028285 -0.002533756 0.999993265 -0.002634146 -0.293185741 0.055269670 0.002770169 0.998467624 28.890130997
0.998453200 0.000468030 -0.055594821 -1.571328163 -0.000325923 0.999996662 0.002565163 -0.305930763 0.055595834 -0.002543077 0.998450041 29.889688492
0.998391867 -0.003179359 -0.056597330 -1.621392488 0.003533087 0.999974847 0.006150947 -0.314689159 0.056576349 -0.006341020 0.998378098 30.887172699
0.998305202 -0.010477168 -0.057244577 -1.672356963 0.010821339 0.999925196 0.005705555 -0.326980203 0.057180520 -0.006315348 0.998343885 31.883539200
0.998176277 -0.013246154 -0.058894351 -1.728697658 0.013380302 0.999908805 0.001884033 -0.334398150 0.058864024 -0.002668621 0.998262465 32.888130188
0.998101950 -0.012880872 -0.060219523 -1.791648626 0.012765413 0.999915898 -0.002301650 -0.336178720 0.060244117 0.001528554 0.998182416 33.891273499
0.997994602 -0.011801976 -0.062187657 -1.861079812 0.011660568 0.999928594 -0.002636393 -0.353407711 0.062214337 0.001905964 0.998060942 34.910335541
0.997941554 -0.011911964 -0.063012943 -1.923180819 0.011865412 0.999929070 -0.001113010 -0.364934802 0.063021742 0.000363045 0.998012066 35.927692413
0.997894228 -0.008872941 -0.064251579 -1.993670583 0.008999957 0.999958098 0.001687623 -0.378908873 0.064233892 -0.002262331 0.997932434 36.955532074
0.997838199 -0.008386415 -0.065180123 -2.065676451 0.008599718 0.999958634 0.002992604 -0.388850331 0.065152317 -0.003546666 0.997869074 37.981990814
0.997792006 -0.007002662 -0.066045567 -2.145417690 0.007401287 0.999955833 0.005792839 -0.401563138 0.066002086 -0.006268870 0.997799814 39.016643524
0.997792840 -0.007576617 -0.065969355 -2.215980768 0.008177759 0.999927402 0.008847154 -0.404752553 0.065897539 -0.009367108 0.997782409 40.045024872
0.997787178 -0.001429233 -0.066472240 -2.295067310 0.002180109 0.999934614 0.011224912 -0.411886245 0.066451862 -0.011344992 0.997725129 41.082756042
0.997775435 -0.001471825 -0.066647060 -2.365665436 0.002170997 0.999943376 0.010419446 -0.410742790 0.066627957 -0.010540960 0.997722268 42.093780518
0.997769535 -0.001953037 -0.066724047 -2.427474022 0.002561757 0.999955833 0.009038607 -0.418305069 0.066703454 -0.009189378 0.997730553 43.112110138
0.997768641 0.000228597 -0.066765927 -2.500696182 0.000230242 0.999976456 0.006864573 -0.425893307 0.066765927 -0.006864627 0.997744977 44.142719269
0.997719646 -0.000038664 -0.067494147 -2.575159073 0.000511070 0.999975562 0.006981967 -0.431662500 0.067492209 -0.007000540 0.997695208 45.156452179
0.997631729 -0.001560052 -0.068764299 -2.652308941 0.002095525 0.999968112 0.007715618 -0.430205971 0.068750069 -0.007841442 0.997603118 46.189414978
0.997568071 -0.001627017 -0.069678962 -2.716782331 0.002272015 0.999955297 0.009178462 -0.441701740 0.069660917 -0.009314451 0.997527182 47.193706512
0.997558177 0.000742656 -0.069834977 -2.791466713 -0.000361659 0.999984980 0.005468166 -0.447684258 0.069837995 -0.005429558 0.997543514 48.200889587
0.997498631 0.000894377 -0.070679843 -2.868215561 -0.000793405 0.999998629 0.001456642 -0.453955829 0.070681073 -0.001396921 0.997497976 49.191146851
0.997479737 0.001716737 -0.070929952 -2.941485167 -0.001675775 0.999998510 0.000637011 -0.468503237 0.070930943 -0.000516544 0.997481108 50.183471680
0.997456849 0.000329344 -0.071270265 -3.020802736 -0.000031423 0.999991238 0.004181229 -0.482836664 0.071271032 -0.004168357 0.997448206 51.216506958
0.997438610 -0.001427651 -0.071510926 -3.087807655 0.001961584 0.999970734 0.007396769 -0.490399122 0.071498290 -0.007518100 0.997412384 52.205581665
0.997398853 -0.003371009 -0.071999744 -3.153535843 0.003955998 0.999960303 0.007983813 -0.495959640 0.071969956 -0.008247877 0.997372627 53.197502136
0.997387409 -0.006586453 -0.071938157 -3.226159573 0.007086339 0.999952435 0.006695802 -0.506579638 0.071890645 -0.007188086 0.997386634 54.190574646
0.997339845 -0.009362650 -0.072287425 -3.296404839 0.009791636 0.999936521 0.005582354 -0.514955044 0.072230563 -0.006275317 0.997368276 55.160865784
0.997256041 -0.010825508 -0.073232770 -3.370752573 0.011358844 0.999911964 0.006870169 -0.525439501 0.073151931 -0.007683158 0.997291207 56.142040253
0.997111917 -0.014433240 -0.074561000 -3.432674885 0.015280943 0.999824643 0.010811257 -0.526930392 0.074391872 -0.011919394 0.997157872 57.130901337
0.997091413 -0.014974691 -0.074728660 -3.508098125 0.016200049 0.999743581 0.015818253 -0.529431880 0.074472629 -0.016982853 0.997078478 58.106483459
0.997045279 -0.013295428 -0.075656325 -3.581557274 0.014712542 0.999725997 0.018204499 -0.530228138 0.075393543 -0.019263808 0.996967733 59.075603485
0.996928811 -0.012703313 -0.077274360 -3.651950836 0.013873865 0.999796748 0.014630031 -0.536803007 0.077072792 -0.015657194 0.996902585 60.021259308
0.996846020 -0.010861775 -0.078612410 -3.732525349 0.011404565 0.999914050 0.006458951 -0.534111142 0.078535512 -0.007335120 0.996884346 61.000347137
0.996792376 -0.009320748 -0.079485498 -3.810115337 0.009464771 0.999954104 0.001435359 -0.535613000 0.079468466 -0.002183066 0.996835053 61.939861298
0.996733963 -0.004259652 -0.080641724 -3.889799118 0.004483772 0.999986529 0.002598335 -0.548876703 0.080629557 -0.002951426 0.996739745 62.857357025
0.996703267 -0.001616288 -0.081115268 -3.980354786 0.002015776 0.999986231 0.004843279 -0.560446620 0.081106320 -0.004990822 0.996692955 63.782669067
0.996604025 0.001145007 -0.082333028 -4.056196213 -0.000633296 0.999980330 0.006240976 -0.570236206 0.082338549 -0.006167641 0.996585310 64.675765991
0.996537209 0.001516187 -0.083132789 -4.139806747 -0.000992100 0.999979317 0.006345168 -0.578028142 0.083140701 -0.006240719 0.996518314 65.562347412
0.996385872 0.003541938 -0.084868550 -4.221864223 -0.002954886 0.999970853 0.007041815 -0.587458849 0.084891029 -0.006765586 0.996367216 66.459831238
0.996260107 0.004180301 -0.086303629 -4.296612263 -0.003531901 0.999964416 0.007664334 -0.595698655 0.086332597 -0.007330853 0.996239364 67.318946838
0.996126711 0.003797125 -0.087847129 -4.372729301 -0.003073506 0.999960244 0.008371049 -0.610798717 0.087875403 -0.008068628 0.996098757 68.164405823
0.996023536 0.003786495 -0.089010142 -4.452922344 -0.002968915 0.999952197 0.009315847 -0.612059534 0.089041151 -0.009014539 0.995987117 69.004119873
0.995897114 0.006455084 -0.090262316 -4.531276226 -0.005382903 0.999912024 0.012116903 -0.621386111 0.090332597 -0.011581313 0.995844424 69.818977356
0.995794594 0.007718350 -0.091287844 -4.611411095 -0.006247451 0.999846101 0.016387563 -0.625601888 0.091400295 -0.015748329 0.995689690 70.617622375
0.995597005 0.011156132 -0.093070880 -4.688035011 -0.009520791 0.999792755 0.017996470 -0.626839638 0.093252368 -0.017031120 0.995496809 71.405044556
0.995460570 0.013957792 -0.094145387 -4.778223038 -0.012711027 0.999823630 0.013829682 -0.631346345 0.094321802 -0.012570221 0.995462418 72.191200256
0.995336831 0.013734938 -0.095477678 -4.852962494 -0.013169318 0.999891877 0.006551723 -0.635773361 0.095557325 -0.005263798 0.995410025 72.934967041
0.995206177 0.013073844 -0.096919850 -4.929832458 -0.013075816 0.999914348 0.000614834 -0.640898466 0.096919566 0.000655419 0.995292068 73.669456482
0.995162308 0.013913354 -0.097253501 -5.007979870 -0.014047119 0.999901175 -0.000690838 -0.646210730 0.097234271 0.002053627 0.995259464 74.380592346
0.995035231 0.016516555 -0.098142758 -5.080495834 -0.016279586 0.999862373 0.003214855 -0.658128738 0.098182343 -0.001601169 0.995167196 75.080787659
0.994896412 0.016905930 -0.099474944 -5.148762703 -0.016427429 0.999849260 0.005627402 -0.674502611 0.099555083 -0.003964563 0.995024145 75.750389099
0.994861007 0.013528873 -0.100342028 -5.218293667 -0.013374253 0.999908090 0.002213492 -0.683666050 0.100362748 -0.000860117 0.994950533 76.405822754
0.994916618 0.005836488 -0.100532487 -5.266313553 -0.006143954 0.999977350 -0.002749032 -0.697458327 0.100514166 0.003352724 0.994929969 77.031608582
0.995045364 0.001422333 -0.099411316 -5.323575974 -0.002201617 0.999967694 -0.007729721 -0.705332279 0.099397093 0.007910289 0.995016396 77.653381348
0.995339930 0.003790064 -0.096353412 -5.378567696 -0.004546825 0.999960542 -0.007635658 -0.722724795 0.096320689 0.008038175 0.995317936 78.248481750
0.995719731 0.008662623 -0.092016973 -5.443626404 -0.009150652 0.999946237 -0.004883105 -0.730303168 0.091969736 0.005704218 0.995745540 78.829467773
0.996146739 0.007198188 -0.087405421 -5.494233131 -0.007400555 0.999970734 -0.001991441 -0.733900130 0.087388515 0.002630616 0.996170819 79.412445068
0.996645033 0.003474656 -0.081770070 -5.524018288 -0.003297168 0.999991953 0.002305513 -0.747284710 0.081777439 -0.002028168 0.996648490 79.971008301
0.997276723 -0.000949868 -0.073743835 -5.551258564 0.001402417 0.999980509 0.006085231 -0.764647901 0.073736645 -0.006172079 0.997258663 80.509429932
0.998011529 0.002438248 -0.062983267 -5.581251621 -0.002074367 0.999980807 0.005842164 -0.769445419 0.062996313 -0.005699897 0.997997522 81.040763855
0.998827696 0.007771488 -0.047778226 -5.606228352 -0.007527541 0.999957740 0.005283663 -0.772817016 0.047817275 -0.004917817 0.998844028 81.555038452
0.999485850 0.012807804 -0.029388338 -5.628805161 -0.012629767 0.999900818 0.006235804 -0.782166481 0.029465288 -0.005861431 0.999548674 82.057556152
0.999905407 0.011337971 -0.007779278 -5.608445644 -0.011284710 0.999912798 0.006856768 -0.787505090 0.007856342 -0.006768334 0.999946237 82.536956787
0.999797761 0.007874957 0.018503439 -5.576934814 -0.008018403 0.999938250 0.007691111 -0.789886355 -0.018441733 -0.007837924 0.999799192 83.019584656
0.998818278 0.006865579 0.048109941 -5.535830021 -0.007337108 0.999926567 0.009631332 -0.800181389 -0.048040289 -0.009972941 0.998795569 83.484405518
0.996673822 0.006596787 0.081226096 -5.482335567 -0.007535612 0.999908209 0.011257019 -0.805390358 -0.081144392 -0.011831664 0.996632159 83.939132690
0.992927790 0.006150796 0.118560784 -5.396662712 -0.007608864 0.999900818 0.011849315 -0.811220646 -0.118476167 -0.012667627 0.992876053 84.383193970
0.987065792 0.006523299 0.160183430 -5.299358368 -0.008470631 0.999898255 0.011477048 -0.808391511 -0.160092264 -0.012685455 0.987020612 84.825881958
0.978785872 0.006451454 0.204784602 -5.172958374 -0.008985598 0.999894142 0.011447167 -0.811014533 -0.204689056 -0.013044436 0.978740096 85.249946594
0.967080295 0.008397957 0.254332781 -5.054393768 -0.011222981 0.999890387 0.009658549 -0.819686472 -0.254223824 -0.012194967 0.967068672 85.646903992
0.951452851 0.009547579 0.307646513 -4.898607254 -0.012438076 0.999895036 0.007436016 -0.832819819 -0.307543218 -0.010901550 0.951471686 86.041023254
0.931722283 0.010287621 0.363025963 -4.715177536 -0.012939762 0.999904335 0.004874653 -0.831965566 -0.362941086 -0.009239290 0.931766272 86.400520325
0.907338679 0.011446165 0.420244426 -4.509090424 -0.013640481 0.999904454 0.002216481 -0.824894309 -0.420178950 -0.007743435 0.907408237 86.759277344
0.878000259 0.011801001 0.478514463 -4.293174744 -0.013625663 0.999907017 0.000341538 -0.830962777 -0.478466004 -0.006819948 0.878079534 87.093246460
0.844362497 0.010385935 0.535671532 -4.047069550 -0.011270121 0.999935150 -0.001622624 -0.839295506 -0.535653651 -0.004666999 0.844424844 87.407867432
0.807927489 0.009768682 0.589200795 -3.769237518 -0.009914602 0.999946356 -0.002983497 -0.845188081 -0.589198470 -0.003431240 0.807981133 87.699157715
0.768037200 0.007989222 0.640355170 -3.493488312 -0.009045472 0.999957740 -0.001626634 -0.858885169 -0.640341163 -0.004542999 0.768077135 87.961715698
0.727091312 0.007046075 0.686504543 -3.182003021 -0.010123185 0.999948680 0.000458510 -0.865265906 -0.686466098 -0.007282992 0.727125287 88.193572998
0.681357026 0.006317362 0.731923938 -2.874927521 -0.009945044 0.999950409 0.000627222 -0.867499292 -0.731883645 -0.007706380 0.681386054 88.433761597
0.635087132 0.004811389 0.772425473 -2.549030304 -0.006659145 0.999977589 -0.000753656 -0.875454843 -0.772411883 -0.004665056 0.635104895 88.638046265
0.588705897 0.002458867 0.808343530 -2.204872131 -0.001671459 0.999996901 -0.001824547 -0.881508172 -0.808345616 -0.000276991 0.588708103 88.820396423
0.542514265 0.004392444 0.840035081 -1.864212036 -0.003352250 0.999989629 -0.003063865 -0.887453794 -0.840039909 -0.001153817 0.542523324 88.987792969
0.495897979 0.007081788 0.868351936 -1.517528534 -0.007248387 0.999965727 -0.004015750 -0.896992564 -0.868350565 -0.004302749 0.495932192 89.143379211
0.448377579 0.009526436 0.893793404 -1.180847168 -0.008782826 0.999941885 -0.006251846 -0.905470610 -0.893801093 -0.005046845 0.448435217 89.306289673
0.406014025 0.007452599 0.913836420 -0.819156647 -0.001797963 0.999971330 -0.007356225 -0.906805158 -0.913865149 0.001343686 0.406015813 89.418434143
0.366477668 0.000007798 0.930426776 -0.444608688 0.012642882 0.999907672 -0.004988175 -0.911837339 -0.930340946 0.013591331 0.366443723 89.509613037
0.331267238 -0.003488847 0.943530440 -0.074537277 0.016846387 0.999855697 -0.002217535 -0.911907256 -0.943386614 0.016629675 0.331278205 89.599739075
0.298808575 0.000281828 0.954312921 0.300115585 0.014491778 0.999883235 -0.004832861 -0.918875694 -0.954203010 0.015273792 0.298769653 89.693443298
0.267192990 0.007821665 0.963611305 0.670591354 0.003577054 0.999952137 -0.009108501 -0.932075381 -0.963636398 0.005880618 0.267152280 89.801376343
0.238669291 0.011861825 0.971028447 1.054893494 -0.000958385 0.999927700 -0.011979290 -0.947086573 -0.971100450 0.001928468 0.238663465 89.886268616
0.213221818 0.013625774 0.976908863 1.456237793 0.000134711 0.999902308 -0.013975885 -0.960609913 -0.977003813 0.003111565 0.213199213 89.952461243
0.189539701 0.015139987 0.981756270 1.867668152 0.007397124 0.999830723 -0.016846821 -0.969444096 -0.981845260 0.010455316 0.189395666 90.010437012
0.169857949 0.021106273 0.985242546 2.287531853 0.014042501 0.999617219 -0.023835175 -0.973737836 -0.985368490 0.017883861 0.169496596 90.051895142
0.150056690 0.028175773 0.988275826 2.722181320 0.015698107 0.999399900 -0.030876467 -0.970433891 -0.988552749 0.020147284 0.149524361 90.106101990
0.132232845 0.028976936 0.990795076 3.167442322 0.013416313 0.999428689 -0.031019993 -0.980841160 -0.991127908 0.017394681 0.131768569 90.162849426
0.117144078 0.024309944 0.992817342 3.627698898 0.012396586 0.999586642 -0.025938388 -1.001678824 -0.993037522 0.015346072 0.116794318 90.205802917
0.102485344 0.021128770 0.994510055 4.114595413 0.011965684 0.999675870 -0.022471599 -1.022011518 -0.994662464 0.014203004 0.102199309 90.250305176
0.089192823 0.018736828 0.995838165 4.603597164 0.014586836 0.999691308 -0.020115800 -1.035346389 -0.995907605 0.016320312 0.088891976 90.283294678
0.077646680 0.017939307 0.996819556 5.115198135 0.017885290 0.999652147 -0.019383445 -1.049157977 -0.996820450 0.019333463 0.077298820 90.309669495
0.067661166 0.018743094 0.997532308 5.631004810 0.021352367 0.999567330 -0.020229630 -1.060801268 -0.997479856 0.022668438 0.067231685 90.332740784
0.059825063 0.019164065 0.998024881 6.172412395 0.023109267 0.999521077 -0.020578045 -1.077849030 -0.997941315 0.024294702 0.059353556 90.359252930
0.054371115 0.019304125 0.998334169 6.734085083 0.025136979 0.999469817 -0.020695087 -1.090615749 -0.998204291 0.026220322 0.053857043 90.382385254
0.048889991 0.020499658 0.998593748 7.307411194 0.025851957 0.999428451 -0.021782475 -1.104343414 -0.998469472 0.026880549 0.048332091 90.404212952
0.042792957 0.021130743 0.998860478 7.904189110 0.026319999 0.999405503 -0.022269871 -1.122057438 -0.998737097 0.027243000 0.042211361 90.429435730
0.038170781 0.020973073 0.999051034 8.516621590 0.028574908 0.999347925 -0.022071071 -1.140056133 -0.998862505 0.029390262 0.037546594 90.447174072
0.035528712 0.021041151 0.999147058 9.152562141 0.030152841 0.999300539 -0.022116587 -1.155396342 -0.998913586 0.030912891 0.034869418 90.464691162
0.032309938 0.020442428 0.999268770 9.800899506 0.030445853 0.999306738 -0.021427626 -1.174147010 -0.999014020 0.031115917 0.031665154 90.485633850
0.029976336 0.019858014 0.999353230 10.471576691 0.032529850 0.999253690 -0.020831788 -1.191126823 -0.999021113 0.033133276 0.029307988 90.502166748
0.029191587 0.019637404 0.999380827 11.158636093 0.037479468 0.999082506 -0.020726297 -1.205765605 -0.998870909 0.038061295 0.028428808 90.515136719
0.030831723 0.018973159 0.999344468 11.874719620 0.041520707 0.998932600 -0.020246331 -1.226246953 -0.998661876 0.042117722 0.030011034 90.518432617
0.033088654 0.019238330 0.999267280 12.597382545 0.042393442 0.998888075 -0.020634798 -1.238990068 -0.998552859 0.043045163 0.032236282 90.546531677
0.036987476 0.019404281 0.999127328 13.333955765 0.044980504 0.998765886 -0.021062432 -1.255082488 -0.998302877 0.045720298 0.036069009 90.573753357
0.041264400 0.018849697 0.998970449 14.086157799 0.045628935 0.998743415 -0.020730203 -1.273329973 -0.998105824 0.046437379 0.040352456 90.603630066
0.045244426 0.016914617 0.998832703 14.871000290 0.046894085 0.998718500 -0.019036857 -1.297879934 -0.997874677 0.047700658 0.044393249 90.635879517
0.049450211 0.015449066 0.998657167 15.661128998 0.046558872 0.998757780 -0.017756067 -1.314278603 -0.997690737 0.047374398 0.048669491 90.673126221
0.053419925 0.013506548 0.998480737 16.473558426 0.043589648 0.998923838 -0.015844639 -1.330600739 -0.997620344 0.044369847 0.052773695 90.725486755
0.057431541 0.012007831 0.998277247 17.283418655 0.042945728 0.998972356 -0.014486890 -1.358783007 -0.997425318 0.043703746 0.056856841 90.776123047
0.061530594 0.013153436 0.998018563 18.107597351 0.040197112 0.999069333 -0.015645547 -1.373786688 -0.997295499 0.041080132 0.060944602 90.832191467
0.064826168 0.017025519 0.997751355 18.932308197 0.038238220 0.999077737 -0.019532576 -1.401220083 -0.997163773 0.039418444 0.064115360 90.889877319
0.066027805 0.021996943 0.997575283 19.779254913 0.032183543 0.999189854 -0.024162728 -1.429770589 -0.997298598 0.033700909 0.065266378 90.958656311
0.065841377 0.025310349 0.997509003 20.614677429 0.029321883 0.999197483 -0.027288606 -1.453245282 -0.997399151 0.031045564 0.065046385 91.020195007
0.066211686 0.024609223 0.997502029 21.457199097 0.027060369 0.999283850 -0.026449380 -1.485455275 -0.997438669 0.028744031 0.065498337 91.076057434
0.065904744 0.022936748 0.997562170 22.303543091 0.024329253 0.999401629 -0.024586378 -1.518553019 -0.997529268 0.025890304 0.065307282 91.144409180
0.065694995 0.021946689 0.997598290 23.136444092 0.025310511 0.999399781 -0.023653097 -1.545736551 -0.997518718 0.026803611 0.065100096 91.202911377
0.066145115 0.020885605 0.997591257 23.977111816 0.022555737 0.999494135 -0.022420995 -1.581812978 -0.997555017 0.023984442 0.065640569 91.261909485
0.066188678 0.021322090 0.997579217 24.827934265 0.020920876 0.999522209 -0.022751708 -1.610181093 -0.997587681 0.022376137 0.065710984 91.328216553
0.066411927 0.021948934 0.997550786 25.663816452 0.018017532 0.999568582 -0.023192847 -1.639506340 -0.997629583 0.019513687 0.065987818 91.386589050
0.065108769 0.022965722 0.997613847 26.492248535 0.014928702 0.999600708 -0.023985779 -1.673921108 -0.997766435 0.016454766 0.064739935 91.447486877
0.062500171 0.023169806 0.997775912 27.315744400 0.011848562 0.999642909 -0.023955353 -1.697426319 -0.997974634 0.013319425 0.062203329 91.501296997
0.058557961 0.022118920 0.998038888 28.147108078 0.009556324 0.999696374 -0.022716351 -1.723697662 -0.998238266 0.010867808 0.058328819 91.554222107
0.053357072 0.019496508 0.998385131 28.970428467 0.007773696 0.999770999 -0.019939030 -1.751824379 -0.998545289 0.008825032 0.053193294 91.602767944
0.047720779 0.017530793 0.998706818 29.797080994 0.005437068 0.999826610 -0.017810248 -1.779793501 -0.998845875 0.006279956 0.047617182 91.640556335
0.040579028 0.017667912 0.999020159 30.621589661 0.005165842 0.999826610 -0.017892009 -1.806391478 -0.999162912 0.005886820 0.040480722 91.669563293
0.031770162 0.018388918 0.999325931 31.438877106 0.004509049 0.999818027 -0.018541317 -1.834799767 -0.999484897 0.005095071 0.031681463 91.696403503
0.021755610 0.019149346 0.999579906 32.247344971 0.004796979 0.999803126 -0.019258028 -1.857637763 -0.999751806 0.005213934 0.021659466 91.714630127
0.011596619 0.018153775 0.999767900 33.066860199 0.006037521 0.999815702 -0.018224677 -1.882529020 -0.999914527 0.006247465 0.011484880 91.722839355
0.000439119 0.016867148 0.999857724 33.872196198 0.004305588 0.999848425 -0.016868889 -1.912250280 -0.999990642 0.004312383 0.000366425 91.724327087
-0.010329276 0.016307697 0.999813616 34.670066833 0.006371811 0.999847710 -0.016242424 -1.933764100 -0.999926329 0.006202851 -0.010431616 91.711288452
-0.021493455 0.016665705 0.999630094 35.467758179 0.006459450 0.999842346 -0.016530361 -1.959723473 -0.999748111 0.006101765 -0.021597726 91.691551208
-0.032259025 0.017223887 0.999331117 36.253585815 0.006537596 0.999833763 -0.017021516 -1.982719421 -0.999458194 0.005984125 -0.032366276 91.665344238
-0.043014772 0.018383997 0.998905301 37.040473938 0.006068254 0.999817014 -0.018139469 -2.006735802 -0.999056101 0.005281345 -0.043118462 91.631233215
-0.053232636 0.019629454 0.998389125 37.830978394 0.007331737 0.999787569 -0.019266032 -2.030159473 -0.998555183 0.006294345 -0.053365245 91.589111328
-0.062562793 0.020318210 0.997834206 38.597393036 0.008356240 0.999768436 -0.019833673 -2.055077076 -0.998005986 0.007097292 -0.062718086 91.529846191
-0.072328962 0.020655507 0.997166872 39.383911133 0.009167191 0.999757051 -0.020044224 -2.082283735 -0.997338653 0.007691442 -0.072500750 91.477416992
-0.081473567 0.021269809 0.996448457 40.136997223 0.009991786 0.999739408 -0.020523090 -2.104398489 -0.996625304 0.008284213 -0.081664860 91.409843445
-0.090066291 0.020465918 0.995725453 40.891822815 0.011008726 0.999748230 -0.019552831 -2.133823633 -0.995874822 0.009200617 -0.090268932 91.331451416
-0.097619943 0.019382332 0.995035112 41.655532837 0.012543608 0.999754906 -0.018243652 -2.161515713 -0.995144725 0.010700381 -0.097839154 91.267372131
-0.102883853 0.017772505 0.994534492 42.392219543 0.015147114 0.999752402 -0.016298790 -2.185092211 -0.994578004 0.013387444 -0.103127584 91.183570862
-0.106429122 0.016077256 0.994190276 43.112022400 0.018330375 0.999731004 -0.014204568 -2.208344460 -0.994151354 0.016712099 -0.106695198 91.096504211
-0.109358266 0.015057438 0.993888259 43.844268799 0.019950842 0.999717057 -0.012950538 -2.230908394 -0.993802190 0.018412659 -0.109627724 91.021240234
-0.111006707 0.014310812 0.993716598 44.546100616 0.019689942 0.999731719 -0.012197901 -2.250240803 -0.993624628 0.018212177 -0.111258708 90.941818237
-0.111643463 0.014567294 0.993641555 45.228057861 0.021263711 0.999698758 -0.012266950 -2.273921967 -0.993520796 0.019758983 -0.111919574 90.862312317
-0.110822931 0.015372148 0.993721247 45.897567749 0.021444611 0.999684632 -0.013072827 -2.293811321 -0.993608773 0.019861199 -0.111117616 90.789756775
-0.107445858 0.017174359 0.994062603 46.562126160 0.023139050 0.999623179 -0.014769387 -2.312956810 -0.993941605 0.021414755 -0.107802778 90.710006714
-0.102305956 0.017729135 0.994594872 47.191848755 0.023129970 0.999613285 -0.015439396 -2.332767487 -0.994484007 0.021425411 -0.102676474 90.651084900
-0.094357371 0.018218217 0.995371640 47.798931122 0.022895275 0.999607861 -0.016125368 -2.358712912 -0.995275140 0.021267762 -0.094737485 90.600448608
-0.083045661 0.018369045 0.996376336 48.393177032 0.021797968 0.999624431 -0.016612114 -2.375444651 -0.996307254 0.020339413 -0.083414875 90.555000305
-0.069702744 0.018630229 0.997393847 48.962600708 0.021384483 0.999623775 -0.017177429 -2.396503210 -0.997338533 0.020131435 -0.070074916 90.532836914
-0.052523252 0.020102827 0.998417318 49.525352478 0.019838572 0.999621093 -0.019083420 -2.416608095 -0.998422503 0.018804850 -0.052902155 90.514640808
-0.031114105 0.022844236 0.999254704 50.074882507 0.018224858 0.999585629 -0.022284321 -2.435105324 -0.999349535 0.017517922 -0.031517543 90.511512756
-0.006648045 0.025601733 0.999650061 50.599445343 0.015943101 0.999547899 -0.025493087 -2.458781958 -0.999850690 0.015768042 -0.007053211 90.526992798
0.022075772 0.027348185 0.999382198 51.132808685 0.014949425 0.999504983 -0.027681768 -2.479669571 -0.999644458 0.015551282 0.021656003 90.550697327
0.055285070 0.026720854 0.998112917 51.664375305 0.012289038 0.999547899 -0.027439954 -2.502629995 -0.998394966 0.013782867 0.054931693 90.598541260
0.093562633 0.024361566 0.995315254 52.184188843 0.011711603 0.999604464 -0.025567476 -2.519400120 -0.995544553 0.014048899 0.093240306 90.666557312
0.135589182 0.020459414 0.990553856 52.693778992 0.009063408 0.999719381 -0.021889340 -2.543608189 -0.990723670 0.011945751 0.135365710 90.760360718
0.180882931 0.016072407 0.983373284 53.197048187 0.006126229 0.999828756 -0.017468221 -2.564932346 -0.983485639 0.009184073 0.180753469 90.877380371
0.229544073 0.013419936 0.973205805 53.691253662 0.001876611 0.999897063 -0.014230618 -2.574475765 -0.973296463 0.005092882 0.229495257 91.021820068
0.281780601 0.011300068 0.959412277 54.154861450 -0.001641037 0.999934912 -0.011295378 -2.596477032 -0.959477425 0.001608389 0.281780839 91.178337097
0.335348755 0.011044273 0.942029178 54.612617493 -0.002495816 0.999938190 -0.010834718 -2.615603447 -0.942090809 0.001282277 0.335355580 91.380050659
0.393788099 0.012202687 0.919120193 55.061634064 -0.000051650 0.999912143 -0.013253190 -2.619160891 -0.919201255 0.005171476 0.393754184 91.594009399
0.453795254 0.015051127 0.890978873 55.483398438 0.000793707 0.999850094 -0.017294522 -2.639374733 -0.891105652 0.008555348 0.453715324 91.844985962
0.512188435 0.018867142 0.858665764 55.860637665 0.001700296 0.999734521 -0.022981009 -2.650890350 -0.858871400 0.013230592 0.512020230 92.121185303
0.570732176 0.023017086 0.820813656 56.235839844 -0.002243001 0.999647141 -0.026472284 -2.662886143 -0.821133196 0.013267496 0.570582211 92.422134399
0.627678394 0.025715521 0.778047979 56.594436646 -0.005646800 0.999578357 -0.028481927 -2.676469326 -0.778452396 0.013484006 0.627558827 92.739540100
0.679410100 0.026301881 0.733287215 56.904953003 -0.006335654 0.999530494 -0.029981464 -2.691842556 -0.733731270 0.015723858 0.679257572 93.092124939
0.726552725 0.025707351 0.686629593 57.159904480 -0.007320442 0.999532759 -0.029676337 -2.698648930 -0.687071741 0.016534995 0.726401448 93.449295044
0.771918416 0.022568487 0.635320902 57.431774139 -0.009108176 0.999659777 -0.024444403 -2.708213329 -0.635656416 0.013082469 0.771861255 93.836448669
0.813130021 0.016112134 0.581858993 57.680576324 -0.008242115 0.999835491 -0.016168119 -2.731941223 -0.582023740 0.008351036 0.813128948 94.252082825
0.849198401 0.014994584 0.527860880 57.889221191 -0.011103853 0.999882877 -0.010539612 -2.729885101 -0.527957201 0.003088937 0.849265456 94.681152344
0.880341768 0.010351522 0.474226892 58.074783325 -0.010232143 0.999943614 -0.002832308 -2.747971535 -0.474229485 -0.002358957 0.880398095 95.093315125
0.905682802 0.011093843 0.423810601 58.237346649 -0.013534020 0.999904692 0.002748266 -2.757441044 -0.423739731 -0.008224918 0.905746579 95.546493530
0.925786376 0.012621768 0.377836347 58.382568359 -0.016296871 0.999845922 0.006530861 -2.763899326 -0.377695680 -0.012203731 0.925849378 96.002304077
0.940821409 0.018660113 0.338388562 58.502471924 -0.022989864 0.999697089 0.008791349 -2.764612675 -0.338121980 -0.016050594 0.940965474 96.464469910
0.952606499 0.022620453 0.303362787 58.616287231 -0.026236802 0.999624968 0.007849948 -2.761579037 -0.303071409 -0.015437180 0.952842832 96.934593201
0.961857736 0.023709491 0.272520602 58.728424072 -0.027134627 0.999592960 0.008805981 -2.767376661 -0.272200882 -0.015864847 0.962109625 97.407150269
0.967895746 0.019310042 0.250609010 58.836872101 -0.022138493 0.999719024 0.008471883 -2.768974304 -0.250375003 -0.013748006 0.968051314 97.867065430
0.971832454 0.016334822 0.235105827 58.946708679 -0.019030465 0.999776721 0.009201175 -2.774273872 -0.234902978 -0.013416176 0.971926212 98.358032227
0.974709749 0.020540463 0.222528785 59.046325684 -0.023075208 0.999695063 0.008796307 -2.772728682 -0.222280264 -0.013708745 0.974886477 98.864089966
0.976786911 0.025776092 0.212656587 59.143028259 -0.028451981 0.999549806 0.009531992 -2.770870924 -0.212315142 -0.015361232 0.977080524 99.375747681
0.977907121 0.033023898 0.206414416 59.240303040 -0.035481725 0.999336600 0.008215751 -2.764183044 -0.206006154 -0.015358185 0.978430092 99.904624939
0.978255689 0.038961574 0.203710347 59.338897705 -0.040796340 0.999155998 0.004813493 -2.766559839 -0.203350857 -0.013019463 0.979019344 100.433799744
0.978241861 0.041446533 0.203285381 59.439643860 -0.042855252 0.999078214 0.002530814 -2.777091265 -0.202993035 -0.011187594 0.979116261 100.992263794
0.977875352 0.039352328 0.205453470 59.568614960 -0.039862446 0.999203861 -0.001657266 -2.778140545 -0.205355123 -0.006569277 0.978665471 101.555328369
0.977057755 0.038212478 0.209518269 59.692409515 -0.037367906 0.999269605 -0.007989629 -2.783472061 -0.209670588 -0.000022928 0.977772057 102.117630005
0.976191938 0.038832456 0.213404238 59.823181152 -0.037035093 0.999236882 -0.012415260 -2.789793968 -0.213723540 0.004216232 0.976885080 102.688018799
0.975052357 0.043238707 0.217722952 59.945526123 -0.041556258 0.999060512 -0.012302581 -2.792836189 -0.218050361 0.002947912 0.975933135 103.282218933
0.973684967 0.046303701 0.223144323 60.075481415 -0.045572191 0.998925507 -0.008429457 -2.796820164 -0.223294884 -0.001961538 0.974748969 103.880134583
0.972595334 0.043269716 0.228442535 60.222793579 -0.043542668 0.999044061 -0.003847650 -2.809097290 -0.228390619 -0.006204789 0.973549902 104.528694153
0.971936047 0.038752425 0.232031316 60.380676270 -0.040264446 0.999187469 0.001782174 -2.815589905 -0.231773749 -0.011074769 0.972706676 105.154434204
0.971084595 0.036397528 0.235944569 60.533954620 -0.039035954 0.999216437 0.006519307 -2.822431087 -0.235522419 -0.015541120 0.971744597 105.795509338
0.970563889 0.031510822 0.238773316 60.694778442 -0.034151960 0.999392629 0.006931156 -2.819873333 -0.238409892 -0.014881708 0.971050620 106.439300537
0.970541000 0.028374709 0.239259079 60.854328156 -0.030205369 0.999535680 0.003987334 -2.826282978 -0.239034876 -0.011096778 0.970947504 107.086288452
0.970731378 0.028014926 0.238528073 61.031074524 -0.028137520 0.999599934 -0.002891654 -2.836465836 -0.238513693 -0.003904570 0.971131325 107.756858826
0.970919490 0.030390741 0.237468988 61.192390442 -0.029004756 0.999535739 -0.009328993 -2.841958523 -0.237642288 0.002169971 0.971350372 108.428573608
0.971463442 0.033150911 0.234861344 61.353713989 -0.030938078 0.999435425 -0.013101310 -2.845881224 -0.235163078 0.005461282 0.971940637 109.123306274
0.972011209 0.031732537 0.232781187 61.518184662 -0.030496245 0.999495149 -0.008908923 -2.853345156 -0.232946366 0.001560623 0.972488284 109.839668274
0.972431958 0.027529869 0.231555521 61.686534882 -0.027955400 0.999608159 -0.001443961 -2.863549232 -0.231504500 -0.005069073 0.972820640 110.556892395
0.973022461 0.028202206 0.228980139 61.857147217 -0.030022511 0.999539316 0.004469227 -2.870727539 -0.228748590 -0.011223217 0.973420799 111.290786743
0.973322451 0.031155137 0.227315888 62.020103455 -0.032921299 0.999450028 0.003981391 -2.880246639 -0.227066875 -0.011358710 0.973812938 112.034515381
0.973668218 0.036787540 0.224981472 62.181137085 -0.037660811 0.999290466 -0.000410271 -2.884455681 -0.224837005 -0.008073518 0.974362910 112.778343201
0.974451303 0.038078018 0.221347630 62.345027924 -0.037691619 0.999271750 -0.005970853 -2.887036562 -0.221413791 -0.002524646 0.975176632 113.544525146
0.975414515 0.036492504 0.217336282 62.515422821 -0.035385024 0.999333441 -0.008986637 -2.890542269 -0.217519328 0.001075248 0.976055384 114.307830811
0.976346970 0.034456838 0.213446259 62.688377380 -0.033625320 0.999406099 -0.007526038 -2.900810480 -0.213578835 0.000170827 0.976925790 115.100532532
0.977247894 0.030683368 0.209869012 62.866111755 -0.030240713 0.999528527 -0.005318706 -2.913124800 -0.209933236 -0.001148893 0.977715075 115.899452209
0.977590621 0.029663410 0.208414495 63.030204773 -0.029826237 0.999552250 -0.002362025 -2.926475048 -0.208391249 -0.003907126 0.978037715 116.695365906
0.977936983 0.026664393 0.207191080 63.204780579 -0.027236607 0.999629021 -0.000090812 -2.935735226 -0.207116604 -0.005554372 0.978300691 117.522903442
0.978154421 0.021951159 0.206716999 63.382942200 -0.022658525 0.999742687 0.001054711 -2.942683220 -0.206640631 -0.005715571 0.978400350 118.345932007
0.978277385 0.022340214 0.206092358 63.554454803 -0.023410138 0.999722183 0.002754130 -2.950368881 -0.205973536 -0.007518953 0.978528738 119.174087524
0.978049994 0.027328063 0.206570551 63.721206665 -0.028096538 0.999604881 0.000786891 -2.956378222 -0.206467435 -0.006573536 0.978431404 120.014465332
0.977742195 0.033382010 0.207137510 63.886302948 -0.033631075 0.999431670 -0.002319821 -2.966983557 -0.207097232 -0.004698069 0.978309095 120.853698730
0.977228463 0.042158514 0.207959875 64.052314758 -0.042223074 0.999099791 -0.004130494 -2.966899633 -0.207946807 -0.004744271 0.978128672 121.695121765
0.976290166 0.048055202 0.211064234 64.217727661 -0.048456308 0.998820007 -0.003274252 -2.983737230 -0.210972518 -0.007030775 0.977466702 122.536796570
0.975517690 0.050427590 0.214061424 64.393722534 -0.051329706 0.998680890 -0.001345549 -2.998378992 -0.213846907 -0.009675103 0.976819277 123.419364929
0.974934816 0.051306743 0.216494262 64.577941895 -0.052074909 0.998640954 -0.002158794 -3.007162571 -0.216310769 -0.009169237 0.976281524 124.278388977
0.974580824 0.049578857 0.218481526 64.765739441 -0.049643774 0.998753548 -0.005195787 -3.013686895 -0.218466774 -0.005782533 0.975827217 125.121391296
0.974603832 0.043727715 0.219625577 64.965148926 -0.044021554 0.999024332 -0.003558188 -3.032626152 -0.219566852 -0.006200436 0.975577772 125.968070984
0.974807262 0.036948085 0.219967335 65.164810181 -0.036721874 0.999312401 -0.005118641 -3.049576283 -0.220005259 -0.003087925 0.975493789 126.825759888
0.974477053 0.036600024 0.221483409 65.355888367 -0.036396854 0.999324858 -0.004999955 -3.066625595 -0.221516907 -0.003188960 0.975151360 127.680564880
0.974087477 0.039005078 0.222782806 65.550498962 -0.039557081 0.999215364 -0.001985845 -3.080245733 -0.222685516 -0.006878253 0.974866092 128.524810791
0.973630965 0.041182142 0.224380851 65.733779907 -0.043133259 0.999062061 0.003798701 -3.090096235 -0.224013969 -0.013376812 0.974494278 129.389511108
0.973318934 0.044450369 0.225109786 65.929306030 -0.047448292 0.998842239 0.007922380 -3.101895809 -0.224496990 -0.018392075 0.974301159 130.253204346
0.973144591 0.043589454 0.226030424 66.124679565 -0.045017492 0.998985469 0.001164829 -3.108926058 -0.225750342 -0.011308868 0.974119544 131.095565796
0.973466635 0.039237376 0.225440115 66.332504272 -0.037280969 0.999221206 -0.012930445 -3.126995325 -0.225771889 0.004182732 0.974171221 131.929122925
