1.000000000 0.000000000 0.000000000 0.000000000 0.000000000 1.000000000 0.000000000 0.000000000 0.000000000 0.000000000 1.000000000 -0.000000004
0.999991119 -0.002569006 -0.003345039 0.000037479 0.002562427 0.999994755 -0.001969582 -0.005524308 0.003350081 0.001960993 0.999992490 0.696357608
0.999972761 -0.001543331 -0.007219470 -0.009668672 0.001517598 0.999992490 -0.003568443 -0.007927391 0.007224923 0.003557389 0.999967575 1.399128795
0.999940157 -0.001418474 -0.010844194 -0.028814737 0.001364946 0.999986768 -0.004941870 -0.013724729 0.010851064 0.004926772 0.999928951 2.122335196
0.999875784 -0.000219451 -0.015762150 -0.045689862 0.000133671 0.999985158 -0.005442959 -0.019275807 0.015763113 0.005440176 0.999860942 2.868034601
0.999797881 -0.001459864 -0.020052418 -0.061766386 0.001342936 0.999981999 -0.005843315 -0.024308015 0.020060590 0.005815205 0.999781966 3.629228115
0.999705970 0.000565990 -0.024240762 -0.096368022 -0.000731358 0.999976635 -0.006813581 -0.036483418 0.024236334 0.006829306 0.999683082 4.400456905
0.999572515 0.003317222 -0.029048143 -0.126776710 -0.003549906 0.999962032 -0.007962397 -0.033653066 0.029020630 0.008062111 0.999546409 5.188227654
0.999439299 0.003435188 -0.033304591 -0.159465313 -0.003627379 0.999976993 -0.005711987 -0.051452503 0.033284198 0.005829593 0.999428928 6.012018204
0.999282122 0.002339421 -0.037813470 -0.190598279 -0.002459869 0.999991953 -0.003139127 -0.055734001 0.037805825 0.003229890 0.999279976 6.835506916
0.999162316 0.002275161 -0.040858068 -0.235107273 -0.002292027 0.999997258 -0.000365976 -0.068386048 0.040857125 0.000459317 0.999164879 7.671566486
0.999058902 0.003731299 -0.043215811 -0.278277785 -0.003787038 0.999992073 -0.001207993 -0.072558939 0.043210976 0.001370517 0.999064982 8.512467384
0.998956263 0.003195007 -0.045564272 -0.312774718 -0.003257432 0.999993801 -0.001295859 -0.080775440 0.045559853 0.001442929 0.998960555 9.355673790
0.998864889 0.000153807 -0.047632471 -0.354780912 -0.000233309 0.999998629 -0.001663522 -0.093002386 0.047632147 0.001672747 0.998863578 10.223240852
0.998778045 0.000217311 -0.049420904 -0.397809476 -0.000261837 0.999999583 -0.000894497 -0.099276997 0.049420696 0.000906344 0.998777747 11.077737808
0.998715878 -0.001193515 -0.050650030 -0.446051717 0.001126958 0.999998450 -0.001342591 -0.105790906 0.050651558 0.001283786 0.998715639 11.943011284
0.998620093 0.000662143 -0.052511822 -0.501014709 -0.000834673 0.999994218 -0.003263681 -0.120887682 0.052509360 0.003303008 0.998614907 12.847632408
0.998557687 0.001253992 -0.053676825 -0.552962542 -0.001593812 0.999978840 -0.006288518 -0.124317028 0.053667814 0.006364998 0.998538554 13.734711647
0.998487532 0.005059583 -0.054745246 -0.619520247 -0.005497899 0.999953926 -0.007858834 -0.136440948 0.054702967 0.008147932 0.998469472 14.618483543
0.998382032 0.005946922 -0.056550913 -0.670184612 -0.006360087 0.999954343 -0.007128892 -0.157513842 0.056505941 0.007477026 0.998374403 15.552951813
0.998326242 0.005299925 -0.057591051 -0.727126896 -0.005617083 0.999969900 -0.005346574 -0.175827265 0.057560988 0.005661118 0.998326004 16.463371277
0.998270273 0.005805418 -0.058504503 -0.787239313 -0.006047314 0.999973893 -0.003958466 -0.185180649 0.058479991 0.004305414 0.998279274 17.391639709
0.998156488 0.005249863 -0.060465332 -0.839960515 -0.005503033 0.999976814 -0.004021268 -0.195168912 0.060442828 0.004346598 0.998162210 18.339780807
0.998067021 0.004936122 -0.061949901 -0.896951795 -0.005234402 0.999975443 -0.004653495 -0.208443120 0.061925411 0.004968771 0.998068392 19.270687103
0.998043418 0.003484350 -0.062426779 -0.964537382 -0.003819369 0.999978960 -0.005248048 -0.224316895 0.062407184 0.005476210 0.998035729 20.219108582
0.997973502 0.003804835 -0.063519180 -1.021533489 -0.004054479 0.999984562 -0.003801776 -0.230127066 0.063503742 0.004051608 0.997973323 21.161756516
0.997972727 0.005177271 -0.063433222 -1.085091591 -0.005226690 0.999986172 -0.000613153 -0.238648191 0.063429162 0.000943456 0.997985780 22.116060257
0.998036921 0.005883990 -0.062350657 -1.146198153 -0.005674289 0.999977648 0.003539788 -0.253115296 0.062370095 -0.003179043 0.998047948 23.064945221
0.998125732 0.004369313 -0.061040163 -1.205954552 -0.003989472 0.999971926 0.006343285 -0.259991050 0.061066154 -0.006087879 0.998115182 24.031093597
0.998204887 0.004600811 -0.059714492 -1.260128975 -0.004197226 0.999967515 0.006882221 -0.262730420 0.059744213 -0.006619231 0.998191833 25.001903534
0.998286963 0.004839043 -0.058306176 -1.317128420 -0.004583509 0.999979258 0.004515563 -0.274223655 0.058326818 -0.004240582 0.998288572 25.968027115
0.998346508 0.005535220 -0.057217643 -1.378674030 -0.005574880 0.999984324 -0.000533548 -0.276671708 0.057213806 0.000851647 0.998361588 26.946435928
0.998429239 0.004674039 -0.055831488 -1.439248323 -0.004878211 0.999981880 -0.003521210 -0.281426221 0.055814017 0.003788037 0.998434007 27.926319122
0.998485804 0.002278775 -0.054964900 -1.494719148 -0.002430529 0.999993443 -0.002694231 -0.288757056 0.054958399 0.002823745 0.998484552 28.915512085
0.998454273 0.000305458 -0.055578452 -1.543607473 -0.000164064 0.999996722 0.002548579 -0.302783638 0.055579051 -0.002535521 0.998450994 29.919948578
0.998391211 -0.003219576 -0.056609157 -1.593077183 0.003564001 0.999975741 0.005984355 -0.310115159 0.056588523 -0.006176483 0.998378396 30.917695999
0.998309910 -0.010508954 -0.057156108 -1.645964026 0.010836334 0.999926567 0.005420912 -0.321006000 0.057094947 -0.006031113 0.998350501 31.913459778
0.998182952 -0.013095880 -0.058814608 -1.701875925 0.013219420 0.999911308 0.001711883 -0.329255223 0.058786962 -0.002486267 0.998267472 32.922042847
0.998095870 -0.012772023 -0.060343556 -1.762615919 0.012634049 0.999916673 -0.002667471 -0.329379529 0.060372591 0.001900009 0.998174071 33.924755096
0.997993886 -0.011766175 -0.062207893 -1.833649516 0.011610173 0.999928474 -0.002868640 -0.345917553 0.062237192 0.002140640 0.998059034 34.947776794
0.997941256 -0.012025223 -0.062998138 -1.895107150 0.011971217 0.999927580 -0.001234669 -0.358687520 0.063008420 0.000477962 0.998012781 35.967250824
0.997893751 -0.008854907 -0.064259291 -1.967340946 0.008952580 0.999959171 0.001232193 -0.366772801 0.064245753 -0.001804884 0.997932434 36.993587494
0.997818708 -0.008296994 -0.065489382 -2.037479162 0.008472552 0.999961317 0.002403427 -0.375417590 0.065466903 -0.002953046 0.997850299 38.024646759
0.997782290 -0.007191905 -0.066172183 -2.117239714 0.007558023 0.999957621 0.005284153 -0.387649745 0.066131368 -0.005772565 0.997794211 39.055892944
0.997785032 -0.007815688 -0.066060029 -2.188976526 0.008384900 0.999930084 0.008343721 -0.390958577 0.065990195 -0.008879146 0.997780800 40.087821960
0.997774899 -0.001639430 -0.066653222 -2.262923717 0.002354563 0.999940455 0.010652016 -0.397907436 0.066631801 -0.010785255 0.997719288 41.112171173
0.997776330 -0.001490610 -0.066634797 -2.338906765 0.002154584 0.999948740 0.009893614 -0.398274094 0.066616632 -0.010015185 0.997728348 42.119064331
0.997737825 -0.002047153 -0.067196086 -2.393089294 0.002617317 0.999961257 0.008398145 -0.404976070 0.067176312 -0.008555017 0.997704327 43.149299622
0.997752786 0.000109340 -0.067001551 -2.467417955 0.000305622 0.999980867 0.006183041 -0.410904020 0.067000940 -0.006189624 0.997733712 44.177074432
0.997709513 -0.000399860 -0.067642182 -2.543473959 0.000832254 0.999979436 0.006364303 -0.417865664 0.067638256 -0.006406022 0.997689247 45.195808411
0.997603595 -0.002184159 -0.069154434 -2.610339165 0.002686450 0.999970675 0.007171141 -0.416744471 0.069136724 -0.007339736 0.997580230 46.199859619
0.997534633 -0.001879023 -0.070149884 -2.679196119 0.002473389 0.999961734 0.008386902 -0.425136447 0.070131458 -0.008539734 0.997501135 47.224948883
0.997542381 0.000364088 -0.070063263 -2.756785631 -0.000031080 0.999988675 0.004753984 -0.432642698 0.070064202 -0.004740123 0.997531176 48.230068207
0.997468770 0.000450421 -0.071103454 -2.832161665 -0.000402357 0.999999583 0.000690302 -0.438122123 0.071103737 -0.000659945 0.997468710 49.223930359
0.997440577 0.001400347 -0.071485437 -2.903064251 -0.001420763 0.999998927 -0.000234758 -0.453352958 0.071485050 0.000335720 0.997441649 50.212970734
0.997423232 0.000180420 -0.071742415 -2.985959053 0.000052989 0.999994636 0.003251514 -0.465648293 0.071742624 -0.003246936 0.997417867 51.254356384
0.997426987 -0.001613047 -0.071672462 -3.057459831 0.002071919 0.999977827 0.006328469 -0.472793460 0.071660660 -0.006460684 0.997408152 52.243980408
0.997381270 -0.003328487 -0.072245754 -3.122282505 0.003840287 0.999968469 0.006946409 -0.479078174 0.072220355 -0.007205663 0.997362673 53.235000610
0.997336864 -0.006909457 -0.072604202 -3.189193726 0.007349228 0.999956250 0.005791688 -0.489550382 0.072560988 -0.006309849 0.997344017 54.238372803
0.997290194 -0.009506820 -0.072951496 -3.261022091 0.009853642 0.999941826 0.004395670 -0.496295393 0.072905459 -0.005102596 0.997325838 55.206378937
0.997190952 -0.011366321 -0.074033298 -3.332782984 0.011822078 0.999913752 0.005720761 -0.507533789 0.073961876 -0.006579918 0.997239351 56.191715240
0.997045398 -0.014564846 -0.075421251 -3.394388914 0.015355184 0.999832988 0.009909700 -0.512799561 0.075264327 -0.011038526 0.997102439 57.182617188
0.997011662 -0.015142586 -0.075753190 -3.468729258 0.016309017 0.999757469 0.014802905 -0.514565527 0.075510673 -0.015994130 0.997016728 58.159332275
0.996974707 -0.013414200 -0.076560408 -3.543719292 0.014771334 0.999743223 0.017187631 -0.517348886 0.076310188 -0.018266533 0.996916652 59.126224518
0.996848941 -0.012920351 -0.078263626 -3.616566658 0.014012170 0.999811947 0.013417465 -0.520691156 0.078075536 -0.014471832 0.996842384 60.089176178
0.996823311 -0.010795652 -0.078910120 -3.702307224 0.011259728 0.999921858 0.005438476 -0.522243023 0.078845233 -0.006309707 0.996866941 61.036640167
0.996730685 -0.009815584 -0.080196999 -3.775543690 0.009900867 0.999950767 0.000665813 -0.527693391 0.080186516 -0.001457656 0.996778786 61.967636108
0.996672511 -0.004951761 -0.081359915 -3.856306314 0.005096767 0.999985754 0.001574701 -0.541007578 0.081350982 -0.001984135 0.996683538 62.896530151
0.996601820 -0.002250199 -0.082338750 -3.934499741 0.002579707 0.999989092 0.003895693 -0.554134369 0.082329094 -0.004094865 0.996596813 63.809673309
0.996527076 0.000018955 -0.083270095 -4.014067650 0.000452469 0.999983966 0.005642517 -0.566673458 0.083268881 -0.005660599 0.996511102 64.705863953
0.996444225 0.000948664 -0.084248714 -4.102286816 -0.000511793 0.999986410 0.005206931 -0.572031975 0.084252506 -0.005145299 0.996431231 65.603988647
0.996311963 0.002662043 -0.085763440 -4.181347370 -0.002162282 0.999980092 0.005919562 -0.578237414 0.085777491 -0.005712285 0.996298015 66.470993042
0.996214271 0.003687697 -0.086853653 -4.262858391 -0.003095979 0.999971092 0.006946530 -0.595573962 0.086876765 -0.006651334 0.996196926 67.325210571
0.996054351 0.003518478 -0.088675365 -4.340125084 -0.002883186 0.999969304 0.007291307 -0.603591025 0.088698283 -0.007006870 0.996033907 68.197395325
0.995937407 0.003224225 -0.089990944 -4.414319038 -0.002507323 0.999964237 0.008078299 -0.605730593 0.090013772 -0.007819844 0.995909810 69.032920837
0.995809376 0.006349182 -0.091231987 -4.499452591 -0.005379228 0.999926388 0.010873717 -0.613201380 0.091294326 -0.010337390 0.995770335 69.861572266
0.995696485 0.007775818 -0.092346102 -4.580101967 -0.006434134 0.999869525 0.014817695 -0.615500331 0.092449270 -0.014159760 0.995616794 70.659622192
0.995506525 0.011316766 -0.094013937 -4.657927036 -0.009798991 0.999814332 0.016590150 -0.619205356 0.094184220 -0.015594361 0.995432675 71.448387146
0.995351374 0.013690685 -0.095332175 -4.743530750 -0.012563930 0.999844015 0.012409497 -0.621601462 0.095487222 -0.011154064 0.995368183 72.234062195
0.995216846 0.013558880 -0.096744731 -4.818497181 -0.013112888 0.999900222 0.005244326 -0.628484130 0.096806191 -0.003950637 0.995295465 72.978042603
0.995076299 0.012511631 -0.098317713 -4.890050888 -0.012639760 0.999919832 -0.000680433 -0.632986426 0.098301329 0.001919795 0.995154798 73.711074829
0.995042443 0.013302871 -0.098556608 -4.970962524 -0.013542574 0.999906719 -0.001763516 -0.641400576 0.098523967 0.003089484 0.995129824 74.429412842
0.994916856 0.016135352 -0.099398896 -5.043691158 -0.016018996 0.999869764 0.001968639 -0.652773440 0.099417739 -0.000366361 0.995045722 75.118331909
0.994785070 0.016326439 -0.100678042 -5.116458893 -0.015997045 0.999863625 0.004078326 -0.666440964 0.100730911 -0.002446507 0.994910717 75.797996521
0.994723618 0.012893020 -0.101777576 -5.180112839 -0.012895000 0.999916553 0.000638506 -0.676112294 0.101777323 0.000677285 0.994807065 76.447814941
0.994782746 0.004971239 -0.101894319 -5.231187344 -0.005443913 0.999975681 -0.004361307 -0.689151704 0.101870157 0.004893257 0.994785666 77.078384399
0.994888067 0.001173871 -0.100976646 -5.285017014 -0.002085696 0.999958038 -0.008924961 -0.707811654 0.100961931 0.009089945 0.994848788 77.692871094
0.995214701 0.003417548 -0.097652093 -5.350871086 -0.004344886 0.999947488 -0.009285276 -0.714256942 0.097615235 0.009665133 0.995177329 78.297409058
0.995630205 0.008466792 -0.092998497 -5.423805714 -0.009095092 0.999938607 -0.006334256 -0.724257112 0.092939146 0.007152406 0.995646179 78.884132385
0.996020913 0.006888207 -0.088851951 -5.461484909 -0.007202232 0.999968886 -0.003214139 -0.739000976 0.088827059 0.003841282 0.996039689 79.449752808
0.996512949 0.003431236 -0.083366893 -5.493764877 -0.003350303 0.999993742 0.001110680 -0.751624286 0.083370194 -0.000827504 0.996518373 80.008682251
0.997157037 -0.001121801 -0.075342208 -5.521125793 0.001479297 0.999987960 0.004689321 -0.762966275 0.075336039 -0.004787444 0.997146666 80.550727844
0.997914195 0.002394406 -0.064509682 -5.552956104 -0.002111478 0.999987841 0.004453645 -0.770962715 0.064519562 -0.004308145 0.997907162 81.083511353
0.998744607 0.007516178 -0.049524259 -5.577978134 -0.007326617 0.999965072 0.004008069 -0.776333213 0.049552657 -0.003640191 0.998764932 81.593795776
0.999436498 0.012669710 -0.031082965 -5.596694469 -0.012524173 0.999909699 0.004872431 -0.784152269 0.031141900 -0.004480396 0.999504983 82.097877502
0.999899030 0.011066413 -0.008903306 -5.587926865 -0.011019048 0.999925017 0.005351624 -0.787028432 0.008961845 -0.005252978 0.999946117 82.594085693
0.999822319 0.007422578 0.017331317 -5.555890083 -0.007532121 0.999952018 0.006263804 -0.792209208 -0.017283991 -0.006393231 0.999830186 83.074218750
0.998892844 0.006383907 0.046606641 -5.511621952 -0.006775048 0.999943078 0.008239266 -0.804202080 -0.046551388 -0.008545905 0.998879313 83.527236938
0.996780515 0.006091754 0.079946384 -5.455496788 -0.006909581 0.999926567 0.009957050 -0.811162293 -0.079879850 -0.010477390 0.996749401 83.992912292
0.993072927 0.005686102 0.117361195 -5.374363899 -0.006937852 0.999923289 0.010260025 -0.811829925 -0.117293850 -0.011003189 0.993036211 84.441032410
0.987278521 0.006235701 0.158877879 -5.276821136 -0.007941827 0.999917448 0.010105944 -0.812010348 -0.158801734 -0.011239163 0.987246513 84.880783081
0.979085982 0.005727099 0.203366324 -5.162988663 -0.008032377 0.999912500 0.010512012 -0.820562124 -0.203288317 -0.011925680 0.979046285 85.277282715
0.967573345 0.008072025 0.252461493 -5.024457932 -0.010522872 0.999909699 0.008359108 -0.823668540 -0.252371162 -0.010744669 0.967570901 85.695243835
0.952081859 0.009013276 0.305710375 -4.867532730 -0.011317043 0.999919355 0.005764288 -0.831129491 -0.305633754 -0.008947812 0.952107131 86.088409424
0.932381511 0.009439522 0.361352444 -4.688095093 -0.011549944 0.999926507 0.003680960 -0.836609066 -0.361291200 -0.007605661 0.932422042 86.456771851
0.908027768 0.010505049 0.418778241 -4.495159149 -0.012336920 0.999922454 0.001666826 -0.836910784 -0.418728262 -0.006679959 0.908087015 86.807022095
0.879324734 0.010662751 0.476103306 -4.266059875 -0.011905662 0.999929070 -0.000405484 -0.841307044 -0.476073861 -0.005311773 0.879389286 87.136917114
0.846042097 0.009012974 0.533039808 -4.021766663 -0.008605985 0.999957740 -0.003248469 -0.838871658 -0.533046544 -0.001838992 0.846083820 87.440910339
0.808691978 0.008688007 0.588168025 -3.763938904 -0.007954683 0.999961078 -0.003833563 -0.851652741 -0.588178396 -0.001578519 0.808729529 87.739311218
0.769007683 0.007117347 0.639199913 -3.478099823 -0.006858739 0.999972284 -0.002882864 -0.859412074 -0.639202714 -0.002167161 0.769035220 88.013458252
0.726247072 0.007117284 0.687397003 -3.184391022 -0.008625279 0.999962032 -0.001240809 -0.860738754 -0.687379599 -0.005027858 0.726280928 88.267005920
0.681456923 0.006046984 0.731833220 -2.867900848 -0.008076947 0.999967158 -0.000741551 -0.866052032 -0.731813550 -0.005405644 0.681483388 88.497726440
0.635809362 0.004476141 0.771833062 -2.538505554 -0.004362624 0.999988198 -0.002205513 -0.871421814 -0.771833718 -0.001964932 0.635821342 88.695678711
0.589388072 0.002204336 0.807847023 -2.196018219 0.001720685 0.999990582 -0.003984004 -0.869792521 -0.807848215 0.003738174 0.589378774 88.881484985
0.543911040 0.004132657 0.839132726 -1.842784882 -0.000049427 0.999987960 -0.004892819 -0.879945636 -0.839142740 0.002619783 0.543904901 89.046867371
0.496669024 0.006991169 0.867911935 -1.496822357 -0.003874729 0.999975383 -0.005837619 -0.886667490 -0.867931366 -0.000463558 0.496683955 89.208686829
0.450696707 0.008791068 0.892633855 -1.149082184 -0.004650292 0.999961019 -0.007500112 -0.896822095 -0.892664969 -0.000770732 0.450720042 89.354743958
0.408711970 0.006557520 0.912639856 -0.791858673 0.002286016 0.999963701 -0.008208719 -0.900404274 -0.912660480 0.005441311 0.408682138 89.461410522
0.368827343 -0.001046791 0.929497361 -0.411907196 0.016387764 0.999851227 -0.005376692 -0.909760892 -0.929353416 0.017215457 0.368789673 89.564399719
0.333633840 -0.004086725 0.942693889 -0.045145035 0.020753354 0.999780059 -0.003010727 -0.906334579 -0.942474365 0.020568538 0.333645344 89.656372070
0.300468743 0.000014598 0.953791797 0.337818146 0.017694645 0.999827921 -0.005589568 -0.912808537 -0.953627527 0.018556498 0.300416738 89.761642456
0.269582033 0.007865331 0.962945342 0.712024689 0.006868368 0.999925494 -0.010090228 -0.924877703 -0.962952971 0.009334010 0.269507974 89.859306335
0.240769655 0.011847596 0.970510006 1.098545074 0.001968758 0.999917448 -0.012695014 -0.942345858 -0.970580339 0.004967274 0.240726501 89.950210571
0.215204254 0.013632501 0.976473868 1.499603271 0.002809128 0.999889791 -0.014578510 -0.956635714 -0.976565063 0.005880399 0.215142235 90.019248962
0.191936642 0.014917932 0.981293917 1.916246414 0.010262468 0.999799430 -0.017206546 -0.964998245 -0.981353700 0.013373066 0.191745013 90.077072144
0.171970665 0.020970667 0.984878778 2.333777428 0.017184241 0.999557376 -0.024283769 -0.965528965 -0.984952211 0.021100491 0.171534181 90.119598389
0.152083471 0.027799785 0.987976551 2.764883995 0.018893158 0.999339938 -0.031027835 -0.966036320 -0.988187075 0.023384821 0.151457831 90.174057007
0.134531230 0.028887285 0.990488172 3.211741447 0.016769595 0.999365509 -0.031423885 -0.974261165 -0.990767539 0.020837583 0.133961439 90.230682373
0.119224250 0.024481846 0.992565513 3.676027298 0.014211139 0.999551475 -0.026361156 -0.994281113 -0.992765665 0.017248375 0.118822850 90.279060364
0.104633950 0.021419523 0.994280159 4.154651642 0.014362462 0.999631166 -0.023046248 -1.012400150 -0.994407177 0.016691733 0.104287729 90.322723389
0.091511115 0.019011196 0.995622575 4.648939133 0.016588198 0.999649882 -0.020612773 -1.028384924 -0.995665848 0.018401884 0.091163725 90.357238770
0.079705104 0.018356919 0.996649504 5.159181118 0.019941304 0.999600947 -0.020006046 -1.041630983 -0.996619046 0.021469073 0.079307251 90.389915466
0.069677241 0.018513214 0.997397780 5.674769402 0.023531295 0.999519050 -0.020196464 -1.058663130 -0.997292042 0.024877293 0.069208093 90.411743164
0.061691541 0.019082146 0.997912765 6.214271069 0.025315022 0.999465644 -0.020676829 -1.071732283 -0.997774303 0.026537770 0.061175510 90.440086365
0.056240991 0.019398835 0.998228729 6.773551464 0.027913909 0.999389827 -0.020994090 -1.083620191 -0.998026967 0.029045196 0.055665176 90.462104797
0.050863199 0.020650325 0.998492122 7.342053413 0.028091764 0.999361038 -0.022099296 -1.097437859 -0.998310506 0.029173447 0.050250586 90.483261108
0.044974659 0.021159057 0.998763978 7.939656258 0.029538311 0.999310374 -0.022500752 -1.113974452 -0.998551309 0.030513762 0.044318642 90.507827759
0.040427931 0.021228313 0.998956859 8.551210403 0.031777401 0.999241173 -0.022520391 -1.129101157 -0.998677015 0.032654706 0.039722666 90.525901794
0.037758857 0.021154543 0.999062955 9.185159683 0.033462126 0.999188423 -0.022421872 -1.146975279 -0.998726487 0.034277391 0.037020341 90.545471191
0.034580588 0.020474494 0.999192119 9.832878113 0.033843704 0.999192774 -0.021645783 -1.166404843 -0.998828709 0.034564894 0.033859741 90.567703247
0.032261681 0.019974366 0.999279797 10.501100540 0.035989854 0.999128699 -0.021133279 -1.183497190 -0.998831153 0.036645733 0.031514689 90.581794739
0.031491455 0.019601528 0.999311805 11.187191010 0.040954575 0.998942792 -0.020884898 -1.198758602 -0.998664498 0.041584082 0.030655384 90.597198486
0.032665431 0.019062348 0.999284625 11.894156456 0.044553697 0.998796463 -0.020509450 -1.218725681 -0.998472691 0.045191765 0.031776819 90.610771179
0.035433609 0.019365117 0.999184370 12.634717941 0.045950919 0.998723209 -0.020985717 -1.230919361 -0.998315036 0.046657044 0.034498513 90.629554749
0.039383341 0.019591220 0.999032140 13.373218536 0.048428148 0.998595357 -0.021491766 -1.247226000 -0.998049915 0.049227696 0.038379259 90.659202576
0.043758508 0.018831212 0.998864591 14.125530243 0.049417082 0.998557568 -0.020990303 -1.267446041 -0.997819185 0.050279479 0.042764816 90.686866760
0.047713466 0.016891437 0.998718262 14.905958176 0.050717745 0.998526216 -0.019311219 -1.290387750 -0.997572541 0.051574148 0.046786457 90.721885681
0.051603116 0.015396822 0.998549044 15.709573746 0.050539482 0.998559654 -0.018008772 -1.310007930 -0.997388124 0.051395465 0.050750636 90.768600464
0.055852715 0.013435292 0.998348653 16.514575958 0.047618285 0.998735785 -0.016104512 -1.326740980 -0.997302830 0.048439134 0.055142336 90.815689087
0.060020663 0.012187066 0.998122752 17.333599091 0.046840426 0.998789549 -0.015011892 -1.346216202 -0.997097492 0.047653519 0.059377156 90.865913391
0.063791662 0.013453041 0.997872531 18.167387009 0.043590236 0.998917282 -0.016253747 -1.364370823 -0.997010767 0.044534359 0.063136190 90.932785034
0.067359135 0.017251506 0.997579634 19.002906799 0.041712657 0.998927653 -0.020091362 -1.391190290 -0.996856451 0.042965032 0.066567302 90.985832214
0.068480015 0.022334902 0.997402430 19.831693649 0.036184344 0.999036074 -0.024855837 -1.416815281 -0.996996045 0.037792478 0.067605823 91.058181763
0.068020567 0.025760708 0.997351229 20.675689697 0.033126514 0.999057055 -0.028064039 -1.443307400 -0.997133732 0.034947705 0.067103058 91.132278442
0.068478115 0.025398836 0.997329175 21.514257431 0.030561304 0.999153376 -0.027543673 -1.471601367 -0.997184396 0.032365818 0.067643896 91.186332703
0.068113416 0.023509154 0.997400522 22.354970932 0.028025759 0.999282718 -0.025467426 -1.504812598 -0.997283936 0.029687583 0.067405686 91.254608154
0.067966305 0.022327220 0.997437716 23.195755005 0.028724851 0.999291301 -0.024326051 -1.540121555 -0.997273922 0.030304605 0.067276813 91.318305969
0.068841316 0.021512033 0.997395575 24.033054352 0.026087120 0.999386728 -0.023355542 -1.571606755 -0.997286320 0.027627010 0.068237923 91.375144958
0.068596974 0.022074649 0.997400224 24.861553192 0.024404513 0.999418855 -0.023797767 -1.599952459 -0.997345865 0.025973517 0.068018392 91.440391541
0.068441510 0.022613959 0.997398853 25.706380844 0.021422528 0.999479175 -0.024131138 -1.634864807 -0.997425139 0.023018377 0.067921415 91.511505127
0.067352496 0.023903556 0.997442901 26.535896301 0.018445779 0.999512315 -0.025198698 -1.666081905 -0.997558773 0.020095808 0.066878714 91.570587158
0.064373933 0.023665207 0.997645259 27.361248016 0.015508481 0.999574304 -0.024711661 -1.695246220 -0.997805417 0.017062752 0.063979514 91.628395081
0.060610775 0.022517992 0.997907400 28.196578979 0.012787255 0.999645948 -0.023333896 -1.723360300 -0.998079479 0.014174784 0.060301360 91.683959961
0.056365881 0.020059794 0.998208523 29.023704529 0.011038916 0.999724507 -0.020713590 -1.751112700 -0.998349071 0.012186682 0.056128908 91.722999573
0.049797721 0.018075328 0.998595715 29.852739334 0.008610424 0.999791384 -0.018526345 -1.780738354 -0.998722196 0.009520902 0.049631696 91.774971008
0.042424750 0.018306747 0.998931885 30.674968719 0.008374229 0.999790490 -0.018678132 -1.807437181 -0.999064624 0.009157699 0.042262554 91.808502197
0.034071997 0.019030103 0.999238133 31.493631363 0.008016719 0.999781370 -0.019313803 -1.836274147 -0.999387264 0.008668671 0.033911988 91.830917358
0.023790464 0.019491594 0.999526918 32.308322906 0.008269941 0.999771833 -0.019693203 -1.863145828 -0.999682903 0.008734541 0.023623837 91.852386475
0.013461815 0.018503476 0.999738157 33.124687195 0.009624265 0.999779999 -0.018633842 -1.887200356 -0.999863088 0.009872590 0.013280771 91.863502502
0.002549989 0.017168816 0.999849319 33.931129456 0.007968614 0.999820530 -0.017188638 -1.919636130 -0.999965012 0.008011247 0.002412720 91.864364624
-0.008304631 0.016623767 0.999827266 34.735206604 0.009629429 0.999816775 -0.016543603 -1.940487146 -0.999919057 0.009490378 -0.008463184 91.853988647
-0.019270165 0.016698811 0.999674857 35.530464172 0.009683960 0.999816716 -0.016514512 -1.968472481 -0.999767303 0.009362574 -0.019428343 91.834335327
-0.030287594 0.017555008 0.999387026 36.325359344 0.009588942 0.999804854 -0.017271738 -1.988234639 -0.999495327 0.009059942 -0.030450020 91.812713623
-0.040841348 0.018758282 0.998989522 37.112758636 0.009224591 0.999788225 -0.018396150 -2.012584925 -0.999123037 0.008463946 -0.041005742 91.778060913
-0.051388629 0.019787341 0.998482585 37.904602051 0.009974756 0.999763906 -0.019299366 -2.040156603 -0.998628914 0.008967850 -0.051573876 91.739402771
-0.060675297 0.020375643 0.997949481 38.670738220 0.010994202 0.999744594 -0.019743845 -2.065000772 -0.998097062 0.009773696 -0.060883813 91.682373047
-0.070466571 0.021063507 0.997291684 39.442272186 0.011487412 0.999727786 -0.020303279 -2.083010674 -0.997448027 0.010025596 -0.070689358 91.629249573
-0.079527237 0.021408981 0.996602714 40.225982666 0.012357972 0.999713719 -0.020489667 -2.115616798 -0.996756077 0.010686503 -0.079769045 91.562057495
-0.088311657 0.020952458 0.995872498 40.976470947 0.013615859 0.999710858 -0.019825790 -2.139018536 -0.995999873 0.011808814 -0.088571399 91.491157532
-0.095730372 0.019444035 0.995217323 41.706836700 0.015032206 0.999723375 -0.018086117 -2.169421911 -0.995293796 0.013228922 -0.095996171 91.420257568
-0.100679815 0.017987994 0.994756401 42.457954407 0.017864995 0.999708056 -0.016269410 -2.193426609 -0.994758487 0.016133318 -0.100971788 91.337036133
-0.104138143 0.016314616 0.994428992 43.185432434 0.020774057 0.999683022 -0.014225321 -2.216274261 -0.994345903 0.019176926 -0.104444064 91.250572205
-0.107081585 0.015198534 0.994134068 43.896270752 0.022033982 0.999673903 -0.012909873 -2.239290476 -0.994006097 0.020522319 -0.107381552 91.178741455
-0.108913511 0.014134106 0.993950784 44.602977753 0.022289939 0.999682188 -0.011773159 -2.264155626 -0.993801236 0.020872841 -0.109193936 91.102310181
-0.109285936 0.014736692 0.993901193 45.287368774 0.023506716 0.999648750 -0.012237196 -2.280895472 -0.993732333 0.022025999 -0.109593928 91.018867493
-0.108705975 0.015618769 0.993951321 45.961799622 0.023903325 0.999628544 -0.013093735 -2.304188490 -0.993786514 0.022335377 -0.109038927 90.953155518
-0.105502933 0.017409489 0.994266629 46.617362976 0.025080627 0.999575317 -0.014841109 -2.322917461 -0.994102716 0.023371048 -0.105894744 90.879852295
-0.100608207 0.017896870 0.994765222 47.232582092 0.024858169 0.999571323 -0.015469241 -2.339583635 -0.994615555 0.023171714 -0.101009943 90.826423645
-0.092971586 0.018444231 0.995497823 47.863643646 0.023874648 0.999582231 -0.016290203 -2.365970850 -0.995382488 0.022252638 -0.093373083 90.780151367
-0.081413634 0.018193962 0.996514261 48.462383270 0.023049649 0.999600291 -0.016367184 -2.388067961 -0.996413827 0.021636795 -0.081800446 90.732337952
-0.067881152 0.018600451 0.997519970 49.035442352 0.022408176 0.999602377 -0.017114410 -2.405268192 -0.997441828 0.021190863 -0.068270959 90.703468323
-0.051124338 0.020041497 0.998491108 49.581390381 0.021445384 0.999590039 -0.018965516 -2.425142765 -0.998461962 0.020443430 -0.051533177 90.695693970
-0.029528487 0.022581920 0.999308765 50.131462097 0.020103905 0.999555886 -0.021993456 -2.447994232 -0.999361753 0.019440576 -0.029969359 90.694671631
-0.004587037 0.025484966 0.999664724 50.668109894 0.018654039 0.999503374 -0.025395263 -2.468407869 -0.999815464 0.018531296 -0.005060153 90.703804016
0.023947412 0.027075481 0.999346495 51.191795349 0.017051507 0.999476612 -0.027487613 -2.490996599 -0.999567807 0.017698620 0.023473203 90.732894897
0.056583218 0.026540356 0.998045027 51.717571259 0.014210426 0.999523878 -0.027385328 -2.513354301 -0.998296678 0.015732197 0.056179132 90.787750244
0.094730973 0.023292072 0.995230377 52.237083435 0.012427611 0.999620557 -0.024577737 -2.549516678 -0.995425224 0.014696609 0.094405577 90.855880737
0.136863992 0.020461997 0.990378499 52.759338379 0.011477279 0.999686778 -0.022240395 -2.555382252 -0.990523279 0.014410760 0.136586249 90.952888489
0.182268873 0.016062319 0.983117580 53.261081696 0.008704884 0.999801040 -0.017948769 -2.575422764 -0.983210146 0.011829427 0.182092756 91.072181702
0.230474368 0.013001810 0.972991526 53.743339539 0.004357710 0.999886930 -0.014393424 -2.590373516 -0.973068595 0.007557331 0.230391651 91.219635010
0.281961143 0.011659981 0.959354937 54.218990326 0.000961442 0.999922097 -0.012435609 -2.605458260 -0.959425330 0.004428722 0.281928003 91.390151978
0.336639792 0.011001362 0.941569209 54.690109253 0.000361112 0.999930143 -0.011812364 -2.623731613 -0.941633403 0.004316524 0.336612314 91.583168030
0.395204276 0.011733884 0.918518245 55.133483887 0.002870740 0.999897718 -0.014008662 -2.633625984 -0.918588638 0.008173112 0.395130187 91.795860291
0.454918385 0.014825486 0.890409589 55.557411194 0.003459048 0.999824405 -0.018414520 -2.650956631 -0.890526354 0.011457075 0.454787254 92.046951294
0.511811733 0.018789424 0.858892143 55.920974731 0.004320216 0.999691904 -0.024444012 -2.663792610 -0.859086812 0.016221331 0.511572778 92.342819214
0.570317566 0.022952741 0.821103573 56.295295715 0.000220544 0.999605179 -0.028095677 -2.678353786 -0.821424305 0.016204545 0.570087314 92.642036438
0.627436459 0.025359295 0.778254688 56.657356262 -0.003075207 0.999542475 -0.030090656 -2.694326639 -0.778661788 0.016486678 0.627227247 92.957031250
0.677691996 0.027210368 0.734842181 56.936489105 -0.004903228 0.999460101 -0.032486979 -2.701575994 -0.735329509 0.018413071 0.677459717 93.314987183
0.726326942 0.026114332 0.686853170 57.226158142 -0.005614878 0.999469995 -0.032062538 -2.711142063 -0.687326491 0.019431289 0.726088643 93.679542542
0.771447659 0.023220241 0.635869026 57.490486145 -0.007675551 0.999600708 -0.027190642 -2.719355822 -0.636246443 0.016095515 0.771317959 94.063400269
0.812286675 0.017906476 0.582983494 57.732345581 -0.007997199 0.999776483 -0.019565666 -2.737913609 -0.583203614 0.011230695 0.812248349 94.475883484
0.849163294 0.013721016 0.527952135 57.945747375 -0.008399410 0.999886811 -0.012476498 -2.756829977 -0.528063536 0.006160097 0.849182487 94.880851746
0.880272806 0.010362242 0.474354893 58.138351440 -0.008831905 0.999946058 -0.005454144 -2.764678955 -0.474385887 0.000611674 0.880316794 95.317848206
0.905419469 0.011112189 0.424372673 58.292232513 -0.012330844 0.999923944 0.000125463 -2.776988983 -0.424338996 -0.005346470 0.905487537 95.766319275
0.925548077 0.012854978 0.378412038 58.437744141 -0.015394850 0.999874711 0.003687270 -2.785524368 -0.378317237 -0.009238342 0.925629973 96.213272095
0.940655529 0.019550411 0.338799536 58.555473328 -0.023078093 0.999713242 0.006386446 -2.793182135 -0.338577569 -0.013826290 0.940836906 96.664825439
0.952305913 0.023275867 0.304256678 58.666091919 -0.026185177 0.999641955 0.005484709 -2.791498184 -0.304020017 -0.013190137 0.952574372 97.137771606
0.961613417 0.025628773 0.273207963 58.767879486 -0.028197931 0.999587297 0.005480508 -2.795708895 -0.272954732 -0.012974031 0.961939275 97.597640991
0.967657685 0.020001732 0.251472533 58.880165100 -0.022114873 0.999739766 0.005579535 -2.796773672 -0.251295477 -0.010960360 0.967848301 98.079132080
0.971602738 0.017217578 0.235990673 58.991165161 -0.019264491 0.999794066 0.006370581 -2.805408955 -0.235832393 -0.010735915 0.971734405 98.564315796
0.974538565 0.020946765 0.223239213 59.094013214 -0.022862608 0.999720573 0.006000656 -2.804101229 -0.223051146 -0.010951701 0.974745214 99.075805664
0.976604760 0.026361804 0.213420495 59.190906525 -0.028381469 0.999576628 0.006404417 -2.800469875 -0.213161334 -0.012311770 0.976939321 99.585304260
0.977670550 0.034126196 0.207354128 59.288688660 -0.035840459 0.999347329 0.004515199 -2.789672375 -0.207064718 -0.011846044 0.978255510 100.112037659
0.977921724 0.040481180 0.205013156 59.381050110 -0.041725352 0.999127567 0.001747554 -2.804409027 -0.204763532 -0.010263218 0.978757560 100.643592834
0.978141189 0.041079324 0.203843892 59.490852356 -0.041730110 0.999128282 -0.001106602 -2.810671329 -0.203711644 -0.007424015 0.979002714 101.208686829
0.977689028 0.039273940 0.206353351 59.610435486 -0.039126128 0.999222696 -0.004798669 -2.813794374 -0.206381395 -0.003382201 0.978465796 101.758193970
0.976909578 0.038190767 0.210212186 59.734909058 -0.036639240 0.999265015 -0.011271813 -2.819943905 -0.210488185 0.003309529 0.977590799 102.317115784
0.975973666 0.038512487 0.214457810 59.860244751 -0.035911929 0.999226749 -0.016010618 -2.821772575 -0.214908600 0.007924348 0.976602018 102.889518738
0.974766076 0.043053266 0.219037786 59.980232239 -0.040547222 0.999050617 -0.015925730 -2.826840162 -0.219515488 0.006642488 0.975586355 103.491210938
0.973416030 0.046475954 0.224279359 60.118583679 -0.045059863 0.998918951 -0.011430924 -2.846434832 -0.224568158 0.001021046 0.974457860 104.103614807
0.972442329 0.043345518 0.229078710 60.265754700 -0.042970553 0.999054372 -0.006627159 -2.859928131 -0.229149327 -0.003399109 0.973385453 104.718650818
0.971696079 0.039131105 0.232971340 60.421207428 -0.039979611 0.999199927 -0.001080672 -2.866341352 -0.232827246 -0.008264018 0.972483099 105.347915649
0.970896900 0.036884945 0.236640736 60.577346802 -0.038873620 0.999237180 0.003741852 -2.876340389 -0.236322209 -0.012832033 0.971590042 105.984367371
0.970303595 0.032359019 0.239715949 60.738044739 -0.034406859 0.999398351 0.004361627 -2.880047798 -0.239430621 -0.012479980 0.970833302 106.628166199
0.970324755 0.028835882 0.240080103 60.903175354 -0.029995669 0.999549270 0.001177330 -2.890766859 -0.239937916 -0.008343755 0.970752418 107.288764954
0.970492065 0.028223045 0.239475593 61.068778992 -0.027614033 0.999601126 -0.005898692 -2.897080898 -0.239546567 -0.000888252 0.970884502 107.946838379
0.970570028 0.030555965 0.238872573 61.223205566 -0.028396707 0.999518812 -0.012476391 -2.902741432 -0.239138857 0.005326019 0.970970750 108.620903015
0.971117735 0.033490989 0.236238524 61.381877899 -0.030550854 0.999403536 -0.016096160 -2.912024260 -0.236636713 0.008413976 0.971561849 109.304222107
0.971790493 0.031521391 0.233729899 61.558334351 -0.029556409 0.999492168 -0.011905833 -2.921778202 -0.233986482 0.004661760 0.972228587 110.024353027
0.972222686 0.027399736 0.232448742 61.728656769 -0.027161840 0.999622107 -0.004224701 -2.934859514 -0.232476637 -0.002206383 0.972599447 110.742843628
0.972765923 0.027896946 0.230104610 61.895378113 -0.029039400 0.999576986 0.001579242 -2.945195436 -0.229963213 -0.008218333 0.973164618 111.474235535
0.973119378 0.031179165 0.228181049 62.071063995 -0.032230876 0.999480069 0.000883231 -2.952005386 -0.228034854 -0.008213965 0.973618269 112.233192444
0.973448455 0.036673307 0.225949585 62.229263306 -0.036778897 0.999316394 -0.003743647 -2.958130836 -0.225932389 -0.004665930 0.974131763 112.975311279
0.974265754 0.037827626 0.222205505 62.396041870 -0.036737826 0.999283969 -0.009037267 -2.963984966 -0.222388238 0.000641351 0.974958003 113.738769531
0.975236893 0.036328897 0.218158647 62.567909241 -0.034564499 0.999331653 -0.011899756 -2.971711636 -0.218445092 0.004064537 0.975840807 114.506019592
0.976182461 0.033982731 0.214273095 62.740417480 -0.032524545 0.999417543 -0.010328184 -2.983967304 -0.214499265 0.003113058 0.976719201 115.284378052
0.977048457 0.030332882 0.210846201 62.915626526 -0.029211452 0.999537647 -0.008431995 -2.998540878 -0.211004525 0.002079345 0.977482915 116.087623596
0.977426589 0.029871808 0.209152594 63.086776733 -0.029341711 0.999553442 -0.005637525 -3.010854483 -0.209227636 -0.000626629 0.977866828 116.888023376
0.977821827 0.026392747 0.207768545 63.263641357 -0.026318474 0.999648631 -0.003122223 -3.023786306 -0.207777932 -0.002415173 0.978173137 117.700050354
0.977963448 0.021676376 0.207647577 63.436973572 -0.021706218 0.999762237 -0.002135022 -3.030997753 -0.207644477 -0.002419270 0.978201330 118.544036865
0.978093505 0.022237588 0.206974640 63.609954834 -0.022612302 0.999744236 -0.000555402 -3.037780285 -0.206934035 -0.004136937 0.978346169 119.368286133
0.977871835 0.027455788 0.207395673 63.777755737 -0.027513005 0.999618053 -0.002609081 -3.046669960 -0.207388088 -0.003154731 0.978253663 120.210922241
0.977641046 0.032928340 0.207686514 63.951751709 -0.032462683 0.999456942 -0.005650880 -3.063057423 -0.207759827 -0.001217529 0.978179097 121.047660828
0.977114975 0.041731749 0.208577961 64.115585327 -0.041118536 0.999127746 -0.007276969 -3.072424173 -0.208699733 -0.001465986 0.977978647 121.880180359
0.976179361 0.047701899 0.211656407 64.282836914 -0.047363341 0.998855412 -0.006672115 -3.084358692 -0.211732432 -0.003511571 0.977321386 122.734848022
0.975440919 0.049938180 0.214525655 64.461753845 -0.050163541 0.998731315 -0.004396964 -3.103564739 -0.214473099 -0.006472386 0.976708472 123.589683533
0.974808872 0.051408574 0.217036635 64.643936157 -0.051531605 0.998658419 -0.005096568 -3.119914055 -0.217007458 -0.006216066 0.976150215 124.439277649
0.974537015 0.048970696 0.218813732 64.838722229 -0.048326772 0.998797119 -0.008297295 -3.123115063 -0.218956843 -0.002488537 0.975731313 125.313133240
0.974496722 0.043035652 0.220236331 65.034431458 -0.042586889 0.999069631 -0.006787405 -3.147528887 -0.220323548 -0.002764876 0.975422919 126.165725708
0.974780500 0.036070917 0.220231369 65.242279053 -0.035094865 0.999349117 -0.008344187 -3.164719105 -0.220389023 0.000404762 0.975411952 127.017768860
0.974428535 0.035345063 0.221900344 65.437164307 -0.034340702 0.999374986 -0.008384003 -3.183390856 -0.222057998 0.000549399 0.975033283 127.879745483
0.973988116 0.038164265 0.223362163 65.630622864 -0.037906438 0.999266446 -0.005443444 -3.199859142 -0.223406047 -0.003165011 0.974720299 128.739120483
0.973628223 0.040114120 0.224585965 65.812438965 -0.041262470 0.999148309 0.000420140 -3.213173866 -0.224377841 -0.009676032 0.974454224 129.581451416
0.973278761 0.043403514 0.225486845 66.005386353 -0.045663580 0.998945355 0.004814749 -3.228482246 -0.225040048 -0.014982631 0.974234402 130.437377930
0.973107934 0.042327952 0.226427034 66.199157715 -0.043095026 0.999069810 -0.001556651 -3.243330002 -0.226282284 -0.008243088 0.974026978 131.275512695
0.973359227 0.038755815 0.225985795 66.398780823 -0.036100324 0.999222159 -0.015873024 -3.262754679 -0.226425186 0.007291999 0.974001348 132.089309692
