1.000000000 0.000000000 0.000000000 0.000000000 0.000000000 1.000000000 0.000000000 0.000000000 0.000000000 0.000000000 1.000000000 0.000000000
0.999998510 0.000633708 0.001607728 -0.004783860 -0.000626470 0.999989688 -0.004498790 -0.002141905 -0.001610562 0.004497777 0.999988616 0.976296067
0.999996006 -0.001966092 0.002041324 0.003702671 0.001976712 0.999984443 -0.005213610 0.000340329 -0.002031042 0.005217624 0.999984324 1.944662452
0.999992371 -0.003311944 0.002067190 0.002664342 0.003314571 0.999993682 -0.001269143 -0.002561425 -0.002062974 0.001275985 0.999997020 2.922063351
0.999982953 -0.005702403 0.001338299 0.008131873 0.005695926 0.999972284 0.004794935 -0.005260035 -0.001365604 -0.004787231 0.999987602 3.891755819
0.999954343 -0.009553296 -0.000294199 0.015845336 0.009554589 0.999942958 0.004764617 -0.000098664 0.000248665 -0.004767210 0.999988556 4.850719929
0.999924362 -0.012212048 -0.001475825 0.022235494 0.012214683 0.999923766 0.001789078 0.003255072 0.001453865 -0.001806970 0.999997318 5.803485394
0.999916792 -0.012638288 -0.002584187 0.022033196 0.012634284 0.999918938 -0.001560409 0.004813939 0.002603698 0.001527630 0.999995410 6.754134655
0.999917448 -0.012524915 -0.002848787 0.009709023 0.012518656 0.999919176 -0.002204390 0.006516416 0.002876166 0.002168545 0.999993443 7.707042694
0.999918580 -0.012097007 -0.004062604 0.004036933 0.012096260 0.999926805 -0.000208756 0.005558549 0.004064832 0.000159597 0.999991715 8.651337624
0.999924362 -0.011537096 -0.004259499 -0.012766046 0.011548824 0.999929547 0.002739188 0.004286494 0.004227596 -0.002788172 0.999987185 9.596666336
0.999916136 -0.011785545 -0.005378866 -0.018756919 0.011807339 0.999922156 0.004037918 0.010181315 0.005330858 -0.004101088 0.999977350 10.545707703
0.999895215 -0.013314114 -0.005683740 -0.025505919 0.013340925 0.999899864 0.004705470 0.013331376 0.005620522 -0.004780802 0.999972701 11.476153374
0.999885917 -0.013547134 -0.006678769 -0.032652188 0.013580243 0.999895632 0.004937492 0.015489768 0.006611183 -0.005027629 0.999965489 12.408469200
0.999873221 -0.014102278 -0.007392980 -0.042957090 0.014127696 0.999894440 0.003397425 0.020461127 0.007344287 -0.003501440 0.999966860 13.337608337
0.999856710 -0.014625810 -0.008523933 -0.056497425 0.014640041 0.999891579 0.001609453 0.023090091 0.008499471 -0.001734014 0.999962389 14.264179230
0.999824286 -0.015866611 -0.009974663 -0.073858120 0.015868742 0.999874055 0.000134366 0.030424513 0.009971274 -0.000292628 0.999950290 15.184800148
0.999807954 -0.015634388 -0.011814338 -0.080511555 0.015628979 0.999877632 -0.000550197 0.027560357 0.011821495 0.000365445 0.999930084 16.122316360
0.999811947 -0.014245049 -0.013159487 -0.104058757 0.014234668 0.999898195 -0.000882305 0.020750269 0.013170720 0.000694818 0.999913037 17.043495178
0.999805510 -0.012671823 -0.015111737 -0.117857665 0.012663079 0.999919593 -0.000674140 0.018646099 0.015119065 0.000482648 0.999885559 17.957397461
0.999770820 -0.013638538 -0.016500447 -0.136077046 0.013647079 0.999906778 0.000405126 0.016967796 0.016493384 -0.000630216 0.999863803 18.857057571
0.999759257 -0.012637593 -0.017936444 -0.158597291 0.012662617 0.999918997 0.001282308 0.019075189 0.017918786 -0.001509122 0.999838293 19.775295258
0.999731958 -0.012472183 -0.019503726 -0.177875280 0.012509049 0.999920189 0.001769286 0.022296377 0.019480100 -0.002012785 0.999808192 20.679069519
0.999696672 -0.013383640 -0.020672247 -0.202399120 0.013419945 0.999908626 0.001618453 0.022021778 0.020648696 -0.001895382 0.999785006 21.577327728
0.999660492 -0.013336002 -0.022385420 -0.220031261 0.013366310 0.999909937 0.001204800 0.024131214 0.022367336 -0.001503601 0.999748766 22.468822479
0.999632537 -0.013063123 -0.023748001 -0.241847008 0.013102500 0.999912977 0.001503268 0.022968434 0.023726301 -0.001813874 0.999716818 23.347482681
0.999601662 -0.012870992 -0.025115564 -0.261496156 0.012955813 0.999910831 0.003217465 0.027825106 0.025071915 -0.003541576 0.999679327 24.226213455
0.999583304 -0.013828374 -0.025336981 -0.295470655 0.013990677 0.999882638 0.006239793 0.029250324 0.025247721 -0.006591674 0.999659479 25.100143433
0.999565840 -0.014047105 -0.025900502 -0.321620047 0.014254273 0.999867737 0.007831333 0.030500516 0.025787065 -0.008197126 0.999633849 25.951652527
0.999546528 -0.013403207 -0.026967259 -0.341358423 0.013587653 0.999885440 0.006667964 0.034688488 0.026874797 -0.007031363 0.999614060 26.795797348
0.999541759 -0.012171063 -0.027714778 -0.371344298 0.012282395 0.999917150 0.003850402 0.041437663 0.027665619 -0.004189041 0.999608457 27.620437622
0.999531806 -0.011554881 -0.028328359 -0.400008917 0.011625422 0.999929726 0.002326729 0.041680407 0.028299479 -0.002654969 0.999595940 28.437288284
0.999518156 -0.010370629 -0.029256914 -0.427981734 0.010433526 0.999943614 0.001997922 0.046018582 0.029234545 -0.002302211 0.999569893 29.245298386
0.999480903 -0.010752392 -0.030370921 -0.457234800 0.010809508 0.999940097 0.001717038 0.044909772 0.030350642 -0.002044441 0.999537289 30.041130066
0.999424875 -0.010113941 -0.032367904 -0.482799411 0.010136890 0.999948502 0.000545006 0.044603299 0.032360725 -0.000872803 0.999475896 30.844188690
0.999349415 -0.009993938 -0.034653846 -0.507358253 0.010014546 0.999949753 0.000421163 0.045333572 0.034647901 -0.000767931 0.999399364 31.623596191
0.999263644 -0.010169840 -0.036995772 -0.533902168 0.010232516 0.999946594 0.001505187 0.051952176 0.036978487 -0.001882639 0.999314308 32.414459229
0.999204278 -0.010550775 -0.038463954 -0.573833644 0.010703286 0.999935627 0.003761226 0.051040910 0.038421795 -0.004169924 0.999252915 33.191490173
0.999123156 -0.009264354 -0.040830124 -0.601387024 0.009492755 0.999940395 0.005403629 0.054209307 0.040777631 -0.005786479 0.999151468 33.948997498
0.999062717 -0.008285418 -0.042485598 -0.641659379 0.008539073 0.999946713 0.005792343 0.050617546 0.042435337 -0.006149702 0.999080300 34.691928864
0.998994350 -0.005372290 -0.044513244 -0.678111911 0.005603371 0.999971449 0.005068133 0.054147854 0.044484746 -0.005312460 0.998995900 35.420806885
0.998913825 -0.004063362 -0.046417318 -0.710663736 0.004266760 0.999981701 0.004283709 0.056099840 0.046399061 -0.004477108 0.998912930 36.162105560
0.998828590 -0.003903879 -0.048231181 -0.744331837 0.004172115 0.999976337 0.005462017 0.060665995 0.048208725 -0.005656844 0.998821199 36.871654510
0.998785734 -0.002187545 -0.049215369 -0.785630822 0.002539189 0.999971688 0.007083625 0.068834752 0.049198475 -0.007199992 0.998763025 37.593578339
0.998792946 0.000278218 -0.049119070 -0.828088880 0.000092080 0.999971569 0.007536343 0.074077144 0.049119778 -0.007531769 0.998764455 38.282985687
0.998829544 0.003293546 -0.048256475 -0.865675807 -0.003016094 0.999978483 0.005821226 0.070598826 0.048274614 -0.005668866 0.998817980 38.986278534
0.998912394 0.004828119 -0.046375994 -0.902000666 -0.004718371 0.999985754 0.002475648 0.078215092 0.046387289 -0.002254136 0.998920977 39.651794434
0.998987615 0.005632561 -0.044631831 -0.928020477 -0.005605821 0.999984026 0.000724240 0.081659675 0.044635203 -0.000473309 0.999003232 40.317234039
0.999128103 0.006699461 -0.041208174 -0.961901069 -0.006631281 0.999976397 0.001791010 0.078089148 0.041219208 -0.001516185 0.999148965 40.982318878
0.999218166 0.011393227 -0.037855614 -0.990842223 -0.011244209 0.999928176 0.004147017 0.084855467 0.037900139 -0.003718118 0.999274671 41.636692047
0.999294698 0.015723951 -0.034101170 -1.020540476 -0.015469002 0.999850452 0.007727245 0.086389646 0.034217581 -0.007194283 0.999388456 42.268520355
0.999343634 0.020711426 -0.029720403 -1.045586109 -0.020450195 0.999749660 0.009066837 0.081279993 0.029900756 -0.008453099 0.999517024 42.887020111
0.999396682 0.024152108 -0.024958979 -1.061246872 -0.023928395 0.999671102 0.009223394 0.089036345 0.025173536 -0.008620601 0.999645948 43.504081726
0.999422967 0.027893016 -0.019385237 -1.071863532 -0.027681801 0.999555290 0.011079963 0.097362012 0.019685674 -0.010536950 0.999750793 44.087902069
0.999374866 0.033102762 -0.012414672 -1.091925740 -0.032947447 0.999378622 0.012513356 0.098834902 0.012821186 -0.012096500 0.999844551 44.659366608
0.999333203 0.036149509 -0.005148474 -1.099746704 -0.036084380 0.999273837 0.012227109 0.100661159 0.005586740 -0.012033175 0.999912024 45.199615479
0.999221861 0.039409637 0.001614539 -1.099232912 -0.039426077 0.999151826 0.011882205 0.108455658 -0.001144896 -0.011936615 0.999928057 45.743488312
0.999001324 0.043803625 0.008799806 -1.092194557 -0.043902550 0.998970985 0.011382239 0.114702970 -0.008292167 -0.011757207 0.999896526 46.254318237
0.998705447 0.048038263 0.016731173 -1.093165398 -0.048183713 0.998803198 0.008401142 0.122131497 -0.016307574 -0.009196433 0.999824703 46.731376648
0.998402238 0.050698735 0.024950083 -1.086772680 -0.050852485 0.998690605 0.005566339 0.119955629 -0.024635209 -0.006826218 0.999673128 47.178318024
0.998183846 0.050738879 0.032472365 -1.066680074 -0.050937161 0.998687744 0.005307744 0.123801664 -0.032160442 -0.006952154 0.999458551 47.634696960
0.997956634 0.049722243 0.040127084 -1.041623831 -0.050030127 0.998725235 0.006704608 0.124905765 -0.039742555 -0.008698472 0.999172032 48.049854279
0.997513473 0.051327843 0.048294239 -1.018430233 -0.051744729 0.998632669 0.007421059 0.125523895 -0.047847308 -0.009901578 0.998805583 48.438297272
0.996888518 0.054579884 0.056871213 -0.998596430 -0.055081248 0.998455286 0.007284660 0.130183324 -0.056385770 -0.010394531 0.998354912 48.808891296
0.996096730 0.059393879 0.065296769 -0.974387884 -0.059949230 0.998179734 0.006577130 0.133753449 -0.064787269 -0.010465948 0.997844160 49.149848938
0.995197475 0.063242190 0.074715480 -0.960499525 -0.063938670 0.997929513 0.006964526 0.128237963 -0.074120328 -0.011708288 0.997180581 49.454578400
0.994501591 0.062580623 0.083965078 -0.924933434 -0.063445754 0.997955799 0.007672496 0.126127750 -0.083313294 -0.012957540 0.996439159 49.747097015
0.993643582 0.061352428 0.094384454 -0.883498192 -0.062185302 0.998046994 0.005905674 0.122358859 -0.093837805 -0.011737460 0.995518267 50.028682709
0.992537022 0.059968188 0.106178932 -0.847601891 -0.060465831 0.998169184 0.001470800 0.121021956 -0.105896316 -0.007880019 0.994345963 50.299167633
0.990938902 0.061127350 0.119596832 -0.808930397 -0.061268132 0.998118222 -0.002502909 0.119634315 -0.119524762 -0.004847245 0.992819369 50.568763733
0.988866270 0.062869936 0.134873539 -0.762613297 -0.062804297 0.998014569 -0.004745679 0.119430900 -0.134904131 -0.003777796 0.990851581 50.841857910
0.986401856 0.064506128 0.151163429 -0.716236591 -0.064337790 0.997910082 -0.006009428 0.117762506 -0.151235178 -0.003797810 0.988490522 51.109943390
0.983648419 0.064871997 0.168010339 -0.659790993 -0.064533062 0.997887492 -0.007482387 0.121464014 -0.168140799 -0.003482185 0.985756874 51.380889893
0.980459690 0.063983314 0.186023772 -0.598859787 -0.063481398 0.997945487 -0.008659683 0.118571192 -0.186195627 -0.003318578 0.982506990 51.633258820
0.976618648 0.063464396 0.205397666 -0.529967308 -0.062984750 0.997975051 -0.008879425 0.114263982 -0.205545262 -0.004265105 0.978638351 51.874710083
0.972148657 0.063607477 0.225568980 -0.452676773 -0.062943071 0.997965574 -0.010143459 0.112392843 -0.225755304 -0.004337058 0.974174380 52.145179749
0.966920793 0.065379992 0.246555761 -0.374248505 -0.064343408 0.997852385 -0.012267371 0.109090865 -0.246828333 -0.004002665 0.969050944 52.395153046
0.960726261 0.067026287 0.269281894 -0.290760040 -0.065532789 0.997744441 -0.014542563 0.106485367 -0.269649237 -0.003675370 0.962951541 52.641384125
0.953529119 0.068103701 0.293503404 -0.193266869 -0.066432111 0.997667849 -0.015672475 0.102043867 -0.293886274 -0.004553887 0.955829501 52.891605377
0.944948971 0.071427174 0.319326758 -0.093725204 -0.069765717 0.997424364 -0.016654320 0.096871436 -0.319693863 -0.006540576 0.947498322 53.145736694
0.935280681 0.072875053 0.346322536 0.015279770 -0.071199238 0.997307241 -0.017577678 0.088377059 -0.346670955 -0.008217841 0.937950909 53.384475708
0.924268425 0.073683478 0.374564469 0.145149231 -0.071764350 0.997238934 -0.019090189 0.080724776 -0.374936879 -0.009235917 0.927004278 53.636596680
0.911680341 0.071889170 0.404562384 0.281108856 -0.069214448 0.997375369 -0.021255119 0.072229505 -0.405028582 -0.008623692 0.914263368 53.869438171
0.896910608 0.069235303 0.436758161 0.432575226 -0.065368585 0.997574985 -0.023897944 0.062973857 -0.437353581 -0.007115945 0.899261475 54.100784302
0.879672885 0.068369888 0.470638901 0.595481873 -0.062433187 0.997649670 -0.028234843 0.056570888 -0.471463144 -0.004546062 0.881874025 54.332523346
0.860264361 0.070328206 0.504974544 0.763816833 -0.061914016 0.997520864 -0.033450056 0.050894380 -0.506075025 -0.002489112 0.862485826 54.562877655
0.838558435 0.072212152 0.540004671 0.953693390 -0.061478145 0.997388363 -0.037908062 0.040376544 -0.541331708 -0.001410357 0.840807974 54.801288605
0.814009190 0.075239748 0.575958312 1.157388687 -0.062590212 0.997163415 -0.041803919 0.032640457 -0.577469826 -0.002020571 0.816409528 55.049057007
0.786783099 0.079249270 0.612120748 1.375381470 -0.065656573 0.996842086 -0.044666886 0.017905593 -0.613727629 -0.005046607 0.789501667 55.277389526
0.757139385 0.082952991 0.647965014 1.602481842 -0.068543755 0.996517539 -0.047482394 0.000400543 -0.649647415 -0.008463170 0.760188460 55.503093719
0.724203467 0.084422112 0.684399128 1.866390228 -0.068470038 0.996376693 -0.050452970 -0.009846926 -0.686178684 -0.010322631 0.727359653 55.737670898
0.687680304 0.081807606 0.721389771 2.159927368 -0.064778283 0.996581972 -0.051263876 -0.031831741 -0.723117948 -0.011477242 0.690629244 55.973155975
0.648624599 0.080315292 0.756859004 2.475646973 -0.061902996 0.996689081 -0.052714683 -0.054585457 -0.758586884 -0.012659802 0.651448905 56.201503754
0.605904460 0.080443129 0.791459799 2.811651230 -0.060400486 0.996654510 -0.055059120 -0.066383362 -0.793241143 -0.014443994 0.608736217 56.433654785
0.560117245 0.079662956 0.824574053 3.181837082 -0.056287382 0.996725023 -0.058059692 -0.093773484 -0.826498866 -0.013892876 0.562766850 56.649848938
0.511934817 0.078445703 0.855435073 3.577898026 -0.052753732 0.996812999 -0.059840009 -0.113605142 -0.857402861 -0.014493199 0.514441490 56.854919434
0.462817401 0.076736540 0.883125901 3.992301941 -0.051591836 0.996889114 -0.059584063 -0.141203403 -0.884950936 -0.017985543 0.465336621 57.047874451
0.412856519 0.074754059 0.907723188 4.442907333 -0.051671088 0.996943355 -0.058600277 -0.166923404 -0.909329116 -0.022709541 0.415457278 57.232383728
0.363262922 0.074882597 0.928672433 4.913768768 -0.054228108 0.996774316 -0.059161872 -0.181009889 -0.930107176 -0.028868835 0.366151959 57.387668610
0.313825458 0.075208671 0.946497321 5.392736435 -0.052457791 0.996708691 -0.061805289 -0.205621123 -0.948030472 -0.030255077 0.316737831 57.522975922
0.266861439 0.071775481 0.961058438 5.874816895 -0.041181482 0.997161090 -0.063036740 -0.235805988 -0.962854624 -0.022755725 0.269059718 57.614444733
0.223267004 0.065855063 0.972530186 6.375717163 -0.027816363 0.997739315 -0.061176211 -0.266194522 -0.974360347 -0.013393616 0.224594146 57.675708771
0.181156769 0.065151587 0.981293797 6.908135414 -0.018628675 0.997851610 -0.062811859 -0.287640572 -0.983277857 -0.006901410 0.181981251 57.738925934
0.142537564 0.066407770 0.987559140 7.451351166 -0.015675461 0.997773111 -0.064832106 -0.320205629 -0.989665270 -0.006239433 0.143261120 57.797145844
0.109995060 0.067094103 0.991665006 8.008872986 -0.006349111 0.997746110 -0.066801295 -0.351316988 -0.993911862 0.001051623 0.110173151 57.833705902
0.081431605 0.065581918 0.994519055 8.557455063 0.001008688 0.997826815 -0.065882660 -0.385391325 -0.996678412 0.006368089 0.081188485 57.844882965
0.056565501 0.063862123 0.996354342 9.136106491 0.007637032 0.997895181 -0.064394489 -0.418450415 -0.998369753 0.011251695 0.055958722 57.853939056
0.036879092 0.063053824 0.997328520 9.727087021 0.012324497 0.997902751 -0.063545883 -0.446283340 -0.999243736 0.014635088 0.036024645 57.855003357
0.021036908 0.064765573 0.997678757 10.333087921 0.014980845 0.997767031 -0.065087199 -0.477486074 -0.999666393 0.016315306 0.020019688 57.859783173
0.007394999 0.064562850 0.997886181 10.929616928 0.016294744 0.997773230 -0.064676300 -0.513078272 -0.999839902 0.016738582 0.006326497 57.854927063
-0.004382663 0.065301560 0.997855842 11.556701660 0.016881991 0.997728109 -0.065219052 -0.549340904 -0.999847889 0.016559964 -0.005475128 57.849151611
-0.013244042 0.068224624 0.997582018 12.192708015 0.021539198 0.997457564 -0.067930140 -0.585900009 -0.999680340 0.020587452 -0.014679875 57.834014893
-0.019693650 0.070179880 0.997339904 12.839140892 0.025917249 0.997234046 -0.069660664 -0.622563064 -0.999470055 0.024476439 -0.021458047 57.813049316
-0.024400160 0.069567531 0.997278929 13.507017136 0.026365472 0.997273564 -0.068922095 -0.657307625 -0.999354541 0.024612017 -0.026167816 57.791873932
-0.027715096 0.066768050 0.997383595 14.172329903 0.024075055 0.997521818 -0.066108339 -0.694625914 -0.999325871 0.022179868 -0.029253865 57.769092560
-0.030472286 0.059933089 0.997737169 14.857579231 0.022414010 0.997990727 -0.059263770 -0.729207098 -0.999284267 0.020557392 -0.031754397 57.755504608
-0.031722046 0.054149784 0.998028815 15.559564590 0.023329122 0.998299420 -0.053422958 -0.767403305 -0.999224365 0.021588450 -0.032931365 57.734077454
-0.032140363 0.051917523 0.998134017 16.304840088 0.025747327 0.998361528 -0.051100288 -0.803506970 -0.999151647 0.024056904 -0.033424441 57.702678680
-0.031734020 0.054329149 0.998018742 17.014789581 0.028983777 0.998151660 -0.053414796 -0.835765660 -0.999076009 0.027231283 -0.033250026 57.674690247
-0.031113155 0.061488494 0.997622728 17.734607697 0.030052561 0.997712195 -0.060556754 -0.872947872 -0.999063909 0.028097007 -0.032889862 57.651844025
-0.028542032 0.069511823 0.997172713 18.469442368 0.030235305 0.997182786 -0.068647102 -0.908920765 -0.999135137 0.028190495 -0.030563332 57.625495911
-0.026452171 0.070155025 0.997185290 19.209280014 0.031558465 0.997095823 -0.069311559 -0.946872115 -0.999151707 0.029636197 -0.028589331 57.610584259
-0.024958279 0.065809168 0.997520149 19.987352371 0.030674368 0.997411430 -0.065034509 -0.992616296 -0.999217749 0.028975148 -0.026912328 57.605571747
-0.022421636 0.059187457 0.997995079 20.748947144 0.030476941 0.997822523 -0.058492508 -1.037932754 -0.999283910 0.029104343 -0.024176668 57.587532043
-0.019597424 0.057427589 0.998157203 21.509408951 0.028839272 0.997966170 -0.056850359 -1.083640933 -0.999391854 0.027672011 -0.021213736 57.575901031
-0.015809897 0.062697425 0.997907281 22.257968903 0.036463432 0.997404337 -0.062088128 -1.126733899 -0.999209821 0.035405520 -0.018055024 57.547466278
-0.012399781 0.068315528 0.997586608 23.012899399 0.038273338 0.996964753 -0.067797199 -1.169305205 -0.999190271 0.037340306 -0.014976806 57.533775330
-0.010409016 0.068980880 0.997563660 23.795953751 0.031729441 0.997138143 -0.068620361 -1.217540979 -0.999442279 0.030937869 -0.012567951 57.547489166
-0.006802485 0.065518066 0.997828186 24.557981491 0.027393997 0.997489035 -0.065309040 -1.260376334 -0.999601603 0.026890242 -0.008580203 57.545402527
-0.002389112 0.062013149 0.998072445 25.326303482 0.031286526 0.997591436 -0.061908361 -1.308583379 -0.999507606 0.031078326 -0.004323533 57.543334961
0.001274074 0.063241422 0.997997463 26.097461700 0.036250360 0.997339427 -0.063245989 -1.355577707 -0.999341905 0.036258351 -0.001021839 57.539749146
0.003889291 0.067134179 0.997736335 26.862922668 0.035701606 0.997098565 -0.067230433 -1.412027836 -0.999354899 0.035882268 0.001481209 57.552005768
0.007586379 0.067891911 0.997663796 27.639703751 0.031978957 0.997165740 -0.068101190 -1.459149599 -0.999459743 0.032420885 0.005393764 57.563892365
0.011555525 0.067383036 0.997660220 28.412273407 0.031317342 0.997213066 -0.067715570 -1.505658269 -0.999442637 0.032026552 0.009413062 57.569133759
0.014794940 0.064187996 0.997828126 29.174318314 0.035444483 0.997276545 -0.064678051 -1.552978039 -0.999262094 0.036324400 0.012479536 57.586009979
0.018845050 0.065096371 0.997700989 29.940771103 0.040097892 0.997026205 -0.065809734 -1.598073959 -0.999018073 0.041245885 0.016178781 57.587909698
0.021869713 0.065665290 0.997601986 30.709211349 0.042186841 0.996891320 -0.066543333 -1.655077934 -0.998870373 0.043540962 0.019031513 57.607166290
0.024635131 0.065801635 0.997528553 31.471103668 0.042802796 0.996847034 -0.066813715 -1.695379972 -0.998779833 0.044342976 0.021740962 57.626201630
0.028466705 0.064260401 0.997527122 32.238918304 0.043857388 0.996890247 -0.065470956 -1.741520643 -0.998632193 0.045612670 0.025559884 57.642601013
0.031849664 0.062932879 0.997509360 33.009346008 0.046059053 0.996863008 -0.064362727 -1.795482874 -0.998430789 0.047994275 0.028851122 57.670555115
0.034733992 0.063092396 0.997403085 33.795200348 0.044558171 0.996915042 -0.064613253 -1.848295689 -0.998402715 0.046686724 0.031815555 57.696834564
0.038392894 0.065113716 0.997138977 34.564807892 0.041542102 0.996907949 -0.066698134 -1.888686180 -0.998398781 0.043983977 0.035569217 57.720905304
0.040807672 0.065082967 0.997045100 35.337615967 0.043318875 0.996822834 -0.066841438 -1.935527563 -0.998227537 0.045918513 0.037858710 57.760261536
0.043701898 0.064549014 0.996957183 36.112312317 0.041431233 0.996934891 -0.066363744 -1.981427431 -0.998185098 0.044205382 0.040893607 57.794414520
0.045508470 0.065055408 0.996843457 36.899478912 0.039573003 0.996976554 -0.066870719 -2.033862591 -0.998179734 0.042491261 0.042796440 57.849147797
0.048271772 0.065094136 0.996710896 37.705997467 0.036761034 0.997082293 -0.066898786 -2.084119797 -0.998157561 0.039869443 0.045738012 57.895038605
0.051514119 0.067357935 0.996398032 38.482749939 0.035333302 0.996975303 -0.069223702 -2.126262665 -0.998047054 0.038772032 0.048978325 57.938480377
0.055126943 0.070661321 0.995975912 39.269882202 0.034450833 0.996764243 -0.072624095 -2.179862499 -0.997884870 0.038315747 0.052514218 57.976154327
0.058643084 0.073266342 0.995586812 40.075935364 0.034722988 0.996549904 -0.075382508 -2.226679802 -0.997674942 0.038990408 0.055896737 58.029376984
0.061521832 0.074665472 0.995309174 40.866386414 0.028043501 0.996675074 -0.076501369 -2.291214228 -0.997711718 0.032618452 0.059223395 58.085571289
0.063597664 0.073816895 0.995241880 41.672046661 0.024309140 0.996850193 -0.075489573 -2.345790148 -0.997679472 0.028994435 0.061602931 58.160331726
0.067561351 0.074336544 0.994941950 42.470409393 0.026583374 0.996732354 -0.076275438 -2.400874615 -0.997360885 0.031602193 0.065364465 58.210330963
0.071359135 0.075552195 0.994585156 43.271053314 0.025929747 0.996649802 -0.077569410 -2.457488775 -0.997113585 0.031324629 0.069161005 58.266746521
0.075298756 0.076107621 0.994252384 44.073905945 0.022137871 0.996709764 -0.077972315 -2.514037609 -0.996915281 0.027881848 0.073366150 58.333755493
0.079342872 0.074480027 0.994061053 44.882064819 0.021492165 0.996845305 -0.076404057 -2.567887783 -0.996615708 0.027426643 0.077491835 58.396541595
0.083907366 0.074408464 0.993691564 45.726253510 0.021446764 0.996842444 -0.076455370 -2.632740498 -0.996242762 0.027726645 0.082046576 58.481872559
0.089270823 0.077895746 0.992956698 46.539104462 0.018063733 0.996646464 -0.079809211 -2.692852974 -0.995843589 0.025061140 0.087564364 58.556159973
0.095204473 0.086843766 0.991662443 47.347969055 0.016064791 0.995923579 -0.088759243 -2.750338078 -0.995328128 0.024381125 0.093421251 58.643966675
0.102049954 0.091179833 0.990591824 48.171325684 0.014330068 0.995552361 -0.093112707 -2.819531441 -0.994676054 0.023697391 0.100289479 58.746257782
0.109430715 0.094587803 0.989483654 49.004890442 0.009976388 0.995307326 -0.096247829 -2.888347149 -0.993944287 0.020403940 0.107973561 58.839431763
0.116758093 0.092626020 0.988831580 49.837810516 0.006128711 0.995555282 -0.093979500 -2.963007450 -0.993141472 0.017033130 0.115671463 58.946525574
0.124142893 0.090817153 0.988099515 50.676025391 0.005954264 0.995716691 -0.092265338 -3.035902023 -0.992246509 0.017337492 0.123070396 59.060245514
0.131770998 0.086859733 0.987467349 51.507827759 0.006267180 0.996060789 -0.088451937 -3.108901024 -0.991260350 0.017844036 0.130707577 59.170497894
0.138689160 0.081977591 0.986937165 52.343963623 0.003633795 0.996519148 -0.083284155 -3.176061630 -0.990329325 0.015136936 0.137908503 59.298919678
0.146159068 0.074319370 0.986465633 53.166713715 0.000158311 0.997172236 -0.075149484 -3.248039961 -0.989261091 0.011139944 0.145734012 59.426406860
0.153540537 0.071784586 0.985531449 53.991992950 -0.000207265 0.997360110 -0.072613887 -3.311433315 -0.988142312 0.010944907 0.153150082 59.563537598
0.160915121 0.073584370 0.984221339 54.804702759 -0.000422816 0.997221947 -0.074487209 -3.371977806 -0.986968219 0.011569974 0.160499170 59.697540283
0.166310921 0.080571823 0.982776105 55.614738464 0.000512901 0.996649086 -0.081795976 -3.422932625 -0.986073315 0.014107630 0.165712282 59.846961975
0.171897426 0.084115535 0.981517076 56.401424408 -0.000352219 0.996353090 -0.085325278 -3.482213736 -0.985114753 0.014321486 0.171300143 59.982688904
0.176610574 0.086712107 0.980453849 57.205951691 -0.002352537 0.996146262 -0.087676190 -3.559361219 -0.984277964 0.013177988 0.176133990 60.135406494
0.181967929 0.085960045 0.979539990 57.991798401 -0.005156892 0.996241271 -0.086467691 -3.631521940 -0.983290911 0.010682967 0.181727275 60.290901184
0.186981872 0.082800440 0.978867590 58.769237518 -0.000982284 0.996456861 -0.084100626 -3.696288109 -0.982362866 0.014763765 0.186400682 60.443061829
0.191717386 0.076556168 0.978459835 59.545074463 -0.000635706 0.996962607 -0.077879295 -3.751809597 -0.981449962 0.014308801 0.191183701 60.595836639
0.194779724 0.070367798 0.978319585 60.301681519 -0.001780505 0.997447073 -0.071389079 -3.808788300 -0.980845392 0.012163240 0.194407761 60.759380341
0.198028848 0.066805445 0.977916956 61.067062378 -0.005269365 0.997732878 -0.067092098 -3.872159958 -0.980181992 0.008133170 0.197931901 60.914169312
0.201247171 0.066781595 0.977261305 61.802383423 -0.006963187 0.997745633 -0.066747464 -3.923200607 -0.979515731 0.006627884 0.201258495 61.069660187
0.203564957 0.068711825 0.976647377 62.535839081 -0.008600137 0.997621298 -0.068394899 -3.973837376 -0.979023755 0.005523503 0.203671649 61.227966309
0.204632148 0.073319428 0.976089120 63.248767853 -0.013401057 0.997307181 -0.072103769 -4.025260925 -0.978747308 0.001674122 0.205063671 61.396533966
0.206608549 0.077675372 0.975335538 63.966693878 -0.014709243 0.996977687 -0.076283030 -4.077159882 -0.978313208 0.001414278 0.207126662 61.555953979
0.209362298 0.082366779 0.974362969 64.661781311 -0.014198343 0.996597111 -0.081195518 -4.137858391 -0.977735162 0.003164938 0.209819332 61.694664001
0.210804701 0.084539063 0.973865688 65.363685608 -0.013097581 0.996408224 -0.083660789 -4.187095642 -0.977440476 0.004880806 0.211154774 61.858016968
0.212243021 0.084418699 0.973563790 66.044296265 -0.015827946 0.996427953 -0.082950689 -4.242037773 -0.977088690 0.002196189 0.212821037 62.011161804
0.212786764 0.081283249 0.973711848 66.717559814 -0.015359321 0.996688962 -0.079844847 -4.297152519 -0.976978004 0.002034371 0.213330686 62.160202026
0.213660449 0.078647323 0.973736942 67.394119263 -0.015469017 0.996901453 -0.077124022 -4.355686188 -0.976785481 0.001415596 0.214215010 62.310325623
0.213221580 0.078093141 0.973877847 68.060951233 -0.014821771 0.996944249 -0.076697692 -4.399482727 -0.976891458 0.001919008 0.213727504 62.464511871
0.211827204 0.077014476 0.974267900 68.724182129 -0.014897577 0.997028887 -0.075574644 -4.457742214 -0.977193594 0.001494531 0.212345168 62.617485046
0.210085422 0.077775754 0.974584579 69.351966858 -0.016591346 0.996970832 -0.075985774 -4.510543823 -0.977542400 -0.000206170 0.210739389 62.751914978
0.208106846 0.080373272 0.974798262 69.978485107 -0.017230205 0.996764779 -0.078505993 -4.561837196 -0.977954268 -0.000458339 0.208818436 62.886016846
0.205967352 0.083723523 0.974970698 70.588195801 -0.015191630 0.996486664 -0.082361855 -4.616111279 -0.978441000 0.002152458 0.206515595 63.009304047
0.204471275 0.084276915 0.975237906 71.197219849 -0.012562491 0.996430695 -0.083474442 -4.661611557 -0.978791833 0.004816712 0.204800189 63.132202148
0.201315328 0.083397545 0.975969791 71.818565369 -0.013479812 0.996510446 -0.082372248 -4.706401825 -0.979433715 0.003426908 0.201737046 63.282760620
0.199298814 0.080949299 0.976589501 72.417976379 -0.013984974 0.996715724 -0.079763539 -4.752617836 -0.979838967 0.002239202 0.199776322 63.402912140
0.197105497 0.076999627 0.977353871 73.005325317 -0.013520002 0.997029603 -0.075823143 -4.800993443 -0.980289042 0.001731333 0.197561070 63.524684906
0.195637107 0.075707369 0.977749646 73.574501038 -0.010029796 0.997117996 -0.075200200 -4.851763725 -0.980625093 0.004905320 0.195832640 63.625438690
0.193928272 0.076954760 0.977992773 74.144432068 -0.006205477 0.996994853 -0.077219456 -4.899391651 -0.980996072 0.008906127 0.193823040 63.735801697
0.191507265 0.079154007 0.978294253 74.700653076 -0.002187814 0.996774733 -0.080220968 -4.937966347 -0.981488764 0.013222575 0.191062763 63.840290070
0.189471141 0.081308141 0.978514016 75.265121460 -0.003157214 0.996610820 -0.082200527 -4.973982334 -0.981881142 0.012485252 0.189085707 63.956687927
0.188210830 0.083913378 0.978537261 75.825103760 -0.003482753 0.996394098 -0.084774785 -5.016278267 -0.982122421 0.012547530 0.187824428 64.065879822
0.186835602 0.082382977 0.978930831 76.388290405 -0.001827173 0.996504962 -0.083513200 -5.059014320 -0.982389510 0.013814565 0.186333120 64.174240112
0.187457889 0.080538265 0.978965342 76.954673767 0.004463449 0.996552885 -0.082839847 -5.105780602 -0.982262552 0.019898547 0.186452210 64.276840210
0.189924762 0.078914508 0.978622079 77.523628235 0.009215926 0.996577322 -0.082150951 -5.146034241 -0.981755316 0.024621410 0.188547432 64.373008728
0.191447333 0.077948563 0.978402793 78.088554382 0.012121554 0.996577621 -0.081768401 -5.192480564 -0.981428087 0.027514106 0.189847261 64.491615295
0.194198802 0.078144126 0.977844775 78.650039673 0.009379469 0.996628582 -0.081507966 -5.232269287 -0.980917335 0.025000416 0.192811102 64.627540588
0.200077698 0.078757271 0.976609528 79.226486206 0.007666090 0.996607840 -0.081940539 -5.284775734 -0.979750037 0.023881255 0.198795229 64.737792969
0.206790477 0.077762909 0.975290060 79.800743103 0.008899645 0.996645689 -0.081352644 -5.322952271 -0.978344679 0.025502693 0.205404788 64.857849121
0.213809997 0.077926852 0.973762155 80.386863708 0.007162889 0.996661365 -0.081332147 -5.363793373 -0.976849020 0.024364581 0.212537989 65.006912231
0.221852019 0.075683899 0.972138703 80.970962524 0.007981533 0.996808708 -0.079426013 -5.407946587 -0.975047648 0.025379974 0.220539972 65.153213501
0.231137514 0.075615652 0.969978154 81.566116333 0.004588110 0.996879399 -0.078806072 -5.450928688 -0.972910225 0.022665408 0.230069339 65.297630310
0.240253627 0.075170428 0.967795253 82.168121338 0.003261052 0.996928930 -0.078242861 -5.500323296 -0.970704615 0.021954160 0.239270687 65.463958740
0.249789581 0.078816198 0.965087116 82.790390015 -0.002015708 0.996721923 -0.080878042 -5.547820091 -0.968298078 0.018257154 0.249129653 65.642211914
0.259798139 0.080538452 0.962298512 83.384513855 -0.005028772 0.996615291 -0.082052894 -5.592790604 -0.965649784 0.016478010 0.259323806 65.813575745
0.270622075 0.083723702 0.959038079 84.001564026 -0.009482845 0.996394455 -0.084309056 -5.634886742 -0.962638974 0.013721477 0.270440310 65.993278503
0.280690849 0.085482560 0.955983937 84.622558594 -0.010846806 0.996244907 -0.085897848 -5.684190273 -0.959737003 0.013741367 0.280564070 66.187492371
0.290114552 0.086361244 0.953087151 85.250305176 -0.014059940 0.996196926 -0.085987739 -5.730999470 -0.956888616 0.011545947 0.290225476 66.394096375
0.300377667 0.087172635 0.949828506 85.890663147 -0.014359779 0.996115267 -0.086879514 -5.773325443 -0.953712285 0.012457340 0.300462663 66.611373901
0.310493797 0.087662533 0.946524620 86.550651550 -0.018257024 0.996104896 -0.086265467 -5.825370789 -0.950400054 0.009504168 0.310884833 66.842681885
0.321518391 0.083044648 0.943254709 87.216987610 -0.018662861 0.996509016 -0.081371747 -5.880307674 -0.946719348 0.008558687 0.321945876 67.070755005
0.331946939 0.075998530 0.940231621 87.897293091 -0.014836438 0.997046590 -0.075352870 -5.927289009 -0.943181455 0.011063466 0.332094073 67.319366455
0.343131363 0.071147755 0.936588943 88.581420898 -0.013003373 0.997391403 -0.071002632 -5.980610847 -0.939197361 0.012184411 0.343161494 67.566795349
0.353530675 0.068157457 0.932936549 89.280769348 -0.014126762 0.997617245 -0.067529596 -6.029114246 -0.935316265 0.010694405 0.353651077 67.839790344
0.362913966 0.065447897 0.929521441 89.983543396 -0.008034274 0.997713089 -0.067112476 -6.073816299 -0.931788087 0.016888024 0.362609833 68.110633850
0.371431321 0.060144708 0.926510334 90.701843262 -0.000931752 0.997923195 -0.064406969 -6.108395576 -0.928459942 0.023059485 0.370715946 68.396652222
0.378483087 0.050718687 0.924217641 91.441413879 0.008654011 0.998260081 -0.058325909 -6.152801514 -0.925567746 0.030073559 0.377385557 68.688064575
0.385595977 0.046043999 0.921518207 92.172317505 0.014203218 0.998339474 -0.055825546 -6.196404457 -0.922558308 0.034614623 0.384301722 68.987602234
0.392601907 0.046081934 0.918553293 92.897033691 0.015934546 0.998253286 -0.056890950 -6.242021561 -0.919570446 0.036972228 0.391181827 69.296112061
0.400393069 0.052055847 0.914863706 93.642486572 0.018485863 0.997723103 -0.064860940 -6.286786079 -0.916157007 0.042881913 0.398519069 69.617118835
0.407373607 0.056514077 0.911511362 94.364486694 0.022323785 0.997169077 -0.071801864 -6.327072144 -0.912988782 0.049598563 0.404958755 69.939773560
0.412733972 0.058157280 0.908993065 95.077392578 0.020607777 0.997107863 -0.073151946 -6.380401134 -0.910618544 0.048924621 0.410341769 70.263351440
0.416930914 0.059847049 0.906965792 95.800727844 0.013357713 0.997318804 -0.071949616 -6.437881947 -0.908840060 0.042113002 0.415013701 70.616867065
0.421108276 0.063254505 0.904801965 96.521682739 0.007081556 0.997305512 -0.073017262 -6.498366356 -0.906982720 0.037155584 0.419525623 70.963462830
0.425424278 0.066537946 0.902544677 97.223129272 0.006244861 0.997053862 -0.076448999 -6.550648212 -0.904972434 0.038159531 0.423755407 71.294334412
0.429488868 0.069895759 0.900363207 97.910217285 0.003696595 0.996855795 -0.079149902 -6.613360405 -0.903064609 0.037322272 0.427880108 71.627700806
0.432876915 0.073163085 0.898479164 98.583923340 -0.000066717 0.996703506 -0.081129365 -6.670115471 -0.901453078 0.035059080 0.431454927 71.959526062
0.436859727 0.071788549 0.896660388 99.281951904 -0.000526780 0.996830583 -0.079551734 -6.722479820 -0.899529517 0.034280594 0.435512930 72.308479309
0.441205800 0.068633437 0.894777596 99.950019836 0.000328564 0.997058690 -0.076640859 -6.780609131 -0.897405922 0.034108378 0.439885527 72.632469177
0.444619417 0.065746903 0.893303394 100.605621338 0.000311918 0.997291028 -0.073555611 -6.835902691 -0.895719588 0.032982893 0.443394393 72.962356567
0.448261917 0.064471267 0.891574264 101.252601624 -0.000538637 0.997415006 -0.071853973 -6.895160675 -0.893902183 0.031729165 0.447137892 73.295578003
0.451823503 0.066260546 0.889643192 101.881301880 -0.002541335 0.997329354 -0.072990328 -6.942261696 -0.892103851 0.030717866 0.450785249 73.611419678
0.454592764 0.066670030 0.888200700 102.500518799 -0.001058812 0.997234464 -0.074312389 -6.986757278 -0.890698850 0.032841437 0.453406155 73.929153442
0.456394017 0.065392904 0.887371480 103.137138367 -0.000542345 0.997315943 -0.073216073 -7.053843498 -0.889777601 0.032934118 0.455204457 74.266067505
0.458351433 0.064206004 0.886448801 103.743652344 0.001904697 0.997313917 -0.073220864 -7.097329140 -0.888768971 0.035249308 0.456997901 74.572921753
0.459776521 0.064382769 0.885697663 104.339767456 0.000271427 0.997358143 -0.072640456 -7.147436142 -0.888034642 0.033638779 0.458544433 74.894935608
0.461959958 0.063304730 0.884638608 104.930145264 0.001866959 0.997377753 -0.072347261 -7.197218418 -0.886898816 0.035073120 0.460630327 75.198394775
0.464436293 0.065241218 0.883200169 105.505287170 0.001042993 0.997241795 -0.074213840 -7.246288300 -0.885606050 0.035388768 0.463087142 75.506477356
0.467623085 0.064722165 0.881555259 106.073471069 0.004063284 0.997147799 -0.075364128 -7.297526360 -0.883918703 0.038824014 0.466026306 75.795356750
0.470353305 0.064479209 0.880119383 106.636131287 0.004778730 0.997126400 -0.075605221 -7.352844238 -0.882465184 0.039767016 0.468693644 76.100669861
0.473777920 0.063151695 0.878377080 107.188087463 0.007689096 0.997090816 -0.075834066 -7.393815041 -0.880610704 0.042682424 0.471913993 76.390823364
0.477183998 0.061845317 0.876624525 107.721359253 0.009561871 0.997096181 -0.075549453 -7.437500000 -0.878751338 0.044433154 0.475207031 76.675704956
0.480052292 0.061308086 0.875094950 108.250198364 0.010492387 0.997082233 -0.075610198 -7.484348297 -0.877177119 0.045478683 0.478008360 76.975318909
0.483701050 0.060859587 0.873114705 108.775436401 0.010969128 0.997079611 -0.075577281 -7.527041435 -0.875164509 0.046134122 0.481620908 77.268173218
0.486898184 0.060330506 0.871372700 109.295654297 0.012018094 0.997054696 -0.075747602 -7.575911999 -0.873376071 0.047353610 0.484738946 77.569450378
0.490661412 0.061623279 0.869168520 109.813858032 0.011737470 0.996938050 -0.077308059 -7.616137028 -0.871271253 0.048133913 0.488435835 77.862144470
0.495067835 0.061613739 0.866666913 110.325851440 0.014105010 0.996780992 -0.078921147 -7.657245636 -0.868739843 0.051295668 0.492605150 78.150726318
0.500053465 0.064850166 0.863562942 110.829742432 0.011540521 0.996604562 -0.081523709 -7.708109856 -0.865917623 0.050732169 0.497607201 78.445198059
0.505487025 0.070594646 0.859941363 111.319183350 0.008539037 0.996189237 -0.086798944 -7.754150391 -0.862791955 0.051218815 0.502958000 78.736778259
0.511153221 0.077293374 0.856007040 111.814750671 0.003369160 0.995760262 -0.091924280 -7.802315235 -0.859482944 0.049871419 0.508725703 79.055641174
0.517133355 0.083983168 0.851774573 112.306922913 -0.002533007 0.995320201 -0.096598610 -7.857459068 -0.855901122 0.047796816 0.514926016 79.367485046
0.523958683 0.088599801 0.847122967 112.801483154 -0.006315080 0.994951785 -0.100155085 -7.905173302 -0.851720273 0.047127489 0.521873176 79.676033020
0.529655516 0.088874184 0.843544006 113.299888611 -0.010192279 0.995090783 -0.098441176 -7.952135086 -0.848151684 0.043542277 0.527961075 79.996826172
0.534574449 0.088204637 0.840505958 113.805076599 -0.016974937 0.995458543 -0.093669437 -8.002696991 -0.844950855 0.035805739 0.533643901 80.345512390
0.540597975 0.085811146 0.836893201 114.313301086 -0.022953739 0.995918453 -0.087289706 -8.050893784 -0.840967834 0.027978808 0.540361166 80.688835144
0.546155751 0.084030531 0.833458304 114.823669434 -0.029319724 0.996263862 -0.081231952 -8.103462219 -0.837170303 0.019928534 0.546579123 81.046516418
0.552518606 0.082152061 0.829442143 115.340049744 -0.031791076 0.996483862 -0.077519633 -8.149550438 -0.832893968 0.016462184 0.553187668 81.393417358
0.558573723 0.085859179 0.824999154 115.874641418 -0.037225425 0.996220767 -0.078474693 -8.199563026 -0.828619123 0.013122966 0.559658945 81.781265259
0.564795852 0.089697361 0.820341408 116.403327942 -0.041089855 0.995898962 -0.080603182 -8.244533539 -0.824207067 0.011816641 0.566165268 82.160812378
0.570819020 0.092955902 0.815797031 116.938064575 -0.043912783 0.995604992 -0.082718015 -8.290310860 -0.819900751 0.011393093 0.572392225 82.557098389
0.577350616 0.095281675 0.810917795 117.482093811 -0.046529334 0.995393097 -0.083829693 -8.338057518 -0.815169513 0.010667657 0.579124331 82.953895569
