1.000000000 0.000000000 -0.000000000 -0.000000030 0.000000000 0.999999940 0.000000000 -0.000000000 -0.000000000 0.000000000 1.000000000 -0.000000006
0.999991179 -0.002539725 -0.003341164 -0.000003868 0.002533200 0.999994814 -0.001955775 -0.006070459 0.003346113 0.001947294 0.999992490 0.696474969
0.999972820 -0.001539641 -0.007209123 -0.009715739 0.001513906 0.999992430 -0.003573915 -0.007923976 0.007214571 0.003562904 0.999967635 1.399036527
0.999935925 -0.001979168 -0.011137793 -0.021996982 0.001928038 0.999987543 -0.004599557 -0.018006545 0.011146757 0.004577790 0.999927342 2.113178968
0.999869883 -0.000594743 -0.016117483 -0.038206834 0.000512423 0.999986768 -0.005111158 -0.023550002 0.016120309 0.005102234 0.999857068 2.859455347
0.999788940 -0.001867101 -0.020462375 -0.053712748 0.001754283 0.999983132 -0.005529976 -0.027908998 0.020472359 0.005492911 0.999775350 3.621432304
0.999696493 0.000184005 -0.024632733 -0.088357367 -0.000338004 0.999980390 -0.006247786 -0.043660171 0.024631102 0.006254214 0.999677002 4.401161194
0.999561727 0.002899013 -0.029461699 -0.120329276 -0.003113567 0.999968886 -0.007239210 -0.042642921 0.029439801 0.007327768 0.999539673 5.192004204
0.999424219 0.002947421 -0.033802547 -0.149112329 -0.003125778 0.999981463 -0.005224817 -0.058346763 0.033786528 0.005327470 0.999414921 6.012319565
0.999264359 0.001744882 -0.038308613 -0.180327058 -0.001847814 0.999994814 -0.002651689 -0.061786793 0.038303781 0.002720526 0.999262452 6.835848331
0.999139965 0.001790513 -0.041426286 -0.224097669 -0.001787787 0.999998331 0.000102835 -0.072688676 0.041426398 -0.000028685 0.999141514 7.668348789
0.999033570 0.003233070 -0.043836817 -0.266760647 -0.003265033 0.999994338 -0.000657574 -0.077343568 0.043834452 0.000800068 0.999038458 8.508858681
0.998932660 0.002747715 -0.046109434 -0.303264558 -0.002784366 0.999995708 -0.000730668 -0.084781714 0.046107233 0.000858274 0.998936117 9.351870537
0.998838365 -0.000441588 -0.048183445 -0.345867932 0.000392032 0.999999344 -0.001037940 -0.097064599 0.048183873 0.001017845 0.998838007 10.213066101
0.998748899 -0.000473795 -0.050002325 -0.388660550 0.000462522 0.999999881 -0.000237013 -0.102893427 0.050002430 0.000213589 0.998749077 11.067921638
0.998681188 -0.001957272 -0.051304165 -0.436981529 0.001920870 0.999997795 -0.000758834 -0.109033592 0.051305547 0.000659284 0.998682797 11.933302879
0.998589277 -0.000114321 -0.053097878 -0.494122714 -0.000019516 0.999996781 -0.002520051 -0.125920147 0.053098001 0.002517533 0.998586118 12.835444450
0.998531878 0.000545428 -0.054165039 -0.546998739 -0.000844260 0.999984503 -0.005494336 -0.129142657 0.054161210 0.005531999 0.998516858 13.723341942
0.998451650 0.004299975 -0.055459797 -0.611656189 -0.004706464 0.999962926 -0.007200913 -0.139937192 0.055426788 0.007450783 0.998434961 14.607972145
0.998348534 0.005247869 -0.057205889 -0.665211558 -0.005633835 0.999962330 -0.006587778 -0.159008950 0.057169169 0.006899187 0.998340666 15.546907425
0.998297393 0.004606873 -0.058145832 -0.723567247 -0.004886957 0.999977112 -0.004675647 -0.177002221 0.058122959 0.004951843 0.998297155 16.456268311
0.998221159 0.005263574 -0.059386499 -0.782163501 -0.005475428 0.999979138 -0.003405219 -0.185768649 0.059367344 0.003724330 0.998229265 17.388984680
0.998132825 0.004632522 -0.060904212 -0.842987895 -0.004856143 0.999981880 -0.003524196 -0.195131034 0.060886785 0.003813375 0.998137355 18.334461212
0.998040974 0.004285089 -0.062416308 -0.899629354 -0.004554289 0.999980807 -0.004171355 -0.207712755 0.062397230 0.004447445 0.998041511 19.265180588
0.998017013 0.003000443 -0.062871993 -0.968206048 -0.003309048 0.999982893 -0.004804906 -0.221658140 0.062856503 0.005003425 0.998010039 20.214889526
0.997944176 0.003190393 -0.064009547 -1.026129484 -0.003403337 0.999988973 -0.003217989 -0.229928970 0.063998565 0.003429220 0.997944117 21.153940201
0.997959614 0.004721703 -0.063672893 -1.093351007 -0.004734742 0.999988735 -0.000053892 -0.238693461 0.063671924 0.000355256 0.997970819 22.105340958
0.998019338 0.005586679 -0.062659167 -1.156716108 -0.005339411 0.999977231 0.004112993 -0.251640707 0.062680721 -0.003770284 0.998026550 23.060840607
0.998106658 0.003685891 -0.061396759 -1.217986107 -0.003260158 0.999969959 0.007032850 -0.260328352 0.061420832 -0.006819371 0.998088658 24.020769119
0.998180687 0.003855342 -0.060171664 -1.271202445 -0.003400552 0.999964893 0.007658776 -0.262834698 0.060199082 -0.007440224 0.998158634 24.991977692
0.998274386 0.004096446 -0.058579434 -1.331485391 -0.003802418 0.999979556 0.005129893 -0.271596670 0.058599252 -0.004898296 0.998269618 25.957605362
0.998345733 0.004738151 -0.057299465 -1.396504521 -0.004734495 0.999988735 0.000199562 -0.275914967 0.057299767 0.000072052 0.998356998 26.933000565
0.998419702 0.003793741 -0.056068175 -1.455272317 -0.003956237 0.999988258 -0.002787471 -0.279800683 0.056056943 0.003004884 0.998422980 27.916185379
0.998477280 0.001496831 -0.055142589 -1.511030793 -0.001609972 0.999996662 -0.002007407 -0.286214858 0.055139400 0.002093129 0.998476446 28.901498795
0.998447120 -0.000343433 -0.055706184 -1.560768127 0.000527180 0.999994516 0.003283851 -0.302560210 0.055704754 -0.003308119 0.998441815 29.897109985
0.998375237 -0.003864298 -0.056851424 -1.608907938 0.004261325 0.999967396 0.006864008 -0.310271025 0.056823045 -0.007095118 0.998359084 30.895122528
0.998285592 -0.011211175 -0.057445589 -1.661397099 0.011600132 0.999912024 0.006441856 -0.322388589 0.057368305 -0.007097189 0.998327792 31.890529633
0.998171270 -0.013824774 -0.058846973 -1.719306827 0.013996839 0.999898851 0.002512747 -0.326118499 0.058806278 -0.003331824 0.998263836 32.893993378
0.998089135 -0.013552012 -0.060285725 -1.781229973 0.013470544 0.999907732 -0.001757537 -0.326487452 0.060303982 0.000942097 0.998179555 33.896659851
0.997982323 -0.012362733 -0.062276844 -1.850242496 0.012248928 0.999922514 -0.002208896 -0.340458572 0.062299334 0.001441614 0.998056471 34.917415619
0.997948527 -0.012351240 -0.062819012 -1.917291641 0.012325257 0.999923706 -0.000801135 -0.350439727 0.062824115 0.000025231 0.998024642 35.930011749
0.997886539 -0.009367744 -0.064300023 -1.983846188 0.009526832 0.999952137 0.002168027 -0.366058230 0.064276651 -0.002776020 0.997928202 36.959091187
0.997805417 -0.008839209 -0.065621346 -2.051338911 0.009084423 0.999952674 0.003439393 -0.375701368 0.065587856 -0.004027978 0.997838616 37.985950470
0.997771740 -0.007653023 -0.066279262 -2.131817818 0.008088782 0.999947309 0.006308718 -0.388486922 0.066227511 -0.006830779 0.997781157 39.020244598
0.997773409 -0.008161347 -0.066192724 -2.201719761 0.008798840 0.999917567 0.009345034 -0.391586125 0.066110998 -0.009906649 0.997763038 40.047912598
0.997770488 -0.002018047 -0.066708319 -2.284351349 0.002811354 0.999926329 0.011800444 -0.399170548 0.066679619 -0.011961675 0.997702658 41.095581055
0.997776806 -0.002026633 -0.066613369 -2.360352516 0.002771333 0.999934614 0.011088927 -0.397416204 0.066586547 -0.011248883 0.997717261 42.103282928
0.997743726 -0.002334294 -0.067096971 -2.416834354 0.002974490 0.999950945 0.009443036 -0.402760416 0.067071646 -0.009621309 0.997701764 43.137599945
0.997742891 -0.000325231 -0.067148976 -2.487426519 0.000817618 0.999972820 0.007305392 -0.409152150 0.067144789 -0.007343805 0.997716188 44.164352417
0.997693360 -0.000779220 -0.067877173 -2.562693596 0.001292172 0.999970853 0.007513493 -0.415507644 0.067869343 -0.007583873 0.997665405 45.182888031
0.997577667 -0.002526877 -0.069515780 -2.627713203 0.003099304 0.999962032 0.008127857 -0.409267455 0.069492608 -0.008323621 0.997547686 46.195648193
0.997533560 -0.001834449 -0.070167564 -2.705358982 0.002516979 0.999950290 0.009639960 -0.424754262 0.070146397 -0.009792793 0.997488618 47.215438843
0.997530580 0.000275540 -0.070234567 -2.780827284 0.000153655 0.999981344 0.006105390 -0.430514723 0.070234939 -0.006101105 0.997511804 48.223106384
0.997464597 0.000597965 -0.071161598 -2.857477427 -0.000467952 0.999998212 0.001843668 -0.434414893 0.071162559 -0.001805694 0.997463048 49.210784912
0.997415543 0.001231049 -0.071836390 -2.932129145 -0.001168310 0.999998808 0.000915365 -0.446439385 0.071837440 -0.000829072 0.997416019 50.226013184
0.997388124 -0.000241665 -0.072226629 -2.996915102 0.000571309 0.999989450 0.004543391 -0.456187397 0.072224781 -0.004572789 0.997377872 51.223834991
0.997379541 -0.002162882 -0.072313823 -3.070961237 0.002719232 0.999967396 0.007595983 -0.464594215 0.072295040 -0.007772717 0.997353077 52.212436676
0.997371733 -0.004013991 -0.072342001 -3.148102760 0.004624721 0.999955058 0.008276732 -0.473501474 0.072305545 -0.008589539 0.997345507 53.213401794
0.997337162 -0.007221434 -0.072569840 -3.211555719 0.007757759 0.999944627 0.007111317 -0.480086058 0.072514497 -0.007655360 0.997337937 54.190391541
0.997305036 -0.009996632 -0.072682619 -3.285773277 0.010434370 0.999929607 0.005645375 -0.485388160 0.072621092 -0.006388558 0.997339129 55.155422211
0.997186363 -0.011663119 -0.074048743 -3.355818510 0.012227328 0.999899507 0.007170697 -0.497186899 0.073957659 -0.008055940 0.997228920 56.162883759
0.997073174 -0.014652249 -0.075035810 -3.428035736 0.015536629 0.999816418 0.011215930 -0.499747515 0.074857675 -0.012348907 0.997117817 57.142967224
0.997034132 -0.015393085 -0.075406045 -3.501879215 0.016672509 0.999726951 0.016367082 -0.502397299 0.075133532 -0.017575746 0.997018635 58.113101959
0.996980309 -0.014266570 -0.076331511 -3.571469307 0.015741261 0.999700248 0.018752890 -0.504409313 0.076041088 -0.019897815 0.996906161 59.087715149
0.996886134 -0.013005898 -0.077772856 -3.647132158 0.014184647 0.999792516 0.014623139 -0.501797974 0.077566534 -0.015680788 0.996863842 60.033802032
0.996817112 -0.011345381 -0.078910507 -3.726005793 0.011919211 0.999905765 0.006804676 -0.501014709 0.078825884 -0.007723570 0.996858537 60.980037689
0.996759951 -0.009714391 -0.079843931 -3.804434061 0.009907525 0.999948859 0.002023062 -0.509807885 0.079820208 -0.002807563 0.996805429 61.911788940
0.996689439 -0.005406497 -0.081122607 -3.886712790 0.005670450 0.999979258 0.003023729 -0.517304540 0.081104591 -0.003473719 0.996699572 62.857311249
0.996633172 -0.002536468 -0.081949882 -3.966861248 0.002972213 0.999982059 0.005195668 -0.527518988 0.081935249 -0.005421747 0.996622980 63.772453308
0.996518970 -0.000396147 -0.083364882 -4.043070316 0.000977500 0.999975443 0.006932887 -0.538224220 0.083360098 -0.006990242 0.996495068 64.669998169
0.996469259 0.000260811 -0.083957128 -4.132725239 0.000301324 0.999977589 0.006682761 -0.546295404 0.083956972 -0.006684466 0.996446967 65.559196472
0.996319532 0.002119514 -0.085691005 -4.210494518 -0.001487089 0.999971151 0.007443460 -0.551900387 0.085704297 -0.007288637 0.996293962 66.425163269
0.996214151 0.003220455 -0.086873099 -4.288969517 -0.002500830 0.999961615 0.008391193 -0.566797793 0.086896792 -0.008142172 0.996184111 67.274772644
0.996068060 0.002873017 -0.088545218 -4.365352631 -0.002096338 0.999958396 0.008863298 -0.577028036 0.088566996 -0.008642826 0.996032774 68.140876770
0.995943725 0.002710975 -0.089937069 -4.438374996 -0.001854096 0.999951959 0.009609708 -0.577416003 0.089958794 -0.009403977 0.995901167 68.977172852
0.995830238 0.005742216 -0.091043778 -4.524754524 -0.004631707 0.999912322 0.012404119 -0.582034528 0.091107041 -0.011930712 0.995769680 69.803092957
0.995718002 0.007231686 -0.092158683 -4.605921268 -0.005726356 0.999845982 0.016588079 -0.586548686 0.092264451 -0.015989318 0.995606244 70.601646423
0.995515645 0.010622594 -0.093997642 -4.680318832 -0.008949998 0.999794304 0.018197726 -0.587087989 0.094171628 -0.017274845 0.995406151 71.388008118
0.995380640 0.013098545 -0.095108360 -4.768695831 -0.011797548 0.999829113 0.014228557 -0.591813326 0.095278502 -0.013040782 0.995365262 72.170715332
0.995249927 0.012766876 -0.096511006 -4.842863083 -0.012155365 0.999902070 0.006921482 -0.595869124 0.096589930 -0.005715476 0.995307922 72.912872314
0.995105147 0.012062015 -0.098082714 -4.912979126 -0.012010806 0.999927163 0.001112546 -0.601674557 0.098089017 0.000070952 0.995177627 73.646484375
0.995064676 0.012799057 -0.098398857 -4.992566586 -0.012861936 0.999917209 -0.000004688 -0.609229028 0.098390669 0.001270265 0.995146990 74.362754822
0.994940341 0.015713576 -0.099229775 -5.066917419 -0.015428079 0.999874234 0.003643859 -0.618142724 0.099274546 -0.002094497 0.995057881 75.050666809
0.994814277 0.015852885 -0.100464746 -5.139332294 -0.015338022 0.999864936 0.005895189 -0.632331967 0.100544624 -0.004323688 0.994923174 75.732185364
0.994775891 0.012378352 -0.101329170 -5.205361843 -0.012176614 0.999922395 0.002609218 -0.642217994 0.101353608 -0.001361741 0.994849503 76.381484985
0.994811773 0.004567259 -0.101629183 -5.253813744 -0.004840043 0.999985278 -0.002437722 -0.652509272 0.101616547 0.002916966 0.994819403 77.008087158
0.994934618 0.000558724 -0.100521632 -5.311473846 -0.001279388 0.999973953 -0.007104915 -0.670140326 0.100515038 0.007197534 0.994909465 77.620674133
0.995262623 0.002876684 -0.097179815 -5.377251148 -0.003619159 0.999965608 -0.007464807 -0.676036775 0.097154997 0.007781153 0.995238900 78.227279663
0.995670438 0.007738488 -0.092630208 -5.449288368 -0.008189125 0.999956429 -0.004485767 -0.684624910 0.092591450 0.005224907 0.995690525 78.815063477
0.996070862 0.006390260 -0.088328153 -5.488650322 -0.006542381 0.999977529 -0.001432833 -0.699088395 0.088317007 0.002005080 0.996090353 79.374877930
0.996559680 0.002945712 -0.082824931 -5.520868301 -0.002698641 0.999991596 0.003094826 -0.713873386 0.082833335 -0.002860664 0.996559322 79.933021545
0.997185767 -0.001499179 -0.074954562 -5.546764851 0.001990211 0.999976993 0.006476792 -0.721017838 0.074943133 -0.006607740 0.997165918 80.481575012
0.997951865 0.001902138 -0.063939236 -5.579119682 -0.001497253 0.999978483 0.006379658 -0.730669916 0.063949995 -0.006270860 0.997933567 81.009429932
0.998777509 0.007052174 -0.048925564 -5.604906082 -0.006775086 0.999960065 0.005827001 -0.733443618 0.048964705 -0.005488404 0.998785496 81.523399353
0.999464452 0.012146421 -0.030381814 -5.624002457 -0.011949034 0.999906301 0.006669977 -0.741131544 0.030459970 -0.006303374 0.999516189 82.028015137
0.999908626 0.010605058 -0.008369051 -5.613265514 -0.010545929 0.999919295 0.007078082 -0.742149472 0.008443426 -0.006989179 0.999939978 82.518844604
0.999820352 0.007090288 0.017576905 -5.577652454 -0.007238004 0.999938905 0.008354682 -0.749049008 -0.017516596 -0.008480404 0.999810636 82.986465454
0.998866141 0.006196558 0.047200896 -5.534048080 -0.006674807 0.999927938 0.009981371 -0.753489614 -0.047135640 -0.010285111 0.998835623 83.455787659
0.996736228 0.005746895 0.080522843 -5.482403278 -0.006710889 0.999908924 0.011706183 -0.759582698 -0.080448255 -0.012208355 0.996684074 83.913703918
0.992958069 0.005521303 0.118336990 -5.401068687 -0.007016310 0.999900758 0.012220588 -0.761968851 -0.118257754 -0.012964819 0.992898345 84.374336243
0.987143040 0.005855301 0.159731969 -5.314574242 -0.007898353 0.999894798 0.012158612 -0.763029695 -0.159644008 -0.013263905 0.987085521 84.779861450
0.978830516 0.005508063 0.204598621 -5.190637589 -0.008153156 0.999893606 0.012087476 -0.763913393 -0.204510331 -0.013499711 0.978771389 85.210617065
0.967379332 0.007486287 0.253221452 -5.054138184 -0.010465616 0.999890864 0.010420728 -0.773927152 -0.253115863 -0.012730916 0.967352152 85.612419128
0.951842189 0.008824967 0.306461304 -4.896656036 -0.011734271 0.999901831 0.007652109 -0.779145241 -0.306363702 -0.010879697 0.951852441 86.004760742
0.932027459 0.008843390 0.362279475 -4.723108292 -0.011698602 0.999915361 0.005688371 -0.784901261 -0.362198532 -0.009539880 0.932052195 86.369369507
0.907824636 0.010244130 0.419224799 -4.520839691 -0.012953795 0.999909520 0.003617557 -0.784987926 -0.419149846 -0.008714660 0.907875240 86.713142395
0.878557861 0.010406885 0.477522314 -4.302227020 -0.012713433 0.999917865 0.001598787 -0.788748622 -0.477466494 -0.007475576 0.878618181 87.049995422
0.845307171 0.008838574 0.534207463 -4.052356720 -0.010281720 0.999947131 -0.000274980 -0.796230257 -0.534181714 -0.005260129 0.845353365 87.355567932
0.808267236 0.008717196 0.588751197 -3.789035797 -0.009673646 0.999951959 -0.001525074 -0.803156793 -0.588736296 -0.004462702 0.808312893 87.651367188
0.768550634 0.006770993 0.639753103 -3.503170013 -0.008527726 0.999963522 -0.000338815 -0.813905954 -0.639732122 -0.005195242 0.768580377 87.927299500
0.726164520 0.006505533 0.687490225 -3.203773499 -0.010080389 0.999948442 0.001185211 -0.814508021 -0.687447071 -0.007790826 0.726192713 88.177444458
0.682917953 0.005141456 0.730476916 -2.883888245 -0.009505333 0.999953032 0.001848311 -0.824192762 -0.730433345 -0.008205671 0.682934999 88.378166199
0.635898829 0.003850313 0.771762848 -2.562870026 -0.006728793 0.999977171 0.000555360 -0.830502808 -0.771743238 -0.005546185 0.635910273 88.592666626
0.589714646 0.001067012 0.807611048 -2.220077515 -0.001484386 0.999998868 -0.000237300 -0.838402808 -0.807610333 -0.001058866 0.589715719 88.774917603
0.543978810 0.003373028 0.839092135 -1.879482269 -0.003570287 0.999992192 -0.001705224 -0.842642784 -0.839091420 -0.002068192 0.543986797 88.936752319
0.496243358 0.006196402 0.868161380 -1.534152985 -0.007898482 0.999965370 -0.002622344 -0.851312935 -0.868147671 -0.005555835 0.496275246 89.107292175
0.449487090 0.008472657 0.893246651 -1.191246033 -0.008659523 0.999949276 -0.005127233 -0.856744051 -0.893244863 -0.005430464 0.449537814 89.262756348
0.407192796 0.006360930 0.913320124 -0.828887939 -0.001645357 0.999979198 -0.006230916 -0.857151091 -0.913340807 0.001034448 0.407194883 89.375320435
0.368058920 -0.001483101 0.929801285 -0.453498840 0.013119623 0.999907434 -0.003598434 -0.864121854 -0.929709852 0.013523079 0.368044317 89.462455750
0.332773387 -0.004731296 0.942995012 -0.084121704 0.017006112 0.999854863 -0.000984706 -0.862728477 -0.942853451 0.016364362 0.332805634 89.553558350
0.300129294 -0.001138240 0.953897893 0.291948318 0.014500179 0.999889135 -0.003369137 -0.871108413 -0.953788280 0.014842865 0.300112545 89.650588989
0.268552750 0.007053528 0.963239133 0.658870697 0.003558719 0.999959052 -0.008314593 -0.880179882 -0.963258445 0.005660806 0.268516660 89.757766724
0.239989862 0.011033507 0.970712781 1.043476105 -0.001027529 0.999937713 -0.011111655 -0.895141482 -0.970774889 0.001669249 0.239986286 89.843627930
0.214538753 0.012785357 0.976631761 1.444801331 -0.000035338 0.999914408 -0.013082394 -0.908972144 -0.976715446 0.002772170 0.214520916 89.909965515
0.190934092 0.014127953 0.981501162 1.860937119 0.006688571 0.999854386 -0.015693285 -0.921571136 -0.981580138 0.009561224 0.190811843 89.968803406
0.171134770 0.020690313 0.985030234 2.284808159 0.012881396 0.999647021 -0.023235286 -0.918757021 -0.985163391 0.016664933 0.170807868 90.015014648
0.151332855 0.027300099 0.988105774 2.712998390 0.014717620 0.999445498 -0.029867468 -0.919676960 -0.988373339 0.019062493 0.150847137 90.066787720
0.133549646 0.028300211 0.990637839 3.160552025 0.012124185 0.999470770 -0.030187026 -0.930891275 -0.990968049 0.016042143 0.133135796 90.123908997
0.118449934 0.023886004 0.992672622 3.624305725 0.010542619 0.999624014 -0.025311261 -0.950979829 -0.992904186 0.013463486 0.118153572 90.170120239
0.103655189 0.020735711 0.994397044 4.103377342 0.010378774 0.999705553 -0.021928284 -0.967533648 -0.994559109 0.012593604 0.103409469 90.217475891
0.090445861 0.018440586 0.995730639 4.590218544 0.012780550 0.999724686 -0.019675458 -0.980251908 -0.995819330 0.014505549 0.090185270 90.249809265
0.079028569 0.017610868 0.996716678 5.099919796 0.016177641 0.999689579 -0.018946100 -0.993493676 -0.996741116 0.017621810 0.078719132 90.274513245
0.068790287 0.018294122 0.997463346 5.615015507 0.019230794 0.999621630 -0.019659968 -1.006372690 -0.997445762 0.020534430 0.068412483 90.301383972
0.061043754 0.018742362 0.997959077 6.154175758 0.021701884 0.999562383 -0.020099949 -1.023621798 -0.997899055 0.022884576 0.060610302 90.326194763
0.055537648 0.019085621 0.998274148 6.714615345 0.023668636 0.999511123 -0.020426042 -1.034694672 -0.998176098 0.024762204 0.055058770 90.350639343
0.050276257 0.020129682 0.998532474 7.289097309 0.024493489 0.999471307 -0.021381857 -1.049108624 -0.998434901 0.025532547 0.049756635 90.369850159
0.044194184 0.020560136 0.998811364 7.879476070 0.025174018 0.999447703 -0.021687109 -1.069241643 -0.998705745 0.026102537 0.043652192 90.395713806
0.039580029 0.020364741 0.999008775 8.492933273 0.027252782 0.999398351 -0.021452416 -1.087381005 -0.998844683 0.028074859 0.039001215 90.414299011
0.036867693 0.020478088 0.999110341 9.124916077 0.029296709 0.999338150 -0.021563822 -1.101651073 -0.998890698 0.030065654 0.036243346 90.431083679
0.033785254 0.019887350 0.999231219 9.779631615 0.028928965 0.999363601 -0.020868110 -1.118507743 -0.999010384 0.029611768 0.033188432 90.454650879
0.031315386 0.019269390 0.999323785 10.446147919 0.030779485 0.999321342 -0.020233870 -1.135252237 -0.999035597 0.031392299 0.030701037 90.473320007
0.030429201 0.018940806 0.999357402 11.135516167 0.035664681 0.999163151 -0.020023070 -1.151014447 -0.998900473 0.036251057 0.029728225 90.488304138
0.031673659 0.018458720 0.999327779 11.837770462 0.039117377 0.999040425 -0.019693237 -1.169587493 -0.998732507 0.039714847 0.030921215 90.502876282
0.034078740 0.018430162 0.999249101 12.557621002 0.040423531 0.998986304 -0.019803930 -1.182986498 -0.998601258 0.041068077 0.033299178 90.527770996
0.037854325 0.018517446 0.999111712 13.291179657 0.043390751 0.998854756 -0.020156672 -1.202805161 -0.998340726 0.044115219 0.037007488 90.552047729
0.042159680 0.018010771 0.998948514 14.048175812 0.043568198 0.998853207 -0.019847807 -1.217555761 -0.998160481 0.044359159 0.041326635 90.582748413
0.046238184 0.016207561 0.998799026 14.818155289 0.045416363 0.998800278 -0.018310079 -1.238225222 -0.997897387 0.046208449 0.045446627 90.618881226
0.050531559 0.014405742 0.998618543 15.597285271 0.045146216 0.998840809 -0.016693415 -1.261520386 -0.997701466 0.045927405 0.049822621 90.658248901
0.054448679 0.012605391 0.998436987 16.423721313 0.041840501 0.999013245 -0.014894392 -1.274618626 -0.997639537 0.042586092 0.053867538 90.709388733
0.058328018 0.011448855 0.998231888 17.236454010 0.041156124 0.999056518 -0.013863120 -1.292323112 -0.997448742 0.041891966 0.057801805 90.763397217
0.062540635 0.012632104 0.997962534 18.058374405 0.038141515 0.999159157 -0.015037514 -1.308278799 -0.997313380 0.039004259 0.062006243 90.817085266
0.065865546 0.016226936 0.997696579 18.902120590 0.035899431 0.999181926 -0.018621087 -1.339819193 -0.997182488 0.037043221 0.065229125 90.879798889
0.067213491 0.021510465 0.997506618 19.746208191 0.030579679 0.999253511 -0.023608636 -1.363408685 -0.997269869 0.032090258 0.066505514 90.948127747
0.067205168 0.024738789 0.997432292 20.581989288 0.027761592 0.999259055 -0.026654618 -1.386898756 -0.997352898 0.029481644 0.066468596 91.006698608
0.067427628 0.024171825 0.997431278 21.422502518 0.025250928 0.999344766 -0.025925191 -1.418762922 -0.997404575 0.026934145 0.066773102 91.062248230
0.067083426 0.022635724 0.997490585 22.276382446 0.022484513 0.999454379 -0.024192423 -1.448199868 -0.997493923 0.024050996 0.066537887 91.136970520
0.066959813 0.021637054 0.997521043 23.110033035 0.023522891 0.999452651 -0.023257954 -1.474994421 -0.997478306 0.025021924 0.066414200 91.193656921
0.067534074 0.020378182 0.997508824 23.947013855 0.020880649 0.999543488 -0.021833425 -1.513799429 -0.997498453 0.022303129 0.067077719 91.252243042
0.067326136 0.020965416 0.997510791 24.805824280 0.019392479 0.999562860 -0.022317430 -1.538715243 -0.997542560 0.020846752 0.066890150 91.325317383
0.067446746 0.021272182 0.997496068 25.640548706 0.016212039 0.999617338 -0.022413613 -1.573409677 -0.997591138 0.017683169 0.067076080 91.386802673
0.065990746 0.022586277 0.997564554 26.472143173 0.013105242 0.999638021 -0.023500154 -1.603697419 -0.997734249 0.014624119 0.065670870 91.451316833
0.063637510 0.022704817 0.997714758 27.287540436 0.010560544 0.999669790 -0.023422891 -1.626579285 -0.997917175 0.012026989 0.063376732 91.501876831
0.059996992 0.021510219 0.997966707 28.119152069 0.008358321 0.999721825 -0.022050543 -1.652746201 -0.998163521 0.009664294 0.059800521 91.552223206
0.054522995 0.019332705 0.998325288 28.942674637 0.006455769 0.999784589 -0.019713545 -1.677887678 -0.998491764 0.007519799 0.054386459 91.605041504
0.049110375 0.017204158 0.998645067 29.768236160 0.004141065 0.999839544 -0.017428374 -1.704231501 -0.998784721 0.004991367 0.049031250 91.639488220
0.041665692 0.017470228 0.998978853 30.591688156 0.003886595 0.999836802 -0.017647333 -1.730141878 -0.999124050 0.004617915 0.041590985 91.672988892
0.032996863 0.018370604 0.999286532 31.408287048 0.003343838 0.999823451 -0.018490884 -1.755350590 -0.999449968 0.003951595 0.032929607 91.700431824
0.022865556 0.018995911 0.999557972 32.221084595 0.003632924 0.999811292 -0.019083831 -1.777824402 -0.999731958 0.004067682 0.022792235 91.719490051
0.012654128 0.017839024 0.999760747 33.039543152 0.004807271 0.999828219 -0.017901078 -1.803749084 -0.999908328 0.005032645 0.012566198 91.728523254
0.001286652 0.016690604 0.999859869 33.844974518 0.003189292 0.999855578 -0.016694635 -1.833101988 -0.999994040 0.003210326 0.001233239 91.733520508
-0.009218051 0.016189199 0.999826610 34.656192780 0.005456415 0.999854803 -0.016139355 -1.849656582 -0.999942660 0.005306697 -0.009305050 91.721061707
-0.020451298 0.016623341 0.999652684 35.453819275 0.005492680 0.999848485 -0.016514225 -1.875336528 -0.999775767 0.005153038 -0.020539507 91.703018188
-0.031283088 0.017255751 0.999361694 36.235572815 0.005423190 0.999839187 -0.017094234 -1.897814274 -0.999495864 0.004884969 -0.031371642 91.676086426
-0.042117085 0.018293174 0.998945177 37.049015045 0.004652170 0.999825001 -0.018113147 -1.921905398 -0.999101818 0.003884391 -0.042194821 91.648773193
-0.052496172 0.019433832 0.998431981 37.825244904 0.004886829 0.999803603 -0.019203588 -1.942653656 -0.998609126 0.003871052 -0.052580837 91.603935242
-0.061236348 0.020276450 0.997917175 38.608322144 0.006043435 0.999782801 -0.019943502 -1.963944674 -0.998104990 0.004809581 -0.061345585 91.533729553
-0.071443260 0.020686196 0.997230113 39.399620056 0.007139533 0.999769866 -0.020227391 -1.992253423 -0.997419119 0.005674648 -0.071574546 91.491439819
-0.080566280 0.021203205 0.996523678 40.154766083 0.007738138 0.999756813 -0.020646388 -2.014458418 -0.996719301 0.006047835 -0.080710791 91.425498962
-0.089250900 0.020221690 0.995803893 40.902866364 0.009058535 0.999768972 -0.019490318 -2.047900438 -0.995968044 0.007280999 -0.089413472 91.353271484
-0.096350841 0.019578898 0.995154798 41.667869568 0.010604036 0.999769926 -0.018643010 -2.067507982 -0.995290935 0.008756390 -0.096536301 91.274993896
-0.101504967 0.017917398 0.994673610 42.404350281 0.013218520 0.999773741 -0.016660335 -2.092418671 -0.994747221 0.011457008 -0.101718858 91.191856384
-0.104980938 0.016122730 0.994343519 43.127922058 0.016257271 0.999762714 -0.014494186 -2.116906166 -0.994341373 0.014643699 -0.105218157 91.103652954
-0.108040191 0.015156421 0.994031072 43.857734680 0.017644122 0.999755442 -0.013325985 -2.135771513 -0.993989944 0.016099062 -0.108281195 91.033935547
-0.110089026 0.014230161 0.993819952 44.560035706 0.017298063 0.999773443 -0.012399238 -2.157441378 -0.993771195 0.015826143 -0.110310242 90.960594177
-0.110415153 0.014727558 0.993776500 45.249324799 0.018807560 0.999742091 -0.012726321 -2.177630424 -0.993707597 0.017285336 -0.110663660 90.876777649
-0.109336086 0.015419137 0.993885279 45.915748596 0.019093636 0.999727786 -0.013409309 -2.199319839 -0.993821502 0.017510766 -0.109600738 90.801872253
-0.106177948 0.017310267 0.994196534 46.585174561 0.020814508 0.999667943 -0.015182593 -2.216331959 -0.994129241 0.019081652 -0.106503025 90.722846985
-0.101410143 0.017888905 0.994683802 47.208316803 0.020633304 0.999661028 -0.015874805 -2.237547398 -0.994630754 0.018913751 -0.101744898 90.674468994
-0.093590327 0.018397870 0.995440722 47.818206787 0.020287922 0.999656916 -0.016568340 -2.263030529 -0.995404124 0.018644795 -0.093931496 90.625190735
-0.082168750 0.018400392 0.996448517 48.412899017 0.019447373 0.999668717 -0.016856195 -2.284402370 -0.996428728 0.017993260 -0.082499385 90.578582764
-0.068568490 0.018683210 0.997471392 48.985282898 0.018868545 0.999670088 -0.017427325 -2.302991629 -0.997467995 0.017625874 -0.068898410 90.553352356
-0.051277258 0.020389881 0.998476148 49.541965485 0.017830916 0.999650776 -0.019498155 -2.318711996 -0.998525262 0.016803933 -0.051622923 90.530044556
-0.029788842 0.023081878 0.999289572 50.091194153 0.016015416 0.999615967 -0.022611994 -2.337719440 -0.999427915 0.015330457 -0.030147072 90.526390076
-0.005478997 0.025851494 0.999650717 50.613330841 0.014018129 0.999569476 -0.025772560 -2.360665321 -0.999886751 0.013872024 -0.005839024 90.542938232
0.022971060 0.027550492 0.999356389 51.145206451 0.012697955 0.999531448 -0.027847191 -2.383198977 -0.999655485 0.013329465 0.022610478 90.572074890
0.055987608 0.026813164 0.998071313 51.679626465 0.010359619 0.999569833 -0.027434550 -2.410149097 -0.998377800 0.011875635 0.055685744 90.620750427
0.094399020 0.024195971 0.995240390 52.198410034 0.009599563 0.999635994 -0.025213359 -2.430061817 -0.995488107 0.011933991 0.094132386 90.688026428
0.136857420 0.020477839 0.990379155 52.704246521 0.007355874 0.999737620 -0.021687834 -2.452235699 -0.990563452 0.010253247 0.136670887 90.773475647
0.181461543 0.016326357 0.983262539 53.213611603 0.004223927 0.999839902 -0.017381143 -2.469697475 -0.983388960 0.007307241 0.181363538 90.903808594
0.229593158 0.013346086 0.973195255 53.713363647 0.000130662 0.999905586 -0.013743212 -2.482740402 -0.973286569 0.003282510 0.229569718 91.055084229
0.281373560 0.011189648 0.959532976 54.180259705 -0.003803519 0.999937177 -0.010545478 -2.507785797 -0.959590912 -0.000682383 0.281398445 91.215408325
0.336487651 0.010527572 0.941628933 54.639827728 -0.003908970 0.999944568 -0.009782693 -2.521301985 -0.941679776 -0.000389043 0.336510241 91.408508301
0.394997299 0.011592682 0.918609083 55.091110229 -0.001459537 0.999927044 -0.011991304 -2.527356148 -0.918681085 0.003395789 0.394985437 91.623367310
0.453851312 0.015816735 0.890936971 55.490608215 -0.001215610 0.999852538 -0.017131060 -2.533614159 -0.891076624 0.006691923 0.453803629 91.873611450
0.513611853 0.018860810 0.857815146 55.891441345 0.000395093 0.999753118 -0.022218160 -2.548543930 -0.858022511 0.011750431 0.513477683 92.147903442
0.572416246 0.022680739 0.819649339 56.269569397 -0.002888078 0.999666929 -0.025645114 -2.561711788 -0.819958150 0.012312473 0.572291195 92.439987183
0.627648890 0.025388064 0.778082609 56.594711304 -0.006603950 0.999605656 -0.027289001 -2.579837561 -0.778468549 0.011989487 0.627568960 92.760299683
0.681154430 0.026309060 0.731666982 56.923290253 -0.007720348 0.999556601 -0.028754406 -2.590886354 -0.732099056 0.013937464 0.681055605 93.097686768
0.727456510 0.024265306 0.685724676 57.187358856 -0.006966469 0.999584138 -0.027981222 -2.601492405 -0.686118424 0.015578039 0.727323055 93.479934692
0.771289706 0.020954741 0.636139333 57.429595947 -0.008853324 0.999714434 -0.022196833 -2.615548134 -0.636422753 0.011488243 0.771254897 93.870071411
0.814006686 0.015551438 0.580647230 57.694145203 -0.008631403 0.999854982 -0.014678729 -2.631856203 -0.580791354 0.006936783 0.814022899 94.259384155
0.850470901 0.012868004 0.525864542 57.912628174 -0.010222721 0.999916255 -0.007935115 -2.641579628 -0.525922716 0.001372818 0.850531220 94.686569214
0.881520510 0.009052528 0.472058952 58.107353210 -0.010109225 0.999948800 -0.000297791 -2.651699066 -0.472037524 -0.004509641 0.881567001 95.124511719
0.906577468 0.009779995 0.421925902 58.256828308 -0.013254697 0.999898016 0.005302850 -2.661370754 -0.421831101 -0.010399942 0.906614721 95.566917419
0.926742673 0.010761039 0.375542402 58.408065796 -0.015505983 0.999833524 0.009614905 -2.674474239 -0.375376523 -0.014733698 0.926755309 96.020278931
0.941617787 0.018526642 0.336173534 58.520088196 -0.023595387 0.999661088 0.010998699 -2.669116974 -0.335855752 -0.018288715 0.941735923 96.461959839
0.953383923 0.022413261 0.300926477 58.631950378 -0.026696684 0.999592245 0.010128953 -2.667667866 -0.300576687 -0.017690521 0.953593552 96.928642273
0.962553322 0.024403688 0.269991875 58.743183136 -0.028332956 0.999541640 0.010665061 -2.667393684 -0.269607782 -0.017915359 0.962803662 97.405364990
0.968453348 0.018838903 0.248481899 58.850410461 -0.022171050 0.999697745 0.010618145 -2.662944317 -0.248206705 -0.015792280 0.968578458 97.889457703
0.972441912 0.015126609 0.232654095 58.962192535 -0.018217353 0.999771953 0.011141685 -2.664421082 -0.232432485 -0.015072984 0.972495794 98.371215820
0.975304306 0.019105021 0.220037878 59.059963226 -0.022157991 0.999689281 0.011414832 -2.670271397 -0.219751358 -0.016008532 0.975424588 98.882659912
0.977241158 0.026284926 0.210496321 59.147598267 -0.029242940 0.999512315 0.010951741 -2.657307625 -0.210105747 -0.016858021 0.977533400 99.401504517
0.978338778 0.032754939 0.204402253 59.250106812 -0.035391562 0.999330640 0.009255884 -2.644570112 -0.203962207 -0.016289510 0.978843212 99.909980774
0.978704989 0.038692448 0.201592863 59.347427368 -0.040724769 0.999152601 0.005942013 -2.649520397 -0.201192141 -0.014025301 0.979451358 100.436622620
0.978806078 0.039773673 0.200889856 59.448642731 -0.041283526 0.999141872 0.003330326 -2.649985790 -0.200584993 -0.011553187 0.979608238 100.987876892
0.978382587 0.038072031 0.203268170 59.568740845 -0.038852848 0.999244869 -0.000149176 -2.653850079 -0.203120321 -0.007751597 0.979123056 101.530342102
0.977615893 0.036595173 0.207190886 59.691207886 -0.036046568 0.999329388 -0.006423708 -2.660870314 -0.207286999 -0.001188605 0.978279531 102.083923340
0.976746559 0.037090693 0.211164162 59.821983337 -0.035436630 0.999304295 -0.011613183 -2.656178474 -0.211448029 0.003860191 0.977381647 102.682968140
0.975607038 0.041859452 0.215496361 59.947887421 -0.040396798 0.999121010 -0.011189315 -2.662226677 -0.215775326 0.002211011 0.976440609 103.271438599
0.974173546 0.045157380 0.221239105 60.075965881 -0.044701241 0.998975277 -0.007070804 -2.670543671 -0.221331745 -0.003001474 0.975193977 103.886375427
0.973204613 0.042519104 0.225975201 60.223876953 -0.043105952 0.999067724 -0.002338965 -2.680407047 -0.225864023 -0.007464586 0.974130213 104.487678528
0.972499132 0.037692733 0.229836076 60.375846863 -0.039479118 0.999215305 0.003177297 -2.689119101 -0.229535982 -0.012163646 0.973224163 105.133453369
0.971738696 0.035223272 0.233416408 60.531669617 -0.038053058 0.999246478 0.007629653 -2.691172600 -0.232971847 -0.016296234 0.972346902 105.772338867
0.971150875 0.030742332 0.236475497 60.690959930 -0.033616986 0.999401689 0.008132875 -2.690005302 -0.236083999 -0.015847843 0.971603453 106.413040161
0.971065819 0.027281035 0.237248570 60.849548340 -0.029366344 0.999554873 0.005259307 -2.696923733 -0.236999497 -0.012074259 0.971434712 107.071762085
0.971297085 0.026946068 0.236338556 61.020774841 -0.027385456 0.999623835 -0.001423899 -2.705219269 -0.236288056 -0.005089208 0.971669734 107.731651306
0.971460044 0.029366333 0.235378683 61.180168152 -0.028309200 0.999568164 -0.007869866 -2.708911419 -0.235508189 0.000981879 0.971871853 108.405990601
0.972032905 0.032064039 0.232645750 61.342075348 -0.030187633 0.999476671 -0.011622342 -2.712883472 -0.232896671 0.004274277 0.972492039 109.098922729
0.972613990 0.030861970 0.230368420 61.501335144 -0.029979201 0.999523520 -0.007332073 -2.719324112 -0.230484962 0.000225016 0.973075867 109.804725647
0.973027170 0.026567293 0.229155421 61.672538757 -0.027340190 0.999626219 0.000198072 -2.725987196 -0.229064509 -0.006457884 0.973389804 110.523864746
0.973578870 0.027200257 0.226724863 61.837287903 -0.029316485 0.999552310 0.005971257 -2.733794212 -0.226460978 -0.012460267 0.973940492 111.252952576
0.973911464 0.030196942 0.224909872 61.993892670 -0.032266300 0.999463916 0.005530051 -2.741034985 -0.224622369 -0.012642792 0.974363923 111.982528687
0.974214256 0.036187608 0.222703516 62.156967163 -0.037284676 0.999304354 0.000722204 -2.740786314 -0.222522452 -0.009007011 0.974886000 112.743461609
0.975030661 0.037374675 0.218901873 62.320602417 -0.037242070 0.999294937 -0.004733456 -2.740519762 -0.218924433 -0.003537093 0.975735486 113.503662109
0.975956619 0.035825361 0.215000182 62.487998962 -0.035042215 0.999357998 -0.007454345 -2.751124382 -0.215129197 -0.000258964 0.976585567 114.278503418
0.976859510 0.033495128 0.211242676 62.657531738 -0.032968286 0.999438286 -0.006016441 -2.758553267 -0.211325526 -0.001087091 0.977415085 115.060203552
0.977771878 0.029694114 0.207557976 62.834037781 -0.029508300 0.999556482 -0.003991995 -2.766987801 -0.207584485 -0.002221422 0.978214622 115.854370117
0.978112638 0.028751720 0.206079811 62.999107361 -0.029167529 0.999573946 -0.001020683 -2.780981779 -0.206021369 -0.005012495 0.978534639 116.665451050
0.978511751 0.025643095 0.204590052 63.174110413 -0.026477080 0.999648452 0.001339501 -2.786374807 -0.204483792 -0.006727665 0.978846788 117.478668213
0.978720546 0.020495519 0.204171553 63.352851868 -0.021475544 0.999765992 0.002585251 -2.794531822 -0.204070807 -0.006914936 0.978931606 118.304237366
0.978815854 0.021039471 0.203658566 63.518020630 -0.022328891 0.999742448 0.004035262 -2.796143055 -0.203521267 -0.008497248 0.979033649 119.124595642
0.978592336 0.026258662 0.204126209 63.685516357 -0.027272692 0.999625683 0.002155576 -2.804757595 -0.203993186 -0.007676500 0.978942215 119.977508545
0.978315532 0.032367703 0.204575345 63.849819183 -0.032859247 0.999459445 -0.000994743 -2.813432217 -0.204496950 -0.005749017 0.978850424 120.820228577
0.977793396 0.040910896 0.205539122 64.011375427 -0.041197855 0.999146879 -0.002885067 -2.810461760 -0.205481753 -0.005646771 0.978644669 121.669975281
0.976914644 0.047053918 0.208383188 64.183738708 -0.047654431 0.998861551 -0.002140471 -2.823373795 -0.208246648 -0.007839322 0.978044927 122.511650085
0.976129472 0.049365006 0.211504787 64.350387573 -0.050516531 0.998723149 0.000041160 -2.842152119 -0.211232692 -0.010724665 0.977377057 123.377807617
0.975580692 0.049997751 0.213874876 64.534271240 -0.050982125 0.998699188 -0.000914196 -2.847884417 -0.213642344 -0.010011923 0.976860702 124.239440918
0.975239217 0.048328616 0.215807274 64.718948364 -0.048638836 0.998808980 -0.003876368 -2.853048086 -0.215737611 -0.006716229 0.976428390 125.079345703
0.975256622 0.042226560 0.217005447 64.914329529 -0.042774688 0.999082386 -0.002172794 -2.871922731 -0.216898113 -0.007163309 0.976168036 125.932884216
0.975472808 0.035431948 0.217249319 65.116233826 -0.035467315 0.999363780 -0.003737668 -2.889327765 -0.217243582 -0.004059257 0.976108968 126.787460327
0.975110888 0.034940396 0.218947455 65.303283691 -0.034980595 0.999381125 -0.003694104 -2.903474808 -0.218941063 -0.004056752 0.975729704 127.644348145
0.974762321 0.037368834 0.220095217 65.496177673 -0.038125455 0.999272525 -0.000810540 -2.914583921 -0.219965443 -0.007601148 0.975478053 128.488906860
0.974385798 0.039321456 0.221418649 65.686691284 -0.041446917 0.999128342 0.004959374 -2.923577785 -0.221030667 -0.014009464 0.975166261 129.366577148
0.974034309 0.042665530 0.222343668 65.874130249 -0.045877371 0.998903751 0.009298057 -2.935863972 -0.221703202 -0.019257169 0.974924028 130.224105835
0.973873258 0.041714888 0.223228052 66.066230774 -0.043387398 0.999054849 0.002590856 -2.942159414 -0.222909003 -0.012208449 0.974762857 131.064285278
0.974132895 0.037517756 0.222838953 66.267272949 -0.035826642 0.999290347 -0.011628200 -2.957640171 -0.223117098 0.003343847 0.974785924 131.891357422
