1.000000000 0.000000000 0.000000000 0.000000000 0.000000000 1.000000000 0.000000000 0.000000000 0.000000000 0.000000000 1.000000000 0.000000000
0.999998569 0.000580443 0.001587555 -0.004557233 -0.000573361 0.999989927 -0.004457496 -0.002427149 -0.001590126 0.004456579 0.999988794 0.976364851
0.999996006 -0.001941529 0.002051707 0.003520121 0.001952213 0.999984503 -0.005218572 0.000299438 -0.002041543 0.005222557 0.999984264 1.944674253
0.999992251 -0.003326416 0.002087867 0.001344224 0.003328996 0.999993622 -0.001233679 -0.002641102 -0.002083750 0.001240619 0.999997079 2.919597149
0.999982178 -0.005833445 0.001290781 0.007448106 0.005827090 0.999971151 0.004873841 -0.005512983 -0.001319175 -0.004866232 0.999987245 3.890125751
0.999953091 -0.009682938 -0.000318548 0.015141633 0.009684377 0.999941230 0.004875520 -0.000291070 0.000271320 -0.004878377 0.999988079 4.849269867
0.999923587 -0.012273490 -0.001459789 0.020490058 0.012276318 0.999922693 0.001944509 0.003053688 0.001435811 -0.001962281 0.999997020 5.803658009
0.999915063 -0.012803392 -0.002447159 0.020033825 0.012799953 0.999917090 -0.001415064 0.005261451 0.002465074 0.001383621 0.999995947 6.755278111
0.999916792 -0.012632865 -0.002614044 0.003613997 0.012627315 0.999917984 -0.002129182 0.007968159 0.002640727 0.002095996 0.999994338 7.709622860
0.999918997 -0.012135446 -0.003839937 -0.001161493 0.012134723 0.999926269 -0.000211297 0.007458530 0.003842219 0.000164683 0.999992609 8.654606819
0.999924481 -0.011601308 -0.004036489 -0.018762456 0.011612801 0.999928534 0.002835491 0.004842788 0.004003305 -0.002882153 0.999987841 9.603126526
0.999915123 -0.011916618 -0.005249258 -0.024428641 0.011938204 0.999920368 0.004100207 0.011444241 0.005199980 -0.004162527 0.999977827 10.550006866
0.999894261 -0.013428230 -0.005569027 -0.033499636 0.013456373 0.999896705 0.005047527 0.013526849 0.005500673 -0.005121932 0.999971747 11.482437134
0.999883056 -0.013811916 -0.006568617 -0.036790386 0.013846371 0.999890447 0.005229509 0.012595836 0.006495667 -0.005319850 0.999964774 12.415916443
0.999874473 -0.014125083 -0.007185957 -0.045585088 0.014153588 0.999891996 0.003931607 0.014013011 0.007129648 -0.004032820 0.999966443 13.340723038
0.999861300 -0.014467278 -0.008256801 -0.060345892 0.014484196 0.999893129 0.001992896 0.019877546 0.008227087 -0.002112214 0.999963939 14.268559456
0.999826849 -0.015954088 -0.009587734 -0.077490687 0.015958630 0.999872565 0.000397218 0.027289882 0.009580176 -0.000550156 0.999953985 15.184291840
0.999823570 -0.014810628 -0.011553680 -0.085766837 0.014809472 0.999890268 -0.000185482 0.025815045 0.011555159 0.000014345 0.999933243 16.127052307
0.999827564 -0.013350280 -0.012913794 -0.107892863 0.013340940 0.999910712 -0.000809106 0.022648271 0.012923442 0.000636685 0.999916315 17.051374435
0.999824762 -0.011813335 -0.014520740 -0.127408877 0.011802640 0.999930024 -0.000822048 0.023750708 0.014529436 0.000650521 0.999894261 17.963964462
0.999801219 -0.012673048 -0.015394944 -0.151921332 0.012681071 0.999919474 0.000423550 0.020053796 0.015388339 -0.000618690 0.999881387 18.867649078
0.999781966 -0.011978329 -0.017102592 -0.169167653 0.012004561 0.999926925 0.001432006 0.026969321 0.017084189 -0.001637003 0.999852717 19.779542923
0.999738455 -0.012236290 -0.019319793 -0.179908872 0.012275784 0.999922752 0.001927142 0.028932778 0.019294716 -0.002163804 0.999811471 20.689271927
0.999695063 -0.013426196 -0.020723594 -0.200979844 0.013465832 0.999907732 0.001774194 0.031524673 0.020697864 -0.002052714 0.999783695 21.590208054
0.999653637 -0.013415721 -0.022640418 -0.217745572 0.013447636 0.999908745 0.001257946 0.033688854 0.022621475 -0.001561970 0.999742925 22.479829788
0.999625325 -0.013080161 -0.024041662 -0.233429313 0.013124483 0.999912500 0.001686661 0.036754318 0.024017492 -0.002001564 0.999709547 23.347208023
0.999604523 -0.013743787 -0.024533704 -0.272673279 0.013834158 0.999898076 0.003517516 0.035580061 0.024482857 -0.003855528 0.999692738 24.236639023
0.999563396 -0.014728088 -0.025616510 -0.293117136 0.014901875 0.999867141 0.006606508 0.036927000 0.025515806 -0.006985357 0.999650002 25.108907700
0.999551892 -0.014530136 -0.026170172 -0.317650020 0.014743716 0.999859393 0.007986820 0.041686386 0.026050441 -0.008369086 0.999625564 25.960474014
0.999567330 -0.013485968 -0.026138943 -0.354743391 0.013670448 0.999882817 0.006891812 0.040240884 0.026042936 -0.007246161 0.999634564 26.795518875
0.999558449 -0.012113666 -0.027132096 -0.378939688 0.012229201 0.999916911 0.004096469 0.047428027 0.027080212 -0.004426464 0.999623477 27.624631882
0.999536872 -0.011534018 -0.028160494 -0.402349383 0.011617525 0.999928594 0.002803663 0.046766251 0.028126147 -0.003129520 0.999599457 28.439884186
0.999526322 -0.010655683 -0.028867470 -0.430580258 0.010725108 0.999939978 0.002251254 0.052911229 0.028841745 -0.002559795 0.999580741 29.253536224
0.999481797 -0.010728305 -0.030347902 -0.452266663 0.010791396 0.999940038 0.001915939 0.052760776 0.030325525 -0.002242442 0.999537587 30.052331924
0.999444127 -0.009858785 -0.031844642 -0.488627136 0.009897066 0.999950469 0.001044732 0.053476766 0.031832762 -0.001359319 0.999492288 30.832021713
0.999375522 -0.009406156 -0.034060206 -0.511554778 0.009445371 0.999954879 0.000990677 0.055168957 0.034049354 -0.001311770 0.999419272 31.617477417
0.999282539 -0.010163274 -0.036485162 -0.537374675 0.010238534 0.999945819 0.001876512 0.058810115 0.036464110 -0.002248720 0.999332428 32.438846588
0.999199629 -0.010588595 -0.038576983 -0.564805031 0.010752100 0.999934018 0.004033386 0.062819958 0.038531724 -0.004444941 0.999247551 33.203048706
0.999124646 -0.008997315 -0.040851470 -0.595626891 0.009225294 0.999942958 0.005395674 0.068492591 0.040800586 -0.005767819 0.999150634 33.956607819
0.999066532 -0.008079574 -0.042436220 -0.637370884 0.008335193 0.999948144 0.005850116 0.064204380 0.042386752 -0.006198371 0.999082029 34.718112946
0.998997867 -0.005196901 -0.044455502 -0.674028575 0.005420315 0.999973297 0.004906510 0.070163503 0.044428814 -0.005142556 0.998999357 35.446990967
0.998911440 -0.004066996 -0.046469174 -0.705535054 0.004267728 0.999981999 0.004221278 0.071391664 0.046451170 -0.004415001 0.998910785 36.187393188
0.998825192 -0.003908329 -0.048301030 -0.739117026 0.004171093 0.999977052 0.005340524 0.075960480 0.048279047 -0.005535717 0.998818517 36.897460938
0.998782575 -0.002092624 -0.049284719 -0.781152606 0.002436604 0.999973178 0.006920402 0.085081577 0.049268909 -0.007032065 0.998760819 37.619731903
0.998792529 0.000579307 -0.049123172 -0.825276971 -0.000219768 0.999973118 0.007324223 0.090502769 0.049126096 -0.007304583 0.998765945 38.306972504
0.998822391 0.003769890 -0.048369095 -0.860158443 -0.003504091 0.999978304 0.005578848 0.087739110 0.048389077 -0.005402789 0.998813927 39.003963470
0.998882174 0.005325437 -0.046968523 -0.890201986 -0.005215627 0.999983430 0.002460170 0.092857271 0.046980847 -0.002212451 0.998893321 39.676258087
0.998986304 0.006113318 -0.044596966 -0.924806952 -0.006088031 0.999981165 0.000702821 0.095361613 0.044600431 -0.000430601 0.999004781 40.332794189
0.999126494 0.006965467 -0.041206662 -0.957123041 -0.006904852 0.999974847 0.001613151 0.093023799 0.041216865 -0.001327216 0.999149323 41.003185272
0.999205351 0.011682341 -0.038109489 -0.983498931 -0.011534332 0.999925077 0.004101324 0.098264232 0.038154550 -0.003658497 0.999265134 41.657474518
0.999292672 0.015764050 -0.034139961 -1.014100432 -0.015514128 0.999851048 0.007573066 0.100771159 0.034254249 -0.007038058 0.999388397 42.289024353
0.999336541 0.020974107 -0.029773094 -1.041477442 -0.020720895 0.999746621 0.008787956 0.099670708 0.029949866 -0.008165202 0.999518037 42.904251099
0.999384224 0.024444265 -0.025172004 -1.051389575 -0.024223126 0.999665558 0.009052895 0.103539675 0.025384881 -0.008437578 0.999642134 43.527069092
0.999411762 0.028063403 -0.019713126 -1.061587572 -0.027853552 0.999553204 0.010840449 0.111913770 0.020008538 -0.010284993 0.999746859 44.110858917
0.999370396 0.033111546 -0.012747688 -1.080072880 -0.032953609 0.999379873 0.012406156 0.111066312 0.013150570 -0.011978263 0.999841690 44.684177399
0.999312162 0.036660671 -0.005581712 -1.088413000 -0.036592238 0.999259353 0.011904748 0.114641756 0.006014014 -0.011692313 0.999913573 45.223197937
0.999211311 0.039681707 0.001448612 -1.092226744 -0.039696034 0.999142408 0.011770123 0.123594254 -0.000980311 -0.011818343 0.999929667 45.770370483
0.998984933 0.044198569 0.008689478 -1.086547256 -0.044294275 0.998956263 0.011147385 0.130685210 -0.008187711 -0.011520965 0.999900043 46.279464722
0.998691380 0.048353054 0.016652357 -1.087343812 -0.048496980 0.998788416 0.008350266 0.135493189 -0.016228421 -0.009146931 0.999826431 46.755489349
0.998421073 0.050461821 0.024674386 -1.074712396 -0.050606545 0.998704731 0.005276152 0.135872945 -0.024376187 -0.006516508 0.999681473 47.210872650
0.998187184 0.050786503 0.032297168 -1.059324265 -0.050974775 0.998687208 0.005032329 0.137967050 -0.031999189 -0.006669547 0.999465644 47.662181854
0.997943997 0.050062817 0.040021531 -1.036119699 -0.050358865 0.998710573 0.006422877 0.139680281 -0.039648380 -0.008425109 0.999178112 48.079395294
0.997490108 0.051847029 0.048223082 -1.014330149 -0.052257568 0.998606980 0.007291076 0.139046237 -0.047777884 -0.009792797 0.998809993 48.463401794
0.996877849 0.054881550 0.056768078 -0.993089914 -0.055371810 0.998440564 0.007098367 0.143887237 -0.056289986 -0.010219556 0.998362184 48.836448669
0.996088326 0.059644870 0.065196484 -0.969586134 -0.060188282 0.998166442 0.006401112 0.146880150 -0.064695157 -0.010300139 0.997851968 49.176715851
0.995197058 0.063405335 0.074582338 -0.955068588 -0.064084247 0.997921705 0.006742827 0.141418576 -0.073999792 -0.011489995 0.997192085 49.482604980
0.994518638 0.062632978 0.083724737 -0.917407990 -0.063470803 0.997956336 0.007380202 0.139522880 -0.083091393 -0.012653826 0.996461630 49.776329041
0.993649840 0.061449617 0.094254822 -0.877915859 -0.062257811 0.998044014 0.005655187 0.135246694 -0.093722962 -0.011487375 0.995532036 50.053730011
0.992528439 0.060296144 0.106073901 -0.842488766 -0.060761053 0.998151600 0.001153704 0.136003867 -0.105808295 -0.007590247 0.994357586 50.324356079
0.990964890 0.061306838 0.119289935 -0.799882889 -0.061406780 0.998108745 -0.002841274 0.135225073 -0.119238526 -0.004509607 0.992855310 50.588977814
0.988887548 0.062922843 0.134692952 -0.757779121 -0.062826909 0.998012066 -0.004966961 0.132939160 -0.134737745 -0.003550576 0.990874887 50.862785339
0.986370981 0.064731956 0.151268363 -0.717341423 -0.064509146 0.997896731 -0.006384994 0.134935707 -0.151363507 -0.003460219 0.988472044 51.139308929
0.983645499 0.065316178 0.167854935 -0.652203560 -0.064953044 0.997858942 -0.007658676 0.132960528 -0.167995811 -0.003369269 0.985781968 51.399604797
0.980489373 0.064234421 0.185780734 -0.587882042 -0.063659273 0.997930586 -0.009065795 0.135939956 -0.185978606 -0.002937752 0.982549489 51.658050537
0.976664662 0.063407376 0.205196366 -0.520812035 -0.062842518 0.997980297 -0.009275219 0.132599413 -0.205370069 -0.003836277 0.978676915 51.911293030
0.972113490 0.063930921 0.225628421 -0.449207306 -0.063167997 0.997946441 -0.010606651 0.132920086 -0.225843206 -0.003941628 0.974155724 52.171222687
0.966961026 0.065577477 0.246345431 -0.368498802 -0.064390339 0.997841656 -0.012880233 0.131995559 -0.246658385 -0.003407585 0.969096541 52.413436890
0.960778952 0.067095451 0.269076377 -0.287425041 -0.065480180 0.997741342 -0.014984322 0.125242114 -0.269474000 -0.003222550 0.963002324 52.653869629
0.953634739 0.068217576 0.293133348 -0.187328339 -0.066460937 0.997661471 -0.015960548 0.113224864 -0.293536633 -0.004261388 0.955938280 52.899524689
0.945057511 0.071354374 0.319022089 -0.088571548 -0.069607504 0.997431457 -0.016889146 0.108282924 -0.319407791 -0.006245116 0.947596788 53.152248383
0.935387850 0.073162682 0.345972240 0.025863647 -0.071399510 0.997287929 -0.017856976 0.100034118 -0.346340448 -0.007999053 0.938074768 53.396152496
0.924356580 0.073662356 0.374351382 0.150224686 -0.071658432 0.997242570 -0.019290153 0.092238486 -0.374740094 -0.008994462 0.927086234 53.636882782
0.911769807 0.071882136 0.404362381 0.287511826 -0.069088936 0.997378409 -0.021516565 0.086415052 -0.404848993 -0.008318818 0.914345741 53.881317139
0.897028327 0.069352172 0.436497927 0.440002441 -0.065370470 0.997568607 -0.024156779 0.075091481 -0.437111944 -0.006864763 0.899380922 54.110324860
0.879861712 0.068281814 0.470298767 0.602048874 -0.062199034 0.997657180 -0.028482553 0.070236444 -0.471141815 -0.004191419 0.882047534 54.339439392
0.860535562 0.070490502 0.504489541 0.775609970 -0.061879784 0.997510195 -0.033826731 0.063172102 -0.505617917 -0.002108599 0.862754941 54.578365326
0.838765264 0.072131388 0.539694250 0.961704254 -0.061112262 0.997394681 -0.038326569 0.054562092 -0.541052699 -0.000834938 0.840988278 54.815490723
0.814247906 0.075234905 0.575621426 1.164999008 -0.062476199 0.997164190 -0.041955430 0.042774916 -0.577145576 -0.001800525 0.816639245 55.054050446
0.786984503 0.079164818 0.611872733 1.382806778 -0.065387912 0.996850431 -0.044872418 0.028545976 -0.613497972 -0.004695189 0.789682388 55.290443420
0.757365823 0.082814589 0.647718191 1.618827820 -0.068354800 0.996530354 -0.047486182 0.010684490 -0.649403214 -0.008310237 0.760398805 55.527030945
0.724284947 0.084579892 0.684293389 1.870361328 -0.068805546 0.996359944 -0.050325193 -0.005346298 -0.686059058 -0.010633407 0.727468133 55.753623962
0.687856615 0.082209319 0.721176028 2.156288147 -0.065164842 0.996547461 -0.051445719 -0.023746967 -0.722915411 -0.011608040 0.690838993 55.982116699
0.648899853 0.080855459 0.756565571 2.475234985 -0.062335990 0.996644378 -0.053048071 -0.044853210 -0.758315980 -0.012738376 0.651762664 56.208446503
0.606393278 0.080473334 0.791082382 2.814981461 -0.060394354 0.996653020 -0.055090688 -0.061805725 -0.792868137 -0.014370294 0.609223902 56.439167023
0.560392797 0.080210544 0.824333787 3.177961349 -0.056758042 0.996678710 -0.058395442 -0.082096577 -0.826279998 -0.014063194 0.563084185 56.647602081
0.512300968 0.079599336 0.855109096 3.592849731 -0.053790681 0.996714413 -0.060554605 -0.101049900 -0.857119799 -0.014974723 0.514899373 56.867465973
0.463772893 0.077685207 0.882541656 4.007818222 -0.051892299 0.996819913 -0.060475241 -0.124641895 -0.884433150 -0.017750340 0.466329277 57.049743652
0.413934350 0.075817011 0.907144010 4.443172455 -0.051897243 0.996870279 -0.059635162 -0.145942807 -0.908826172 -0.022393238 0.416573495 57.223827362
0.363756180 0.075719781 0.928411484 4.920446396 -0.054494474 0.996713340 -0.059939168 -0.164469957 -0.929898798 -0.028790044 0.366687030 57.394653320
0.314309567 0.076219231 0.946255803 5.404020309 -0.052728191 0.996634543 -0.062762894 -0.187447786 -0.947855055 -0.030167377 0.317270696 57.531875610
0.267497897 0.072819300 0.960802794 5.883601189 -0.041412782 0.997087777 -0.064039558 -0.217066526 -0.962668121 -0.022659067 0.269734442 57.621009827
0.223768502 0.066750370 0.972353876 6.388662338 -0.027918866 0.997681618 -0.062064085 -0.249723017 -0.974242389 -0.013259031 0.225113302 57.687568665
0.181804419 0.066025145 0.981115699 6.916135788 -0.018600550 0.997795761 -0.063700892 -0.270768404 -0.983158767 -0.006668187 0.182631746 57.746208191
0.143115431 0.067268029 0.987417400 7.458464622 -0.015796442 0.997715652 -0.065680079 -0.305570662 -0.989579916 -0.006197849 0.143851101 57.806438446
0.110601895 0.067785576 0.991550446 8.009670258 -0.006937616 0.997699797 -0.067432106 -0.340454757 -0.993840575 0.000579123 0.110817738 57.839530945
0.082116090 0.066363856 0.994410753 8.562650681 0.000893029 0.997775137 -0.066662133 -0.370333254 -0.996622384 0.006362071 0.081874132 57.849372864
0.057153195 0.064875737 0.996255279 9.142060280 0.007784462 0.997827172 -0.065424651 -0.400654525 -0.998335123 0.011494540 0.056523979 57.860752106
0.037564091 0.064097658 0.997236311 9.736012459 0.012634302 0.997830451 -0.064611755 -0.427721381 -0.999214351 0.015026466 0.036672752 57.861198425
0.021697599 0.065551236 0.997613251 10.340857506 0.014990842 0.997714698 -0.065883927 -0.462370157 -0.999652207 0.016384587 0.020665329 57.865192413
0.008127066 0.065567121 0.997815073 10.941256523 0.016361639 0.997705698 -0.065693200 -0.496763885 -0.999833107 0.016859779 0.007035635 57.863132477
-0.003795887 0.066307575 0.997792006 11.568564415 0.016991634 0.997659445 -0.066234127 -0.533461452 -0.999848366 0.016702699 -0.004913677 57.860855103
-0.012693631 0.069378152 0.997509658 12.201233864 0.021663755 0.997374952 -0.069093116 -0.569280684 -0.999684751 0.020732760 -0.014163300 57.845203400
-0.019133938 0.071163245 0.997281134 12.850669861 0.026036391 0.997160971 -0.070655137 -0.608026028 -0.999477923 0.024613690 -0.020932451 57.823249817
-0.023575632 0.070494108 0.997233570 13.519608498 0.026543714 0.997203290 -0.069864459 -0.644951105 -0.999369621 0.024823181 -0.025380872 57.801197052
-0.027021257 0.067756072 0.997335970 14.185009003 0.024486536 0.997445703 -0.067100108 -0.681838512 -0.999334991 0.022608168 -0.028611351 57.781337738
-0.029764693 0.060866334 0.997702062 14.873254776 0.022467187 0.997932911 -0.060210131 -0.718037724 -0.999304414 0.020623427 -0.031070657 57.769603729
-0.030905478 0.055048570 0.998005271 15.571777344 0.023484850 0.998246551 -0.054334607 -0.757626057 -0.999246359 0.021758769 -0.032144088 57.745304108
-0.031340908 0.052718613 0.998117447 16.313943863 0.025892291 0.998315752 -0.051916067 -0.796170890 -0.999173284 0.024216454 -0.032653131 57.713405609
-0.030776963 0.055176836 0.998002112 17.023187637 0.029177915 0.998099208 -0.054282397 -0.828102767 -0.999100327 0.027448978 -0.032328412 57.683917999
-0.030371059 0.062467881 0.997584701 17.740989685 0.030199217 0.997646987 -0.061552368 -0.864109516 -0.999082327 0.028256871 -0.032186080 57.665252686
-0.027909026 0.070558682 0.997117102 18.476385117 0.030407527 0.997104049 -0.069706663 -0.899463534 -0.999147892 0.028374419 -0.029973716 57.641410828
-0.025841217 0.071187578 0.997128129 19.212135315 0.031377699 0.997027576 -0.070367217 -0.940320849 -0.999173462 0.029469211 -0.027998108 57.626659393
-0.024310386 0.066771060 0.997472107 19.993873596 0.030656923 0.997347534 -0.066015564 -0.986528158 -0.999234259 0.028974561 -0.026292900 57.620777130
-0.021492250 0.060284212 0.997949779 20.756168365 0.030425966 0.997757614 -0.059617322 -1.030687690 -0.999306023 0.029082278 -0.023278259 57.599205017
-0.018707193 0.058492512 0.998112619 21.510654449 0.028815022 0.997904181 -0.057940237 -1.077639580 -0.999409676 0.027676739 -0.020353450 57.587734222
-0.014839370 0.063772939 0.997854054 22.262252808 0.036393952 0.997337162 -0.063198671 -1.121654034 -0.999227345 0.035378028 -0.017120805 57.561893463
-0.011497323 0.069419622 0.997521222 23.001796722 0.038341973 0.996884108 -0.068933360 -1.162309051 -0.999198556 0.037454382 -0.014123183 57.542007446
-0.009683165 0.070079826 0.997494400 23.801263809 0.031776026 0.997058868 -0.069740772 -1.214064717 -0.999448061 0.031021088 -0.011881545 57.565124512
-0.006165730 0.066622972 0.997759223 24.563707352 0.027384976 0.997415185 -0.066430770 -1.257228017 -0.999605954 0.026914014 -0.007974261 57.564197540
-0.001513595 0.063108817 0.998005569 25.331619263 0.031453054 0.997515798 -0.063030154 -1.306078076 -0.999504149 0.031294916 -0.003494801 57.559017181
0.002262737 0.064300634 0.997928083 26.102836609 0.036247294 0.997269571 -0.064340383 -1.355242968 -0.999340296 0.036317773 -0.000074166 57.555110931
0.004413063 0.067795731 0.997689486 26.868610382 0.035502605 0.997059584 -0.067909963 -1.418173075 -0.999359846 0.035720263 0.001993160 57.575347900
0.008539103 0.068979114 0.997581482 27.643756866 0.032203790 0.997081459 -0.069220170 -1.459483027 -0.999444783 0.032716990 0.006292795 57.578353882
0.012565072 0.068541192 0.997569144 28.414735794 0.031535752 0.997124493 -0.068907842 -1.506037951 -0.999423623 0.032324925 0.010367444 57.584316254
0.016122248 0.065305568 0.997735083 29.177984238 0.035689209 0.997191310 -0.065846682 -1.554388285 -0.999232948 0.036669966 0.013746260 57.597732544
0.019762196 0.065849811 0.997633755 29.948677063 0.040084936 0.996974289 -0.066600315 -1.606531858 -0.999000788 0.041306261 0.017062815 57.607627869
0.023143396 0.066781856 0.997499168 30.713705063 0.042913429 0.996780396 -0.067729391 -1.657047272 -0.998810649 0.044373602 0.020203043 57.615325928
0.025982462 0.066691428 0.997435331 31.476135254 0.043465674 0.996753097 -0.067778066 -1.701277494 -0.998717010 0.045115232 0.022999315 57.635025024
0.029406421 0.065344147 0.997429490 32.239479065 0.044388365 0.996791244 -0.066611014 -1.745753050 -0.998581469 0.046233062 0.026411545 57.656909943
0.032865047 0.064048707 0.997405529 33.008235931 0.046423897 0.996769607 -0.065537557 -1.801400661 -0.998380959 0.048457347 0.029785493 57.682235718
0.035947312 0.064303070 0.997282743 33.771690369 0.044959631 0.996813178 -0.065893382 -1.850513458 -0.998341918 0.047206160 0.032941714 57.706741333
0.038781095 0.065859377 0.997074962 34.581897736 0.042376168 0.996819496 -0.067490719 -1.903719664 -0.998348713 0.044869576 0.035866886 57.746952057
0.041648898 0.065935515 0.996954262 35.356914520 0.043843247 0.996738315 -0.067752831 -1.949511528 -0.998169839 0.046531543 0.038622227 57.778793335
0.044297323 0.065370351 0.996877372 36.125846863 0.041741639 0.996864378 -0.067224331 -2.000029564 -0.998145998 0.044589162 0.041429751 57.816390991
0.046796888 0.065826558 0.996733129 36.909519196 0.040262524 0.996891141 -0.067727335 -2.047132969 -0.998092651 0.043300424 0.044001054 57.852050781
0.049530450 0.065488480 0.996623337 37.689357758 0.037456375 0.997024298 -0.067376353 -2.098741770 -0.998070002 0.040667076 0.046930097 57.897377014
0.052623019 0.067880072 0.996304750 38.494926453 0.035480261 0.996930063 -0.069796681 -2.152399063 -0.997983873 0.039022069 0.050053079 57.947219849
0.056186326 0.071615145 0.995848536 39.278072357 0.034585007 0.996686041 -0.073626652 -2.199474573 -0.997821093 0.038578235 0.053523313 57.989437103
0.060189005 0.073913112 0.995446682 40.066883087 0.034733426 0.996495664 -0.076091118 -2.248756886 -0.997582436 0.039155126 0.057410832 58.031772614
0.062939048 0.075948469 0.995123386 40.860042572 0.028286055 0.996563911 -0.077847436 -2.303970814 -0.997616410 0.033047758 0.060574502 58.092330933
0.065162435 0.074698389 0.995074928 41.669067383 0.024451427 0.996775329 -0.076427229 -2.365903378 -0.997575045 0.029311189 0.063125826 58.170669556
0.068525746 0.075690635 0.994773924 42.477760315 0.027024509 0.996610999 -0.077692017 -2.417846441 -0.997283280 0.032207180 0.066248029 58.225509644
0.072685264 0.077153526 0.994366229 43.279342651 0.026540898 0.996500671 -0.079259187 -2.472066402 -0.997001767 0.032152351 0.070383191 58.278503418
0.076179788 0.077949278 0.994042516 44.086704254 0.022523727 0.996550560 -0.079872094 -2.529117823 -0.996839702 0.028474184 0.074161299 58.353500366
0.080359429 0.076076880 0.993858457 44.900817871 0.021691304 0.996713459 -0.078049302 -2.584662914 -0.996529937 0.027830083 0.078445122 58.423339844
0.085118182 0.075925007 0.993473947 45.723419189 0.022203621 0.996700406 -0.078073934 -2.649848938 -0.996123433 0.028704232 0.083151519 58.497352600
0.090389341 0.079226300 0.992750227 46.534229279 0.018860282 0.996515751 -0.081244022 -2.712190628 -0.995727897 0.026067143 0.088580184 58.573104858
0.096137650 0.088081501 0.991463184 47.345409393 0.016868152 0.995789766 -0.090101510 -2.771570206 -0.995225132 0.025386302 0.094247118 58.663825989
0.103405371 0.092677139 0.990312159 48.165275574 0.014958340 0.995392084 -0.094714463 -2.841095448 -0.994526923 0.024607411 0.101542592 58.760883331
0.110957384 0.095708139 0.989205956 49.005027771 0.011125760 0.995170116 -0.097533122 -2.915587425 -0.993762910 0.021827692 0.109356642 58.852485657
0.118083775 0.093973033 0.988547087 49.838291168 0.007269586 0.995403588 -0.095493183 -2.989264488 -0.992976964 0.018462526 0.116857864 58.963691711
0.125744119 0.091858357 0.987800837 50.672286987 0.007300310 0.995591402 -0.093512133 -3.064274073 -0.992035866 0.018969852 0.124519162 59.073394775
0.133301795 0.087931238 0.987167001 51.504943848 0.007520724 0.995938003 -0.089728028 -3.139784575 -0.991046965 0.019385120 0.132098973 59.187664032
0.140302226 0.083096027 0.986615539 52.337863922 0.005376113 0.996393323 -0.084684044 -3.201483250 -0.990094185 0.017185520 0.139349461 59.317798615
0.147784367 0.075478166 0.986135304 53.165348053 0.001637218 0.997063577 -0.076559976 -3.280736208 -0.989018261 0.012928884 0.147226840 59.443698883
0.155029863 0.073131636 0.985199273 53.991092682 0.001289249 0.997240424 -0.074228331 -3.343198776 -0.987908959 0.012777776 0.154507756 59.584579468
0.162274778 0.074918710 0.983897388 54.807815552 0.000962990 0.997101009 -0.076082930 -3.405509710 -0.986745119 0.013293821 0.161732197 59.723159790
0.167401448 0.081325904 0.982528806 55.606399536 0.001724372 0.996566176 -0.082781613 -3.465728521 -0.985887289 0.015552005 0.166686371 59.872505188
0.173416644 0.084873103 0.981184602 56.397525787 0.000759787 0.996267796 -0.086312115 -3.525794268 -0.984848261 0.015713450 0.172704980 60.005527496
0.178199783 0.088048182 0.980047107 57.208599091 -0.000511513 0.995996714 -0.089388087 -3.594893932 -0.983994186 0.015427631 0.177531481 60.158706665
0.183302581 0.087421238 0.979161680 57.993202209 -0.003307557 0.996087253 -0.088313185 -3.667188406 -0.983051062 0.012949402 0.182874486 60.318595886
0.188869849 0.084044233 0.978399098 58.772430420 0.000886098 0.996315897 -0.085754342 -3.735352755 -0.982001781 0.017063364 0.188099533 60.463794708
0.193354994 0.077905677 0.978030980 59.544918060 0.001238297 0.996822476 -0.079647325 -3.790832043 -0.981128097 0.016611299 0.192644104 60.620086670
0.196298882 0.071432389 0.977938712 60.299430847 0.000042164 0.997342169 -0.072858185 -3.851984024 -0.980544150 0.014343208 0.195774123 60.785140991
0.199702382 0.068205364 0.977479875 61.067230225 -0.003250314 0.997615039 -0.068946280 -3.913887262 -0.979851127 0.010591618 0.199447796 60.940246582
0.203028575 0.068252414 0.976791084 61.802276611 -0.004958813 0.997626662 -0.068677552 -3.965678930 -0.979160190 0.009099783 0.202885151 61.094684601
0.205216572 0.069945239 0.976213992 62.533084869 -0.006680604 0.997519851 -0.070067428 -4.019936085 -0.978693724 0.007857298 0.205174878 61.255184174
0.206055298 0.074322142 0.975713849 63.245422363 -0.011332318 0.997225881 -0.073567547 -4.075279236 -0.978474677 0.004101885 0.206325918 61.427375793
0.208073691 0.079099208 0.974909544 63.957794189 -0.012539255 0.996858597 -0.078203797 -4.123784542 -0.978032768 0.004047515 0.208411857 61.585449219
0.210832953 0.083955348 0.973910153 64.651832581 -0.012452425 0.996454895 -0.083203085 -4.184788704 -0.977442801 0.005414406 0.211130917 61.727817535
0.212289631 0.085708991 0.973440826 65.357711792 -0.010988811 0.996292591 -0.085324571 -4.239670753 -0.977145016 0.007416565 0.212444469 61.892379761
0.213541865 0.085689515 0.973168671 66.037933350 -0.013771585 0.996310890 -0.084705330 -4.295334816 -0.976836860 0.004686059 0.213934138 62.048896790
0.214112774 0.082553662 0.973314226 66.710655212 -0.013361833 0.996576607 -0.081587322 -4.351966858 -0.976717532 0.004463627 0.214482859 62.197902679
0.215303436 0.080012105 0.973263800 67.389060974 -0.013364692 0.996785820 -0.078989334 -4.410368443 -0.976455748 0.003999304 0.215680763 62.345726013
0.214801952 0.079175681 0.973442972 68.054290771 -0.012385389 0.996849298 -0.078346446 -4.455940247 -0.976579130 0.004772496 0.215105787 62.499877930
0.213261962 0.078621052 0.973826528 68.712608337 -0.012761950 0.996895969 -0.077688754 -4.511682510 -0.976911783 0.004140132 0.213603362 62.656341553
0.211752325 0.078876376 0.974135220 69.334060669 -0.014030089 0.996880472 -0.077668279 -4.569738388 -0.977222562 0.002779243 0.212198436 62.784545898
0.209681407 0.081371024 0.974377990 69.959472656 -0.014675614 0.996680796 -0.080075413 -4.622863770 -0.977659643 0.002490730 0.210179612 62.919937134
0.207453191 0.084792919 0.974563122 70.567787170 -0.012713965 0.996385932 -0.083985217 -4.677812576 -0.978162289 0.005032440 0.207781494 63.045402527
0.205708906 0.085589632 0.974863231 71.188720703 -0.010232747 0.996301651 -0.085312605 -4.722936630 -0.978559673 0.007574033 0.205823958 63.181034088
0.203035071 0.084775232 0.975494683 71.796661377 -0.011005700 0.996379733 -0.084299549 -4.767229557 -0.979109585 0.006379762 0.203233063 63.317993164
0.200739831 0.082165949 0.976192713 72.395088196 -0.011703745 0.996606469 -0.081477456 -4.816711426 -0.979574680 0.004930662 0.201020241 63.441677094
0.198750094 0.078343399 0.976913929 72.981628418 -0.011223747 0.996916473 -0.077664062 -4.864886284 -0.979985952 0.004471106 0.199016541 63.561779022
0.197067693 0.077027105 0.977359295 73.551383972 -0.007735239 0.996999919 -0.077015340 -4.917351246 -0.980359375 0.007617127 0.197072282 63.666854858
0.195373982 0.078349076 0.977594197 74.115547180 -0.004033487 0.996859550 -0.079086997 -4.965500832 -0.980720520 0.011508428 0.195076436 63.779212952
0.192862824 0.080472946 0.977920294 74.683586121 0.000199533 0.996628106 -0.082051754 -5.004372120 -0.981225669 0.016019860 0.192196444 63.888549805
0.191094965 0.082484536 0.978099704 75.238853455 -0.000739526 0.996474802 -0.083889633 -5.043827534 -0.981571198 0.015307556 0.190482259 63.994297028
0.189910576 0.085186876 0.978098810 75.798645020 -0.001032297 0.996245444 -0.086566932 -5.085731506 -0.981800735 0.015430283 0.189285487 64.103378296
0.188498229 0.083645076 0.978504956 76.361534119 0.000723721 0.996354163 -0.085310295 -5.128997326 -0.982073188 0.016789002 0.187750444 64.213592529
0.189060584 0.081733316 0.978557885 76.926284790 0.006884180 0.996395230 -0.084553182 -5.178384781 -0.981941283 0.022722244 0.187816381 64.316421509
0.191474020 0.080146618 0.978219867 77.492904663 0.011578906 0.996406674 -0.083903097 -5.219096184 -0.981429279 0.027391976 0.189857975 64.414131165
0.192818776 0.079465486 0.978011310 78.057891846 0.014351891 0.996380329 -0.083787516 -5.262114525 -0.981129467 0.030192118 0.190980330 64.537673950
0.196218416 0.079193659 0.977356970 78.607589722 0.011780516 0.996470928 -0.083107539 -5.311538219 -0.980489433 0.027820999 0.194593012 64.658233643
0.201418296 0.079583526 0.976266861 79.178886414 0.010885458 0.996450484 -0.083474681 -5.357232571 -0.979444921 0.027440440 0.199837059 64.783897400
0.207820699 0.078582786 0.975005209 79.755882263 0.012028285 0.996487200 -0.082877964 -5.397291660 -0.978093028 0.028951393 0.206145421 64.911544800
0.214691550 0.078781761 0.973499238 80.330825806 0.009902121 0.996514618 -0.082828090 -5.442641258 -0.976631701 0.027422195 0.213163152 65.053337097
0.223009095 0.076680228 0.971795678 80.913177490 0.010911975 0.996642590 -0.081144862 -5.484317780 -0.974755287 0.028700255 0.221423611 65.201400757
0.232589036 0.076749235 0.969542027 81.508628845 0.006673327 0.996732056 -0.080502495 -5.531346321 -0.972552180 0.025194071 0.231316775 65.342475891
0.241686523 0.075823262 0.967387438 82.100608826 0.005801170 0.996811748 -0.079578854 -5.587219238 -0.970337093 0.024845116 0.240476102 65.505500793
0.251942307 0.079273961 0.964489818 82.717178345 0.001103412 0.996615052 -0.082202636 -5.637904167 -0.967741609 0.021774549 0.251001984 65.679672241
0.261259764 0.081558496 0.961816728 83.329574585 -0.002289376 0.996473670 -0.083875395 -5.681349277 -0.965265751 0.019711306 0.260525227 65.860427856
0.271755040 0.084393121 0.958658934 83.944107056 -0.006444065 0.996284902 -0.085878693 -5.726851463 -0.962344885 0.017160309 0.271289229 66.046882629
0.281947672 0.085480034 0.955614269 84.578491211 -0.007452322 0.996188402 -0.086910620 -5.785438538 -0.959400833 0.017382704 0.281509936 66.248199463
0.291744471 0.086779021 0.952551663 85.212425232 -0.011045241 0.996115208 -0.087364830 -5.833947659 -0.956432462 0.014967047 0.291569561 66.449424744
0.302295923 0.086732388 0.949260056 85.856552124 -0.011484055 0.996111095 -0.087355927 -5.887890339 -0.953144968 0.015505989 0.302116334 66.668678284
0.312257946 0.087694056 0.945941150 86.510932922 -0.015846794 0.996072590 -0.087110437 -5.936691761 -0.949865222 0.012210797 0.312421292 66.901092529
0.322570890 0.082491577 0.942943871 87.181396484 -0.014962647 0.996515095 -0.082059592 -5.986964226 -0.946427107 0.012361096 0.322681069 67.142051697
0.333828092 0.075425647 0.939611495 87.869873047 -0.010804775 0.997034371 -0.076196402 -6.032494545 -0.942572117 0.015284209 0.333653033 67.375465393
0.344572335 0.071335673 0.936045408 88.560234070 -0.009826621 0.997328103 -0.072388679 -6.089624882 -0.938708246 0.015744977 0.344352722 67.638595581
0.354561687 0.067878440 0.932565510 89.257843018 -0.010257300 0.997583807 -0.068711087 -6.137259007 -0.934976399 0.014796712 0.354401290 67.915740967
0.363782644 0.065489724 0.929178834 89.963279724 -0.004420490 0.997635543 -0.068583973 -6.183732510 -0.931473434 0.020842234 0.363211989 68.192825317
0.372913688 0.060255218 0.925907493 90.685157776 0.002544017 0.997819006 -0.065959625 -6.217339516 -0.927862525 0.026952768 0.371947140 68.470527649
0.379664302 0.050588161 0.923740029 91.414611816 0.012375697 0.998136759 -0.059748948 -6.258361816 -0.925041556 0.034116477 0.378330827 68.760490417
0.386931390 0.045940727 0.920963466 92.142883301 0.018037109 0.998190045 -0.057371117 -6.303072929 -0.921932101 0.038810201 0.385402381 69.056526184
0.394051969 0.045907833 0.917940915 92.885848999 0.019729506 0.998099089 -0.058386132 -6.356867790 -0.918876290 0.041117694 0.392397225 69.378929138
0.401189864 0.051834021 0.914527118 93.605834961 0.022098072 0.997559369 -0.066234276 -6.401659966 -0.915728271 0.046781808 0.399065316 69.696395874
0.408842683 0.056178592 0.910874069 94.349685669 0.026172403 0.996971130 -0.073236063 -6.442737103 -0.912229478 0.053781789 0.406134069 70.017150879
0.413962066 0.058283746 0.908426344 95.065910339 0.024037506 0.996900260 -0.074913830 -6.496339321 -0.909976721 0.052847780 0.411277890 70.352355957
0.418449819 0.059931438 0.906260490 95.782478333 0.017040739 0.997126877 -0.073808745 -6.549817085 -0.908080161 0.046328600 0.416226238 70.697189331
0.421983957 0.063426748 0.904381990 96.486000061 0.010412218 0.997144818 -0.074790806 -6.608521938 -0.906543553 0.040977146 0.420118749 71.045494080
0.426048666 0.066687100 0.902239144 97.192512512 0.009648464 0.996887982 -0.078238994 -6.665782928 -0.904648840 0.042038843 0.424079329 71.385917664
0.430529177 0.070478655 0.899820745 97.893356323 0.006534302 0.996677101 -0.081191361 -6.732631683 -0.902553022 0.040834948 0.428638041 71.714904785
0.434191704 0.073227845 0.897839189 98.568893433 0.003642235 0.996539652 -0.083039217 -6.791549683 -0.900813103 0.039325073 0.432422459 72.046081543
0.437888235 0.072224751 0.896123528 99.246185303 0.002189733 0.996679127 -0.081399232 -6.842405319 -0.899026811 0.037606034 0.436275929 72.381820679
0.442525953 0.068965651 0.894099832 99.935890198 0.003638516 0.996892095 -0.078695290 -6.900923729 -0.896748304 0.038077906 0.440899730 72.712966919
0.445822775 0.066117734 0.892676055 100.584266663 0.003220688 0.997143328 -0.075463779 -6.962038994 -0.895115435 0.036518499 0.444336265 73.040077209
0.449337572 0.065278672 0.890973806 101.252273560 0.002080931 0.997247517 -0.074114457 -7.023077011 -0.893359601 0.035156462 0.447964936 73.395172119
0.452849716 0.067190401 0.889051557 101.884010315 -0.000015124 0.997156978 -0.075352833 -7.071076393 -0.891586900 0.034110051 0.451563239 73.717544556
0.455190212 0.067413352 0.887838542 102.501441956 0.001041217 0.997088790 -0.076242521 -7.124429703 -0.890393615 0.035629280 0.453794897 74.043212891
0.457530111 0.065378293 0.886787355 103.127059937 0.003252020 0.997163653 -0.075193621 -7.176771164 -0.889188170 0.037287198 0.456019729 74.362091064
0.458972037 0.064140640 0.886132419 103.735717773 0.005819165 0.997152209 -0.075190596 -7.224327087 -0.888431609 0.039666928 0.457291752 74.683601379
0.460669637 0.064090259 0.885254681 104.328468323 0.004291824 0.997217059 -0.074429438 -7.278248310 -0.887561262 0.038086738 0.459112555 74.996498108
0.462695420 0.063841090 0.884215653 104.924171448 0.005159374 0.997192860 -0.074697949 -7.331143379 -0.886502326 0.039124388 0.461067110 75.321952820
0.465507597 0.065322995 0.882629931 105.502128601 0.004805424 0.997071266 -0.076327153 -7.378470421 -0.885030806 0.039772280 0.463830262 75.625526428
0.468433201 0.065179005 0.881091416 106.068145752 0.008145357 0.996914029 -0.078077510 -7.423480034 -0.883461356 0.043750908 0.466456771 75.921577454
0.471209675 0.064956494 0.879626095 106.622779846 0.009577472 0.996849000 -0.078743465 -7.470769882 -0.881969213 0.045529272 0.469102681 76.215995789
0.474448979 0.062604770 0.878053963 107.175369263 0.012895505 0.996866465 -0.078044012 -7.521461487 -0.880188644 0.048350845 0.472154945 76.515930176
0.477975368 0.061733916 0.876201153 107.712295532 0.014355910 0.996844888 -0.078065306 -7.568696022 -0.878255904 0.049891964 0.475581050 76.802413940
0.481488883 0.061382268 0.874300122 108.245742798 0.015574068 0.996787906 -0.078558654 -7.611432076 -0.876313806 0.051441528 0.478986293 77.089340210
0.484640241 0.060440343 0.872622967 108.766418457 0.016171359 0.996820331 -0.078023903 -7.658724785 -0.874564111 0.051925015 0.482121855 77.386177063
0.488185644 0.060120601 0.870666564 109.287574768 0.017583629 0.996744394 -0.078685626 -7.703253746 -0.872562587 0.053722668 0.485539198 77.672660828
0.492000639 0.061463375 0.868422449 109.791473389 0.016933206 0.996640503 -0.080131546 -7.749752522 -0.870430171 0.054129940 0.489306986 77.959899902
0.496466607 0.061358985 0.865884542 110.310043335 0.019600667 0.996451914 -0.081849664 -7.792011261 -0.867834508 0.057607532 0.493502438 78.255935669
0.501211822 0.065051593 0.862875998 110.819900513 0.016265303 0.996285856 -0.084557161 -7.849748611 -0.865171671 0.056415994 0.498292208 78.564773560
0.506997526 0.070934780 0.859023750 111.319465637 0.013033007 0.995863199 -0.089926533 -7.894882202 -0.861849010 0.056788195 0.503975570 78.863807678
0.512701571 0.077927157 0.855023086 111.805694580 0.007867234 0.995404124 -0.095439024 -7.941096783 -0.858530760 0.055658411 0.509732187 79.168289185
0.518742919 0.084001787 0.850793540 112.294578552 0.002777636 0.994990289 -0.099932417 -7.993494987 -0.854925871 0.054202430 0.515910864 79.481262207
0.525042653 0.088555291 0.846456349 112.784080505 -0.001238768 0.994650424 -0.103290834 -8.050737381 -0.851074994 0.053183533 0.522343636 79.791755676
0.530957878 0.089029647 0.842708349 113.285614014 -0.005280238 0.994793952 -0.101770185 -8.097630501 -0.847381651 0.049585987 0.528663754 80.111373901
0.536303639 0.088333867 0.839389861 113.783500671 -0.011827783 0.995197117 -0.097173356 -8.147335052 -0.843942106 0.042186309 0.534772694 80.445747375
0.542324722 0.085654959 0.835791230 114.291488647 -0.017768670 0.995736361 -0.090517089 -8.206224442 -0.839980900 0.034238752 0.541534543 80.778251648
0.547684431 0.084268853 0.832430482 114.816734314 -0.024570093 0.996105850 -0.084672570 -8.259549141 -0.836324155 0.025920965 0.547622144 81.164878845
0.553953588 0.082246326 0.828475118 115.334625244 -0.026866518 0.996356189 -0.080948509 -8.305817604 -0.832113981 0.022583475 0.554144681 81.520141602
0.560065627 0.085860163 0.823986948 115.856460571 -0.032250255 0.996120691 -0.081876084 -8.355580330 -0.827820241 0.019282188 0.560661852 81.897552490
0.566043139 0.089973658 0.819450915 116.378005981 -0.035940930 0.995774448 -0.084507018 -8.396854401 -0.823591769 0.018382791 0.566884995 82.276931763
0.571686268 0.093318872 0.815148056 116.927207947 -0.039126784 0.995481253 -0.086522870 -8.451834679 -0.819538832 0.017569806 0.572754204 82.693046570
0.578227758 0.095644824 0.810249805 117.473915100 -0.041441791 0.995266020 -0.087910220 -8.497470856 -0.814822197 0.017253930 0.579454064 83.090530396
