1.000000000 0.000000000 0.000000000 0.000000000 0.000000000 1.000000000 0.000000000 0.000000000 0.000000000 0.000000000 1.000000000 0.000000000
0.999998510 0.000637092 0.001608832 -0.004777730 -0.000629847 0.999989688 -0.004499558 -0.002116705 -0.001611682 0.004498539 0.999988556 0.976342976
0.999995768 -0.002020507 0.002091868 0.002511373 0.002031449 0.999984205 -0.005241809 0.000981824 -0.002081244 0.005246037 0.999984086 1.945028186
0.999992430 -0.003244311 0.002107434 0.001217068 0.003247131 0.999993861 -0.001336183 -0.001867069 -0.002103086 0.001343016 0.999996901 2.919372082
0.999983251 -0.005608181 0.001431669 0.005929993 0.005601307 0.999972939 0.004761455 -0.004671684 -0.001458334 -0.004753356 0.999987662 3.888957500
0.999953508 -0.009633870 -0.000204211 0.013787131 0.009634735 0.999942183 0.004768107 0.000232529 0.000158264 -0.004769853 0.999988675 4.849013329
0.999924123 -0.012247441 -0.001342169 0.019437488 0.012249865 0.999923289 0.001813683 0.003477765 0.001319853 -0.001829986 0.999997437 5.799655437
0.999915481 -0.012770151 -0.002435480 0.019181693 0.012766467 0.999917328 -0.001521338 0.004943484 0.002454707 0.001490117 0.999995887 6.749806881
0.999917805 -0.012554243 -0.002569043 0.004759872 0.012548499 0.999918699 -0.002240184 0.007466961 0.002596958 0.002207762 0.999994218 7.703331947
0.999919176 -0.012114119 -0.003845968 0.001020961 0.012112712 0.999926567 -0.000389292 0.007213142 0.003850401 0.000342675 0.999992549 8.647850990
0.999925196 -0.011520618 -0.004097998 -0.015081389 0.011531780 0.999929726 0.002711155 0.003917152 0.004066476 -0.002758210 0.999987900 9.595042229
0.999916732 -0.011767369 -0.005298666 -0.019414049 0.011788541 0.999922633 0.003982418 0.010088202 0.005251395 -0.004044550 0.999978006 10.544312477
0.999894202 -0.013355510 -0.005751662 -0.023680296 0.013383098 0.999898970 0.004784852 0.012117732 0.005687176 -0.004861320 0.999971986 11.476025581
0.999884307 -0.013652184 -0.006709720 -0.031229027 0.013685868 0.999893844 0.005000017 0.014237180 0.006640746 -0.005091266 0.999964952 12.408442497
0.999875426 -0.014096470 -0.007099649 -0.045978762 0.014120831 0.999894440 0.003392909 0.021429135 0.007051073 -0.003492740 0.999969065 13.334918976
0.999862731 -0.014125997 -0.008660829 -0.052386507 0.014138322 0.999899089 0.001363730 0.021419449 0.008640694 -0.001485993 0.999961555 14.268776894
0.999828815 -0.015332656 -0.010359511 -0.062830992 0.015332060 0.999882460 -0.000136948 0.028559577 0.010360396 -0.000021908 0.999946296 15.195156097
0.999813914 -0.015053899 -0.012062300 -0.074950211 0.015046000 0.999886453 -0.000745211 0.028295115 0.012072149 0.000563583 0.999926984 16.121442795
0.999821484 -0.013589649 -0.013120634 -0.106337883 0.013577032 0.999907255 -0.001050075 0.021436874 0.013133686 0.000871748 0.999913335 17.047367096
0.999810457 -0.012113113 -0.015242466 -0.112616345 0.012097019 0.999926150 -0.001147631 0.018263377 0.015255241 0.000963026 0.999883115 17.965959549
0.999770939 -0.012724862 -0.017210696 -0.125819966 0.012722353 0.999919057 -0.000255153 0.020401787 0.017212547 0.000036134 0.999851882 18.876586914
0.999766767 -0.012057301 -0.017918793 -0.152440250 0.012082499 0.999926090 0.001298641 0.016795386 0.017901812 -0.001514841 0.999838650 19.783737183
0.999738276 -0.011629552 -0.019703850 -0.170833528 0.011663884 0.999930501 0.001628316 0.020352544 0.019683547 -0.001857714 0.999804497 20.685735703
0.999695182 -0.013152263 -0.020896466 -0.197469383 0.013187598 0.999911785 0.001554040 0.016768247 0.020874185 -0.001829141 0.999780416 21.589078903
0.999662220 -0.012629245 -0.022719430 -0.213638574 0.012661863 0.999918938 0.001292335 0.013939253 0.022701269 -0.001579568 0.999741137 22.474866867
0.999623120 -0.012596227 -0.024391988 -0.230664760 0.012632048 0.999919295 0.001314975 0.019881526 0.024373459 -0.001622600 0.999701619 23.359825134
0.999626398 -0.012028928 -0.024542442 -0.267038524 0.012121036 0.999919951 0.003607610 0.018446952 0.024497084 -0.003903742 0.999692202 24.229442596
0.999578297 -0.013566958 -0.025674647 -0.285747111 0.013731450 0.999886155 0.006241250 0.024012089 0.025587052 -0.006591168 0.999650896 25.097568512
0.999557972 -0.013559856 -0.026455969 -0.306193948 0.013769452 0.999875128 0.007756422 0.028772429 0.026347486 -0.008117279 0.999619961 25.949522018
0.999560297 -0.012624674 -0.026831683 -0.339039385 0.012811373 0.999894798 0.006797710 0.029804036 0.026743043 -0.007138472 0.999616861 26.794937134
0.999548376 -0.011182209 -0.027890891 -0.363175660 0.011301176 0.999927640 0.004111455 0.032598615 0.027842900 -0.004424797 0.999602437 27.622171402
0.999531269 -0.010942025 -0.028593995 -0.388912320 0.011017481 0.999936163 0.002482659 0.038555060 0.028565010 -0.002796528 0.999587953 28.440034866
0.999520183 -0.010018813 -0.029309869 -0.416610837 0.010086329 0.999946773 0.002156544 0.038965926 0.029286705 -0.002451139 0.999568045 29.247653961
0.999474287 -0.010029915 -0.030828845 -0.444911987 0.010090746 0.999947429 0.001818211 0.037117288 0.030808987 -0.002128341 0.999522984 30.049673080
0.999413431 -0.009483848 -0.032902043 -0.472049534 0.009515903 0.999954402 0.000817801 0.039658099 0.032892782 -0.001130414 0.999458253 30.837539673
0.999352694 -0.009394003 -0.034724962 -0.501882672 0.009436399 0.999954879 0.001057191 0.036935695 0.034713462 -0.001384185 0.999396384 31.619108200
0.999276280 -0.009891043 -0.036730096 -0.536839783 0.009969809 0.999948382 0.001961895 0.042805627 0.036708795 -0.002326667 0.999323308 32.412769318
0.999193013 -0.010355611 -0.038808670 -0.564113498 0.010519851 0.999936521 0.004030230 0.048630558 0.038764473 -0.004435238 0.999238551 33.181774139
0.999126375 -0.008799619 -0.040852636 -0.602506459 0.009042189 0.999942541 0.005756670 0.046919420 0.040799621 -0.006121039 0.999148607 33.942726135
0.999050975 -0.007683026 -0.042873040 -0.634006381 0.007936139 0.999952018 0.005736696 0.052680895 0.042826902 -0.006071498 0.999064088 34.682491302
0.999001503 -0.004714393 -0.044426870 -0.674346566 0.004942122 0.999975264 0.005017490 0.055620521 0.044402119 -0.005232043 0.998999953 35.419765472
0.998909891 -0.003554659 -0.046544399 -0.712667346 0.003770108 0.999982595 0.004541922 0.054628201 0.046527445 -0.004712449 0.998905838 36.152141571
0.998828709 -0.003180125 -0.048281495 -0.746263742 0.003448123 0.999979138 0.005468462 0.062170878 0.048263095 -0.005628537 0.998818815 36.863430023
0.998785496 -0.001857225 -0.049235363 -0.788407445 0.002212242 0.999971926 0.007157110 0.068835616 0.049220689 -0.007257338 0.998761535 37.585910797
0.998786151 0.000801798 -0.049250998 -0.830191255 -0.000428373 0.999971092 0.007592159 0.074533269 0.049255665 -0.007561846 0.998757541 38.272869110
0.998809159 0.004191910 -0.048606411 -0.858632684 -0.003921058 0.999976337 0.005666338 0.075672537 0.048629016 -0.005469002 0.998801827 38.964721680
0.998907447 0.005853450 -0.046363682 -0.908077359 -0.005721194 0.999979198 0.002984778 0.071113348 0.046380188 -0.002716262 0.998920143 39.639446259
0.999000430 0.006332071 -0.044248644 -0.936392128 -0.006282273 0.999979436 0.001264377 0.074709088 0.044255741 -0.000985131 0.999019742 40.302139282
0.999123275 0.007299339 -0.041221622 -0.962386847 -0.007211362 0.999971390 0.002282565 0.076369554 0.041237108 -0.001983300 0.999147415 40.964603424
0.999204814 0.011872817 -0.038061924 -0.999895394 -0.011703803 0.999920666 0.004660265 0.080117531 0.038114239 -0.004211091 0.999264538 41.633403778
0.999290168 0.016066445 -0.034072161 -1.032539845 -0.015804250 0.999843538 0.007950740 0.085109532 0.034194570 -0.007406612 0.999387801 42.262176514
0.999332964 0.021426365 -0.029572807 -1.057980418 -0.021159971 0.999732971 0.009291768 0.082443237 0.029763991 -0.008659810 0.999519467 42.879302979
0.999382794 0.025088217 -0.024588529 -1.070996523 -0.024860583 0.999645591 0.009520154 0.090977401 0.024818661 -0.008902992 0.999652326 43.484577179
0.999404550 0.029021138 -0.018664418 -1.096201658 -0.028810518 0.999519229 0.011456471 0.090630442 0.018987924 -0.010911919 0.999760151 44.079223633
0.999350071 0.033857118 -0.012375339 -1.104001880 -0.033701111 0.999352455 0.012605073 0.097069144 0.012794098 -0.012179818 0.999843955 44.649787903
0.999300539 0.037103947 -0.004657898 -1.121981382 -0.037044346 0.999237955 0.012290005 0.101375729 0.005110360 -0.012108860 0.999913573 45.186306000
0.999168634 0.040727638 0.001823656 -1.111694813 -0.040746946 0.999094605 0.012230990 0.106868654 -0.001323866 -0.012295131 0.999923527 45.708625793
0.998944223 0.044925276 0.009592932 -1.114849806 -0.045037311 0.998915613 0.011801182 0.106428891 -0.009052358 -0.012220766 0.999884307 46.242687225
0.998629510 0.049389649 0.017306404 -1.111300230 -0.049553864 0.998729110 0.009191778 0.108441859 -0.016830428 -0.010036781 0.999807954 46.712089539
0.998363018 0.051280100 0.025328694 -1.101592064 -0.051442128 0.998659194 0.005786828 0.115232319 -0.024997983 -0.007080317 0.999662519 47.175498962
0.998107433 0.051765785 0.033193171 -1.083827138 -0.051979713 0.998632431 0.005614079 0.117528588 -0.032857161 -0.007328826 0.999433219 47.613544464
0.997857809 0.050961882 0.041020412 -1.067911863 -0.051296242 0.998657942 0.007139719 0.111707181 -0.040601511 -0.009228618 0.999132752 48.026725769
0.997412562 0.052692872 0.048903931 -1.042916536 -0.053133566 0.998557270 0.007754686 0.116609693 -0.048424758 -0.010333061 0.998773336 48.419464111
0.996796072 0.055417068 0.057677366 -1.019278526 -0.055953797 0.998403430 0.007731506 0.120748550 -0.057156816 -0.010934003 0.998305321 48.787101746
0.995961189 0.060385458 0.066444837 -1.007654905 -0.061010923 0.998109639 0.007422889 0.114971519 -0.065870985 -0.011446772 0.997762442 49.117870331
0.995059967 0.064309023 0.075630598 -0.989931583 -0.065051563 0.997854590 0.007393381 0.115424335 -0.074992880 -0.012276746 0.997108579 49.423904419
0.994357467 0.063543186 0.084945224 -0.949290276 -0.064462557 0.997887015 0.008121584 0.114791393 -0.084249660 -0.013551543 0.996352494 49.723815918
0.993527055 0.062311929 0.094980307 -0.907280445 -0.063182384 0.997982800 0.006181969 0.115529716 -0.094403520 -0.012143036 0.995459974 49.996883392
0.992416978 0.060853541 0.106796443 -0.866959095 -0.061393425 0.998112142 0.001771837 0.114918105 -0.106486991 -0.008315001 0.994279325 50.269641876
0.990814686 0.062071092 0.120138645 -0.828528881 -0.062251009 0.998057961 -0.002258519 0.112128295 -0.120045528 -0.005240979 0.992754579 50.538093567
0.988706708 0.063969404 0.135524496 -0.785537243 -0.063974924 0.997942150 -0.004319025 0.106728673 -0.135521919 -0.004399921 0.990764618 50.804046631
0.986188233 0.065549187 0.152105287 -0.743826866 -0.065426387 0.997840524 -0.005817679 0.110271782 -0.152158156 -0.004214372 0.988347232 51.082344055
0.983465970 0.065792233 0.168718979 -0.684024811 -0.065519050 0.997825384 -0.007191781 0.111276746 -0.168825269 -0.003981437 0.985637903 51.348747253
0.980270743 0.064827934 0.186726287 -0.620544434 -0.064363770 0.997889817 -0.008553785 0.114177972 -0.186886802 -0.003633384 0.982374728 51.606170654
0.976458251 0.063897766 0.206025362 -0.550395966 -0.063405938 0.997947276 -0.008995758 0.113508463 -0.206177264 -0.004279249 0.978505313 51.859931946
0.971960068 0.064225256 0.226204976 -0.476819038 -0.063579433 0.997925103 -0.010147169 0.110928476 -0.226387382 -0.004519342 0.974026859 52.105098724
0.966721237 0.066047572 0.247159451 -0.398193359 -0.064973347 0.997808576 -0.012509009 0.110049188 -0.247444034 -0.003966053 0.968894005 52.360435486
0.960514843 0.067523554 0.269910991 -0.319541931 -0.066045642 0.997710288 -0.014564531 0.104355812 -0.270276457 -0.003837001 0.962775171 52.594070435
0.953330398 0.068914004 0.293958932 -0.217149734 -0.067339435 0.997609913 -0.015487027 0.090163291 -0.294323593 -0.005030773 0.955692589 52.830615997
0.944764912 0.071873501 0.319770992 -0.115930557 -0.070284925 0.997390151 -0.016521798 0.085469663 -0.320123911 -0.006865864 0.947350800 53.083915710
0.935020030 0.073876373 0.346813560 -0.003639221 -0.072265625 0.997230232 -0.017594308 0.078217387 -0.347152770 -0.008611666 0.937768996 53.327663422
0.923914552 0.074430056 0.375289261 0.119762421 -0.072616778 0.997179031 -0.018994397 0.069818318 -0.375644296 -0.009703100 0.926713049 53.569236755
0.911291301 0.072535671 0.405322850 0.252111435 -0.069969982 0.997324526 -0.021164762 0.062215924 -0.405773640 -0.009073166 0.913928628 53.806133270
0.896579504 0.070131108 0.437294751 0.413738251 -0.066303380 0.997510016 -0.024034679 0.054755449 -0.437891543 -0.007445118 0.898996949 54.047897339
0.879324734 0.069245458 0.471161366 0.572729111 -0.063404016 0.997587085 -0.028282575 0.046182871 -0.471982956 -0.005003950 0.881593525 54.276294708
0.860059559 0.070896961 0.505243659 0.743743896 -0.062560871 0.997479677 -0.033473350 0.040301681 -0.506343424 -0.002819399 0.862327337 54.507881165
0.838297784 0.072546832 0.540364385 0.930704117 -0.061881516 0.997363567 -0.037901156 0.030114412 -0.541689396 -0.001666108 0.840577126 54.742675781
0.813771129 0.075577497 0.576250434 1.132946014 -0.063053034 0.997137070 -0.041735984 0.020997524 -0.577755034 -0.002370798 0.816206753 54.978424072
0.786529601 0.079645440 0.612395227 1.351810455 -0.066091187 0.996809304 -0.044756457 0.007321954 -0.614005804 -0.005271655 0.789283872 55.213928223
0.756700158 0.083902672 0.648355842 1.573068619 -0.069674402 0.996432066 -0.047629226 -0.006640673 -0.650038838 -0.009132761 0.759846151 55.440979004
0.723826766 0.085037135 0.684721470 1.832887650 -0.069525719 0.996314347 -0.050238155 -0.026782274 -0.686469913 -0.011242021 0.727071404 55.668853760
0.687283099 0.082348026 0.721706808 2.123943329 -0.065677792 0.996528506 -0.051160552 -0.048857689 -0.723414361 -0.012238333 0.690305650 55.905433655
0.648259759 0.081246190 0.757072151 2.440855026 -0.063088648 0.996603370 -0.052930720 -0.067459106 -0.758800983 -0.013449817 0.651183665 56.131061554
0.605821431 0.080589019 0.791508436 2.782581329 -0.060933873 0.996634424 -0.054835483 -0.087980747 -0.793263853 -0.015009157 0.608693182 56.361740112
0.559769154 0.080388933 0.824739993 3.145965576 -0.057315134 0.996655643 -0.058244832 -0.106627226 -0.826664150 -0.014666422 0.562504649 56.570350647
0.511645615 0.079856731 0.855477393 3.552703857 -0.054492533 0.996682882 -0.060446907 -0.124649525 -0.857466817 -0.015689736 0.514299989 56.784854889
0.463262379 0.077833951 0.882796586 3.969097137 -0.052405901 0.996798575 -0.060384322 -0.149016142 -0.884670317 -0.018289963 0.465858251 56.963855743
0.413104534 0.075962737 0.907509923 4.401556015 -0.052440993 0.996845841 -0.059569061 -0.170367002 -0.909172475 -0.022982474 0.415785044 57.140613556
0.363168240 0.075957626 0.928622246 4.880401611 -0.055299532 0.996671557 -0.059897102 -0.188843727 -0.930081069 -0.029599646 0.366159946 57.308193207
0.313697755 0.076539397 0.946433008 5.363826752 -0.053445902 0.996588945 -0.062880799 -0.210865140 -0.948017538 -0.030857399 0.316718429 57.446166992
0.266965598 0.073087774 0.960930645 5.850371361 -0.042301159 0.997047722 -0.064082712 -0.242073774 -0.962777138 -0.023540594 0.269269079 57.534515381
0.223063767 0.067069419 0.972493827 6.346561432 -0.028670238 0.997650087 -0.062228177 -0.274064839 -0.974382162 -0.014000780 0.224462479 57.601951599
0.181133479 0.066316061 0.981220126 6.872151375 -0.019568866 0.997769415 -0.063822135 -0.296805501 -0.983263850 -0.007641039 0.182027131 57.659011841
0.142401308 0.067568593 0.987500131 7.420482635 -0.016388630 0.997691512 -0.065902621 -0.329445958 -0.989673316 -0.006799155 0.143179923 57.722457886
0.109906182 0.068212748 0.991598547 7.975415230 -0.007497882 0.997670829 -0.067799427 -0.363504887 -0.993913651 0.000016689 0.110161655 57.756050110
0.081309564 0.066733360 0.994452298 8.527177811 -0.000090343 0.997756422 -0.066947691 -0.395239681 -0.996688902 0.005353647 0.081133179 57.768249512
0.056284860 0.065123633 0.996288538 9.107362747 0.006712389 0.997823238 -0.065603144 -0.427190244 -0.998392224 0.010379942 0.055725209 57.779254913
0.036688514 0.064341217 0.997253358 9.700382233 0.011451132 0.997832537 -0.064799860 -0.455012143 -0.999261141 0.013797089 0.035872214 57.779838562
0.020902216 0.065856323 0.997610211 10.302648544 0.013980692 0.997711360 -0.066155925 -0.489282310 -0.999683797 0.015330086 0.019933656 57.780857086
0.007391691 0.065747850 0.997808814 10.906639099 0.015226075 0.997713089 -0.065854326 -0.526309013 -0.999856710 0.015679490 0.006373705 57.780235291
-0.004580017 0.066404417 0.997782230 11.533724785 0.015796145 0.997673035 -0.066324644 -0.563929319 -0.999864638 0.015457346 -0.005618293 57.777175903
-0.013413907 0.069406606 0.997498155 12.168592453 0.020514026 0.997397184 -0.069123715 -0.600152016 -0.999699593 0.019535491 -0.014802805 57.761001587
-0.019783612 0.071311764 0.997257888 12.816514015 0.024909405 0.997178674 -0.070811942 -0.638010859 -0.999493957 0.023440188 -0.021504130 57.737964630
-0.024355762 0.070654094 0.997203469 13.483703613 0.025492344 0.997218907 -0.070032544 -0.674769998 -0.999378204 0.023715356 -0.026089163 57.715415955
-0.027742160 0.067994103 0.997299910 14.149596214 0.023460042 0.997453392 -0.067351975 -0.710114181 -0.999339759 0.021528207 -0.029266655 57.693752289
-0.030372707 0.060834263 0.997685671 14.836153030 0.021461172 0.997955799 -0.060197394 -0.749977708 -0.999308169 0.019583147 -0.031616196 57.680576324
-0.031574979 0.055167213 0.997977734 15.538317680 0.022328844 0.998265326 -0.054476652 -0.788387954 -0.999251902 0.020563595 -0.032752022 57.657249451
-0.031980213 0.052960891 0.998084366 16.283599854 0.025120281 0.998322248 -0.052168626 -0.825183690 -0.999172866 0.023403794 -0.033256948 57.623569489
-0.031532612 0.055434220 0.997964263 16.994783401 0.028439295 0.998106301 -0.054543506 -0.857299209 -0.999098063 0.026661495 -0.033049412 57.595672607
-0.031080302 0.062550321 0.997557759 17.713172913 0.029386951 0.997665703 -0.061641484 -0.895864069 -0.999084711 0.027399344 -0.032845918 57.574855804
-0.028396497 0.070483282 0.997108698 18.449058533 0.029782254 0.997127771 -0.069636472 -0.934274316 -0.999152958 0.027718712 -0.030414086 57.546890259
-0.026583610 0.071277663 0.997102201 19.187015533 0.030867966 0.997037649 -0.070450068 -0.971283197 -0.999169827 0.028905701 -0.028705057 57.536682129
-0.024717040 0.067029335 0.997444808 19.963270187 0.029925117 0.997352123 -0.066281550 -1.015577197 -0.999246418 0.028210370 -0.026657458 57.526981354
-0.021994878 0.060534932 0.997923732 20.726161957 0.029701056 0.997764289 -0.059870623 -1.060612679 -0.999316752 0.028322542 -0.023743652 57.506114960
-0.019487750 0.058700770 0.998085380 21.478677750 0.027993644 0.997915626 -0.058144212 -1.107119679 -0.999418080 0.026806947 -0.021090375 57.500186920
-0.015617012 0.063947827 0.997830987 22.228961945 0.035600554 0.997355580 -0.063360184 -1.153515339 -0.999243975 0.034533840 -0.017852291 57.472515106
-0.011989756 0.069415398 0.997515678 22.968687057 0.037600055 0.996913254 -0.068921536 -1.195264339 -0.999220908 0.036680292 -0.014562769 57.447135925
-0.010220810 0.070247039 0.997477233 23.761373520 0.030821336 0.997077525 -0.069903076 -1.242999077 -0.999472678 0.030029112 -0.012356046 57.471172333
-0.006864471 0.066674978 0.997751117 24.523025513 0.026540831 0.997435331 -0.066471279 -1.287613392 -0.999624133 0.026024856 -0.008616475 57.471961975
-0.001952006 0.063300617 0.997992575 25.293291092 0.030565495 0.997531950 -0.063211620 -1.334667087 -0.999530911 0.030380750 -0.003882003 57.462841034
0.001921653 0.064335801 0.997926474 26.061292648 0.035483908 0.997295499 -0.064363457 -1.386038303 -0.999368489 0.035534017 -0.000366430 57.457511902
0.004213762 0.068012916 0.997675419 26.822292328 0.034707423 0.997073352 -0.068118453 -1.445086360 -0.999388635 0.034913786 0.001840876 57.473503113
0.007865034 0.069211252 0.997571051 27.584417343 0.031349808 0.997094452 -0.069425352 -1.485800028 -0.999477506 0.031819694 0.005672422 57.488136292
0.011884436 0.068758413 0.997562528 28.355087280 0.030669596 0.997138560 -0.069094576 -1.532471538 -0.999458909 0.031415991 0.009741635 57.492855072
0.015336976 0.065434806 0.997739017 29.117334366 0.034652211 0.997222126 -0.065933563 -1.582403183 -0.999281764 0.035585083 0.013026912 57.508140564
0.019196525 0.066094242 0.997628748 29.879840851 0.039340641 0.996989965 -0.066808924 -1.632931471 -0.999041438 0.040529851 0.016538553 57.512187958
0.022401042 0.067153551 0.997491121 30.649263382 0.041609321 0.996814370 -0.068042427 -1.680756330 -0.998882949 0.043029152 0.019535461 57.525569916
0.025217650 0.067084394 0.997428536 31.412729263 0.042182699 0.996785879 -0.068107665 -1.725110292 -0.998791635 0.043791752 0.022306794 57.545722961
0.028525712 0.065609932 0.997437537 32.172893524 0.043079834 0.996835768 -0.066802397 -1.771711826 -0.998664260 0.044875026 0.025608987 57.569023132
0.032275144 0.064225972 0.997413278 32.948543549 0.045123909 0.996822059 -0.065648049 -1.827578306 -0.998459876 0.047125984 0.029274441 57.590503693
0.035060782 0.064375199 0.997309685 33.732357025 0.043856252 0.996862710 -0.065888129 -1.882768631 -0.998422444 0.046048351 0.032127533 57.618564606
0.038687989 0.066437684 0.997040272 34.502372742 0.040930063 0.996844590 -0.068012841 -1.923053980 -0.998412728 0.043440200 0.035846613 57.643386841
0.041210096 0.066649057 0.996925056 35.275581360 0.042595729 0.996748388 -0.068398021 -1.968019724 -0.998242080 0.045283437 0.038237132 57.681373596
0.043997232 0.065826915 0.996860623 36.046104431 0.040800057 0.996876001 -0.067628659 -2.019554377 -0.998198152 0.043647446 0.041174043 57.716346741
0.045957129 0.066483468 0.996728599 36.820957184 0.039019454 0.996901870 -0.068294145 -2.067498207 -0.998181105 0.042030416 0.043220602 57.763237000
0.048586261 0.066401824 0.996609330 37.642333984 0.036087520 0.997019589 -0.068188481 -2.121909380 -0.998166859 0.039278176 0.046045184 57.816570282
0.051981237 0.068794161 0.996275723 38.418075562 0.034756828 0.996895373 -0.070650406 -2.162956715 -0.998043060 0.038299877 0.049428783 57.858165741
0.055512764 0.072201401 0.995843947 39.208164215 0.033694249 0.996678472 -0.074140161 -2.216533184 -0.997889221 0.037669938 0.052895602 57.897701263
0.058956191 0.074310400 0.995490849 40.007587433 0.033857293 0.996502995 -0.076391079 -2.271684170 -0.997686267 0.038208347 0.056234069 57.949832916
0.061651293 0.076239191 0.995181799 40.799087524 0.027175611 0.996580660 -0.078029878 -2.331111670 -0.997727692 0.031855322 0.059368636 58.010459900
0.063709684 0.075311013 0.995122790 41.614147186 0.023662668 0.996754110 -0.076949403 -2.386253834 -0.997687876 0.028449675 0.061720826 58.086990356
0.067857131 0.075675137 0.994820952 42.412384033 0.025895676 0.996649683 -0.077580623 -2.444077492 -0.997358859 0.031025955 0.065670118 58.134674072
0.071685836 0.076781385 0.994467616 43.213970184 0.025262414 0.996573091 -0.078764975 -2.503241062 -0.997107208 0.030768985 0.069500484 58.190185547
0.075469591 0.077746786 0.994112611 44.016284943 0.021571906 0.996595204 -0.079578601 -2.556706190 -0.996914685 0.027450668 0.073535480 58.259429932
0.079689994 0.076166578 0.993905485 44.831691742 0.020931378 0.996728897 -0.078061186 -2.610117674 -0.996599853 0.027024508 0.077835038 58.322372437
0.084078886 0.076096520 0.993549168 45.665744781 0.020538835 0.996735632 -0.078078657 -2.676082850 -0.996247530 0.026971113 0.082241468 58.407028198
0.089543477 0.079316378 0.992819607 46.477691650 0.017205007 0.996552050 -0.081166305 -2.739882708 -0.995834291 0.024349386 0.087870099 58.480152130
0.095019415 0.088277861 0.991553545 47.284496307 0.015101622 0.995817780 -0.090104684 -2.799093723 -0.995360851 0.023535762 0.093288884 58.571483612
0.102302805 0.092796862 0.990415514 48.106884003 0.013343628 0.995421767 -0.094644226 -2.868564844 -0.994663715 0.022898108 0.100596197 58.667694092
0.109601706 0.095884718 0.989339888 48.939750671 0.009016150 0.995199442 -0.097451448 -2.942900419 -0.993934691 0.019600881 0.108211040 58.763038635
0.116949975 0.093963824 0.988682628 49.773082733 0.005236981 0.995441914 -0.095225692 -3.017722130 -0.993124008 0.016314356 0.115924835 58.869377136
0.124235466 0.092054836 0.987973392 50.611045837 0.005077223 0.995615244 -0.093405306 -3.092599630 -0.992239833 0.016620412 0.123223335 58.985271454
0.131824777 0.088211715 0.987340271 51.443653107 0.005394654 0.995954037 -0.089701563 -3.165349722 -0.991258323 0.017151250 0.130815566 59.097373962
0.139133394 0.083010159 0.986788273 52.278888702 0.003355819 0.996435225 -0.084294833 -3.231604099 -0.990267992 0.015039706 0.138358831 59.220458984
0.146263763 0.075389355 0.986368716 53.107143402 -0.000446438 0.997096777 -0.076143108 -3.313108921 -0.989245534 0.010696624 0.145872772 59.355365753
0.153629348 0.072963342 0.985431075 53.933322906 -0.000774521 0.997278690 -0.073719814 -3.375724316 -0.988128245 0.010562290 0.153267786 59.493431091
0.160919309 0.074719168 0.984135091 54.747257233 -0.001016030 0.997142196 -0.075540580 -3.437831402 -0.986966968 0.011156026 0.160535336 59.628337860
0.166403145 0.081298999 0.982700706 55.554244995 -0.000254848 0.996598780 -0.082405657 -3.496115685 -0.986057818 0.013462120 0.165857941 59.776210785
0.171561062 0.084780268 0.981518865 56.338951111 -0.001452943 0.996310949 -0.085804015 -3.557816744 -0.985172331 0.013294535 0.171051353 59.916957855
0.176623389 0.088064551 0.980330884 57.153923035 -0.002804773 0.996030331 -0.088969544 -3.624823332 -0.984274507 0.012964495 0.176169217 60.068778992
0.181911364 0.087330975 0.979429066 57.940235138 -0.005710678 0.996125281 -0.087759055 -3.698449373 -0.983298361 0.010371163 0.181705236 60.225982666
0.187068045 0.083977595 0.978750885 58.717704773 -0.001604353 0.996364117 -0.085182190 -3.766587973 -0.982345641 0.014364603 0.186522603 60.376010895
0.191635340 0.077566117 0.978396297 59.488994598 -0.001108161 0.996888638 -0.078815103 -3.823502302 -0.981465578 0.014019542 0.191125020 60.528793335
0.194766611 0.071238369 0.978259087 60.246604919 -0.002403917 0.997390747 -0.072152965 -3.883573532 -0.980846703 0.011701331 0.194429636 60.691638947
0.197815225 0.068041869 0.977874935 61.012611389 -0.005798000 0.997651696 -0.068245083 -3.944427967 -0.980222166 0.007830198 0.197745219 60.853710175
0.201033235 0.067861974 0.977230847 61.747509003 -0.007508031 0.997675002 -0.067737117 -3.998528242 -0.979555666 0.006280333 0.201075286 61.007987976
0.203513518 0.069702558 0.976587772 62.480232239 -0.009072339 0.997554064 -0.069308355 -4.049489975 -0.979030073 0.005245255 0.203648075 61.165031433
0.204657242 0.074401580 0.976001918 63.195129395 -0.013890154 0.997227490 -0.073106997 -4.102040291 -0.978735089 0.001405058 0.205123276 61.331233978
0.206508920 0.078746557 0.975270808 63.909805298 -0.015078804 0.996893942 -0.077299625 -4.153343678 -0.978328526 0.001257143 0.207054868 61.490852356
0.209407106 0.083604172 0.974247873 64.612556458 -0.015042362 0.996495664 -0.082280099 -4.216094017 -0.977712810 0.002575050 0.209930882 61.630996704
0.210748300 0.085634977 0.973782182 65.312599182 -0.013421488 0.996315122 -0.084711805 -4.265254974 -0.977448225 0.004783265 0.211121127 61.795745850
0.211970389 0.085703574 0.973510861 65.992782593 -0.016240826 0.996318579 -0.084175207 -4.319931030 -0.977141201 0.002032033 0.212581947 61.951557159
0.212672651 0.082672901 0.973619819 66.665969849 -0.016005047 0.996575356 -0.081126064 -4.375361443 -0.976992488 0.001670464 0.213267490 62.098716736
0.213670388 0.079913870 0.973631740 67.344322205 -0.015812479 0.996800840 -0.078345381 -4.435396194 -0.976777911 0.001344559 0.214250490 62.247413635
0.213195175 0.079204068 0.973793864 68.005874634 -0.014914233 0.996856391 -0.077814654 -4.478554249 -0.976895809 0.002066321 0.213706255 62.399379730
0.211635187 0.078557357 0.974186420 68.667930603 -0.015261988 0.996908605 -0.077074081 -4.535120487 -0.977229595 0.001443566 0.212179899 62.556221008
0.210106567 0.078840367 0.974494457 69.292480469 -0.016422652 0.996887207 -0.077111192 -4.592300415 -0.977540553 0.000197785 0.210747316 62.687362671
0.208025634 0.081411488 0.974729419 69.917678833 -0.017083837 0.996680498 -0.079598874 -4.644528389 -0.977974236 -0.000093516 0.208725929 62.821903229
0.205867603 0.084847547 0.974894583 70.527244568 -0.015122149 0.996390879 -0.083525099 -4.699062347 -0.978463054 0.002452615 0.206407666 62.946098328
0.204023615 0.085607179 0.975215793 71.149452209 -0.012659546 0.996316612 -0.084810995 -4.744135857 -0.978884101 0.004957655 0.204355836 63.083221436
0.201365575 0.084419958 0.975871444 71.761344910 -0.013372761 0.996423185 -0.083438441 -4.791535378 -0.979424834 0.003751531 0.201774225 63.222030640
0.199227557 0.082110755 0.976507127 72.354156494 -0.013630706 0.996619165 -0.081020959 -4.836151123 -0.979858398 0.002831128 0.199673250 63.338478088
0.197283566 0.078268342 0.977217078 72.940612793 -0.013197170 0.996929526 -0.077182896 -4.884348869 -0.980257630 0.002330416 0.197710738 63.457450867
0.195627511 0.076932020 0.977656007 73.511322021 -0.009713279 0.997021317 -0.076512277 -4.936322212 -0.980630279 0.005471660 0.195792049 63.560340881
0.194001764 0.078233540 0.977876604 74.076522827 -0.005919314 0.996890306 -0.078580342 -4.984127522 -0.980983317 0.009456367 0.193861544 63.669792175
0.191634923 0.080471665 0.978161693 74.638549805 -0.001785292 0.996659994 -0.081643730 -5.022198677 -0.981464744 0.013899487 0.191138536 63.774459839
0.189441338 0.082401335 0.978428304 75.196418762 -0.002675257 0.996512055 -0.083406337 -5.060937881 -0.981888413 0.013183060 0.189001039 63.889644623
0.188203722 0.085085601 0.978437364 75.756149292 -0.003007533 0.996285558 -0.086059190 -5.102990150 -0.982125401 0.013253977 0.187760532 63.998016357
0.186797336 0.083493441 0.978843927 76.319564819 -0.001357402 0.996402919 -0.084732138 -5.147481918 -0.982397497 0.014499054 0.186238766 64.107482910
0.187476516 0.081708819 0.978864729 76.885910034 0.004912951 0.996443808 -0.084117167 -5.193941593 -0.982256830 0.020579102 0.186408371 64.208854675
0.189913362 0.080044515 0.978532434 77.453300476 0.009572132 0.996472776 -0.083369806 -5.235363960 -0.981754243 0.025199683 0.188477293 64.305877686
0.191588357 0.079053171 0.978286445 78.018684387 0.012549800 0.996472180 -0.082980484 -5.282933235 -0.981395185 0.028175391 0.189920366 64.421707153
0.194221437 0.079229616 0.977752864 78.578384399 0.009902845 0.996523798 -0.082717799 -5.323639870 -0.980907798 0.025748102 0.192761675 64.559501648
0.200228512 0.079837777 0.976490915 79.142158508 0.008603465 0.996492624 -0.083237261 -5.375401497 -0.979711413 0.025067678 0.198839337 64.664016724
0.206785604 0.078955561 0.975195348 79.717437744 0.009812116 0.996520936 -0.082762778 -5.413124084 -0.978337169 0.026682882 0.205291450 64.787612915
0.213852540 0.079024278 0.973664343 80.302291870 0.008053801 0.996546149 -0.082650311 -5.455738068 -0.976832807 0.025516674 0.212477475 64.934646606
0.221851856 0.076630495 0.972064555 80.885101318 0.008834154 0.996708155 -0.080589406 -5.502912521 -0.975040436 0.026466276 0.220444575 65.080108643
0.231197208 0.076698929 0.969878912 81.484649658 0.005447294 0.996769965 -0.080124021 -5.544144630 -0.972891688 0.023807662 0.230032668 65.225456238
0.240584806 0.076440491 0.967613459 82.084823608 0.004044116 0.996806443 -0.079752222 -5.592908859 -0.970619798 0.023100315 0.239507332 65.387016296
0.249991924 0.079974651 0.964939415 82.706848145 -0.001178531 0.996607423 -0.082293980 -5.642436981 -0.968247294 0.019435618 0.249238044 65.566635132
0.260068625 0.081896611 0.962110817 83.289855957 -0.004178358 0.996482849 -0.083692960 -5.686706543 -0.965581119 0.017745871 0.259496123 65.732704163
0.270355463 0.084794410 0.959019184 83.906585693 -0.008291479 0.996282101 -0.085751668 -5.730019569 -0.962724864 0.015231748 0.270053387 65.923202515
0.280446529 0.086405799 0.955972612 84.538581848 -0.009538055 0.996141791 -0.087238371 -5.781027794 -0.959822357 0.015347584 0.280188680 66.121353149
0.290519118 0.087090820 0.952897549 85.175247192 -0.012605615 0.996111274 -0.087197185 -5.832803249 -0.956786156 0.013320588 0.290487260 66.320838928
0.300597787 0.087595224 0.949720025 85.814682007 -0.012925062 0.996056259 -0.087778002 -5.878916264 -0.953663468 0.014110683 0.300544471 66.537971497
0.311224282 0.088635296 0.946194053 86.470596313 -0.018092560 0.996013284 -0.087351076 -5.932178974 -0.950164258 0.010066708 0.311587214 66.765213013
0.321594149 0.083715066 0.943169653 87.139854431 -0.017380754 0.996438146 -0.082516804 -5.980809212 -0.946718097 0.010143923 0.321903735 67.002212524
0.332226604 0.076859668 0.940062761 87.819038391 -0.013822034 0.996964037 -0.076627076 -6.030472755 -0.943098307 0.012463978 0.332280368 67.246650696
0.343362719 0.072145104 0.936427832 88.504913330 -0.012157482 0.997303247 -0.072377279 -6.086220264 -0.939124107 0.013467062 0.343313873 67.499588013
0.353385836 0.068956338 0.932932734 89.201339722 -0.012815549 0.997542858 -0.068877481 -6.133598804 -0.935389876 0.012384284 0.353401244 67.774200439
0.362811327 0.066448987 0.929490507 89.908233643 -0.006678641 0.997614264 -0.068712227 -6.176913738 -0.931838691 0.018721838 0.362389475 68.047073364
0.371739596 0.061061297 0.926326632 90.633392334 0.000285195 0.997827053 -0.065888874 -6.213964939 -0.928336978 0.024757689 0.370914340 68.329513550
0.378487110 0.051416088 0.924177408 91.362747192 0.010010589 0.998170257 -0.059632357 -6.254895210 -0.925552428 0.031821635 0.377279878 68.618316650
0.385760486 0.046529140 0.921424866 92.088951111 0.015724046 0.998250842 -0.056991588 -6.303004265 -0.922464907 0.036473628 0.384354055 68.912322998
0.393157661 0.046576414 0.918290615 92.836105347 0.017665057 0.998149216 -0.058190037 -6.352461338 -0.919301331 0.039099511 0.391607285 69.231918335
0.400590867 0.052657738 0.914742649 93.561622620 0.020067412 0.997603476 -0.066215739 -6.394554138 -0.916037202 0.044881944 0.398574144 69.546142578
0.407926798 0.057003364 0.911233306 94.300941467 0.024008922 0.997034132 -0.073118679 -6.437744617 -0.912698805 0.051704798 0.405348390 69.870361328
0.413228393 0.059027910 0.908712268 95.017791748 0.021886662 0.996964812 -0.074713357 -6.490437508 -0.910364389 0.050762367 0.410682261 70.201744080
0.417535514 0.060687333 0.906631768 95.732551575 0.014876736 0.997176945 -0.073599428 -6.544208527 -0.908538759 0.044218108 0.415454000 70.547920227
0.421245784 0.064139389 0.904675663 96.437782288 0.008297139 0.997181952 -0.074561276 -6.602311134 -0.906908572 0.038914844 0.419526607 70.895118713
0.425278574 0.066844687 0.902590632 97.141387939 0.007864913 0.996958315 -0.077539183 -6.663653374 -0.905028284 0.040074557 0.423459291 71.235908508
0.429571182 0.070928574 0.900243163 97.836013794 0.004525320 0.996728957 -0.080689885 -6.730015278 -0.903021634 0.038735937 0.427845061 71.564300537
0.433217794 0.073756576 0.898266315 98.512847900 0.001503439 0.996585369 -0.082554638 -6.788914680 -0.901288033 0.037114628 0.431627601 71.895988464
0.437138617 0.072582953 0.896460474 99.189880371 0.000397003 0.996722579 -0.080894366 -6.839490891 -0.899393976 0.035717964 0.435677111 72.227241516
0.441677362 0.069318131 0.894492090 99.881866455 0.001681756 0.996944964 -0.078088090 -6.898096561 -0.897172332 0.035994060 0.440211564 72.561492920
0.445245981 0.066844359 0.892909765 100.539581299 0.000774552 0.997180462 -0.075036429 -6.960748672 -0.895407915 0.034101274 0.443938792 72.890991211
0.448324949 0.065825611 0.891443551 101.193328857 -0.000067674 0.997287273 -0.073607244 -7.019900322 -0.893870592 0.032939639 0.447113276 73.240890503
0.451914668 0.067721419 0.889486790 101.826263428 -0.002059306 0.997190773 -0.074875236 -7.066308022 -0.892058730 0.032005493 0.450784564 73.561660767
0.454339117 0.068109475 0.888221323 102.445083618 -0.001115401 0.997115672 -0.075889021 -7.118524551 -0.890828133 0.033488631 0.453104615 73.885963440
0.456747919 0.066051573 0.887140632 103.071731567 0.001079716 0.997197807 -0.074801713 -7.170443535 -0.889595509 0.035123389 0.455396712 74.203781128
0.458174378 0.065146834 0.886471748 103.683456421 0.003479359 0.997171402 -0.075080469 -7.214585781 -0.888855577 0.037484303 0.456651747 74.525604248
0.459977090 0.064703107 0.885570228 104.273033142 0.002192084 0.997255743 -0.074001871 -7.270318508 -0.887928247 0.035980411 0.458572954 74.835594177
0.461811990 0.064455636 0.884632766 104.869956970 0.002970040 0.997238159 -0.074210696 -7.324970722 -0.886972845 0.036898784 0.460345149 75.163269043
0.464427412 0.066010155 0.883147657 105.447265625 0.002674039 0.997109294 -0.075934313 -7.371120453 -0.885607123 0.037627555 0.462908328 75.469047546
0.467473179 0.065688580 0.881563365 106.013366699 0.006145040 0.996969879 -0.077546537 -7.416636944 -0.883985877 0.041668169 0.465653002 75.762428284
0.470379084 0.065368861 0.880039990 106.569885254 0.007448706 0.996923029 -0.078032166 -7.465462685 -0.882433116 0.043259859 0.468444794 76.055847168
0.473512232 0.063140735 0.878521144 107.120536804 0.010722243 0.996940136 -0.077430844 -7.515676498 -0.880722106 0.046084166 0.471386224 76.355949402
0.477189660 0.062186219 0.876597345 107.660705566 0.012105142 0.996933341 -0.077312559 -7.564301491 -0.878716946 0.047504071 0.474973619 76.641525269
0.480684429 0.061802495 0.874713063 108.194366455 0.013352376 0.996881723 -0.077771850 -7.606419563 -0.876792073 0.049063209 0.478360325 76.928535461
0.483802170 0.060982209 0.873050153 108.715293884 0.013958906 0.996904790 -0.077368759 -7.652141571 -0.875066042 0.049617998 0.481453568 77.225219727
0.487228900 0.060538944 0.871173322 109.234451294 0.015374845 0.996844888 -0.077870831 -7.697719574 -0.873138964 0.051335085 0.484760821 77.511642456
0.491229862 0.061623070 0.868847430 109.742103577 0.014827935 0.996758103 -0.079078563 -7.745900154 -0.870903730 0.051728971 0.488723636 77.797729492
0.495864719 0.061919987 0.866189420 110.261749268 0.017380558 0.996547282 -0.081188478 -7.783670425 -0.868225813 0.055313360 0.493076414 78.092422485
0.500185132 0.065326594 0.863450766 110.766166687 0.014165888 0.996399343 -0.083591290 -7.845026016 -0.865802526 0.054042660 0.497458845 78.401390076
0.505929589 0.071352333 0.859618604 111.265472412 0.010928689 0.995962501 -0.089101620 -7.888150692 -0.862505555 0.054473646 0.503107131 78.700126648
0.511690438 0.078174770 0.855605960 111.752296448 0.005766597 0.995516956 -0.094406798 -7.935265064 -0.859150529 0.053240977 0.508945704 79.004364014
0.517760754 0.084336564 0.851358414 112.242034912 0.000659119 0.995089650 -0.098975606 -7.986541271 -0.855525196 0.051806834 0.515162826 79.315742493
0.524182200 0.088782556 0.846965611 112.730529785 -0.003168775 0.994747281 -0.102312528 -8.041614532 -0.851600230 0.050946563 0.521710098 79.618934631
0.530255079 0.089299299 0.843122303 113.234535217 -0.007255030 0.994879246 -0.100809820 -8.087491035 -0.847807109 0.047338046 0.528187692 79.937194824
0.535529673 0.088589162 0.839857161 113.731948853 -0.013679276 0.995262384 -0.096258998 -8.135487556 -0.844405532 0.040060911 0.534204304 80.271514893
0.541549146 0.085926510 0.836266339 114.240463257 -0.019673424 0.995785594 -0.089577042 -8.194335938 -0.840438902 0.032058150 0.540957153 80.603446960
0.546747088 0.084432371 0.833029866 114.766342163 -0.026519788 0.996149838 -0.083559632 -8.248741150 -0.836877704 0.023594214 0.546881139 80.993942261
0.553100705 0.082480237 0.829021454 115.285858154 -0.028812729 0.996385753 -0.079908408 -8.293907166 -0.832615972 0.020311024 0.553478062 81.348457336
0.559107721 0.085985608 0.824624240 115.806121826 -0.034164332 0.996152222 -0.080707304 -8.343623161 -0.828390837 0.016951343 0.559893847 81.725929260
0.565000832 0.090097524 0.820156395 116.326431274 -0.037950091 0.995805860 -0.083249733 -8.386150360 -0.824217141 0.015911156 0.566050231 82.104293823
0.570834219 0.093555689 0.815717816 116.876548767 -0.041069131 0.995496988 -0.085434854 -8.438029289 -0.820037425 0.015268319 0.572106004 82.514022827
0.577325821 0.095764466 0.810878575 117.423385620 -0.043411300 0.995293856 -0.086636037 -8.484693527 -0.815359056 0.014815928 0.578766048 82.911857605
