1403636580.0635555 0.9999986886978149 -0.0015019513666629791 0.0005220521125011146 -0.0001930304424604401 0.0014981530839577317 0.9999728798866272 0.007201090920716524 0.005211740266531706 -0.0005328535917215049 -0.007200297899544239 0.9999739527702332 0.0017375777242705226
1403636580.1135554 0.9999880790710449 -0.0048677087761461735 -0.0002156060072593391 -0.0003401384165044874 0.0048700072802603245 0.9999113082885742 0.012396889738738537 0.01054050400853157 0.00015524242189712822 -0.012397793121635914 0.9999231100082397 0.003479655832052231
1403636580.1635556 0.9999756813049316 -0.0069190142676234245 -0.0008571978542022407 -0.0007554818876087666 0.006928909569978714 0.9999024271965027 0.012135207653045654 0.021414443850517273 0.0007731504738330841 -0.012140853330492973 0.999925971031189 0.006519494112581015
1403636580.2135556 0.999970555305481 -0.007516883779317141 -0.0015737172216176987 -0.0007319668657146394 0.007546806242316961 0.9997723698616028 0.019959766417741776 0.021233035251498222 0.0014233237598091364 -0.019971057772636414 0.9997995495796204 0.006634725723415613
1403636580.2635555 0.999974250793457 -0.006802338175475597 -0.002277175197377801 -0.0008105008164420724 0.006858194712549448 0.9996514320373535 0.02549225464463234 0.024191442877054214 0.0021029748022556305 -0.025507213547825813 0.9996724128723145 0.007494565565139055
1403636580.3135555 0.9999949932098389 -0.0024094674736261368 -0.002046478446573019 -0.0009869728237390518 0.00247590197250247 0.9994486570358276 0.03310524672269821 0.02884683571755886 0.001965584699064493 -0.033110152930021286 0.9994497299194336 0.008641484193503857
1403636580.3635557 0.9999920725822449 -0.000804489420261234 -0.003888569539412856 -0.0010148329893127084 0.0009812405332922935 0.9989562034606934 0.04566727206110954 0.028534047305583954 0.0038477741181850433 -0.04567071795463562 0.9989491701126099 0.008169922046363354
1403636580.4135554 0.9999908208847046 0.0025510441046208143 -0.003430616110563278 -0.0011772688012570143 -0.002339035039767623 0.9981688857078552 0.06044299155473709 0.03150365129113197 0.0035785268992185593 -0.06043441593647003 0.9981657862663269 0.008660925552248955
1403636580.4635556 0.9999846816062927 0.0036062004510313272 -0.004183080978691578 -0.0014417595230042934 -0.0032712523825466633 0.9969879984855652 0.07748684287071228 0.034707922488451004 0.004449914675205946 -0.07747197896242142 0.996984601020813 0.009083269163966179
1403636580.5135555 0.999980092048645 0.004584314301609993 -0.004344927612692118 -0.0016252254135906696 -0.004152512177824974 0.9955015182495117 0.09465347230434418 0.03571498021483421 0.004759309813380241 -0.09463353455066681 0.9955010414123535 0.009146612137556076
1403636580.5635555 0.999974250793457 0.002143064048141241 -0.006861647590994835 -0.0018049096688628197 -0.0013925901148468256 0.9941969513893127 0.10756522417068481 0.035449981689453125 0.007052355445921421 -0.10755288600921631 0.9941745400428772 0.008890151977539062
1403636580.6135554 0.9999455809593201 0.0018676640465855598 -0.010270416736602783 -0.0019031567499041557 -0.0006930464878678322 0.993571400642395 0.11320370435714722 0.03282751515507698 0.010415826924145222 -0.1131904274225235 0.9935187697410583 0.007757717743515968
1403636580.6635556 0.9999396204948425 0.0010143169201910496 -0.010940708220005035 -0.0021040267311036587 0.00021462416043505073 0.993736743927002 0.11174552142620087 0.02804439701139927 0.010985538363456726 -0.11174115538597107 0.9936767816543579 0.006312443874776363
1403636580.7135556 0.9999589323997498 0.00429952098056674 -0.00796798337250948 -0.0023233613464981318 -0.003445332171395421 0.9945425987243652 0.10427504777908325 0.02225661650300026 0.008372831158339977 -0.10424333810806274 0.9945166707038879 0.00475129671394825
1403636580.7635555 0.9999383687973022 0.010862339287996292 -0.0022878421004861593 -0.002198972273617983 -0.010603765025734901 0.9956445097923279 0.09262587875127792 0.01800033077597618 0.0032840073108673096 -0.0925958976149559 0.9956985116004944 0.003934167325496674
1403636580.8135555 0.9998250603675842 0.018001556396484375 0.005073529668152332 -0.002243878785520792 -0.018354063853621483 0.9965329170227051 0.08114852011203766 0.008881174959242344 -0.003595145884901285 -0.08122743666172028 0.9966892600059509 0.001692635123617947
1403636580.8635557 0.999610185623169 0.023555360734462738 0.014988433569669724 -0.0024119007866829634 -0.02445651777088642 0.9977081418037415 0.06308888643980026 0.0069191292859613895 -0.013468004763126373 -0.06343085318803787 0.9978954195976257 0.0014578131958842278
1403636580.9135554 0.9992254376411438 0.03002551756799221 0.02543731778860092 -0.0024377682711929083 -0.031244806945323944 0.9983111023902893 0.04897511750459671 -0.003067299257963896 -0.023923859000205994 -0.04973195865750313 0.9984760880470276 -0.0009282436221837997
1403636580.9635556 0.9990017414093018 0.033381387591362 0.029686035588383675 -0.0027316687628626823 -0.03435468301177025 0.9988680481910706 0.032903965562582016 -0.008877173066139221 -0.028554050251841545 -0.0338909775018692 0.9990174770355225 -0.0025032744742929935
1403636581.0135555 0.9988853931427002 0.03618934005498886 0.030303072184324265 -0.0031414919067174196 -0.03680824488401413 0.9991198182106018 0.020120985805988312 -0.01797223649919033 -0.02954823337495327 -0.021213963627815247 0.9993381500244141 -0.004970998968929052
1403636581.0635555 0.9989618062973022 0.03575426712632179 0.028230560943484306 -0.003278252435848117 -0.035931047052145004 0.9993375539779663 0.005779635161161423 -0.02258605882525444 -0.028005218133330345 -0.006787988357245922 0.9995847344398499 -0.006184018682688475
1403636581.1135554 0.9990257024765015 0.03358129411935806 0.028634661808609962 -0.003196826670318842 -0.03339455649256706 0.9994179010391235 -0.006975098978728056 -0.029575424268841743 -0.028852226212620735 0.006012062542140484 0.9995656609535217 -0.008332209661602974
1403636581.1635556 0.9991801977157593 0.027572624385356903 0.029642732813954353 -0.0032672176603227854 -0.026864105835556984 0.9993499517440796 -0.02404008060693741 -0.031841736286878586 -0.030286306515336037 0.02322404272854328 0.9992713928222656 -0.008914866484701633
1403636581.2135556 0.9992856979370117 0.023165905848145485 0.029856784269213676 -0.003069864818826318 -0.021959921345114708 0.9989540576934814 -0.040106069296598434 -0.03744281828403473 -0.030754640698432922 0.03942176699638367 0.998749315738678 -0.010534364730119705
1403636581.2635555 0.9993704557418823 0.018661530688405037 0.030173514038324356 -0.0030116834677755833 -0.01689361408352852 0.9981840252876282 -0.057820916175842285 -0.04119258373975754 -0.03119775466620922 0.05727477744221687 0.9978708624839783 -0.011684098280966282
1403636581.3135555 0.9993727207183838 0.019989153370261192 0.0292326882481575 -0.0027923628222197294 -0.01782390847802162 0.9972060918807983 -0.07254135608673096 -0.04467237740755081 -0.030601060017943382 0.07197479903697968 0.9969369173049927 -0.013109046034514904
1403636581.3635557 0.9993301630020142 0.02024349384009838 0.030491389334201813 -0.0027632219716906548 -0.01765706017613411 0.9964075684547424 -0.08282779157161713 -0.04625290632247925 -0.03205857053399086 0.08223390579223633 0.9960972666740417 -0.013904290273785591
1403636581.4135554 0.9990795850753784 0.025539593771100044 0.03446457162499428 -0.0026331525295972824 -0.022509628906846046 0.9960746169090271 -0.08560752868652344 -0.04613666236400604 -0.036515653133392334 0.08475295454263687 0.9957326650619507 -0.014268210157752037
1403636581.4635556 0.9988171458244324 0.031241586431860924 0.03726045414805412 -0.0023271082900464535 -0.028133343905210495 0.9962999224662781 -0.0812099277973175 -0.04409337788820267 -0.03965971618890762 0.08006562292575836 0.996000349521637 -0.013687290251255035
1403636581.5135555 0.9985308051109314 0.03698888048529625 0.03959614038467407 -0.0018819058313965797 -0.03411935269832611 0.9969037771224976 -0.07084321975708008 -0.04081447795033455 -0.04209395498037338 0.06938815116882324 0.9967013597488403 -0.012955873273313046
1403636581.5635555 0.9985612034797668 0.03425115719437599 0.04126082360744476 -0.0016205626307055354 -0.03181266412138939 0.9977878332138062 -0.05837257578969002 -0.036251138895750046 -0.04316888749599457 0.05697596073150635 0.9974418878555298 -0.01133776642382145
1403636581.6135554 0.9987058639526367 0.03197174891829491 0.03955100476741791 -0.0013411035761237144 -0.030165011063218117 0.9985103607177734 -0.04546405375003815 -0.030738811939954758 -0.04094565287232399 0.04421215504407883 0.9981828331947327 -0.009582176804542542
1403636581.6635556 0.9988813400268555 0.02747691236436367 0.038485605269670486 -0.001121566747315228 -0.02611178159713745 0.9990271925926208 -0.03553566336631775 -0.024602733552455902 -0.03942457586526871 0.034490976482629776 0.9986271262168884 -0.007853875868022442
1403636581.7135556 0.9988570809364319 0.030318625271320343 0.03695050626993179 -0.0005146483890712261 -0.029271172359585762 0.9991631507873535 -0.02856617420911789 -0.01823904737830162 -0.037785664200782776 0.02745193801820278 0.9989086389541626 -0.005578119773417711
1403636581.7635555 0.9990435242652893 0.026962760835886 0.03442264348268509 -0.0003207555564586073 -0.02615138702094555 0.9993744492530823 -0.02380761317908764 -0.015091908164322376 -0.03504302725195885 0.022884642705321312 0.999123752117157 -0.004238325171172619
1403636581.8135555 0.9992372989654541 0.026824869215488434 0.028376776725053787 -1.2713164323940873e-05 -0.026240773499011993 0.9994400143623352 -0.020759621635079384 -0.008352336473762989 -0.028917765244841576 0.01999916322529316 0.9993816614151001 -0.0023264370393007994
1403636581.8635557 0.9993356466293335 0.02533635124564171 0.02619781345129013 0.00013413764827419072 -0.024915607646107674 0.9995572566986084 -0.01626376435160637 -0.00199297396466136 -0.026598280295729637 0.015600224025547504 0.9995244741439819 -0.0005569009808823466
1403636581.9135554 0.9995208978652954 0.020988743752241135 0.022747080773115158 0.00023220972798299044 -0.020837096497416496 0.9997592568397522 -0.0068832747638225555 0.0047201006673276424 -0.02288607321679592 0.006405996158719063 0.9997174739837646 0.0012313988991081715
1403636581.9635556 0.9994491934776306 0.01885117031633854 0.027312662452459335 0.00019630628230515867 -0.01903514191508293 0.9997978210449219 0.00649143336340785 0.011105331592261791 -0.02718476951122284 -0.007007758133113384 0.9996058940887451 0.003048574784770608
1403636582.0135555 0.9993786215782166 0.016162149608135223 0.03132123127579689 0.0002540643617976457 -0.01687059924006462 0.9996047616004944 0.022488214075565338 0.017186375334858894 -0.030945396050810814 -0.02300264686346054 0.999256432056427 0.004706939682364464
1403636582.0635555 0.9992750287055969 0.0158368032425642 0.03461899235844612 0.00022890922264195979 -0.017188899219036102 0.9990869164466858 0.039114221930503845 0.022418489679694176 -0.033967938274145126 -0.03968092426657677 0.9986348748207092 0.0062276520766317844
1403636582.1135554 0.9992708563804626 0.01738811656832695 0.033990442752838135 0.00010330250370316207 -0.019286703318357468 0.998224675655365 0.056350868195295334 0.02676212601363659 -0.0329502634704113 -0.05696534365415573 0.9978322386741638 0.007248152047395706
1403636582.1635556 0.9993875622749329 0.01665797270834446 0.03077423945069313 -0.00021505332551896572 -0.01885589212179184 0.9971851110458374 0.07256916910409927 0.02664274163544178 -0.029478754848241806 -0.07310499995946884 0.9968885183334351 0.006926941219717264
1403636582.2135556 0.999459981918335 0.017848681658506393 0.027594303712248802 -0.0005212022224441171 -0.020113319158554077 0.9962544441223145 0.08409808576107025 0.02830572798848152 -0.02598991058766842 -0.08460766822099686 0.9960753917694092 0.007125933654606342
1403636582.2635555 0.9995130300521851 0.01782551407814026 0.025611281394958496 -0.0008186400518752635 -0.020089855417609215 0.9956424832344055 0.09106279164552689 0.028228743001818657 -0.023876434192061424 -0.09153297543525696 0.9955158233642578 0.007036316208541393
1403636582.3135555 0.9995777010917664 0.0181768499314785 0.022673986852169037 -0.0011192342499271035 -0.0202140212059021 0.995449960231781 0.09311732649803162 0.02627965249121189 -0.02087824046611786 -0.09353632479906082 0.9953969717025757 0.006562564522027969
1403636582.3635557 0.9996441602706909 0.016744621098041534 0.020765986293554306 -0.0015656361356377602 -0.018515396863222122 0.9959271550178528 0.08823958039283752 0.022542687132954597 -0.019203877076506615 -0.08859267085790634 0.9958828091621399 0.005411824211478233
1403636582.4135554 0.9996630549430847 0.01692829094827175 0.019679518416523933 -0.0017897578654810786 -0.01838003657758236 0.9969310760498047 0.07609447836875916 0.017177265137434006 -0.018330983817577362 -0.07643052935600281 0.996906578540802 0.003930229693651199
1403636582.4635556 0.9996849894523621 0.015541497617959976 0.019707992672920227 -0.002367646899074316 -0.016671089455485344 0.9981475472450256 0.05851064622402191 0.015336966142058372 -0.018762141466140747 -0.058820776641368866 0.9980922937393188 0.003347303718328476
1403636582.5135555 0.9995682835578918 0.01931382343173027 0.022139959037303925 -0.0024380546528846025 -0.020313121378421783 0.9987423419952393 0.04583641141653061 0.009246934205293655 -0.02122684009373188 -0.046266354620456696 0.9987035393714905 0.0016544272657483816
1403636582.5635555 0.999462366104126 0.020331934094429016 0.025720227509737015 -0.0026728869415819645 -0.021255142986774445 0.9991204738616943 0.03614531457424164 0.0026152795180678368 -0.02496270090341568 -0.03667256608605385 0.9990154504776001 -0.0002082902065012604
1403636582.6135554 0.999206006526947 0.02445344440639019 0.03145751729607582 -0.002717729425057769 -0.025402050465345383 0.999223530292511 0.030117351561784744 -0.0038318501319736242 -0.030696621164679527 -0.030892513692378998 0.9990512132644653 -0.0021125038620084524
1403636582.6635556 0.9990100264549255 0.024842524901032448 0.03690020740032196 -0.0027201264165341854 -0.025777781382203102 0.9993528127670288 0.025089723989367485 -0.010499206371605396 -0.036253031343221664 -0.02601609192788601 0.9990039467811584 -0.004087769892066717
1403636582.7135556 0.9989542365074158 0.02335241809487343 0.039308056235313416 -0.0026081427931785583 -0.024178024381399155 0.9994941353797913 0.020660672336816788 -0.017091527581214905 -0.038805700838565826 -0.021589454263448715 0.9990134835243225 -0.0059882900677621365
1403636582.7635555 0.9988602995872498 0.0199184138327837 0.04337437450885773 -0.002261148765683174 -0.02054898999631405 0.9996888637542725 0.014140908606350422 -0.023369351401925087 -0.04307921230792999 -0.015016091987490654 0.9989587664604187 -0.007809699513018131
1403636582.8135555 0.9986376166343689 0.01514506246894598 0.049937330186367035 -0.0020577539689838886 -0.015387599356472492 0.999871551990509 0.004475999623537064 -0.029552524909377098 -0.04986313357949257 -0.005238317418843508 0.9987423419952393 -0.009214303456246853
1403636582.8635557 0.9982324838638306 0.010193304158747196 0.05855170264840126 -0.0015701462980359793 -0.00969154667109251 0.9999138712882996 -0.00884711742401123 -0.0360293872654438 -0.05863684415817261 0.008264021947979927 0.9982452392578125 -0.010865269228816032
1403636582.9135554 0.9978816509246826 0.005209218244999647 0.06484998017549515 -0.0012668605195358396 -0.0036164692137390375 0.999689519405365 -0.024653756991028786 -0.042173776775598526 -0.06495828926563263 0.02436700090765953 0.9975904226303101 -0.012578028254210949
1403636582.9635556 0.9976303577423096 0.005520673934370279 0.06858165562152863 -0.0009021296282298863 -0.002708596410229802 0.9991541504859924 -0.041028942912817 -0.04756583645939827 -0.06875015050172806 0.04074596241116524 0.9968014359474182 -0.014179699122905731
1403636583.0135555 0.9974073171615601 0.0047794608399271965 0.0718047246336937 -0.0005891291657462716 -0.0006215798202902079 0.99832683801651 -0.05781656876206398 -0.05161590129137039 -0.0719609260559082 0.057622041553258896 0.9957415461540222 -0.01591011881828308
1403636583.0635555 0.9973766803741455 0.008439157158136368 0.07189483195543289 -0.00030232593417167664 -0.0035076297353953123 0.9976485371589661 -0.06844568997621536 -0.05395207181572914 -0.072303406894207 0.06801395863294601 0.9950610399246216 -0.016537940129637718
1403636583.1135554 0.9972200393676758 0.009989043697714806 0.07384106516838074 -0.0005506923189386725 -0.004610581323504448 0.9973465800285339 -0.07265303283929825 -0.05505803972482681 -0.07437089085578918 0.0721106231212616 0.9946199655532837 -0.017362087965011597
1403636583.1635556 0.9968667030334473 0.014240987598896027 0.07780786603689194 -0.0004502141382545233 -0.00858751218765974 0.9973301291465759 -0.07251664996147156 -0.05486070364713669 -0.07863285392522812 0.07162126898765564 0.9943274855613708 -0.01754239946603775
1403636583.2135556 0.9967294335365295 0.018249396234750748 0.07872472703456879 -0.00024650467094033957 -0.012685805559158325 0.9974238872528076 -0.07060138136148453 -0.05255824699997902 -0.07981037348508835 0.0693717822432518 0.9943931698799133 -0.01670646294951439
1403636583.2635555 0.996878981590271 0.019807890057563782 0.07642114162445068 0.0006565797375515103 -0.014639793895184994 0.9976047277450562 -0.0676036849617958 -0.048535022884607315 -0.07757718861103058 0.06627391278743744 0.9947811365127563 -0.014714119955897331
1403636583.3135555 0.997016191482544 0.01949082314968109 0.07469210028648376 0.0005997414118610322 -0.014744013547897339 0.9978674650192261 -0.06358431279659271 -0.04425041377544403 -0.07577212899923325 0.06229333207011223 0.9951774477958679 -0.013217141851782799
1403636583.3635557 0.997096061706543 0.020826103165745735 0.07325226068496704 0.0008343681111000478 -0.01651889830827713 0.9981257915496826 -0.058921657502651215 -0.039392728358507156 -0.07434208691120148 0.05754050612449646 0.9955713748931885 -0.011531483381986618
1403636583.4135554 0.9974322319030762 0.019094323739409447 0.0690266564488411 0.0011154301464557648 -0.015323824249207973 0.998382568359375 -0.05474655330181122 -0.03332030773162842 -0.06996036320924759 0.05354822799563408 0.9961115121841431 -0.009237593039870262
1403636583.4635556 0.997648298740387 0.022879447788000107 0.06461182236671448 0.0015154298162087798 -0.019771594554185867 0.9986351728439331 -0.04833688214421272 -0.02682190015912056 -0.06562956422567368 0.0469457283616066 0.9967391490936279 -0.007406128570437431
1403636583.5135555 0.9978153705596924 0.024012932553887367 0.061545662581920624 0.001675538020208478 -0.021397169679403305 0.9988540410995483 -0.04281347990036011 -0.01857217215001583 -0.06250321865081787 0.041403040289878845 0.9971855878829956 -0.0047898367047309875
1403636583.5635555 0.9977307319641113 0.028000500053167343 0.06123074144124985 0.0020295423455536366 -0.02590726874768734 0.9990614056587219 -0.03471677750349045 -0.011672427877783775 -0.06214535981416702 0.033051665872335434 0.9975197315216064 -0.0028067894745618105
1403636583.6135554 0.9973780512809753 0.030196338891983032 0.06576604396104813 0.002420856384560466 -0.02869398705661297 0.9993079304695129 -0.02367011271417141 -0.004538116976618767 -0.06643529236316681 0.021720966324210167 0.9975542426109314 -0.0003180501807946712
1403636583.6635556 0.9978463053703308 0.026524819433689117 0.05999355390667915 0.002845428418368101 -0.02621164545416832 0.9996383786201477 -0.006001222413033247 0.0002939951664302498 -0.06013103574514389 0.0044157677330076694 0.9981808662414551 0.0015397683018818498
1403636583.7135556 0.9982221126556396 0.018345043063163757 0.05671108514070511 0.0028620928060263395 -0.01922665536403656 0.9997020363807678 0.015039294958114624 0.006913491524755955 -0.0564182847738266 -0.016102921217679977 0.9982774257659912 0.003597324015572667
1403636583.7635555 0.9985632300376892 0.010362831875681877 0.05257648974657059 0.0025583216920495033 -0.012404377572238445 0.9991756677627563 0.03865344822406769 0.011546867899596691 -0.05213259533047676 -0.03925008699297905 0.997868537902832 0.004336248151957989
1403636583.8135555 0.9986470937728882 0.005662534851580858 0.0516912005841732 0.0026497053913772106 -0.008707194589078426 0.9982278347015381 0.05886714905500412 0.017085477709770203 -0.051266252994537354 -0.05923759192228317 0.9969265460968018 0.005860109813511372
1403636583.8635557 0.9986842274665833 0.0036259335465729237 0.0511518195271492 0.003103415947407484 -0.007395952474325895 0.9972525238990784 0.07370709627866745 0.023320289328694344 -0.05074401944875717 -0.0739884302020073 0.9959672093391418 0.007747944910079241
1403636583.9135554 0.9985617995262146 0.00928316917270422 0.05280149355530739 0.0028616399504244328 -0.013781930319964886 0.996243953704834 0.08548635989427567 0.024615151807665825 -0.05180959403514862 -0.08609111607074738 0.9949392676353455 0.007720657624304295
1403636583.9635556 0.9986504316329956 0.014970693737268448 0.049732089042663574 0.002901270752772689 -0.019480153918266296 0.9956175088882446 0.09146557003259659 0.0281431432813406 -0.048144854605197906 -0.09231091290712357 0.9945656657218933 0.008420758880674839
1403636584.0135555 0.9988152384757996 0.01895863376557827 0.04481464996933937 0.0025565950199961662 -0.023098429664969444 0.9953284859657288 0.0937415361404419 0.03045528754591942 -0.04282808676362038 -0.09466563910245895 0.9945874810218811 0.008684060536324978
1403636584.0635555 0.999021589756012 0.02258823812007904 0.038020312786102295 0.0022625105921179056 -0.02609388530254364 0.9951933026313782 0.09438864141702652 0.03100377693772316 -0.035705484449863434 -0.09528838098049164 0.9948092699050903 0.008487745188176632
1403636584.1135554 0.9992449283599854 0.022066589444875717 0.03197625279426575 0.001999175176024437 -0.024996694177389145 0.9952263236045837 0.09433770179748535 0.030491167679429054 -0.02974189817905426 -0.09506577998399734 0.9950265884399414 0.008156104944646358
1403636584.1635556 0.999351978302002 0.022998906672000885 0.02768993005156517 0.0017582272412255406 -0.025522001087665558 0.9951964020729065 0.0945119857788086 0.028506455942988396 -0.025383252650499344 -0.0951574370265007 0.9951385259628296 0.007575887255370617
1403636584.2135556 0.9993498921394348 0.024278396740555763 0.026652781292796135 0.0015093365218490362 -0.026694457978010178 0.9951772093772888 0.09439152479171753 0.025014173239469528 -0.024232566356658936 -0.09504163265228271 0.9951783418655396 0.006659829523414373
1403636584.2635555 0.9993780851364136 0.02385261468589306 0.02597133256494999 0.0015918860444799066 -0.026129135861992836 0.9954925775527954 0.09116913378238678 0.02084309794008732 -0.023679649457335472 -0.09179104119539261 0.9954968094825745 0.005548980552703142
1403636584.3135555 0.9993844032287598 0.023922137916088104 0.02566029503941536 0.0014376475010067225 -0.026031089946627617 0.996017336845398 0.08527573943138123 0.018899407237768173 -0.023518119007349014 -0.08589120209217072 0.996026873588562 0.005289475899189711
1403636584.3635557 0.9992267489433289 0.027091652154922485 0.02849365584552288 0.0012467941269278526 -0.029343971982598305 0.9962124228477478 0.0818513035774231 0.012944339774549007 -0.026168247684836388 -0.08262412250041962 0.9962371587753296 0.0037502641789615154
1403636584.4135554 0.998788058757782 0.033497266471385956 0.036059919744729996 0.0013344211038202047 -0.03621858358383179 0.9963213205337524 0.07766666263341904 0.006284390576183796 -0.033325642347335815 -0.07887857407331467 0.9963269829750061 0.0022085895761847496
1403636584.4635556 0.9983479976654053 0.03824540600180626 0.0428779162466526 0.0013980515068396926 -0.04125698283314705 0.9965723156929016 0.07170389592647552 -0.0009563650819472969 -0.039988599717617035 -0.07335445284843445 0.9965038895606995 0.0009225148824043572
1403636584.5135555 0.9980915784835815 0.04076654836535454 0.0463821217417717 0.0014214980183169246 -0.043585602194070816 0.9971559047698975 0.061485156416893005 -0.00805203802883625 -0.043743669986724854 -0.06338940560817719 0.997029721736908 -0.0007453297730535269
1403636584.5635555 0.9979512691497803 0.03981542959809303 0.050079651176929474 0.0012189493281766772 -0.04223398119211197 0.9979443550109863 0.04820062592625618 -0.015605148859322071 -0.04805757850408554 -0.050216931849718094 0.9975815415382385 -0.0023024084512144327
1403636584.6135554 0.9977704882621765 0.03772076964378357 0.05505745857954025 0.0011544425506144762 -0.039460428059101105 0.9987444281578064 0.030859362334012985 -0.022978730499744415 -0.0538242906332016 -0.03296314552426338 0.9980062246322632 -0.0040740035474300385
1403636584.6635556 0.9974627494812012 0.03523430600762367 0.06185941398143768 0.0011449801968410611 -0.03592179715633392 0.9993041753768921 0.010036713443696499 -0.029953178018331528 -0.06146273761987686 -0.012233350425958633 0.9980344176292419 -0.005727385636419058
1403636584.7135556 0.9970705509185791 0.035229578614234924 0.06788945198059082 0.0010842166375368834 -0.03453109413385391 0.9993381500244141 -0.011435066349804401 -0.036802988499403 -0.06824737042188644 0.009057271294295788 0.997627317905426 -0.007837755605578423
1403636584.7635555 0.9965488910675049 0.03472113609313965 0.0753977820277214 0.0008691974799148738 -0.0324113629758358 0.9989734888076782 -0.031645361334085464 -0.04290959984064102 -0.0764191523194313 0.02909240871667862 0.9966512322425842 -0.009513391181826591
1403636584.8135555 0.9962794184684753 0.03499087318778038 0.07875818759202957 0.0006517875008285046 -0.031282491981983185 0.9983651041984558 -0.047837041318416595 -0.048615746200084686 -0.08030328899621964 0.045195311307907104 0.9957453608512878 -0.011189840734004974
1403636584.8635557 0.9962805509567261 0.030768631026148796 0.0804879441857338 0.0004811354447156191 -0.025871381163597107 0.9977903962135315 -0.06119532138109207 -0.053296491503715515 -0.08219302445650101 0.05888538062572479 0.9948753714561462 -0.012586236000061035
1403636584.9135554 0.9964271187782288 0.028016814962029457 0.07967444509267807 -1.4258548617362976e-05 -0.022445695474743843 0.9972957968711853 -0.0699792355298996 -0.05716017261147499 -0.08141960203647614 0.06794086843729019 0.9943616390228271 -0.014634663239121437
1403636584.9635556 0.9964993596076965 0.021325619891285896 0.08083661645650864 0.0002900255494751036 -0.015269974246621132 0.9970813393592834 -0.07480356097221375 -0.05854792520403862 -0.08219593018293381 0.07330732047557831 0.993916392326355 -0.014626434072852135
1403636585.0135555 0.9961972832679749 0.01873362623155117 0.08508971333503723 -0.0004001688212156296 -0.012430568225681782 0.9971800446510315 -0.07401015609502792 -0.05953298881649971 -0.08623626083135605 0.07267101109027863 0.993620753288269 -0.015483480878174305
1403636585.0635555 0.9959473609924316 0.01638597622513771 0.08843395113945007 -0.0003077427973039448 -0.010192647576332092 0.9974923729896545 -0.07003586739301682 -0.05925164744257927 -0.0893598273396492 0.06885066628456116 0.9936168193817139 -0.015155550092458725
1403636585.1135554 0.9959253668785095 0.015079563483595848 0.08891057968139648 5.419406807050109e-05 -0.00897225458174944 0.997597336769104 -0.0686940997838974 -0.05253511667251587 -0.08973284810781479 0.06761648505926132 0.9936680197715759 -0.013570867478847504
1403636585.1635556 0.995542585849762 0.013826564885675907 0.09329264611005783 0.0008139555575326085 -0.00791003555059433 0.9979508519172668 -0.06349322944879532 -0.049206990748643875 -0.0939793810248375 0.06247226893901825 0.9936121702194214 -0.011570097878575325
1403636585.2135556 0.995006263256073 0.01443699561059475 0.0987614095211029 0.0009182915091514587 -0.008817213587462902 0.998329222202301 -0.05710417404770851 -0.0456673763692379 -0.09942080825567245 0.05594820901751518 0.9934713840484619 -0.010531898587942123
1403636585.2635555 0.9941914081573486 0.020866330713033676 0.10558415204286575 0.0010452363640069962 -0.015653416514396667 0.9986284971237183 -0.04996217042207718 -0.04220903292298317 -0.10648185759782791 0.04801921173930168 0.9931544065475464 -0.008770503103733063
1403636585.3135555 0.9935055375099182 0.027056241407990456 0.11052103340625763 0.0014541505370289087 -0.022222282364964485 0.9987515807151794 -0.044738128781318665 -0.03728514909744263 -0.11159350723028183 0.041991543024778366 0.9928663372993469 -0.007151877041906118
1403636585.3635557 0.9930167198181152 0.034767378121614456 0.11273472756147385 0.0024375447537750006 -0.030556077137589455 0.998776912689209 -0.038871366530656815 -0.03238771855831146 -0.113948293030262 0.03515517711639404 0.9928646087646484 -0.0051521495915949345
1403636585.4135554 0.9927549958229065 0.039029303938150406 0.11364098638296127 0.002926355693489313 -0.035623230040073395 0.9988575577735901 -0.031850919127464294 -0.027317961677908897 -0.11475426703691483 0.027571894228458405 0.9930112361907959 -0.00280992710031569
1403636585.4635556 0.9933223724365234 0.041995253413915634 0.1074569970369339 0.003446369431912899 -0.03974483907222748 0.9989451169967651 -0.022999951615929604 -0.021906977519392967 -0.10830952227115631 0.018575502559542656 0.9939436912536621 -0.001094886683858931
1403636585.5135555 0.9937788844108582 0.0444004163146019 0.10213856399059296 0.0037767391186207533 -0.04337066039443016 0.9989835619926453 -0.012281718663871288 -0.01667681708931923 -0.10258004814386368 0.007775487378239632 0.9946944117546082 0.00015622918726876378
1403636585.5635555 0.9948114156723022 0.045816417783498764 0.09083534777164459 0.003493801923468709 -0.045997485518455505 0.9989415407180786 -0.00010016188025474548 -0.012979521416127682 -0.0907437801361084 -0.004078567028045654 0.9958658814430237 0.0005234244745224714
1403636585.6135554 0.9959669709205627 0.045001354068517685 0.07761871069669724 0.003907843492925167 -0.046183884143829346 0.9988416433334351 0.013507029041647911 -0.010345304384827614 -0.07692096382379532 -0.017037283629179 0.9968916177749634 0.0003689838631544262
1403636585.6635556 0.9970912337303162 0.04030032455921173 0.0646914690732956 0.0040617045015096664 -0.04213900491595268 0.9987384676933289 0.02731366455554962 -0.00659028347581625 -0.06350909173488617 -0.02996024861931801 0.9975314140319824 0.0002545752504374832
1403636585.7135556 0.9980210661888123 0.03496576100587845 0.05226258188486099 0.004019286949187517 -0.037199560552835464 0.9984079599380493 0.042398352175951004 -0.0035140838008373976 -0.05069689080119133 -0.04425859451293945 0.997732937335968 -0.00014948037278372794
1403636585.7635555 0.9986326098442078 0.02863205224275589 0.04374079033732414 0.00405986187979579 -0.031167175620794296 0.9978053569793701 0.05841998755931854 -0.0013603460974991322 -0.04197211563587189 -0.059703364968299866 0.9973334074020386 -0.0007766680209897459
1403636585.8135555 0.99918133020401 0.020759977400302887 0.034723345190286636 0.0039478931576013565 -0.023304492235183716 0.9969443678855896 0.07455712556838989 0.00032272853422909975 -0.033069439232349396 -0.07530529797077179 0.9966120719909668 -0.0013252460630610585
1403636585.8635557 0.9995161294937134 0.014156023040413857 0.0277018491178751 0.0038065428379923105 -0.016676072031259537 0.99552983045578 0.09296312183141708 0.0012850773055106401 -0.026262035593390465 -0.09338007867336273 0.9952841401100159 -0.002508829114958644
1403636585.9135554 0.9997169375419617 0.008399233222007751 0.022260403260588646 0.0037036139983683825 -0.010834997519850731 0.9936866760253906 0.11166556179523468 0.0017706118524074554 -0.02118196152150631 -0.11187514662742615 0.9934965372085571 -0.0035105852875858545
1403636585.9635556 0.9997420310974121 0.003016890725120902 0.022518791258335114 0.0036434342619031668 -0.005986509378999472 0.9910984039306641 0.1329967975616455 0.0020117168314754963 -0.021917104721069336 -0.13309727609157562 0.9908607006072998 -0.004326786380261183
1403636586.0135555 0.9995774030685425 -0.002004203386604786 0.029000546783208847 0.003376505570486188 -0.0025779777206480503 0.9875780940055847 0.15710724890232086 0.001969370059669018 -0.028955183923244476 -0.15711557865142822 0.9871556162834167 -0.00480634206905961
1403636586.0635555 0.9991068243980408 -0.004963188897818327 0.04196459800004959 0.0034952752757817507 -0.002711785724386573 0.9835008978843689 0.18088261783123016 0.0020732609555125237 -0.042169976979494095 -0.1808348149061203 0.9826090335845947 -0.005426869727671146
1403636586.1135554 0.9984598755836487 -0.00962588470429182 0.05463819205760956 0.0032472130842506886 -0.0016624254640191793 0.9792002439498901 0.2028898000717163 0.001801676000468433 -0.05545472353696823 -0.20266813039779663 0.9776759743690491 -0.005936230532824993
1403636586.1635556 0.9977539777755737 -0.015433767810463905 0.065183125436306 0.002779281698167324 0.0005645239725708961 0.9749975800514221 0.22221438586711884 0.0014844322577118874 -0.06698302179574966 -0.2216784507036209 0.9728164076805115 -0.006492660380899906
1403636586.2135556 0.9973987340927124 -0.021265845745801926 0.06887307018041611 0.0023139365948736668 0.004154892172664404 0.9708622694015503 0.23960193991661072 0.0011879445519298315 -0.07196161895990372 -0.238692507147789 0.9684251546859741 -0.007252059411257505
1403636586.2635555 0.9972325563430786 -0.025178411975502968 0.069953054189682 0.0018530357629060745 0.006299478001892567 0.9661397933959961 0.2579419016838074 0.0011016185162588954 -0.07407902926206589 -0.25678735971450806 0.9636246562004089 -0.00827043130993843
1403636586.3135555 0.9970324039459229 -0.03089717961847782 0.07050883769989014 0.0015989174135029316 0.010106448084115982 0.9605290293693542 0.2779960334300995 0.0009019623976200819 -0.07631509751081467 -0.2764585018157959 0.9579910039901733 -0.009289290755987167
1403636586.3635557 0.9967513084411621 -0.03667321428656578 0.07170741260051727 0.0013772365637123585 0.013668698258697987 0.9544292688369751 0.29812395572662354 0.0010078423656523228 -0.0793728232383728 -0.2961753010749817 0.9518299102783203 -0.009929927065968513
1403636586.4135554 0.9965008497238159 -0.0432375892996788 0.07153084874153137 0.001233204617165029 0.018299154937267303 0.947900116443634 0.31804174184799194 0.0011215410195291042 -0.08155545592308044 -0.31561994552612305 0.9453744292259216 -0.011069989763200283
1403636586.4635556 0.9965400695800781 -0.04354943707585335 0.07079104334115982 0.0013811056269332767 0.017214898020029068 0.9414167404174805 0.33680570125579834 0.0013617058284580708 -0.08131159096956253 -0.33442172408103943 0.9389092326164246 -0.012211989611387253
1403636586.5135555 0.9965898394584656 -0.043150268495082855 0.07033287733793259 0.001644296571612358 0.015605313703417778 0.9355490207672119 0.3528519868850708 0.0014772098511457443 -0.08102552592754364 -0.35055112838745117 0.9330319762229919 -0.013387437909841537
1403636586.5635555 0.9968132972717285 -0.04159623011946678 0.06806620210409164 0.0020425296388566494 0.013886385597288609 0.9307374954223633 0.36542436480522156 0.001437879167497158 -0.07855204492807388 -0.3633146584033966 0.9283490180969238 -0.014418814331293106
1403636586.6135554 0.9970473051071167 -0.04057197645306587 0.06519663333892822 0.0026857571210712194 0.013449074700474739 0.9281659722328186 0.37192362546920776 0.0012902114540338516 -0.07560297101736069 -0.3699486255645752 0.9259709715843201 -0.015182369388639927
1403636586.6635556 0.9970400333404541 -0.042218588292598724 0.06425629556179047 0.0036524124443531036 0.015229383483529091 0.9276343584060669 0.37317925691604614 0.0008113076910376549 -0.0753614529967308 -0.37109601497650146 0.9255313277244568 -0.01562928594648838
1403636586.7135556 0.997154712677002 -0.041919905692338943 0.06265193223953247 0.004563904367387295 0.015916571021080017 0.9294630289077759 0.36857175827026367 0.00039665913209319115 -0.07368315011262894 -0.3665258288383484 0.9274855852127075 -0.015765246003866196
1403636586.7635555 0.9974315762519836 -0.04281209781765938 0.057424332946538925 0.005502157378941774 0.019188828766345978 0.9321226477622986 0.3616340160369873 -4.871794953942299e-05 -0.06900883466005325 -0.3596031963825226 0.9305499792098999 -0.015723802149295807
1403636586.8135555 0.9976760149002075 -0.04193507879972458 0.053703323006629944 0.006469907239079475 0.020280780270695686 0.9352117776870728 0.3535076081752777 -0.0003819698467850685 -0.06504835188388824 -0.3515969216823578 0.9338887333869934 -0.015476266853511333
1403636586.8635557 0.9978431463241577 -0.03970908373594284 0.05227158963680267 0.007199529558420181 0.01916736550629139 0.9378365278244019 0.34654778242111206 -0.000581247266381979 -0.06278330832719803 -0.3447984457015991 0.9365746974945068 -0.015188155695796013
1403636586.9135554 0.9981288313865662 -0.03483738377690315 0.05025066062808037 0.007526280824095011 0.015605175867676735 0.9397410154342651 0.34153085947036743 -0.0007380982860922813 -0.059120647609233856 -0.34010764956474304 0.9385262131690979 -0.014772231690585613
1403636586.9635556 0.9984429478645325 -0.03165741637349129 0.04592780023813248 0.007628238759934902 0.014325538650155067 0.9412626624107361 0.33737123012542725 -0.0007707318291068077 -0.05391043424606323 -0.3361879289150238 0.9402506351470947 -0.014246097765862942
1403636587.0135555 0.9987908005714417 -0.02509980835020542 0.04227297380566597 0.007814980112016201 0.009482888504862785 0.9420631527900696 0.3353014588356018 -0.0009462586604058743 -0.0482398197054863 -0.3344951272010803 0.9411618113517761 -0.013711544685065746
1403636587.0635555 0.9989519715309143 -0.02223965898156166 0.04000288248062134 0.007993501611053944 0.007497164886444807 0.9417148232460022 0.3363286852836609 -0.0011242784094065428 -0.04515114799141884 -0.3356761932373047 0.940894603729248 -0.01327678095549345
1403636587.1135554 0.9990867376327515 -0.018023747950792313 0.038741584867239 0.008212193846702576 0.0037580477073788643 0.9402332305908203 0.34051045775413513 -0.0013146994169801474 -0.042563408613204956 -0.34005388617515564 0.939441978931427 -0.012804974801838398
1403636587.1635556 0.9991584420204163 -0.014832274056971073 0.03824310004711151 0.008782310411334038 0.0007181803230196238 0.9385168552398682 0.34523266553878784 -0.0015056291595101357 -0.04101238772273064 -0.34491467475891113 0.9377374649047852 -0.012291833758354187
1403636587.2135556 0.9992209076881409 -0.013787981122732162 0.036979563534259796 0.00955711118876934 5.076685920357704e-05 0.9374367594718933 0.3481554687023163 -0.0016580717638134956 -0.03946637734770775 -0.34788236021995544 0.9367069602012634 -0.01168789528310299
1403636587.2635555 0.9991706609725952 -0.015269380062818527 0.03774718567728996 0.010712145827710629 0.0011113346554338932 0.9369068145751953 0.3495776653289795 -0.0018084065522998571 -0.040703434497117996 -0.3492457866668701 0.9361464977264404 -0.011142176575958729
1403636587.3135555 0.9991227984428406 -0.01717402972280979 0.038192108273506165 0.011369975283741951 0.0027291346341371536 0.9367983341217041 0.34985917806625366 -0.001606016419827938 -0.0417867936193943 -0.3494481146335602 0.936023473739624 -0.010262392461299896
1403636587.3635557 0.998996913433075 -0.01989138498902321 0.04011845961213112 0.013357586227357388 0.004511523526161909 0.9360727071762085 0.3517777919769287 -0.0018758170772343874 -0.04455113410949707 -0.3512439727783203 0.9352234601974487 -0.009479716420173645
1403636587.4135554 0.9988821148872375 -0.023048190400004387 0.04126857966184616 0.015655508264899254 0.00698854960501194 0.9354819059371948 0.3533056676387787 -0.0021198124159127474 -0.0467490516602993 -0.352622389793396 0.9345973134040833 -0.008777208626270294
1403636587.4635556 0.9987390041351318 -0.026727667078375816 0.04249544069170952 0.017942383885383606 0.009917131625115871 0.9348507523536682 0.35490283370018005 -0.00233672303147614 -0.049212586134672165 -0.35403385758399963 0.9339369535446167 -0.008360433392226696
1403636587.5135555 0.9986168146133423 -0.03152748569846153 0.042077478021383286 0.02104983478784561 0.014430821873247623 0.9338946342468262 0.35725733637809753 -0.00260395766235888 -0.05055934190750122 -0.3561559021472931 0.9330578446388245 -0.007688413839787245
