1403636579.7635555 1.0 0.0 0.0 0.0 0.0 1.0 0.0 0.0 0.0 0.0 1.0 0.0
1403636579.8135555 0.9999856352806091 0.0011481805704534054 0.005234656855463982 0.0006165283266454935 -0.0011337894247844815 0.9999955892562866 -0.0027513327077031136 0.014695346355438232 -0.005237791687250137 0.002745358506217599 0.9999825358390808 0.006739503238350153
1403636579.8635557 0.999941885471344 0.004794424865394831 0.009658091701567173 0.0007510206196457148 -0.004806052427738905 0.9999877214431763 0.0011810122523456812 0.03452935814857483 -0.009652310982346535 -0.0012273610336706042 0.9999526739120483 0.014399390667676926
1403636579.9135554 0.9999151229858398 0.0061127180233597755 0.011517385020852089 0.0007269667694345117 -0.006241923198103905 0.9999178051948547 0.011215941049158573 0.05635474622249603 -0.011447877623140812 -0.011286876164376736 0.999870777130127 0.020916979759931564
1403636579.9635556 0.999915361404419 0.005910870619118214 0.011591793969273567 1.4538236428052187e-06 -0.006183875259011984 0.9997010231018066 0.02365891821682453 0.08045301586389542 -0.011448482982814312 -0.023728594183921814 0.9996529817581177 0.027828268706798553
1403636580.0135555 0.9999325275421143 0.00267457845620811 0.01130691822618246 -0.0005862030084244907 -0.003056393936276436 0.9994210004806519 0.03388706222176552 0.10530608892440796 -0.01120973750948906 -0.03391933813691139 0.9993616342544556 0.03434951230883598
1403636580.0635555 0.9999293684959412 0.0011831186711788177 0.01183181069791317 -0.0014023694675415754 -0.001667352975346148 0.9991576671600342 0.04100068658590317 0.13166265189647675 -0.011773338541388512 -0.04101751372218132 0.9990890622138977 0.04167236387729645
1403636580.1135554 0.9999321103096008 -0.003435002639889717 0.011136382818222046 -0.0020316122099757195 0.002920047380030155 0.9989404082298279 0.04593171924352646 0.15664981305599213 -0.011282355524599552 -0.04589608311653137 0.9988824725151062 0.049591634422540665
1403636580.1635556 0.9999278783798218 -0.005743772257119417 0.010542264208197594 -0.0029132335912436247 0.0052153849974274635 0.9987614154815674 0.04948170483112335 0.18133722245693207 -0.01081342063844204 -0.04942316561937332 0.9987193942070007 0.05553724989295006
1403636580.2135556 0.9999367594718933 -0.006235761567950249 0.009368271566927433 -0.0030316777992993593 0.0057220724411308765 0.9985300898551941 0.05389341339468956 0.2043713480234146 -0.009690570645034313 -0.0538363978266716 0.9985027313232422 0.06179089844226837
1403636580.2635555 0.9999470710754395 -0.004182726144790649 0.00939478911459446 -0.0038826512172818184 0.0036185106728225946 0.998234212398529 0.0592903234064579 0.22524595260620117 -0.009626194834709167 -0.05925319343805313 0.998196542263031 0.06650066375732422
1403636580.3135555 0.9999502301216125 0.000432492233812809 0.00996695552021265 -0.004478392656892538 -0.0011009789304807782 0.9977414011955261 0.06716276705265045 0.24504385888576508 -0.009915397502481937 -0.0671703964471817 0.9976922273635864 0.07054344564676285
1403636580.3635557 0.9999698400497437 0.00125051848590374 0.007671689614653587 -0.005353616550564766 -0.0018480602884665132 0.9969215989112854 0.07838363945484161 0.263134628534317 -0.0075500523671507835 -0.07839544862508774 0.9968937635421753 0.07361792027950287
1403636580.4135554 0.9999567270278931 0.004342753905802965 0.008227922953665257 -0.006082651671022177 -0.005092303734272718 0.9956170916557312 0.09338479489088058 0.2794554531574249 -0.007786314934492111 -0.09342265129089355 0.9955959916114807 0.07554575055837631
1403636580.4635556 0.9999617338180542 0.004907701630145311 0.007247498258948326 -0.006927181035280228 -0.005680549424141645 0.9938280582427979 0.11078579723834991 0.2915419340133667 -0.006659063044935465 -0.11082271486520767 0.9938178062438965 0.07672974467277527
1403636580.5135555 0.9999769926071167 0.0033660568296909332 0.005874579306691885 -0.007496766280382872 -0.004089013673365116 0.9917981028556824 0.12774896621704102 0.29901790618896484 -0.005396386608481407 -0.1277700662612915 0.9917891621589661 0.0768866240978241
1403636580.5635555 0.9999927878379822 0.001443735440261662 0.0035549637395888567 -0.008329628966748714 -0.0019305968889966607 0.990006685256958 0.14100703597068787 0.29749417304992676 -0.0033158608712255955 -0.14101284742355347 0.9900021553039551 0.07542172074317932
1403636580.6135554 0.9999998211860657 0.00027009411132894456 0.0005548093467950821 -0.009084174409508705 -0.0003480974119156599 0.9893144965171814 0.14579659700393677 0.28755316138267517 -0.000509501900523901 -0.1457967758178711 0.9893144369125366 0.07204669713973999
1403636580.6635556 0.9999999403953552 0.00028912757989019156 4.5210592361399904e-05 -0.009954595007002354 -0.0002926223387476057 0.9896711111068726 0.14335595071315765 0.2694343030452728 -3.2950240438367473e-06 -0.14335592091083527 0.9896712303161621 0.06664605438709259
1403636580.7135556 0.999989926815033 0.0036544036120176315 0.002633558353409171 -0.010552736930549145 -0.003977722954005003 0.9907588362693787 0.13557717204093933 0.24473682045936584 -0.0021137672010809183 -0.13558627665042877 0.9907633662223816 0.06086936965584755
1403636580.7635555 0.999915599822998 0.010377593338489532 0.007814168930053711 -0.011061546392738819 -0.011272058822214603 0.99211585521698 0.12481564283370972 0.2141937017440796 -0.006457275710999966 -0.12489324063062668 0.9921491146087646 0.05469051003456116
1403636580.8135555 0.9997472167015076 0.016646550968289375 0.015114923007786274 -0.010902442038059235 -0.018236536532640457 0.9935405254364014 0.11200227588415146 0.17887286841869354 -0.013152834959328175 -0.11224962770938873 0.9935929775238037 0.04790125787258148
1403636580.8635557 0.9994078278541565 0.023280400782823563 0.02534222975373268 -0.011363059282302856 -0.025642413645982742 0.9949281215667725 0.09726478159427643 0.140654057264328 -0.022949334233999252 -0.0978570431470871 0.9949358701705933 0.04010443389415741
1403636580.9135554 0.9989053010940552 0.030107531696558 0.03580349683761597 -0.011583586223423481 -0.03295042738318443 0.9961152076721191 0.08166222274303436 0.10248210281133652 -0.033205777406692505 -0.08275259286165237 0.9960167407989502 0.032483119517564774
1403636580.9635556 0.9986104369163513 0.034443449229002 0.03988802433013916 -0.012778585776686668 -0.03705326095223427 0.9970880746841431 0.06665229797363281 0.06372204422950745 -0.037476152181625366 -0.06803768128156662 0.9969786405563354 0.024301541969180107
1403636581.0135555 0.9984859228134155 0.03731813654303551 0.04041460528969765 -0.014690064825117588 -0.03940780460834503 0.9978584051132202 0.05220704525709152 0.02876368537545204 -0.03837979584932327 -0.053720686584711075 0.9978181719779968 0.01563563197851181
1403636581.0635555 0.9984871745109558 0.0382361076772213 0.03951580077409744 -0.017551911994814873 -0.039797283709049225 0.9984264373779297 0.039506349712610245 -0.007377997972071171 -0.0379430390894413 -0.04101920127868652 0.9984377026557922 0.009227984584867954
1403636581.1135554 0.9985474348068237 0.03595587983727455 0.04012804105877876 -0.018511978909373283 -0.03703250363469124 0.9989648461341858 0.026416713371872902 -0.03888637572526932 -0.03913666307926178 -0.027864381670951843 0.9988451600074768 0.0020399962086230516
1403636581.1635556 0.9987098574638367 0.03028780035674572 0.040759529918432236 -0.018814291805028915 -0.030744152143597603 0.9994708895683289 0.010616105981171131 -0.06703850626945496 -0.04041643068194389 -0.01185552217066288 0.9991124868392944 -0.003880748525261879
1403636581.2135556 0.9987854957580566 0.026637662202119827 0.04144986718893051 -0.018411915749311447 -0.026436826214194298 0.9996358752250671 -0.005386224947869778 -0.09263624250888824 -0.0415782555937767 0.004283887334167957 0.9991260170936584 -0.010583379305899143
1403636581.2635555 0.9988979697227478 0.022264188155531883 0.041319891810417175 -0.017892446368932724 -0.021336525678634644 0.9995132088661194 -0.0227576345205307 -0.11561986804008484 -0.04180645942687988 0.021850936114788055 0.9988868236541748 -0.016608254984021187
1403636581.3135555 0.9988818764686584 0.02427145652472973 0.04057222232222557 -0.017158128321170807 -0.02273198589682579 0.9990196228027344 -0.03798408806324005 -0.1305992752313614 -0.04145437479019165 0.037019338458776474 0.9984543919563293 -0.022943593561649323
1403636581.3635557 0.9987983107566833 0.025608593598008156 0.04178636893630028 -0.017112769186496735 -0.023548131808638573 0.9985172748565674 -0.04907792806625366 -0.1384066492319107 -0.04298120364546776 0.04803495854139328 0.9979204535484314 -0.025991106405854225
1403636581.4135554 0.9984725117683411 0.030483270063996315 0.046079229563474655 -0.016594920307397842 -0.02810576558113098 0.9982829093933105 -0.0513918437063694 -0.1388920396566391 -0.04756668210029602 0.05001825466752052 0.9976149201393127 -0.02754993364214897
1403636581.4635556 0.998171329498291 0.036328352987766266 0.04831370711326599 -0.014979002065956593 -0.03405755013227463 0.9983131289482117 -0.047021832317113876 -0.12918780744075775 -0.04994041845202446 0.045290399342775345 0.997724711894989 -0.02615714631974697
1403636581.5135555 0.9978206753730774 0.041953131556510925 0.05093003064393997 -0.013379381038248539 -0.04011254757642746 0.9985231161117554 -0.036639511585235596 -0.11241797357797623 -0.052391935139894485 0.034516721963882446 0.998029887676239 -0.022404616698622704
1403636581.5635555 0.9978917837142944 0.03810284659266472 0.05253607779741287 -0.011816876009106636 -0.036892570555210114 0.9990353584289551 -0.023817826062440872 -0.09021278470754623 -0.0533929206430912 0.021829430013895035 0.9983350038528442 -0.016271555796265602
1403636581.6135554 0.9980924129486084 0.0352170355618 0.05070917308330536 -0.010137569159269333 -0.0347243957221508 0.9993410706520081 -0.010563613846898079 -0.06386390328407288 -0.05104776844382286 0.00878262147307396 0.9986575841903687 -0.008311630226671696
1403636581.6635556 0.9982936978340149 0.03061077557504177 0.049727022647857666 -0.008422614075243473 -0.030625011771917343 0.9995308518409729 -0.0004756385460495949 -0.03394758328795433 -0.04971825331449509 -0.0010480573400855064 0.9987627267837524 -0.00018069223733618855
1403636581.7135556 0.9982622265815735 0.03353720158338547 0.04845477268099785 -0.005639557261019945 -0.03390134498476982 0.999402642250061 0.006712909787893295 -0.00309001374989748 -0.04820070415735245 -0.00834391638636589 0.9988027811050415 0.008412184193730354
1403636581.7635555 0.9984841346740723 0.030398765578866005 0.04588688910007477 -0.003220162820070982 -0.0308797936886549 0.9994749426841736 0.009810594841837883 0.029843533411622047 -0.045564569532871246 -0.011212688870728016 0.998898446559906 0.01755593903362751
1403636581.8135555 0.9987409710884094 0.030330656096339226 0.03995904326438904 -0.0018202114151790738 -0.030868317931890488 0.99944007396698 0.012907528318464756 0.062172241508960724 -0.03954516723752022 -0.0141247333958745 0.999117910861969 0.025015708059072495
1403636581.8635557 0.9988670945167542 0.029034703969955444 0.0377042181789875 -0.00040623301174491644 -0.029719602316617966 0.9994008541107178 0.017733199521899223 0.09513106197118759 -0.037166744470596313 -0.018833652138710022 0.9991316199302673 0.03263239562511444
1403636581.9135554 0.9991121888160706 0.02433396689593792 0.03439078480005264 9.952508844435215e-05 -0.025273224338889122 0.9993119835853577 0.027145538479089737 0.1282605677843094 -0.03370657190680504 -0.02799060195684433 0.9990397095680237 0.0399407297372818
1403636581.9635556 0.9990110397338867 0.02172730304300785 0.03879459574818611 0.0008725535590201616 -0.023290246725082397 0.9989160299301147 0.04030098393559456 0.1605447679758072 -0.0378769114613533 -0.04116465523838997 0.99843430519104 0.04769698157906532
1403636582.0135555 0.998920738697052 0.018202150240540504 0.04273223504424095 0.0010629631578922272 -0.02059224061667919 0.9982084631919861 0.05617479607462883 0.19011472165584564 -0.041633181273937225 -0.05699411779642105 0.9975060224533081 0.05477740615606308
1403636582.0635555 0.9987478852272034 0.018582317978143692 0.04644770547747612 0.0008456057403236628 -0.02197086438536644 0.9970500469207764 0.07354187965393066 0.21600213646888733 -0.04494410380721092 -0.07447028160095215 0.996209979057312 0.060664452612400055
1403636582.1135554 0.9987552165985107 0.01969544030725956 0.04582751914858818 0.0003985324874520302 -0.023805009201169014 0.9955725073814392 0.09093084931373596 0.23696300387382507 -0.04383368790149689 -0.09190857410430908 0.9948022365570068 0.06481800973415375
1403636582.1635556 0.9989637136459351 0.017970597371459007 0.04181738197803497 -0.0007081050425767899 -0.02228582836687565 0.994208812713623 0.10512857139110565 0.2529408931732178 -0.03968599811196327 -0.10595155507326126 0.9935789704322815 0.06707378476858139
1403636582.2135556 0.9990982413291931 0.018191013485193253 0.03836645931005478 -0.0020564787555485964 -0.02255086600780487 0.9929399490356445 0.1164543479681015 0.26124653220176697 -0.03597717732191086 -0.11721450835466385 0.9924547076225281 0.06844651699066162
1403636582.2635555 0.9991957545280457 0.017700742930173874 0.035983357578516006 -0.003297520102933049 -0.022032061591744423 0.9920649528503418 0.12378077954053879 0.2610624432563782 -0.03350682929158211 -0.12447400391101837 0.9916568994522095 0.06828784942626953
1403636582.3135555 0.9992597699165344 0.018885213881731033 0.03351703658699989 -0.005135602317750454 -0.022958580404520035 0.9918103814125061 0.12563854455947876 0.25110122561454773 -0.030869845300912857 -0.12631504237651825 0.9915096759796143 0.06550665199756622
1403636582.3635557 0.9993335008621216 0.01798068918287754 0.031771983951330185 -0.007291150279343128 -0.021680379286408424 0.9925093650817871 0.1202293187379837 0.2335597723722458 -0.029372192919254303 -0.1208379790186882 0.9922376275062561 0.06123189628124237
1403636582.4135554 0.9993614554405212 0.017964953556656837 0.030887357890605927 -0.009691206738352776 -0.021190909668803215 0.9939783811569214 0.10750690847635269 0.2100396454334259 -0.028770023956894875 -0.1080927848815918 0.9937243461608887 0.05470230430364609
1403636582.4635556 0.9993656873703003 0.01755816489458084 0.030980762094259262 -0.011323779821395874 -0.020361805334687233 0.9954920411109924 0.0926341861486435 0.18173451721668243 -0.02921462245285511 -0.09320627152919769 0.9952181577682495 0.048531439155340195
1403636582.5135555 0.999190628528595 0.021816417574882507 0.03379010409116745 -0.01270708441734314 -0.024461541324853897 0.9964983463287354 0.07995614409446716 0.15101544559001923 -0.03192742541432381 -0.0807180255651474 0.9962255954742432 0.04129643365740776
1403636582.5635555 0.9990635514259338 0.022174350917339325 0.03715300187468529 -0.014102247543632984 -0.02472967468202114 0.9972548484802246 0.06979335099458694 0.11912250518798828 -0.03550337627530098 -0.07064677774906158 0.9968694448471069 0.034496624022722244
1403636582.6135554 0.9987059235572815 0.027077317237854004 0.04305093362927437 -0.01424115989357233 -0.029788071289658546 0.997529149055481 0.0636247843503952 0.08638651669025421 -0.041221778839826584 -0.06482486426830292 0.9970448613166809 0.026186751201748848
1403636582.6635556 0.998461902141571 0.027179036289453506 0.04832494631409645 -0.01444176398217678 -0.030019238591194153 0.9978033900260925 0.05905306711792946 0.05362891033291817 -0.046613797545433044 -0.060412902384996414 0.9970844388008118 0.017561787739396095
1403636582.7135556 0.9983779788017273 0.02598884515464306 0.050659067928791046 -0.013907691463828087 -0.02873810939490795 0.9981099963188171 0.05431937426328659 0.0216772872954607 -0.04915163666009903 -0.05568709224462509 0.9972376823425293 0.009548567235469818
1403636582.7635555 0.9982545971870422 0.02198999561369419 0.05481043830513954 -0.013147842139005661 -0.024608878418803215 0.9985647201538086 0.047573041170835495 -0.010550100356340408 -0.05368563532829285 -0.048838838934898376 0.9973628520965576 0.002537626074627042
1403636582.8135555 0.9979878067970276 0.01716865599155426 0.061038073152303696 -0.01146718394011259 -0.0195078793913126 0.9990896582603455 0.0379369892179966 -0.04208752140402794 -0.060331184417009354 -0.039051372557878494 0.9974142909049988 -0.004530047066509724
1403636582.8635557 0.9974547028541565 0.01294093020260334 0.07012083381414413 -0.009830988012254238 -0.014711269177496433 0.999584436416626 0.02478959783911705 -0.07525140792131424 -0.06977090239524841 -0.0257580503821373 0.9972304701805115 -0.011474832892417908
1403636582.9135554 0.9970278143882751 0.009330756030976772 0.07647394388914108 -0.008903471753001213 -0.010005354881286621 0.999914288520813 0.00844279769808054 -0.10440221428871155 -0.07638859748840332 -0.009182854555547237 0.9970359802246094 -0.01981187053024769
1403636582.9635556 0.9967754483222961 0.009074396453797817 0.07972511649131775 -0.006652136333286762 -0.008438481949269772 0.9999298453330994 -0.008309747092425823 -0.131076842546463 -0.07979489862918854 0.0076101915910840034 0.9967823624610901 -0.027012426406145096
1403636583.0135555 0.9964868426322937 0.009603765793144703 0.08319780230522156 -0.0053558642975986 -0.0075394995510578156 0.9996567368507385 -0.025090346112847328 -0.15050828456878662 -0.08341018855571747 0.024374928325414658 0.9962171912193298 -0.0325760655105114
1403636583.0635555 0.9964457750320435 0.012607118114829063 0.08328749984502792 -0.0050649940967559814 -0.009653028100728989 0.9993131756782532 -0.03577659651637077 -0.16256874799728394 -0.08368130028247833 0.034845463931560516 0.9958832263946533 -0.03801658749580383
1403636583.1135554 0.9962877035140991 0.014786496758460999 0.08480685204267502 -0.0036693201400339603 -0.011389783583581448 0.9991187453269958 -0.04039732739329338 -0.16808339953422546 -0.08532942086458206 0.03928142040967941 0.9955782294273376 -0.0393245667219162
1403636583.1635556 0.9958652257919312 0.019644834101200104 0.08869485557079315 -0.001726837595924735 -0.01601768285036087 0.9990133047103882 -0.04142289608716965 -0.16453765332698822 -0.08942107856273651 0.039830923080444336 0.9951971769332886 -0.036486539989709854
1403636583.2135556 0.9956760406494141 0.023804796859622 0.08979201316833496 -0.001084362156689167 -0.020374983549118042 0.9990344643592834 -0.03892253711819649 -0.15445072948932648 -0.090631864964962 0.03692472726106644 0.9951996803283691 -0.034180957823991776
1403636583.2635555 0.9957635998725891 0.025684768334031105 0.08828917145729065 -0.0012321737594902515 -0.022671595215797424 0.9991313815116882 -0.03496357426047325 -0.1379787176847458 -0.08911049365997314 0.03281380608677864 0.9954810738563538 -0.028026476502418518
1403636583.3135555 0.9959149360656738 0.02540007047355175 0.08664906024932861 -0.0007365238852798939 -0.02275719866156578 0.9992492198944092 -0.031353652477264404 -0.11483606696128845 -0.08738040179014206 0.029253683984279633 0.9957454204559326 -0.020358122885227203
1403636583.3635557 0.9960099458694458 0.02657964639365673 0.0851929560303688 0.0003978881286457181 -0.02441021427512169 0.9993532299995422 -0.026406481862068176 -0.08993995934724808 -0.08583973348140717 0.02422153577208519 0.9960144758224487 -0.01419018767774105
1403636583.4135554 0.9964262247085571 0.024918504059314728 0.08070877194404602 0.0024735257029533386 -0.023222869262099266 0.9994909167289734 -0.021880481392145157 -0.05996616184711456 -0.08121288567781448 0.019927995279431343 0.9964975118637085 -0.004234902560710907
1403636583.4635556 0.9966987371444702 0.028348470106720924 0.07607866823673248 0.004277001600712538 -0.027263043448328972 0.99951171875 -0.015268294140696526 -0.02814079076051712 -0.07647435367107391 0.013143753632903099 0.9969848990440369 0.00462226290255785
1403636583.5135555 0.996987521648407 0.027352970093488693 0.07257822901010513 0.00792128499597311 -0.026789013296365738 0.9996030330657959 -0.008732598274946213 0.004780219867825508 -0.07278827577829361 0.006761991418898106 0.997324526309967 0.013947052881121635
1403636583.5635555 0.9969096779823303 0.031395480036735535 0.07201040536165237 0.010397450998425484 -0.03146879002451897 0.9995047450065613 -0.00011654384434223175 0.03949494659900665 -0.07197841256856918 -0.0021498980931937695 0.9974038600921631 0.023163320496678352
1403636583.6135554 0.9964233040809631 0.03444851189851761 0.07716156542301178 0.012027623131871223 -0.03538607060909271 0.9993151426315308 0.010815984569489956 0.07385450601577759 -0.07673612236976624 -0.013507744297385216 0.9969598650932312 0.03275229036808014
1403636583.6635556 0.9970049262046814 0.030001111328601837 0.07128209620714188 0.012919370085000992 -0.03205997869372368 0.9990960359573364 0.02791687659919262 0.10718344151973724 -0.07038013637065887 -0.030118566006422043 0.9970653057098389 0.04075611010193825
1403636583.7135556 0.9974431395530701 0.021624116227030754 0.0681154653429985 0.013410190120339394 -0.02498939447104931 0.9984887838363647 0.04894733428955078 0.13972961902618408 -0.06695409119129181 -0.05052434653043747 0.9964759349822998 0.04871112108230591
1403636583.7635555 0.9978833794593811 0.012700962834060192 0.06377653777599335 0.01375578437000513 -0.017310481518507004 0.9972361922264099 0.07225211709737778 0.16882972419261932 -0.0626826137304306 -0.0732031837105751 0.9953451156616211 0.0556769073009491
1403636583.8135555 0.9979989528656006 0.006724221631884575 0.06287264078855515 0.014502258040010929 -0.012494736351072788 0.9956949949264526 0.09184374660253525 0.19692616164684296 -0.06198442354798317 -0.09244551509618759 0.9937865734100342 0.061763085424900055
1403636583.8635557 0.9979960322380066 0.005346589256078005 0.06305171549320221 0.014768410474061966 -0.01207663957029581 0.9942021369934082 0.10684636980295181 0.22157691419124603 -0.062114913016557693 -0.10739368200302124 0.9922743439674377 0.06738980859518051
1403636583.9135554 0.9978935122489929 0.010574180632829666 0.0640045702457428 0.015590658411383629 -0.018033934757113457 0.992953896522522 0.11712101101875305 0.24308481812477112 -0.06231512874364853 -0.11802855134010315 0.9910529255867004 0.07148483395576477
1403636583.9635556 0.9979689121246338 0.016974549740552902 0.0613994337618351 0.015618955716490746 -0.02446787804365158 0.9920514225959778 0.12343037128448486 0.26022621989250183 -0.05881623923778534 -0.1246819719672203 0.9904518723487854 0.0745253711938858
1403636584.0135555 0.998267650604248 0.019765477627515793 0.05541782081127167 0.014891693368554115 -0.026638036593794823 0.9916524291038513 0.12615804374217987 0.27133646607398987 -0.0524616502225399 -0.1274157166481018 0.9904609322547913 0.07519569247961044
1403636584.0635555 0.9985653162002563 0.022484058514237404 0.04859653487801552 0.013070562854409218 -0.028481701388955116 0.9915599822998047 0.126481294631958 0.275945782661438 -0.04534256458282471 -0.12768393754959106 0.9907779097557068 0.07333926111459732
1403636584.1135554 0.9988816976547241 0.021515967324376106 0.04209945723414421 0.011724731884896755 -0.02671373263001442 0.9915323853492737 0.12708187103271484 0.27336400747299194 -0.03900868445634842 -0.12806439399719238 0.9909983277320862 0.0722094476222992
1403636584.1635556 0.9990097284317017 0.022823218256235123 0.03819010779261589 0.010301158763468266 -0.02751525118947029 0.9914913177490234 0.12723132967948914 0.26378270983695984 -0.03496133163571358 -0.1281561702489853 0.9911375045776367 0.06964023411273956
1403636584.2135556 0.9990625381469727 0.02325083315372467 0.036513715982437134 0.00941222533583641 -0.02771182358264923 0.991534411907196 0.12685216963291168 0.24663250148296356 -0.033255189657211304 -0.127745121717453 0.9912492632865906 0.06605568528175354
1403636584.2635555 0.9990051984786987 0.024816839024424553 0.03705119714140892 0.007808332331478596 -0.029201900586485863 0.9919849038124084 0.12293580919504166 0.22523283958435059 -0.033703356981277466 -0.12389547377824783 0.9917226433753967 0.061499614268541336
1403636584.3135555 0.9989776611328125 0.025471333414316177 0.03734789416193962 0.006222626194357872 -0.029754498973488808 0.9924458861351013 0.1190202385187149 0.19928231835365295 -0.034034159034490585 -0.12000982463359833 0.9921891689300537 0.05529887229204178
1403636584.3635557 0.9987766742706299 0.028999194502830505 0.04005255177617073 0.0054526301100850105 -0.03346538171172142 0.9927129745483398 0.11576183140277863 0.16954296827316284 -0.03640369698405266 -0.1169605702161789 0.9924691915512085 0.049548447132110596
1403636584.4135554 0.9982613921165466 0.034767840057611465 0.04759638011455536 0.005640626419335604 -0.03990692272782326 0.9929438829421997 0.11166860163211823 0.13721685111522675 -0.04337805509567261 -0.11337387561798096 0.9926049709320068 0.04459309205412865
1403636584.4635556 0.9976992607116699 0.04061231389641762 0.05428444221615791 0.006225774064660072 -0.046170659363269806 0.9933568835258484 0.10540622472763062 0.1012081429362297 -0.04964303970336914 -0.10767004638910294 0.9929463267326355 0.03815660998225212
1403636584.5135555 0.997403085231781 0.042689260095357895 0.05800654739141464 0.005768661852926016 -0.048081349581480026 0.9943166971206665 0.09498647600412369 0.06602133810520172 -0.05362197756767273 -0.09752882272005081 0.9937870502471924 0.03210122510790825
1403636584.5635555 0.9972351789474487 0.04182283952832222 0.061423443257808685 0.004976097494363785 -0.04678870737552643 0.9955524802207947 0.08176854997873306 0.028286848217248917 -0.05773046240210533 -0.08441638946533203 0.9947566986083984 0.025365987792611122
1403636584.6135554 0.9970155954360962 0.040435805916786194 0.06576380133628845 0.004715929739177227 -0.04467247426509857 0.9969313740730286 0.06428208202123642 -0.00825851783156395 -0.06296269595623016 -0.06702807545661926 0.9957624077796936 0.019916275516152382
1403636584.6635556 0.9965556263923645 0.03876807168126106 0.07330665737390518 0.0036626416258513927 -0.04203163832426071 0.9981682300567627 0.0435132198035717 -0.04421413317322731 -0.07148544490337372 -0.04644455015659332 0.9963598251342773 0.011690021492540836
1403636584.7135556 0.9960792064666748 0.03909805044531822 0.07935875654220581 0.0027637952007353306 -0.04093371331691742 0.998927652835846 0.021637002006173134 -0.07776661217212677 -0.07842767238616943 -0.02480061538517475 0.9966112375259399 0.003839637152850628
1403636584.7635555 0.9955056309700012 0.03840110823512077 0.08656693249940872 0.001961310626938939 -0.03867323696613312 0.9992510080337524 0.0014680325984954834 -0.10776817798614502 -0.08644568920135498 -0.004809269681572914 0.9962449073791504 -0.003893837798386812
1403636584.8135555 0.9951980710029602 0.03895987570285797 0.08979258686304092 0.0012839490082114935 -0.03777332976460457 0.9991756081581116 -0.014876644127070904 -0.13681812584400177 -0.0902981087565422 0.011413449421525002 0.9958495497703552 -0.012502375990152359
1403636584.8635557 0.9951114654541016 0.03599052503705025 0.09196683019399643 -0.00032666814513504505 -0.033469535410404205 0.9990243911743164 -0.028809189796447754 -0.15898272395133972 -0.09291397035121918 0.025590259581804276 0.9953452348709106 -0.016258051618933678
1403636584.9135554 0.9953601360321045 0.032563913613557816 0.09054280072450638 -0.00041698943823575974 -0.029174774885177612 0.9988323450088501 -0.03850654885172844 -0.17449268698692322 -0.09169099479913712 0.03568630665540695 0.9951478242874146 -0.022366249933838844
1403636584.9635556 0.9953629374504089 0.026498867198824883 0.09246736764907837 -0.0014115666272118688 -0.02263682149350643 0.9988369941711426 -0.04256851226091385 -0.18732456862926483 -0.09348784387111664 0.04027795046567917 0.9948054552078247 -0.02701672725379467
1403636585.0135555 0.9950912594795227 0.024261383339762688 0.09594064205884933 -0.0013909637928009033 -0.020282289013266563 0.9989017844200134 -0.04223458096385002 -0.19027619063854218 -0.09685994684696198 0.04008137434720993 0.9944907426834106 -0.028478827327489853
1403636585.0635555 0.9948053956031799 0.021671395748853683 0.09946078807115555 -0.0011924541322514415 -0.017851626500487328 0.9990744590759277 -0.039135437458753586 -0.1865064650774002 -0.10021685063838959 0.0371566042304039 0.9942716360092163 -0.02579638361930847
1403636585.1135554 0.9947642087936401 0.02060812897980213 0.10009627789258957 -0.001724434201605618 -0.01726415567100048 0.9992672801017761 -0.034159738570451736 -0.17808188498020172 -0.1007269099354744 0.032252807170152664 0.9943913221359253 -0.022905532270669937
1403636585.1635556 0.9943284392356873 0.018819160759449005 0.10467397421598434 -3.6230310797691345e-05 -0.01588219776749611 0.999458372592926 -0.02882138453423977 -0.1619488149881363 -0.10515967011451721 0.0269954614341259 0.9940888285636902 -0.016764691099524498
1403636585.2135556 0.9936859011650085 0.019860336557030678 0.11042574793100357 0.0010202699340879917 -0.01750948280096054 0.9995997548103333 -0.022218212485313416 -0.14317144453525543 -0.11082282662391663 0.020144427195191383 0.9936359524726868 -0.007662116549909115
1403636585.2635555 0.9928391575813293 0.02601119689643383 0.11659281700849533 0.004092428367584944 -0.024308109655976295 0.9995763897895813 -0.01600559428334236 -0.11991269886493683 -0.11695973575115204 0.013056829571723938 0.9930508732795715 0.0010172843467444181
1403636585.3135555 0.9921361804008484 0.03132696449756622 0.1211790069937706 0.0074206748977303505 -0.030282389372587204 0.9994867444038391 -0.010452541522681713 -0.09574233740568161 -0.12144426256418228 0.006700754165649414 0.9925756454467773 0.009570639580488205
1403636585.3635557 0.9914952516555786 0.039831068366765976 0.12389691174030304 0.008199003525078297 -0.03959765285253525 0.9992062449455261 -0.004346933215856552 -0.07098446041345596 -0.12397167086601257 -0.0005960650742053986 0.9922857880592346 0.012711704708635807
1403636585.4135554 0.9911999702453613 0.04356564208865166 0.12499713897705078 0.011066759936511517 -0.044234562665224075 0.9990178942680359 0.0025796014815568924 -0.04402867332100868 -0.12476198375225067 -0.008086097426712513 0.9921539425849915 0.021655797958374023
1403636585.4635556 0.9918380975723267 0.046732690185308456 0.11862979829311371 0.014243507757782936 -0.048471033573150635 0.9987547397613525 0.011809054762125015 -0.017473019659519196 -0.11793018877506256 -0.017462782561779022 0.9928684830665588 0.029645513743162155
1403636585.5135555 0.992367148399353 0.048492349684238434 0.11338391900062561 0.01651129312813282 -0.05134233459830284 0.9984308481216431 0.02235044538974762 0.008646644651889801 -0.11212220788002014 -0.028001243248581886 0.9932997226715088 0.03541862219572067
1403636585.5635555 0.9935284852981567 0.049835365265607834 0.10206685960292816 0.017399482429027557 -0.05358172580599785 0.9979742169380188 0.03429659456014633 0.03287811577320099 -0.1001509428024292 -0.03954356163740158 0.9941860437393188 0.03804921358823776
1403636585.6135554 0.994862973690033 0.04842768982052803 0.08889533579349518 0.01828620210289955 -0.0527389720082283 0.9975106120109558 0.04680676385760307 0.055215440690517426 -0.08640733361244202 -0.05125456303358078 0.994940459728241 0.0384005531668663
1403636585.6635556 0.9961060285568237 0.0439920499920845 0.07640434056520462 0.01839827001094818 -0.04869573563337326 0.9969594478607178 0.06083186715841293 0.0734843760728836 -0.07349591702222824 -0.0643155425786972 0.9952194690704346 0.036908108741045
1403636585.7135556 0.9972307085990906 0.03801272064447403 0.06392261385917664 0.018108950927853584 -0.04285627231001854 0.9961717128753662 0.0761919841170311 0.08819331973791122 -0.06078164651989937 -0.07872045040130615 0.9950420260429382 0.033052101731300354
1403636585.7635555 0.9979642629623413 0.031102266162633896 0.05567596107721329 0.01821766421198845 -0.036146149039268494 0.9951019883155823 0.09200818836688995 0.09930288046598434 -0.05254159867763519 -0.09383336454629898 0.9942004680633545 0.029616354033350945
1403636585.8135555 0.9986467361450195 0.022486966103315353 0.0468919612467289 0.017336972057819366 -0.02743755467236042 0.9937986135482788 0.10775654762983322 0.10728209465742111 -0.04417803883552551 -0.10889734327793121 0.9930707812309265 0.025609761476516724
1403636585.8635557 0.9991193413734436 0.014940634369850159 0.03920678794384003 0.01695270836353302 -0.019805092364549637 0.9917334914207458 0.12677721679210663 0.11105330288410187 -0.03698854520916939 -0.12744209170341492 0.9911560416221619 0.021166279911994934
1403636585.9135554 0.9993960857391357 0.00815480574965477 0.03377382457256317 0.01643579825758934 -0.01299036294221878 0.9892679452896118 0.14553405344486237 0.11338422447443008 -0.03222455829381943 -0.1458849012851715 0.9887766242027283 0.016103647649288177
1403636585.9635556 0.9994019865989685 0.003385113552212715 0.03441115468740463 0.016041558235883713 -0.009064567275345325 0.9860398173332214 0.16626274585723877 0.11468261480331421 -0.03336794674396515 -0.16647526621818542 0.9854808449745178 0.012111790478229523
1403636586.0135555 0.9991786479949951 -0.002314114011824131 0.04045529291033745 0.015938738361001015 -0.0054350304417312145 0.9816933274269104 0.190390944480896 0.11461199074983597 -0.04015527293086052 -0.19045445322990417 0.9808744192123413 0.0092157032340765
1403636586.0635555 0.9985109567642212 -0.004647165071219206 0.054350096732378006 0.015794411301612854 -0.007157917134463787 0.9765864014625549 0.21500630676746368 0.11449962109327316 -0.054076746106147766 -0.21507522463798523 0.9750990271568298 0.005887707695364952
1403636586.1135554 0.9977320432662964 -0.010442791506648064 0.06649341434240341 0.014796609990298748 -0.005575587972998619 0.9716731905937195 0.23626282811164856 0.11353541165590286 -0.06707711517810822 -0.2360977679491043 0.9694113731384277 0.003116801381111145
1403636586.1635556 0.9969519972801208 -0.017272794619202614 0.07607923448085785 0.012973083183169365 -0.0026639606803655624 0.96707683801651 0.25447094440460205 0.11196883767843246 -0.07796989381313324 -0.253898024559021 0.9640830755233765 3.2996758818626404e-05
1403636586.2135556 0.9965208768844604 -0.02250254526734352 0.08024565875530243 0.010346025228500366 -0.00016521569341421127 0.9623234868049622 0.27190718054771423 0.11015014350414276 -0.08334088325500488 -0.27097445726394653 0.9589718580245972 -0.00410083681344986
1403636586.2635555 0.9963294267654419 -0.02671552449464798 0.08132392913103104 0.00783364474773407 0.0019723880104720592 0.9569624662399292 0.2902049124240875 0.10960222780704498 -0.08557692915201187 -0.28897935152053833 0.9535026550292969 -0.008510658517479897
1403636586.3135555 0.996049165725708 -0.0331832617521286 0.08236820250749588 0.006042103283107281 0.0060729351826012135 0.9508402347564697 0.3096223473548889 0.10876874625682831 -0.08859328925609589 -0.3078988790512085 0.9472852349281311 -0.012862903997302055
1403636586.3635557 0.9957990646362305 -0.03828136622905731 0.08317625522613525 0.004902957007288933 0.00877361185848713 0.9441196322441101 0.32948631048202515 0.10917685180902481 -0.09114152193069458 -0.3273724317550659 0.9404893517494202 -0.018634412437677383
1403636586.4135554 0.9955586194992065 -0.04571935907006264 0.08229481428861618 0.0046066343784332275 0.014142326079308987 0.9368683695793152 0.349396288394928 0.10918594896793365 -0.09307357668876648 -0.3466806411743164 0.9333539605140686 -0.024631161242723465
1403636586.4635556 0.9955442547798157 -0.047308217734098434 0.08156838268041611 0.005020725075155497 0.014080752618610859 0.9299236536026001 0.3674831688404083 0.11007871478796005 -0.09323733299970627 -0.36469727754592896 0.9264463186264038 -0.03135903552174568
1403636586.5135555 0.995594322681427 -0.046826187521219254 0.08123406767845154 0.0062471479177474976 0.01216023787856102 0.9235342741012573 0.3833233118057251 0.11057396233081818 -0.09297201037406921 -0.38064682483673096 0.9200348854064941 -0.03694196790456772
1403636586.5635555 0.9959015250205994 -0.04625535383820534 0.07772034406661987 0.00878086406737566 0.011743208393454552 0.9181835055351257 0.39598149061203003 0.11001762747764587 -0.08967780321836472 -0.3934459388256073 0.9149635434150696 -0.042086709290742874
1403636586.6135554 0.9961839318275452 -0.04516751319169998 0.07468223571777344 0.011906418018043041 0.011235206387937069 0.9149218797683716 0.40347474813461304 0.10831976681947708 -0.08655235171318054 -0.40109607577323914 0.9119378924369812 -0.045753203332424164
1403636586.6635556 0.9961410164833069 -0.04645615071058273 0.07446316629648209 0.01620747335255146 0.01244431547820568 0.914614737033844 0.4041351079940796 0.10620585829019547 -0.0868796780705452 -0.40164893865585327 0.9116633534431458 -0.04787718504667282
1403636586.7135556 0.9962852001190186 -0.0457775741815567 0.07293938845396042 0.0208112895488739 0.012847509235143661 0.9165370464324951 0.39974361658096313 0.10411767661571503 -0.08515093475580215 -0.3973216116428375 0.9137203693389893 -0.04873231425881386
1403636586.7635555 0.9965481162071228 -0.04667632654309273 0.06865134835243225 0.024711603298783302 0.01600782945752144 0.9194878935813904 0.39279255270957947 0.10219466686248779 -0.08145821839570999 -0.3903377950191498 0.9170610904693604 -0.04849667847156525
1403636586.8135555 0.9968456029891968 -0.046352095901966095 0.06442205607891083 0.02980613522231579 0.01804518699645996 0.9228388667106628 0.3847634196281433 0.10036521404981613 -0.0772857666015625 -0.38238725066185 0.9207643270492554 -0.04730093851685524
1403636586.8635557 0.9970488548278809 -0.04387102276086807 0.06299936771392822 0.03320803493261337 0.016870925202965736 0.9257810711860657 0.3776835799217224 0.09973926097154617 -0.07489298284053802 -0.3755061626434326 0.9237890839576721 -0.045751310884952545
1403636586.9135554 0.9974093437194824 -0.03857887163758278 0.06071280315518379 0.03509267419576645 0.013233819976449013 0.9280235767364502 0.37228652834892273 0.09971480816602707 -0.07070531696081161 -0.37051868438720703 0.9261299967765808 -0.04337019845843315
1403636586.9635556 0.9977571964263916 -0.035371966660022736 0.056825634092092514 0.03617206960916519 0.012002456933259964 0.9297503232955933 0.36799517273902893 0.09916668385267258 -0.06585034728050232 -0.3664878308773041 0.9280897378921509 -0.041201066225767136
1403636587.0135555 0.9981736540794373 -0.029003994539380074 0.05299166217446327 0.03725329041481018 0.00762526597827673 0.9306791424751282 0.365757018327713 0.0986848697066307 -0.05992666259407997 -0.36468496918678284 0.9292005300521851 -0.038863811641931534
1403636587.0635555 0.9983698129653931 -0.025920024141669273 0.05085188150405884 0.037928927689790726 0.005448010750114918 0.9301459193229675 0.36714988946914673 0.09771629422903061 -0.0568162202835083 -0.3662743866443634 0.9287707209587097 -0.03651794418692589
1403636587.1135554 0.9985452890396118 -0.021789951249957085 0.04931998997926712 0.03929026797413826 0.0019271494820713997 0.9285431504249573 0.3712197542190552 0.09702536463737488 -0.053884610533714294 -0.37058475613594055 0.9272342920303345 -0.0338708870112896
1403636587.1635556 0.9986562132835388 -0.018586328253149986 0.0483737550675869 0.04249501973390579 -0.0009467452764511108 0.9267688393592834 0.3756312131881714 0.09642402827739716 -0.05181289464235306 -0.37517237663269043 0.9255058765411377 -0.03151056542992592
1403636587.2135556 0.9987289309501648 -0.017869053408503532 0.047130029648542404 0.04624144360423088 -0.001294589601457119 0.9256469011306763 0.378386527299881 0.09550193697214127 -0.0503871850669384 -0.37796667218208313 0.9244471192359924 -0.0289183109998703
1403636587.2635555 0.9987004995346069 -0.01908000372350216 0.047257594764232635 0.05224279686808586 -0.00029532890766859055 0.9250923991203308 0.37974226474761963 0.09532101452350616 -0.0509631410241127 -0.3792627453804016 0.9238845109939575 -0.02592630684375763
1403636587.3135555 0.9986061453819275 -0.02158818207681179 0.048162683844566345 0.05974758416414261 0.00159390177577734 0.9244422316551208 0.3813188672065735 0.09405849874019623 -0.05275562033057213 -0.3807106912136078 0.9231881499290466 -0.022797463461756706
