0.1033914 0.9999985694885254 0.0008482001721858978 0.0014435690827667713 -0.0003890471125487238 -0.0008414447074756026 0.9999887347221375 -0.004673869349062443 -0.00014681395259685814 -0.0014475170755758882 0.004672648385167122 0.9999879598617554 0.06836037337779999
0.2071056 0.9999963045120239 -0.0013538460480049253 0.002349613234400749 -0.0003453542594797909 0.0013665052829310298 0.9999845027923584 -0.005394620820879936 -9.361986303701997e-05 -0.0023422737140208483 0.0053978124633431435 0.9999827146530151 0.13672670722007751
0.3102615 0.9999924302101135 -0.0030967507045716047 0.0023316431324929 -0.0001830503751989454 0.0030997199937701225 0.9999943971633911 -0.0012710833689197898 -0.00021522652241401374 -0.0023276936262845993 0.0012783013517037034 0.9999964237213135 0.20527182519435883
0.4136209 0.9999837875366211 -0.005440901033580303 0.001692523481324315 -0.0001348002115264535 0.005432749632745981 0.9999737739562988 0.004783915355801582 -0.0002880684332922101 -0.0017185080796480179 -0.004774643108248711 0.9999870657920837 0.2736130356788635
0.5179293 0.9999592304229736 -0.009015575982630253 0.00044450824498198926 -0.00011402821110095829 0.009013403207063675 0.9999485015869141 0.0046692658215761185 7.762911263853312e-05 -0.0004865814989898354 -0.004665069282054901 0.9999889135360718 0.34129199385643005
0.6203887 0.9999329447746277 -0.01156805269420147 -0.0005205078632570803 -0.00010011526319431141 0.011568978428840637 0.9999314546585083 0.0018127619987353683 0.00022608821745961905 0.00049950199900195 -0.0018186622764915228 0.9999982118606567 0.4082815945148468
0.7242193 0.9999237656593323 -0.012309886515140533 -0.0009699154761619866 -0.0007651010528206825 0.012308032251894474 0.9999224543571472 -0.0018956913845613599 0.0006013867678120732 0.0009931758977472782 0.0018836086383089423 0.9999976754188538 0.4754643738269806
0.8272107 0.9999285340309143 -0.01180797815322876 -0.0018511087400838733 -0.0009314872440882027 0.011803845874965191 0.9999278783798218 -0.0022278064861893654 0.00042051379568874836 0.001877280999906361 0.0022057972382754087 0.9999958276748657 0.5418173670768738
0.930557 0.999930739402771 -0.011588816531002522 -0.0020687237847596407 -0.002096539828926325 0.011588417924940586 0.9999328851699829 -0.00020483927801251411 0.0002820387599058449 0.002070958726108074 0.00018085166811943054 0.9999978542327881 0.6093721985816956
1.03407 0.9999338984489441 -0.010990957729518414 -0.0033840984106063843 -0.002029110910370946 0.010999227873980999 0.9999365210533142 0.0024352080654352903 0.000587472110055387 0.003357118694111705 -0.0024722700472921133 0.9999912977218628 0.674493134021759
1.137438 0.9999284148216248 -0.011234771460294724 -0.00411751214414835 -0.002583813387900591 0.011250464245676994 0.9999294281005859 0.003808429231867194 0.0007961830124258995 0.004074434749782085 -0.0038544805720448494 0.9999842643737793 0.7412834167480469
1.244258 0.9999091625213623 -0.012468707747757435 -0.005119281820952892 -0.0026067164726555347 0.012492639943957329 0.9999111890792847 0.0046702842228114605 0.0008141528815031052 0.005060594063252211 -0.004733814392238855 0.9999759793281555 0.8066153526306152
1.344229 0.9998955130577087 -0.013135824352502823 -0.006033239420503378 -0.0031937675084918737 0.013165485113859177 0.9999013543128967 0.004903090186417103 0.0006994083523750305 0.005968238227069378 -0.004982008598744869 0.9999697804450989 0.8724227547645569
1.447568 0.9998939037322998 -0.012927102856338024 -0.006701929960399866 -0.003936578519642353 0.01295126136392355 0.9999096989631653 0.003574258415028453 0.0009816775564104319 0.006655118893831968 -0.0036606776993721724 0.9999711513519287 0.9374178051948547
1.551083 0.9998900890350342 -0.013055844232439995 -0.00701925391331315 -0.005722133908420801 0.013068756088614464 0.9999129772186279 0.0017971351044252515 0.0010690840426832438 0.00699517922475934 -0.001888670609332621 0.9999737739562988 1.0034449100494385
1.654521 0.9998401999473572 -0.014795961789786816 -0.010024587623775005 -0.004996460862457752 0.014800788834691048 0.9998903870582581 0.0004076372133567929 0.0013075608294457197 0.01001745741814375 -0.0005559436976909637 0.9999496340751648 1.067747712135315
1.757843 0.9998230934143066 -0.014650020748376846 -0.011793144978582859 -0.005574215203523636 0.01464783400297165 0.9998926520347595 -0.0002716689195949584 0.0013002303894609213 0.011795861646533012 9.887677151709795e-05 0.9999303817749023 1.1331933736801147
1.861353 0.9998295307159424 -0.013233363628387451 -0.012873999774456024 -0.007801975589245558 0.013223890215158463 0.9999121427536011 -0.0008206317434087396 0.0009684746619313955 0.012883729301393032 0.000650247442536056 0.9999167919158936 1.1966915130615234
1.964724 0.9998252987861633 -0.011907205916941166 -0.014405579306185246 -0.009035195223987103 0.011897249147295952 0.9999288320541382 -0.0007766787894070148 0.0011263425694778562 0.01441380474716425 0.0006051563541404903 0.9998959302902222 1.260840892791748
2.068236 0.9997928142547607 -0.012298189103603363 -0.016221508383750916 -0.010015932843089104 0.0123034892603755 0.9999243021011353 0.00022698451357427984 0.0008933866629377007 0.016217488795518875 -0.0004265186144039035 0.9998683929443359 1.324440598487854
2.17162 0.9997774958610535 -0.011338137090206146 -0.017791153863072395 -0.011366081424057484 0.01136526558548212 0.9999343752861023 0.0014243688201531768 0.0009165981318801641 0.017773836851119995 -0.0016262528952211142 0.9998406767845154 1.3876076936721802
2.275131 0.999752938747406 -0.01151197962462902 -0.019019631668925285 -0.012973207980394363 0.011551388539373875 0.9999313354492188 0.001963298534974456 0.0011548618786036968 0.018995722755789757 -0.0021825162693858147 0.9998171925544739 1.452358603477478
2.378626 0.9997227787971497 -0.012205967679619789 -0.02013612538576126 -0.014709405601024628 0.012241923250257969 0.9999237060546875 0.001663255039602518 0.0013236007653176785 0.02011428400874138 -0.0019092984730377793 0.9997959733009338 1.5157827138900757
2.48201 0.9996734261512756 -0.012630793265998363 -0.022212963551282883 -0.015762021765112877 0.012669932097196579 0.9999184012413025 0.001622190698981285 0.0012434861855581403 0.02219066023826599 -0.001903098076581955 0.9997519254684448 1.5782415866851807
2.585514 0.9996618032455444 -0.012515566311776638 -0.02279464527964592 -0.018422748893499374 0.01256687380373478 0.9999187588691711 0.002108987420797348 0.0012590985279530287 0.022766398265957832 -0.0023947316221892834 0.9997379183769226 1.6397887468338013
2.689023 0.9996222257614136 -0.012524187564849854 -0.024465756490826607 -0.01942920871078968 0.012621954083442688 0.9999129176139832 0.0038457904011011124 0.0017294571734964848 0.024415461346507072 -0.004153143148869276 0.9996932744979858 1.702599287033081
2.793694 0.999570906162262 -0.014265542849898338 -0.02558596059679985 -0.020857784897089005 0.014437233097851276 0.9998742938041687 0.006538174115121365 0.002062133513391018 0.025489475578069687 -0.006904758978635073 0.9996512532234192 1.7642202377319336
2.896139 0.9995665550231934 -0.01357267051935196 -0.02612384408712387 -0.022628197446465492 0.01379140093922615 0.9998711347579956 0.008211066946387291 0.0021691443398594856 0.026009030640125275 -0.008567791432142258 0.9996249675750732 1.825212836265564
2.999556 0.9995705485343933 -0.012893537990748882 -0.02631763182580471 -0.025292448699474335 0.013083874247968197 0.9998893141746521 0.007072927430272102 0.002315591089427471 0.026223527267575264 -0.007414225488901138 0.9996286034584045 1.8848469257354736
3.103545 0.999555766582489 -0.011293066665530205 -0.027581000700592995 -0.026385990902781487 0.01141830813139677 0.9999251961708069 0.0043875714763998985 0.002783306408673525 0.027529388666152954 -0.004700550809502602 0.9996099472045898 1.9431322813034058
3.206573 0.9995682239532471 -0.01028417143970728 -0.027521496638655663 -0.02910776250064373 0.01036109495908022 0.9999428391456604 0.0026539270766079426 0.0031647593714296818 0.02749262936413288 -0.002937933662906289 0.9996176958084106 2.0019280910491943
3.310078 0.9995152950286865 -0.010204742662608624 -0.02941100299358368 -0.030153023079037666 0.010281819850206375 0.9999440908432007 0.002470585750415921 0.00308796763420105 0.029384149238467216 -0.0027717873454093933 0.9995642900466919 2.0583078861236572
3.413963 0.9994787573814392 -0.010028917342424393 -0.03068832866847515 -0.032087184488773346 0.010103513486683369 0.9999464154243469 0.0022766771726310253 0.0031267330050468445 0.030663851648569107 -0.0025855503045022488 0.99952632188797 2.1146397590637207
3.517076 0.9994170069694519 -0.010046977549791336 -0.03263390436768532 -0.0341942198574543 0.010091238655149937 0.9999483823776245 0.0011918983655050397 0.003054320579394698 0.032620254904031754 -0.0015205199597403407 0.9994666576385498 2.170457363128662
3.620721 0.9993521571159363 -0.00969626009464264 -0.03465899080038071 -0.036599040031433105 0.00974831823259592 0.9999516606330872 0.001333333901129663 0.002941895043477416 0.034644387662410736 -0.0016703371657058597 0.9993983507156372 2.225660800933838
3.724674 0.9992695450782776 -0.009807250462472439 -0.03693436458706856 -0.03852177411317825 0.009894827380776405 0.9999486207962036 0.0021891058422625065 0.0034420909360051155 0.03691098839044571 -0.0025529658887535334 0.9993153214454651 2.281222343444824
3.827725 0.999196469783783 -0.009769334457814693 -0.03886939212679863 -0.040561508387327194 0.009939990937709808 0.9999417662620544 0.004199681803584099 0.0038283811882138252 0.03882608935236931 -0.004582669585943222 0.9992355108261108 2.3362514972686768
3.931241 0.9991263151168823 -0.00905310083180666 -0.04080050438642502 -0.04353523626923561 0.009294796735048294 0.9999402761459351 0.005738061852753162 0.0040930649265646935 0.04074612632393837 -0.006112282630056143 0.999150812625885 2.3890674114227295
4.034871 0.9990647435188293 -0.007426820695400238 -0.042597003281116486 -0.046185899525880814 0.007684567477554083 0.9999530911445618 0.005890266504138708 0.004331665113568306 0.04255127161741257 -0.006212098058313131 0.9990749955177307 2.4419167041778564
4.142151 0.9989927411079407 -0.005450612399727106 -0.044538144022226334 -0.04922445863485336 0.005686008371412754 0.9999704957008362 0.0051602995954453945 0.004554961808025837 0.04450870677828789 -0.0054083471186459064 0.9989942908287048 2.493304967880249
4.243437 0.9989305734634399 -0.003734386758878827 -0.04608353227376938 -0.05244019627571106 0.00395453255623579 0.999981164932251 0.004686851520091295 0.004500441253185272 0.04606516659259796 -0.004864077549427748 0.99892657995224 2.5441131591796875
4.345966 0.998846173286438 -0.0030847564339637756 -0.047925516963005066 -0.05467383563518524 0.003358864225447178 0.9999784827232361 0.005639970768243074 0.005039080046117306 0.047907084226608276 -0.0057944380678236485 0.9988350868225098 2.5939419269561768
4.449183 0.9988047480583191 -0.0018661406356841326 -0.04884353652596474 -0.057659365236759186 0.0022142035886645317 0.9999725818634033 0.0070729441940784454 0.006042519584298134 0.04882899299263954 -0.007172639016062021 0.9987813830375671 2.643911838531494
4.552519 0.998788595199585 0.0008967764442786574 -0.049198660999536514 -0.06013770401477814 -0.0005066334269940853 0.9999683499336243 0.007941849529743195 0.005705995485186577 0.04920422285795212 -0.007907303981482983 0.9987573623657227 2.6929714679718018
4.656235 0.9988246560096741 0.00420339172706008 -0.048288341611623764 -0.06327559798955917 -0.003933324012905359 0.9999760389328003 0.0056864675134420395 0.006188269704580307 0.04831108823418617 -0.005489848554134369 0.9988172054290771 2.7410225868225098
4.760815 0.9989196062088013 0.0054743848741054535 -0.046146634966135025 -0.06605096906423569 -0.005340456962585449 0.999981164932251 0.0030250216368585825 0.0055431402288377285 0.046162329614162445 -0.002775309607386589 0.9989300966262817 2.786370277404785
4.863788 0.9990096092224121 0.006178554147481918 -0.04406369850039482 -0.06805285066366196 -0.006136251613497734 0.9999805688858032 0.0010952274315059185 0.005792651325464249 0.04406960681080818 -0.0008237567963078618 0.9990281462669373 2.8324341773986816
4.966824 0.9991393685340881 0.007333523128181696 -0.04082449525594711 -0.07026681303977966 -0.007256160490214825 0.9999715685844421 0.0020428518764674664 0.00598234124481678 0.04083831608295441 -0.0017448649741709232 0.999164342880249 2.8785274028778076
5.073257 0.9992055296897888 0.011387615464627743 -0.03819191828370094 -0.07208676636219025 -0.011229130439460278 0.9999274611473083 0.004361668135970831 0.006647313479334116 0.03823881968855858 -0.003929341211915016 0.9992609024047852 2.9247078895568848
5.174268 0.9992968440055847 0.016513945534825325 -0.0336608812212944 -0.07500039786100388 -0.01624106429517269 0.9998330473899841 0.008364352397620678 0.005957435816526413 0.03379338979721069 -0.007811784744262695 0.9993982911109924 2.9685535430908203
5.277498 0.9993455410003662 0.021333640441298485 -0.02921200729906559 -0.07730719447135925 -0.02106887847185135 0.9997344017028809 0.009341510012745857 0.006098831072449684 0.029403531923890114 -0.008719934150576591 0.9995296597480774 3.0118815898895264
5.381142 0.9994022250175476 0.024714414030313492 -0.024173660203814507 -0.07811447978019714 -0.024495476856827736 0.9996564984321594 0.009311392903327942 0.006958385929465294 0.02439548447728157 -0.008713680319488049 0.9996644258499146 3.0538034439086914
5.484644 0.999422550201416 0.028756197541952133 -0.01809774897992611 -0.07934944331645966 -0.028555653989315033 0.9995289444923401 0.01124359667301178 0.007443679496645927 0.018412549048662186 -0.010720312595367432 0.9997729659080505 3.094874858856201
5.588095 0.9993659853935242 0.03356769680976868 -0.011864541098475456 -0.07976526021957397 -0.03341371938586235 0.9993577003479004 0.01294601522386074 0.007162660360336304 0.01229148544371128 -0.012541367672383785 0.9998458027839661 3.133928060531616
5.691619 0.999303936958313 0.03699413686990738 -0.004797997418791056 -0.08033839613199234 -0.036932073533535004 0.9992403984069824 0.01243552751839161 0.007328931242227554 0.0052543943747878075 -0.01224966999143362 0.9999111890792847 3.1728084087371826
5.795223 0.9991863965988159 0.04025398567318916 0.0024731196463108063 -0.08067499846220016 -0.04028156027197838 0.9991120100021362 0.01234967727214098 0.007780790328979492 -0.0019738003611564636 -0.012439250014722347 0.999920666217804 3.209747076034546
5.898736 0.998943030834198 0.04478975385427475 0.01033221185207367 -0.08107651770114899 -0.044912535697221756 0.9989191293716431 0.011974812485277653 0.00782785750925541 -0.009784692898392677 -0.01242619939148426 0.9998748898506165 3.244112968444824
6.002373 0.9986503720283508 0.04883161187171936 0.01769016683101654 -0.08064499497413635 -0.048995088785886765 0.9987590312957764 0.008928260765969753 0.008273564279079437 -0.01723223179578781 -0.0097829420119524 0.9998036026954651 3.2777204513549805
6.10587 0.9983619451522827 0.05099094286561012 0.02594807557761669 -0.08030519634485245 -0.05117005854845047 0.9986702799797058 0.0062858592718839645 0.007914161309599876 -0.025593044236302376 -0.0076033272780478 0.9996435046195984 3.309157371520996
6.209506 0.9980947375297546 0.05149177461862564 0.033992547541856766 -0.07943400740623474 -0.05171607807278633 0.9986453056335449 0.005751802586019039 0.008446499705314636 -0.03365032747387886 -0.007498804945498705 0.9994055032730103 3.33980131149292
6.313021 0.9978418946266174 0.05102138593792915 0.04132981598377228 -0.0767899751663208 -0.05136377736926079 0.9986535906791687 0.007264673709869385 0.008372750133275986 -0.040903519839048386 -0.00937185250222683 0.9991191625595093 3.36822772026062
6.416516 0.9973628520965576 0.05267828702926636 0.049923546612262726 -0.07627211511135101 -0.05315425992012024 0.998552143573761 0.008253988809883595 0.008177448064088821 -0.04941646009683609 -0.010885869152843952 0.9987189173698425 3.3961644172668457
6.524037 0.9966934323310852 0.05583746358752251 0.05902870371937752 -0.0755508691072464 -0.05641469359397888 0.9983741044998169 0.008156854659318924 0.008506769314408302 -0.05847726762294769 -0.011459971778094769 0.9982229471206665 3.4217491149902344
6.623722 0.9958730936050415 0.06073761358857155 0.06743723899126053 -0.0734812319278717 -0.06137823686003685 0.9980866312980652 0.007466612383723259 0.008834118023514748 -0.06685471534729004 -0.01157497800886631 0.9976955056190491 3.445286273956299
6.727294 0.9949980974197388 0.06422042101621628 0.07651510834693909 -0.07243669033050537 -0.06499795615673065 0.9978556036949158 0.007712416350841522 0.008374929428100586 -0.07585571706295013 -0.012647165916860104 0.9970386028289795 3.4662058353424072
6.830809 0.9943289756774902 0.06323903799057007 0.08550171554088593 -0.06968459486961365 -0.06415973603725433 0.9979071021080017 0.0080606359988451 0.008515605702996254 -0.08481301367282867 -0.013500692322850227 0.9963054656982422 3.486483097076416
6.934429 0.993419349193573 0.06254733353853226 0.09594699740409851 -0.0667257010936737 -0.0634743720293045 0.9979614019393921 0.0066373590379953384 0.008112156763672829 -0.09533625096082687 -0.012683853507041931 0.9953643083572388 3.5054688453674316
7.038067 0.9922570586204529 0.06104051694273949 0.10816773772239685 -0.06486189365386963 -0.06163943186402321 0.9980960488319397 0.0021988796070218086 0.007736704777926207 -0.1078275814652443 -0.008849251084029675 0.9941302537918091 3.5239012241363525
7.141701 0.9907366037368774 0.06178002804517746 0.12093041837215424 -0.0609591007232666 -0.06197252869606018 0.9980754852294922 -0.002172111300751567 0.008350725285708904 -0.12083186954259872 -0.005342373624444008 0.9926586747169495 3.5422558784484863
7.24533 0.9885028004646301 0.06379315257072449 0.13708707690238953 -0.05948430299758911 -0.06378772854804993 0.9979535937309265 -0.004437165800482035 0.008615711703896523 -0.13708962500095367 -0.00435832142829895 0.9905490875244141 3.5612945556640625
7.3533 0.9860960245132446 0.0655587911605835 0.15269795060157776 -0.05532956123352051 -0.06553472578525543 0.9978367686271667 -0.005196148529648781 0.007478153333067894 -0.1527082920074463 -0.004883117042481899 0.9882591962814331 3.578601360321045
7.452592 0.983298122882843 0.06570804119110107 0.16972693800926208 -0.05181884765625 -0.06543728709220886 0.9978308081626892 -0.007194700185209513 0.00860242173075676 -0.1698315143585205 -0.004031937103718519 0.985464870929718 3.59900164604187
7.55658 0.9800513386726379 0.064960777759552 0.18782836198806763 -0.04725205898284912 -0.06457041949033737 0.9978794455528259 -0.008202672936022282 0.008127806708216667 -0.18796291947364807 -0.0040891170501708984 0.9821676015853882 3.6157755851745605
7.663357 0.9763553738594055 0.06337200850248337 0.20667380094528198 -0.042153358459472656 -0.06296609342098236 0.9979791045188904 -0.008548004552721977 0.007847487926483154 -0.20679780840873718 -0.004667551256716251 0.9783726334571838 3.631834030151367
7.763356 0.9717027544975281 0.06439425051212311 0.227260023355484 -0.037577152252197266 -0.06388678401708603 0.9979110360145569 -0.009595969691872597 0.007308922708034515 -0.2274032086133957 -0.005194479133933783 0.9737868309020996 3.64900541305542
7.866988 0.966479480266571 0.06646083295345306 0.24799254536628723 -0.031881630420684814 -0.06553247570991516 0.9977782964706421 -0.012005925178527832 0.00728970393538475 -0.24823950231075287 -0.004648085217922926 0.9686875343322754 3.6667709350585938
7.970621 0.9602391719818115 0.06804647296667099 0.2707585394382477 -0.02595609426498413 -0.06668560206890106 0.9976725578308105 -0.014233885332942009 0.007154330611228943 -0.2710968852043152 -0.00438776146620512 0.9625420570373535 3.6840717792510986
8.07425 0.9529889225959778 0.06903043389320374 0.29503703117370605 -0.019442081451416016 -0.06752432882785797 0.997600257396698 -0.01530265249311924 0.006593715399503708 -0.2953854203224182 -0.005338914226740599 0.9553632736206055 3.700862169265747
8.177962 0.9444800019264221 0.07207644730806351 0.3205658495426178 -0.012840509414672852 -0.0706118568778038 0.9973722100257874 -0.016207454726099968 0.006098002195358276 -0.3208916187286377 -0.0073281265795230865 0.9470875859260559 3.7168221473693848
8.283921 0.9347532391548157 0.07367028295993805 0.34757593274116516 -0.0049343109130859375 -0.0721433162689209 0.997243344783783 -0.017351608723402023 0.005648437887430191 -0.3478960692882538 -0.008855803869664669 0.9374912977218628 3.7342653274536133
8.385961 0.9235371351242065 0.07467983663082123 0.37616750597953796 0.0036706924438476562 -0.07301521301269531 0.997155487537384 -0.018702199682593346 0.004967778921127319 -0.3764941096305847 -0.010193763300776482 0.926362931728363 3.7514195442199707
8.488779 0.9108840823173523 0.07319477945566177 0.40611889958381653 0.012597799301147461 -0.07080136239528656 0.9972705841064453 -0.020937591791152954 0.004419654607772827 -0.40654298663139343 -0.009682056494057178 0.9135803580284119 3.7677159309387207
8.593446 0.8961450457572937 0.07014121860265732 0.43818289041519165 0.023322582244873047 -0.06645620614290237 0.9975062608718872 -0.023761581629514694 0.0038756057620048523 -0.4387569725513458 -0.007826147601008415 0.8985716700553894 3.7839694023132324
8.696029 0.8788487911224365 0.06943438202142715 0.47202080488204956 0.03506600856781006 -0.06374392658472061 0.9975717067718506 -0.02805914729833603 0.003397226333618164 -0.4728229343891144 -0.00542871281504631 0.8811407685279846 3.8003320693969727
8.799662 0.8593392968177795 0.07158834487199783 0.506370484828949 0.04646861553192139 -0.06348088383674622 0.9974279999732971 -0.033281110227108 0.0026522427797317505 -0.5074505805969238 -0.0035450891591608524 0.8616735935211182 3.8157413005828857
8.903911 0.8377549052238464 0.07328256964683533 0.541106641292572 0.0591810941696167 -0.06277608871459961 0.9973087310791016 -0.037874918431043625 0.002120479941368103 -0.5424259305000305 -0.002238661050796509 0.8401006460189819 3.8319921493530273
9.008027 0.8132007718086243 0.0761604756116867 0.5769783854484558 0.07354819774627686 -0.06384401023387909 0.9970911145210266 -0.04163230210542679 0.001378387212753296 -0.5784706473350525 -0.0029812008142471313 0.8156977295875549 3.8491032123565674
9.11058 0.7858917117118835 0.08015598356723785 0.6131469011306763 0.08824813365936279 -0.06689174473285675 0.9967643022537231 -0.044568341225385666 0.0002446174621582031 -0.6147354245185852 -0.00598857831209898 0.7887105941772461 3.865189552307129
9.214197 0.7560308575630188 0.08468838781118393 0.6490340232849121 0.10581827163696289 -0.07061731070280075 0.9963599443435669 -0.04774982109665871 -0.0004145801067352295 -0.6507152915000916 -0.009732690639793873 0.7592594027519226 3.882838726043701
9.317832 0.7231054902076721 0.08608470112085342 0.6853523850440979 0.12424874305725098 -0.07050181180238724 0.996220052242279 -0.05074624344706535 -0.0011644363403320312 -0.6871302127838135 -0.011623695492744446 0.7264413833618164 3.8991150856018066
9.421456 0.6864470839500427 0.08339409530162811 0.7223820090293884 0.1443544626235962 -0.06682091951370239 0.9964331984519958 -0.05153453350067139 -0.002916678786277771 -0.7241030931472778 -0.012894493527710438 0.6895711421966553 3.916139602661133
9.525112 0.64787358045578 0.08112164586782455 0.7574161291122437 0.16768372058868408 -0.06333859264850616 0.9966070055961609 -0.05256161093711853 -0.0053453147411346436 -0.7591100931167603 -0.013920389115810394 0.6508135795593262 3.932176113128662
9.630085 0.6053653955459595 0.08156237006187439 0.7917577028274536 0.19251179695129395 -0.06186157464981079 0.9965482354164124 -0.0553603395819664 -0.005961522459983826 -0.7935399413108826 -0.015466137789189816 0.6083214282989502 3.9491639137268066
9.732384 0.5594373345375061 0.08065503090620041 0.8249391913414001 0.21877026557922363 -0.05764547362923622 0.9966304898262024 -0.058348845690488815 -0.007779285311698914 -0.8268656134605408 -0.014911489561200142 0.562201738357544 3.9643540382385254
9.836009 0.5111324787139893 0.08041016757488251 0.855732262134552 0.24719321727752686 -0.05504151061177254 0.9966328740119934 -0.0607735738158226 -0.008730649948120117 -0.8577377796173096 -0.01603744924068451 0.5138372182846069 3.97965145111084
9.939685 0.46285945177078247 0.07831871509552002 0.8829649686813354 0.2768603563308716 -0.053116872906684875 0.9967498183250427 -0.060566965490579605 -0.010869018733501434 -0.8848388195037842 -0.018866347149014473 0.4655151665210724 3.9923863410949707
10.0439 0.41310447454452515 0.07699735462665558 0.9074227213859558 0.3098050355911255 -0.05353176221251488 0.9967494010925293 -0.06020662188529968 -0.01226244866847992 -0.9091089367866516 -0.023704318329691887 0.41588348150253296 4.005032062530518
10.14677 0.3624972701072693 0.07637769728899002 0.9288498759269714 0.3427165746688843 -0.05549066513776779 0.9966369271278381 -0.06029566004872322 -0.013378620147705078 -0.9303314685821533 -0.02968548610806465 0.36551642417907715 4.017489910125732
10.25036 0.3141407370567322 0.0764382854104042 0.9462941884994507 0.37683773040771484 -0.05373876541852951 0.9965871572494507 -0.06266111880540848 -0.015931323170661926 -0.9478542804718018 -0.03116827830672264 0.3171762526035309 4.025948524475098
10.35367 0.26713234186172485 0.07314446568489075 0.9608798623085022 0.41309261322021484 -0.04205198585987091 0.9970502257347107 -0.0642070397734642 -0.017754249274730682 -0.9627418518066406 -0.023255132138729095 0.26942023634910583 4.033160209655762
10.45717 0.2235054075717926 0.06761469691991806 0.9723546504974365 0.4518864154815674 -0.02877160534262657 0.9976140260696411 -0.0627577155828476 -0.020003177225589752 -0.9742779731750488 -0.013949508778750896 0.22491754591464996 4.0387725830078125
10.56299 0.1811511367559433 0.06641048938035965 0.9812104105949402 0.48909711837768555 -0.019761789590120316 0.9977617859840393 -0.06388227641582489 -0.02219550311565399 -0.9832566976547241 -0.007818125188350677 0.18205806612968445 4.042810916900635
10.66453 0.14217837154865265 0.06777326762676239 0.9875181317329407 0.5281296968460083 -0.016545291990041733 0.9976766109466553 -0.06608831137418747 -0.024103868752717972 -0.9897027611732483 -0.0069424486719071865 0.14296936988830566 4.047552585601807
10.76705 0.11100690811872482 0.06807433068752289 0.9914854764938354 0.5692555904388428 -0.007134655024856329 0.9976801872253418 -0.06770085543394089 -0.027074865996837616 -0.9937939643859863 0.00044135458301752806 0.11123509705066681 4.0483832359313965
10.87022 0.0812024250626564 0.06709199398756027 0.9944369196891785 0.6132252216339111 -0.0005815433105453849 0.9977348446846008 -0.06726700812578201 -0.029569175094366074 -0.9966974258422852 0.004883937072008848 0.08105753362178802 4.051667213439941
10.97342 0.05658794939517975 0.06537052989006042 0.9962551593780518 0.6540953516960144 0.0070610931143164635 0.9978030920028687 -0.0658731535077095 -0.03193136677145958 -0.9983726143836975 0.01076227705925703 0.05600202828645706 4.052347183227539
11.0772 0.03597824275493622 0.06435582786798477 0.9972782135009766 0.7021411657333374 0.010924827307462692 0.9978393912315369 -0.06478617340326309 -0.034682776778936386 -0.9992928504943848 0.013225982896983624 0.0351974219083786 4.053802013397217
11.18019 0.019973747432231903 0.06574202328920364 0.9976367354393005 0.7462971806526184 0.01329297199845314 0.9977301955223083 -0.06601433455944061 -0.03750208392739296 -0.9997121095657349 0.01458011008799076 0.01905450038611889 4.054220199584961
11.28415 0.006741063669323921 0.06561777740716934 0.9978219866752625 0.7923942804336548 0.014504557475447655 0.9977334141731262 -0.06570993363857269 -0.040222954005002975 -0.999872088432312 0.014915923587977886 0.005774019286036491 4.054114818572998
11.3859 -0.005203258246183395 0.06626877933740616 0.9977881908416748 0.8387560844421387 0.015010897070169449 0.9976945519447327 -0.06618427485227585 -0.04311336949467659 -0.999873697757721 0.014633323065936565 -0.006186019629240036 4.054579257965088
11.48898 -0.01376261468976736 0.06962808966636658 0.9974780678749084 0.8895156383514404 0.02062484622001648 0.9973801970481873 -0.0693366751074791 -0.04531525447964668 -0.9996925592422485 0.019618583843111992 -0.015162626281380653 4.051212310791016
11.59255 -0.019713573157787323 0.07151684165000916 0.9972445368766785 0.9383440017700195 0.02460354007780552 0.9971711039543152 -0.07102519273757935 -0.04809063300490379 -0.9995028972625732 0.023135589435696602 -0.021417371928691864 4.049034118652344
11.69527 -0.025048881769180298 0.07109242677688599 0.9971551299095154 0.9875494837760925 0.025099048390984535 0.9971982836723328 -0.07046502083539963 -0.050512392073869705 -0.9993711113929749 0.02326257713139057 -0.026763059198856354 4.049063682556152
11.79949 -0.028286965563893318 0.06830628216266632 0.9972632527351379 1.0420957803726196 0.02314523048698902 0.9974398016929626 -0.06766185909509659 -0.053794730454683304 -0.9993318319320679 0.0211679395288229 -0.029795512557029724 4.046906471252441
11.90171 -0.030975138768553734 0.061180032789707184 0.997645914554596 1.094929814338684 0.020789317786693573 0.9979484677314758 -0.06055310368537903 -0.057088933885097504 -0.999303936958313 0.018864739686250687 -0.03218347951769829 4.045713901519775
12.00482 -0.031609904021024704 0.056290287524461746 0.9979139566421509 1.1485631465911865 0.022283349186182022 0.9982044100761414 -0.05560082197189331 -0.059037599712610245 -0.9992517828941345 0.02047932706773281 -0.03280748054385185 4.043437480926514
12.108 -0.03233443200588226 0.0533522367477417 0.9980521202087402 1.2042937278747559 0.02457500994205475 0.9983147978782654 -0.052570100873708725 -0.06237156689167023 -0.9991748929023743 0.02282731793820858 -0.03359106928110123 4.041096210479736
12.21119 -0.031936779618263245 0.05538599193096161 0.9979541301727295 1.25872004032135 0.027804063633084297 0.998126208782196 -0.05450574308633804 -0.06522149592638016 -0.9991031289100647 0.026006441563367844 -0.03341688960790634 4.039186000823975
12.3145 -0.030767329037189484 0.06292956322431564 0.9975435137748718 1.3136515617370605 0.028399856761097908 0.9976680874824524 -0.062061481177806854 -0.06779103726148605 -0.9991230368614197 0.026420630514621735 -0.03248276934027672 4.037016868591309
12.41765 -0.02908628061413765 0.07106665521860123 0.9970474243164062 1.3707778453826904 0.0291617251932621 0.9971051812171936 -0.07022006064653397 -0.07057306170463562 -0.9991514086723328 0.027033178135752678 -0.031074507161974907 4.0355353355407715
12.52105 -0.027067936956882477 0.07181742042303085 0.9970504641532898 1.4273724555969238 0.029908515512943268 0.9970275163650513 -0.07100381702184677 -0.07339655607938766 -0.9991860389709473 0.02789837121963501 -0.029135432094335556 4.034499645233154
12.62455 -0.025070831179618835 0.06741616874933243 0.9974098801612854 1.4862356185913086 0.029073677957057953 0.9973505735397339 -0.0666813775897026 -0.07688027620315552 -0.999262809753418 0.027326615527272224 -0.026964446529746056 4.033078670501709
12.72743 -0.021826384589076042 0.06086038425564766 0.9979076385498047 1.545203447341919 0.02926754392683506 0.9977564215660095 -0.06021102890372276 -0.08068839460611343 -0.9993332624435425 0.027892116457223892 -0.02355865016579628 4.0312724113464355
12.83073 -0.019422302022576332 0.05943732708692551 0.9980430006980896 1.6029770374298096 0.027106015011668205 0.9978957772254944 -0.05890105664730072 -0.0840192660689354 -0.9994438886642456 0.025908971205353737 -0.020992543548345566 4.030944347381592
12.93413 -0.015810946002602577 0.06494677066802979 0.997763454914093 1.6616276502609253 0.035057321190834045 0.9973106384277344 -0.06436176598072052 -0.08726702630519867 -0.9992601871490479 0.03396129608154297 -0.01804528385400772 4.028923511505127
13.03771 -0.01271682046353817 0.07026150822639465 0.9974475502967834 1.7184468507766724 0.03636867180466652 0.9969006180763245 -0.069759301841259 -0.09090149402618408 -0.9992574453353882 0.035388726741075516 -0.015232724137604237 4.028092384338379
13.14165 -0.009955300949513912 0.07090196758508682 0.9974335432052612 1.7767997980117798 0.030493296682834625 0.9970406889915466 -0.07056967914104462 -0.09418091177940369 -0.9994853138923645 0.029712500050663948 -0.012087874114513397 4.028090476989746
13.24421 -0.006650955881923437 0.0676315501332283 0.9976881742477417 1.8356846570968628 0.02633434161543846 0.9973760843276978 -0.06743482500314713 -0.09725490212440491 -0.9996310472488403 0.025824958458542824 -0.008414537645876408 4.028451919555664
13.34803 -0.0025840403977781534 0.0637616515159607 0.9979617595672607 1.8941768407821655 0.02977120131254196 0.997527539730072 -0.06365682929754257 -0.10206527262926102 -0.9995533227920532 0.02954602800309658 -0.004475913010537624 4.028783321380615
13.45277 0.0005111221689730883 0.0645168274641037 0.9979164600372314 1.952458381652832 0.03402648866176605 0.9973375201225281 -0.06449681520462036 -0.10641489923000336 -0.9994207620620728 0.03398856148123741 -0.0016855201683938503 4.029577255249023
13.55488 0.004081233870238066 0.06947463005781174 0.9975753426551819 2.0116631984710693 0.03392733260989189 0.9969996809959412 -0.06957335025072098 -0.10944978892803192 -0.9994159936904907 0.03412901237607002 0.0017119005788117647 4.02842903137207
13.65796 0.007599583826959133 0.07041791826486588 0.9974885582923889 2.070566177368164 0.030210895463824272 0.9970458745956421 -0.07061683386564255 -0.11292320489883423 -0.9995146989822388 0.030671676620841026 0.005449746735394001 4.030187606811523
13.76127 0.01156479399651289 0.06989055871963501 0.9974875450134277 2.129162311553955 0.029438380151987076 0.9970981478691101 -0.07020456343889236 -0.1166825145483017 -0.9994996786117554 0.030176321044564247 0.009473771788179874 4.030548095703125
13.86467 0.01496574841439724 0.06638742983341217 0.9976816177368164 2.1863646507263184 0.033727165311574936 0.9971920847892761 -0.06686078757047653 -0.12093059718608856 -0.9993189573287964 0.034649599343538284 0.012684665620326996 4.031226634979248
13.96817 0.018267255276441574 0.06717415153980255 0.997573971748352 2.246065616607666 0.038010258227586746 0.9969726204872131 -0.0678296834230423 -0.12421001493930817 -0.9991103410720825 0.03915711119771004 0.015658646821975708 4.031980514526367
14.07164 0.02152097225189209 0.06780194491147995 0.9974666833877563 2.303178310394287 0.04120928421616554 0.9967896938323975 -0.06864505261182785 -0.12809251248836517 -0.9989188313484192 0.0425821952521801 0.018657810986042023 4.033990859985352
14.17505 0.02465898171067238 0.06754286587238312 0.9974116086959839 2.363400459289551 0.0414065420627594 0.9967897534370422 -0.06852444261312485 -0.13231493532657623 -0.9988380670547485 0.042989104986190796 0.021783100441098213 4.034587860107422
14.2786 0.028065089136362076 0.06643280386924744 0.9973961710929871 2.422147512435913 0.042264021933078766 0.9968180656433105 -0.06758353859186172 -0.13599084317684174 -0.9987122416496277 0.044050708413124084 0.02516806870698929 4.0367021560668945
14.38212 0.03227502852678299 0.06513723731040955 0.9973543286323547 2.482599973678589 0.044202256947755814 0.9968047142028809 -0.06653176248073578 -0.13996507227420807 -0.9985012412071228 0.046232618391513824 0.029292689636349678 4.037466049194336
14.4855 0.0349731519818306 0.06549200415611267 0.9972401261329651 2.541165590286255 0.04297419637441635 0.9968289732933044 -0.06697209924459457 -0.14344212412834167 -0.9984638690948486 0.04519781470298767 0.032047782093286514 4.039814472198486
14.58897 0.03816789761185646 0.06757409870624542 0.9969838857650757 2.60093355178833 0.040090616792440414 0.9968040585517883 -0.06909669935703278 -0.14675383269786835 -0.9984667897224426 0.04260697588324547 0.03533682972192764 4.042656421661377
14.69245 0.04081166163086891 0.06735729426145554 0.9968938827514648 2.660984992980957 0.04206756502389908 0.996724545955658 -0.0690680518746376 -0.15088406205177307 -0.9982808232307434 0.04475567489862442 0.03784443065524101 4.045248031616211
14.79597 0.043549925088882446 0.06690515577793121 0.9968084096908569 2.7193796634674072 0.04007012024521828 0.9968352317810059 -0.06865759938955307 -0.1546771228313446 -0.998247504234314 0.04293227195739746 0.04073120281100273 4.047890663146973
14.89949 0.045624613761901855 0.06737443059682846 0.9966840147972107 2.7798445224761963 0.038381900638341904 0.9968680143356323 -0.0691438615322113 -0.15848751366138458 -0.9982210397720337 0.041409291326999664 0.04289577156305313 4.0512871742248535
15.00287 0.049117036163806915 0.06758661568164825 0.9965035915374756 2.839144706726074 0.035398781299591064 0.9969632029533386 -0.069362573325634 -0.1621111035346985 -0.9981655478477478 0.03868190199136734 0.046575404703617096 4.053789138793945
15.1064 0.05147664248943329 0.06966576725244522 0.9962413311004639 2.9003660678863525 0.03387388214468956 0.9968682527542114 -0.07145989686250687 -0.16593295335769653 -0.9980995655059814 0.03742508217692375 0.048955563455820084 4.058549404144287
15.20987 0.054945655167102814 0.07310069352388382 0.9958098530769348 2.96053147315979 0.03261658176779747 0.9966527819633484 -0.07496227324008942 -0.16990090906620026 -0.9979565143585205 0.03659876435995102 0.05237744376063347 4.062065124511719
15.31336 0.05811541527509689 0.07534772902727127 0.9954623579978943 3.0219788551330566 0.03256918862462044 0.9964738488197327 -0.07732570171356201 -0.17447158694267273 -0.9977785348892212 0.03691522032022476 0.055456459522247314 4.066195487976074
15.41675 0.06103185936808586 0.07727491110563278 0.995140016078949 3.0823419094085693 0.026435013860464096 0.9965237379074097 -0.07900362461805344 -0.17862115800380707 -0.9977856874465942 0.031128278002142906 0.05877693369984627 4.07047700881958
15.52022 0.06394549459218979 0.07676473259925842 0.9949965476989746 3.1440579891204834 0.022803371772170067 0.9966643452644348 -0.07835891097784042 -0.1824992150068283 -0.9976927638053894 0.027699973434209824 0.06198170408606529 4.075100898742676
15.62392 0.06758248060941696 0.07696256786584854 0.9947408437728882 3.205782651901245 0.024914870038628578 0.9965792298316956 -0.07879752665758133 -0.18753960728645325 -0.9974026083946228 0.03010917454957962 0.0654337927699089 4.078900337219238
15.7272 0.07147256284952164 0.07820005714893341 0.9943723082542419 3.2671725749969482 0.0241097342222929 0.996495246887207 -0.08009994775056839 -0.1920473277568817 -0.9971510767936707 0.02969900146126747 0.06933668255805969 4.083655834197998
15.83062 0.07512513548135757 0.0792841911315918 0.9940171837806702 3.329610586166382 0.020581625401973724 0.9964985251426697 -0.08103761076927185 -0.19618895649909973 -0.9969617128372192 0.026546452194452286 0.07323029637336731 4.0890727043151855
15.93425 0.07904106378555298 0.07749010622501373 0.9938549995422363 3.3915066719055176 0.020028131082654 0.9966495037078857 -0.07930082827806473 -0.20032259821891785 -0.996670126914978 0.026173081248998642 0.0772242620587349 4.093963623046875
16.03941 0.0838397666811943 0.07694295793771744 0.9935042262077332 3.4550721645355225 0.019419966265559196 0.9966989755630493 -0.07882918417453766 -0.205824613571167 -0.9962899088859558 0.025902841240167618 0.0820687860250473 4.100603103637695
16.14091 0.08894570171833038 0.08045484870672226 0.9927816987037659 3.5179014205932617 0.01623123325407505 0.9964829683303833 -0.08220897614955902 -0.21051935851573944 -0.9959042072296143 0.02342621050775051 0.08732698857784271 4.106945037841797
16.2443 0.0951516330242157 0.08944611251354218 0.9914361238479614 3.5807530879974365 0.014523431658744812 0.9957242608070374 -0.09122684597969055 -0.21518272161483765 -0.9953567981719971 0.023079436272382736 0.09344572573900223 4.113250255584717
16.34828 0.10215507447719574 0.09414050728082657 0.9903039336204529 3.6446173191070557 0.012096741236746311 0.9953209161758423 -0.09586524963378906 -0.22063802182674408 -0.9946948885917664 0.02177257277071476 0.10053826123476028 4.120757102966309
