1403636580.9135554 0.9999158382415771 0.006851669400930405 0.011013940908014774 0.00020635365217458457 -0.006685859058052301 0.9998648166656494 -0.015021483413875103 -0.00970966275781393 -0.011115374974906445 0.014946581795811653 0.9998264908790588 -0.002984212478622794
1403636580.9635556 0.9998146891593933 0.010599763132631779 0.01606472209095955 5.3750402003061026e-05 -0.010117518715560436 0.9995043277740479 -0.029808497056365013 -0.019834406673908234 -0.016372721642255783 0.029640434309840202 0.9994264841079712 -0.006303370930254459
1403636581.0135555 0.9997746348381042 0.013170788064599037 0.01665201224386692 -7.236629608087242e-05 -0.012434855103492737 0.9989736080169678 -0.0435517244040966 -0.02920438162982464 -0.017208538949489594 0.04333483427762985 0.9989122748374939 -0.009586291387677193
1403636581.0635555 0.9998098015785217 0.012224985286593437 0.015198533423244953 -0.0003102182818111032 -0.011348956264555454 0.9983410835266113 -0.05644684284925461 -0.03804408013820648 -0.01586337946355343 0.05626361444592476 0.998289942741394 -0.012550683692097664
1403636581.1135554 0.9998279809951782 0.008874613791704178 0.016280068084597588 -0.00019686931045725942 -0.007702430244535208 0.9974677562713623 -0.07070205360651016 -0.04100228473544121 -0.016866294667124748 0.07056449353694916 0.9973645210266113 -0.01319586019963026
1403636581.1635556 0.9998422265052795 0.002880849177017808 0.01752452179789543 -8.536854875274003e-05 -0.0013663930585607886 0.9963090419769287 -0.08582454919815063 -0.04882273077964783 -0.017707092687487602 0.08578704297542572 0.9961562156677246 -0.01591247320175171
1403636581.2135556 0.9998288750648499 -0.0017790681449696422 0.01841116137802601 0.0003612109285313636 0.0036372451577335596 0.9948397874832153 -0.10139121115207672 -0.05640990659594536 -0.018135778605937958 0.10144080966711044 0.9946763515472412 -0.01855795457959175
1403636581.2635555 0.9997976422309875 -0.006471806671470404 0.019043782725930214 0.0004416205920279026 0.008692550472915173 0.9928624033927917 -0.11894603818655014 -0.0613119900226593 -0.018138056620955467 0.11908750236034393 0.9927180409431458 -0.02036738209426403
1403636581.3135555 0.9998186826705933 -0.004415045026689768 0.018531151115894318 0.0010525984689593315 0.006856537889689207 0.9909800887107849 -0.13383254408836365 -0.06547845155000687 -0.017773132771253586 0.13393530249595642 0.990830659866333 -0.02257714979350567
1403636581.3635557 0.9997891187667847 -0.0048344917595386505 0.01995142735540867 0.0010821325704455376 0.007669674698263407 0.9894641637802124 -0.14457611739635468 -0.06671413034200668 -0.01904226280748844 0.14469864964485168 0.9892924427986145 -0.022602509707212448
1403636581.4135554 0.9997096061706543 0.0004851174307987094 0.024090973660349846 0.0015754248015582561 0.0030601457692682743 0.9891458749771118 -0.14690592885017395 -0.06667083501815796 -0.023900747299194336 0.14693698287010193 0.9888569712638855 -0.023331712931394577
1403636581.4635556 0.9996286630630493 0.0062468689866364 0.02651558443903923 0.0016695470549166203 -0.002403632504865527 0.9897819757461548 -0.14256887137889862 -0.06419046968221664 -0.027135245501995087 0.1424521952867508 0.9894296526908875 -0.022610031068325043
1403636581.5135555 0.9995114207267761 0.011643773876130581 0.029003720730543137 0.0018208737019449472 -0.007714171893894672 0.9912081956863403 -0.13208650052547455 -0.05986582115292549 -0.03028670884668827 0.13179823756217957 0.990813672542572 -0.021734971553087234
1403636581.5635555 0.9995067715644836 0.00913762953132391 0.030040882527828217 0.0021028365008533 -0.005469551309943199 0.9927599430084229 -0.11999042332172394 -0.053849220275878906 -0.030919812619686127 0.1197669580578804 0.9923202991485596 -0.01901857741177082
1403636581.6135554 0.9995788931846619 0.006968009751290083 0.028164513409137726 0.0021635089069604874 -0.003913308028131723 0.9942413568496704 -0.10709303617477417 -0.04691426083445549 -0.028748542070388794 0.10693774372339249 0.9938499331474304 -0.016558537259697914
1403636581.6635556 0.9996422529220581 0.0022112843580543995 0.026649491861462593 0.0023297404404729605 0.0003874816175084561 0.995272696018219 -0.09711914509534836 -0.03952166438102722 -0.02673826925456524 0.09709473699331284 0.9949159026145935 -0.013700935989618301
1403636581.7135556 0.999670684337616 0.005387554876506329 0.025088336318731308 0.0028088397812098265 -0.0031063160859048367 0.9959283471107483 -0.09009477496147156 -0.031447749584913254 -0.025471579283475876 0.0899871438741684 0.9956172108650208 -0.010252798907458782
1403636581.7635555 0.9997499585151672 0.0016903075156733394 0.02229435369372368 0.0031772414222359657 0.000265371025307104 0.9961708188056946 -0.08742745220661163 -0.022952213883399963 -0.02235676534473896 0.08741150796413422 0.9959213733673096 -0.007058549672365189
1403636581.8135555 0.99986332654953 0.0032135210931301117 0.016219671815633774 0.0033282823860645294 -0.0018485878827050328 0.9965079426765442 -0.08347682654857635 -0.019502248615026474 -0.016431283205747604 0.08343542367219925 0.9963777661323547 -0.006262373644858599
1403636581.8635557 0.9999083280563354 0.001325171091593802 0.013469444587826729 0.00362432305701077 -0.0002578911080490798 0.9968798756599426 -0.07893192768096924 -0.010847835801541805 -0.013532017357647419 0.07892122864723206 0.9967890381813049 -0.0030842311680316925
1403636581.9135554 0.9999464750289917 -0.0029985809233039618 0.009896870702505112 0.0034578857012093067 0.0036842157132923603 0.9975398182868958 -0.07000347226858139 -0.002060876926407218 -0.009662613272666931 0.07003618031740189 0.9974977970123291 -0.00025363059830851853
1403636581.9635556 0.9998892545700073 -0.004939491394907236 0.01404221635311842 0.003230032278224826 0.00572854233905673 0.998373806476593 -0.05671808496117592 0.006179639603942633 -0.013739222660660744 0.0567922405898571 0.9982914328575134 0.0026496178470551968
1403636582.0135555 0.9998180866241455 -0.007738901302218437 0.0174394678324461 0.0030959653668105602 0.008450736291706562 0.9991185069084167 -0.041120462119579315 0.013866406865417957 -0.017105868086218834 0.04126035422086716 0.9990019798278809 0.005468452349305153
1403636582.0635555 0.9997502565383911 -0.007442732807248831 0.021071048453450203 0.002390468493103981 0.00792147871106863 0.9997102618217468 -0.02272912859916687 0.017322948202490807 -0.02089577727019787 0.0228903666138649 0.9995195865631104 0.006574645172804594
1403636582.1135554 0.9997855424880981 -0.006298981141299009 0.01972663775086403 0.0021835006773471832 0.0064165652729570866 0.9999619722366333 -0.0059030987322330475 0.02299308218061924 -0.01968870311975479 0.006028406322002411 0.9997879862785339 0.008154256269335747
1403636582.1635556 0.9998514652252197 -0.007415709085762501 0.015554923564195633 0.001807818072848022 0.00726527813822031 0.9999265074729919 0.009705250151455402 0.025594020262360573 -0.01562575064599514 -0.009590797126293182 0.9998318552970886 0.00914784800261259
1403636582.2135556 0.9999087452888489 -0.00751093216240406 0.011231878772377968 0.001474846969358623 0.007275824435055256 0.9997565746307373 0.020828543230891228 0.027890102937817574 -0.011385584250092506 -0.020744919776916504 0.9997199177742004 0.009398836642503738
1403636582.2635555 0.9999324083328247 -0.006053714547306299 0.009939470328390598 0.0009125150972977281 0.005780964158475399 0.999612033367157 0.027244269847869873 0.028803754597902298 -0.010100550949573517 -0.02718495763838291 0.9995793700218201 0.00955719593912363
1403636582.3135555 0.9999619126319885 -0.005539735779166222 0.0067488402128219604 0.0006050338852219284 0.005339428782463074 0.9995550513267517 0.02934519201517105 0.026266848668456078 -0.006908406037837267 -0.029308030381798744 0.9995465278625488 0.008811398409307003
1403636582.3635557 0.9999657273292542 -0.006715856026858091 0.004828509408980608 0.00013945273531135172 0.006595374085009098 0.9996768832206726 0.0245494581758976 0.021430013701319695 -0.00499182241037488 -0.024516763165593147 0.9996870160102844 0.006979923229664564
1403636582.4135554 0.9999662041664124 -0.006603476125746965 0.004876452498137951 -0.0002931416966021061 0.006545184180140495 0.9999080896377563 0.011874382384121418 0.015577081590890884 -0.004954418167471886 -0.011842064559459686 0.9999175667762756 0.004909478593617678
1403636582.4635556 0.999955952167511 -0.00720370514318347 0.005999111104756594 -0.00071596639463678 0.007223502732813358 0.9999685287475586 -0.0032852431759238243 0.00825987197458744 -0.0059752571396529675 0.0033284369856119156 0.999976634979248 0.0021923757158219814
1403636582.5135555 0.9999592900276184 -0.004030101001262665 0.008063900284469128 -0.0002842399408109486 0.004168909043073654 0.9998421669006348 -0.017271321266889572 0.0029937978833913803 -0.007993021048605442 0.01730423793196678 0.9998183250427246 0.0003938385343644768
1403636582.5635555 0.9999251365661621 -0.003312088781967759 0.01177823357284069 -0.0002732159337028861 0.0036304681561887264 0.9996258616447449 -0.027113335207104683 -0.005394609645009041 -0.011684022843837738 0.027154069393873215 0.9995629787445068 -0.0025166526902467012
1403636582.6135554 0.9998461008071899 0.000759506830945611 0.017531707882881165 -9.973259147955105e-05 -0.00018482674204278737 0.9994632005691528 -0.03275785967707634 -0.013171638362109661 -0.017547177150845528 0.03274957463145256 0.9993095397949219 -0.005291832610964775
1403636582.6635556 0.9997299313545227 0.0013679275289177895 0.023205682635307312 0.00011999421985819936 -0.0005038037779740989 0.9993075728416443 -0.037202659994363785 -0.021812982857227325 -0.023240504786372185 0.037180911749601364 0.9990382194519043 -0.008395113050937653
1403636582.7135556 0.9996715188026428 -0.00010349879448767751 0.025632617995142937 0.0005835748161189258 0.0011726125376299024 0.9991294741630554 -0.041697610169649124 -0.029879285022616386 -0.025605985894799232 0.04171397164463997 0.9988012909889221 -0.01151480432599783
1403636582.7635555 0.9995419979095459 -0.003516857512295246 0.030060552060604095 0.0010735279647633433 0.004962489474564791 0.9988276362419128 -0.04815220832824707 -0.03834338113665581 -0.029855960980057716 0.048279326409101486 0.9983873963356018 -0.0145445317029953
1403636582.8135555 0.9992887377738953 -0.008214719593524933 0.03680603578686714 0.001687374897301197 0.010315481573343277 0.9983062148094177 -0.05725524574518204 -0.04639997333288193 -0.03627334535121918 0.0575941801071167 0.9976810216903687 -0.017078906297683716
1403636582.8635557 0.9988570809364319 -0.013113787397742271 0.045964810997247696 0.002516577485948801 0.0163170974701643 0.9974119067192078 -0.07002310454845428 -0.054811522364616394 -0.04492757469415665 0.07069308310747147 0.9964858293533325 -0.019862007349729538
1403636582.9135554 0.9984127879142761 -0.019151026383042336 0.05296305939555168 0.0027572354301810265 0.023746753111481667 0.9958769083023071 -0.08755151182413101 -0.055853694677352905 -0.051067981868982315 0.0886702612042427 0.9947509765625 -0.019816726446151733
1403636582.9635556 0.9982033371925354 -0.01902013085782528 0.05681741237640381 0.003390705678611994 0.024858364835381508 0.9942786693572998 -0.10388343781232834 -0.06261137127876282 -0.054516468197107315 0.10510919988155365 0.9929652810096741 -0.022035667672753334
1403636583.0135555 0.9979733824729919 -0.019711686298251152 0.0605020709335804 0.00393291749060154 0.026918986812233925 0.9923208355903625 -0.12072506546974182 -0.0671812891960144 -0.05765777826309204 0.122109055519104 0.990840494632721 -0.024221215397119522
1403636583.0635555 0.9980172514915466 -0.017027979716658592 0.060593485832214355 0.004399470519274473 0.02487262152135372 0.9910483360290527 -0.13116507232189178 -0.07031221687793732 -0.05781761184334755 0.1324121356010437 0.9895070195198059 -0.02554534375667572
1403636583.1135554 0.9979182481765747 -0.014885537326335907 0.06275064498186111 0.004518717061728239 0.023324547335505486 0.9904370307922363 -0.13597945868968964 -0.07140178233385086 -0.06012643501162529 0.1371600329875946 0.9887223839759827 -0.025958511978387833
1403636583.1635556 0.9977124929428101 -0.010606616735458374 0.06676420569419861 0.004932951647788286 0.019622309133410454 0.9905323386192322 -0.13586950302124023 -0.07079733908176422 -0.06469099223613739 0.13686877489089966 0.9884746074676514 -0.02602030336856842
1403636583.2135556 0.9977014064788818 -0.006938915234059095 0.06740902364253998 0.005170714110136032 0.015957973897457123 0.9908262491226196 -0.13419605791568756 -0.06770605593919754 -0.06585945934057236 0.13496331870555878 0.9886593818664551 -0.024851396679878235
1403636583.2635555 0.9978167414665222 -0.00479381438344717 0.06586897373199463 0.005117240361869335 0.013352344743907452 0.9914088845252991 -0.1301153302192688 -0.06393261253833771 -0.0646793395280838 0.13071075081825256 0.9893083572387695 -0.023175425827503204
1403636583.3135555 0.9979385733604431 -0.004933198913931847 0.06398527324199677 0.005059743300080299 0.01301803719252348 0.9918732643127441 -0.12656183540821075 -0.05810782313346863 -0.06284092366695404 0.12713390588760376 0.989892840385437 -0.020700210705399513
1403636583.3635557 0.9980549812316895 -0.0038047723937779665 0.0622236467897892 0.00525401346385479 0.011396843008697033 0.9924500584602356 -0.1221180334687233 -0.051372602581977844 -0.06128924340009689 0.12258965522050858 0.9905630946159363 -0.01771678403019905
1403636583.4135554 0.9983096718788147 -0.005951428785920143 0.05781393125653267 0.005261093378067017 0.012728219851851463 0.9929832816123962 -0.11756744235754013 -0.04554208740592003 -0.056708578020334244 0.11810456216335297 0.991380512714386 -0.015215404331684113
1403636583.4635556 0.9985844492912292 -0.0027579586021602154 0.053118154406547546 0.0054461294785141945 0.008685528300702572 0.9937054514884949 -0.111687570810318 -0.03713303431868553 -0.05247577652335167 0.11199082434177399 0.9923226833343506 -0.01195807196199894
1403636583.5135555 0.9987648725509644 -0.0009611536515876651 0.04967303201556206 0.006344222463667393 0.0061599090695381165 0.994493842124939 -0.10461290180683136 -0.02976042963564396 -0.0492989718914032 0.10478968173265457 0.9932717680931091 -0.008735432289540768
1403636583.5635555 0.9987980127334595 0.002751340391114354 0.048933643847703934 0.006580612156540155 0.0019856663420796394 0.9953315854072571 -0.0964934378862381 -0.02100180834531784 -0.04897069185972214 0.09647464752197266 0.9941299557685852 -0.005377860739827156
1403636583.6135554 0.9985432624816895 0.005566999316215515 0.05366655811667442 0.006627628579735756 -0.0009523549815639853 0.996326208114624 -0.0856320783495903 -0.012084431014955044 -0.053946129977703094 0.0854562446475029 0.9948803186416626 -0.0015139139723032713
1403636583.6635556 0.9988943934440613 0.003068049903959036 0.04691069945693016 0.006867840886116028 0.00015018670819699764 0.9976547360420227 -0.06844653934240341 -0.00789166521281004 -0.04701068252325058 0.06837790459394455 0.9965512156486511 -0.00039158319123089314
1403636583.7135556 0.9990749955177307 -0.004927647300064564 0.0427195206284523 0.006714186631143093 0.0069594793021678925 0.9988448619842529 -0.0475446991622448 0.00042407953878864646 -0.042435888200998306 0.047798022627830505 0.9979551434516907 0.00276162032969296
1403636583.7635555 0.9991937875747681 -0.013350683264434338 0.03786364570260048 0.0065252650529146194 0.014293077401816845 0.9995920658111572 -0.024728700518608093 0.007719286251813173 -0.037518054246902466 0.02524995245039463 0.9989768266677856 0.005162567365914583
1403636583.8135555 0.9991620779037476 -0.01869567111134529 0.03640858829021454 0.006430344190448523 0.01886950246989727 0.9998120665550232 -0.004436727613210678 0.014655311591923237 -0.03631879761815071 0.005120018497109413 0.9993271231651306 0.00755710294470191
1403636583.8635557 0.9991503357887268 -0.019845688715577126 0.03612111881375313 0.0058023687452077866 0.01940447837114334 0.9997332096099854 0.012524720281362534 0.018482033163309097 -0.03636004775762558 -0.011813168413937092 0.9992689490318298 0.008603661321103573
1403636583.9135554 0.9992133975028992 -0.013822229579091072 0.037168338894844055 0.005820157937705517 0.012975222431123257 0.9996527433395386 0.022933918982744217 0.024055635556578636 -0.0374724343419075 -0.022433612495660782 0.9990459084510803 0.010290480218827724
1403636583.9635556 0.9993824362754822 -0.007641807664185762 0.034298911690711975 0.005613313522189856 0.006638157647103071 0.999549150466919 0.029281066730618477 0.02749142237007618 -0.03450722247362137 -0.029035305604338646 0.9989826083183289 0.011193482205271721
1403636584.0135555 0.9995547533035278 -0.004048478789627552 0.02956346422433853 0.005034168250858784 0.003116562496870756 0.9994989037513733 0.03150104731321335 0.03037097118794918 -0.02967618592083454 -0.03139489144086838 0.9990664124488831 0.011542821303009987
1403636584.0635555 0.9997618794441223 -0.0015475244726985693 0.021766645833849907 0.004878435283899307 0.000861051375977695 0.9995030760765076 0.03151185065507889 0.03128998726606369 -0.02180459350347519 -0.031485602259635925 0.9992663860321045 0.011507091112434864
1403636584.1135554 0.9998743534088135 -0.0018164749490097165 0.0157411340624094 0.004519317299127579 0.0013168493751436472 0.9994969367980957 0.031692441552877426 0.03062237799167633 -0.015790781006217003 -0.03166772797703743 0.9993737936019897 0.011110484600067139
1403636584.1635556 0.999930739402771 -0.00038305995985865593 0.011754985898733139 0.004269346594810486 4.027970135211945e-06 0.999480664730072 0.032227300107479095 0.028095347806811333 -0.011761225759983063 -0.03222501650452614 0.9994114637374878 0.010101599618792534
1403636584.2135556 0.9999402165412903 0.00100507284514606 0.010893085971474648 0.00393416453152895 -0.0013464754447340965 0.9995065331459045 0.031379811465740204 0.024260271340608597 -0.010856181383132935 -0.03139260411262512 0.999448299407959 0.008727808482944965
1403636584.2635555 0.9999447464942932 0.0009390359045937657 0.010470114648342133 0.0038082313258200884 -0.0012395570520311594 0.999586284160614 0.028733670711517334 0.018472395837306976 -0.010438814759254456 -0.028745068237185478 0.9995322823524475 0.006823318544775248
1403636584.3135555 0.9999423027038574 0.0010611189063638449 0.010682778432965279 0.004082636907696724 -0.0013115222100168467 0.9997239112854004 0.023460084572434425 0.01278437115252018 -0.010654936544597149 -0.023472746834158897 0.9996677041053772 0.004968113265931606
1403636584.3635557 0.9999086260795593 0.0041825054213404655 0.012852723710238934 0.004490903113037348 -0.004432138055562973 0.9998009204864502 0.01945582963526249 0.00747611653059721 -0.012768788263201714 -0.019511012360453606 0.9997280836105347 0.0035641901195049286
1403636584.4135554 0.9997308254241943 0.010493163950741291 0.020692067220807076 0.004768941085785627 -0.010815600864589214 0.99982088804245 0.015532788820564747 -0.0008542498107999563 -0.02052537351846695 -0.015752404928207397 0.9996652007102966 0.001139737432822585
1403636584.4635556 0.9994864463806152 0.015805363655090332 0.027872327715158463 0.005138993728905916 -0.016055531799793243 0.9998326897621155 0.008774666115641594 -0.009565426968038082 -0.0277289766818285 -0.00921766459941864 0.9995729327201843 -0.0012255982728675008
1403636584.5135555 0.9993445873260498 0.017701294273138046 0.031578194350004196 0.005364019889384508 -0.017671072855591774 0.999843180179596 -0.0012360410764813423 -0.018567318096756935 -0.03159512206912041 0.0006772084161639214 0.9995005130767822 -0.003942430019378662
1403636584.5635555 0.9992457628250122 0.016010530292987823 0.035378992557525635 0.005473184399306774 -0.015512765385210514 0.9997773170471191 -0.014299508184194565 -0.028018277138471603 -0.03560005873441696 0.013739896938204765 0.9992715716362 -0.006598548963665962
1403636584.6135554 0.9990624189376831 0.014784004539251328 0.04069194197654724 0.005614125169813633 -0.013514552265405655 0.9994186758995056 -0.03129689022898674 -0.03756260126829147 -0.04113098233938217 0.030717607587575912 0.9986814260482788 -0.009351018816232681
1403636584.6635556 0.9987619519233704 0.01202388945966959 0.048270221799612045 0.005820908583700657 -0.009519263170659542 0.9986127614974976 -0.051786236464977264 -0.04660174995660782 -0.048825934529304504 0.05126263573765755 0.9974910020828247 -0.012147290632128716
1403636584.7135556 0.99838787317276 0.010867067612707615 0.055709078907966614 0.005300034303218126 -0.006688103079795837 0.9971867203712463 -0.07465887814760208 -0.04947606474161148 -0.05636366829276085 0.074165940284729 0.9956518411636353 -0.01254313625395298
1403636584.7635555 0.9979271292686462 0.010375773534178734 0.06351126730442047 0.0053626773878932 -0.00434573320671916 0.9955291152000427 -0.09435592591762543 -0.057145822793245316 -0.0642063245177269 0.09388433396816254 0.9935105443000793 -0.015487762168049812
1403636584.8135555 0.9976994395256042 0.009898625314235687 0.06706377118825912 0.005512498319149017 -0.0024484603200107813 0.993898332118988 -0.11027409136295319 -0.0643187090754509 -0.06774614006280899 0.10985621064901352 0.9916360974311829 -0.018427636474370956
1403636584.8635557 0.9975998997688293 0.005435056984424591 0.06902676820755005 0.005477330647408962 0.0031448008958250284 0.9923291802406311 -0.12358418107032776 -0.06986795365810394 -0.06916896998882294 0.123504638671875 0.9899304509162903 -0.02073184959590435
1403636584.9135554 0.997639000415802 0.0026681325398385525 0.0686236098408699 0.005062487442046404 0.006507840007543564 0.991075336933136 -0.1331436038017273 -0.07398052513599396 -0.06836641579866409 0.1332758516073227 0.9887181520462036 -0.02299119345843792
1403636584.9635556 0.9975199699401855 -0.004011925309896469 0.07026952505111694 0.0051658619195222855 0.013686155900359154 0.9903738498687744 -0.13773976266384125 -0.07521560788154602 -0.06904049962759018 0.13835985958576202 0.9879725575447083 -0.024105433374643326
1403636585.0135555 0.9972455501556396 -0.006198164075613022 0.07391176372766495 0.0050546471029520035 0.016352150589227676 0.9903556704521179 -0.13757918775081635 -0.07577340304851532 -0.07234618812799454 0.1384088397026062 0.9877291917800903 -0.02422920987010002
1403636585.0635555 0.9969766139984131 -0.008735734038054943 0.07720902562141418 0.005051769316196442 0.019031083211302757 0.9908480048179626 -0.13363412022590637 -0.075344979763031 -0.07533499598503113 0.13469946384429932 0.9880185723304749 -0.023917660117149353
1403636585.1135554 0.9969441294670105 -0.00940707791596651 0.0775502398610115 0.005137055180966854 0.01941331848502159 0.9914147257804871 -0.12930555641651154 -0.07279693335294724 -0.07566806674003601 0.1304159015417099 0.9885677099227905 -0.02251540869474411
1403636585.1635556 0.9965554475784302 -0.010893800295889378 0.08221058547496796 0.005153663456439972 0.021038630977272987 0.992113471031189 -0.12356412410736084 -0.06899537146091461 -0.08021613955497742 0.12486805766820908 0.9889253973960876 -0.02076973021030426
1403636585.2135556 0.9960669875144958 -0.009836560115218163 0.0880555585026741 0.005157355684787035 0.02013719454407692 0.9929433465003967 -0.11686767637729645 -0.06535816937685013 -0.0862845927476883 0.11818123608827591 0.989236056804657 -0.019069761037826538
1403636585.2635555 0.9955273270606995 -0.003594709327444434 0.09440575540065765 0.0054018739610910416 0.014059565030038357 0.9937855005264282 -0.11042028665542603 -0.059835657477378845 -0.09342215210199356 0.11125372350215912 0.9893910884857178 -0.0164334736764431
1403636585.3135555 0.9950922131538391 0.0016331736696884036 0.09893889725208282 0.005940309725701809 0.008819935843348503 0.9944201707839966 -0.10512257367372513 -0.053704146295785904 -0.09855851531028748 0.10547927767038345 0.9895252585411072 -0.013746376149356365
1403636585.3635557 0.9948406219482422 0.010012820363044739 0.10095446556806564 0.006845943629741669 6.937095895409584e-05 0.9950501918792725 -0.0993741974234581 -0.04749219864606857 -0.10144978761672974 0.09886851161718369 0.989915668964386 -0.010135956108570099
1403636585.4135554 0.9947311282157898 0.014329792931675911 0.10151121020317078 0.007684335112571716 -0.005001564975827932 0.9957870244979858 -0.09155842661857605 -0.042754173278808594 -0.10239557921886444 0.09056831151247025 0.9906121492385864 -0.007826287299394608
1403636585.4635556 0.9953173995018005 0.018033254891633987 0.09496231377124786 0.00816461630165577 -0.010120175778865814 0.9964846968650818 -0.08316008001565933 -0.03569074720144272 -0.09612816572189331 0.0818096473813057 0.9920012950897217 -0.004797625821083784
1403636585.5135555 0.9957820177078247 0.020064903423190117 0.0895301029086113 0.008215324021875858 -0.013570462353527546 0.9972711205482483 -0.0725669264793396 -0.029250089079141617 -0.09074185788631439 0.07104586064815521 0.9933369159698486 -0.002725893398746848
1403636585.5635555 0.9967555403709412 0.02224898338317871 0.07735130935907364 0.008507789112627506 -0.017601611092686653 0.9980278611183167 -0.06025245413184166 -0.02726089023053646 -0.07853931188583374 0.058695461601018906 0.995181679725647 -0.0032688656356185675
1403636585.6135554 0.9977313280105591 0.0213455967605114 0.06384629011154175 0.008578822016716003 -0.018305597826838493 0.9986878037452698 -0.04782604053616524 -0.02174822986125946 -0.06478340178728104 0.04654880240559578 0.9968130588531494 -0.002583778463304043
1403636585.6635556 0.9985575079917908 0.017433632165193558 0.05078045651316643 0.008515332825481892 -0.015693124383687973 0.9992823600769043 -0.0344744473695755 -0.016746828332543373 -0.05134502053260803 0.033627815544605255 0.9981146454811096 -0.002371938433498144
1403636585.7135556 0.9992122054100037 0.01160948071628809 0.03794924169778824 0.008404991589486599 -0.01085484679788351 0.999740481376648 -0.020031217485666275 -0.012913637794554234 -0.03817194327712059 0.019603507593274117 0.9990788698196411 -0.0028300366830080748
1403636585.7635555 0.9995575547218323 0.005618690513074398 0.02921094000339508 0.008457127958536148 -0.005499135237187147 0.9999762177467346 -0.004171485081315041 -0.010111749172210693 -0.02923368290066719 0.004009004682302475 0.999564528465271 -0.003348718862980604
1403636585.8135555 0.9998037219047546 -0.0023794062435626984 0.01966927759349346 0.008297175168991089 0.002146549988538027 0.9999275803565979 0.011851327493786812 -0.008040728978812695 -0.019696053117513657 -0.011806782335042953 0.9997363090515137 -0.004124289844185114
1403636585.8635557 0.9998892545700073 -0.0089881531894207 0.011859816499054432 0.008159415796399117 0.008627176284790039 0.9995083212852478 0.030144816264510155 -0.006731200963258743 -0.012124932371079922 -0.030039163306355476 0.9994751214981079 -0.005360357463359833
1403636585.9135554 0.9998717308044434 -0.014744706451892853 0.006243574433028698 0.007957438006997108 0.014420880936086178 0.9986912608146667 0.04907090216875076 -0.006037505343556404 -0.0069589377380907536 -0.048974573612213135 0.9987757802009583 -0.006592632737010717
1403636585.9635556 0.9997996687889099 -0.019021518528461456 0.006218152120709419 0.007890788838267326 0.018535876646637917 0.9973360896110535 0.07054877281188965 -0.005680677480995655 -0.007543531246483326 -0.07041937112808228 0.9974889159202576 -0.007589815184473991
1403636586.0135555 0.9996480345726013 -0.023845156654715538 0.01162086334079504 0.007863807491958141 0.022641079500317574 0.9952604174613953 0.0945739597082138 -0.005531758069992065 -0.01382091362029314 -0.09427756071090698 0.9954500198364258 -0.008450910449028015
1403636586.0635555 0.9993529915809631 -0.0260825976729393 0.02476457878947258 0.007883909158408642 0.022939059883356094 0.9925468564033508 0.11968629062175751 -0.005458886735141277 -0.02770172990858555 -0.11904078722000122 0.9925028085708618 -0.009266733191907406
1403636586.1135554 0.9988574385643005 -0.030683837831020355 0.03663620352745056 0.007610084023326635 0.02519088424742222 0.9895510077476501 0.1419665515422821 -0.005753932520747185 -0.04060946777462959 -0.14088144898414612 0.9891932606697083 -0.009891100227832794
1403636586.1635556 0.9982222318649292 -0.03618217259645462 0.04736328125 0.006350724026560783 0.02810443378984928 0.9865059852600098 0.16129513084888458 -0.005580222234129906 -0.052560169249773026 -0.15967726707458496 0.9857690334320068 -0.009784253314137459
1403636586.2135556 0.9978525042533875 -0.04152817651629448 0.050653792917728424 0.005770601332187653 0.031810909509658813 0.9832518100738525 0.1794547438621521 -0.006006657145917416 -0.05725786089897156 -0.1774580478668213 0.9824613332748413 -0.010769001208245754
1403636586.2635555 0.997666597366333 -0.04580824822187424 0.050626255571842194 0.005330947227776051 0.03499594330787659 0.979797899723053 0.19690462946891785 -0.00580258946865797 -0.05862335488200188 -0.19467347860336304 0.9791146516799927 -0.011945875361561775
1403636586.3135555 0.9974026083946228 -0.05075741559267044 0.05110703408718109 0.004967711865901947 0.038471709936857224 0.9752436876296997 0.21776020526885986 -0.006065101828426123 -0.06089477241039276 -0.21522843837738037 0.974663257598877 -0.013231245800852776
1403636586.3635557 0.9971106052398682 -0.05568772554397583 0.05166807398200035 0.004692616406828165 0.041838597506284714 0.9702784419059753 0.23834660649299622 -0.005963935982435942 -0.06340542435646057 -0.23549619317054749 0.9698047041893005 -0.014699862338602543
1403636586.4135554 0.9968084692955017 -0.06152543053030968 0.0508694127202034 0.004559212364256382 0.04636826738715172 0.9649146199226379 0.2584366798400879 -0.005654916632920504 -0.06498508900403976 -0.2552531361579895 0.9646879434585571 -0.016078822314739227
1403636586.4635556 0.996792197227478 -0.06268227845430374 0.04976148158311844 0.004882598761469126 0.04649555683135986 0.9596225023269653 0.27742165327072144 -0.00528528168797493 -0.06514166295528412 -0.2742181122303009 0.9594586491584778 -0.01704900898039341
1403636586.5135555 0.9969155192375183 -0.06136384978890419 0.04892684891819954 0.005247325170785189 0.04437652602791786 0.9549356698989868 0.29347652196884155 -0.004927865695208311 -0.06473085284233093 -0.2904001772403717 0.9547133445739746 -0.01856021024286747
1403636586.5635555 0.9971621036529541 -0.05959419906139374 0.04600202292203903 0.00583698321133852 0.042715441435575485 0.9510353207588196 0.30611616373062134 -0.004876198247075081 -0.06199229881167412 -0.3032824695110321 0.950882077217102 -0.019928641617298126
1403636586.6135554 0.9973496198654175 -0.05860444903373718 0.043118368834257126 0.006693932693451643 0.042194657027721405 0.9486783146858215 0.31341516971588135 -0.005146759562194347 -0.059272997081279755 -0.31076517701148987 0.9486367106437683 -0.020942790433764458
1403636586.6635556 0.9972867965698242 -0.05999462306499481 0.04265566170215607 0.007677873596549034 0.04359239712357521 0.948250949382782 0.3145149350166321 -0.00561788585036993 -0.059317488223314285 -0.3118022382259369 0.9482936263084412 -0.02117326110601425
1403636586.7135556 0.997374415397644 -0.059774674475193024 0.04087797552347183 0.008887785486876965 0.04420296102762222 0.9496574401855469 0.31015607714653015 -0.006176828406751156 -0.05735955759882927 -0.3075349032878876 0.9498063325881958 -0.02141156792640686
1403636586.7635555 0.9974977374076843 -0.0607980377972126 0.03607878461480141 0.010057885199785233 0.047062937170267105 0.9518724083900452 0.30285945534706116 -0.006702095735818148 -0.05275566503405571 -0.30040374398231506 0.9523520469665527 -0.021425781771540642
1403636586.8135555 0.9976528286933899 -0.06013112515211105 0.03275727853178978 0.011270450428128242 0.04784131795167923 0.9543551206588745 0.29481759667396545 -0.007258929777890444 -0.04898980259895325 -0.2925585210323334 0.95499187707901 -0.02122742496430874
1403636586.8635557 0.9978182315826416 -0.05810385197401047 0.031347814947366714 0.012166939675807953 0.046675603836774826 0.9566526412963867 0.2874664068222046 -0.007467442657798529 -0.0466918908059597 -0.28537610173225403 0.9572775959968567 -0.020697511732578278
1403636586.9135554 0.9981107711791992 -0.05363937467336655 0.029958393424749374 0.012467795982956886 0.043048229068517685 0.958477795124054 0.2818991243839264 -0.007569627836346626 -0.0438353568315506 -0.2800770103931427 0.958976149559021 -0.020145833492279053
1403636586.9635556 0.9984028339385986 -0.050525862723588943 0.02527373656630516 0.012931574136018753 0.0415719710290432 0.9599924683570862 0.2769227623939514 -0.007607738953083754 -0.03825437277555466 -0.2754298746585846 0.9605596661567688 -0.019547369331121445
1403636587.0135555 0.9988009333610535 -0.043807387351989746 0.02185210771858692 0.013301614671945572 0.036132581532001495 0.9608481526374817 0.27470943331718445 -0.007897200994193554 -0.03303085267543793 -0.27359047532081604 0.961279034614563 -0.0192609503865242
1403636587.0635555 0.9989738464355469 -0.04072943702340126 0.019807148724794388 0.012869778089225292 0.03370239585638046 0.9606691598892212 0.2756427526473999 -0.0078907934948802 -0.030254889279603958 -0.27469247579574585 0.9610560536384583 -0.01840844191610813
1403636587.1135554 0.9991764426231384 -0.03647545725107193 0.017770571634173393 0.013261031359434128 0.030044617131352425 0.9594923257827759 0.2801283597946167 -0.008181706070899963 -0.027268538251519203 -0.27936384081840515 0.9597980380058289 -0.017799612134695053
1403636587.1635556 0.9992964863777161 -0.03338846564292908 0.017077326774597168 0.014019593596458435 0.02713697962462902 0.9580772519111633 0.2852221131324768 -0.008467251434922218 -0.025884529575705528 -0.28455814719200134 0.9583092927932739 -0.017115812748670578
1403636587.2135556 0.9993661642074585 -0.03195904940366745 0.015683520585298538 0.015005824156105518 0.026100128889083862 0.9573561549186707 0.28772905468940735 -0.00869640614837408 -0.024210264906287193 -0.28713735938072205 0.9575833678245544 -0.016426606103777885
1403636587.2635555 0.9992924332618713 -0.03376063331961632 0.016576845198869705 0.016383608803153038 0.027522314339876175 0.9567853212356567 0.2894900143146515 -0.008890446275472641 -0.02563384734094143 -0.2888290286064148 0.9570374488830566 -0.015697933733463287
1403636587.3135555 0.9992154836654663 -0.03558776527643204 0.017379533499479294 0.018187779933214188 0.02901032753288746 0.9564236402511597 0.29053792357444763 -0.00904889591038227 -0.0269617922604084 -0.2898058593273163 0.9567055106163025 -0.014891695231199265
1403636587.3635557 0.9990695714950562 -0.03833693638443947 0.01975693367421627 0.02059083618223667 0.030908536165952682 0.9559362530708313 0.2919427752494812 -0.009275875985622406 -0.03007856383919716 -0.29106050729751587 0.9562316536903381 -0.013889961875975132
1403636587.4135554 0.9989569783210754 -0.04086035490036011 0.02038654312491417 0.02361324056982994 0.03307786211371422 0.955287516117096 0.29382267594337463 -0.009660071693360806 -0.031480710953474045 -0.2928418517112732 0.9556424617767334 -0.013046848587691784
1403636587.4635556 0.9987595081329346 -0.04499335214495659 0.021327726542949677 0.026448102667927742 0.036679841578006744 0.9545004367828369 0.2959449291229248 -0.009911581873893738 -0.03367288410663605 -0.29479554295539856 0.9549669027328491 -0.012457193806767464
1403636587.5135555 0.9985549449920654 -0.04905213043093681 0.021950656548142433 0.03013531118631363 0.040289293974637985 0.9536364078521729 0.2982518672943115 -0.010199667885899544 -0.03556284308433533 -0.2969364821910858 0.9542347192764282 -0.01169605739414692
1403636587.5635555 0.9983412027359009 -0.05294894054532051 0.022608062252402306 0.034387823194265366 0.043733078986406326 0.9528239369392395 0.3003564774990082 -0.010653473436832428 -0.0374450646340847 -0.2988695800304413 0.953559160232544 -0.011174998246133327
1403636587.6135554 0.9980189800262451 -0.05768660828471184 0.02510659396648407 0.03847837820649147 0.047575630247592926 0.9531324505805969 0.2987895905971527 -0.010815616697072983 -0.04116605967283249 -0.2970031797885895 0.953988790512085 -0.010536006651818752
1403636587.6635556 0.9976583123207092 -0.06199832260608673 0.0288827046751976 0.04311153665184975 0.05076933279633522 0.9542460441589355 0.29468151926994324 -0.011245058849453926 -0.04583095759153366 -0.2925250828266144 0.9551590085029602 -0.009905889630317688
1403636587.7135556 0.9971485137939453 -0.06750962883234024 0.033724457025527954 0.047934483736753464 0.054977793246507645 0.9560009837150574 0.2881661355495453 -0.01181303896009922 -0.0516946017742157 -0.2854902744293213 0.9569864869117737 -0.00915642362087965
1403636587.7635555 0.9963496923446655 -0.07513973116874695 0.04051097482442856 0.05048435926437378 0.060765910893678665 0.9575952887535095 0.2816360890865326 -0.012292333878576756 -0.059955183416604996 -0.2781464159488678 0.958665668964386 -0.009007557295262814
1403636587.8135555 0.9957115054130554 -0.0796959400177002 0.04697898030281067 0.05540132150053978 0.06369701772928238 0.9588721394538879 0.27659937739372253 -0.012722048908472061 -0.06709068268537521 -0.27242082357406616 0.9598363637924194 -0.008221685886383057
1403636587.8635557 0.9949228763580322 -0.08537936210632324 0.0532786026597023 0.06011446565389633 0.0675307884812355 0.9589028358459473 0.27558135986328125 -0.013031517155468464 -0.07461795210838318 -0.2705842852592468 0.959800124168396 -0.007629771716892719
1403636587.9135554 0.9942319393157959 -0.08971428871154785 0.05877174064517021 0.0639350414276123 0.06997793912887573 0.9579055309295654 0.27842438220977783 -0.012844732962548733 -0.08127643167972565 -0.27270573377609253 0.9586582183837891 -0.00712554482743144
1403636587.9635556 0.9934510588645935 -0.09259303659200668 0.06694450974464417 0.06837663799524307 0.06983893364667892 0.9558022618293762 0.28559544682502747 -0.012612869031727314 -0.0904298648238182 -0.2790498435497284 0.9560091495513916 -0.006698955781757832
1403636588.0135555 0.9924912452697754 -0.09526995569467545 0.07671285420656204 0.07249312102794647 0.06855324655771255 0.952664852142334 0.29619300365448 -0.012019391171634197 -0.1012999415397644 -0.2887101173400879 0.9520423412322998 -0.006213648710399866
1403636588.0635555 0.9914343953132629 -0.10120362788438797 0.08255614340305328 0.07565242797136307 0.07134290039539337 0.9491190314292908 0.3067302703857422 -0.011596784926950932 -0.10939782112836838 -0.2982131838798523 0.9482094049453735 -0.00565764494240284
1403636588.1135554 0.9910833239555359 -0.10370499640703201 0.08366033434867859 0.07887715101242065 0.0726509615778923 0.9469236135482788 0.31314170360565186 -0.011035732924938202 -0.11169430613517761 -0.30427154898643494 0.946014404296875 -0.005100736394524574
1403636588.1635556 0.9910004138946533 -0.10319498181343079 0.08525767177343369 0.08157351613044739 0.07118070125579834 0.9456669688224792 0.3172498047351837 -0.010604712180793285 -0.11336395144462585 -0.3083260655403137 0.9445017576217651 -0.004870685748755932
1403636588.2135556 0.9911289811134338 -0.10383084416389465 0.08296110481023788 0.0822654590010643 0.07233500480651855 0.9451010823249817 0.31867149472236633 -0.010325009003281593 -0.11149454861879349 -0.3098435401916504 0.9442276954650879 -0.004742825403809547
1403636588.2635555 0.9912384152412415 -0.10378796607255936 0.0816972553730011 0.08398987352848053 0.07285043597221375 0.9455251097679138 0.3172931969165802 -0.009983680211007595 -0.11017803102731705 -0.3085615336894989 0.9448018074035645 -0.004444005899131298
1403636588.3135555 0.9912525415420532 -0.10544610768556595 0.07936954498291016 0.08507142215967178 0.07552065700292587 0.9463750123977661 0.3141193985939026 -0.009788920171558857 -0.10823601484298706 -0.3053776025772095 0.9460599422454834 -0.004248503595590591
1403636588.3635557 0.9915177226066589 -0.10508239269256592 0.07648812234401703 0.0856119766831398 0.07651598006486893 0.9476425647735596 0.3100302219390869 -0.009455058723688126 -0.10506211966276169 -0.3015478849411011 0.9476449489593506 -0.004076825454831123
1403636588.4135554 0.9913917183876038 -0.1073148101568222 0.07500676065683365 0.08572328090667725 0.07945572584867477 0.9484542608261108 0.30679184198379517 -0.009237409569323063 -0.10406377166509628 -0.2981911897659302 0.9488164782524109 -0.00413470296189189
