1403638130.4950972 0.999245822429657 -0.028519801795482635 -0.026352325454354286 -0.0010447464883327484 0.027657927945256233 0.9990886449813843 -0.032510872930288315 -0.0097625982016325 0.02725551463663578 0.031757503747940063 0.9991239309310913 -0.003627232974395156
1403638130.5450969 0.9995535612106323 -0.013251288793981075 -0.026782676577568054 -0.001510501722805202 0.012579463422298431 0.9996058344841003 -0.025099193677306175 -0.013211559504270554 0.027104714885354042 0.02475106716156006 0.999326229095459 -0.004754022229462862
1403638130.595097 0.9996599555015564 -0.005388197489082813 -0.025509711354970932 -0.0020965824369341135 0.004702243022620678 0.9996277689933777 -0.02687383070588112 -0.014145373366773129 0.02564501017332077 0.026744738221168518 0.9993133544921875 -0.005056057125329971
1403638130.645097 0.999675989151001 -0.00645896652713418 -0.024619892239570618 -0.002158477669581771 0.00554259167984128 0.9992957711219788 -0.03710905462503433 -0.01653338596224785 0.024842238053679466 0.03696057200431824 0.9990078806877136 -0.006070427130907774
1403638130.695097 0.9994677305221558 -0.019275693222880363 -0.026319719851017 -0.0020490670576691628 0.018058782443404198 0.9987912178039551 -0.04571579024195671 -0.023536309599876404 0.027169106528162956 0.0452161505818367 0.9986076354980469 -0.009192664176225662
1403638130.745097 0.998612642288208 -0.042603686451911926 -0.030945803970098495 -0.0025364987086504698 0.04068093001842499 0.9973504543304443 -0.060308896005153656 -0.025295870378613472 0.03343319520354271 0.05896632373332977 0.9976999759674072 -0.009272618219256401
1403638130.795097 0.9972923994064331 -0.06215497478842735 -0.03930145129561424 -0.0010382672771811485 0.05940113961696625 0.9959337115287781 -0.06773123145103455 -0.027455734089016914 0.04335147514939308 0.06521328538656235 0.9969292283058167 -0.010233968496322632
1403638130.845097 0.9968650341033936 -0.06661990284919739 -0.04268427938222885 -0.0025242792908102274 0.06337227672338486 0.9952883124351501 -0.07338540256023407 -0.024496914818882942 0.04737209528684616 0.07045035064220428 0.9963898062705994 -0.009609697386622429
1403638130.895097 0.9964274168014526 -0.07031681388616562 -0.04677564650774002 -0.0024527213536202908 0.0665787011384964 0.9947922825813293 -0.07717237621545792 -0.025459636002779007 0.051958560943603516 0.07378239929676056 0.9959198832511902 -0.010003343224525452
1403638130.945097 0.9963210225105286 -0.07437680661678314 -0.04257591441273689 -0.00281528290361166 0.07029979676008224 0.9934258460998535 -0.09034933894872665 -0.026275260373950005 0.04901590570807457 0.08702383935451508 0.9949997067451477 -0.010603089816868305
1403638130.9950972 0.996135950088501 -0.08037025481462479 -0.03540867194533348 -0.0022006367798894644 0.07616171985864639 0.9912937879562378 -0.107405886054039 -0.030630625784397125 0.04373263940215111 0.1042940765619278 0.9935844540596008 -0.011525599285960197
1403638131.0450969 0.9958387017250061 -0.08597508817911148 -0.030223412439227104 -0.0019634778145700693 0.08163155615329742 0.9889712929725647 -0.12357989698648453 -0.030983299016952515 0.04051488637924194 0.12059848755598068 0.9918742179870605 -0.011852175928652287
1403638131.095097 0.9965581893920898 -0.07940862327814102 -0.02379223145544529 -0.0036438722163438797 0.07560368627309799 0.9883606433868408 -0.1320127695798874 -0.02543335035443306 0.03399825841188431 0.12975963950157166 0.9909623861312866 -0.009633837267756462
1403638131.145097 0.9972115159034729 -0.0709187462925911 -0.023234345018863678 -0.0032947263680398464 0.0675295814871788 0.9900365471839905 -0.1235613152384758 -0.024460244923830032 0.0317656584084034 0.12164776772260666 0.9920649528503418 -0.009231786243617535
1403638131.195097 0.9980406165122986 -0.05817195400595665 -0.023042025044560432 -0.0025238797534257174 0.05541038513183594 0.9927844405174255 -0.10634394735097885 -0.022559307515621185 0.029061995446681976 0.10485880076885223 0.9940624833106995 -0.009289288893342018
1403638131.245097 0.9990769028663635 -0.03680142015218735 -0.022157184779644012 -0.0018831919878721237 0.03476685285568237 0.9956799149513245 -0.08609726279973984 -0.0203165914863348 0.025229966267943382 0.0852474719285965 0.9960402846336365 -0.008544906973838806
1403638131.295097 0.9994910955429077 -0.022748427465558052 -0.02236451581120491 -0.0018743508262559772 0.021123090758919716 0.9972948431968689 -0.07040410488843918 -0.018668634817004204 0.023905599489808083 0.06989584863185883 0.9972677826881409 -0.007913992740213871
1403638131.345097 0.9996500611305237 -0.014051633886992931 -0.022416574880480766 -0.0016259909607470036 0.012596114538609982 0.9978832006454468 -0.06380005180835724 -0.01698722317814827 0.023265620693564415 0.06349536776542664 0.9977108836174011 -0.007357873022556305
1403638131.395097 0.9996715188026428 -0.015436026267707348 -0.020460601896047592 -0.0014019889058545232 0.014121291227638721 0.9979190826416016 -0.06291364878416061 -0.015714820474386215 0.02138916216790676 0.06260405480861664 0.9978092312812805 -0.00673566572368145
1403638131.445097 0.9996962547302246 -0.016625428572297096 -0.01819496788084507 -0.0010219607502222061 0.015398433431982994 0.9977262020111084 -0.06561534851789474 -0.013753198087215424 0.01924447901546955 0.06531524658203125 0.9976791143417358 -0.005750961601734161
1403638131.4950972 0.9999088644981384 -0.006373978219926357 -0.011899720877408981 -0.0007942477823235095 0.005593754351139069 0.9979029893875122 -0.06448621302843094 -0.01207209937274456 0.012285802513360977 0.06441377848386765 0.9978476166725159 -0.00523037277162075
1403638131.5450969 0.999937891960144 -0.0033785358536988497 -0.010628635995090008 -0.000565417343750596 0.0027448153123259544 0.9982492923736572 -0.05908361077308655 -0.009992953389883041 0.010809645988047123 0.05905074626207352 0.9981964826583862 -0.004607003647834063
1403638131.595097 0.9999457001686096 -0.0008390481234528124 -0.010399075224995613 0.00024511528317816556 0.0003006739425472915 0.9986644387245178 -0.05166541785001755 -0.00800013542175293 0.010428538545966148 0.0516594834625721 0.9986103773117065 -0.0043181986548006535
1403638131.645097 0.9999356865882874 0.004516389220952988 -0.010420403443276882 0.00013404586934484541 -0.005005787126719952 0.9988622665405273 -0.047427862882614136 -0.005494957324117422 0.010194345377385616 0.04747696593403816 0.9988203644752502 -0.003266396000981331
1403638131.695097 0.9999216794967651 0.008923899382352829 -0.008769206702709198 0.0005032256012782454 -0.009320596233010292 0.9988846778869629 -0.04628937691450119 -0.004533055238425732 0.008346343412995338 0.04636748880147934 0.9988895058631897 -0.0028306797612458467
1403638131.745097 0.9998895525932312 0.012815496884286404 -0.007522446569055319 0.000772614439483732 -0.01315209548920393 0.9988294243812561 -0.04654708132147789 -0.0019422178156673908 0.006917118560522795 0.04664088040590286 0.9988877773284912 -0.002185266464948654
1403638131.795097 0.9997152090072632 0.02372237667441368 -0.0025931629352271557 0.0011520179687067866 -0.02381606213748455 0.9986738562583923 -0.04564331844449043 0.0003843092708848417 0.00150695675984025 0.0456920750439167 0.9989544153213501 -0.0017023348482325673
1403638131.845097 0.9994111061096191 0.03419419378042221 0.0028665834106504917 0.0018912869272753596 -0.03404699265956879 0.9985681176185608 -0.04126179590821266 0.0021067927591502666 -0.004273392725735903 0.04113990068435669 0.9991441965103149 -0.001719726133160293
1403638131.895097 0.9991531372070312 0.04031037166714668 0.008263761177659035 0.0016310735372826457 -0.03995303437113762 0.9984161257743835 -0.03961079940199852 0.004203823395073414 -0.009847398847341537 0.03924709931015968 0.9991809725761414 -0.0002425636921543628
1403638131.945097 0.9989382028579712 0.04481412097811699 0.010691363364458084 0.0018524579936638474 -0.04437028989195824 0.9982669949531555 -0.03865577280521393 0.00595046253874898 -0.012405161745846272 0.038140349090099335 0.999195396900177 0.0003833398222923279
1403638131.9950972 0.9982532858848572 0.05789898335933685 0.011751418001949787 0.002039442304521799 -0.05748612433671951 0.9978052973747253 -0.03286316618323326 0.0073927282355725765 -0.013628371059894562 0.032130226492881775 0.9993907809257507 0.0008202168392017484
1403638132.0450969 0.9970599412918091 0.07592035084962845 0.01037239283323288 0.0020500875543802977 -0.07566552609205246 0.9968661665916443 -0.02307729795575142 0.00801645964384079 -0.0120919244363904 0.02222462184727192 0.9996798634529114 0.0009181936620734632
1403638132.095097 0.995568037033081 0.093580462038517 0.009323149919509888 0.0021175399888306856 -0.09348032623529434 0.9955640435218811 -0.01065391581505537 0.008659875020384789 -0.010278793051838875 0.009735168889164925 0.9998997449874878 0.001454993849620223
1403638132.145097 0.9945124387741089 0.10442298650741577 0.006408264394849539 0.001981268869712949 -0.104399174451828 0.9945275783538818 -0.003946621902287006 0.00824501272290945 -0.006785314530134201 0.0032559470273554325 0.9999716281890869 0.0008927448070608079
1403638132.195097 0.9945029616355896 0.1046690121293068 0.0028527912218123674 0.0019232822814956307 -0.10464686155319214 0.9944844841957092 -0.007043829187750816 0.007184438407421112 -0.003574326867237687 0.006706573069095612 0.9999710917472839 0.00047815489233471453
1403638132.245097 0.9956426024436951 0.09318896383047104 -0.003410648787394166 0.0019075628370046616 -0.09324034303426743 0.9954209923744202 -0.021054541692137718 0.0059167686849832535 0.0014329802943393588 0.021280810236930847 0.9997726082801819 -0.0001855718292063102
1403638132.295097 0.9968428611755371 0.0786859318614006 -0.010620404966175556 0.0017303874483332038 -0.07902909815311432 0.9961811304092407 -0.03711468353867531 0.0039523602463305 0.007659444585442543 0.03783682733774185 0.999254584312439 -0.0009823342552408576
1403638132.345097 0.9973820447921753 0.07065733522176743 -0.015382527373731136 0.0017874633194878697 -0.07132761925458908 0.996269702911377 -0.04856874421238899 0.0012989378301426768 0.011893409304320812 0.049538783729076385 0.9987013339996338 -0.0026429679710417986
1403638132.395097 0.9980970621109009 0.05576089024543762 -0.026323433965444565 0.0012651304714381695 -0.05710350349545479 0.9969415664672852 -0.05335494130849838 -0.001190063077956438 0.023267803713679314 0.05475657433271408 0.9982286691665649 -0.003546715248376131
1403638132.445097 0.9985870718955994 0.03924476355314255 -0.03582735359668732 0.001286884187720716 -0.04146884009242058 0.9971132278442383 -0.06360412389039993 -0.004094752017408609 0.033227793872356415 0.06499997526407242 0.9973319172859192 -0.004888069815933704
1403638132.4950972 0.9988396763801575 0.015003703534603119 -0.04576359689235687 0.0008088555186986923 -0.018682150170207024 0.9965356588363647 -0.08104144036769867 -0.0076766060665249825 0.04438912868499756 0.0818023756146431 0.9956595301628113 -0.006221955642104149
1403638132.5450969 0.9985936284065247 -0.011412899009883404 -0.05177275463938713 -0.00031308564939536154 0.00590160209685564 0.9944144487380981 -0.10538074374198914 -0.010513745248317719 0.05268626660108566 0.10492698848247528 0.9930832386016846 -0.006980584003031254
1403638132.595097 0.9978728890419006 -0.031869567930698395 -0.05686914175748825 -0.0007822776096872985 0.024419233202934265 0.9915763139724731 -0.12720105051994324 -0.01319174375385046 0.0604439340531826 0.12554176151752472 0.9902453422546387 -0.007773200981318951
1403638132.645097 0.9972683787345886 -0.04100649058818817 -0.061433710157871246 -0.000888317939825356 0.032392214983701706 0.9902914762496948 -0.1351804882287979 -0.016113506630063057 0.0663805603981018 0.13282130658626556 0.9889146089553833 -0.008167804218828678
1403638132.695097 0.9970550537109375 -0.04292524605989456 -0.06354855746030807 -0.0017156943213194609 0.03461962565779686 0.9913662075996399 -0.1264696568250656 -0.0175322312861681 0.0684286430478096 0.12389720231294632 0.9899328351020813 -0.008537123911082745
1403638132.745097 0.996855616569519 -0.0443049855530262 -0.0656953752040863 -0.002848121803253889 0.03662886470556259 0.9928324818611145 -0.11376349627971649 -0.018937697634100914 0.0702647864818573 0.1109994500875473 0.9913333654403687 -0.00953330285847187
1403638132.795097 0.9967729449272156 -0.04705146327614784 -0.06503739207983017 -0.003531163791194558 0.03983283415436745 0.9933364987373352 -0.10814771056175232 -0.020490096881985664 0.06969252973794937 0.10520809143781662 0.9920051097869873 -0.00960669293999672
1403638132.845097 0.9963647127151489 -0.05469420179724693 -0.06531396508216858 -0.0038533066399395466 0.04675903916358948 0.9919852614402771 -0.11738340556621552 -0.02105097286403179 0.07121067494153976 0.11390267312526703 0.9909365773200989 -0.009732523933053017
1403638132.895097 0.9955783486366272 -0.06858256459236145 -0.06418849527835846 -0.003968048840761185 0.05960599705576897 0.9893755912780762 -0.13260126113891602 -0.0215716902166605 0.07260064780712128 0.12818893790245056 0.9890888929367065 -0.010350803844630718
1403638132.945097 0.9947113990783691 -0.07786498963832855 -0.06697982549667358 -0.0043396493420004845 0.06742370873689651 0.9869741797447205 -0.1460680514574051 -0.021650275215506554 0.07748094946146011 0.140779510140419 0.9870044589042664 -0.010518500581383705
1403638132.9950972 0.9942983984947205 -0.07748475670814514 -0.07325972616672516 -0.004338329192250967 0.06564383208751678 0.9861795902252197 -0.15212079882621765 -0.021826639771461487 0.08403429388999939 0.1464444100856781 0.9856430292129517 -0.00999428890645504
1403638133.0450969 0.994987964630127 -0.06322554498910904 -0.07746919989585876 -0.003664859337732196 0.05126212164759636 0.9877016544342041 -0.14770764112472534 -0.0205876175314188 0.08585533499717712 0.14299608767032623 0.9859923720359802 -0.009759697131812572
1403638133.095097 0.9961239099502563 -0.0432460680603981 -0.07659547030925751 -0.0032438524067401886 0.03245069459080696 0.9900447130203247 -0.13696135580539703 -0.019682861864566803 0.08175598084926605 0.13394492864608765 0.9876105785369873 -0.00956073496490717
1403638133.145097 0.9967960119247437 -0.03315437212586403 -0.0727897509932518 -0.0023761007469147444 0.02365577220916748 0.9915334582328796 -0.12767845392227173 -0.018701719120144844 0.0764065831899643 0.12554748356342316 0.9891409873962402 -0.009404732845723629
1403638133.195097 0.997788667678833 -0.026669146493077278 -0.06088090315461159 -0.0007544534164480865 0.018914472311735153 0.9920305013656616 -0.12457028776407242 -0.017116423696279526 0.06371788680553436 0.12314331531524658 0.9903411865234375 -0.008730093948543072
1403638133.245097 0.9986000061035156 -0.0271751768887043 -0.04538170248270035 0.0007516365149058402 0.02136407233774662 0.9920582175254822 -0.12395253777503967 -0.01604231260716915 0.048389703035354614 0.12280946969985962 0.9912498593330383 -0.00783395953476429
1403638133.295097 0.9993781447410583 -0.025074569508433342 -0.02478802017867565 0.0032502508256584406 0.02186744660139084 0.9922748804092407 -0.12211602926254272 -0.014499692246317863 0.027658533304929733 0.12149805575609207 0.9922062158584595 -0.007258689031004906
1403638133.345097 0.9997764229774475 -0.020315010100603104 -0.005860595032572746 0.005195686127990484 0.0195295549929142 0.9934925436973572 -0.11221050471067429 -0.013694577850401402 0.008102014660835266 0.11207098513841629 0.9936671257019043 -0.0068005663342773914
1403638133.395097 0.9998114109039307 -0.014337694272398949 0.013108257204294205 0.006691462360322475 0.015616070479154587 0.9945293664932251 -0.10328312963247299 -0.01178054790943861 -0.011555706150829792 0.10346833616495132 0.9945655465126038 -0.006675529759377241
1403638133.445097 0.9992141127586365 -0.010075652040541172 0.03833451122045517 0.008383342996239662 0.013658513315021992 0.9954425096511841 -0.09438100457191467 -0.011545000597834587 -0.03720885142683983 0.09483043104410172 0.9947978258132935 -0.007511909119784832
1403638133.4950972 0.998100221157074 -0.016269667074084282 0.05942387506365776 0.013525749556720257 0.021715551614761353 0.9955054521560669 -0.09218104928731918 -0.010171270929276943 -0.05765703693032265 0.0932963564991951 0.9939675331115723 -0.006749194115400314
1403638133.5450969 0.9961705207824707 -0.0282244011759758 0.08275031298398972 0.01593891903758049 0.03571604564785957 0.9952559471130371 -0.0904984399676323 -0.008908971212804317 -0.0798034816980362 0.09310739487409592 0.9924527406692505 -0.006634904071688652
1403638133.595097 0.9941754341125488 -0.0432131290435791 0.09873142838478088 0.01797899790108204 0.05154450982809067 0.9951776266098022 -0.08345399796962738 -0.008299261331558228 -0.09464901685714722 0.08805698156356812 0.9916085600852966 -0.006982171908020973
1403638133.645097 0.9921862483024597 -0.05895066633820534 0.10996119678020477 0.01947290264070034 0.0674719363451004 0.9948640465736389 -0.07545214146375656 -0.007073486223816872 -0.104948490858078 0.08228188008069992 0.9910679459571838 -0.00786726176738739
1403638133.695097 0.9900055527687073 -0.07107128947973251 0.12181074917316437 0.021846942603588104 0.07960153371095657 0.9945960640907288 -0.06665050238370895 -0.006282231770455837 -0.11641556769609451 0.07568071782588959 0.9903129935264587 -0.008435843512415886
1403638133.745097 0.9872912168502808 -0.07597168534994125 0.13958658277988434 0.02414235845208168 0.0849677249789238 0.9945964217185974 -0.05965259298682213 -0.004961700644344091 -0.13430039584636688 0.07075481861829758 0.9884114265441895 -0.00793274212628603
1403638133.795097 0.984237015247345 -0.07762321084737778 0.15890926122665405 0.02680675871670246 0.0870974138379097 0.9947600364685059 -0.05354008078575134 -0.00587629247456789 -0.15392062067985535 0.06653671711683273 0.9858404397964478 -0.00932617299258709
1403638133.845097 0.9812433123588562 -0.07297268509864807 0.17842797935009003 0.02932947687804699 0.0831342414021492 0.9952760338783264 -0.05014321208000183 -0.002953931223601103 -0.17392601072788239 0.06403617560863495 0.9826744794845581 -0.008249311707913876
1403638133.895097 0.9786344170570374 -0.07268089056015015 0.19233369827270508 0.030890561640262604 0.08259805291891098 0.9956091642379761 -0.04404599592089653 -0.0019443496130406857 -0.1882878839969635 0.05899132043123245 0.9803406596183777 -0.008078283630311489
1403638133.945097 0.9762429594993591 -0.07351251691579819 0.20382750034332275 0.03152623027563095 0.08373957872390747 0.9956021308898926 -0.04200102016329765 -0.001640390488319099 -0.19984349608421326 0.05807162821292877 0.9781054854393005 -0.00788742583245039
1403638133.9950972 0.975142240524292 -0.07369773834943771 0.20896472036838531 0.033036116510629654 0.0848298892378807 0.9953874945640564 -0.04480857774615288 -0.0007951135048642755 -0.2046985924243927 0.06142120808362961 0.9768960475921631 -0.006698522716760635
1403638134.0450969 0.9751228094100952 -0.0706002488732338 0.21012179553508759 0.03277841955423355 0.0814959928393364 0.9957175850868225 -0.043644655495882034 -0.0009219242492690682 -0.20614059269428253 0.059682995080947876 0.9767006039619446 -0.005798549856990576
1403638134.095097 0.9762152433395386 -0.0626547634601593 0.20755255222320557 0.03182802349328995 0.07191935181617737 0.9967094659805298 -0.03738903999328613 -0.0009169901604764163 -0.20452697575092316 0.05142680183053017 0.9775090217590332 -0.004478537943214178
1403638134.145097 0.9773287773132324 -0.0532311387360096 0.2049267590045929 0.0305621437728405 0.06108866631984711 0.9976126551628113 -0.032204896211624146 -0.0011416948400437832 -0.20272323489189148 0.043993476778268814 0.978247344493866 -0.0026701418682932854
1403638134.195097 0.9774004220962524 -0.04946742579340935 0.20552726089954376 0.029187563806772232 0.05800396576523781 0.997677206993103 -0.035715747624635696 -0.0017388769192621112 -0.20328310132026672 0.04682997986674309 0.9779994487762451 -0.0012336536310613155
1403638134.245097 0.9766791462898254 -0.05536108464002609 0.20744413137435913 0.027511155232787132 0.06743045896291733 0.9963905811309814 -0.05156402289867401 -0.0028736384119838476 -0.20384076237678528 0.06434956192970276 0.9768868684768677 0.0004865312948822975
1403638134.295097 0.9755184054374695 -0.06291235238313675 0.21072696149349213 0.02329164370894432 0.07794762402772903 0.9949131011962891 -0.0638125017285347 -0.0036729187704622746 -0.20564045011997223 0.07867594063282013 0.9754599332809448 0.00182775454595685
1403638134.345097 0.9754911065101624 -0.07228265702724457 0.20782771706581116 0.02117980271577835 0.08686791360378265 0.9942935705184937 -0.061919957399368286 -0.00549452006816864 -0.20216602087020874 0.07845593988895416 0.9762036204338074 0.004481329582631588
1403638134.395097 0.9761888980865479 -0.08201362937688828 0.20082063972949982 0.020302709192037582 0.0950966402888298 0.9938703775405884 -0.056375518441200256 -0.006124455481767654 -0.194966122508049 0.07413052022457123 0.978004515171051 0.005726835690438747
1403638134.445097 0.97626131772995 -0.09012199938297272 0.1969567984342575 0.017659032717347145 0.1021324098110199 0.9934275150299072 -0.051677439361810684 -0.005834269803017378 -0.19100505113601685 0.07056635618209839 0.9790492653846741 0.00769486278295517
1403638134.4950972 0.9760667085647583 -0.09703495353460312 0.19462253153324127 0.014800000935792923 0.10893315821886063 0.9927208423614502 -0.05136820301413536 -0.007338530849665403 -0.18822135031223297 0.07133962213993073 0.9795321822166443 0.009333670139312744
1403638134.5450969 0.9755375385284424 -0.1074080616235733 0.1918073147535324 0.012494746595621109 0.11924178153276443 0.9915429353713989 -0.05122391879558563 -0.009273864328861237 -0.18468332290649414 0.0728423073887825 0.980094850063324 0.010506097227334976
1403638134.595097 0.9757203459739685 -0.1171824038028717 0.18503524363040924 0.009901420213282108 0.12921753525733948 0.9901262521743774 -0.0543399341404438 -0.009313776157796383 -0.17684060335159302 0.07693039625883102 0.9812283515930176 0.011557744815945625
1403638134.645097 0.9760711193084717 -0.12130908668041229 0.1804695576429367 0.0076961396262049675 0.1323005110025406 0.9899414777755737 -0.05012374371290207 -0.010121633298695087 -0.17257383465766907 0.07280056178569794 0.9823026061058044 0.01256176084280014
1403638134.695097 0.9769158363342285 -0.12191665172576904 0.17541831731796265 0.005381572060286999 0.13134470582008362 0.9903978109359741 -0.04313552379608154 -0.010078287683427334 -0.16847500205039978 0.06518005579710007 0.9835485816001892 0.01324403751641512
1403638134.745097 0.9781485199928284 -0.12240228801965714 0.16805699467658997 0.0033091283403337 0.1296152025461197 0.9910282492637634 -0.03260081261396408 -0.010499688796699047 -0.16255883872509003 0.053671181201934814 0.9852380752563477 0.013848263770341873
1403638134.795097 0.9793105721473694 -0.11772678047418594 0.16459372639656067 0.00027354457415640354 0.1226692944765091 0.9922428131103516 -0.020157398656010628 -0.011329260654747486 -0.160943865776062 0.03993094712495804 0.9861555099487305 0.014499679207801819
1403638134.845097 0.9799107909202576 -0.1133611649274826 0.16408543288707733 -0.00180186633951962 0.11742060631513596 0.9929656386375427 -0.015223711729049683 -0.009922303259372711 -0.16120539605617523 0.03418489545583725 0.9863286018371582 0.014571749605238438
1403638134.895097 0.9803691506385803 -0.10900039225816727 0.1643020510673523 -0.0036642984487116337 0.11298169940710068 0.9934830069541931 -0.015056115575134754 -0.012421141378581524 -0.16159015893936157 0.033323679119348526 0.9862951636314392 0.015074135735630989
1403638134.945097 0.9803452491760254 -0.10850841552019119 0.16476988792419434 -0.0052226996049284935 0.11384064704179764 0.9932271838188171 -0.02324230968952179 -0.012639088556170464 -0.16113194823265076 0.04154300317168236 0.9860581159591675 0.015119844116270542
1403638134.9950972 0.9801927208900452 -0.10938046872615814 0.16510064899921417 -0.006792027503252029 0.11569388210773468 0.9928588271141052 -0.029091011732816696 -0.012904469855129719 -0.16073964536190033 0.047615937888622284 0.9858477115631104 0.015308722853660583
1403638135.0450969 0.9809868931770325 -0.10259738564491272 0.1647379994392395 -0.008469373919069767 0.10842643678188324 0.9937440752983093 -0.02676592953503132 -0.012673762626945972 -0.1609613299369812 0.044118985533714294 0.985974133014679 0.015728814527392387
1403638135.095097 0.9822591543197632 -0.09427454322576523 0.16210898756980896 -0.010006148368120193 0.09849312901496887 0.9949718117713928 -0.018168305978178978 -0.013085056096315384 -0.15958109498023987 0.03381260111927986 0.9866056442260742 0.015319185331463814
1403638135.145097 0.9835917949676514 -0.08688362687826157 0.15810935199260712 -0.01143039669841528 0.0896838903427124 0.9959133267402649 -0.010649268515408039 -0.01336496789008379 -0.1565379798412323 0.024654388427734375 0.9873642325401306 0.015562828630208969
1403638135.195097 0.9842072129249573 -0.08152303099632263 0.1571311354637146 -0.012402605265378952 0.08342237770557404 0.9964989423751831 -0.005519424565136433 -0.012459640391170979 -0.15613104403018951 0.018540507182478905 0.9875624179840088 0.01574362814426422
1403638135.245097 0.9845610857009888 -0.07768675684928894 0.1568576544523239 -0.012672106735408306 0.07862435281276703 0.9969042539596558 0.00022812653332948685 -0.011602714657783508 -0.15638980269432068 0.012108228169381618 0.9876211881637573 0.015952229499816895
1403638135.295097 0.9845772385597229 -0.07395323365926743 0.158551424741745 -0.012548350729048252 0.07516510784626007 0.9971696734428406 -0.0016520936042070389 -0.010394948534667492 -0.15798050165176392 0.01354415062814951 0.9873493313789368 0.01596425473690033
1403638135.345097 0.9841081500053406 -0.07406575232744217 0.16138604283332825 -0.01192314364016056 0.07614515721797943 0.9970740079879761 -0.006729425862431526 -0.009768117219209671 -0.1604154109954834 0.018911246210336685 0.9868683815002441 0.01599406637251377
1403638135.395097 0.9832509756088257 -0.07338491082191467 0.16682930290699005 -0.011188545264303684 0.07615149021148682 0.9970436692237854 -0.010238446295261383 -0.008966265246272087 -0.1655847430229187 0.022771265357732773 0.9859326481819153 0.015422449447214603
1403638135.445097 0.9821822643280029 -0.0675315409898758 0.17537851631641388 -0.010185128077864647 0.06995829939842224 0.9975203275680542 -0.007684578187763691 -0.008063450455665588 -0.1744246929883957 0.019816840067505836 0.9844711422920227 0.015026804991066456
1403638135.4950972 0.9813376665115356 -0.06268025934696198 0.18178987503051758 -0.009024296887218952 0.06407751142978668 0.9979432821273804 -0.0018172208219766617 -0.0077697946690022945 -0.18130207061767578 0.01343194954097271 0.9833357930183411 0.014490967616438866
1403638135.5450969 0.9806178212165833 -0.06131530925631523 0.18608886003494263 -0.008122127503156662 0.06092577427625656 0.9981116652488708 0.007816786877810955 -0.007013936061412096 -0.18621675670146942 0.0036723290104418993 0.9825018048286438 0.014027460478246212
1403638135.595097 0.9792159199714661 -0.05599561333656311 0.1949375569820404 -0.006230741739273071 0.0541628859937191 0.9984234571456909 0.014723574742674828 -0.006579199340194464 -0.19545473158359528 -0.003859176766127348 0.9807051420211792 0.01350213773548603
1403638135.645097 0.9774363040924072 -0.055462710559368134 0.2038184404373169 -0.0039191655814647675 0.05421759933233261 0.9984606504440308 0.011692160740494728 -0.006508376449346542 -0.2041531652212143 -0.00037779752165079117 0.9789388179779053 0.012294151820242405
1403638135.695097 0.9747035503387451 -0.0651187151670456 0.21380449831485748 -0.0016553360037505627 0.0658842921257019 0.9978209137916565 0.0035506808198988438 -0.006236097309738398 -0.21356986463069916 0.010625498369336128 0.9768699407577515 0.011661853641271591
1403638135.745097 0.9722644686698914 -0.07822199910879135 0.22041535377502441 0.0004196271765977144 0.08097060024738312 0.9967104196548462 -0.0034487489610910416 -0.005970687139779329 -0.21942052245140076 0.021200262010097504 0.9753999710083008 0.010806776583194733
1403638135.795097 0.9706361889839172 -0.08807222545146942 0.22384949028491974 0.0023895762860774994 0.09088406711816788 0.995858907699585 -0.0022687786258757114 -0.005361266899853945 -0.22272267937660217 0.022546514868736267 0.9746209979057312 0.00983503833413124
1403638135.845097 0.9698877334594727 -0.08428799360990524 0.22850191593170166 0.003793140174821019 0.0860077291727066 0.9962915182113647 0.0024400129914283752 -0.004796623717993498 -0.22786018252372742 0.01728639006614685 0.9735403060913086 0.00891453493386507
1403638135.895097 0.9690219163894653 -0.07213584333658218 0.23620493710041046 0.005152523051947355 0.07076065242290497 0.9973906874656677 0.014305338263511658 -0.004122821148484945 -0.23662054538726807 0.002851829631254077 0.9715979099273682 0.007672227919101715
1403638135.945097 0.9684642553329468 -0.06183888763189316 0.24135589599609375 0.007196002174168825 0.05694124102592468 0.9980064034461975 0.02722134254872799 -0.0037560288328677416 -0.2425580620765686 -0.01261979527771473 0.9700546860694885 0.006501426454633474
1403638135.9950972 0.9668675065040588 -0.05467385798692703 0.24935534596443176 0.009094275534152985 0.047996487468481064 0.9983092546463013 0.032785266637802124 -0.004223127383738756 -0.25072625279426575 -0.0197308287024498 0.9678568840026855 0.004509329795837402
1403638136.0450969 0.9641250967979431 -0.049577005207538605 0.2607771158218384 0.010757608339190483 0.04449709504842758 0.9986878633499146 0.02535182610154152 -0.004365632776170969 -0.2616918087005615 -0.012838504277169704 0.9650660753250122 0.0033983446191996336
1403638136.095097 0.9612129330635071 -0.05110207200050354 0.2710319757461548 0.013413310050964355 0.05046360567212105 0.9986823201179504 0.00932901818305254 -0.004847709555178881 -0.2711515426635742 0.004710078239440918 0.9625250697135925 0.0024349410086870193
1403638136.145097 0.9585202932357788 -0.061268921941518784 0.27836155891418457 0.015798287466168404 0.06562384963035583 0.9978242516517639 -0.006344896741211414 -0.005418885499238968 -0.27736717462539673 0.024348866194486618 0.9604553580284119 0.0008401242084801197
1403638136.195097 0.9564226269721985 -0.07127096503973007 0.28315410017967224 0.018016716465353966 0.08032860606908798 0.9965577125549316 -0.020492227748036385 -0.00556746544316411 -0.2807188928127289 0.0423445962369442 0.9588554501533508 -0.00032265717163681984
1403638136.245097 0.9537740349769592 -0.07555723190307617 0.2908714711666107 0.018008792772889137 0.08633799850940704 0.9959672689437866 -0.02439013496041298 -0.005142850801348686 -0.28785568475723267 0.048375941812992096 0.9564511775970459 -0.002221679547801614
1403638136.295097 0.951064944267273 -0.0715978816151619 0.3005813956260681 0.020451610907912254 0.08320382982492447 0.996194064617157 -0.025972509756684303 -0.004470406100153923 -0.297577828168869 0.04971107840538025 0.9534024596214294 -0.0035192000214010477
1403638136.345097 0.9482831358909607 -0.06573772430419922 0.31054428219795227 0.022779421880841255 0.07664129137992859 0.9967927932739258 -0.02302640676498413 -0.0037067874800413847 -0.30803462862968445 0.045636072754859924 0.950279951095581 -0.004483852069824934
1403638136.395097 0.9465731382369995 -0.06373883783817291 0.31612759828567505 0.02453044056892395 0.07328063249588013 0.99714195728302 -0.018374815583229065 -0.002736344002187252 -0.314052939414978 0.04055913910269737 0.9485387206077576 -0.005240393802523613
1403638136.445097 0.9445298910140991 -0.0603129081428051 0.32283979654312134 0.02521328628063202 0.0678773745894432 0.9976189136505127 -0.012213251553475857 -0.0024183872155845165 -0.3213343918323517 0.03344930335879326 0.9463748335838318 -0.006415138021111488
1403638136.4950972 0.9425755143165588 -0.06283126771450043 0.3280297815799713 0.02600090391933918 0.06922619044780731 0.9975701570510864 -0.007841745391488075 -0.0019882426131516695 -0.3267400562763214 0.030099695548415184 0.9446347951889038 -0.006929048337042332
1403638136.5450969 0.9405190348625183 -0.07504166662693024 0.33134984970092773 0.02629510685801506 0.08004333078861237 0.99679034948349 -0.0014530299231410027 -0.00191986165009439 -0.33017730712890625 0.02788895182311535 0.9435068368911743 -0.007333235815167427
1403638136.595097 0.9398369193077087 -0.08725014328956604 0.3302941918373108 0.02608950436115265 0.09246166795492172 0.9957162737846375 -6.809085607528687e-05 -0.0023371397983282804 -0.3288733959197998 0.030603555962443352 0.9438779950141907 -0.007633524481207132
1403638136.645097 0.9415795803070068 -0.0974765196442604 0.3223762810230255 0.02534252405166626 0.10393988341093063 0.994579553604126 -0.002852281555533409 -0.002941862912848592 -0.3203507661819458 0.036193396896123886 0.9466073513031006 -0.007699306588619947
1403638136.695097 0.9444552063941956 -0.10433263331651688 0.3116395175457001 0.023869890719652176 0.11145710945129395 0.9937562942504883 -0.0050861225463449955 -0.003755029523745179 -0.30916309356689453 0.039538055658340454 0.9501868486404419 -0.007705405820161104
1403638136.745097 0.9481374025344849 -0.10909371078014374 0.2985532581806183 0.02222452685236931 0.11621392518281937 0.9932052493095398 -0.00614409614354372 -0.004567364696413279 -0.2958543598651886 0.040521491318941116 0.9543732404708862 -0.0075622908771038055
1403638136.795097 0.9527881741523743 -0.11590753495693207 0.2806423604488373 0.020869849249720573 0.12392289191484451 0.9922317862510681 -0.010921784676611423 -0.005316062830388546 -0.2771962881088257 0.04518415778875351 0.9597503542900085 -0.0075151738710701466
1403638136.845097 0.9564041495323181 -0.12785066664218903 0.2625746428966522 0.01859206147491932 0.13811853528022766 0.9901941418647766 -0.020946836099028587 -0.006187415681779385 -0.257321834564209 0.05630006641149521 0.9646843075752258 -0.007147623226046562
1403638136.895097 0.9586917757987976 -0.14303633570671082 0.24586719274520874 0.015597308054566383 0.15664313733577728 0.9869769215583801 -0.0366007462143898 -0.00721396692097187 -0.23743000626564026 0.07360224425792694 0.9686122536659241 -0.006471243686974049
1403638136.945097 0.959833025932312 -0.156541645526886 0.23284199833869934 0.013084778562188148 0.17379267513751984 0.9832233786582947 -0.05538752302527428 -0.0077092451974749565 -0.22026532888412476 0.09362901747226715 0.9709360599517822 -0.005986306816339493
1403638136.9950972 0.9611623883247375 -0.16578304767608643 0.22064121067523956 0.014135986566543579 0.1850772649049759 0.9802483916282654 -0.06970927119255066 -0.0069332183338701725 -0.20472657680511475 0.10783761739730835 0.9728607535362244 -0.004225350450724363
1403638137.0450969 0.962684154510498 -0.16932715475559235 0.21111007034778595 0.011050202883780003 0.1888062059879303 0.9790951013565063 -0.0756637454032898 -0.005961281247437 -0.19388489425182343 0.11269919574260712 0.9745294451713562 -0.002906929003074765
1403638137.095097 0.9645736217498779 -0.16443480551242828 0.20629814267158508 0.006394146475940943 0.18257975578308105 0.9805430173873901 -0.07211024314165115 -0.0048962305299937725 -0.19042682647705078 0.10722149163484573 0.9758284687995911 -0.0026082827243953943
1403638137.145097 0.9677578210830688 -0.15405665338039398 0.19927775859832764 0.00735021336004138 0.169550821185112 0.9835009574890137 -0.06307397782802582 -0.0038876798935234547 -0.18627288937568665 0.09482801705598831 0.9779110550880432 -0.0016621105605736375
1403638137.195097 0.9709434509277344 -0.14245964586734772 0.19228625297546387 0.0056739989668130875 0.15480105578899384 0.9866446852684021 -0.050685085356235504 -0.0020636124536395073 -0.18249763548374176 0.07897846400737762 0.9800290465354919 -0.0006548413657583296
1403638137.245097 0.9739000201225281 -0.12907183170318604 0.18670615553855896 0.0038372171111404896 0.13821138441562653 0.9897212982177734 -0.03673671558499336 0.0002631259267218411 -0.18004535138607025 0.06158280000090599 0.9817286729812622 0.0006134370341897011
1403638137.295097 0.9763007760047913 -0.118726447224617 0.18094418942928314 0.002814779756590724 0.12559111416339874 0.9917166233062744 -0.026923775672912598 0.0023589669726788998 -0.17624883353710175 0.049010682851076126 0.9831247925758362 0.0015675898175686598
1403638137.345097 0.9777438044548035 -0.11431780457496643 0.17592163383960724 0.0017033037729561329 0.1194869726896286 0.9926531314849854 -0.019041042774915695 0.004727019462734461 -0.1724524348974228 0.03963760659098625 0.984220027923584 0.002685812534764409
1403638137.395097 0.9785845875740051 -0.10647723078727722 0.17616774141788483 0.0008623320609331131 0.11012634634971619 0.9938564300537109 -0.01103984285145998 0.006782691925764084 -0.1739099621772766 0.030204128473997116 0.9842982292175293 0.0034853771794587374
1403638137.445097 0.9789509177207947 -0.0966118648648262 0.17978134751319885 -0.0008496694499626756 0.09826993197202682 0.9951598644256592 -0.0003181593492627144 0.009617782197892666 -0.17888043820858002 0.01797856204211712 0.9837065935134888 0.004528290592133999
1403638137.4950972 0.9795408844947815 -0.08340335637331009 0.18314909934997559 -0.0007918962510302663 0.08223076909780502 0.9965150356292725 0.014001141302287579 0.011030719615519047 -0.183678537607193 0.001345799770206213 0.9829853773117065 0.004780446644872427
1403638137.5450969 0.9799386262893677 -0.06931087374687195 0.18685923516750336 -0.001189341419376433 0.06494607031345367 0.9974559545516968 0.029387930408120155 0.013136075809597969 -0.18842072784900665 -0.016662592068314552 0.9819470047950745 0.005912609864026308
1403638137.595097 0.9795346260070801 -0.05195155739784241 0.1944562941789627 -0.001595966750755906 0.04474100098013878 0.9981448650360107 0.04129375144839287 0.014960046857595444 -0.1962408721446991 -0.031748488545417786 0.98004150390625 0.006162193138152361
1403638137.645097 0.9787205457687378 -0.046104151755571365 0.19995112717151642 -0.0018962862668558955 0.037835925817489624 0.9982712268829346 0.04497930407524109 0.016511961817741394 -0.20167918503284454 -0.03645683825016022 0.9787728786468506 0.006856996566057205
1403638137.695097 0.977145791053772 -0.044087186455726624 0.20794777572155 -0.0018420207779854536 0.03573170304298401 0.99840247631073 0.0437689870595932 0.017395513132214546 -0.20954525470733643 -0.03533836081624031 0.9771601557731628 0.007862737402319908
1403638137.745097 0.9756032824516296 -0.0454033724963665 0.2147950977087021 -0.0018932149978354573 0.03762397542595863 0.9984843730926514 0.04017074406147003 0.018411720171570778 -0.21629342436790466 -0.03110925666987896 0.9758326411247253 0.0084870969876647
1403638137.795097 0.9746411442756653 -0.049978163093328476 0.21812041103839874 -0.0019125889521092176 0.041571974754333496 0.9982115626335144 0.04296247288584709 0.019435836002230644 -0.21987751126289368 -0.03280530124902725 0.9749756455421448 0.008993548341095448
1403638137.845097 0.9739925861358643 -0.04784221947193146 0.22147071361541748 -0.0020520996768027544 0.037765733897686005 0.9980592727661133 0.049513574689626694 0.020347848534584045 -0.2234097719192505 -0.03986185044050217 0.9739091396331787 0.00894398707896471
1403638137.895097 0.9735842347145081 -0.04005911201238632 0.22478629648685455 -0.002109021181240678 0.026480315253138542 0.9976557493209839 0.06310160458087921 0.021037278696894646 -0.22678714990615845 -0.05548232048749924 0.9723626971244812 0.00921896193176508
1403638137.945097 0.9733721613883972 -0.03150220960378647 0.22705575823783875 -0.0021279631182551384 0.013696166686713696 0.9967347979545593 0.07957463711500168 0.021845605224370956 -0.22882115840911865 -0.0743459165096283 0.9706255197525024 0.009359439834952354
1403638137.9950972 0.9738413691520691 -0.025659890845417976 0.22577571868896484 -0.002420122968032956 0.004746339749544859 0.9956837892532349 0.09268910437822342 0.023010874167084694 -0.2271796315908432 -0.08919288963079453 0.9697597622871399 0.009138911962509155
