1305031110.811386 0.9995899796485901 0.023304300382733345 -0.016644740477204323 -0.029321184381842613 -0.023219576105475426 0.9997165203094482 0.005265319719910622 0.00038441066863015294 0.01676272787153721 -0.004876676481217146 0.9998475909233093 0.0048825363628566265
1305031110.843218 0.9994387030601501 0.026892252266407013 -0.019977735355496407 -0.031878512352705 -0.02672816812992096 0.999607264995575 0.008435315452516079 0.00022792324307374656 0.020196732133626938 -0.007896611467003822 0.9997648596763611 0.0058213770389556885
1305031110.879313 0.9993070363998413 0.027709810063242912 -0.02485177293419838 -0.030844295397400856 -0.027537241578102112 0.9995943307876587 0.00725949602201581 0.0010737975826486945 0.025042850524187088 -0.006570115685462952 0.9996647238731384 0.006227599456906319
1305031110.911333 0.9994948506355286 0.024815460667014122 -0.019854608923196793 -0.04043940082192421 -0.024571431800723076 0.9996206760406494 0.012441810220479965 -0.0026885620318353176 0.020155826583504677 -0.011947669088840485 0.9997254610061646 0.003334288252517581
1305031110.943862 0.9992904663085938 0.027676517143845558 -0.025545746088027954 -0.03594612330198288 -0.027407201007008553 0.999565601348877 0.010833080857992172 -0.0007049139821901917 0.025834472849965096 -0.010125256143510342 0.999614953994751 0.0037989879492670298
1305031110.979345 0.9990500807762146 0.032205596566200256 -0.029353953897953033 -0.023986229673027992 -0.03208572790026665 0.9994747638702393 0.004545166157186031 0.007985344156622887 0.029484914615750313 -0.003599005052819848 0.9995588660240173 0.006215993780642748
1305031111.011431 0.9992568492889404 0.029669834300875664 -0.024603504687547684 -0.013832931406795979 -0.02943834476172924 0.9995193481445312 0.009718016721308231 0.00626677880063653 0.02488001249730587 -0.00898650847375393 0.9996500611305237 0.006784208584576845
1305031111.043327 0.9995802044868469 0.024578794836997986 -0.015333677642047405 -0.006048901937901974 -0.024472253397107124 0.9996753334999084 0.007097293622791767 0.006922886706888676 0.015503141097724438 -0.006719065830111504 0.9998572468757629 0.00830830354243517
1305031111.079283 0.9997549653053284 0.020006027072668076 -0.009462346322834492 -0.001631551655009389 -0.019917761906981468 0.9997580051422119 0.009332039393484592 0.009987518191337585 0.00964675284922123 -0.00914128590375185 0.9999116063117981 0.006334997713565826
1305031111.111508 0.9999264478683472 0.010101212188601494 -0.006710585672408342 0.005261645186692476 -0.010019914247095585 0.999877393245697 0.012040029279887676 0.008645053952932358 0.00683138333261013 -0.011971903964877129 0.9999048709869385 0.009426837787032127
1305031111.143257 0.9999604225158691 0.008586656302213669 -0.0023054787889122963 0.013910090550780296 -0.008568154647946358 0.999932050704956 0.007917378097772598 0.009318848140537739 0.002373307943344116 -0.007897311821579933 0.9999659061431885 0.009312199428677559
1305031111.179326 0.9999772906303406 0.005821520928293467 -0.003376985900104046 0.0308154858648777 -0.005805028136819601 0.9999712109565735 0.004874308593571186 0.009109755977988243 0.0034052624832838774 -0.004854594822973013 0.9999824166297913 0.007193956524133682
1305031111.211433 0.9999217391014099 -0.001447879010811448 0.012418442405760288 0.03989490866661072 0.0014439986553043127 0.9999987483024597 0.0003209947608411312 0.012186023406684399 -0.012418895028531551 -0.00030303653329610825 0.9999228119850159 0.004376422613859177
1305031111.243236 0.9996429681777954 -0.004516382236033678 0.026340065523982048 0.03783547878265381 0.0044063362292945385 0.9999812841415405 0.0042343116365373135 0.006548955105245113 -0.02635869011282921 -0.004116735886782408 0.9996439814567566 0.0017309493850916624
1305031111.279308 0.99962317943573 -0.007315508089959621 0.02645883895456791 0.05145683139562607 0.007475303485989571 0.999954342842102 -0.005945667624473572 0.00783399399369955 -0.02641412802040577 0.006141215562820435 0.9996321201324463 0.0050459615886211395
1305031111.311547 0.9989567995071411 -0.01504772249609232 0.043114300817251205 0.050331491976976395 0.015551651827991009 0.9998142719268799 -0.011376744136214256 0.009740261361002922 -0.04293510317802429 0.012035375460982323 0.9990053772926331 -0.004665520042181015
1305031111.343397 0.9989393949508667 -0.014463343657553196 0.04371287673711777 0.05143173411488533 0.014762891456484795 0.9998696446418762 -0.0065375687554478645 0.01220947690308094 -0.04361261799931526 0.0071759638376533985 0.9990227818489075 -0.00249628652818501
1305031111.379134 0.9991438984870911 -0.024814553558826447 0.03310120850801468 0.06580539047718048 0.0249580480158329 0.9996806979179382 -0.003928890451788902 0.005981727037578821 -0.032993145287036896 0.004751668311655521 0.999444305896759 -0.002440064214169979
1305031111.411296 0.9988370537757874 -0.01986534520983696 0.04393026605248451 0.062371183186769485 0.02065856009721756 0.9996302723884583 -0.017676541581749916 0.012007669545710087 -0.0435628779232502 0.0185635257512331 0.9988782405853271 -0.0045195072889328
1305031111.443386 0.9997246861457825 -0.011633043177425861 0.020378610119223595 0.08867676556110382 0.011951076798141003 0.9998076558113098 -0.015554646030068398 0.011963164433836937 -0.020193738862872124 0.01579390838742256 0.9996713399887085 -0.005934885237365961
1305031111.479259 0.9995014071464539 -0.016271483153104782 0.027055904269218445 0.10529837757349014 0.016778452321887016 0.9996860027313232 -0.018617715686559677 0.009259155951440334 -0.026744473725557327 0.01906239241361618 0.9994605183601379 -0.004899404942989349
1305031111.511264 0.9980858564376831 -0.017412353307008743 0.05933991074562073 0.10619965940713882 0.01895788498222828 0.9994929432868958 -0.02558266744017601 0.009655247442424297 -0.05886436998844147 0.026658661663532257 0.9979099631309509 -0.00948196742683649
1305031111.54325 0.9978061318397522 -0.017036229372024536 0.06397435814142227 0.12698929011821747 0.019311638548970222 0.9991965293884277 -0.035119231790304184 0.012410163879394531 -0.06332465261220932 0.03627763316035271 0.9973334074020386 -0.0067570884712040424
1305031111.579237 0.9967601299285889 -0.03358161821961403 0.07308711856603622 0.14951832592487335 0.03660295903682709 0.9985129237174988 -0.040399592369794846 0.014546005055308342 -0.07162177562713623 0.04294390231370926 0.9965069890022278 -0.015719108283519745
1305031111.611271 0.9947628378868103 -0.045464854687452316 0.09154068678617477 0.14789479970932007 0.04909722879528999 0.9980774521827698 -0.03782636672258377 0.01372508704662323 -0.08964493125677109 0.04212265461683273 0.995082676410675 -0.01814456842839718
1305031111.643395 0.9937500357627869 -0.06227493658661842 0.09264278411865234 0.15073759853839874 0.06670653820037842 0.9967332482337952 -0.04553104192018509 0.01217086985707283 -0.08950469642877579 0.05142635479569435 0.9946578741073608 -0.011118534952402115
1305031111.67932 0.9924933910369873 -0.07822895050048828 0.09400513768196106 0.18215085566043854 0.0834185928106308 0.9951252937316895 -0.05260138586163521 0.014738754369318485 -0.08943191915750504 0.06004832684993744 0.9941812753677368 -0.025002658367156982
1305031111.71176 0.9903401136398315 -0.0813901275396347 0.11225868761539459 0.19051885604858398 0.08740309625864029 0.9949316382408142 -0.04971715435385704 0.013318329118192196 -0.10764321684837341 0.05904865637421608 0.992434561252594 -0.025502216070890427
1305031111.743386 0.987561821937561 -0.09156731516122818 0.1278161108493805 0.2110225260257721 0.0988755002617836 0.993738055229187 -0.05204150080680847 0.010451790876686573 -0.12225040793418884 0.06403209269046783 0.9904316663742065 -0.027442263439297676
1305031111.779423 0.9842396378517151 -0.09622860699892044 0.14836521446704865 0.2422570139169693 0.10550028830766678 0.992845356464386 -0.05592579022049904 0.013805205002427101 -0.14192204177379608 0.07069696485996246 0.9873500466346741 -0.039794787764549255
1305031111.811406 0.977623701095581 -0.09738998860120773 0.18645918369293213 0.24162812530994415 0.10966416448354721 0.9923523664474487 -0.05666176974773407 0.012564371339976788 -0.17951491475105286 0.07584178447723389 0.9808275103569031 -0.040904171764850616
1305031111.843299 0.9693410396575928 -0.10118307173252106 0.22391963005065918 0.22454586625099182 0.11802923679351807 0.991000771522522 -0.06313899904489517 0.016804950311779976 -0.21551594138145447 0.08763228356838226 0.9725602865219116 -0.034199509769678116
1305031111.879442 0.9703094363212585 -0.10942966490983963 0.21569597721099854 0.2592659592628479 0.12589232623577118 0.9899720549583435 -0.06408186256885529 0.021622803062200546 -0.20652052760124207 0.08933369070291519 0.9743555784225464 -0.03685501217842102
1305031111.911354 0.968264639377594 -0.11904960870742798 0.21975135803222656 0.26137787103652954 0.13632750511169434 0.9885187745094299 -0.06515693664550781 0.019941972568631172 -0.2094714492559433 0.09304732084274292 0.9733775854110718 -0.034583937376737595
1305031111.9433 0.9675189852714539 -0.13264313340187073 0.21520406007766724 0.2680000960826874 0.15026293694972992 0.9863308072090149 -0.06762047857046127 0.01949460618197918 -0.20329301059246063 0.09776127338409424 0.9742252826690674 -0.04163576290011406
1305031111.979449 0.9632214903831482 -0.15161707997322083 0.22184759378433228 0.2741854190826416 0.17112436890602112 0.9826579689979553 -0.07141369581222534 0.024605687707662582 -0.20717273652553558 0.1067507341504097 0.9724626541137695 -0.036795467138290405
1305031112.011433 0.9601462483406067 -0.14986413717269897 0.23592308163642883 0.28528642654418945 0.1705072522163391 0.9828981161117554 -0.0695595070719719 0.022108951583504677 -0.2214638888835907 0.10701388865709305 0.9692789316177368 -0.039430007338523865
1305031112.04327 0.9567979574203491 -0.14525118470191956 0.2518719732761383 0.2970848083496094 0.1690112054347992 0.982733428478241 -0.07530171424150467 0.024249128997325897 -0.23658530414104462 0.114617720246315 0.9648264050483704 -0.04222225397825241
1305031112.079339 0.9620916843414307 -0.14667156338691711 0.22992843389511108 0.35772520303726196 0.16757774353027344 0.9830704927444458 -0.07409539073705673 0.02494489587843418 -0.21516811847686768 0.10981743782758713 0.970382809638977 -0.05629372596740723
1305031112.111423 0.9564222693443298 -0.13569699227809906 0.25853973627090454 0.3523179888725281 0.16064418852329254 0.9839377403259277 -0.0778459906578064 0.02630818635225296 -0.24382349848747253 0.11598653346300125 0.9628589153289795 -0.05472470819950104
1305031112.144342 0.9564036726951599 -0.1253865659236908 0.26376181840896606 0.3696006238460541 0.15029530227184296 0.9856847524642944 -0.07639976590871811 0.02803049609065056 -0.25040650367736816 0.11271118372678757 0.9615575075149536 -0.06184094771742821
1305031112.17939 0.9534299969673157 -0.12109648436307907 0.27623680233955383 0.39321091771125793 0.14658194780349731 0.986465573310852 -0.0734810084104538 0.034172434359788895 -0.26359978318214417 0.11055035144090652 0.9582763910293579 -0.06196662038564682
1305031112.211254 0.9475150108337402 -0.10973934084177017 0.30028730630874634 0.398224413394928 0.13588514924049377 0.9884189367294312 -0.06755132973194122 0.02783767506480217 -0.2893966734409332 0.10481052100658417 0.951453685760498 -0.05783208832144737
1305031112.243369 0.9414061903953552 -0.09768208116292953 0.32281985878944397 0.4022323191165924 0.12719427049160004 0.9892920255661011 -0.07157349586486816 0.021676812320947647 -0.3123716413974762 0.10844055563211441 0.9437503218650818 -0.06345511227846146
1305031112.279353 0.9368060231208801 -0.09086232632398605 0.33784377574920654 0.4093669652938843 0.12551303207874298 0.9886865615844727 -0.08212961256504059 0.024649331346154213 -0.3265592157840729 0.11934331059455872 0.937611997127533 -0.06019223481416702
1305031112.311312 0.9327730536460876 -0.08164940029382706 0.3510952889919281 0.4098063111305237 0.11974507570266724 0.9888824224472046 -0.08816207200288773 0.018962152302265167 -0.3399936854839325 0.12427712976932526 0.9321799278259277 -0.059248849749565125
1305031112.343323 0.9304918050765991 -0.0806167721748352 0.3573317527770996 0.41345199942588806 0.12637104094028473 0.9862422943115234 -0.10656634718179703 0.025263266637921333 -0.34382468461990356 0.14431549608707428 0.9278780221939087 -0.060555845499038696
1305031112.37936 0.9349693059921265 -0.08916055411100388 0.34334051609039307 0.43324950337409973 0.13624146580696106 0.983920156955719 -0.11549679934978485 0.028249692171812057 -0.3275218904018402 0.15476320683956146 0.9320824146270752 -0.06698198616504669
1305031112.411442 0.9336497187614441 -0.09212085604667664 0.34613871574401855 0.4339165687561035 0.14134497940540314 0.9826946258544922 -0.11972089856863022 0.02888338640332222 -0.32911986112594604 0.1607023924589157 0.9305131435394287 -0.06831405311822891
1305031112.443391 0.9355825781822205 -0.10717141628265381 0.33645129203796387 0.45451971888542175 0.1568593829870224 0.9797947406768799 -0.12408606708049774 0.029650261625647545 -0.31635481119155884 0.1688683032989502 0.9334897994995117 -0.07084571570158005
1305031112.479418 0.9331598877906799 -0.12163731455802917 0.3382558822631836 0.4573315978050232 0.17399857938289642 0.9762665629386902 -0.1289498507976532 0.030092762783169746 -0.3145428001880646 0.1791868656873703 0.9321774840354919 -0.0710766389966011
1305031112.511504 0.9333158135414124 -0.1342136263847351 0.33302876353263855 0.46301203966140747 0.1883460283279419 0.9726614952087402 -0.13584981858730316 0.03302299231290817 -0.3056913912296295 0.18951544165611267 0.933079183101654 -0.07271331548690796
1305031112.543212 0.9352995753288269 -0.14261679351329803 0.3238441050052643 0.4747924208641052 0.196336030960083 0.9705446362495422 -0.1396261751651764 0.03276430442929268 -0.29439210891723633 0.1941746026277542 0.9357507824897766 -0.07585003226995468
1305031112.579252 0.9335688352584839 -0.15155869722366333 0.32477545738220215 0.47551921010017395 0.20656786859035492 0.9680696129798889 -0.14202414453029633 0.03251795843243599 -0.2928803265094757 0.19967752695083618 0.935066819190979 -0.07517492026090622
1305031112.611261 0.9322455525398254 -0.16690313816070557 0.321031779050827 0.48770037293434143 0.22182662785053253 0.9645912647247314 -0.14267614483833313 0.037259455770254135 -0.28585144877433777 0.20422258973121643 0.9362597465515137 -0.08136167377233505
1305031112.643246 0.9253308176994324 -0.18058346211910248 0.33339518308639526 0.4918288290500641 0.23581694066524506 0.9626407623291016 -0.13309042155742645 0.037441931664943695 -0.2969059348106384 0.20177289843559265 0.9333460330963135 -0.08215223997831345
1305031112.679952 0.9235141277313232 -0.1883085072040558 0.3341580629348755 0.5074918270111084 0.2438933104276657 0.9606840014457703 -0.13267354667186737 0.04346252977848053 -0.2960367500782013 0.2040248066186905 0.9331324100494385 -0.08305442333221436
1305031112.711251 0.9195773601531982 -0.19364555180072784 0.34187570214271545 0.5091617703437805 0.2496659904718399 0.9598519802093506 -0.12787139415740967 0.04573305323719978 -0.30338841676712036 0.2029423862695694 0.9310047030448914 -0.08379905670881271
1305031112.743245 0.9141390323638916 -0.2017076164484024 0.3516588509082794 0.506737470626831 0.2561928629875183 0.9597002863883972 -0.11550123989582062 0.0480031855404377 -0.3141896426677704 0.19567666947841644 0.928975522518158 -0.0798392966389656
1305031112.77931 0.9114515781402588 -0.20878846943378448 0.35449057817459106 0.5084202885627747 0.25874730944633484 0.960819661617279 -0.09937505424022675 0.046661850064992905 -0.31985315680503845 0.18229900300502777 0.929763913154602 -0.07763635367155075
1305031112.81131 0.9127256870269775 -0.20581714808940887 0.3529461920261383 0.5056473612785339 0.25454041361808777 0.9621682167053223 -0.0971674919128418 0.0451502725481987 -0.3195948302745819 0.17852632701396942 0.9305844902992249 -0.07465256005525589
1305031112.843286 0.9187015295028687 -0.20393066108226776 0.33823010325431824 0.5061052441596985 0.24957475066184998 0.963487446308136 -0.09697562456130981 0.04908433184027672 -0.3061041831970215 0.17350535094738007 0.936053454875946 -0.07663334906101227
1305031112.879421 0.9178219437599182 -0.2115413099527359 0.33593612909317017 0.5007145404815674 0.25559335947036743 0.9623677730560303 -0.09230516850948334 0.05017048120498657 -0.30376777052879333 0.17058272659778595 0.937350869178772 -0.07388734817504883
1305031112.911411 0.919045090675354 -0.214544415473938 0.33064597845077515 0.49463945627212524 0.2561732828617096 0.9626714587211609 -0.08740191161632538 0.048746731132268906 -0.2995518147945404 0.16502895951271057 0.9396989941596985 -0.07013805955648422
1305031112.943321 0.9244517683982849 -0.21266262233257294 0.31648656725883484 0.49337896704673767 0.24994882941246033 0.96479731798172 -0.08180208504199982 0.04287804290652275 -0.2879491448402405 0.1547275334596634 0.9450633525848389 -0.0689568966627121
1305031112.979278 0.9264180064201355 -0.20827853679656982 0.3136393427848816 0.48068517446517944 0.24687647819519043 0.965008020401001 -0.08838293701410294 0.04675232991576195 -0.2842561602592468 0.15930971503257751 0.9454199075698853 -0.06685712188482285
1305031113.011353 0.9287737011909485 -0.20910751819610596 0.30602848529815674 0.47639989852905273 0.24558143317699432 0.9655947685241699 -0.08553604781627655 0.04710639640688896 -0.2776132822036743 0.15459853410720825 0.9481720328330994 -0.06837386637926102
1305031113.043231 0.9322529435157776 -0.20697444677352905 0.29675883054733276 0.4745405614376068 0.24019892513751984 0.9674352407455444 -0.07983541488647461 0.0471712090075016 -0.2705710232257843 0.14570796489715576 0.9516093730926514 -0.0692828893661499
1305031113.079251 0.9336800575256348 -0.19691315293312073 0.2991100251674652 0.4596267342567444 0.2291610836982727 0.9703776240348816 -0.07650388032197952 0.03886416554450989 -0.2751850187778473 0.13997451961040497 0.9511467814445496 -0.06538461148738861
1305031113.111316 0.9386310577392578 -0.18659955263137817 0.29009032249450684 0.45052775740623474 0.21989287436008453 0.9716847538948059 -0.08646393567323685 0.04163351655006409 -0.2657422125339508 0.14494650065898895 0.9530853033065796 -0.06593523919582367
1305031113.143306 0.9411709308624268 -0.18588651716709137 0.2822119891643524 0.4444935917854309 0.21780826151371002 0.97219318151474 -0.08602480590343475 0.04568064212799072 -0.2583737075328827 0.14243213832378387 0.9554873108863831 -0.0673193484544754
1305031113.179343 0.9414294362068176 -0.19003699719905853 0.27856186032295227 0.4358047842979431 0.21927990019321442 0.9725725054740906 -0.07758356630802155 0.0385427363216877 -0.2561778724193573 0.13412247598171234 0.9572794437408447 -0.06485573947429657
1305031113.211259 0.9439517259597778 -0.1910218745470047 0.26919469237327576 0.424945205450058 0.22114434838294983 0.9714305996894836 -0.08612772822380066 0.03913238272070885 -0.24505169689655304 0.14083129167556763 0.9592268466949463 -0.06311477720737457
1305031113.243227 0.9469753503799438 -0.19294899702072144 0.2569209635257721 0.41031569242477417 0.22097155451774597 0.9715862274169922 -0.08480454236268997 0.039718788117170334 -0.2332579344511032 0.13708005845546722 0.9627043008804321 -0.06371615827083588
1305031113.279312 0.948936402797699 -0.19701190292835236 0.2463860958814621 0.40118011832237244 0.22262153029441833 0.9715731143951416 -0.08053276687860489 0.03356650471687317 -0.22351622581481934 0.1312713325023651 0.9658199548721313 -0.06263238936662674
1305031113.311452 0.9509639143943787 -0.19904248416423798 0.23674820363521576 0.38698795437812805 0.2250608503818512 0.9703429937362671 -0.08821713924407959 0.025866789743304253 -0.21216802299022675 0.1371740698814392 0.9675576090812683 -0.06069594621658325
1305031113.343252 0.9565240740776062 -0.1958577036857605 0.21610510349273682 0.37700656056404114 0.2223091870546341 0.9692461490631104 -0.10554919391870499 0.029902001842856407 -0.18878647685050964 0.14900252223014832 0.9706481099128723 -0.06365332007408142
1305031113.379312 0.960599958896637 -0.19026492536067963 0.20260101556777954 0.3618682622909546 0.21469131112098694 0.9708972573280334 -0.10614320635795593 0.031905438750982285 -0.17650946974754333 0.14545783400535583 0.9734917879104614 -0.056867871433496475
1305031113.411625 0.9631689190864563 -0.1901450753211975 0.19013315439224243 0.34889674186706543 0.21262837946414948 0.9714038968086243 -0.10565916448831558 0.02350425347685814 -0.16460557281970978 0.14219532907009125 0.9760559797286987 -0.05633634328842163
1305031113.443266 0.9660612344741821 -0.17913736402988434 0.18610604107379913 0.32252249121665955 0.20116738975048065 0.9736943244934082 -0.10700881481170654 0.018377171829342842 -0.16204112768173218 0.14081552624702454 0.9766850471496582 -0.0534900426864624
1305031113.479311 0.9698925614356995 -0.16922391951084137 0.1751338541507721 0.30661389231681824 0.18904300034046173 0.9765138626098633 -0.1033603623509407 0.017952563241124153 -0.15352962911128998 0.1333562582731247 0.9791040420532227 -0.05210382491350174
1305031113.511523 0.9725117683410645 -0.16641449928283691 0.16287124156951904 0.2943868935108185 0.1834140568971634 0.9783855676651001 -0.0955037921667099 0.013261004351079464 -0.14345763623714447 0.12275143712759018 0.9820142984390259 -0.04950723052024841
1305031113.543242 0.9758020043373108 -0.1604451984167099 0.14855244755744934 0.28479963541030884 0.17524783313274384 0.9801675081253052 -0.09251966327428818 0.008849747478961945 -0.13076193630695343 0.11631440371274948 0.9845670461654663 -0.04925616830587387
1305031113.579301 0.9764739871025085 -0.14958086609840393 0.1553184688091278 0.2568766474723816 0.16583839058876038 0.9813166260719299 -0.0975460410118103 0.011064973659813404 -0.13782551884651184 0.12100894004106522 0.9830366373062134 -0.04169207438826561
1305031113.611268 0.9789591431617737 -0.1409667730331421 0.14753755927085876 0.24777524173259735 0.1551632434129715 0.9838215112686157 -0.08955241739749908 0.006675859913229942 -0.1325266808271408 0.11056056618690491 0.9849939346313477 -0.042786531150341034
1305031113.643222 0.9803714752197266 -0.13466286659240723 0.14400586485862732 0.23959045112133026 0.147711381316185 0.9854497909545898 -0.08408354222774506 0.004945308901369572 -0.1305876523256302 0.10370442271232605 0.9859980940818787 -0.04091447964310646
1305031113.679288 0.9808834195137024 -0.129184290766716 0.145530566573143 0.2285938262939453 0.14202998578548431 0.9864931106567383 -0.08160101622343063 0.00291709927842021 -0.13302335143089294 0.10071079432964325 0.9859828948974609 -0.03929756581783295
1305031113.711931 0.9822465777397156 -0.11955824494361877 0.1445595622062683 0.22042974829673767 0.13205599784851074 0.987995445728302 -0.0801648423075676 0.00034404959296807647 -0.13323980569839478 0.0978315994143486 0.9862434267997742 -0.0384899377822876
1305031113.74359 0.982676088809967 -0.10886700451374054 0.1499856859445572 0.21016447246074677 0.12208481132984161 0.9891337156295776 -0.08191312104463577 0.00019789603538811207 -0.13943831622600555 0.09880504757165909 0.9852890968322754 -0.035664599388837814
1305031113.77932 0.9824957847595215 -0.09951668977737427 0.15747544169425964 0.1969325989484787 0.1134641095995903 0.9901366829872131 -0.0821898877620697 -0.0032990342006087303 -0.14774297177791595 0.09861902892589569 0.9840967059135437 -0.03235238790512085
1305031113.811237 0.9826895594596863 -0.0957159772515297 0.15861821174621582 0.18772535026073456 0.1100713238120079 0.990340530872345 -0.08431906253099442 -0.003802943741902709 -0.149015411734581 0.1003187745809555 0.9837329983711243 -0.030668850988149643
1305031113.843295 0.9826939105987549 -0.08970877528190613 0.16206511855125427 0.17820745706558228 0.10416804999113083 0.9910879135131836 -0.08302853256464005 -0.003674467094242573 -0.15317241847515106 0.09847363829612732 0.9832808971405029 -0.027666352689266205
1305031113.879281 0.9830735921859741 -0.08027417957782745 0.16468900442123413 0.16576549410820007 0.09472519159317017 0.9921332001686096 -0.08184611052274704 -0.010934822261333466 -0.1568233221769333 0.09606093913316727 0.9829439520835876 -0.026323124766349792
1305031113.91129 0.9837866425514221 -0.07895105332136154 0.16103030741214752 0.15761896967887878 0.0944245234131813 0.9913817644119263 -0.09080862998962402 -0.008403877727687359 -0.1524730920791626 0.10454151034355164 0.9827629923820496 -0.02352350763976574
1305031113.943291 0.9824248552322388 -0.07176638394594193 0.17231082916259766 0.1392890214920044 0.0890587717294693 0.9915035367012024 -0.09481068700551987 -0.011045881547033787 -0.1640426367521286 0.10849015414714813 0.9804692268371582 -0.02081703208386898
1305031113.979293 0.9824350476264954 -0.06040683761239052 0.1765572428703308 0.12865856289863586 0.07928777486085892 0.9916281700134277 -0.10191566497087479 -0.011422797106206417 -0.1689227670431137 0.1141243577003479 0.9789998531341553 -0.017215821892023087
1305031114.011257 0.9822381138801575 -0.049429696053266525 0.18101102113723755 0.114640012383461 0.06971587240695953 0.991759717464447 -0.10748066008090973 -0.012635698541998863 -0.17420676350593567 0.1181909516453743 0.9775903820991516 -0.016421139240264893
1305031114.043301 0.9829754829406738 -0.044544149190187454 0.17825600504875183 0.1002032458782196 0.06492985039949417 0.9917846918106079 -0.11021358519792557 -0.014555266126990318 -0.1718822419643402 0.11991137266159058 0.9777923226356506 -0.014297474175691605
1305031114.079285 0.9847570061683655 -0.04282169044017792 0.1685825139284134 0.08806729316711426 0.06271502375602722 0.9914407730102539 -0.11450695991516113 -0.017872050404548645 -0.16223621368408203 0.12333416938781738 0.9790138602256775 -0.013256085105240345
1305031114.111263 0.9859347939491272 -0.03550497442483902 0.16331547498703003 0.06927910447120667 0.056282270699739456 0.9906331896781921 -0.1244109570980072 -0.01328018493950367 -0.1573685258626938 0.1318528652191162 0.978698194026947 -0.005631804931908846
1305031114.143284 0.9879908561706543 -0.029022373259067535 0.15176211297512054 0.061387479305267334 0.04844459146261215 0.9908602833747864 -0.12589240074157715 -0.013951031491160393 -0.14672136306762695 0.13173256814479828 0.9803669452667236 -0.0018492499366402626
1305031114.179337 0.9891337752342224 -0.025362100452184677 0.144813671708107 0.05547207593917847 0.044122543185949326 0.9908118844032288 -0.12784729897975922 -0.01992889679968357 -0.1402406245470047 0.13284766674041748 0.9811645746231079 -0.0005535706877708435
1305031114.211303 0.989224910736084 -0.01837795600295067 0.1452459990978241 0.04378392547369003 0.03834359720349312 0.9899824261665344 -0.1358838677406311 -0.013341199606657028 -0.1412937343120575 0.1399889588356018 0.9800199866294861 0.0019148597493767738
1305031114.243337 0.9898305535316467 -0.012394514866173267 0.1417100429534912 0.03062373772263527 0.03105124831199646 0.9909996390342712 -0.13021323084831238 -0.01658952236175537 -0.13882067799568176 0.13328932225704193 0.9813067317008972 0.004510050173848867
1305031114.27939 0.9912959337234497 -0.006593524478375912 0.13148663938045502 0.017526518553495407 0.024074571207165718 0.9909828305244446 -0.13180774450302124 -0.018142325803637505 -0.12943194806575775 0.13382595777511597 0.9825161695480347 0.008729920722544193
1305031114.311429 0.9933134317398071 -0.004372631199657917 0.11536554247140884 0.008467650040984154 0.01990913785994053 0.9907993078231812 -0.13386677205562592 -0.015414945781230927 -0.11371876299381256 0.13526849448680878 0.9842613935470581 0.014652691781520844
1305031114.343331 0.9950883388519287 0.0006727740983478725 0.0989881381392479 0.005949623417109251 0.012406226247549057 0.9912448525428772 -0.13145187497138977 -0.017838802188634872 -0.098209910094738 0.1320343017578125 0.9863680005073547 0.016874782741069794
1305031114.37932 0.9956861138343811 0.0053274137899279594 0.09263261407613754 0.000998260802589357 0.0067561715841293335 0.9915374517440796 -0.12964500486850739 -0.021205250173807144 -0.09253937751054764 0.1297115832567215 0.9872241020202637 0.01937125250697136
1305031114.411397 0.9956709742546082 0.015402502380311489 0.09166280925273895 -0.01076091080904007 -0.0032685482874512672 0.991366446018219 -0.13107961416244507 -0.022666748613119125 -0.09289037436246872 0.13021256029605865 0.9871251583099365 0.019753701984882355
1305031114.443345 0.9962666630744934 0.01886807568371296 0.08424187451601028 -0.021348580718040466 -0.007725967559963465 0.9913946986198425 -0.13067832589149475 -0.023780331015586853 -0.08598259091377258 0.1295396238565445 0.9878392219543457 0.020064976066350937
1305031114.479332 0.9973069429397583 0.020713914185762405 0.07035568356513977 -0.030560681596398354 -0.01151465717703104 0.9916135668754578 -0.12872515618801117 -0.027125950902700424 -0.07243204116821289 0.12756837904453278 0.9891814589500427 0.020993370562791824
1305031114.511266 0.9981160163879395 0.02729458175599575 0.05494946241378784 -0.03670528531074524 -0.01994907855987549 0.9913074970245361 -0.13004374504089355 -0.02519822306931019 -0.05802129954099655 0.12870252132415771 0.9899844527244568 0.02432927116751671
1305031114.543236 0.9987714290618896 0.02404339797794819 0.04333234950900078 -0.03683803975582123 -0.018438300117850304 0.9919349551200867 -0.12539924681186676 -0.026042461395263672 -0.045997899025678635 0.12444617599248886 0.9911596775054932 0.02810286357998848
1305031114.579237 0.9990121126174927 0.01671452820301056 0.04117535427212715 -0.040537040680646896 -0.011528913863003254 0.992327094078064 -0.12310163676738739 -0.02791118249297142 -0.042917005717754364 0.12250533699989319 0.991539478302002 0.030298544093966484
1305031114.611391 0.9991432428359985 0.012687097303569317 0.039391905069351196 -0.045140426605939865 -0.007880914025008678 0.9927608966827393 -0.11984923481941223 -0.026459433138370514 -0.04062727838754654 0.1194361224770546 0.9920102953910828 0.03069557435810566
1305031114.644136 0.9993075132369995 0.009048006497323513 0.036092959344387054 -0.05226338282227516 -0.005061993841081858 0.9940248131752014 -0.10903661698102951 -0.029489807784557343 -0.03686385974287987 0.10877840220928192 0.9933822751045227 0.031594883650541306
1305031114.679251 0.9996617436408997 0.010852625593543053 0.023636534810066223 -0.05611793324351311 -0.008379308506846428 0.9947149753570557 -0.10233284533023834 -0.03310184180736542 -0.024622198194265366 0.1021001860499382 0.9944693446159363 0.03229377791285515
1305031114.711306 0.9998654127120972 0.009820765815675259 0.013140135444700718 -0.0557880736887455 -0.008431864902377129 0.9947620630264282 -0.10187070816755295 -0.03421247377991676 -0.014071759767830372 0.10174621641635895 0.9947109222412109 0.03439881280064583
1305031114.7432 0.9998094439506531 0.01793062500655651 0.007703559007495642 -0.05687449499964714 -0.017040811479091644 0.994517982006073 -0.10316846519708633 -0.035211026668548584 -0.009511204436421394 0.10301753878593445 0.9946340918540955 0.03546878695487976
1305031114.779289 0.9996875524520874 0.0247629527002573 0.003412841819226742 -0.0551844947040081 -0.02424478903412819 0.993766188621521 -0.10881657153367996 -0.032875195145606995 -0.006086190231144428 0.10869981348514557 0.9940560460090637 0.03579346463084221
1305031114.811303 0.9996289014816284 0.02691139653325081 0.004227757453918457 -0.055351611226797104 -0.026287022978067398 0.9936389327049255 -0.10950160026550293 -0.030502239242196083 -0.0071477098390460014 0.1093498170375824 0.9939777255058289 0.034387338906526566
1305031114.843208 0.9994950890541077 0.03167237341403961 0.002539820969104767 -0.05400647222995758 -0.031209859997034073 0.9936026334762573 -0.10853422433137894 -0.03109946846961975 -0.00596111174672842 0.1084001287817955 0.9940894842147827 0.033327918499708176
1305031114.879281 0.9994925856590271 0.031813863664865494 0.0015830378979444504 -0.051142606884241104 -0.031448282301425934 0.9934661388397217 -0.10970884561538696 -0.02739066630601883 -0.005062960088253021 0.1096033826470375 0.9939625859260559 0.03388064354658127
1305031114.912879 0.9994611144065857 0.032805923372507095 0.0011415854096412659 -0.0490138977766037 -0.0324881486594677 0.993557870388031 -0.10856953263282776 -0.024745475500822067 -0.004695957526564598 0.10847391933202744 0.9940882325172424 0.032579269260168076
1305031114.943234 0.9993398189544678 0.036328963935375214 -0.00036076921969652176 -0.042204808443784714 -0.036164943128824234 0.9937821626663208 -0.10530480742454529 -0.021208053454756737 -0.0034670913591980934 0.10524832457304001 0.994439959526062 0.03368270769715309
1305031114.97928 0.9993727803230286 0.03526143729686737 0.0032626960892230272 -0.036631759256124496 -0.034753940999507904 0.994308352470398 -0.10071248561143875 -0.01985468901693821 -0.006795389577746391 0.10053592175245285 0.9949101805686951 0.033497631549835205
1305031115.0113 0.9992950558662415 0.03704258054494858 0.00610201433300972 -0.03222695738077164 -0.03630699962377548 0.9949193596839905 -0.09389945864677429 -0.01564810983836651 -0.009549286216497421 0.09361172467470169 0.9955629110336304 0.032403163611888885
1305031115.043508 0.9993348717689514 0.03571755066514015 0.007353300228714943 -0.02098943665623665 -0.03494644910097122 0.9956178665161133 -0.0867401510477066 -0.01580175571143627 -0.010419218800961971 0.08642548322677612 0.9962037801742554 0.03719228133559227
1305031115.079238 0.9992060661315918 0.03759801760315895 0.013178840279579163 -0.013037999160587788 -0.036328528076410294 0.9956286549568176 -0.08604546636343002 -0.01109323650598526 -0.016356369480490685 0.0854983851313591 0.9962040185928345 0.036314256489276886
1305031115.11123 0.9994364380836487 0.030865246430039406 0.013206739909946918 0.004824260249733925 -0.02973628230392933 0.9964702129364014 -0.0785040333867073 -0.011392462998628616 -0.01558317057788372 0.07806704938411713 0.9968262910842896 0.03795206546783447
1305031115.143275 0.9992491006851196 0.024240557104349136 0.030228104442358017 0.014508342370390892 -0.02195383422076702 0.99703049659729 -0.0738128274679184 -0.012645906768739223 -0.03192760422825813 0.07309378683567047 0.9968138337135315 0.037276506423950195
1305031115.17944 0.9988681674003601 0.022062381729483604 0.04213816300034523 0.0178355909883976 -0.01898578181862831 0.9972191452980042 -0.07206619530916214 -0.01009128987789154 -0.04361093416810036 0.07118459790945053 0.996509313583374 0.038798339664936066
1305031115.211374 0.9991490840911865 0.013255806639790535 0.039056479930877686 0.03586375713348389 -0.010525749996304512 0.9975407123565674 -0.06929486244916916 -0.01319117285311222 -0.03987898677587509 0.06882479786872864 0.9968313574790955 0.04033492133021355
1305031115.243297 0.998824954032898 0.005740185733884573 0.04812357574701309 0.04868413880467415 -0.0020608077757060528 0.9970934987068176 -0.0761604905128479 -0.015290776267647743 -0.048420872539281845 0.0759718120098114 0.9959335327148438 0.03918857499957085
1305031115.279966 0.9985665082931519 -0.002164541743695736 0.053483158349990845 0.05896838754415512 0.0064929635263979435 0.9967018961906433 -0.08088997006416321 -0.009561694227159023 -0.05313167721033096 0.08112125098705292 0.9952870011329651 0.036254946142435074
1305031115.311704 0.9982975721359253 -0.014739789068698883 0.056434258818626404 0.07911628484725952 0.019287776201963425 0.9965346455574036 -0.08091241121292114 -0.011339979246258736 -0.05504605174064636 0.0818631500005722 0.9951222538948059 0.04445567727088928
1305031115.343235 0.996799886226654 -0.02251293510198593 0.07670192420482635 0.08992163836956024 0.02923998236656189 0.9957140684127808 -0.08774177730083466 -0.008198041468858719 -0.07439786195755005 0.0897037535905838 0.993185818195343 0.04032924398779869
1305031115.379166 0.9957062602043152 -0.03056575357913971 0.08737694472074509 0.09406853467226028 0.03791521489620209 0.9957668781280518 -0.08372976630926132 -0.0006089997477829456 -0.08444782346487045 0.08668316155672073 0.9926502704620361 0.039027489721775055
1305031115.411237 0.9967159628868103 -0.0401587188243866 0.07031764090061188 0.1097061038017273 0.04499242827296257 0.9966316819190979 -0.06856348365545273 -0.00440919678658247 -0.06732737272977829 0.07150208204984665 0.9951655864715576 0.041908711194992065
1305031115.443159 0.9968525171279907 -0.05199024826288223 0.059849001467227936 0.1294676959514618 0.05586906149983406 0.9963153600692749 -0.06507275998592377 -0.0010625200811773539 -0.05624531954526901 0.06821165978908539 0.9960841536521912 0.043357595801353455
1305031115.479241 0.9960169792175293 -0.0663977786898613 0.05951115861535072 0.14218664169311523 0.06980393826961517 0.9959245920181274 -0.05711066722869873 0.000996310031041503 -0.055476609617471695 0.06103729456663132 0.9965925812721252 0.040565215051174164
1305031115.511253 0.9954719543457031 -0.0769890770316124 0.05575238913297653 0.16414561867713928 0.07977736741304398 0.9955758452415466 -0.049642037600278854 -0.00015459582209587097 -0.05168383568525314 0.05386503040790558 0.9972097873687744 0.0389021560549736
1305031115.543604 0.9934495687484741 -0.08995071053504944 0.07047544419765472 0.19384846091270447 0.09323858469724655 0.9946338534355164 -0.04483577236533165 -0.0028445925563573837 -0.0660642459988594 0.05111311748623848 0.9965053796768188 0.03451426699757576
1305031115.579315 0.9899129867553711 -0.09926420450210571 0.10108798742294312 0.19761377573013306 0.10430709272623062 0.9934865832328796 -0.0458737313747406 -0.00041635683737695217 -0.09587595611810684 0.0559551939368248 0.9938192963600159 0.03311386704444885
1305031115.611424 0.9875498414039612 -0.11129913479089737 0.11116570234298706 0.2114977389574051 0.11722642183303833 0.9919315576553345 -0.04826861992478371 0.0022866646759212017 -0.10489650070667267 0.0606992244720459 0.9926290512084961 0.03257708251476288
1305031115.643254 0.9839159250259399 -0.1276358962059021 0.12497406452894211 0.22446224093437195 0.13446375727653503 0.9897658228874207 -0.04778080806136131 0.0014391837175935507 -0.11759653687477112 0.06381677091121674 0.9910088181495667 0.02775871381163597
1305031115.679241 0.9801856875419617 -0.147254079580307 0.1324850618839264 0.23246273398399353 0.1550319790840149 0.9866235256195068 -0.05038897320628166 0.0018718084320425987 -0.1232929527759552 0.06992997229099274 0.9899033308029175 0.02543765679001808
1305031115.71132 0.9784170985221863 -0.16544125974178314 0.12381163239479065 0.25546303391456604 0.17296326160430908 0.983521580696106 -0.05262157320976257 0.00565237645059824 -0.11306565254926682 0.07290071249008179 0.9909095764160156 0.019961480051279068
1305031115.74325 0.9748128652572632 -0.17995940148830414 0.1317363977432251 0.27392709255218506 0.18796415627002716 0.9808517098426819 -0.05098310485482216 0.00703374994918704 -0.12003901600837708 0.0744607001543045 0.9899728298187256 0.017502620816230774
1305031115.779425 0.9693881273269653 -0.19487647712230682 0.1493648886680603 0.2865526080131531 0.20469100773334503 0.9773756861686707 -0.053275421261787415 0.010296621359884739 -0.13560347259044647 0.0822182148694992 0.987345814704895 0.015914075076580048
1305031115.811277 0.9635953307151794 -0.2114619016647339 0.16360926628112793 0.30081769824028015 0.22248569130897522 0.973544716835022 -0.05206615477800369 0.014483213424682617 -0.14827093482017517 0.08657142519950867 0.9851502776145935 0.010911501944065094
1305031115.843224 0.9559798836708069 -0.22730287909507751 0.18556924164295197 0.30846986174583435 0.23916824162006378 0.9699819087982178 -0.04397442936897278 0.015441134572029114 -0.17000329494476318 0.0864209458231926 0.981646716594696 0.010856091976165771
1305031115.879198 0.9495624303817749 -0.23894141614437103 0.20307183265686035 0.31265348196029663 0.25240200757980347 0.9666751027107239 -0.04280633479356766 0.014423390850424767 -0.18607628345489502 0.09190303087234497 0.9782277345657349 0.009888231754302979
