1403638127.295097 1.0 0.0 0.0 0.0 0.0 1.0 0.0 0.0 0.0 0.0 1.0 0.0
1403638127.345097 1.0 -0.00017888529691845179 -1.8528378859627992e-05 -7.093637395882979e-05 0.00017888430738821626 1.0 -5.308668551151641e-05 2.1372819901444018e-05 1.85378739843145e-05 5.3083371312823147e-05 1.0 -0.0003359201073180884
1403638127.395097 0.9999997615814209 -0.0007024743244983256 0.00012155733566032723 -0.00022756803082302213 0.0007024384685792029 0.9999997019767761 0.0002946677559521049 0.00010972515883622691 -0.00012176429299870506 -0.0002945822780020535 0.9999999403953552 -0.00044507128768600523
1403638127.445097 0.9999999403953552 -9.326236613560468e-05 0.0002619317383505404 -1.2072549907315988e-05 9.322413097834215e-05 1.0 0.00014598103007301688 0.00011073798668803647 -0.00026194535894319415 -0.00014595661195926368 0.9999999403953552 -0.00033943940070457757
1403638127.4950972 0.9999998211860657 -0.0002988143533002585 0.0005085465963929892 -4.8138299462152645e-05 0.0002991884248331189 0.9999997019767761 -0.0007356747519224882 -9.278788638766855e-06 -0.0005083265714347363 0.0007358267903327942 0.9999995827674866 -0.0004785735800396651
1403638127.5450969 0.9999998211860657 -0.0005810214788652956 2.263596616103314e-05 -0.0001545886480016634 0.000581020547542721 0.9999998211860657 4.2655112338252366e-05 -9.888086788123474e-05 -2.266074443468824e-05 -4.2641953768907115e-05 1.0 -0.0005614053807221353
1403638127.595097 0.9999998807907104 -0.0005137307452969253 -2.596375998109579e-05 -7.201959670055658e-05 0.0005137352272868156 0.9999998807907104 0.00017467279394622892 -2.2186843125382438e-05 2.587402195786126e-05 -0.00017468610894866288 1.0 0.000128701634821482
1403638127.645097 0.9999997019767761 -0.0006723701953887939 -0.0003410553908906877 -0.00012496738054323941 0.0006724733393639326 0.9999997019767761 0.000302438362268731 -3.870298314723186e-05 0.0003408519260119647 -0.0003026676131412387 0.9999998807907104 -7.278275734279305e-05
1403638127.695097 0.9999999403953552 -0.00014818146883044392 -0.0001994958147406578 0.00010021757771028206 0.00014818119234405458 1.0 -1.4371179304362158e-06 1.630893711990211e-05 0.00019949603301938623 1.4075562830839772e-06 1.0 4.118149445275776e-05
1403638127.745097 0.9999998211860657 -0.0005416932399384677 -0.00010947870759991929 -0.00022981919755693525 0.0005417073844000697 0.9999998211860657 0.00012922968016937375 0.00010261428542435169 0.00010940868378384039 -0.00012928896467201412 1.0 -0.0003936334978789091
1403638127.795097 1.0 -0.00022144665126688778 -7.122402166714892e-05 -0.00031809485517442226 0.00022146539413370192 0.9999999403953552 0.00026328471722081304 4.9846636102302e-05 7.116571214282885e-05 -0.00026330046239309013 0.9999999403953552 -0.000297245045658201
1403638127.845097 0.9999997019767761 -0.0007853973656892776 -9.991346450988203e-05 -0.00024968315847218037 0.0007854193681851029 0.9999996423721313 0.0002202080504503101 2.009629679378122e-05 9.974047861760482e-05 -0.00022028645616956055 1.0 -0.0003236538905184716
1403638127.895097 0.9999995231628418 -0.0009500834275968373 -0.0002029612078331411 -0.00022029659885447472 0.0009501135791651905 0.9999995231628418 0.00014862326497677714 5.048648381489329e-05 0.00020281990873627365 -0.0001488160341978073 0.9999999403953552 -0.0005214221309870481
1403638127.945097 0.9999990463256836 -0.0013163547264412045 -0.0004037284234073013 -0.00017217824643012136 0.0013164388947188854 0.9999991059303284 0.0002081904822262004 6.093010597396642e-06 0.00040345400338992476 -0.00020872177265118808 0.9999998807907104 -0.00047618686221539974
1403638127.9950972 0.9999992847442627 -0.001151943113654852 -0.00034931671689264476 -0.0001389242970617488 0.0011521184351295233 0.9999992251396179 0.0005020077805966139 7.54607463022694e-05 0.00034873816184699535 -0.0005024098791182041 0.9999998211860657 0.00011586477921810001
1403638128.0450969 0.9999999403953552 -0.00032966266735456884 3.123202623100951e-05 -8.621628512628376e-05 0.00032964200363494456 0.9999997019767761 0.0006599844200536609 9.311371832154691e-05 -3.1449591915588826e-05 -0.0006599741172976792 0.9999997615814209 -0.0002862613764591515
1403638128.095097 0.9999998211860657 -0.0006233180174604058 0.00011239253217354417 -0.00011944791913265362 0.0006231795996427536 0.9999990463256836 0.0012270768638700247 3.1975108868209645e-05 -0.00011315728625049815 -0.001227006665430963 0.9999992251396179 2.1229252524790354e-05
1403638128.145097 0.999998927116394 -0.0014800602803006768 3.901257514371537e-05 -0.00011317315511405468 0.0014799891505390406 0.9999973773956299 0.0017629250651225448 -0.00010494449088582769 -4.1621704440331087e-05 -0.0017628653440624475 0.9999984502792358 0.0002333089942112565
1403638128.195097 0.9999975562095642 -0.002198062604293227 -0.0002568008203525096 -0.0003141833294648677 0.002198503352701664 0.9999960660934448 0.001729621202684939 6.455289258155972e-05 0.00025299799744971097 -0.001730181509628892 0.9999984502792358 -6.378546095220372e-05
1403638128.245097 0.9999995231628418 -0.0009761735564097762 0.00018761990941129625 -0.0003555761941242963 0.0009758470114320517 0.9999980330467224 0.0017325618537142873 3.859993739752099e-05 -0.00018931081285700202 -0.0017323779175058007 0.9999985098838806 0.00016268940817099065
1403638128.295097 0.9999995827674866 -0.0008573516388423741 0.00037937730667181313 -0.0004513246240094304 0.0008567582699470222 0.9999983906745911 0.0015615478623658419 7.395890133921057e-05 -0.00038071550079621375 -0.00156122213229537 0.9999986886978149 -0.0005499055259861052
1403638128.345097 0.9999994039535522 -0.0011167424963787198 5.120470086694695e-05 -0.0003345789446029812 0.0011166674084961414 0.9999983310699463 0.001445353147573769 8.175938432941621e-07 -5.281870471662842e-05 -0.0014452950563281775 0.999998927116394 -0.0002456239890307188
1403638128.395097 0.9999995231628418 -0.0008589892531745136 0.00043916821596212685 -0.0002121229044860229 0.0008584522875025868 0.9999988675117493 0.0012214964954182506 6.0885678976774216e-05 -0.00044021697249263525 -0.001221118844114244 0.9999991655349731 4.2127860069740564e-05
1403638128.445097 0.9999991655349731 -0.0012464906321838498 0.00024520294391550124 -0.0002104735904140398 0.0012461189180612564 0.9999980926513672 0.0015102936886250973 6.4255298639182e-05 -0.00024708505952730775 -0.0015099868178367615 0.9999988079071045 -0.00014579223352484405
1403638128.4950972 0.9999987483024597 -0.0015186136588454247 0.00046097690938040614 -0.00036405024002306163 0.0015178178437054157 0.9999973773956299 0.0017219047294929624 -5.4735886806156486e-05 -0.0004635905788745731 -0.0017212028615176678 0.9999983906745911 0.00011281357728876173
1403638128.5450969 0.9999988675117493 -0.0014407308772206306 0.0004929336137138307 -0.0002443183329887688 0.0014399007195606828 0.9999975562095642 0.0016803358448669314 -4.19778807554394e-05 -0.0004953533061780035 -0.0016796240815892816 0.9999984502792358 0.00013460575428325683
1403638128.595097 0.9999985098838806 -0.0017028327565640211 0.00020739641331601888 -0.0002478037786204368 0.0017024753615260124 0.999997079372406 0.0017111129127442837 2.481651790731121e-05 -0.0002103095466736704 -0.0017107573803514242 0.9999985098838806 -0.00017159090202767402
1403638128.645097 0.9999986290931702 -0.001644533360376954 0.00030205713119357824 -4.06564176955726e-05 0.0016440139152109623 0.9999971985816956 0.0017118112882599235 -0.00012202577636344358 -0.0003048714133910835 -0.0017113123321905732 0.9999985098838806 -0.00044772279215976596
1403638128.695097 0.9999961853027344 -0.002656318712979555 0.0007777453865855932 -0.0003623398661147803 0.0026546453591436148 0.999994158744812 0.002144545316696167 -5.989055716781877e-05 -0.0007834374555386603 -0.0021424724254757166 0.9999973773956299 1.7501799447927624e-05
1403638128.745097 0.9999935626983643 -0.0033282616641372442 0.0013332676608115435 -0.0005979740526527166 0.0033237494062632322 0.9999887943267822 0.003372425911948085 -0.00044127760338597 -0.0013444770593196154 -0.003367972793057561 0.9999934434890747 0.0004274932434782386
1403638128.795097 0.9999940991401672 -0.0031417456921190023 0.0013817156432196498 -0.0006311541073955595 0.003136988030746579 0.9999892115592957 0.0034320494160056114 -0.0003070513776037842 -0.0013924833619967103 -0.003427694784477353 0.9999931454658508 -0.00016128757852129638
1403638128.845097 0.9999914765357971 -0.003118005348369479 0.002700782148167491 -0.0005398563807830215 0.0031073607970029116 0.9999874234199524 0.003936567809432745 -0.00039230877882800996 -0.0027130222879350185 -0.003928142134100199 0.9999886155128479 0.00043498919694684446
1403638128.895097 0.9999927878379822 -0.0029162170831114054 0.0024292240850627422 -0.00048175471602007747 0.002906654728576541 0.9999880790710449 0.003930656239390373 -0.0002669402747415006 -0.002440657699480653 -0.0039235670119524 0.9999893307685852 0.0004391201364342123
1403638128.945097 0.9999959468841553 -0.0008736205054447055 0.0027063898742198944 -0.00011978665861533955 0.0008641978492960334 0.9999935626983643 0.0034808393102139235 -0.00012643203081097454 -0.00270941318012774 -0.0034784863237291574 0.9999902844429016 -8.665909990668297e-05
1403638128.9950972 0.999995768070221 -0.0010817279107868671 0.0026899618096649647 -0.00034329667687416077 0.0010721974540501833 0.9999931454658508 0.003541911719366908 -0.00013857227168045938 -0.0026937746442854404 -0.0035390127450227737 0.9999901056289673 -0.00029694949625991285
1403638129.0450969 0.9999977946281433 -0.00017382146324962378 0.0020999328698962927 -4.650025948649272e-05 0.00016767418128438294 0.9999957084655762 0.0029271922539919615 -0.00042586715426295996 -0.002100432524457574 -0.0029268336948007345 0.9999935030937195 0.0006723902188241482
1403638129.095097 0.9999677538871765 0.007103079929947853 0.0037425868213176727 -9.108790982281789e-05 -0.007114004343748093 0.9999704360961914 0.002913766773417592 -0.0005424467963166535 -0.0037217794451862574 -0.002940297592431307 0.9999887347221375 -0.00025651382748037577
1403638129.145097 0.9999163150787354 0.011372841894626617 0.0061623714864254 -0.0006962462211959064 -0.011385009624063969 0.9999333024024963 0.0019430445972830057 -0.0015696901828050613 -0.006139862351119518 -0.002013040706515312 0.9999791383743286 -2.2419973902287893e-05
1403638129.195097 0.999937117099762 0.009769304655492306 0.005510186776518822 -0.0006233010208234191 -0.009754265658557415 0.9999486207962036 -0.0027494742535054684 -0.0036779073998332024 -0.005536764394491911 0.002695553470402956 0.9999810457229614 -0.0006290213204920292
1403638129.245097 0.9999684691429138 -0.007902266457676888 -0.0008117831312119961 -0.0005022577825002372 0.007890705019235611 0.9998794198036194 -0.013374757952988148 -0.008184629492461681 0.0009173761936835945 0.013367930427193642 0.9999102354049683 -0.0016045104712247849
1403638129.295097 0.9990912675857544 -0.04182329401373863 -0.008216236717998981 0.0006842105067335069 0.041527118533849716 0.9985787272453308 -0.033406928181648254 -0.014530546963214874 0.00960174947977066 0.03303537517786026 0.9994080662727356 -0.0039062523283064365
1403638129.345097 0.996680736541748 -0.08050022274255753 -0.012134093791246414 0.0023988927714526653 0.07966913282871246 0.9951327443122864 -0.057995907962322235 -0.02319757081568241 0.016743719577789307 0.05683669447898865 0.9982430338859558 -0.006791154853999615
1403638129.395097 0.9932958483695984 -0.11451368778944016 -0.015811236575245857 0.003381339367479086 0.11304748803377151 0.9908178448677063 -0.07416361570358276 -0.03130438178777695 0.02415880560874939 0.07187899947166443 0.9971207976341248 -0.009750006720423698
1403638129.445097 0.9919319152832031 -0.12554354965686798 -0.01760314218699932 0.00407760962843895 0.12401314079761505 0.9897567629814148 -0.07072582095861435 -0.035693831741809845 0.026302002370357513 0.06797219067811966 0.9973405003547668 -0.011714090593159199
1403638129.4950972 0.99322509765625 -0.11446411907672882 -0.02005353569984436 0.0037222779355943203 0.11329040676355362 0.9921886920928955 -0.05221829563379288 -0.03756954148411751 0.02587401494383812 0.04959265887737274 0.9984343647956848 -0.012797705829143524
1403638129.5450969 0.9958654046058655 -0.08820246905088425 -0.021736115217208862 0.0029146457090973854 0.08756083250045776 0.9957401752471924 -0.02888931892812252 -0.03839241713285446 0.024191629141569138 0.026866639032959938 0.9993463158607483 -0.013329312205314636
1403638129.595097 0.9981786608695984 -0.056646835058927536 -0.020747654139995575 0.0017519795801490545 0.056442148983478546 0.9983525276184082 -0.010321998968720436 -0.040041301399469376 0.021298177540302277 0.009132159873843193 0.9997315406799316 -0.014255302026867867
1403638129.645097 0.999335527420044 -0.03127121552824974 -0.018724096938967705 0.0012783168349415064 0.03125526010990143 0.9995107650756836 -0.00114445760846138 -0.0431094728410244 0.018750721588730812 0.0005584675818681717 0.9998241066932678 -0.015574680641293526
1403638129.695097 0.9996564984321594 -0.020766383036971092 -0.015989700332283974 0.00131831387989223 0.020710136741399765 0.9997787475585938 -0.003675243351608515 -0.04845791310071945 0.016062485054135323 0.003342833835631609 0.9998654127120972 -0.017261255532503128
1403638129.745097 0.9995874166488647 -0.02356616221368313 -0.01641799695789814 0.0011503207497298717 0.023369986563920975 0.9996543526649475 -0.01203989703208208 -0.05566101893782616 0.016696056351065636 0.011651242151856422 0.9997926950454712 -0.01965252310037613
1403638129.795097 0.9994833469390869 -0.026162579655647278 -0.018672067672014236 0.0006062357570044696 0.025947794318199158 0.9995953440666199 -0.011654193513095379 -0.06337010115385056 0.018969418480992317 0.011163672432303429 0.9997577667236328 -0.02226744219660759
1403638129.845097 0.9995170831680298 -0.022189751267433167 -0.0217555221170187 -0.0004347945796325803 0.022191068157553673 0.9997536540031433 -0.00018086121417582035 -0.0715780034661293 0.021754181012511253 -0.000302004162222147 0.9997633695602417 -0.025633184239268303
1403638129.895097 0.9995856881141663 -0.014702431857585907 -0.024742402136325836 -0.0017754228319972754 0.01501957606524229 0.9998067617416382 0.012681126594543457 -0.0817425474524498 0.024551181122660637 -0.013047495856881142 0.9996134042739868 -0.030197832733392715
1403638129.945097 0.9996315836906433 -0.0063913012854754925 -0.026374369859695435 -0.003269253531470895 0.006862750742584467 0.9998175501823425 0.01782364770770073 -0.09476185590028763 0.026255641132593155 -0.01799808442592621 0.999493420124054 -0.03519311174750328
1403638129.9950972 0.9995695948600769 -0.0072167967446148396 -0.028432238847017288 -0.004841779824346304 0.0074959928169846535 0.9999245405197144 0.009725343436002731 -0.1104346439242363 0.02835990861058235 -0.009934289380908012 0.9995483756065369 -0.040280524641275406
1403638130.0450969 0.9993149638175964 -0.020392805337905884 -0.030881036072969437 -0.00560171902179718 0.02018079161643982 0.9997707009315491 -0.007161786779761314 -0.13113006949424744 0.03102000430226326 0.006533674895763397 0.9994974732398987 -0.047878388315439224
1403638130.095097 0.9988574981689453 -0.03279465436935425 -0.03475763648748398 -0.005806540604680777 0.0320018045604229 0.9992202520370483 -0.02312709577381611 -0.15035803616046906 0.035488974303007126 0.021988367661833763 0.9991282224655151 -0.05459901690483093
1403638130.145097 0.9984109997749329 -0.0393843911588192 -0.04030250385403633 -0.007032542489469051 0.03813164681196213 0.9987795948982239 -0.03139404579997063 -0.16953162848949432 0.041489746421575546 0.029807360842823982 0.998694121837616 -0.061279866844415665
1403638130.195097 0.9982854723930359 -0.036201655864715576 -0.04599403589963913 -0.007868822664022446 0.034767474979162216 0.9988955855369568 -0.031608473509550095 -0.18790587782859802 0.047087520360946655 0.029955187812447548 0.9984414577484131 -0.0686408281326294
1403638130.245097 0.9981558322906494 -0.03220468759536743 -0.0514548160135746 -0.0091931764036417 0.030594246461987495 0.9990264177322388 -0.03178529068827629 -0.2069302201271057 0.05242835357785225 0.03015245869755745 0.9981693625450134 -0.07671505212783813
1403638130.295097 0.9976546168327332 -0.038125861436128616 -0.05684726685285568 -0.009713239036500454 0.03585938736796379 0.9985410571098328 -0.04037053510546684 -0.22752824425697327 0.05830349400639534 0.03823734074831009 0.9975663423538208 -0.08467796444892883
1403638130.345097 0.9966814517974854 -0.05422288179397583 -0.06071332097053528 -0.010100859217345715 0.050981421023607254 0.9972536563873291 -0.05372329428792 -0.24868065118789673 0.0634596049785614 0.050449758768081665 0.9967083930969238 -0.09310942143201828
1403638130.395097 0.9955706000328064 -0.06767190992832184 -0.06526676565408707 -0.010910619050264359 0.06354798376560211 0.9959681630134583 -0.06331785023212433 -0.2691797614097595 0.06928844749927521 0.05888981744647026 0.9958569407463074 -0.10099143534898758
1403638130.445097 0.9948301315307617 -0.07191181927919388 -0.07170574367046356 -0.01260036788880825 0.06717202812433243 0.9955258965492249 -0.06645626574754715 -0.2875269651412964 0.07616390287876129 0.06129607558250427 0.9952094554901123 -0.10804416984319687
1403638130.4950972 0.9950969219207764 -0.06257059425115585 -0.07659704983234406 -0.01335049420595169 0.057739678770303726 0.9962949752807617 -0.06373851001262665 -0.3048155605792999 0.08030140399932861 0.059003300964832306 0.9950227737426758 -0.11698570847511292
1403638130.5450969 0.995863139629364 -0.04711263254284859 -0.07769782096147537 -0.014048941433429718 0.042702816426754 0.9974333047866821 -0.057473331689834595 -0.3243742883205414 0.08020611107349396 0.05391765385866165 0.9953189492225647 -0.12664644420146942
1403638130.595097 0.9962179064750671 -0.04013069346547127 -0.07706811279058456 -0.013681056909263134 0.035721611231565475 0.9976911544799805 -0.05776096135377884 -0.34258124232292175 0.07920815795660019 0.054789505898952484 0.995351254940033 -0.1357685625553131
1403638130.645097 0.9963234663009644 -0.04085896909236908 -0.07530009746551514 -0.016867663711309433 0.03572932258248329 0.9970279335975647 -0.06825443357229233 -0.35871389508247375 0.07786509394645691 0.06531307101249695 0.9948222041130066 -0.13898007571697235
1403638130.695097 0.9956408143043518 -0.05373719707131386 -0.07623393088579178 -0.012610109522938728 0.04754160717129707 0.9955894351005554 -0.08088012039661407 -0.380303293466568 0.08024394512176514 0.07690327614545822 0.9938042163848877 -0.15465207397937775
1403638130.745097 0.9938350319862366 -0.07666196674108505 -0.08009352535009384 -0.01725216954946518 0.0689273253083229 0.9930652379989624 -0.09523814171552658 -0.40156152844429016 0.08683925122022629 0.08913035690784454 0.9922271370887756 -0.16023898124694824
1403638130.795097 0.991436779499054 -0.09776899218559265 -0.08656880259513855 -0.017415523529052734 0.08859642595052719 0.9906110763549805 -0.10411712527275085 -0.4118480086326599 0.09593543410301208 0.0955558493733406 0.9907902479171753 -0.16379433870315552
1403638130.845097 0.9905149936676025 -0.10287246853113174 -0.09108904749155045 -0.020470622926950455 0.0930623933672905 0.9899924993515015 -0.10608603060245514 -0.42878031730651855 0.10109079629182816 0.09660284966230392 0.9901759624481201 -0.17487291991710663
1403638130.895097 0.9897188544273376 -0.10685770213603973 -0.09506779909133911 -0.01826556771993637 0.09621577709913254 0.9892361164093018 -0.11024687439203262 -0.43427136540412903 0.10582522302865982 0.09996639937162399 0.9893471002578735 -0.17776505649089813
1403638130.945097 0.9896339178085327 -0.11124850064516068 -0.09082116931676865 -0.015994638204574585 0.09976311773061752 0.9874454736709595 -0.12247000634670258 -0.44544553756713867 0.10330553352832794 0.11213986575603485 0.9883078932762146 -0.18418976664543152
1403638130.9950972 0.9897518754005432 -0.11683391034603119 -0.0821036845445633 -0.016681388020515442 0.10434849560260773 0.9842523336410522 -0.14268437027931213 -0.446381539106369 0.09748109430074692 0.13265472650527954 0.9863570332527161 -0.18690627813339233
1403638131.0450969 0.9893999695777893 -0.12344708293676376 -0.07647531479597092 -0.012848397716879845 0.11011731624603271 0.9811072945594788 -0.1590680032968521 -0.44739067554473877 0.09466695785522461 0.14896062016487122 0.9843012094497681 -0.18605855107307434
1403638131.095097 0.9900506138801575 -0.12126196175813675 -0.07138004899024963 -0.016039716079831123 0.10825413465499878 0.9804763793945312 -0.16415540874004364 -0.4420241713523865 0.08989224582910538 0.15479499101638794 0.9838484525680542 -0.18339431285858154
1403638131.145097 0.991101086139679 -0.11255486309528351 -0.07106271386146545 -0.01623428240418434 0.10041378438472748 0.982649028301239 -0.15594249963760376 -0.43129706382751465 0.0873817652463913 0.14741912484169006 0.9852065443992615 -0.18029513955116272
1403638131.195097 0.9929757118225098 -0.0941421240568161 -0.0716693103313446 -0.014072146266698837 0.08361072093248367 0.9869053959846497 -0.13793835043907166 -0.4211927354335785 0.08371662348508835 0.1309771090745926 0.9878443479537964 -0.17792338132858276
1403638131.245097 0.9948804378509521 -0.07187578827142715 -0.0710400715470314 -0.013859673403203487 0.06320824474096298 0.9910573363304138 -0.11751638352870941 -0.4037296175956726 0.07885134220123291 0.11242443323135376 0.9905266761779785 -0.16931544244289398
1403638131.295097 0.9957811832427979 -0.05700945109128952 -0.07189945131540298 -0.014843137003481388 0.04951400309801102 0.9935474991798401 -0.10203806310892105 -0.38905707001686096 0.07725262641906738 0.09804757684469223 0.992178738117218 -0.15947477519512177
1403638131.345097 0.9961143136024475 -0.05027766898274422 -0.07230623066425323 -0.01225846353918314 0.043371498584747314 0.9946175217628479 -0.09410073608160019 -0.3742695450782776 0.07664818316698074 0.09059907495975494 0.992933452129364 -0.15473607182502747
1403638131.395097 0.9962398409843445 -0.05120588839054108 -0.06988592445850372 -0.011364639736711979 0.04455333948135376 0.9946088194847107 -0.0936385989189148 -0.35802415013313293 0.07430398464202881 0.09017285704612732 0.9931504726409912 -0.1506931632757187
1403638131.445097 0.996326208114624 -0.05209970846772194 -0.06796871870756149 -0.0077211600728333 0.04548332095146179 0.9943896532058716 -0.09550236165523529 -0.34602683782577515 0.07256300747394562 0.09206007421016693 0.9931060075759888 -0.1422276794910431
1403638131.4950972 0.9971789717674255 -0.04221247881650925 -0.06206545978784561 -0.005435028579086065 0.03622595593333244 0.9948558807373047 -0.09460276365280151 -0.3281668722629547 0.06573959439992905 0.0920875072479248 0.9935784935951233 -0.1351027637720108
1403638131.5450969 0.9973904490470886 -0.039146535098552704 -0.06066038832068443 -0.004794257692992687 0.033664602786302567 0.995471715927124 -0.08889688551425934 -0.30978789925575256 0.06386569142341614 0.08662278205156326 0.9941919445991516 -0.12948422133922577
1403638131.595097 0.9975393414497375 -0.035774312913417816 -0.06029488891363144 -0.0034520337358117104 0.030756831169128418 0.9961426854133606 -0.08218226581811905 -0.28951531648635864 0.0630023255944252 0.08012557029724121 0.9947917461395264 -0.12247464060783386
1403638131.645097 0.9977213144302368 -0.02959194965660572 -0.06063280999660492 -0.0029720026068389416 0.02484886907041073 0.9966796040534973 -0.07753957808017731 -0.26965048909187317 0.06272602081298828 0.07585623860359192 0.9951438307762146 -0.11395855993032455
1403638131.695097 0.9978950619697571 -0.025294266641139984 -0.05971231311559677 0.0030639246106147766 0.02063252218067646 0.9967838525772095 -0.07743503153324127 -0.2495950162410736 0.06147892400622368 0.07604002952575684 0.9952076077461243 -0.11053700000047684
1403638131.745097 0.9980963468551636 -0.021075164899230003 -0.057961225509643555 0.0025794957764446735 0.016555214300751686 0.9968637228012085 -0.07738577574491501 -0.2283514440059662 0.05941036343574524 0.07627889513969421 0.9953149557113647 -0.09936362504959106
1403638131.795097 0.9985556602478027 -0.009832070209085941 -0.052818067371845245 0.00416259840130806 0.0057727559469640255 0.9970556497573853 -0.07646431773900986 -0.20626887679100037 0.05341433733701706 0.07604897022247314 0.995672345161438 -0.0932064801454544
1403638131.845097 0.9988866448402405 0.0009809806942939758 -0.047163981944322586 0.006414996460080147 -0.004409998655319214 0.9973474144935608 -0.07265514135360718 -0.18445149064064026 0.046967603266239166 0.0727822482585907 0.9962412714958191 -0.08502338081598282
1403638131.895097 0.9990727305412292 0.006866637617349625 -0.04250350221991539 0.0068221017718315125 -0.009907460771501064 0.9973734021186829 -0.07175081968307495 -0.1611761748790741 0.041899174451828 0.07210538536310196 0.9965165257453918 -0.07598182559013367
1403638131.945097 0.9991218447685242 0.011716023087501526 -0.04022904112935066 0.007907416671514511 -0.014546062797307968 0.9973850846290588 -0.07079198211431503 -0.1431100219488144 0.039294447749853134 0.07131499797105789 0.9966795444488525 -0.06952915340662003
1403638131.9950972 0.9989150762557983 0.02534075640141964 -0.03906923159956932 0.008937704376876354 -0.027855420485138893 0.9974817633628845 -0.06522400677204132 -0.12735919654369354 0.037318021059036255 0.0662415474653244 0.9971055388450623 -0.06439542025327682
1403638132.0450969 0.9982038736343384 0.04375841096043587 -0.04091736674308777 0.009322193451225758 -0.04601544886827469 0.997372567653656 -0.05595088005065918 -0.11680065095424652 0.03836153820157051 0.0577332079410553 0.9975947737693787 -0.06191294640302658
1403638132.095097 0.9971694350242615 0.06200003996491432 -0.04253414273262024 0.009566846303641796 -0.06382498890161514 0.9970352649688721 -0.04297938942909241 -0.11156874150037766 0.039743322879076004 0.04557247832417488 0.9981701970100403 -0.06028585135936737
1403638132.145097 0.9962921142578125 0.0729089006781578 -0.04567442089319229 0.008746631443500519 -0.07460063695907593 0.9965453147888184 -0.03649751842021942 -0.11450104415416718 0.0428556390106678 0.039769530296325684 0.9982894062995911 -0.06225354224443436
1403638132.195097 0.9961264729499817 0.072683185338974 -0.04948875308036804 0.008807425387203693 -0.07467392086982727 0.9964197874069214 -0.039639417082071304 -0.1252492070198059 0.04643046110868454 0.04318138584494591 0.997987687587738 -0.06653530895709991
1403638132.245097 0.9966627359390259 0.060314711183309555 -0.05500412359833717 0.007997281849384308 -0.06324558705091476 0.9965791702270508 -0.053198594599962234 -0.1439938247203827 0.051607295870780945 0.05649983137845993 0.9970678687095642 -0.07462248206138611
1403638132.295097 0.997075617313385 0.04539802670478821 -0.06147545576095581 0.007123111747205257 -0.04961641505360603 0.9963871240615845 -0.06892697513103485 -0.1661745011806488 0.058124199509620667 0.07177560031414032 0.9957258105278015 -0.08351209759712219
1403638132.345097 0.9971869587898254 0.036241672933101654 -0.06561070680618286 0.006674418691545725 -0.041463155299425125 0.9959278106689453 -0.08005423843860626 -0.19227668642997742 0.062442220747470856 0.08254947513341904 0.9946287870407104 -0.09491795301437378
1403638132.395097 0.9968750476837158 0.021173322573304176 -0.07610369473695755 0.004788106773048639 -0.027591584250330925 0.996058464050293 -0.08429939299821854 -0.2213640809059143 0.07401880621910095 0.08613578230142593 0.9935299158096313 -0.10747285187244415
1403638132.445097 0.9963495135307312 0.004268825054168701 -0.08526058495044708 0.004599489271640778 -0.012394271790981293 0.995400071144104 -0.09500089287757874 -0.24722735583782196 0.08446283638477325 0.09571084380149841 0.9918192028999329 -0.12023042142391205
1403638132.4950972 0.9952988624572754 -0.021258821710944176 -0.09448859840631485 0.004111212678253651 0.010503261350095272 0.9935508370399475 -0.11290068924427032 -0.279992938041687 0.09627935290336609 0.11137749254703522 0.9891032576560974 -0.1343809962272644
1403638132.5450969 0.9937403202056885 -0.04784819483757019 -0.10094847530126572 0.006755517795681953 0.03374645859003067 0.9899904727935791 -0.13704055547714233 -0.31119662523269653 0.10649515688419342 0.13277609646320343 0.9854081273078918 -0.15307770669460297
1403638132.595097 0.9920390248298645 -0.06913308799266815 -0.10525758564472198 0.0021077999845147133 0.051763348281383514 0.9858200550079346 -0.1596229374408722 -0.3316093981266022 0.11480024456977844 0.1529036909341812 0.9815505146980286 -0.15402233600616455
1403638132.645097 0.9907346963882446 -0.08150132745504379 -0.10863758623600006 0.0013301912695169449 0.062416937202215195 0.9836806058883667 -0.16875040531158447 -0.34895965456962585 0.1206180602312088 0.16040605306625366 0.9796535968780518 -0.16543012857437134
1403638132.695097 0.9903106689453125 -0.08361230045557022 -0.1108766719698906 -0.008050831966102123 0.06532614678144455 0.9850563406944275 -0.1593630313873291 -0.369871586561203 0.12254444509744644 0.15057577192783356 0.9809738397598267 -0.17435935139656067
1403638132.745097 0.9899334907531738 -0.08412470668554306 -0.11381904780864716 -0.015745015814900398 0.06694469600915909 0.986847460269928 -0.14714106917381287 -0.38066670298576355 0.12470021098852158 0.13804033398628235 0.9825449585914612 -0.18001702427864075
1403638132.795097 0.9896935820579529 -0.08742794394493103 -0.11341484636068344 -0.021553386002779007 0.07105787098407745 0.9874399900436401 -0.1411132663488388 -0.39802512526512146 0.12432756274938583 0.13159988820552826 0.9834755063056946 -0.1828862726688385
1403638132.845097 0.988944411277771 -0.09539387375116348 -0.1135285496711731 -0.02057582512497902 0.07777369767427444 0.9855279922485352 -0.15061801671981812 -0.401333212852478 0.12625357508659363 0.14012333750724792 0.9820516109466553 -0.18961620330810547
1403638132.895097 0.9877138137817383 -0.10947898030281067 -0.11151514202356339 -0.023796413093805313 0.09016750752925873 0.9820771813392639 -0.1655120998620987 -0.40788063406944275 0.12763656675815582 0.15342357754707336 0.9798826575279236 -0.1939464956521988
1403638132.945097 0.9862892627716064 -0.11965462565422058 -0.11364921927452087 -0.024158891290426254 0.09809279441833496 0.9788868427276611 -0.17932771146297455 -0.40939849615097046 0.13270710408687592 0.1657208651304245 0.9772027730941772 -0.19382697343826294
1403638132.9950972 0.9856118559837341 -0.11983130872249603 -0.11920490115880966 -0.027713214978575706 0.09629706293344498 0.9776991009712219 -0.18663184344768524 -0.40023574233055115 0.13891084492206573 0.17246747016906738 0.9751710891723633 -0.18600645661354065
1403638133.0450969 0.9868280291557312 -0.10482165217399597 -0.12321870774030685 -0.027728423476219177 0.08141948282718658 0.979994535446167 -0.18160879611968994 -0.39596959948539734 0.13979016244411469 0.16918426752090454 0.9756205081939697 -0.186122864484787
1403638133.095097 0.9887858629226685 -0.08487936109304428 -0.12287381291389465 -0.02286524325609207 0.06312593817710876 0.9832114577293396 -0.17120271921157837 -0.38475698232650757 0.13534249365329742 0.16152632236480713 0.9775437116622925 -0.18515537679195404
1403638133.145097 0.9900661706924438 -0.07377243787050247 -0.11969325691461563 -0.014016475528478622 0.053908564150333405 0.9854094386100769 -0.1614377498626709 -0.37521159648895264 0.12985649704933167 0.1533815711736679 0.9795975089073181 -0.17779423296451569
1403638133.195097 0.9918487071990967 -0.06725095212459564 -0.10822813212871552 0.0009833378717303276 0.04969841614365578 0.9862834811210632 -0.15740066766738892 -0.3638681173324585 0.1173289343714714 0.1507388949394226 0.9815862774848938 -0.16658365726470947
1403638133.245097 0.9933932423591614 -0.06722822785377502 -0.09300713986158371 0.013964260928332806 0.05203622207045555 0.9862149357795715 -0.1570746898651123 -0.34834620356559753 0.10228484869003296 0.15119719505310059 0.9831974506378174 -0.1570824384689331
1403638133.295097 0.9953569769859314 -0.06373530626296997 -0.07212705910205841 0.035428088158369064 0.05207948386669159 0.9868070483207703 -0.15329572558403015 -0.3429431915283203 0.08094579726457596 0.14882761240005493 0.9855446219444275 -0.15929582715034485
1403638133.345097 0.9968804121017456 -0.05779392644762993 -0.053751226514577866 0.05008881539106369 0.049500104039907455 0.9882587790489197 -0.14454863965511322 -0.3224900960922241 0.06147412583231926 0.14143703877925873 0.988036572933197 -0.14682826399803162
1403638133.395097 0.9979711174964905 -0.052760228514671326 -0.03563642501831055 0.0695720985531807 0.04755900800228119 0.9898825883865356 -0.1336808055639267 -0.31458780169487 0.04232887551188469 0.13171476125717163 0.990383505821228 -0.14377056062221527
1403638133.445097 0.9988082051277161 -0.04739842936396599 -0.011644981801509857 0.09097679704427719 0.045559100806713104 0.9909907579421997 -0.12594294548034668 -0.29695388674736023 0.017509542405605316 0.1252623051404953 0.991969108581543 -0.1439656764268875
1403638133.4950972 0.9986163973808289 -0.05126754939556122 0.011699490249156952 0.11480344831943512 0.05231029540300369 0.9912253618240356 -0.12139153480529785 -0.2929465174674988 -0.005373403429985046 0.12183558940887451 0.9925357103347778 -0.13837769627571106
1403638133.5450969 0.9974293112754822 -0.06266950070858002 0.03474576771259308 0.1387985795736313 0.06641729176044464 0.9905505776405334 -0.11999273300170898 -0.27403950691223145 -0.026897594332695007 0.12199199199676514 0.9921665191650391 -0.12685763835906982
1403638133.595097 0.9957494139671326 -0.07748375833034515 0.04979197680950165 0.16591699421405792 0.08268295228481293 0.9901917576789856 -0.11262333393096924 -0.2692977488040924 -0.040577128529548645 0.1162615641951561 0.992389440536499 -0.13222253322601318
1403638133.645097 0.9936994910240173 -0.09390340000391006 0.06118125468492508 0.17900601029396057 0.09992092847824097 0.9895311594009399 -0.10413407534360886 -0.257853239774704 -0.050762251019477844 0.1095912829041481 0.9926796555519104 -0.1339106559753418
1403638133.695097 0.9917914867401123 -0.10493066906929016 0.07306896895170212 0.1977490782737732 0.11172699183225632 0.9890767335891724 -0.09614768624305725 -0.24348819255828857 -0.0621819868683815 0.10352224111557007 0.9926814436912537 -0.13688409328460693
1403638133.745097 0.9897758364677429 -0.10951235145330429 0.09138228744268417 0.21249371767044067 0.11762985587120056 0.9890835881233215 -0.08875150978565216 -0.23099395632743835 -0.08066534250974655 0.09859338402748108 0.9918529987335205 -0.13203099370002747
1403638133.795097 0.9877468943595886 -0.11078520119190216 0.10992147773504257 0.24035872519016266 0.12023278325796127 0.9892368316650391 -0.08339343219995499 -0.22551213204860687 -0.09949961304664612 0.09558775275945663 0.9904356598854065 -0.13655172288417816
1403638133.845097 0.9858114123344421 -0.1070496141910553 0.12929144501686096 0.26192593574523926 0.11760089546442032 0.9900774955749512 -0.07691816985607147 -0.21474526822566986 -0.11977449059486389 0.09103158861398697 0.9886189699172974 -0.13904033601284027
1403638133.895097 0.9839026927947998 -0.10546223819255829 0.14426736533641815 0.2671615183353424 0.11652958393096924 0.9906800985336304 -0.07052474468946457 -0.20563183724880219 -0.13548511266708374 0.08620090782642365 0.987022340297699 -0.12829795479774475
1403638133.945097 0.9820917248725891 -0.10597319900989532 0.15577347576618195 0.2739102244377136 0.11776380240917206 0.9906765818595886 -0.06849474459886551 -0.20063208043575287 -0.1470625251531601 0.08561258018016815 0.9854152202606201 -0.12392391264438629
1403638133.9950972 0.9810466766357422 -0.10585493594408035 0.16230206191539764 0.2754547595977783 0.1184743121266365 0.9904775619506836 -0.0701277107000351 -0.19934432208538055 -0.1533331722021103 0.08802717924118042 0.9842459559440613 -0.11736556887626648
1403638134.0450969 0.9811469912528992 -0.10278622806072235 0.1636631190776825 0.2708376944065094 0.11536260694265366 0.9909054636955261 -0.06926541030406952 -0.19876804947853088 -0.15505516529083252 0.08684014528989792 0.9840816259384155 -0.10445521771907806
1403638134.095097 0.982512891292572 -0.09521663933992386 0.16000677645206451 0.2676917314529419 0.10639983415603638 0.9923366904258728 -0.06282366812229156 -0.19859929382801056 -0.15279874205589294 0.07874975353479385 0.9851146936416626 -0.0969177782535553
1403638134.145097 0.9839080572128296 -0.08526899665594101 0.15701605379581451 0.25710394978523254 0.09524384886026382 0.9938135147094727 -0.057125963270664215 -0.2061406672000885 -0.15117360651493073 0.07116150856018066 0.9859424233436584 -0.08886869251728058
1403638134.195097 0.9841083288192749 -0.08189067989587784 0.1575583517551422 0.24432368576526642 0.09244924783706665 0.993854284286499 -0.06088319793343544 -0.21031922101974487 -0.1516042947769165 0.07448182255029678 0.9856310486793518 -0.07187230885028839
1403638134.245097 0.9831931591033936 -0.08867546170949936 0.1595866084098816 0.23403659462928772 0.10182078182697296 0.9918833374977112 -0.0761578232049942 -0.22372406721115112 -0.1515379548072815 0.09112707525491714 0.9842418432235718 -0.06351305544376373
1403638134.295097 0.9820445775985718 -0.09752075374126434 0.1614874005317688 0.21557371318340302 0.11278761923313141 0.9896948337554932 -0.08822136372327805 -0.23481233417987823 -0.15121984481811523 0.10485109686851501 0.9829235076904297 -0.04711241275072098
1403638134.345097 0.9814265370368958 -0.10612043738365173 0.15981335937976837 0.1887885332107544 0.121294304728508 0.9886749982833862 -0.0883706659078598 -0.2401954084634781 -0.14862553775310516 0.10611377656459808 0.983183741569519 -0.023052630946040154
1403638134.395097 0.9814468026161194 -0.1157119870185852 0.15288186073303223 0.17394977807998657 0.12940265238285065 0.9881262183189392 -0.08283357322216034 -0.24906516075134277 -0.14148175716400146 0.10108006000518799 0.9847667813301086 -0.012540392577648163
1403638134.445097 0.9812361001968384 -0.12329521775245667 0.14823570847511292 0.15478572249412537 0.13566100597381592 0.9878058433532715 -0.07638996094465256 -0.26328665018081665 -0.1370096057653427 0.09506639093160629 0.9859973192214966 -0.0029983147978782654
1403638134.4950972 0.9807011485099792 -0.1308901160955429 0.1452340930700302 0.13577960431575775 0.1431151032447815 0.9866944551467896 -0.07714810967445374 -0.27023717761039734 -0.13320374488830566 0.09644443541765213 0.986384928226471 0.011610172688961029
1403638134.5450969 0.9796940684318542 -0.14147843420505524 0.14206787943840027 0.1181337833404541 0.15364617109298706 0.9849923253059387 -0.07863184809684753 -0.2774796485900879 -0.1288110464811325 0.09886333346366882 0.986728847026825 0.024573013186454773
1403638134.595097 0.9792472720146179 -0.15121479332447052 0.13494035601615906 0.09666437655687332 0.16310280561447144 0.9832097291946411 -0.0818292647600174 -0.2810308039188385 -0.12030088156461716 0.10214023292064667 0.9874690175056458 0.032287050038576126
1403638134.645097 0.9791984558105469 -0.15500690042972565 0.1309318244457245 0.06842608749866486 0.1660703867673874 0.9830057621002197 -0.07823304831981659 -0.2855677008628845 -0.1165800541639328 0.09834957122802734 0.9882997274398804 0.04321879893541336
1403638134.695097 0.9797866940498352 -0.15533562004566193 0.12605074048042297 0.04401228576898575 0.16510875523090363 0.9837065935134888 -0.07113523036241531 -0.28995195031166077 -0.11294712126255035 0.09050943702459335 0.9894700050354004 0.0481184683740139
1403638134.745097 0.9808003902435303 -0.15490977466106415 0.11846303939819336 0.02312781661748886 0.16282668709754944 0.9848101139068604 -0.060303639620542526 -0.2984178960323334 -0.10732196271419525 0.0784347727894783 0.9911256432533264 0.05452198162674904
1403638134.795097 0.9820879101753235 -0.1504199355840683 0.1134783923625946 0.00346269179135561 0.15667088329792023 0.9864696264266968 -0.04828954488039017 -0.30495986342430115 -0.10467927902936935 0.06520331650972366 0.9923661947250366 0.0577809140086174
