1305031453.359684 1.0 0.0 0.0 0.0 0.0 1.0 0.0 0.0 0.0 0.0 1.0 0.0
1305031453.39169 0.999634861946106 -0.024042366072535515 0.012334135361015797 0.002164709847420454 0.02402840368449688 0.9997104406356812 0.0012789943721145391 0.0045020668767392635 -0.0123613141477108 -0.000982157769612968 0.9999231100082397 -0.009477103129029274
1305031453.423683 0.9989029765129089 -0.04266831651329994 0.019294125959277153 0.007726659066975117 0.04268351197242737 0.9990885853767395 -0.00037636241177096963 0.006563166156411171 -0.019260480999946594 0.001199490623548627 0.9998137950897217 -0.01783146522939205
1305031453.459685 0.9975979924201965 -0.06044798344373703 0.03382672742009163 0.009860468097031116 0.06074577942490578 0.9981223940849304 -0.007845398969948292 0.011329452507197857 -0.03328897804021835 0.009881383739411831 0.9993968605995178 -0.026858922094106674
1305031453.491698 0.9956839084625244 -0.08085204660892487 0.04556786268949509 0.0146795604377985 0.08163398504257202 0.9965407848358154 -0.015565439127385616 0.01627696305513382 -0.044151730835437775 0.019218143075704575 0.9988399744033813 -0.03815266862511635
1305031453.523684 0.9935448169708252 -0.09879714995622635 0.05574759840965271 0.015679266303777695 0.10049358755350113 0.9945297837257385 -0.028488827869296074 0.022005397826433182 -0.05262802913784981 0.033907201141119 0.9980384111404419 -0.050740234553813934
1305031453.559753 0.9917513728141785 -0.11149922013282776 0.06322300434112549 0.015428999438881874 0.11427725106477737 0.9925538897514343 -0.04216279461979866 0.02795291319489479 -0.058051105588674545 0.04903996363282204 0.9971083402633667 -0.06561695039272308
1305031453.59164 0.9902805089950562 -0.118737131357193 0.07242941856384277 0.011881835758686066 0.1228506937623024 0.9908860325813293 -0.05524922162294388 0.03264720365405083 -0.06520917266607285 0.06361022591590881 0.9958420991897583 -0.0804697573184967
1305031453.627706 0.9889006614685059 -0.1252838373184204 0.07987233251333237 0.002788892015814781 0.13075025379657745 0.9891266822814941 -0.0673251524567604 0.0381358340382576 -0.07056911289691925 0.07702121138572693 0.9945288300514221 -0.09748169779777527
1305031453.6596 0.9895408749580383 -0.12022551149129868 0.07971567660570145 -0.010584283620119095 0.1269359141588211 0.9882398247718811 -0.08526130765676498 0.04742987081408501 -0.06852761656045914 0.09448833018541336 0.9931647181510925 -0.11226697266101837
1305031453.691678 0.9912031888961792 -0.1108221635222435 0.07235042005777359 -0.019378922879695892 0.1179046705365181 0.9877373576164246 -0.1023394986987114 0.05969223380088806 -0.06012172996997833 0.10996969789266586 0.9921149015426636 -0.12539276480674744
1305031453.727652 0.9928004741668701 -0.10212709754705429 0.06258868426084518 -0.027267828583717346 0.10870593786239624 0.9876598119735718 -0.11274357885122299 0.06995367258787155 -0.050302159041166306 0.11873561143875122 0.9916509985923767 -0.14161384105682373
1305031453.759694 0.9948118329048157 -0.08690010756254196 0.052892573177814484 -0.046661633998155594 0.09276928007602692 0.9882966876029968 -0.12109245359897614 0.0742410346865654 -0.04175061732530594 0.12537100911140442 0.9912310242652893 -0.1537495106458664
1305031453.791716 0.9969678521156311 -0.07144114375114441 0.030842013657093048 -0.04962751269340515 0.07497422397136688 0.9880113005638123 -0.13495320081710815 0.0877847895026207 -0.020831037312746048 0.136856347322464 0.9903720021247864 -0.16456061601638794
1305031453.827773 0.9979842305183411 -0.06121842935681343 0.01672571524977684 -0.06024346500635147 0.06294172257184982 0.988489031791687 -0.13757815957069397 0.09069086611270905 -0.008110865950584412 0.13835358619689941 0.9903497099876404 -0.17921701073646545
1305031453.859705 0.9989919662475586 -0.044782187789678574 -0.0030783843249082565 -0.07981102168560028 0.04387954995036125 0.988706648349762 -0.1432960033416748 0.09964819997549057 0.00946072768419981 0.1430165022611618 0.9896751046180725 -0.18873175978660583
1305031453.89171 0.9989257454872131 -0.0326048918068409 -0.032929107546806335 -0.09381546825170517 0.027450906112790108 0.9888487458229065 -0.1463715136051178 0.11250681430101395 0.03733433037996292 0.14531032741069794 0.9886814951896667 -0.20452696084976196
1305031453.927723 0.9976473450660706 -0.02330796793103218 -0.06447099149227142 -0.11562168598175049 0.013796919025480747 0.9894503355026245 -0.14421391487121582 0.11995123326778412 0.06715220212936401 0.14298515021800995 0.9874440431594849 -0.19716991484165192
1305031453.959641 0.9947758913040161 -0.010168801993131638 -0.10157488286495209 -0.11944331973791122 -0.004009299911558628 0.9903665781021118 -0.13841208815574646 0.12376971542835236 0.10200385004281998 0.13809627294540405 0.985152006149292 -0.20610903203487396
1305031453.991624 0.9921584129333496 0.011037776246666908 -0.12449811398983002 -0.1321590095758438 -0.0275396890938282 0.9909179210662842 -0.13161809742450714 0.12371639907360077 0.12191462516784668 0.13401465117931366 0.9834515452384949 -0.21213145554065704
1305031454.027662 0.9875168204307556 0.029010552912950516 -0.15481898188591003 -0.1365770399570465 -0.04958876222372055 0.9901729822158813 -0.13076089322566986 0.12180572748184204 0.14950411021709442 0.13680586218833923 0.9792510867118835 -0.21739202737808228
1305031454.059654 0.9832550883293152 0.04858320951461792 -0.1756388545036316 -0.15249890089035034 -0.0725933387875557 0.988457441329956 -0.13297362625598907 0.1302090287208557 0.16715124249458313 0.14349721372127533 0.9754327535629272 -0.2214096337556839
1305031454.091651 0.9778992533683777 0.07792084664106369 -0.19401368498802185 -0.1737717241048813 -0.10398373007774353 0.9863094091415405 -0.12798860669136047 0.1305599808692932 0.18138457834720612 0.14533427357673645 0.9726138114929199 -0.22565214335918427
1305031454.127701 0.969953179359436 0.10437488555908203 -0.21976491808891296 -0.19075587391853333 -0.13493192195892334 0.9824295043945312 -0.1289408802986145 0.13239282369613647 0.20244532823562622 0.15471994876861572 0.9669942259788513 -0.2303137630224228
1305031454.159672 0.9597750902175903 0.1251171976327896 -0.25135156512260437 -0.20151720941066742 -0.16115723550319672 0.9785579442977905 -0.12826764583587646 0.14091520011425018 0.229913592338562 0.16361522674560547 0.9593591094017029 -0.2284410446882248
1305031454.191658 0.9482542276382446 0.15517348051071167 -0.2770110070705414 -0.2226579189300537 -0.19354857504367828 0.9741031527519226 -0.11688439548015594 0.14442262053489685 0.2516999840736389 0.1644512563943863 0.9537310004234314 -0.23649442195892334
1305031454.227671 0.9322524666786194 0.18477334082126617 -0.3110694885253906 -0.23258501291275024 -0.22718772292137146 0.9680835604667664 -0.10582934319972992 0.13588999211788177 0.28158682584762573 0.1693308800458908 0.9444765448570251 -0.23605427145957947
1305031454.259627 0.9141983389854431 0.21197083592414856 -0.34541234374046326 -0.23037035763263702 -0.26335442066192627 0.9585463404655457 -0.1087811291217804 0.14090164005756378 0.30803531408309937 0.19041341543197632 0.9321250319480896 -0.23677146434783936
1305031454.291639 0.9038083553314209 0.23487897217273712 -0.35771825909614563 -0.243702232837677 -0.2881350517272949 0.9520468711853027 -0.10288266092538834 0.15001164376735687 0.31639957427978516 0.19605734944343567 0.9281448125839233 -0.23553922772407532
1305031454.327699 0.8884826302528381 0.2672096788883209 -0.3730919063091278 -0.262919545173645 -0.3209318518638611 0.9429160952568054 -0.08894874155521393 0.14069919288158417 0.3280264139175415 0.19876646995544434 0.9235207438468933 -0.2382432222366333
1305031454.359636 0.8700887560844421 0.2863219082355499 -0.4012048840522766 -0.2639406621456146 -0.34989097714424133 0.9321020841598511 -0.09360536187887192 0.1470268964767456 0.3471626043319702 0.22182290256023407 0.9111930131912231 -0.23592129349708557
1305031454.391677 0.856533944606781 0.30562424659729004 -0.4158647358417511 -0.2715117037296295 -0.37324997782707214 0.9233363270759583 -0.09019103646278381 0.15452906489372253 0.35641852021217346 0.23247317969799042 0.9049431681632996 -0.24027559161186218
1305031454.427465 0.8373103737831116 0.3323371410369873 -0.4341236352920532 -0.29038187861442566 -0.40437188744544983 0.9108538031578064 -0.08263599127531052 0.16054323315620422 0.3679601848125458 0.2447393536567688 0.8970550894737244 -0.24272270500659943
1305031454.459913 0.815760612487793 0.35491621494293213 -0.4566936194896698 -0.2900625169277191 -0.43408262729644775 0.8974997997283936 -0.07788673788309097 0.16646648943424225 0.3822391629219055 0.2617797553539276 0.8862079381942749 -0.24053040146827698
1305031454.491617 0.7971731424331665 0.3814701735973358 -0.4679693579673767 -0.29312360286712646 -0.46393901109695435 0.8830596208572388 -0.070472352206707 0.17072592675685883 0.3863617479801178 0.27328792214393616 0.8809303641319275 -0.24243435263633728
1305031454.5277 0.7774456143379211 0.4075623154640198 -0.47903165221214294 -0.29803332686424255 -0.49278098344802856 0.8679938316345215 -0.06126709282398224 0.18068929016590118 0.39082637429237366 0.2836895287036896 0.8756569027900696 -0.24340608716011047
1305031454.559575 0.7610421776771545 0.42871540784835815 -0.4868446886539459 -0.3035476505756378 -0.5127995610237122 0.8572353720664978 -0.04673390835523605 0.18862514197826385 0.3973049819469452 0.28522026538848877 0.8722374439239502 -0.24959802627563477
1305031454.591635 0.7343746423721313 0.45708125829696655 -0.5017675161361694 -0.3126339018344879 -0.5418821573257446 0.8399911522865295 -0.027902085334062576 0.19581672549247742 0.4087267220020294 0.29238948225975037 0.8645524382591248 -0.25094395875930786
1305031454.62758 0.706264078617096 0.4760248064994812 -0.5240147113800049 -0.3123021423816681 -0.5637845396995544 0.8258657455444336 -0.009633898735046387 0.2010132521390915 0.4281798005104065 0.30223548412323 0.8516547083854675 -0.2531008720397949
1305031454.659528 0.6858325600624084 0.48653313517570496 -0.5412200093269348 -0.31428438425064087 -0.5744618773460388 0.8184938430786133 0.007833633571863174 0.21535304188728333 0.44679659605026245 0.3055376708507538 0.8408445715904236 -0.2544506788253784
1305031454.691884 0.6631224155426025 0.4978225529193878 -0.5589645504951477 -0.3153546452522278 -0.5817632675170898 0.812663733959198 0.033601559698581696 0.22044701874256134 0.4709778428077698 0.30290311574935913 0.8285105228424072 -0.2559542953968048
1305031454.727659 0.6383036375045776 0.4992263615131378 -0.5859534740447998 -0.3029489815235138 -0.5838072299957275 0.8100801706314087 0.054214343428611755 0.22345799207687378 0.5017344951629639 0.307478666305542 0.8085291385650635 -0.2488972395658493
1305031454.759732 0.6347167491912842 0.4942494332790375 -0.5940135717391968 -0.2968094050884247 -0.5721433162689209 0.8172742128372192 0.06866566836833954 0.2258279025554657 0.5194098353385925 0.29627761244773865 0.8015191555023193 -0.245254248380661
1305031454.791641 0.6392121315002441 0.48410147428512573 -0.5975395441055298 -0.293073445558548 -0.5563668012619019 0.8275219202041626 0.07525540143251419 0.2309422641992569 0.5309082865715027 0.2843470573425293 0.7983001470565796 -0.2428622841835022
1305031454.82757 0.6432326436042786 0.47367003560066223 -0.6015716195106506 -0.2828328609466553 -0.5426379442214966 0.8363108038902283 0.07828313857316971 0.24084016680717468 0.5401811003684998 0.27608126401901245 0.7949739098548889 -0.2396145612001419
1305031454.85962 0.6574796438217163 0.4661262631416321 -0.5919855237007141 -0.278812050819397 -0.5272019505500793 0.8459144830703735 0.08053989708423615 0.24872629344463348 0.5383108258247375 0.25914254784584045 0.8019142746925354 -0.24424979090690613
1305031454.891764 0.6697065234184265 0.45788905024528503 -0.584662914276123 -0.27282682061195374 -0.5131346583366394 0.854439914226532 0.08139558881521225 0.25505951046943665 0.53682941198349 0.24549970030784607 0.807182788848877 -0.24374684691429138
1305031454.927567 0.6845760941505432 0.45270615816116333 -0.5713253021240234 -0.2722715437412262 -0.5036366581916809 0.860363245010376 0.07826381921768188 0.2651488780975342 0.5269777774810791 0.2341628074645996 0.8169835805892944 -0.24931426346302032
1305031454.959648 0.6975700855255127 0.44524556398391724 -0.5613843202590942 -0.2728438079357147 -0.49040138721466064 0.8679096102714539 0.07898961007595062 0.27342796325683594 0.5224006772041321 0.22020292282104492 0.8237767815589905 -0.2508251965045929
1305031454.991937 0.7091152667999268 0.43770068883895874 -0.5527870059013367 -0.27767467498779297 -0.47964635491371155 0.8740925192832947 0.07682209461927414 0.28268882632255554 0.5168120861053467 0.21066653728485107 0.829774022102356 -0.256351500749588
1305031455.027799 0.7146394848823547 0.43248188495635986 -0.5497724413871765 -0.2795845568180084 -0.4747547209262848 0.877098023891449 0.07284919172525406 0.2962638735771179 0.5137102007865906 0.20894615352153778 0.8321317434310913 -0.2634503245353699
1305031455.059636 0.7205457091331482 0.4290330708026886 -0.5447425246238708 -0.28261086344718933 -0.4682188332080841 0.8804963827133179 0.07414327561855316 0.30300968885421753 0.5114536881446838 0.20163509249687195 0.8353192806243896 -0.26437637209892273
1305031455.0917 0.7260610461235046 0.427526593208313 -0.5385687947273254 -0.28826120495796204 -0.4701201915740967 0.880209743976593 0.06494452804327011 0.3143283724784851 0.5018189549446106 0.20603837072849274 0.840074896812439 -0.26974260807037354
1305031455.127695 0.7349534034729004 0.4230527877807617 -0.5299714207649231 -0.2952420115470886 -0.4679015278816223 0.8820533156394958 0.05522797256708145 0.32969093322753906 0.49082738161087036 0.20738446712493896 0.8462151885032654 -0.2750217914581299
1305031455.15972 0.7448866367340088 0.41805675625801086 -0.5199733376502991 -0.30527955293655396 -0.46048504114151 0.8860986828804016 0.052753154188394547 0.33902761340141296 0.4828014671802521 0.20014485716819763 0.8525518774986267 -0.28096553683280945
1305031455.191655 0.754112184047699 0.411490261554718 -0.5118499994277954 -0.3149850368499756 -0.4488500952720642 0.8918692469596863 0.05570410564541817 0.34618058800697327 0.4794248640537262 0.18773677945137024 0.8572669625282288 -0.2845420837402344
1305031455.227581 0.7641235589981079 0.4018552601337433 -0.504606306552887 -0.3254363536834717 -0.4394662082195282 0.8969320058822632 0.04881095513701439 0.35632237792015076 0.47221240401268005 0.18445980548858643 0.8619686961174011 -0.290172278881073
1305031455.259631 0.7751672863960266 0.3908659517765045 -0.49632593989372253 -0.33149224519729614 -0.4255121350288391 0.9037245512008667 0.047130510210990906 0.3689335286617279 0.4669637084007263 0.17465873062610626 0.8668559789657593 -0.2945772409439087
1305031455.291831 0.7897958159446716 0.38169586658477783 -0.48013609647750854 -0.34641969203948975 -0.40616169571876526 0.9120263457298279 0.05692533403635025 0.3723178207874298 0.4596249461174011 0.1500535011291504 0.8753449320793152 -0.3003360331058502
1305031455.327766 0.8028903007507324 0.3654976487159729 -0.4709337055683136 -0.3591870069503784 -0.3836911618709564 0.9214450120925903 0.06099382042884827 0.38060981035232544 0.4562326669692993 0.13172176480293274 0.8800574541091919 -0.30928197503089905
1305031455.35963 0.8090203404426575 0.35712930560112 -0.4668455123901367 -0.36396902799606323 -0.3688720464706421 0.9268561601638794 0.06979276239871979 0.3929847776889801 0.457623690366745 0.11574254930019379 0.8815805315971375 -0.31211400032043457
1305031455.391665 0.8227964639663696 0.34941649436950684 -0.44823434948921204 -0.37731310725212097 -0.3503909707069397 0.9328303337097168 0.08398698270320892 0.3947492241859436 0.44747307896614075 0.08795307576656342 0.8899618983268738 -0.3153770864009857
1305031455.427642 0.8378509283065796 0.3359040319919586 -0.4303187131881714 -0.393748015165329 -0.33078229427337646 0.9394727349281311 0.08929763734340668 0.4001450538635254 0.4342682659626007 0.06752370297908783 0.8982491493225098 -0.3239251375198364
1305031455.459589 0.8480125069618225 0.3226388990879059 -0.4204508364200592 -0.4088469445705414 -0.3119778335094452 0.9452173113822937 0.09609398990869522 0.39925333857536316 0.4284210801124573 0.049682438373565674 0.9022122621536255 -0.3311947286128998
1305031455.491637 0.8589751124382019 0.30448266863822937 -0.41164547204971313 -0.4218578040599823 -0.2904568612575531 0.9518594741821289 0.0979713723063469 0.404906302690506 0.42165935039520264 0.03541029244661331 0.906062662601471 -0.33961939811706543
1305031455.52761 0.8707893490791321 0.2841551601886749 -0.401225209236145 -0.44055214524269104 -0.2651425302028656 0.9586402773857117 0.10348126292228699 0.40173470973968506 0.4140354096889496 0.016271479427814484 0.9101153016090393 -0.3493858277797699
1305031455.559669 0.8796825408935547 0.2576477527618408 -0.39972013235092163 -0.46061617136001587 -0.24075400829315186 0.9661299586296082 0.09290023893117905 0.4134325683116913 0.41011708974838257 0.014511491172015667 0.9119173884391785 -0.35480231046676636
1305031455.591645 0.8863377571105957 0.2319125384092331 -0.40077659487724304 -0.4750947654247284 -0.213670551776886 0.9727205634117126 0.09032926708459854 0.4192458391189575 0.41079211235046387 0.005571908317506313 0.9117119908332825 -0.3659106492996216
1305031455.627617 0.8940832018852234 0.2095128744840622 -0.39587825536727905 -0.4923848509788513 -0.18523778021335602 0.9776871204376221 0.0990709587931633 0.41247791051864624 0.40780168771743774 -0.015246091410517693 0.9129431843757629 -0.3733900189399719
1305031455.659615 0.8998502492904663 0.1981874257326126 -0.38857609033584595 -0.5119189023971558 -0.17553876340389252 0.9800370335578918 0.0933469831943512 0.40812063217163086 0.3993191123008728 -0.015788136050105095 0.9166760444641113 -0.3867111802101135
1305031455.691605 0.9019457697868347 0.1970505267381668 -0.3842718005180359 -0.5284479260444641 -0.17871305346488953 0.9803723096847534 0.08325707912445068 0.4122352600097656 0.3931352496147156 -0.006418990436941385 0.9194582104682922 -0.3961119055747986
1305031455.727628 0.9038023948669434 0.20665131509304047 -0.37474846839904785 -0.5460970997810364 -0.1893385946750641 0.9784066081047058 0.08289390057325363 0.40735897421836853 0.3837864398956299 -0.003965375013649464 0.9234133362770081 -0.4083561301231384
1305031455.759683 0.9073004126548767 0.21260926127433777 -0.3627717196941376 -0.5608786940574646 -0.19682824611663818 0.9771361947059631 0.08039715886116028 0.4055353105068207 0.37157049775123596 -0.0015406734310090542 0.928403377532959 -0.42048805952072144
1305031455.791666 0.9133114218711853 0.2116178274154663 -0.34796568751335144 -0.5815411806106567 -0.1978168785572052 0.9773524403572083 0.07517062872648239 0.4004056751728058 0.3559926450252533 0.00017928911256603897 0.9344887733459473 -0.4336214065551758
1305031455.82759 0.9170486330986023 0.20968365669250488 -0.33919718861579895 -0.5983814001083374 -0.19836266338825226 0.9777575135231018 0.068136066198349 0.39920300245285034 0.34593966603279114 0.004799976944923401 0.9382444620132446 -0.4492868185043335
1305031455.859526 0.9178754091262817 0.21366135776042938 -0.3344453275203705 -0.6114600896835327 -0.20246995985507965 0.9768953919410706 0.06841956079006195 0.3948434293270111 0.3413366973400116 0.004914493765681982 0.9399283528327942 -0.46182167530059814
1305031455.891657 0.9205589294433594 0.21313542127609253 -0.3273293673992157 -0.6252685189247131 -0.20214302837848663 0.9770148992538452 0.06767475605010986 0.39097607135772705 0.33422964811325073 0.003868750762194395 0.9424837827682495 -0.4736417829990387
1305031455.927955 0.9228295087814331 0.2160007804632187 -0.31895050406455994 -0.6376872658729553 -0.2045101672410965 0.9763926863670349 0.06952031701803207 0.3858567774295807 0.3264373242855072 0.0010732136433944106 0.9452182054519653 -0.48366281390190125
1305031455.959716 0.9249542951583862 0.22026295959949493 -0.3097479045391083 -0.6504233479499817 -0.21021707355976105 0.9754316806793213 0.0658932477235794 0.38687294721603394 0.31665173172950745 0.004166045691817999 0.94853276014328 -0.49430882930755615
1305031455.991694 0.9270101189613342 0.22487638890743256 -0.3001381754875183 -0.6602886915206909 -0.21385951340198517 0.9743872880935669 0.0695238709449768 0.3840273320674896 0.3080851137638092 -0.00026192888617515564 0.9513587951660156 -0.5026232004165649
1305031456.02777 0.9290871620178223 0.23242828249931335 -0.28770479559898376 -0.6686279773712158 -0.2207816243171692 0.9726049304008484 0.07276743650436401 0.3914544880390167 0.29673632979393005 -0.004087371286004782 0.954950749874115 -0.5112351179122925
1305031456.059713 0.9293478727340698 0.2525602877140045 -0.26930639147758484 -0.6853874921798706 -0.2347959727048874 0.9672116637229919 0.09681212902069092 0.3797664940357208 0.2849271297454834 -0.026740098372101784 0.9581761956214905 -0.5183799266815186
1305031456.091707 0.9298399686813354 0.2646290957927704 -0.25567376613616943 -0.7000941038131714 -0.24382665753364563 0.9635034799575806 0.11049740761518478 0.37004491686820984 0.2755834460258484 -0.04040483385324478 0.9604276418685913 -0.5237190127372742
1305031456.127645 0.9321703910827637 0.2684915363788605 -0.24283868074417114 -0.7154315710067749 -0.24803100526332855 0.9622761607170105 0.11182653158903122 0.36486315727233887 0.2637023627758026 -0.044009849429130554 0.9635996222496033 -0.5286093354225159
1305031456.159731 0.9346022009849548 0.2700139284133911 -0.2315407693386078 -0.7252058386802673 -0.2490895688533783 0.9615256190299988 0.11585700511932373 0.3533286154270172 0.253915399312973 -0.05060581862926483 0.9659016728401184 -0.5310584306716919
1305031456.191658 0.9395290613174438 0.26462140679359436 -0.21739497780799866 -0.7349377274513245 -0.24598997831344604 0.963100016117096 0.10921192914247513 0.3396089971065521 0.23827292025089264 -0.04913080483675003 0.9699546694755554 -0.5331344604492188
1305031456.227678 0.9457793831825256 0.25508400797843933 -0.20108087360858917 -0.7411008477210999 -0.24074643850326538 0.9661014080047607 0.09321614354848862 0.3475058972835541 0.21804246306419373 -0.039752405136823654 0.9751293063163757 -0.5364224910736084
1305031456.291675 0.9582846760749817 0.24182602763175964 -0.15235058963298798 -0.7698836326599121 -0.23074503242969513 0.9691253304481506 0.08690690249204636 0.3309343457221985 0.1686631590127945 -0.04812740534543991 0.9844980239868164 -0.5365250110626221
1305031456.327718 0.9646615982055664 0.22810326516628265 -0.13189755380153656 -0.7825227975845337 -0.21959267556667328 0.9726256132125854 0.07601697742938995 0.32460978627204895 0.14562666416168213 -0.044366925954818726 0.9883442521095276 -0.5340452194213867
1305031456.391619 0.974103569984436 0.2090587019920349 -0.08612075448036194 -0.8024426698684692 -0.20413614809513092 0.9769410490989685 0.06256690621376038 0.31611716747283936 0.09721508622169495 -0.04336629435420036 0.9943181872367859 -0.5278958082199097
1305031456.427662 0.979595422744751 0.19210097193717957 -0.059076517820358276 -0.824591338634491 -0.1900741308927536 0.9810241460800171 0.03825468569993973 0.32514718174934387 0.06530425697565079 -0.026245204731822014 0.9975202083587646 -0.5227894186973572
1305031456.491677 0.9850214123725891 0.16874732077121735 -0.035456281155347824 -0.865431547164917 -0.16733680665493011 0.9851047992706299 0.03958330675959587 0.34202173352241516 0.04160773381590843 -0.033057261258363724 0.9985870122909546 -0.5101297497749329
1305031456.527641 0.9867310523986816 0.1577935367822647 -0.03825225681066513 -0.875633180141449 -0.15573379397392273 0.9864342212677002 0.05190850794315338 0.34135687351226807 0.04592417553067207 -0.045262567698955536 0.997918963432312 -0.49934229254722595
1305031456.591651 0.9905857443809509 0.13402965664863586 -0.027857668697834015 -0.8971437215805054 -0.13244028389453888 0.9897896647453308 0.05268694460391998 0.3456737697124481 0.03463485836982727 -0.048501454293727875 0.9982224106788635 -0.48217588663101196
1305031456.627612 0.9923038482666016 0.12236805260181427 -0.018951736390590668 -0.9032521843910217 -0.12084975093603134 0.9903953671455383 0.06717483699321747 0.36216220259666443 0.026989776641130447 -0.06436753273010254 0.9975611567497253 -0.4753715991973877
1305031456.691612 0.9961241483688354 0.08721582591533661 0.011402413249015808 -0.9416903853416443 -0.08791618049144745 0.9912471175193787 0.09848770499229431 0.34189939498901367 -0.002712920308113098 -0.09910844266414642 0.9950729012489319 -0.44868242740631104
1305031456.727693 0.9975453019142151 0.06772235780954361 0.01780356653034687 -0.9586402773857117 -0.06916922330856323 0.9925875067710876 0.09992839395999908 0.35807642340660095 -0.010904214344918728 -0.10091456025838852 0.9948353171348572 -0.44007861614227295
1305031456.791649 0.9992032051086426 0.03982705995440483 0.0026223603636026382 -0.9921243786811829 -0.03987063094973564 0.9929410219192505 0.11170805990695953 0.34572720527648926 0.0018451502546668053 -0.11172360926866531 0.9937376379966736 -0.4177786707878113
1305031456.827603 0.9996604323387146 0.022880621254444122 -0.012471890076994896 -0.991766095161438 -0.021436335518956184 0.994168221950531 0.1056886538863182 0.3647976219654083 0.014817376621067524 -0.10538540780544281 0.9943210482597351 -0.4081991910934448
1305031456.891672 0.9999425411224365 0.0002015617210417986 -0.010715318843722343 -1.0065034627914429 0.0012461650185286999 0.9908546209335327 0.13492842018604279 0.35026082396507263 0.010644515976309776 -0.13493403792381287 0.9907973408699036 -0.3839007019996643
1305031456.92769 0.9998981952667236 -0.013641450554132462 0.004182451404631138 -1.0208629369735718 0.01304266694933176 0.9927195310592651 0.11974047124385834 0.3598712980747223 -0.005785435438156128 -0.1196737289428711 0.9927963614463806 -0.3755365312099457
1305031456.959667 0.9994887113571167 -0.025777943432331085 0.018914299085736275 -1.0349477529525757 0.023444024845957756 0.9931280016899109 0.11466213315725327 0.3770293593406677 -0.02174006588757038 -0.11416007578372955 0.9932244420051575 -0.3714182674884796
1305031456.991709 0.9991211891174316 -0.030566517263650894 0.02868231013417244 -1.0471793413162231 0.026452047750353813 0.9905959367752075 0.13423854112625122 0.3726842403411865 -0.032515786588191986 -0.1333618462085724 0.9905338287353516 -0.36125731468200684
1305031457.027648 0.9984781742095947 -0.03875721991062164 0.03923533856868744 -1.060794472694397 0.033014487475156784 0.9899243712425232 0.13769426941871643 0.37307241559028625 -0.04417667165398598 -0.13618938624858856 0.989697277545929 -0.35685276985168457
1305031457.091655 0.9963721632957458 -0.06169353798031807 0.05862097442150116 -1.0832269191741943 0.05152405425906181 0.9855358004570007 0.16144484281539917 0.37859803438186646 -0.06773318350315094 -0.15783876180648804 0.9851391315460205 -0.35236185789108276
1305031457.127632 0.9947143197059631 -0.07208812236785889 0.07312118262052536 -1.0966743230819702 0.058458928018808365 0.9830291271209717 0.1738865226507187 0.3691282570362091 -0.08441539108753204 -0.16869287192821503 0.9820472598075867 -0.34732499718666077
1305031457.191735 0.9896279573440552 -0.10005874186754227 0.10307662189006805 -1.1234813928604126 0.08174499869346619 0.9822737574577332 0.1686895340681076 0.3720532953739166 -0.11812829971313477 -0.1585138738155365 0.9802648425102234 -0.35485729575157166
1305031457.227543 0.9865782856941223 -0.1131628230214119 0.1177176758646965 -1.1390658617019653 0.09096591919660568 0.9795795679092407 0.1793018877506256 0.3672078847885132 -0.1356041431427002 -0.16618706285953522 0.9767258763313293 -0.3575116693973541
1305031457.291656 0.9789567589759827 -0.1389327198266983 0.14947015047073364 -1.1664930582046509 0.11350756138563156 0.979410707950592 0.16694463789463043 0.3552924394607544 -0.16958674788475037 -0.14646559953689575 0.9745708703994751 -0.3689413070678711
1305031457.327548 0.9738814234733582 -0.14915944635868073 0.1711912900209427 -1.1830896139144897 0.12196137011051178 0.9796011447906494 0.15970921516418457 0.3597120940685272 -0.1915213167667389 -0.134659081697464 0.9722070097923279 -0.37752777338027954
1305031457.391684 0.9595901966094971 -0.17607446014881134 0.21950921416282654 -1.2172527313232422 0.14366504549980164 0.9772751331329346 0.1558641493320465 0.34785130620002747 -0.24196459352970123 -0.11802991479635239 0.9630793929100037 -0.39017874002456665
1305031457.427641 0.9519370794296265 -0.19104883074760437 0.23940803110599518 -1.240385890007019 0.15792310237884521 0.9758669137954712 0.15081115067005157 0.34745699167251587 -0.2624426782131195 -0.10575463622808456 0.9591348171234131 -0.3989507555961609
1305031457.491705 0.945033848285675 -0.20796719193458557 0.2523103356361389 -1.2730766534805298 0.17313219606876373 0.9728753566741943 0.153423473238945 0.33190739154815674 -0.2773735523223877 -0.10130733996629715 0.9554059505462646 -0.4127829074859619
1305031457.527638 0.9421242475509644 -0.2133735865354538 0.2585991621017456 -1.2852420806884766 0.17922061681747437 0.9723981618881226 0.14940495789051056 0.3233709931373596 -0.2833403944969177 -0.0944117084145546 0.954360842704773 -0.421822190284729
1305031457.559685 0.9372965097427368 -0.21983644366264343 0.2704571485519409 -1.302162528038025 0.18607743084430695 0.9717738032341003 0.14501953125 0.3170561194419861 -0.29470372200012207 -0.08560030907392502 0.951746940612793 -0.4307606518268585
1305031457.591678 0.9326704144477844 -0.2250693142414093 0.281903475522995 -1.322196125984192 0.19276569783687592 0.9715088605880737 0.13788393139839172 0.3164438009262085 -0.30490514636039734 -0.074258953332901 0.9494831562042236 -0.43928062915802
1305031457.627526 0.9310992956161499 -0.23295091092586517 0.28069162368774414 -1.330514907836914 0.19947676360607147 0.9694338440895081 0.14285337924957275 0.3036889433860779 -0.30538973212242126 -0.07701922953128815 0.9491075277328491 -0.44424715638160706
1305031457.659632 0.9259245991706848 -0.23526078462600708 0.2954927086830139 -1.3577133417129517 0.20468322932720184 0.9700318574905396 0.13093116879463196 0.3100382685661316 -0.31744036078453064 -0.060750000178813934 0.9463302493095398 -0.44873300194740295
1305031457.69157 0.9241887927055359 -0.2430703043937683 0.29460442066192627 -1.3717883825302124 0.20917220413684845 0.9675024747848511 0.14207704365253448 0.30329522490501404 -0.3195652663707733 -0.06968295574188232 0.944998562335968 -0.4528951048851013
1305031457.727669 0.9237151145935059 -0.24365203082561493 0.29560789465904236 -1.3829008340835571 0.20615778863430023 0.9665653109550476 0.15248093008995056 0.2831484079360962 -0.32287660241127014 -0.07990709692239761 0.9430617094039917 -0.45651954412460327
1305031457.759556 0.9228249788284302 -0.24000006914138794 0.30132049322128296 -1.396768569946289 0.20286676287651062 0.9677282571792603 0.14948977530002594 0.2703503668308258 -0.327473908662796 -0.07682500034570694 0.9417317509651184 -0.4610426127910614
1305031457.791567 0.9203357696533203 -0.2375188022851944 0.3107520639896393 -1.4049168825149536 0.2011641412973404 0.9688082337379456 0.14471861720085144 0.24798128008842468 -0.3354325592517853 -0.07067756354808807 0.9394091367721558 -0.46202000975608826
1305031457.827699 0.9152080416679382 -0.2334677129983902 0.3284618854522705 -1.41994047164917 0.20433595776557922 0.971381425857544 0.12109874188899994 0.25210219621658325 -0.3473343849182129 -0.04371396824717522 0.936721920967102 -0.4725825786590576
1305031457.859623 0.9088307619094849 -0.23205497860908508 0.346665620803833 -1.4357446432113647 0.20340277254581451 0.9720286726951599 0.11741989105939865 0.24494829773902893 -0.36421674489974976 -0.036202073097229004 0.9306102991104126 -0.4752199351787567
1305031457.891593 0.9022697806358337 -0.22943440079689026 0.365060418844223 -1.45292067527771 0.20244352519512177 0.9729666709899902 0.11114150285720825 0.22338512539863586 -0.3806913197040558 -0.026375500485301018 0.9243259429931641 -0.47240859270095825
1305031457.927633 0.8953660726547241 -0.23253455758094788 0.37979885935783386 -1.4732688665390015 0.2161209136247635 0.9725747108459473 0.08596623688936234 0.2193487286567688 -0.38937288522720337 0.005111215636134148 0.9210659861564636 -0.475890189409256
1305031457.991644 0.8905030488967896 -0.23514652252197266 0.38950011134147644 -1.5013635158538818 0.22729291021823883 0.9715277552604675 0.06687122583389282 0.20438659191131592 -0.3941347002983093 0.02898157387971878 0.9185956120491028 -0.4720122218132019
1305031458.027845 0.8862695097923279 -0.2324562966823578 0.40061259269714355 -1.5144436359405518 0.2304142862558365 0.9715916514396667 0.054025910794734955 0.1904984712600708 -0.4017905592918396 0.044425349682569504 0.9146533012390137 -0.46662092208862305
1305031458.059689 0.8816168308258057 -0.231937974691391 0.4110431671142578 -1.5273783206939697 0.2390543818473816 0.970381498336792 0.0348234660923481 0.19699016213417053 -0.4069456458091736 0.06756073981523514 0.9109504818916321 -0.46391746401786804
1305031458.09169 0.8761369585990906 -0.23423299193382263 0.42132991552352905 -1.5439364910125732 0.24222347140312195 0.9695770144462585 0.03533089533448219 0.19681963324546814 -0.4167874753475189 0.07110131531953812 0.9062190055847168 -0.4557667374610901
1305031458.127605 0.8708920478820801 -0.23576338589191437 0.43123406171798706 -1.559723973274231 0.24185681343078613 0.9694214463233948 0.041561927646398544 0.18597784638404846 -0.4278463125228882 0.0681009367108345 0.9012822508811951 -0.44219571352005005
1305031458.159638 0.8657995462417603 -0.23917214572429657 0.43953144550323486 -1.57669997215271 0.24567437171936035 0.9683972597122192 0.043020594865083694 0.17427176237106323 -0.43593037128448486 0.070734404027462 0.8971964120864868 -0.4276653528213501
1305031458.191646 0.8611274361610413 -0.24575503170490265 0.4450439214706421 -1.5991324186325073 0.2536979615688324 0.9663392901420593 0.04272942990064621 0.1749035269021988 -0.44056442379951477 0.07611125707626343 0.8944887518882751 -0.41470885276794434
1305031458.227611 0.860012948513031 -0.2499290108680725 0.4448743760585785 -1.6192364692687988 0.2522905468940735 0.9660857319831848 0.05502614751458168 0.17242296040058136 -0.44353947043418884 0.06491439044475555 0.893900990486145 -0.39265185594558716
1305031458.259934 0.8631435036659241 -0.25059813261032104 0.43838781118392944 -1.625556468963623 0.24517928063869476 0.9669469594955444 0.07000673562288284 0.1385803520679474 -0.44144120812416077 0.04705777019262314 0.8960553407669067 -0.374467670917511
1305031458.291664 0.8645277619361877 -0.24292564392089844 0.4399760365486145 -1.646471619606018 0.24707208573818207 0.9677647948265076 0.04885312169790268 0.1385079175233841 -0.43766099214553833 0.0664709210395813 0.896679699420929 -0.35391765832901
1305031458.327628 0.8675684332847595 -0.24816420674324036 0.4309751093387604 -1.6585988998413086 0.25354671478271484 0.9662299752235413 0.04597614333033562 0.13152027130126953 -0.42783069610595703 0.06938488036394119 0.901191771030426 -0.3404473662376404
1305031458.35959 0.8697476983070374 -0.24605180323123932 0.4277820885181427 -1.667161226272583 0.25510430335998535 0.9662025570869446 0.0370737761259079 0.11105705797672272 -0.42244619131088257 0.07688423246145248 0.9031211733818054 -0.3191065192222595
1305031458.391626 0.8703285455703735 -0.24608272314071655 0.42658117413520813 -1.6761633157730103 0.26760417222976685 0.9634788632392883 0.00982677936553955 0.11600251495838165 -0.413420170545578 0.10560239851474762 0.9043958187103271 -0.30596888065338135
1305031458.427598 0.8670352697372437 -0.25685927271842957 0.4269346594810486 -1.6776843070983887 0.28590187430381775 0.958250105381012 -0.004102736711502075 0.11650332063436508 -0.40805646777153015 0.12561866641044617 0.9042730331420898 -0.2915313243865967
1305031458.459637 0.8598630428314209 -0.267912358045578 0.4345785081386566 -1.6697838306427002 0.30531787872314453 0.9520960450172424 -0.01715060882270336 0.10228373110294342 -0.409165620803833 0.14743176102638245 0.9004706740379333 -0.2801019549369812
1305031458.491696 0.8524956703186035 -0.25595834851264954 0.4557810425758362 -1.6651841402053833 0.3118076026439667 0.9488090872764587 -0.05037306994199753 0.09446199983358383 -0.41955575346946716 0.1850588321685791 0.8886653184890747 -0.26445889472961426
1305031458.527737 0.8415799140930176 -0.22850781679153442 0.48941534757614136 -1.6887180805206299 0.30931803584098816 0.9467018842697144 -0.08987686783075333 0.11071497201919556 -0.4427929222583771 0.22702357172966003 0.8674069046974182 -0.2410796880722046
1305031458.559628 0.8349580764770508 -0.218777596950531 0.504956841468811 -1.6868648529052734 0.3122495412826538 0.9439151883125305 -0.10735127329826355 0.12162899971008301 -0.45315051078796387 0.24730637669563293 0.8564428091049194 -0.21942007541656494
1305031458.591641 0.8316200971603394 -0.19581612944602966 0.5196768641471863 -1.6952202320098877 0.300601989030838 0.9455553293228149 -0.12475387752056122 0.12183459103107452 -0.4669543504714966 0.259963721036911 0.8452056646347046 -0.19491201639175415
1305031458.627659 0.8327939510345459 -0.1836070418357849 0.5222476720809937 -1.704195261001587 0.2965262830257416 0.94459468126297 -0.14075909554958344 0.14790403842926025 -0.4674680829048157 0.2720835208892822 0.8410970568656921 -0.17035669088363647
1305031458.659623 0.830441415309906 -0.18683581054210663 0.5248422026634216 -1.7264304161071777 0.29700201749801636 0.9455202221870422 -0.1333463191986084 0.1533106118440628 -0.4713350832462311 0.26661553978919983 0.8406898379325867 -0.1420707106590271
1305031458.691674 0.8466305136680603 -0.1800413578748703 0.500801146030426 -1.7317724227905273 0.27949172258377075 0.9512354135513306 -0.13051997125148773 0.15554925799369812 -0.452880859375 0.2504720389842987 0.8556651473045349 -0.11839723587036133
1305031458.72765 0.8653238415718079 -0.17391550540924072 0.47007232904434204 -1.7196366786956787 0.2619830071926117 0.9564945101737976 -0.12838640809059143 0.14393270015716553 -0.4272933006286621 0.23424679040908813 0.8732404708862305 -0.09909474849700928
1305031458.759945 0.8846772909164429 -0.14785988628864288 0.4421350955963135 -1.7182464599609375 0.237742081284523 0.9588760733604431 -0.15503352880477905 0.15851546823978424 -0.4010295569896698 0.24226880073547363 0.8834484219551086 -0.0781671404838562
1305031458.791632 0.9036836624145508 -0.13484574854373932 0.4064139425754547 -1.7105653285980225 0.21647313237190247 0.9627711176872253 -0.1618981957435608 0.17010444402694702 -0.3694523572921753 0.2342824935913086 0.8992311954498291 -0.07021957635879517
1305031458.827564 0.9128822684288025 -0.13658593595027924 0.3846948742866516 -1.6975314617156982 0.20915646851062775 0.9657701849937439 -0.15343229472637177 0.17137619853019714 -0.3505702018737793 0.22052709758281708 0.9102023243904114 -0.05900609493255615
1305031458.891665 0.9204988479614258 -0.11519905179738998 0.37337809801101685 -1.6899114847183228 0.18903227150440216 0.967580258846283 -0.16749684512615204 0.16389647126197815 -0.3419778048992157 0.22476115822792053 0.912432849407196 -0.05161386728286743
1305031458.927621 0.9124858379364014 -0.12610208988189697 0.389188677072525 -1.6971909999847412 0.20481182634830475 0.9643200635910034 -0.1677466481924057 0.17372605204582214 -0.3541492521762848 0.23277683556079865 0.9057556390762329 -0.036020636558532715
1305031458.959617 0.9026485085487366 -0.15573100745677948 0.4012150466442108 -1.7018558979034424 0.2311721295118332 0.9617777466773987 -0.1467755287885666 0.16547392308712006 -0.36302220821380615 0.2252364307641983 0.9041479229927063 -0.0273054838180542
1305031458.991647 0.8948279619216919 -0.16293257474899292 0.41561514139175415 -1.714389681816101 0.2373829036951065 0.9621431231498718 -0.13390374183654785 0.1314035952091217 -0.37806394696235657 0.21848076581954956 0.8996297717094421 -0.011409401893615723
1305031459.027665 0.893772304058075 -0.15368889272212982 0.42136773467063904 -1.7360607385635376 0.2383166402578354 0.958599328994751 -0.15586082637310028 0.12551337480545044 -0.37996870279312134 0.23972302675247192 0.8933961391448975 0.010304450988769531
