1305031455.627617 0.996461808681488 -0.0837678462266922 0.00684439716860652 -0.05520273372530937 0.08373218029737473 0.9964739084243774 0.005343092139810324 -0.01230805553495884 -0.0072678448632359505 -0.0047510904259979725 0.999962329864502 -0.005599975120276213
1305031455.659615 0.9954668283462524 -0.09397955238819122 0.014617984183132648 -0.07339184731245041 0.09398207813501358 0.9955737590789795 0.0005145582254044712 -0.020208926871418953 -0.014601639471948147 0.0008616026025265455 0.9998930096626282 -0.008747750893235207
1305031455.691605 0.995718240737915 -0.0901992917060852 0.02023313008248806 -0.08832959085702896 0.09041985869407654 0.9958508014678955 -0.010262927040457726 -0.018462222069501877 -0.019223470240831375 0.01204846054315567 0.9997426271438599 -0.009003701619803905
1305031455.727628 0.9962506294250488 -0.07987144589424133 0.03324700519442558 -0.1111486405134201 0.08015016466379166 0.9967571496963501 -0.00713418610394001 -0.02843659743666649 -0.03256937861442566 0.009772188030183315 0.9994216561317444 -0.013947783038020134
1305031455.759683 0.9963183403015137 -0.07271277904510498 0.045415379106998444 -0.12601293623447418 0.07323678582906723 0.9972646236419678 -0.009980549104511738 -0.030631080269813538 -0.044565435498952866 0.01326987985521555 0.9989182949066162 -0.016088437288999557
1305031455.791666 0.9958975911140442 -0.07376708090305328 0.05240733176469803 -0.13411910831928253 0.07443086802959442 0.9971674084663391 -0.010826634243130684 -0.03912375494837761 -0.05146023631095886 0.014682945795357227 0.9985670447349548 -0.020326947793364525
1305031455.82759 0.9946964979171753 -0.07445798069238663 0.07095726579427719 -0.1651618629693985 0.07522902637720108 0.9971320629119873 -0.00825270265340805 -0.05343644693493843 -0.07013928890228271 0.01354698184877634 0.9974452257156372 -0.03174188733100891
1305031455.859526 0.9948039650917053 -0.07084823399782181 0.07311483472585678 -0.1757652312517166 0.07155979424715042 0.9974105954170227 -0.007155354134738445 -0.06009230390191078 -0.07241856306791306 0.012350255623459816 0.9972978234291077 -0.03768061101436615
1305031455.891657 0.9943370819091797 -0.07056120038032532 0.07946573197841644 -0.18876200914382935 0.07147126644849777 0.9974049925804138 -0.008663240820169449 -0.0642070397734642 -0.07864822447299957 0.014293696731328964 0.9968000054359436 -0.04207982122898102
1305031455.927955 0.9933584332466125 -0.07034821808338165 0.09105020016431808 -0.2071928083896637 0.07069229334592819 0.997498095035553 -0.0005555399693548679 -0.0773221105337143 -0.09078331291675568 0.006988398265093565 0.9958462119102478 -0.04600527137517929
1305031455.959716 0.9929127097129822 -0.06569572538137436 0.09903766214847565 -0.219170480966568 0.06615865230560303 0.9978082180023193 -0.0013939555501565337 -0.07999937236309052 -0.09872902184724808 0.007936270907521248 0.9950827360153198 -0.05165058374404907
1305031455.991694 0.9922206401824951 -0.062362659722566605 0.10774527490139008 -0.22952070832252502 0.062302228063344955 0.9980496764183044 0.003930134233087301 -0.08388316631317139 -0.10778023302555084 0.002813211875036359 0.9941708445549011 -0.05521835759282112
1305031456.02777 0.990909218788147 -0.056907787919044495 0.12190312147140503 -0.2442096769809723 0.05609975755214691 0.9983744621276855 0.010053293779492378 -0.07925352454185486 -0.12227708846330643 -0.003123166272416711 0.9924911856651306 -0.05775488168001175
1305031456.059713 0.9901793003082275 -0.04687689617276192 0.13170921802520752 -0.25617411732673645 0.04282035678625107 0.9985219836235046 0.03346604108810425 -0.08864100277423859 -0.13308332860469818 -0.02749755047261715 0.9907234311103821 -0.058300528675317764
1305031456.091707 0.9893123507499695 -0.04080311954021454 0.13998591899871826 -0.2668039798736572 0.033829640597105026 0.9980821013450623 0.0518394410610199 -0.10251466929912567 -0.14183267951011658 -0.046549730002880096 0.9887955784797668 -0.0577220655977726
1305031456.127645 0.9877841472625732 -0.040429774671792984 0.15049169957637787 -0.2780238091945648 0.03184156492352486 0.9977471828460693 0.05904708430171013 -0.11407032608985901 -0.152539923787117 -0.053533878177404404 0.9868463277816772 -0.05783473700284958
1305031456.159731 0.9862682819366455 -0.0413598008453846 0.15988805890083313 -0.2831243574619293 0.03106229566037655 0.997310996055603 0.06637652963399887 -0.12654514610767365 -0.16220347583293915 -0.06049858406186104 0.9849008917808533 -0.05733703821897507
1305031456.191658 0.9831756949424744 -0.04618338122963905 0.17672772705554962 -0.2920663356781006 0.03501749038696289 0.9972189664840698 0.06578820943832397 -0.14494583010673523 -0.1792745590209961 -0.058492813259363174 0.982058584690094 -0.05741677060723305
1305031456.227678 0.9783440232276917 -0.05021362751722336 0.2008024901151657 -0.3038017153739929 0.03999020531773567 0.9977043271064758 0.05465158447623253 -0.13980239629745483 -0.20308580994606018 -0.04543791711330414 0.9781060218811035 -0.05717907100915909
1305031456.259614 0.9729540944099426 -0.05719504877924919 0.22380538284778595 -0.3135792315006256 0.04339160770177841 0.9968677163124084 0.06611937284469604 -0.153866708278656 -0.22688604891300201 -0.05461984500288963 0.972388505935669 -0.05289124697446823
1305031456.291675 0.9665539860725403 -0.06674052774906158 0.2476266324520111 -0.3231036961078644 0.05158885568380356 0.9964057803153992 0.06718680262565613 -0.16643063724040985 -0.2512206435203552 -0.05216490104794502 0.9665231704711914 -0.04734264314174652
1305031456.327718 0.9601311087608337 -0.0786711722612381 0.26825183629989624 -0.3287673890590668 0.06416555494070053 0.9959843754768372 0.062433578073978424 -0.17522472143173218 -0.2720864415168762 -0.04273189604282379 0.9613234996795654 -0.04182078689336777
1305031456.359846 0.9526613354682922 -0.08578190207481384 0.2916809022426605 -0.3359946608543396 0.07421153783798218 0.9959618449211121 0.050524480640888214 -0.1688079684972763 -0.2948371171951294 -0.026486633345484734 0.9551803469657898 -0.04014241695404053
1305031456.391619 0.9441828727722168 -0.09573938697576523 0.3152024447917938 -0.34037312865257263 0.08050385117530823 0.9948837161064148 0.0610375851392746 -0.18577055633068085 -0.3194335103034973 -0.032255642116069794 0.9470595717430115 -0.02681080996990204
1305031456.427662 0.932456910610199 -0.10304327309131622 0.34627482295036316 -0.35974183678627014 0.09253647178411484 0.9946093559265137 0.04678807407617569 -0.1858084499835968 -0.3492293953895569 -0.011584804393351078 0.9369656443595886 -0.01472446322441101
1305031456.45961 0.9249715209007263 -0.11383453756570816 0.3625871241092682 -0.3772985637187958 0.10629188269376755 0.9934993982315063 0.04075591638684273 -0.1771274358034134 -0.36486953496932983 0.0008420110680162907 0.9310582876205444 -0.005004033446311951
1305031456.491677 0.9230265021324158 -0.12996168434619904 0.3621217906475067 -0.3861115872859955 0.11856042593717575 0.9914972186088562 0.053634513169527054 -0.1801784634590149 -0.36601322889328003 -0.0065727559849619865 0.9305864572525024 0.009663552045822144
1305031456.527641 0.9216976165771484 -0.14305520057678223 0.3605671226978302 -0.3967071771621704 0.1288638561964035 0.9896442294120789 0.06323429942131042 -0.18131689727306366 -0.3658791184425354 -0.01181885041296482 0.9305872917175293 0.023706495761871338
1305031456.559608 0.9198409914970398 -0.15561629831790924 0.36010584235191345 -0.3997591733932495 0.1378549337387085 0.9876340627670288 0.0746651217341423 -0.19361674785614014 -0.36727195978164673 -0.019037678837776184 0.9299187660217285 0.037121281027793884
1305031456.591651 0.9153086543083191 -0.16590499877929688 0.3669954836368561 -0.40666866302490234 0.1523493528366089 0.9861321449279785 0.06582530587911606 -0.1813097596168518 -0.37282684445381165 -0.004338964819908142 0.9278907775878906 0.04468624293804169
1305031456.627612 0.9100981950759888 -0.18756362795829773 0.3695148825645447 -0.41073402762413025 0.16622629761695862 0.9820559024810791 0.08907836675643921 -0.17366039752960205 -0.3795921504497528 -0.019646981731057167 0.9249451160430908 0.05879475921392441
1305031456.659665 0.8995470404624939 -0.2102689892053604 0.38288670778274536 -0.4226972162723541 0.17410875856876373 0.9764763116836548 0.1272013932466507 -0.1973455548286438 -0.4006263017654419 -0.04775971919298172 0.9149957895278931 0.08221607655286789
1305031456.691612 0.89344322681427 -0.2277309000492096 0.3871665298938751 -0.42782649397850037 0.19441485404968262 0.9730849862098694 0.12372685968875885 -0.19838902354240417 -0.40492236614227295 -0.035272009670734406 0.9136704802513123 0.09015484154224396
1305031456.727693 0.8855006694793701 -0.24648985266685486 0.3938673436641693 -0.444870263338089 0.21360647678375244 0.9687559008598328 0.1260319948196411 -0.18771612644195557 -0.4126270115375519 -0.02746879681944847 0.9104857444763184 0.10631443560123444
1305031456.759615 0.8838904500007629 -0.2677435874938965 0.3834725618362427 -0.4503231644630432 0.22620056569576263 0.9623755812644958 0.1505540907382965 -0.21079395711421967 -0.40935447812080383 -0.04633158817887306 0.9111981987953186 0.11907144635915756
1305031456.791649 0.885333240032196 -0.2741301357746124 0.375549852848053 -0.4602396488189697 0.23987679183483124 0.9612106084823608 0.13613614439964294 -0.21032971143722534 -0.3983016014099121 -0.030440162867307663 0.9167492389678955 0.13267573714256287
1305031456.827603 0.88408362865448 -0.2864375710487366 0.369255930185318 -0.4652322232723236 0.2588832676410675 0.9580047726631165 0.12331337481737137 -0.19062182307243347 -0.389070600271225 -0.013425127603113651 0.9211100339889526 0.14702339470386505
1305031456.859634 0.8804187178611755 -0.3048897087574005 0.36318784952163696 -0.46482157707214355 0.27205127477645874 0.9520790576934814 0.13976280391216278 -0.1957366168498993 -0.38839584589004517 -0.02424406260251999 0.9211735129356384 0.1607362926006317
1305031456.891672 0.8753504157066345 -0.3171711266040802 0.3649170994758606 -0.46614813804626465 0.28104719519615173 0.947939395904541 0.14974454045295715 -0.20399411022663116 -0.3934139907360077 -0.028520014137029648 0.9189189076423645 0.17408356070518494
1305031456.92769 0.8668593168258667 -0.3236669898033142 0.3792029619216919 -0.4741898775100708 0.2920222580432892 0.9461115002632141 0.13998551666736603 -0.19964174926280975 -0.40407711267471313 -0.010612006299197674 0.9146633744239807 0.18543905019760132
1305031456.959667 0.8575553894042969 -0.33101192116737366 0.39373865723609924 -0.48901644349098206 0.3005751967430115 0.9436264038085938 0.13864967226982117 -0.18777140974998474 -0.4174369275569916 -0.0005516516976058483 0.9087057113647461 0.19616752862930298
1305031456.991709 0.8515310883522034 -0.3439936339855194 0.3956811726093292 -0.49309396743774414 0.30378755927085876 0.9387978315353394 0.1623934805393219 -0.1965029388666153 -0.427327036857605 -0.018080037087202072 0.9039162993431091 0.21047501266002655
1305031457.027648 0.845362663269043 -0.35103437304496765 0.40266260504722595 -0.5014384388923645 0.3091709613800049 0.9362125396728516 0.1670910120010376 -0.19790169596672058 -0.43563246726989746 -0.016760889440774918 0.8999685049057007 0.2194650024175644
1305031457.059621 0.8363335132598877 -0.36172112822532654 0.41195186972618103 -0.51517653465271 0.3193315863609314 0.9322233200073242 0.17025575041770935 -0.1900835782289505 -0.44561636447906494 -0.01084130723029375 0.8951583504676819 0.2245476245880127
1305031457.091655 0.8284143805503845 -0.37710192799568176 0.4141547679901123 -0.5214008092880249 0.3247494399547577 0.9258145093917847 0.1934046596288681 -0.1968948394060135 -0.45636388659477234 -0.025722650811076164 0.8894213438034058 0.23376068472862244
1305031457.127632 0.8191975355148315 -0.3915337920188904 0.41906675696372986 -0.5262812376022339 0.33230873942375183 0.9195922017097473 0.20957279205322266 -0.2099681794643402 -0.46742546558380127 -0.032421912997961044 0.8834377527236938 0.23866866528987885
1305031457.159693 0.8059968948364258 -0.4018072783946991 0.43464943766593933 -0.5407593250274658 0.3426416218280792 0.9154816269874573 0.2109266221523285 -0.21339896321296692 -0.4826655089855194 -0.021077224984765053 0.8755509853363037 0.2449079304933548
1305031457.191735 0.792937159538269 -0.41028276085853577 0.4504651427268982 -0.5568265914916992 0.35096779465675354 0.9118966460227966 0.2127581685781479 -0.21476487815380096 -0.49806874990463257 -0.01060512661933899 0.8670726418495178 0.24713203310966492
1305031457.227543 0.7815225720405579 -0.4232605993747711 0.4583375155925751 -0.5685369372367859 0.35848861932754517 0.9059312343597412 0.22533205151557922 -0.2210482656955719 -0.510596513748169 -0.011793271638453007 0.8597394824028015 0.24998360872268677
1305031457.259691 0.7692581415176392 -0.436235249042511 0.4668413996696472 -0.5759367346763611 0.36827296018600464 0.8997965455055237 0.23396825790405273 -0.23838964104652405 -0.5221275687217712 -0.008056901395320892 0.8528292775154114 0.2508009970188141
1305031457.291656 0.7562513947486877 -0.43779104948043823 0.4862333834171295 -0.590546727180481 0.3771360516548157 0.8989538550376892 0.22282370924949646 -0.23988310992717743 -0.5346516966819763 0.01486535556614399 0.8449417948722839 0.24930556118488312
1305031457.327548 0.7404950261116028 -0.44059517979621887 0.5074870586395264 -0.6095155477523804 0.3831499516963959 0.8971472978591919 0.2198246419429779 -0.23868314921855927 -0.5521444082260132 0.031664587557315826 0.8331469893455505 0.2480423003435135
1305031457.359712 0.7231842279434204 -0.45099058747291565 0.5230795741081238 -0.622147262096405 0.3880799114704132 0.8918448686599731 0.2323937714099884 -0.25065311789512634 -0.5713133215904236 0.034933120012283325 0.8199883699417114 0.24846962094306946
1305031457.391684 0.7020442485809326 -0.4582834839820862 0.5450782775878906 -0.6386764049530029 0.3992137312889099 0.8871053457260132 0.23167333006858826 -0.26053956151008606 -0.589713990688324 0.054957740008831024 0.8057400584220886 0.24861164391040802
1305031457.427641 0.684440016746521 -0.467227041721344 0.5596792101860046 -0.6575208306312561 0.41014614701271057 0.8814236521720886 0.2342492938041687 -0.26832398772239685 -0.60276198387146 0.06922067701816559 0.7949128746986389 0.24994365870952606
1305031457.459614 0.6754531264305115 -0.47394078969955444 0.5649275779724121 -0.6737472414970398 0.4172190725803375 0.8773138523101807 0.2371681034564972 -0.2782370448112488 -0.6080223917961121 0.07550260424613953 0.7903214693069458 0.2492554634809494
1305031457.491705 0.6695286631584167 -0.48010164499282837 0.5667749047279358 -0.6839334964752197 0.4231370985507965 0.873647928237915 0.24019654095172882 -0.29091677069664 -0.6104804873466492 0.07900498807430267 0.7880810499191284 0.24813760817050934
1305031457.527638 0.664925217628479 -0.48142823576927185 0.5710528492927551 -0.6946367025375366 0.42931851744651794 0.8719807267189026 0.23523466289043427 -0.30024921894073486 -0.6111956238746643 0.08875006437301636 0.7864879369735718 0.2410677969455719
1305031457.559685 0.6531251668930054 -0.4831603169441223 0.583081066608429 -0.7115487456321716 0.4343324601650238 0.8697699904441833 0.2342124581336975 -0.3102247416973114 -0.6203086376190186 0.10028097033500671 0.7779208421707153 0.2405240833759308
1305031457.591678 0.6422513723373413 -0.48349153995513916 0.5947681069374084 -0.7308274507522583 0.4383998513221741 0.8682188391685486 0.23238225281238556 -0.31735026836395264 -0.6287437677383423 0.11149841547012329 0.7695773839950562 0.24253205955028534
1305031457.627526 0.6362276673316956 -0.48931053280830383 0.5964809060096741 -0.7416309118270874 0.44249820709228516 0.8647717833518982 0.23741312325000763 -0.3324877619743347 -0.6319887042045593 0.11289293318986893 0.7667109370231628 0.242094486951828
1305031457.659632 0.6293845176696777 -0.4864934980869293 0.6059696674346924 -0.7604690194129944 0.45036837458610535 0.8638331890106201 0.22574454545974731 -0.32911133766174316 -0.6332799792289734 0.13082946836948395 0.762784481048584 0.24325382709503174
1305031457.69157 0.6244271993637085 -0.4983203113079071 0.6014710664749146 -0.7728847861289978 0.4530017375946045 0.8583567142486572 0.24085931479930878 -0.34400448203086853 -0.6363019347190857 0.12206834554672241 0.7617210745811462 0.24521195888519287
1305031457.727669 0.6242108941078186 -0.500701367855072 0.5997157096862793 -0.7783488035202026 0.44926249980926514 0.8580622673034668 0.24878184497356415 -0.36282122135162354 -0.6391589045524597 0.11413748562335968 0.7605580687522888 0.24563691020011902
1305031457.759556 0.6219459772109985 -0.4971538186073303 0.6049968600273132 -0.7880908846855164 0.4457719624042511 0.8599832057952881 0.24842751026153564 -0.3781910240650177 -0.6437940001487732 0.11518221348524094 0.7564802169799805 0.24626293778419495
1305031457.791567 0.617478609085083 -0.49185657501220703 0.6138380765914917 -0.7899564504623413 0.443977028131485 0.8621222972869873 0.2441917210817337 -0.3989008367061615 -0.6493107676506042 0.12174687534570694 0.7507152557373047 0.24389341473579407
1305031457.827699 0.6060667037963867 -0.4797774851322174 0.6344262361526489 -0.8087952136993408 0.4459391236305237 0.8654167056083679 0.22845610976219177 -0.4021787941455841 -0.6586511135101318 0.14445583522319794 0.7384518980979919 0.24159005284309387
1305031457.859623 0.5944260954856873 -0.47787582874298096 0.6467552781105042 -0.8187286257743835 0.44231116771698 0.8659775853157043 0.23333166539669037 -0.41689300537109375 -0.6715790629386902 0.1473686397075653 0.7261295318603516 0.24373242259025574
1305031457.891593 0.5829377770423889 -0.4728284478187561 0.6607698798179626 -0.8255127668380737 0.4377835988998413 0.8678763508796692 0.23481090366840363 -0.44273021817207336 -0.684491753578186 0.15239405632019043 0.7129144668579102 0.2494802176952362
1305031457.927633 0.5702107548713684 -0.45802295207977295 0.6819639205932617 -0.843580424785614 0.44880411028862 0.8689954876899719 0.20837892591953278 -0.44512221217155457 -0.6880658268928528 0.18724822998046875 0.701073169708252 0.2578456401824951
1305031457.959632 0.5616887211799622 -0.4561944603919983 0.6902118921279907 -0.8585408926010132 0.4559042155742645 0.8668229579925537 0.20191428065299988 -0.45634233951568604 -0.6904037594795227 0.20125751197338104 0.6948655843734741 0.2655848562717438
1305031457.991644 0.5590012669563293 -0.45288655161857605 0.6945585012435913 -0.8611487150192261 0.4585767686367035 0.8667507171630859 0.1960882842540741 -0.47006532549858093 -0.690814733505249 0.2088947892189026 0.692197859287262 0.2727624475955963
1305031458.027845 0.5550485253334045 -0.442902535200119 0.7041011452674866 -0.8647861480712891 0.4604032039642334 0.868556022644043 0.18341057002544403 -0.4819622039794922 -0.6927843689918518 0.22236862778663635 0.6860044002532959 0.2762552797794342
1305031458.059689 0.5463042855262756 -0.43234023451805115 0.7173797488212585 -0.8774591684341431 0.46867266297340393 0.8676369786262512 0.16598813235759735 -0.4775181710720062 -0.6941884756088257 0.245536208152771 0.6766197681427002 0.28156787157058716
1305031458.09169 0.5345665812492371 -0.43384015560150146 0.7252731919288635 -0.8887275457382202 0.46815305948257446 0.8664949536323547 0.17326070368289948 -0.4866803288459778 -0.7036130428314209 0.2469194531440735 0.6663027405738831 0.2982079088687897
1305031458.127605 0.5261349678039551 -0.4364044964313507 0.7298857569694519 -0.8933898210525513 0.46617263555526733 0.8658431172370911 0.18165604770183563 -0.4999651312828064 -0.7112420201301575 0.24467714130878448 0.6589900255203247 0.31409868597984314
1305031458.159638 0.5175597667694092 -0.4370608925819397 0.7356014847755432 -0.8994843363761902 0.4680153727531433 0.8643017411231995 0.18423916399478912 -0.5134028792381287 -0.7163054347038269 0.24891804158687592 0.6518790125846863 0.33241143822669983
1305031458.191646 0.5124679803848267 -0.43944817781448364 0.7377409934997559 -0.9106602668762207 0.47552886605262756 0.860602080821991 0.18230871856212616 -0.514624297618866 -0.7150166630744934 0.25738978385925293 0.6500012874603271 0.34941762685775757
1305031458.227611 0.5118927955627441 -0.4506071209907532 0.7313815355300903 -0.9161715507507324 0.4732852280139923 0.8584510087966919 0.19764353334903717 -0.5267245173454285 -0.7169148325920105 0.24497978389263153 0.6527006030082703 0.370400995016098
1305031458.259934 0.5147308111190796 -0.4591354429721832 0.724048912525177 -0.9105365872383118 0.469028115272522 0.8577370047569275 0.2104751169681549 -0.5580966472625732 -0.7176801562309265 0.23126120865345 0.6568511724472046 0.3856011927127838
1305031458.291664 0.5170946717262268 -0.4439876675605774 0.7317704558372498 -0.9227001667022705 0.4696117043495178 0.8619384169578552 0.1911204755306244 -0.56513512134552 -0.7155961990356445 0.24482056498527527 0.6542057394981384 0.4105220139026642
1305031458.327628 0.5273743867874146 -0.4467577338218689 0.7226921319961548 -0.9203923344612122 0.4780127704143524 0.859219491481781 0.18233396112918854 -0.5685642957687378 -0.7024102210998535 0.24929779767990112 0.6666862964630127 0.41882389783859253
1305031458.35959 0.5227583646774292 -0.446865051984787 0.7259718179702759 -0.9183349609375 0.4792836606502533 0.8583245873451233 0.183210551738739 -0.6034303903579712 -0.7049899697303772 0.2521715760231018 0.6628716588020325 0.4460962116718292
1305031458.391626 0.5247281193733215 -0.43398481607437134 0.7323369383811951 -0.9212014675140381 0.4946436285972595 0.8555924892425537 0.15260830521583557 -0.5953500270843506 -0.6928117275238037 0.2821679413318634 0.6636212468147278 0.45947232842445374
1305031458.427598 0.5164221525192261 -0.43600398302078247 0.7370268106460571 -0.9175624251365662 0.5128986239433289 0.8467057347297668 0.14150750637054443 -0.5986893177032471 -0.6857427358627319 0.3049424886703491 0.6608834862709045 0.4725220799446106
1305031458.459637 0.5076032876968384 -0.43392065167427063 0.7443464398384094 -0.9061547517776489 0.5232782959938049 0.8415974378585815 0.1337665617465973 -0.6144275069236755 -0.6844841837882996 0.3216000199317932 0.6542589664459229 0.4750351309776306
1305031458.491696 0.4938468039035797 -0.3953211009502411 0.7744911313056946 -0.9007123708724976 0.5249753594398499 0.845587432384491 0.09686508029699326 -0.6093758940696716 -0.6931927800178528 0.35875222086906433 0.6251245737075806 0.49943622946739197
1305031458.527737 0.4774470627307892 -0.361240416765213 0.8009678721427917 -0.9090209603309631 0.525538444519043 0.8479538559913635 0.06916434317827225 -0.5952362418174744 -0.7041687965393066 0.38791710138320923 0.5946988463401794 0.5235798954963684
1305031458.559628 0.4674743711948395 -0.3462444841861725 0.8133771419525146 -0.9039058685302734 0.5228031277656555 0.8502348065376282 0.06146231293678284 -0.5910587906837463 -0.7128426432609558 0.3965040445327759 0.5784807801246643 0.5370879769325256
1305031458.591641 0.4620605409145355 -0.3191456198692322 0.8274333477020264 -0.9001910090446472 0.5121819972991943 0.8577073812484741 0.04480661451816559 -0.5887869596481323 -0.7239956855773926 0.4030930995941162 0.5597734451293945 0.5660789608955383
1305031458.627659 0.46162134408950806 -0.2980248034000397 0.8355159163475037 -0.9041571617126465 0.5099676251411438 0.8598318696022034 0.024941861629486084 -0.5588069558143616 -0.7258365750312805 0.4145723581314087 0.54889976978302 0.6001880168914795
1305031458.659623 0.46440306305885315 -0.3110475540161133 0.8292038440704346 -0.9031573534011841 0.507906973361969 0.8605576753616333 0.038351088762283325 -0.5666354894638062 -0.7255069613456726 0.40334805846214294 0.5576289296150208 0.6207697987556458
1305031458.691674 0.48965200781822205 -0.3115028738975525 0.8143751621246338 -0.9054728150367737 0.4957220256328583 0.8678197860717773 0.033887505531311035 -0.563082754611969 -0.717287003993988 0.38711056113243103 0.5793486833572388 0.6437768936157227
1305031458.72765 0.5230076909065247 -0.3117511570453644 0.7932679057121277 -0.8840289115905762 0.48453620076179504 0.8744365572929382 0.02419172041118145 -0.5655044913291931 -0.7012042999267578 0.3717145323753357 0.6083918809890747 0.6550718545913696
1305031458.759945 0.5511587858200073 -0.28421416878700256 0.7845039963722229 -0.883955717086792 0.46517395973205566 0.885198175907135 -0.006116975098848343 -0.5580860376358032 -0.6927028298377991 0.3683021664619446 0.620093822479248 0.6803719401359558
1305031458.791632 0.5864654779434204 -0.2744961082935333 0.7620434761047363 -0.8740106821060181 0.4513976573944092 0.8919409513473511 -0.026107188314199448 -0.542325496673584 -0.6725313663482666 0.3592956066131592 0.6469994187355042 0.6913297772407532
1305031458.827564 0.6040312051773071 -0.28209081292152405 0.7453664541244507 -0.8607392311096191 0.44732657074928284 0.8940447568893433 -0.024145692586898804 -0.5376197099685669 -0.6595796346664429 0.3480069637298584 0.6662176251411438 0.6972618699073792
1305031458.859887 0.6123229265213013 -0.28966280817985535 0.7356330156326294 -0.8511230945587158 0.445369154214859 0.8951613903045654 -0.018235690891742706 -0.5548180937767029 -0.6532281041145325 0.3387943506240845 0.6771345734596252 0.6927205324172974
1305031458.891665 0.6172319054603577 -0.2651032507419586 0.7407733201980591 -0.8487415909767151 0.43164852261543274 0.9012778997421265 -0.03711728751659393 -0.5446606278419495 -0.6578025221824646 0.34266364574432373 0.670728862285614 0.7019144296646118
1305031458.927621 0.6033658385276794 -0.27301207184791565 0.7492756843566895 -0.8491313457489014 0.44217848777770996 0.8964439630508423 -0.02943563461303711 -0.54254150390625 -0.6636472940444946 0.3490740656852722 0.6616037487983704 0.7124863862991333
1305031458.959617 0.5834945440292358 -0.2972603738307953 0.7557581663131714 -0.8490126132965088 0.4622674882411957 0.8867032527923584 -0.008135976269841194 -0.5471683144569397 -0.6677146553993225 0.3541097044944763 0.654800295829773 0.7261052131652832
1305031458.991647 0.5717629790306091 -0.30743327736854553 0.7606390118598938 -0.8423826694488525 0.4663112163543701 0.8845930099487305 0.0070122480392456055 -0.5779950022697449 -0.6750116348266602 0.3506852090358734 0.6491371393203735 0.736081063747406
1305031459.027665 0.5666131973266602 -0.2888893485069275 0.771681547164917 -0.8580324053764343 0.466436505317688 0.8844816088676453 -0.011367108672857285 -0.5895994901657104 -0.6792542338371277 0.3663811683654785 0.6359075307846069 0.7631098031997681
1305031459.059631 0.5658676028251648 -0.2921909689903259 0.7709853649139404 -0.8701443672180176 0.4844341576099396 0.8744949102401733 -0.02413288503885269 -0.6073251366615295 -0.6671711802482605 0.38714760541915894 0.6363953948020935 0.7809266448020935
1305031459.09165 0.5766686201095581 -0.2921411693096161 0.7629594206809998 -0.874301016330719 0.5041149854660034 0.8621347546577454 -0.05090987682342529 -0.6255117058753967 -0.642900824546814 0.4139772951602936 0.6444388031959534 0.809855580329895
1305031459.127618 0.6059623956680298 -0.2851252555847168 0.7426393628120422 -0.8787859082221985 0.5105064511299133 0.8553429841995239 -0.08815549314022064 -0.6350688934326172 -0.6100759506225586 0.43254098296165466 0.6638640761375427 0.8326021432876587
1305031459.159639 0.637657880783081 -0.2892204523086548 0.713963508605957 -0.8931018114089966 0.5196778774261475 0.8456697463989258 -0.1215631514787674 -0.6450870633125305 -0.5686188340187073 0.44854673743247986 0.689549446105957 0.8358024954795837
1305031459.191674 0.6537601947784424 -0.29891425371170044 0.6951603293418884 -0.903921365737915 0.5323081612586975 0.8346014618873596 -0.14173367619514465 -0.6531407833099365 -0.5378155708312988 0.46269935369491577 0.7047436833381653 0.8438099026679993
1305031459.227607 0.6619800925254822 -0.3196163475513458 0.6779585480690002 -0.9111219048500061 0.5502192974090576 0.8214382529258728 -0.14999324083328247 -0.6616148948669434 -0.5089607834815979 0.4723184108734131 0.7196348309516907 0.8442642688751221
1305031459.25976 0.6583276391029358 -0.3307453393936157 0.6761747002601624 -0.9119742512702942 0.5626521110534668 0.8129425048828125 -0.15015730261802673 -0.6592830419540405 -0.5000272989273071 0.47930386662483215 0.7212769985198975 0.8561375141143799
1305031459.29169 0.6368653774261475 -0.35215863585472107 0.6858473420143127 -0.8999499678611755 0.5897361636161804 0.7955181002616882 -0.1391475647687912 -0.6490110754966736 -0.49660205841064453 0.4930872917175293 0.7143187522888184 0.8601620197296143
1305031459.327632 0.5969973802566528 -0.361859530210495 0.7159969806671143 -0.8993176221847534 0.6157607436180115 0.7787667512893677 -0.11983764171600342 -0.6443031430244446 -0.5142302513122559 0.5124256014823914 0.687740683555603 0.8796718716621399
1305031459.359651 0.5463443398475647 -0.36069703102111816 0.7559135556221008 -0.9072820544242859 0.6422539949417114 0.7597172260284424 -0.10168374329805374 -0.6417098641395569 -0.537603497505188 0.5410428643226624 0.6467263102531433 0.9038926362991333
1305031459.391667 0.48720836639404297 -0.3569818139076233 0.7969892024993896 -0.9367935657501221 0.6662065386772156 0.7419955730438232 -0.07491008192300797 -0.6196565628051758 -0.5646209120750427 0.5674561858177185 0.5993300676345825 0.9260262846946716
1305031459.427646 0.40130746364593506 -0.4012451469898224 0.8233799934387207 -0.9277631044387817 0.7213636636734009 0.6924115419387817 -0.014163334853947163 -0.609589695930481 -0.5644349455833435 0.5996401906013489 0.5673136115074158 0.9366313219070435
1305031459.459679 0.28680914640426636 -0.4143219292163849 0.8637579083442688 -0.9233191013336182 0.7738198637962341 0.6317275762557983 0.046077631413936615 -0.6089338660240173 -0.5647507309913635 0.6551775336265564 0.5017957091331482 0.9728330373764038
1305031459.491555 0.1988580971956253 -0.46815767884254456 0.860978364944458 -0.9452014565467834 0.8175683617591858 0.5636804699897766 0.11766987293958664 -0.6277636289596558 -0.5404047966003418 0.6805090308189392 0.49484336376190186 0.9512377381324768
1305031459.527594 0.11995605379343033 -0.4767269194126129 0.8708282709121704 -0.9520494937896729 0.8373276591300964 0.519845187664032 0.1692430078983307 -0.622141420841217 -0.5333787202835083 0.7088668942451477 0.46153539419174194 0.9812915325164795
1305031459.559647 0.06624174118041992 -0.48065754771232605 0.8744028210639954 -0.9677795171737671 0.8477984666824341 0.48922035098075867 0.2046971321105957 -0.6314650177955627 -0.5261650085449219 0.7277580499649048 0.4399077296257019 0.9919519424438477
1305031459.591695 0.026202216744422913 -0.4804720878601074 0.8766184449195862 -0.9771977663040161 0.8632302284240723 0.45310819149017334 0.22254516184329987 -0.633582592010498 -0.5041298866271973 0.7508925795555115 0.42663055658340454 1.0125982761383057
1305031459.627608 0.021842315793037415 -0.4930703341960907 0.86971515417099 -0.9785051345825195 0.8648417592048645 0.44574910402297974 0.23098987340927124 -0.635560154914856 -0.5015690922737122 0.74712073802948 0.43616417050361633 1.0142488479614258
1305031459.659641 -0.005700692068785429 -0.48881691694259644 0.8723677396774292 -0.9842504262924194 0.8600389361381531 0.44269701838493347 0.2536780834197998 -0.6518755555152893 -0.5101966857910156 0.7517163157463074 0.41787785291671753 1.030501365661621
1305031459.691604 -0.026688065379858017 -0.48278358578681946 0.8753329515457153 -0.987549364566803 0.8584592938423157 0.4375849962234497 0.2675204873085022 -0.647065281867981 -0.512187123298645 0.758577287197113 0.40277165174484253 1.0515899658203125
1305031459.727551 -0.052251532673835754 -0.49248024821281433 0.8687536716461182 -0.9892370104789734 0.8544511795043945 0.4282383918762207 0.2941516935825348 -0.6701147556304932 -0.5168976187705994 0.7576773762702942 0.3984241187572479 1.0580949783325195
1305031459.759635 -0.06486353278160095 -0.4953705668449402 0.8662567138671875 -1.0000604391098022 0.8429455757141113 0.4374009370803833 0.31324657797813416 -0.7018628120422363 -0.534074604511261 0.7505254149436951 0.38919901847839355 1.0576138496398926
1305031459.79165 -0.07425899803638458 -0.48554933071136475 0.8710494637489319 -1.0013232231140137 0.8365036845207214 0.44519203901290894 0.31947726011276245 -0.7180845737457275 -0.5429064035415649 0.7523601651191711 0.3731042146682739 1.0762208700180054
1305031459.827664 -0.07242204248905182 -0.48273032903671265 0.8727694153785706 -1.0060518980026245 0.833786129951477 0.4508970379829407 0.3185790777206421 -0.731145977973938 -0.5473169684410095 0.7507750391960144 0.3698389232158661 1.0906325578689575
1305031459.85966 -0.07894190400838852 -0.5006175637245178 0.862061619758606 -1.0176371335983276 0.827645480632782 0.44911399483680725 0.3366003632545471 -0.7682303190231323 -0.5556720495223999 0.7400531768798828 0.3788798749446869 1.096143126487732
1305031459.891596 -0.07401899248361588 -0.5026054978370667 0.8613412976264954 -1.0113425254821777 0.8311389088630676 0.4462238848209381 0.33180177211761475 -0.7706201076507568 -0.5511165261268616 0.7404538989067078 0.38470590114593506 1.1128218173980713
1305031459.927607 -0.07395172119140625 -0.5068657994270325 0.8588469624519348 -1.0078754425048828 0.8344595432281494 0.44013166427612305 0.33160433173179626 -0.7850651144981384 -0.5460847020149231 0.7411956191062927 0.39041048288345337 1.1209561824798584
1305031459.95965 -0.08410575240850449 -0.5193203687667847 0.8504309058189392 -1.0165365934371948 0.8343353271484375 0.4299167990684509 0.34504514932632446 -0.8175185918807983 -0.5448033809661865 0.7385647296905518 0.3971289396286011 1.1241750717163086
1305031459.991725 -0.0833456739783287 -0.517633318901062 0.8515334129333496 -1.00978684425354 0.841960608959198 0.42051762342453003 0.338034451007843 -0.8155434131622314 -0.5330628156661987 0.745131254196167 0.40077853202819824 1.1346324682235718
1305031460.027565 -0.09309414029121399 -0.5302938222885132 0.8426872491836548 -1.0084987878799438 0.8413374423980713 0.41069939732551575 0.35139361023902893 -0.8443912267684937 -0.5324329733848572 0.7416970133781433 0.40792226791381836 1.134591817855835
1305031460.059659 -0.10555874556303024 -0.5297103524208069 0.8415844440460205 -1.004526138305664 0.8384547233581543 0.40761280059814453 0.3617260158061981 -0.8683375120162964 -0.5346505641937256 0.7438136339187622 0.401110976934433 1.1480759382247925
1305031460.091717 -0.10277807712554932 -0.5247549414634705 0.8450259566307068 -0.9963788986206055 0.8475255966186523 0.398511677980423 0.350554883480072 -0.8678413033485413 -0.5207081437110901 0.7522104978561401 0.40378502011299133 1.157217025756836
1305031460.12769 -0.10092641413211823 -0.527715802192688 0.8434037566184998 -0.989233136177063 0.8612910509109497 0.3779820203781128 0.33956944942474365 -0.8854429125785828 -0.4979875981807709 0.7606875896453857 0.4163685441017151 1.1593985557556152
1305031460.159678 -0.09900189936161041 -0.5221196413040161 0.8471066355705261 -0.9866321086883545 0.8728514313697815 0.3632211685180664 0.3258844017982483 -0.898377537727356 -0.4778376519680023 0.7716615200042725 0.4197733402252197 1.172224760055542
1305031460.191559 -0.09528061747550964 -0.5270876884460449 0.8444525003433228 -0.9757458567619324 0.8831207752227783 0.34671086072921753 0.31605246663093567 -0.8975698947906494 -0.4593682289123535 0.775867223739624 0.4324474036693573 1.1781983375549316
1305031460.227761 -0.09340403228998184 -0.5349081158638 0.8397315144538879 -0.9683072566986084 0.8889637589454651 0.33500272035598755 0.31227657198905945 -0.9020919799804688 -0.44835159182548523 0.7756587862968445 0.4442233145236969 1.1674625873565674
1305031460.259667 -0.10577072203159332 -0.5278239846229553 0.8427421450614929 -0.9606810212135315 0.8849269151687622 0.3365960717201233 0.32188117504119873 -0.912649393081665 -0.4535602629184723 0.7798108458518982 0.4314837157726288 1.1700961589813232
1305031460.291689 -0.12084461748600006 -0.518236517906189 0.8466566205024719 -0.9565811157226562 0.8802739977836609 0.3382734954357147 0.3326992988586426 -0.9200162887573242 -0.4588184952735901 0.7854947447776794 0.4153115749359131 1.1750706434249878
1305031460.327512 -0.13736891746520996 -0.5123381018638611 0.8477259874343872 -0.948602557182312 0.8770893216133118 0.33476686477661133 0.34444931149482727 -0.9304282665252686 -0.46026504039764404 0.7908480763435364 0.4033798277378082 1.1758573055267334
1305031460.35963 -0.15634599328041077 -0.5060891509056091 0.8481919765472412 -0.9452230334281921 0.870352566242218 0.3353952169418335 0.3605504631996155 -0.9402894973754883 -0.46695029735565186 0.7945965528488159 0.3880382776260376 1.1820687055587769
1305031460.391611 -0.1778990775346756 -0.5039162635803223 0.8452338576316833 -0.9354337453842163 0.8633716106414795 0.3322069048881531 0.3797736167907715 -0.945586621761322 -0.47216665744781494 0.7973123788833618 0.37596771121025085 1.1865754127502441
1305031460.427477 -0.20453102886676788 -0.4993409514427185 0.841917872428894 -0.930031418800354 0.8575673699378967 0.32329073548316956 0.4000764489173889 -0.9577064514160156 -0.47195881605148315 0.8038293719291687 0.36209553480148315 1.1870980262756348
1305031460.45962 -0.23490063846111298 -0.4899325966835022 0.8395163416862488 -0.9233890771865845 0.8479143977165222 0.31899961829185486 0.4234151542186737 -0.9643590450286865 -0.47525039315223694 0.8112985491752625 0.34048765897750854 1.1943621635437012
1305031460.491504 -0.26555055379867554 -0.4809817969799042 0.8355474472045898 -0.924688458442688 0.8397670388221741 0.31031861901283264 0.4455261826515198 -0.9640679359436035 -0.4735758900642395 0.8199748992919922 0.32150739431381226 1.2018541097640991
1305031460.52757 -0.30652564764022827 -0.4880177080631256 0.8172397017478943 -0.9140475392341614 0.8264961838722229 0.2894367277622223 0.4828357398509979 -0.9847221374511719 -0.4721716046333313 0.823447048664093 0.31462496519088745 1.202559471130371
1305031460.559647 -0.3252599537372589 -0.49018171429634094 0.8086580634117126 -0.9031546115875244 0.8179702758789062 0.28324249386787415 0.500697910785675 -0.9865942001342773 -0.4744793176651001 0.8243151903152466 0.30882659554481506 1.2017226219177246
1305031460.591855 -0.34391868114471436 -0.4833649694919586 0.8050331473350525 -0.9001213312149048 0.8060400485992432 0.28782007098197937 0.517164409160614 -0.9950263500213623 -0.4816838204860687 0.8267514705657959 0.29062479734420776 1.211382269859314
1305031460.627625 -0.3666722774505615 -0.4854275584220886 0.7936696410179138 -0.8893334865570068 0.7937183380126953 0.28182005882263184 0.5390626788139343 -1.0098787546157837 -0.4853479862213135 0.8276094198226929 0.2819571793079376 1.2107454538345337
1305031460.659764 -0.3807426393032074 -0.47918879985809326 0.7908307313919067 -0.8833566308021545 0.7827748656272888 0.2882475256919861 0.5515223145484924 -1.0186433792114258 -0.492238312959671 0.8290303945541382 0.2653488218784332 1.2197617292404175
1305031460.691671 -0.3932377099990845 -0.4804167151451111 0.7839411497116089 -0.8785033226013184 0.773831307888031 0.2875274419784546 0.5643695592880249 -1.0329526662826538 -0.49653714895248413 0.8285696506500244 0.2586948573589325 1.2279735803604126
1305031460.727675 -0.3995613157749176 -0.48705315589904785 0.7766143679618835 -0.8698838353157043 0.7669999003410339 0.28635820746421814 0.5742039680480957 -1.0412625074386597 -0.5020577907562256 0.8250927925109863 0.25915202498435974 1.2322266101837158
1305031460.759667 -0.4088742136955261 -0.487544983625412 0.7714414000511169 -0.8608702421188354 0.7589148283004761 0.2878156900405884 0.584132194519043 -1.0490423440933228 -0.5068236589431763 0.8242948055267334 0.2523247003555298 1.2358036041259766
1305031460.79166 -0.420320063829422 -0.4873215854167938 0.7654075026512146 -0.8522782921791077 0.7481029033660889 0.2912501394748688 0.5962510704994202 -1.0623154640197754 -0.5134910941123962 0.823219895362854 0.24214841425418854 1.246137022972107
1305031460.82766 -0.4199742376804352 -0.4941134750843048 0.761231541633606 -0.8449877500534058 0.7426953911781311 0.2949265241622925 0.6011837720870972 -1.0672054290771484 -0.5215603709220886 0.8178448677062988 0.24311423301696777 1.2511436939239502
