1403636580.2635555 0.9999980330467224 0.0019696434028446674 1.0082635526487138e-06 -0.0005019787349738181 -0.001969620119780302 0.9999834299087524 0.005408821627497673 0.019224032759666443 9.645085810916498e-06 -0.0054088132455945015 0.99998539686203 0.006069554947316647
1403636580.3135555 0.9999799132347107 0.006332356948405504 0.0004018892941530794 -0.0010633156634867191 -0.006337021943181753 0.9998964667320251 0.012921160086989403 0.03853977099061012 -0.00032002656371332705 -0.01292344555258751 0.9999164342880249 0.010811880230903625
1403636580.3635557 0.9999678730964661 0.007904722355306149 -0.001330891391262412 -0.0019266160670667887 -0.007869848981499672 0.9996703267097473 0.02443666011095047 0.05646703019738197 0.0015236176550388336 -0.02442540042102337 0.9997004866600037 0.015029856003820896
1403636580.4135554 0.9999446272850037 0.010469892993569374 -0.0010854399297386408 -0.002116171410307288 -0.010419037193059921 0.9991699457168579 0.039382196962833405 0.07151787728071213 0.0014968671603128314 -0.039368707686662674 0.9992236495018005 0.018391994759440422
1403636580.4635556 0.9999207854270935 0.012543444521725178 -0.0010958383791148663 -0.0033617266453802586 -0.012460729107260704 0.9983003735542297 0.05693008005619049 0.08473528921604156 0.001808075699955225 -0.056911908090114594 0.9983776211738586 0.020549917593598366
1403636580.5135555 0.9999209642410278 0.012408559210598469 -0.002034401521086693 -0.00407713046297431 -0.012224756181240082 0.9972016215324402 0.07375333458185196 0.08960916846990585 0.002943881554529071 -0.07372264564037323 0.9972744584083557 0.02088930644094944
1403636580.5635555 0.9999399185180664 0.01006351225078106 -0.004361134022474289 -0.004905904643237591 -0.009644097648561 0.9961292147636414 0.08737117052078247 0.08809090405702591 0.005223513580858707 -0.0873238742351532 0.9961662888526917 0.01875363104045391
1403636580.6135554 0.9999243021011353 0.009149720892310143 -0.008236296474933624 -0.005296146031469107 -0.00834987685084343 0.9956873655319214 0.09239740669727325 0.0772901251912117 0.009046184830367565 -0.09232162684202194 0.9956881999969482 0.01510956883430481
1403636580.6635556 0.9999322891235352 0.008785564452409744 -0.007643486373126507 -0.006835338659584522 -0.008067482151091099 0.9959647059440613 0.08938099443912506 0.06047632545232773 0.008397906087338924 -0.08931326866149902 0.995968222618103 0.008512736298143864
1403636580.7135556 0.9999057054519653 0.012751569040119648 -0.00510170916095376 -0.006967884488403797 -0.012289855629205704 0.9965482950210571 0.08210118860006332 0.03639371693134308 0.006131018977612257 -0.0820307657122612 0.9966109395027161 0.002370039699599147
1403636580.7635555 0.9998383522033691 0.017982447519898415 8.717213495401666e-05 -0.007672126404941082 -0.017943205311894417 0.9973117113113403 0.0710449144244194 0.006930177100002766 0.0011906243162229657 -0.07103495299816132 0.9974732398986816 -0.005749151110649109
1403636580.8135555 0.9996777772903442 0.024451445788145065 0.006809865590184927 -0.0077305687591433525 -0.024806829169392586 0.9979962706565857 0.05820619314908981 -0.02746978960931301 -0.005372993182390928 -0.05835635960102081 0.9982813000679016 -0.014637863263487816
1403636580.8635557 0.9993507266044617 0.03161601722240448 0.01728234440088272 -0.008453677408397198 -0.03233591467142105 0.9985474348068237 0.04309763014316559 -0.06401168555021286 -0.015894664451479912 -0.04362848028540611 0.9989212155342102 -0.024214809760451317
1403636580.9135554 0.9989771842956543 0.036552343517541885 0.026620792225003242 -0.00827631913125515 -0.037296269088983536 0.9989117980003357 0.028006572276353836 -0.10520714521408081 -0.025568116456270218 -0.028970781713724136 0.9992530345916748 -0.035519350320100784
1403636580.9635556 0.9985808730125427 0.04243090748786926 0.03218262642621994 -0.010952821932733059 -0.04286336153745651 0.9989981651306152 0.012868614867329597 -0.14132989943027496 -0.031604357063770294 -0.014229812659323215 0.9993991255760193 -0.04542771354317665
1403636581.0135555 0.9985647797584534 0.04330168291926384 0.03151654079556465 -0.011887211352586746 -0.04331602156162262 0.9990615248680115 -0.00022773072123527527 -0.1832210123538971 -0.031496819108724594 -0.0011377716436982155 0.9995031952857971 -0.056981563568115234
1403636581.0635555 0.9985774159431458 0.04393422603607178 0.03021405078470707 -0.014425531029701233 -0.043532948940992355 0.9989565014839172 -0.013813826255500317 -0.2098170667886734 -0.030789416283369064 0.012478875927627087 0.9994480609893799 -0.06516705453395844
1403636581.1135554 0.9987263083457947 0.04042298346757889 0.030193794518709183 -0.014453191310167313 -0.03962359577417374 0.9988601207733154 -0.02662062644958496 -0.24239444732666016 -0.031235454604029655 0.025390341877937317 0.999189555644989 -0.07541629672050476
1403636581.1635556 0.9988745450973511 0.0355076901614666 0.031442005187273026 -0.015712058171629906 -0.03416109085083008 0.9985176920890808 -0.0423760786652565 -0.26793769001960754 -0.03290006145834923 0.04125429689884186 0.99860680103302 -0.08281200379133224
1403636581.2135556 0.9990200400352478 0.03115043044090271 0.03143748268485069 -0.014727814123034477 -0.02926553785800934 0.9978448152542114 -0.05873287469148636 -0.2925974130630493 -0.03319926559925079 0.05775528401136398 0.9977785348892212 -0.09035222977399826
1403636581.2635555 0.9991490244865417 0.026432760059833527 0.031661294400691986 -0.015364062041044235 -0.02394508197903633 0.9967800974845886 -0.07652647793292999 -0.3133401870727539 -0.03358214348554611 0.0757032036781311 0.9965647459030151 -0.09796340018510818
1403636581.3135555 0.9991161227226257 0.028626758605241776 0.030783560127019882 -0.013877855613827705 -0.02572794258594513 0.9955406188964844 -0.09075921028852463 -0.329865425825119 -0.03324441984295845 0.08988692611455917 0.9953969120979309 -0.10415954142808914
1403636581.3635557 0.9990895986557007 0.028592022135853767 0.03166229650378227 -0.0132821723818779 -0.025254923850297928 0.9945458769798279 -0.10119733214378357 -0.3375996947288513 -0.034383032470941544 0.10030552744865417 0.9943623542785645 -0.10779991745948792
1403636581.4135554 0.9987569451332092 0.034459471702575684 0.03601241484284401 -0.01234370842576027 -0.03054157830774784 0.9940884709358215 -0.10419005900621414 -0.3357369303703308 -0.039389852434396744 0.10296063125133514 0.9939050674438477 -0.10975533723831177
1403636581.4635556 0.9984497427940369 0.04015785828232765 0.03853994235396385 -0.011307474225759506 -0.036138854920864105 0.9943466782569885 -0.09984444826841354 -0.32702404260635376 -0.042331598699092865 0.09829682111740112 0.994256317615509 -0.10624971985816956
1403636581.5135555 0.9981157779693604 0.04540805146098137 0.04126516357064247 -0.01040609460324049 -0.04159524664282799 0.9951651096343994 -0.08897610008716583 -0.312471479177475 -0.04510585963726044 0.08709199726581573 0.9951785802841187 -0.10417366027832031
1403636581.5635555 0.9981448650360107 0.04315357282757759 0.04294728487730026 -0.008543899282813072 -0.039767976850271225 0.9962543845176697 -0.07678539305925369 -0.2894276976585388 -0.04609997197985649 0.07493498921394348 0.9961220622062683 -0.09568095952272415
1403636581.6135554 0.998345136642456 0.040067464113235474 0.041249796748161316 -0.006953832693397999 -0.037387359887361526 0.9972614645957947 -0.06381215155124664 -0.26321327686309814 -0.04369361698627472 0.062164306640625 0.9971091151237488 -0.08717359602451324
1403636581.6635556 0.9985448718070984 0.035881079733371735 0.04025574028491974 -0.005339675582945347 -0.03368586301803589 0.997975766658783 -0.05394469201564789 -0.23432376980781555 -0.04210983216762543 0.052510134875774384 0.9977321624755859 -0.0763322040438652
1403636581.7135556 0.9984801411628723 0.03913833573460579 0.03880353271961212 -0.0018761353567242622 -0.0373104065656662 0.9982091784477234 -0.04676205664873123 -0.20424123108386993 -0.040564216673374176 0.04524318873882294 0.9981521368026733 -0.06576307862997055
1403636581.7635555 0.9986906051635742 0.035910047590732574 0.036434419453144073 0.0003012382658198476 -0.03431253135204315 0.9984613656997681 -0.043562810868024826 -0.17368879914283752 -0.037942688912153244 0.04225559160113335 0.9983860850334167 -0.05408918857574463
1403636581.8135555 0.9989210963249207 0.035225193947553635 0.030260290950536728 0.0016800210578367114 -0.03399481624364853 0.9986109137535095 -0.040255069732666016 -0.14282773435115814 -0.03163623809814453 0.039182960987091064 0.9987311959266663 -0.04532565921545029
1403636581.8635557 0.9990016222000122 0.03464203700423241 0.028207838535308838 0.0029683695174753666 -0.033614687621593475 0.9987821578979492 -0.036114875227212906 -0.10927869379520416 -0.029424572363495827 0.03513062745332718 0.9989495277404785 -0.03505321592092514
1403636581.9135554 0.9992502331733704 0.0297557320445776 0.02476658672094345 0.003828367218375206 -0.029098302125930786 0.9992254376411438 -0.02649499848484993 -0.07771926373243332 -0.02553578093647957 0.02575446479022503 0.9993420839309692 -0.026480527594685555
1403636581.9635556 0.9991790056228638 0.027716657146811485 0.02954389527440071 0.003992851357907057 -0.02734474651515484 0.999542772769928 -0.01291885320097208 -0.04746556282043457 -0.029888445511460304 0.012100371532142162 0.9994800090789795 -0.017460593953728676
1403636582.0135555 0.9991574287414551 0.024104248732328415 0.03321828693151474 0.004370125010609627 -0.0241850633174181 0.9997053742408752 0.002033034572377801 -0.015513552352786064 -0.03315950930118561 -0.0028347084298729897 0.9994460940361023 -0.007901236414909363
1403636582.0635555 0.999009370803833 0.024713996797800064 0.03700615093111992 0.004059342667460442 -0.025431852787733078 0.9994948506355286 0.019054824486374855 0.009906508028507233 -0.036516547203063965 -0.019977085292339325 0.9991334080696106 -0.0006310257595032454
1403636582.1135554 0.9989959597587585 0.025969909504055977 0.03650454431772232 0.0033956989645957947 -0.0273005161434412 0.998962938785553 0.03643738105893135 0.030184267088770866 -0.03552042692899704 -0.03739739581942558 0.9986689686775208 0.004909593146294355
1403636582.1635556 0.9991040229797363 0.02577086351811886 0.03357097506523132 0.0019760618451982737 -0.027472523972392082 0.9983076453208923 0.051254384219646454 0.04474760591983795 -0.03219330310821533 -0.05213075503706932 0.9981212615966797 0.007991284132003784
1403636582.2135556 0.9992070198059082 0.026138413697481155 0.030039658769965172 0.0006843588780611753 -0.02798011340200901 0.9976451992988586 0.06261910498142242 0.05262846499681473 -0.028332160785794258 -0.0634099692106247 0.9975854158401489 0.009375574067234993
1403636582.2635555 0.9992636442184448 0.026184432208538055 0.028050323948264122 -0.000608482863754034 -0.028086796402931213 0.9971708655357361 0.06972314417362213 0.052185967564582825 -0.02614530920982361 -0.07045963406562805 0.9971719980239868 0.00895167887210846
1403636582.3135555 0.9993232488632202 0.02670476771891117 0.02530273050069809 -0.0021955519914627075 -0.028459591791033745 0.9970173239707947 0.07173964381217957 0.04299439117312431 -0.023311477154493332 -0.0724111944437027 0.9971024990081787 0.006307945121079683
1403636582.3635557 0.9994046688079834 0.025518860667943954 0.02322475053369999 -0.004502854309976101 -0.0270245224237442 0.9973864555358887 0.06700898706912994 0.025303449481725693 -0.021454062312841415 -0.06759672611951828 0.9974821209907532 0.0007278898265212774
1403636582.4135554 0.9994528889656067 0.024754134938120842 0.021940156817436218 -0.006113722454756498 -0.025922201573848724 0.9981685280799866 0.05465837940573692 0.0033811042085289955 -0.02054695598781109 -0.05519721284508705 0.9982640743255615 -0.0064524440094828606
1403636582.4635556 0.9994624853134155 0.02427695132791996 0.022029707208275795 -0.00827888771891594 -0.02512477897107601 0.9989208579063416 0.03906170651316643 -0.02310730330646038 -0.02105763740837574 -0.039594195783138275 0.998993992805481 -0.014509337022900581
1403636582.5135555 0.9993098378181458 0.027928225696086884 0.024492446333169937 -0.009318774566054344 -0.028564563021063805 0.9992530345916748 0.026027722284197807 -0.05340663716197014 -0.023747244849801064 -0.02670937590301037 0.9993610978126526 -0.023735838010907173
1403636582.5635555 0.9991822838783264 0.029075486585497856 0.02809826470911503 -0.0106450654566288 -0.029536355286836624 0.9994335770606995 0.01612844504415989 -0.08486809581518173 -0.027613410726189613 -0.01694517396390438 0.9994750618934631 -0.033131882548332214
1403636582.6135554 0.9988555312156677 0.033446598798036575 0.03418738767504692 -0.010965640656650066 -0.033812616020441055 0.9993762969970703 0.010184021666646004 -0.11730294674634933 -0.03382544592022896 -0.011328344233334064 0.9993634223937988 -0.043019410222768784
1403636582.6635556 0.998655378818512 0.03358231112360954 0.03949086368083954 -0.011370349675416946 -0.03381592780351639 0.9994142651557922 0.005262312013655901 -0.14965704083442688 -0.039291009306907654 -0.006590668577700853 0.999206006526947 -0.05300651863217354
1403636582.7135556 0.998620867729187 0.03206419199705124 0.041573602706193924 -0.010739854536950588 -0.03212284296751022 0.9994837641716003 0.0007433965802192688 -0.17934109270572662 -0.04152829945087433 -0.0020778432954102755 0.9991351962089539 -0.06276252865791321
1403636582.7635555 0.9985554218292236 0.02835007756948471 0.04564575105905533 -0.009880167432129383 -0.028115328401327133 0.999588131904602 -0.005776766687631607 -0.2114550918340683 -0.045790720731019974 0.004485065583139658 0.9989410042762756 -0.07242465764284134
1403636582.8135555 0.9983678460121155 0.02398776449263096 0.05183042958378792 -0.0080533716827631 -0.023101169615983963 0.9995774626731873 -0.017637716606259346 -0.22403137385845184 -0.05223163962364197 0.016411583870649338 0.9985001087188721 -0.07571332156658173
1403636582.8635557 0.9979720711708069 0.019657615572214127 0.06054142862558365 -0.00646013580262661 -0.01779627613723278 0.999356746673584 -0.031132204458117485 -0.2548161447048187 -0.06111448258161545 0.029991663992404938 0.9976800084114075 -0.08502241224050522
1403636582.9135554 0.9976989030838013 0.013880913145840168 0.0663636103272438 -0.004393160343170166 -0.010760324075818062 0.9988298416137695 -0.04715097323060036 -0.2832578718662262 -0.06694044917821884 0.046328384429216385 0.9966808557510376 -0.09325411915779114
1403636582.9635556 0.9974225163459778 0.014959343709051609 0.07017366588115692 -0.0033813826739788055 -0.010502033866941929 0.9979289174079895 -0.0634625032544136 -0.31107521057128906 -0.07097770273685455 0.06256197392940521 0.9955140352249146 -0.10151072591543198
1403636583.0135555 0.9971741437911987 0.014885804615914822 0.0736345574259758 -0.0027414956130087376 -0.008966525085270405 0.9967485666275024 -0.08007405698299408 -0.33024802803993225 -0.0745871290564537 0.0791875422000885 0.9940654635429382 -0.10914092510938644
1403636583.0635555 0.9971542358398438 0.01781347207725048 0.0732518807053566 -0.0012806071899831295 -0.011129655875265598 0.995819628238678 -0.09066010266542435 -0.3427831530570984 -0.07456062734127045 0.08958688378334045 0.9931842684745789 -0.11347030848264694
1403636583.1135554 0.9970090985298157 0.019610142335295677 0.07475351542234421 0.00014267908409237862 -0.01239339541643858 0.9953224062919617 -0.0958094373345375 -0.34570202231407166 -0.07628268003463745 0.09459646046161652 0.9925888776779175 -0.11600825935602188
1403636583.1635556 0.9965728521347046 0.024427566677331924 0.07902999222278595 -0.0004760897718369961 -0.016822177916765213 0.9952865839004517 -0.09550688415765762 -0.3456968069076538 -0.0809904932975769 0.09385012835264206 0.9922866225242615 -0.11699605733156204
1403636583.2135556 0.9964132905006409 0.02813388779759407 0.07980452477931976 0.0016546286642551422 -0.020590083673596382 0.9953758120536804 -0.09382377564907074 -0.33409321308135986 -0.08207511156797409 0.0918441191315651 0.9923852682113647 -0.11139033734798431
1403636583.2635555 0.996501624584198 0.029578814283013344 0.07816281169652939 0.0031966129317879677 -0.022521229460835457 0.995715856552124 -0.08968015760183334 -0.3183336853981018 -0.08048059046268463 0.08760613203048706 0.9928987622261047 -0.10580457746982574
1403636583.3135555 0.9966248273849487 0.02970111183822155 0.07652861624956131 0.0032246732152998447 -0.023087861016392708 0.9960365295410156 -0.08589545637369156 -0.2969439625740051 -0.07877649366855621 0.08383868634700775 0.9933606386184692 -0.0968223437666893
1403636583.3635557 0.9967327117919922 0.03074614889919758 0.07468870282173157 0.006067967973649502 -0.024655692279338837 0.9963976144790649 -0.08114022016525269 -0.27262094616889954 -0.07691439986228943 0.07903362810611725 0.9939003586769104 -0.08798171579837799
1403636583.4135554 0.9970870614051819 0.028794599696993828 0.07062776386737823 0.006833083927631378 -0.023335272446274757 0.9967625141143799 -0.07693976163864136 -0.24254177510738373 -0.07261457294225693 0.07506752759218216 0.9945310354232788 -0.07739327102899551
1403636583.4635556 0.9972704648971558 0.03244146704673767 0.066324882209301 0.008932792581617832 -0.027735687792301178 0.9971132874488831 -0.07067989557981491 -0.2112739086151123 -0.06842640042304993 0.06864742189645767 0.9952915906906128 -0.0662718415260315
1403636583.5135555 0.9974731802940369 0.03295476734638214 0.0629381611943245 0.011934427544474602 -0.028896640986204147 0.9975099563598633 -0.06433448940515518 -0.17801080644130707 -0.06490155309438705 0.0623532272875309 0.9959416389465332 -0.05450816452503204
1403636583.5635555 0.9973227381706238 0.03751529008150101 0.06277116388082504 0.014041137881577015 -0.0339692197740078 0.9978169202804565 -0.05663629248738289 -0.14412197470664978 -0.06475884467363358 0.054352372884750366 0.9964196085929871 -0.04350657016038895
1403636583.6135554 0.996945321559906 0.03960134834051132 0.06731785833835602 0.016539834439754486 -0.03655895218253136 0.9982796311378479 -0.04584131017327309 -0.10979758203029633 -0.06901740282773972 0.04324023053050041 0.9966778755187988 -0.02991148829460144
1403636583.6635556 0.9974905848503113 0.035355426371097565 0.06133792921900749 0.018295321613550186 -0.03360692411661148 0.9990054368972778 -0.029307592660188675 -0.07654444873332977 -0.06231309100985527 0.02717268094420433 0.9976866841316223 -0.018525611609220505
1403636583.7135556 0.9979127645492554 0.027444757521152496 0.058453936129808426 0.018179791048169136 -0.027026459574699402 0.9996033310890198 -0.007934849709272385 -0.04496249184012413 -0.05864850431680679 0.006338492035865784 0.9982585310935974 -0.008692044764757156
1403636583.7635555 0.9983641505241394 0.018358958885073662 0.05414728447794914 0.01758117787539959 -0.019340921193361282 0.9996568560600281 0.017667148262262344 -0.035115014761686325 -0.053804345428943634 -0.018685508519411087 0.9983766674995422 -0.007326798513531685
1403636583.8135555 0.9984778165817261 0.012688085436820984 0.05367361381649971 0.017929792404174805 -0.014746539294719696 0.9991639852523804 0.03813077509403229 -0.00839948933571577 -0.05314492806792259 -0.03886423259973526 0.997830331325531 0.00031977740582078695
1403636583.8635557 0.9984838366508484 0.011695901863276958 0.053787752985954285 0.018567971885204315 -0.014588771387934685 0.9984500408172607 0.05370888113975525 0.014280506409704685 -0.053076211363077164 -0.054412148892879486 0.9971070289611816 0.006849606521427631
1403636583.9135554 0.9983486533164978 0.017286403104662895 0.05478059872984886 0.01937798783183098 -0.020780373364686966 0.9977421164512634 0.06386725604534149 0.0354403555393219 -0.053552865982055664 -0.06490018963813782 0.9964537024497986 0.012274451553821564
1403636583.9635556 0.998355507850647 0.023274583742022514 0.05238666757941246 0.01938757859170437 -0.026932066306471825 0.9971672892570496 0.0702301412820816 0.05227705091238022 -0.05060369893908501 -0.07152554392814636 0.9961543083190918 0.015817970037460327
1403636584.0135555 0.9985096454620361 0.027498014271259308 0.0471404530107975 0.018211226910352707 -0.030890945345163345 0.9968662261962891 0.07282623648643494 0.0634274035692215 -0.04499015957117081 -0.0741739422082901 0.9962299466133118 0.017282050102949142
1403636584.0635555 0.9987612366676331 0.030073100700974464 0.039642203599214554 0.016861407086253166 -0.032893117517232895 0.9968246221542358 0.0725177749991417 0.06868640333414078 -0.03733549267053604 -0.07373189926147461 0.9965789914131165 0.016542745754122734
1403636584.1135554 0.9989897012710571 0.02966363914310932 0.03375702723860741 0.013942175544798374 -0.03206172585487366 0.9968259930610657 0.07286930084228516 0.06296367198228836 -0.031488317996263504 -0.07387799024581909 0.9967700242996216 0.014563536271452904
1403636584.1635556 0.9990675449371338 0.03065827302634716 0.03039608895778656 0.01228323858231306 -0.032826557755470276 0.9967467784881592 0.07360894978046417 0.053058430552482605 -0.028040481731295586 -0.07453812658786774 0.9968238472938538 0.01125871017575264
1403636584.2135556 0.9990790486335754 0.031957466155290604 0.028628071770071983 0.011505290865898132 -0.03398429602384567 0.9967262744903564 0.07336001098155975 0.03625727444887161 -0.02618994750082493 -0.07426536083221436 0.9968945980072021 0.0066811637952923775
1403636584.2635555 0.9990658760070801 0.032644856721162796 0.028315192088484764 0.011074595153331757 -0.03455597162246704 0.9969580769538879 0.06986125558614731 0.01808086410164833 -0.02594844624400139 -0.07077442854642868 0.997154712677002 0.0012635295279324055
1403636584.3135555 0.9990533590316772 0.03288887068629265 0.028475144878029823 0.00975824985653162 -0.034696996212005615 0.9972476959228516 0.0655236765742302 -0.007321223616600037 -0.02624177373945713 -0.06644963473081589 0.9974445700645447 -0.005602034740149975
1403636584.3635557 0.9988483786582947 0.03634751960635185 0.031319811940193176 0.008665789850056171 -0.038242388516664505 0.9973313808441162 0.06219160929322243 -0.036471642553806305 -0.02897571586072445 -0.06331770867109299 0.997572660446167 -0.013013185933232307
1403636584.4135554 0.9983704090118408 0.04220728576183319 0.03840725123882294 0.00931028462946415 -0.04439428448677063 0.9973294734954834 0.057993680238723755 -0.06713993847370148 -0.03585692495107651 -0.059604234993457794 0.9975778460502625 -0.020870592445135117
1403636584.4635556 0.9978516101837158 0.04739297181367874 0.04523416608572006 0.009369215928018093 -0.04969378560781479 0.9974526762962341 0.05117322877049446 -0.10145188122987747 -0.042693689465522766 -0.05331115052103996 0.9976648092269897 -0.028578385710716248
1403636584.5135555 0.9975990653038025 0.04924315586686134 0.0486946776509285 0.008846288546919823 -0.05126223340630531 0.9978382587432861 0.0411226861178875 -0.1362629383802414 -0.04656439274549484 -0.04352015256881714 0.9979667663574219 -0.03676324710249901
1403636584.5635555 0.997481644153595 0.04794994741678238 0.05226192995905876 0.008539048954844475 -0.04948432371020317 0.9983691573143005 0.028470980003476143 -0.17454048991203308 -0.05081150308251381 -0.030985428020358086 0.9982274770736694 -0.04538703337311745
1403636584.6135554 0.9973036646842957 0.04641012102365494 0.05684826523065567 0.007570321671664715 -0.04709935933351517 0.9988313913345337 0.010844271630048752 -0.2102605253458023 -0.0562785305082798 -0.013492549769580364 0.9983240365982056 -0.054686591029167175
1403636584.6635556 0.9970192313194275 0.043411314487457275 0.06378462165594101 0.0071138665080070496 -0.0428888201713562 0.9990343451499939 -0.009538622573018074 -0.24531424045562744 -0.06413710117340088 0.006774540059268475 0.9979181289672852 -0.06376294791698456
1403636584.7135556 0.9965533018112183 0.04478493705391884 0.06982637196779251 0.006540131289511919 -0.042503729462623596 0.9985236525535583 -0.033820897340774536 -0.2596086263656616 -0.0712379589676857 0.030736446380615234 0.9969856142997742 -0.06816048920154572
1403636584.7635555 0.9960460066795349 0.04363683983683586 0.07738280296325684 0.0036524669267237186 -0.03945700079202652 0.9977204203605652 -0.054745789617300034 -0.28421077132225037 -0.07959531992673874 0.05147603899240494 0.9954972267150879 -0.07842374593019485
1403636584.8135555 0.9957907795906067 0.043862730264663696 0.08047834038734436 0.0029059499502182007 -0.03820719197392464 0.9967786073684692 -0.07051672041416168 -0.3128773272037506 -0.08331213146448135 0.06714504212141037 0.9942588210105896 -0.08781526982784271
1403636584.8635557 0.9957965016365051 0.03989380598068237 0.08244810253381729 0.0011493489146232605 -0.03294560685753822 0.9959226846694946 -0.08398054540157318 -0.3341863751411438 -0.08546224981546402 0.08091122657060623 0.9930506944656372 -0.0962369441986084
1403636584.9135554 0.9959835410118103 0.03710535168647766 0.08148492127656937 -0.00026834849268198013 -0.02945016510784626 0.9952102899551392 -0.09321660548448563 -0.3510628044605255 -0.08455345779657364 0.0904424637556076 0.9923058748245239 -0.10360044240951538
1403636584.9635556 0.9960975646972656 0.03085167333483696 0.08268976211547852 0.0006228010170161724 -0.022693488746881485 0.9949429631233215 -0.09784436225891113 -0.35688623785972595 -0.08529026061296463 0.09558601677417755 0.9917606115341187 -0.10584167391061783
1403636585.0135555 0.9958701729774475 0.028123052790760994 0.08632165193557739 -0.0001014568842947483 -0.01964583620429039 0.9950388073921204 -0.09752853214740753 -0.35935351252555847 -0.08863620460033417 0.095429927110672 0.9914820790290833 -0.10642130672931671
1403636585.0635555 0.9956068396568298 0.026539547368884087 0.08979205042123795 -0.00012932345271110535 -0.018043072894215584 0.9953949451446533 -0.09414549916982651 -0.3530274033546448 -0.09187714010477066 0.09211176633834839 0.9915009140968323 -0.10280567407608032
1403636585.1135554 0.9955632090568542 0.025335393846035004 0.09061989188194275 -4.169158637523651e-05 -0.017215507104992867 0.9958571791648865 -0.08928831666707993 -0.34524115920066833 -0.09250660240650177 0.0873320922255516 0.9918748736381531 -0.09976956248283386
1403636585.1635556 0.9952098727226257 0.023310549557209015 0.09494035691022873 0.0026628337800502777 -0.015313317999243736 0.9963389039039612 -0.08410799503326416 -0.3328086733818054 -0.09655339270830154 0.08225126564502716 0.9919233918190002 -0.09400546550750732
1403636585.2135556 0.9946114420890808 0.0239885114133358 0.10085809230804443 0.003855513408780098 -0.016150277107954025 0.9968361854553223 -0.07782583683729172 -0.3147340714931488 -0.10240594297647476 0.07577761262655258 0.9918522238731384 -0.08678707480430603
1403636585.2635555 0.9937567114830017 0.030081123113632202 0.10743655264377594 0.004376151133328676 -0.022473040968179703 0.9971990585327148 -0.07133647054433823 -0.29739832878112793 -0.1092815026640892 0.06847666203975677 0.9916492700576782 -0.07867670059204102
1403636585.3135555 0.9931118488311768 0.03544993698596954 0.11167855560779572 0.009155083447694778 -0.028135482221841812 0.997395932674408 -0.06640448421239853 -0.2727094888687134 -0.11374177038669586 0.0628049373626709 0.9915230870246887 -0.0677972212433815
1403636585.3635557 0.9924758076667786 0.0436735562980175 0.11438685655593872 0.011813929304480553 -0.0368952639400959 0.9974726438522339 -0.060719650238752365 -0.24726234376430511 -0.1167495995759964 0.056042447686195374 0.9915788173675537 -0.057839810848236084
1403636585.4135554 0.9921483397483826 0.04838837310671806 0.11532562971115112 0.015088353306055069 -0.04247158020734787 0.9976789951324463 -0.053222812712192535 -0.227604478597641 -0.11763332039117813 0.04790686443448067 0.9919008612632751 -0.04827813059091568
1403636585.4635556 0.9927237629890442 0.05131469666957855 0.10893185436725616 0.018114330247044563 -0.04671116918325424 0.9979210495948792 -0.044401466846466064 -0.20098333060741425 -0.11098387092351913 0.03899005800485611 0.9930570125579834 -0.040315233170986176
1403636585.5135555 0.993123471736908 0.05385652929544449 0.1039479449391365 0.01950453594326973 -0.05059025436639786 0.9981470108032227 -0.03380896896123886 -0.17553602159023285 -0.10557618737220764 0.028317725285887718 0.99400794506073 -0.03218577802181244
1403636585.5635555 0.9942396283149719 0.054140087217092514 0.09250038862228394 0.020893683657050133 -0.052335482090711594 0.9983909130096436 -0.02182658389210701 -0.1520940363407135 -0.09353325515985489 0.01685980334877968 0.9954733848571777 -0.02846497856080532
1403636585.6135554 0.995385468006134 0.053541190922260284 0.07963153719902039 0.02102055773139 -0.05319848656654358 0.9985633492469788 -0.006420413963496685 -0.1493614912033081 -0.0798608660697937 0.0021545086055994034 0.9968037009239197 -0.03200633451342583
1403636585.6635556 0.9965465664863586 0.049075108021497726 0.06698139756917953 0.020403124392032623 -0.0495576448738575 0.998755693435669 0.005560524761676788 -0.11957567930221558 -0.0666251927614212 -0.008860759437084198 0.997738778591156 -0.029234210029244423
1403636585.7135556 0.9975526332855225 0.043650247156620026 0.05462052673101425 0.02026769146323204 -0.044841401278972626 0.9987780451774597 0.02077522873878479 -0.10427848249673843 -0.05364695563912392 -0.02317364513874054 0.9982911348342896 -0.030923159793019295
1403636585.7635555 0.9981874823570251 0.03800677880644798 0.046659983694553375 0.02051933854818344 -0.039736535400152206 0.9985350966453552 0.03672110661864281 -0.09342612326145172 -0.04519598186016083 -0.03850866109132767 0.9982357621192932 -0.033017970621585846
1403636585.8135555 0.9988972544670105 0.028748158365488052 0.037118952721357346 0.02088717743754387 -0.030726658180356026 0.9980746507644653 0.05387997254729271 -0.09278999269008636 -0.03549853339791298 -0.05496109649538994 0.9978572726249695 -0.03930463269352913
1403636585.8635557 0.9993128180503845 0.021783163771033287 0.029990017414093018 0.020012198016047478 -0.02390952780842781 0.9970837831497192 0.07247266173362732 -0.08812835812568665 -0.028323877602815628 -0.07313991338014603 0.9969193935394287 -0.04462169110774994
1403636585.9135554 0.9995686411857605 0.015711158514022827 0.024810299277305603 0.01965940371155739 -0.017925307154655457 0.9956251382827759 0.09170199930667877 -0.08595200628042221 -0.023261014372110367 -0.09210717678070068 0.9954774379730225 -0.0493498295545578
1403636585.9635556 0.9996174573898315 0.011334691196680069 0.025226062163710594 0.01968041993677616 -0.014113680459558964 0.9935099482536316 0.11286556720733643 -0.08448898047208786 -0.02378305047750473 -0.11317843198776245 0.9932899475097656 -0.05320967361330986
1403636586.0135555 0.999474823474884 0.0059830741956830025 0.031847357749938965 0.019372638314962387 -0.01027921587228775 0.9905871152877808 0.1364966481924057 -0.08365407586097717 -0.030730916187167168 -0.13675235211849213 0.9901284575462341 -0.05632132291793823
1403636586.0635555 0.998979389667511 0.002560392487794161 0.04509587585926056 0.018794067203998566 -0.009773047640919685 0.9869942665100098 0.16045765578746796 -0.07940258830785751 -0.04409854859113693 -0.1607346087694168 0.9860120415687561 -0.05560963973402977
1403636586.1135554 0.9983260035514832 -0.002772979438304901 0.05777233466506004 0.01774521917104721 -0.007820353843271732 0.983206033706665 0.18233071267604828 -0.08055709302425385 -0.05730771645903587 -0.18247731029987335 0.9815385341644287 -0.058138616383075714
1403636586.1635556 0.9976506233215332 -0.008518639951944351 0.06797376275062561 0.015656540170311928 -0.005345233716070652 0.9795336127281189 0.20120956003665924 -0.08175697922706604 -0.06829661130905151 -0.2011002004146576 0.977186918258667 -0.061010006815195084
1403636586.2135556 0.9972847104072571 -0.014332970604300499 0.07223424315452576 0.013179309666156769 -0.0017905965214595199 0.9758674502372742 0.21835637092590332 -0.08313460648059845 -0.0736207589507103 -0.2178928554058075 0.9731919765472412 -0.06518540531396866
1403636586.2635555 0.997165322303772 -0.018267691135406494 0.07299099862575531 0.011358367279171944 0.0004285901377443224 0.9714433550834656 0.2372710108757019 -0.08377934247255325 -0.07524102926254272 -0.2365671694278717 0.9686974287033081 -0.07003145664930344
1403636586.3135555 0.997004508972168 -0.02443583682179451 0.07338253408670425 0.010156301781535149 0.004788888618350029 0.966463029384613 0.2567611336708069 -0.08412609994411469 -0.07719569653272629 -0.2556406259536743 0.9636849761009216 -0.07503880560398102
1403636586.3635557 0.9967769384384155 -0.03007030114531517 0.07437529414892197 0.009169463068246841 0.008300540037453175 0.96077561378479 0.2772025465965271 -0.08369088172912598 -0.0797935426235199 -0.2756917476654053 0.957928478717804 -0.07998386770486832
1403636586.4135554 0.996547281742096 -0.036850474774837494 0.0744030550122261 0.00841212086379528 0.013111361302435398 0.9547128677368164 0.2972395122051239 -0.08288171887397766 -0.08198699355125427 -0.2952376902103424 0.9518996477127075 -0.08562829345464706
1403636586.4635556 0.9965488314628601 -0.03785239905118942 0.07387673109769821 0.009162208065390587 0.012630621902644634 0.948761522769928 0.31574034690856934 -0.08142969012260437 -0.08204293996095657 -0.3137175440788269 0.9459652304649353 -0.09194283932447433
1403636586.5135555 0.9965943694114685 -0.036998990923166275 0.07369232922792435 0.01056875940412283 0.010423354804515839 0.9430408477783203 0.33251360058784485 -0.08064375072717667 -0.0817975401878357 -0.33061304688453674 0.9402148723602295 -0.094528928399086
1403636586.5635555 0.9968352913856506 -0.03576383739709854 0.07099345326423645 0.012762367725372314 0.009096329100430012 0.9385316967964172 0.34507328271865845 -0.08070092648267746 -0.07897074520587921 -0.34333550930023193 0.9358868598937988 -0.0991479828953743
1403636586.6135554 0.9970468878746033 -0.034724362194538116 0.06849376857280731 0.01575099304318428 0.008379589766263962 0.9357960820198059 0.3524419963359833 -0.0820358470082283 -0.07633452117443085 -0.3508272171020508 0.9333238005638123 -0.10337217897176743
1403636586.6635556 0.997029185295105 -0.03646000474691391 0.06784746795892715 0.02034725621342659 0.010179542005062103 0.9355154633522034 0.3531390428543091 -0.08371927589178085 -0.07634780555963516 -0.35139936208724976 0.9331074953079224 -0.10537168383598328
1403636586.7135556 0.9971777200698853 -0.03607859089970589 0.06583977490663528 0.024980561807751656 0.010861005634069443 0.937062680721283 0.3489919602870941 -0.08622923493385315 -0.07428713887929916 -0.3472919166088104 0.9348099827766418 -0.10620930790901184
1403636586.7635555 0.9974566102027893 -0.036887504160404205 0.06098822504281998 0.029232695698738098 0.013888516463339329 0.9398502111434937 0.3413042426109314 -0.08784498274326324 -0.06990966200828552 -0.33958905935287476 0.9379721879959106 -0.10596717149019241
1403636586.8135555 0.9977076053619385 -0.03596682474017143 0.05732247605919838 0.03385493531823158 0.014801137149333954 0.9425364136695862 0.3337753713130951 -0.09008564800024033 -0.06603337079286575 -0.3321618437767029 0.9409081339836121 -0.10495211184024811
1403636586.8635557 0.9978851079940796 -0.03405699133872986 0.05536561459302902 0.03758404776453972 0.01415296085178852 0.9451577663421631 0.3263072669506073 -0.09075745940208435 -0.06344228982925415 -0.3248335123062134 0.943640947341919 -0.10299745202064514
1403636586.9135554 0.9981555938720703 -0.028662389144301414 0.05351637676358223 0.03785253316164017 0.009968860074877739 0.9469472765922546 0.32123416662216187 -0.0908922553062439 -0.05988452956080437 -0.32010823488235474 0.945486307144165 -0.10095511376857758
1403636586.9635556 0.998458743095398 -0.025122815743088722 0.04948582127690315 0.03900732100009918 0.008185436949133873 0.9485840201377869 0.316419392824173 -0.09104345738887787 -0.05489080399274826 -0.3155267834663391 0.947327733039856 -0.09875623881816864
1403636587.0135555 0.9987657070159912 -0.01889759488403797 0.04593507573008537 0.03976404666900635 0.003505279077216983 0.9493080377578735 0.3143279552459717 -0.09192618727684021 -0.04954657703638077 -0.3137790262699127 0.94820237159729 -0.09621433913707733
1403636587.0635555 0.9989227652549744 -0.016098270192742348 0.043520424515008926 0.04063763841986656 0.0015329632442444563 0.9488288164138794 0.315787136554718 -0.09313054382801056 -0.04637704789638519 -0.3153802156448364 0.9478315114974976 -0.09401778876781464
1403636587.1135554 0.9990458488464355 -0.011868254281580448 0.042032502591609955 0.04198961704969406 -0.0021994549315422773 0.9474801421165466 0.3198069930076599 -0.09386062622070312 -0.043620508164167404 -0.3195943832397461 0.9465499520301819 -0.0916837602853775
1403636587.1635556 0.999098002910614 -0.008469920605421066 0.04161111265420914 0.04473733901977539 -0.005509059876203537 0.9457715749740601 0.3247857391834259 -0.0949469804763794 -0.04210550710558891 -0.324722021818161 0.9448717832565308 -0.08919019997119904
1403636587.2135556 0.999152421951294 -0.00753902830183506 0.040463317185640335 0.047088608145713806 -0.0061049070209264755 0.945063591003418 0.3268292546272278 -0.09481647610664368 -0.040704384446144104 -0.32679927349090576 0.944216787815094 -0.08723383396863937
1403636587.2635555 0.999126136302948 -0.009142016060650349 0.04078085348010063 0.05282479524612427 -0.004779145587235689 0.9443888068199158 0.3287961483001709 -0.09574572741985321 -0.041518840938806534 -0.32870376110076904 0.9435200095176697 -0.08428198099136353
1403636587.3135555 0.9990600943565369 -0.011113644577562809 0.041894491761922836 0.06018094718456268 -0.003330423729494214 0.9440274834632874 0.32984963059425354 -0.0965748131275177 -0.04321539029479027 -0.32967910170555115 0.9431034326553345 -0.08111792802810669
1403636587.3635557 0.998920202255249 -0.013689085841178894 0.04439081251621246 0.0692748874425888 -0.0017928709276020527 0.9435219764709473 0.3313048779964447 -0.09773936122655869 -0.04641896113753319 -0.33102676272392273 0.9424789547920227 -0.07770174741744995
1403636587.4135554 0.9988293051719666 -0.015702415257692337 0.045757219195365906 0.07781555503606796 -0.0004282351001165807 0.9429486989974976 0.3329378664493561 -0.09875717014074326 -0.048374637961387634 -0.33256760239601135 0.9418379068374634 -0.07486889511346817
1403636587.4635556 0.9987029433250427 -0.02016277424991131 0.04675394296646118 0.09008388966321945 0.0033595419954508543 0.9423448443412781 0.3346264064311981 -0.099834144115448 -0.05080533027648926 -0.3340352773666382 0.9411903023719788 -0.07196668535470963
1403636587.5135555 0.9985834956169128 -0.024941055104136467 0.047000106424093246 0.10426243394613266 0.007646174635738134 0.941429078578949 0.3371244966983795 -0.10160334408283234 -0.05265551060438156 -0.33628764748573303 0.9402860999107361 -0.06951498240232468
1403636587.5635555 0.9984220266342163 -0.02778942883014679 0.04879714548587799 0.11674211174249649 0.009648343548178673 0.9409378170967102 0.33844193816185 -0.1025126501917839 -0.05532018840312958 -0.33743709325790405 0.9397211670875549 -0.06739386916160583
1403636587.6135554 0.998160719871521 -0.03221660852432251 0.051354315131902695 0.1338607221841812 0.013013039715588093 0.9412228465080261 0.33753541111946106 -0.1044996976852417 -0.05921010673046112 -0.3362463116645813 0.9399109482765198 -0.06554557383060455
1403636587.6635556 0.9977595806121826 -0.03648824244737625 0.0560750775039196 0.1504916250705719 0.015714405104517937 0.9425458312034607 0.3337070643901825 -0.10693305730819702 -0.06502971798181534 -0.3320782482624054 0.9410075545310974 -0.06321848183870316
1403636587.7135556 0.9972968101501465 -0.041514068841934204 0.06062576547265053 0.16745151579380035 0.019462941214442253 0.9448768496513367 0.3268469274044037 -0.1088930293917656 -0.07085262984037399 -0.3247835338115692 0.9431306719779968 -0.060577891767024994
1403636587.7635555 0.9966028332710266 -0.04879365861415863 0.06634670495986938 0.1855052262544632 0.025030339136719704 0.9469417929649353 0.320429265499115 -0.11219528317451477 -0.07846137881278992 -0.3176801800727844 0.9449461102485657 -0.05860024690628052
