1305031102.175304 1.0 0.0 0.0 0.0 0.0 1.0 0.0 0.0 0.0 0.0 1.0 0.0
1305031102.211214 0.9999762177467346 0.00342448428273201 -0.0059822965413331985 -0.0015938529977574944 -0.0034013057593256235 0.9999867081642151 0.0038804402574896812 0.008041884750127792 0.00599550548940897 -0.0038600002881139517 0.9999745488166809 0.010900130495429039
1305031102.275326 0.9998505711555481 0.0027222211938351393 -0.017072152346372604 -0.0035595104563981295 -0.0022699215915054083 0.9996473789215088 0.026457058265805244 0.00852898508310318 0.017138153314590454 -0.026414351537823677 0.9995041489601135 0.035180285573005676
1305031102.311267 0.9997367262840271 0.0007601309334859252 -0.022931760177016258 -0.0014742257772013545 7.860621553845704e-05 0.9993317127227783 0.036552295088768005 0.006426870822906494 0.022944221273064613 -0.036544475704431534 0.9990686178207397 0.048762161284685135
1305031102.343233 0.9996647834777832 -0.0030076936818659306 -0.025715921074151993 -0.002760101342573762 0.004039030522108078 0.9991856217384338 0.04014758765697479 0.0074785323813557625 0.025574225932359695 -0.040237996727228165 0.9988628029823303 0.06011827290058136
1305031102.375329 0.9995607137680054 -0.0027494048699736595 -0.029510673135519028 -0.003446495858952403 0.004051628522574902 0.9990163445472717 0.04415854811668396 0.008220916613936424 0.02936023473739624 -0.0442587174475193 0.9985885620117188 0.07240433990955353
1305031102.411258 0.9994499683380127 -0.0007844633073545992 -0.0331539548933506 -0.006932823918759823 0.0022982037626206875 0.9989551305770874 0.04564450681209564 0.013044556602835655 0.03308350592851639 -0.04569559544324875 0.9984074234962463 0.08322503417730331
1305031102.443271 0.9990819692611694 -0.0018323047552257776 -0.042799804359674454 -0.004384160507470369 0.004141176585108042 0.9985367059707642 0.05391966551542282 0.019305594265460968 0.0426383800804615 -0.05404740944504738 0.9976275563240051 0.09380122274160385
1305031102.475318 0.9987832307815552 -0.0006491949898190796 -0.04931080341339111 -0.0011051036417484283 0.0041000619530677795 0.9975446462631226 0.06991313397884369 0.017664704471826553 0.04914433881640434 -0.07003024220466614 0.9963335990905762 0.1057271733880043
1305031102.511219 0.9988848567008972 0.0024271849542856216 -0.047149498015642166 -0.0003847600892186165 0.001289954874664545 0.9969016313552856 0.07864732295274734 0.019224029034376144 0.04719429463148117 -0.07862044870853424 0.9957869052886963 0.11890891939401627
1305031102.575286 0.9990395307540894 0.008932569995522499 -0.04290185868740082 0.0005822060629725456 -0.004861949943006039 0.9955542087554932 0.09406531602144241 0.013918327167630196 0.043551381677389145 -0.09376636147499084 0.9946411848068237 0.14411529898643494
1305031102.611233 0.9993289113044739 0.00727021973580122 -0.0359010323882103 -0.0015386859886348248 -0.004018391948193312 0.995948851108551 0.08983223885297775 0.011613711714744568 0.03640870377421379 -0.0896276980638504 0.995309591293335 0.15613456070423126
1305031102.675285 0.9993860125541687 0.0029020824003964663 -0.03491945564746857 -0.007556873373687267 6.419321289286017e-05 0.996411144733429 0.08464673906564713 0.022777697071433067 0.03503979369997978 -0.08459702134132385 0.9957988858222961 0.17897292971611023
1305031102.711263 0.9993444085121155 0.00049471331294626 -0.0362040139734745 -0.007235478609800339 0.0026700024027377367 0.9961774349212646 0.0873127281665802 0.022203680127859116 0.036108825355768204 -0.08735213428735733 0.9955227971076965 0.19273333251476288
1305031102.743234 0.9993218779563904 -0.002748790429905057 -0.03671985864639282 -0.007625269703567028 0.0059004127979278564 0.9962778091430664 0.08599846810102463 0.030142655596137047 0.03634680435061455 -0.08615680783987045 0.9956183433532715 0.2039918601512909
1305031102.775472 0.9993969798088074 0.0009083386976271868 -0.03471220284700394 -0.00463829655200243 0.002233348786830902 0.99590665102005 0.09036076068878174 0.031103137880563736 0.03465219587087631 -0.09038379788398743 0.9953039288520813 0.21770638227462769
1305031102.811232 0.9996351003646851 0.002508385106921196 -0.02689938247203827 -0.007068251725286245 -1.1891941539943218e-05 0.995721161365509 0.09240967780351639 0.03416777402162552 0.02701609581708908 -0.09237562119960785 0.9953576922416687 0.22975145280361176
1305031102.84329 0.9997596740722656 0.004015038721263409 -0.021553291007876396 -0.005281845107674599 -0.0019185113487765193 0.9953385591506958 0.09642471373081207 0.034725338220596313 0.021839972585439682 -0.0963602140545845 0.9951068162918091 0.2431066483259201
1305031102.875363 0.9998853802680969 0.008288001641631126 -0.012673301622271538 -0.009488471783697605 -0.0070538148283958435 0.9954994916915894 0.09450526535511017 0.03739260509610176 0.013399530202150345 -0.09440504759550095 0.99544358253479 0.2548221945762634
1305031102.911185 0.999885618686676 0.011184478178620338 -0.010179095901548862 -0.009768201969563961 -0.010197889059782028 0.995680034160614 0.09229057282209396 0.041655752807855606 0.011167348362505436 -0.09217624366283417 0.995680034160614 0.26667284965515137
1305031102.975203 0.9997953772544861 0.014323162846267223 -0.014289229176938534 -0.024382300674915314 -0.012936953455209732 0.995602011680603 0.09278753399848938 0.04745988920331001 0.015555399470031261 -0.09258370101451874 0.9955833554267883 0.2875104546546936
1305031103.011215 0.9995465278625488 0.009876957163214684 -0.028446529060602188 -0.023353271186351776 -0.0071573867462575436 0.9955310821533203 0.09416520595550537 0.05114416033029556 0.029249466955661774 -0.09391891956329346 0.9951500296592712 0.2985886037349701
1305031103.043227 0.9991766214370728 0.005591468419879675 -0.040184106677770615 -0.024069957435131073 -0.0016590288141742349 0.9952602386474609 0.09723497182130814 0.054444506764411926 0.04053732007741928 -0.0970882698893547 0.99444979429245 0.3098562955856323
1305031103.075319 0.9988324642181396 0.0016995350597426295 -0.04827910661697388 -0.020139135420322418 0.0030451661441475153 0.9951785802841187 0.09803307801485062 0.05378677323460579 0.048212938010692596 -0.09806563705205917 0.9940113425254822 0.32112589478492737
1305031103.11124 0.998850405216217 -0.0013867395464330912 -0.0479142852127552 -0.02024557814002037 0.00584642356261611 0.9956433176994324 0.09306209534406662 0.06118699908256531 0.047576479613780975 -0.09323524683713913 0.9945066571235657 0.32806119322776794
1305031103.143318 0.9987832307815552 -0.0037325075827538967 -0.04917747899889946 -0.019305862486362457 0.008503573015332222 0.9952316880226135 0.0971687063574791 0.06269378960132599 0.04858030006289482 -0.09746865928173065 0.9940520524978638 0.3387018144130707
1305031103.175452 0.9988254904747009 -0.006387939210981131 -0.048030875623226166 -0.018192389979958534 0.010914540849626064 0.9954573512077332 0.0945807695388794 0.06970580667257309 0.0472085140645504 -0.09499391913414001 0.9943578243255615 0.34457316994667053
1305031103.243216 0.9986982941627502 -0.015467136166989803 -0.048606984317302704 -0.01921468786895275 0.020960373803973198 0.9931883215904236 0.11461951583623886 0.07959417998790741 0.04650305584073067 -0.11548914015293121 0.9922196269035339 0.3601401746273041
1305031103.27537 0.9986096620559692 -0.021399876102805138 -0.04817543178796768 -0.027304865419864655 0.027582475915551186 0.9909228682518005 0.13157114386558533 0.08153852820396423 0.04492253437638283 -0.13271701335906982 0.9901354908943176 0.36459478735923767
1305031103.31121 0.9974542856216431 -0.01907796412706375 -0.06871037185192108 -0.025608524680137634 0.029255693778395653 0.988205075263977 0.15031611919403076 0.07393168658018112 0.06503220647573471 -0.1519436240196228 0.9862474203109741 0.37102875113487244
1305031103.343223 0.9965224862098694 -0.018564648926258087 -0.08123134076595306 -0.018881138414144516 0.030624667182564735 0.9882354140281677 0.1498427391052246 0.07668404281139374 0.07749390602111816 -0.15180931985378265 0.9853672981262207 0.37418898940086365
1305031103.375327 0.996519148349762 -0.02190779149532318 -0.08043508231639862 -0.016345718875527382 0.03443518280982971 0.986865222454071 0.15783265233039856 0.075031578540802 0.07592082023620605 -0.16005301475524902 0.9841845035552979 0.37483829259872437
1305031103.41126 0.9966602921485901 -0.024548714980483055 -0.07788318395614624 -0.018226157873868942 0.037047550082206726 0.9858729243278503 0.16334599256515503 0.07022323459386826 0.07277299463748932 -0.16568586230278015 0.9834899306297302 0.3740789592266083
1305031103.44328 0.9964519739151001 -0.02361399121582508 -0.08078308403491974 -0.020226288586854935 0.03665734454989433 0.9857775568962097 0.16400891542434692 0.06753674149513245 0.07576124370098114 -0.16638830304145813 0.9831455945968628 0.36957406997680664
1305031103.475274 0.9962332248687744 -0.018321285024285316 -0.08475720882415771 -0.020685389637947083 0.03204230219125748 0.9860256314277649 0.16348282992839813 0.06429573893547058 0.08057756721973419 -0.16558285057544708 0.9828985929489136 0.36507776379585266
1305031103.511333 0.995916485786438 -0.014907601289451122 -0.08904056251049042 -0.018833288922905922 0.029172388836741447 0.9865022897720337 0.16112743318080902 0.05839754641056061 0.08543670177459717 -0.1630670130252838 0.9829087853431702 0.3592875003814697
1305031103.543444 0.9957408905029297 -0.010584907606244087 -0.09158715605735779 -0.017961477860808372 0.024613823741674423 0.9878520965576172 0.1534348428249359 0.05350279062986374 0.0888504832983017 -0.15503565967082977 0.9839051961898804 0.3509438931941986
1305031103.575474 0.9957535862922668 -0.010664540342986584 -0.09143880009651184 -0.02090619131922722 0.02375282719731331 0.9893984198570251 0.14327047765254974 0.05219683051109314 0.08894149214029312 -0.14483404159545898 0.9854503870010376 0.3404536545276642
1305031103.611223 0.9951052665710449 -0.013368234038352966 -0.09791241586208344 -0.021323908120393753 0.027101311832666397 0.9897372722625732 0.14030517637729645 0.046217165887355804 0.09503194689750671 -0.1422719657421112 0.9852551221847534 0.3304905593395233
1305031103.643445 0.9943541288375854 -0.01332252286374569 -0.1052728146314621 -0.021313626319169998 0.027464358136057854 0.9905935525894165 0.134052574634552 0.04242971912026405 0.10249665379524231 -0.13618698716163635 0.985366702079773 0.3192702829837799
1305031103.675523 0.9934328198432922 -0.015499008819460869 -0.11336277425289154 -0.016814537346363068 0.03014717623591423 0.9912294149398804 0.1286676675081253 0.0393374003469944 0.11037430167198181 -0.13124023377895355 0.9851870536804199 0.30882418155670166
1305031103.71161 0.9930270910263062 -0.016118066385388374 -0.11677984148263931 -0.013899121433496475 0.030777890235185623 0.99169921875 0.12484174966812134 0.034665897488594055 0.11379827558994293 -0.12756548821926117 0.9852802157402039 0.296416699886322
1305031103.743326 0.9930840134620667 -0.01403204444795847 -0.1165643259882927 -0.011895179748535156 0.028368333354592323 0.9920926094055176 0.12225910276174545 0.02710622362792492 0.11392706632614136 -0.12472027540206909 0.9856295585632324 0.2841795086860657
1305031103.775342 0.9933220744132996 -0.008363263681530952 -0.11507085710763931 -0.011124871671199799 0.021747317165136337 0.9930630326271057 0.11555352807044983 0.024983583018183708 0.11330622434616089 -0.11728435009717941 0.986613392829895 0.2690833508968353
1305031103.811242 0.9938480257987976 -0.0010379413142800331 -0.11074772477149963 -0.01230166107416153 0.013985585421323776 0.993127703666687 0.11619864404201508 0.0234901811927557 0.10986599326133728 -0.11703268438577652 0.9870322346687317 0.2569275498390198
1305031103.843251 0.9939897060394287 0.003664302406832576 -0.10941227525472641 -0.014332834631204605 0.00976690836250782 0.9924858808517456 0.12196960300207138 0.02310883067548275 0.10903706401586533 -0.12230515480041504 0.9864847660064697 0.24297228455543518
1305031103.875361 0.9933700561523438 0.011726879514753819 -0.1143609955906868 -0.01520726177841425 0.004088384099304676 0.9905507564544678 0.13708648085594177 0.01307746022939682 0.11488795280456543 -0.1366451531648636 0.9839352965354919 0.2316703200340271
1305031103.911221 0.9925940632820129 0.015680629760026932 -0.12046191096305847 -0.015113630332052708 0.0009788386523723602 0.9905693531036377 0.13700881600379944 0.005581086501479149 0.1214742362499237 -0.1361120492219925 0.9832178950309753 0.21893274784088135
1305031103.943211 0.9918291568756104 0.01731518842279911 -0.12639279663562775 -0.012961084023118019 -0.00070944894105196 0.9914796948432922 0.13026060163974762 0.004713771864771843 0.12757135927677155 -0.12910659611225128 0.9833905100822449 0.20169128477573395
1305031103.975373 0.9910033345222473 0.01869906485080719 -0.13252541422843933 -0.008695846423506737 -0.001343809999525547 0.9915322661399841 0.12985433638095856 -0.00303848460316658 0.13383138179779053 -0.12850797176361084 0.982636570930481 0.18981969356536865
1305031104.011232 0.9907504320144653 0.019841015338897705 -0.13423891365528107 -0.004084184765815735 -0.0031333696097135544 0.9923341274261475 0.1235448494553566 -0.009877894073724747 0.13566109538078308 -0.12198150157928467 0.9832174181938171 0.176798015832901
1305031104.043249 0.9914798736572266 0.022157467901706696 -0.12836110591888428 -0.0012440327554941177 -0.008178124204277992 0.9940708875656128 0.10842575132846832 -0.011515725404024124 0.1300024688243866 -0.10645218938589096 0.9857826232910156 0.16322186589241028
1305031104.075425 0.9923788905143738 0.026844192296266556 -0.12026514112949371 0.0018366463482379913 -0.014726325869560242 0.9948244690895081 0.10053753852844238 -0.012317831628024578 0.12234152853488922 -0.09800025820732117 0.9876378774642944 0.14628435671329498
1305031104.111235 0.9933351874351501 0.029194345697760582 -0.11150448769330978 0.006747793406248093 -0.018482200801372528 0.995217502117157 0.09592171758413315 -0.018152013421058655 0.11377158015966415 -0.09322156012058258 0.9891237020492554 0.13493095338344574
1305031104.14323 0.9947651624679565 0.031230859458446503 -0.09729874134063721 0.003952629864215851 -0.022778788581490517 0.9959656596183777 0.0867978036403656 -0.02312566712498665 0.09961694478988647 -0.08412706851959229 0.9914631843566895 0.11881818622350693
1305031104.175424 0.9954233169555664 0.03225121647119522 -0.089958056807518 0.0027818111702799797 -0.025250624865293503 0.9966414570808411 0.07790116965770721 -0.025039993226528168 0.09216830879449844 -0.07527314871549606 0.9928942918777466 0.10460899025201797
1305031104.211283 0.9958246946334839 0.031595248728990555 -0.08564556390047073 0.004351174924522638 -0.02544262446463108 0.9970801472663879 0.0720013752579689 -0.03154921159148216 0.08767037838697433 -0.0695216953754425 0.9937206506729126 0.09177462011575699
1305031104.243196 0.9962583184242249 0.031439438462257385 -0.08050583302974701 0.004071029368788004 -0.026514198631048203 0.9977529644966125 0.06153345853090286 -0.03261484205722809 0.08225950598716736 -0.05916866660118103 0.9948530197143555 0.07834326475858688
1305031104.275546 0.9965794682502747 0.03187132999300957 -0.07624795287847519 0.006037095561623573 -0.02793174795806408 0.9982467293739319 0.05218818038702011 -0.03383072465658188 0.07777757197618484 -0.04987993463873863 0.9957221150398254 0.06521584838628769
1305031104.311219 0.9970217943191528 0.03267538174986839 -0.0698571652173996 0.006389068439602852 -0.029631737619638443 0.998584508895874 0.04417072981595993 -0.034924302250146866 0.07120157033205032 -0.04196920245885849 0.9965786337852478 0.05355954170227051
1305031104.343342 0.9974185824394226 0.03128811717033386 -0.06463253498077393 0.011293058283627033 -0.028900396078824997 0.9988767504692078 0.03755351901054382 -0.0354108028113842 0.06573492288589478 -0.03558867797255516 0.9972022771835327 0.04191908985376358
1305031104.375837 0.997983992099762 0.029601793736219406 -0.05614173412322998 0.013023256324231625 -0.02767496183514595 0.9990113377571106 0.03479324281215668 -0.03734486550092697 0.05711616575717926 -0.033169377595186234 0.9978163242340088 0.03115611895918846
1305031104.411509 0.9985983967781067 0.03127989545464516 -0.04269399866461754 0.003988280892372131 -0.030037999153137207 0.999115526676178 0.0294264517724514 -0.03525743633508682 0.0435766838490963 -0.02810276672244072 0.9986547827720642 0.021089786663651466
1305031104.443288 0.9988303780555725 0.02935006469488144 -0.038424037396907806 0.00024234486045315862 -0.028296971693634987 0.9992165565490723 0.027670016512274742 -0.03431905061006546 0.03920604661107063 -0.02655036374926567 0.9988783597946167 0.011363581754267216
1305031104.475456 0.9988283514976501 0.0286316629499197 -0.03901427611708641 -0.004250602796673775 -0.027514902874827385 0.9992045760154724 0.028866998851299286 -0.03666247799992561 0.03980974853038788 -0.027759695425629616 0.9988217353820801 0.0008105256711132824
1305031104.511329 0.9986679553985596 0.02550741471350193 -0.044850923120975494 -0.00412414688616991 -0.024203132838010788 0.9992749691009521 0.029386984184384346 -0.041414543986320496 0.04556800052523613 -0.028262296691536903 0.9985613822937012 -0.007102532312273979
1305031104.543368 0.998504638671875 0.025040458887815475 -0.048593711107969284 -0.003515898250043392 -0.023956293240189552 0.9994537830352783 0.022766519337892532 -0.04336775466799736 0.04913725331425667 -0.021568339318037033 0.9985591769218445 -0.016712605953216553
1305031104.575343 0.9983424544334412 0.02195648103952408 -0.05320058390498161 0.006081154569983482 -0.02109343372285366 0.9996375441551208 0.01673022098839283 -0.048953164368867874 0.05354863777756691 -0.015580302104353905 0.9984436631202698 -0.023943686857819557
1305031104.611336 0.9986286759376526 0.0156649611890316 -0.049956176429986954 0.01633162796497345 -0.015643594786524773 0.9998773336410522 0.0008187424391508102 -0.057039231061935425 0.04996287450194359 -3.612786531448364e-05 0.9987509846687317 -0.029321083799004555
1305031104.643243 0.9992603063583374 0.01745111308991909 -0.03426935523748398 0.017088614404201508 -0.018297292292118073 0.9995315074920654 -0.024535512551665306 -0.056104626506567 0.033825136721134186 0.025144396349787712 0.9991113543510437 -0.04385436326265335
1305031104.675525 0.9997104406356812 0.013002041727304459 -0.02024921588599682 0.021373312920331955 -0.013893353752791882 0.99891197681427 -0.04451693966984749 -0.06102503836154938 0.01964837871491909 0.044785380363464355 0.9988033771514893 -0.052847862243652344
1305031104.711277 0.9999428987503052 0.00975994672626257 -0.0043703969568014145 0.019759852439165115 -0.010054042562842369 0.9972608685493469 -0.07327771186828613 -0.059463366866111755 0.0036432407796382904 0.07331746816635132 0.9973020553588867 -0.06229022517800331
1305031104.74328 0.9999419450759888 0.006210425868630409 0.008803311735391617 0.022701798006892204 -0.005300488322973251 0.9949871301651001 -0.09986202418804169 -0.05812866613268852 -0.009379362687468529 0.09980955719947815 0.9949623346328735 -0.07365232706069946
1305031104.775327 0.9997008442878723 0.002820656169205904 0.024296553805470467 0.021448718383908272 0.0002137704286724329 0.9922831654548645 -0.12399277091026306 -0.05730190500617027 -0.02445879392325878 0.12396086752414703 0.9919856190681458 -0.08137243986129761
1305031104.811465 0.9993771314620972 -0.0005756819155067205 0.035284511744976044 0.02590596117079258 0.005727149546146393 0.989257276058197 -0.1460721641778946 -0.053553298115730286 -0.034821368753910065 0.14618325233459473 0.9886444807052612 -0.0876544639468193
1305031104.843258 0.9987046122550964 -0.004105813335627317 0.05071704834699631 0.02333112061023712 0.012377971783280373 0.9864012002944946 -0.1638888716697693 -0.04925849661231041 -0.04935445636510849 0.16430433094501495 0.9851741790771484 -0.09469296783208847
1305031104.87535 0.998268723487854 -0.008274586871266365 0.05823339521884918 0.020628241822123528 0.018406307324767113 0.9842767119407654 -0.17567169666290283 -0.04412030428647995 -0.055864159017801285 0.17643941938877106 0.9827249646186829 -0.10185572504997253
1305031104.911534 0.9981622695922852 -0.012738585472106934 0.059243571013212204 0.023179858922958374 0.02323194406926632 0.9833974242210388 -0.1799716204404831 -0.04196545109152794 -0.055967386811971664 0.181017205119133 0.9818861484527588 -0.10448182374238968
1305031104.943262 0.9980159401893616 -0.01387761253863573 0.06141495704650879 0.022133447229862213 0.024926846846938133 0.9827982187271118 -0.1829928606748581 -0.03816236928105354 -0.05781900882720947 0.18416064977645874 0.9811941385269165 -0.10281248390674591
1305031104.975202 0.9980911016464233 -0.015562665648758411 0.059765398502349854 0.02171500027179718 0.02630764991044998 0.9826756119728088 -0.18345697224140167 -0.030297264456748962 -0.05587493255734444 0.18467910587787628 0.9812092185020447 -0.09984093904495239
1305031105.01129 0.9981629252433777 -0.018029116094112396 0.057841476052999496 0.02349797636270523 0.027943624183535576 0.9840861558914185 -0.17548106610774994 -0.02582922950387001 -0.05375723913311958 0.1767750233411789 0.9827821254730225 -0.09226866066455841
1305031105.043373 0.9982221722602844 -0.016604159027338028 0.057242464274168015 0.021580684930086136 0.025907820090651512 0.9858120083808899 -0.16584166884422302 -0.02139529585838318 -0.05367664620280266 0.16702987253665924 0.9844896197319031 -0.08482114970684052
1305031105.07532 0.9984532594680786 -0.012587125413119793 0.05415249243378639 0.02226676046848297 0.02059674635529518 0.9884714484214783 -0.15000003576278687 -0.024202363565564156 -0.05164013057947159 0.15088340640068054 0.9872018098831177 -0.07464279979467392
1305031105.111299 0.9984874725341797 -0.007869919762015343 0.05441237986087799 0.017003677785396576 0.015249038115143776 0.9905139803886414 -0.13656285405158997 -0.027815494686365128 -0.05282148718833923 0.13718605041503906 0.9891359210014343 -0.06480579823255539
1305031105.143106 0.9987581372261047 -0.006009093020111322 0.0494578592479229 0.01346113346517086 0.012412618845701218 0.9914092421531677 -0.13020648062229156 -0.01373290829360485 -0.04825056716799736 0.13065867125988007 0.9902525544166565 -0.05106257274746895
1305031105.175159 0.9991587400436401 -0.002754302229732275 0.04091702401638031 0.013147768564522266 0.007079165894538164 0.9943480491638184 -0.10593324154615402 -0.007102744188159704 -0.04039400815963745 0.10613380372524261 0.9935310482978821 -0.03626568615436554
1305031105.211268 0.9993813037872314 0.0021472047083079815 0.03510414436459541 0.007646246813237667 0.0005736371967941523 0.9970065355300903 -0.07731449604034424 -0.016295699402689934 -0.03516508266329765 0.07728680223226547 0.9963886141777039 -0.023467406630516052
1305031105.24327 0.9996446967124939 0.006231776438653469 0.02591155841946602 0.0015264550456777215 -0.004620861727744341 0.9980795979499817 -0.0617712177336216 -0.01352520752698183 -0.026246747002005577 0.06162954494357109 0.9977539777755737 -0.009611502289772034
1305031105.275288 0.9998272061347961 0.00906556099653244 0.016234515234827995 -0.00610398780554533 -0.008347678929567337 0.9990074038505554 -0.04375413805246353 -0.007607119623571634 -0.016615061089396477 0.04361105337738991 0.9989104270935059 0.0051202718168497086
1305031105.31129 0.9999313950538635 0.011459511704742908 0.0024046115577220917 -0.008934910409152508 -0.011406715027987957 0.9997158050537109 -0.020926974713802338 -0.012344627641141415 -0.0026437491178512573 0.02089812606573105 0.9997780919075012 0.015894418582320213
1305031105.343302 0.9998658299446106 0.01305066142231226 -0.00990134198218584 -0.010691871866583824 -0.013079128228127956 0.9999104738235474 -0.0028157865162938833 -0.016390886157751083 0.009863708168268204 0.0029449097346514463 0.9999470114707947 0.03114686720073223
1305031105.375338 0.9997255206108093 0.014087345451116562 -0.018721237778663635 -0.013569225557148457 -0.013991957530379295 0.9998884797096252 0.005216434597969055 -0.017978383228182793 0.018792634829878807 -0.004953055642545223 0.9998111128807068 0.04511374980211258
1305031105.411286 0.9994905591011047 0.014319164678454399 -0.028525348752737045 -0.014433606527745724 -0.01396767795085907 0.9998244643211365 0.01248336024582386 -0.008913448080420494 0.028699100017547607 -0.012078564614057541 0.9995150566101074 0.058287616819143295
1305031105.443316 0.9991899132728577 0.016613397747278214 -0.03665204718708992 -0.015527425333857536 -0.015542704612016678 0.9994495511054993 0.02930639125406742 -0.014138991013169289 0.03711875155568123 -0.02871297299861908 0.9988982677459717 0.0738624855875969
1305031105.47528 0.9988744854927063 0.016890784725546837 -0.044321395456790924 -0.014952760189771652 -0.015331472270190716 0.9992595911026001 0.03528911992907524 -0.012313621118664742 0.04488464444875717 -0.03456989303231239 0.9983938932418823 0.0872611477971077
1305031105.511332 0.9985358119010925 0.016021402552723885 -0.05166903883218765 -0.012167997658252716 -0.013686752878129482 0.9988830089569092 0.045226238667964935 -0.011196483857929707 0.052335917949676514 -0.044452838599681854 0.9976396560668945 0.09942460060119629
1305031105.543282 0.9985356330871582 0.014171654358506203 -0.052210599184036255 -0.013745436444878578 -0.011320865713059902 0.9984496831893921 0.05449840798974037 -0.012802626937627792 0.052901990711688995 -0.05382751673460007 0.9971479177474976 0.11478279531002045
1305031105.575449 0.9984328746795654 0.014905440621078014 -0.05394145846366882 -0.01579470932483673 -0.011697029694914818 0.9981708526611328 0.059313878417015076 -0.010184476152062416 0.054726891219615936 -0.058589961379766464 0.9967809319496155 0.12812744081020355
1305031105.611378 0.9982147216796875 0.012792282737791538 -0.058341044932603836 -0.012559132650494576 -0.008863585069775581 0.9977063536643982 0.06710851937532425 -0.012975748628377914 0.059065695852041245 -0.06647159159183502 0.996038556098938 0.14395803213119507
1305031105.643273 0.9982677102088928 0.007495879661291838 -0.058358002454042435 -0.014429353177547455 -0.003568071871995926 0.9977384805679321 0.06712080538272858 -0.010389136150479317 0.05872916802763939 -0.06679630279541016 0.9960366487503052 0.15758667886257172
1305031105.711309 0.9982053637504578 0.005992892663925886 -0.059583354741334915 -0.007945370860397816 -0.0017541246488690376 0.9974790811538696 0.07093939930200577 -0.01036916859447956 0.0598582923412323 -0.07070757448673248 0.995699405670166 0.1875825971364975
1305031105.743312 0.9986683130264282 0.005394889507442713 -0.05130821838974953 -0.008406958542764187 -0.002105322200804949 0.9979506731033325 0.06395301222801208 -0.0025398069992661476 0.051548101007938385 -0.06375981867313385 0.9966330528259277 0.2002294659614563
1305031105.775339 0.9990355968475342 0.00531986728310585 -0.04358642175793648 -0.005854964256286621 -0.002367771463468671 0.9977162480354309 0.06750334799289703 -0.00434456579387188 0.0438460074365139 -0.06733503192663193 0.9967666268348694 0.2155284434556961
1305031105.811283 0.999444305896759 0.0025820883456617594 -0.033237867057323456 -0.006583383306860924 -0.00045691506238654256 0.9979633688926697 0.06378775089979172 -0.001484622247517109 0.033334895968437195 -0.06373708695173264 0.9974099397659302 0.2304326295852661
1305031105.843271 0.9996517896652222 0.001023892080411315 -0.026373563334345818 -0.0051850504241883755 0.0005563433514907956 0.9982078075408936 0.059840455651283264 0.0017287954688072205 0.026387576013803482 -0.05983426049351692 0.9978596568107605 0.24470889568328857
1305031105.875337 0.9998666644096375 -0.0030052862130105495 -0.016059935092926025 -0.004589061718434095 0.0038926745764911175 0.9984503984451294 0.05551248788833618 0.009589314460754395 0.015868226066231728 -0.055567555129528046 0.9983289837837219 0.2572830021381378
1305031105.911262 0.9998862743377686 -0.012743232771754265 -0.008086767047643661 -0.004709101747721434 0.013212190940976143 0.9980586171150208 0.060864392668008804 0.01322711817920208 0.007295466959476471 -0.06096428260207176 0.9981133937835693 0.271573930978775
1305031105.943272 0.9998352527618408 -0.018031850457191467 -0.0021228864789009094 -0.004161285702139139 0.01813138648867607 0.9977434873580933 0.0646466314792633 0.01864812895655632 0.0009524114429950714 -0.06467445194721222 0.9979060888290405 0.28357020020484924
1305031105.975329 0.9997595548629761 -0.021923165768384933 -0.00024516135454177856 -0.002264352049678564 0.021883714944124222 0.9971538782119751 0.072147436439991 0.02360510639846325 -0.001337236724793911 -0.07213546335697174 0.9973939657211304 0.2948019802570343
1305031106.011285 0.9996577501296997 -0.025999028235673904 0.0028761043213307858 -0.0007874072762206197 0.02568795159459114 0.9964988231658936 0.07956381887197495 0.02839212492108345 -0.004934616386890411 -0.07946273684501648 0.996825635433197 0.30743199586868286
1305031106.043355 0.9995731711387634 -0.027886848896741867 0.008703685365617275 -0.003177772043272853 0.02700166217982769 0.9956560134887695 0.08910755813121796 0.0312892384827137 -0.011150806210935116 -0.08883451670408249 0.9959840178489685 0.3195424973964691
1305031106.07533 0.9994551539421082 -0.03137056902050972 0.010257521644234657 -0.00425590667873621 0.03023943118751049 0.9948959350585938 0.0962696298956871 0.03591444715857506 -0.013225198723375797 -0.09590701013803482 0.9953024387359619 0.3310283124446869
1305031106.111327 0.9993785619735718 -0.03375967592000961 0.01013453584164381 -0.005796149838715792 0.03251514956355095 0.9939711093902588 0.10471059381961823 0.04252740740776062 -0.013608431443572044 -0.10431599617004395 0.9944511651992798 0.34186986088752747
1305031106.143355 0.9992716312408447 -0.0375475250184536 0.006804298143833876 -0.007159881293773651 0.03649139404296875 0.9924240708351135 0.11731535941362381 0.04542326182126999 -0.011157648637890816 -0.116981640458107 0.9930713176727295 0.3525853157043457
1305031106.175534 0.9992263913154602 -0.03911347687244415 0.004090110771358013 -0.008534984663128853 0.03829384222626686 0.991385281085968 0.12525531649589539 0.047325197607278824 -0.008954045362770557 -0.12500180304050446 0.9921160340309143 0.36236706376075745
1305031106.211275 0.9991827607154846 -0.04041815921664238 0.0003341534174978733 -0.009010570123791695 0.040008414536714554 0.9901620745658875 0.13408395648002625 0.04619690775871277 -0.005750291049480438 -0.1339610069990158 0.9909698963165283 0.37262848019599915
1305031106.243267 0.9988901615142822 -0.047086309641599655 -0.0011717244051396847 -0.01136959157884121 0.046823494136333466 0.9900039434432983 0.1330396682024002 0.049854960292577744 -0.005104335956275463 -0.13294686377048492 0.9911099076271057 0.37989598512649536
1305031106.276385 0.9987998604774475 -0.04872326925396919 -0.005000097677111626 -0.012134055607020855 0.04895571246743202 0.9899476170539856 0.13269242644309998 0.05634056404232979 -0.0015153754502534866 -0.13277797400951385 0.991144597530365 0.3860856890678406
1305031106.311238 0.9984263777732849 -0.05543145537376404 -0.008488768711686134 -0.012106545269489288 0.05607382953166962 0.9886260032653809 0.1395505964756012 0.05964942276477814 0.0006567267701029778 -0.13980698585510254 0.9901785850524902 0.3913350999355316
1305031106.343258 0.9984109401702881 -0.05518949031829834 -0.01138949766755104 -0.01281348243355751 0.056267786771059036 0.9874127507209778 0.14781731367111206 0.06562896072864532 0.003088172525167465 -0.14822329580783844 0.9889491200447083 0.3943644165992737
1305031106.375388 0.9990893006324768 -0.040101662278175354 -0.01457097940146923 -0.008191220462322235 0.0419607013463974 0.9853563904762268 0.1652633249759674 0.06695883721113205 0.007730273529887199 -0.1657242476940155 0.9861418008804321 0.39682576060295105
1305031106.41132 0.9995474815368652 -0.02971920743584633 -0.004639535676687956 -0.006452519912272692 0.030067477375268936 0.9829010367393494 0.18166287243366241 0.06058590114116669 -0.0008386741392314434 -0.18172019720077515 0.9833499789237976 0.3990929126739502
1305031106.443278 0.9997338652610779 -0.021016277372837067 0.009513379074633121 -0.01299697533249855 0.01888325996696949 0.9823963642120361 0.18585161864757538 0.05597321316599846 -0.013251819647848606 -0.18562255799770355 0.9825317859649658 0.3972480297088623
1305031106.475345 0.9997729659080505 -0.01827041618525982 0.010966263711452484 -0.016582120209932327 0.015933753922581673 0.9826904535293579 0.18456873297691345 0.05472496896982193 -0.014148591086268425 -0.1843520998954773 0.9827584028244019 0.39384615421295166
1305031106.511129 0.9998286962509155 -0.01818203739821911 0.0034501480404287577 -0.01674332469701767 0.01723823882639408 0.9828095436096191 0.18381574749946594 0.04906340688467026 -0.006732982583343983 -0.1837247908115387 0.9829546809196472 0.3885183334350586
1305031106.543302 0.9998589754104614 -0.015645449981093407 -0.006108872126787901 -0.014877133071422577 0.016481488943099976 0.9839836359024048 0.17749539017677307 0.04626186192035675 0.0032340348698198795 -0.17757104337215424 0.9841026663780212 0.37893834710121155
1305031106.575282 0.9998746514320374 -0.013041164726018906 -0.008967150002717972 -0.015242020599544048 0.014386579394340515 0.9850704073905945 0.17154984176158905 0.043819066137075424 0.006596064660698175 -0.17165735363960266 0.9851346015930176 0.3688724637031555
1305031106.611151 0.999856173992157 -0.006960047874599695 -0.015464900992810726 -0.015320003032684326 0.009484870359301567 0.9854460954666138 0.16972319781780243 0.043056461960077286 0.014058546163141727 -0.16984546184539795 0.9853704571723938 0.3573846220970154
1305031106.643207 0.9997872114181519 -0.000994467525742948 -0.020607011392712593 -0.015138980001211166 0.004509432706981897 0.9852194786071777 0.1712379902601242 0.0364471971988678 0.020132139325141907 -0.17129449546337128 0.9850141406059265 0.34677854180336
1305031106.675279 0.9997337460517883 -0.0004907265538349748 -0.023071084171533585 -0.019568219780921936 0.004270405042916536 0.9864400029182434 0.1640666276216507 0.03699961304664612 0.022677728906273842 -0.16412144899368286 0.9861794710159302 0.3330743610858917
1305031106.711508 0.999372661113739 0.0013882830971851945 -0.03539023548364639 -0.019737709313631058 0.004627327900379896 0.9855485558509827 0.1693304479122162 0.0313420370221138 0.0351138710975647 -0.16938798129558563 0.9849236607551575 0.32035815715789795
1305031106.743341 0.9988565444946289 0.001390904071740806 -0.04778916761279106 -0.020157910883426666 0.006569257937371731 0.9861027598381042 0.16600671410560608 0.028269179165363312 0.047355931252241135 -0.16613079607486725 0.984965980052948 0.3055949807167053
1305031106.77539 0.9981377124786377 0.0021077822893857956 -0.060964155942201614 -0.018241873010993004 0.008040870539844036 0.9861360192298889 0.16574428975582123 0.023204147815704346 0.06046830490231514 -0.16592583060264587 0.9842826128005981 0.28935328125953674
1305031106.811289 0.9975161552429199 0.0035729268565773964 -0.07034870237112045 -0.01624670810997486 0.008094467222690582 0.9862824082374573 0.1648683249950409 0.02249997854232788 0.06997275352478027 -0.16502824425697327 0.9838036298751831 0.2734147608280182
1305031106.843416 0.9970658421516418 0.007403116207569838 -0.07618957757949829 -0.017425350844860077 0.005757065489888191 0.9852414727210999 0.17107364535331726 0.011905990540981293 0.07633160799741745 -0.1710103154182434 0.9823079109191895 0.26203683018684387
1305031106.875905 0.9965575933456421 0.014306377619504929 -0.08165955543518066 -0.014437058940529823 -0.0010287456680089235 0.9870558977127075 0.16037306189537048 0.00690922886133194 0.08289691060781479 -0.1597369760274887 0.9836729168891907 0.2448001205921173
1305031106.911243 0.9966282844543457 0.022121548652648926 -0.07901116460561752 -0.014568846672773361 -0.009966742247343063 0.9884780049324036 0.15103594958782196 0.007928416132926941 0.0814419686794281 -0.14973920583724976 0.985365629196167 0.22560915350914001
1305031106.943439 0.9965535402297974 0.03169577568769455 -0.07665897160768509 -0.01414728444069624 -0.01992218755185604 0.9885255098342896 0.14973527193069458 0.0008461177349090576 0.08052531629800797 -0.14769196510314941 0.9857498407363892 0.20970958471298218
1305031106.975547 0.9965790510177612 0.03615845739841461 -0.0743156224489212 -0.010989048518240452 -0.025392841547727585 0.9896821975708008 0.1410120725631714 -0.007996231317520142 0.07864762097597122 -0.1386425793170929 0.9872147440910339 0.1939321756362915
1305031107.011576 0.9968439340591431 0.04328978434205055 -0.06654569506645203 -0.013234504498541355 -0.03487814962863922 0.9918256998062134 0.12274058163166046 -0.002418685704469681 0.07131515443325043 -0.12003219872713089 0.9902052283287048 0.17183634638786316
1305031107.043281 0.9969848394393921 0.04841943830251694 -0.06063755601644516 -0.014412622898817062 -0.04048078507184982 0.9912145137786865 0.1259172111749649 -0.010318167507648468 0.06620167195796967 -0.12308288365602493 0.9901857972145081 0.15662690997123718
1305031107.075432 0.9971650242805481 0.04901142418384552 -0.0570952482521534 -0.017451152205467224 -0.04201573505997658 0.9921401739120483 0.1178658977150917 -0.01683957129716873 0.06242327392101288 -0.11513283848762512 0.9913867712020874 0.141443133354187
1305031107.111229 0.9969990253448486 0.049545757472515106 -0.059482719749212265 -0.016008982434868813 -0.04299299046397209 0.9933512806892395 0.106793612241745 -0.016197748482227325 0.06437841057777405 -0.10391578823328018 0.992500364780426 0.12485460191965103
1305031107.14326 0.996985673904419 0.05019721761345863 -0.05916006490588188 -0.012971403077244759 -0.04397692531347275 0.9937993288040161 0.10212278366088867 -0.01604328118264675 0.06391951441764832 -0.09921326488256454 0.9930109977722168 0.1087043285369873
1305031107.175399 0.997002124786377 0.05156683921813965 -0.05768553167581558 -0.01018897257745266 -0.04555945098400116 0.993842363357544 0.10100357234477997 -0.02441050112247467 0.0625387579202652 -0.09807264059782028 0.9932122826576233 0.09629321098327637
1305031107.211358 0.9971299767494202 0.053775690495967865 -0.053291864693164825 -0.008654516190290451 -0.04886558651924133 0.9947866797447205 0.08950730413198471 -0.02993607707321644 0.057827357202768326 -0.08664628118276596 0.9945594072341919 0.08325138688087463
1305031107.243378 0.9974291324615479 0.053934693336486816 -0.04718269780278206 -0.007436878047883511 -0.05025333911180496 0.9958401918411255 0.07600635290145874 -0.030122993513941765 0.05108580365777016 -0.07343985885381699 0.9959903955459595 0.06837373971939087
1305031107.275398 0.9976808428764343 0.05316629260778427 -0.042498014867305756 -0.0039288061670959 -0.05024879053235054 0.9964871406555176 0.0669974610209465 -0.035009000450372696 0.04591071605682373 -0.06470660865306854 0.9968476891517639 0.058339834213256836
1305031107.311226 0.9978877305984497 0.05460778996348381 -0.03518538177013397 -0.004013094585388899 -0.05267508327960968 0.9971671104431152 0.053694941103458405 -0.04031606763601303 0.038017865270376205 -0.05172811821103096 0.9979373812675476 0.04718543589115143
1305031107.343509 0.9980830550193787 0.0550704225897789 -0.028238389641046524 -0.0015949506778270006 -0.05417122691869736 0.9980291128158569 0.031676631420850754 -0.0444316640496254 0.029927179217338562 -0.030086195096373558 0.9990991950035095 0.03444112092256546
1305031107.375413 0.9983551502227783 0.053678642958402634 -0.020140476524829865 0.0011402367381379008 -0.05349395424127579 0.998522162437439 0.009599756449460983 -0.03797914832830429 0.020626012235879898 -0.008506562560796738 0.999751091003418 0.02401129901409149
1305031107.411271 0.9983454346656799 0.056415874511003494 -0.011128537356853485 0.0035158072132617235 -0.056437768042087555 0.9984048008918762 -0.0016630850732326508 -0.04167903587222099 0.01101696863770485 0.002288403920829296 0.9999366998672485 0.014183035120368004
1305031107.443419 0.9984514713287354 0.0555390939116478 -0.0031853467226028442 0.006326483562588692 -0.05557818338274956 0.9983578324317932 -0.013883063569664955 -0.03887751325964928 0.0024090707302093506 0.014038599096238613 0.9998984932899475 0.008023859933018684
