1403636579.7635555 1.0 0.0 0.0 0.0 0.0 1.0 0.0 0.0 0.0 0.0 1.0 0.0
1403636579.8135555 0.9999854564666748 0.001152930548414588 0.00527325039729476 0.00048706421512179077 -0.0011383220553398132 0.9999955296516418 -0.0027724618557840586 0.014742179773747921 -0.005276423413306475 0.0027664185035973787 0.9999822378158569 0.006103781051933765
1403636579.8635557 0.9999408721923828 0.004917170852422714 0.009700530208647251 0.00052378058899194 -0.0049320245161652565 0.9999866485595703 0.0015077398857101798 0.03370190039277077 -0.009692986495792866 -0.0015554941492155194 0.9999517798423767 0.01338831428438425
1403636579.9135554 0.9999172687530518 0.005833309143781662 0.0114655252546072 0.0005846301792189479 -0.005966108292341232 0.9999150633811951 0.011582668870687485 0.05531903728842735 -0.011396987363696098 -0.011650112457573414 0.9998671412467957 0.019854381680488586
1403636579.9635556 0.9999170303344727 0.0056770737282931805 0.01156356930732727 -0.0001773395633790642 -0.005953900516033173 0.999692976474762 0.024047525599598885 0.07937315106391907 -0.011423500254750252 -0.024114377796649933 0.9996439814567566 0.026764729991555214
1403636580.0135555 0.9999300837516785 0.0026811163406819105 0.011516295373439789 -0.0006195815512910485 -0.0030717914924025536 0.9994156956672668 0.03404102101922035 0.1046813428401947 -0.011418298818171024 -0.03407400846481323 0.9993540644645691 0.03396201133728027
1403636580.0635555 0.9999268651008606 0.0011831771116703749 0.012039917521178722 -0.0014077448286116123 -0.0016776974080130458 0.9991517066955566 0.041146550327539444 0.1310441642999649 -0.011981021612882614 -0.04116373881697655 0.9990805983543396 0.04117913544178009
1403636580.1135554 0.9999318718910217 -0.0035312147811055183 0.011127820238471031 -0.002402616199105978 0.003011575900018215 0.998919665813446 0.046372879296541214 0.15674974024295807 -0.011279553174972534 -0.046336207538843155 0.9988622069358826 0.0487050898373127
1403636580.1635556 0.999927818775177 -0.005781339947134256 0.01052776351571083 -0.003304839599877596 0.00524749793112278 0.9987330436706543 0.0500480942428112 0.18152856826782227 -0.010803771205246449 -0.0499892383813858 0.9986913204193115 0.05519735813140869
1403636580.2135556 0.9999357461929321 -0.006259537767618895 0.009446519427001476 -0.0035007111728191376 0.0057357484474778175 0.9984978437423706 0.054491300135850906 0.20455533266067505 -0.009773421101272106 -0.054433610290288925 0.9984695911407471 0.06142514944076538
1403636580.2635555 0.9999464750289917 -0.0046324292197823524 0.0092517314478755 -0.0042475685477256775 0.004073274787515402 0.9982159733772278 0.059568025171756744 0.22594907879829407 -0.009511169046163559 -0.05952714383602142 0.9981814622879028 0.0664166808128357
1403636580.3135555 0.9999528527259827 -7.165613351389766e-05 0.009722466580569744 -0.004854322411119938 -0.0005831777234561741 0.9977304935455322 0.06733301281929016 0.24590319395065308 -0.009705225005745888 -0.06733550131320953 0.9976833462715149 0.07067204266786575
1403636580.3635557 0.9999728202819824 0.0006269349250942469 0.007335777394473553 -0.005656092893332243 -0.0012013926170766354 0.9969080090522766 0.07856865227222443 0.2637857496738434 -0.007263834588229656 -0.07857532799243927 0.9968817830085754 0.07343800365924835
1403636580.4135554 0.9999614357948303 0.0036583603359758854 0.008002687245607376 -0.006495755631476641 -0.004391971044242382 0.9955942034721375 0.0936635285615921 0.27991583943367004 -0.0076247756369411945 -0.09369504451751709 0.9955717921257019 0.07552950829267502
1403636580.4635556 0.9999703764915466 0.00415849918499589 0.006479228846728802 -0.007681909948587418 -0.004849490709602833 0.9938567280769348 0.11056780070066452 0.29174715280532837 -0.005979630164802074 -0.1105959415435791 0.9938474893569946 0.07518742978572845
1403636580.5135555 0.9999803900718689 0.0030469486955553293 0.005464488174766302 -0.008252459578216076 -0.003719515400007367 0.9918147921562195 0.1276300996541977 0.29857006669044495 -0.0050308783538639545 -0.12764792144298553 0.9918067455291748 0.07604973763227463
1403636580.5635555 0.9999889135360718 0.0021513900719583035 0.004193756263703108 -0.009498737752437592 -0.002720467047765851 0.9900341033935547 0.14080148935317993 0.2969936728477478 -0.003849043743684888 -0.14081133902072906 0.990028977394104 0.07383827865123749
1403636580.6135554 0.9999985098838806 0.000985726248472929 0.0013586307177320123 -0.010314688086509705 -0.0011732198763638735 0.9893209338188171 0.1457487791776657 0.2869027554988861 -0.0012004532618448138 -0.14575015008449554 0.9893208146095276 0.07041086256504059
1403636580.6635556 0.9999991059303284 0.00132110551930964 0.0005163037567399442 -0.01052124984562397 -0.0013816364808008075 0.9895983338356018 0.1438513994216919 0.26904070377349854 -0.00032088905572891235 -0.14385196566581726 0.9895992279052734 0.06725534051656723
1403636580.7135556 0.9999856948852539 0.004110376816242933 0.003438005456700921 -0.01150602102279663 -0.004539690911769867 0.9907025098800659 0.13596956431865692 0.244297593832016 -0.002847157185897231 -0.1359831690788269 0.9907070994377136 0.061069466173648834
1403636580.7635555 0.9998971223831177 0.01138271763920784 0.008725601248443127 -0.012054938822984695 -0.01238718070089817 0.9920335412025452 0.1253630518913269 0.21359111368656158 -0.007229119539260864 -0.1254582554101944 0.9920726418495178 0.054504282772541046
1403636580.8135555 0.9997107982635498 0.017865603789687157 0.016090843826532364 -0.012136094272136688 -0.01956600323319435 0.9934478998184204 0.11259829998016357 0.1784021407365799 -0.013973783701658249 -0.11288057267665863 0.9935104846954346 0.04836558550596237
1403636580.8635557 0.9993557333946228 0.02443768084049225 0.026281539350748062 -0.012565015815198421 -0.026903169229626656 0.9948265552520752 0.0979616641998291 0.13983772695064545 -0.02375161461532116 -0.09860560297966003 0.9948431253433228 0.03960222005844116
1403636580.9135554 0.9987998008728027 0.03207032382488251 0.03701713681221008 -0.012978430837392807 -0.0350458137691021 0.9959539771080017 0.08275043964385986 0.10078824311494827 -0.034213535487651825 -0.08394842594861984 0.9958825707435608 0.03210406377911568
1403636580.9635556 0.9985097050666809 0.03595881164073944 0.04105506092309952 -0.013854511082172394 -0.03866385668516159 0.9969958066940308 0.06711579114198685 0.0614006333053112 -0.03851831331849098 -0.06860311329364777 0.996900200843811 0.023477792739868164
1403636581.0135555 0.9983939528465271 0.03871986269950867 0.04135342314839363 -0.015703801065683365 -0.04088793694972992 0.9977604150772095 0.052936770021915436 0.026216406375169754 -0.03921109437942505 -0.054542601108551025 0.9977413415908813 0.016258079558610916
1403636581.0635555 0.9984932541847229 0.03804736211895943 0.03954515606164932 -0.017604060471057892 -0.03961513936519623 0.9984281063079834 0.03964778780937195 -0.007460161577910185 -0.03797450661659241 -0.041154637932777405 0.9984308481216431 0.008138598874211311
1403636581.1135554 0.9985518455505371 0.035767506808042526 0.04018549993634224 -0.01865873672068119 -0.03685498982667923 0.9989650249481201 0.026654519140720367 -0.03979532793164253 -0.03919054567813873 -0.02809695526957512 0.9988366365432739 0.0009914207039400935
1403636581.1635556 0.9987120032310486 0.030244024470448494 0.04073645547032356 -0.018785011023283005 -0.030706070363521576 0.999470591545105 0.010764765553176403 -0.06752300262451172 -0.04038931801915169 -0.012001759372651577 0.9991120100021362 -0.004464161116629839
1403636581.2135556 0.9987891316413879 0.02660411223769188 0.04138035327196121 -0.018680840730667114 -0.026412073522806168 0.9996378421783447 -0.005180669948458672 -0.09339356422424316 -0.041503190994262695 0.0040814513340592384 0.9991300702095032 -0.011876802891492844
1403636581.2635555 0.9989022612571716 0.02198048122227192 0.04136551544070244 -0.018261704593896866 -0.021056823432445526 0.99952232837677 -0.022633830085396767 -0.11604060232639313 -0.04184325039386749 0.02173796109855175 0.9988877177238464 -0.01804671436548233
1403636581.3135555 0.9988951086997986 0.023745285347104073 0.040556617081165314 -0.017436156049370766 -0.022217171266674995 0.9990414381027222 -0.03772243857383728 -0.1311253011226654 -0.04141346737742424 0.036779697984457016 0.9984650015830994 -0.0239741001278162
1403636581.3635557 0.9988281726837158 0.024562006816267967 0.041701748967170715 -0.017080169171094894 -0.02252556011080742 0.998563289642334 -0.048620447516441345 -0.13883118331432343 -0.04283605143427849 0.047624118626117706 0.9979463815689087 -0.027256717905402184
1403636581.4135554 0.998502254486084 0.029683558270335197 0.04595637321472168 -0.01639709435403347 -0.027324914932250977 0.9983182549476624 -0.051127754151821136 -0.13898658752441406 -0.04739673435688019 0.04979543015360832 0.9976341128349304 -0.028255470097064972
1403636581.4635556 0.9982075095176697 0.03533468022942543 0.048303499817848206 -0.014781787060201168 -0.0330856554210186 0.9983659386634827 -0.04659260809421539 -0.12953238189220428 -0.04987090080976486 0.04491094872355461 0.9977453947067261 -0.026520557701587677
1403636581.5135555 0.9978650212287903 0.04109130799770355 0.05076408386230469 -0.01300863828510046 -0.039287954568862915 0.9985783100128174 -0.036025747656822205 -0.11307703703641891 -0.052172258496284485 0.03395441174507141 0.9980606436729431 -0.023444658145308495
1403636581.5635555 0.9979150891304016 0.03760970011353493 0.05244894325733185 -0.011840945109724998 -0.03642034903168678 0.9990615844726562 -0.023450857028365135 -0.09073543548583984 -0.05328168720006943 0.021491756662726402 0.9983482956886292 -0.01764618419110775
1403636581.6135554 0.9980950355529785 0.03495575115084648 0.05083499103784561 -0.01036535482853651 -0.03446771204471588 0.999351441860199 -0.010445634834468365 -0.06384919583797455 -0.05116714537143707 0.008673564530909061 0.998652458190918 -0.00895331148058176
1403636581.6635556 0.9983063340187073 0.03027687966823578 0.049675893038511276 -0.008233750239014626 -0.030301375314593315 0.9995410442352295 -0.0002599358558654785 -0.034065231680870056 -0.04966094717383385 -0.0012457575649023056 0.9987653493881226 -0.0006057758582755923
1403636581.7135556 0.9982598423957825 0.03344468027353287 0.04856730252504349 -0.005701219197362661 -0.033814188092947006 0.9994049072265625 0.006806463003158569 -0.0032926518470048904 -0.0483107715845108 -0.008436880074441433 0.9987967610359192 0.00774609949439764
1403636581.7635555 0.9984975457191467 0.02997434325516224 0.04587118700146675 -0.0031822507735341787 -0.030466686934232712 0.9994849562644958 0.010072011500597 0.02923663891851902 -0.045545659959316254 -0.011454420164227486 0.998896598815918 0.016939718276262283
1403636581.8135555 0.9987766742706299 0.02951016090810299 0.03967765346169472 -0.0013478074688464403 -0.030042050406336784 0.9994656443595886 0.012876695953309536 0.062037255614995956 -0.03927645459771156 -0.014052940532565117 0.999129593372345 0.024173777550458908
1403636581.8635557 0.9988741278648376 0.028885770589113235 0.03763168305158615 2.254755236208439e-05 -0.029568128287792206 0.9994059801101685 0.01770380698144436 0.09496801346540451 -0.03709794208407402 -0.01879657804965973 0.9991347789764404 0.03150235116481781
1403636581.9135554 0.999112069606781 0.024377118796110153 0.034364406019449234 0.0004313740646466613 -0.02532489411532879 0.9993032217025757 0.02741999179124832 0.12753616273403168 -0.03367204591631889 -0.028265926986932755 0.9990331530570984 0.038778044283390045
1403636581.9635556 0.9990265369415283 0.02148519456386566 0.03852607309818268 0.0011995790991932154 -0.023045755922794342 0.9989124536514282 0.040530815720558167 0.159843310713768 -0.037613362073898315 -0.04137922450900078 0.9984352588653564 0.046233512461185455
1403636582.0135555 0.9989085793495178 0.018174078315496445 0.04302666708827019 -0.0002306634560227394 -0.020600730553269386 0.9981818795204163 0.05664417892694473 0.1896359622478485 -0.04191898554563522 -0.05746873840689659 0.9974668622016907 0.051839545369148254
1403636582.0635555 0.9987300038337708 0.01860187016427517 0.04682131111621857 -0.0005953402724117041 -0.022033583372831345 0.9970238208770752 0.07387862354516983 0.21571531891822815 -0.04530768096446991 -0.07481644302606583 0.9961674809455872 0.057526908814907074
1403636582.1135554 0.9987379312515259 0.019706640392541885 0.046197038143873215 -0.0009146607480943203 -0.02385735511779785 0.995556652545929 0.09109178185462952 0.23726995289325714 -0.04419666528701782 -0.09207894653081894 0.9947704076766968 0.062155283987522125
1403636582.1635556 0.998936653137207 0.018112409859895706 0.04239476099610329 -0.002117987722158432 -0.02252235822379589 0.9941141605377197 0.10597078502178192 0.2526252567768097 -0.04022584483027458 -0.10681295394897461 0.993465006351471 0.06461156904697418
1403636582.2135556 0.9990984797477722 0.01783054880797863 0.03852907195687294 -0.0025731907226145267 -0.02225705049932003 0.9928000569343567 0.11769838631153107 0.26101288199424744 -0.036153048276901245 -0.11844980716705322 0.9923017024993896 0.06779970228672028
1403636582.2635555 0.9991949796676636 0.01752265729010105 0.03608575463294983 -0.0037749353796243668 -0.021894285455346107 0.9919710755348206 0.12455578148365021 0.26057183742523193 -0.03361348807811737 -0.1252455860376358 0.9915562272071838 0.06751349568367004
1403636582.3135555 0.9992493391036987 0.01900898478925228 0.03375454992055893 -0.0054469117894768715 -0.02314896322786808 0.9916537404060364 0.126834899187088 0.2506709396839142 -0.031061826273798943 -0.12752105295658112 0.9913493990898132 0.06517641991376877
1403636582.3635557 0.9993464946746826 0.017244840040802956 0.03176521137356758 -0.007848203182220459 -0.02098098024725914 0.9923922419548035 0.12131580710411072 0.23330102860927582 -0.029431480914354324 -0.12190297991037369 0.9921056032180786 0.06069432571530342
1403636582.4135554 0.9993762373924255 0.017296623438596725 0.030787812545895576 -0.010159222409129143 -0.020545683801174164 0.9938782453536987 0.1085536852478981 0.20969226956367493 -0.028721725568175316 -0.1091185137629509 0.9936137795448303 0.05437903478741646
1403636582.4635556 0.9993360638618469 0.0178847536444664 0.03174363821744919 -0.013139868155121803 -0.02077522687613964 0.9954310059547424 0.09319650381803513 0.1814487725496292 -0.0299318078905344 -0.09379412233829498 0.9951415061950684 0.04575807601213455
1403636582.5135555 0.999150276184082 0.022441936656832695 0.034567274153232574 -0.014520836994051933 -0.02515682391822338 0.9964596629142761 0.08021938055753708 0.15119706094264984 -0.0326446108520031 -0.08102082461118698 0.996177613735199 0.0384981706738472
1403636582.5635555 0.9990121722221375 0.023103537037968636 0.0379570908844471 -0.015714989975094795 -0.025729410350322723 0.9972000122070312 0.07021486014127731 0.11876044422388077 -0.03622860088944435 -0.07112211734056473 0.9968094229698181 0.030983012169599533
1403636582.6135554 0.9987053275108337 0.026907755061984062 0.0431683249771595 -0.014119656756520271 -0.029646752402186394 0.9975019097328186 0.06411706656217575 0.08544863760471344 -0.04133523255586624 -0.06531386822462082 0.9970082640647888 0.024774275720119476
1403636582.6635556 0.998467743396759 0.026888221502304077 0.048363737761974335 -0.014294530265033245 -0.029744016006588936 0.9977951645851135 0.059331703931093216 0.05302349478006363 -0.04666177183389664 -0.06067933142185211 0.9970661401748657 0.016432831063866615
1403636582.7135556 0.9983643293380737 0.026155035942792892 0.05083790794014931 -0.0140412338078022 -0.028927035629749298 0.9980904459953308 0.05457808077335358 0.020899666473269463 -0.04931333661079407 -0.05595940724015236 0.9972145557403564 0.008252620697021484
1403636582.7635555 0.9982525706291199 0.022073181346058846 0.05481398478150368 -0.013060293160378933 -0.02470054291188717 0.9985550045967102 0.04772672802209854 -0.010904294438660145 -0.053681302815675735 -0.04899727180600166 0.9973552823066711 0.0013973001623526216
1403636582.8135555 0.9979774951934814 0.017657652497291565 0.06106679141521454 -0.011318601667881012 -0.020008273422718048 0.9990736842155457 0.038097769021987915 -0.042541809380054474 -0.06033751368522644 -0.03924256190657616 0.9974063038825989 -0.005189964547753334
1403636582.8635557 0.9974550008773804 0.013033644296228886 0.07009626924991608 -0.009785594418644905 -0.014815703965723515 0.9995785355567932 0.024963537231087685 -0.07544837892055511 -0.06974136084318161 -0.02593853883445263 0.9972277879714966 -0.012616310268640518
1403636582.9135554 0.996976912021637 0.009837050922214985 0.07707318663597107 -0.010596433654427528 -0.0105214174836874 0.9999086856842041 0.008478355593979359 -0.10444416105747223 -0.07698275148868561 -0.009263642132282257 0.996989369392395 -0.02164454385638237
1403636582.9635556 0.9967032074928284 0.009701939299702644 0.08055194467306137 -0.009240035898983479 -0.009073217399418354 0.999925434589386 -0.00816758070141077 -0.13079549372196198 -0.08062518388032913 0.007409791462123394 0.9967169165611267 -0.028914328664541245
1403636583.0135555 0.99642014503479 0.01029893197119236 0.08391109108924866 -0.007185898721218109 -0.008220857009291649 0.9996517300605774 -0.025073252618312836 -0.15074342489242554 -0.0841401070356369 0.024293672293424606 0.9961578249931335 -0.0344732441008091
1403636583.0635555 0.996449887752533 0.012070348486304283 0.0833180695772171 -0.004879940301179886 -0.009117134846746922 0.9993197321891785 -0.03573496639728546 -0.16272392868995667 -0.08369272947311401 0.03484848514199257 0.9958820939064026 -0.03779391571879387
1403636583.1135554 0.9962339401245117 0.015313701704144478 0.08534517884254456 -0.005332929082214832 -0.011912338435649872 0.9991196990013123 -0.04022197052836418 -0.16892586648464203 -0.08588602393865585 0.03905383124947548 0.9955392479896545 -0.04144131392240524
1403636583.1635556 0.9958650469779968 0.01927287131547928 0.08877638727426529 -0.0023859308566898108 -0.015731582418084145 0.9990591406822205 -0.040418386459350586 -0.16660386323928833 -0.08947182446718216 0.03885466605424881 0.9952311515808105 -0.03841554373502731
1403636583.2135556 0.9956761598587036 0.02344975434243679 0.0898832380771637 -0.0023270484525710344 -0.020112454891204834 0.9990807771682739 -0.03785696253180504 -0.15679220855236053 -0.09068834036588669 0.03588550537824631 0.9952325224876404 -0.03741367533802986
1403636583.2635555 0.9958214163780212 0.024739619344472885 0.08790641278028488 -0.00017963512800633907 -0.021812092512845993 0.9991801977157593 -0.03410881757736206 -0.13936446607112885 -0.08867816627025604 0.032048869878053665 0.9955446720123291 -0.03101179376244545
1403636583.3135555 0.995937168598175 0.024719879031181335 0.08659198135137558 -0.0007198954699561 -0.022158948704600334 0.9992918372154236 -0.030412254855036736 -0.11693540960550308 -0.08728242665529251 0.028369905427098274 0.9957795739173889 -0.023478206247091293
1403636583.3635557 0.9960172772407532 0.025874735787510872 0.08532220870256424 0.0002831653691828251 -0.023774772882461548 0.9993911385536194 -0.02553723379969597 -0.0908394306898117 -0.08593103289604187 0.023407015949487686 0.9960260391235352 -0.016019538044929504
1403636583.4135554 0.9964250326156616 0.024317534640431404 0.08090642094612122 0.0024679861962795258 -0.022682737559080124 0.9995207190513611 -0.021064313128590584 -0.061109509319067 -0.08137987554073334 0.019153829663991928 0.9964990615844727 -0.006102941930294037
1403636583.4635556 0.996697723865509 0.02767610363662243 0.07634006440639496 0.003232544520869851 -0.026608048006892204 0.9995338916778564 -0.014972765929996967 -0.028478989377617836 -0.07671887427568436 0.012892061844468117 0.9969694018363953 0.0012832285137847066
1403636583.5135555 0.9969881176948547 0.02738087810575962 0.07255996763706207 0.0077161723747849464 -0.02681872621178627 0.9996024966239929 -0.008710532449185848 0.004759463481605053 -0.07276961207389832 0.006738328840583563 0.9973259568214417 0.01323702186346054
1403636583.5635555 0.9969227910041809 0.03095240890979767 0.07201962172985077 0.010281343013048172 -0.031033756211400032 0.9995183348655701 1.053977757692337e-05 0.038866158574819565 -0.07198460400104523 -0.002245550509542227 0.9974032044410706 0.022828692570328712
1403636583.6135554 0.9964467883110046 0.0337405689060688 0.0771707221865654 0.012467911466956139 -0.03470244258642197 0.9993353486061096 0.01115682814270258 0.07327210903167725 -0.07674301415681839 -0.013795198872685432 0.9969554543495178 0.032813236117362976
1403636583.6635556 0.9970365166664124 0.029042938724160194 0.07123694568872452 0.013174179941415787 -0.03113105706870556 0.9991123676300049 0.028379106894135475 0.10671383887529373 -0.07034947723150253 -0.030512696132063866 0.9970555901527405 0.04079139232635498
1403636583.7135556 0.9974929690361023 0.020257102325558662 0.06780404597520828 0.013639498502016068 -0.023641444742679596 0.9984948635101318 0.04948914051055908 0.1396941989660263 -0.06669945269823074 -0.05096806585788727 0.9964704513549805 0.048861064016819
1403636583.7635555 0.9978825449943542 0.01216957252472639 0.0638933852314949 0.01361040398478508 -0.016802111640572548 0.9972286224365234 0.07247511297464371 0.16881053149700165 -0.06283431500196457 -0.07339519262313843 0.99532151222229 0.055858056992292404
1403636583.8135555 0.9979251623153687 0.0075872126035392284 0.06393559277057648 0.012854374013841152 -0.013521351851522923 0.9955836534500122 0.09289959073066711 0.1959896683692932 -0.06294839829206467 -0.09357134997844696 0.9936205744743347 0.05948746204376221
1403636583.8635557 0.9979432225227356 0.006124258507043123 0.06380990892648697 0.0132250115275383 -0.012980472296476364 0.9941101670265198 0.10759437084197998 0.22062259912490845 -0.0627751424908638 -0.10820136964321136 0.9921450614929199 0.06458412110805511
1403636583.9135554 0.9978022575378418 0.01167990267276764 0.06522125750780106 0.014109808951616287 -0.019364142790436745 0.9927699565887451 0.11846044659614563 0.2416243702173233 -0.06336608529090881 -0.11946307122707367 0.9908145666122437 0.06919927895069122
1403636583.9635556 0.9978874325752258 0.017838845029473305 0.06246647238731384 0.01427101157605648 -0.025536632165312767 0.9918673038482666 0.12468977272510529 0.25882676243782043 -0.059734128415584564 -0.126021608710289 0.9902274012565613 0.07223112881183624
1403636584.0135555 0.9981557130813599 0.02163427323102951 0.056717611849308014 0.013379640877246857 -0.02871638722717762 0.991462767124176 0.12718887627124786 0.2703912854194641 -0.05348177254199982 -0.12858304381370544 0.9902554750442505 0.07302823662757874
1403636584.0635555 0.9985827207565308 0.021915830671787262 0.04849919676780701 0.012109490111470222 -0.02792171575129032 0.9915292859077454 0.12684667110443115 0.275338739156723 -0.045308422297239304 -0.12802107632160187 0.9907359480857849 0.07195122539997101
1403636584.1135554 0.998860776424408 0.021908408030867577 0.04239152744412422 0.010691691190004349 -0.027138665318489075 0.991527795791626 0.12702907621860504 0.27286288142204285 -0.03924936428666115 -0.12803484499454498 0.9909927248954773 0.07061798870563507
1403636584.1635556 0.9990010857582092 0.02286864072084427 0.038389939814805984 0.009338364005088806 -0.027579501271247864 0.9915130138397217 0.12704874575138092 0.26328006386756897 -0.03515869379043579 -0.12798066437244415 0.9911532402038574 0.06825162470340729
1403636584.2135556 0.9990153908729553 0.024470211938023567 0.037006925791502 0.008324848487973213 -0.028990326449275017 0.9914783239364624 0.12700577080249786 0.24603627622127533 -0.03358370438218117 -0.12795358896255493 0.9912113547325134 0.06462474167346954
1403636584.2635555 0.9989264011383057 0.026236634701490402 0.03817736357450485 0.006199068855494261 -0.030811820179224014 0.9917205572128296 0.1246638223528862 0.22375349700450897 -0.03459050878882408 -0.12570630013942719 0.991464376449585 0.05935100466012955
1403636584.3135555 0.9989202618598938 0.026290858164429665 0.0382993221282959 0.004915623459964991 -0.030725710093975067 0.9922699332237244 0.12023483961820602 0.1978677660226822 -0.034842196851968765 -0.12128182500600815 0.9920064210891724 0.05361310765147209
1403636584.3635557 0.9987494349479675 0.02909734472632408 0.040652431547641754 0.004215750843286514 -0.0336637943983078 0.9926103949546814 0.11658284813165665 0.168380007147789 -0.03695977106690407 -0.1178056001663208 0.9923486113548279 0.04798699542880058
1403636584.4135554 0.998175859451294 0.035841140896081924 0.048580098897218704 0.004170775413513184 -0.0411258339881897 0.9927940964698792 0.11255548149347305 0.1355016678571701 -0.044195909053087234 -0.11434809118509293 0.9924571514129639 0.042263686656951904
1403636584.4635556 0.9977356791496277 0.039668429642915726 0.05431385338306427 0.0059364717453718185 -0.045253489166498184 0.9933578372001648 0.10579390823841095 0.10145986080169678 -0.049756407737731934 -0.10801224410533905 0.9929035902023315 0.037848860025405884
1403636584.5135555 0.9974135756492615 0.04217614233493805 0.0581996776163578 0.005689897108823061 -0.04760149121284485 0.9943172931671143 0.09522227197885513 0.0650869831442833 -0.05385284125804901 -0.09774637967348099 0.9937532544136047 0.03238755464553833
1403636584.5635555 0.9972880482673645 0.0407852940261364 0.061262860894203186 0.004941128194332123 -0.045743439346551895 0.9955952167510986 0.08183973282575607 0.028340792283415794 -0.057655155658721924 -0.08442016690969467 0.9947607517242432 0.026183806359767914
1403636584.6135554 0.9970602989196777 0.039237864315509796 0.06581245362758636 0.004433298017829657 -0.04350541904568672 0.9969549179077148 0.0647163838148117 -0.009307987056672573 -0.06307271867990494 -0.06738933175802231 0.9957311153411865 0.019608868286013603
1403636584.6635556 0.9966166615486145 0.037717871367931366 0.07302330434322357 0.0043709296733140945 -0.04099028557538986 0.9981971383094788 0.043845415115356445 -0.04497596248984337 -0.07123790681362152 -0.046690333634614944 0.9963659644126892 0.011801101267337799
1403636584.7135556 0.996015727519989 0.03946671262383461 0.07996902614831924 0.0010706628672778606 -0.04133186489343643 0.9989075660705566 0.02180342748761177 -0.07764781266450882 -0.0790211483836174 -0.02502182498574257 0.9965587854385376 0.0019733377266675234
1403636584.7635555 0.9954087734222412 0.03928331658244133 0.087281733751297 -0.00022692588390782475 -0.03958459571003914 0.9992147088050842 0.0017230304656550288 -0.1086941808462143 -0.08714553713798523 -0.00517013156786561 0.9961821436882019 -0.006020204164087772
1403636584.8135555 0.995101273059845 0.0397091768682003 0.0905362069606781 -0.0010139665100723505 -0.03853620961308479 0.9991495609283447 -0.014667905867099762 -0.1375456303358078 -0.0910416916012764 0.011107129976153374 0.995785117149353 -0.014567418023943901
1403636584.8635557 0.9951493740081787 0.035140976309776306 0.09188460558652878 -0.0003700662637129426 -0.03268811106681824 0.999071478843689 -0.028065567836165428 -0.16008804738521576 -0.0927855595946312 0.024925896897912025 0.9953740239143372 -0.019684620201587677
1403636584.9135554 0.9953678250312805 0.03210752084851265 0.09061983227729797 -0.0013229937758296728 -0.0287995096296072 0.9988785982131958 -0.03757906332612038 -0.17635387182235718 -0.09172477573156357 0.034795183688402176 0.9951763153076172 -0.024927370250225067
1403636584.9635556 0.9953649044036865 0.025959759950637817 0.09260068088769913 -0.002621955005452037 -0.022170700132846832 0.9988834857940674 -0.0417151041328907 -0.18901051580905914 -0.0935802310705185 0.03946872055530548 0.9948291182518005 -0.02959950640797615
1403636585.0135555 0.9950864911079407 0.024370035156607628 0.09596334397792816 -0.0020680278539657593 -0.020438114181160927 0.9989191889762878 -0.04174517095088959 -0.19102174043655396 -0.09687695652246475 0.039578743278980255 0.9945091009140015 -0.029062606394290924
1403636585.0635555 0.9948089122772217 0.021834643557667732 0.09939082711935043 -0.001936204731464386 -0.01805412396788597 0.9990845918655396 -0.03877878189086914 -0.18703347444534302 -0.1001465916633606 0.03678305447101593 0.9942925572395325 -0.027026250958442688
1403636585.1135554 0.9947534203529358 0.020825332030653954 0.10015984624624252 -0.0030590109527111053 -0.017508774995803833 0.9992725849151611 -0.03387853875756264 -0.17880915105342865 -0.10079251229763031 0.03194711357355118 0.9943944215774536 -0.024733442813158035
1403636585.1635556 0.9942797422409058 0.01947340928018093 0.10501692444086075 -0.0018727347487583756 -0.01658920757472515 0.9994627833366394 -0.028268147259950638 -0.16388218104839325 -0.10551097244024277 0.026364298537373543 0.9940685629844666 -0.019006401300430298
1403636585.2135556 0.993624746799469 0.01964963600039482 0.11101202666759491 -0.0011421634117141366 -0.017348427325487137 0.999614953994751 -0.02165750414133072 -0.14471246302127838 -0.11139483004808426 0.01959354616701603 0.993583083152771 -0.012372869998216629
1403636585.2635555 0.9927787184715271 0.02565198950469494 0.11718547344207764 0.0015077001880854368 -0.024028945714235306 0.9995951056480408 -0.01524229347705841 -0.1216529831290245 -0.1175290197134018 0.012316377833485603 0.9929930567741394 -0.004550977610051632
1403636585.3135555 0.9920549988746643 0.031140636652708054 0.12188995629549026 0.004585872404277325 -0.03016618825495243 0.9994966387748718 -0.009832131676375866 -0.09707292169332504 -0.12213477492332458 0.0060770586133003235 0.9924949407577515 0.003980425652116537
1403636585.3635557 0.991365373134613 0.04053841158747673 0.12470512092113495 0.006091086659580469 -0.04029637575149536 0.9991777539253235 -0.004463760182261467 -0.06995616853237152 -0.12478356063365936 -0.0005999449640512466 0.9921838045120239 0.011336849071085453
1403636585.4135554 0.9910843968391418 0.044103123247623444 0.12572456896305084 0.009575928561389446 -0.0447760634124279 0.9989938735961914 0.002530250232666731 -0.043654680252075195 -0.12548647820949554 -0.008137141354382038 0.9920619130134583 0.020382732152938843
1403636585.4635556 0.9917129874229431 0.04728851839900017 0.11945320665836334 0.012153811752796173 -0.04906542971730232 0.9987237453460693 0.011976741254329681 -0.0178374033421278 -0.11873438209295273 -0.01773850992321968 0.9927675127983093 0.027373896911740303
1403636585.5135555 0.9924036264419556 0.04779748246073723 0.1133599653840065 0.016829274594783783 -0.05068536847829819 0.9984560012817383 0.022729817777872086 0.007799576967954636 -0.11209852248430252 -0.028302840888500214 0.9932939410209656 0.03512871265411377
1403636585.5635555 0.9936176538467407 0.04876881092786789 0.10171312093734741 0.01812276616692543 -0.052519071847200394 0.9980229139328003 0.034523312002420425 0.03282180055975914 -0.09982839226722717 -0.03964485228061676 0.9942145347595215 0.03786734864115715
1403636585.6135554 0.9948993921279907 0.047764699906110764 0.08884770423173904 0.018634015694260597 -0.05210815742611885 0.9975241422653198 0.047225985676050186 0.05449431762099266 -0.0863719955086708 -0.05161478370428085 0.9949250221252441 0.03836369141936302
1403636585.6635556 0.9961462020874023 0.043158091604709625 0.07635512202978134 0.01890208013355732 -0.047892287373542786 0.9969698190689087 0.061297789216041565 0.07304581254720688 -0.07347825914621353 -0.06471838802099228 0.995194673538208 0.03707017004489899
1403636585.7135556 0.9972865581512451 0.03688373044133186 0.06371264904737473 0.01837984099984169 -0.04173855483531952 0.9961856603622437 0.07662917673587799 0.08800474554300308 -0.06064324080944061 -0.0790805071592331 0.9950219392776489 0.03437928110361099
1403636585.7635555 0.9979953169822693 0.03030598722398281 0.055560361593961716 0.018468676134943962 -0.03536094352602959 0.9950957298278809 0.09238064289093018 0.09879734367132187 -0.05248817056417465 -0.09416010975837708 0.9941724538803101 0.03160182759165764
1403636585.8135555 0.9986538887023926 0.022171232849359512 0.046894799917936325 0.017396744340658188 -0.02714754454791546 0.9937483072280884 0.10829287767410278 0.10658121854066849 -0.04420062154531479 -0.10942016541957855 0.9930123686790466 0.027121160179376602
1403636585.8635557 0.9991195797920227 0.014779689721763134 0.03926687687635422 0.016752637922763824 -0.019665174186229706 0.9916946291923523 0.12710249423980713 0.11110163480043411 -0.03706221282482147 -0.12776273488998413 0.9911120533943176 0.022600900381803513
1403636585.9135554 0.9993916749954224 0.008060198277235031 0.0339302159845829 0.016426587477326393 -0.012933174148201942 0.9892074465751648 0.14594969153404236 0.11344877630472183 -0.032387636601924896 -0.14629970490932465 0.9887099266052246 0.016472481191158295
1403636585.9635556 0.9994071125984192 0.0027565849013626575 0.03431739658117294 0.01601029932498932 -0.008451108820736408 0.9859339594841003 0.1669209599494934 0.11464700847864151 -0.03337455540895462 -0.16711199283599854 0.9853728413581848 0.01223592646420002
1403636586.0135555 0.9991675019264221 -0.0025581493973731995 0.040715500712394714 0.015735331922769547 -0.005280247889459133 0.98152756690979 0.19124779105186462 0.11405215412378311 -0.04045262932777405 -0.191303551197052 0.9806969165802002 0.008796991780400276
1403636586.0635555 0.9985435605049133 -0.005866958759725094 0.05363059788942337 0.016236314550042152 -0.005825821775943041 0.9765307307243347 0.2152988314628601 0.11425801366567612 -0.053635090589523315 -0.21529771387577057 0.9750744104385376 0.006209259852766991
1403636586.1135554 0.9977480173110962 -0.011734142899513245 0.06603877246379852 0.01510628592222929 -0.004231323953717947 0.9716052412986755 0.23656941950321198 0.11315178126096725 -0.0669395700097084 -0.23631614446640015 0.9693676829338074 0.0033834539353847504
1403636586.1635556 0.9969282150268555 -0.01769110932946205 0.076295405626297 0.012889702804386616 -0.0023334049619734287 0.9670126438140869 0.2547174096107483 0.11213095486164093 -0.0782848596572876 -0.25411301851272583 0.9640009999275208 0.0010143555700778961
1403636586.2135556 0.9965216517448425 -0.023714324459433556 0.07988756895065308 0.010573356412351131 0.0010517667979001999 0.9621571898460388 0.2724929451942444 0.10973474383354187 -0.08332638442516327 -0.27146115899086 0.9588354229927063 -0.0033586081117391586
1403636586.2635555 0.9963463544845581 -0.02768106199800968 0.0807940885424614 0.007986826822161674 0.0030129114165902138 0.9568204879760742 0.2906637191772461 0.10938581079244614 -0.08535132557153702 -0.28935831785202026 0.9534080028533936 -0.007549140602350235
1403636586.3135555 0.9960728883743286 -0.03454552963376045 0.08151856809854507 0.006670213304460049 0.00759661290794611 0.9506881833076477 0.310055136680603 0.1083490401506424 -0.08820976316928864 -0.3082183003425598 0.9472171664237976 -0.012397320941090584
1403636586.3635557 0.9958059787750244 -0.03900415077805519 0.08275865018367767 0.0051436647772789 0.009554585441946983 0.9439600110054016 0.3299214541912079 0.10869698226451874 -0.09098915755748749 -0.32774707674980164 0.9403737783432007 -0.018252521753311157
1403636586.4135554 0.9955280423164368 -0.04664389416575432 0.08214815706014633 0.004114838782697916 0.01498477254062891 0.9365606307983398 0.3501851558685303 0.10785447806119919 -0.09327072650194168 -0.3473881483078003 0.9330713152885437 -0.026201259344816208
1403636586.4635556 0.9955263137817383 -0.04790749400854111 0.08143951743841171 0.004474122077226639 0.014610941521823406 0.9296130537986755 0.36824703216552734 0.1091168224811554 -0.09334903210401535 -0.3654096722602844 0.9261542558670044 -0.03235144913196564
1403636586.5135555 0.995554506778717 -0.04737276956439018 0.08140677213668823 0.005533967632800341 0.012553821317851543 0.9233357906341553 0.38378819823265076 0.10978618264198303 -0.09334690123796463 -0.38106006383895874 0.9198259115219116 -0.03810146450996399
1403636586.5635555 0.9959056973457336 -0.04620598256587982 0.07769723236560822 0.00815227348357439 0.011674223467707634 0.9180406332015991 0.39631444215774536 0.10940654575824738 -0.08964132517576218 -0.393784761428833 0.9148212671279907 -0.04317331686615944
1403636586.6135554 0.9961897730827332 -0.04545394331216812 0.0744294822216034 0.011564916931092739 0.0116048539057374 0.9149380922317505 0.40342748165130615 0.10780683904886246 -0.08643573522567749 -0.4010266363620758 0.9119794964790344 -0.04717390984296799
1403636586.6635556 0.9961252808570862 -0.04679682105779648 0.07446178793907166 0.015618019737303257 0.012714737094938755 0.9144120812416077 0.40458476543426514 0.10548503696918488 -0.08702203631401062 -0.4020703434944153 0.9114640951156616 -0.049203064292669296
1403636586.7135556 0.9963136315345764 -0.046216338872909546 0.07227151095867157 0.020453568547964096 0.013492686673998833 0.9164072275161743 0.40001973509788513 0.10341780632734299 -0.08471757918596268 -0.39757001399993896 0.9136525392532349 -0.049890339374542236
1403636586.7635555 0.9965436458587646 -0.04745938628911972 0.06818089634180069 0.024347232654690742 0.0168902724981308 0.9193524718284607 0.39307212829589844 0.10134129971265793 -0.08133724331855774 -0.3905618190765381 0.9169764518737793 -0.04967110604047775
1403636586.8135555 0.9968681931495667 -0.04660898447036743 0.06388616561889648 0.029479986056685448 0.018438659608364105 0.9225793480873108 0.38536641001701355 0.09946922212839127 -0.07690159976482391 -0.38298144936561584 0.9205494523048401 -0.0486726276576519
1403636586.8635557 0.9970566034317017 -0.04429317265748978 0.06257899850606918 0.03292113170027733 0.01737391948699951 0.9255310893058777 0.37827277183532715 0.0989580973982811 -0.07467371225357056 -0.37607213854789734 0.9235765337944031 -0.046586669981479645
1403636586.9135554 0.9974337220191956 -0.03905792161822319 0.06000348925590515 0.03491627052426338 0.013938168995082378 0.9279847145080566 0.372357577085495 0.09890511631965637 -0.07022583484649658 -0.37056565284729004 0.9261476397514343 -0.044813454151153564
1403636586.9635556 0.997762143611908 -0.035352833569049835 0.05675281211733818 0.03566380590200424 0.012002181261777878 0.9296985864639282 0.3681255578994751 0.09856110066175461 -0.06577727198600769 -0.3666205406188965 0.9280424118041992 -0.04257781803607941
1403636587.0135555 0.9981727600097656 -0.029455186799168587 0.05275914818048477 0.03667040169239044 0.00806365255266428 0.9302639365196228 0.366802453994751 0.09729578346014023 -0.059884145855903625 -0.36570674180984497 0.9288016557693481 -0.04000522196292877
1403636587.0635555 0.9983851313591003 -0.026541246101260185 0.050227098166942596 0.03781406208872795 0.0062181586399674416 0.9298930168151855 0.36777758598327637 0.09667879343032837 -0.05646709352731705 -0.36687132716178894 0.9285563826560974 -0.03757944703102112
1403636587.1135554 0.9985624551773071 -0.022212859243154526 0.04878177121281624 0.03921397030353546 0.0024837031960487366 0.9282872080802917 0.37185564637184143 0.09594858437776566 -0.05354347452521324 -0.37119993567466736 0.9270078539848328 -0.035164713859558105
1403636587.1635556 0.9986783266067505 -0.01934719830751419 0.04761689156293869 0.04233687371015549 3.0025839805603027e-05 0.9266667366027832 0.37588387727737427 0.09556551277637482 -0.05139728635549545 -0.3753856122493744 0.9254425764083862 -0.03287889063358307
1403636587.2135556 0.9987478852272034 -0.01800435222685337 0.04667479172348976 0.04605185613036156 -0.00103052519261837 0.9253912568092346 0.37901195883750916 0.09448500722646713 -0.050016313791275024 -0.37858545780181885 0.9242138862609863 -0.029926128685474396
1403636587.2635555 0.9987123608589172 -0.01935899257659912 0.046892814338207245 0.05195962265133858 5.848053842782974e-05 0.9247680902481079 0.38053104281425476 0.09403503686189651 -0.05073167756199837 -0.3800383508205414 0.9235784411430359 -0.027028698474168777
1403636587.3135555 0.9986347556114197 -0.02190605364739895 0.04742114245891571 0.0597190223634243 0.0021291980519890785 0.9241341352462769 0.3820624053478241 0.09289032220840454 -0.05219297483563423 -0.38143986463546753 0.9229190349578857 -0.023914575576782227
