1403638130.645097 0.9996638894081116 -0.008028493262827396 -0.024650033563375473 -0.0023961469996720552 0.007159361615777016 0.9993564486503601 -0.03514687716960907 -0.01671074517071247 0.024916348978877068 0.03495858237147331 0.999078094959259 -0.005965671502053738
1403638130.695097 0.9995154142379761 -0.017945151776075363 -0.02543155662715435 -0.0026989574544131756 0.016698576509952545 0.9986881017684937 -0.04840923100709915 -0.021410882472991943 0.026266898959875107 0.04796111211180687 0.9985037446022034 -0.00793500803411007
1403638130.745097 0.9986485838890076 -0.04259798303246498 -0.029771380126476288 -0.003943309187889099 0.04071022570133209 0.997284471988678 -0.06137080490589142 -0.022311724722385406 0.032304804772138596 0.060075875371694565 0.9976708889007568 -0.008726625703275204
1403638130.795097 0.9974247813224792 -0.06122574210166931 -0.03735267370939255 -0.0033399786334484816 0.058579348027706146 0.9959473609924316 -0.06824467331171036 -0.028503313660621643 0.04137962684035301 0.06588082760572433 0.9969691038131714 -0.009511921554803848
1403638130.845097 0.9969822764396667 -0.06547703593969345 -0.041704628616571426 -0.0037467246875166893 0.062294892966747284 0.9953473210334778 -0.07350536435842514 -0.026212647557258606 0.0463235080242157 0.07068556547164917 0.9964224100112915 -0.00994096603244543
1403638130.895097 0.9965397119522095 -0.06940905004739761 -0.045726228505373 -0.003801066894084215 0.06574150919914246 0.994834840297699 -0.07734090089797974 -0.02723534405231476 0.050858207046985626 0.07406717538833618 0.9959555864334106 -0.010167340748012066
1403638130.945097 0.9964685440063477 -0.07287756353616714 -0.04170386493206024 -0.0037348605692386627 0.0688922107219696 0.9935455322265625 -0.09011734277009964 -0.028067702427506447 0.0480022206902504 0.08692603558301926 0.9950575232505798 -0.010500750504434109
1403638130.9950972 0.9963556528091431 -0.07813215255737305 -0.034218791872262955 -0.0034537226893007755 0.07390448451042175 0.9910663366317749 -0.11102046072483063 -0.027839284390211105 0.04258735477924347 0.10808692872524261 0.9932288527488708 -0.01131083257496357
1403638131.0450969 0.9961045384407043 -0.0833858847618103 -0.02868085727095604 -0.0034673153422772884 0.07909988611936569 0.9887011051177979 -0.1273309290409088 -0.027971507981419563 0.038974400609731674 0.12456626445055008 0.9914454817771912 -0.01127302460372448
1403638131.095097 0.9964214563369751 -0.08094364404678345 -0.024339774623513222 -0.003371164668351412 0.07700194418430328 0.9880496263504028 -0.13352391123771667 -0.02625712938606739 0.03485681489109993 0.13117189705371857 0.9907466769218445 -0.010952897369861603
1403638131.145097 0.9970805644989014 -0.07263196259737015 -0.023554081097245216 -0.0032706924248486757 0.0692463144659996 0.9901267886161804 -0.12187652289867401 -0.028258662670850754 0.032173655927181244 0.11988969147205353 0.9922657608985901 -0.010452399961650372
1403638131.195097 0.9981861114501953 -0.055607013404369354 -0.023073352873325348 -0.0031960548367351294 0.05291184410452843 0.9931265115737915 -0.10440309345722198 -0.026943959295749664 0.028720306232571602 0.10299285501241684 0.9942674040794373 -0.010266597382724285
1403638131.245097 0.9991645812988281 -0.034337662160396576 -0.02215811051428318 -0.002374243689700961 0.03235476464033127 0.9959092736244202 -0.08436866849660873 -0.02487953007221222 0.02496449090540409 0.08358126878738403 0.9961881637573242 -0.009407080709934235
1403638131.295097 0.9995361566543579 -0.020502770319581032 -0.022518089041113853 -0.0023811233695596457 0.01891990564763546 0.9974793791770935 -0.06838767975568771 -0.023353634402155876 0.023863468319177628 0.0679299533367157 0.9974046349525452 -0.008799031376838684
1403638131.345097 0.9996255040168762 -0.014770029112696648 -0.02303619310259819 -0.0012782120611518621 0.013309099711477757 0.9979667067527771 -0.06233169510960579 -0.020020585507154465 0.023909995332360268 0.06200176849961281 0.9977895617485046 -0.00827232375741005
1403638131.395097 0.999661386013031 -0.01587916538119316 -0.02061191014945507 -0.0016463754000142217 0.014612013474106789 0.9980772137641907 -0.06023543328046799 -0.01983126625418663 0.021528765559196472 0.05991385877132416 0.9979713559150696 -0.007691290229558945
1403638131.445097 0.9997044205665588 -0.01652984879910946 -0.01782819628715515 -0.0016957900952547789 0.015377040952444077 0.9978971481323242 -0.06296733021736145 -0.01773982122540474 0.018831541761755943 0.06267458200454712 0.9978563189506531 -0.006783692631870508
1403638131.4950972 0.9999061226844788 -0.00625377194955945 -0.012186993844807148 -0.0006871052901260555 0.005482202395796776 0.9980394840240479 -0.06234699860215187 -0.015270247124135494 0.012553004547953606 0.06227433308959007 0.9979801177978516 -0.006111492402851582
1403638131.5450969 0.999937891960144 -0.003113439306616783 -0.010700743645429611 -0.0003604158409871161 0.0024990940000861883 0.998373806476593 -0.056952714920043945 -0.0128962192684412 0.010860661044716835 0.056922439485788345 0.9983195066452026 -0.004527291748672724
1403638131.595097 0.9999418258666992 -0.0008027215371839702 -0.010756930336356163 0.0007458713371306658 0.0002663105260580778 0.9987605214118958 -0.04977548494935036 -0.010718862526118755 0.010783552192151546 0.049769725650548935 0.9987025260925293 -0.004615562967956066
1403638131.645097 0.9999309182167053 0.004699631594121456 -0.010774633847177029 0.0005658070440404117 -0.0051868986338377 0.9989439249038696 -0.045650914311409 -0.00784207135438919 0.010548712685704231 0.04570364952087402 0.9988993406295776 -0.003561321645975113
1403638131.695097 0.9999207854270935 0.008761067874729633 -0.00903632678091526 0.0008019184460863471 -0.009173153899610043 0.9988706707954407 -0.04661749675869942 -0.004744728095829487 0.008617701008915901 0.04669669643044472 0.998871922492981 -0.0031650385353714228
1403638131.745097 0.9998884797096252 0.012677083723247051 -0.007897588424384594 0.0010197527008131146 -0.013032756745815277 0.9988219141960144 -0.04674239456653595 -0.002045985544100404 0.007295727264136076 0.046840112656354904 0.9988757967948914 -0.0019922247156500816
1403638131.795097 0.9997147917747498 0.02374112606048584 -0.0025625061243772507 0.0011483911657705903 -0.023833071812987328 0.9986832141876221 -0.04542778059840202 0.00018467774498276412 0.0014806253602728248 0.04547588899731636 0.9989643096923828 -0.0014358245534822345
1403638131.845097 0.9994028210639954 0.03438424691557884 0.003411706769838929 0.001644485048018396 -0.0342104434967041 0.9985278844833374 -0.04209187999367714 0.002873106859624386 -0.004853981081396341 0.0419500395655632 0.9991078972816467 -0.0007085030665621161
1403638131.895097 0.9991497993469238 0.040461551398038864 0.007905776612460613 0.0021076390985399485 -0.040110304951667786 0.9983768463134766 -0.04043479263782501 0.005128697492182255 -0.009529000148177147 0.04008331149816513 0.9991508722305298 -0.0004185698926448822
1403638131.945097 0.999033510684967 0.04272807016968727 0.010311880148947239 0.002178474795073271 -0.04230763390660286 0.9983804821968079 -0.038027074187994 0.008286184631288052 -0.011919998563826084 0.03755403310060501 0.9992234706878662 0.0004548913275357336
1403638131.9950972 0.998359203338623 0.05611460283398628 0.011404541321098804 0.002601710380986333 -0.055707596242427826 0.997890830039978 -0.03332533314824104 0.010927902534604073 -0.013250523246824741 0.03263532370328903 0.9993794560432434 0.0013589547015726566
1403638132.0450969 0.9972030520439148 0.07408325374126434 0.009888461790978909 0.0026808329857885838 -0.07382737100124359 0.9969791173934937 -0.024127956479787827 0.012157401069998741 -0.011646069586277008 0.02333042398095131 0.9996598958969116 0.001789372181519866
1403638132.095097 0.995700478553772 0.09218118339776993 0.00910967867821455 0.0025177111383527517 -0.0920780748128891 0.995689332485199 -0.011156812310218811 0.012452460825443268 -0.010098862461745739 0.01027003489434719 0.999896228313446 0.0014968307223170996
1403638132.145097 0.994672954082489 0.10290830582380295 0.0059398384764790535 0.0023678778670728207 -0.10288156569004059 0.9946828484535217 -0.004645802080631256 0.012117010541260242 -0.0063863480463624 0.004009949043393135 0.9999715089797974 0.0015531942481175065
1403638132.195097 0.9946352243423462 0.10340723395347595 0.0027429619804024696 0.0021336597856134176 -0.10338213294744492 0.9946088790893555 -0.008101295679807663 0.01090360525995493 -0.0035659102723002434 0.007774254307150841 0.9999633431434631 0.002025279216468334
1403638132.245097 0.9956352114677429 0.09325168281793594 -0.0038024187088012695 0.002132297959178686 -0.09331300109624863 0.9953948259353638 -0.021949684247374535 0.0070845820009708405 0.0017380632925778627 0.022208690643310547 0.9997518658638 -0.0001458976767025888
1403638132.295097 0.9968587160110474 0.07844112068414688 -0.01093754917383194 0.0019940328784286976 -0.07880095392465591 0.9961782693862915 -0.03767557442188263 0.004496642388403416 0.00794043205678463 0.03841911256313324 0.9992302060127258 -0.0009488799842074513
1403638132.345097 0.9974163174629211 0.07016782462596893 -0.015397395007312298 0.0017085318686440587 -0.07083422690629959 0.9963258504867554 -0.048138853162527084 0.0015071560628712177 0.01196302380412817 0.04910513758659363 0.9987219572067261 -0.0022997302003204823
1403638132.395097 0.9981149435043335 0.055420804768800735 -0.02636578679084778 0.001272863824851811 -0.056740596890449524 0.9970200657844543 -0.05226432532072067 -0.0017469774466007948 0.02339068613946438 0.05366181582212448 0.998285174369812 -0.0034804565366357565
1403638132.445097 0.9986602663993835 0.037787940353155136 -0.035347238183021545 0.0006734650814905763 -0.03993772715330124 0.9972622990608215 -0.06223263591527939 -0.0034804404713213444 0.03289882093667984 0.06356097757816315 0.9974357485771179 -0.004583319183439016
1403638132.4950972 0.9988909363746643 0.01285140123218298 -0.04529809579253197 0.000528599601238966 -0.01644345559179783 0.9966720342636108 -0.07983968406915665 -0.00714413495734334 0.04412129893898964 0.08049599826335907 0.9957779049873352 -0.0060784234665334225
1403638132.5450969 0.9985333681106567 -0.011352312751114368 -0.05293820798397064 0.0005249034729786217 0.005803764332085848 0.994580090045929 -0.10381028056144714 -0.010623561218380928 0.053829774260520935 0.10335078835487366 0.9931871891021729 -0.00757271284237504
1403638132.595097 0.9977928400039673 -0.03239775821566582 -0.05796334892511368 -5.6640361435711384e-05 0.024921013042330742 0.9917987585067749 -0.1253558248281479 -0.01393594965338707 0.06154922395944595 0.12363465130329132 0.9904171228408813 -0.008698223158717155
1403638132.645097 0.9971213936805725 -0.0443270318210125 -0.06151365488767624 -0.0007290759822353721 0.03575108200311661 0.9903208613395691 -0.13411350548267365 -0.016261421144008636 0.06686311960220337 0.13152825832366943 0.989054799079895 -0.008804203942418098
1403638132.695097 0.996836245059967 -0.04627164080739021 -0.0646243542432785 -0.0006646722322329879 0.03793562203645706 0.991464376449585 -0.12473735958337784 -0.018442071974277496 0.069844551384449 0.12189117074012756 0.9900829195976257 -0.010180472396314144
1403638132.745097 0.9966719746589661 -0.04757850989699364 -0.06618933379650116 -0.002440180629491806 0.03996387496590614 0.9929092526435852 -0.1119556576013565 -0.020154163241386414 0.07104668021202087 0.10893790423870087 0.9915063381195068 -0.010501603595912457
1403638132.795097 0.9965596199035645 -0.05039512366056442 -0.06579510867595673 -0.002969131339341402 0.043216198682785034 0.9933935403823853 -0.10630976408720016 -0.021868286654353142 0.07071791589260101 0.10310062021017075 0.9921538233757019 -0.010760422796010971
1403638132.845097 0.9960930943489075 -0.05810521915555 -0.06650087982416153 -0.002901314990594983 0.050189632922410965 0.9920889735221863 -0.11506632715463638 -0.023046066984534264 0.07266075909137726 0.11127912253141403 0.9911292791366577 -0.011096296831965446
1403638132.895097 0.9953376054763794 -0.07205603271722794 -0.06411697715520859 -0.004283064976334572 0.06320028752088547 0.9893929958343506 -0.13079404830932617 -0.023147176951169968 0.07286139577627182 0.1261320263147354 0.9893341064453125 -0.011304068379104137
1403638132.945097 0.9944140911102295 -0.08138630539178848 -0.06720748543739319 -0.004381634294986725 0.07107385993003845 0.987067461013794 -0.14368829131126404 -0.023878812789916992 0.07803258299827576 0.1381089836359024 0.9873383045196533 -0.011846112087368965
1403638132.9950972 0.9940038323402405 -0.08118262887001038 -0.07325128465890884 -0.004456087481230497 0.06951931864023209 0.9862827062606812 -0.14971143007278442 -0.02401217631995678 0.08440044522285461 0.1437213271856308 0.9860126972198486 -0.011046500876545906
1403638133.0450969 0.9948555827140808 -0.06497658044099808 -0.07771973311901093 -0.0038267814088612795 0.0531754195690155 0.9879583716392517 -0.14529503881931305 -0.02492484450340271 0.08622462302446365 0.14041483402252197 0.9863311052322388 -0.011114385910332203
1403638133.095097 0.9959649443626404 -0.04535378888249397 -0.07743965834379196 -0.002628251211717725 0.03455354645848274 0.9901731014251709 -0.13551166653633118 -0.023034457117319107 0.08282463252544403 0.13228905200958252 0.9877447485923767 -0.011147930286824703
1403638133.145097 0.9966741800308228 -0.03618795797228813 -0.07301528751850128 -0.00233494327403605 0.026837125420570374 0.991767406463623 -0.12520895898342133 -0.02056150883436203 0.0769452378153801 0.1228330060839653 0.9894400238990784 -0.010182524099946022
1403638133.195097 0.997721254825592 -0.029665060341358185 -0.06059899553656578 -0.0010642906418070197 0.02212209813296795 0.9923382997512817 -0.12155450135469437 -0.019062785431742668 0.06374061852693558 0.11993692070245743 0.9907332062721252 -0.009269922971725464
1403638133.245097 0.9984971880912781 -0.030479932203888893 -0.04554131254553795 0.0010132684838026762 0.02465607225894928 0.9920536875724792 -0.12337611615657806 -0.015888120979070663 0.04893992841243744 0.12206785380840302 0.9913144111633301 -0.008389096707105637
1403638133.295097 0.999343991279602 -0.026755673810839653 -0.024404112249612808 0.003342816373333335 0.023592162877321243 0.9922748804092407 -0.12179495394229889 -0.013674471527338028 0.02747429721057415 0.12113933265209198 0.9922552108764648 -0.007393209263682365
1403638133.345097 0.9997270703315735 -0.02252068556845188 -0.006209481507539749 0.006031024269759655 0.021694472059607506 0.9936044216156006 -0.11081376671791077 -0.014058834873139858 0.008665371686220169 0.11064884066581726 0.9938217997550964 -0.007336895912885666
1403638133.395097 0.9997863173484802 -0.017200177535414696 0.011472751386463642 0.00900044571608305 0.01827281527221203 0.994709849357605 -0.10108498483896255 -0.012557207606732845 -0.009673378430306911 0.10127303749322891 0.9948116540908813 -0.007183167152106762
1403638133.445097 0.9992213845252991 -0.01284631248563528 0.03730367124080658 0.010064586065709591 0.016276316717267036 0.9955189824104309 -0.09315165877342224 -0.011533265002071857 -0.035939861088991165 0.09368631988763809 0.9949528574943542 -0.007484864443540573
1403638133.4950972 0.9979788064956665 -0.016514083370566368 0.06136293336749077 0.012150689959526062 0.021992268040776253 0.9957258105278015 -0.08970106393098831 -0.011006477288901806 -0.059619322419166565 0.09086927026510239 0.9940765500068665 -0.007961245253682137
1403638133.5450969 0.9960456490516663 -0.027787089347839355 0.08438580483198166 0.015148327685892582 0.03531847894191742 0.995395302772522 -0.08911073207855225 -0.00862106867134571 -0.08152112364768982 0.0917387306690216 0.9924404621124268 -0.007165011018514633
1403638133.595097 0.9940016269683838 -0.043482378125190735 0.10034875571727753 0.017072292044758797 0.051762279123067856 0.9953331351280212 -0.08143927156925201 -0.00884405616670847 -0.09633927792310715 0.0861450657248497 0.9916136264801025 -0.007777203805744648
1403638133.645097 0.9921029210090637 -0.05959204211831093 0.11036486178636551 0.020059039816260338 0.06791841238737106 0.9949955344200134 -0.07328639924526215 -0.007619262672960758 -0.1054452508687973 0.08020345866680145 0.9911855459213257 -0.007949218153953552
1403638133.695097 0.9900165796279907 -0.07176409661769867 0.12131339311599731 0.023449186235666275 0.08014144003391266 0.9946197271347046 -0.06564299762248993 -0.005601152777671814 -0.11594987660646439 0.07470989972352982 0.9904414415359497 -0.008536554872989655
1403638133.745097 0.9871400594711304 -0.07671855390071869 0.14024488627910614 0.024540279060602188 0.08548905700445175 0.9946720004081726 -0.05761262774467468 -0.005172398407012224 -0.13507768511772156 0.06886116415262222 0.9884393215179443 -0.009818920865654945
1403638133.795097 0.9838724136352539 -0.07840394228696823 0.1607726514339447 0.02632850594818592 0.08802530169487 0.9946743249893188 -0.0536116287112236 -0.004314537160098553 -0.15571311116218567 0.06689906120300293 0.9855343699455261 -0.00979035533964634
1403638133.845097 0.980906069278717 -0.07418005168437958 0.17977876961231232 0.029330162331461906 0.08440230786800385 0.9951823353767395 -0.04988397657871246 -0.0014157145051285625 -0.17521224915981293 0.06410524994134903 0.9824414253234863 -0.008448800072073936
1403638133.895097 0.9784007668495178 -0.07342653721570969 0.19323642551898956 0.03162701055407524 0.08333676308393478 0.9955646991729736 -0.043655745685100555 -0.00048581010196357965 -0.18917390704154968 0.058816518634557724 0.980180561542511 -0.008330241777002811
1403638133.945097 0.976150393486023 -0.07454117387533188 0.20389658212661743 0.033296290785074234 0.0847097709774971 0.9955372214317322 -0.041594475507736206 -9.244788816431537e-05 -0.19988611340522766 0.05787450075149536 0.9781085848808289 -0.009303617291152477
1403638133.9950972 0.9747664332389832 -0.07494563609361649 0.21026922762393951 0.03354426100850105 0.08589448779821396 0.9953578114509583 -0.043417464941740036 0.00021378726523835212 -0.206039160490036 0.06038286164402962 0.9766790270805359 -0.00845069345086813
1403638134.0450969 0.9747658371925354 -0.07092675566673279 0.21166203916072845 0.03038080409169197 0.08172603696584702 0.9957394599914551 -0.04270584508776665 -0.0009821625426411629 -0.20773129165172577 0.05892650783061981 0.976409375667572 -0.0056572239845991135
1403638134.095097 0.975906252861023 -0.06327907741069794 0.20881287753582 0.029550040140748024 0.07236813008785248 0.9967219829559326 -0.0361705981194973 -0.0011215514969080687 -0.20583955943584442 0.050410520285367966 0.9772864580154419 -0.004516181536018848
1403638134.145097 0.9770088791847229 -0.05379830300807953 0.2062997668981552 0.02805078588426113 0.06150555610656738 0.9976213574409485 -0.0311252623796463 -0.0013187616132199764 -0.20413455367088318 0.04309822991490364 0.9779937267303467 -0.0020522086415439844
1403638134.195097 0.9771209359169006 -0.04988207668066025 0.20675276219844818 0.02669047750532627 0.05824420228600502 0.997704267501831 -0.034553635865449905 -0.0020033856853842735 -0.2045544981956482 0.045805223286151886 0.9777829051017761 -0.000584831926971674
1403638134.245097 0.9765013456344604 -0.05664189159870148 0.2079346626996994 0.028400445356965065 0.06842184066772461 0.9964078068733215 -0.04989831894636154 -0.002438558731228113 -0.20436137914657593 0.06295304745435715 0.9768691062927246 -0.0005276836454868317
1403638134.295097 0.9756252765655518 -0.06454193592071533 0.20973725616931915 0.026148183271288872 0.07916776835918427 0.9949254393577576 -0.06209511309862137 -0.003615410067141056 -0.2046651691198349 0.0771859809756279 0.9757840037345886 0.0017235521227121353
1403638134.345097 0.9752339720726013 -0.07389568537473679 0.20846609771251678 0.022046014666557312 0.08845626562833786 0.9941859245300293 -0.061398547142744064 -0.004549024626612663 -0.20271702110767365 0.07831808924674988 0.976100504398346 0.0044349548406898975
1403638134.395097 0.9757303595542908 -0.08302653580904007 0.20262472331523895 0.01994948275387287 0.09623585641384125 0.9937697052955627 -0.05621722713112831 -0.005008624866604805 -0.19669480621814728 0.07435263693332672 0.9776415824890137 0.0067860740236938
1403638134.445097 0.9761487245559692 -0.09089867770671844 0.19715765118598938 0.0187409408390522 0.1025739535689354 0.9934772253036499 -0.04981634020805359 -0.00604966189712286 -0.19134335219860077 0.06885139644145966 0.9791052341461182 0.007632558699697256
1403638134.4950972 0.975936770439148 -0.09847355633974075 0.19455191493034363 0.01602672040462494 0.11011236160993576 0.9926649332046509 -0.04991713538765907 -0.007279993034899235 -0.18820931017398834 0.07013854384422302 0.9796212911605835 0.009241776540875435
1403638134.5450969 0.9754695296287537 -0.10872306674718857 0.19141151010990143 0.013876269571483135 0.12064269930124283 0.9913475513458252 -0.0517260916531086 -0.007640852592885494 -0.1841314733028412 0.07354962825775146 0.9801459908485413 0.010485729202628136
1403638134.595097 0.9756932258605957 -0.11815961450338364 0.18455635011196136 0.01100458949804306 0.13016058504581451 0.9900060296058655 -0.05428206920623779 -0.008152485825121403 -0.17629791796207428 0.07698459923267365 0.9813218116760254 0.011924825608730316
1403638134.645097 0.9757981300354004 -0.12211588770151138 0.18139947950839996 0.006595543120056391 0.13320881128311157 0.9898139834403992 -0.05023657903075218 -0.009329441003501415 -0.1734170913696289 0.0731847733259201 0.9821254014968872 0.012507129460573196
1403638134.695097 0.9767451882362366 -0.1226600930094719 0.1758510172367096 0.004519923590123653 0.13199801743030548 0.9903436303138733 -0.04238114878535271 -0.009987695142626762 -0.1689544916152954 0.06460756063461304 0.9835039973258972 0.012920081615447998
1403638134.745097 0.9778725504875183 -0.12301391363143921 0.1692124754190445 0.001741599990054965 0.13026095926761627 0.9909511208534241 -0.03237268328666687 -0.010075137950479984 -0.16369903087615967 0.05369815230369568 0.9850476980209351 0.014197112992405891
1403638134.795097 0.9791128635406494 -0.11893303692340851 0.1649022102355957 0.00011424929834902287 0.12391728162765503 0.9920861721038818 -0.020237473770976067 -0.010211832821369171 -0.1611902415752411 0.04024900123476982 0.986102283000946 0.015266566537320614
1403638134.845097 0.9800269603729248 -0.1133158951997757 0.1634213924407959 -0.0019869981333613396 0.11710695922374725 0.9930246472358704 -0.013722391799092293 -0.01073385775089264 -0.16072644293308258 0.032586097717285156 0.9864609241485596 0.01569303311407566
1403638134.895097 0.9802902340888977 -0.11045137792825699 0.16380245983600616 -0.0035711508244276047 0.11448003351688385 0.9933072924613953 -0.01533260103315115 -0.01087363250553608 -0.16101263463497162 0.03378250449895859 0.9863739013671875 0.016577640548348427
1403638134.945097 0.9801920056343079 -0.11004786938428879 0.16465991735458374 -0.005620481446385384 0.11540285497903824 0.9930457472801208 -0.023286785930395126 -0.011389564722776413 -0.1609521508216858 0.041827745735645294 0.9860754609107971 0.0168624147772789
1403638134.9950972 0.9799653887748718 -0.11001478135585785 0.1660253405570984 -0.008349456824362278 0.11628945171833038 0.992805540561676 -0.02852790802717209 -0.012237027287483215 -0.16169239580631256 0.047263361513614655 0.9857087731361389 0.016969719901680946
1403638135.0450969 0.9806408286094666 -0.1034424677491188 0.16626183688640594 -0.010477835312485695 0.10928976535797119 0.9936596155166626 -0.02638874016702175 -0.011874878779053688 -0.16247794032096863 0.044048603624105453 0.9857285022735596 0.017686190083622932
1403638135.095097 0.9820080995559692 -0.09514027088880539 0.16312050819396973 -0.011509713716804981 0.09932687878608704 0.9948976039886475 -0.017686080187559128 -0.012353810481727123 -0.16060557961463928 0.03357011824846268 0.9864475727081299 0.017016857862472534
1403638135.145097 0.9834102392196655 -0.08748823404312134 0.15890294313430786 -0.012864481657743454 0.09042110294103622 0.9958394765853882 -0.011307578533887863 -0.011748986318707466 -0.15725252032279968 0.025488166138529778 0.9872293472290039 0.017744066193699837
1403638135.195097 0.9840899705886841 -0.0823899656534195 0.15741272270679474 -0.013373106718063354 0.08434892445802689 0.9964194297790527 -0.005793446209281683 -0.011092716827988625 -0.15637177228927612 0.018978863954544067 0.9875158667564392 0.017715301364660263
1403638135.245097 0.9843928217887878 -0.07865928113460541 0.15742704272270203 -0.014052900485694408 0.0796554908156395 0.9968225359916687 -1.8907710909843445e-05 -0.01030849851667881 -0.15692535042762756 0.01255854219198227 0.9875305891036987 0.017929919064044952
1403638135.295097 0.9844297170639038 -0.074915312230587 0.1590147465467453 -0.013706721365451813 0.0759895071387291 0.9971083998680115 -0.0006769942119717598 -0.010017545893788338 -0.1585042029619217 0.012749908491969109 0.9872759580612183 0.017420891672372818
1403638135.345097 0.9839193820953369 -0.07494961470365524 0.16212616860866547 -0.01336592249572277 0.07696422934532166 0.9970147609710693 -0.006172480061650276 -0.009087258949875832 -0.1611795425415039 0.018551141023635864 0.9867506623268127 0.017666758969426155
1403638135.395097 0.9831175804138184 -0.07398752868175507 0.16734842956066132 -0.012411666102707386 0.07665639370679855 0.9970119595527649 -0.009535843506455421 -0.008292410522699356 -0.1661428064107895 0.022203190252184868 0.9858517050743103 0.016894228756427765
1403638135.445097 0.982038676738739 -0.06824983656406403 0.17590302228927612 -0.011278335936367512 0.07058324664831161 0.997481107711792 -0.0070353844203054905 -0.007346637547016144 -0.17497976124286652 0.019324827939271927 0.9843823313713074 0.016583021730184555
1403638135.4950972 0.981206476688385 -0.06351974606513977 0.1822061389684677 -0.010089599527418613 0.06488487869501114 0.9978914856910706 -0.0015346797881647944 -0.0066735041327774525 -0.1817244589328766 0.013328255154192448 0.9832590818405151 0.016302209347486496
1403638135.5450969 0.980593204498291 -0.06234866380691528 0.18587517738342285 -0.008424910716712475 0.06185927987098694 0.9980491399765015 0.00843716412782669 -0.006029886193573475 -0.18603862822055817 0.003224671818315983 0.982537031173706 0.015457069501280785
1403638135.595097 0.9791904091835022 -0.056574247777462006 0.19489872455596924 -0.006622588727623224 0.05461050570011139 0.9983882308006287 0.015438688918948174 -0.005699244327843189 -0.1954580396413803 -0.004473904147744179 0.9807018041610718 0.01494419202208519
1403638135.645097 0.9774011373519897 -0.05624523386359215 0.20377305150032043 -0.004320502746850252 0.05484030395746231 0.9984163641929626 0.012539329938590527 -0.005762869026511908 -0.20415568351745605 -0.0010809737723320723 0.9789378046989441 0.013381454162299633
1403638135.695097 0.9746745824813843 -0.06580088287591934 0.21372786164283752 -0.001991107827052474 0.06629034876823425 0.9977884888648987 0.004883942194283009 -0.005797686520963907 -0.21357658505439758 0.00940784439444542 0.9768810272216797 0.012287531979382038
1403638135.745097 0.9722545742988586 -0.0789581909775734 0.22019684314727783 0.0002115683164447546 0.08145035058259964 0.9966747164726257 -0.002247135853394866 -0.005570921115577221 -0.2192872315645218 0.020119890570640564 0.9754527807235718 0.011187847703695297
1403638135.795097 0.9705606698989868 -0.0891093835234642 0.22376684844493866 0.0022222576662898064 0.09163889288902283 0.9957917928695679 -0.0009237157646566629 -0.005028332583606243 -0.22274288535118103 0.021402260288596153 0.9746422171592712 0.010064328089356422
1403638135.845097 0.9698891043663025 -0.08521784842014313 0.2281516194343567 0.0037979185581207275 0.08661061525344849 0.9962344169616699 0.003919617738574743 -0.004487158264964819 -0.22762653231620789 0.0159587562084198 0.973617672920227 0.009345307014882565
1403638135.895097 0.9690151810646057 -0.07320193201303482 0.23590455949306488 0.005225488916039467 0.07163462042808533 0.9973148703575134 0.015219364315271378 -0.0032681114971637726 -0.23638522624969482 0.002151134889572859 0.9716569781303406 0.008037332445383072
1403638135.945097 0.9684117436408997 -0.06295167654752731 0.24127936363220215 0.006879085209220648 0.05783560127019882 0.9979267716407776 0.028234824538230896 -0.003009424079209566 -0.2425566166639328 -0.013388402760028839 0.9700448513031006 0.006184426601976156
1403638135.9950972 0.9667356610298157 -0.05570216849446297 0.2496384084224701 0.008776037953794003 0.04892643541097641 0.9982481598854065 0.03327066823840141 -0.0031681659165769815 -0.2510543465614319 -0.019950030371546745 0.9677672982215881 0.004704412538558245
1403638136.0450969 0.9639806747436523 -0.049983203411102295 0.2612334191799164 0.010356939397752285 0.04490078240633011 0.9986687898635864 0.02539176493883133 -0.003074204782024026 -0.262154757976532 -0.012747587636113167 0.9649416208267212 0.004386843182146549
1403638136.095097 0.96091628074646 -0.05172170698642731 0.27196478843688965 0.012489940039813519 0.05094199627637863 0.9986523389816284 0.009931453503668308 -0.003976179752498865 -0.2721118628978729 0.004311134107410908 0.9622559547424316 0.0023057162761688232
1403638136.145097 0.9581907987594604 -0.0615948922932148 0.27942153811454773 0.014678956009447575 0.06592614948749542 0.9978058934211731 -0.006120137870311737 -0.004269540309906006 -0.2784314751625061 0.024285441264510155 0.9601489901542664 0.001122371992096305
1403638136.195097 0.9562074542045593 -0.0715460404753685 0.2838103771209717 0.017664683982729912 0.08050616830587387 0.9965531229972839 -0.020017540082335472 -0.004423582460731268 -0.28139981627464294 0.04198940098285675 0.9586714506149292 -0.0005125780589878559
1403638136.245097 0.9541261792182922 -0.07546325773000717 0.28973841667175293 0.020056752488017082 0.08600418269634247 0.9960104823112488 -0.02380315214395523 -0.004328869748860598 -0.28678613901138306 0.04762991890311241 0.9568098187446594 -0.0019340314902365208
1403638136.295097 0.9513217806816101 -0.07171367853879929 0.2997397184371948 0.022478774189949036 0.08302054554224014 0.9962306618690491 -0.025141526013612747 -0.0037341215647757053 -0.2968069314956665 0.04880223423242569 0.953689694404602 -0.003203269559890032
1403638136.345097 0.9486067891120911 -0.06632180511951447 0.30942949652671814 0.02497832477092743 0.07685831934213638 0.9967999458312988 -0.021971959620714188 -0.00302373175509274 -0.3069820702075958 0.04462498053908348 0.9506685733795166 -0.004653303883969784
1403638136.395097 0.9466387629508972 -0.06421182304620743 0.31583526730537415 0.02553979493677616 0.07338042557239532 0.997155487537384 -0.017210155725479126 -0.002305195899680257 -0.3138318359851837 0.03946792706847191 0.9486579298973083 -0.005216536112129688
1403638136.445097 0.9447418451309204 -0.060081783682107925 0.3222625255584717 0.026863982900977135 0.06738729774951935 0.9976599812507629 -0.01155080646276474 -0.0015592776471748948 -0.32081446051597595 0.032628923654556274 0.9465798735618591 -0.005989497527480125
1403638136.4950972 0.9430974721908569 -0.06234635040163994 0.3266189396381378 0.02895386889576912 0.06867943704128265 0.9976075887680054 -0.007881410419940948 -0.00038584801950491965 -0.32534608244895935 0.02986494079232216 0.9451231956481934 -0.006240762770175934
1403638136.5450969 0.9409010410308838 -0.07530424743890762 0.3302031457424164 0.029203219339251518 0.0801796019077301 0.99677973985672 -0.0011488073505461216 -0.0004316646372899413 -0.32905328273773193 0.02755647338926792 0.9439091086387634 -0.006548473611474037
1403638136.595097 0.9402171969413757 -0.08752905577421188 0.32913562655448914 0.028941713273525238 0.09267827868461609 0.9956961274147034 4.44948673248291e-05 -0.0008402017992921174 -0.3277229070663452 0.030461883172392845 0.9442825317382812 -0.006869414821267128
1403638136.645097 0.9420527815818787 -0.09716232120990753 0.3210853040218353 0.028156857937574387 0.10351723432540894 0.9946239590644836 -0.0027367607690393925 -0.0014536662492901087 -0.31909313797950745 0.035816024988889694 0.9470462799072266 -0.007108085323125124
1403638136.695097 0.9445851445198059 -0.1046236976981163 0.3111475110054016 0.025620875880122185 0.11159780621528625 0.9937425851821899 -0.004642813466489315 -0.0026791817508637905 -0.30871474742889404 0.039108917117118835 0.9503503441810608 -0.007165179122239351
1403638136.745097 0.9485601782798767 -0.10920868813991547 0.29716527462005615 0.02510702982544899 0.11614404618740082 0.9932159781455994 -0.005726795643568039 -0.0033737458288669586 -0.29452386498451233 0.03994618356227875 0.9548088908195496 -0.0072240340523421764
1403638136.795097 0.9530127644538879 -0.11626981198787689 0.27972880005836487 0.02309037372469902 0.12400174140930176 0.9922314286231995 -0.010040750727057457 -0.004493435844779015 -0.2763882279396057 0.0442558191716671 0.9600265622138977 -0.007176247425377369
1403638136.845097 0.9566569924354553 -0.12770529091358185 0.26172295212745667 0.020267559215426445 0.13773643970489502 0.990261435508728 -0.02026895433664322 -0.0054920571856200695 -0.2565857470035553 0.05543922260403633 0.9649301171302795 -0.006649029906839132
1403638136.895097 0.958926260471344 -0.1436241716146469 0.24460676312446594 0.01795561984181404 0.15701031684875488 0.9869394898414612 -0.036028943955898285 -0.006369375623762608 -0.23623749613761902 0.07295488566160202 0.9689527153968811 -0.006126648746430874
1403638136.945097 0.9601917862892151 -0.15681393444538116 0.23117350041866302 0.015690680593252182 0.1738252192735672 0.9832381010055542 -0.055024128407239914 -0.0066432952880859375 -0.2186700403690338 0.09301748126745224 0.9713552594184875 -0.005485736299306154
1403638136.9950972 0.9610374569892883 -0.16589844226837158 0.2210989147424698 0.01372825913131237 0.18501035869121552 0.9803401231765747 -0.06858918070793152 -0.0064276945777237415 -0.20537322759628296 0.10682234913110733 0.972836434841156 -0.004536550957709551
1403638137.0450969 0.9625990986824036 -0.169874906539917 0.21105794608592987 0.010621710680425167 0.1891767382621765 0.9790934920310974 -0.07475651800632477 -0.0055282567627727985 -0.19394615292549133 0.11188782751560211 0.9746106266975403 -0.00355376023799181
1403638137.095097 0.9651136994361877 -0.16484539210796356 0.20342442393302917 0.009410793893039227 0.1823481023311615 0.9807105660438538 -0.07039985805749893 -0.004996692296117544 -0.18789535760879517 0.10503792762756348 0.9765563011169434 -0.003311342792585492
1403638137.145097 0.9676353931427002 -0.15474076569080353 0.1993415802717209 0.007221166975796223 0.17011255025863647 0.9834507703781128 -0.06234033778309822 -0.003206509631127119 -0.18639598786830902 0.09423322230577469 0.9779451489448547 -0.00138404022436589
1403638137.195097 0.9708004593849182 -0.14329646527767181 0.19238653779029846 0.005323645193129778 0.15550640225410461 0.986575722694397 -0.04986283555626869 -0.0013708320911973715 -0.18265868723392487 0.07832421362400055 0.9800516366958618 -0.00032771762926131487
1403638137.245097 0.9737793207168579 -0.12998388707637787 0.18670333921909332 0.003655135864391923 0.13899652659893036 0.9896395802497864 -0.03596462681889534 0.0009422933217138052 -0.1800941377878189 0.060972731560468674 0.9817578196525574 0.0010209562024101615
1403638137.295097 0.9761543869972229 -0.11922597885131836 0.18140536546707153 0.002336652483791113 0.12598897516727448 0.9916860461235046 -0.026184115558862686 0.0030478239059448242 -0.1767752766609192 0.048414818942546844 0.9830597639083862 0.0023020815569907427
1403638137.345097 0.9777812361717224 -0.11403634399175644 0.17589642107486725 0.0017016766360029578 0.1190902590751648 0.9927125573158264 -0.01841355301439762 0.004419991280883551 -0.17251482605934143 0.038951970636844635 0.9842364192008972 0.002408847911283374
1403638137.395097 0.9785848259925842 -0.10624474287033081 0.17630596458911896 0.0008730673580430448 0.10980365425348282 0.9938974976539612 -0.010525903664529324 0.00656219432130456 -0.1741117537021637 0.02965952642261982 0.9842790961265564 0.003358735702931881
1403638137.445097 0.9790927171707153 -0.09654033184051514 0.1790456771850586 0.00019888189854100347 0.09794250875711441 0.9951915740966797 0.0010126503184437752 0.00863073393702507 -0.17828252911567688 0.016544707119464874 0.9838402271270752 0.004332501441240311
1403638137.4950972 0.9795726537704468 -0.08364512771368027 0.18286791443824768 -0.00043053203262388706 0.08234240859746933 0.9964953660964966 0.014718861319124699 0.01057153195142746 -0.18345816433429718 0.0006395867094397545 0.9830273985862732 0.005160614848136902
1403638137.5450969 0.9799820184707642 -0.06929442286491394 0.18663746118545532 -0.0008685271022841334 0.06486192345619202 0.9974504113197327 0.029759451746940613 0.012864790856838226 -0.18822374939918518 -0.017058061435818672 0.9819779992103577 0.00632593734189868
1403638137.595097 0.9795593023300171 -0.05192779377102852 0.1943376660346985 -0.0011595512041822076 0.04460147023200989 0.998126208782196 0.04188947752118111 0.014549829997122288 -0.19614872336387634 -0.03236548602581024 0.9800398945808411 0.007002701051533222
1403638137.645097 0.9787702560424805 -0.04644998162984848 0.19962769746780396 -0.0014237627619877458 0.03800945729017258 0.9982221126556396 0.045909907668828964 0.01591680198907852 -0.201405331492424 -0.03734750673174858 0.9787957072257996 0.0074389101937413216
1403638137.695097 0.977184534072876 -0.04431929811835289 0.2077162265777588 -0.0016074718441814184 0.03589187189936638 0.998379111289978 0.04416832700371742 0.017112920060753822 -0.20933708548545837 -0.035705287009477615 0.9771913886070251 0.007685963995754719
1403638137.745097 0.975587010383606 -0.04503443464636803 0.21494607627391815 -0.001814464689232409 0.03717770054936409 0.9984893202781677 0.040458131581544876 0.01844923198223114 -0.21644335985183716 -0.03147922456264496 0.9757875204086304 0.00853277463465929
1403638137.795097 0.9746392965316772 -0.04986686259508133 0.2181546539068222 -0.0019005583599209785 0.041410598903894424 0.9982091784477234 0.043167345225811005 0.019281918182969093 -0.21991661190986633 -0.033038679510354996 0.9749590754508972 0.008753917180001736
1403638137.845097 0.9739423394203186 -0.04756968095898628 0.22175084054470062 -0.001995284343138337 0.03736460208892822 0.9980503916740417 0.04999294877052307 0.020320730283856392 -0.22369663417339325 -0.04040462151169777 0.9738209843635559 0.008901894092559814
1403638137.895097 0.9735860228538513 -0.04021530598402023 0.22475102543830872 -0.0019956256728619337 0.026575779542326927 0.9976351261138916 0.06338745355606079 0.02111736498773098 -0.2267686426639557 -0.05574021115899086 0.9723523259162903 0.009102707728743553
1403638137.945097 0.9733171463012695 -0.032262951135635376 0.22718460857868195 -0.002094862051308155 0.014173902571201324 0.9966288208961487 0.08080866932868958 0.020992258563637733 -0.22902587056159973 -0.07543236762285233 0.9704932570457458 0.009009739384055138
1403638137.9950972 0.9737309813499451 -0.025435490533709526 0.22627654671669006 -0.002222409239038825 0.004086520057171583 0.9955334067344666 0.0943213701248169 0.02153324894607067 -0.2276649922132492 -0.09091895073652267 0.9694857001304626 0.009193305857479572
1403638138.0450969 0.9741033911705017 -0.019549088552594185 0.22525624930858612 -0.0023078680969774723 -0.0023776600137352943 0.9953144788742065 0.09666135162115097 0.022740084677934647 -0.2260904759168625 -0.09469374269247055 0.9694926738739014 0.00934513658285141
1403638138.095097 0.9741182327270508 -0.017819127067923546 0.22533541917800903 -0.0023659502621740103 -0.0033876621164381504 0.9956250190734863 0.09337704628705978 0.02291320636868477 -0.22601349651813507 -0.09172363579273224 0.9697961807250977 0.009555228985846043
1403638138.145097 0.9733588695526123 -0.023943359032273293 0.22803355753421783 -0.002367899054661393 0.006583190988749266 0.9970410466194153 0.07658831775188446 0.02286924421787262 -0.22919262945652008 -0.0730467289686203 0.9706363677978516 0.009623371064662933
