1305031454.091651 0.9994794726371765 0.025550683960318565 -0.01969187892973423 -0.011124618351459503 -0.0255079697817564 0.9996716976165771 0.002417179988697171 -0.0007264469750225544 0.01974717527627945 -0.0019136222545057535 0.9998031258583069 0.0011492203921079636
1305031454.127701 0.9972745180130005 0.04970048367977142 -0.05452890321612358 -0.013786785304546356 -0.04989956319332123 0.9987515211105347 -0.0022947024554014206 -0.00017015206685755402 0.054346781224012375 0.005009416490793228 0.9985095262527466 -1.3622280675917864e-05
1305031454.159672 0.9938777685165405 0.07282295823097229 -0.08308885991573334 -0.022164683789014816 -0.07335112243890762 0.9973006248474121 -0.003317709546536207 0.0034560717176645994 0.0826229676604271 0.009392058476805687 0.9965366125106812 -0.002293051453307271
1305031454.191658 0.9869620203971863 0.10017970204353333 -0.12597626447677612 -0.01956288330256939 -0.10026482492685318 0.9949445724487305 0.005681061185896397 0.0031372210942208767 0.12590853869915009 0.007023993879556656 0.9920169115066528 0.00028720940463244915
1305031454.227671 0.9784507751464844 0.13453470170497894 -0.15663482248783112 -0.030469048768281937 -0.13368460536003113 0.9908947944641113 0.01599827967584133 -0.002471486572176218 0.1573609709739685 0.0052861412987113 0.9875269532203674 0.0013705072924494743
1305031454.259627 0.9709516763687134 0.16381880640983582 -0.17440232634544373 -0.04536864161491394 -0.1663985550403595 0.9860585331916809 -0.00017222542373929173 0.006983153522014618 0.17194266617298126 0.029187509790062904 0.9846744537353516 0.0010960293002426624
1305031454.291639 0.9627892374992371 0.18349041044712067 -0.19841420650482178 -0.04430156946182251 -0.1853664517402649 0.9826259613037109 0.009241377003490925 0.0076806736178696156 0.19666264951229095 0.027881834656000137 0.9800747036933899 -0.001443648710846901
1305031454.327699 0.9486079812049866 0.20579761266708374 -0.2403963953256607 -0.031913965940475464 -0.20954009890556335 0.9777470827102661 0.010177644900977612 0.006574171129614115 0.2371414452791214 0.04071807116270065 0.9706214070320129 0.004343654494732618
1305031454.359636 0.9344324469566345 0.22990702092647552 -0.2719903588294983 -0.03172828257083893 -0.2367817908525467 0.9715319871902466 0.007740882225334644 0.006399414036422968 0.26602703332901 0.057169023901224136 0.9622688889503479 0.003686908632516861
1305031454.391677 0.9220623970031738 0.253587007522583 -0.29239463806152344 -0.033117786049842834 -0.2612857222557068 0.965172529220581 0.013110402040183544 0.007420459296554327 0.2855359613895416 0.06430995464324951 0.9562078714370728 0.0037308456376194954
1305031454.427465 0.9130678176879883 0.29255014657974243 -0.2841152846813202 -0.0627562627196312 -0.298551470041275 0.9541167616844177 0.022980954498052597 0.008236230351030827 0.2778021991252899 0.0638398751616478 0.9585148692131042 -0.0012335143983364105
1305031454.459913 0.895125150680542 0.31812480092048645 -0.31232622265815735 -0.0599885918200016 -0.32442742586135864 0.9453321099281311 0.03307594731450081 0.006410092581063509 0.3057743012905121 0.07172007858753204 0.9493989944458008 -0.004240158013999462
1305031454.491617 0.8844568729400635 0.3477253317832947 -0.3111639618873596 -0.07716700434684753 -0.35920843482017517 0.9330071210861206 0.02161468006670475 0.02134193666279316 0.2978341281414032 0.0926554873585701 0.9501104354858398 -0.0019050035625696182
1305031454.5277 0.8680471777915955 0.3756875693798065 -0.3245806396007538 -0.0793595165014267 -0.3881791830062866 0.9211565256118774 0.02806408517062664 0.026518452912569046 0.3095327615737915 0.10163448750972748 0.9454416036605835 -0.003915334120392799
1305031454.559575 0.8546375036239624 0.3966480493545532 -0.33505916595458984 -0.0817156434059143 -0.40752777457237244 0.9122940301895142 0.0405036136507988 0.029541734606027603 0.3217381536960602 0.10193002223968506 0.9413260817527771 -0.0037805866450071335
1305031454.591635 0.8320716023445129 0.4284668564796448 -0.35223960876464844 -0.08847041428089142 -0.4389345049858093 0.8968877792358398 0.05411597713828087 0.037222977727651596 0.33910638093948364 0.10958174616098404 0.9343439936637878 -0.006476834416389465
1305031454.62758 0.8107611536979675 0.44868654012680054 -0.3759607672691345 -0.08876284956932068 -0.45697855949401855 0.8865157961845398 0.07252699136734009 0.03737423196434975 0.36583706736564636 0.1130039393901825 0.9237929582595825 -0.00766005739569664
1305031454.659528 0.79327392578125 0.4611546993255615 -0.3975584805011749 -0.08962041884660721 -0.46772176027297974 0.879582405090332 0.08701151609420776 0.04548928514122963 0.38981112837791443 0.11692274361848831 0.913442075252533 -0.012181909754872322
1305031454.691884 0.7742558717727661 0.4732244610786438 -0.42022189497947693 -0.09029172360897064 -0.47216227650642395 0.8740630149841309 0.11435295641422272 0.04559753090143204 0.42141494154930115 0.10987444221973419 0.9001873135566711 -0.011448873206973076
1305031454.727659 0.7573197484016418 0.4765777587890625 -0.44647565484046936 -0.08572247624397278 -0.4713120758533478 0.8721134662628174 0.1314648985862732 0.047177381813526154 0.45203059911727905 0.1108684167265892 0.8850855827331543 -0.011314500123262405
1305031454.759732 0.7574436068534851 0.4676189720630646 -0.4556443393230438 -0.08189167827367783 -0.45637446641921997 0.8782713413238525 0.14269542694091797 0.04875730723142624 0.4669063091278076 0.09986069053411484 0.8786502480506897 -0.012987654656171799
1305031454.791641 0.7612448930740356 0.45714524388313293 -0.4599177837371826 -0.0799674317240715 -0.4425455331802368 0.8846450448036194 0.14682123064994812 0.0539698451757431 0.47398263216018677 0.09176766872406006 0.8757390975952148 -0.012581679970026016
1305031454.82757 0.7671698927879333 0.44315388798713684 -0.46375083923339844 -0.07535559684038162 -0.4237944781780243 0.8928863406181335 0.15215849876403809 0.057351332157850266 0.48150643706321716 0.07980363070964813 0.872801661491394 -0.012659324333071709
1305031454.85962 0.7765830159187317 0.4351676404476166 -0.4555742144584656 -0.0726841390132904 -0.41198477149009705 0.8978496789932251 0.15535259246826172 0.06340686231851578 0.4766415059566498 0.06704547256231308 0.8765373229980469 -0.01356014609336853
1305031454.891764 0.7876449227333069 0.4264411926269531 -0.4447062015533447 -0.07204049080610275 -0.39913615584373474 0.9030033946037292 0.15898199379444122 0.06572931259870529 0.4693676233291626 0.052276983857154846 0.8814539909362793 -0.01402573473751545
1305031454.927567 0.8006070256233215 0.41170623898506165 -0.43534624576568604 -0.07025671750307083 -0.3838596045970917 0.9102987051010132 0.1549454778432846 0.07303902506828308 0.46008720993995667 0.04306139796972275 0.8868288993835449 -0.015583714470267296
1305031454.959648 0.8115161657333374 0.40304818749427795 -0.42307645082473755 -0.07176618278026581 -0.3717177212238312 0.9147285223007202 0.15842215716838837 0.07613765448331833 0.4508518576622009 0.028702886775135994 0.8921372294425964 -0.017482992261648178
1305031454.991937 0.820400059223175 0.3945545256137848 -0.4138484001159668 -0.07488168030977249 -0.3603403866291046 0.918722927570343 0.1615639179944992 0.07877160608768463 0.4439578056335449 0.01657923310995102 0.8958942294120789 -0.02148936502635479
1305031455.027799 0.8259807825088501 0.38579636812210083 -0.41099509596824646 -0.0773957148194313 -0.3560546040534973 0.9223150014877319 0.15020014345645905 0.09084992110729218 0.4370137155056 0.022274285554885864 0.8991789817810059 -0.025112340226769447
1305031455.059636 0.8304763436317444 0.38334423303604126 -0.40417349338531494 -0.08030709624290466 -0.3516499996185303 0.9234873652458191 0.15334109961986542 0.09318114072084427 0.4320315718650818 0.01478148065507412 0.9017373323440552 -0.026454539969563484
1305031455.0917 0.8346357941627502 0.3827105760574341 -0.3961259722709656 -0.08472058922052383 -0.35548660159111023 0.9236253499984741 0.14333663880825043 0.09944094717502594 0.420728474855423 0.02118360809981823 0.9069392085075378 -0.029864942654967308
1305031455.127695 0.8396224975585938 0.3812139630317688 -0.38692373037338257 -0.08833607286214828 -0.35535940527915955 0.9242621660232544 0.13949498534202576 0.10420447587966919 0.41079655289649963 0.0203738734126091 0.9114993810653687 -0.034192997962236404
1305031455.15972 0.8471245765686035 0.3750588893890381 -0.3764447271823883 -0.0938263013958931 -0.3482787013053894 0.9269137382507324 0.13975970447063446 0.10748564451932907 0.4013499915599823 0.012713797390460968 0.91583651304245 -0.03814719244837761
1305031455.191655 0.8590417504310608 0.36341723799705505 -0.36052075028419495 -0.10575254261493683 -0.3377780020236969 0.9316038489341736 0.13423794507980347 0.11829929798841476 0.3846469819545746 0.006460004486143589 0.9230412244796753 -0.041922733187675476
1305031455.227581 0.8663496375083923 0.353904664516449 -0.35240569710731506 -0.11224246025085449 -0.3279198408126831 0.9352813959121704 0.1331055909395218 0.1203259751200676 0.3767051696777344 0.0002448810264468193 0.9263331890106201 -0.045103542506694794
1305031455.259631 0.8748908042907715 0.34228333830833435 -0.3426486849784851 -0.11760193854570389 -0.31686437129974365 0.9395846724510193 0.1295277178287506 0.12867087125778198 0.3662826716899872 -0.004749436862766743 0.9304915070533752 -0.04827959090471268
1305031455.291831 0.8843358159065247 0.32699090242385864 -0.3332071602344513 -0.12119551748037338 -0.29502028226852417 0.9445817470550537 0.14397260546684265 0.12702371180057526 0.36181923747062683 -0.02901727519929409 0.9317966103553772 -0.04384046792984009
1305031455.327766 0.8947616219520569 0.3077906668186188 -0.32352185249328613 -0.13005240261554718 -0.27357837557792664 0.9504560828208923 0.14760726690292358 0.13178309798240662 0.35292547941207886 -0.04356478154659271 0.9346367120742798 -0.048725713044404984
1305031455.35963 0.9007997512817383 0.295443058013916 -0.31823426485061646 -0.1346188187599182 -0.25681549310684204 0.9534251093864441 0.15819647908210754 0.1372430920600891 0.3501506745815277 -0.06077590957283974 0.9347196817398071 -0.051328472793102264
1305031455.391665 0.9101254343986511 0.2839086949825287 -0.3017739951610565 -0.14116966724395752 -0.2404540777206421 0.9550594687461853 0.17332957684993744 0.13800358772277832 0.33742183446884155 -0.08518890291452408 0.9374909996986389 -0.049859821796417236
1305031455.427642 0.9222012162208557 0.265174001455307 -0.28147417306900024 -0.15215769410133362 -0.2196435183286667 0.9582391977310181 0.1831238865852356 0.1384596824645996 0.3182792067527771 -0.10705313086509705 0.9419331550598145 -0.055180374532938004
1305031455.459589 0.9301717281341553 0.2494976967573166 -0.26931658387184143 -0.16323043406009674 -0.2028685212135315 0.9607236385345459 0.18935254216194153 0.1375957578420639 0.30598175525665283 -0.12149457633495331 0.9442532658576965 -0.05906878039240837
1305031455.491637 0.9381292462348938 0.22832085192203522 -0.260351300239563 -0.17136244475841522 -0.18270888924598694 0.9650348424911499 0.1879499852657318 0.14276567101478577 0.294160932302475 -0.1287529170513153 0.9470438361167908 -0.05969894677400589
1305031455.52761 0.9471372961997986 0.20403601229190826 -0.24758848547935486 -0.18373747169971466 -0.15720726549625397 0.9678738117218018 0.19622991979122162 0.13855327665805817 0.2796722650527954 -0.14693400263786316 0.9487854242324829 -0.06571705639362335
1305031455.559669 0.9539275765419006 0.17814494669437408 -0.24142585694789886 -0.19814935326576233 -0.13149572908878326 0.9714884161949158 0.19727949798107147 0.13653165102005005 0.26968666911125183 -0.15644389390945435 0.9501549005508423 -0.07244215905666351
1305031455.591645 0.9574109315872192 0.14995819330215454 -0.24673177301883698 -0.20384128391742706 -0.10434350371360779 0.9764947891235352 0.18860086798667908 0.14278557896614075 0.26921457052230835 -0.15482376515865326 0.9505541920661926 -0.07273349165916443
1305031455.627617 0.9628658294677734 0.1255655288696289 -0.23900286853313446 -0.21599291265010834 -0.07753849029541016 0.9765810966491699 0.200691357254982 0.13543137907981873 0.25860562920570374 -0.17470699548721313 0.9500530362129211 -0.07589911669492722
1305031455.659615 0.9660807847976685 0.11528288573026657 -0.23107902705669403 -0.22893022000789642 -0.0694853737950325 0.977867841720581 0.19734805822372437 0.13046248257160187 0.24871563911437988 -0.1745976060628891 0.9527100324630737 -0.08052363991737366
1305031455.691605 0.9682124853134155 0.11719807982444763 -0.22097310423851013 -0.24223122000694275 -0.07708204537630081 0.9802441596984863 0.18215322494506836 0.1356722116470337 0.23795558512210846 -0.15933001041412354 0.9581186175346375 -0.08486679941415787
1305031455.727628 0.969270646572113 0.12699608504772186 -0.21068072319030762 -0.2540800869464874 -0.08885544538497925 0.9793586134910583 0.18155324459075928 0.13261373341083527 0.2293885052204132 -0.157254159450531 0.9605478644371033 -0.088554248213768
1305031455.759683 0.9716471433639526 0.13258954882621765 -0.1957593709230423 -0.2655355632305145 -0.0976448804140091 0.9790855646133423 0.17848530411720276 0.13138724863529205 0.21533048152923584 -0.15430991351604462 0.9642724394798279 -0.09335830062627792
1305031455.791666 0.9746608734130859 0.13296981155872345 -0.17987580597400665 -0.27824410796165466 -0.10014588385820389 0.9784360527992249 0.18064822256565094 0.1230652779340744 0.20001772046089172 -0.15805697441101074 0.9669597148895264 -0.09812615811824799
1305031455.82759 0.9738381505012512 0.13141733407974243 -0.18538859486579895 -0.27463147044181824 -0.09941709041595459 0.9799875020980835 0.1724551022052765 0.12246444821357727 0.2043420970439911 -0.14951257407665253 0.9674142003059387 -0.10324539244174957
1305031455.859526 0.974760115146637 0.13515451550483704 -0.1776960790157318 -0.285200834274292 -0.10371668636798859 0.9789725542068481 0.17565762996673584 0.11700855195522308 0.19770047068595886 -0.1527940332889557 0.9682812690734863 -0.10802722722291946
1305031455.891657 0.9761905074119568 0.1364823877811432 -0.16859614849090576 -0.29493147134780884 -0.10666701197624207 0.9788162112236023 0.17475983500480652 0.11448562890291214 0.18887625634670258 -0.1526152491569519 0.970069169998169 -0.11282558739185333
1305031455.927955 0.9770514965057373 0.13722467422485352 -0.1629101186990738 -0.2996775805950165 -0.10773136466741562 0.9781498908996582 0.177810937166214 0.11006584018468857 0.18375058472156525 -0.15617993474006653 0.9704861640930176 -0.11695485562086105
1305031455.959716 0.9779995083808899 0.14059364795684814 -0.15411095321178436 -0.3072478175163269 -0.11320942640304565 0.9782195687294006 0.17398305237293243 0.1103137880563736 0.17521527409553528 -0.15270856022834778 0.9726148247718811 -0.12105603516101837
1305031455.991694 0.9789801836013794 0.1453474909067154 -0.1430799812078476 -0.3141855001449585 -0.11898189038038254 0.9767810106277466 0.17816407978534698 0.10834617912769318 0.16565348207950592 -0.15739521384239197 0.9735428690910339 -0.1243426650762558
1305031456.02777 0.9798145294189453 0.1524774432182312 -0.12928183376789093 -0.3201976418495178 -0.1272628903388977 0.9744963645935059 0.18482650816440582 0.10946092009544373 0.15416653454303741 -0.16464295983314514 0.9742307066917419 -0.13000497221946716
1305031456.059713 0.9790834784507751 0.1689102202653885 -0.11342208087444305 -0.3293631970882416 -0.14331486821174622 0.9682520031929016 0.20481424033641815 0.10575409978628159 0.14441636204719543 -0.18427518010139465 0.9722071886062622 -0.13067105412483215
1305031456.091707 0.9785807728767395 0.18011771142482758 -0.09968501329421997 -0.33834007382392883 -0.15487359464168549 0.9631446599960327 0.21992388367652893 0.09934666007757187 0.13562323153018951 -0.19977474212646484 0.9704105257987976 -0.1308274269104004
1305031456.127645 0.9792166948318481 0.18305684626102448 -0.08731792867183685 -0.346710205078125 -0.15995214879512787 0.9617332220077515 0.2224515974521637 0.09585905820131302 0.12469778954982758 -0.20386168360710144 0.9710257649421692 -0.13122515380382538
1305031456.159731 0.9802546501159668 0.18217520415782928 -0.07689546048641205 -0.3511918783187866 -0.16003763675689697 0.9593152403831482 0.23259885609149933 0.08498873561620712 0.11614076048135757 -0.2156999558210373 0.9695281386375427 -0.13160252571105957
1305031456.191658 0.98238205909729 0.175420343875885 -0.06444381177425385 -0.35461440682411194 -0.15678419172763824 0.9612768292427063 0.22663965821266174 0.07778479903936386 0.10170556604862213 -0.21254295110702515 0.9718443155288696 -0.13019949197769165
1305031456.227678 0.9846698641777039 0.16938048601150513 -0.04165919870138168 -0.36162805557250977 -0.15700921416282654 0.9647246599197388 0.21131622791290283 0.08243302255868912 0.07598251849412918 -0.20153585076332092 0.9765295386314392 -0.13258765637874603
1305031456.259614 0.9862632751464844 0.16414114832878113 -0.01849938929080963 -0.36776015162467957 -0.15644022822380066 0.964148998260498 0.2143438756465912 0.0775100365281105 0.05301882326602936 -0.20850546658039093 0.9765830636024475 -0.1301189363002777
1305031456.291675 0.9880615472793579 0.15396882593631744 0.005292728077620268 -0.3750438690185547 -0.15158328413963318 0.9654698371887207 0.21187369525432587 0.07061536610126495 0.027512000873684883 -0.21014654636383057 0.977282702922821 -0.12756671011447906
1305031456.327718 0.9898009300231934 0.14023907482624054 0.025046532973647118 -0.38020870089530945 -0.14239276945590973 0.9686095714569092 0.2037639021873474 0.06628692150115967 0.0043153781443834305 -0.20525211095809937 0.9786995649337769 -0.12442222237586975
1305031456.359846 0.9907935261726379 0.12750165164470673 0.0455143004655838 -0.3828648030757904 -0.13383586704730988 0.9731277823448181 0.18737733364105225 0.07132676988840103 -0.020400281995534897 -0.19174368679523468 0.9812329411506653 -0.12439636886119843
1305031456.391619 0.9897770881652832 0.12100616097450256 0.07549051195383072 -0.39209794998168945 -0.13356076180934906 0.97206711769104 0.1929951012134552 0.06264383345842361 -0.05002820864319801 -0.20110468566417694 0.978291392326355 -0.11542580276727676
1305031456.427662 0.9883553385734558 0.10977382957935333 0.10537277907133102 -0.40452778339385986 -0.12662453949451447 0.9773604273796082 0.16950723528862 0.06783135235309601 -0.08437975496053696 -0.18087613582611084 0.9798794984817505 -0.11422476172447205
1305031456.45961 0.9881821870803833 0.09491460770368576 0.1203627735376358 -0.4144623875617981 -0.11361392587423325 0.9806438684463501 0.15946662425994873 0.07650919258594513 -0.1028972864151001 -0.17125694453716278 0.9798383712768555 -0.11128358542919159
1305031456.491677 0.9886327981948853 0.08212727308273315 0.12593741714954376 -0.4238679111003876 -0.10300641506910324 0.98014235496521 0.1694421023130417 0.07893840968608856 -0.1095208004117012 -0.18048837780952454 0.9774605631828308 -0.10316236317157745
1305031456.527641 0.9899665117263794 0.0687054842710495 0.12347415089607239 -0.4298098385334015 -0.09029293805360794 0.9797387719154358 0.17877039313316345 0.08079151064157486 -0.10868993401527405 -0.18812552094459534 0.9761123061180115 -0.09635084867477417
1305031456.559608 0.9903032779693604 0.058782100677490234 0.12587279081344604 -0.4353539049625397 -0.08274559676647186 0.9773941040039062 0.19456146657466888 0.07179827988147736 -0.11159060150384903 -0.20309032499790192 0.9727804660797119 -0.09021788835525513
1305031456.591651 0.990774393081665 0.04529322683811188 0.12772834300994873 -0.43676429986953735 -0.0684751644730568 0.9806487560272217 0.18341048061847687 0.08125162124633789 -0.11694937199354172 -0.19046464562416077 0.9747031331062317 -0.08835627138614655
1305031456.627612 0.9898877143859863 0.029809217900037766 0.1386856734752655 -0.4423954486846924 -0.057209327816963196 0.9785283803939819 0.19801367819309235 0.09130561351776123 -0.12980523705482483 -0.20394542813301086 0.9703385233879089 -0.08453021943569183
1305031456.659665 0.9872024655342102 0.011714424937963486 0.15904100239276886 -0.4534255266189575 -0.04955971986055374 0.9704524278640747 0.23614788055419922 0.07877536863088608 -0.15157538652420044 -0.24100778996944427 0.9586136937141418 -0.06978711485862732
1305031456.691612 0.9855597019195557 -0.007567829452455044 0.1691586971282959 -0.461724191904068 -0.03242053836584091 0.9720847606658936 0.23237906396389008 0.07936639338731766 -0.16619518399238586 -0.23450767993927002 0.9578022360801697 -0.06275920569896698
1305031456.727693 0.9844372272491455 -0.02752990461885929 0.17356663942337036 -0.4701148569583893 -0.01410988811403513 0.9720827341079712 0.23421348631381989 0.08788537234067917 -0.17516900599002838 -0.2330174744129181 0.9565660953521729 -0.05949968099594116
1305031456.759615 0.9834287166595459 -0.04322629049420357 0.17606639862060547 -0.4827122986316681 -0.00328481150791049 0.9667516350746155 0.2556959390640259 0.07932303845882416 -0.18126529455184937 -0.25203707814216614 0.9505893588066101 -0.050088781863451004
1305031456.791649 0.9857273697853088 -0.056447505950927734 0.15860384702682495 -0.4866604208946228 0.016575640067458153 0.9700760841369629 0.24223445355892181 0.08356789499521255 -0.1675313413143158 -0.2361481785774231 0.9571661949157715 -0.04250183701515198
1305031456.827603 0.9866988062858582 -0.07546650618314743 0.14397962391376495 -0.4861966073513031 0.04005325213074684 0.971266508102417 0.23459982872009277 0.0956464409828186 -0.1575469821691513 -0.22571252286434174 0.9613702893257141 -0.03749188780784607
1305031456.859634 0.9853891730308533 -0.08840960264205933 0.14557456970214844 -0.4912447929382324 0.04895288497209549 0.9656728506088257 0.2551070749759674 0.0913202315568924 -0.16313129663467407 -0.244253471493721 0.955891489982605 -0.03097425028681755
1305031456.891672 0.983569324016571 -0.09897799789905548 0.15097898244857788 -0.49594277143478394 0.05630115419626236 0.9627715349197388 0.2643885016441345 0.08784294128417969 -0.17152683436870575 -0.25154414772987366 0.9525251984596252 -0.022762075066566467
1305031456.92769 0.9808675050735474 -0.10953126102685928 0.16094069182872772 -0.4998943507671356 0.06673642992973328 0.9657977819442749 0.250560998916626 0.09325315803289413 -0.18288041651248932 -0.23502656817436218 0.9546294808387756 -0.018221281468868256
1305031456.959667 0.977212131023407 -0.12113552540540695 0.1743059605360031 -0.5075879693031311 0.07615043967962265 0.9665763974189758 0.24480856955051422 0.10338525474071503 -0.19813500344753265 -0.22595645487308502 0.9537747502326965 -0.015752796083688736
1305031456.991709 0.9742819666862488 -0.12895621359348297 0.1847839653491974 -0.5145033001899719 0.07668605446815491 0.9608551859855652 0.26622653007507324 0.10053487867116928 -0.21188220381736755 -0.24520935118198395 0.9460328817367554 -0.008100613951683044
1305031457.027648 0.9713461995124817 -0.13660828769207 0.19448646903038025 -0.5213449001312256 0.08094339072704315 0.9595320820808411 0.26971524953842163 0.10092633962631226 -0.22346137464046478 -0.24624447524547577 0.9430952072143555 -0.004186384379863739
1305031457.059621 0.9677761793136597 -0.15038374066352844 0.2019755244255066 -0.5269731879234314 0.09224103391170502 0.9580498933792114 0.2713519334793091 0.10717944800853729 -0.23430955410003662 -0.24397751688957214 0.9410493969917297 -0.0030917376279830933
1305031457.091655 0.9637557864189148 -0.16268254816532135 0.21144577860832214 -0.5334764719009399 0.09643306583166122 0.9514038562774658 0.2924574017524719 0.10462778806686401 -0.24874809384346008 -0.2614671587944031 0.9326089024543762 0.000987909734249115
1305031457.127632 0.9595472812652588 -0.1735767126083374 0.2216760367155075 -0.5388874411582947 0.10099676251411438 0.9471538662910461 0.30446556210517883 0.09912215918302536 -0.2628094553947449 -0.26976048946380615 0.9263694882392883 0.004007808864116669
1305031457.159693 0.9534620642662048 -0.18627598881721497 0.23708967864513397 -0.546687126159668 0.11031007766723633 0.9473251700401306 0.30067726969718933 0.09956018626689911 -0.28061002492904663 -0.260530948638916 0.9237865805625916 0.0041001588106155396
1305031457.191735 0.9467863440513611 -0.19844581186771393 0.25340697169303894 -0.5555611848831177 0.11878873407840729 0.9471714496612549 0.29791873693466187 0.10092638432979584 -0.299140602350235 -0.25196343660354614 0.9203419089317322 0.002688385546207428
1305031457.227543 0.9405217170715332 -0.21273906528949738 0.26487940549850464 -0.563204288482666 0.12669861316680908 0.9430599808692932 0.30754736065864563 0.09842853248119354 -0.3152244985103607 -0.25569507479667664 0.9139220118522644 0.0024656355381011963
1305031457.259691 0.9343430995941162 -0.22580954432487488 0.2757045328617096 -0.5691538453102112 0.13475514948368073 0.9400588274002075 0.3132581114768982 0.08925783634185791 -0.3299151062965393 -0.2555379569530487 0.9087664484977722 0.003628067672252655
1305031457.291656 0.9256725907325745 -0.23422865569591522 0.2970982491970062 -0.5794265270233154 0.14255575835704803 0.943362832069397 0.2995733618736267 0.08818160742521286 -0.3504401743412018 -0.23495373129844666 0.9066357612609863 -0.0006615519523620605
1305031457.327548 0.9163120985031128 -0.24300695955753326 0.31830766797065735 -0.5887064337730408 0.1482742726802826 0.94422847032547 0.2940192222595215 0.08945807814598083 -0.37200385332107544 -0.22221653163433075 0.9012396335601807 -0.0030796676874160767
1305031457.359712 0.9058627486228943 -0.2547362148761749 0.338411420583725 -0.5969986319541931 0.15225736796855927 0.9413754343986511 0.3010481894016266 0.08370094746351242 -0.3952599763870239 -0.2211826592683792 0.891542375087738 -0.004577070474624634
1305031457.391684 0.8922083973884583 -0.26724350452423096 0.3640674352645874 -0.6086597442626953 0.1615271270275116 0.9416335821151733 0.2953561842441559 0.07850389182567596 -0.42175012826919556 -0.20471251010894775 0.8833003640174866 -0.006654143333435059
1305031457.427641 0.8807171583175659 -0.2774863541126251 0.38384708762168884 -0.6218324899673462 0.17077341675758362 0.9419414401054382 0.2891068160533905 0.0782950222492218 -0.44178467988967896 -0.189070463180542 0.8769713044166565 -0.008358106017112732
1305031457.459614 0.874056339263916 -0.2861204743385315 0.3926328122615814 -0.6327122449874878 0.17781580984592438 0.9405083656311035 0.2895265519618988 0.07480406016111374 -0.45211389660835266 -0.1832462102174759 0.8729340434074402 -0.009396284818649292
1305031457.491705 0.8708872199058533 -0.2941216230392456 0.39376094937324524 -0.6395105123519897 0.18422184884548187 0.9381096363067627 0.29327911138534546 0.06718724220991135 -0.45565065741539 -0.1828736960887909 0.8711714148521423 -0.01147511601448059
1305031457.527638 0.866173267364502 -0.29773393273353577 0.4013705849647522 -0.6477521061897278 0.1887042075395584 0.9385525584220886 0.28898078203201294 0.061394982039928436 -0.4627467095851898 -0.1745671182870865 0.8691328167915344 -0.014799445867538452
1305031457.559685 0.860270082950592 -0.3023383617401123 0.41052040457725525 -0.6560494899749756 0.195588618516922 0.9392958879470825 0.2819010615348816 0.0585741251707077 -0.47082969546318054 -0.16221798956394196 0.8671820759773254 -0.018771842122077942
1305031457.591678 0.8527653813362122 -0.30565497279167175 0.42351630330085754 -0.6678820848464966 0.19971445202827454 0.9400821328163147 0.2763322591781616 0.056807927787303925 -0.48260247707366943 -0.15106423199176788 0.8627133965492249 -0.019903242588043213
1305031457.627526 0.8486933708190918 -0.31267568469047546 0.4265598952770233 -0.6756992340087891 0.20402298867702484 0.9376543760299683 0.28138765692710876 0.04852905869483948 -0.48794877529144287 -0.15178382396697998 0.8595741391181946 -0.020267024636268616
1305031457.659632 0.8440577387809753 -0.31531980633735657 0.43375080823898315 -0.6859519481658936 0.2130313515663147 0.9394568204879761 0.26839974522590637 0.05208956450223923 -0.4921218454837799 -0.13414235413074493 0.8601289987564087 -0.023498132824897766
1305031457.69157 0.8416561484336853 -0.32401153445243835 0.4320084750652313 -0.6936099529266357 0.2157718688249588 0.9351398944854736 0.28099074959754944 0.04673371464014053 -0.4950326085090637 -0.14328227937221527 0.8569789528846741 -0.023160651326179504
1305031457.727669 0.8410406112670898 -0.3256799578666687 0.43195250630378723 -0.6988939046859741 0.212428480386734 0.9331633448600769 0.28996601700782776 0.035851120948791504 -0.497518390417099 -0.15211422741413116 0.8540120720863342 -0.0220220685005188
1305031457.759556 0.8388070464134216 -0.3206654191017151 0.43997323513031006 -0.7084152102470398 0.2068188339471817 0.9352368116378784 0.28732895851135254 0.027763523161411285 -0.50361567735672 -0.15001876652240753 0.8508029580116272 -0.022266030311584473
1305031457.791567 0.835685670375824 -0.31506574153900146 0.44984784722328186 -0.7126169204711914 0.20299217104911804 0.9382772445678711 0.2800532877445221 0.016283608973026276 -0.510317325592041 -0.14272090792655945 0.8480607271194458 -0.02133888006210327
1305031457.827699 0.8279141187667847 -0.3076339364051819 0.4689558744430542 -0.7222511768341064 0.20657865703105927 0.9446247220039368 0.25496914982795715 0.019131675362586975 -0.5214244723320007 -0.11421626806259155 0.8456188440322876 -0.0263788104057312
1305031457.859623 0.8192843198776245 -0.3086507022380829 0.4832266569137573 -0.7290536165237427 0.20366498827934265 0.9444496631622314 0.2579442858695984 0.010172300040721893 -0.5359979867935181 -0.11291337013244629 0.8366342186927795 -0.02571079134941101
1305031457.891593 0.8118051886558533 -0.30215105414390564 0.49967697262763977 -0.7357596158981323 0.20133714377880096 0.9480785131454468 0.24619178473949432 0.002329200506210327 -0.5481201410293579 -0.09925626218318939 0.8304892778396606 -0.02137342095375061
1305031457.927633 0.8004783391952515 -0.29959768056869507 0.5191104412078857 -0.7497156262397766 0.20951135456562042 0.9513349533081055 0.2259797304868698 -0.0038640201091766357 -0.5615509152412415 -0.07213235646486282 0.8242921233177185 -0.018155395984649658
1305031457.959632 0.7965014576911926 -0.30053505301475525 0.5246562361717224 -0.758624792098999 0.2172170728445053 0.9520213603973389 0.21557380259037018 -0.0069147199392318726 -0.5642713904380798 -0.057740550488233566 0.823567807674408 -0.016355931758880615
1305031457.991644 0.7933538556098938 -0.30253496766090393 0.5282633900642395 -0.7637578845024109 0.22075648605823517 0.9516773223876953 0.21348750591278076 -0.017637357115745544 -0.5673236846923828 -0.052753597497940063 0.8218034505844116 -0.012659251689910889
1305031458.027845 0.7898989319801331 -0.2936749756336212 0.5383444428443909 -0.7685226798057556 0.22261705994606018 0.9553079605102539 0.19449469447135925 -0.02050856500864029 -0.5714030265808105 -0.03378647565841675 0.8199738264083862 -0.00888592004776001
1305031458.059689 0.7812767028808594 -0.29022344946861267 0.5526092648506165 -0.7778310179710388 0.22947801649570465 0.9568793773651123 0.1781059205532074 -0.018750272691249847 -0.5804709792137146 -0.012338340282440186 0.8141874670982361 -0.005098909139633179
1305031458.09169 0.7749105095863342 -0.29128527641296387 0.5609515905380249 -0.7853617668151855 0.23123501241207123 0.9566053748130798 0.17730343341827393 -0.017659321427345276 -0.5882551074028015 -0.00768265500664711 0.8086388111114502 0.0003784298896789551
1305031458.127605 0.7670454382896423 -0.29364606738090515 0.5704500675201416 -0.7928577065467834 0.22907672822475433 0.9558568596839905 0.18401502072811127 -0.02345876395702362 -0.5993038415908813 -0.01047104224562645 0.8004530668258667 0.010975688695907593
1305031458.159638 0.760905385017395 -0.2949689030647278 0.5779412984848022 -0.800230860710144 0.23177050054073334 0.9554941058158875 0.1825195550918579 -0.027466490864753723 -0.6060570478439331 -0.0049303751438856125 0.7954057455062866 0.020906805992126465
1305031458.191646 0.757066011428833 -0.30097514390945435 0.5798836350440979 -0.8086092472076416 0.24163931608200073 0.9536226391792297 0.17948390543460846 -0.024559088051319122 -0.6070103049278259 0.004241540562361479 0.7946826815605164 0.028276383876800537
1305031458.227611 0.7578279972076416 -0.3084622621536255 0.574932873249054 -0.8155734539031982 0.2385871857404709 0.9511702060699463 0.1958351880311966 -0.02819427102804184 -0.6072667837142944 -0.01123776938766241 0.7944185137748718 0.04007992148399353
1305031458.259934 0.7616657018661499 -0.31332236528396606 0.5671812295913696 -0.8161330819129944 0.23399876058101654 0.9492530822753906 0.21015048027038574 -0.045299701392650604 -0.6042434573173523 -0.02734469622373581 0.796330451965332 0.05053645372390747
1305031458.291664 0.761339008808136 -0.3004739284515381 0.574524462223053 -0.8289548754692078 0.2329423725605011 0.9537277221679688 0.19010886549949646 -0.04477771371603012 -0.6050626635551453 -0.010906187817454338 0.7961031198501587 0.06649771332740784
1305031458.327628 0.7667177319526672 -0.3040737807750702 0.5654053688049316 -0.8317182064056396 0.24051523208618164 0.9526245594024658 0.18616892397403717 -0.0469493493437767 -0.5952280163764954 -0.006750389933586121 0.8035285472869873 0.07602724432945251
1305031458.35959 0.7679557800292969 -0.304379403591156 0.563557505607605 -0.8354201912879944 0.24723657965660095 0.9525461792945862 0.17756608128547668 -0.0583956241607666 -0.590861976146698 0.00296911783516407 0.8067672252655029 0.08836174011230469
1305031458.391626 0.7701274156570435 -0.29950299859046936 0.5632067918777466 -0.8381236791610718 0.258364200592041 0.9537131190299988 0.15388065576553345 -0.05666033923625946 -0.5832254886627197 0.02700478583574295 0.8118613958358765 0.09594056010246277
1305031458.427598 0.7659962773323059 -0.30567365884780884 0.5655205249786377 -0.8383421897888184 0.27788612246513367 0.9507243037223816 0.13748699426651 -0.05378488823771477 -0.5796802639961243 0.051835790276527405 0.813193678855896 0.10402259230613708
1305031458.459637 0.7583250403404236 -0.31058043241500854 0.5731344223022461 -0.8348086476325989 0.2925434112548828 0.9478397965431213 0.12656275928020477 -0.06193257495760918 -0.5825475454330444 0.07169099152088165 0.8096288442611694 0.10890030860900879
1305031458.491696 0.7461689114570618 -0.28932932019233704 0.5996003746986389 -0.8341814279556274 0.29337963461875916 0.9513658881187439 0.09397470206022263 -0.06762851029634476 -0.5976289510726929 0.10578954964876175 0.7947629690170288 0.12223494052886963
1305031458.527737 0.7345206141471863 -0.26010966300964355 0.62675541639328 -0.8386943936347961 0.298750102519989 0.9532466530799866 0.04548920691013336 -0.04848438501358032 -0.6092846989631653 0.15383049845695496 0.777887225151062 0.13360333442687988
1305031458.559628 0.7247297167778015 -0.24415554106235504 0.6443250179290771 -0.8404228091239929 0.2936707139015198 0.9553806185722351 0.031706809997558594 -0.04443582892417908 -0.6233170628547668 0.16624052822589874 0.7640941739082336 0.1444133222103119
1305031458.591641 0.7197999954223633 -0.2186564952135086 0.6588453650474548 -0.8421900272369385 0.2820723354816437 0.9593386650085449 0.010214705020189285 -0.04070574417710304 -0.6342895030975342 0.17848950624465942 0.7522090673446655 0.1601022481918335
1305031458.627659 0.7206875681877136 -0.20393314957618713 0.6625862717628479 -0.8459075689315796 0.27944034337997437 0.9601259827613831 -0.008433181792497635 -0.022383209317922592 -0.6344465017318726 0.19123102724552155 0.7489381432533264 0.17266395688056946
1305031458.659623 0.7196358442306519 -0.21295201778411865 0.6608900427818298 -0.8531067371368408 0.27595254778862 0.9611271023750305 0.009212713688611984 -0.025585804134607315 -0.6371612548828125 0.17574448883533478 0.7504262328147888 0.18657755851745605
1305031458.691674 0.7431764602661133 -0.20591974258422852 0.6366206407546997 -0.8527470231056213 0.25803571939468384 0.9660698175430298 0.011257425881922245 -0.021463952958583832 -0.6173381805419922 0.1559046506881714 0.7710951566696167 0.19858583807945251
1305031458.72765 0.7658193111419678 -0.2025860995054245 0.6103110909461975 -0.8460361957550049 0.24676643311977386 0.969000518321991 0.012006128206849098 -0.024755366146564484 -0.5938242077827454 0.14140979945659637 0.7920709252357483 0.20745772123336792
1305031458.759945 0.7870732545852661 -0.17610621452331543 0.5911871194839478 -0.847454309463501 0.22568397223949432 0.9741462469100952 -0.010278620757162571 -0.019082343205809593 -0.5740928649902344 0.14151149988174438 0.8064689636230469 0.22008612751960754
1305031458.791632 0.8143015503883362 -0.16132421791553497 0.5575727224349976 -0.8404654264450073 0.21062228083610535 0.9772514700889587 -0.024850105866789818 -0.006081916857510805 -0.540880024433136 0.1376727819442749 0.8297560811042786 0.2237788289785385
1305031458.827564 0.825868546962738 -0.17087307572364807 0.5373486280441284 -0.8324340581893921 0.21180187165737152 0.9772008061408997 -0.014782202430069447 -0.005471944808959961 -0.5225716233253479 0.12601959705352783 0.843230664730072 0.2306339591741562
1305031458.859887 0.8325018882751465 -0.17260248959064484 0.5264493227005005 -0.8282211422920227 0.20876368880271912 0.97791987657547 -0.009506646543741226 -0.01474585197865963 -0.5131843686103821 0.11781782656908035 0.850153386592865 0.2334868609905243
1305031458.891665 0.8356316685676575 -0.15055625140666962 0.5282542705535889 -0.8263468146324158 0.1939685195684433 0.9806264638900757 -0.0273481085896492 -0.009508843533694744 -0.5139026641845703 0.12531763315200806 0.8486456871032715 0.2370615154504776
1305031458.927621 0.8257951736450195 -0.15997348725795746 0.5408058166503906 -0.8288935422897339 0.20699702203273773 0.9779747724533081 -0.02678799256682396 -0.003972253762185574 -0.5246090888977051 0.13406658172607422 0.8407208323478699 0.2431596964597702
1305031458.959617 0.8126914501190186 -0.18705067038536072 0.5518555045127869 -0.8298105597496033 0.22831007838249207 0.9735685586929321 -0.006231720559298992 -0.006956714205443859 -0.5361034870147705 0.13105864822864532 0.8339164853096008 0.2506900429725647
1305031458.991647 0.8023958802223206 -0.1932336986064911 0.5646429061889648 -0.8331553936004639 0.23180589079856873 0.9727557897567749 0.0034873897675424814 -0.022075578570365906 -0.5499335527420044 0.12808926403522491 0.8253279328346252 0.2635093331336975
1305031459.027665 0.8014415502548218 -0.1824822723865509 0.5695539116859436 -0.8436193466186523 0.2325490117073059 0.9724586009979248 -0.01565779186785221 -0.026054594665765762 -0.5510104298591614 0.1449979841709137 0.8218048214912415 0.2732330560684204
1305031459.059631 0.8011846542358398 -0.1885547637939453 0.567935049533844 -0.8538536429405212 0.25026121735572815 0.9676566123962402 -0.03178037330508232 -0.030018489807844162 -0.543573796749115 0.1675940901041031 0.8224595189094543 0.28668856620788574
1305031459.09165 0.809163510799408 -0.1984120011329651 0.5530707240104675 -0.8654429912567139 0.27188196778297424 0.9608664512634277 -0.05306655168533325 -0.03654380142688751 -0.5208979845046997 0.19330944120883942 0.8314425945281982 0.29880213737487793
1305031459.127618 0.8298081755638123 -0.20550115406513214 0.5188329815864563 -0.8757429718971252 0.28447818756103516 0.9556270837783813 -0.07647912949323654 -0.04404044896364212 -0.4800942540168762 0.21105967462062836 0.8514477610588074 0.3008895218372345
1305031459.159639 0.8523313403129578 -0.21398863196372986 0.47722122073173523 -0.882427453994751 0.2935580015182495 0.9509140849113464 -0.09790836274623871 -0.05181816592812538 -0.4328450560569763 0.2235424816608429 0.8733120560646057 0.30636489391326904
1305031459.191674 0.8670638799667358 -0.22517023980617523 0.4444080889225006 -0.8803251385688782 0.30736756324768066 0.9438037872314453 -0.12148933857679367 -0.04631584882736206 -0.3920782208442688 0.2419356405735016 0.8875482082366943 0.3163449764251709
1305031459.227607 0.8679795861244202 -0.24472470581531525 0.43211251497268677 -0.8904441595077515 0.3268120586872101 0.936653196811676 -0.1259949654340744 -0.04732503741979599 -0.3739055395126343 0.25058063864707947 0.8929747939109802 0.3242301940917969
