1403638127.295097 1.0 0.0 0.0 0.0 0.0 1.0 0.0 0.0 0.0 0.0 1.0 0.0
1403638127.345097 1.0 -0.00017860748630482703 -2.1543331968132406e-05 -7.010929402895272e-05 0.0001786061911843717 1.0 -5.97375983488746e-05 2.2630722014582716e-05 2.1554000340984203e-05 5.9733749367296696e-05 1.0 -0.00033528590574860573
1403638127.395097 0.9999997615814209 -0.0006892239907756448 0.00010754723189165816 -0.00022046445519663393 0.0006891891243867576 0.9999997019767761 0.0003237950149923563 7.481965440092608e-05 -0.00010777037095976993 -0.0003237208293285221 0.9999999403953552 -0.00048820124357007444
1403638127.445097 0.9999999403953552 -9.4471855845768e-05 0.0002585514448583126 2.1108955934323603e-06 9.44348648772575e-05 1.0 0.00014308662503026426 0.00010764083708636463 -0.00025856494903564453 -0.00014306220691651106 0.9999999403953552 -0.0002944259613286704
1403638127.4950972 0.9999998211860657 -0.0003018224088009447 0.0005009200540371239 -2.823890099534765e-05 0.0003021926386281848 0.9999997019767761 -0.0007391954422928393 -8.527846148354001e-06 -0.0005006967694498599 0.0007393467240035534 0.9999995827674866 -0.00044737811549566686
1403638127.5450969 0.9999998211860657 -0.0006000587018206716 1.3586137356469408e-05 -9.701256203697994e-05 0.0006000582943670452 0.9999998211860657 2.951958595076576e-05 -8.45329777803272e-05 -1.3603848856291734e-05 -2.9511427783290856e-05 1.0 -0.000432437751442194
1403638127.595097 0.9999998807907104 -0.0005137316766194999 -2.5964576707337983e-05 -7.201957487268373e-05 0.0005137362168170512 0.9999998807907104 0.00017467059660702944 -2.2186206479091197e-05 2.587483868410345e-05 -0.0001746839116094634 1.0 0.00012870115460827947
1403638127.645097 0.9999997019767761 -0.0006532595725730062 -0.0003372353967279196 -0.0001173552664113231 0.0006533624255098403 0.9999997615814209 0.00030490540666505694 -3.386387834325433e-05 0.0003370361228007823 -0.00030512563535012305 0.9999998807907104 -9.022127778735012e-05
1403638127.695097 1.0 -0.00011140141577925533 -0.00018330279272049665 0.00010004224168369547 0.00011140058632008731 1.0 -4.521553364611464e-06 1.902836447698064e-05 0.00018330328748561442 4.501133389567258e-06 1.0 4.8829759180080146e-05
1403638127.745097 0.9999998211860657 -0.0005416934727691114 -0.00010947897681035101 -0.00022981890651863068 0.0005417076172307134 0.9999998211860657 0.00012922949099447578 0.00010261442366754636 0.00010940895299427211 -0.00012928877549711615 1.0 -0.0003936330904252827
1403638127.795097 1.0 -0.00022590575099457055 -7.542240200564265e-05 -0.00029361541965045035 0.00022592510504182428 0.9999999403953552 0.0002566134207881987 5.553833398153074e-05 7.536442717537284e-05 -0.0002566304465290159 0.9999999403953552 -0.00023538622190244496
1403638127.845097 0.9999997019767761 -0.0007948100101202726 -0.00011402701056795195 -0.00021981020108796656 0.0007948343409225345 0.9999996423721313 0.00021359010133892298 2.5368892238475382e-05 0.00011385721154510975 -0.00021368067245930433 1.0 -0.00027834472712129354
1403638127.895097 0.9999995231628418 -0.0009448627824895084 -0.0001988453877856955 -0.0002075967495329678 0.0009448911296203732 0.9999995231628418 0.0001426440867362544 3.1868345104157925e-05 0.000198710520635359 -0.00014283190830610693 0.9999999403953552 -0.0005364769021980464
1403638127.945097 0.9999990463256836 -0.0013110790168866515 -0.00040379591519013047 -0.00016242619312833995 0.0013111608568578959 0.9999991059303284 0.00020269710512366146 -7.1113004196377005e-06 0.00040352981886826456 -0.00020322635828051716 0.9999998807907104 -0.00045778564526699483
1403638127.9950972 0.9999992847442627 -0.0011624264298006892 -0.00034789543133229017 -0.00014256512804422528 0.001162596745416522 0.9999992251396179 0.0004898393526673317 0.00011044243001379073 0.00034732575295493007 -0.0004902434884570539 0.9999998211860657 6.551566912094131e-05
1403638128.0450969 0.9999999403953552 -0.0003296626964583993 3.123198985122144e-05 -8.621624147053808e-05 0.000329642032738775 0.9999997019767761 0.0006599844782613218 9.311371832154691e-05 -3.144955189782195e-05 -0.0006599741172976792 0.9999997615814209 -0.0002862612600438297
1403638128.095097 0.9999998211860657 -0.0006233174353837967 0.00011239309969823807 -0.00011944818106712773 0.0006231790175661445 0.9999990463256836 0.0012270767474547029 3.1975134334061295e-05 -0.00011315784649923444 -0.0012270064326003194 0.9999992251396179 2.1228985133348033e-05
1403638128.145097 0.999998927116394 -0.0014803120866417885 3.927594661945477e-05 -0.00011092591739725322 0.0014802406076341867 0.9999973773956299 0.0017625048058107495 -0.00010437974560773 -4.1884897655108944e-05 -0.0017624447355046868 0.9999984502792358 0.00024024481535889208
1403638128.195097 0.9999974966049194 -0.0022291745990514755 -0.0002389634755672887 -0.00038179755210876465 0.002229586709290743 0.9999960064888 0.0017378183547407389 4.068605994689278e-05 0.00023508862068410963 -0.0017383467638865113 0.9999984502792358 -4.12984772992786e-05
1403638128.245097 0.9999995231628418 -0.000988379935733974 0.00017726588703226298 -0.00036562239984050393 0.0009880725992843509 0.9999980330467224 0.0017251804238185287 2.7723077437258326e-05 -0.00017897065845318139 -0.0017250044038519263 0.9999985098838806 0.0001260767166968435
1403638128.295097 0.9999995827674866 -0.0008621312445029616 0.0003660781367216259 -0.00041432457510381937 0.0008615611586719751 0.9999983906745911 0.0015546528156846762 7.528344576712698e-05 -0.00036741787334904075 -0.001554336748085916 0.9999987483024597 -0.00048668013187125325
1403638128.345097 0.9999993443489075 -0.0011285535292699933 4.822449409402907e-05 -0.0003093160630669445 0.0011284828651696444 0.9999983310699463 0.0014416791964322329 4.779076789418468e-06 -4.985142368241213e-05 -0.001441623899154365 0.9999989867210388 -0.00019278762920293957
1403638128.395097 0.9999995231628418 -0.0008539887494407594 0.00045837144716642797 -0.0002537858672440052 0.0008534294902347028 0.9999988675117493 0.0012188333785161376 6.0806534747825935e-05 -0.0004594117926899344 -0.00121844164095819 0.9999991655349731 -8.156547664839309e-06
1403638128.445097 0.9999991655349731 -0.0012548195663839579 0.0002557271218392998 -0.00021326316345948726 0.001254433416761458 0.9999980926513672 0.0015048972563818097 6.486535130534321e-05 -0.0002576150291133672 -0.0015045752516016364 0.9999988079071045 -0.00014693917182739824
1403638128.4950972 0.9999987483024597 -0.0015265631955116987 0.00047137844376266 -0.00036670430563390255 0.0015257516643032432 0.9999973773956299 0.0017173963133245707 -5.401214002631605e-05 -0.00047399892355315387 -0.0017166748875752091 0.9999983906745911 0.00011188260396011174
1403638128.5450969 0.9999988675117493 -0.001401543733663857 0.0005125648458488286 -0.00025966830435208976 0.0014006684068590403 0.9999975562095642 0.001704102847725153 -4.7663746954640374e-05 -0.0005149520002305508 -0.0017033829353749752 0.9999983906745911 0.00011065772559959441
1403638128.595097 0.9999985098838806 -0.0017111330525949597 0.00020854861941188574 -0.00022050063125789165 0.0017107747262343764 0.999997079372406 0.0017064239364117384 2.6996933229384013e-05 -0.00021146793733350933 -0.0017060645623132586 0.9999985098838806 -0.00011548736074473709
1403638128.645097 0.9999986290931702 -0.0016445391811430454 0.00030206009978428483 -4.0660928789293393e-05 0.0016440197359770536 0.9999971985816956 0.0017118077958002687 -0.00012201933714095503 -0.00030487438198179007 -0.0017113088397309184 0.9999985098838806 -0.00044773623812943697
1403638128.695097 0.9999961853027344 -0.002656318247318268 0.0007777458522468805 -0.00036233998253010213 0.0026546448934823275 0.999994158744812 0.002144545316696167 -5.989055352983996e-05 -0.0007834379211999476 -0.0021424724254757166 0.9999973773956299 1.7501657566754147e-05
1403638128.745097 0.9999935626983643 -0.0033282616641372442 0.0013332676608115435 -0.0005979741108603776 0.0033237494062632322 0.9999887943267822 0.003372425911948085 -0.00044127760338597 -0.0013444770593196154 -0.003367972793057561 0.9999934434890747 0.0004274932434782386
1403638128.795097 0.9999940991401672 -0.0031417456921190023 0.0013817156432196498 -0.0006311541073955595 0.003136988030746579 0.9999892115592957 0.0034320494160056114 -0.0003070513776037842 -0.0013924833619967103 -0.003427694784477353 0.9999931454658508 -0.00016128757852129638
1403638128.845097 0.9999914765357971 -0.003118005348369479 0.002700782148167491 -0.0005398563807830215 0.0031073607970029116 0.9999874234199524 0.003936567809432745 -0.00039230877882800996 -0.0027130222879350185 -0.003928142134100199 0.9999886155128479 0.00043498919694684446
1403638128.895097 0.999992847442627 -0.002919733291491866 0.002412400906905532 -0.0004651682102121413 0.002910262905061245 0.9999880790710449 0.003919938579201698 -0.0002674967690836638 -0.002423817291855812 -0.003912889864295721 0.99998939037323 0.0004316387348808348
1403638128.945097 0.9999960064888 -0.000875028723385185 0.0026901618111878633 -9.72390771494247e-05 0.0008656810387037694 0.9999935626983643 0.0034739645197987556 -0.00012609027908183634 -0.002693184418603778 -0.0034716217778623104 0.9999903440475464 -4.779124355991371e-05
1403638128.9950972 0.9999958276748657 -0.0010827480582520366 0.0026779365725815296 -0.00033978192368522286 0.0010732692899182439 0.9999931454658508 0.0035385016817599535 -0.0001377333828713745 -0.002681749640032649 -0.00353561295196414 0.9999901652336121 -0.00029511982575058937
1403638129.0450969 0.9999977946281433 -0.0001738297869451344 0.002099928678944707 -4.650267874239944e-05 0.00016768250497989357 0.9999957084655762 0.00292719597928226 -0.00042585693881846964 -0.002100428333505988 -0.0029268371872603893 0.9999935030937195 0.000672359426971525
1403638129.095097 0.9999677538871765 0.0071066697128117085 0.003741584485396743 -0.00010786116035887972 -0.007117595057934523 0.9999704360961914 0.002914699725806713 -0.0005436923820525408 -0.0037207601126283407 -0.0029412368312478065 0.9999887347221375 -0.0002937062527053058
1403638129.145097 0.9999163150787354 0.011371767148375511 0.006164907943457365 -0.0006970496033318341 -0.011383932083845139 0.9999333024024963 0.0019418122246861458 -0.001569414627738297 -0.006142415106296539 -0.002011830685660243 0.9999791383743286 -2.2726770112058148e-05
1403638129.195097 0.999937117099762 0.009769303724169731 0.005510186776518822 -0.0006233010208234191 -0.009754265658557415 0.9999486207962036 -0.002749474486336112 -0.0036779073998332024 -0.005536764394491911 0.0026955537032335997 0.9999810457229614 -0.0006290213786996901
1403638129.245097 0.9999682903289795 -0.007923049852252007 -0.000827730109449476 -0.0005158860585652292 0.007911273278295994 0.9998792409896851 -0.013375178910791874 -0.008185039274394512 0.0009336023940704763 0.013368206098675728 0.9999102354049683 -0.0016595368506386876
1403638129.295097 0.9991334080696106 -0.04081767424941063 -0.008147234097123146 0.00014135349192656577 0.04052775353193283 0.9986318945884705 -0.03304218128323555 -0.014853634871542454 0.0094847921282053 0.0326833538711071 0.9994208812713623 -0.004435364156961441
1403638129.345097 0.9967536330223083 -0.07959189265966415 -0.0121367322281003 0.002037301892414689 0.07876209914684296 0.9952051639556885 -0.05799240991473198 -0.023405343294143677 0.016694264486432076 0.05684824660420418 0.9982432126998901 -0.006975109688937664
1403638129.395097 0.9934313893318176 -0.11332511901855469 -0.01586262881755829 0.0029828085098415613 0.11186055839061737 0.9909598231315613 -0.07406540215015411 -0.03151135519146919 0.024112703278660774 0.07180450111627579 0.9971272349357605 -0.009963182732462883
1403638129.445097 0.9920373558998108 -0.12471060454845428 -0.017580684274435043 0.0036768955178558826 0.12318755686283112 0.9898707866668701 -0.07057243585586548 -0.035887740552425385 0.026203732937574387 0.06784477829933167 0.9973517060279846 -0.01184827834367752
1403638129.4950972 0.9932923316955566 -0.11388538777828217 -0.020009057596325874 0.0033842050470411777 0.11271589994430542 0.9922569990158081 -0.052163220942020416 -0.03780391067266464 0.025794757530093193 0.04955799877643585 0.9984380602836609 -0.013164899311959743
1403638129.5450969 0.9959884881973267 -0.08684849739074707 -0.021548984572291374 0.0024083408061414957 0.0862169861793518 0.9958634376525879 -0.02868504449725151 -0.03855922818183899 0.023951098322868347 0.026712113991379738 0.9993561506271362 -0.01349741593003273
1403638129.595097 0.9982616901397705 -0.05525488778948784 -0.020511161535978317 0.001255487441085279 0.05505532771348953 0.9984314441680908 -0.01017061434686184 -0.04014215245842934 0.02104097232222557 0.009023711085319519 0.9997377991676331 -0.014392615295946598
1403638129.645097 0.9993862509727478 -0.029804019257426262 -0.018410975113511086 0.0007071429863572121 0.029790569096803665 0.9995556473731995 -0.001004660502076149 -0.043214526027441025 0.01843273639678955 0.00045559555292129517 0.9998299479484558 -0.015775123611092567
1403638129.695097 0.999662458896637 -0.02045140229165554 -0.016019219532608986 0.0009763098787516356 0.020388657227158546 0.9997838139533997 -0.004070907831192017 -0.0486447699368 0.016099007800221443 0.0037429239600896835 0.99986332654953 -0.017327146604657173
1403638129.745097 0.9995924830436707 -0.02336377277970314 -0.016395065933465958 0.0007981427479535341 0.023161260411143303 0.9996543526649475 -0.012435471639037132 -0.05580592527985573 0.016679935157299042 0.01205067615956068 0.9997881054878235 -0.019609598442912102
1403638129.795097 0.9995007514953613 -0.025596294552087784 -0.018518270924687386 0.00019419199088588357 0.02537677064538002 0.9996058940887451 -0.01199442520737648 -0.06352201104164124 0.01881798543035984 0.011518502607941628 0.9997565150260925 -0.022140825167298317
1403638129.845097 0.9995414614677429 -0.021384114399552345 -0.02143212966620922 -0.0008351069991476834 0.021381925791502 0.9997714161872864 -0.0003314677160233259 -0.07181128859519958 0.02143431454896927 -0.00012694322504103184 0.9997701644897461 -0.025603745132684708
1403638129.895097 0.9995958209037781 -0.014248281717300415 -0.02459479309618473 -0.0021769965533167124 0.014555256813764572 0.9998179078102112 0.012347526848316193 -0.08191930502653122 0.02441437728703022 -0.0127005185931921 0.9996211528778076 -0.030161652714014053
1403638129.945097 0.9996387958526611 -0.005572507623583078 -0.02629820443689823 -0.0034717777743935585 0.006038160063326359 0.9998257756233215 0.017660697922110558 -0.0946669951081276 0.026195205748081207 -0.01781310886144638 0.9994981288909912 -0.03532944247126579
1403638129.9950972 0.9995755553245544 -0.006845075637102127 -0.02832067385315895 -0.00521881366148591 0.007119143381714821 0.9999287128448486 0.00958794355392456 -0.11033380776643753 0.028253018856048584 -0.009785491041839123 0.9995529055595398 -0.040511153638362885
1403638130.0450969 0.9993302226066589 -0.019857000559568405 -0.03073909878730774 -0.005991796962916851 0.01964057795703411 0.9997803568840027 -0.00732659175992012 -0.13129974901676178 0.030877823010087013 0.0067179519683122635 0.999500572681427 -0.04809443652629852
1403638130.095097 0.9988875389099121 -0.032052088528871536 -0.03459058701992035 -0.006544734816998243 0.03125768154859543 0.9992404580116272 -0.02326735481619835 -0.1506056785583496 0.035310082137584686 0.022160250693559647 0.9991306662559509 -0.054605551064014435
1403638130.145097 0.9984377026557922 -0.03882336989045143 -0.040185507386922836 -0.007299130782485008 0.03759192302823067 0.9988135099411011 -0.03095920756459236 -0.1700349748134613 0.04133976995944977 0.029400184750556946 0.998712420463562 -0.06166099011898041
1403638130.195097 0.9983259439468384 -0.03529667481780052 -0.04581933096051216 -0.008392753079533577 0.033896658569574356 0.9989449381828308 -0.030980803072452545 -0.18853037059307098 0.04686451330780983 0.029375815764069557 0.9984691739082336 -0.06865683197975159
1403638130.245097 0.9981844425201416 -0.03152588754892349 -0.05132076144218445 -0.009376023896038532 0.029945673421025276 0.9990621209144592 -0.03127420321106911 -0.2074393928050995 0.05225857347249985 0.029680592939257622 0.998192310333252 -0.07699806243181229
1403638130.295097 0.9976741671562195 -0.03761972114443779 -0.056841205805540085 -0.010190600529313087 0.03538064286112785 0.9985771775245667 -0.03989790007472038 -0.22806286811828613 0.05826127529144287 0.037794020026922226 0.9975857138633728 -0.08438634872436523
1403638130.345097 0.9967091679573059 -0.05377247929573059 -0.06065792217850685 -0.010867996141314507 0.050569698214530945 0.9973050355911255 -0.05315525829792023 -0.24932941794395447 0.06335274130105972 0.04991287738084793 0.996742308139801 -0.09258905053138733
1403638130.395097 0.9955469965934753 -0.06787316501140594 -0.06541623175144196 -0.011036979034543037 0.06376709789037704 0.9959783554077148 -0.06293609738349915 -0.2696872651576996 0.0694248229265213 0.05848444253206253 0.9958714246749878 -0.10100716352462769
1403638130.445097 0.9948065876960754 -0.07215648889541626 -0.07178686559200287 -0.013189307413995266 0.06744116544723511 0.9955329298973083 -0.06607409566640854 -0.2883707880973816 0.076233871281147 0.06088954955339432 0.9952291250228882 -0.10750279575586319
1403638130.4950972 0.9950422644615173 -0.06303900480270386 -0.07692240178585052 -0.01275843195617199 0.05821184813976288 0.996285080909729 -0.06346099078655243 -0.30557772517204285 0.08063715696334839 0.05866856873035431 0.9950155019760132 -0.11776573210954666
1403638130.5450969 0.9958565831184387 -0.047040630131959915 -0.0778263732790947 -0.01452059019356966 0.04261816293001175 0.9974329471588135 -0.057542163878679276 -0.3225041329860687 0.080333411693573 0.05398692190647125 0.9953050017356873 -0.1263432800769806
1403638130.595097 0.996249794960022 -0.03987593203783035 -0.07678738981485367 -0.016160232946276665 0.03548220545053482 0.9976998567581177 -0.05775780230760574 -0.34084564447402954 0.07891391217708588 0.05481661111116409 0.9953731894493103 -0.13240624964237213
1403638130.645097 0.9963059425354004 -0.04082456976175308 -0.075551338493824 -0.01676984131336212 0.035704586654901505 0.9970516562461853 -0.06792092323303223 -0.3585882782936096 0.07810142636299133 0.06497248262166977 0.9948260188102722 -0.13945861160755157
1403638130.695097 0.9956323504447937 -0.05385809764266014 -0.07626103609800339 -0.014503355138003826 0.047652773559093475 0.9955762624740601 -0.0809747502207756 -0.3801085948944092 0.08028484135866165 0.07698702812194824 0.9937944412231445 -0.15224792063236237
1403638130.745097 0.9937607049942017 -0.07708772271871567 -0.08060456067323685 -0.015993980690836906 0.06926287710666656 0.9929938912391663 -0.09573793411254883 -0.3971330523490906 0.08742006123065948 0.08955767750740051 0.9921377301216125 -0.1552320122718811
1403638130.795097 0.9913691282272339 -0.09791445732116699 -0.08717793226242065 -0.015023253858089447 0.08871950209140778 0.9906392693519592 -0.10374335944652557 -0.4136335551738739 0.09651985764503479 0.09511357545852661 0.9907761216163635 -0.16634458303451538
1403638130.845097 0.9905542135238647 -0.10240831971168518 -0.0911855399608612 -0.020943094044923782 0.09250085800886154 0.9899522066116333 -0.10694931447505951 -0.41789668798446655 0.10122182965278625 0.09750436991453171 0.9900742769241333 -0.17377778887748718
1403638130.895097 0.9897850751876831 -0.1061401441693306 -0.09518227726221085 -0.01809503883123398 0.09545078873634338 0.98927241563797 -0.11058513820171356 -0.4274548888206482 0.10589873045682907 0.10037029534578323 0.9892983436584473 -0.17870944738388062
1403638130.945097 0.9896921515464783 -0.11055760830640793 -0.09102998673915863 -0.015476611442863941 0.09912430495023727 0.9875975847244263 -0.1217605322599411 -0.45034345984458923 0.1033625528216362 0.1114821583032608 0.9883763790130615 -0.1825561225414276
1403638130.9950972 0.9898185729980469 -0.11614492535591125 -0.0822775587439537 -0.01672113873064518 0.10369081795215607 0.9843960404396057 -0.1421712040901184 -0.4489937424659729 0.09750617295503616 0.13219228386878967 0.9864165186882019 -0.18480993807315826
1403638131.0450969 0.9894562363624573 -0.12286202609539032 -0.07669037580490112 -0.01244809478521347 0.10952313244342804 0.981204628944397 -0.15887820720672607 -0.44557544589042664 0.09476905316114426 0.14880365133285522 0.9843151569366455 -0.1824607402086258
1403638131.095097 0.990138053894043 -0.12063822150230408 -0.07122577726840973 -0.018526405096054077 0.10763856023550034 0.9805039167404175 -0.16439570486545563 -0.4377688467502594 0.08966957032680511 0.1551077961921692 0.9838195443153381 -0.1779392510652542
1403638131.145097 0.9910563826560974 -0.11246214061975479 -0.07182859629392624 -0.00954945757985115 0.10025607794523239 0.9827498197555542 -0.1554075926542282 -0.4330742359161377 0.08806703239679337 0.1468164324760437 0.9852355122566223 -0.17940391600131989
1403638131.195097 0.9929100871086121 -0.09432759135961533 -0.07233034074306488 -0.006925594061613083 0.083692766726017 0.9868735074996948 -0.13811640441417694 -0.4186996817588806 0.08440909534692764 0.1310836225748062 0.9877713918685913 -0.17645110189914703
1403638131.245097 0.9949131608009338 -0.07116319239139557 -0.0712997317314148 -0.013135059736669064 0.06250641494989395 0.9911573529243469 -0.1170475035905838 -0.4059181809425354 0.07899873703718185 0.11199542135000229 0.9905635714530945 -0.16757602989673615
1403638131.295097 0.9958056807518005 -0.05605580285191536 -0.07231026142835617 -0.01379588432610035 0.04855586215853691 0.9936392903327942 -0.10160423070192337 -0.39040499925613403 0.07754582166671753 0.09766697883605957 0.9921934008598328 -0.157107874751091
1403638131.345097 0.9960983395576477 -0.04987325891852379 -0.07280486822128296 -0.009374595247209072 0.04294907674193382 0.9946684837341309 -0.0937553271651268 -0.37432754039764404 0.07709258049726486 0.09026262909173965 0.9929296970367432 -0.15196798741817474
1403638131.395097 0.996188223361969 -0.05117131024599075 -0.07064291834831238 -0.005377435125410557 0.04450596496462822 0.9946802854537964 -0.0929005965590477 -0.36207979917526245 0.07502096891403198 0.0894024521112442 0.9931662082672119 -0.1492888480424881
1403638131.445097 0.9963001608848572 -0.05185423791408539 -0.06853491067886353 -0.005039780866354704 0.045206937938928604 0.9944294691085815 -0.09521729499101639 -0.34572553634643555 0.0730905756354332 0.09176675230264664 0.9930945038795471 -0.14273418486118317
1403638131.4950972 0.9971782565116882 -0.04207967594265938 -0.06216723471879959 -0.004829356912523508 0.03609982505440712 0.9948830008506775 -0.09436464309692383 -0.32814329862594604 0.06581997126340866 0.09185412526130676 0.993594765663147 -0.13697095215320587
1403638131.5450969 0.9973719120025635 -0.03906596451997757 -0.0610177144408226 -0.0034902109764516354 0.033556967973709106 0.9954808354377747 -0.08883704245090485 -0.3094891607761383 0.06421246379613876 0.08655600249767303 0.994175374507904 -0.13046970963478088
1403638131.595097 0.9975384473800659 -0.03570203855633736 -0.06035332381725311 -0.003692637663334608 0.03067699447274208 0.996141254901886 -0.08222891390323639 -0.28854861855506897 0.06305618584156036 0.08017505705356598 0.9947842955589294 -0.12092156708240509
1403638131.645097 0.9977167844772339 -0.02955986000597477 -0.06072321906685829 -0.00354191055521369 0.0248114001005888 0.9966824054718018 -0.07751613855361938 -0.2686212658882141 0.06281312555074692 0.07583253085613251 0.9951401352882385 -0.11314816772937775
1403638131.695097 0.997912585735321 -0.02527245692908764 -0.05942726135253906 -0.00023416243493556976 0.020633922889828682 0.9967856407165527 -0.07741181552410126 -0.2483913004398346 0.061192624270915985 0.07602399587631226 0.9952265620231628 -0.10713817924261093
1403638131.745097 0.9980956315994263 -0.021240590140223503 -0.05791386216878891 0.0012257848866283894 0.016733583062887192 0.9968731999397278 -0.07722604274749756 -0.2265937775373459 0.05937310680747032 0.0761098563671112 0.9953301548957825 -0.09679733216762543
1403638131.795097 0.9985519051551819 -0.00994840171188116 -0.05286845937371254 0.00267714262008667 0.005888801999390125 0.9970603585243225 -0.07639480382204056 -0.20650911331176758 0.05347305163741112 0.07597284018993378 0.9956750273704529 -0.09249981492757797
1403638131.845097 0.9988816976547241 0.0010551721788942814 -0.04726745933294296 0.005268216133117676 -0.004492118488997221 0.9973462820053101 -0.07266567647457123 -0.1845788210630417 0.04706535488367081 0.07279673963785172 0.9962356686592102 -0.08429567515850067
1403638131.895097 0.9990732073783875 0.007317624986171722 -0.04241608455777168 0.006377673242241144 -0.010336547158658504 0.9973943829536438 -0.0713978037238121 -0.1616448163986206 0.04178310185670853 0.071770079433918 0.9965455532073975 -0.07643768936395645
1403638131.945097 0.9991129636764526 0.012154164724051952 -0.04031730443239212 0.007595369592308998 -0.014971626922488213 0.9974112510681152 -0.07033330202102661 -0.14387084543704987 0.03935809060931206 0.07087452709674835 0.9967084527015686 -0.06967750191688538
1403638131.9950972 0.9989104866981506 0.025340009480714798 -0.039188988506793976 0.008798293769359589 -0.027842683717608452 0.9975168108940125 -0.06469323486089706 -0.12853749096393585 0.0374523401260376 0.06571387499570847 0.9971354603767395 -0.06486682593822479
1403638132.0450969 0.9981912970542908 0.04408419132232666 -0.04087432473897934 0.008863890543580055 -0.04632548242807388 0.9973771572113037 -0.05561273545026779 -0.11752063035964966 0.03831547126173973 0.057405680418014526 0.997615396976471 -0.06170939654111862
1403638132.095097 0.9971311092376709 0.06272757053375244 -0.04236402362585068 0.008901240304112434 -0.06453274935483932 0.9970024824142456 -0.042679496109485626 -0.11257187277078629 0.039559848606586456 0.045290928333997726 0.9981902241706848 -0.06077289953827858
1403638132.145097 0.9962398409843445 0.07373672723770142 -0.045484695583581924 0.008207237347960472 -0.07540663331747055 0.9964971542358398 -0.03615882247686386 -0.11517462134361267 0.042659129947423935 0.03945271670818329 0.998310387134552 -0.06311555206775665
1403638132.195097 0.9960645437240601 0.07364769279956818 -0.04930794984102249 0.008150225505232811 -0.0756157711148262 0.9963618516921997 -0.03931276500225067 -0.12581008672714233 0.04623325914144516 0.04288651421666145 0.9980096220970154 -0.06648527085781097
1403638132.245097 0.9966212511062622 0.061106372624635696 -0.054882295429706573 0.007659079506993294 -0.06401491165161133 0.9965458512306213 -0.05290074646472931 -0.1449602097272873 0.05146017298102379 0.05623530223965645 0.9970904588699341 -0.07520461082458496
1403638132.295097 0.9970594644546509 0.04576805979013443 -0.06146242469549179 0.00677159707993269 -0.04996291548013687 0.9963963627815247 -0.06854395568370819 -0.16652722656726837 0.05810379981994629 0.07141324877738953 0.9957530498504639 -0.0848349928855896
1403638132.345097 0.9971688389778137 0.036671943962574005 -0.06564536690711975 0.006464994978159666 -0.04186462610960007 0.9959506988525391 -0.07955842465162277 -0.19311010837554932 0.06246199458837509 0.08208140730857849 0.994666337966919 -0.09601844847202301
1403638132.395097 0.9968446493148804 0.020860299468040466 -0.07658688724040985 0.0063612074591219425 -0.02730400674045086 0.9960851073265076 -0.08407722413539886 -0.22197455167770386 0.07453318685293198 0.08590306341648102 0.9935117363929749 -0.11235424131155014
1403638132.445097 0.996332585811615 0.004343902692198753 -0.08545374870300293 0.004688737448304892 -0.01246991753578186 0.9954192042350769 -0.09479018300771713 -0.2480534166097641 0.08465056121349335 0.0955081582069397 0.9918227791786194 -0.12269409000873566
1403638132.4950972 0.995270848274231 -0.021227970719337463 -0.09479028731584549 0.005955982021987438 0.010486260056495667 0.9936063289642334 -0.11241213977336884 -0.2831888198852539 0.09657052159309387 0.11088652908802032 0.9891300797462463 -0.13907599449157715
1403638132.5450969 0.9937511086463928 -0.047522157430648804 -0.10099641978740692 0.0066503072157502174 0.033408019691705704 0.9899927973747253 -0.13710707426071167 -0.3103749752044678 0.10650134086608887 0.13287626206874847 0.9853940606117249 -0.15117521584033966
1403638132.595097 0.9920187592506409 -0.06914836913347244 -0.10543839633464813 0.003699062392115593 0.05173501372337341 0.9858000874519348 -0.15975549817085266 -0.33025282621383667 0.11498800665140152 0.1530255675315857 0.9815095067024231 -0.15207241475582123
1403638132.645097 0.99073326587677 -0.08151699602603912 -0.10863927006721497 0.0008366955444216728 0.0625237450003624 0.9838010668754578 -0.16800691187381744 -0.35465171933174133 0.12057486176490784 0.15965750813484192 0.9797812104225159 -0.16847175359725952
1403638132.695097 0.9902617335319519 -0.08369477093219757 -0.11125077307224274 -0.004658976569771767 0.06542793661355972 0.9851486682891846 -0.15874946117401123 -0.3735917806625366 0.12288503348827362 0.1499246060848236 0.9810310006141663 -0.17670190334320068
1403638132.745097 0.9899078607559204 -0.08361885696649551 -0.11441239714622498 -0.011812297627329826 0.06651150435209274 0.9870565533638 -0.14593058824539185 -0.3883916437625885 0.12513405084609985 0.1368481069803238 0.9826565980911255 -0.18282097578048706
1403638132.795097 0.989763617515564 -0.08652274310588837 -0.11349836736917496 -0.022057045251131058 0.07019183784723282 0.9875564575195312 -0.14073124527931213 -0.39841023087501526 0.1242625042796135 0.13132400810718536 0.9835206866264343 -0.18162493407726288
1403638132.845097 0.9890356063842773 -0.09486118704080582 -0.11318184435367584 -0.02459091693162918 0.07730303704738617 0.9855779409408569 -0.15053343772888184 -0.4002543091773987 0.12582933902740479 0.14013361930847168 0.9821046590805054 -0.1850053369998932
1403638132.895097 0.9878682494163513 -0.1086137592792511 -0.11099307239055634 -0.028516557067632675 0.08938206732273102 0.9821404218673706 -0.16556227207183838 -0.4058387279510498 0.12699313461780548 0.15363292396068573 0.979933500289917 -0.18892881274223328
1403638132.945097 0.9864763021469116 -0.11873851716518402 -0.11298524588346481 -0.032039739191532135 0.0972573310136795 0.9789184331893921 -0.17960985004901886 -0.4048050343990326 0.13192994892597198 0.1661922186613083 0.9772279262542725 -0.18664805591106415
1403638132.9950972 0.985791027545929 -0.1188700869679451 -0.11868425458669662 -0.03387991338968277 0.09538991004228592 0.9777272343635559 -0.18694977462291718 -0.3967413902282715 0.13826356828212738 0.17297212779521942 0.9751737117767334 -0.1812433898448944
1403638133.0450969 0.9869378805160522 -0.10391545295715332 -0.12310671806335449 -0.029859229922294617 0.08062318712472916 0.9801693558692932 -0.181019127368927 -0.39843180775642395 0.13947613537311554 0.16872936487197876 0.9757441878318787 -0.18534597754478455
1403638133.095097 0.9887973070144653 -0.08423173427581787 -0.12322692573070526 -0.020209703594446182 0.062371790409088135 0.98319411277771 -0.17157836258411407 -0.37980446219444275 0.13560834527015686 0.1619703471660614 0.9774333238601685 -0.1802869737148285
1403638133.145097 0.9901195168495178 -0.07319899648427963 -0.11960511654615402 -0.016105586662888527 0.053353697061538696 0.9854422807693481 -0.16142156720161438 -0.3737265467643738 0.1296798288822174 0.1534452736377716 0.9796109795570374 -0.1727030873298645
1403638133.195097 0.9918973445892334 -0.06632938981056213 -0.1083516925573349 5.662348121404648e-05 0.04876187443733215 0.9863285422325134 -0.1574113368988037 -0.36207115650177 0.11731138080358505 0.15085244178771973 0.9815708994865417 -0.16589736938476562
1403638133.245097 0.9934390783309937 -0.06646391749382019 -0.09306637942790985 0.012456761673092842 0.05132889747619629 0.9863443970680237 -0.15649250149726868 -0.3517543077468872 0.10219661891460419 0.1506887823343277 0.9832847118377686 -0.15845513343811035
1403638133.295097 0.9953804016113281 -0.0628177672624588 -0.07260594516992569 0.037848830223083496 0.05110941827297211 0.9868790507316589 -0.1531585305929184 -0.34114953875541687 0.0812743604183197 0.14874017238616943 0.9855307340621948 -0.154575377702713
1403638133.345097 0.996857225894928 -0.05749737471342087 -0.05449431389570236 0.05632036551833153 0.049194592982530594 0.9884914755821228 -0.14305472373962402 -0.3341056704521179 0.06209243834018707 0.1399243175983429 0.9882134199142456 -0.1519176959991455
1403638133.395097 0.9979730248451233 -0.0523538812994957 -0.03617830574512482 0.07240410149097443 0.047094207257032394 0.9899352788925171 -0.1334555596113205 -0.315733402967453 0.042801111936569214 0.13148127496242523 0.9903941750526428 -0.14173051714897156
1403638133.445097 0.9988165497779846 -0.04690463840961456 -0.012861073017120361 0.09936797618865967 0.04493078961968422 0.9911136031150818 -0.12520018219947815 -0.30112603306770325 0.018619269132614136 0.12447415292263031 0.9920480847358704 -0.14564259350299835
1403638133.4950972 0.998654842376709 -0.050669264048337936 0.011000074446201324 0.11892465502023697 0.0516330823302269 0.9912132620811462 -0.12177954614162445 -0.2905372381210327 -0.00473293662071228 0.12218371033668518 0.9924962520599365 -0.13938510417938232
1403638133.5450969 0.9975055456161499 -0.06183379888534546 0.034046471118927 0.14218010008335114 0.06549138575792313 0.9906606674194336 -0.1195928305387497 -0.27751579880714417 -0.026333622634410858 0.12152427434921265 0.9922390580177307 -0.13444843888282776
1403638133.595097 0.9957650899887085 -0.07744831591844559 0.0495343953371048 0.1644400805234909 0.08262265473604202 0.9901829361915588 -0.11274482309818268 -0.2685675621032715 -0.04031619429588318 0.11636002361774445 0.9923884272575378 -0.1337403953075409
1403638133.645097 0.9938353300094604 -0.0932115986943245 0.06002648174762726 0.18489360809326172 0.09907807409763336 0.989672839641571 -0.1035924181342125 -0.26143768429756165 -0.049750544130802155 0.10890110582113266 0.9928068518638611 -0.13840174674987793
1403638133.695097 0.9918996691703796 -0.10448580235242844 0.0722338855266571 0.20145221054553986 0.11113522946834564 0.9892392158508301 -0.09515698999166489 -0.2506485879421234 -0.06151403486728668 0.10241389274597168 0.9928380846977234 -0.13929247856140137
1403638133.745097 0.9899741411209106 -0.10970238596200943 0.08897538483142853 0.2300378531217575 0.11746098101139069 0.9892388582229614 -0.0872315838932991 -0.2399722933769226 -0.07844841480255127 0.09680815041065216 0.9922066330909729 -0.14275327324867249
1403638133.795097 0.9879114031791687 -0.11017965525388718 0.10904873162508011 0.2461346685886383 0.11950726062059402 0.9893540740013123 -0.08304407447576523 -0.22667090594768524 -0.09873804450035095 0.09507229924201965 0.9905614852905273 -0.13715043663978577
1403638133.845097 0.9859838485717773 -0.1061263158917427 0.12873557209968567 0.26548781991004944 0.11658139526844025 0.9902243614196777 -0.07657957077026367 -0.21642020344734192 -0.11935000121593475 0.09051439166069031 0.9887177348136902 -0.13808172941207886
1403638133.895097 0.9841076731681824 -0.10491877049207687 0.14326226711273193 0.2754315435886383 0.11584479361772537 0.990786075592041 -0.07016295939683914 -0.20717684924602509 -0.13458086550235748 0.08564408868551254 0.9871945381164551 -0.13178108632564545
1403638133.945097 0.9822705984115601 -0.10556914657354355 0.15491846203804016 0.2807939052581787 0.11723042279481888 0.9907636046409607 -0.06815136969089508 -0.20151637494564056 -0.14629288017749786 0.08510424196720123 0.9855738282203674 -0.12667512893676758
1403638133.9950972 0.9812144637107849 -0.10537675768136978 0.16159746050834656 0.28092676401138306 0.11788920313119888 0.9905650615692139 -0.0698777288198471 -0.19984808564186096 -0.15270933508872986 0.08761563897132874 0.9843796491622925 -0.11758367717266083
1403638134.0450969 0.9812980890274048 -0.10277210175991058 0.16276338696479797 0.2786921262741089 0.11521533131599426 0.9909461736679077 -0.06892813742160797 -0.1991163194179535 -0.15420588850975037 0.08639190346002579 0.9842545390129089 -0.10741442441940308
1403638134.095097 0.9826627373695374 -0.09474378079175949 0.1593664586544037 0.2736576795578003 0.10575148463249207 0.9924545884132385 -0.062052853405475616 -0.20297561585903168 -0.15228483080863953 0.07783026993274689 0.9852674007415771 -0.10234655439853668
1403638134.145097 0.9840571880340576 -0.08505821228027344 0.15619418025016785 0.26366159319877625 0.09491721540689468 0.993864893913269 -0.056772779673337936 -0.206922709941864 -0.15040692687034607 0.07069316506385803 0.9860934019088745 -0.09037239849567413
1403638134.195097 0.9843206405639648 -0.08157331496477127 0.15639229118824005 0.25329679250717163 0.09186158329248428 0.9939796924591064 -0.05971550568938255 -0.21686452627182007 -0.1505795568227768 0.07314566522836685 0.9858881831169128 -0.08108668029308319
1403638134.245097 0.9832567572593689 -0.08863107115030289 0.15921860933303833 0.23721572756767273 0.10175524652004242 0.9918832778930664 -0.07624664157629013 -0.22296662628650665 -0.15116843581199646 0.09117136150598526 0.9842946529388428 -0.0644519180059433
1403638134.295097 0.9821159243583679 -0.09631405025720596 0.16177749633789062 0.2135108858346939 0.11156255006790161 0.9898567795753479 -0.08796171098947525 -0.23506928980350494 -0.1516646146774292 0.10443689674139023 0.9828991293907166 -0.052308112382888794
1403638134.345097 0.9815713763237 -0.10573697835206985 0.1591767966747284 0.19169911742210388 0.12075474113225937 0.9887908101081848 -0.08781206607818604 -0.24203713238239288 -0.1481076031923294 0.10541518032550812 0.9833370447158813 -0.03345607966184616
1403638134.395097 0.9815487265586853 -0.11492958664894104 0.15281814336776733 0.17353908717632294 0.1285414844751358 0.9882775545120239 -0.08236826956272125 -0.25058498978614807 -0.14156019687652588 0.10049194097518921 0.984815776348114 -0.016166171059012413
1403638134.445097 0.9812883138656616 -0.12199719250202179 0.14896343648433685 0.14842984080314636 0.13437172770500183 0.988011360168457 -0.0760103166103363 -0.26316824555397034 -0.13790453970432281 0.0946044921875 0.9859169721603394 -0.00615321472287178
1403638134.4950972 0.9807312488555908 -0.1301516890525818 0.14569400250911713 0.13146017491817474 0.14236214756965637 0.9868351817131042 -0.0767410546541214 -0.2700904607772827 -0.13378800451755524 0.09600365906953812 0.9863488078117371 0.006387077271938324
1403638134.5450969 0.9798185229301453 -0.14038248360157013 0.14229698479175568 0.11474533379077911 0.15250304341316223 0.985209047794342 -0.07814078778028488 -0.27857884764671326 -0.12922269105911255 0.09826452285051346 0.9867347478866577 0.018117543309926987
1403638134.595097 0.97932368516922 -0.14994417130947113 0.13580092787742615 0.0885680615901947 0.16184264421463013 0.9834676384925842 -0.08122984319925308 -0.2825486958026886 -0.12137587368488312 0.10152868181467056 0.9874005317687988 0.03107575699687004
1403638134.645097 0.9793007373809814 -0.15408317744731903 0.13125745952129364 0.06618046760559082 0.16512005031108856 0.9832029938697815 -0.0777643620967865 -0.28654995560646057 -0.11707054823637009 0.09782793372869492 0.9882935881614685 0.03876320272684097
1403638134.695097 0.9798863530158997 -0.15459568798542023 0.12618643045425415 0.04418009892106056 0.1642739176750183 0.98391193151474 -0.07022310793399811 -0.2921002209186554 -0.11330017447471619 0.0895397886633873 0.9895179271697998 0.04184195399284363
1403638134.745097 0.9808934330940247 -0.15439732372760773 0.11836174130439758 0.025462914258241653 0.16218024492263794 0.9849860668182373 -0.059160299599170685 -0.30247464776039124 -0.10745048522949219 0.07722587883472443 0.9912066459655762 0.043032094836235046
1403638134.795097 0.9821619391441345 -0.14976002275943756 0.11370895802974701 0.003035500179976225 0.15595108270645142 0.9866167306900024 -0.04760832339525223 -0.30484047532081604 -0.10505735874176025 0.0644921213388443 0.9923728108406067 0.048100605607032776
1403638134.845097 0.9831113815307617 -0.143965482711792 0.11298610270023346 -0.021903948858380318 0.1494378298521042 0.987899124622345 -0.04151533544063568 -0.30889037251472473 -0.10564211010932922 0.05769859254360199 0.9927288889884949 0.059203945100307465
