1403636579.7635555 1.0 0.0 0.0 0.0 0.0 1.0 0.0 0.0 0.0 0.0 1.0 0.0
1403636579.8135555 0.9999845027923584 0.001300544710829854 0.005418213550001383 0.0001907036785269156 -0.0012855407549068332 0.9999953508377075 -0.0027717147022485733 0.0146657545119524 -0.005421792156994343 0.0027647067327052355 0.9999814629554749 0.005906520877033472
1403636579.8635557 0.9999400973320007 0.00495706032961607 0.009750919416546822 0.000492919934913516 -0.004973019473254681 0.999986469745636 0.0016132023883983493 0.033604905009269714 -0.009742790833115578 -0.0016615978674963117 0.999951183795929 0.013171707279980183
1403636579.9135554 0.99991774559021 0.005656888242810965 0.011507315561175346 0.0005070664919912815 -0.0057925074361264706 0.9999138712882996 0.011786460876464844 0.055317964404821396 -0.011439647525548935 -0.011852150782942772 0.9998642802238464 0.019405340775847435
1403636579.9635556 0.9999183416366577 0.00540926493704319 0.011568780057132244 -0.00020071692415513098 -0.005688085220754147 0.99969083070755 0.0242056492716074 0.07946396619081497 -0.011434266343712807 -0.024269476532936096 0.999640166759491 0.026337657123804092
1403636580.0135555 0.9999312162399292 0.0025889079552143812 0.01143889781087637 -0.0010269872145727277 -0.0029800962656736374 0.999406635761261 0.03431444987654686 0.10494481772184372 -0.01134327333420515 -0.03434617817401886 0.999345600605011 0.03381458297371864
1403636580.0635555 0.9999274015426636 0.0011257566511631012 0.011997859925031662 -0.00187328876927495 -0.001621935865841806 0.999140202999115 0.04142651706933975 0.1313236504793167 -0.011940905824303627 -0.04144296422600746 0.9990695118904114 0.04106887802481651
1403636580.1135554 0.9999309778213501 -0.003369517158716917 0.011251813732087612 -0.0024757939390838146 0.0028441110625863075 0.9989194273948669 0.04638903960585594 0.15621770918369293 -0.011395963840186596 -0.04635383561253548 0.9988600611686707 0.04833954945206642
1403636580.1635556 0.9999263882637024 -0.005836675874888897 0.010635512880980968 -0.0034079563338309526 0.005298185627907515 0.9987363219261169 0.04997454211115837 0.18103386461734772 -0.010913760401308537 -0.04991452023386955 0.9986938238143921 0.05461901053786278
1403636580.2135556 0.9999341368675232 -0.0063311015255749226 0.00956273078918457 -0.0036635627038776875 0.0058016362600028515 0.9985013604164124 0.0544155053794384 0.2040373682975769 -0.009892910718917847 -0.05435644090175629 0.9984725117683411 0.060936134308576584
1403636580.2635555 0.9999454617500305 -0.004606252070516348 0.009377874433994293 -0.004354839213192463 0.004038224928081036 0.9982072710990906 0.0597139336168766 0.2252502739429474 -0.009636123664677143 -0.05967278778553009 0.9981715083122253 0.06577788293361664
1403636580.3135555 0.9999511241912842 0.00014205308980308473 0.009890679270029068 -0.005041227675974369 -0.0008104348671622574 0.997711718082428 0.06760570406913757 0.2452271729707718 -0.009858445264399052 -0.06761041283607483 0.997663140296936 0.06977381557226181
1403636580.3635557 0.9999693036079407 0.0011331832502037287 0.0077459425665438175 -0.005814664997160435 -0.0017386885592713952 0.9969033002853394 0.07861682772636414 0.2631581723690033 -0.007632869761437178 -0.07862788438796997 0.9968747496604919 0.07273519039154053
1403636580.4135554 0.9999507069587708 0.005204935558140278 0.00844238605350256 -0.006682842504233122 -0.00597630999982357 0.9955466985702515 0.09407975524663925 0.27870509028434753 -0.007915123365819454 -0.09412558376789093 0.9955288171768188 0.07269855588674545
1403636580.4635556 0.9999626874923706 0.005079964641481638 0.006988372653722763 -0.007789083756506443 -0.005824854131788015 0.9937956929206848 0.11106859147548676 0.29181385040283203 -0.006380789913237095 -0.11110515892505646 0.9937881827354431 0.07441115379333496
1403636580.5135555 0.9999762773513794 0.003652226412668824 0.005846605636179447 -0.008241040632128716 -0.004370489623397589 0.9917677044868469 0.12797591090202332 0.2985537648200989 -0.005331078078597784 -0.12799842655658722 0.9917600154876709 0.0753091350197792
1403636580.5635555 0.9999832510948181 0.003306581871584058 0.004746300168335438 -0.009672665037214756 -0.0039440663531422615 0.9899599552154541 0.141292542219162 0.2971765100955963 -0.004231452010571957 -0.14130888879299164 0.9899566769599915 0.07361028343439102
1403636580.6135554 0.9999970197677612 0.0020045400597155094 0.0014250902459025383 -0.010275138542056084 -0.0021911635994911194 0.989277184009552 0.14603359997272491 0.2869560420513153 -0.0011170790530741215 -0.1460363268852234 0.9892787337303162 0.06991568207740784
1403636580.6635556 0.9999966621398926 0.002399137243628502 0.0009007630287669599 -0.011037308722734451 -0.0025037985760718584 0.9895861744880676 0.14391939342021942 0.26887768507003784 -0.0005461004911921918 -0.14392121136188507 0.9895889759063721 0.0648447647690773
1403636580.7135556 0.9999806880950928 0.005041555967181921 0.0036340495571494102 -0.011856013908982277 -0.0054892138577997684 0.9906824827194214 0.13608095049858093 0.2437734305858612 -0.0029141297563910484 -0.13609835505485535 0.9906910061836243 0.058791931718587875
1403636580.7635555 0.9998984932899475 0.011293154209852219 0.00868239626288414 -0.012457757256925106 -0.01229278277605772 0.992036759853363 0.12534676492214203 0.21296778321266174 -0.007197695318609476 -0.12544086575508118 0.9920749664306641 0.052060194313526154
1403636580.8135555 0.9997170567512512 0.017575552687048912 0.01602347567677498 -0.012045287527143955 -0.019266650080680847 0.9934820532798767 0.11234767735004425 0.17818717658519745 -0.013944464735686779 -0.11262461543083191 0.9935397505760193 0.04813508689403534
1403636580.8635557 0.9993543028831482 0.024579724296927452 0.02620341256260872 -0.012551955878734589 -0.027027005329728127 0.994863748550415 0.09754744917154312 0.13993753492832184 -0.023671139031648636 -0.09819267690181732 0.9948858618736267 0.04011521115899086
1403636580.9135554 0.9988219141960144 0.03169187903404236 0.03674902021884918 -0.012733973562717438 -0.0346335731446743 0.9959982633590698 0.08238904178142548 0.1006433516740799 -0.03399089723825455 -0.08356473594903946 0.9959224462509155 0.032749950885772705
1403636580.9635556 0.9985119700431824 0.03603076934814453 0.040933459997177124 -0.01391092874109745 -0.038735926151275635 0.9969779253005981 0.06733852624893188 0.06171523779630661 -0.038383498787879944 -0.0688239187002182 0.996890127658844 0.023239100351929665
1403636581.0135555 0.9983717203140259 0.03911396861076355 0.04152095317840576 -0.015951696783304214 -0.04128874093294144 0.9977468848228455 0.052880916744470596 0.02649010345339775 -0.039359018206596375 -0.05450916290283203 0.9977372884750366 0.015887221321463585
1403636581.0635555 0.9984866380691528 0.03819897025823593 0.03956316038966179 -0.017703985795378685 -0.039781007915735245 0.9984073042869568 0.040003933012485504 -0.00859547033905983 -0.03797204792499542 -0.04151725396513939 0.9984159469604492 0.0076933130621910095
1403636581.1135554 0.9985549449920654 0.03577510267496109 0.04010125249624252 -0.018453164026141167 -0.03686908259987831 0.99895840883255 0.026881009340286255 -0.03983607888221741 -0.03909781947731972 -0.028320664539933205 0.998833954334259 0.0008317851461470127
1403636581.1635556 0.9987080693244934 0.03029903583228588 0.04079420864582062 -0.01895187236368656 -0.030766498297452927 0.9994674324989319 0.010880288667976856 -0.06724841892719269 -0.04044283181428909 -0.012121329084038734 0.9991083145141602 -0.004639746621251106
1403636581.2135556 0.9987921118736267 0.026409735903143883 0.041434939950704575 -0.018785875290632248 -0.02623271942138672 0.9996443390846252 -0.004810039885342121 -0.09433116763830185 -0.041547246277332306 0.003717278130352497 0.9991296529769897 -0.012128753587603569
1403636581.2635555 0.998898983001709 0.022295404225587845 0.041276998817920685 -0.01849958300590515 -0.021381184458732605 0.9995191693305969 -0.022458992898464203 -0.11695494502782822 -0.04175789654254913 0.0215517096221447 0.9988952875137329 -0.018801728263497353
1403636581.3135555 0.9988840818405151 0.024197064340114594 0.04055963456630707 -0.018010975793004036 -0.02267865650355816 0.9990397691726685 -0.037487469613552094 -0.13240483403205872 -0.041427772492170334 0.03652579337358475 0.9984737038612366 -0.02553120069205761
1403636581.3635557 0.9987530708312988 0.026705611497163773 0.04217885062098503 -0.018145272508263588 -0.02465115673840046 0.9985189437866211 -0.04849932715296745 -0.13869772851467133 -0.04341159015893936 0.04739910364151001 0.9979322552680969 -0.027453966438770294
1403636581.4135554 0.9984307289123535 0.03166504204273224 0.04618900269269943 -0.0168742835521698 -0.02930653840303421 0.9982750415802002 -0.050875212997198105 -0.1389593631029129 -0.0477202907204628 0.04944174364209175 0.9976363182067871 -0.028235752135515213
1403636581.4635556 0.9981261491775513 0.03728431090712547 0.048520755022764206 -0.015161039307713509 -0.035031817853450775 0.9983050227165222 -0.04647400602698326 -0.12933103740215302 -0.05017127841711044 0.04468715935945511 0.9977404475212097 -0.026835935190320015
1403636581.5135555 0.9977493286132812 0.04322868958115578 0.05126114562153816 -0.013842265121638775 -0.041411157697439194 0.9984933137893677 -0.036004096269607544 -0.11266547441482544 -0.05274032801389694 0.033800285309553146 0.9980360269546509 -0.02304021269083023
1403636581.5635555 0.9979000091552734 0.03803885355591774 0.05242789164185524 -0.012447552755475044 -0.03685855120420456 0.9990488886833191 -0.023299233987927437 -0.09170568734407425 -0.05326429754495621 0.02131788060069084 0.9983528256416321 -0.018811041489243507
1403636581.6135554 0.99809730052948 0.035089194774627686 0.05069994553923607 -0.010139481164515018 -0.03461918234825134 0.9993493556976318 -0.010119407437741756 -0.06443238258361816 -0.051022063940763474 0.008344964124262333 0.9986626505851746 -0.009310491383075714
1403636581.6635556 0.9982987642288208 0.030433211475610733 0.04973343387246132 -0.008501497097313404 -0.030475562438368797 0.9995355010032654 9.318999946117401e-05 -0.03480116277933121 -0.04970752075314522 -0.0016086865216493607 0.9987625479698181 -0.0013565344270318747
1403636581.7135556 0.9982631802558899 0.033382635563611984 0.04854058474302292 -0.005691045895218849 -0.03376370668411255 0.9994049668312073 0.007051781751215458 -0.0037702503614127636 -0.048276301473379135 -0.008678442798554897 0.9987963438034058 0.007371802348643541
1403636581.7635555 0.9984888434410095 0.03017089143395424 0.04593336582183838 -0.003231715178117156 -0.030672132968902588 0.9994770884513855 0.010246841236948967 0.02902347594499588 -0.04560018330812454 -0.011640230193734169 0.9988920092582703 0.01628454402089119
1403636581.8135555 0.9987713694572449 0.029638562351465225 0.03971516340970993 -0.0015852167271077633 -0.03017459623515606 0.9994605779647827 0.012966086156666279 0.062195416539907455 -0.03930944204330444 -0.014148544520139694 0.9991269111633301 0.02396463043987751
1403636581.8635557 0.998876690864563 0.02877971902489662 0.03764316439628601 -0.00039480149280279875 -0.029472343623638153 0.9994039535522461 0.017976079136133194 0.09511584043502808 -0.03710338473320007 -0.019065316766500473 0.9991295337677002 0.0317734070122242
1403636581.9135554 0.9991209506988525 0.024116819724440575 0.034288905560970306 3.611913416534662e-05 -0.025068795308470726 0.999304473400116 0.027609974145889282 0.1281082034111023 -0.03359919413924217 -0.028445284813642502 0.9990305304527283 0.0392717570066452
1403636581.9635556 0.9990308284759521 0.021060381084680557 0.0386502668261528 0.0006532033439725637 -0.0226394385099411 0.9989074468612671 0.04088272526860237 0.15960223972797394 -0.03774704411625862 -0.04171812906861305 0.9984161257743835 0.046452030539512634
1403636582.0135555 0.9989305138587952 0.017886653542518616 0.042637456208467484 0.0007370808161795139 -0.020299263298511505 0.9981771111488342 0.056839991360902786 0.1893761307001114 -0.04154304414987564 -0.057644713670015335 0.9974724054336548 0.05339186638593674
1403636582.0635555 0.9987493753433228 0.018446246162056923 0.04647156596183777 0.00045455736108124256 -0.021862637251615524 0.9970101714134216 0.07411415129899979 0.21552756428718567 -0.044965486973524094 -0.07503744959831238 0.9961664080619812 0.05923882871866226
1403636582.1135554 0.9987400770187378 0.019920703023672104 0.04606063663959503 -0.00014236429706215858 -0.024070823565125465 0.9955254793167114 0.09137803316116333 0.23721925914287567 -0.044034212827682495 -0.0923716127872467 0.994750440120697 0.0636458620429039
1403636582.1635556 0.9989579916000366 0.017646977677941322 0.04208947718143463 -0.0011707909870892763 -0.02203427255153656 0.9941045045852661 0.10616356134414673 0.25223204493522644 -0.03996787220239639 -0.10698038339614868 0.9934574961662292 0.06624303758144379
1403636582.2135556 0.9990803599357605 0.018054857850074768 0.038889817893505096 -0.002804756397381425 -0.02252991311252117 0.9927705526351929 0.11789365112781525 0.26025256514549255 -0.03648010268807411 -0.11866141855716705 0.9922643899917603 0.06751009821891785
1403636582.2635555 0.9991463422775269 0.019398905336856842 0.03647029772400856 -0.0040312414057552814 -0.023810353130102158 0.9919078946113586 0.1247069239616394 0.2594868838787079 -0.03375601768493652 -0.12546885013580322 0.9915232062339783 0.0645003616809845
1403636582.3135555 0.9992181062698364 0.02005026303231716 0.03407232463359833 -0.005849577486515045 -0.024226371198892593 0.9916139245033264 0.12694481015205383 0.24940061569213867 -0.03124133124947548 -0.1276710331439972 0.9913244843482971 0.061899442225694656
1403636582.3635557 0.9993343353271484 0.017575213685631752 0.03196657449007034 -0.007720092311501503 -0.021337425336241722 0.9923689961433411 0.12144331634044647 0.23269522190093994 -0.0295882448554039 -0.12204457074403763 0.9920834898948669 0.060782983899116516
1403636582.4135554 0.9993559718132019 0.017929555848240852 0.031082633882761 -0.010093254037201405 -0.021211419254541397 0.9938489198684692 0.1086936816573143 0.20888766646385193 -0.028942618519067764 -0.1092829778790474 0.9935892224311829 0.05418940261006355
1403636582.4635556 0.999384343624115 0.016802512109279633 0.030800579115748405 -0.01193906832486391 -0.01961483061313629 0.9954348802566528 0.09340573847293854 0.18114261329174042 -0.029090516269207 -0.09395235776901245 0.9951516389846802 0.04723241180181503
1403636582.5135555 0.9992056488990784 0.02126018889248371 0.033708356320858 -0.01329612173140049 -0.02392078936100006 0.9964595437049866 0.08059927076101303 0.1504579484462738 -0.031875453889369965 -0.08134155720472336 0.9961764812469482 0.040148958563804626
1403636582.5635555 0.9990569353103638 0.022170403972268105 0.03733387216925621 -0.01438678614795208 -0.024758171290159225 0.9972156882286072 0.07034227252006531 0.11871752142906189 -0.03567040339112282 -0.07120024412870407 0.9968240261077881 0.03324919566512108
1403636582.6135554 0.9987146258354187 0.026853177696466446 0.04298693686723709 -0.014322510920464993 -0.0295877642929554 0.9974921345710754 0.06429635733366013 0.08569566905498505 -0.04115257039666176 -0.06548560410737991 0.9970046281814575 0.02485242858529091
1403636582.6635556 0.998471736907959 0.02698936127126217 0.04822603613138199 -0.014405745081603527 -0.029851580038666725 0.9977728724479675 0.05965054780244827 0.05319810286164284 -0.04650869965553284 -0.06099901348352432 0.9970536828041077 0.016638323664665222
1403636582.7135556 0.9983873963356018 0.02556033991277218 0.05068756267428398 -0.014089581556618214 -0.028325997292995453 0.998105525970459 0.05461697280406952 0.02109421230852604 -0.049195513129234314 -0.05596466362476349 0.9972200393676758 0.008570356294512749
1403636582.7635555 0.9982525706291199 0.021835634484887123 0.05491061136126518 -0.01337277889251709 -0.02447982132434845 0.99854975938797 0.0479520820081234 -0.01165228895843029 -0.053783904761075974 -0.049212485551834106 0.9973392486572266 0.0011141146533191204
1403636582.8135555 0.9979727268218994 0.017292914912104607 0.06124737113714218 -0.011687017045915127 -0.019658438861370087 0.9990754723548889 0.038232848048210144 -0.042934440076351166 -0.06052958965301514 -0.03935937210917473 0.9973901510238647 -0.005679551512002945
1403636582.8635557 0.9974408745765686 0.013118852861225605 0.07028169184923172 -0.01017674244940281 -0.014906935393810272 0.999576985836029 0.024977849796414375 -0.07516825199127197 -0.06992427259683609 -0.025961613282561302 0.9972145557403564 -0.012486905790865421
1403636582.9135554 0.9970452785491943 0.008564121089875698 0.07633908092975616 -0.008549414575099945 -0.009270965121686459 0.9999173283576965 0.008909730240702629 -0.10567262768745422 -0.07625646889209747 -0.009591140784323215 0.9970420598983765 -0.02030082792043686
1403636582.9635556 0.9967596530914307 0.008797791786491871 0.07995540648698807 -0.007211779709905386 -0.008197641000151634 0.9999357461929321 -0.007831207476556301 -0.13225463032722473 -0.08001918345689774 0.007150384597480297 0.9967676401138306 -0.027859818190336227
1403636583.0135555 0.9964931011199951 0.008949634619057178 0.08319523930549622 -0.005455202888697386 -0.006913990247994661 0.9996705651283264 -0.024724246934056282 -0.1513218730688095 -0.08338909596204758 0.02406233362853527 0.9962264895439148 -0.03344375267624855
1403636583.0635555 0.9964588284492493 0.012165133841335773 0.08319813013076782 -0.005413943435996771 -0.009236697107553482 0.9993273019790649 -0.035493120551109314 -0.16344895958900452 -0.08357393741607666 0.03459896147251129 0.9959007501602173 -0.03903099149465561
1403636583.1135554 0.9962878823280334 0.013960779644548893 0.08494391292333603 -0.004703212529420853 -0.010574756190180779 0.9991365075111389 -0.04018206149339676 -0.16843737661838531 -0.0854315385222435 0.039134640246629715 0.9955751895904541 -0.04126112535595894
1403636583.1635556 0.9958263039588928 0.02056540548801422 0.08892090618610382 -0.0024925130419433117 -0.01697484962642193 0.9990170001983643 -0.040948640555143356 -0.1644151657819748 -0.08967562019824982 0.03926831856369972 0.9951965808868408 -0.037160925567150116
1403636583.2135556 0.9956508874893188 0.024570686742663383 0.0898638442158699 -0.0015805431175976992 -0.02117900364100933 0.9990339875221252 -0.038503386080265045 -0.1537870168685913 -0.09072308242321014 0.036432698369026184 0.9952094554901123 -0.033449117094278336
1403636583.2635555 0.995772659778595 0.02615188993513584 0.0880492553114891 6.855861283838749e-05 -0.02316991239786148 0.9991284012794495 -0.034720681607723236 -0.13711488246917725 -0.0888805091381073 0.03253381326794624 0.9955108165740967 -0.029518846422433853
1403636583.3135555 0.9959057569503784 0.025852667167782784 0.08662179857492447 -0.00010966113768517971 -0.023275744169950485 0.9992597103118896 -0.03062833473086357 -0.11614318192005157 -0.08734951913356781 0.028486749157309532 0.9957703351974487 -0.02372722700238228
1403636583.3635557 0.9960085153579712 0.026685558259487152 0.08517581969499588 0.0012032410595566034 -0.02456829510629177 0.9993648529052734 -0.025809988379478455 -0.09017673879861832 -0.08581048995256424 0.023614337667822838 0.9960315823554993 -0.015512803569436073
1403636583.4135554 0.9964307546615601 0.024942317977547646 0.0806456208229065 0.0038720634765923023 -0.02328871376812458 0.9995000958442688 -0.021380800753831863 -0.06054503843188286 -0.08113863319158554 0.019426345825195312 0.9965134263038635 -0.004799677990376949
1403636583.4635556 0.9967040419578552 0.028345143422484398 0.07601028680801392 0.0059740557335317135 -0.02729576639831066 0.9995176792144775 -0.01480946596711874 -0.028726132586598396 -0.07639341801404953 0.01268588937819004 0.9969971179962158 0.003960177768021822
1403636583.5135555 0.9969749450683594 0.02751634456217289 0.07269047200679779 0.00740504264831543 -0.02699149213731289 0.9996020793914795 -0.008192986249923706 0.0033412969205528498 -0.07288698852062225 0.006206178106367588 0.9973209500312805 0.012420502491295338
1403636583.5635555 0.9969133138656616 0.030934607610106468 0.07215730845928192 0.010005965828895569 -0.03104282356798649 0.9995180368423462 0.00037848507054150105 0.03833556920289993 -0.07211083918809891 -0.0026172841899096966 0.9973932504653931 0.022158749401569366
1403636583.6135554 0.9964695572853088 0.03346789628267288 0.07699485868215561 0.012313265353441238 -0.03444352000951767 0.9993418455123901 0.011377964168787003 0.07282645255327225 -0.07656338810920715 -0.013989768922328949 0.9969666600227356 0.031655699014663696
1403636583.6635556 0.9970112442970276 0.02984592132270336 0.07125871628522873 0.012824786826968193 -0.03198058903217316 0.9990675449371338 0.029005814343690872 0.10541228950023651 -0.0703265592455864 -0.03119802102446556 0.9970359802246094 0.03836457431316376
1403636583.7135556 0.9974799156188965 0.02064068429172039 0.06788038462400436 0.013367235660552979 -0.024061981588602066 0.9984605312347412 0.049976646900177 0.1379566341638565 -0.06674432754516602 -0.051484040915966034 0.9964409470558167 0.04625944048166275
1403636583.7635555 0.9978727102279663 0.012806066311895847 0.06392017751932144 0.013567579910159111 -0.017466532066464424 0.9971867203712463 0.07289322465658188 0.16761989891529083 -0.0628068819642067 -0.07385461032390594 0.9952892065048218 0.05318797007203102
1403636583.8135555 0.99798583984375 0.006851497571915388 0.06306346505880356 0.01427525095641613 -0.012730373069643974 0.9955568313598633 0.09329785406589508 0.19500456750392914 -0.06214404106140137 -0.0939127653837204 0.9936390519142151 0.05904664099216461
1403636583.8635557 0.9979963898658752 0.005030806176364422 0.0630694329738617 0.014609884470701218 -0.011856930330395699 0.9940441846847534 0.10833045095205307 0.21969488263130188 -0.062148816883563995 -0.10886120051145554 0.9921122193336487 0.06428257375955582
1403636583.9135554 0.9978609681129456 0.011104636825621128 0.06442081928253174 0.015241146087646484 -0.018724489957094193 0.9927279353141785 0.11891442537307739 0.24100308120250702 -0.06263185292482376 -0.11986630409955978 0.990812361240387 0.06840453296899796
1403636583.9635556 0.9979593753814697 0.016937876120209694 0.061564914882183075 0.014820212498307228 -0.02449926547706127 0.9919519424438477 0.12422192841768265 0.2592911124229431 -0.05896538123488426 -0.12547670304775238 0.9903427362442017 0.07170479744672775
1403636584.0135555 0.9982295036315918 0.020262235775589943 0.05592256784439087 0.013748468831181526 -0.02727728895843029 0.9914403557777405 0.12768004834651947 0.2700665295124054 -0.052856795489788055 -0.12897942960262299 0.9902375936508179 0.07225510478019714
1403636584.0635555 0.9985397458076477 0.022651460021734238 0.04904822260141373 0.011834180913865566 -0.02874169312417507 0.9914528131484985 0.12725946307182312 0.2751692235469818 -0.04574638977646828 -0.12848328053951263 0.9906560182571411 0.07138684391975403
1403636584.1135554 0.9988244771957397 0.02228441834449768 0.04305103048682213 0.010399606078863144 -0.027620073407888412 0.9914390444755554 0.12761498987674713 0.2728111147880554 -0.039838649332523346 -0.12865401804447174 0.9908891320228577 0.07020236551761627
1403636584.1635556 0.9989641904830933 0.023494666442275047 0.03896985575556755 0.009143432602286339 -0.028297893702983856 0.9914115071296692 0.127680703997612 0.2631610333919525 -0.03563535213470459 -0.1286512017250061 0.9910494685173035 0.06759914755821228
1403636584.2135556 0.9989973306655884 0.024632103741168976 0.03738231211900711 0.008294042199850082 -0.02919698879122734 0.9914798736572266 0.1269446164369583 0.24658022820949554 -0.033936887979507446 -0.12790876626968384 0.9912051558494568 0.06391264498233795
1403636584.2635555 0.9989431500434875 0.026447568088769913 0.037589725106954575 0.007068508304655552 -0.030948752537369728 0.9917107820510864 0.12470702826976776 0.22314022481441498 -0.03397995978593826 -0.12573857605457306 0.9914814233779907 0.058400824666023254
1403636584.3135555 0.998957097530365 0.025746356695890427 0.03770339488983154 0.005964117590337992 -0.030124638229608536 0.9922457337379456 0.12058652192354202 0.19707880914211273 -0.034306351095438004 -0.12159659713506699 0.9919865131378174 0.05303798243403435
1403636584.3635557 0.9987462759017944 0.029461948201060295 0.04046596959233284 0.004941222257912159 -0.03402287885546684 0.992538571357727 0.11708884686231613 0.1673908531665802 -0.0367143452167511 -0.11831887066364288 0.9922966361045837 0.04763909801840782
1403636584.4135554 0.9982198476791382 0.035513944923877716 0.04791281372308731 0.0053478735499084 -0.04074444621801376 0.992756724357605 0.11302229017019272 0.13483017683029175 -0.04355188086628914 -0.11477328091859818 0.9924365878105164 0.042303141206502914
1403636584.4635556 0.9977136850357056 0.04014762490987778 0.05436570197343826 0.005950024351477623 -0.04573620483279228 0.9933357238769531 0.10579407215118408 0.10091516375541687 -0.049756020307540894 -0.10803865641355515 0.9929007291793823 0.03803453594446182
1403636584.5135555 0.997406542301178 0.04239518195390701 0.05816149711608887 0.005328598897904158 -0.047857142984867096 0.9942321181297302 0.09598078578710556 0.06357092410326004 -0.053756892681121826 -0.09851531684398651 0.9936825037002563 0.02979232743382454
1403636584.5635555 0.997221827507019 0.04188372194766998 0.061598002910614014 0.0044860816560685635 -0.04690975695848465 0.9954823851585388 0.08255027234554291 0.02691574953496456 -0.05786219984292984 -0.08521050214767456 0.9946814179420471 0.02288539707660675
1403636584.6135554 0.9969867467880249 0.04061271250247955 0.0660906657576561 0.003971683792769909 -0.04492185637354851 0.9968686699867249 0.06507669389247894 -0.009967625141143799 -0.06324075162410736 -0.0678495317697525 0.9956892728805542 0.016688844189047813
1403636584.6635556 0.9965873956680298 0.03807937726378441 0.07323741912841797 0.0038370839320123196 -0.041366830468177795 0.9981788396835327 0.04390702024102211 -0.045319121330976486 -0.07143211364746094 -0.04678677022457123 0.9963475465774536 0.01111513003706932
1403636584.7135556 0.9961279034614563 0.03821087256073952 0.0791785940527916 0.0030040608253329992 -0.04007527604699135 0.998952329158783 0.022092580795288086 -0.07890000194311142 -0.07825148105621338 -0.02518012560904026 0.9966156482696533 0.0030969129875302315
1403636584.7635555 0.9955369234085083 0.03767792508006096 0.08652586489915848 0.002013346180319786 -0.03801257535815239 0.9992748498916626 0.002222545677796006 -0.11031267046928406 -0.08637936413288116 -0.005501695908606052 0.9962472319602966 -0.004871136974543333
1403636584.8135555 0.9952362775802612 0.03813915327191353 0.08972318470478058 0.0014349357225000858 -0.03698025643825531 0.9992102384567261 -0.014544084668159485 -0.13752861320972443 -0.09020701795816422 0.011156811378896236 0.9958605766296387 -0.012507355771958828
1403636584.8635557 0.9952084422111511 0.03437907248735428 0.09153356403112411 0.0004092785529792309 -0.03192713484168053 0.9990946650505066 -0.028118614107370377 -0.1599949151277542 -0.0924173891544342 0.025061480700969696 0.9954048991203308 -0.019441673532128334
1403636584.9135554 0.995271623134613 0.03366697579622269 0.09111043810844421 -0.002050139009952545 -0.03034340590238571 0.9988312721252441 -0.03762144222855568 -0.1762600988149643 -0.09227054566144943 0.03467895835638046 0.9951298832893372 -0.02488761767745018
1403636584.9635556 0.9952709674835205 0.027575863525271416 0.093141570687294 -0.0038479682989418507 -0.023757563903927803 0.9988411068916321 -0.04185771197080612 -0.18882454931735992 -0.09418787062168121 0.03944694995880127 0.9947726130485535 -0.030579999089241028
1403636585.0135555 0.9949969053268433 0.025552405044436455 0.09658288955688477 -0.004153620917350054 -0.021609442308545113 0.998898446559906 -0.041652608662843704 -0.19065560400485992 -0.09754083305597305 0.03935711458325386 0.9944530129432678 -0.030366919934749603
1403636585.0635555 0.994722843170166 0.023138605058193207 0.0999554917216301 -0.00373653182759881 -0.01935173198580742 0.9990639090538025 -0.038690514862537384 -0.18716448545455933 -0.1007571667432785 0.03655203431844711 0.9942393898963928 -0.02695094421505928
1403636585.1135554 0.9946916699409485 0.022226709872484207 0.10047069191932678 -0.003640816081315279 -0.018901990726590157 0.9992457628250122 -0.033923208713531494 -0.1779051423072815 -0.10114890336990356 0.03184404969215393 0.9943615198135376 -0.023967092856764793
1403636585.1635556 0.9942132830619812 0.020420173183083534 0.10546624660491943 -0.002011951059103012 -0.017525896430015564 0.9994458556175232 -0.028297029435634613 -0.16289956867694855 -0.10598564147949219 0.02628488838672638 0.9940202236175537 -0.01887183077633381
1403636585.2135556 0.9935991764068604 0.02106769010424614 0.11098238825798035 -0.0007783883484080434 -0.018753185868263245 0.9995852112770081 -0.021857567131519318 -0.1440063714981079 -0.11139684915542603 0.019636379554867744 0.9935819506645203 -0.01292632706463337
1403636585.2635555 0.9927659034729004 0.02706686034798622 0.11697491258382797 0.0026914675254374743 -0.025434168055653572 0.9995574951171875 -0.015428132377564907 -0.12123890966176987 -0.11734073609113693 0.012341363355517387 0.9930150508880615 -0.003467146772891283
1403636585.3135555 0.9920323491096497 0.032465025782585144 0.12172919511795044 0.005499289371073246 -0.03148907423019409 0.9994547963142395 -0.009933059103786945 -0.09706152230501175 -0.1219853013753891 0.00602077879011631 0.9925135970115662 0.003935652319341898
1403636585.3635557 0.9914944171905518 0.03925594687461853 0.1240883618593216 0.007623895537108183 -0.039081018418073654 0.9992286562919617 -0.0038445033133029938 -0.07199474424123764 -0.1241435706615448 -0.00103769451379776 0.9922637343406677 0.011582406237721443
1403636585.4135554 0.9910987615585327 0.04479561001062393 0.12536568939685822 0.010887590236961842 -0.045572053641080856 0.998955488204956 0.0033309226855635643 -0.04622369632124901 -0.12508553266525269 -0.00901444535702467 0.9921050071716309 0.01978553831577301
1403636585.4635556 0.9917007088661194 0.0482347309589386 0.11917688697576523 0.013783575966954231 -0.050075117498636246 0.9986673593521118 0.012494705617427826 -0.019787097349762917 -0.11841540038585663 -0.018358804285526276 0.992794394493103 0.028040170669555664
1403636585.5135555 0.9922448992729187 0.049705423414707184 0.1139271929860115 0.015419119969010353 -0.05267363786697388 0.9983425736427307 0.023191194981336594 0.006511101499199867 -0.1125856339931488 -0.029012305662035942 0.9932183623313904 0.03302007168531418
1403636585.5635555 0.9934307336807251 0.05082325264811516 0.1025293692946434 0.01641247235238552 -0.05470351129770279 0.9978753328323364 0.03539357706904411 0.030873164534568787 -0.10051269084215164 -0.0407697856426239 0.9941001534461975 0.035121578723192215
1403636585.6135554 0.9947713613510132 0.049371108412742615 0.08940044790506363 0.017420165240764618 -0.05381782725453377 0.9973951578140259 0.0480303019285202 0.0531359538435936 -0.08679626882076263 -0.0525905042886734 0.9948369860649109 0.03540943190455437
1403636585.6635556 0.995976448059082 0.04532383754849434 0.07730957865715027 0.01732587069272995 -0.05017177015542984 0.996816873550415 0.0619630329310894 0.07150764018297195 -0.0742550939321518 -0.06559247523546219 0.9950798153877258 0.03381314501166344
1403636585.7135556 0.9972439408302307 0.037573765963315964 0.06397562474012375 0.017884910106658936 -0.04248185083270073 0.9961124062538147 0.07717104256153107 0.08651868253946304 -0.06082730367779732 -0.07967615127563477 0.9949632287025452 0.03128492459654808
1403636585.7635555 0.9979362487792969 0.03143392130732536 0.055992625653743744 0.017694376409053802 -0.03654967248439789 0.9950122237205505 0.09281762689352036 0.09770400822162628 -0.052795715630054474 -0.09467260539531708 0.9941074848175049 0.028039999306201935
1403636585.8135555 0.9986231923103333 0.022852778434753418 0.04721674695611 0.016880420967936516 -0.02788831666111946 0.9936612248420715 0.10890203714370728 0.10523128509521484 -0.0444287434220314 -0.11006888747215271 0.9929304122924805 0.0241232980042696
1403636585.8635557 0.9990936517715454 0.015578914433717728 0.03961195796728134 0.01633131317794323 -0.020518548786640167 0.9916231036186218 0.1275257170200348 0.10951168090105057 -0.037293411791324615 -0.12822292745113373 0.9910439252853394 0.019413219764828682
1403636585.9135554 0.9993792176246643 0.008639417588710785 0.03415323793888092 0.015951400622725487 -0.013551791198551655 0.9891425967216492 0.14633367955684662 0.11176539212465286 -0.0325181744992733 -0.14670567214488983 0.9886455535888672 0.014094550162553787
1403636585.9635556 0.9993966221809387 0.003804726293310523 0.03452105447649956 0.015598264522850513 -0.009539661929011345 0.9858217835426331 0.16752465069293976 0.11285300552845001 -0.033394210040569305 -0.16775289177894592 0.9852633476257324 0.00983508676290512
1403636586.0135555 0.9991644024848938 -0.0017806595424190164 0.04083193466067314 0.015447360463440418 -0.006075733341276646 0.9814785122871399 0.19147616624832153 0.11266082525253296 -0.040416598320007324 -0.19156423211097717 0.9806475639343262 0.006385326385498047
1403636586.0635555 0.9985299706459045 -0.004901346284896135 0.05397965759038925 0.015698835253715515 -0.006879233755171299 0.9763889312744141 0.21591000258922577 0.11251084506511688 -0.05376337468624115 -0.2159639298915863 0.9749200344085693 0.003626391291618347
1403636586.1135554 0.9977173805236816 -0.0104040103033185 0.06672193109989166 0.014353916049003601 -0.005722906440496445 0.9714781045913696 0.23706021904945374 0.11179833859205246 -0.06728526949882507 -0.2369009107351303 0.9692010283470154 0.0013139694929122925
1403636586.1635556 0.9969251751899719 -0.016610004007816315 0.07657839357852936 0.012378905899822712 -0.003500451799482107 0.966859757900238 0.255283921957016 0.11045045405626297 -0.07828083634376526 -0.2547670602798462 0.9638288021087646 -0.0013648215681314468
1403636586.2135556 0.9964976906776428 -0.022183984518051147 0.08062368631362915 0.009845569729804993 -0.0006484547629952431 0.9620881080627441 0.27273786067962646 0.10833071172237396 -0.08361750841140747 -0.27183496952056885 0.9587043523788452 -0.005715636536478996
1403636586.2635555 0.9963149428367615 -0.026580199599266052 0.08154642581939697 0.007263207342475653 0.0016769557259976864 0.956622838973999 0.29132431745529175 0.10756327956914902 -0.08575262874364853 -0.29011404514312744 0.9531423449516296 -0.01003352738916874
1403636586.3135555 0.9960460662841797 -0.03329972177743912 0.08236108720302582 0.005777097772806883 0.006094379350543022 0.9505195617675781 0.31060487031936646 0.10656546801328659 -0.08862888067960739 -0.30887478590011597 0.9469642639160156 -0.0149485282599926
1403636586.3635557 0.9958165287971497 -0.03796718269586563 0.08311416953802109 0.004539789631962776 0.008462664671242237 0.9440014362335205 0.32983312010765076 0.10836037248373032 -0.09098272025585175 -0.32774993777275085 0.940373420715332 -0.020789600908756256
1403636586.4135554 0.995561957359314 -0.044928278774023056 0.08269106596708298 0.0039971438236534595 0.013305659405887127 0.9370535016059875 0.3489323854446411 0.10882478207349777 -0.09316287934780121 -0.34628361463546753 0.9334926009178162 -0.026492301374673843
1403636586.4635556 0.9955739974975586 -0.04622659087181091 0.08182675391435623 0.004599574021995068 0.013011105358600616 0.9300794005393982 0.3671278953552246 0.11005818843841553 -0.09307645261287689 -0.3644382953643799 0.9265643358230591 -0.032609306275844574
1403636586.5135555 0.9955941438674927 -0.045823510736227036 0.08180873095989227 0.005449123680591583 0.011029438115656376 0.923629879951477 0.3831268846988678 0.11039558053016663 -0.09311721473932266 -0.3805364966392517 0.9200659394264221 -0.03867824748158455
1403636586.5635555 0.9959287047386169 -0.044862765818834305 0.07818792015314102 0.00813387706875801 0.010367883369326591 0.918613612651825 0.3950210213661194 0.11040196567773819 -0.08954622596502304 -0.3926021158695221 0.9153387546539307 -0.043644506484270096
1403636586.6135554 0.9962023496627808 -0.044304266571998596 0.07495303452014923 0.011372441425919533 0.01042506005614996 0.9153591394424438 0.4025033116340637 0.10869268327951431 -0.08644156157970428 -0.40019333362579346 0.9123449325561523 -0.047397080808877945
1403636586.6635556 0.9961432218551636 -0.04551484063267708 0.07501496374607086 0.01543669868260622 0.011416884139180183 0.9149059057235718 0.40350544452667236 0.1064392626285553 -0.0869971364736557 -0.4010927677154541 0.9118968844413757 -0.049509331583976746
1403636586.7135556 0.9963428378105164 -0.04502776637673378 0.0726184993982315 0.020488785579800606 0.012337934225797653 0.9167880415916443 0.3991834819316864 0.10410331934690475 -0.08455012738704681 -0.39682769775390625 0.9139907360076904 -0.05045798048377037
1403636586.7635555 0.9965924024581909 -0.045965660363435745 0.06848800927400589 0.024427741765975952 0.01545035932213068 0.9196619391441345 0.3924068510532379 0.10213092714548111 -0.08102306723594666 -0.3900115489959717 0.9172385334968567 -0.04976438358426094
1403636586.8135555 0.9968585968017578 -0.045500632375478745 0.06482774764299393 0.029025455936789513 0.01714276522397995 0.9230634570121765 0.38426533341407776 0.10039141774177551 -0.07732445746660233 -0.3819468915462494 0.9209438562393188 -0.049069177359342575
1403636586.8635557 0.9970653057098389 -0.04282777011394501 0.06345589458942413 0.03252291679382324 0.015772931277751923 0.9260165691375732 0.37715309858322144 0.09983602166175842 -0.07491384446620941 -0.3750453293323517 0.9239745736122131 -0.04696049913764
1403636586.9135554 0.9974287748336792 -0.03726063296198845 0.061216823756694794 0.034498561173677444 0.011853322386741638 0.9282191395759583 0.37184518575668335 0.09974617511034012 -0.07067780196666718 -0.37016353011131287 0.9262741208076477 -0.044852014631032944
1403636586.9635556 0.9977617859840393 -0.03420977294445038 0.057454925030469894 0.03542895242571831 0.010741041973233223 0.9300611019134521 0.3672475814819336 0.09930326044559479 -0.06600005179643631 -0.36580851674079895 0.9283469915390015 -0.04289424419403076
1403636587.0135555 0.998187243938446 -0.02804802730679512 0.05325007811188698 0.0365939736366272 0.006646870635449886 0.9307324886322021 0.3656405508518219 0.09823126345872879 -0.059817083179950714 -0.3646237850189209 0.9292316436767578 -0.040623027831315994
1403636587.0635555 0.9983765482902527 -0.025443946942687035 0.05096157267689705 0.03749357908964157 0.004957151599228382 0.9301032423973083 0.36726468801498413 0.09722006320953369 -0.056744202971458435 -0.3664158582687378 0.9287193417549133 -0.03812989592552185
1403636587.1135554 0.998561441898346 -0.020919842645525932 0.049369681626558304 0.03900429978966713 0.0011166976764798164 0.9286627173423767 0.37092360854148865 0.09699064493179321 -0.053607456386089325 -0.3703349232673645 0.9273501634597778 -0.03546185418963432
1403636587.1635556 0.9986733198165894 -0.018280301243066788 0.048139605671167374 0.04211992397904396 -0.0011406419798731804 0.9267831444740295 0.3755951523780823 0.09614167362451553 -0.051480963826179504 -0.37515175342559814 0.9255327582359314 -0.03308366239070892
1403636587.2135556 0.9987344145774841 -0.017280053347349167 0.047233641147613525 0.04583115503191948 -0.0018623508512973785 0.9257765412330627 0.3780665397644043 0.0954166054725647 -0.050260819494724274 -0.3776760399341583 0.9245726466178894 -0.030141346156597137
1403636587.2635555 0.9986764788627625 -0.018587751314044 0.04795578494668007 0.0514712929725647 -0.0010046474635601044 0.9251814484596252 0.37952369451522827 0.09505057334899902 -0.051422301679849625 -0.37906956672668457 0.9239382743835449 -0.02737799659371376
1403636587.3135555 0.9986376166343689 -0.02097919210791588 0.047778911888599396 0.05959029123187065 0.0011760052293539047 0.924437940120697 0.3813305199146271 0.0935187116265297 -0.05216865986585617 -0.3807547986507416 0.9232032299041748 -0.024375533685088158
