1305031455.427642 0.9956210851669312 -0.0858747586607933 0.03693743422627449 -0.05630597844719887 0.0839972198009491 0.9952263236045837 0.049689944833517075 0.005873473826795816 -0.0410282239317894 -0.04636970907449722 0.9980814456939697 0.007351107895374298
1305031455.459589 0.9933351278305054 -0.1058710440993309 0.04556978866457939 -0.07183664292097092 0.10301852971315384 0.9928097724914551 0.060958750545978546 -0.0022815605625510216 -0.051695894449949265 -0.05585793778300285 0.9970995187759399 0.006920148152858019
1305031455.491637 0.990304708480835 -0.12832394242286682 0.0531938336789608 -0.0868992730975151 0.12488742917776108 0.9901328086853027 0.06356241554021835 -0.0004925611428916454 -0.060825541615486145 -0.05630291998386383 0.9965591430664062 0.008564689196646214
1305031455.52761 0.986343502998352 -0.15573418140411377 0.05360426381230354 -0.09278807044029236 0.15179993212223053 0.9858591556549072 0.07098433375358582 -0.007732094265520573 -0.06390094012022018 -0.06187782809138298 0.9960359930992126 0.013331020250916481
1305031455.559669 0.9809532165527344 -0.18273049592971802 0.06588045507669449 -0.12535665929317474 0.17798349261283875 0.981401264667511 0.07192537188529968 -0.016412997618317604 -0.07779812067747116 -0.058829791843891144 0.9952318668365479 0.007995548658072948
1305031455.591645 0.9750778675079346 -0.21120503544807434 0.06793788820505142 -0.1449834406375885 0.20673078298568726 0.9760785698890686 0.06732772290706635 -0.016206270083785057 -0.08053267747163773 -0.05160493031144142 0.995415210723877 0.007982010953128338
1305031455.627617 0.9696877002716064 -0.23551732301712036 0.06509542465209961 -0.15143674612045288 0.2308019995689392 0.9702993035316467 0.07245485484600067 -0.02312471531331539 -0.08022643625736237 -0.055234428495168686 0.9952451586723328 0.012167776003479958
1305031455.659615 0.9665557146072388 -0.24545016884803772 0.07432543486356735 -0.16921794414520264 0.24063903093338013 0.968224287033081 0.06807687878608704 -0.03305435553193092 -0.0886731967329979 -0.04791449382901192 0.9949077367782593 0.01251054648309946
1305031455.691605 0.9665801525115967 -0.2421073615550995 0.08430183678865433 -0.1892842799425125 0.2372528463602066 0.9693607091903687 0.06364648789167404 -0.040068116039037704 -0.09712817519903183 -0.04151858016848564 0.9944054484367371 0.009220937266945839
1305031455.727628 0.9684370756149292 -0.2309575378894806 0.09374582767486572 -0.20517894625663757 0.22570066154003143 0.9721310138702393 0.06340716034173965 -0.04734203964471817 -0.10577762126922607 -0.04024733975529671 0.9935749173164368 0.008917756378650665
1305031455.759683 0.9678080081939697 -0.22601254284381866 0.11075315624475479 -0.22718507051467896 0.21919216215610504 0.9731336236000061 0.07046768814325333 -0.061074696481227875 -0.12370424717664719 -0.04392296075820923 0.9913466572761536 0.004694342613220215
1305031455.791666 0.9663730263710022 -0.2259841114282608 0.12269607186317444 -0.24103546142578125 0.21819555759429932 0.9731137156486511 0.07375884056091309 -0.07540865242481232 -0.13606557250022888 -0.04450681060552597 0.98969966173172 0.002686958760023117
1305031455.82759 0.9645244479179382 -0.22669270634651184 0.1352887749671936 -0.2627873420715332 0.21829618513584137 0.9730603098869324 0.07416500151157379 -0.08921840786933899 -0.14845679700374603 -0.04200093448162079 0.9880265593528748 -0.005418956279754639
1305031455.859526 0.9646799564361572 -0.223298117518425 0.1397523730993271 -0.27568015456199646 0.21444165706634521 0.9737985730171204 0.07570433616638184 -0.09821005165576935 -0.1529952883720398 -0.04306171461939812 0.9872882962226868 -0.0093655064702034
1305031455.891657 0.9635631442070007 -0.22321754693984985 0.14737799763679504 -0.2900124490261078 0.21368910372257233 0.973798930644989 0.07780034840106964 -0.1074535921216011 -0.16088292002677917 -0.04347248002886772 0.9860156774520874 -0.011942785233259201
1305031455.927955 0.9627151489257812 -0.22262969613075256 0.15367430448532104 -0.29993608593940735 0.21192337572574615 0.9737504720687866 0.0830584391951561 -0.11760731041431427 -0.16813169419765472 -0.04739445075392723 0.9846245646476746 -0.014596555382013321
1305031455.959716 0.9618801474571228 -0.21828804910182953 0.16473232209682465 -0.3171481192111969 0.20636649429798126 0.9746419787406921 0.08652126789093018 -0.12676972150802612 -0.1794416308403015 -0.049227871000766754 0.9825361967086792 -0.02061564102768898
1305031455.991694 0.9613625407218933 -0.2160699963569641 0.1705750823020935 -0.3246251344680786 0.20260825753211975 0.9748393893241882 0.0929417833685875 -0.1320897340774536 -0.18636521697044373 -0.05479082837700844 0.9809516072273254 -0.023012444376945496
1305031456.02777 0.9608646631240845 -0.20982995629310608 0.18086005747318268 -0.3367086946964264 0.19408898055553436 0.9757779836654663 0.10092996805906296 -0.12967528402805328 -0.19765737652778625 -0.06187710538506508 0.9783163070678711 -0.026373721659183502
1305031456.059713 0.9604401588439941 -0.20235638320446014 0.19132831692695618 -0.3528969883918762 0.18020594120025635 0.9753946661949158 0.12700827419757843 -0.14356914162635803 -0.21232151985168457 -0.08750536292791367 0.9732739925384521 -0.023654133081436157
1305031456.091707 0.9603989124298096 -0.196900874376297 0.19713979959487915 -0.36156126856803894 0.16999806463718414 0.9746710658073425 0.1453164666891098 -0.15806689858436584 -0.22075940668582916 -0.10604839026927948 0.9695457816123962 -0.02185002714395523
1305031456.127645 0.9590746164321899 -0.1951935589313507 0.20512323081493378 -0.3695351183414459 0.16615420579910278 0.9745473861694336 0.15050017833709717 -0.16637909412384033 -0.22927893698215485 -0.1102588027715683 0.9670957326889038 -0.020668722689151764
1305031456.159731 0.9566612243652344 -0.19905215501785278 0.21254999935626984 -0.3730792999267578 0.16637323796749115 0.9726542234420776 0.16206084191799164 -0.18392714858055115 -0.23899626731872559 -0.1196746826171875 0.9636174440383911 -0.019031211733818054
1305031456.191658 0.952567458152771 -0.20267462730407715 0.2270202934741974 -0.3743301033973694 0.16936083137989044 0.9728277325630188 0.15787068009376526 -0.19410701096057892 -0.2528480589389801 -0.1119341030716896 0.9610090255737305 -0.01761758327484131
1305031456.227678 0.9461929202079773 -0.20591481029987335 0.2496359497308731 -0.38405922055244446 0.17263531684875488 0.9736797213554382 0.14881160855293274 -0.18909256160259247 -0.2737080454826355 -0.09770850092172623 0.9568368792533875 -0.017940521240234375
1305031456.259614 0.9383264183998108 -0.21269387006759644 0.272588849067688 -0.392864853143692 0.17300017178058624 0.9714297652244568 0.1624661684036255 -0.2036070078611374 -0.2993564307689667 -0.10528838634490967 0.9483143091201782 -0.01042485237121582
1305031456.291675 0.9292875528335571 -0.2225315123796463 0.29479533433914185 -0.39852938055992126 0.17989860475063324 0.9697579741477966 0.16494207084178925 -0.21484699845314026 -0.3225848972797394 -0.10024534910917282 0.9412171244621277 -0.003639400005340576
1305031456.327718 0.9200697541236877 -0.2313348352909088 0.3161577582359314 -0.40319833159446716 0.1876015067100525 0.9686562418937683 0.16282187402248383 -0.2230144590139389 -0.3439145088195801 -0.09049583226442337 0.9346299767494202 0.003548175096511841
1305031456.359846 0.9090899229049683 -0.24209077656269073 0.33903932571411133 -0.4101094901561737 0.19792966544628143 0.9670974612236023 0.15983237326145172 -0.22525741159915924 -0.36657801270484924 -0.07819607853889465 0.9270954132080078 0.005620107054710388
1305031456.391619 0.899247407913208 -0.25025153160095215 0.35878729820251465 -0.40984979271888733 0.19963136315345764 0.9645786285400391 0.172439843416214 -0.24114921689033508 -0.3892318606376648 -0.08344089239835739 0.9173527956008911 0.019588962197303772
1305031456.427662 0.8849601149559021 -0.2579513192176819 0.3876942992210388 -0.42368558049201965 0.2104605883359909 0.9642294645309448 0.16114524006843567 -0.24046070873737335 -0.4153939187526703 -0.06101275235414505 0.9075930714607239 0.03193099796772003
1305031456.45961 0.8726224303245544 -0.2656419575214386 0.40983477234840393 -0.4487392008304596 0.21870110929012299 0.9628452658653259 0.15842631459236145 -0.23574234545230865 -0.4366922676563263 -0.04861505329608917 0.8982964754104614 0.04400092363357544
1305031456.491677 0.8682069778442383 -0.280735582113266 0.40915051102638245 -0.45833584666252136 0.22944344580173492 0.9582502245903015 0.17062310874462128 -0.23901017010211945 -0.4399685859680176 -0.0542592778801918 0.8963724970817566 0.05890975892543793
1305031456.527641 0.8664982318878174 -0.2937515676021576 0.403597354888916 -0.4645167291164398 0.23942071199417114 0.9540194272994995 0.1803458034992218 -0.24167580902576447 -0.4380166232585907 -0.05963975936174393 0.8969864249229431 0.0722837895154953
1305031456.559608 0.8624705076217651 -0.3080509901046753 0.40155842900276184 -0.46432361006736755 0.24997904896736145 0.9491767883300781 0.19124314188957214 -0.2529362142086029 -0.440062552690506 -0.06456039100885391 0.8956432342529297 0.08799338340759277
1305031456.591651 0.8549360632896423 -0.3166290819644928 0.4108896553516388 -0.4735635221004486 0.2608335018157959 0.9470797777175903 0.18709874153137207 -0.24528507888317108 -0.44838619232177734 -0.05278368666768074 0.892279863357544 0.09837597608566284
1305031456.627612 0.8471821546554565 -0.33351513743400574 0.41358187794685364 -0.4824581444263458 0.2703106701374054 0.940717875957489 0.2048957198858261 -0.23311634361743927 -0.4573996365070343 -0.061788372695446014 0.8871119022369385 0.1102742850780487
1305031456.659665 0.8357876539230347 -0.3602336049079895 0.41435572504997253 -0.48324286937713623 0.2807382047176361 0.9289466142654419 0.24133892357349396 -0.2525100111961365 -0.4718526601791382 -0.08538259565830231 0.8775332570075989 0.132680281996727
1305031456.691612 0.823527991771698 -0.3764936327934265 0.4243280291557312 -0.49283790588378906 0.29647472500801086 0.9233745336532593 0.24389015138149261 -0.2598910629749298 -0.483636736869812 -0.07504778355360031 0.8720454573631287 0.1467919647693634
1305031456.727693 0.813829779624939 -0.39394503831863403 0.42718660831451416 -0.5063462853431702 0.31383320689201355 0.9166654348373413 0.24745383858680725 -0.2509011924266815 -0.4890703558921814 -0.06731993705034256 0.8696425557136536 0.16282661259174347
1305031456.759615 0.8089975714683533 -0.4135384261608124 0.4177427589893341 -0.5118783712387085 0.32515189051628113 0.9068740010261536 0.26805993914604187 -0.2709336280822754 -0.4896930754184723 -0.08102995902299881 0.8681213855743408 0.17874249815940857
1305031456.791649 0.8089765310287476 -0.4215579926967621 0.40969011187553406 -0.5173457264900208 0.3435734510421753 0.9045826196670532 0.2523643374443054 -0.27016109228134155 -0.4769846498966217 -0.06339820474386215 0.8766221404075623 0.19221165776252747
1305031456.827603 0.8072128891944885 -0.431562602519989 0.4026924967765808 -0.5227707028388977 0.3610718846321106 0.90072101354599 0.24151358008384705 -0.25361379981040955 -0.46694180369377136 -0.04955193027853966 0.8828986883163452 0.2022968828678131
1305031456.859634 0.7999492883682251 -0.44926416873931885 0.3977976143360138 -0.5240207314491272 0.37279173731803894 0.8915483355522156 0.2572317123413086 -0.25812873244285583 -0.47022077441215515 -0.05747666954994202 0.8806752562522888 0.21762500703334808
1305031456.891672 0.7939683794975281 -0.45973798632621765 0.39781326055526733 -0.5224795341491699 0.3798408508300781 0.8860273361206055 0.2658504545688629 -0.2639601230621338 -0.47469499707221985 -0.05997106060385704 0.8781048059463501 0.23233963549137115
1305031456.92769 0.7843021154403687 -0.46530425548553467 0.4103197455406189 -0.5284419655799866 0.38962480425834656 0.8841360211372375 0.25786855816841125 -0.2605741024017334 -0.4827658236026764 -0.04237610101699829 0.8747236728668213 0.24117371439933777
1305031456.959667 0.7731716632843018 -0.4725252687931061 0.42299607396125793 -0.5419710874557495 0.3968714773654938 0.8807379603385925 0.25844472646713257 -0.2496243119239807 -0.49467039108276367 -0.03194697946310043 0.8684933185577393 0.25320741534233093
1305031456.991709 0.7661799788475037 -0.4851680099964142 0.4214029312133789 -0.5451955199241638 0.3979838490486145 0.8730995655059814 0.28161320090293884 -0.2577764689922333 -0.5045564770698547 -0.0480547770857811 0.8620403409004211 0.2662312686443329
1305031457.027648 0.7570953369140625 -0.4917150139808655 0.43014293909072876 -0.5550795793533325 0.4004696309566498 0.8695072531700134 0.289104163646698 -0.2621695399284363 -0.5161693096160889 -0.046620238572359085 0.8552168011665344 0.27809593081474304
1305031457.059621 0.7469701766967773 -0.5018336772918701 0.43611741065979004 -0.566347599029541 0.4086073040962219 0.8639617562294006 0.29429611563682556 -0.2566785216331482 -0.5244765281677246 -0.04162965342402458 0.8504065871238708 0.2847970128059387
1305031457.091655 0.7374273538589478 -0.5184290409088135 0.432934433221817 -0.5709406137466431 0.4124991297721863 0.8532363176345825 0.319111704826355 -0.26616528630256653 -0.534832239151001 -0.05673666298389435 0.8430513143539429 0.2919130027294159
1305031457.127632 0.7273987531661987 -0.5301519632339478 0.43569472432136536 -0.5739912390708923 0.4160308241844177 0.8456345796585083 0.3343959450721741 -0.2782728374004364 -0.5457192659378052 -0.061976756900548935 0.8356729745864868 0.2979114055633545
1305031457.159693 0.7117952704429626 -0.538932204246521 0.45044398307800293 -0.5863826274871826 0.4255429208278656 0.8410939574241638 0.3338775336742401 -0.2795305550098419 -0.5588030219078064 -0.04596918448805809 0.8280254006385803 0.3054831922054291
1305031457.191735 0.6976742148399353 -0.5454342365264893 0.4644915759563446 -0.6008690595626831 0.43130263686180115 0.837472140789032 0.33558666706085205 -0.2810956835746765 -0.5720392465591431 -0.033793676644563675 0.8195298910140991 0.308579683303833
1305031457.227543 0.6837002038955688 -0.5593292117118835 0.4687269926071167 -0.6101577281951904 0.43789926171302795 0.8282570242881775 0.3496204614639282 -0.28993159532546997 -0.5837793350219727 -0.033780332654714584 0.8112093806266785 0.3118544816970825
1305031457.259691 0.6705431938171387 -0.5704771280288696 0.4742656648159027 -0.6136038899421692 0.44358623027801514 0.8207261562347412 0.36005517840385437 -0.3086022734642029 -0.5946455001831055 -0.031054768711328506 0.8033881187438965 0.3145713210105896
1305031457.291656 0.6534343957901001 -0.5694369673728943 0.4987635910511017 -0.6325669288635254 0.44906777143478394 0.8220208287239075 0.3501712381839752 -0.3119490146636963 -0.6093944907188416 -0.004835311323404312 0.7928523421287537 0.31499460339546204
1305031457.327548 0.6355506777763367 -0.5720193982124329 0.5185261368751526 -0.6503768563270569 0.45112836360931396 0.8201753497123718 0.35184594988822937 -0.3153071701526642 -0.6265450119972229 0.010305861011147499 0.7793170213699341 0.3158508539199829
1305031457.359712 0.6176388263702393 -0.5811938643455505 0.5298454165458679 -0.6592729687690735 0.45323482155799866 0.8136224746704102 0.3641381859779358 -0.32741260528564453 -0.6427290439605713 0.015238507650792599 0.7659419775009155 0.31703734397888184
1305031457.391684 0.5946332812309265 -0.5862985849380493 0.5501503348350525 -0.6739079356193542 0.4601340889930725 0.8092937469482422 0.36513057351112366 -0.33945420384407043 -0.659308671951294 0.03602411225438118 0.7510088682174683 0.3173433542251587
1305031457.427641 0.5729264616966248 -0.5919866561889648 0.5668395161628723 -0.6944011449813843 0.46566179394721985 0.8042426109313965 0.36925971508026123 -0.35062795877456665 -0.6744734048843384 0.05239684879779816 0.7364374995231628 0.32210755348205566
1305031457.459614 0.5621391534805298 -0.5981618165969849 0.5711411237716675 -0.7079272270202637 0.47098666429519653 0.7991951107978821 0.37344181537628174 -0.3627757728099823 -0.6798318028450012 0.05907357856631279 0.7309849858283997 0.3245093524456024
1305031457.491705 0.5554308891296387 -0.6050229668617249 0.5704768300056458 -0.7155178785324097 0.47746604681015015 0.793708324432373 0.37689945101737976 -0.3782340884208679 -0.6808249354362488 0.06304170936346054 0.729728102684021 0.3222613036632538
1305031457.527638 0.5482491850852966 -0.604775071144104 0.5776418447494507 -0.7265868782997131 0.48080509901046753 0.7930715084075928 0.3739839792251587 -0.3905591666698456 -0.684287428855896 0.0726967453956604 0.7255797386169434 0.3197441101074219
1305031457.559685 0.5376505255699158 -0.6057770252227783 0.5864862203598022 -0.7400758862495422 0.4848233759403229 0.7911959290504456 0.3727671802043915 -0.4020135998725891 -0.6898393630981445 0.08392377942800522 0.7190817594528198 0.3167279064655304
1305031457.591678 0.5251249074935913 -0.603033721446991 0.6004948616027832 -0.7595179080963135 0.4862416386604309 0.7917007803916931 0.3698361814022064 -0.40895897150039673 -0.6984360218048096 0.09777539223432541 0.7089619636535645 0.32302358746528625
1305031457.627526 0.5185653567314148 -0.6082437634468079 0.600940465927124 -0.7670018076896667 0.4894399642944336 0.7874468564987183 0.37466779351234436 -0.42448437213897705 -0.7010979652404785 0.09983454644680023 0.7060415744781494 0.32472920417785645
1305031457.659632 0.5102226138114929 -0.6063168048858643 0.6099613904953003 -0.7859477996826172 0.4949955642223358 0.7870035171508789 0.36824551224708557 -0.42943239212036133 -0.7033151388168335 0.11404097080230713 0.7016711831092834 0.3256416618824005
1305031457.69157 0.5053987503051758 -0.6162179112434387 0.604026198387146 -0.7955244779586792 0.49842357635498047 0.7798957824707031 0.37859806418418884 -0.4412620961666107 -0.7043764591217041 0.10971788316965103 0.701295793056488 0.3278685212135315
1305031457.727669 0.5049922466278076 -0.6191142797470093 0.6013986468315125 -0.7977426648139954 0.49325522780418396 0.7787871360778809 0.3875434100627899 -0.46154648065567017 -0.7082952260971069 0.10093666613101959 0.6986627578735352 0.33225271105766296
1305031457.759556 0.5023452043533325 -0.6160348057746887 0.606753945350647 -0.8060297966003418 0.4897385835647583 0.7810230851173401 0.3875037729740143 -0.47862905263900757 -0.7126047015190125 0.10249020904302597 0.6940391659736633 0.33429625630378723
1305031457.791567 0.4990774691104889 -0.6133029460906982 0.6121938228607178 -0.8018394112586975 0.48708635568618774 0.782842755317688 0.38717448711395264 -0.5024474859237671 -0.7167067527770996 0.10496120154857635 0.6894305348396301 0.3309619426727295
1305031457.827699 0.48724180459976196 -0.5972613096237183 0.6370826363563538 -0.8208779692649841 0.4871530532836914 0.7913751006126404 0.3693338930606842 -0.5018205642700195 -0.7247601747512817 0.13040189445018768 0.6765485405921936 0.33101916313171387
1305031457.859623 0.475118488073349 -0.5943073034286499 0.648892343044281 -0.8299561738967896 0.48023727536201477 0.7930662631988525 0.37472397089004517 -0.5173488855361938 -0.7373157739639282 0.13358402252197266 0.6622089743614197 0.3363308608531952
1305031457.891593 0.462235689163208 -0.5904444456100464 0.6615992784500122 -0.8302251100540161 0.47441908717155457 0.7949950098991394 0.3780338168144226 -0.5454273223876953 -0.7491759657859802 0.13913466036319733 0.6475932002067566 0.34529367089271545
1305031457.927633 0.4489680230617523 -0.5733663439750671 0.6853311657905579 -0.8490341901779175 0.4805319011211395 0.8015571236610413 0.3558022677898407 -0.5505731701850891 -0.7533371448516846 0.1695796251296997 0.635394275188446 0.3543088138103485
1305031457.959632 0.4425939917564392 -0.5692617297172546 0.692857563495636 -0.8596321940422058 0.48969539999961853 0.8007079362869263 0.3450581133365631 -0.5568557977676392 -0.7512050271034241 0.18656855821609497 0.6331533193588257 0.35712942481040955
1305031457.991644 0.4391915500164032 -0.5653098225593567 0.6982376575469971 -0.8603890538215637 0.4884588420391083 0.8025497794151306 0.3425227999687195 -0.5741145014762878 -0.7540018558502197 0.19062723219394684 0.6286035776138306 0.36834272742271423
1305031458.027845 0.43159326910972595 -0.5572516322135925 0.7093645334243774 -0.8618243932723999 0.488962322473526 0.8053479790687561 0.3351573050022125 -0.5910475850105286 -0.7580521702766418 0.20220087468624115 0.6200578212738037 0.37600088119506836
1305031458.059689 0.4204043745994568 -0.5438421964645386 0.7262890934944153 -0.8784096837043762 0.49484783411026 0.8083639740943909 0.3188624382019043 -0.588158905506134 -0.7605167031288147 0.22535139322280884 0.6089589595794678 0.38372349739074707
1305031458.09169 0.41169503331184387 -0.5443276762962341 0.7308998107910156 -0.8850092887878418 0.49419736862182617 0.8072035908699036 0.3227866291999817 -0.5924172401428223 -0.7656866312026978 0.22831913828849792 0.6013270616531372 0.3962230682373047
1305031458.127605 0.40128976106643677 -0.5464135408401489 0.7351181507110596 -0.8859819173812866 0.48970434069633484 0.8062265515327454 0.33194634318351746 -0.6053745746612549 -0.7740517258644104 0.2267839014530182 0.5911116003990173 0.41807642579078674
1305031458.159638 0.39357343316078186 -0.5458046197891235 0.7397278547286987 -0.8887904286384583 0.49085476994514465 0.8051318526268005 0.33290258049964905 -0.6160720586776733 -0.7772783041000366 0.23207733035087585 0.5847893357276917 0.4351790249347687
1305031458.191646 0.38576480746269226 -0.5475224852561951 0.7425661683082581 -0.8988485336303711 0.4970785081386566 0.8014009594917297 0.3326702415943146 -0.6191674470901489 -0.7772376537322998 0.24078121781349182 0.581313967704773 0.4531060457229614
1305031458.227611 0.3847697973251343 -0.5587196350097656 0.7347003221511841 -0.9010140299797058 0.494251012802124 0.7969633340835571 0.34722501039505005 -0.629700243473053 -0.7795307040214539 0.2295246422290802 0.5827952027320862 0.47838371992111206
1305031458.259934 0.3885083794593811 -0.5671259164810181 0.7262431979179382 -0.8894487619400024 0.48808184266090393 0.7951652407646179 0.35984498262405396 -0.6591421365737915 -0.7815608382225037 0.2146633267402649 0.5857323408126831 0.4971626102924347
1305031458.291664 0.3884148597717285 -0.5562655925750732 0.7346442937850952 -0.899048924446106 0.4907996952533722 0.79963219165802 0.34598255157470703 -0.6738755702972412 -0.7799035906791687 0.22617845237255096 0.5836041569709778 0.5201257467269897
1305031458.327628 0.39547932147979736 -0.5560727715492249 0.7310123443603516 -0.8952434062957764 0.500163733959198 0.7979243397712708 0.33638226985931396 -0.6735949516296387 -0.7703455686569214 0.23259364068508148 0.593690037727356 0.5375559329986572
1305031458.35959 0.4003954231739044 -0.5545538663864136 0.7294884920120239 -0.8848713040351868 0.5059646964073181 0.7975242137908936 0.3285647928714752 -0.6953708529472351 -0.76399165391922 0.237539604306221 0.5999097228050232 0.5500035285949707
1305031458.391626 0.39891475439071655 -0.5381101369857788 0.7424986958503723 -0.8879588842391968 0.5166637897491455 0.8008499145507812 0.30281636118888855 -0.6907706260681152 -0.7575788497924805 0.26282426714897156 0.5974929332733154 0.5697768926620483
1305031458.427598 0.39046838879585266 -0.5357096195220947 0.7486985921859741 -0.8865031003952026 0.5317709445953369 0.7951093316078186 0.29158318042755127 -0.6931986212730408 -0.7515011429786682 0.2842821776866913 0.5953398942947388 0.5821117758750916
1305031458.459637 0.3773573040962219 -0.5327982306480408 0.7574480175971985 -0.8711991906166077 0.5454853773117065 0.7888498902320862 0.2831280827522278 -0.7011542320251465 -0.7483629584312439 0.3063364028930664 0.5883117914199829 0.5869358777999878
1305031458.491696 0.3647884130477905 -0.4998544454574585 0.7855411767959595 -0.8610683679580688 0.5418397784233093 0.8000707030296326 0.25748109817504883 -0.7068603038787842 -0.75719153881073 0.3317113518714905 0.5626975297927856 0.6012829542160034
1305031458.527737 0.3459639847278595 -0.45526567101478577 0.8203912973403931 -0.8697502613067627 0.543461799621582 0.8100048899650574 0.2203206717967987 -0.6773985624313354 -0.7648255228996277 0.3696284294128418 0.5276520848274231 0.6340978145599365
1305031458.559628 0.3346344828605652 -0.4393148720264435 0.8336799144744873 -0.8675711154937744 0.5354126691818237 0.8166534304618835 0.2154308408498764 -0.6745234727859497 -0.7754695415496826 0.3742722272872925 0.5084951519966125 0.6512914896011353
1305031458.591641 0.32841694355010986 -0.4159797132015228 0.8479995727539062 -0.8625091314315796 0.5245358347892761 0.826953113079071 0.2025110125541687 -0.6725707650184631 -0.7854962944984436 0.3782981038093567 0.4897816777229309 0.6776820421218872
1305031458.627659 0.3316897451877594 -0.3988039791584015 0.8549488186836243 -0.8707864880561829 0.5196200609207153 0.8336232900619507 0.18726228177547455 -0.6489613652229309 -0.7873861193656921 0.38213562965393066 0.48373088240623474 0.7004790902137756
1305031458.659623 0.3316265046596527 -0.4110308587551117 0.8491628170013428 -0.868201494216919 0.5183543562889099 0.8314449787139893 0.20001989603042603 -0.6534157991409302 -0.7882466316223145 0.37383532524108887 0.488788902759552 0.7268567085266113
1305031458.691674 0.36259445548057556 -0.41212692856788635 0.8358687162399292 -0.8682780265808105 0.5075869560241699 0.8395342826843262 0.19374629855155945 -0.6494593620300293 -0.7815885543823242 0.3540246784687042 0.513600766658783 0.7489804625511169
1305031458.72765 0.3917277157306671 -0.4151170551776886 0.8211132287979126 -0.8516222238540649 0.5040261149406433 0.8434343934059143 0.18594636023044586 -0.6514459252357483 -0.7697447538375854 0.34102219343185425 0.5396264791488647 0.759871244430542
1305031458.759945 0.426435649394989 -0.3938445746898651 0.8142720460891724 -0.8461581468582153 0.49322509765625 0.8558619618415833 0.15565787255764008 -0.6404462456703186 -0.7582095265388489 0.3352413475513458 0.5592239499092102 0.7804961204528809
1305031458.791632 0.4634053409099579 -0.38521119952201843 0.7980399131774902 -0.8417202234268188 0.4842015206813812 0.864316463470459 0.13603675365447998 -0.623923122882843 -0.7421618700027466 0.3233719766139984 0.5870487689971924 0.7883870601654053
1305031458.827564 0.4835602343082428 -0.394706666469574 0.7812656760215759 -0.823718786239624 0.487246036529541 0.8628672957420349 0.1343545913696289 -0.6139975786209106 -0.727159321308136 0.31570014357566833 0.6095677018165588 0.7936832308769226
1305031458.859887 0.4932921230792999 -0.39715659618377686 0.773905336856842 -0.8118852972984314 0.48393556475639343 0.864591658115387 0.13523182272911072 -0.6252631545066833 -0.7228203415870667 0.30781158804893494 0.6186944842338562 0.7963400483131409
1305031458.891665 0.5003261566162109 -0.375692754983902 0.7800824046134949 -0.8081606030464172 0.47135108709335327 0.8739375472068787 0.11858056485652924 -0.61578768491745 -0.72629314661026 0.30836382508277893 0.6143370866775513 0.8032066822052002
1305031458.927621 0.4866187572479248 -0.38022178411483765 0.7865325212478638 -0.8119505643844604 0.48059338331222534 0.8683541417121887 0.12243778258562088 -0.6081352829933167 -0.7295424342155457 0.31842195987701416 0.6052893996238708 0.8106691241264343
1305031458.959617 0.46358034014701843 -0.4050663411617279 0.7880446314811707 -0.8088665008544922 0.49892351031303406 0.8543218970298767 0.14563366770744324 -0.6136038899421692 -0.732235312461853 0.3256612718105316 0.5981439352035522 0.8215026259422302
1305031458.991647 0.4485782980918884 -0.4154801666736603 0.7912986874580383 -0.7990751266479492 0.5028963088989258 0.8492531776428223 0.16082344949245453 -0.6446362733840942 -0.7388320565223694 0.32579946517944336 0.5898998975753784 0.8347775936126709
1305031459.027665 0.44565173983573914 -0.3973139822483063 0.8022070527076721 -0.808590292930603 0.5005531311035156 0.8535335063934326 0.1446613222360611 -0.6578327417373657 -0.7421866059303284 0.3370787799358368 0.5792554616928101 0.8599165081977844
1305031459.059631 0.4442514181137085 -0.39404651522636414 0.8045918345451355 -0.8109304904937744 0.5173167586326599 0.8460582494735718 0.12872062623500824 -0.6680400371551514 -0.7314534187316895 0.3590445816516876 0.5797093510627747 0.8839685320854187
1305031459.09165 0.4503350257873535 -0.39484530687332153 0.8008092641830444 -0.8194233775138855 0.5431216955184937 0.8330245018005371 0.10530479997396469 -0.6862323880195618 -0.7086728811264038 0.38751447200775146 0.5895891785621643 0.9059842824935913
1305031459.127618 0.4825766086578369 -0.38028138875961304 0.7889903783798218 -0.8192864656448364 0.5497176647186279 0.8328044414520264 0.0651707872748375 -0.6932568550109863 -0.6818580031394958 0.4022720754146576 0.6109393835067749 0.9339313507080078
1305031459.159639 0.5149457454681396 -0.38473719358444214 0.7660340070724487 -0.8216356039047241 0.5704097747802734 0.8208542466163635 0.028827786445617676 -0.702102541923523 -0.6398934125900269 0.42210859060287476 0.6421533226966858 0.9415485858917236
1305031459.191674 0.5309741497039795 -0.3910180926322937 0.7517787218093872 -0.8356052041053772 0.5852888226509094 0.8107821941375732 0.008323312737047672 -0.7183327674865723 -0.6127833724021912 0.43558821082115173 0.6593629121780396 0.9526629447937012
1305031459.227607 0.5366981029510498 -0.4025164246559143 0.7415764927864075 -0.842399537563324 0.6024184823036194 0.7981757521629333 -0.002748170867562294 -0.7231786847114563 -0.5908021330833435 0.4482143521308899 0.6708626747131348 0.9641176462173462
1305031459.25976 0.5365477800369263 -0.41500937938690186 0.7347677946090698 -0.8337914347648621 0.6190647482872009 0.7852937579154968 -0.008510887622833252 -0.7134000062942505 -0.5734764337539673 0.4594354033470154 0.6782653331756592 0.9675042629241943
1305031459.29169 0.5103287696838379 -0.4278756380081177 0.7459805011749268 -0.8344026803970337 0.6363652348518372 0.771355390548706 0.007089506834745407 -0.7095263004302979 -0.5784494876861572 0.4710981547832489 0.6659299731254578 0.9744426012039185
1305031459.327632 0.4636976420879364 -0.4443967640399933 0.7664828896522522 -0.8264998197555542 0.6643819808959961 0.7467489242553711 0.031025415286421776 -0.7051073908805847 -0.5861578583717346 0.4948510229587555 0.6415149569511414 0.9861508011817932
1305031459.359651 0.40682563185691833 -0.44125285744667053 0.7998679876327515 -0.8399458527565002 0.6827425360679626 0.7286093831062317 0.05468881130218506 -0.703711986541748 -0.60692298412323 0.5238551497459412 0.5976791381835938 1.0030033588409424
1305031459.391667 0.3426637053489685 -0.43528494238853455 0.8325314521789551 -0.8497158885002136 0.6985427141189575 0.7106176018714905 0.08402801305055618 -0.6801654696464539 -0.6281875967979431 0.552765429019928 0.5475679636001587 1.0384597778320312
1305031459.427646 0.2421368807554245 -0.46759283542633057 0.8501333594322205 -0.8400255441665649 0.7437054514884949 0.6521708369255066 0.14688508212566376 -0.6657344698905945 -0.6231146454811096 0.5966825485229492 0.5056658983230591 1.0496649742126465
1305031459.459679 0.14369633793830872 -0.48116710782051086 0.8647714257240295 -0.8539892435073853 0.7735663056373596 0.5996113419532776 0.20508846640586853 -0.6762155294418335 -0.6172086000442505 0.639487624168396 0.4583766758441925 1.0456701517105103
1305031459.491555 0.0602397620677948 -0.4805583655834198 0.8748912811279297 -0.856483519077301 0.7899523973464966 0.5587560534477234 0.25252097845077515 -0.6686952114105225 -0.610201895236969 0.6759107112884521 0.4132775068283081 1.0843420028686523
1305031459.527594 -0.028059380128979683 -0.48468178510665894 0.8742403984069824 -0.8754451274871826 0.7994006872177124 0.5142021179199219 0.3107326030731201 -0.6726711988449097 -0.6001425981521606 0.7075873613357544 0.3730268180370331 1.108638048171997
1305031459.559647 -0.08632813394069672 -0.5002893209457397 0.8615440130233765 -0.8846695423126221 0.8126706480979919 0.46486806869506836 0.35137468576431274 -0.6865416169166565 -0.5762931704521179 0.7304850816726685 0.3664393424987793 1.101866602897644
1305031459.591695 -0.13083550333976746 -0.4916289448738098 0.8609199523925781 -0.897530198097229 0.8194131851196289 0.4351981580257416 0.37304776906967163 -0.6945194602012634 -0.5580717921257019 0.7542570233345032 0.3459080159664154 1.126912236213684
1305031459.627608 -0.14780491590499878 -0.5208719968795776 0.8407413959503174 -0.9032561182975769 0.8166583776473999 0.41522613167762756 0.40081965923309326 -0.7222758531570435 -0.5578734278678894 0.7458417415618896 0.36400192975997925 1.1137804985046387
1305031459.659641 -0.1643790900707245 -0.49870023131370544 0.8510448932647705 -0.9053694009780884 0.8157536387443542 0.4163239300251007 0.40152254700660706 -0.7132505774497986 -0.5545497536659241 0.7602449655532837 0.33838167786598206 1.1405431032180786
1305031459.691604 -0.1892571896314621 -0.5008001923561096 0.8446187376976013 -0.909226655960083 0.8072324395179749 0.41038960218429565 0.42421236634254456 -0.7204164266586304 -0.5590683221817017 0.7620890140533447 0.3265931010246277 1.1515882015228271
1305031459.727551 -0.20623329281806946 -0.5069211721420288 0.8369579911231995 -0.9112375974655151 0.8017337918281555 0.40282753109931946 0.4415346682071686 -0.7341759204864502 -0.5609729886054993 0.7620767951011658 0.3233393728733063 1.1561123132705688
1305031459.759635 -0.2233666330575943 -0.5050277709960938 0.833699107170105 -0.9126893877983093 0.7895522117614746 0.4078141152858734 0.4585792124271393 -0.7637697458267212 -0.5715894103050232 0.7606804370880127 0.30765384435653687 1.1675009727478027
1305031459.79165 -0.2272016704082489 -0.5020257234573364 0.834475576877594 -0.909019947052002 0.7837664484977722 0.41432106494903564 0.46265339851379395 -0.777099609375 -0.578004777431488 0.7591495513916016 0.2993365228176117 1.18113112449646
1305031459.827664 -0.22774793207645416 -0.5027468204498291 0.8338924050331116 -0.9102029800415039 0.778857409954071 0.41992050409317017 0.4658838212490082 -0.7942166328430176 -0.5843900442123413 0.7555873990058899 0.2959321439266205 1.195662498474121
1305031459.85966 -0.22694365680217743 -0.5117313861846924 0.8286299109458923 -0.9114415645599365 0.7760131359100342 0.4190889596939087 0.47134703397750854 -0.812925398349762 -0.5884726643562317 0.7499970197677612 0.3020007312297821 1.2077691555023193
1305031459.891596 -0.2243722528219223 -0.5204757452011108 0.8238701820373535 -0.9083492755889893 0.7778931260108948 0.4135685861110687 0.473120778799057 -0.8254128694534302 -0.5869746208190918 0.7470381259918213 0.3120812177658081 1.2195802927017212
1305031459.927607 -0.22169364988803864 -0.523786187171936 0.8224961757659912 -0.9035595655441284 0.7847897410392761 0.40478822588920593 0.46930965781211853 -0.8348249197006226 -0.5787546634674072 0.7495294809341431 0.32132306694984436 1.2235736846923828
1305031459.95965 -0.22371794283390045 -0.5267458558082581 0.820054292678833 -0.9036487340927124 0.7891337275505066 0.39591774344444275 0.4695925712585449 -0.8478286266326904 -0.5720300674438477 0.7521887421607971 0.3270990252494812 1.2307993173599243
1305031459.991725 -0.22967633605003357 -0.5343254208564758 0.8134771585464478 -0.8991438150405884 0.7905863523483276 0.3850570023059845 0.4761347472667694 -0.8640285730361938 -0.5676459074020386 0.7524809241294861 0.3339919447898865 1.2374825477600098
1305031460.027565 -0.2300228625535965 -0.5376834869384766 0.8111633062362671 -0.8931515216827393 0.7938012480735779 0.37853652238845825 0.47601431608200073 -0.8732075095176697 -0.562999963760376 0.7533965706825256 0.33974185585975647 1.2391233444213867
1305031460.059659 -0.2485254555940628 -0.5368439555168152 0.8062466382980347 -0.8823803067207336 0.7858899235725403 0.37481552362442017 0.49182355403900146 -0.8991278409957886 -0.5662262439727783 0.7558518052101135 0.32874900102615356 1.2566637992858887
1305031460.091717 -0.25499436259269714 -0.5364754796028137 0.804469883441925 -0.8808966875076294 0.7912992835044861 0.362373024225235 0.49247458577156067 -0.923845648765564 -0.5557187795639038 0.762154757976532 0.3321094810962677 1.2661858797073364
1305031460.12769 -0.2502078711986542 -0.5335872769355774 0.80788654088974 -0.8718786239624023 0.8077641725540161 0.3449822664260864 0.4780213534832001 -0.9311764240264893 -0.5337727069854736 0.7721864581108093 0.3446953296661377 1.2705304622650146
1305031460.159678 -0.2502962350845337 -0.5290565490722656 0.8108334541320801 -0.8682928085327148 0.8215591311454773 0.32704025506973267 0.4669959247112274 -0.9494191408157349 -0.5122424960136414 0.7830349802970886 0.35279425978660583 1.2772387266159058
1305031460.191559 -0.24723009765148163 -0.5319831371307373 0.8098587989807129 -0.8569091558456421 0.8331543207168579 0.31001001596450806 0.45798224210739136 -0.9472863674163818 -0.494703084230423 0.7879643440246582 0.36658021807670593 1.2822586297988892
1305031460.227761 -0.2497832477092743 -0.5350217819213867 0.8070687651634216 -0.8436110019683838 0.8392441272735596 0.2961244285106659 0.45604804158210754 -0.9499568343162537 -0.4829884171485901 0.7912408113479614 0.3750469982624054 1.2762932777404785
1305031460.259667 -0.26032358407974243 -0.5264313817024231 0.8093834519386292 -0.8358545303344727 0.8341519236564636 0.29953327775001526 0.46310946345329285 -0.955895185470581 -0.48623260855674744 0.7957071661949158 0.3611481785774231 1.2794312238693237
1305031460.291689 -0.274745911359787 -0.5224392414093018 0.807200014591217 -0.8289257287979126 0.825903594493866 0.30163681507110596 0.476338654756546 -0.968131422996521 -0.49233925342559814 0.7975415587425232 0.3486109673976898 1.2804590463638306
1305031460.327512 -0.29051756858825684 -0.5142259001731873 0.8069518208503723 -0.8218626379966736 0.8184338212013245 0.3033828139305115 0.4879803955554962 -0.9774497151374817 -0.49574747681617737 0.8022035956382751 0.33272188901901245 1.2841682434082031
1305031460.35963 -0.308884859085083 -0.50560462474823 0.8055769205093384 -0.8157172203063965 0.8091018795967102 0.30553433299064636 0.501999020576477 -0.982410192489624 -0.499944269657135 0.8068536520004272 0.314710795879364 1.293641448020935
1305031460.391611 -0.33178430795669556 -0.5039654970169067 0.797457218170166 -0.8053957223892212 0.798611044883728 0.29991188645362854 0.521798312664032 -0.9899113178253174 -0.502135157585144 0.8099824786186218 0.302966445684433 1.295711874961853
1305031460.427477 -0.35304173827171326 -0.49682027101516724 0.7927995920181274 -0.7987266778945923 0.7910641431808472 0.2939525246620178 0.5364788174629211 -0.9963054656982422 -0.49957889318466187 0.8165547251701355 0.28923922777175903 1.296056866645813
1305031460.45962 -0.3795768618583679 -0.48828694224357605 0.7858099937438965 -0.7876040935516357 0.7792507410049438 0.28909891843795776 0.5560488104820251 -0.9983193874359131 -0.49868810176849365 0.8234061002731323 0.27076274156570435 1.2999789714813232
1305031460.491504 -0.41327688097953796 -0.47762829065322876 0.7752892971038818 -0.7891979217529297 0.7612056732177734 0.2860683500766754 0.5820059776306152 -1.0046888589859009 -0.49976834654808044 0.8306840658187866 0.24534785747528076 1.311367392539978
1305031460.52757 -0.4461016058921814 -0.4760281443595886 0.7578856348991394 -0.7806153893470764 0.7482050061225891 0.2663116157054901 0.6076738834381104 -1.013371467590332 -0.4911035895347595 0.8381379842758179 0.23736456036567688 1.312225103378296
1305031460.559647 -0.47075286507606506 -0.48013836145401 0.7401749491691589 -0.7666201591491699 0.7312480211257935 0.25705474615097046 0.6318222284317017 -1.0243635177612305 -0.4936274588108063 0.838683545589447 0.23009097576141357 1.3120399713516235
1305031460.591855 -0.48608341813087463 -0.4754500389099121 0.7332599759101868 -0.7612279057502747 0.7178261876106262 0.2613446116447449 0.6453096866607666 -1.0296623706817627 -0.4984460771083832 0.8400275111198425 0.2142551839351654 1.3190162181854248
1305031460.627625 -0.5062915086746216 -0.4766659140586853 0.7186505198478699 -0.7479760646820068 0.7018964886665344 0.25637829303741455 0.6645386219024658 -1.0434770584106445 -0.5010092854499817 0.8408685922622681 0.20476800203323364 1.3201053142547607
