1305031453.359684 1.0 0.0 0.0 0.0 0.0 1.0 0.0 0.0 0.0 0.0 1.0 0.0
1305031453.39169 0.9996326565742493 -0.024101393297314644 0.01239691860973835 0.0020991771016269922 0.02408774383366108 0.9997090697288513 0.0012490908848121762 0.0045232209376990795 -0.012423417530953884 -0.0009500181768089533 0.9999223947525024 -0.009482834488153458
1305031453.423683 0.9988964796066284 -0.042713046073913574 0.01953100971877575 0.007415789179503918 0.042727574706077576 0.9990866780281067 -0.0003269657026976347 0.006531779654324055 -0.01949920505285263 0.0011611174559220672 0.999809205532074 -0.017882129177451134
1305031453.459685 0.9976384043693542 -0.05985933169722557 0.03367931395769119 0.01017664559185505 0.060119133442640305 0.9981682896614075 -0.006754267495125532 0.009916000999510288 -0.03321331739425659 0.008763089776039124 0.9994097948074341 -0.02694089338183403
1305031453.491698 0.9957486391067505 -0.08029039949178696 0.04514488950371742 0.015198657289147377 0.08102858066558838 0.9966024160385132 -0.014763562008738518 0.015354255214333534 -0.043806128203868866 0.018358826637268066 0.9988713264465332 -0.038133103400468826
1305031453.523684 0.9936474561691284 -0.09785854071378708 0.05557342618703842 0.01584365963935852 0.09950534999370575 0.9946520328521729 -0.027675975114107132 0.020930834114551544 -0.05256788805127144 0.03303001821041107 0.9980709552764893 -0.05093778297305107
1305031453.559753 0.9918034076690674 -0.11061782389879227 0.06395076215267181 0.014457913115620613 0.11339167505502701 0.9926834106445312 -0.041497454047203064 0.02707485295832157 -0.058892495930194855 0.04840880259871483 0.9970899224281311 -0.0659850463271141
1305031453.59164 0.9903368353843689 -0.11813537776470184 0.07264204323291779 0.011644549667835236 0.12229406088590622 0.9909276962280273 -0.05573509633541107 0.0335443913936615 -0.06539873778820038 0.06408020853996277 0.9957995414733887 -0.08066567033529282
1305031453.627706 0.9890674948692322 -0.12500713765621185 0.07822248339653015 0.004861118271946907 0.13026705384254456 0.9892672896385193 -0.06618910282850266 0.03673425689339638 -0.06910882145166397 0.07565531134605408 0.9947362542152405 -0.09852323681116104
1305031453.6596 0.9897801280021667 -0.12044764310121536 0.0763397365808487 -0.006248291116207838 0.12669363617897034 0.9884575605392456 -0.08306896686553955 0.04501126706600189 -0.06545312702655792 0.09189178049564362 0.9936155676841736 -0.11343733966350555
1305031453.691678 0.9914892911911011 -0.1096525713801384 0.07018060982227325 -0.01638973504304886 0.11619306355714798 0.9884664416313171 -0.0971253365278244 0.053061775863170624 -0.05872112885117531 0.10445323586463928 0.9927946329116821 -0.12792697548866272
1305031453.727652 0.9930297136306763 -0.10085205733776093 0.0609993152320385 -0.02502128854393959 0.10699151456356049 0.9884248375892639 -0.10756028443574905 0.06294400244951248 -0.049445562064647675 0.1133369654417038 0.9923254251480103 -0.1443280577659607
1305031453.759694 0.9948993921279907 -0.08633970469236374 0.05215902253985405 -0.04593532532453537 0.09206702560186386 0.9885191917419434 -0.11980601400136948 0.07206325232982635 -0.041216183453798294 0.12399706244468689 0.9914262294769287 -0.15293698012828827
1305031453.791716 0.9970532059669495 -0.07134818285703659 0.02818460203707218 -0.045884065330028534 0.07447054982185364 0.9884001016616821 -0.1323608011007309 0.08445125818252563 -0.01841396652162075 0.13406971096992493 0.9908008575439453 -0.16724586486816406
1305031453.827773 0.9980975985527039 -0.059946924448013306 0.014410965144634247 -0.05671073496341705 0.061355240643024445 0.9887475371360779 -0.13643254339694977 0.08963192254304886 -0.006070099771022797 0.1370571404695511 0.9905445575714111 -0.18133513629436493
1305031453.859705 0.9990450739860535 -0.04365502670407295 0.0017780369380488992 -0.08880869299173355 0.043456219136714935 0.9886332750320435 -0.14392973482608795 0.1015780121088028 0.00452542956918478 0.143869549036026 0.9895862936973572 -0.18996205925941467
1305031453.89171 0.9991723895072937 -0.030430041253566742 -0.026990871876478195 -0.10456949472427368 0.026202745735645294 0.9890699982643127 -0.14510004222393036 0.11068559437990189 0.031111259013414383 0.14427274465560913 0.9890487194061279 -0.19957666099071503
1305031453.927723 0.9972133636474609 -0.024398470297455788 -0.0705009251832962 -0.10955775529146194 0.014342593029141426 0.9900803565979004 -0.13976863026618958 0.1151762530207634 0.07321172952651978 0.13836795091629028 0.9876711368560791 -0.20045672357082367
1305031453.959641 0.9941657185554504 -0.01021921169012785 -0.10737746953964233 -0.11253689974546432 -0.004098773468285799 0.9912034869194031 -0.13228267431259155 0.11620650440454483 0.10778476297855377 0.13195101916790009 0.9853788018226624 -0.21293365955352783
1305031453.991624 0.9914178252220154 0.012685846537351608 -0.13011367619037628 -0.12570174038410187 -0.02935764752328396 0.9914644360542297 -0.12702839076519012 0.11842837184667587 0.12739163637161255 0.1297580450773239 0.9833281636238098 -0.21730121970176697
1305031454.027662 0.9870397448539734 0.03041408210992813 -0.15756703913211823 -0.13467951118946075 -0.05084167793393135 0.990562379360199 -0.12728364765644073 0.11719556152820587 0.15220880508422852 0.13364499807357788 0.979270875453949 -0.22176560759544373
1305031454.059654 0.9823523759841919 0.05073481425642967 -0.18002669513225555 -0.1464957743883133 -0.07436288893222809 0.9891076683998108 -0.12702761590480804 0.12305817008018494 0.17162108421325684 0.1381731778383255 0.9754252433776855 -0.2293219119310379
1305031454.091651 0.9766501784324646 0.07816527038812637 -0.20011115074157715 -0.16481295228004456 -0.10430716723203659 0.9868337512016296 -0.12360871583223343 0.12452277541160583 0.18781454861164093 0.14159554243087769 0.9719446301460266 -0.23225440084934235
1305031454.127701 0.968458890914917 0.10409672558307648 -0.22638721764087677 -0.1807417869567871 -0.13465717434883118 0.9831028580665588 -0.12400054931640625 0.12535114586353302 0.20965388417243958 0.15057407319545746 0.9661121368408203 -0.23698312044143677
1305031454.159672 0.9588890671730042 0.12579919397830963 -0.25437435507774353 -0.19735082983970642 -0.16133303940296173 0.9790838956832886 -0.1239611953496933 0.1351001113653183 0.23345960676670074 0.15990404784679413 0.9591284394264221 -0.23550736904144287
1305031454.191658 0.946071445941925 0.1509634107351303 -0.28663355112075806 -0.20736795663833618 -0.18948286771774292 0.9755178689956665 -0.11162988841533661 0.13634008169174194 0.262764036655426 0.1599220186471939 0.9515146017074585 -0.24292543530464172
1305031454.227671 0.9290453195571899 0.1843377649784088 -0.32077160477638245 -0.2197224199771881 -0.2265661507844925 0.9689108729362488 -0.09939584881067276 0.12665985524654388 0.29247668385505676 0.1650192141532898 0.9419267773628235 -0.24562124907970428
1305031454.259627 0.9136129021644592 0.20927534997463226 -0.34859055280685425 -0.22548885643482208 -0.2605210840702057 0.9595507383346558 -0.10673011094331741 0.136644184589386 0.3121543228626251 0.1883252114057541 0.9311784505844116 -0.24341639876365662
1305031454.291639 0.9018867015838623 0.2312595099210739 -0.3648553490638733 -0.23148556053638458 -0.283886581659317 0.9539284110069275 -0.09710292518138885 0.14131732285022736 0.3255898654460907 0.1911533623933792 0.9259868860244751 -0.24581384658813477
1305031454.327699 0.8870906233787537 0.2616313695907593 -0.38028839230537415 -0.2510673999786377 -0.3153107762336731 0.9451495409011841 -0.08527334779500961 0.1343480348587036 0.3371191620826721 0.1955542117357254 0.9209284782409668 -0.24820485711097717
1305031454.359636 0.8701027035713196 0.28459542989730835 -0.40240103006362915 -0.2591116726398468 -0.34664562344551086 0.9337493777275085 -0.08915600180625916 0.14066536724567413 0.3503684103488922 0.2170654535293579 0.9111116528511047 -0.24974942207336426
1305031454.391677 0.8550127148628235 0.3064091205596924 -0.4184097945690155 -0.2670673429965973 -0.3725704550743103 0.9241419434547424 -0.0845748633146286 0.14684058725833893 0.3607555627822876 0.22819972038269043 0.904312014579773 -0.25152501463890076
1305031454.427465 0.8347215056419373 0.33218905329704285 -0.43919289112091064 -0.2798256278038025 -0.4026286005973816 0.9122673273086548 -0.0752233937382698 0.14948852360248566 0.37567296624183655 0.23962223529815674 0.895237922668457 -0.25595277547836304
1305031454.459913 0.8121944069862366 0.3539324402809143 -0.4637587070465088 -0.2763516306877136 -0.4309147894382477 0.8998314738273621 -0.06793828308582306 0.1524789184331894 0.393259197473526 0.25501957535743713 0.8833527565002441 -0.2533412575721741
1305031454.491617 0.7952485084533691 0.37837889790534973 -0.47371846437454224 -0.2822166681289673 -0.4595763385295868 0.8858324289321899 -0.06395579129457474 0.16050195693969727 0.39543575048446655 0.26857054233551025 0.8783509135246277 -0.2542029023170471
1305031454.5277 0.7756564617156982 0.40529224276542664 -0.48383381962776184 -0.28733500838279724 -0.48922237753868103 0.8704119324684143 -0.05517878755927086 0.1712643951177597 0.39877116680145264 0.27950218319892883 0.8734186291694641 -0.25613686442375183
1305031454.559575 0.7589450478553772 0.42685869336128235 -0.49172553420066833 -0.29422900080680847 -0.5112840533256531 0.8582809567451477 -0.04407292604446411 0.18391861021518707 0.40322574973106384 0.2848603427410126 0.8696341514587402 -0.26044487953186035
1305031454.591635 0.7321756482124329 0.454985648393631 -0.5068596005439758 -0.3024704158306122 -0.5402053594589233 0.8411533832550049 -0.02527831681072712 0.19120265543460846 0.41484540700912476 0.2923164665699005 0.8616579174995422 -0.2618716359138489
1305031454.62758 0.7030574083328247 0.47543466091156006 -0.5288403034210205 -0.3013008236885071 -0.5626955032348633 0.8266498446464539 -0.004896055907011032 0.1933588981628418 0.4348379969596863 0.30101820826530457 0.8487071394920349 -0.26609373092651367
1305031454.659528 0.6837494373321533 0.481859028339386 -0.5479950308799744 -0.3018251955509186 -0.5708999037742615 0.8209640979766846 0.009555656462907791 0.2117292732000351 0.45448869466781616 0.30631667375564575 0.8364269733428955 -0.26522210240364075
1305031454.691884 0.6586910486221313 0.4969259202480316 -0.5649696588516235 -0.30343958735466003 -0.580193281173706 0.8135389089584351 0.03911803662776947 0.2125251144170761 0.47906357049942017 0.3020249307155609 0.8241838812828064 -0.26776623725891113
1305031454.727659 0.6372509002685547 0.4970054030418396 -0.5889796018600464 -0.29419437050819397 -0.580565333366394 0.8122004866600037 0.05722133815288544 0.21817223727703094 0.5068088173866272 0.30547675490379333 0.8061195611953735 -0.26303964853286743
1305031454.759732 0.6342178583145142 0.49042877554893494 -0.5977016687393188 -0.2865627110004425 -0.5680207014083862 0.820021390914917 0.07012391835451126 0.2222239375114441 0.5245190262794495 0.29503312706947327 0.7986458539962769 -0.2593225836753845
1305031454.791641 0.6374558210372925 0.48129358887672424 -0.6016697287559509 -0.2838408052921295 -0.55293208360672 0.8295869827270508 0.0777919739484787 0.22674505412578583 0.5365781784057617 0.28309354186058044 0.7949478030204773 -0.2552936375141144
1305031454.82757 0.6418904662132263 0.47224047780036926 -0.6041238307952881 -0.2732398509979248 -0.5398159027099609 0.8378407955169678 0.08137349039316177 0.23481152951717377 0.5445873141288757 0.27388277649879456 0.7927249073982239 -0.2554329037666321
1305031454.85962 0.6544250845909119 0.46521827578544617 -0.5960701704025269 -0.2702775001525879 -0.5254194140434265 0.84669029712677 0.08396351337432861 0.2427263855934143 0.5437481999397278 0.2582390010356903 0.7985301613807678 -0.256960391998291
1305031454.891764 0.6685590744018555 0.45591092109680176 -0.587515115737915 -0.2641517221927643 -0.5103740096092224 0.855898916721344 0.08339943736791611 0.25096625089645386 0.5408762097358704 0.24409504234790802 0.804904043674469 -0.258522629737854
1305031454.927567 0.6837921142578125 0.44831064343452454 -0.5757133364677429 -0.26262328028678894 -0.4985930323600769 0.8631424307823181 0.07993893325328827 0.26229992508888245 0.532759964466095 0.23238502442836761 0.8137345910072327 -0.26168879866600037
1305031454.959648 0.6960247755050659 0.44334155321121216 -0.5647989511489868 -0.2649252712726593 -0.4876067340373993 0.8692576289176941 0.08143027126789093 0.2688840925693512 0.5270572304725647 0.21872228384017944 0.8212010264396667 -0.26406922936439514
1305031454.991937 0.7076615691184998 0.4349667429924011 -0.5567935705184937 -0.26868969202041626 -0.4760688543319702 0.8758396506309509 0.0791415274143219 0.27842146158218384 0.5220858454704285 0.20906668901443481 0.8268721103668213 -0.2693898379802704
1305031455.027799 0.7132896184921265 0.42962855100631714 -0.553748369216919 -0.27024275064468384 -0.4704172909259796 0.8791526556015015 0.07614532113075256 0.2908869683742523 0.5195435285568237 0.20617911219596863 0.8291951417922974 -0.27658915519714355
1305031455.059636 0.7191892862319946 0.42852509021759033 -0.5469305515289307 -0.27424728870391846 -0.467059850692749 0.8809477090835571 0.07606776803731918 0.2983165979385376 0.5144140124320984 0.20074215531349182 0.8337149620056152 -0.2813170254230499
1305031455.0917 0.7250277996063232 0.4252811074256897 -0.5417294502258301 -0.2790584862232208 -0.46699151396751404 0.8817065358161926 0.06717604398727417 0.3099338412284851 0.5062150359153748 0.2042786031961441 0.8378642797470093 -0.28493520617485046
1305031455.127695 0.7341785430908203 0.42030712962150574 -0.5332201719284058 -0.2879312336444855 -0.46575891971588135 0.8832075595855713 0.0548897311091423 0.32879018783569336 0.4940146207809448 0.20805317163467407 0.8441939353942871 -0.2889513671398163
1305031455.15972 0.7441974878311157 0.414957195520401 -0.5234315991401672 -0.29771822690963745 -0.4582585394382477 0.8873032927513123 0.05188460648059845 0.33863145112991333 0.48597240447998047 0.20125457644462585 0.8504865765571594 -0.29492253065109253
1305031455.191655 0.753904402256012 0.40813830494880676 -0.5148312449455261 -0.3078450560569763 -0.4467400312423706 0.893045961856842 0.0537787489593029 0.34671419858932495 0.48171713948249817 0.18945172429084778 0.855603039264679 -0.2991248369216919
1305031455.227581 0.7632960081100464 0.3988999128341675 -0.5081910490989685 -0.31766071915626526 -0.43664610385894775 0.8982835412025452 0.04926297813653946 0.3545219600200653 0.47615060210227966 0.1842973530292511 0.8598343729972839 -0.3040318489074707
1305031455.259631 0.7744839787483215 0.3886191248893738 -0.4991491436958313 -0.32418292760849 -0.42369478940963745 0.9045913815498352 0.04687337577342987 0.3674655258655548 0.4697418808937073 0.17518417537212372 0.8652474284172058 -0.3093724846839905
1305031455.291831 0.788784921169281 0.3792402744293213 -0.48373061418533325 -0.3381933867931366 -0.40450358390808105 0.9128174781799316 0.056045521050691605 0.3717789947986603 0.46281248331069946 0.1514628678560257 0.8734206557273865 -0.3146653473377228
1305031455.327766 0.8020785450935364 0.3625335991382599 -0.4745939373970032 -0.3515438139438629 -0.3815479874610901 0.9224134683609009 0.059786807745695114 0.380893737077713 0.4594465494155884 0.1331266164779663 0.8781720399856567 -0.32332664728164673
1305031455.35963 0.8083693981170654 0.35559457540512085 -0.4691389799118042 -0.3572535514831543 -0.3677736818790436 0.9273378252983093 0.06918898224830627 0.3918434977531433 0.45965346693992615 0.11660672724246979 0.8804098963737488 -0.3279258906841278
1305031455.391665 0.8219884037971497 0.34611713886260986 -0.4522586762905121 -0.36908528208732605 -0.3466540277004242 0.9341465830802917 0.084859699010849 0.39289093017578125 0.45184725522994995 0.08702358603477478 0.8878406286239624 -0.32863035798072815
1305031455.427642 0.8365765810012817 0.33233165740966797 -0.4355403780937195 -0.38508594036102295 -0.326701283454895 0.9408000707626343 0.09034088253974915 0.39850568771362305 0.43977952003479004 0.06671450287103653 0.8956243991851807 -0.3358258008956909
1305031455.459589 0.847220242023468 0.32008594274520874 -0.4239846467971802 -0.4006170332431793 -0.3093847334384918 0.9460772275924683 0.0960153341293335 0.39798665046691895 0.43185538053512573 0.04982824623584747 0.9005653858184814 -0.34661757946014404
1305031455.491637 0.8577664494514465 0.30138102173805237 -0.41642090678215027 -0.41264212131500244 -0.287113755941391 0.9528491497039795 0.0982040986418724 0.403452068567276 0.4263831377029419 0.03532397001981735 0.9038527011871338 -0.35318517684936523
1305031455.52761 0.870831310749054 0.28040802478790283 -0.4037628173828125 -0.4339246451854706 -0.2620549201965332 0.9597198963165283 0.1013159304857254 0.40241602063179016 0.4159090220928192 0.01757894456386566 0.9092363715171814 -0.3650047183036804
1305031455.559669 0.8786611557006836 0.2552812993526459 -0.4034673273563385 -0.45206326246261597 -0.23760110139846802 0.9667788147926331 0.09425713866949081 0.4106595814228058 0.4141257703304291 0.013044178485870361 0.9101262092590332 -0.37081170082092285
1305031455.591645 0.8852037191390991 0.22970779240131378 -0.4045350253582001 -0.4658598005771637 -0.21015432476997375 0.9732553958892822 0.09278534352779388 0.41543757915496826 0.4150294065475464 0.0028808624483644962 0.9098035097122192 -0.38281893730163574
1305031455.627617 0.8933506608009338 0.20870326459407806 -0.3979541063308716 -0.4854452908039093 -0.18396711349487305 0.977848470211029 0.09984315931797028 0.4100937843322754 0.40997639298439026 -0.01598450355231762 0.9119560122489929 -0.39084136486053467
1305031455.659615 0.8989207744598389 0.1968098282814026 -0.39141684770584106 -0.5039553046226501 -0.17330405116081238 0.9802860617637634 0.09489449858665466 0.4047032594680786 0.40237662196159363 -0.017468519508838654 0.9153075814247131 -0.4046774208545685
1305031455.691605 0.9009190201759338 0.1945287138223648 -0.38794776797294617 -0.5196295976638794 -0.1755855232477188 0.9808670878410339 0.08407957851886749 0.4095710515975952 0.396881103515625 -0.007630893029272556 0.9178383350372314 -0.4136137366294861
1305031455.727628 0.9031698107719421 0.2034747302532196 -0.37799787521362305 -0.5383633375167847 -0.18642790615558624 0.9790748357772827 0.08159042149782181 0.40711939334869385 0.38668984174728394 -0.0032206764444708824 0.9222041964530945 -0.4245913028717041
1305031455.759683 0.9069547653198242 0.21210379898548126 -0.3639299273490906 -0.555539071559906 -0.196421280503273 0.9772465229034424 0.08004967123270035 0.4042627513408661 0.3726281225681305 -0.0011178497225046158 0.9279800057411194 -0.43778446316719055
1305031455.791666 0.9123639464378357 0.2095032036304474 -0.35171082615852356 -0.5733570456504822 -0.19476157426834106 0.9778059720993042 0.07722271978855133 0.39631420373916626 0.36008337140083313 -0.001955468440428376 0.9329180717468262 -0.45067811012268066
1305031455.82759 0.9162794351577759 0.20886312425136566 -0.3417722284793854 -0.5914790630340576 -0.19666063785552979 0.9779412150382996 0.07039698213338852 0.39495253562927246 0.3489364981651306 0.002709852997213602 0.9371424317359924 -0.46734797954559326
1305031455.859526 0.9172658920288086 0.21110831201076508 -0.3377227783203125 -0.6036078929901123 -0.19830775260925293 0.9774625897407532 0.07239525020122528 0.388340026140213 0.34539464116096497 0.0005673618288710713 0.9384573101997375 -0.47990578413009644
1305031455.891657 0.9195327758789062 0.2116616666316986 -0.3311478793621063 -0.6160680651664734 -0.19976812601089478 0.97734135389328 0.06997575610876083 0.3870012164115906 0.3384556770324707 0.0018077980494126678 0.9409806132316589 -0.4905695915222168
1305031455.927955 0.9220662713050842 0.21465376019477844 -0.32205215096473694 -0.629348635673523 -0.20126676559448242 0.9766815900802612 0.07473045587539673 0.37807339429855347 0.3305836319923401 -0.004088034387677908 0.943767786026001 -0.5017905235290527
1305031455.959716 0.9239025115966797 0.2187911868095398 -0.3139023780822754 -0.6412292122840881 -0.20674219727516174 0.9757709503173828 0.07161600887775421 0.37833675742149353 0.321965754032135 -0.0012693431926891208 0.9467505216598511 -0.5121662616729736
1305031455.991694 0.9264034628868103 0.2240290343761444 -0.30263447761535645 -0.6527521014213562 -0.21167483925819397 0.9745742082595825 0.07347680628299713 0.3780721426010132 0.3114006817340851 -0.004009061958640814 0.9502702355384827 -0.5213735103607178
1305031456.02777 0.9287945628166199 0.23234236240386963 -0.28871724009513855 -0.6625954508781433 -0.21985460817813873 0.9726117849349976 0.07543417066335678 0.3868389427661896 0.29833629727363586 -0.006587027572095394 0.9544380307197571 -0.5298429727554321
1305031456.059713 0.9291302561759949 0.2509905993938446 -0.27151554822921753 -0.6786637306213379 -0.2328673154115677 0.9676007628440857 0.09758031368255615 0.37755173444747925 0.28721025586128235 -0.0274377278983593 0.957474410533905 -0.5357202291488647
1305031456.091707 0.9297329783439636 0.263293981552124 -0.2574349045753479 -0.6939316391944885 -0.24161820113658905 0.9637597799301147 0.1130836009979248 0.3651060461997986 0.2778795659542084 -0.04293658956885338 0.9596558809280396 -0.5419268608093262
1305031456.127645 0.9316941499710083 0.2662777006626129 -0.24706733226776123 -0.7063283920288086 -0.2448272556066513 0.962793231010437 0.11440704762935638 0.36020445823669434 0.26833873987197876 -0.04610356315970421 0.9622207283973694 -0.5462273359298706
1305031456.159731 0.9343007802963257 0.26785579323768616 -0.235234335064888 -0.7164390087127686 -0.24566581845283508 0.9619465470314026 0.11961303651332855 0.34705084562301636 0.2583218216896057 -0.0539654977619648 0.9645503759384155 -0.5487975478172302
1305031456.191658 0.9391844272613525 0.26273518800735474 -0.22114014625549316 -0.7258262634277344 -0.24320068955421448 0.9635046720504761 0.11185802519321442 0.3348928391933441 0.24245861172676086 -0.05127386003732681 0.9688057899475098 -0.5531811714172363
1305031456.227678 0.9450094699859619 0.2533969581127167 -0.2067539393901825 -0.7299214601516724 -0.23855693638324738 0.9665467143058777 0.0942249596118927 0.3454664647579193 0.22371360659599304 -0.03972088173031807 0.9738451838493347 -0.554180383682251
1305031456.291675 0.9581814408302307 0.24009749293327332 -0.15569674968719482 -0.7620097398757935 -0.22835510969161987 0.9694432616233826 0.08963099122047424 0.3260948061943054 0.17245934903621674 -0.05032861605286598 0.9837299585342407 -0.5538590550422668
1305031456.327718 0.9644485712051392 0.22580546140670776 -0.13729844987392426 -0.771901547908783 -0.2163793295621872 0.9730029106140137 0.08028265088796616 0.3179885149002075 0.1517200469970703 -0.047719940543174744 0.9872708916664124 -0.5515975952148438
1305031456.391619 0.9744833111763 0.20693205296993256 -0.08695577085018158 -0.7970359921455383 -0.20144270360469818 0.9771470427513123 0.06785619258880615 0.3083884119987488 0.09901019185781479 -0.04860813915729523 0.9938983917236328 -0.545453667640686
1305031456.427662 0.9797849655151367 0.1906825751066208 -0.06051085889339447 -0.818785548210144 -0.1885085552930832 0.9812624454498291 0.03985709697008133 0.3218516707420349 0.06697707623243332 -0.02764459326863289 0.9973714351654053 -0.5393938422203064
1305031456.491677 0.9850848913192749 0.1671934723854065 -0.040671031922101974 -0.8562173843383789 -0.16546785831451416 0.9852925539016724 0.04264940693974495 0.3375704288482666 0.04720357432961464 -0.03528353571891785 0.9982619285583496 -0.525479257106781
1305031456.527641 0.9868093729019165 0.15674342215061188 -0.040483951568603516 -0.8699622750282288 -0.15451332926750183 0.9865491390228271 0.05335240811109543 0.33879026770591736 0.048302046954631805 -0.046393342316150665 0.9977548122406006 -0.515426516532898
1305031456.591651 0.9903141260147095 0.13474856317043304 -0.03347885608673096 -0.8876451253890991 -0.13271605968475342 0.9895183444023132 0.05691893398761749 0.33998197317123413 0.04079769179224968 -0.051924433559179306 0.99781733751297 -0.4997085630893707
1305031456.627612 0.9925010204315186 0.11943875253200531 -0.026006732136011124 -0.8918442726135254 -0.11726998537778854 0.990403413772583 0.07313434034585953 0.3537735641002655 0.034492239356040955 -0.06953608989715576 0.996982991695404 -0.49147626757621765
1305031456.691612 0.996114194393158 0.08751032501459122 0.009919339790940285 -0.9363988637924194 -0.08806388080120087 0.9911019206047058 0.09980776160955429 0.3394388258457184 -0.0010968673741444945 -0.10029347240924835 0.9949572086334229 -0.4642901122570038
1305031456.727693 0.9976360201835632 0.06695989519357681 0.015457019209861755 -0.9531116485595703 -0.06819776445627213 0.9923719167709351 0.1026984453201294 0.3542243242263794 -0.008462435565888882 -0.1035098060965538 0.9945923686027527 -0.45592471957206726
1305031456.791649 0.9992288947105408 0.03924090042710304 -0.0013224221765995026 -0.9854016304016113 -0.038834936916828156 0.9927302002906799 0.11392301321029663 0.3429044485092163 0.005783249624073505 -0.1137838140130043 0.9934886693954468 -0.4328802227973938
1305031456.827603 0.9996381998062134 0.02365870214998722 -0.012804683297872543 -0.9892023205757141 -0.02213471755385399 0.9938698410987854 0.10831739008426666 0.36082014441490173 0.01528883446007967 -0.10799477249383926 0.9940338134765625 -0.4251538813114166
1305031456.891672 0.999978244304657 -0.00038362867780961096 -0.006589689292013645 -1.0080883502960205 0.0012593853753060102 0.9910595417022705 0.13341441750526428 0.35108327865600586 0.006479591131210327 -0.13341981172561646 0.9910383820533752 -0.39996713399887085
1305031456.92769 0.9998883008956909 -0.01406354084610939 0.005060131195932627 -1.0175296068191528 0.013353629969060421 0.9926608204841614 0.12019214034080505 0.35818469524383545 -0.006713320966809988 -0.1201111450791359 0.9927377700805664 -0.39225614070892334
1305031456.959667 0.9995287656784058 -0.02431044727563858 0.01874144747853279 -1.0311788320541382 0.021990878507494926 0.9930819272994995 0.1153460443019867 0.3742111325263977 -0.02141590416431427 -0.1148795336484909 0.9931486248970032 -0.38808247447013855
1305031456.991709 0.9991114139556885 -0.03057927079498768 0.029006067663431168 -1.044036626815796 0.026382049545645714 0.9904360175132751 0.13542698323726654 0.37030261754989624 -0.03286990895867348 -0.13454139232635498 0.9903626441955566 -0.37737420201301575
1305031457.027648 0.9984419941902161 -0.03840769827365875 0.04047825187444687 -1.0586543083190918 0.0324409082531929 0.9897682070732117 0.138947531580925 0.3705871105194092 -0.04540074244141579 -0.13741789758205414 0.9894721508026123 -0.3718501031398773
1305031457.091655 0.996391773223877 -0.0611928254365921 0.05881103128194809 -1.0804375410079956 0.05078763887286186 0.9850679039955139 0.16450487077236176 0.37449002265930176 -0.06799937784671783 -0.16092441976070404 0.984621524810791 -0.367295503616333
1305031457.127632 0.9948290586471558 -0.07187946140766144 0.07175187766551971 -1.0925887823104858 0.05841241776943207 0.9828791618347168 0.1747472733259201 0.36649566888809204 -0.08308416604995728 -0.16965247690677643 0.9819954037666321 -0.3646445572376251
1305031457.191735 0.989598274230957 -0.09912879765033722 0.10425295680761337 -1.1210541725158691 0.08088241517543793 0.9826953411102295 0.16663628816604614 0.3724423050880432 -0.11896736174821854 -0.15647074580192566 0.9804915189743042 -0.3712800145149231
1305031457.227543 0.9867027401924133 -0.11256134510040283 0.11725016683340073 -1.1350818872451782 0.09080244600772858 0.9800612926483154 0.17673325538635254 0.3683863878250122 -0.13480569422245026 -0.16373656690120697 0.9772500991821289 -0.37308740615844727
1305031457.291656 0.9796545505523682 -0.13700498640537262 0.14665107429027557 -1.160145878791809 0.11228358745574951 0.9798295497894287 0.16530686616897583 0.3557552397251129 -0.16634094715118408 -0.14547710120677948 0.9752779603004456 -0.38360831141471863
1305031457.327548 0.9743536114692688 -0.1473902463912964 0.17003297805786133 -1.1784285306930542 0.12095163762569427 0.9802287220954895 0.15659618377685547 0.3612120449542999 -0.18975193798542023 -0.13201427459716797 0.9729164838790894 -0.3935867249965668
1305031457.391684 0.9602576494216919 -0.1762242466211319 0.21644899249076843 -1.2109202146530151 0.1438014656305313 0.9769976139068604 0.15747001767158508 0.3451089859008789 -0.23922017216682434 -0.12008612602949142 0.9635106921195984 -0.4065251350402832
1305031457.427641 0.952638566493988 -0.18953126668930054 0.23781874775886536 -1.2355800867080688 0.15598326921463013 0.9758558869361877 0.15288755297660828 0.34415867924690247 -0.26105380058288574 -0.10855084657669067 0.9592016339302063 -0.41556409001350403
1305031457.491705 0.9459316730499268 -0.2077159732580185 0.2491328865289688 -1.2663904428482056 0.17244690656661987 0.9725679159164429 0.15612097084522247 0.3283224403858185 -0.274727463722229 -0.10471758246421814 0.9558027386665344 -0.4289029836654663
1305031457.527638 0.9428389668464661 -0.21199358999729156 0.25712496042251587 -1.2807397842407227 0.17725683748722076 0.9723960161209106 0.15174350142478943 0.3199625611305237 -0.2821959853172302 -0.09749253839254379 0.9543901681900024 -0.4374987483024597
1305031457.559685 0.9381659030914307 -0.21922534704208374 0.2679270803928375 -1.2958927154541016 0.18542063236236572 0.9717724919319153 0.1458675116300583 0.3154563903808594 -0.29234206676483154 -0.08716871589422226 0.9523327350616455 -0.4457911252975464
1305031457.591678 0.9333226084709167 -0.22503593564033508 0.27976328134536743 -1.3158000707626343 0.19213323295116425 0.9712874293327332 0.1403053104877472 0.3136467933654785 -0.3033043146133423 -0.07719830423593521 0.9497613906860352 -0.45401039719581604
1305031457.627526 0.9303985834121704 -0.23150666058063507 0.2841886878013611 -1.3307316303253174 0.19754527509212494 0.9697695970535278 0.14325793087482452 0.30235111713409424 -0.3087627589702606 -0.07714682817459106 0.948005199432373 -0.45793241262435913
1305031457.659632 0.9263460636138916 -0.238321453332901 0.2916947305202484 -1.3496185541152954 0.20695039629936218 0.9690588116645813 0.13452354073524475 0.3048577904701233 -0.31472915410995483 -0.06424902379512787 0.9470044374465942 -0.465999960899353
1305031457.69157 0.9246432185173035 -0.2457861453294754 0.29090219736099243 -1.3633908033370972 0.21046389639377594 0.9664018750190735 0.1475551724433899 0.29627254605293274 -0.3173953890800476 -0.07521149516105652 0.9453059434890747 -0.46949443221092224
1305031457.727669 0.9245496988296509 -0.24463720619678497 0.29216527938842773 -1.3745521306991577 0.20640471577644348 0.9660003781318665 0.15569351613521576 0.2783328592777252 -0.320320188999176 -0.08364207297563553 0.9436094760894775 -0.4725847840309143
1305031457.759556 0.9238687753677368 -0.24059532582759857 0.2976243197917938 -1.387766718864441 0.2035183310508728 0.9674609303474426 0.15033163130283356 0.2688482999801636 -0.3241090178489685 -0.07831472903490067 0.9427725672721863 -0.4759557545185089
1305031457.791567 0.9222050905227661 -0.23769555985927582 0.305022269487381 -1.3939992189407349 0.20192043483257294 0.9686993360519409 0.14439427852630615 0.2469659149646759 -0.32979676127433777 -0.07157092541456223 0.9413350224494934 -0.4801666736602783
1305031457.827699 0.9159271121025085 -0.23587922751903534 0.32471296191215515 -1.4105656147003174 0.20621700584888458 0.9706878066062927 0.12344862520694733 0.24894431233406067 -0.3443138897418976 -0.04610859602689743 0.9377216696739197 -0.48803284764289856
1305031457.859623 0.9101774096488953 -0.23358549177646637 0.34207457304000854 -1.4254080057144165 0.2040664404630661 0.9715210795402527 0.12043148279190063 0.2406742125749588 -0.3604636788368225 -0.03980809450149536 0.9319233298301697 -0.4906700849533081
1305031457.891593 0.9036608934402466 -0.2328510880470276 0.3594122529029846 -1.44144606590271 0.20542174577713013 0.9720931053161621 0.11329977214336395 0.21861928701400757 -0.3757641017436981 -0.028553500771522522 0.926275372505188 -0.4894222319126129
1305031457.927633 0.8963836431503296 -0.23357661068439484 0.3767469525337219 -1.4643666744232178 0.21642126142978668 0.9723344445228577 0.08790560811758041 0.2168218344449997 -0.38685673475265503 0.0027388855814933777 0.9221357703208923 -0.48853936791419983
1305031457.991644 0.8925178050994873 -0.23607555031776428 0.3842919170856476 -1.4899418354034424 0.2263065129518509 0.9714519381523132 0.07117883861064911 0.19768035411834717 -0.390124648809433 0.02343936823308468 0.9204636216163635 -0.48635801672935486
1305031458.027845 0.8896421790122986 -0.23140424489974976 0.393686443567276 -1.5006141662597656 0.22801664471626282 0.9720404148101807 0.05608796328306198 0.18732890486717224 -0.39565807580947876 0.03986883908510208 0.9175320863723755 -0.48171669244766235
1305031458.059689 0.8835431337356567 -0.23180031776428223 0.40696460008621216 -1.5170750617980957 0.23777137696743011 0.9706298112869263 0.0366397425532341 0.19423477351665497 -0.4035050570964813 0.06439172476530075 0.9127087593078613 -0.4796426594257355
1305031458.09169 0.8779581189155579 -0.23392266035079956 0.4176958203315735 -1.5339889526367188 0.24138720333576202 0.9697709083557129 0.0357283353805542 0.1956801414489746 -0.4134269654750824 0.06945843249559402 0.9078841209411621 -0.47033706307411194
1305031458.127605 0.8724111914634705 -0.23707842826843262 0.42742547392845154 -1.5493143796920776 0.2417643666267395 0.9693281650543213 0.04419214650988579 0.1818711757659912 -0.4247925281524658 0.06478251516819 0.9029697775840759 -0.45729708671569824
1305031458.159638 0.8679291605949402 -0.23891186714172363 0.43545374274253845 -1.5662039518356323 0.24449603259563446 0.9686456322669983 0.044127993285655975 0.17181533575057983 -0.432343065738678 0.06816673278808594 0.8991288542747498 -0.4421936869621277
1305031458.191646 0.8649441599845886 -0.24496334791183472 0.4380233883857727 -1.5845942497253418 0.2527202069759369 0.9666463732719421 0.04155954346060753 0.17598958313465118 -0.4335942268371582 0.07475066184997559 0.8980023860931396 -0.4288504123687744
1305031458.227611 0.8633719086647034 -0.2512478828430176 0.43756529688835144 -1.605027675628662 0.2522408664226532 0.9659864902496338 0.05696146935224533 0.16865195333957672 -0.43699365854263306 0.06119292974472046 0.8973806500434875 -0.4101554751396179
1305031458.259934 0.866957426071167 -0.24849039316177368 0.43201544880867004 -1.6133641004562378 0.2429152876138687 0.9675854444503784 0.06906813383102417 0.13980457186698914 -0.4351746439933777 0.04506402090191841 0.8992176651954651 -0.39171361923217773
1305031458.291664 0.8663466572761536 -0.2445179969072342 0.43549323081970215 -1.6381758451461792 0.24833743274211884 0.9674255847930908 0.04915494844317436 0.1370570808649063 -0.4333265721797943 0.06556404381990433 0.8988489508628845 -0.37454426288604736
1305031458.327628 0.8709948062896729 -0.24835292994976044 0.42389723658561707 -1.6449699401855469 0.2537914514541626 0.9662292003631592 0.044621169567108154 0.13326799869537354 -0.4206636846065521 0.06871668249368668 0.9046105146408081 -0.3606199622154236
1305031458.35959 0.8734976649284363 -0.24537059664726257 0.4204699993133545 -1.6527116298675537 0.25427746772766113 0.9664701819419861 0.03575195372104645 0.11284022033214569 -0.41514426469802856 0.07568679749965668 0.9066018462181091 -0.33858734369277954
1305031458.391626 0.8726010322570801 -0.24694888293743134 0.42140665650367737 -1.6634001731872559 0.26848092675209045 0.9632470607757568 0.008533544838428497 0.11787019670009613 -0.40802618861198425 0.1056932881474495 0.9068316221237183 -0.3240790367126465
1305031458.427598 0.8688624501228333 -0.2561613917350769 0.42362648248672485 -1.6688735485076904 0.2844332158565521 0.9586887955665588 -0.003668910590931773 0.1164202019572258 -0.40518614649772644 0.12368122488260269 0.9058295488357544 -0.30823850631713867
1305031458.459637 0.8627592921257019 -0.26022619009017944 0.43350765109062195 -1.6662678718566895 0.2981719970703125 0.9542903900146484 -0.020574798807501793 0.10818319022655487 -0.4083380699157715 0.1470109522342682 0.9009150266647339 -0.29555147886276245
1305031458.491696 0.8554934859275818 -0.24631598591804504 0.4554769992828369 -1.6630687713623047 0.3022685647010803 0.9517460465431213 -0.05304005742073059 0.09525050222873688 -0.42043378949165344 0.18305180966854095 0.8886661529541016 -0.27913898229599
1305031458.527737 0.8444218635559082 -0.22633156180381775 0.48551586270332336 -1.6809420585632324 0.3089839816093445 0.9461776614189148 -0.09631603211164474 0.12031110376119614 -0.43758493661880493 0.23134800791740417 0.8689059019088745 -0.2565930485725403
1305031458.559628 0.8381726145744324 -0.21330390870571136 0.5019642114639282 -1.6836987733840942 0.30663561820983887 0.9454178214073181 -0.11027145385742188 0.12619195878505707 -0.4510445296764374 0.2463466227054596 0.8578299283981323 -0.2381264567375183
1305031458.591641 0.8326479196548462 -0.19390246272087097 0.5187477469444275 -1.6916954517364502 0.30014312267303467 0.9452053904533386 -0.12845537066459656 0.12625156342983246 -0.4654153287410736 0.26265662908554077 0.8452218770980835 -0.2088356614112854
1305031458.627659 0.8334057331085205 -0.17620183527469635 0.5238204598426819 -1.7043945789337158 0.2929266691207886 0.9445606470108032 -0.148320734500885 0.15833236277103424 -0.46864575147628784 0.2770523130893707 0.8388165235519409 -0.18137067556381226
1305031458.659623 0.832957923412323 -0.18127289414405823 0.5228014588356018 -1.723091721534729 0.28951480984687805 0.9479460716247559 -0.13258706033229828 0.15246999263763428 -0.47155314683914185 0.2617981731891632 0.842080295085907 -0.15911072492599487
1305031458.691674 0.853458046913147 -0.17800822854042053 0.489818811416626 -1.716488242149353 0.27329716086387634 0.9531309008598328 -0.1298082172870636 0.15534375607967377 -0.44375455379486084 0.2446519434452057 0.8621062636375427 -0.13678675889968872
1305031458.72765 0.870543360710144 -0.1716887652873993 0.46116945147514343 -1.7074308395385742 0.25666701793670654 0.9580064415931702 -0.12785059213638306 0.14480340480804443 -0.4198527932167053 0.22966645658016205 0.8780529499053955 -0.12350887060165405
1305031458.759945 0.8888103365898132 -0.14785897731781006 0.43376708030700684 -1.7060030698776245 0.23562726378440857 0.9592698812484741 -0.15582388639450073 0.15935346484184265 -0.39305976033210754 0.24070517718791962 0.8874485492706299 -0.09866511821746826
1305031458.791632 0.9051231741905212 -0.130620077252388 0.4045867621898651 -1.7039270401000977 0.2135687619447708 0.9625429511070251 -0.1670311987400055 0.1760214865207672 -0.3676144480705261 0.23759089410305023 0.8991163372993469 -0.08578866720199585
1305031458.827564 0.9134681820869446 -0.13272012770175934 0.38465726375579834 -1.6964927911758423 0.2058478146791458 0.9661531448364258 -0.15548259019851685 0.17277897894382477 -0.3510020971298218 0.22120925784111023 0.9098703861236572 -0.07652550935745239
1305031458.891665 0.9205657839775085 -0.11576437205076218 0.37303775548934937 -1.6863423585891724 0.18974457681179047 0.9673452973365784 -0.16804805397987366 0.1633317470550537 -0.3414023220539093 0.22548121213912964 0.9124706387519836 -0.06591260433197021
1305031458.927621 0.9130843281745911 -0.12113222479820251 0.3893636465072632 -1.6967785358428955 0.19953519105911255 0.9654568433761597 -0.16756698489189148 0.17217551171779633 -0.35561603307724 0.2306945025920868 0.9057136178016663 -0.053317368030548096
1305031458.959617 0.9027350544929504 -0.1475655436515808 0.4040962755680084 -1.7039289474487305 0.22261671721935272 0.9640201926231384 -0.145281583070755 0.16291594505310059 -0.3681184947490692 0.22110936045646667 0.9031054377555847 -0.040605127811431885
1305031458.991647 0.8968796730041504 -0.15636257827281952 0.41371187567710876 -1.7075828313827515 0.23198415338993073 0.9627295136451721 -0.13905082643032074 0.1381569504737854 -0.3765503466129303 0.22068645060062408 0.8997262716293335 -0.02083134651184082
