0.1033914 0.9999986886978149 0.0007203133427537978 0.0014687346993014216 -0.00037172980955801904 -0.0007133748731575906 0.9999886155128479 -0.004719164222478867 -0.00012574893480632454 -0.0014721171464771032 0.0047181108966469765 0.9999877214431763 0.06858498603105545
0.2071056 0.9999961853027344 -0.001519682235084474 0.002318811137229204 -0.00024070439394563437 0.0015322851249948144 0.9999840259552002 -0.005442977417260408 -7.999956142157316e-05 -0.0023105028085410595 0.0054465108551084995 0.999982476234436 0.13705018162727356
0.3102615 0.9999922513961792 -0.003247987013310194 0.002213072730228305 -3.8210622733458877e-05 0.0032510270830243826 0.9999938011169434 -0.0013715493259951472 -0.0001910002902150154 -0.002208604011684656 0.0013787331990897655 0.9999966025352478 0.20568883419036865
0.4136209 0.9999842047691345 -0.005405214615166187 0.0015230885474011302 0.00010331478551961482 0.005398090463131666 0.9999746680259705 0.004643291234970093 -0.00020106264855712652 -0.0015481478767469525 -0.004634995944797993 0.9999880790710449 0.2742045819759369
0.5179293 0.9999587535858154 -0.009079011157155037 0.0003253615868743509 0.00010083084634970874 0.009077493101358414 0.9999492764472961 0.004396343603730202 0.0002256319858133793 -0.00036525962059386075 -0.004393208771944046 0.9999902844429016 0.3418715000152588
0.6203887 0.9999322295188904 -0.01162085309624672 -0.0006030088406987488 0.0001279135758522898 0.011621830053627491 0.9999310374259949 0.0016388996737077832 0.0003107722441200167 0.0005839218501932919 -0.0016457972815260291 0.9999983906745911 0.40881791710853577
0.7242193 0.9999234080314636 -0.012308033183217049 -0.001319127855822444 -0.0002065533772110939 0.012305742129683495 0.9999227523803711 -0.0017324484651908278 0.00035793305141851306 0.001340349204838276 0.001716083032079041 0.9999975562095642 0.47546762228012085
0.8272107 0.9999287128448486 -0.011755021288990974 -0.0020954913925379515 -0.0007383173215202987 0.011750231496989727 0.9999282956123352 -0.002283785492181778 0.00018067564815282822 0.002122187055647373 0.0022590002045035362 0.9999951720237732 0.5423349142074585
0.930557 0.999925971031189 -0.01170780137181282 -0.003321992699056864 -0.0005540046840906143 0.011706540361046791 0.9999313950538635 -0.0003981905756518245 -3.791452036239207e-05 0.003326426725834608 0.00035927206045016646 0.9999943971633911 0.6086452007293701
1.03407 0.9999306797981262 -0.01128398347645998 -0.003370764199644327 -0.002318572485819459 0.011291450820863247 0.9999338388442993 0.002204580930992961 0.0004407656379044056 0.0033456648234277964 -0.0022424887865781784 0.9999919533729553 0.6753621101379395
1.137438 0.9999176263809204 -0.011816178448498249 -0.0050071245059370995 -0.0015312433242797852 0.011837271973490715 0.9999210834503174 0.004204901400953531 0.00013074162416160107 0.004957043565809727 -0.004263825714588165 0.9999786019325256 0.7410944700241089
1.244258 0.9999126195907593 -0.012297729961574078 -0.004851268604397774 -0.002841006498783827 0.012321215122938156 0.9999123215675354 0.004841496702283621 0.00040766713209450245 0.004791304003447294 -0.004900848027318716 0.9999765157699585 0.80733323097229
1.344229 0.9998968243598938 -0.012760041281580925 -0.006591896526515484 -0.0023328212555497885 0.012792874127626419 0.9999058246612549 0.004963349550962448 0.0006681387312710285 0.006527943070977926 -0.005047166720032692 0.9999659657478333 0.8723340034484863
1.447568 0.9998845458030701 -0.013348480686545372 -0.0072540114633738995 -0.00292235822416842 0.013379240408539772 0.9999015927314758 0.004208593163639307 0.0001251904759556055 0.007197119761258364 -0.004305160604417324 0.9999648332595825 0.9364874958992004
1.551083 0.9998726844787598 -0.013259648345410824 -0.008873905055224895 -0.003528974950313568 0.01327862124890089 0.9999096393585205 0.0020824838429689407 0.00042640918400138617 0.008845489472150803 -0.002200051676481962 0.9999583959579468 1.0024266242980957
1.654521 0.9998525977134705 -0.014129004441201687 -0.009749959222972393 -0.004971830639988184 0.014134780503809452 0.9998998641967773 0.0005236213328316808 0.0008009291486814618 0.009741585701704025 -0.0006613574223592877 0.9999522566795349 1.066562294960022
1.757843 0.9998241066932678 -0.014071027748286724 -0.01240246370434761 -0.004552379250526428 0.014076617546379566 0.9999008774757385 0.00036351694143377244 0.00042927550384774804 0.012396120466291904 -0.0005380377406254411 0.9999229907989502 1.1317511796951294
1.861353 0.9998384714126587 -0.012630704790353775 -0.01278984360396862 -0.00715255830436945 0.012624231167137623 0.9999201893806458 -0.000586707959882915 0.0006850673817098141 0.012796232476830482 0.0004251511418260634 0.9999179840087891 1.1957629919052124
1.964724 0.9998131990432739 -0.01154222059994936 -0.015499032102525234 -0.007060812786221504 0.011536351405084133 0.9999333620071411 -0.00046796133392490447 0.0005169398500584066 0.01550340000540018 0.00028907167143188417 0.9998797178268433 1.2601155042648315
2.068236 0.9997805953025818 -0.011665825732052326 -0.017396440729498863 -0.008055341430008411 0.011671243235468864 0.9999318718910217 0.00020993538782931864 0.0006278163637034595 0.017392804846167564 -0.00041292732930742204 0.9998486638069153 1.3242712020874023
2.17162 0.9997691512107849 -0.0111086405813694 -0.018390748649835587 -0.009800713509321213 0.011133680120110512 0.9999372363090515 0.0012597462628036737 0.0009650137508288026 0.01837559975683689 -0.0014642126625403762 0.9998300671577454 1.3881303071975708
2.275131 0.9997490048408508 -0.010644876398146152 -0.019711917266249657 -0.011431647464632988 0.010689927265048027 0.9999404549598694 0.0021814960055053234 0.0008375083561986685 0.01968752034008503 -0.002391667338088155 0.999803364276886 1.4516140222549438
2.378626 0.9997043609619141 -0.011916004121303558 -0.0211949460208416 -0.013007283210754395 0.011953555047512054 0.9999272227287292 0.001645859214477241 0.0012078315485268831 0.021173791959881783 -0.0018987274961546063 0.9997739791870117 1.5148504972457886
2.48201 0.9996734261512756 -0.011509067378938198 -0.022815445438027382 -0.01434347964823246 0.011540461331605911 0.9999327063560486 0.001244744984433055 0.001538655487820506 0.02279958315193653 -0.0015076387207955122 0.9997389316558838 1.5775498151779175
2.585514 0.9996438026428223 -0.011997424997389317 -0.02383982390165329 -0.016467098146677017 0.01203967072069645 0.9999262094497681 0.0016292301006615162 0.0013573826290667057 0.023818518966436386 -0.0019156732596457005 0.9997143745422363 1.6392676830291748
2.689023 0.9996275305747986 -0.01173861138522625 -0.02463601715862751 -0.018588604405522346 0.011834805831313133 0.9999228715896606 0.0037624656688421965 0.0012733405455946922 0.02458995021879673 -0.004052626900374889 0.9996894001960754 1.7013306617736816
2.793694 0.9995818138122559 -0.012995072640478611 -0.025837188586592674 -0.01963958702981472 0.013171186670660973 0.9998910427093506 0.00665779784321785 0.0013611353933811188 0.025747856125235558 -0.006995319854468107 0.9996439814567566 1.7619519233703613
2.896139 0.99956214427948 -0.01306761335581541 -0.02654879540205002 -0.021736543625593185 0.01327541470527649 0.9998824596405029 0.007666039280593395 0.0018786769360303879 0.026445502415299416 -0.008015129715204239 0.9996181130409241 1.8232706785202026
2.999556 0.9995515942573547 -0.012281707488000393 -0.027308747172355652 -0.023282097652554512 0.012473641894757748 0.9998985528945923 0.006869058590382338 0.0019866405054926872 0.027221614494919777 -0.007206617388874292 0.9996034502983093 1.8813986778259277
3.103545 0.9995349645614624 -0.011025014333426952 -0.02843155339360237 -0.02504872716963291 0.011134706437587738 0.9999310970306396 0.003702653106302023 0.0026967478916049004 0.028388775885105133 -0.004017507657408714 0.9995889067649841 1.940307855606079
3.206573 0.9995306730270386 -0.010265370830893517 -0.02886349894106388 -0.02725936658680439 0.010346896946430206 0.9999428987503052 0.0026766008231788874 0.002471881452947855 0.028834372758865356 -0.002973992610350251 0.9995797276496887 1.996429443359375
3.310078 0.99952232837677 -0.009088197723031044 -0.029538588598370552 -0.030056899413466454 0.00915235560387373 0.9999560117721558 0.0020375128369778395 0.002894813660532236 0.029518768191337585 -0.0023068871814757586 0.999561607837677 2.0521440505981445
3.413963 0.9994744658470154 -0.009377233684062958 -0.031028086319565773 -0.03148667886853218 0.009436643682420254 0.9999538660049438 0.0017687513027340174 0.0027447424363344908 0.03101007081568241 -0.002060622675344348 0.9995169043540955 2.1087095737457275
3.517076 0.9994134902954102 -0.009222897700965405 -0.03297983109951019 -0.03354920446872711 0.009263429790735245 0.999956488609314 0.0010763469617813826 0.002589334035292268 0.032968468964099884 -0.0013812219258397818 0.9994553923606873 2.16522216796875
3.620721 0.9993574023246765 -0.009364302270114422 -0.03459880128502846 -0.03636397421360016 0.009414570406079292 0.999954879283905 0.0012902154121547937 0.002317957114428282 0.03458516299724579 -0.001615119050256908 0.9994003772735596 2.2191810607910156
3.724674 0.9992742538452148 -0.009433012455701828 -0.03690892085433006 -0.038323815912008286 0.00951704103499651 0.9999524354934692 0.002101578051224351 0.0029284791089594364 0.036887332797050476 -0.0024513157550245523 0.9993164539337158 2.2738213539123535
3.827725 0.9991847276687622 -0.009868970140814781 -0.03914857655763626 -0.040222086012363434 0.010052268393337727 0.9999393820762634 0.004488090518862009 0.002919736783951521 0.03910190239548683 -0.004877964034676552 0.9992233514785767 2.3283212184906006
3.931241 0.9991306662559509 -0.008352449163794518 -0.040843211114406586 -0.043279316276311874 0.00859734695404768 0.9999459981918335 0.005824039224535227 0.0031518610194325447 0.04079236090183258 -0.006170118227601051 0.9991485476493835 2.380779504776001
4.034871 0.9990601539611816 -0.006920815911144018 -0.04278937727212906 -0.0456489622592926 0.00718731852248311 0.9999557137489319 0.006077534519135952 0.003559996373951435 0.04274541884660721 -0.006379364058375359 0.9990655779838562 2.4333300590515137
4.142151 0.9990010261535645 -0.004877382889389992 -0.04441969096660614 -0.04895626753568649 0.005112167447805405 0.999973475933075 0.005173530895262957 0.0036253659054636955 0.04439328610897064 -0.005395444110035896 0.9989994764328003 2.4847493171691895
4.243437 0.9989234805107117 -0.0034305041190236807 -0.04625912010669708 -0.05162188410758972 0.0036379846278578043 0.9999836087226868 0.00440174201503396 0.003869803622364998 0.04624326527118683 -0.004565293900668621 0.9989197254180908 2.5352365970611572
4.345966 0.9988550543785095 -0.0024617216549813747 -0.04777546599507332 -0.05445494502782822 0.002745209028944373 0.9999790191650391 0.005869037937372923 0.003855489194393158 0.047760020941495895 -0.005993471015244722 0.998840868473053 2.585084915161133
4.449183 0.9988144636154175 -0.0013090342981740832 -0.0486622117459774 -0.05754934996366501 0.0016662167618051171 0.9999720454216003 0.007300205063074827 0.004753018729388714 0.04865128919482231 -0.007372631691396236 0.998788595199585 2.6343750953674316
4.552519 0.9988029599189758 0.001629465608857572 -0.04888712987303734 -0.06012649089097977 -0.001239963574334979 0.9999672770500183 0.007996645756065845 0.004726912826299667 0.04889855533838272 -0.007926453836262226 0.9987723231315613 2.6837120056152344
4.656235 0.9988369941711426 0.004835663828998804 -0.04797164723277092 -0.06312776356935501 -0.004554716870188713 0.999971866607666 0.005964108742773533 0.004908769391477108 0.04799912869930267 -0.005738673731684685 0.9988309144973755 2.731950521469116
4.760815 0.9989166259765625 0.006200904492288828 -0.04612034559249878 -0.06547680497169495 -0.006069030147045851 0.9999771118164062 0.0029988386668264866 0.004682621452957392 0.04613787308335304 -0.002715683775022626 0.9989315271377563 2.7771897315979004
4.863788 0.9990169405937195 0.006849469151347876 -0.04379580542445183 -0.06804225593805313 -0.006805879063904285 0.9999762177467346 0.001144338515587151 0.005117451772093773 0.043802596628665924 -0.0008451445028185844 0.9990399479866028 2.822396755218506
4.966824 0.9991415739059448 0.008195570670068264 -0.04060740768909454 -0.07017739117145538 -0.008120712824165821 0.9999650120735168 0.0020081240218132734 0.005069623701274395 0.04062245413661003 -0.0016766389599069953 0.9991731643676758 2.8695271015167236
5.073257 0.9992220997810364 0.012365568429231644 -0.03744584694504738 -0.07262588292360306 -0.012208757922053337 0.9999157190322876 0.0044134738855063915 0.005574099253863096 0.037497274577617645 -0.003952873405069113 0.9992888569831848 2.9152562618255615
5.174268 0.9992952942848206 0.017292287200689316 -0.03331457078456879 -0.07488466799259186 -0.017017070204019547 0.9998188614845276 0.00852697342634201 0.004845036193728447 0.0334559790790081 -0.007954047992825508 0.9994085431098938 2.9597511291503906
5.277498 0.9993441700935364 0.022065017372369766 -0.028712952509522438 -0.07718455791473389 -0.0218165535479784 0.9997220039367676 0.00893819984048605 0.005432486534118652 0.028902197256684303 -0.008305920287966728 0.9995477199554443 3.0030524730682373
5.381142 0.9993841648101807 0.025784030556678772 -0.023798206821084023 -0.07783088833093643 -0.025564737617969513 0.9996282458305359 0.00947341788560152 0.00573219358921051 0.024033622816205025 -0.008859191089868546 0.9996718764305115 3.0452733039855957
5.484644 0.9994027614593506 0.029792437329888344 -0.017504695802927017 -0.07929656654596329 -0.029595443978905678 0.9994968771934509 0.011407025158405304 0.00610000267624855 0.01783572882413864 -0.01088215596973896 0.9997817277908325 3.086179256439209
5.588095 0.9993320107460022 0.03468247875571251 -0.01151964906603098 -0.07943938672542572 -0.034533821046352386 0.9993207454681396 0.01286215428262949 0.006008375436067581 0.011957915499806404 -0.012455743737518787 0.999850869178772 3.125208616256714
5.691619 0.999278724193573 0.037720318883657455 -0.004382588434964418 -0.0799780860543251 -0.03766363114118576 0.9992139935493469 0.012366498820483685 0.006273407489061356 0.004845611285418272 -0.012192515656352043 0.9999139308929443 3.1639890670776367
5.795223 0.9991437792778015 0.041296686977148056 0.0025214320048689842 -0.07946152985095978 -0.04132440313696861 0.9990717768669128 0.012161658145487309 0.007000882178544998 -0.0020168526098132133 -0.012255441397428513 0.9999228119850159 3.198620080947876
5.898736 0.9989002346992493 0.0456632561981678 0.010637360624969006 -0.08062255382537842 -0.045789264142513275 0.9988799691200256 0.011920301243662834 0.006981279700994492 -0.010081128217279911 -0.012394271790981293 0.9998723268508911 3.236173152923584
6.002373 0.9985726475715637 0.0502852164208889 0.018001066520810127 -0.08038321137428284 -0.05045829713344574 0.9986828565597534 0.009293430484831333 0.007226487621665001 -0.01751003786921501 -0.010188469663262367 0.9997947216033936 3.2696471214294434
6.10587 0.9983001947402954 0.05207207426428795 0.026173852384090424 -0.07953405380249023 -0.05224636569619179 0.9986160397529602 0.006019526161253452 0.007412468083202839 -0.025824178010225296 -0.007376783061772585 0.9996393322944641 3.30059552192688
6.209506 0.9980180263519287 0.052626822143793106 0.03450210019946098 -0.07914240658283234 -0.052857816219329834 0.998585045337677 0.0058167725801467896 0.00766334030777216 -0.03414716199040413 -0.007628948427736759 0.9993876218795776 3.331540822982788
6.313021 0.9977861642837524 0.05159849673509598 0.041956569999456406 -0.07682989537715912 -0.0519413948059082 0.9986246824264526 0.007123339921236038 0.007570205256342888 -0.04153131693601608 -0.009286852553486824 0.9990939497947693 3.3581080436706543
6.416516 0.997329592704773 0.05325889214873314 0.0499732568860054 -0.07515580952167511 -0.05371609330177307 0.9985253810882568 0.007850047200918198 0.00779220275580883 -0.049481477588415146 -0.010513450019061565 0.9987196922302246 3.3875908851623535
6.524037 0.9966512322425842 0.056586895138025284 0.05902734771370888 -0.07467547059059143 -0.057167310267686844 0.9983309507369995 0.008189667016267776 0.00760066881775856 -0.05846540629863739 -0.011536674574017525 0.9982227087020874 3.4118103981018066
6.623722 0.9958077073097229 0.06122523546218872 0.06795915216207504 -0.07389958202838898 -0.061901163309812546 0.9980511665344238 0.007883243262767792 0.007132977247238159 -0.0673440620303154 -0.012056944891810417 0.9976569414138794 3.434528350830078
6.727294 0.9949237704277039 0.06504704058170319 0.07678239792585373 -0.07160618901252747 -0.06583420187234879 0.9978004097938538 0.0077630458399653435 0.007323183119297028 -0.07610853016376495 -0.012778548523783684 0.9970176815986633 3.455942153930664
6.830809 0.9942321181297302 0.06387341022491455 0.08615503460168839 -0.06988745927810669 -0.06480430066585541 0.9978656768798828 0.008048685267567635 0.007707193493843079 -0.08545704185962677 -0.013585478067398071 0.996249258518219 3.477261543273926
6.934429 0.9933139085769653 0.06310680508613586 0.09667029976844788 -0.06691843271255493 -0.06401586532592773 0.9979288578033447 0.006328033283352852 0.007561309263110161 -0.09607075154781342 -0.012474155984818935 0.9952963590621948 3.4966931343078613
7.038067 0.9921374917030334 0.06149817258119583 0.1090017780661583 -0.06512454152107239 -0.06210699677467346 0.9980670809745789 0.0021959668956696987 0.006891965866088867 -0.10865604132413864 -0.008948476053774357 0.9940391778945923 3.5172393321990967
7.141701 0.9905549883842468 0.06301923841238022 0.12177527695894241 -0.061573296785354614 -0.06325387954711914 0.9979954957962036 -0.0019419644959270954 0.007025183644145727 -0.12165356427431107 -0.005779134575277567 0.9925557971000671 3.533378839492798
7.24533 0.9883984923362732 0.06456844508647919 0.1374744176864624 -0.05873173475265503 -0.06460653990507126 0.9979019165039062 -0.004189649596810341 0.006674367003142834 -0.1374565064907074 -0.004740701522678137 0.9904964566230774 3.5523338317871094
7.3533 0.9859201908111572 0.06630668044090271 0.1535080224275589 -0.05528223514556885 -0.06627173721790314 0.9977871775627136 -0.0053504160605371 0.006403567269444466 -0.15352311730384827 -0.004898156505078077 0.988132894039154 3.569697141647339
7.452592 0.9831270575523376 0.06657464802265167 0.17037957906723022 -0.051377058029174805 -0.06633646786212921 0.9977720379829407 -0.007096853572875261 0.00724969245493412 -0.17047247290611267 -0.004325272049754858 0.9853529334068298 3.5889134407043457
7.55658 0.9799025654792786 0.06607073545455933 0.18821679055690765 -0.04675853252410889 -0.06568022072315216 0.9978060722351074 -0.00831790454685688 0.006979778409004211 -0.18835343420505524 -0.004211385268718004 0.9820922613143921 3.6058573722839355
7.663357 0.9761044979095459 0.06482914090156555 0.20740589499473572 -0.04185909032821655 -0.06444123387336731 0.9978841543197632 -0.008633263409137726 0.006701163947582245 -0.20752674341201782 -0.004938527010381222 0.9782168865203857 3.622413158416748
7.763356 0.9715228080749512 0.06485963612794876 0.22789594531059265 -0.03695881366729736 -0.06424104422330856 0.9978829026222229 -0.010139206424355507 0.00676221027970314 -0.22807106375694275 -0.00478979991748929 0.9736326932907104 3.6417360305786133
7.866988 0.9662591218948364 0.06670752167701721 0.24878323078155518 -0.03133958578109741 -0.0657084733247757 0.9977626800537109 -0.01232745498418808 0.006658822298049927 -0.24904897809028625 -0.004435651004314423 0.9684807062149048 3.6589395999908447
7.970621 0.9599789381027222 0.06881982088088989 0.27148523926734924 -0.026309192180633545 -0.06748314201831818 0.9976183772087097 -0.014267963357269764 0.0059930309653282166 -0.2718205749988556 -0.00462372787296772 0.9623368382453918 3.6747264862060547
8.07425 0.9527397155761719 0.06988665461540222 0.2956398129463196 -0.019226431846618652 -0.06834476441144943 0.9975404143333435 -0.015559479594230652 0.005836363881826401 -0.29600000381469727 -0.005381295923143625 0.9551728367805481 3.6923727989196777
8.177962 0.9441623091697693 0.0725429505109787 0.3213953375816345 -0.012398838996887207 -0.07105467468500137 0.9973379969596863 -0.01637449488043785 0.005027879029512405 -0.32172757387161255 -0.007376461289823055 0.9468035101890564 3.7101783752441406
8.283921 0.934321403503418 0.07478133589029312 0.34849852323532104 -0.005197763442993164 -0.0732109472155571 0.997159481048584 -0.017694126814603806 0.004748590290546417 -0.34883183240890503 -0.008981897495687008 0.9371424317359924 3.7260019779205322
8.385961 0.9232041835784912 0.07579366117715836 0.37676161527633667 0.003823399543762207 -0.07400868833065033 0.9970719814300537 -0.019233962520956993 0.004110969603061676 -0.3771163523197174 -0.010126760229468346 0.9261106252670288 3.7427496910095215
8.488779 0.9106861352920532 0.07351246476173401 0.4065052568912506 0.013814926147460938 -0.07099461555480957 0.9972493052482605 -0.021294791251420975 0.003605574369430542 -0.40695255994796753 -0.009466812014579773 0.9134002327919006 3.7593114376068115
8.593446 0.8958284854888916 0.07041686028242111 0.43878549337387085 0.023898959159851074 -0.06661631166934967 0.9974882006645203 -0.02407369203865528 0.0029109343886375427 -0.439378559589386 -0.007664375938475132 0.8982693552970886 3.7753820419311523
8.696029 0.8784671425819397 0.07023676484823227 0.47261205315589905 0.03469979763031006 -0.06447303295135498 0.997515082359314 -0.028405534103512764 0.002254590392112732 -0.4734327495098114 -0.005517398472875357 0.8808126449584961 3.791461944580078
8.799662 0.8590301275253296 0.07205869257450104 0.5068280100822449 0.04616570472717285 -0.0638078823685646 0.9973945617675781 -0.03365645930171013 0.0016159340739250183 -0.5079326629638672 -0.00342769967392087 0.8613899350166321 3.806926727294922
8.903911 0.8372309803962708 0.07405050098896027 0.5418124198913574 0.05942845344543457 -0.06331540644168854 0.997252345085144 -0.038458727300167084 0.0012586787343025208 -0.5431715250015259 -0.0021062279120087624 0.8396190404891968 3.824045181274414
9.008027 0.812674343585968 0.0771213099360466 0.577592134475708 0.07327210903167725 -0.06468162685632706 0.9970167875289917 -0.042116452008485794 0.0002779364585876465 -0.5791171789169312 -0.003132642013952136 0.8152382373809814 3.8397867679595947
9.11058 0.7854964733123779 0.0813026949763298 0.6135023236274719 0.08890187740325928 -0.06779633462429047 0.996671199798584 -0.04527818784117699 -0.0005681514739990234 -0.6151413321495056 -0.006027352996170521 0.7883938550949097 3.856167793273926
9.214197 0.755695641040802 0.08502041548490524 0.6493810415267944 0.10577678680419922 -0.07066419720649719 0.9963343739509583 -0.04821227118372917 -0.0015697181224822998 -0.6510996222496033 -0.00945418979972601 0.7589333653450012 3.8729958534240723
9.317832 0.7226104140281677 0.08661232143640518 0.6858078837394714 0.12383842468261719 -0.07075737416744232 0.9961758255958557 -0.051255010068416595 -0.002525806427001953 -0.6876245737075806 -0.011488568037748337 0.725975513458252 3.8899683952331543
9.421456 0.6863551735877991 0.08394000679254532 0.7224060893058777 0.1449294090270996 -0.06677897274494171 0.9963945746421814 -0.05232967808842659 -0.0038575977087020874 -0.7241939902305603 -0.012324784882366657 0.6894861459732056 3.9062695503234863
9.525112 0.6472314596176147 0.08273015916347504 0.7577910423278809 0.16773581504821777 -0.06393316388130188 0.9964821338653564 -0.054183244705200195 -0.0051246583461761475 -0.7596078515052795 -0.013378890231251717 0.6502436399459839 3.9230589866638184
9.630085 0.6048734188079834 0.0824374258518219 0.7920430898666382 0.19173812866210938 -0.06235627457499504 0.9964763522148132 -0.056094542145729065 -0.006753087043762207 -0.7938764691352844 -0.015458769164979458 0.6078824996948242 3.939042568206787
9.732384 0.559108555316925 0.0814182460308075 0.8250871300697327 0.2177501916885376 -0.058272361755371094 0.996564507484436 -0.058851905167102814 -0.008921384811401367 -0.8270441293716431 -0.015175174921751022 0.5619321465492249 3.9534826278686523
9.836009 0.5111861228942871 0.08033875375986099 0.8557069897651672 0.24729442596435547 -0.05501063913106918 0.9966385960578918 -0.06070772930979729 -0.010667145252227783 -0.8577077388763428 -0.016040043905377388 0.5138872265815735 3.9688100814819336
9.939685 0.4625743627548218 0.07917770743370056 0.8830378651618958 0.2755519151687622 -0.05336397513747215 0.9966847896575928 -0.061413466930389404 -0.011640436947345734 -0.8849730491638184 -0.018714120611548424 0.46526607871055603 3.9813802242279053
10.0439 0.4125526547431946 0.07722397893667221 0.9076545238494873 0.30778980255126953 -0.05355745553970337 0.9967328310012817 -0.06045955792069435 -0.013665735721588135 -0.9093579649925232 -0.02366892248392105 0.4153406620025635 3.994633674621582
10.14677 0.3620857298374176 0.07753411680459976 0.9289146065711975 0.3417607545852661 -0.05601387843489647 0.9965436458587646 -0.06134503334760666 -0.014347732067108154 -0.9304602742195129 -0.029819943010807037 0.3651772141456604 4.006662845611572
10.25036 0.3136730492115021 0.07722234725952148 0.9463856816291809 0.37495124340057373 -0.05390037223696709 0.9965283870697021 -0.0634489506483078 -0.016989149153232574 -0.9479999542236328 -0.03110831417143345 0.3167465031147003 4.015053749084473
10.35367 0.2667411267757416 0.07390157133340836 0.9609306454658508 0.4105687141418457 -0.042347852140665054 0.9969914555549622 -0.06491970270872116 -0.018792182207107544 -0.9628373980522156 -0.023376591503620148 0.26906827092170715 4.021949291229248
10.45717 0.2229061722755432 0.06819392740726471 0.9724517464637756 0.4481276273727417 -0.029054399579763412 0.9975718259811401 -0.06329561769962311 -0.021189160645008087 -0.9744067788124084 -0.014145022258162498 0.22434626519680023 4.02717924118042
10.56299 0.18063966929912567 0.06769740581512451 0.9812167882919312 0.4877580404281616 -0.019850347191095352 0.9976761341094971 -0.06517858058214188 -0.022777147591114044 -0.9833489656448364 -0.00770365446805954 0.18156370520591736 4.032360076904297
10.66453 0.14228545129299164 0.06871675699949265 0.9874375462532043 0.5267784595489502 -0.01687624305486679 0.9976106882095337 -0.06699291616678238 -0.025463595986366272 -0.9896818995475769 -0.007132117170840502 0.1431051641702652 4.03599214553833
10.76705 0.10992810130119324 0.06921833008527756 0.9915264248847961 0.5663985013961792 -0.008107378147542477 0.9976013898849487 -0.06874358654022217 -0.028123635798692703 -0.9939064979553223 -0.00048182590398937464 0.1102256178855896 4.037834644317627
10.87022 0.08072058856487274 0.06807024031877518 0.9944096803665161 0.6100809574127197 -0.0003845274623017758 0.9976673722267151 -0.06826203316450119 -0.030524782836437225 -0.9967366456985474 0.005127773154526949 0.08055847883224487 4.040517330169678
10.97342 0.055876508355140686 0.06638453900814056 0.9962282776832581 0.6518206596374512 0.007094097789376974 0.9977356195449829 -0.06688286364078522 -0.03294495865702629 -0.9984124898910522 0.010804523713886738 0.055279046297073364 4.041255474090576
11.0772 0.03591933846473694 0.06519687175750732 0.9972257614135742 0.6978611350059509 0.011166895739734173 0.9977811574935913 -0.06563541293144226 -0.03560086339712143 -0.999292254447937 0.013493497855961323 0.035111598670482635 4.0417327880859375
11.18019 0.019523417577147484 0.06673456728458405 0.9975797533988953 0.7425975203514099 0.013424506410956383 0.9976624250411987 -0.06700283288955688 -0.03841627389192581 -0.9997193217277527 0.014700138941407204 0.018581904470920563 4.0431013107299805
11.28415 0.0066610234789550304 0.06670224666595459 0.9977506995201111 0.788532555103302 0.014645113609731197 0.9976592659950256 -0.06679391860961914 -0.04096684604883194 -0.9998705387115479 0.015057085081934929 0.0056685698218643665 4.041750431060791
11.3859 -0.005289201624691486 0.06763719767332077 0.9976959228515625 0.8346620202064514 0.015401816926896572 0.9975970983505249 -0.06754884123802185 -0.04361794888973236 -0.99986732006073 0.015009049326181412 -0.0063182273879647255 4.041660785675049
11.48898 -0.014256949536502361 0.07047351449728012 0.9974117875099182 0.883155107498169 0.020229168236255646 0.9973292946815491 -0.07017853111028671 -0.04646805673837662 -0.9996936321258545 0.019176283851265907 -0.01564449444413185 4.040075302124023
11.59255 -0.02028511092066765 0.07229737192392349 0.9971768856048584 0.9309759140014648 0.024598542600870132 0.9971161484718323 -0.07179257273674011 -0.049360115081071854 -0.9994915127754211 0.023072777315974236 -0.022005025297403336 4.037703990936279
11.69527 -0.02534143254160881 0.07168832421302795 0.9971051216125488 0.9822502732276917 0.024926863610744476 0.9971607327461243 -0.07105877995491028 -0.05235185846686363 -0.9993680119514465 0.02305397018790245 -0.027056442573666573 4.036999225616455
11.79949 -0.02845030277967453 0.06892171502113342 0.9972163438796997 1.0317754745483398 0.02270151861011982 0.9974074959754944 -0.06828725337982178 -0.05503152683377266 -0.9993373155593872 0.020695535466074944 -0.029941169545054436 4.035214424133301
11.90171 -0.03142610937356949 0.062414318323135376 0.9975554347038269 1.0863242149353027 0.020556243136525154 0.9978776574134827 -0.06178690120577812 -0.05762086436152458 -0.9992946982383728 0.018564265221357346 -0.0326424166560173 4.034257411956787
12.00482 -0.03244546428322792 0.056893251836299896 0.9978529214859009 1.138686180114746 0.021636052057147026 0.9981846213340759 -0.05620866268873215 -0.060117725282907486 -0.9992393255233765 0.019765878096222878 -0.033617500215768814 4.032421112060547
12.108 -0.0322524718940258 0.05398707836866379 0.9980206489562988 1.1916258335113525 0.02459483966231346 0.9982807040214539 -0.05320632457733154 -0.0635172501206398 -0.999177098274231 0.022830117493867874 -0.03352482616901398 4.029768943786621
12.21119 -0.03268338739871979 0.05629386752843857 0.9978790879249573 1.2480854988098145 0.027513200417160988 0.9980847835540771 -0.05540433153510094 -0.06659401953220367 -0.9990869760513306 0.02564404532313347 -0.034169621765613556 4.028107166290283
12.3145 -0.031620778143405914 0.06371422857046127 0.997467041015625 1.30226469039917 0.028338860720396042 0.9976221323013306 -0.0628257542848587 -0.06925210356712341 -0.9990980625152588 0.026280485093593597 -0.03335117548704147 4.026428699493408
12.41765 -0.02976204827427864 0.07191098481416702 0.9969668984413147 1.3570760488510132 0.02927524223923683 0.9970436096191406 -0.07104258984327316 -0.0716676115989685 -0.9991282224655151 0.02707207202911377 -0.03177927806973457 4.0248894691467285
12.52105 -0.027464233338832855 0.07257498800754547 0.9969847798347473 1.4134918451309204 0.029912305995821953 0.9969740509986877 -0.0717502161860466 -0.07475621998310089 -0.9991751313209534 0.027851544320583344 -0.029552016407251358 4.023779392242432
12.62455 -0.025801289826631546 0.06803718209266663 0.9973490834236145 1.469822645187378 0.02908404916524887 0.9973099827766418 -0.06728211045265198 -0.0784701332449913 -0.9992439150810242 0.027270987629890442 -0.02771068550646305 4.023301601409912
12.72743 -0.022757520899176598 0.06175127252936363 0.9978320002555847 1.5296604633331299 0.028823718428611755 0.9977161288261414 -0.06108671799302101 -0.08187709748744965 -0.9993253946304321 0.027371050789952278 -0.024485448375344276 4.020636558532715
12.83073 -0.020290102809667587 0.05985623598098755 0.9980007410049438 1.586808443069458 0.026681024581193924 0.9978832006454468 -0.05930674076080322 -0.08585984259843826 -0.9994379878044128 0.025424348190426826 -0.021844184026122093 4.020984649658203
12.93413 -0.01673237979412079 0.06531960517168045 0.9977241158485413 1.6442651748657227 0.03447091951966286 0.9973083138465881 -0.06471428275108337 -0.08919825404882431 -0.999265730381012 0.033309634774923325 -0.01893896423280239 4.018764972686768
13.03771 -0.013151789084076881 0.07125625759363174 0.9973713159561157 1.7009806632995605 0.03654344379901886 0.9968255758285522 -0.0707353800535202 -0.09205286204814911 -0.9992455244064331 0.03551708161830902 -0.01571398600935936 4.017734050750732
13.14165 -0.010770149528980255 0.07196889072656631 0.9973487854003906 1.7585561275482178 0.0306019838899374 0.9969632029533386 -0.07161059230566025 -0.09535945951938629 -0.9994735717773438 0.02974960021674633 -0.012939833104610443 4.018515110015869
13.24421 -0.007854835130274296 0.06802690029144287 0.997652530670166 1.8165534734725952 0.02582376077771187 0.9973644018173218 -0.06780391186475754 -0.0993357002735138 -0.9996355772018433 0.02523055486381054 -0.009590841829776764 4.01862907409668
13.34803 -0.0034336289390921593 0.06370808929204941 0.9979627132415771 1.8736534118652344 0.029666190966963768 0.997535765171051 -0.06357875466346741 -0.10453832894563675 -0.9995540380477905 0.029387442395091057 -0.005315143149346113 4.018806457519531
13.45277 0.00010014884173870087 0.06564897298812866 0.9978427886962891 1.9320107698440552 0.03467320278286934 0.9972425699234009 -0.06561296433210373 -0.10672345757484436 -0.9993986487388611 0.03460497409105301 -0.002176386769860983 4.01854133605957
13.55488 0.0036374512128531933 0.07014095038175583 0.997530460357666 1.9907677173614502 0.033617254346609116 0.9969645738601685 -0.07022375613451004 -0.11038476228713989 -0.9994280934333801 0.03378966078162193 0.0012684642570093274 4.0171732902526855
13.65796 0.00734315998852253 0.07065603137016296 0.9974736571311951 2.0477521419525146 0.030029309913516045 0.9970350861549377 -0.07084602117538452 -0.11425824463367462 -0.9995220303535461 0.030473679304122925 0.005199636332690716 4.018220901489258
13.76127 0.010575659573078156 0.07006213068962097 0.9974865913391113 2.1064376831054688 0.02964162454009056 0.997081995010376 -0.07034799456596375 -0.11822650581598282 -0.9995046257972717 0.030311092734336853 0.00846804492175579 4.020088195800781
13.86467 0.014212516136467457 0.06704682856798172 0.9976485371589661 2.1645941734313965 0.03374508023262024 0.9971488118171692 -0.06749394536018372 -0.12209220230579376 -0.9993293285369873 0.034624990075826645 0.011909491382539272 4.020317077636719
13.96817 0.018008235841989517 0.06771329045295715 0.9975422620773315 2.2227959632873535 0.037627559155225754 0.9969513416290283 -0.06835245341062546 -0.12593115866184235 -0.9991294741630554 0.038765981793403625 0.015405448153614998 4.020519256591797
14.07164 0.021571597084403038 0.06830770522356033 0.9974310994148254 2.280879497528076 0.040749046951532364 0.9967740774154663 -0.06914399564266205 -0.13036112487316132 -0.9989365339279175 0.04213590547442436 0.0187185388058424 4.021892547607422
14.17505 0.023987626656889915 0.06775233149528503 0.9974137544631958 2.339354991912842 0.041619788855314255 0.9967681765556335 -0.06870942562818527 -0.13419143855571747 -0.9988455176353455 0.0431603267788887 0.02109026536345482 4.023101806640625
14.2786 0.02759140357375145 0.06668852269649506 0.9973922371864319 2.396599769592285 0.042586714029312134 0.9967879056930542 -0.06782620400190353 -0.13745109736919403 -0.9987117648124695 0.04434708133339882 0.02466272935271263 4.024548530578613
14.38212 0.03197203576564789 0.06578747928142548 0.9973213076591492 2.4565484523773193 0.04475432634353638 0.9967363476753235 -0.06718362867832184 -0.1411263346672058 -0.9984862804412842 0.04678243771195412 0.02892341837286949 4.025132179260254
14.4855 0.03432289883494377 0.06600400805473328 0.9972288608551025 2.5149638652801514 0.043330345302820206 0.996780276298523 -0.06746567040681839 -0.14486253261566162 -0.9984709620475769 0.045525893568992615 0.031352415680885315 4.028398513793945
14.58897 0.03774191066622734 0.06809714436531067 0.9969645142555237 2.573573112487793 0.04050668701529503 0.9967511892318726 -0.06961601972579956 -0.147933229804039 -0.9984661340713501 0.04301116615533829 0.03486090153455734 4.0305304527282715
14.69245 0.040539637207984924 0.06799934804439545 0.9968613982200623 2.6334543228149414 0.04243848845362663 0.9966641068458557 -0.06971175968647003 -0.15195326507091522 -0.9982762336730957 0.0451313778758049 0.03751860931515694 4.032944679260254
14.79597 0.043225742876529694 0.06796038150787354 0.9967511892318726 2.6917433738708496 0.04029696434736252 0.9967532157897949 -0.06970806419849396 -0.1551738679409027 -0.998252272605896 0.043179236352443695 0.04034679755568504 4.035134315490723
14.89949 0.044991228729486465 0.06799773871898651 0.9966704249382019 2.7510242462158203 0.03852536156773567 0.9968205094337463 -0.06974706053733826 -0.15957984328269958 -0.9982442259788513 0.041535090655088425 0.042228538542985916 4.039307594299316
15.00287 0.04854227229952812 0.06825066357851028 0.9964866042137146 2.8095226287841797 0.0355897881090641 0.9969108700752258 -0.07001344859600067 -0.1632300466299057 -0.9981867671012878 0.038863345980644226 0.04596330597996712 4.040665626525879
15.1064 0.05141617730259895 0.07054594904184341 0.9961824417114258 2.8699264526367188 0.03410763293504715 0.9967960119247437 -0.07234979420900345 -0.16678661108016968 -0.9980946779251099 0.03769737109541893 0.04884527996182442 4.045091152191162
15.20987 0.05431016907095909 0.07379437237977982 0.9957935214042664 2.931213617324829 0.03243713080883026 0.9966086149215698 -0.07562387734651566 -0.17112921178340912 -0.9979970455169678 0.03640783205628395 0.05173230916261673 4.049960613250732
15.31336 0.05816032737493515 0.07625401765108109 0.9953907132148743 2.992008686065674 0.0328860729932785 0.9963909983634949 -0.07825217396020889 -0.1751570999622345 -0.9977653622627258 0.03728565573692322 0.05544273182749748 4.052926540374756
15.41675 0.061032362282276154 0.07814464718103409 0.995072066783905 3.0526318550109863 0.026579849421977997 0.9964497685432434 -0.07988310605287552 -0.17942935228347778 -0.9977818131446838 0.031324319541454315 0.05873860791325569 4.057284832000732
15.52022 0.0635138675570488 0.07725506275892258 0.9949862360954285 3.1127419471740723 0.023389793932437897 0.996610164642334 -0.07887420803308487 -0.18356606364250183 -0.9977067708969116 0.028282126411795616 0.06149157136678696 4.062261581420898
15.62392 0.06705772131681442 0.07758373767137527 0.9947280287742615 3.173832893371582 0.0256924107670784 0.9965074062347412 -0.07945450395345688 -0.18845915794372559 -0.9974181652069092 0.03088499791920185 0.06483018398284912 4.066669940948486
15.7272 0.07127206772565842 0.07885513454675674 0.9943350553512573 3.235743522644043 0.02447725087404251 0.9964316487312317 -0.08077588677406311 -0.19330701231956482 -0.9971565008163452 0.030095651745796204 0.06908757984638214 4.070283889770508
15.83062 0.07425656169652939 0.07978173345327377 0.9940428137779236 3.2968971729278564 0.020420389249920845 0.9964640140533447 -0.08150151371955872 -0.1976364701986313 -0.9970300793647766 0.026350758969783783 0.07236482203006744 4.077086925506592
15.93425 0.07882796227931976 0.07826732844114304 0.9938110709190369 3.3597567081451416 0.01950857788324356 0.9966011643409729 -0.08003446459770203 -0.2014208436012268 -0.9966974258422852 0.02569679357111454 0.0770331546664238 4.0818986892700195
16.03941 0.08329489827156067 0.07765914499759674 0.9934943914413452 3.4219236373901367 0.019542908295989037 0.9966397881507874 -0.07954350113868713 -0.207148015499115 -0.9963333010673523 0.026041336357593536 0.08149731159210205 4.087890625
16.14091 0.08811656385660172 0.08113747835159302 0.9928001165390015 3.4835288524627686 0.016239898279309273 0.996427595615387 -0.0828753113746643 -0.2118220180273056 -0.9959777593612671 0.02342565543949604 0.08648410439491272 4.094418525695801
16.2443 0.09405678510665894 0.0899059996008873 0.9914990663528442 3.545408010482788 0.014418025501072407 0.9956867098808289 -0.09165345877408981 -0.21635377407073975 -0.9954623579978943 0.02291608601808548 0.09235480427742004 4.1010870933532715
16.34828 0.10139051079750061 0.09471973776817322 0.9903272390365601 3.6073107719421387 0.01291057001799345 0.9952481389045715 -0.09651216864585876 -0.22157776355743408 -0.9947628974914551 0.022571111097931862 0.09968583285808563 4.108351230621338
