0.1037359 0.9999903440475464 -0.002756236121058464 -0.003422192297875881 -1.2421660358086228e-06 0.002749271458014846 0.999994158744812 -0.0020382381044328213 -0.00037116589373908937 0.003427789080888033 0.002028810326009989 0.9999920725822449 0.04340137913823128
0.2073381 0.9999716281890869 -0.001447422313503921 -0.007389146834611893 -0.0006937054567970335 0.001420372980646789 0.999992311000824 -0.0036645676009356976 -0.0004781507304869592 0.007394395302981138 0.003653968218713999 0.9999659657478333 0.08772968500852585
0.3110752 0.9999346137046814 -0.001509241759777069 -0.011331583373248577 -0.0015313177136704326 0.001451520249247551 0.9999859929084778 -0.0051003871485590935 -0.0006587443058378994 0.011339121498167515 0.005083607509732246 0.9999226927757263 0.13312529027462006
0.4146917 0.9998646378517151 1.9582394088502042e-05 -0.016454268246889114 -0.002454057801514864 -0.00011438781803008169 0.9999833106994629 -0.00576081732288003 -0.0010805969359353185 0.016453880816698074 0.005761920008808374 0.9998480081558228 0.17969225347042084
0.5184302 0.9997853636741638 -0.0012358363019302487 -0.020679643377661705 -0.0037892486434429884 0.0011147762415930629 0.9999821782112122 -0.0058645522221922874 -0.0017084057908505201 0.020686525851488113 0.005840241443365812 0.9997689127922058 0.22687961161136627
0.6220448 0.9996892809867859 0.0005836791242472827 -0.02491827867925167 -0.005658946465700865 -0.0007629180909134448 0.9999738931655884 -0.00718416552990675 -0.0021607668604701757 0.02491343766450882 0.007200943771749735 0.9996635913848877 0.2747972309589386
0.7257977 0.999544084072113 0.003369523212313652 -0.030001314356923103 -0.007338903844356537 -0.0036113071255385876 0.9999613761901855 -0.00800856202840805 -0.0025461879558861256 0.029973171651363373 0.0081132547929883 0.9995177388191223 0.3236360549926758
0.8294199 0.9994076490402222 0.003756813006475568 -0.03420839086174965 -0.009674740023911 -0.003970966208726168 0.9999728798866272 -0.006194469053298235 -0.0032945331186056137 0.03418419137597084 0.006326640956103802 0.999395489692688 0.3745252788066864
0.9331467 0.9992170333862305 0.002602294087409973 -0.039479222148656845 -0.011145910248160362 -0.0027387775480747223 0.9999904632568359 -0.003403418231755495 -0.0036560632288455963 0.03946998342871666 0.003508878406137228 0.9992145299911499 0.42575228214263916
1.03691 0.9991101026535034 0.002229571808129549 -0.04211926460266113 -0.014152033254504204 -0.0022518960759043694 0.9999973177909851 -0.00048257893649861217 -0.00440374668687582 0.04211807623505592 0.0005769976414740086 0.9991124272346497 0.4769205152988434
1.140497 0.9990026950836182 0.003718725638464093 -0.044492848217487335 -0.017166974022984505 -0.003796011907979846 0.9999914765357971 -0.0016526884865015745 -0.004549480974674225 0.04448631405830383 0.0018199358601123095 0.999008297920227 0.5283004641532898
1.244242 0.9988885521888733 0.0031202787067741156 -0.04703032225370407 -0.01943657174706459 -0.00318454229272902 0.9999940395355225 -0.001291567226871848 -0.005405741278082132 0.04702601581811905 0.0014399017672985792 0.9988924860954285 0.5812785625457764
1.347979 0.9988337159156799 -8.999209967441857e-05 -0.048281021416187286 -0.022276904433965683 2.7424935979070142e-05 0.9999992251396179 -0.001296568545512855 -0.006301325745880604 0.048281095921993256 0.0012937327846884727 0.9988328814506531 0.6332932710647583
1.451596 0.9987047910690308 0.00029756544972769916 -0.050878386944532394 -0.02481456845998764 -0.00037261590478010476 0.9999988079071045 -0.001465621986426413 -0.005997873842716217 0.0508778914809227 0.0014826819533482194 0.9987037181854248 0.6885162591934204
1.555212 0.9986579418182373 -0.0010695819510146976 -0.05178157985210419 -0.02831685170531273 0.0009543336345814168 0.9999970197677612 -0.0022503386717289686 -0.006092544179409742 0.05178384110331535 0.0021979017183184624 0.9986559152603149 0.74258953332901
1.65896 0.9985279440879822 0.000763189687859267 -0.05423503369092941 -0.030999571084976196 -0.0009659426868893206 0.9999926686286926 -0.003712295088917017 -0.007509547285735607 0.05423180013895035 0.0037592179141938686 0.9985212683677673 0.79782634973526
1.762569 0.9984850883483887 0.0013173931511119008 -0.055007677525281906 -0.034868136048316956 -0.0016790631925687194 0.9999772906303406 -0.006529197562485933 -0.007912110537290573 0.054997820407152176 0.0066116685047745705 0.9984645843505859 0.8521258234977722
1.866302 0.998320460319519 0.00514337420463562 -0.05770515277981758 -0.03782385587692261 -0.005625787656754255 0.9999505281448364 -0.008200622163712978 -0.008675355464220047 0.057660121470689774 0.00851148460060358 0.9982999563217163 0.909229576587677
1.969923 0.9982686638832092 0.005899169482290745 -0.05852401256561279 -0.04165148735046387 -0.006319151259958744 0.9999555349349976 -0.0069937389343976974 -0.010129787027835846 0.058480154722929 0.007351450622081757 0.9982614517211914 0.9647303819656372
2.073666 0.9981721043586731 0.004923431668430567 -0.06023530662059784 -0.045081354677677155 -0.005246034357696772 0.9999727010726929 -0.005198728293180466 -0.011361833661794662 0.060208067297935486 0.005505222827196121 0.9981706142425537 1.0214210748672485
2.177281 0.9981006979942322 0.005864819046109915 -0.06132465600967407 -0.048797719180583954 -0.006165971979498863 0.9999698996543884 -0.00472269719466567 -0.011247772723436356 0.06129510700702667 0.005091853439807892 0.9981066584587097 1.079833745956421
2.281017 0.9980021119117737 0.0056848423555493355 -0.06292504072189331 -0.05151135474443436 -0.005947517696768045 0.9999743700027466 -0.003987870179116726 -0.012733951210975647 0.06290075182914734 0.004354150965809822 0.9980102181434631 1.1356065273284912
2.384639 0.9979445338249207 0.005015288945287466 -0.06388803571462631 -0.05645717680454254 -0.005386893637478352 0.9999695420265198 -0.00564557733014226 -0.012747140601277351 0.06385777145624161 0.005978129804134369 0.9979410767555237 1.194641351699829
2.48825 0.9978830218315125 0.0034451577812433243 -0.06494394689798355 -0.059948816895484924 -0.0038463613018393517 0.999974250793457 -0.006053660064935684 -0.013865403831005096 0.06492141634225845 0.006290641613304615 0.9978705644607544 1.2514997720718384
2.591988 0.9978113174438477 0.0038076278287917376 -0.06601502746343613 -0.06376765668392181 -0.004136854317039251 0.9999796748161316 -0.004851169418543577 -0.014305096119642258 0.0659952238202095 0.005113647319376469 0.9978067278862 1.3114906549453735
2.695832 0.9977737665176392 0.0046472628600895405 -0.06652752310037613 -0.06745688617229462 -0.004782624542713165 0.9999867677688599 -0.001875553047284484 -0.014662560075521469 0.06651794910430908 0.002189554274082184 0.9977827668190002 1.3697986602783203
2.799367 0.9978681802749634 0.00565376179292798 -0.06501852720975876 -0.07191359996795654 -0.005497420206665993 0.999981701374054 0.002583208493888378 -0.015988286584615707 0.06503194570541382 -0.002220266032963991 0.9978806376457214 1.4298303127288818
2.903084 0.9978999495506287 0.004593394231051207 -0.06461046636104584 -0.07460897415876389 -0.004275841172784567 0.9999781847000122 0.005052282940596342 -0.016332849860191345 0.06463226675987244 -0.004765406250953674 0.9978978037834167 1.4881631135940552
3.006768 0.9980840086936951 0.004609514959156513 -0.06170167773962021 -0.07965170592069626 -0.004228484816849232 0.9999711513519287 0.006304507609456778 -0.016907252371311188 0.06172895058989525 -0.006031522992998362 0.9980747103691101 1.549150824546814
3.110441 0.9981390237808228 0.004825943615287542 -0.06079040467739105 -0.08289565145969391 -0.0046361591666936874 0.9999838471412659 0.0032626118045300245 -0.01730717346072197 0.06080517917871475 -0.0029747053049504757 0.9981451630592346 1.6086385250091553
3.214057 0.998221218585968 0.005584394093602896 -0.05935707688331604 -0.08729199320077896 -0.005694786552339792 0.9999823570251465 -0.0016908077523112297 -0.01728067547082901 0.05934658646583557 0.0020258277654647827 0.9982354044914246 1.6672515869140625
3.317669 0.9982752203941345 0.005510861985385418 -0.05844937637448311 -0.09104529768228531 -0.005801189690828323 0.9999716877937317 -0.004798620007932186 -0.017789345234632492 0.05842127650976181 0.005129419267177582 0.998278796672821 1.730797529220581
3.421285 0.9983164072036743 0.00331113301217556 -0.057909417897462845 -0.09439067542552948 -0.003542822552844882 0.9999861717224121 -0.0038986830040812492 -0.018502414226531982 0.05789570510387421 0.004097281023859978 0.9983141422271729 1.7907967567443848
3.524925 0.9983173608779907 0.0014815357280895114 -0.057965777814388275 -0.09784190356731415 -0.0014338665641844273 0.9999985694885254 0.0008639483712613583 -0.019079457968473434 0.057966962456703186 -0.0007793795666657388 0.9983181953430176 1.8538246154785156
3.628545 0.9982821941375732 -0.0017542310524731874 -0.05856162682175636 -0.10150054842233658 0.0019714224617928267 0.9999914169311523 0.0036511989310383797 -0.019336214289069176 0.05855471268296242 -0.0037603769451379776 0.9982771277427673 1.9149352312088013
3.732256 0.9981682896614075 -0.009081322699785233 -0.05981291085481644 -0.10435222089290619 0.009327092207968235 0.9999491572380066 0.003831063397228718 -0.020634250715374947 0.05977508798241615 -0.004381925333291292 0.9982022643089294 1.9777617454528809
3.835871 0.9980468153953552 -0.01075862068682909 -0.061536066234111786 -0.10759004950523376 0.010756989009678364 0.9999421238899231 -0.0003578299656510353 -0.020980006083846092 0.061536356806755066 -0.00030481116846203804 0.9981047511100769 2.03840970993042
3.939488 0.9979746341705322 -0.011142734438180923 -0.0626298114657402 -0.11219177395105362 0.010905349627137184 0.9999319314956665 -0.004130861721932888 -0.021329691633582115 0.06267159432172775 0.003439494175836444 0.9980282783508301 2.1018049716949463
4.043107 0.9978732466697693 -0.010211559943854809 -0.06437976658344269 -0.11682640761137009 0.009927910752594471 0.999939501285553 -0.004724261816591024 -0.021793674677610397 0.06442411243915558 0.0040750568732619286 0.9979143142700195 2.163470506668091
4.146888 0.9977946877479553 -0.010315044783055782 -0.06557050347328186 -0.12119114398956299 0.010083171539008617 0.9999417066574097 -0.0038661931175738573 -0.02213749662041664 0.06560657173395157 0.003196507226675749 0.9978403449058533 2.229228973388672
4.25046 0.9977431297302246 -0.007404781877994537 -0.0667359009385109 -0.12482281029224396 0.0074201407842338085 0.9999725222587585 -1.7712591215968132e-05 -0.024236077442765236 0.0667341947555542 -0.00047751679085195065 0.9977706074714661 2.2897512912750244
4.354202 0.9976456165313721 -0.006829626392573118 -0.06823836266994476 -0.13004149496555328 0.006881875451654196 0.9999762177467346 0.0005306662060320377 -0.024124721065163612 0.06823311001062393 -0.0009990250691771507 0.9976688027381897 2.3562381267547607
4.45794 0.9975569844245911 -0.005430576391518116 -0.06964603066444397 -0.13428083062171936 0.0056729307398200035 0.9999785423278809 0.003282504389062524 -0.024849891662597656 0.06962669640779495 -0.0036695818416774273 0.9975663423538208 2.4193944931030273
4.561559 0.9975964426994324 -0.005728668998926878 -0.06905436515808105 -0.13932497799396515 0.006166334729641676 0.9999622702598572 0.00612650066614151 -0.025205343961715698 0.06901665776968002 -0.006537585519254208 0.9975940585136414 2.4836952686309814
4.665293 0.9976420998573303 0.00118023541290313 -0.06862092018127441 -0.1450226604938507 -0.0006548715755343437 0.9999703168869019 0.007678034715354443 -0.025204455479979515 0.06862795352935791 -0.007614991161972284 0.997613251209259 2.544654369354248
4.768912 0.9975841045379639 0.0003842786536552012 -0.06946799159049988 -0.14932911098003387 0.00014979633851908147 0.9999704360961914 0.00768270343542099 -0.026145052164793015 0.06946887820959091 -0.007674549240618944 0.9975545406341553 2.610191583633423
4.872532 0.997554361820221 0.0002629003138281405 -0.06989472359418869 -0.15288646519184113 0.00019647247972898185 0.9999783635139465 0.006565404124557972 -0.02681446261703968 0.0698949322104454 -0.006563079543411732 0.9975327849388123 2.67169451713562
4.976146 0.9975796937942505 0.0027021823916584253 -0.06947992742061615 -0.15865600109100342 -0.0024599346797913313 0.9999906420707703 0.003571920795366168 -0.026561889797449112 0.06948892027139664 -0.0033923599403351545 0.9975769519805908 2.735734701156616
5.079909 0.9975079298019409 0.0026922232937067747 -0.07050226628780365 -0.16335934400558472 -0.002464365679770708 0.9999915361404419 0.003318705828860402 -0.02705453895032406 0.07051060348749161 -0.003136692102998495 0.9975060820579529 2.797616481781006
5.183503 0.9974188804626465 -0.00011000609811162576 -0.07180177420377731 -0.1675630509853363 0.00045539907296188176 0.9999884366989136 0.004794024862349033 -0.02755812183022499 0.07180042564868927 -0.004814349580556154 0.9974073171615601 2.86090087890625
5.287117 0.9973328113555908 0.0007673242362216115 -0.07298542559146881 -0.17170824110507965 -0.00036336181801743805 0.9999845027923584 0.005547959357500076 -0.028080686926841736 0.07298856228590012 -0.005506641231477261 0.9973174929618835 2.922144651412964
5.390861 0.9972960352897644 0.003588119288906455 -0.07340101152658463 -0.1771545708179474 -0.0034778655972331762 0.9999926090240479 0.0016298391856253147 -0.028410090133547783 0.07340633869171143 -0.0013701538555324078 0.9973010420799255 2.9828109741210938
5.494473 0.9972615242004395 0.0034822504967451096 -0.07387296855449677 -0.18161173164844513 -0.003631054190918803 0.9999916553497314 -0.0018801166443154216 -0.02950773388147354 0.07386580109596252 0.002143204677850008 0.9972658157348633 3.0460081100463867
5.598233 0.9972152709960938 0.004730218555778265 -0.0744255855679512 -0.18606598675251007 -0.004970912355929613 0.9999829530715942 -0.0030491119250655174 -0.030160345137119293 0.07440988719463348 0.003410584293305874 0.9972218871116638 3.10662841796875
5.701829 0.9972016215324402 0.0033750867005437613 -0.07468225061893463 -0.190819650888443 -0.003360406495630741 0.9999942183494568 0.00032223627204075456 -0.03105606511235237 0.07468291372060776 -7.037207979010418e-05 0.9972072839736938 3.1689794063568115
5.805571 0.9972045421600342 0.00189870351459831 -0.07469625025987625 -0.19536858797073364 -0.0016841039760038257 0.9999942779541016 0.0029358428437262774 -0.03134928271174431 0.07470139116048813 -0.0028018394950777292 0.9972020387649536 3.228569507598877
5.909185 0.9971978068351746 0.0003986954689025879 -0.07480808347463608 -0.20018243789672852 -9.829575719777495e-05 0.9999918937683105 0.004019242711365223 -0.03246115893125534 0.07480907440185547 -0.004000626504421234 0.9971898198127747 3.290678024291992
6.012921 0.9971647262573242 -0.0032713906839489937 -0.0751771330833435 -0.20400062203407288 0.003506269073113799 0.99998939037323 0.002992553636431694 -0.03333854675292969 0.07516653835773468 -0.0032476603519171476 0.9971656799316406 3.3490002155303955
6.116541 0.9971423745155334 -0.0055340128019452095 -0.07534244656562805 -0.20936810970306396 0.005673973821103573 0.9999825954437256 0.0016437408048659563 -0.03415217623114586 0.07533203065395355 -0.002066534012556076 0.9971563816070557 3.408752918243408
6.220278 0.9970359802246094 -0.007055689115077257 -0.07661256939172745 -0.21342554688453674 0.007292218506336212 0.9999696016311646 0.002808038843795657 -0.03477531671524048 0.0765904113650322 -0.0033583915792405605 0.9970569610595703 3.4715657234191895
6.323895 0.9969025254249573 -0.010019572451710701 -0.07800626754760742 -0.2177986204624176 0.010567592456936836 0.9999223351478577 0.006615720689296722 -0.0349687784910202 0.07793392241001129 -0.007419567089527845 0.9969309568405151 3.530618190765381
6.427659 0.9968701601028442 -0.010826325975358486 -0.07831142842769623 -0.22235527634620667 0.011794778518378735 0.9998595118522644 0.011914709582924843 -0.03558913618326187 0.07817143946886063 -0.01280108280479908 0.9968577027320862 3.591158390045166
6.531383 0.9968504309654236 -0.009793613106012344 -0.07869767397642136 -0.22756415605545044 0.01096477173268795 0.9998353719711304 0.014463418163359165 -0.035905469208955765 0.07854307442903519 -0.015280765481293201 0.9967936277389526 3.6490836143493652
6.634992 0.9967413544654846 -0.007976455613970757 -0.08026950806379318 -0.2321174442768097 0.00884062610566616 0.9999067783355713 0.010416233912110329 -0.036439891904592514 0.08017895370721817 -0.011091923341155052 0.9967187643051147 3.7068843841552734
6.738741 0.9966404438018799 -0.006319381762295961 -0.08165644854307175 -0.23721416294574738 0.006533236242830753 0.9999758005142212 0.0023520197719335556 -0.03656996414065361 0.0816395953297615 -0.0028775979299098253 0.9966577291488647 3.7676844596862793
6.84235 0.996554970741272 -0.005040645133703947 -0.08278157562017441 -0.24188467860221863 0.004842212423682213 0.999984860420227 -0.002597662853077054 -0.037025086581707 0.08279340714216232 0.0021878688130527735 0.9965642690658569 3.8235788345336914
6.945963 0.9965067505836487 -0.0006213305168785155 -0.08350994437932968 -0.2477143406867981 0.00051069853361696 0.999998927116394 -0.0013461466878652573 -0.03790830820798874 0.08351068943738937 0.0012987968511879444 0.9965060353279114 3.8783915042877197
7.049705 0.996425211429596 0.0021470803767442703 -0.08445307612419128 -0.2527760863304138 -0.00208284892141819 0.9999974370002747 0.0008486653678119183 -0.03880443051457405 0.08445470035076141 -0.0006697279750369489 0.996427059173584 3.938652515411377
7.153323 0.9963160157203674 0.0049989777617156506 -0.0856122225522995 -0.2573986053466797 -0.004800422582775354 0.9999852776527405 0.0025249512400478125 -0.0397789366543293 0.08562356978654861 -0.0021046740002930164 0.9963253736495972 3.991400957107544
7.256934 0.9962297081947327 0.005136000923812389 -0.08660220354795456 -0.2627590000629425 -0.004957169760018587 0.9999851584434509 0.002279917011037469 -0.04050925374031067 0.08661261200904846 -0.0018420190317556262 0.9962403178215027 4.048885345458984
7.360549 0.9960883259773254 0.007518179714679718 -0.08804155886173248 -0.267973929643631 -0.007334115915000439 0.9999702572822571 0.002413955982774496 -0.04088645428419113 0.08805706351995468 -0.0017588067566975951 0.9961138367652893 4.101208209991455
7.464167 0.995940625667572 0.00856053177267313 -0.08960439264774323 -0.2724292278289795 -0.00826931744813919 0.9999592900276184 0.003620731644332409 -0.042239997535943985 0.08963174372911453 -0.002865066286176443 0.9959708452224731 4.152037143707275
7.567786 0.9958208799362183 0.007701107766479254 -0.09100299328565598 -0.2778235077857971 -0.007327037397772074 0.9999632835388184 0.004443907178938389 -0.043103184551000595 0.09103389829397202 -0.0037585527170449495 0.9958406686782837 4.206902503967285
7.671396 0.9957300424575806 0.007753429468721151 -0.0919869989156723 -0.2828713655471802 -0.007286993321031332 0.9999588131904602 0.005405465140938759 -0.04345955699682236 0.09202513098716736 -0.004712074529379606 0.9957454800605774 4.256881237030029
7.775144 0.9955832362174988 0.010331414639949799 -0.09331291168928146 -0.2877639830112457 -0.009610630571842194 0.9999204277992249 0.0081704780459404 -0.04419862478971481 0.09338991343975067 -0.007237594574689865 0.9956032633781433 4.305916786193848
7.878754 0.9954507946968079 0.011768476106226444 -0.09454885125160217 -0.2922341227531433 -0.010707569308578968 0.9998739361763 0.011720249429345131 -0.04366013780236244 0.09467487782239914 -0.010654540732502937 0.9954511523246765 4.35321569442749
7.982493 0.9952277541160583 0.015150901861488819 -0.09639589488506317 -0.2983797788619995 -0.013865739107131958 0.9998061656951904 0.01398808415979147 -0.04484104365110397 0.09658914804458618 -0.012584731914103031 0.9952447414398193 4.40672492980957
8.086111 0.9950488209724426 0.017789864912629128 -0.09778176993131638 -0.30301743745803833 -0.016897572204470634 0.9998078346252441 0.009945973753929138 -0.04537007957696915 0.09793990850448608 -0.008244454860687256 0.9951581954956055 4.452733993530273
8.189849 0.9949885010719299 0.017679736018180847 -0.09841389954090118 -0.3087073266506195 -0.017497245222330093 0.9998432397842407 0.0027171559631824493 -0.04605092853307724 0.09844652563333511 -0.0009815674275159836 0.995141863822937 4.496253967285156
8.29347 0.9948627948760986 0.017104621976614 -0.09977851063013077 -0.31432873010635376 -0.017563149333000183 0.9998388290405273 -0.003718767547979951 -0.04565408080816269 0.09969881922006607 0.00545208714902401 0.9950026869773865 4.5437445640563965
8.397102 0.9948734641075134 0.017866257578134537 -0.0995376855134964 -0.3197106122970581 -0.01840178854763508 0.9998207688331604 -0.0044645825400948524 -0.046711333096027374 0.0994400680065155 0.006273365579545498 0.9950237274169922 4.5861101150512695
8.500847 0.9946797490119934 0.02061067521572113 -0.10093382000923157 -0.3232356309890747 -0.020797500386834145 0.9997833967208862 -0.000798933207988739 -0.04767296835780144 0.1008954793214798 0.0028938534669578075 0.9948927760124207 4.626650810241699
8.604438 0.9945924878120422 0.020976757630705833 -0.10171369463205338 -0.3283820152282715 -0.02099057286977768 0.999779224395752 0.0009345922153443098 -0.047628242522478104 0.10171084105968475 0.0012054895050823689 0.9948132634162903 4.667060852050781
8.708175 0.9944815039634705 0.01742933690547943 -0.10345413535833359 -0.33239510655403137 -0.017725547775626183 0.999841034412384 -0.0019444189965724945 -0.04940824210643768 0.10340379178524017 0.003767468733713031 0.9946323037147522 4.711632251739502
8.811795 0.99458909034729 0.00968195404857397 -0.10343535244464874 -0.3356020748615265 -0.010470796376466751 0.9999200105667114 -0.0070861345157027245 -0.05020921677350998 0.10335849225521088 0.008130843751132488 0.9946108460426331 4.748791694641113
8.915403 0.9947667717933655 0.005616714246571064 -0.10201771557331085 -0.3395848870277405 -0.006901755463331938 0.9999011158943176 -0.012247622944414616 -0.050781361758708954 0.10193884372711182 0.012887628749012947 0.9947071075439453 4.78568172454834
9.019162 0.9950342178344727 0.00792613159865141 -0.09921659529209137 -0.3429113030433655 -0.009158222936093807 0.9998863935470581 -0.011968904174864292 -0.05212109163403511 0.09911045432090759 0.01281811948865652 0.9949938058853149 4.821735382080078
9.12289 0.9953746199607849 0.012669684365391731 -0.09523012489080429 -0.3473060429096222 -0.013633739203214645 0.9998620748519897 -0.009479555301368237 -0.0524376705288887 0.0950969010591507 0.01073405146598816 0.9954100251197815 4.860727787017822
9.226512 0.9958519339561462 0.011519474908709526 -0.09025630354881287 -0.3504573702812195 -0.01214332040399313 0.9999060034751892 -0.006365838460624218 -0.05317089334130287 0.09017449617385864 0.007435442414134741 0.9958980679512024 4.8947858810424805
9.330247 0.9964043498039246 0.0076695098541677 -0.08437791466712952 -0.3526620864868164 -0.00786090549081564 0.9999672174453735 -0.0019362997263669968 -0.05409323796629906 0.08436032384634018 0.0025926241651177406 0.996431827545166 4.928313255310059
9.433986 0.9970501065254211 0.003246400272473693 -0.0766863226890564 -0.3545808792114258 -0.003174564801156521 0.9999943971633911 0.0010586376301944256 -0.05466529354453087 0.07668935507535934 -0.0008120685815811157 0.9970547556877136 4.963647365570068
9.537749 0.9978373646736145 0.006995471194386482 -0.06535883247852325 -0.3572019934654236 -0.006990366615355015 0.9999755620956421 0.0003067979123443365 -0.054669927805662155 0.06535938382148743 0.00015074817929416895 0.9978618025779724 4.995418071746826
9.641587 0.9985692501068115 0.012227801606059074 -0.05205846205353737 -0.35671287775039673 -0.012223041616380215 0.9999251961708069 0.00040984596125781536 -0.05583680421113968 0.052059587091207504 0.0002270535915158689 0.9986440539360046 5.026321887969971
9.745342 0.9993056654930115 0.01716861128807068 -0.03306844085454941 -0.35846227407455444 -0.017145348712801933 0.9998524188995361 0.0009868503548204899 -0.056266121566295624 0.03308050334453583 -0.00041919457726180553 0.9994527101516724 5.0564656257629395
9.849229 0.9998224973678589 0.01553945429623127 -0.010653259232640266 -0.358541339635849 -0.015523863956332207 0.9998782873153687 0.0015444596065208316 -0.056738998740911484 0.010675964877009392 -0.0013788053765892982 0.9999420642852783 5.089408874511719
9.953059 0.999799370765686 0.011888986453413963 0.01611689105629921 -0.35711804032325745 -0.01192975789308548 0.9999259114265442 0.002436108887195587 -0.05714985728263855 -0.01608673483133316 -0.0026278903242200613 0.9998671412467957 5.118267059326172
10.05693 0.9989093542098999 0.010824745520949364 0.045419368892908096 -0.354328989982605 -0.011016376316547394 0.9999314546585083 0.00397094152867794 -0.05773862451314926 -0.04537326842546463 -0.004466967191547155 0.9989601969718933 5.146415710449219
10.16083 0.9968739748001099 0.010431871749460697 0.07831688970327377 -0.350760817527771 -0.010879209265112877 0.999926745891571 0.005287365056574345 -0.05818551033735275 -0.07825599610805511 -0.0061228615231812 0.9969145059585571 5.176162242889404
10.26466 0.993162214756012 0.010460104793310165 0.11627274006605148 -0.3466138243675232 -0.011194875463843346 0.9999212622642517 0.005668112076818943 -0.05861547589302063 -0.11620427668094635 -0.006931014358997345 0.9932011365890503 5.20306921005249
10.36867 0.9875015020370483 0.010677604004740715 0.15724754333496094 -0.34044283628463745 -0.011599455028772354 0.9999204277992249 0.004945847205817699 -0.05851133167743683 -0.1571822166442871 -0.0067080166190862656 0.9875468611717224 5.229043483734131
10.47264 0.9791502356529236 0.010283504612743855 0.20287764072418213 -0.33366119861602783 -0.011589987203478813 0.9999191164970398 0.0052527450025081635 -0.05915283411741257 -0.20280718803405762 -0.007494573947042227 0.9791899919509888 5.256531238555908
10.57663 0.967667281627655 0.012586992233991623 0.25191619992256165 -0.3258941173553467 -0.013766387477517128 0.9999011158943176 0.0029197619296610355 -0.05949787423014641 -0.2518545091152191 -0.006293334066867828 0.9677445888519287 5.280890464782715
10.68062 0.9523100256919861 0.013057642616331577 0.3048529624938965 -0.3160196542739868 -0.014027861878275871 0.9999011754989624 0.0009923535399138927 -0.0608200877904892 -0.3048098087310791 -0.0052214632742106915 0.952398955821991 5.3047637939453125
10.78461 0.9327661395072937 0.01366179808974266 0.3602231740951538 -0.30416131019592285 -0.01388469897210598 0.9999017119407654 -0.0019690010230988264 -0.0609002448618412 -0.3602146506309509 -0.0031649719458073378 0.9328640699386597 5.3291802406311035
10.88875 0.9086196422576904 0.014349887147545815 0.41737815737724304 -0.2926676273345947 -0.014352812431752682 0.9998921155929565 -0.0031316792592406273 -0.06166217848658562 -0.4173780083656311 -0.0031450451351702213 0.9087275266647339 5.3495330810546875
10.99272 0.8794059157371521 0.01485601905733347 0.47584086656570435 -0.27941083908081055 -0.01393819972872734 0.9998879432678223 -0.005457750987261534 -0.061950426548719406 -0.4758685827255249 -0.0018327856669202447 0.8795144557952881 5.370358467102051
11.09659 0.8464012145996094 0.013532312586903572 0.5323736667633057 -0.2623884677886963 -0.010819940827786922 0.9999077320098877 -0.008214251138269901 -0.06205766275525093 -0.5324357748031616 0.0011922994162887335 0.8464694023132324 5.391757488250732
11.20057 0.8095721006393433 0.013615609146654606 0.5868625044822693 -0.24653840065002441 -0.009980328381061554 0.9999057054519653 -0.009430713951587677 -0.06262598186731339 -0.5869356393814087 0.0017777608009055257 0.8096315860748291 5.409662246704102
11.30431 0.7696918249130249 0.01192457228899002 0.6383042335510254 -0.2291409969329834 -0.008306869305670261 0.9999279379844666 -0.008663559332489967 -0.06323019415140152 -0.6383615732192993 0.0013659601099789143 0.7697353959083557 5.426784992218018
11.40818 0.7283071875572205 0.011439370922744274 0.6851552724838257 -0.20916366577148438 -0.009408494457602501 0.9999332427978516 -0.0066938623785972595 -0.06383657455444336 -0.6851861476898193 -0.0015710907755419612 0.7283663153648376 5.442888259887695
11.51192 0.683233380317688 0.010313072241842747 0.730127215385437 -0.1902751922607422 -0.008730155415832996 0.9999441504478455 -0.005954802967607975 -0.06446384638547897 -0.7301478981971741 -0.002305603353306651 0.6832852959632874 5.457149505615234
11.61553 0.6369826197624207 0.009347464889287949 0.7708215117454529 -0.1701195240020752 -0.005324536468833685 0.999955952167511 -0.0077260639518499374 -0.06484130769968033 -0.7708598375320435 0.0008171030203811824 0.6370044946670532 5.470228672027588
11.71927 0.5908277034759521 0.006638526916503906 0.806770384311676 -0.1478712558746338 0.0004277890548110008 0.9999634623527527 -0.008541503921151161 -0.0655735582113266 -0.8067975640296936 0.005391684360802174 0.5908032655715942 5.4820146560668945
11.82277 0.5448194742202759 0.009101970121264458 0.8385039567947388 -0.1267411708831787 -0.001736325677484274 0.999951183795929 -0.009726300835609436 -0.06617871671915054 -0.8385514616966248 0.003843162674456835 0.544808566570282 5.492447853088379
11.92638 0.4968457520008087 0.011597242206335068 0.8677612543106079 -0.10477209091186523 -0.005293047521263361 0.999932587146759 -0.010333062149584293 -0.06701338291168213 -0.8678227066993713 0.0005408353172242641 0.496873676776886 5.503612041473389
12.03 0.4517022967338562 0.013474702835083008 0.8920668959617615 -0.08251595497131348 -0.005757925566285849 0.9999091625213623 -0.012188110500574112 -0.06770509481430054 -0.8921501040458679 0.00036894180811941624 0.4517388343811035 5.512653350830078
12.13361 0.4090685248374939 0.01101897843182087 0.9124370813369751 -0.059797048568725586 0.0018186351517215371 0.9999152421951294 -0.012890744023025036 -0.06817437708377838 -0.9125018119812012 0.006932586897164583 0.40901386737823486 5.520088195800781
12.2371 0.37027668952941895 0.0035514947958290577 0.9289147853851318 -0.03636324405670166 0.017476482316851616 0.9997890591621399 -0.010788805782794952 -0.06829414516687393 -0.9287571907043457 0.020229004323482513 0.3701364994049072 5.52547025680542
12.3406 0.33577948808670044 -0.00035249581560492516 0.9419405460357666 -0.012583613395690918 0.021504132077097893 0.9997421503067017 -0.0072915880009531975 -0.06873313337564468 -0.9416950345039368 0.022703979164361954 0.33570054173469543 5.531170845031738
12.44411 0.3013857901096344 0.004128170199692249 0.9534933567047119 0.0116959810256958 0.01810062676668167 0.9997856616973877 -0.01004994660615921 -0.06920940428972244 -0.953330397605896 0.020287737250328064 0.3012464940547943 5.538500785827637
12.54767 0.27070188522338867 0.011850159615278244 0.9625903367996216 0.03496432304382324 0.007367750164121389 0.9998694062232971 -0.014381065964698792 -0.07022322714328766 -0.9626349806785583 0.010985104367136955 0.2705792784690857 5.544692516326904
12.65107 0.24209217727184296 0.016313448548316956 0.9701160788536072 0.061391472816467285 0.003173236735165119 0.9998400211334229 -0.017605161294341087 -0.07106875628232956 -0.9702480435371399 0.007340481039136648 0.24200163781642914 5.5509443283081055
12.75469 0.2166612297296524 0.017821403220295906 0.9760841727256775 0.08629059791564941 0.0047921123914420605 0.9998019337654114 -0.019318146631121635 -0.07207397371530533 -0.9762350916862488 0.008862998336553574 0.2165328711271286 5.554910659790039
12.85806 0.19313949346542358 0.019259797409176826 0.98098224401474 0.11411046981811523 0.011380097828805447 0.9996961355209351 -0.021867765113711357 -0.07301636040210724 -0.9811052680015564 0.015387202613055706 0.1928616166114807 5.558775424957275
12.96167 0.17252644896507263 0.02557017281651497 0.9846729636192322 0.1402064561843872 0.018122298642992973 0.999411404132843 -0.029128149151802063 -0.07306147366762161 -0.98483806848526 0.022869907319545746 0.17196151614189148 5.5619378089904785
13.0652 0.15358564257621765 0.032234881073236465 0.9876094460487366 0.16992557048797607 0.020394107326865196 0.9991514682769775 -0.03578313812613487 -0.07324866950511932 -0.9879248738288879 0.02563718520104885 0.1527979075908661 5.565238952636719
13.16877 0.13498824834823608 0.033079005777835846 0.9902949333190918 0.19852983951568604 0.018096160143613815 0.999193549156189 -0.03584296628832817 -0.07405269891023636 -0.9906819462776184 0.022758914157748222 0.13428084552288055 5.569398403167725
13.27235 0.12015412002801895 0.028472715988755226 0.9923468828201294 0.22983556985855103 0.016302136704325676 0.9993972778320312 -0.030648894608020782 -0.07568575441837311 -0.9926214218139648 0.01985996402800083 0.1196175068616867 5.572413921356201
13.37588 0.10587752610445023 0.026046931743621826 0.9940380454063416 0.2593001127243042 0.01698351837694645 0.9994637370109558 -0.0279980655759573 -0.07647965848445892 -0.9942342042922974 0.01984662562608719 0.10537837445735931 5.574757099151611
13.4795 0.09257132560014725 0.022675327956676483 0.9954478740692139 0.29423898458480835 0.018602030351758003 0.999526858329773 -0.02449813298881054 -0.07842136919498444 -0.995532214641571 0.02078518085181713 0.09210570156574249 5.577737808227539
13.58311 0.0814485028386116 0.02240871638059616 0.9964256286621094 0.32554447650909424 0.022306261584162712 0.9994558691978455 -0.024300195276737213 -0.07903985679149628 -0.9964278340339661 0.02420574426651001 0.08090430498123169 5.578915596008301
13.68672 0.07070736587047577 0.02265409752726555 0.9972398281097412 0.3617578446865082 0.025210754945874214 0.9993821382522583 -0.02449028380215168 -0.0804125964641571 -0.9971783757209778 0.02687281370162964 0.07009255886077881 5.581686019897461
13.79034 0.06308995187282562 0.023916520178318024 0.9977211952209473 0.3955433666706085 0.027781587094068527 0.9992833733558655 -0.025710703805088997 -0.08083555847406387 -0.9976211190223694 0.029340365901589394 0.06238031014800072 5.583349227905273
13.89395 0.05744978040456772 0.0235602967441082 0.9980702996253967 0.4279657304286957 0.02948908694088459 0.9992451667785645 -0.025285443291068077 -0.08214594423770905 -0.9979126453399658 0.030884819105267525 0.05671165511012077 5.584691524505615
13.99767 0.05159999057650566 0.024593541398644447 0.9983649253845215 0.46455347537994385 0.030440036207437515 0.9991934299468994 -0.026187222450971603 -0.08318304270505905 -0.9982038140296936 0.03174152225255966 0.050809748470783234 5.5864057540893555
14.1013 0.04600045457482338 0.025055231526494026 0.9986271858215332 0.5107564926147461 0.031062882393598557 0.9991660714149475 -0.02649962715804577 -0.08489234000444412 -0.9984583258628845 0.03223923221230507 0.045183803886175156 5.588174819946289
14.20492 0.04207205772399902 0.024956421926617622 0.998802900314331 0.5499840378761292 0.03329610452055931 0.9990976452827454 -0.026366302743554115 -0.08614829182624817 -0.9985595345497131 0.03436552733182907 0.04120314121246338 5.589322566986084
14.30854 0.038882315158843994 0.02520730160176754 0.9989258050918579 0.5926270484924316 0.03521624207496643 0.9990261793136597 -0.026580598205327988 -0.0872403085231781 -0.9986230134963989 0.036211930215358734 0.03795674443244934 5.590789318084717
14.41227 0.035487473011016846 0.024430803954601288 0.9990714192390442 0.6340135335922241 0.03622833266854286 0.9990127086639404 -0.025716209784150124 -0.0887126475572586 -0.9987132549285889 0.03710729628801346 0.03456734120845795 5.592351913452148
14.51589 0.03327103704214096 0.02396935224533081 0.9991588592529297 0.6803655028343201 0.037902235984802246 0.9989629983901978 -0.025226760655641556 -0.09011191129684448 -0.9987273812294006 0.03870968148112297 0.0323280468583107 5.593462944030762
14.61968 0.032161448150873184 0.02358853816986084 0.9992042183876038 0.7241687774658203 0.04239479824900627 0.9987894892692566 -0.024943312630057335 -0.09135103970766068 -0.9985831379890442 0.043163273483514786 0.031122487038373947 5.594776153564453
14.72326 0.03387705609202385 0.023188861086964607 0.9991568922996521 0.7734918594360352 0.04598807170987129 0.9986356496810913 -0.024736016988754272 -0.09295900166034698 -0.998367428779602 0.046787288039922714 0.03276441991329193 5.595150470733643
14.82686 0.03712259232997894 0.022908028215169907 0.999048113822937 0.8201215863227844 0.048492759466171265 0.9985181093215942 -0.024697771295905113 -0.09461696445941925 -0.9981334209442139 0.04936343804001808 0.03595670685172081 5.595419406890869
14.93048 0.04000680893659592 0.022995933890342712 0.9989346861839294 0.8707929253578186 0.05020027607679367 0.9984264373779297 -0.02499472349882126 -0.09615062177181244 -0.9979375600814819 0.05114676430821419 0.038789451122283936 5.5988287925720215
15.0341 0.04456812143325806 0.022490154951810837 0.9987531304359436 0.9195096492767334 0.05062330514192581 0.9984112977981567 -0.024741457775235176 -0.09737753868103027 -0.997722864151001 0.051662858575582504 0.04335879534482956 5.600711822509766
15.13784 0.04804051294922829 0.020704684779047966 0.998630702495575 0.9678348302841187 0.05219613388180733 0.9983670115470886 -0.023210186511278152 -0.0991012379527092 -0.9974806308746338 0.05323969945311546 0.04688136279582977 5.603522300720215
15.24145 0.0525258332490921 0.019394008442759514 0.9984314441680908 1.026114583015442 0.05217374116182327 0.9983925819396973 -0.022138038650155067 -0.10034256428480148 -0.997255802154541 0.05325469374656677 0.05142953619360924 5.6064982414245605
15.34508 0.05641951784491539 0.01720529980957508 0.9982590079307556 1.0763602256774902 0.048895783722400665 0.9986041188240051 -0.019974742084741592 -0.10172992944717407 -0.9972091913223267 0.04993760213255882 0.055499497801065445 5.6097283363342285
15.44881 0.06032819300889969 0.016561774536967278 0.9980412721633911 1.1288998126983643 0.04780084639787674 0.9986671805381775 -0.01946156471967697 -0.10290920734405518 -0.997033417224884 0.04888128861784935 0.05945611000061035 5.613548755645752
15.55255 0.06432292610406876 0.017332961782813072 0.9977786540985107 1.1881201267242432 0.045206405222415924 0.998772144317627 -0.020264502614736557 -0.10494888573884964 -0.996904730796814 0.04640946164727211 0.06346038728952408 5.61795711517334
15.65617 0.06749367713928223 0.021151557564735413 0.9974954724311829 1.2415401935577393 0.043342191725969315 0.9987692832946777 -0.02411123737692833 -0.10679887235164642 -0.9967778921127319 0.04486099258065224 0.06649385392665863 5.622273921966553
15.7599 0.06863775849342346 0.026358041912317276 0.9972934722900391 1.2940101623535156 0.03726961091160774 0.998885452747345 -0.028965160250663757 -0.10864846408367157 -0.996945321559906 0.03915683552622795 0.06757891178131104 5.626461505889893
15.86364 0.06840198487043381 0.029653562232851982 0.997217059135437 1.3534761667251587 0.034157346934080124 0.9989025592803955 -0.03204663097858429 -0.11103983223438263 -0.9970728754997253 0.03625435009598732 0.0673140287399292 5.631190299987793
15.96739 0.06880239397287369 0.029456371441483498 0.9971953630447388 1.4069933891296387 0.03170895576477051 0.9989944100379944 -0.03169729933142662 -0.11288373172283173 -0.9971262812614441 0.0338008739054203 0.0677991583943367 5.635011672973633
16.07102 0.06878966838121414 0.027535026893019676 0.9972511529922485 1.4601123332977295 0.028795987367630005 0.9991477131843567 -0.029573718085885048 -0.11509793996810913 -0.9972155094146729 0.030751198530197144 0.06793814152479172 5.639037132263184
16.17474 0.0684174969792366 0.02630835771560669 0.9973098039627075 1.5202945470809937 0.029851099476218224 0.9991506934165955 -0.02840476669371128 -0.11784563213586807 -0.9972100853919983 0.03171418234705925 0.06757406145334244 5.643482208251953
16.27845 0.06863124668598175 0.02547156624495983 0.997316837310791 1.5740718841552734 0.027294214814901352 0.9992519021034241 -0.02739926241338253 -0.12023330479860306 -0.9972686171531677 0.029101425781846046 0.06788468360900879 5.647775650024414
16.38209 0.06896179914474487 0.025616753846406937 0.9972904324531555 1.627286434173584 0.02622540295124054 0.99927818775177 -0.027481280267238617 -0.12262465059757233 -0.9972745180130005 0.028049498796463013 0.0682402178645134 5.651503562927246
