1403636579.7635555 1.0 0.0 0.0 0.0 0.0 1.0 0.0 0.0 0.0 0.0 1.0 0.0
1403636579.8135555 0.9999858140945435 0.001037927926518023 0.005225450731813908 0.00040959680336527526 -0.0010237599490210414 0.999995768070221 -0.002713279565796256 0.014737708494067192 -0.0052282437682151794 0.002707892097532749 0.9999826550483704 0.006268917582929134
1403636579.8635557 0.9999390244483948 0.0050881411880254745 0.00980214774608612 0.00019211307517252862 -0.0051033166237175465 0.9999858140945435 0.0015238256892189384 0.03366520628333092 -0.00979425199329853 -0.0015737561043351889 0.9999507665634155 0.013118043541908264
1403636579.9135554 0.9999160766601562 0.005831246264278889 0.011564762331545353 0.00026161730056628585 -0.00596511410549283 0.9999152421951294 0.011575129814445972 0.055571045726537704 -0.011496284045279026 -0.011643145233392715 0.9998660683631897 0.019758613780140877
1403636579.9635556 0.9999167323112488 0.005598718300461769 0.011629628948867321 -0.0004771408857777715 -0.005877017043530941 0.9996939301490784 0.024035409092903137 0.07962428778409958 -0.011491499841213226 -0.024101752787828445 0.9996434450149536 0.026675617322325706
1403636580.0135555 0.9999338388442993 0.0026496548671275377 0.011187490075826645 -0.00036005378933623433 -0.0030297674238681793 0.9994139075279236 0.03409748896956444 0.10501443594694138 -0.011090587824583054 -0.03412913158535957 0.9993559122085571 0.03354854881763458
1403636580.0635555 0.9999302625656128 0.0011703066993504763 0.01174996979534626 -0.0011587749468162656 -0.0016529462300240993 0.9991514682769775 0.041150499135255814 0.13139404356479645 -0.01169184222817421 -0.04116704314947128 0.9990838766098022 0.040733858942985535
1403636580.1135554 0.9999329447746277 -0.0032308746594935656 0.01112337876111269 -0.0017279069870710373 0.00271389982663095 0.9989293813705444 0.04618173837661743 0.15609431266784668 -0.0112606817856431 -0.04614844173192978 0.9988710880279541 0.04828406497836113
1403636580.1635556 0.9999279975891113 -0.005850813817232847 0.010474154725670815 -0.002651731949299574 0.005322287790477276 0.9987452626228333 0.04979558661580086 0.18099500238895416 -0.010752356611192226 -0.04973624646663666 0.9987044930458069 0.054432228207588196
1403636580.2135556 0.9999364614486694 -0.0061515686102211475 0.009433944709599018 -0.0028843851760029793 0.005631415173411369 0.9985138177871704 0.054205141961574554 0.20400162041187286 -0.00975337065756321 -0.05414856597781181 0.9984853267669678 0.06072629988193512
1403636580.2635555 0.9999481439590454 -0.004653765819966793 0.009050383232533932 -0.003489987924695015 0.004107327666133642 0.998220682144165 0.05948590114712715 0.22489617764949799 -0.009311113506555557 -0.05944565683603287 0.9981881380081177 0.06534476578235626
1403636580.3135555 0.9999536871910095 0.00020370198762975633 0.009615244343876839 -0.0041821361519396305 -0.0008510338957421482 0.9977278709411621 0.0673675537109375 0.24485433101654053 -0.00957967434078455 -0.0673726350069046 0.9976820349693298 0.06938114762306213
1403636580.3635557 0.9999724626541138 0.000902909436263144 0.007367175072431564 -0.00490926718339324 -0.0014778501354157925 0.9969199299812317 0.07841293513774872 0.2628237307071686 -0.00727368239313364 -0.07842165976762772 0.9968938231468201 0.07239650934934616
1403636580.4135554 0.9999539256095886 0.004849813878536224 0.00828164629638195 -0.0061979349702596664 -0.005607871804386377 0.9955458045005798 0.09411182254552841 0.2791084945201874 -0.00778833357617259 -0.09415392577648163 0.9955272078514099 0.07429903745651245
1403636580.4635556 0.9999601244926453 0.005476376507431269 0.007036156486719847 -0.007101310417056084 -0.006224687676876783 0.9937835931777954 0.11115559935569763 0.2915440797805786 -0.006383686326444149 -0.11119499802589417 0.9937781095504761 0.07540564239025116
1403636580.5135555 0.9999669194221497 0.004929001908749342 0.006465565413236618 -0.0076096439734101295 -0.005716829560697079 0.9917428493499756 0.12811531126499176 0.2979918122291565 -0.0057806954719126225 -0.12814804911613464 0.9917382001876831 0.07620435953140259
1403636580.5635555 0.9999818205833435 0.0037089320831000805 0.0047277044504880905 -0.008668140508234501 -0.0043400973081588745 0.9899467825889587 0.14137393236160278 0.296679824590683 -0.0041558281518518925 -0.14139190316200256 0.9899449348449707 0.07531523704528809
1403636580.6135554 0.9999948143959045 0.002816705498844385 0.0015401691198349 -0.009428037330508232 -0.0030118150170892477 0.9892243146896362 0.14637695252895355 0.2865987718105316 -0.0011112717911601067 -0.14638081192970276 0.9892276525497437 0.07181599736213684
1403636580.6635556 0.9999954104423523 0.0029566895682364702 0.0006914222030900419 -0.010138601064682007 -0.0030254977755248547 0.9895406365394592 0.14422248303890228 0.2682552933692932 -0.0002577700652182102 -0.14422392845153809 0.9895451068878174 0.06666722893714905
1403636580.7135556 0.9999777674674988 0.005535398609936237 0.0036708128172904253 -0.011109283193945885 -0.005983400624245405 0.9906826615333557 0.13605892658233643 0.24375496804714203 -0.0028834694530814886 -0.1360778957605362 0.9906938672065735 0.06015298515558243
1403636580.7635555 0.999880850315094 0.012565952725708485 0.008959582075476646 -0.011671951971948147 -0.013591139577329159 0.9920063614845276 0.12545429170131683 0.21289074420928955 -0.007311509922146797 -0.12556111812591553 0.9920589923858643 0.05344513803720474
1403636580.8135555 0.9997109770774841 0.018049506470561028 0.015875784680247307 -0.011998526751995087 -0.019725926220417023 0.9934329390525818 0.11270298063755035 0.17768023908138275 -0.013737293891608715 -0.1129835769534111 0.9935018420219421 0.04665333405137062
1403636580.8635557 0.9993492364883423 0.024900443851947784 0.02609642967581749 -0.012550383806228638 -0.027343185618519783 0.9948244094848633 0.09786077588796616 0.13962361216545105 -0.023524584248661995 -0.09851066023111343 0.994857907295227 0.0385722815990448
1403636580.9135554 0.9988186955451965 0.031640779227018356 0.036878593266010284 -0.012596115469932556 -0.03458436205983162 0.9960218071937561 0.08212365210056305 0.10009905695915222 -0.0341334231197834 -0.08330203592777252 0.9959396719932556 0.03194493427872658
1403636580.9635556 0.998502254486084 0.036051083356142044 0.04115280881524086 -0.01392716821283102 -0.03876195847988129 0.9969932436943054 0.06709694117307663 0.0612727515399456 -0.03861015662550926 -0.06859159469604492 0.9968973398208618 0.023730851709842682
1403636581.0135555 0.9983681440353394 0.03916186839342117 0.041562341153621674 -0.01572265848517418 -0.04133731871843338 0.997747004032135 0.05284205824136734 0.026473769918084145 -0.03939929977059364 -0.054473891854286194 0.9977375864982605 0.015825286507606506
1403636581.0635555 0.9984966516494751 0.038001008331775665 0.03950157389044762 -0.017983276396989822 -0.03957183659076691 0.998424768447876 0.03977551311254501 -0.00832188967615366 -0.037927836179733276 -0.04127885773777962 0.9984275102615356 0.00814546924084425
1403636581.1135554 0.9985588788986206 0.035786550492048264 0.03999292850494385 -0.0187104232609272 -0.03687044605612755 0.9989632964134216 0.026701543480157852 -0.03963072970509529 -0.038995902985334396 -0.028137624263763428 0.9988431334495544 0.000984054058790207
1403636581.1635556 0.9987008571624756 0.03057483583688736 0.04076617211103439 -0.01895112544298172 -0.031043335795402527 0.9994584918022156 0.010909155011177063 -0.06788448989391327 -0.04041055217385292 -0.012160498648881912 0.999109148979187 -0.005461274646222591
1403636581.2135556 0.9987850189208984 0.026717115193605423 0.041410934180021286 -0.018719857558608055 -0.026536574587225914 0.9996357560157776 -0.0049034906551241875 -0.09410802274942398 -0.04152685031294823 0.00379862729460001 0.9991301894187927 -0.01256965659558773
1403636581.2635555 0.9988875389099121 0.02240176312625408 0.04149555787444115 -0.018477454781532288 -0.02147725224494934 0.9995139837265015 -0.02259320393204689 -0.11641774326562881 -0.0419815331697464 0.021676858887076378 0.9988831281661987 -0.018422111868858337
1403636581.3135555 0.9988773465156555 0.024292219430208206 0.040670156478881836 -0.017751866951584816 -0.02275927923619747 0.9990284442901611 -0.037740033119916916 -0.13157212734222412 -0.04154744744300842 0.03677203878760338 0.9984595775604248 -0.024619415402412415
1403636581.3635557 0.9987779259681702 0.02512371353805065 0.04255961254239082 -0.01923743635416031 -0.023058293387293816 0.9985644221305847 -0.048344798386096954 -0.13904105126857758 -0.043713126331567764 0.04730435833334923 0.9979236125946045 -0.028737084940075874
1403636581.4135554 0.9984620809555054 0.02981262467801571 0.04673910140991211 -0.018429560586810112 -0.027439292520284653 0.9983407258987427 -0.05062281712889671 -0.1396743208169937 -0.04817075654864311 0.04926247522234917 0.9976235628128052 -0.029993684962391853
1403636581.4635556 0.9981613159179688 0.03560526296496391 0.04905349016189575 -0.016907593235373497 -0.033342208713293076 0.9983753561973572 -0.046205103397369385 -0.13020899891853333 -0.05061894655227661 0.04448458552360535 0.9977269172668457 -0.028545022010803223
1403636581.5135555 0.9978273510932922 0.04109138250350952 0.051498278975486755 -0.015045536682009697 -0.0392821729183197 0.998591423034668 -0.03566482663154602 -0.11364409327507019 -0.05289126932621002 0.03356436640024185 0.9980360865592957 -0.024991070851683617
1403636581.5635555 0.9978968501091003 0.03802007809281349 0.05250025540590286 -0.011782901361584663 -0.03682908043265343 0.9990459680557251 -0.023469991981983185 -0.09096900373697281 -0.053342513740062714 0.021487098187208176 0.9983450174331665 -0.017778286710381508
1403636581.6135554 0.9980882406234741 0.03522855415940285 0.05077958479523659 -0.010155411437153816 -0.03474472090601921 0.9993422627449036 -0.010379893705248833 -0.0636870339512825 -0.0511118583381176 0.008595728315412998 0.9986559152603149 -0.009682939387857914
1403636581.6635556 0.998281717300415 0.030654175207018852 0.04993803799152374 -0.008817276917397976 -0.030679838731884956 0.999529242515564 -0.0002528876066207886 -0.0342719703912735 -0.049922291189432144 -0.0012796372175216675 0.998752236366272 -0.001744190463796258
1403636581.7135556 0.9982584714889526 0.03353273123502731 0.048534467816352844 -0.005742517299950123 -0.03390880301594734 0.999400794506073 0.006945873145014048 -0.003918424714356661 -0.04827246442437172 -0.008579522371292114 0.9987973570823669 0.006932247430086136
1403636581.7635555 0.9984915256500244 0.030278509482741356 0.045801758766174316 -0.0033073434606194496 -0.03077087365090847 0.9994755983352661 0.010083209723234177 0.028824223205447197 -0.045472435653209686 -0.01147735957056284 0.9988996386528015 0.015690403059124947
1403636581.8135555 0.9987545013427734 0.030063806101679802 0.039820898324251175 -0.0016204161802306771 -0.030604707077145576 0.9994463920593262 0.01304401271045208 0.06142942234873772 -0.039406705647706985 -0.014246474951505661 0.9991217255592346 0.023379119113087654
1403636581.8635557 0.9988753795623779 0.02877865359187126 0.03768058866262436 -0.00019151507876813412 -0.02946760319173336 0.999406099319458 0.017858052626252174 0.09442765265703201 -0.037144288420677185 -0.018948324024677277 0.9991303086280823 0.030805684626102448
1403636581.9135554 0.9991165399551392 0.024152038618922234 0.03439124673604965 -2.014602068811655e-05 -0.02510383166372776 0.9993060231208801 0.027518009766936302 0.12758652865886688 -0.03370275720953941 -0.02835705131292343 0.9990296959877014 0.038139212876558304
1403636581.9635556 0.9990148544311523 0.02160787209868431 0.03875972703099251 0.0005820221267640591 -0.023187406361103058 0.9988992214202881 0.040776461362838745 0.1595630645751953 -0.037835974246263504 -0.04163502901792526 0.9984163045883179 0.045837730169296265
1403636582.0135555 0.9989246129989624 0.018095847219228745 0.04268500208854675 0.0009775925427675247 -0.02050110511481762 0.998186469078064 0.05660172179341316 0.18927358090877533 -0.04158332943916321 -0.05741596221923828 0.9974839687347412 0.05303479731082916
1403636582.0635555 0.9987684488296509 0.017966246232390404 0.046246446669101715 0.0008325155358761549 -0.021364428102970123 0.9970245361328125 0.07406719028949738 0.21502339839935303 -0.04477812349796295 -0.0749640166759491 0.9961803555488586 0.05890044942498207
1403636582.1135554 0.9987642168998718 0.019430534914135933 0.04574304446578026 0.000345833133906126 -0.023543205112218857 0.9955580830574036 0.09115913510322571 0.23661932349205017 -0.04376858100295067 -0.09212343394756317 0.9947852492332458 0.0634719580411911
1403636582.1635556 0.9989646673202515 0.01759057119488716 0.04195471480488777 -0.0007825624197721481 -0.021948913112282753 0.9941458106040955 0.10579518973827362 0.25206199288368225 -0.03984810411930084 -0.10660652071237564 0.9935024976730347 0.06597233563661575
1403636582.2135556 0.999091386795044 0.018027599900960922 0.03861825540661812 -0.002096467651426792 -0.02245633862912655 0.9928184747695923 0.11750389635562897 0.25951293110847473 -0.03622260317206383 -0.11826438456773758 0.9923211932182312 0.0671725943684578
1403636582.2635555 0.9991903901100159 0.017420509830117226 0.03626665100455284 -0.003281565150246024 -0.021811341866850853 0.9919883012771606 0.12443216890096664 0.259187251329422 -0.033808425068855286 -0.12512247264385223 0.9915650486946106 0.06682911515235901
1403636582.3135555 0.9992309212684631 0.019560569897294044 0.03398488461971283 -0.005033956840634346 -0.023713862523436546 0.9916885495185852 0.12645699083805084 0.24920189380645752 -0.031228860840201378 -0.12716564536094666 0.9913897514343262 0.06422311067581177
1403636582.3635557 0.9993120431900024 0.018397413194179535 0.0321996808052063 -0.007517325691878796 -0.022183431312441826 0.9923461079597473 0.12147853523492813 0.23147103190422058 -0.02971833012998104 -0.12210928648710251 0.9920716881752014 0.059891100972890854
1403636582.4135554 0.9993597865104675 0.017771536484360695 0.031051605939865112 -0.009729494340717793 -0.021044176071882248 0.9938775897026062 0.10846348851919174 0.20791664719581604 -0.02893393486738205 -0.10904750972986221 0.9936153292655945 0.05345894396305084
1403636582.4635556 0.9993600249290466 0.01752648316323757 0.03118208982050419 -0.011751720681786537 -0.02037154696881771 0.9954204559326172 0.09339611232280731 0.18050019443035126 -0.02940238267183304 -0.09397156536579132 0.995140552520752 0.04693472385406494
1403636582.5135555 0.9991919994354248 0.021508168429136276 0.03395102173089981 -0.01308328378945589 -0.024189403280615807 0.9964490532875061 0.08064739406108856 0.14978355169296265 -0.03209588676691055 -0.08140349388122559 0.9961642622947693 0.0393168181180954
1403636582.5635555 0.9990594387054443 0.022189494222402573 0.03725287318229675 -0.014212108217179775 -0.024770637974143028 0.9972169399261475 0.07031972706317902 0.11819282919168472 -0.0355888232588768 -0.07117635756731033 0.9968286752700806 0.03279070928692818
1403636582.6135554 0.9987185597419739 0.02667168900370598 0.04301111027598381 -0.014265520498156548 -0.02940109372138977 0.9975084662437439 0.06412738561630249 0.08528782427310944 -0.041193559765815735 -0.06530977040529251 0.9970143437385559 0.024495037272572517
1403636582.6635556 0.9984716176986694 0.026813779026269913 0.04832429066300392 -0.014558881521224976 -0.02966940589249134 0.997794508934021 0.059378497302532196 0.052946869283914566 -0.04662554711103439 -0.0607215017080307 0.9970652461051941 0.015637928619980812
1403636582.7135556 0.9983817934989929 0.0258970744907856 0.050626274198293686 -0.013872680254280567 -0.028656648471951485 0.9980989694595337 0.05456521734595299 0.020960327237844467 -0.049116943031549454 -0.05592770129442215 0.9972259402275085 0.008036868646740913
1403636582.7635555 0.9982417821884155 0.022281866520643234 0.05492589622735977 -0.013438462279736996 -0.024927111342549324 0.9985384345054626 0.0479552298784256 -0.011686163023114204 -0.05377707630395889 -0.04924006015062332 0.9973381757736206 0.0007916249451227486
1403636582.8135555 0.9979651570320129 0.017673900350928307 0.06126319244503975 -0.011718826368451118 -0.020039333030581474 0.999068558216095 0.038214150816202164 -0.04297105222940445 -0.06053073704242706 -0.03936406224966049 0.9973899126052856 -0.006183519959449768
1403636582.8635557 0.9974340200424194 0.0134916165843606 0.07031024247407913 -0.01001221127808094 -0.015272755175828934 0.9995743632316589 0.02485692873597145 -0.07490843534469604 -0.06994496285915375 -0.025866974145174026 0.9972155690193176 -0.012841900810599327
1403636582.9135554 0.9970348477363586 0.008722200989723206 0.07645496726036072 -0.008378375321626663 -0.009414762258529663 0.9999178647994995 0.008702753111720085 -0.10498891025781631 -0.07637277990579605 -0.009396756067872047 0.997035026550293 -0.020099002867937088
1403636582.9635556 0.9967465400695801 0.009143121540546417 0.0800795704126358 -0.007158920634537935 -0.008522538468241692 0.9999309778213501 -0.0080878846347332 -0.1314922720193863 -0.08014798164367676 0.0073790885508060455 0.9967556595802307 -0.02758859284222126
1403636583.0135555 0.9963933825492859 0.009797386825084686 0.0842864140868187 -0.007958149537444115 -0.007748493924736977 0.999667227268219 -0.024601584300398827 -0.1513383537530899 -0.08449941128492355 0.023859763517975807 0.9961377382278442 -0.034990906715393066
1403636583.0635555 0.9963635206222534 0.012838644906878471 0.08423080295324326 -0.007675234228372574 -0.009899609722197056 0.9993305802345276 -0.03521799296140671 -0.16406533122062683 -0.08462657779455185 0.03425607830286026 0.9958236813545227 -0.04109449312090874
1403636583.1135554 0.9962533712387085 0.014309159480035305 0.08529217541217804 -0.004371172748506069 -0.010938424617052078 0.9991455078125 -0.03985702246427536 -0.16911548376083374 -0.08578962832689285 0.03877473250031471 0.9955584406852722 -0.040699303150177
1403636583.1635556 0.995855987071991 0.018629807978868484 0.08901631087064743 -0.002891760552302003 -0.015089709311723709 0.9990745782852173 -0.040277887135744095 -0.16606451570987701 -0.08968432247638702 0.0387677438557148 0.9952154159545898 -0.038794130086898804
1403636583.2135556 0.9956855177879333 0.02263096533715725 0.08999059349298477 -0.0017115217633545399 -0.019260672852396965 0.9990866184234619 -0.03814535215497017 -0.15487420558929443 -0.09077166765928268 0.03624749928712845 0.9952118992805481 -0.03548775240778923
1403636583.2635555 0.9957371950149536 0.02479671686887741 0.08883926272392273 -0.0027139426674693823 -0.021805359050631523 0.9991673231124878 -0.03448541834950447 -0.1382787674665451 -0.08962039649486542 0.032401248812675476 0.9954487681388855 -0.032640498131513596
1403636583.3135555 0.9958754181861877 0.024929596111178398 0.0872378870844841 -0.0021344805136322975 -0.02232426404953003 0.9992789030075073 -0.03071403317153454 -0.11602403968572617 -0.08794065564870834 0.028639834374189377 0.9957138895988464 -0.025012200698256493
1403636583.3635557 0.9959684014320374 0.025671858340501785 0.08595272153615952 -0.00148689653724432 -0.02355445735156536 0.9993958473205566 -0.025558825582265854 -0.09120752662420273 -0.08655694127082825 0.02343120239675045 0.9959713816642761 -0.0181569866836071
1403636583.4135554 0.9963914752006531 0.023869410157203674 0.08145125955343246 0.0006010966026224196 -0.022236088290810585 0.9995343685150146 -0.020901305601000786 -0.06220710650086403 -0.08191224932670593 0.01901472546160221 0.9964580535888672 -0.008644908666610718
1403636583.4635556 0.9967671632766724 0.026500646024942398 0.07584764808416367 0.005459925625473261 -0.02545964904129505 0.9995684623718262 -0.014659137465059757 -0.02970091812312603 -0.07620339840650558 0.012680691666901112 0.997011661529541 0.0029139285907149315
1403636583.5135555 0.9969766736030579 0.027346240356564522 0.07272995263338089 0.007361278403550386 -0.026799464598298073 0.9996048808097839 -0.008483247831463814 0.00425220699980855 -0.07293318957090378 0.006508475635200739 0.9973155856132507 0.012336614541709423
1403636583.5635555 0.996922492980957 0.03084268793463707 0.07206954061985016 0.010113884694874287 -0.0309385247528553 0.9995213150978088 0.00021360813116189092 0.03832376375794411 -0.07202846556901932 -0.0024426777381449938 0.9973994493484497 0.021464068442583084
1403636583.6135554 0.9964590668678284 0.033623043447732925 0.07706204056739807 0.01231338083744049 -0.034589629620313644 0.9993384480476379 0.011242448352277279 0.07332192361354828 -0.07663305103778839 -0.013868188485503197 0.99696284532547 0.03158304840326309
1403636583.6635556 0.9970483779907227 0.029227904975414276 0.07099486142396927 0.012984206900000572 -0.03125813603401184 0.9991286396980286 0.027656136080622673 0.10874012112617493 -0.07012465596199036 -0.029793670400977135 0.9970932602882385 0.040778353810310364
1403636583.7135556 0.9974479675292969 0.021420642733573914 0.068110890686512 0.013166169635951519 -0.0248212069272995 0.9984667301177979 0.04947884380817413 0.13948184251785278 -0.0669466033577919 -0.051043156534433365 0.9964500069618225 0.047355588525533676
1403636583.7635555 0.9979099035263062 0.012370333075523376 0.06342665106058121 0.013651752844452858 -0.016936305910348892 0.9972635507583618 0.07196387648582458 0.17019791901111603 -0.06236285716295242 -0.07288767397403717 0.9953885078430176 0.055820319801568985
1403636583.8135555 0.9979857206344604 0.006923534907400608 0.06306096166372299 0.014002657495439053 -0.012782345525920391 0.9955856800079346 0.09298335015773773 0.19632935523986816 -0.06213883310556412 -0.09360213577747345 0.9936686754226685 0.06046426296234131
1403636583.8635557 0.9979974031448364 0.005543761886656284 0.06301209330558777 0.014394670724868774 -0.012339574284851551 0.9940767288208008 0.1079782098531723 0.22073426842689514 -0.062040265649557114 -0.10853952914476395 0.9921543598175049 0.06580358743667603
1403636583.9135554 0.9978938698768616 0.010948795825242996 0.06393805891275406 0.015443481504917145 -0.018478447571396828 0.9927952885627747 0.11838974803686142 0.2419309765100479 -0.06218118593096733 -0.11932188272476196 0.9909065961837769 0.06993793696165085
1403636583.9635556 0.9979794025421143 0.016774402931332588 0.061283595860004425 0.01498399768024683 -0.024323446676135063 0.9919095039367676 0.12459468841552734 0.25836485624313354 -0.05869778245687485 -0.12583357095718384 0.9903133511543274 0.07141167670488358
1403636584.0135555 0.9982441663742065 0.019517095759510994 0.05592811852693558 0.0136090237647295 -0.02654053270816803 0.991454005241394 0.1277286261320114 0.26961037516593933 -0.05295727774500847 -0.12898872792720795 0.9902309775352478 0.07206756621599197
1403636584.0635555 0.9985795617103577 0.021873008459806442 0.04858481511473656 0.01199379563331604 -0.027925392612814903 0.9914305806159973 0.12761512398719788 0.2746584415435791 -0.04537715017795563 -0.12879057228565216 0.9906330704689026 0.07136694341897964
1403636584.1135554 0.9988713264465332 0.021327855065464973 0.04243888705968857 0.010599933564662933 -0.026598181575536728 0.9914461374282837 0.12777768075466156 0.2722112238407135 -0.03935065120458603 -0.12876230478286743 0.9908944368362427 0.07001584768295288
1403636584.1635556 0.9990045428276062 0.022441893815994263 0.03855123370885849 0.009217546321451664 -0.027208779007196426 0.9914073348045349 0.127950057387352 0.2625684440135956 -0.03534853830933571 -0.12887166440486908 0.9910310506820679 0.06746082752943039
1403636584.2135556 0.9990273118019104 0.023733699694275856 0.03716374933719635 0.00835069827735424 -0.0283048078417778 0.9914026260375977 0.12774871289730072 0.24528424441814423 -0.03381229192018509 -0.12867635488510132 0.99111008644104 0.06346660107374191
1403636584.2635555 0.9990290999412537 0.02411041595041752 0.03687087446451187 0.006855348125100136 -0.028538310900330544 0.9917822480201721 0.12471412122249603 0.22349245846271515 -0.033560968935489655 -0.12564526498317719 0.991507351398468 0.05889099836349487
1403636584.3135555 0.9990093111991882 0.024690749123692513 0.03702337294816971 0.005705092567950487 -0.028984472155570984 0.9923112988471985 0.12032526731491089 0.1976832002401352 -0.03376779332756996 -0.12127917259931564 0.9920438528060913 0.05283741280436516
1403636584.3635557 0.9987978935241699 0.028467493131756783 0.03990330174565315 0.004873362369835377 -0.03296118974685669 0.9925961494445801 0.11690367013216019 0.16792596876621246 -0.036279913038015366 -0.11807843297719955 0.9923412799835205 0.047241441905498505
1403636584.4135554 0.9982606768608093 0.03491663187742233 0.04750242084264755 0.005148964002728462 -0.040097080171108246 0.9927991032600403 0.11288127303123474 0.13524575531482697 -0.04321892186999321 -0.1145896464586258 0.9924722909927368 0.041863106191158295
1403636584.4635556 0.9977661371231079 0.03948069363832474 0.053889013826847076 0.006180052645504475 -0.044990647584199905 0.9934337139129639 0.10519217699766159 0.10270605236291885 -0.049382083117961884 -0.10738168656826019 0.9929907321929932 0.038196317851543427
1403636584.5135555 0.9974535703659058 0.04174735024571419 0.057824552059173584 0.005551444366574287 -0.047119300812482834 0.9943720698356628 0.0948888510465622 0.06696350127458572 -0.0535377636551857 -0.09737185388803482 0.9938070178031921 0.03203865513205528
1403636584.5635555 0.9973208904266357 0.04055120050907135 0.06088491901755333 0.005346633028239012 -0.04546736553311348 0.9956225752830505 0.08165988326072693 0.029444972053170204 -0.05730700120329857 -0.0842093974351883 0.9947987794876099 0.025170590728521347
1403636584.6135554 0.9970836639404297 0.039162520319223404 0.06550262868404388 0.004751260858029127 -0.043372198939323425 0.9969985485076904 0.06413072347640991 -0.007276143878698349 -0.06279449909925461 -0.06678468734025955 0.9957894086837769 0.019236812368035316
1403636584.6635556 0.9966212511062622 0.037586361169815063 0.07302846014499664 0.003823546227067709 -0.04080621898174286 0.9982366561889648 0.0431102029979229 -0.04241829365491867 -0.07127932459115982 -0.045944564044475555 0.9963976740837097 0.012325111776590347
1403636584.7135556 0.9961298108100891 0.03815022110939026 0.07918238639831543 0.0030538346618413925 -0.039955589920282364 0.9989736080169678 0.02134179323911667 -0.0769982561469078 -0.07828690856695175 -0.02442297339439392 0.9966316223144531 0.0044649457558989525
1403636584.7635555 0.9955442547798157 0.03771212324500084 0.08642591536045074 0.001886953366920352 -0.03796152397990227 0.9992783665657043 0.001243498525582254 -0.1071622297167778 -0.08631666749715805 -0.004518814384937286 0.9962573647499084 -0.004000326618552208
1403636584.8135555 0.9952347874641418 0.03816451132297516 0.08972954005002975 0.0011560716666281223 -0.036941614001989365 0.9992009997367859 -0.015250704251229763 -0.13537000119686127 -0.09023989737033844 0.011863280087709427 0.9958492517471313 -0.01207768451422453
1403636584.8635557 0.9950909614562988 0.03508170321583748 0.09253775328397751 -0.0018776067299768329 -0.032624296844005585 0.9990771412849426 -0.027936499565839767 -0.15968818962574005 -0.09343241155147552 0.024780377745628357 0.9953172206878662 -0.021101074293255806
1403636584.9135554 0.9952914118766785 0.03241947665810585 0.09134555608034134 -0.0033300602808594704 -0.029076525941491127 0.9988663792610168 -0.037693142890930176 -0.17576006054878235 -0.09246398508548737 0.03485965356230736 0.9951056241989136 -0.025758706033229828
1403636584.9635556 0.9952880144119263 0.026399238035082817 0.09330110996961594 -0.005048952531069517 -0.022570747882127762 0.9988688230514526 -0.04185360670089722 -0.18807202577590942 -0.09430046379566193 0.03955051675438881 0.9947579503059387 -0.02969312109053135
1403636585.0135555 0.9950004816055298 0.02420514076948166 0.09689293801784515 -0.005041011143475771 -0.020264727994799614 0.9989351630210876 -0.04144737869501114 -0.1913188397884369 -0.09779301285743713 0.03927665203809738 0.9944314956665039 -0.030628450214862823
1403636585.0635555 0.9947889447212219 0.02084353193640709 0.09980139136314392 -0.003545651212334633 -0.01712765358388424 0.9991329312324524 -0.0379459373652935 -0.18820340931415558 -0.1005057841539383 0.0360388420522213 0.9942834973335266 -0.029072385281324387
1403636585.1135554 0.9947259426116943 0.020054755732417107 0.10058774054050446 -0.004560518078505993 -0.01680329442024231 0.9993118047714233 -0.033068425953388214 -0.17972606420516968 -0.10118169337511063 0.031203825026750565 0.994378387928009 -0.027445867657661438
1403636585.1635556 0.9942704439163208 0.018405424430966377 0.10529689490795135 -0.0035034012980759144 -0.015598063357174397 0.9995021820068359 -0.027423102408647537 -0.16471296548843384 -0.1057492271065712 0.025623558089137077 0.994062602519989 -0.021461831405758858
1403636585.2135556 0.9935833811759949 0.01933002471923828 0.11143732815980911 -0.002115052193403244 -0.017026346176862717 0.9996220469474792 -0.021587250754237175 -0.14461824297904968 -0.11181245744228363 0.019551360979676247 0.9935370087623596 -0.013746224343776703
1403636585.2635555 0.9927111268043518 0.025270352140069008 0.11783850193023682 0.0004048925475217402 -0.023650195449590683 0.9996057748794556 -0.01512728352099657 -0.1219206303358078 -0.11817429959774017 0.012230116873979568 0.9929174780845642 -0.0060030193999409676
1403636585.3135555 0.9919993877410889 0.030834829434752464 0.12241820991039276 0.0038136912044137716 -0.029879843816161156 0.9995070695877075 -0.009629652835428715 -0.09747061133384705 -0.12265478074550629 0.005894768983125687 0.9924318194389343 0.0030592537950724363
1403636585.3635557 0.991549551486969 0.03896654397249222 0.12373805046081543 0.008386652916669846 -0.03866101801395416 0.9992403984069824 -0.004870276898145676 -0.06843022257089615 -0.12383385747671127 4.528369754552841e-05 0.9923028349876404 0.013725525699555874
1403636585.4135554 0.9911009073257446 0.0432460643351078 0.12589123845100403 0.009570262394845486 -0.04397575184702873 0.9990279674530029 0.003021441400051117 -0.04476579651236534 -0.1256382018327713 -0.008530715480446815 0.9920393824577332 0.020069021731615067
1403636585.4635556 0.9918813109397888 0.046094413846731186 0.1185189038515091 0.014438418671488762 -0.04778880253434181 0.9987912774085999 0.011492930352687836 -0.01601804420351982 -0.11784589290618896 -0.017063504084944725 0.9928852319717407 0.030593927949666977
1403636585.5135555 0.9924077987670898 0.047813281416893005 0.11331605166196823 0.016758646816015244 -0.05070793628692627 0.9984532594680786 0.0228002667427063 0.007768184877932072 -0.1120506301522255 -0.02837318740785122 0.9932973384857178 0.03541265428066254
1403636585.5635555 0.9935905933380127 0.048730213195085526 0.1019950807094574 0.017633944749832153 -0.05253010615706444 0.9980091452598572 0.03490592539310455 0.03193223103880882 -0.10009103268384933 -0.04004000872373581 0.9941722750663757 0.037913911044597626
1403636585.6135554 0.9948959350585938 0.04782026261091232 0.08885542303323746 0.01854521967470646 -0.05216332525014877 0.9975218176841736 0.04721523076295853 0.05437510088086128 -0.08637737482786179 -0.051609233021736145 0.994924783706665 0.03848590701818466
1403636585.6635556 0.9961499571800232 0.04311627149581909 0.07632821798324585 0.018847988918423653 -0.047846004366874695 0.9969742298126221 0.06126170605421066 0.07292716950178146 -0.07345589995384216 -0.06467784941196442 0.9951989650726318 0.037136759608983994
1403636585.7135556 0.9973018765449524 0.03688172250986099 0.06347142159938812 0.018054962158203125 -0.04167671874165535 0.9962396025657654 0.07595928758382797 0.09010303020477295 -0.06043123081326485 -0.0783996433019638 0.9950886368751526 0.03330017626285553
1403636585.7635555 0.9980126619338989 0.030219780281186104 0.05529266595840454 0.018211515620350838 -0.03521772474050522 0.9951571226119995 0.0917719230055809 0.10104356706142426 -0.052251558750867844 -0.09353682398796082 0.9942436814308167 0.030456840991973877
1403636585.8135555 0.9986791014671326 0.021972574293613434 0.04644697904586792 0.017291907221078873 -0.026885386556386948 0.9937934279441833 0.10794392973184586 0.10865218937397003 -0.043786898255348206 -0.10905006527900696 0.9930713176727295 0.026368021965026855
1403636585.8635557 0.9991351366043091 0.01448068581521511 0.03897649422287941 0.0166595671325922 -0.019309185445308685 0.9917775392532349 0.12650887668132782 0.11314404010772705 -0.03682408481836319 -0.12715205550193787 0.9911994338035583 0.022042453289031982
1403636585.9135554 0.9993993043899536 0.007783095818012953 0.03377002477645874 0.016023486852645874 -0.012610412202775478 0.9893244504928589 0.14518313109874725 0.11529488861560822 -0.03227955102920532 -0.14552175998687744 0.9888283014297485 0.01712111569941044
1403636585.9635556 0.9994149208068848 0.00258759711869061 0.03410465642809868 0.016249507665634155 -0.0082502830773592 0.9859284162521362 0.1669645458459854 0.11406931281089783 -0.03319273144006729 -0.16714823246002197 0.9853728413581848 0.011445725336670876
1403636586.0135555 0.9991822838783264 -0.002155445283278823 0.040374234318733215 0.015986789017915726 -0.005603652913123369 0.9815582633018494 0.19108135998249054 0.1138756275177002 -0.040041547268629074 -0.19115136563777924 0.9807434678077698 0.008151251822710037
1403636586.0635555 0.9985541701316833 -0.005692204926162958 0.05345137417316437 0.01624264195561409 -0.005968890152871609 0.976486325263977 0.21549715101718903 0.11371713131666183 -0.053421203047037125 -0.21550461649894714 0.9750404357910156 0.005516482517123222
1403636586.1135554 0.9977567195892334 -0.011197920888662338 0.06600072979927063 0.015094679780304432 -0.004749751184135675 0.9715843200683594 0.23664620518684387 0.11260545253753662 -0.06677523255348206 -0.23642879724502563 0.969351589679718 0.002423582598567009
1403636586.1635556 0.9969614744186401 -0.017605431377887726 0.0758805125951767 0.01316057424992323 -0.002337914891541004 0.9669231176376343 0.2550576627254486 0.11156629025936127 -0.07786104083061218 -0.25446006655693054 0.9639437794685364 -0.0001552347093820572
1403636586.2135556 0.9965258836746216 -0.02392176166176796 0.07977506518363953 0.010664431378245354 0.0012943735346198082 0.9621946811676025 0.2723597586154938 0.10939816385507584 -0.0832744762301445 -0.2713102400302887 0.9588826298713684 -0.0041325706988573074
1403636586.2635555 0.9963365793228149 -0.027464697137475014 0.08098740130662918 0.007963388226926327 0.002741036005318165 0.9567951560020447 0.290750116109848 0.10896173864603043 -0.08547373116016388 -0.28946295380592346 0.9533653259277344 -0.008615594357252121
1403636586.3135555 0.9960566163063049 -0.03336753696203232 0.08220575004816055 0.0060652256943285465 0.006247428245842457 0.95065838098526 0.3101770281791687 0.10777216404676437 -0.08849944174289703 -0.30844026803970337 0.9471179246902466 -0.013759048655629158
1403636586.3635557 0.9958259463310242 -0.03946243226528168 0.08230124413967133 0.005310911685228348 0.010104876942932606 0.9438268542289734 0.3302864134311676 0.10816269367933273 -0.0907120481133461 -0.3280761241912842 0.9402857422828674 -0.019340164959430695
1403636586.4135554 0.9955865144729614 -0.04623404145240784 0.08166985958814621 0.00482458621263504 0.014829577878117561 0.9367996454238892 0.34955236315727234 0.10855412483215332 -0.0926695242524147 -0.3467983901500702 0.9333505034446716 -0.025284260511398315
1403636586.4635556 0.9955788850784302 -0.04759819060564041 0.08097701519727707 0.0053318156860768795 0.014520330354571342 0.9297246932983398 0.3679695129394531 0.10953167080879211 -0.09280101209878922 -0.3651667535305023 0.9263051152229309 -0.03130060061812401
1403636586.5135555 0.9956227540969849 -0.04756396636366844 0.0804549902677536 0.0065229507163167 0.013086305931210518 0.9232852458953857 0.38389256596565247 0.11003892123699188 -0.0925423726439476 -0.3811592161655426 0.9198659658432007 -0.03720999136567116
1403636586.5635555 0.9959331750869751 -0.045925818383693695 0.07751154154539108 0.008803349919617176 0.011526627466082573 0.9182059168815613 0.39593592286109924 0.11016278713941574 -0.0893552377820015 -0.3934321701526642 0.915000855922699 -0.04182296246290207
1403636586.6135554 0.9962177276611328 -0.04545503109693527 0.07405521720647812 0.01204446330666542 0.011785873211920261 0.9150707125663757 0.4031215310096741 0.10844067484140396 -0.08608967810869217 -0.400723934173584 0.9121451377868652 -0.045854926109313965
1403636586.6635556 0.9961954951286316 -0.04703941196203232 0.07336147129535675 0.016657687723636627 0.013422452844679356 0.9145871996879578 0.40416646003723145 0.10626879334449768 -0.08610721677541733 -0.4016440510749817 0.9117386937141418 -0.047903019934892654
1403636586.7135556 0.9963451027870178 -0.046299465000629425 0.07178305834531784 0.021170124411582947 0.013780418783426285 0.9164777994155884 0.39984869956970215 0.10393470525741577 -0.08430036157369614 -0.39739805459976196 0.9137659072875977 -0.048728082329034805
1403636586.7635555 0.9965851306915283 -0.04692777991294861 0.06794089823961258 0.024878088384866714 0.016541825607419014 0.9195898175239563 0.3925318717956543 0.10224749147891998 -0.08089839667081833 -0.39006751775741577 0.9172255396842957 -0.048402562737464905
1403636586.8135555 0.9968481659889221 -0.046932402998209 0.06396251171827316 0.029673239216208458 0.018765803426504135 0.9228581786155701 0.38468286395072937 0.10034387558698654 -0.07708242535591125 -0.3822699785232544 0.9208298921585083 -0.04769912734627724
1403636586.8635557 0.9970625042915344 -0.04411613568663597 0.06261153519153595 0.033151935786008835 0.017207277938723564 0.9255849123001099 0.3781490623950958 0.09939312189817429 -0.07463476806879044 -0.3759607970714569 0.9236249327659607 -0.045592885464429855
1403636586.9135554 0.9974352717399597 -0.03899940103292465 0.060015495866537094 0.0352921299636364 0.013889668509364128 0.9280406832695007 0.37222009897232056 0.09960082918405533 -0.0702131986618042 -0.3704318106174469 0.9262020587921143 -0.04359416663646698
1403636586.9635556 0.9977822303771973 -0.0355154424905777 0.05629762262105942 0.036279838532209396 0.012356393039226532 0.9298915266990662 0.3676266372203827 0.0991540402173996 -0.06540711969137192 -0.36611565947532654 0.928267776966095 -0.04149278253316879
1403636587.0135555 0.9981820583343506 -0.029233355075120926 0.052706118673086166 0.037141602486371994 0.007910248823463917 0.9304729700088501 0.3662756383419037 0.0980847030878067 -0.059749092906713486 -0.36519280076026917 0.9290124177932739 -0.038958434015512466
1403636587.0635555 0.998393177986145 -0.026789996773004532 0.04993497207760811 0.038265760987997055 0.006573309190571308 0.9299948811531067 0.36751413345336914 0.09730300307273865 -0.05628497898578644 -0.3665952980518341 0.9286763072013855 -0.03641824424266815
1403636587.1135554 0.9985633492469788 -0.02255580946803093 0.04860570281744003 0.039652831852436066 0.0028872331604361534 0.9284194111824036 0.37152329087257385 0.09674368053674698 -0.05350650101900101 -0.3708491623401642 0.9271503686904907 -0.03395593911409378
1403636587.1635556 0.9986792206764221 -0.019379451870918274 0.04758460819721222 0.04268778860569 6.863381713628769e-05 0.9266417622566223 0.3759462237358093 0.09602021425962448 -0.051379524171352386 -0.3754463493824005 0.9254188537597656 -0.03162394464015961
1403636587.2135556 0.9987533688545227 -0.018414435908198357 0.04639815539121628 0.04650064930319786 -0.0005329092964529991 0.9254878163337708 0.37877732515335083 0.09515072405338287 -0.04991592466831207 -0.3783297836780548 0.9243239164352417 -0.02870379015803337
1403636587.2635555 0.998725175857544 -0.02004779875278473 0.046327248215675354 0.0525839626789093 0.0009509101510047913 0.9250624179840088 0.3798143267631531 0.09516625106334686 -0.05047005042433739 -0.3792860507965088 0.9239019155502319 -0.02586938440799713
1403636587.3135555 0.9986557960510254 -0.02205454185605049 0.04690614342689514 0.060445867478847504 0.0024837711825966835 0.9242821931838989 0.38170212507247925 0.093702033162117 -0.051772795617580414 -0.381072461605072 0.9230943322181702 -0.02247622422873974
