1305031102.175304 1.0 0.0 0.0 0.0 0.0 1.0 0.0 0.0 0.0 0.0 1.0 0.0
1305031102.211214 0.9999762773513794 0.0034113465808331966 -0.005985409952700138 -0.0015843468718230724 -0.003388172248378396 0.9999867677688599 0.003877677023410797 0.008041399531066418 0.005998558830469847 -0.003857305506244302 0.9999745488166809 0.010919785127043724
1305031102.275326 0.9998506307601929 0.002722641918808222 -0.01706661470234394 -0.0035623563453555107 -0.002270627534016967 0.9996475577354431 0.026448950171470642 0.008540743961930275 0.017132611945271492 -0.026406247168779373 0.9995044469833374 0.03518866375088692
1305031102.311267 0.9997367858886719 0.00076904526213184 -0.022930702194571495 -0.0014746979577466846 6.936459976714104e-05 0.9993321895599365 0.03653957322239876 0.006444873288273811 0.022943489253520966 -0.03653154522180557 0.999069094657898 0.04877346381545067
1305031102.343233 0.999662458896637 -0.002937742043286562 -0.025814399123191833 -0.0026373504661023617 0.00397053686901927 0.9991898536682129 0.040048748254776 0.007588786073029041 0.025675831362605095 -0.040137726813554764 0.9988642334938049 0.0601501390337944
1305031102.375329 0.9995598793029785 -0.0027709084097296 -0.029535017907619476 -0.0034213634207844734 0.004075033590197563 0.9990149736404419 0.04418690502643585 0.008191097527742386 0.02938348799943924 -0.04428781569004059 0.9985865950584412 0.07238611578941345
1305031102.411258 0.9994489550590515 -0.0008568940102122724 -0.03318215161561966 -0.006904320791363716 0.002375417621806264 0.9989500641822815 0.045750927180051804 0.012903916649520397 0.03310811147093773 -0.04580453783273697 0.9984016418457031 0.08319785445928574
1305031102.443271 0.999090850353241 -0.0015887487679719925 -0.042601846158504486 -0.004722165409475565 0.00386078841984272 0.9985708594322205 0.05330284312367439 0.019978156313300133 0.04245628044009209 -0.0534188486635685 0.9976692199707031 0.09391754865646362
1305031102.475318 0.9987859129905701 0.00017384941747877747 -0.04925986006855965 -0.001414889469742775 0.003235043026506901 0.9976035356521606 0.0691140666604042 0.01833893172442913 0.04915381595492363 -0.06918950378894806 0.9963918328285217 0.10696519166231155
1305031102.511219 0.9988898634910583 0.0032958490774035454 -0.04698960483074188 -0.0009055938571691513 0.00038339843740686774 0.9969474077224731 0.07807601988315582 0.019607840105891228 0.04710348695516586 -0.07800736278295517 0.9958393573760986 0.11974545568227768
1305031102.575286 0.9990377426147461 0.009316230192780495 -0.04285843297839165 0.0006205523386597633 -0.005229542497545481 0.9955115914344788 0.09449494630098343 0.013572974130511284 0.043546412140131 -0.0941798985004425 0.9946023225784302 0.14515216648578644
1305031102.611233 0.9993463754653931 0.007826725952327251 -0.035291437059640884 -0.0021125783678144217 -0.004614448174834251 0.995913028717041 0.09020047634840012 0.011273477226495743 0.035853177309036255 -0.08997868001461029 0.9952980875968933 0.1568523347377777
1305031102.675285 0.9993847012519836 0.003490249626338482 -0.03490177541971207 -0.007439229637384415 -0.00048816041089594364 0.9963245987892151 0.08565640449523926 0.021866269409656525 0.03507246822118759 -0.08558665961027145 0.9957131743431091 0.17999258637428284
1305031102.711263 0.9993555545806885 0.0010734542738646269 -0.035880982875823975 -0.007518618367612362 0.002084690611809492 0.9961302876472473 0.08786401897668839 0.02175857126712799 0.03583645820617676 -0.08788219839334488 0.9954859614372253 0.19362066686153412
1305031102.743234 0.9993362426757812 -0.0022961010690778494 -0.036358542740345 -0.007886369712650776 0.00544324703514576 0.9962198138237 0.08669794350862503 0.029571574181318283 0.036022040992975235 -0.08683830499649048 0.9955708980560303 0.20522546768188477
1305031102.775472 0.9994130730628967 0.0015020366990938783 -0.03422427922487259 -0.004947490990161896 0.0016335768159478903 0.9958122372627258 0.09140774607658386 0.030127553269267082 0.034218259155750275 -0.09141001850366592 0.995225191116333 0.21859869360923767
1305031102.811232 0.9996406435966492 0.0030198281165212393 -0.02663697861135006 -0.007226397283375263 -0.0005293556023389101 0.9956648945808411 0.09301242977380753 0.033630069345235825 0.026802396401762962 -0.09296491742134094 0.9953084588050842 0.23077529668807983
1305031102.84329 0.9997427463531494 0.004706521984189749 -0.022190870717167854 -0.004638733807951212 -0.002533494494855404 0.9952857494354248 0.0969538614153862 0.03427978977560997 0.02254258096218109 -0.09687270224094391 0.9950414299964905 0.24440352618694305
1305031102.875363 0.9998722672462463 0.008921466767787933 -0.01326360646635294 -0.008868916891515255 -0.007612888235598803 0.9953879117965698 0.09563034027814865 0.036370523273944855 0.014055605046451092 -0.09551718086004257 0.9953284859657288 0.25615566968917847
1305031102.911185 0.9998752474784851 0.011626450344920158 -0.010695449076592922 -0.009209628216922283 -0.010579254478216171 0.9955877065658569 0.09323741495609283 0.040779490023851395 0.011732285842299461 -0.09311264008283615 0.9955863952636719 0.2679508328437805
1305031102.975203 0.9997727274894714 0.015069490298628807 -0.015086999163031578 -0.02366839535534382 -0.013592992909252644 0.9955176711082458 0.09359332919120789 0.04676830396056175 0.016429785639047623 -0.09336698055267334 0.9954961538314819 0.2888048589229584
1305031103.011215 0.9995196461677551 0.01040689367800951 -0.029194500297307968 -0.02257465571165085 -0.007588074542582035 0.9954431653022766 0.09505363553762436 0.05047476291656494 0.03005068562924862 -0.09478644281625748 0.9950438737869263 0.29980653524398804
1305031103.043227 0.9991586804389954 0.006331036798655987 -0.04052358865737915 -0.023729007691144943 -0.0023470851592719555 0.9952215552330017 0.0976141169667244 0.05410684645175934 0.04094795137643814 -0.09743686020374298 0.9943989515304565 0.31079235672950745
1305031103.075319 0.9987905621528625 0.0024012059438973665 -0.049109362065792084 -0.019300665706396103 0.0024626082740724087 0.9951100945472717 0.09874071925878525 0.05321228876709938 0.049106329679489136 -0.09874223172664642 0.9939005374908447 0.3222940266132355
1305031103.11124 0.998824417591095 -0.0007163193076848984 -0.04847072437405586 -0.019748248159885406 0.0052584148943424225 0.9955917000770569 0.09364564716815948 0.06085529178380966 0.04818997159600258 -0.0937904492020607 0.9944249391555786 0.32961392402648926
1305031103.143318 0.9987781643867493 -0.0037149866111576557 -0.04927647486329079 -0.019058192148804665 0.008408277295529842 0.9954051971435547 0.09538203477859497 0.06368914246559143 0.04869571328163147 -0.09567983448505402 0.9942203760147095 0.3376035988330841
1305031103.175452 0.9989364743232727 -0.004834621679037809 -0.04585282877087593 -0.01992417871952057 0.00914846733212471 0.9954977035522461 0.09434279799461365 0.06976841390132904 0.04519027844071388 -0.09466195106506348 0.9944832921028137 0.34512999653816223
1305031103.243216 0.9988067746162415 -0.014336969703435898 -0.046683356165885925 -0.020836155861616135 0.019641278311610222 0.9931449294090271 0.1152263879776001 0.07924555242061615 0.04471134394407272 -0.1160058081150055 0.9922417998313904 0.36062636971473694
1305031103.27537 0.9985849857330322 -0.021186213940382004 -0.048774637281894684 -0.026704084128141403 0.027494844049215317 0.9907958507537842 0.13254287838935852 0.08097976446151733 0.04551762342453003 -0.13369639217853546 0.9899765253067017 0.3661928176879883
1305031103.31121 0.9975345730781555 -0.01867716573178768 -0.0676441565155983 -0.026379510760307312 0.028655804693698883 0.9883163571357727 0.14969821274280548 0.07444751262664795 0.06405789405107498 -0.15126755833625793 0.9864151477813721 0.3724895417690277
1305031103.343223 0.9966661334037781 -0.01771528646349907 -0.07964099198579788 -0.01998051628470421 0.02948049083352089 0.9883859157562256 0.14907732605934143 0.07724249362945557 0.07607509940862656 -0.15092821419239044 0.9856131672859192 0.37470221519470215
1305031103.375327 0.9967355132102966 -0.021167701110243797 -0.07791270315647125 -0.01821257919073105 0.03323628753423691 0.9870345592498779 0.15702861547470093 0.07549387216567993 0.0735786110162735 -0.15910550951957703 0.9845160245895386 0.3749946057796478
1305031103.41126 0.9967585802078247 -0.023779582232236862 -0.07685518264770508 -0.018966229632496834 0.03603864461183548 0.9860840439796448 0.16229435801506042 0.07101436704397202 0.07192636281251907 -0.16453807055950165 0.9837448596954346 0.374622106552124
1305031103.44328 0.9965725541114807 -0.02274714596569538 -0.07953431457281113 -0.021020913496613503 0.035527825355529785 0.9859564900398254 0.16317935287952423 0.06818190217018127 0.07470552623271942 -0.1654457449913025 0.983385443687439 0.3702455461025238
1305031103.475274 0.9962952136993408 -0.017758462578058243 -0.08414477109909058 -0.021017763763666153 0.03135482594370842 0.9861053228378296 0.1631348580121994 0.06464111059904099 0.0800785943865776 -0.1651688665151596 0.9830090999603271 0.3661384582519531
1305031103.511333 0.9960818290710449 -0.01357155479490757 -0.08738820254802704 -0.01981404796242714 0.027542410418391228 0.9866164922714233 0.16071480512619019 0.05859101191163063 0.08403749763965607 -0.16249200701713562 0.9831247329711914 0.3592279851436615
1305031103.543444 0.9958478212356567 -0.009763611480593681 -0.09050779789686203 -0.0187712162733078 0.023658694699406624 0.9878261685371399 0.15375149250030518 0.05323895439505577 0.08790481835603714 -0.15525440871715546 0.9839558005332947 0.3513241410255432
1305031103.575474 0.9958189725875854 -0.010241455398499966 -0.09077225625514984 -0.021433424204587936 0.023311151191592216 0.9892857670783997 0.14411848783493042 0.05139399319887161 0.08832372725009918 -0.14563193917274475 0.9853883385658264 0.34137028455734253
1305031103.611223 0.9951266050338745 -0.01276149321347475 -0.09777529537677765 -0.02132074348628521 0.02636970952153206 0.9899157881736755 0.1391802877187729 0.047223396599292755 0.09501317888498306 -0.1410803347826004 0.9854283332824707 0.33184242248535156
1305031103.643445 0.9944285750389099 -0.01215607300400734 -0.10470890998840332 -0.021724700927734375 0.026170389726758003 0.9906993508338928 0.1335279643535614 0.04295843467116356 0.10211189836263657 -0.13552431762218475 0.9854980111122131 0.32023411989212036
1305031103.675523 0.9934995770454407 -0.014764208346605301 -0.11287353932857513 -0.017160627990961075 0.02932795323431492 0.9912784695625305 0.12847892940044403 0.03932856023311615 0.10999223589897156 -0.13095414638519287 0.9852678775787354 0.3094584345817566
1305031103.71161 0.9931446313858032 -0.01503421925008297 -0.11592039465904236 -0.014519721269607544 0.029460478574037552 0.9918745160102844 0.12376127392053604 0.03570457175374031 0.11311785876750946 -0.12632793188095093 0.9855179786682129 0.29722729325294495
1305031103.743326 0.9932066202163696 -0.01311047375202179 -0.11562257260084152 -0.012507034465670586 0.027198759838938713 0.9922643899917603 0.12112627923488617 0.028160370886325836 0.11314016580581665 -0.12344823777675629 0.9858801960945129 0.2843911647796631
1305031103.775342 0.9934322834014893 -0.007239972706884146 -0.11419153958559036 -0.011793866753578186 0.020344866439700127 0.993270218372345 0.11401897668838501 0.026425495743751526 0.11259756982326508 -0.11559335887432098 0.9868941903114319 0.26925426721572876
1305031103.811242 0.993854284286499 2.346112160012126e-05 -0.11069727689027786 -0.012430520728230476 0.012937787920236588 0.9931219220161438 0.11636757850646973 0.02334083989262581 0.10993863642215729 -0.11708459258079529 0.9870180487632751 0.25763392448425293
1305031103.843251 0.994005024433136 0.0040373788215219975 -0.10925997793674469 -0.014290416613221169 0.009299127385020256 0.9925751090049744 0.12127754092216492 0.02389359660446644 0.10893839597702026 -0.12156648933887482 0.9865870475769043 0.244917631149292
1305031103.875361 0.993489146232605 0.01218411885201931 -0.11327327787876129 -0.01611277088522911 0.00350274913944304 0.9905279874801636 0.13726674020290375 0.01302785612642765 0.11387282609939575 -0.13676977157592773 0.9840360879898071 0.23261620104312897
1305031103.911221 0.992424726486206 0.016146454960107803 -0.12178858369588852 -0.013643231242895126 1.69314444065094e-06 0.9913238883018494 0.13144129514694214 0.01023290865123272 0.12285425513982773 -0.13044579327106476 0.9838144183158875 0.21601484715938568
1305031103.943211 0.9917156100273132 0.01789001375436783 -0.12720143795013428 -0.012201660312712193 -0.0010289289057254791 0.9913285970687866 0.13140162825584412 0.0036970097571611404 0.1284492015838623 -0.1301821768283844 0.9831344485282898 0.20305801928043365
1305031103.975373 0.9908812642097473 0.020230336114764214 -0.13321101665496826 -0.007856780663132668 -0.0029922835528850555 0.9917241334915161 0.1283521056175232 -0.0015515442937612534 0.13470518589019775 -0.126783087849617 0.9827413558959961 0.19018599390983582
1305031104.011232 0.9909307360649109 0.020214775577187538 -0.13284382224082947 -0.005762038752436638 -0.0038027334958314896 0.99244225025177 0.12265342473983765 -0.008650930598378181 0.1343192458152771 -0.1210358738899231 0.9835185408592224 0.17885956168174744
1305031104.043249 0.9915984869003296 0.022531207650899887 -0.1273765116930008 -0.0021508894860744476 -0.008573254570364952 0.9939956068992615 0.10908366739749908 -0.01238330453634262 0.1290694773197174 -0.10707516223192215 0.9858376979827881 0.16244277358055115
1305031104.075425 0.9925525188446045 0.026078881695866585 -0.11899284273386002 0.0009568780660629272 -0.01416616141796112 0.9948984980583191 0.09988147020339966 -0.011586286127567291 0.12099060416221619 -0.09745194017887115 0.9878584146499634 0.14746811985969543
1305031104.111235 0.9932514429092407 0.029186690226197243 -0.11224863678216934 0.007850280031561852 -0.018298350274562836 0.9951321482658386 0.0968363806605339 -0.018816117197275162 0.11452857404947281 -0.09412889927625656 0.9889504909515381 0.13655757904052734
1305031104.14323 0.9946410059928894 0.03072504512965679 -0.09871707111597061 0.005105537362396717 -0.022158542647957802 0.9959852695465088 0.0867316797375679 -0.02238069660961628 0.1009855791926384 -0.08407945930957794 0.991328775882721 0.12147689610719681
1305031104.175424 0.9953343868255615 0.03156634047627449 -0.0911766067147255 0.004343998618423939 -0.0244311336427927 0.9966273903846741 0.07833955436944962 -0.02480912394821644 0.09334199130535126 -0.07574648410081863 0.9927486181259155 0.10674836486577988
1305031104.211283 0.9957713484764099 0.03177784010767937 -0.0861939787864685 0.004986366257071495 -0.025528302416205406 0.9970299005508423 0.07266286015510559 -0.03164348751306534 0.08824703097343445 -0.07015519589185715 0.9936251044273376 0.09336438030004501
1305031104.243196 0.9961180090904236 0.03102315589785576 -0.08238054811954498 0.006312001962214708 -0.025943437591195107 0.9977370500564575 0.062032025307416916 -0.03248472139239311 0.08411855250597 -0.059653960168361664 0.9946685433387756 0.08047409355640411
1305031104.275546 0.9965559840202332 0.03183253854513168 -0.0765695869922638 0.0062518976628780365 -0.027900496497750282 0.9982632994651794 0.0518854483962059 -0.03354458883404732 0.07808825373649597 -0.04957042634487152 0.9957133531570435 0.06716739386320114
1305031104.311219 0.9969576001167297 0.03263559937477112 -0.07078438997268677 0.007553433068096638 -0.029477642849087715 0.9985425472259521 0.04520872235298157 -0.03536376729607582 0.0721566453576088 -0.042984627187252045 0.9964665770530701 0.056106384843587875
1305031104.343342 0.9973954558372498 0.032808419317007065 -0.0642329603433609 0.010405752807855606 -0.030376626178622246 0.9987977147102356 0.03847656771540642 -0.03581376373767853 0.0654180720448494 -0.03642517700791359 0.9971929788589478 0.0446627251803875
1305031104.375837 0.9979615211486816 0.03132729232311249 -0.05559936910867691 0.011881311424076557 -0.029442455619573593 0.9989742636680603 0.034401848912239075 -0.03626290336251259 0.0566200315952301 -0.0326947346329689 0.997860312461853 0.03434617072343826
1305031104.411509 0.9984958171844482 0.030867721885442734 -0.045313362032175064 0.007232228759676218 -0.02948637306690216 0.999089241027832 0.03084268793463707 -0.03652990981936455 0.04622412845492363 -0.02946016751229763 0.9984965324401855 0.023219581693410873
1305031104.443288 0.9987649321556091 0.029480870813131332 -0.03999263048171997 0.002287713810801506 -0.028326725587248802 0.9991742968559265 0.029124978929758072 -0.03598663955926895 0.0408182367682457 -0.027956150472164154 0.9987754225730896 0.01248935330659151
1305031104.475456 0.9987358450889587 0.0280402060598135 -0.041718050837516785 -0.0010507813422009349 -0.026760049164295197 0.9991631507873535 0.03093423694372177 -0.03848564252257347 0.04255054146051407 -0.02977876365184784 0.9986503720283508 0.003095075022429228
1305031104.511329 0.9985527396202087 0.026268692687153816 -0.0469277948141098 -0.0016650566831231117 -0.02489427663385868 0.9992506504058838 0.029636111110448837 -0.04158236086368561 0.047671131789684296 -0.028424987569451332 0.9984585642814636 -0.0050346869975328445
1305031104.543368 0.9983848929405212 0.024826090782880783 -0.051100216805934906 -0.0005536011885851622 -0.02364707924425602 0.9994429349899292 0.023549256846308708 -0.04376298189163208 0.051656387746334076 -0.02230285480618477 0.9984158277511597 -0.01447730977088213
1305031104.575343 0.9983309507369995 0.022597255185246468 -0.05314592644572258 0.00577442767098546 -0.02176152728497982 0.9996311068534851 0.016251660883426666 -0.04828577861189842 0.05349356308579445 -0.015068002045154572 0.9984544515609741 -0.022787097841501236
1305031104.611336 0.9986457228660583 0.01839926838874817 -0.048661213368177414 0.014617362059652805 -0.018372949212789536 0.9998307228088379 0.0009881667792797089 -0.05740279704332352 0.04867114871740341 -9.277556091547012e-05 0.9988148808479309 -0.02764543518424034
1305031104.643243 0.9992941617965698 0.017530931159853935 -0.03322090208530426 0.015262230299413204 -0.018363632261753082 0.999520480632782 -0.02492847852408886 -0.05489428713917732 0.032767944037914276 0.025520946830511093 0.9991370439529419 -0.042102035135030746
1305031104.675525 0.9996982216835022 0.01600717008113861 -0.01862557977437973 0.017329463735222816 -0.016866987571120262 0.9987543821334839 -0.04696071520447731 -0.058013029396533966 0.017850663512945175 0.04726071283221245 0.998723030090332 -0.050920628011226654
1305031104.711277 0.9999316930770874 0.011214982718229294 -0.003305122721940279 0.017717214301228523 -0.01142527163028717 0.9972990155220032 -0.07255291193723679 -0.061427973210811615 0.0024825260043144226 0.07258570194244385 0.9973590970039368 -0.06248587742447853
1305031104.74328 0.9999200701713562 0.007613420952111483 0.010095278732478619 0.02015165239572525 -0.006569397170096636 0.994996190071106 -0.09969565272331238 -0.05907943472266197 -0.01080377772450447 0.09962137043476105 0.9949666857719421 -0.07311026751995087
1305031104.775327 0.9996809363365173 0.005120955873280764 0.024736223742365837 0.01998492144048214 -0.0020249139051884413 0.9923298954963684 -0.12360065430402756 -0.05863498896360397 -0.025179438292980194 0.12351113557815552 0.9920235872268677 -0.08114726096391678
1305031104.811465 0.9993718862533569 0.00027204363141208887 0.03543833643198013 0.025362471118569374 0.004955453798174858 0.9890736937522888 -0.14733803272247314 -0.05236228555440903 -0.03509119898080826 0.14742112159729004 0.9884510636329651 -0.08813639730215073
1305031104.843258 0.9987014532089233 -0.003310522763058543 0.05083774775266647 0.022795898839831352 0.011694438755512238 0.9861372113227844 -0.16551917791366577 -0.04645416885614395 -0.04958502575755119 0.16589877009391785 0.9848952889442444 -0.0949316918849945
1305031104.87535 0.9982538819313049 -0.007755436934530735 0.05855941399931908 0.019533980637788773 0.018160659819841385 0.983624279499054 -0.17931383848190308 -0.03749246150255203 -0.056209780275821686 0.18006420135498047 0.9820473790168762 -0.09947336465120316
1305031104.911534 0.9980801939964294 -0.01039841864258051 0.061056479811668396 0.019517043605446815 0.02153928391635418 0.9825469851493835 -0.1847633421421051 -0.03407280519604683 -0.05806959047913551 0.18572375178337097 0.9808845520019531 -0.10165081918239594
1305031104.943262 0.9979949593544006 -0.012081257067620754 0.06213028356432915 0.020047161728143692 0.023476069793105125 0.9822511672973633 -0.18609556555747986 -0.03266395628452301 -0.05877925455570221 0.1871809959411621 0.9805651903152466 -0.09989229589700699
1305031104.975202 0.9980396628379822 -0.014863291755318642 0.0607944019138813 0.01930871047079563 0.0259898379445076 0.9821001291275024 -0.18655748665332794 -0.02476920187473297 -0.056933317333459854 0.18777179718017578 0.9805611371994019 -0.09625948965549469
1305031105.01129 0.9981562495231628 -0.016057198867201805 0.05853460729122162 0.021259885281324387 0.026249930262565613 0.9837217926979065 -0.17777028679847717 -0.021747933700680733 -0.05472726374864578 0.1789790391921997 0.9823294878005981 -0.08985955268144608
1305031105.043373 0.9982551336288452 -0.0141698457300663 0.05732455477118492 0.0200657919049263 0.023673858493566513 0.9853856563568115 -0.1686849445104599 -0.016228167340159416 -0.05409654229879379 0.16974768042564392 0.9840015769004822 -0.08144107460975647
1305031105.07532 0.9983839392662048 -0.010378867387771606 0.05587456002831459 0.01878633163869381 0.018803518265485764 0.9881340861320496 -0.15243825316429138 -0.01986326090991497 -0.053629398345947266 0.15324252843856812 0.9867321252822876 -0.07281074672937393
1305031105.111299 0.9984842538833618 -0.006878869608044624 0.05460752546787262 0.015608618967235088 0.014497172087430954 0.9899932742118835 -0.1403682976961136 -0.02154465764760971 -0.053095489740371704 0.14094719290733337 0.9885922074317932 -0.061222877353429794
1305031105.143106 0.9987961053848267 -0.004164360463619232 0.048880476504564285 0.012303954921662807 0.010605722665786743 0.991157054901123 -0.1322699934244156 -0.00970928929746151 -0.04789738357067108 0.1326291561126709 0.9900076985359192 -0.046408165246248245
1305031105.175159 0.9991039633750916 0.00016778083227109164 0.04232391342520714 0.010144704021513462 0.004408715292811394 0.9941396117210388 -0.10801377147436142 -0.004151908680796623 -0.04209398478269577 0.10810357332229614 0.9932478666305542 -0.032927222549915314
1305031105.211268 0.9992763996124268 0.006146768108010292 0.03753821551799774 0.002456732327118516 -0.003122781403362751 0.996782660484314 -0.0800909548997879 -0.012561371549963951 -0.037909723818302155 0.07991576939821243 0.9960803389549255 -0.021379590034484863
1305031105.24327 0.9995307922363281 0.009451163932681084 0.029140373691916466 -0.0043394481763243675 -0.007526750676333904 0.9978270530700684 -0.06545598059892654 -0.008491149172186852 -0.029695672914385796 0.06520591676235199 0.9974297285079956 -0.008025338873267174
1305031105.275288 0.9998030066490173 0.010519694536924362 0.01683373935520649 -0.007267846260219812 -0.009756007231771946 0.9989472031593323 -0.044823057949543 -0.00594020402058959 -0.01728753186762333 0.04464999586343765 0.9988530278205872 0.004384440835565329
1305031105.31129 0.9998870491981506 0.014112613163888454 0.005185787566006184 -0.013179680332541466 -0.013990182429552078 0.9996390342712402 -0.02293228730559349 -0.009382682852447033 -0.00550753902643919 0.02285713329911232 0.9997234344482422 0.015624397434294224
1305031105.343302 0.9998380541801453 0.01528077945113182 -0.00949520617723465 -0.012029251083731651 -0.015312028117477894 0.9998775720596313 -0.0032268017530441284 -0.015654906630516052 0.00944472849369049 0.0033716699108481407 0.9999496936798096 0.03273487463593483
1305031105.375338 0.9997098445892334 0.01521053072065115 -0.01867343857884407 -0.01400623470544815 -0.015119937248528004 0.9998733997344971 0.004983009770512581 -0.01731119677424431 0.018746856600046158 -0.004699221812188625 0.9998131990432739 0.04626557230949402
1305031105.411286 0.9994486570358276 0.016097810119390488 -0.02903534471988678 -0.01421268004924059 -0.015734467655420303 0.9997956156730652 0.01269911602139473 -0.009134221822023392 0.02923382818698883 -0.012235257774591446 0.9994977116584778 0.05980195477604866
1305031105.443316 0.9991658329963684 0.016635725274682045 -0.03729541227221489 -0.01483525987714529 -0.015561285428702831 0.9994606971740723 0.028916407376527786 -0.013822926208376884 0.03775634616613388 -0.028311915695667267 0.9988858103752136 0.0741024762392044
1305031105.47528 0.9988794326782227 0.0176804568618536 -0.04390024393796921 -0.01545667927712202 -0.016098927706480026 0.999217689037323 0.036121368408203125 -0.012884378433227539 0.04450454190373421 -0.03537415340542793 0.9983826875686646 0.08730160444974899
1305031105.511332 0.9985340237617493 0.017308345064520836 -0.0512857586145401 -0.012930186465382576 -0.015022401697933674 0.99889075756073 0.044627636671066284 -0.010084524750709534 0.05200130492448807 -0.04379178211092949 0.9976863861083984 0.10132152587175369
1305031105.543282 0.9985378384590149 0.0159982331097126 -0.05163412168622017 -0.014863764867186546 -0.013246648013591766 0.9984960556030273 0.05319914221763611 -0.011542881838977337 0.05240756273269653 -0.05243737995624542 0.997248113155365 0.11550134420394897
1305031105.575449 0.9984097480773926 0.01616150327026844 -0.05400681495666504 -0.016014214605093002 -0.012936271727085114 0.9981417655944824 0.05954384803771973 -0.009978566318750381 0.054868780076503754 -0.058750517666339874 0.9967636466026306 0.1297820806503296
1305031105.611378 0.9982877969741821 0.013648142106831074 -0.05687835067510605 -0.014364589005708694 -0.009877653792500496 0.9977672696113586 0.06605197489261627 -0.01187568437308073 0.05765284597873688 -0.06537707149982452 0.9961937665939331 0.1443050354719162
1305031105.643273 0.9983392953872681 0.008535647764801979 -0.056971244513988495 -0.01622910238802433 -0.004743359051644802 0.9977837800979614 0.06637119501829147 -0.009622550569474697 0.05741150304675102 -0.06599072366952896 0.9961672425270081 0.15880922973155975
1305031105.711309 0.998197078704834 0.006356160156428814 -0.059683725237846375 -0.007889974862337112 -0.0020776265300810337 0.9974401593208313 0.07147690653800964 -0.010824213735759258 0.05998526141047478 -0.07122405618429184 0.9956550002098083 0.18887963891029358
1305031105.743312 0.9986703991889954 0.005933739244937897 -0.051207877695560455 -0.0084305414929986 -0.002616340760141611 0.9979073405265808 0.06460841000080109 -0.003075423650443554 0.051484089344739914 -0.06438854336738586 0.9965959787368774 0.20162324607372284
1305031105.775339 0.9990068674087524 0.005615121219307184 -0.044200025498867035 -0.005065987817943096 -0.002601924119517207 0.9976862668991089 0.06793639063835144 -0.004830058664083481 0.044479236006736755 -0.06775392591953278 0.9967100620269775 0.2167753428220749
1305031105.811283 0.999427855014801 0.0036856085062026978 -0.03362100571393967 -0.006159101612865925 -0.0015208490658551455 0.9979367852210999 0.06418681889772415 -0.0018680263310670853 0.03378821909427643 -0.06409896910190582 0.9973713755607605 0.23138323426246643
1305031105.843271 0.9996132254600525 0.0023327646777033806 -0.027712486684322357 -0.0038120995741337538 -0.0006668341811746359 0.9981998801231384 0.05997253581881523 0.0013567889109253883 0.02780250832438469 -0.059930868446826935 0.9978152513504028 0.24512599408626556
1305031105.875337 0.9998331665992737 -0.0024778065271675587 -0.018102608621120453 -0.0027143361512571573 0.00348873483017087 0.9984230995178223 0.056028034538030624 0.00890954490751028 0.017935242503881454 -0.05608184263110161 0.9982650876045227 0.2584635317325592
1305031105.911262 0.9998490810394287 -0.013383469544351101 -0.011059137992560863 -0.0018979425076395273 0.014017910696566105 0.9981337189674377 0.05943521112203598 0.014679258689284325 0.010243043303489685 -0.05958128720521927 0.9981709122657776 0.27268800139427185
1305031105.943272 0.9998327493667603 -0.017712337896227837 -0.004518857691437006 -0.0019583331886678934 0.01796531490981579 0.9977893233299255 0.06398334354162216 0.019551217555999756 0.0033755647018551826 -0.06405384093523026 0.997940719127655 0.2851138412952423
1305031105.975329 0.9997695684432983 -0.02143273875117302 -0.0011264970526099205 -0.001403552945703268 0.021458348259329796 0.9971963167190552 0.07168670743703842 0.024777134880423546 -0.00041311047971248627 -0.07169436663389206 0.9974266290664673 0.2979313135147095
1305031106.011285 0.9996945858001709 -0.0245294738560915 0.0029622633010149 -0.0008829697035253048 0.0242184866219759 0.9965725541114807 0.07909858971834183 0.02931995689868927 -0.004892366006970406 -0.07900269329547882 0.9968624711036682 0.31055641174316406
1305031106.043355 0.9995974898338318 -0.02691500633955002 0.008959632366895676 -0.0034375619143247604 0.02601958066225052 0.9957503080368042 0.08834283798933029 0.03262843191623688 -0.011299312114715576 -0.08807414770126343 0.9960498213768005 0.3224877715110779
1305031106.07533 0.9994871020317078 -0.02997470460832119 0.011271104216575623 -0.005286502651870251 0.028772179037332535 0.995071530342102 0.09489359706640244 0.03724360838532448 -0.014059972018003464 -0.09452063590288162 0.9954236149787903 0.33386239409446716
1305031106.111327 0.9994152784347534 -0.03222843259572983 0.0114222951233387 -0.0070546576753258705 0.030891111120581627 0.9942575097084045 0.10245863348245621 0.04402806609869003 -0.014658785425126553 -0.10204587876796722 0.994671642780304 0.3425982892513275
1305031106.143355 0.9993107914924622 -0.0359969325363636 0.009071776643395424 -0.0093002337962389 0.03468474745750427 0.9924759268760681 0.11742451041936874 0.045020751655101776 -0.013230444863438606 -0.11702892929315567 0.9930403232574463 0.3537881672382355
1305031106.175534 0.9992847442626953 -0.03737077862024307 0.005795572884380817 -0.010292897000908852 0.03635747358202934 0.9915280938148499 0.12470065802335739 0.04777507483959198 -0.010406633839011192 -0.12440071254968643 0.9921774864196777 0.36370599269866943
1305031106.211275 0.999232292175293 -0.03902393952012062 0.003445933572947979 -0.011654451489448547 0.03820496425032616 0.9901538491249084 0.1346697062253952 0.045614175498485565 -0.008667346090078354 -0.13443467020988464 0.99088454246521 0.3731788992881775
1305031106.243267 0.9989699721336365 -0.045359835028648376 0.001245708204805851 -0.013697241432964802 0.04479552432894707 0.9901790022850037 0.13243478536605835 0.05001891776919365 -0.00724069494754076 -0.13224256038665771 0.9911909699440002 0.3814043402671814
1305031106.276385 0.9988764524459839 -0.04731333255767822 -0.002703688107430935 -0.014277089387178421 0.04725237190723419 0.9899893403053284 0.13299745321273804 0.05590130761265755 -0.0036159316077828407 -0.132975772023201 0.9911126494407654 0.3876116871833801
1305031106.311238 0.9984873533248901 -0.05453674495220184 -0.006975054740905762 -0.013689985498785973 0.05497637018561363 0.988693356513977 0.1395101249217987 0.05954445153474808 -0.0007122382521629333 -0.13968254625797272 0.9901960492134094 0.39308103919029236
1305031106.343258 0.9985033869743347 -0.05382306128740311 -0.009697455912828445 -0.014259220100939274 0.0546610988676548 0.987899124622345 0.14514727890491486 0.0675124078989029 0.0017678365111351013 -0.14546014368534088 0.9893625378608704 0.39469125866889954
1305031106.375388 0.999174952507019 -0.03871225565671921 -0.012282156385481358 -0.010233882814645767 0.04019248113036156 0.9859605431556702 0.1620691418647766 0.06900162994861603 0.0058356598019599915 -0.1624290645122528 0.9867029190063477 0.3973003923892975
1305031106.41132 0.9995856881141663 -0.02864721044898033 -0.002772071398794651 -0.008052580058574677 0.028676122426986694 0.983096718788147 0.18082721531391144 0.06086115166544914 -0.00245498213917017 -0.18083181977272034 0.9835109710693359 0.39874380826950073
1305031106.443278 0.9997420907020569 -0.0202377587556839 0.010303630493581295 -0.013812661170959473 0.017990514636039734 0.982666552066803 0.18450689315795898 0.0567975752055645 -0.013859037309885025 -0.18427395820617676 0.9827772378921509 0.3974747359752655
1305031106.475345 0.9997972249984741 -0.01708005741238594 0.010660981759428978 -0.016548745334148407 0.014824634417891502 0.9827702045440674 0.18423649668693542 0.054765038192272186 -0.013624067418277264 -0.1840411126613617 0.9828241467475891 0.3941545784473419
1305031106.511129 0.9998365044593811 -0.01737840287387371 0.004992261528968811 -0.018167002126574516 0.016170302405953407 0.9829487204551697 0.18316738307476044 0.04930861294269562 -0.00809029582887888 -0.18305668234825134 0.9830690622329712 0.38934755325317383
1305031106.543302 0.9998864531517029 -0.014555188827216625 -0.0038734343834221363 -0.01682908833026886 0.015010178089141846 0.9842145442962646 0.1763419806957245 0.046961165964603424 0.0012455997057259083 -0.17638011276721954 0.9843212962150574 0.37994760274887085
1305031106.575282 0.9998831152915955 -0.012813195586204529 -0.00832810066640377 -0.015977540984749794 0.014045793563127518 0.9852599501609802 0.1704862415790558 0.044550105929374695 0.0060208700597286224 -0.1705833375453949 0.9853248000144958 0.36949607729911804
1305031106.611151 0.9998837113380432 -0.006113746203482151 -0.013970368541777134 -0.01684747263789177 0.008382202126085758 0.9856513142585754 0.16858597099781036 0.04373030364513397 0.012739219702780247 -0.1686834841966629 0.9855879545211792 0.3582026958465576
1305031106.643207 0.9998186230659485 -0.001077876309864223 -0.019013790413737297 -0.016610734164714813 0.004309422802180052 0.9853048920631409 0.17075000703334808 0.03674772381782532 0.018550334498286247 -0.17080093920230865 0.9851309061050415 0.34728455543518066
1305031106.675279 0.999756932258606 -0.0008117062970995903 -0.022030755877494812 -0.020804403349757195 0.00441179471090436 0.9864733815193176 0.16386160254478455 0.03686942905187607 0.021599749103188515 -0.16391898691654205 0.9862372875213623 0.33352524042129517
1305031106.711508 0.9994376301765442 0.002243791241198778 -0.03345859795808792 -0.02152656763792038 0.003413550090044737 0.9857685565948486 0.16807302832603455 0.03237355500459671 0.03335955739021301 -0.1680927276611328 0.9852066040039062 0.3217945098876953
1305031106.743341 0.9989376068115234 0.0018852520734071732 -0.04604491963982582 -0.021931398659944534 0.005736541002988815 0.9863041639328003 0.16483630239963531 0.029080916196107864 0.04572506248950958 -0.16492532193660736 0.9852456450462341 0.30667781829833984
1305031106.77539 0.9981820583343506 0.002467559417709708 -0.060219425708055496 -0.01909235119819641 0.0074506476521492004 0.9864453077316284 0.16392076015472412 0.024827614426612854 0.059807661920785904 -0.1640714555978775 0.98463374376297 0.2905350923538208
1305031106.811289 0.9976462125778198 0.004068194888532162 -0.06845049560070038 -0.01781868003308773 0.007419563364237547 0.9859734177589417 0.16673702001571655 0.021403122693300247 0.06816869974136353 -0.1668524146080017 0.9836224913597107 0.2770807147026062
1305031106.843416 0.9970278143882751 0.008263057097792625 -0.07660014927387238 -0.017070576548576355 0.005039868876338005 0.9851076602935791 0.1718650758266449 0.011206444352865219 0.07687952369451523 -0.17174027860164642 0.9821378588676453 0.2629830539226532
1305031106.875905 0.996549129486084 0.015411569736897945 -0.08156168460845947 -0.014748764224350452 -0.0020328680984675884 0.9868489503860474 0.1616326868534088 0.0059196315705776215 0.08298008143901825 -0.16090911626815796 0.9834746718406677 0.24547521770000458
1305031106.911243 0.9966739416122437 0.023706717416644096 -0.07796794176101685 -0.015844354405999184 -0.011648323386907578 0.9883703589439392 0.15161916613578796 0.007224738597869873 0.08065558969974518 -0.15020668506622314 0.9853591322898865 0.2259426862001419
1305031106.943439 0.9966021180152893 0.03245605155825615 -0.07570228725671768 -0.015163971111178398 -0.020844770595431328 0.9885556101799011 0.14940984547138214 0.001153143122792244 0.07968518137931824 -0.14732420444488525 0.9858731031417847 0.2109958380460739
1305031106.975547 0.9966762065887451 0.037240125238895416 -0.07245494425296783 -0.013127914629876614 -0.026800479739904404 0.989780068397522 0.14006134867668152 -0.0068330951035022736 0.07693036645650864 -0.13765397667884827 0.9874882102012634 0.19477923214435577
1305031107.011576 0.9969026446342468 0.04430295154452324 -0.06497789919376373 -0.015019116923213005 -0.036057405173778534 0.9917522668838501 0.12299303710460663 -0.002862861379981041 0.06989093124866486 -0.12026917934417725 0.9902779459953308 0.17310073971748352
1305031107.043281 0.9969506859779358 0.048274412751197815 -0.061310186982154846 -0.01359020546078682 -0.04024890437722206 0.9912152886390686 0.1259850710630417 -0.010147392749786377 0.06685346364974976 -0.12313322722911835 0.990135669708252 0.15825043618679047
1305031107.075432 0.9971673488616943 0.05014483630657196 -0.05606147274374962 -0.0186389721930027 -0.04332814738154411 0.9922083020210266 0.11681313067674637 -0.015850763767957687 0.06148223951458931 -0.11405318975448608 0.9915704131126404 0.14211398363113403
1305031107.111229 0.9969624280929565 0.050525665283203125 -0.05927073210477829 -0.016438277438282967 -0.04402049258351326 0.9933544397354126 0.10634452104568481 -0.015836011618375778 0.06424997001886368 -0.10341236740350723 0.9925612211227417 0.1258600801229477
1305031107.14326 0.9969605803489685 0.05067260190844536 -0.05917554721236229 -0.012965490110218525 -0.04447013884782791 0.9938105940818787 0.10179870575666428 -0.01554066315293312 0.06396768987178802 -0.09885776042938232 0.9930434823036194 0.11057360470294952
1305031107.175399 0.9969936609268188 0.05290951207280159 -0.05660380423069 -0.011665964499115944 -0.047045644372701645 0.993840754032135 0.10033628344535828 -0.023781243711709976 0.06156391277909279 -0.09737168997526169 0.9933421015739441 0.09786941856145859
1305031107.211358 0.9970430731773376 0.05515182763338089 -0.05351008474826813 -0.008794219233095646 -0.05018921568989754 0.9946739673614502 0.09002567082643509 -0.02979084849357605 0.05819016695022583 -0.08707384765148163 0.9945008754730225 0.0854133665561676
1305031107.243378 0.9973703622817993 0.054635655134916306 -0.04761689901351929 -0.007509867660701275 -0.05088688060641289 0.9957571625709534 0.0766698494553566 -0.03007766604423523 0.0516037754714489 -0.07404515147209167 0.9959188103675842 0.0709778442978859
1305031107.275398 0.9976159930229187 0.054293192923069 -0.0425967201590538 -0.0043091238476336 -0.051393453031778336 0.9964656233787537 0.06644560396671295 -0.03404977172613144 0.046053700149059296 -0.06409801542758942 0.9968804121017456 0.059972573071718216
1305031107.311226 0.9978691339492798 0.055534638464450836 -0.0342487096786499 -0.004763063974678516 -0.053687237203121185 0.9971668720245361 0.052686914801597595 -0.039049260318279266 0.03707762062549591 -0.05073593556880951 0.9980235695838928 0.0472048781812191
1305031107.343509 0.9980349540710449 0.05510943755507469 -0.029814481735229492 0.0004899720661342144 -0.054166730493307114 0.9980332255363464 0.031553804874420166 -0.04401253163814545 0.03149474412202835 -0.02987685054540634 0.9990572333335876 0.03624619171023369
1305031107.375413 0.998335599899292 0.053607918322086334 -0.021263770759105682 0.002687005326151848 -0.05339435487985611 0.9985183477401733 0.010487841442227364 -0.03872315585613251 0.021794486790895462 -0.009335016831755638 0.9997188448905945 0.026191819459199905
1305031107.411271 0.998356819152832 0.05618356540799141 -0.011271771043539047 0.003341397037729621 -0.05621567741036415 0.9984154105186462 -0.002552323043346405 -0.040114954113960266 0.011110510677099228 0.003181781619787216 0.9999331831932068 0.017886321991682053
1305031107.443419 0.9985036849975586 0.054418694227933884 -0.005377352237701416 0.008998814970254898 -0.054482631385326385 0.9984356760978699 -0.01256190612912178 -0.04015633091330528 0.004685334861278534 0.012836083769798279 0.9999066591262817 0.010623128153383732
