1305031102.175304 1.0 0.0 0.0 0.0 0.0 1.0 0.0 0.0 0.0 0.0 1.0 0.0
1305031102.211214 0.9999762177467346 0.00342448428273201 -0.0059822965413331985 -0.0015938529977574944 -0.0034013057593256235 0.9999867081642151 0.0038804402574896812 0.008041884750127792 0.00599550548940897 -0.0038600002881139517 0.9999745488166809 0.010900130495429039
1305031102.275326 0.9998506307601929 0.002722649136558175 -0.017066607251763344 -0.0035623658914119005 -0.00227063475176692 0.9996475577354431 0.026448966935276985 0.008540719747543335 0.017132604494690895 -0.026406265795230865 0.9995044469833374 0.03518866375088692
1305031102.311267 0.9997367858886719 0.0007690450293011963 -0.022930696606636047 -0.0014747026143595576 6.936478894203901e-05 0.9993321895599365 0.036539576947689056 0.006444867700338364 0.022943485528230667 -0.03653154894709587 0.999069094657898 0.04877346381545067
1305031102.343233 0.9996647834777832 -0.0030076936818659306 -0.025715921074151993 -0.002760101342573762 0.004039030522108078 0.9991856217384338 0.04014758765697479 0.0074785323813557625 0.025574225932359695 -0.040237996727228165 0.9988628029823303 0.06011827290058136
1305031102.375329 0.9995607137680054 -0.0027595621068030596 -0.02950877882540226 -0.003452225122600794 0.004062599036842585 0.9990149140357971 0.044189244508743286 0.00818456057459116 0.02935776673257351 -0.044289715588092804 0.9985872507095337 0.07236421853303909
1305031102.411258 0.9994497299194336 -0.0008007775177247822 -0.033160045742988586 -0.006927190814167261 0.0023158234544098377 0.998953640460968 0.045675743371248245 0.013006152585148811 0.033088769763708115 -0.04572740197181702 0.9984058141708374 0.08320717513561249
1305031102.443271 0.9990298748016357 -0.002178287599235773 -0.043984025716781616 -0.0028293244540691376 0.0045532360672950745 0.9985322952270508 0.05396795645356178 0.019416209310293198 0.04380191117525101 -0.05411586910486221 0.9975734949111938 0.09393171221017838
1305031102.475318 0.9987324476242065 -0.0013595563359558582 -0.05031576007604599 0.00022884784266352654 0.004933651071041822 0.9974657297134399 0.07097747176885605 0.01655716449022293 0.05009175091981888 -0.0711357519030571 0.9962080121040344 0.10633211582899094
1305031102.511219 0.998837411403656 0.0018800821853801608 -0.048170559108257294 0.0008437493816018105 0.0019536230247467756 0.996839702129364 0.07941555231809616 0.01842348650097847 0.0481676310300827 -0.07941733300685883 0.9956769943237305 0.11971503496170044
1305031102.575286 0.999017059803009 0.008527524769306183 -0.04349913448095322 0.0013341777957975864 -0.004327643662691116 0.9953963756561279 0.0957462340593338 0.01237781997770071 0.04411536455154419 -0.09546386450529099 0.9944548606872559 0.1451251208782196
1305031102.611233 0.9993217587471008 0.007068675011396408 -0.036136843264102936 -0.0012927353382110596 -0.003741468768566847 0.9958142638206482 0.09132388979196548 0.010237213224172592 0.03663112595677376 -0.09112673252820969 0.9951652884483337 0.15690374374389648
1305031102.675285 0.999372124671936 0.0025810159277170897 -0.03533721715211868 -0.006999901495873928 0.0004999245866201818 0.9962168335914612 0.08690162003040314 0.020553603768348694 0.035427819937467575 -0.08686472475528717 0.9955899715423584 0.1798689216375351
1305031102.711263 0.9993396997451782 0.0005878605297766626 -0.03633010759949684 -0.007071979809552431 0.002661813283339143 0.9959981441497803 0.08933534473180771 0.020285025238990784 0.036237236112356186 -0.08937305212020874 0.9953387975692749 0.19344675540924072
1305031102.743234 0.999293327331543 -0.0035363049246370792 -0.037419989705085754 -0.00667136674746871 0.006842577829957008 0.9960438013076782 0.08860045671463013 0.027794595807790756 0.03695862740278244 -0.08879388868808746 0.9953641891479492 0.20518985390663147
1305031102.775472 0.9993799328804016 0.0002609994262456894 -0.035209737718105316 -0.003971177618950605 0.0030169966630637646 0.9956603646278381 0.09301377832889557 0.0287126787006855 0.03508122265338898 -0.09306232631206512 0.995042085647583 0.21887487173080444
1305031102.811232 0.9996383786201477 0.002410702407360077 -0.026781929656863213 -0.007025573868304491 0.00013077910989522934 0.9955257773399353 0.09449087083339691 0.032376471906900406 0.02688988484442234 -0.09446019679307938 0.9951654672622681 0.2306375354528427
1305031102.84329 0.9997190833091736 0.003062949515879154 -0.023503784090280533 -0.003219420788809657 -0.000732017622794956 0.9951320886611938 0.09854697436094284 0.032871734350919724 0.023691218346357346 -0.09850206971168518 0.994854748249054 0.24295194447040558
1305031102.875363 0.9998666048049927 0.00721425237134099 -0.014652969315648079 -0.0074210683815181255 -0.0057624527253210545 0.9952861070632935 0.09681046009063721 0.03538103401660919 0.015282311476767063 -0.09671308845281601 0.9951949119567871 0.254633367061615
1305031102.911185 0.9998779892921448 0.010291370563209057 -0.011753355152904987 -0.008096717298030853 -0.009133541025221348 0.9954696893692017 0.09463866800069809 0.03974059596657753 0.01267407089471817 -0.0945197343826294 0.995442271232605 0.2667609751224518
1305031102.975203 0.9997796416282654 0.013638604432344437 -0.015956901013851166 -0.022725436836481094 -0.012073558755218983 0.9954639673233032 0.09436923265457153 0.04617141932249069 0.01717158406972885 -0.09415576606988907 0.995409369468689 0.2875150144100189
1305031103.011215 0.999500036239624 0.008688747882843018 -0.030401375144720078 -0.021408136934041977 -0.005730712786316872 0.9953583478927612 0.09606700390577316 0.04960375279188156 0.03109496459364891 -0.09584475308656693 0.9949104189872742 0.2982218861579895
1305031103.043227 0.9991220235824585 0.004628203809261322 -0.041637860238552094 -0.02252122014760971 -0.00047284155152738094 0.9950615763664246 0.09925871342420578 0.05265473574399948 0.04189162328839302 -0.0991518646478653 0.9941900968551636 0.3092014193534851
1305031103.075319 0.998691201210022 0.00022793801326770335 -0.051145683974027634 -0.01744678057730198 0.004940830171108246 0.9948832988739014 0.10091046988964081 0.05133847892284393 0.05090698227286339 -0.10103108733892441 0.9935799241065979 0.32083338499069214
1305031103.11124 0.9987584948539734 -0.0026100901886820793 -0.04974683001637459 -0.01847396045923233 0.007329572923481464 0.9954574108123779 0.09492544084787369 0.05971594154834747 0.049273084849119186 -0.09517218917608261 0.9942405819892883 0.32782796025276184
1305031103.143318 0.9987260103225708 -0.004715100396424532 -0.050239142030477524 -0.018420379608869553 0.009471475146710873 0.9954453110694885 0.0948619619011879 0.06426425278186798 0.04956303909420967 -0.09521695226430893 0.9942218661308289 0.33768531680107117
1305031103.175452 0.9988974332809448 -0.00576883926987648 -0.04658857733011246 -0.019514936953783035 0.0101508479565382 0.9954848289489746 0.09437643736600876 0.06978629529476166 0.045833781361579895 -0.09474530071020126 0.9944459199905396 0.3450259268283844
1305031103.243216 0.9987277984619141 -0.015584787353873253 -0.04795818775892258 -0.01994183659553528 0.02094408869743347 0.9933330416679382 0.11336033046245575 0.08070441335439682 0.04587176442146301 -0.114220529794693 0.9923958778381348 0.3611947298049927
1305031103.27537 0.9985972046852112 -0.021805476397275925 -0.04825010150671005 -0.02742590755224228 0.028039736673235893 0.9907783269882202 0.1325594186782837 0.0809246078133583 0.04491463303565979 -0.13372638821601868 0.9899999499320984 0.3659021258354187
1305031103.31121 0.9974756240844727 -0.01938084326684475 -0.06831340491771698 -0.026078779250383377 0.029402149841189384 0.9884155988693237 0.14889612793922424 0.07506447285413742 0.06463630497455597 -0.15052880346775055 0.9864903092384338 0.3724442720413208
1305031103.343223 0.996612012386322 -0.018317995592951775 -0.08017979562282562 -0.019720720127224922 0.030131705105304718 0.9884213209152222 0.14871232211589813 0.07743634283542633 0.07652730494737625 -0.15062445402145386 0.9856246113777161 0.37441694736480713
1305031103.375327 0.9966554045677185 -0.022152116522192955 -0.07865899801254272 -0.017879221588373184 0.03431977331638336 0.9870204329490662 0.15688470005989075 0.07566490769386292 0.07416270673274994 -0.1590595543384552 0.984479546546936 0.3750329613685608
1305031103.41126 0.9966755509376526 -0.024670900776982307 -0.07764872908592224 -0.018534507602453232 0.037012144923210144 0.986136257648468 0.1617569923400879 0.07155300676822662 0.07258153706789017 -0.16409316658973694 0.983771026134491 0.3749043345451355
1305031103.44328 0.9965144395828247 -0.0235416479408741 -0.08002980053424835 -0.020915448665618896 0.03633061796426773 0.98606938123703 0.162318155169487 0.06898211687803268 0.07509370148181915 -0.16465990245342255 0.9834877252578735 0.3703155815601349
1305031103.475274 0.9962091445922852 -0.018355289474129677 -0.08503115922212601 -0.02058779075741768 0.03206176310777664 0.9861454367637634 0.1627548784017563 0.06496718525886536 0.08086568117141724 -0.16486415266990662 0.9829956889152527 0.3660423159599304
1305031103.511333 0.9959177374839783 -0.014454307965934277 -0.08910053968429565 -0.018777966499328613 0.02866441383957863 0.9866459965705872 0.16033700108528137 0.05897464603185654 0.08559311926364899 -0.16223648190498352 0.9830326437950134 0.35960298776626587
1305031103.543444 0.9957671165466309 -0.010924662463366985 -0.09125984460115433 -0.018326381221413612 0.024809081107378006 0.9880032539367676 0.1524270474910736 0.05434646084904671 0.08849980682134628 -0.15404590964317322 0.9840922951698303 0.35130053758621216
1305031103.575474 0.9956461787223816 -0.01152702234685421 -0.09249715507030487 -0.02018832229077816 0.02475731074810028 0.9893852472305298 0.14319203794002533 0.052300676703453064 0.08986473828554153 -0.14485856890678406 0.9853631258010864 0.341595321893692
1305031103.611223 0.9950280785560608 -0.013694383203983307 -0.0986483246088028 -0.020925229415297508 0.027480237185955048 0.9898014664649963 0.1397782415151596 0.04659014567732811 0.0957280695438385 -0.14179417490959167 0.9852566123008728 0.331349641084671
1305031103.643445 0.9942751526832581 -0.013208787888288498 -0.10603031516075134 -0.020792372524738312 0.027402363717556 0.9906635284423828 0.13354693353176117 0.04296010360121727 0.10327637940645218 -0.13568788766860962 0.9853540658950806 0.32013073563575745
1305031103.675523 0.9935121536254883 -0.015165576711297035 -0.11271031200885773 -0.0174618661403656 0.029762573540210724 0.9912004470825195 0.12897972762584686 0.03878739848732948 0.10976246744394302 -0.13149748742580414 0.9852211475372314 0.30898958444595337
1305031103.71161 0.9931343197822571 -0.01580401137471199 -0.11590733379125595 -0.0146445631980896 0.030180782079696655 0.9919037222862244 0.12335294485092163 0.0360286571085453 0.11301945149898529 -0.1260041892528534 0.9855706691741943 0.29692280292510986
1305031103.743326 0.9930433630943298 -0.014517506584525108 -0.11685147881507874 -0.011551508679986 0.02881927415728569 0.9921543002128601 0.12165166437625885 0.02769741788506508 0.11416862905025482 -0.12417295575141907 0.9856706857681274 0.2846258282661438
1305031103.775342 0.9932685494422913 -0.008526676334440708 -0.1155201643705368 -0.010788142681121826 0.021921593695878983 0.9931020736694336 0.11518479138612747 0.02533755823969841 0.1137411892414093 -0.11694182455539703 0.9866039752960205 0.26970019936561584
1305031103.811242 0.9936755299568176 -0.001756549347192049 -0.1122756376862526 -0.011026168242096901 0.015071995556354523 0.9929159879684448 0.11785788834095001 0.022007877007126808 0.11127325147390366 -0.1188046932220459 0.9866628646850586 0.2567780911922455
1305031103.843251 0.9939626455307007 0.0033170999959111214 -0.10966834425926208 -0.013958985917270184 0.010264508426189423 0.9923479557037354 0.12304605543613434 0.022282972931861877 0.10923729836940765 -0.12342885881662369 0.9863227009773254 0.24479475617408752
1305031103.875361 0.993424117565155 0.011942468583583832 -0.11386807262897491 -0.01549546793103218 0.003935675602406263 0.9903952479362488 0.13820871710777283 0.012199802324175835 0.11442495882511139 -0.13774798810482025 0.9838355183601379 0.23272660374641418
1305031103.911221 0.9922792911529541 0.015055711381137371 -0.12310558557510376 -0.012609313242137432 0.0013511083088815212 0.9912331104278564 0.13211749494075775 0.009497031569480896 0.1240154504776001 -0.13126377761363983 0.9835599064826965 0.21619784832000732
1305031103.943211 0.9916042685508728 0.016433458775281906 -0.12826132774353027 -0.011049170047044754 0.0007278770208358765 0.9911665916442871 0.13262036442756653 0.0023580677807331085 0.12930774688720703 -0.1316002756357193 0.9828330278396606 0.20149286091327667
1305031103.975373 0.9907677173614502 0.018369516357779503 -0.1343197226524353 -0.006611166521906853 -0.0007709097117185593 0.991524875164032 0.12991420924663544 -0.0033831316977739334 0.1355677992105484 -0.1286112368106842 0.9823850393295288 0.1884366124868393
1305031104.011232 0.9907160401344299 0.020319916307926178 -0.13442039489746094 -0.003912422806024551 -0.0034725842997431755 0.9922263622283936 0.12439795583486557 -0.010329103097319603 0.13590319454669952 -0.12277624756097794 0.983085036277771 0.17736376821994781
1305031104.043249 0.9914364814758301 0.0223565474152565 -0.12866200506687164 -0.0007923431694507599 -0.008078834973275661 0.99385005235672 0.11043982207775116 -0.01334085501730442 0.13033975660800934 -0.108454629778862 0.9855196475982666 0.16165593266487122
1305031104.075425 0.9924358129501343 0.026551004499197006 -0.11985854804515839 0.0019298102706670761 -0.014357824809849262 0.9947351217269897 0.10146959871053696 -0.013229245319962502 0.121921606361866 -0.09898114949464798 0.9875919222831726 0.1458727866411209
1305031104.111235 0.9933508634567261 0.028552809730172157 -0.11152899265289307 0.0070915259420871735 -0.017695652320981026 0.9951122403144836 0.09715202450752258 -0.019267670810222626 0.11375781893730164 -0.09453245997428894 0.9890009164810181 0.1350041627883911
1305031104.14323 0.9947183728218079 0.030438505113124847 -0.0980243980884552 0.004998781718313694 -0.021714355796575546 0.9958067536354065 0.08886773884296417 -0.02499883994460106 0.10031834244728088 -0.08626983314752579 0.9912081956863403 0.11913370341062546
1305031104.175424 0.9953189492225647 0.03107280097901821 -0.09151279926300049 0.004816130734980106 -0.023802585899829865 0.9965513944625854 0.07949138432741165 -0.026271652430295944 0.09366721659898758 -0.07694104313850403 0.9926260709762573 0.10554460436105728
1305031104.211283 0.9958369731903076 0.0314008891582489 -0.08557310700416565 0.00464655039831996 -0.025157179683446884 0.9970081448554993 0.07308943569660187 -0.03269103169441223 0.08761213719844818 -0.07063236832618713 0.9936474561691284 0.09154054522514343
1305031104.243196 0.9962358474731445 0.030756888911128044 -0.08104345202445984 0.005052835214883089 -0.025670701637864113 0.9976789355278015 0.06307028234004974 -0.03396767005324364 0.0827951729297638 -0.06075242534279823 0.9947130680084229 0.07858122140169144
1305031104.275546 0.9965723752975464 0.03174164146184921 -0.07639332860708237 0.006334031466394663 -0.02765979804098606 0.9981627464294434 0.05390961468219757 -0.03552636131644249 0.07796414941549301 -0.05161179602146149 0.9956192374229431 0.0657382607460022
1305031104.311219 0.9969766139984131 0.03186187148094177 -0.07086921483278275 0.007915880531072617 -0.02868157997727394 0.9985548257827759 0.04544936120510101 -0.036094509065151215 0.07221491634845734 -0.04327929764986038 0.9964496493339539 0.053539425134658813
1305031104.343342 0.9974690079689026 0.031712837517261505 -0.06363873183727264 0.010544860735535622 -0.029352428391575813 0.9988582730293274 0.037689246237277985 -0.03510080277919769 0.06476128846406937 -0.03572589159011841 0.9972610473632812 0.04269745200872421
1305031104.375837 0.9980353713035583 0.031007731333374977 -0.05444209650158882 0.010772570967674255 -0.029161060228943825 0.998982846736908 0.03439292684197426 -0.03665569797158241 0.05545315891504288 -0.03273775801062584 0.9979244470596313 0.03261356055736542
1305031104.411509 0.9985458254814148 0.0297097098082304 -0.04498513787984848 0.00743860425427556 -0.028335044160485268 0.9991209506988525 0.030893677845597267 -0.03683646395802498 0.045863427221775055 -0.029574085026979446 0.9985098242759705 0.021903645247220993
1305031104.443288 0.9988000988960266 0.0280408076941967 -0.0401497408747673 0.003071037121117115 -0.02686266414821148 0.9992009401321411 0.029588747769594193 -0.0365309976041317 0.04094734415411949 -0.028474705293774605 0.9987553954124451 0.011117726564407349
1305031104.475456 0.9987886548042297 0.027925577014684677 -0.040515147149562836 -0.0019425066420808434 -0.02668941020965576 0.9991710186004639 0.03073785826563835 -0.038512203842401505 0.0413399338722229 -0.029619287699460983 0.9987059831619263 0.0014134980738162994
1305031104.511329 0.9986181855201721 0.025283988565206528 -0.046071745455265045 -0.0021290634758770466 -0.02389386296272278 0.9992497563362122 0.03047814965248108 -0.04246274754405022 0.04680779576301575 -0.02933519147336483 0.9984729886054993 -0.006381794810295105
1305031104.543368 0.9984328746795654 0.024575090035796165 -0.05027766153216362 -0.0011755956802517176 -0.023441853001713753 0.9994603395462036 0.023006562143564224 -0.04323738440871239 0.05081591382622719 -0.021791893988847733 0.9984701871871948 -0.015976807102560997
1305031104.575343 0.9983497262001038 0.02244541607797146 -0.05285852774977684 0.005550101399421692 -0.021577147766947746 0.9996236562728882 0.016940133646130562 -0.0492452047765255 0.053218863904476166 -0.015771640464663506 0.9984583258628845 -0.023719195276498795
1305031104.611336 0.998737633228302 0.017883095890283585 -0.046941496431827545 0.012379090301692486 -0.01787792518734932 0.9998400807380676 0.0005300547927618027 -0.05667368695139885 0.04694347083568573 0.00030983053147792816 0.9988974928855896 -0.030370842665433884
1305031104.643243 0.9993180632591248 0.017910489812493324 -0.032290391623973846 0.013983568176627159 -0.018757492303848267 0.9994826912879944 -0.026121458038687706 -0.05396129935979843 0.0318058505654335 0.026709336787462234 0.9991371035575867 -0.04331011325120926
1305031104.675525 0.9997049570083618 0.01579698733985424 -0.01845087856054306 0.017514334991574287 -0.016625504940748215 0.9988192319869995 -0.04564893990755081 -0.05985274538397789 0.017707977443933487 0.04594222456216812 0.9987871050834656 -0.05112883076071739
1305031104.711277 0.9999380707740784 0.01053440012037754 -0.0035828917752951384 0.0188571996986866 -0.010759679600596428 0.9974825382232666 -0.07009302079677582 -0.06454822421073914 0.0028354846872389317 0.07012725621461868 0.9975340366363525 -0.06400954723358154
1305031104.74328 0.9999241232872009 0.007060231175273657 0.01009249035269022 0.0209712702780962 -0.006046369671821594 0.9952486157417297 -0.0971786305308342 -0.06259670853614807 -0.010730639100074768 0.09711024910211563 0.9952157735824585 -0.07395098358392715
1305031104.775327 0.9996806979179382 0.00465815793722868 0.0248342864215374 0.020629243925213814 -0.0016224340070039034 0.9926652312278748 -0.12088429182767868 -0.06245775893330574 -0.025215230882167816 0.12080541253089905 0.9923559427261353 -0.08237867802381516
1305031104.811465 0.999382495880127 0.00018209201516583562 0.03513481840491295 0.02651796117424965 0.004889396950602531 0.9895359873771667 -0.14420348405838013 -0.05728111416101456 -0.034793421626091 0.14428624510765076 0.9889241456985474 -0.08934210985898972
1305031104.843258 0.9986997842788696 -0.0039270115084946156 0.0508250892162323 0.023958206176757812 0.012133094482123852 0.9866872429847717 -0.16217556595802307 -0.05193519964814186 -0.049511607736349106 0.16258138418197632 0.9854521751403809 -0.09612502157688141
1305031104.87535 0.9982845187187195 -0.007501797750592232 0.05806471034884453 0.021659448742866516 0.017637379467487335 0.9842188954353333 -0.17607444524765015 -0.04319627210497856 -0.055827509611845016 0.17679652571678162 0.9826627969741821 -0.1010672077536583
1305031104.911534 0.998120903968811 -0.01096296589821577 0.06028524041175842 0.021536312997341156 0.02174847573041916 0.9831896424293518 -0.18128710985183716 -0.04006371274590492 -0.05728437751531601 0.18225759267807007 0.9815806746482849 -0.10207127034664154
1305031104.943262 0.9980021715164185 -0.012492434121668339 0.061932262033224106 0.021437667310237885 0.02367636188864708 0.9827728867530823 -0.183294415473938 -0.03749776631593704 -0.05857554450631142 0.18439453840255737 0.9811052083969116 -0.10069502145051956
1305031104.975202 0.9981045126914978 -0.014882213436067104 0.05971359834074974 0.02204575575888157 0.025523968040943146 0.9830354452133179 -0.1816311776638031 -0.033141955733299255 -0.05599750578403473 0.18281103670597076 0.9815520644187927 -0.09927630424499512
1305031105.01129 0.9981648921966553 -0.017807243391871452 0.057875894010066986 0.02318371646106243 0.027680527418851852 0.9842573404312134 -0.17456012964248657 -0.027183938771486282 -0.053856343030929565 0.17584186792373657 0.982944130897522 -0.09146581590175629
1305031105.043373 0.9982655048370361 -0.015879523009061813 0.056689634919166565 0.022495631128549576 0.025011446326971054 0.9861078858375549 -0.16421250998973846 -0.023857861757278442 -0.053294479846954346 0.16534556448459625 0.9847947359085083 -0.08314310014247894
1305031105.07532 0.9984476566314697 -0.012437929399311543 0.05429075285792351 0.022302726283669472 0.020482173189520836 0.9884384274482727 -0.15023274719715118 -0.023515310138463974 -0.05179448798298836 0.15111154317855835 0.9871588945388794 -0.07309887558221817
1305031105.111299 0.9984923601150513 -0.009343193843960762 0.05408988520503044 0.017782112583518028 0.016749300062656403 0.9902715682983398 -0.13813576102256775 -0.02512461319565773 -0.05227305367588997 0.1388334333896637 0.9889352321624756 -0.062306709587574005
1305031105.143106 0.9987211227416992 -0.0057047586888074875 0.05023598670959473 0.012225467711687088 0.0122663713991642 0.9912674427032471 -0.1312951147556305 -0.012537585571408272 -0.049048300832509995 0.1317434310913086 0.9900696277618408 -0.04835186526179314
1305031105.175159 0.9990400075912476 -0.0002629202790558338 0.04380565881729126 0.008674216456711292 0.0049584005028009415 0.9942342638969421 -0.10711482167243958 -0.005903966724872589 -0.04352492839097977 0.10722920298576355 0.9932811260223389 -0.03504732996225357
1305031105.211268 0.9992808103561401 0.006011058110743761 0.03744111210107803 0.0035450714640319347 -0.003080621361732483 0.9969611167907715 -0.07783915102481842 -0.016626937314867973 -0.037795234471559525 0.07766780257225037 0.9962626695632935 -0.022440461441874504
1305031105.24327 0.9995618462562561 0.00860170554369688 0.02832183800637722 -0.0019084661034867167 -0.006815504282712936 0.9980171918869019 -0.06257122755050659 -0.013379059731960297 -0.028803903609514236 0.06235078349709511 0.9976385831832886 -0.008900261484086514
1305031105.275288 0.9998360276222229 0.009182033129036427 0.01560832466930151 -0.004003139678388834 -0.008512559346854687 0.9990631341934204 -0.042430292814970016 -0.010191819630563259 -0.015983298420906067 0.04229047894477844 0.9989774227142334 0.002359324134886265
1305031105.31129 0.9998986721038818 0.01351239625364542 0.0044868625700473785 -0.012536244466900826 -0.013411845080554485 0.9996739029884338 -0.021731378510594368 -0.011509480886161327 -0.004779048264026642 0.021668996661901474 0.9997538328170776 0.016034701839089394
1305031105.343302 0.9998501539230347 0.014258059673011303 -0.009825470857322216 -0.011695207096636295 -0.01428427267819643 0.9998946189880371 -0.002602729946374893 -0.015845980495214462 0.009787320159375668 0.0027426928281784058 0.9999483823776245 0.03144226595759392
1305031105.375338 0.9997060894966125 0.01509629376232624 -0.018969636410474777 -0.013996049761772156 -0.014993940480053425 0.9998723864555359 0.0055262427777051926 -0.017559347674250603 0.019050633534789085 -0.005240185186266899 0.9998048543930054 0.04541075602173805
1305031105.411286 0.9994814395904541 0.016627611592411995 -0.027578502893447876 -0.016171304509043694 -0.016267016530036926 0.9997798800468445 0.013248451054096222 -0.009733994491398335 0.02779272198677063 -0.012792954221367836 0.9995319247245789 0.05714154615998268
1305031105.443316 0.9991785883903503 0.018195778131484985 -0.03620827943086624 -0.016456790268421173 -0.017156900838017464 0.9994380474090576 0.02879856526851654 -0.01331812608987093 0.036711934953927994 -0.028153685852885246 0.9989292621612549 0.07276324927806854
1305031105.47528 0.9989205598831177 0.017344988882541656 -0.04308918118476868 -0.015949588268995285 -0.015815742313861847 0.9992416501045227 0.03558119758963585 -0.012676695361733437 0.04367364943027496 -0.03486129269003868 0.9984374642372131 0.08544540405273438
1305031105.511332 0.9985954761505127 0.01720358617603779 -0.05011095851659775 -0.013726402074098587 -0.014970891177654266 0.9988929033279419 0.04459463432431221 -0.010295314714312553 0.0508226603269577 -0.043781787157058716 0.9977474808692932 0.09901149570941925
1305031105.543282 0.9984657764434814 0.014421087689697742 -0.05345967039465904 -0.012290440499782562 -0.011445780284702778 0.9983903169631958 0.05554937571287155 -0.013760141097009182 0.054174698889255524 -0.05485225468873978 0.9970237612724304 0.11526163667440414
1305031105.575449 0.998373806476593 0.014067349955439568 -0.055244702845811844 -0.014170262962579727 -0.010718154720962048 0.9981131553649902 0.06045981124043465 -0.011060591787099838 0.05599096417427063 -0.059769369661808014 0.996640682220459 0.12923234701156616
1305031105.611378 0.9982550740242004 0.014175266958773136 -0.057323046028614044 -0.013709601946175098 -0.010202905163168907 0.9975641369819641 0.06900608539581299 -0.015214748680591583 0.05816156417131424 -0.06830080598592758 0.9959679841995239 0.14321011304855347
1305031105.643273 0.9982551336288452 0.007027437444776297 -0.05863027647137642 -0.0139433229342103 -0.003019527764990926 0.9976692199707031 0.06816954910755157 -0.011223665438592434 0.05897268280386925 -0.06787355989217758 0.9959494471549988 0.15861788392066956
1305031105.711309 0.9981648325920105 0.0060335732996463776 -0.06025262549519539 -0.007226715330034494 -0.0016566021367907524 0.997372031211853 0.07243093848228455 -0.01149915810674429 0.06053129583597183 -0.07219821214675903 0.9955518245697021 0.18916656076908112
1305031105.743312 0.9986634254455566 0.005905014928430319 -0.05134766548871994 -0.008296727202832699 -0.0025296418461948633 0.9978458285331726 0.06555375456809998 -0.003913832828402519 0.051624149084091187 -0.06533625721931458 0.9965269565582275 0.2009136974811554
1305031105.775339 0.9989734292030334 0.004712247289717197 -0.04505303129553795 -0.004214535001665354 -0.0015745057025924325 0.997585654258728 0.06942887604236603 -0.005933951586484909 0.04527141898870468 -0.06928666681051254 0.9965690970420837 0.21705842018127441
1305031105.811283 0.9994227290153503 0.0033945413306355476 -0.03380231559276581 -0.005934684071689844 -0.0011738711036741734 0.9978518486022949 0.06550011038780212 -0.003113885410130024 0.03395204246044159 -0.06542260944843292 0.9972798228263855 0.23105885088443756
1305031105.843271 0.9995817542076111 -0.0001303121680393815 -0.02891809679567814 -0.0021792836487293243 0.001935352454893291 0.9980493783950806 0.06239984929561615 -0.0006525963544845581 0.028853556141257286 -0.06242971122264862 0.9976321458816528 0.24409762024879456
1305031105.875337 0.9997940063476562 -0.004705836530774832 -0.01974855363368988 -0.0006967121735215187 0.005857851821929216 0.9982591271400452 0.058687858283519745 0.006843913346529007 0.01943800412118435 -0.05879143252968788 0.9980810284614563 0.25710201263427734
1305031105.911262 0.9998470544815063 -0.013784012757241726 -0.010758636519312859 -0.0021002921275794506 0.014410139992833138 0.9980658888816833 0.06047071889042854 0.01334732212126255 0.009904306381940842 -0.06061652675271034 0.9981119632720947 0.2712957561016083
1305031105.943272 0.9998286962509155 -0.01814275234937668 -0.0036561633460223675 -0.0027123535983264446 0.01834135688841343 0.9977367520332336 0.0646912083029747 0.018633611500263214 0.0024742167443037033 -0.06474719941616058 0.9978986382484436 0.2838558852672577
1305031105.975329 0.9997649788856506 -0.021676504984498024 0.0002505192533135414 -0.0027300617657601833 0.02160254865884781 0.9971836805343628 0.07181746512651443 0.02429894357919693 -0.001806560903787613 -0.07179518789052963 0.9974178075790405 0.29668283462524414
1305031106.011285 0.9996752738952637 -0.0252463947981596 0.0034611765295267105 -0.001227984088473022 0.024886855855584145 0.9964553713798523 0.08035744726657867 0.027943450957536697 -0.00547763891518116 -0.08024521172046661 0.9967601895332336 0.3092176616191864
1305031106.043355 0.999578595161438 -0.027663126587867737 0.008793017826974392 -0.0032344581559300423 0.02676081471145153 0.9955820441246033 0.09000054001808167 0.030747562646865845 -0.011243865825235844 -0.08972731232643127 0.9959028959274292 0.32072871923446655
1305031106.07533 0.9994644522666931 -0.030814435333013535 0.011016440577805042 -0.0048839133232831955 0.029614172875881195 0.9949223399162292 0.09618918597698212 0.03615358844399452 -0.01392451673746109 -0.09581144154071808 0.995302140712738 0.3325415551662445
1305031106.111327 0.9994084239006042 -0.032799895852804184 0.01033612061291933 -0.005910875275731087 0.03156868740916252 0.9942226409912109 0.10258988291025162 0.04413731396198273 -0.01364134345203638 -0.1022028923034668 0.9946699738502502 0.34232068061828613
1305031106.143355 0.9993253946304321 -0.035728905349969864 0.008494355715811253 -0.008534424006938934 0.034486301243305206 0.9924842119216919 0.11741273105144501 0.04520886391401291 -0.012625543400645256 -0.11704060435295105 0.9930468797683716 0.3537983298301697
1305031106.175534 0.9992721676826477 -0.03775884583592415 0.00542009063065052 -0.009647497907280922 0.036770302802324295 0.9912775754928589 0.1265578716993332 0.04644124209880829 -0.010151493363082409 -0.1262664794921875 0.991944432258606 0.3638688027858734
1305031106.211275 0.9992289543151855 -0.03916776552796364 0.002696169540286064 -0.010829377919435501 0.0384480357170105 0.9901400208473206 0.1347014307975769 0.045807261019945145 -0.00794554129242897 -0.1344939023256302 0.9908825159072876 0.37335705757141113
1305031106.243267 0.9989445209503174 -0.045932475477457047 0.00021186843514442444 -0.012466372922062874 0.045498594641685486 0.9901200532913208 0.13263586163520813 0.05021654814481735 -0.006302071735262871 -0.1324862539768219 0.9911647439002991 0.3813279867172241
1305031106.276385 0.9988635182380676 -0.047565266489982605 -0.0030455254018306732 -0.013782776892185211 0.047549329698085785 0.9900480508804321 0.13245363533496857 0.056489355862140656 -0.0032849758863449097 -0.13244792819023132 0.9911844730377197 0.38721856474876404
1305031106.311238 0.9984562993049622 -0.05492495000362396 -0.008261434733867645 -0.012408052571117878 0.05554037168622017 0.9886947870254517 0.13927698135375977 0.059800490736961365 0.0005182549357414246 -0.13952083885669708 0.9902190566062927 0.39263755083084106
1305031106.343258 0.9984797835350037 -0.054285190999507904 -0.009551073424518108 -0.014135458506643772 0.05509789660573006 0.9877939224243164 0.14569608867168427 0.06728236377239227 0.0015253531746566296 -0.14600084722042084 0.9892832636833191 0.39471104741096497
1305031106.375388 0.9991117119789124 -0.03997642174363136 -0.013328762724995613 -0.009052102454006672 0.04162498936057091 0.9855300188064575 0.16430975496768951 0.0677238255739212 0.006567381788045168 -0.1647185981273651 0.9863187074661255 0.3975961208343506
1305031106.41132 0.9995272755622864 -0.030460361391305923 -0.004183107055723667 -0.0066059366799890995 0.030711982399225235 0.9827064275741577 0.18260538578033447 0.05972845107316971 -0.0014514606446027756 -0.18264752626419067 0.9831773638725281 0.3995330035686493
1305031106.443278 0.9997225999832153 -0.022094419226050377 0.008151517249643803 -0.011775940656661987 0.02018687315285206 0.9822373390197754 0.1865536868572235 0.05558400601148605 -0.012128520756959915 -0.1863374263048172 0.9824109077453613 0.3978741765022278
1305031106.475345 0.9997755289077759 -0.01848272792994976 0.010351705364882946 -0.015967659652233124 0.016235411167144775 0.9824082851409912 0.1860388070344925 0.05355377495288849 -0.013608105480670929 -0.18582896888256073 0.9824879169464111 0.3945043385028839
1305031106.511129 0.9998248815536499 -0.017698554322123528 0.0060843853279948235 -0.018740622326731682 0.016288816928863525 0.9830198884010315 0.1827746331691742 0.049885816872119904 -0.00921591930091381 -0.18264353275299072 0.983135998249054 0.38890358805656433
1305031106.543302 0.999880850315094 -0.015028415247797966 -0.0035244906321167946 -0.016838565468788147 0.015414325520396233 0.9842339158058167 0.17619921267032623 0.04723983258008957 0.0008209273219108582 -0.17623256146907806 0.9843482375144958 0.3793029189109802
1305031106.575282 0.9998837113380432 -0.013174044899642467 -0.007684545591473579 -0.01617642119526863 0.014291682280600071 0.9852532148361206 0.17050473392009735 0.04459004104137421 0.005324984900653362 -0.170594722032547 0.9853269457817078 0.36870089173316956
1305031106.611151 0.9998883605003357 -0.006720706820487976 -0.013349645771086216 -0.017076127231121063 0.008879578672349453 0.9855939745903015 0.1688954383134842 0.04361199587583542 0.012022231705486774 -0.16899509727954865 0.9855435490608215 0.35768985748291016
1305031106.643207 0.999813437461853 -0.0018131666583940387 -0.01922881230711937 -0.016263557597994804 0.005077325273305178 0.9852412343025208 0.17109587788581848 0.03656701743602753 0.018634790554642677 -0.17116157710552216 0.9850667119026184 0.3467051684856415
1305031106.675279 0.999774694442749 -0.0008691059774719179 -0.021211791783571243 -0.021138230338692665 0.004330658819526434 0.986501157283783 0.16369694471359253 0.037330690771341324 0.020783185958862305 -0.16375190019607544 0.9862825274467468 0.3334519863128662
1305031106.711508 0.9994328618049622 0.00137360580265522 -0.03364807367324829 -0.021174773573875427 0.004313616082072258 0.9857152700424194 0.16836485266685486 0.03221235051751137 0.03339868038892746 -0.16841450333595276 0.9851502180099487 0.320828378200531
1305031106.743341 0.9989407062530518 0.0014171566581353545 -0.04599703848361969 -0.021708549931645393 0.006200670264661312 0.9862657189369202 0.16504965722560883 0.029018236324191093 0.04559919983148575 -0.16515998542308807 0.9852121472358704 0.30597105622291565
1305031106.77539 0.9981897473335266 0.0018093460239470005 -0.060117457062006 -0.018930241465568542 0.00804220326244831 0.9865561723709106 0.16322487592697144 0.02568075992166996 0.059604570269584656 -0.16341283917427063 0.9847555756568909 0.2904682755470276
1305031106.811289 0.9976853728294373 0.004374465439468622 -0.06785938888788223 -0.018392665311694145 0.006734782829880714 0.986665666103363 0.16262051463127136 0.024811767041683197 0.06766589730978012 -0.1627011001110077 0.9843523502349854 0.27440425753593445
1305031106.843416 0.9969210624694824 0.007470022886991501 -0.07805602252483368 -0.015933465212583542 0.006189390551298857 0.9848493933677673 0.17330092191696167 0.010019462555646896 0.07816798985004425 -0.17325043678283691 0.9817707538604736 0.26194795966148376
1305031106.875905 0.9964065551757812 0.014063600450754166 -0.08352431654930115 -0.012995567172765732 -0.00038259709253907204 0.9868561625480652 0.1615999937057495 0.005927421152591705 0.08469916880130768 -0.16098730266094208 0.9833153486251831 0.24427412450313568
1305031106.911243 0.9965957403182983 0.023200832307338715 -0.07911188155412674 -0.014902363531291485 -0.010905086994171143 0.9882516860961914 0.1524461805820465 0.006627710536122322 0.0817192941904068 -0.1510644555091858 0.9851403832435608 0.22524650394916534
1305031106.943439 0.99652099609375 0.031510818749666214 -0.07715561985969543 -0.013936702162027359 -0.019599776715040207 0.988411545753479 0.15052787959575653 0.00030201859772205353 0.08100472390651703 -0.1484919637441635 0.985590398311615 0.2106417864561081
1305031106.975547 0.996637761592865 0.03702213242650032 -0.07309228181838989 -0.012425685301423073 -0.026294339448213577 0.9894276261329651 0.14262501895427704 -0.009397957473993301 0.07759976387023926 -0.14022357761859894 0.9870743155479431 0.19365733861923218
1305031107.011576 0.9968599081039429 0.04351453110575676 -0.0661555826663971 -0.01367507129907608 -0.03502829000353813 0.9916110038757324 0.12442175298929214 -0.004075096920132637 0.07101473957300186 -0.12171374261379242 0.9900215864181519 0.17217138409614563
1305031107.043281 0.9969757199287415 0.047663893550634384 -0.06138131394982338 -0.01359292771667242 -0.03956345096230507 0.9911112785339355 0.1270163208246231 -0.011252820491790771 0.06688980758190155 -0.12420372664928436 0.989999532699585 0.1578022688627243
1305031107.075432 0.9971564412117004 0.04901532456278801 -0.057242363691329956 -0.017272502183914185 -0.04186316952109337 0.9918820858001709 0.12007357180118561 -0.018984168767929077 0.06266313046216965 -0.11733578145503998 0.9911133050918579 0.14146748185157776
1305031107.111229 0.996961236000061 0.04983554780483246 -0.059872835874557495 -0.01568792201578617 -0.04316019266843796 0.9932101964950562 0.1080312579870224 -0.0172232948243618 0.0648500844836235 -0.10511883348226547 0.9923429489135742 0.12482708692550659
1305031107.14326 0.996955931186676 0.04932904615998268 -0.06037811189889908 -0.01132490299642086 -0.042881663888692856 0.9936755895614624 0.10377828776836395 -0.017592940479516983 0.0651155412197113 -0.10087326169013977 0.9927660822868347 0.1096171960234642
1305031107.175399 0.99700927734375 0.050904568284749985 -0.05814935639500618 -0.00960843451321125 -0.04478435590863228 0.9937660098075867 0.10209584981203079 -0.025294583290815353 0.06298399716615677 -0.09918633103370667 0.9930735230445862 0.0981731116771698
1305031107.211358 0.9970763325691223 0.05353836342692375 -0.0545206144452095 -0.007208764087408781 -0.048418354243040085 0.99465012550354 0.09125246852636337 -0.031553715467453 0.05911444127559662 -0.08834587782621384 0.9943342208862305 0.08492835611104965
1305031107.243378 0.997398853302002 0.05503911152482033 -0.04654110223054886 -0.00817141029983759 -0.051402099430561066 0.995779812335968 0.07602815330028534 -0.029890095815062523 0.05052919313311577 -0.07343808561563492 0.9960189461708069 0.06857425719499588
1305031107.275398 0.9976741075515747 0.0535474494099617 -0.04217657819390297 -0.004112104885280132 -0.050642192363739014 0.9964551329612732 0.0671750158071518 -0.035131651908159256 0.04562409967184067 -0.06488286703824997 0.9968494176864624 0.05769531428813934
1305031107.311226 0.9978512525558472 0.0550936758518219 -0.035462141036987305 -0.0033806837163865566 -0.053138211369514465 0.9971311688423157 0.05390553176403046 -0.040891580283641815 0.03833022713661194 -0.051905304193496704 0.9979161620140076 0.04645631089806557
1305031107.343509 0.9980787634849548 0.05443538352847099 -0.02958856150507927 0.0006459003780037165 -0.05342620611190796 0.9979965090751648 0.033890191465616226 -0.04708361625671387 0.03137410059571266 -0.03224427253007889 0.9989874362945557 0.03530382737517357
1305031107.375413 0.9983739256858826 0.05320865288376808 -0.02045600675046444 0.00217237276956439 -0.05297638848423958 0.9985268712043762 0.011733634397387505 -0.04087275639176369 0.02105020172894001 -0.010630866512656212 0.999721884727478 0.023557009175419807
1305031107.411271 0.9984318614006042 0.05476193502545357 -0.011613579466938972 0.004763532895594835 -0.05477648973464966 0.9984982013702393 -0.0009376890957355499 -0.042381174862384796 0.011544788256287575 0.0015723705291748047 0.9999321103096008 0.014480361714959145
1305031107.443419 0.9985392093658447 0.053902704268693924 -0.0037095453590154648 0.0074347578920423985 -0.053945545107126236 0.9984641075134277 -0.01262584701180458 -0.04034127667546272 0.0030232779681682587 0.012807518243789673 0.9999133348464966 0.00852839183062315
