0.1037359 0.9999912977218628 -0.0028431678656488657 -0.003050008788704872 -0.0008523500291630626 0.0028362732846289873 0.9999933242797852 -0.002262126188725233 6.374808435793966e-05 0.0030564202461391687 0.0022534560412168503 0.999992847442627 0.04225165769457817
0.2073381 0.9999743700027466 -0.0015721223317086697 -0.006972788367420435 -0.0016396776773035526 0.0015446534380316734 0.9999909400939941 -0.003943093121051788 -4.2662693886086345e-05 0.006978923920542002 0.0039322227239608765 0.9999679923057556 0.08421418815851212
0.3110752 0.9999407529830933 -0.0016361388843506575 -0.010758570395410061 -0.002618534257635474 0.0015782625414431095 0.9999842047691345 -0.00538585614413023 -0.0002720251213759184 0.010767213068902493 0.005368558224290609 0.9999275803565979 0.1268770843744278
0.4146917 0.9998772144317627 -0.0001837280287873 -0.015670590102672577 -0.0036684961523860693 8.940229599829763e-05 0.9999818801879883 -0.0060197897255420685 -0.0006415805546566844 0.015671413391828537 0.006017649080604315 0.999859094619751 0.17031407356262207
0.5184302 0.9998019933700562 -0.0014104676665738225 -0.019845565780997276 -0.004905533976852894 0.0012878396082669497 0.9999799728393555 -0.006190542597323656 -0.0011971385683864355 0.019853901118040085 0.0061637600883841515 0.9997839331626892 0.21417854726314545
0.6220448 0.9997173547744751 0.000555321981664747 -0.023767124861478806 -0.006891670171171427 -0.0007299947901628911 0.9999727606773376 -0.007341284770518541 -0.0017866248963400722 0.023762399330735207 0.0073565589264035225 0.9996907114982605 0.258708119392395
0.7257977 0.9995836019515991 0.0031968667171895504 -0.028676146641373634 -0.008708850480616093 -0.0034305485896766186 0.999961256980896 -0.008103513158857822 -0.002157541923224926 0.02864912524819374 0.0081985117867589 0.9995558857917786 0.30430445075035095
0.8294199 0.9994536638259888 0.003487929003313184 -0.032865963876247406 -0.010695414617657661 -0.00371332629583776 0.9999698996543884 -0.00679952884092927 -0.0024274438619613647 0.03284125775098801 0.006917857564985752 0.999436616897583 0.351308673620224
0.9331467 0.999297559261322 0.0023563567083328962 -0.03740069270133972 -0.01256047934293747 -0.0025084263179451227 0.9999887347221375 -0.004019551444798708 -0.0029098023660480976 0.03739079087972641 0.004110544454306364 0.9992924332618713 0.3986622095108032
1.03691 0.9991652369499207 0.002382664242759347 -0.04078029841184616 -0.014770974405109882 -0.002443016041070223 0.9999958872795105 -0.0014301496557891369 -0.0032641696743667126 0.04077671840786934 0.001528582302853465 0.9991671442985535 0.44713643193244934
1.140497 0.9990836977958679 0.00359776197001338 -0.04264557734131813 -0.018026720732450485 -0.0036820617970079184 0.9999912977218628 -0.0018983694026246667 -0.0040603820234537125 0.0426383912563324 0.0020536540541797876 0.9990885257720947 0.49485042691230774
1.244242 0.9989858269691467 0.0030995430424809456 -0.04491768777370453 -0.020233124494552612 -0.003170373849570751 0.9999936819076538 -0.0015057376585900784 -0.004949162248522043 0.04491274803876877 0.0016466164961457253 0.9989896416664124 0.543940007686615
1.347979 0.9989224076271057 7.127030403353274e-05 -0.04641067236661911 -0.02301189675927162 -0.0001788844383554533 0.9999974370002747 -0.002314585028216243 -0.00511105777695775 0.04641038924455643 0.0023203932214528322 0.9989199042320251 0.5926808714866638
1.451596 0.9988323450088501 0.0001539943623356521 -0.04831020161509514 -0.0257217139005661 -0.00024318128998856992 0.9999982714653015 -0.0018402570858597755 -0.0052079311572015285 0.04830984026193619 0.001849856344051659 0.9988307356834412 0.6433217525482178
1.555212 0.998766303062439 -0.0018760855309665203 -0.049620870500802994 -0.02838008850812912 0.0017790261190384626 0.9999963641166687 -0.0020001151133328676 -0.005918547511100769 0.04962445795536041 0.0019093714654445648 0.9987660646438599 0.6929252743721008
1.65896 0.9987193942070007 0.00025852443650364876 -0.050590984523296356 -0.03239933028817177 -0.00044503615936264396 0.999993085861206 -0.00367543613538146 -0.006955412216484547 0.05058969184756279 0.00369324441999197 0.9987127184867859 0.7434138059616089
1.762569 0.9986112713813782 0.0007896236493252218 -0.052676040679216385 -0.034367676824331284 -0.001152515527792275 0.9999758005142212 -0.006859103217720985 -0.00722634419798851 0.052669357508420944 0.006910288706421852 0.9985880851745605 0.7949334979057312
1.866302 0.9985306262969971 0.004865371622145176 -0.053970832377672195 -0.038373176008462906 -0.0053272126242518425 0.9999504089355469 -0.008416681550443172 -0.008023533038794994 0.05392719805240631 0.00869182962924242 0.9985070824623108 0.8469988703727722
1.969923 0.9984570145606995 0.005976433865725994 -0.05520991235971451 -0.0413271002471447 -0.006440211087465286 0.999945342540741 -0.008226132951676846 -0.008830742910504341 0.055157747119665146 0.008569003082811832 0.9984409213066101 0.8990997076034546
2.073666 0.9983662366867065 0.0051136924885213375 -0.05691082030534744 -0.04444146528840065 -0.005470689851790667 0.9999663233757019 -0.006118893623352051 -0.010068908333778381 0.05687761679291725 0.006420237012207508 0.9983605742454529 0.9524767398834229
2.177281 0.9982980489730835 0.005889201071113348 -0.0580192506313324 -0.04765692353248596 -0.006201563868671656 0.9999672174453735 -0.005205216817557812 -0.010322440415620804 0.05798669904470444 0.005556168034672737 0.9983018636703491 1.0050266981124878
2.281017 0.9982736706733704 0.005477346479892731 -0.05847695842385292 -0.051735322922468185 -0.005775501951575279 0.9999712705612183 -0.004930900409817696 -0.011383123695850372 0.05844826251268387 0.00526012247428298 0.9982765913009644 1.058936357498169
2.384639 0.9981562495231628 0.005024373531341553 -0.06048917397856712 -0.0544249601662159 -0.005397924222052097 0.9999674558639526 -0.00601367000490427 -0.011853056028485298 0.06045699119567871 0.006329098250716925 0.9981507658958435 1.1113954782485962
2.48825 0.9980659484863281 0.003909508232027292 -0.06204235926270485 -0.05747535824775696 -0.004325654357671738 0.9999690651893616 -0.006574559491127729 -0.012902095913887024 0.06201474741101265 0.006830216851085424 0.9980518221855164 1.1655386686325073
2.591988 0.9980543851852417 0.0038202370051294565 -0.06223148852586746 -0.06140947714447975 -0.004137862008064985 0.9999790787696838 -0.004975852556526661 -0.01349559985101223 0.06221117824316025 0.0052236770279705524 0.9980493783950806 1.2195597887039185
2.695832 0.9980540871620178 0.004891802091151476 -0.06216282770037651 -0.06523231416940689 -0.005001366138458252 0.9999862313270569 -0.0016070397105067968 -0.014270825311541557 0.0621541291475296 0.0019148113206028938 0.9980647563934326 1.2748734951019287
2.799367 0.9981045126914978 0.0056729912757873535 -0.06127836927771568 -0.06860743463039398 -0.005552932154387236 0.9999822974205017 0.0021293708123266697 -0.014787813648581505 0.06128935143351555 -0.0017850612057372928 0.9981184005737305 1.3285276889801025
2.903084 0.9981788396835327 0.004848523065447807 -0.0601285919547081 -0.07154595851898193 -0.004598380997776985 0.9999801516532898 0.004297794308513403 -0.014766579493880272 0.06014822795987129 -0.004013473633676767 0.9981813430786133 1.383641004562378
3.006768 0.9983412623405457 0.0049818227998912334 -0.05735675245523453 -0.07609318941831589 -0.004661212209612131 0.9999727010726929 0.005722178146243095 -0.015600589103996754 0.05738367885351181 -0.005445334129035473 0.9983373284339905 1.4386239051818848
3.110441 0.9983608722686768 0.005600932985544205 -0.056955546140670776 -0.07862681150436401 -0.005446423776447773 0.9999811053276062 0.002867668867111206 -0.016048025339841843 0.056970518082380295 -0.0025527644902467728 0.9983725547790527 1.4952592849731445
3.214057 0.9984378814697266 0.006502652075141668 -0.05549118295311928 -0.08270931988954544 -0.0066564385779201984 0.9999744892120361 -0.0025870059616863728 -0.01572110317647457 0.05547294020652771 0.002952338196337223 0.9984557628631592 1.5514200925827026
3.317669 0.9985190629959106 0.005858812481164932 -0.054085858166217804 -0.08596960455179214 -0.006155458278954029 0.9999670386314392 -0.005319769494235516 -0.016558879986405373 0.05405290052294731 0.005644815508276224 0.9985221028327942 1.606322169303894
3.421285 0.9985530376434326 0.003334058914333582 -0.05367235094308853 -0.08868807554244995 -0.0035688993521034718 0.9999845027923584 -0.004280219320207834 -0.017441608011722565 0.05365725979208946 0.004465577192604542 0.9985494017601013 1.6637370586395264
3.524925 0.9985662698745728 0.001811386551707983 -0.05349927768111229 -0.09180334210395813 -0.001790508977137506 0.9999982118606567 0.0004381712060421705 -0.017869459465146065 0.0534999780356884 -0.0003417522821109742 0.9985678195953369 1.719665288925171
3.628545 0.9985591173171997 -0.0014379376079887152 -0.05364379659295082 -0.0954459086060524 0.001608670805580914 0.9999936819076538 0.003139686305075884 -0.018195392563939095 0.053638942539691925 -0.003221457824110985 0.9985552430152893 1.7774394750595093
3.732256 0.998429000377655 -0.008878660388290882 -0.0553227998316288 -0.09749700874090195 0.009083849377930164 0.9999527335166931 0.003458616090938449 -0.01945560798048973 0.05528947710990906 -0.003955726977437735 0.9984624981880188 1.8337785005569458
3.835871 0.9983139038085938 -0.010387563146650791 -0.05710877478122711 -0.10030309855937958 0.01036616787314415 0.9999460577964783 -0.0006708626169711351 -0.019873876124620438 0.057112667709589005 7.773144170641899e-05 0.9983676671981812 1.8912140130996704
3.939488 0.9982665181159973 -0.01070432085543871 -0.05787484347820282 -0.10449309647083282 0.010455097071826458 0.999934732913971 -0.004607328679412603 -0.02015947364270687 0.057920366525650024 0.003994254395365715 0.998313307762146 1.948153018951416
4.043107 0.9981756806373596 -0.009435859508812428 -0.05963548272848129 -0.10868452489376068 0.009134683758020401 0.9999441504478455 -0.0053208814933896065 -0.02076997235417366 0.05968235805630684 0.004766424186527729 0.9982060194015503 2.006944179534912
4.146888 0.9981088042259216 -0.010459220968186855 -0.06057879328727722 -0.11249292641878128 0.010235431604087353 0.9999395608901978 -0.00400336179882288 -0.021097097545862198 0.06061699986457825 0.0033757397904992104 0.998155415058136 2.0655858516693115
4.25046 0.9980663061141968 -0.0078889774158597 -0.061656806617975235 -0.11649856716394424 0.007858815602958202 0.9999688267707825 -0.0007317108102142811 -0.022213909775018692 0.06166066229343414 0.0002457462251186371 0.9980971813201904 2.1240041255950928
4.354202 0.997981607913971 -0.007120018824934959 -0.06310442835092545 -0.12019709497690201 0.007163972593843937 0.9999741911888123 0.0004702851874753833 -0.022958051413297653 0.0630994513630867 -0.0009214144665747881 0.9980068802833557 2.1825976371765137
4.45794 0.9979611039161682 -0.0051254997961223125 -0.06362038105726242 -0.12476411461830139 0.005316394846886396 0.9999817609786987 0.002831605263054371 -0.02356068231165409 0.06360471993684769 -0.003164062974974513 0.9979701638221741 2.2415590286254883
4.561559 0.9979339241981506 -0.005877382587641478 -0.06397955119609833 -0.12835176289081573 0.006285396404564381 0.9999611377716064 0.006177837494760752 -0.02418871782720089 0.06394077092409134 -0.006567209027707577 0.9979321360588074 2.3003368377685547
4.665293 0.9979714155197144 0.00030590721871703863 -0.06366410851478577 -0.13363415002822876 0.00019795783737208694 0.9999687671661377 0.007907982915639877 -0.024136189371347427 0.06366454064846039 -0.007904543541371822 0.9979401230812073 2.358959436416626
4.768912 0.9979227185249329 0.00022952895960770547 -0.06442132592201233 -0.13713961839675903 0.0002640633028931916 0.9999706745147705 0.007653328124433756 -0.024876467883586884 0.0644211694598198 -0.007654441520571709 0.9978935122489929 2.417696237564087
4.872532 0.9978956580162048 0.0003079798771068454 -0.06483937799930573 -0.14025968313217163 0.00010643993300618604 0.999979555606842 0.006387936882674694 -0.02545071765780449 0.06484001129865646 -0.006381396669894457 0.9978753328323364 2.4761059284210205
4.976146 0.9979340434074402 0.002359477337449789 -0.06420345604419708 -0.14543654024600983 -0.0021241630893200636 0.9999906420707703 0.003733151825144887 -0.025455085560679436 0.06421168148517609 -0.0035890615545213223 0.9979298710823059 2.533693790435791
5.079909 0.9978728890419006 0.0021197383757680655 -0.0651557445526123 -0.14942170679569244 -0.0018708753632381558 0.9999906420707703 0.0038802893832325935 -0.026130259037017822 0.06516336649656296 -0.0037501377519220114 0.9978676438331604 2.5921790599823
5.183503 0.9977868795394897 -0.00019782621529884636 -0.06649357080459595 -0.15317031741142273 0.000522879883646965 0.9999880194664001 0.0048711360432207584 -0.026379887014627457 0.06649181246757507 -0.004895123653113842 0.9977750182151794 2.6497745513916016
5.287117 0.997704267501831 0.0008215166162699461 -0.0677175298333168 -0.15722760558128357 -0.0004457315953914076 0.9999844431877136 0.005564230959862471 -0.02690820023417473 0.06772105395793915 -0.005521272774785757 0.9976891279220581 2.708529233932495
5.390861 0.9976845979690552 0.0035815334413200617 -0.06791619956493378 -0.16184842586517334 -0.0034779643174260855 0.9999926090240479 0.0016431433614343405 -0.02731744572520256 0.06792159378528595 -0.001403128495439887 0.9976897239685059 2.7665061950683594
5.494473 0.9976545572280884 0.003263092366978526 -0.06837184727191925 -0.1654258817434311 -0.003394426079466939 0.9999925494194031 -0.0018047831254079938 -0.028212271630764008 0.0683654323220253 0.0020326327066868544 0.9976583123207092 2.8202717304229736
5.598233 0.99762362241745 0.004129329230636358 -0.06877477467060089 -0.16946695744991302 -0.004382351879030466 0.9999841451644897 -0.0035285395570099354 -0.0283755324780941 0.06875910609960556 0.0038215499371290207 0.9976259469985962 2.8779847621917725
5.701829 0.9976090788841248 0.00304873613640666 -0.06904293596744537 -0.1733807623386383 -0.0030189682729542255 0.9999952912330627 0.0005354916211217642 -0.02978268265724182 0.06904423236846924 -0.00032577267847955227 0.9976135492324829 2.9333279132843018
5.805571 0.9976100325584412 0.001465231878682971 -0.06908128410577774 -0.17748969793319702 -0.0012280894443392754 0.9999932646751404 0.003475145436823368 -0.03033190220594406 0.06908590346574783 -0.0033820015378296375 0.9976049661636353 2.9900927543640137
5.909185 0.9975898265838623 -0.00029591505881398916 -0.06938548386096954 -0.18106557428836823 0.0006028338684700429 0.9999899864196777 0.004402490332722664 -0.031245514750480652 0.06938351690769196 -0.004433708731085062 0.9975801706314087 3.045321464538574
6.012921 0.9975925087928772 -0.003868014318868518 -0.06924057751893997 -0.1849348247051239 0.004113658331334591 0.9999856352806091 0.0034054580610245466 -0.032171860337257385 0.06922642141580582 -0.0036820920649915934 0.9975941777229309 3.1007778644561768
6.116541 0.9975382089614868 -0.005854394752532244 -0.06987957656383514 -0.18882770836353302 0.005995083134621382 0.9999805092811584 0.0018037589034065604 -0.03266444057226181 0.06986765563488007 -0.002218252746388316 0.997553825378418 3.1567463874816895
6.220278 0.9974724650382996 -0.00708782160654664 -0.0707005187869072 -0.19292931258678436 0.007331490982323885 0.9999680519104004 0.0031876079738140106 -0.03342621773481369 0.07067567855119705 -0.0036978910211473703 0.9974924921989441 3.21218204498291
6.323895 0.997339129447937 -0.010722585022449493 -0.07211142778396606 -0.19652068614959717 0.011279881931841373 0.999909520149231 0.007325463462620974 -0.03379116207361221 0.07202635705471039 -0.008119379170238972 0.9973697066307068 3.266840696334839
6.427659 0.9973209500312805 -0.01137896440923214 -0.07226098328828812 -0.2010614275932312 0.012317157350480556 0.9998453855514526 0.012551065534353256 -0.034298304468393326 0.0721069946885109 -0.013407489284873009 0.9973068237304688 3.3228774070739746
6.531383 0.9972876906394958 -0.009860171936452389 -0.0729394257068634 -0.20501373708248138 0.010962899774312973 0.9998313784599304 0.014733519405126572 -0.03454909473657608 0.07278186082839966 -0.0154931815341115 0.9972274899482727 3.3767011165618896
6.634992 0.9971803426742554 -0.009034449234604836 -0.07449794560670853 -0.2089880108833313 0.00985165685415268 0.9998952746391296 0.010609343647956848 -0.034600403159856796 0.07439428567886353 -0.011313354596495628 0.9971646666526794 3.4313080310821533
6.738741 0.9971004128456116 -0.0068490165285766125 -0.0757879987359047 -0.21342599391937256 0.007085055112838745 0.9999709725379944 0.0028460349421948195 -0.03503548726439476 0.07576628029346466 -0.0033747439738363028 0.9971200227737427 3.48443865776062
6.84235 0.9970194101333618 -0.005582616198807955 -0.07694876939058304 -0.21727359294891357 0.005436551291495562 0.999983012676239 -0.0021075576078146696 -0.035290807485580444 0.07695923745632172 0.0016829401720315218 0.997032880783081 3.537475824356079
6.945963 0.996997058391571 -0.0008476870716549456 -0.07743404805660248 -0.22276371717453003 0.0007790696690790355 0.9999992847442627 -0.0009163422510027885 -0.0362459234893322 0.07743474841117859 0.0008532641222700477 0.9969971776008606 3.5894217491149902
7.049705 0.9969410300254822 0.002597550395876169 -0.0781128779053688 -0.227575421333313 -0.002526266034692526 0.9999963045120239 0.001011390471830964 -0.03693080693483353 0.07811521738767624 -0.0008109631016850471 0.9969440698623657 3.6415746212005615
7.153323 0.996819794178009 0.004539944231510162 -0.0795590728521347 -0.23116301000118256 -0.004337694495916367 0.9999868869781494 0.002714782487601042 -0.037831295281648636 0.07957036793231964 -0.0023610463831573725 0.9968265891075134 3.692075729370117
7.256934 0.9967548847198486 0.0056686089374125 -0.08029631525278091 -0.23587489128112793 -0.005483187735080719 0.9999818205833435 0.0025295058730989695 -0.038797371089458466 0.0803091824054718 -0.002081017941236496 0.9967678189277649 3.742140769958496
7.360549 0.9965806007385254 0.007156558334827423 -0.08231477439403534 -0.2398393750190735 -0.0069245463237166405 0.9999711513519287 0.003103741444647312 -0.038910873234272 0.08233461529016495 -0.002523136558011174 0.9966015815734863 3.7921040058135986
7.464167 0.9964784383773804 0.008164227940142155 -0.08345045149326324 -0.24409496784210205 -0.007861463353037834 0.999961256980896 0.0039560310542583466 -0.03982122987508774 0.08347951620817184 -0.003286057384684682 0.9965040683746338 3.839768886566162
7.567786 0.9963942766189575 0.007465661969035864 -0.0845148041844368 -0.24943111836910248 -0.00712619861587882 0.9999653697013855 0.004317587241530418 -0.040102727711200714 0.0845441073179245 -0.0036997513379901648 0.9964128136634827 3.8884739875793457
7.671396 0.9962655305862427 0.00740530900657177 -0.08602315187454224 -0.253135085105896 -0.006952567491680384 0.9999603629112244 0.0055614435113966465 -0.0410221628844738 0.08606091886758804 -0.004942593164741993 0.9962777495384216 3.9357385635375977
7.775144 0.9961197972297668 0.010732759721577168 -0.08734972774982452 -0.25708717107772827 -0.010046541690826416 0.9999151229858398 0.008291831240057945 -0.04150868207216263 0.08743129670619965 -0.007382096257060766 0.9961432814598083 3.9815592765808105
7.878754 0.9959789514541626 0.011739385314285755 -0.0888151302933693 -0.2609119713306427 -0.010674087330698967 0.9998653531074524 0.012460032477974892 -0.041851360350847244 0.08894945681095123 -0.011461909860372543 0.9959703087806702 4.0267109870910645
7.982493 0.9958178400993347 0.015437819994986057 -0.09004751592874527 -0.2664007842540741 -0.01425185240805149 0.9998031854629517 0.013798654079437256 -0.04168587923049927 0.09024282544851303 -0.01245760265737772 0.9958418607711792 4.072872638702393
8.086111 0.9956594705581665 0.017840251326560974 -0.09134503453969955 -0.2706410884857178 -0.017035700380802155 0.9998090267181396 0.009580008685588837 -0.04181205481290817 0.09149850159883499 -0.007982300594449043 0.9957732558250427 4.115802764892578
8.189849 0.9955711960792542 0.01774577982723713 -0.09232132136821747 -0.2753239572048187 -0.01759197935461998 0.9998422265052795 0.0024795057252049446 -0.042692434042692184 0.09235075861215591 -0.0008444106206297874 0.9957262277603149 4.15816593170166
8.29347 0.9954467415809631 0.01711430586874485 -0.0937696173787117 -0.2798054814338684 -0.01752377673983574 0.9998400807380676 -0.0035450386349111795 -0.04296891763806343 0.09369396418333054 0.005172095261514187 0.9955875873565674 4.199459075927734
8.397102 0.995413064956665 0.01827685348689556 -0.09390788525342941 -0.2842036783695221 -0.018816033378243446 0.9998111128807068 -0.004859258886426687 -0.04329819977283478 0.0938013345003128 0.00660394411534071 0.9955690503120422 4.239278316497803
8.500847 0.9952937960624695 0.020687473937869072 -0.09466957300901413 -0.2885098159313202 -0.020885076373815536 0.9997813105583191 -0.0010968528222292662 -0.044145844876766205 0.09462618827819824 0.003068872494623065 0.9955081343650818 4.278702259063721
8.604438 0.9951083660125732 0.021083826199173927 -0.09651356935501099 -0.29173076152801514 -0.021049806848168373 0.9997774958610535 0.0013707885518670082 -0.04543551057577133 0.09652099758386612 0.0006675084005109966 0.9953306913375854 4.317144870758057
8.708175 0.9950867891311646 0.017847321927547455 -0.0973849669098854 -0.29522478580474854 -0.01813686639070511 0.999833345413208 -0.002088688313961029 -0.04593317583203316 0.0973314568400383 0.003844683524221182 0.995244562625885 4.353562831878662
8.811795 0.9951748847961426 0.01008969359099865 -0.09759657829999924 -0.29776647686958313 -0.010811708867549896 0.9999179244041443 -0.006871924735605717 -0.047063104808330536 0.09751924127340317 0.007893952541053295 0.9952022433280945 4.388742923736572
8.915403 0.9953295588493347 0.005903393030166626 -0.09635426104068756 -0.3015403151512146 -0.007067285943776369 0.9999060034751892 -0.01174249779433012 -0.04790452867746353 0.09627591073513031 0.01236861851066351 0.9952778816223145 4.4240031242370605
9.019162 0.9956202507019043 0.00814493466168642 -0.09313397109508514 -0.30483773350715637 -0.009319471195340157 0.9998822808265686 -0.01218327321112156 -0.04842870309948921 0.09302377700805664 0.012997874990105629 0.9955790638923645 4.457767486572266
9.12289 0.9959823489189148 0.012757614254951477 -0.08863520622253418 -0.30866238474845886 -0.013644806109368801 0.9998624920845032 -0.00941077433526516 -0.04903967306017876 0.08850297331809998 0.010582376271486282 0.996019721031189 4.490573883056641
9.226512 0.9964022636413574 0.011501944623887539 -0.08396586030721664 -0.31145408749580383 -0.012053145095705986 0.9999089241027832 -0.006060558836907148 -0.05003044009208679 0.08388852328062057 0.007050807122141123 0.9964501857757568 4.523210525512695
9.330247 0.9968773126602173 0.007862522266805172 -0.07857353985309601 -0.3127411901950836 -0.008066297508776188 0.9999648332595825 -0.0022763919550925493 -0.05027365684509277 0.07855289429426193 0.002903080778196454 0.9969057440757751 4.554705619812012
9.433986 0.9975682497024536 0.0032907878048717976 -0.06961888074874878 -0.3150482177734375 -0.003225981956347823 0.999994158744812 0.0010432880371809006 -0.05097508803009987 0.06962192803621292 -0.0008161617442965508 0.9975730776786804 4.585057735443115
9.537749 0.9982035160064697 0.007122941315174103 -0.05948995053768158 -0.31642505526542664 -0.007044310215860605 0.9999740123748779 0.0015313467010855675 -0.05223540961742401 0.05949929729104042 -0.001109529985114932 0.9982277154922485 4.615592002868652
9.641587 0.9989368915557861 0.012357092462480068 -0.044412028044462204 -0.31780579686164856 -0.012317963875830173 0.9999235272407532 0.0011545618763193488 -0.05282328277826309 0.04442289471626282 -0.0006062688189558685 0.9990126490592957 4.644598007202148
9.745342 0.999509871006012 0.0171847902238369 -0.026165392249822617 -0.31818413734436035 -0.017148880288004875 0.999851644039154 0.0015961728058755398 -0.0530887246131897 0.02618895098567009 -0.0011466835858300328 0.9996563792228699 4.673224449157715
9.849229 0.9998685717582703 0.01569944992661476 -0.004027307033538818 -0.31804680824279785 -0.015690848231315613 0.9998745322227478 0.0021584373898804188 -0.05342981964349747 0.004060686565935612 -0.0020949619356542826 0.9999895095825195 4.700838088989258
9.953059 0.9996808171272278 0.012178623117506504 0.022134210914373398 -0.31592246890068054 -0.012240334413945675 0.9999215006828308 0.0026547727175056934 -0.053386446088552475 -0.022100143134593964 -0.0029248553328216076 0.9997514486312866 4.728263854980469
10.05693 0.9985973238945007 0.011149805970489979 0.05175712704658508 -0.3135051131248474 -0.011357016861438751 0.9999286532402039 0.003711144905537367 -0.053565122187137604 -0.05171205475926399 -0.004293746314942837 0.9986528158187866 4.754068374633789
10.16083 0.9963327646255493 0.010809686034917831 0.08487715572118759 -0.31037193536758423 -0.011339965276420116 0.999919056892395 0.0057679433375597 -0.054620251059532166 -0.08480793237686157 -0.006709294859319925 0.9963747262954712 4.780150413513184
10.26466 0.9923831224441528 0.011186444200575352 0.12268054485321045 -0.3060595989227295 -0.012038394808769226 0.9999083280563354 0.0062053874135017395 -0.05492635816335678 -0.12259986996650696 -0.007634998299181461 0.9924268126487732 4.805665016174316
10.36867 0.9863457083702087 0.011660921387374401 0.16427496075630188 -0.30077069997787476 -0.012783006764948368 0.9999016523361206 0.005774992518126965 -0.0548907108604908 -0.16419145464897156 -0.00779606681317091 0.9863976836204529 4.830137252807617
10.47264 0.9778485298156738 0.010049444623291492 0.20907236635684967 -0.2943301796913147 -0.01166639942675829 0.9999107718467712 0.006502166390419006 -0.056156422942876816 -0.20898836851119995 -0.008797255344688892 0.9778785109519958 4.853009223937988
10.57663 0.9660466313362122 0.01276450790464878 0.25805234909057617 -0.2866637706756592 -0.014249441213905811 0.999890923500061 0.0038849059492349625 -0.05612600967288017 -0.25797462463378906 -0.007430104538798332 0.9661231637001038 4.876293659210205
10.68062 0.9503570199012756 0.012726882472634315 0.31090110540390015 -0.27749550342559814 -0.014173546805977821 0.9998966455459595 0.0023942110128700733 -0.05783844739198685 -0.310838520526886 -0.006681925617158413 0.9504393339157104 4.898236274719238
10.78461 0.93024742603302 0.013969182968139648 0.3666667938232422 -0.2671390771865845 -0.014643345959484577 0.9998922944068909 -0.0009429356432519853 -0.05746609345078468 -0.36664044857025146 -0.004492064937949181 0.9303519129753113 4.919816493988037
10.88875 0.905640721321106 0.01498754508793354 0.4237809479236603 -0.2558572292327881 -0.01506754569709301 0.9998814463615417 -0.0031619758810847998 -0.057485319674015045 -0.42377811670303345 -0.003521725069731474 0.9057592153549194 4.939534664154053
10.99272 0.8759301900863647 0.01534785982221365 0.4821937084197998 -0.2431321144104004 -0.014533529058098793 0.9998795986175537 -0.005424496717751026 -0.057840391993522644 -0.4822189211845398 -0.002256495878100395 0.8760478496551514 4.959619522094727
11.09659 0.8422401547431946 0.013661280274391174 0.5389294028282166 -0.2289421558380127 -0.011615104041993618 0.999906599521637 -0.007194446865469217 -0.058562032878398895 -0.5389774441719055 -0.00020026974380016327 0.8423201441764832 4.977161884307861
11.20057 0.8051885962486267 0.013682115823030472 0.5928609371185303 -0.21366429328918457 -0.010392231866717339 0.9999057650566101 -0.008961834013462067 -0.05881664901971817 -0.5929276943206787 0.0010548182763159275 0.8052549362182617 4.993795394897461
11.30431 0.7649591565132141 0.011635672301054 0.6439737677574158 -0.19712615013122559 -0.00879051722586155 0.9999322891235352 -0.00762531254440546 -0.059781260788440704 -0.644018828868866 0.00017219106666743755 0.7650096416473389 5.009775161743164
11.40818 0.7221930623054504 0.011583962477743626 0.6915944218635559 -0.1801145076751709 -0.010017789900302887 0.9999300241470337 -0.0062874616123735905 -0.05987989157438278 -0.6916188597679138 -0.0023874847684055567 0.7222587466239929 5.024312973022461
11.51192 0.6762549877166748 0.010614542290568352 0.736591100692749 -0.162339448928833 -0.009623290039598942 0.9999381303787231 -0.005574445705860853 -0.06052127107977867 -0.7366045713424683 -0.003318682312965393 0.6763155460357666 5.03797721862793
11.61553 0.6298531293869019 0.009163547307252884 0.776660144329071 -0.14307808876037598 -0.006227242760360241 0.999957799911499 -0.006748013198375702 -0.061241265386343 -0.7766891717910767 -0.0005861931713297963 0.6298838257789612 5.049982070922852
11.71927 0.5830036401748657 0.0067645832896232605 0.8124414086341858 -0.12366724014282227 -0.00018588161037769169 0.9999663829803467 -0.008192576467990875 -0.061448678374290466 -0.8124694228172302 0.004625283647328615 0.5829854011535645 5.060238838195801
11.82277 0.536648690700531 0.00886204931885004 0.8437593579292297 -0.10360527038574219 -0.0023411153815686703 0.9999565482139587 -0.009013601578772068 -0.06220623105764389 -0.8438025116920471 0.002861799905076623 0.5366461873054504 5.070065498352051
11.92638 0.4882700741291046 0.01182155404239893 0.8726125359535217 -0.08418011665344238 -0.006025607697665691 0.9999300241470337 -0.010174737311899662 -0.06272926181554794 -0.8726717829704285 -0.00029000063659623265 0.4883071780204773 5.079761028289795
12.03 0.4429587125778198 0.013969961553812027 0.8964331150054932 -0.06312167644500732 -0.006645695772022009 0.9999021887779236 -0.012298548594117165 -0.06320449709892273 -0.8965173363685608 -0.0005096723325550556 0.44300830364227295 5.088009834289551
12.13361 0.3998294770717621 0.011278461664915085 0.9165201783180237 -0.04282093048095703 0.0007226890884339809 0.9999200105667114 -0.012620031833648682 -0.06384073197841644 -0.9165893197059631 0.005708219483494759 0.39978939294815063 5.094630718231201
12.2371 0.3608524203300476 0.0037548758555203676 0.9326153993606567 -0.020671486854553223 0.01636134274303913 0.9998124241828918 -0.010356038808822632 -0.06403939425945282 -0.9324795007705688 0.018995841965079308 0.3607233166694641 5.099513053894043
12.3406 0.325070858001709 0.000580489868298173 0.9456894993782043 0.0011905431747436523 0.019882498309016228 0.9997745156288147 -0.007448088377714157 -0.06433560699224472 -0.9454807043075562 0.021223824471235275 0.3249860405921936 5.105259895324707
12.44411 0.29158616065979004 0.004279222805052996 0.9565350413322449 0.022916555404663086 0.016751404851675034 0.9998137950897217 -0.009579266421496868 -0.06507361680269241 -0.9563980102539062 0.018816489726305008 0.29146021604537964 5.110976219177246
12.54767 0.26052355766296387 0.012291505932807922 0.9653893113136292 0.045595407485961914 0.006390453316271305 0.9998750686645508 -0.014455137774348259 -0.06560349464416504 -0.9654463529586792 0.009935179725289345 0.26041245460510254 5.1168928146362305
12.65107 0.23102447390556335 0.016314666718244553 0.972811222076416 0.0684196949005127 0.002237218664959073 0.9998478889465332 -0.017299389466643333 -0.0666184350848198 -0.9729453921318054 0.006172974593937397 0.23095278441905975 5.122426986694336
12.75469 0.20657281577587128 0.01813654415309429 0.9782631397247314 0.09231758117675781 0.0031260729301720858 0.9998108744621277 -0.01919613592326641 -0.06760986149311066 -0.9784263968467712 0.007023521699011326 0.20647704601287842 5.1256513595581055
12.85806 0.1833944469690323 0.01967979036271572 0.9828424453735352 0.11652684211730957 0.0109384311363101 0.9996969699859619 -0.022058336064219475 -0.06823334842920303 -0.9829785227775574 0.014796131290495396 0.18312355875968933 5.128393650054932
12.96167 0.1635061502456665 0.025687137618660927 0.9862079620361328 0.14139634370803833 0.01741744577884674 0.9994299411773682 -0.028919214382767677 -0.0685463398694992 -0.9863885641098022 0.02190569043159485 0.16296552121639252 5.130749225616455
13.0652 0.14337265491485596 0.032610438764095306 0.9891313910484314 0.1667727828025818 0.019355986267328262 0.9991734027862549 -0.03574712574481964 -0.0686572790145874 -0.9894794225692749 0.024270780384540558 0.1426229625940323 5.133796215057373
13.16877 0.12633442878723145 0.03357568755745888 0.9914194345474243 0.19357043504714966 0.017506355419754982 0.9991959929466248 -0.036069851368665695 -0.06930416077375412 -0.9918331503868103 0.02191300317645073 0.12564505636692047 5.13647985458374
13.27235 0.110097736120224 0.028949430212378502 0.9934991598129272 0.22093850374221802 0.015325678512454033 0.9994074702262878 -0.030819958075881004 -0.07077126204967499 -0.9938026070594788 0.01861925981938839 0.10958882421255112 5.139621257781982
13.37588 0.09551888704299927 0.02568412944674492 0.9950963854789734 0.2491837441921234 0.01579076424241066 0.9995021224021912 -0.027313601225614548 -0.07208068668842316 -0.9953023791313171 0.01832229271531105 0.09506575763225555 5.141907691955566
13.4795 0.08174153417348862 0.02273428440093994 0.9963942766189575 0.2785973846912384 0.01753656379878521 0.9995521903038025 -0.024244992062449455 -0.07343725115060806 -0.9964993000030518 0.019455157220363617 0.08130624145269394 5.144043922424316
13.58311 0.07078838348388672 0.022500744089484215 0.997237503528595 0.3086725175380707 0.022207776084542274 0.9994621276855469 -0.024127347394824028 -0.07401315122842789 -0.9972442388534546 0.023854361847043037 0.07025060802698135 5.145109176635742
13.68672 0.060593653470277786 0.024543441832065582 0.9978607296943665 0.33997225761413574 0.025155946612358093 0.9993425011634827 -0.02610744908452034 -0.0741199478507042 -0.9978455305099487 0.026684075593948364 0.05993640050292015 5.1464691162109375
13.79034 0.05300216004252434 0.023768644779920578 0.9983112812042236 0.3720179796218872 0.027224672958254814 0.9993106126785278 -0.02523784153163433 -0.0759955421090126 -0.9982231259346008 0.028516363352537155 0.05231853947043419 5.147592067718506
13.89395 0.047015681862831116 0.02367118000984192 0.9986135363578796 0.40574830770492554 0.02886028029024601 0.9992696642875671 -0.025045499205589294 -0.07726232707500458 -0.9984771609306335 0.029997801408171654 0.04629819840192795 5.149195194244385
13.99767 0.041626811027526855 0.025098763406276703 0.9988176822662354 0.43999841809272766 0.0299335066229105 0.9992043375968933 -0.026355983689427376 -0.07798741012811661 -0.9986845850944519 0.030995246022939682 0.04084239527583122 5.150302886962891
14.1013 0.03574182838201523 0.025990519672632217 0.9990227818489075 0.47673681378364563 0.030289996415376663 0.9991743564605713 -0.027078134939074516 -0.07908410578966141 -0.9989017248153687 0.031228233128786087 0.03492506593465805 5.15153169631958
14.20492 0.03118879348039627 0.02601351961493492 0.9991748929023743 0.5116001963615417 0.0321086160838604 0.999119222164154 -0.02701433002948761 -0.0801660344004631 -0.9989975690841675 0.032924674451351166 0.03032606840133667 5.15254020690918
14.30854 0.028383973985910416 0.026226967573165894 0.9992530345916748 0.5502896308898926 0.03453954681754112 0.9990329742431641 -0.02720230259001255 -0.08127997815608978 -0.9990001320838928 0.03528586030006409 0.027450663968920708 5.153435230255127
14.41227 0.025339575484395027 0.025360042229294777 0.9993572235107422 0.5878410339355469 0.03497185930609703 0.999043881893158 -0.026238825172185898 -0.08252739161252975 -0.9990670084953308 0.035614263266325 0.02442844957113266 5.154158592224121
14.51589 0.022776195779442787 0.024996697902679443 0.9994280934333801 0.6280673146247864 0.03607689216732979 0.9990156888961792 -0.02580854669213295 -0.08369838446378708 -0.9990894198417664 0.03664408251643181 0.021851973608136177 5.155226707458496
14.61968 0.022219795733690262 0.024454906582832336 0.9994539022445679 0.6682345867156982 0.04128192365169525 0.9988256692886353 -0.025357309728860855 -0.08523954451084137 -0.9989004135131836 0.041822828352451324 0.021184155717492104 5.15555477142334
14.72326 0.02338702604174614 0.023997385054826736 0.9994383454322815 0.7100574374198914 0.044577136635780334 0.998692512512207 -0.025022583082318306 -0.08669640123844147 -0.9987321496009827 0.04513731598854065 0.022286713123321533 5.155950546264648
14.82686 0.026005685329437256 0.024460166692733765 0.9993624091148376 0.7546033263206482 0.04600195959210396 0.9986122846603394 -0.025638878345489502 -0.08737971633672714 -0.9986026287078857 0.04663940146565437 0.02484438382089138 5.156784534454346
14.93048 0.029213782399892807 0.024038201197981834 0.9992840886116028 0.7974274158477783 0.048879701644182205 0.9984804391860962 -0.02544785477221012 -0.08920488506555557 -0.9983773827552795 0.04958813637495041 0.027994411066174507 5.15895938873291
15.0341 0.03382915258407593 0.0234981682151556 0.999151349067688 0.8433770537376404 0.04968056455254555 0.9984481334686279 -0.025163710117340088 -0.09052801132202148 -0.9981920719146729 0.05048966780304909 0.032609254121780396 5.160382270812988
15.13784 0.037354446947574615 0.021706094965338707 0.9990662336349487 0.8887820243835449 0.051201507449150085 0.9984093308448792 -0.023606210947036743 -0.09206542372703552 -0.9979895353317261 0.05203549563884735 0.03618364781141281 5.1625776290893555
15.24145 0.04163625091314316 0.02030434086918831 0.9989264607429504 0.9361264705657959 0.050715912133455276 0.9984617233276367 -0.022408777847886086 -0.09325981140136719 -0.9978448748588562 0.05159449949860573 0.040542442351579666 5.164386749267578
15.34508 0.045821674168109894 0.018203129991889 0.9987836480140686 0.983749270439148 0.04728486016392708 0.9986737370491028 -0.02037043124437332 -0.09426844120025635 -0.9978299140930176 0.04816077649593353 0.04490016773343086 5.166830539703369
15.44881 0.04979584366083145 0.017121542245149612 0.998612642288208 1.0322651863098145 0.04682249203324318 0.9987136721611023 -0.019458075985312462 -0.09554991871118546 -0.9976612329483032 0.047726474702358246 0.04893010854721069 5.1697893142700195
15.55255 0.053481198847293854 0.01821788027882576 0.9984026551246643 1.081489086151123 0.043885160237550735 0.9988246560096741 -0.020576365292072296 -0.09721401333808899 -0.9976040720939636 0.044915515929460526 0.0526188500225544 5.173159122467041
15.65617 0.05676576867699623 0.021852657198905945 0.9981482028961182 1.1313707828521729 0.04172879084944725 0.9988348484039307 -0.024240847676992416 -0.09936785697937012 -0.9975152015686035 0.04302757978439331 0.05578773468732834 5.176392078399658
15.7599 0.05831242725253105 0.02734479308128357 0.9979237914085388 1.1809660196304321 0.03608580306172371 0.9989137053489685 -0.029480552300810814 -0.10078736394643784 -0.9976460337638855 0.03772996366024017 0.05726233124732971 5.179556369781494
15.86364 0.05754687637090683 0.030721455812454224 0.9978700280189514 1.230000376701355 0.033026691526174545 0.9989206790924072 -0.03265843912959099 -0.1023666262626648 -0.9977964162826538 0.03483574092388153 0.05647014454007149 5.18377161026001
15.96739 0.05795510858297348 0.03022403083741665 0.9978615641593933 1.2800805568695068 0.030278339982032776 0.9990285038948059 -0.03201792389154434 -0.10436467826366425 -0.9978599548339844 0.03206919506192207 0.05698367580771446 5.186741828918457
16.07102 0.05795929953455925 0.02826721780002117 0.9979187250137329 1.3297617435455322 0.027564162388443947 0.999172568321228 -0.02990366891026497 -0.10656605660915375 -0.9979384541511536 0.029239993542432785 0.05713220313191414 5.189876079559326
16.17474 0.05735402554273605 0.0273586418479681 0.9979790449142456 1.3787775039672852 0.028649279847741127 0.9991675615310669 -0.029037710279226303 -0.10844805836677551 -0.9979427456855774 0.030256807804107666 0.05652248486876488 5.193520545959473
16.27845 0.05745450034737587 0.02668154239654541 0.9979915022850037 1.4291330575942993 0.02618418075144291 0.9992585778236389 -0.028222842141985893 -0.11060968041419983 -0.9980047345161438 0.02775312028825283 0.056713275611400604 5.197021961212158
16.38209 0.05793982371687889 0.027115751057863235 0.9979517459869385 1.4792652130126953 0.024854520335793495 0.9992819428443909 -0.028594916686415672 -0.11270672082901001 -0.9980106949806213 0.026460396125912666 0.05722426623106003 5.20015811920166
