1305031453.359684 1.0 0.0 0.0 0.0 0.0 1.0 0.0 0.0 0.0 0.0 1.0 0.0
1305031453.39169 0.9996334314346313 -0.024074848741292953 0.012383387424051762 0.002125997096300125 0.024060342460870743 0.9997096657752991 0.0013190910685807467 0.004474920686334372 -0.012411548756062984 -0.0010206589940935373 0.9999224543571472 -0.009465275332331657
1305031453.423683 0.9989062547683716 -0.04260985553264618 0.019252270460128784 0.007762070279568434 0.042624834924936295 0.9990910887718201 -0.0003683122340589762 0.006547166500240564 -0.01921907812356949 0.0011885343119502068 0.9998145699501038 -0.017849978059530258
1305031453.459685 0.9976736903190613 -0.059544917196035385 0.03318800404667854 0.010486899875104427 0.05978170782327652 0.9981924295425415 -0.006188251078128815 0.009394662454724312 -0.03275953605771065 0.008157891221344471 0.9994298815727234 -0.027812156826257706
1305031453.491698 0.9957708120346069 -0.07967174053192139 0.04574776813387871 0.014466923661530018 0.08037320524454117 0.996670663356781 -0.013701457530260086 0.014100701548159122 -0.0445038378238678 0.017320403829216957 0.998859167098999 -0.03870728239417076
1305031453.523684 0.9936372637748718 -0.0977979302406311 0.055860087275505066 0.015543476678431034 0.0994110181927681 0.9946838021278381 -0.026861421763896942 0.020070867612957954 -0.0529361367225647 0.03224361687898636 0.9980772733688354 -0.051550257951021194
1305031453.559753 0.991784930229187 -0.11041521281003952 0.06458437442779541 0.0136716915294528 0.11325112730264664 0.9926772117614746 -0.042023997753858566 0.0275938268750906 -0.05947135388851166 0.04899302497506142 0.9970269203186035 -0.06624579429626465
1305031453.59164 0.9904343485832214 -0.11820082366466522 0.07119286805391312 0.013400308787822723 0.12217361479997635 0.9910225868225098 -0.05429253354668617 0.031521424651145935 -0.0641363114118576 0.06247108802199364 0.995983898639679 -0.08126271516084671
1305031453.627706 0.9890855550765991 -0.1252322793006897 0.07763189822435379 0.0056372773833572865 0.13048867881298065 0.9891975522041321 -0.06678920984268188 0.037562429904937744 -0.0684291198849678 0.07619032263755798 0.9947425127029419 -0.09847471117973328
1305031453.6596 0.9895665049552917 -0.11992456763982773 0.07985035330057144 -0.011180151253938675 0.1266367882490158 0.9882922768592834 -0.08509686589241028 0.04713531956076622 -0.06871026009321213 0.09432101994752884 0.9931678771972656 -0.1120530292391777
1305031453.691678 0.9912984371185303 -0.11064812541007996 0.07130381464958191 -0.01766590029001236 0.11749150604009628 0.9879999160766602 -0.1002582311630249 0.05676067993044853 -0.05935477465391159 0.10776343196630478 0.9924031496047974 -0.12570177018642426
1305031453.727652 0.9928970336914062 -0.10305564105510712 0.059455178678035736 -0.023097310215234756 0.10915279388427734 0.9878576397895813 -0.11055698245763779 0.06630565226078033 -0.04733971878886223 0.11626138538122177 0.9920898675918579 -0.14227542281150818
1305031453.759694 0.9949466586112976 -0.08611074835062027 0.051633015275001526 -0.0453839972615242 0.09177197515964508 0.9885531067848206 -0.11975225061178207 0.07167678326368332 -0.04073001444339752 0.12388557195663452 0.9914602637290955 -0.1536812037229538
1305031453.791716 0.9970144033432007 -0.07097204029560089 0.03041910193860531 -0.04931609705090523 0.07437078654766083 0.9885782599449158 -0.1310800164937973 0.0821080431342125 -0.02076864056289196 0.13295094668865204 0.9909049868583679 -0.16647090017795563
1305031453.827773 0.9980423450469971 -0.060533031821250916 0.01572338119149208 -0.05914463475346565 0.062112078070640564 0.9887696504592896 -0.13592809438705444 0.0879593938589096 -0.007318668067455292 0.1366385966539383 0.9905939698219299 -0.17955273389816284
1305031453.859705 0.9990320205688477 -0.043985765427351 0.00032114030909724534 -0.08581153303384781 0.0435778945684433 0.9887221455574036 -0.14328129589557648 0.10008884221315384 0.005984819959849119 0.14315663278102875 0.9896818995475769 -0.1906774342060089
1305031453.89171 0.9991676807403564 -0.030061807483434677 -0.0275700856000185 -0.10239733755588531 0.025765838101506233 0.9891330003738403 -0.1447484940290451 0.10935981571674347 0.03162188082933426 0.14391767978668213 0.9890842437744141 -0.19996584951877594
1305031453.927723 0.9970767498016357 -0.023974861949682236 -0.07254704087972641 -0.10496971756219864 0.013894700445234776 0.990558385848999 -0.13638605177402496 0.10979697108268738 0.07513192296028137 0.13497933745384216 0.9879958033561707 -0.20471103489398956
1305031453.959641 0.9940086603164673 -0.011594222858548164 -0.10868397355079651 -0.10995085537433624 -0.0030258651822805405 0.9910579919815063 -0.13339848816394806 0.11765903234481812 0.10925877094268799 0.13292813301086426 0.985085129737854 -0.21343642473220825
1305031453.991624 0.9911764860153198 0.010844128206372261 -0.13210450112819672 -0.12189468741416931 -0.02754792757332325 0.9917387366294861 -0.1252819448709488 0.11601512134075165 0.12965455651283264 0.12781572341918945 0.9832867383956909 -0.22086459398269653
1305031454.027662 0.987724244594574 0.029169512912631035 -0.15346010029315948 -0.13898736238479614 -0.04913168027997017 0.990563690662384 -0.1279439479112625 0.11858077347278595 0.14827995002269745 0.1339130699634552 0.9798368811607361 -0.22432522475719452
1305031454.059654 0.9830556511878967 0.05078127607703209 -0.17613327503204346 -0.15232335031032562 -0.0744604766368866 0.988641619682312 -0.13055065274238586 0.1277451068162918 0.16750313341617584 0.14145353436470032 0.9756708145141602 -0.22680631279945374
1305031454.091651 0.9767918586730957 0.07725731283426285 -0.19977210462093353 -0.1652570515871048 -0.1033780500292778 0.9869068264961243 -0.12380648404359818 0.12508487701416016 0.18759150803089142 0.14158523082733154 0.9719892144203186 -0.23291151225566864
1305031454.127701 0.968657374382019 0.10356075316667557 -0.2257826328277588 -0.18117086589336395 -0.13425131142139435 0.9830215573310852 -0.1250809133052826 0.1265489161014557 0.20899567008018494 0.15147222578525543 0.9661142826080322 -0.23605939745903015
1305031454.159672 0.9590731263160706 0.12392646074295044 -0.2545994520187378 -0.19330066442489624 -0.15944355726242065 0.9794014096260071 -0.1238977387547493 0.13515959680080414 0.23400087654590607 0.15942123532295227 0.9590768814086914 -0.2407369315624237
1305031454.191658 0.9461771845817566 0.15284186601638794 -0.28528571128845215 -0.21020135283470154 -0.19173967838287354 0.9748432636260986 -0.11365046352148056 0.13866941630840302 0.2607383131980896 0.16223406791687012 0.9516804218292236 -0.2398563176393509
1305031454.227671 0.9295844435691833 0.1838386207818985 -0.3194931149482727 -0.22118906676769257 -0.2262105643749237 0.9688609838485718 -0.10068388283252716 0.12777288258075714 0.2910348176956177 0.1658668965101242 0.9422245025634766 -0.24165162444114685
1305031454.259627 0.913066565990448 0.21109825372695923 -0.34892237186431885 -0.22422613203525543 -0.26180046796798706 0.9594341516494751 -0.10462620109319687 0.13561873137950897 0.3126815855503082 0.1868787407875061 0.9312929511070251 -0.25011521577835083
1305031454.291639 0.9013382196426392 0.2330145537853241 -0.3650938868522644 -0.2315295934677124 -0.2855689525604248 0.9534915089607239 -0.09645964205265045 0.1416216343641281 0.3256374001502991 0.19120222330093384 0.9259600639343262 -0.24868761003017426
1305031454.327699 0.8867397308349609 0.263467401266098 -0.3798386752605438 -0.25033214688301086 -0.3169246315956116 0.9446687698364258 -0.08461562544107437 0.13423945009708405 0.3365282118320465 0.195412278175354 0.9211747050285339 -0.25336718559265137
1305031454.359636 0.8687365055084229 0.2849808931350708 -0.4050712287425995 -0.25412362813949585 -0.3472248613834381 0.9336613416671753 -0.08781492710113525 0.13959097862243652 0.35317373275756836 0.21693886816501617 0.9100582003593445 -0.2539483904838562
1305031454.391677 0.8548493981361389 0.3041096031665802 -0.4204164743423462 -0.26203206181526184 -0.3706662356853485 0.9248993992805481 -0.08466126024723053 0.14765864610671997 0.3630966544151306 0.2282067984342575 0.9033728837966919 -0.255452424287796
1305031454.427465 0.8353842496871948 0.3299601078033447 -0.4396129250526428 -0.2796105742454529 -0.4006666839122772 0.9130614399909973 -0.07605963945388794 0.15098367631435394 0.3762969970703125 0.2396772801876068 0.8949611783027649 -0.2570740282535553
1305031454.459913 0.8130044341087341 0.3526265025138855 -0.46333393454551697 -0.2753351330757141 -0.42976701259613037 0.9003061056137085 -0.06891509890556335 0.15466631948947906 0.3928411304950714 0.25515392422676086 0.8835000395774841 -0.25998178124427795
1305031454.491617 0.79526287317276 0.3796929121017456 -0.4726417660713196 -0.2805737853050232 -0.45992177724838257 0.8857724666595459 -0.06228203326463699 0.159608393907547 0.3950050473213196 0.26690876483917236 0.8790510296821594 -0.26357370615005493
1305031454.5277 0.7744781374931335 0.4048614203929901 -0.4860769212245941 -0.282314658164978 -0.4881371259689331 0.8712096214294434 -0.05211598426103592 0.16799835860729218 0.40237513184547424 0.2776348292827606 0.8723606467247009 -0.26306819915771484
1305031454.559575 0.757461428642273 0.4267560839653015 -0.49409663677215576 -0.2893613278865814 -0.5097625255584717 0.8594222068786621 -0.03918612003326416 0.17836862802505493 0.40791475772857666 0.2815539240837097 0.8685234189033508 -0.265878289937973
1305031454.591635 0.7319296002388 0.45610299706459045 -0.506210446357727 -0.29965952038764954 -0.5392903089523315 0.8418521285057068 -0.02123870700597763 0.18642188608646393 0.4164672791957855 0.2885395884513855 0.8621484041213989 -0.27363643050193787
1305031454.62758 0.7026359438896179 0.47326308488845825 -0.5313423871994019 -0.2983565926551819 -0.5608506798744202 0.82790607213974 -0.004246773663908243 0.19457070529460907 0.43789178133010864 0.30098769068717957 0.8471465110778809 -0.26916828751564026
1305031454.659528 0.6808611154556274 0.48382216691970825 -0.5498583912849426 -0.29649436473846436 -0.5701391100883484 0.8213772177696228 0.016758685931563377 0.20375840365886688 0.45974934101104736 0.30208542943000793 0.8350898027420044 -0.27082520723342896
1305031454.691884 0.6562955975532532 0.49484238028526306 -0.5695675015449524 -0.2981846332550049 -0.5782041549682617 0.8148269653320312 0.041677337139844894 0.21098580956459045 0.48472267389297485 0.3019736409187317 0.8208872675895691 -0.27057337760925293
1305031454.727659 0.632072925567627 0.4997788965702057 -0.5922033190727234 -0.29076704382896423 -0.5818116664886475 0.8108546733856201 0.06332388520240784 0.21178288757801056 0.5118387937545776 0.3045254945755005 0.8032965064048767 -0.2652827203273773
1305031454.759732 0.6259818077087402 0.4971080720424652 -0.6008579134941101 -0.2811232805252075 -0.5717195868492126 0.8165463805198669 0.0799286738038063 0.21204251050949097 0.5303616523742676 0.2934882938861847 0.7953497171401978 -0.26608067750930786
1305031454.791641 0.6348937749862671 0.48269933462142944 -0.6032505035400391 -0.27742141485214233 -0.5527412295341492 0.8293226957321167 0.08185906708240509 0.2226237803697586 0.5398026704788208 0.2814696133136749 0.7933397889137268 -0.26424214243888855
1305031454.82757 0.6412018537521362 0.4746871888637543 -0.602936327457428 -0.26977261900901794 -0.539556622505188 0.8375840783119202 0.08562365919351578 0.23077628016471863 0.545654296875 0.27041637897491455 0.7931811809539795 -0.26689618825912476
1305031454.85962 0.6517568826675415 0.46794575452804565 -0.5968582630157471 -0.2649401128292084 -0.5248405933380127 0.8463801741600037 0.09045950323343277 0.23640108108520508 0.5474991202354431 0.2542979121208191 0.7972310781478882 -0.2653582990169525
1305031454.891764 0.6658010482788086 0.45879271626472473 -0.5884032845497131 -0.2603900730609894 -0.5109238028526306 0.8550505638122559 0.08857417106628418 0.24540111422538757 0.5437516570091248 0.24165645241737366 0.803701639175415 -0.26588767766952515
1305031454.927567 0.6796324253082275 0.4536118805408478 -0.5764859318733215 -0.2600667178630829 -0.49904873967170715 0.8619027733802795 0.08985409140586853 0.25221365690231323 0.5376338362693787 0.2266269028186798 0.8121515512466431 -0.26813599467277527
1305031454.959648 0.694183349609375 0.44634175300598145 -0.5647020936012268 -0.2617689073085785 -0.4878585934638977 0.8685946464538574 0.08681868016719818 0.26330122351646423 0.529248058795929 0.21522673964500427 0.8207155466079712 -0.2731752395629883
1305031454.991937 0.7059124708175659 0.4387027323246002 -0.5560823678970337 -0.2655581831932068 -0.47611382603645325 0.8751649260520935 0.08603495359420776 0.272388756275177 0.5244075655937195 0.20402540266513824 0.8266622424125671 -0.2797907888889313
1305031455.027799 0.7102974057197571 0.4331701099872589 -0.5548344254493713 -0.26709383726119995 -0.4715278148651123 0.8780437111854553 0.08185740560293198 0.2858942449092865 0.522627055644989 0.20347678661346436 0.8279240131378174 -0.2832922637462616
1305031455.059636 0.7154897451400757 0.43297478556632996 -0.5482766032218933 -0.27117377519607544 -0.4686775207519531 0.8794703483581543 0.08290433138608932 0.29140767455101013 0.5180885791778564 0.19764775037765503 0.8321776390075684 -0.28724440932273865
1305031455.0917 0.72161865234375 0.4310414791107178 -0.5417284369468689 -0.2764008045196533 -0.46982961893081665 0.8796440958976746 0.07406891882419586 0.302164226770401 0.5084550976753235 0.20107059180736542 0.837283730506897 -0.2944488525390625
1305031455.127695 0.7285228371620178 0.42788997292518616 -0.5349435806274414 -0.28200361132621765 -0.4680213928222656 0.8811413049697876 0.06742257624864578 0.314358115196228 0.5002104043960571 0.20124615728855133 0.8421933650970459 -0.29690977931022644
1305031455.15972 0.7386665344238281 0.4230239987373352 -0.5248070955276489 -0.2916949987411499 -0.4602081775665283 0.8853612542152405 0.06590747088193893 0.3228223919868469 0.4925244450569153 0.19283689558506012 0.8486658334732056 -0.3036268949508667
1305031455.191655 0.7487601041793823 0.4164087772369385 -0.5157150030136108 -0.30105531215667725 -0.44985532760620117 0.8906583189964294 0.06601354479789734 0.3328608572483063 0.48681461811065674 0.18256886303424835 0.8542131781578064 -0.3093305230140686
1305031455.227581 0.7581801414489746 0.4065902829170227 -0.5097521543502808 -0.3103705644607544 -0.43876972794532776 0.896429717540741 0.0624089315533638 0.33993327617645264 0.48233190178871155 0.17634664475917816 0.8580546975135803 -0.3134312331676483
1305031455.259631 0.768338680267334 0.3971843719482422 -0.5018967390060425 -0.3198341131210327 -0.4287169575691223 0.9016258716583252 0.057206641882658005 0.3555734157562256 0.4752447307109833 0.17121762037277222 0.8630335927009583 -0.3150348663330078
1305031455.291831 0.783656656742096 0.3859978914260864 -0.48671120405197144 -0.3313949406147003 -0.4071715176105499 0.910903811454773 0.06682448089122772 0.3602832853794098 0.46914130449295044 0.14580753445625305 0.871003270149231 -0.3215993046760559
1305031455.327766 0.7972539067268372 0.36780571937561035 -0.4786492586135864 -0.3430122137069702 -0.383788526058197 0.9208856821060181 0.0683801993727684 0.37169891595840454 0.4659319221973419 0.12918372452259064 0.8753393888473511 -0.32872679829597473
1305031455.35963 0.8029088973999023 0.3608936369419098 -0.47443974018096924 -0.3507414162158966 -0.36939582228660583 0.9258940815925598 0.07916303724050522 0.38165339827537537 0.4678505063056946 0.11169540137052536 0.8767211437225342 -0.32936209440231323
1305031455.391665 0.8159908652305603 0.35432538390159607 -0.4567410945892334 -0.3626338839530945 -0.35104769468307495 0.9314800500869751 0.0954485833644867 0.380927711725235 0.4592651426792145 0.08245276659727097 0.8844643235206604 -0.33233654499053955
1305031455.427642 0.8319734334945679 0.3383038640022278 -0.4397394061088562 -0.3768543601036072 -0.3286125361919403 0.9390773773193359 0.10073380917310715 0.38730284571647644 0.4470280408859253 0.06069605425000191 0.8924583196640015 -0.34165096282958984
1305031455.459589 0.8424087762832642 0.3277363181114197 -0.4277106523513794 -0.39130884408950806 -0.3121541142463684 0.9438265562057495 0.10840251296758652 0.384863942861557 0.43921220302581787 0.04219243675470352 0.8973920941352844 -0.35309261083602905
1305031455.491637 0.8534204959869385 0.3094230592250824 -0.4194411039352417 -0.4038405120372772 -0.2909706234931946 0.9504854679107666 0.10914948582649231 0.39132609963417053 0.43244606256484985 0.028894640505313873 0.9011967182159424 -0.3606376349925995
1305031455.52761 0.867945671081543 0.2844708561897278 -0.4071199297904968 -0.42844444513320923 -0.2647930085659027 0.9585435390472412 0.10525599867105484 0.3984963297843933 0.42018449306488037 0.016446026042103767 0.9072896838188171 -0.3672855794429779
1305031455.559669 0.8763887286186218 0.25986340641975403 -0.40547990798950195 -0.44693806767463684 -0.23942731320858002 0.9656100273132324 0.10134994983673096 0.4035117030143738 0.4178726077079773 0.008261017501354218 0.9084681272506714 -0.37805551290512085
1305031455.591645 0.8839468359947205 0.23292312026023865 -0.40544381737709045 -0.4619676470756531 -0.21027015149593353 0.9724892377853394 0.10025466978549957 0.407335489988327 0.41764146089553833 -0.003367071971297264 0.9086056351661682 -0.3915266692638397
1305031455.627617 0.8915568590164185 0.21327921748161316 -0.3995477557182312 -0.47962984442710876 -0.18505316972732544 0.9767264127731323 0.10844768583774567 0.4006306529045105 0.41337850689888 -0.022749699652194977 0.9102750420570374 -0.4001959562301636
1305031455.659615 0.8963567018508911 0.20151127874851227 -0.39488986134529114 -0.4973685145378113 -0.17418169975280762 0.9791745543479919 0.10429703444242477 0.3950239419937134 0.4076831638813019 -0.024704765528440475 0.9127892851829529 -0.41037434339523315
1305031455.691605 0.8995416164398193 0.20114105939865112 -0.3877720534801483 -0.5164946913719177 -0.1779688447713852 0.9794213771820068 0.09518846869468689 0.39745470881462097 0.3989385664463043 -0.016614634543657303 0.9168271422386169 -0.4235750436782837
1305031455.727628 0.9002587199211121 0.21035049855709076 -0.38116520643234253 -0.5308890342712402 -0.18895383179187775 0.9775538444519043 0.09319224953651428 0.3948421776294708 0.3922126293182373 -0.011874496936798096 0.919797956943512 -0.43422991037368774
1305031455.759683 0.904080331325531 0.217081218957901 -0.36812302470207214 -0.5465269088745117 -0.19691477715969086 0.9760950803756714 0.09199419617652893 0.39099594950675964 0.3792933225631714 -0.010681280866265297 0.9252148270606995 -0.4481316804885864
1305031455.791666 0.9092413187026978 0.2166336476802826 -0.35545751452445984 -0.5644360780715942 -0.19659334421157837 0.9761552810668945 0.09204289317131042 0.3797048330307007 0.3669213652610779 -0.013808628544211388 0.9301495552062988 -0.46140652894973755
1305031455.82759 0.9126093983650208 0.21362146735191345 -0.3485829532146454 -0.5792792439460754 -0.19736284017562866 0.9768980741500854 0.08196394890546799 0.3821548521518707 0.3580392897129059 -0.006003747694194317 0.9336872100830078 -0.4758533239364624
1305031455.859526 0.9136298298835754 0.21628764271736145 -0.3442385792732239 -0.591958224773407 -0.1992640644311905 0.9762912392616272 0.08455231785774231 0.3751215934753418 0.3543647825717926 -0.008655129931867123 0.9350672364234924 -0.48905062675476074
1305031455.891657 0.9177167415618896 0.21766741573810577 -0.33229029178619385 -0.6123796701431274 -0.20365168154239655 0.9760186672210693 0.07689943164587021 0.3798164427280426 0.3410600423812866 -0.0029004469979554415 0.9400370717048645 -0.49728676676750183
1305031455.927955 0.9198910593986511 0.2201201170682907 -0.3245730400085449 -0.623903751373291 -0.20537112653255463 0.9754514098167419 0.07948104292154312 0.37357211112976074 0.334100604057312 -0.0064559741877019405 0.9425153732299805 -0.5074499845504761
1305031455.959716 0.9221557378768921 0.2235363870859146 -0.31569021940231323 -0.6361992955207825 -0.21048863232135773 0.9746909737586975 0.07531307637691498 0.3747681677341461 0.3245355784893036 -0.0030011991038918495 0.945868730545044 -0.5190870761871338
1305031455.991694 0.9243605136871338 0.2291107475757599 -0.3050670921802521 -0.6471148729324341 -0.2150803953409195 0.9733697772026062 0.07931920140981674 0.3717781603336334 0.3151159882545471 -0.007705594412982464 0.9490219354629517 -0.5279754400253296
1305031456.02777 0.926345944404602 0.23673202097415924 -0.29298651218414307 -0.6545562148094177 -0.22223427891731262 0.9715108871459961 0.08233118802309036 0.3788622319698334 0.30413004755973816 -0.011155523359775543 0.9525653123855591 -0.5369141697883606
1305031456.059713 0.9269488453865051 0.25627827644348145 -0.274020791053772 -0.6723743081092834 -0.23597541451454163 0.96604323387146 0.10524296015501022 0.36889004707336426 0.29168739914894104 -0.032892659306526184 0.955947995185852 -0.5436403751373291
1305031456.091707 0.927371084690094 0.2687285542488098 -0.26032283902168274 -0.6875776648521423 -0.24539853632450104 0.9620960354804993 0.11895689368247986 0.35885289311408997 0.28242266178131104 -0.04643434286117554 0.9581655859947205 -0.548662543296814
1305031456.127645 0.9293041229248047 0.27106010913848877 -0.25083911418914795 -0.6984815001487732 -0.24739530682563782 0.9611871242523193 0.12212631851434708 0.3520306944847107 0.27420687675476074 -0.05143608897924423 0.960294246673584 -0.5530662536621094
1305031456.159731 0.9319930672645569 0.273346483707428 -0.23805636167526245 -0.709862232208252 -0.24853765964508057 0.9599612951278687 0.12924127280712128 0.33683228492736816 0.2638525366783142 -0.06128599867224693 0.9626141786575317 -0.5566630363464355
1305031456.191658 0.936935544013977 0.2678541839122772 -0.22451278567314148 -0.7195004224777222 -0.24619129300117493 0.9617612361907959 0.12002172321081161 0.3259173035621643 0.2480759620666504 -0.057179536670446396 0.96705162525177 -0.5581034421920776
1305031456.227678 0.9429119825363159 0.25837865471839905 -0.21013671159744263 -0.724338173866272 -0.24148717522621155 0.9649357199668884 0.1028740331530571 0.33588317036628723 0.22934883832931519 -0.04625584930181503 0.9722446799278259 -0.5590477585792542
1305031456.291675 0.9558966159820557 0.24704474210739136 -0.1588413417339325 -0.7556068301200867 -0.23366022109985352 0.9673330783843994 0.09833414852619171 0.31657490134239197 0.17794543504714966 -0.05688236281275749 0.9823948740959167 -0.560634970664978
1305031456.327718 0.9625389575958252 0.23305925726890564 -0.13857173919677734 -0.767655611038208 -0.22252437472343445 0.9710007905960083 0.08740867674350739 0.3101193308830261 0.1549246907234192 -0.05329865962266922 0.9864875078201294 -0.5581664443016052
1305031456.391619 0.9726679921150208 0.21393509209156036 -0.09027092158794403 -0.7908035516738892 -0.20778167247772217 0.9754545092582703 0.0729067474603653 0.3027633726596832 0.10365249216556549 -0.052157409489154816 0.993245005607605 -0.5524972677230835
1305031456.427662 0.978003203868866 0.1979408711194992 -0.06579770892858505 -0.8104375600814819 -0.1950186938047409 0.9796109795570374 0.048271119594573975 0.3126198649406433 0.07401100546121597 -0.03437751531600952 0.9966646432876587 -0.5472273230552673
1305031456.491677 0.9839834570884705 0.17274612188339233 -0.04399321973323822 -0.848402738571167 -0.1704099029302597 0.9839862585067749 0.05226404592394829 0.32596784830093384 0.052317142486572266 -0.04393008351325989 0.9976637959480286 -0.538454532623291
1305031456.527641 0.9859264492988586 0.16160404682159424 -0.04281578212976456 -0.8638741970062256 -0.158797487616539 0.9853371381759644 0.06240259110927582 0.32828885316848755 0.05227251350879669 -0.054725319147109985 0.9971322417259216 -0.5259066224098206
1305031456.591651 0.989683985710144 0.1387975811958313 -0.03550586849451065 -0.8811602592468262 -0.13635322451591492 0.9885979890823364 0.06388828158378601 0.3324158489704132 0.043968573212623596 -0.058387868106365204 0.9973253011703491 -0.5102227330207825
1305031456.627612 0.9917644262313843 0.12596769630908966 -0.023139048367738724 -0.8913939595222473 -0.12365594506263733 0.9888359904289246 0.08314159512519836 0.34496745467185974 0.033353883773088455 -0.07959559559822083 0.9962689876556396 -0.4984098970890045
1305031456.691612 0.9955801963806152 0.09353882074356079 0.00840521790087223 -0.9315688610076904 -0.0938979834318161 0.9896585941314697 0.10843837261199951 0.33018389344215393 0.0018249060958623886 -0.10874830931425095 0.9940675497055054 -0.4718531668186188
1305031456.727693 0.9972840547561646 0.07203254848718643 0.015353430062532425 -0.9493540525436401 -0.07330077141523361 0.9910355806350708 0.1116933673620224 0.3448287546634674 -0.0071702320128679276 -0.11251542717218399 0.9936240315437317 -0.46487414836883545
1305031456.791649 0.9989633560180664 0.045280151069164276 -0.004660280421376228 -0.9780888557434082 -0.044340092688798904 0.9911235570907593 0.1253313273191452 0.3317703902721405 0.010293930768966675 -0.12499476969242096 0.9921039342880249 -0.4436499774456024
1305031456.827603 0.9994180202484131 0.029080765321850777 -0.017831817269325256 -0.9799770712852478 -0.026878124102950096 0.9931966066360474 0.11330500990152359 0.3563511371612549 0.021005498245358467 -0.1127597764134407 0.9934001564979553 -0.43330878019332886
1305031456.891672 0.999897837638855 0.007216601632535458 -0.012348044663667679 -0.9984903335571289 -0.0054235998541116714 0.9902036786079407 0.13952496647834778 0.3455604612827301 0.013233976438641548 -0.13944371044635773 0.9901415109634399 -0.40676313638687134
1305031456.92769 0.999975860118866 -0.00691971043124795 -0.0006309337913990021 -1.0093286037445068 0.006944198161363602 0.9920826554298401 0.1253938227891922 0.3541678786277771 -0.00024174898862838745 -0.12539517879486084 0.9921068549156189 -0.39993196725845337
1305031456.959667 0.9997332096099854 -0.018970059230923653 0.013178028166294098 -1.0231202840805054 0.017248328775167465 0.9925844669342041 0.12032591551542282 0.3711875081062317 -0.015362895093858242 -0.12006651610136032 0.9926468729972839 -0.3952028155326843
1305031456.991709 0.9994384050369263 -0.024217702448368073 0.023164741694927216 -1.0356024503707886 0.02071719616651535 0.9897996187210083 0.14095169305801392 0.36596328020095825 -0.026341978460550308 -0.14039263129234314 0.9897454380989075 -0.3852137327194214
1305031457.027648 0.9988965392112732 -0.03299642354249954 0.03342360630631447 -1.0490214824676514 0.02780958078801632 0.9890043139457703 0.14524802565574646 0.3656395673751831 -0.037848759442567825 -0.1441582590341568 0.98883056640625 -0.37996387481689453
1305031457.091655 0.9970703721046448 -0.054592907428741455 0.05357682332396507 -1.0718460083007812 0.044883616268634796 0.9847425222396851 0.16812944412231445 0.37174874544143677 -0.061938054859638214 -0.16523215174674988 0.9843078851699829 -0.37681636214256287
1305031457.127632 0.9956139326095581 -0.06511988490819931 0.06717360764741898 -1.083317756652832 0.05217977985739708 0.9824575185775757 0.1790376901626587 0.3632184863090515 -0.07765413075685501 -0.1747473180294037 0.9815463423728943 -0.373561829328537
1305031457.191735 0.9906061887741089 -0.09317613393068314 0.10008800029754639 -1.1126317977905273 0.07481984049081802 0.9819640517234802 0.17363345623016357 0.36613306403160095 -0.11446131765842438 -0.16451381146907806 0.97971111536026 -0.38140174746513367
1305031457.227543 0.9877234697341919 -0.10715140402317047 0.11367013305425644 -1.1271470785140991 0.08500854671001434 0.9791771769523621 0.18435172736644745 0.36149531602859497 -0.1310567557811737 -0.17242558300495148 0.9762651324272156 -0.3839591145515442
1305031457.291656 0.981057345867157 -0.13284289836883545 0.1409941166639328 -1.1504446268081665 0.10771854221820831 0.9790297150611877 0.17290866374969482 0.3486091196537018 -0.1610071212053299 -0.154445618391037 0.9747939109802246 -0.3947955369949341
1305031457.327548 0.9761241674423218 -0.1422622948884964 0.16414311528205872 -1.1686627864837646 0.11508816480636597 0.9796186089515686 0.16462738811969757 0.3536580502986908 -0.1842179000377655 -0.14180587232112885 0.972602128982544 -0.40445929765701294
1305031457.391684 0.9628639817237854 -0.16979631781578064 0.2099103033542633 -1.200425386428833 0.1367732286453247 0.9771008491516113 0.16299399733543396 0.33976083993911743 -0.2327793687582016 -0.1282309740781784 0.964038610458374 -0.4172310531139374
1305031457.427641 0.9556151628494263 -0.18447566032409668 0.2297138273715973 -1.223232388496399 0.15027688443660736 0.9758526682853699 0.1585196703672409 0.3390115201473236 -0.25340989232063293 -0.11696311086416245 0.9602619409561157 -0.4254209101200104
1305031457.491705 0.9498387575149536 -0.20234744250774384 0.2384570837020874 -1.2517797946929932 0.1659308820962906 0.9723743796348572 0.1641799509525299 0.3205152750015259 -0.2650909423828125 -0.11637712270021439 0.95717453956604 -0.4405744969844818
1305031457.527638 0.946711540222168 -0.2078932225704193 0.24600344896316528 -1.2651379108428955 0.17248830199241638 0.9722800850868225 0.15785861015319824 0.3136998414993286 -0.27200204133987427 -0.10701383650302887 0.9563278555870056 -0.4500775933265686
1305031457.559685 0.9419873952865601 -0.2150680124759674 0.2576925456523895 -1.281381368637085 0.18036475777626038 0.9718222618103027 0.15175652503967285 0.30949047207832336 -0.28306931257247925 -0.09647408127784729 0.9542350172996521 -0.4591200649738312
1305031457.591678 0.9369910359382629 -0.22001366317272186 0.2713697552680969 -1.303116798400879 0.18626034259796143 0.9717792272567749 0.14474862813949585 0.3086358904838562 -0.2955581545829773 -0.0850827693939209 0.9515283703804016 -0.4663613438606262
1305031457.627526 0.9355920553207397 -0.22825419902801514 0.2693836987018585 -1.3114392757415771 0.1930675357580185 0.969505786895752 0.150941863656044 0.2943795323371887 -0.29562219977378845 -0.08921076357364655 0.9511303305625916 -0.47261619567871094
1305031457.659632 0.930564284324646 -0.2332780808210373 0.282190203666687 -1.3352564573287964 0.20174521207809448 0.9698815941810608 0.13648661971092224 0.303257554769516 -0.30553045868873596 -0.07007907330989838 0.9495999217033386 -0.47860532999038696
1305031457.69157 0.929344654083252 -0.24011747539043427 0.28046751022338867 -1.348832607269287 0.20378904044628143 0.967041015625 0.15264931321144104 0.29142826795578003 -0.3078773021697998 -0.08470764011144638 0.9476476311683655 -0.4841387867927551
1305031457.727669 0.9286724328994751 -0.23758374154567719 0.2848181128501892 -1.3641104698181152 0.19874277710914612 0.9671154022216797 0.1587114930152893 0.27564388513565063 -0.3131592869758606 -0.0907854437828064 0.9453514218330383 -0.4851093888282776
1305031457.759556 0.9278697967529297 -0.23439733684062958 0.29002663493156433 -1.3773341178894043 0.19608792662620544 0.9682297706604004 0.15518014132976532 0.26362356543540955 -0.317186176776886 -0.08711624145507812 0.9443536400794983 -0.4903104901313782
1305031457.791567 0.9261434078216553 -0.2337189018726349 0.29603010416030884 -1.3820388317108154 0.19609738886356354 0.968826174736023 0.15139904618263245 0.2398606389760971 -0.32218652963638306 -0.08216648548841476 0.9431037306785583 -0.4929269254207611
1305031457.827699 0.9205026030540466 -0.22814679145812988 0.3172127902507782 -1.4003779888153076 0.1976730078458786 0.9721877574920654 0.12560345232486725 0.24646811187267303 -0.33704644441604614 -0.05291387438774109 0.9399999976158142 -0.5024229288101196
1305031457.859623 0.9146596789360046 -0.22880332171916962 0.3332366645336151 -1.4138810634613037 0.19725210964679718 0.9722073078155518 0.1261136531829834 0.23450154066085815 -0.35283026099205017 -0.049619439989328384 0.934370756149292 -0.5043540000915527
1305031457.891593 0.9075766205787659 -0.2256241738796234 0.35411617159843445 -1.4340952634811401 0.19538752734661102 0.9734245538711548 0.11944933980703354 0.21201694011688232 -0.3716561198234558 -0.039219535887241364 0.9275416731834412 -0.5010347366333008
1305031457.927633 0.901469349861145 -0.22588102519512177 0.3692299723625183 -1.4552502632141113 0.20630215108394623 0.974129855632782 0.0922524631023407 0.21230614185333252 -0.38051605224609375 -0.006989825516939163 0.9247479438781738 -0.5032724142074585
1305031457.991644 0.8964219093322754 -0.2286481112241745 0.37966808676719666 -1.484203815460205 0.2171199768781662 0.9733693599700928 0.07355897128582001 0.19558274745941162 -0.38637644052505493 0.016493666917085648 0.9221936464309692 -0.4982328712940216
1305031458.027845 0.8930581212043762 -0.22773253917694092 0.38805288076400757 -1.4938578605651855 0.22223690152168274 0.9731656908988953 0.059659458696842194 0.1828892081975937 -0.391226202249527 0.03296029940247536 0.9197041392326355 -0.4955592155456543
1305031458.059689 0.8866714835166931 -0.22439520061016083 0.40430229902267456 -1.5141220092773438 0.22972223162651062 0.9725900888442993 0.03600358963012695 0.19582201540470123 -0.4012994170188904 0.06095387414097786 0.9139164686203003 -0.4906615614891052
1305031458.09169 0.8828737139701843 -0.23069214820861816 0.40904170274734497 -1.5242382287979126 0.2353915572166443 0.9710931181907654 0.03961089998483658 0.1911081224679947 -0.40635550022125244 0.06131354719400406 0.9116555452346802 -0.4882916808128357
1305031458.127605 0.8780234456062317 -0.23236291110515594 0.41842833161354065 -1.5394996404647827 0.23492620885372162 0.970914363861084 0.04620568826794624 0.17958970367908478 -0.4169946014881134 0.05773010477423668 0.9070737361907959 -0.47521093487739563
1305031458.159638 0.873232364654541 -0.2342916578054428 0.42728516459465027 -1.5577486753463745 0.2377735674381256 0.9702275395393372 0.04606901854276657 0.17016473412513733 -0.4253574311733246 0.061368174850940704 0.902942419052124 -0.4601214528083801
1305031458.191646 0.8692097663879395 -0.24185191094875336 0.43125641345977783 -1.5785367488861084 0.2466757893562317 0.9680203795433044 0.0456911101937294 0.17121544480323792 -0.4285154640674591 0.06666536629199982 0.9010717272758484 -0.44789135456085205
1305031458.227611 0.8693249821662903 -0.24705550074577332 0.4280626177787781 -1.5959333181381226 0.2449110448360443 0.9676193594932556 0.06108539551496506 0.16340267658233643 -0.4292931854724884 0.05173419415950775 0.9016823172569275 -0.43145811557769775
1305031458.259934 0.8711885213851929 -0.247428759932518 0.42403966188430786 -1.6053575277328491 0.2384103685617447 0.9682514071464539 0.07516481727361679 0.1319442093372345 -0.42917487025260925 0.035612739622592926 0.9025190472602844 -0.41243666410446167
1305031458.291664 0.8722835779190063 -0.24030214548110962 0.4258829653263092 -1.6272163391113281 0.2403409332036972 0.9691529273986816 0.05457863584160805 0.1310044527053833 -0.42586109042167664 0.054749056696891785 0.9031306505203247 -0.39288175106048584
1305031458.327628 0.8753848671913147 -0.24611087143421173 0.4160899519920349 -1.63832688331604 0.24773451685905457 0.9674816131591797 0.051057953387498856 0.12529301643371582 -0.4151252210140228 0.058384496718645096 0.9078889489173889 -0.37939828634262085
1305031458.35959 0.8771052956581116 -0.24641172587871552 0.41227126121520996 -1.6466670036315918 0.2516116499900818 0.9668903350830078 0.04260101541876793 0.10447970032691956 -0.4091184139251709 0.06636667251586914 0.9100646376609802 -0.36123842000961304
1305031458.391626 0.8774518370628357 -0.2434883564710617 0.413269579410553 -1.658673882484436 0.2605031430721283 0.9653459787368774 0.015659309923648834 0.1090255081653595 -0.4027610123157501 0.09391775727272034 0.9104740023612976 -0.3425912857055664
1305031458.427598 0.8740771412849426 -0.25505226850509644 0.41344594955444336 -1.6610456705093384 0.2799389064311981 0.960017740726471 0.0004027234099339694 0.11087531596422195 -0.39701810479164124 0.11538758128881454 0.9105286002159119 -0.3296523690223694
1305031458.459637 0.8684597611427307 -0.2618863880634308 0.42094331979751587 -1.6530661582946777 0.2970370650291443 0.9546792507171631 -0.018879368901252747 0.1051347404718399 -0.39692163467407227 0.14143173396587372 0.9068903923034668 -0.3154749870300293
1305031458.491696 0.8602073788642883 -0.24696555733680725 0.4461517632007599 -1.6537344455718994 0.30040159821510315 0.9523943662643433 -0.051998063921928406 0.09222513437271118 -0.41207069158554077 0.1787537932395935 0.8934454321861267 -0.299186646938324
1305031458.527737 0.8492019176483154 -0.22689062356948853 0.47684037685394287 -1.674527645111084 0.30516839027404785 0.9477961659431458 -0.09249094128608704 0.11475816369056702 -0.4309622049331665 0.2240600436925888 0.8741101622581482 -0.2772234082221985
1305031458.559628 0.8437798619270325 -0.21463775634765625 0.4919005334377289 -1.6752355098724365 0.3023775517940521 0.9473528265953064 -0.10531073808670044 0.11897195130586624 -0.44339969754219055 0.2375987470149994 0.864258885383606 -0.2572251558303833
1305031458.591641 0.8376718163490295 -0.19289471209049225 0.510977029800415 -1.6878924369812012 0.2957107722759247 0.946747362613678 -0.12737561762332916 0.12582655251026154 -0.4591960608959198 0.2578004002571106 0.8501046299934387 -0.22728389501571655
1305031458.627659 0.838331401348114 -0.17392802238464355 0.5166715979576111 -1.7016174793243408 0.28733620047569275 0.9463831186294556 -0.14763814210891724 0.157037615776062 -0.46329089999198914 0.2722282111644745 0.8433583378791809 -0.2009907364845276
1305031458.659623 0.8390265107154846 -0.1803598552942276 0.5133272409439087 -1.71511971950531 0.2850405275821686 0.9493352770805359 -0.13234171271324158 0.15176419913768768 -0.46345055103302 0.25735729932785034 0.8479272723197937 -0.17946380376815796
1305031458.691674 0.8587801456451416 -0.17419208586215973 0.48182326555252075 -1.7131673097610474 0.26634812355041504 0.9551494717597961 -0.12941479682922363 0.15494221448898315 -0.43767020106315613 0.23947162926197052 0.8666591644287109 -0.15809977054595947
1305031458.72765 0.8733751177787781 -0.1665140837430954 0.45769959688186646 -1.7095400094985962 0.24988095462322235 0.9598285555839539 -0.1276271641254425 0.14597788453102112 -0.41806137561798096 0.225836843252182 0.8798990249633789 -0.14050352573394775
1305031458.759945 0.8921303749084473 -0.14428626000881195 0.4281178116798401 -1.7059587240219116 0.22939644753932953 0.961052417755127 -0.1541278213262558 0.1592624932527542 -0.3892052173614502 0.2357107698917389 0.8904828429222107 -0.11637544631958008
1305031458.791632 0.9094545841217041 -0.12793099880218506 0.395633727312088 -1.7007091045379639 0.20773909986019135 0.9640288352966309 -0.165810227394104 0.17590215802192688 -0.3601900339126587 0.23298543691635132 0.9033166170120239 -0.10135233402252197
1305031458.827564 0.9180625081062317 -0.13129232823848724 0.37406349182128906 -1.6877316236495972 0.20138050615787506 0.9672088027000427 -0.15476733446121216 0.17498330771923065 -0.34147775173187256 0.21741516888141632 0.9143978357315063 -0.08628159761428833
1305031458.891665 0.9251261949539185 -0.1104990765452385 0.3632236421108246 -1.680364966392517 0.18185031414031982 0.9687910079956055 -0.16844718158245087 0.16687405109405518 -0.3332745134830475 0.2218872755765915 0.9163482189178467 -0.0742679238319397
1305031458.927621 0.9188852906227112 -0.11735592037439346 0.3766661584377289 -1.6860132217407227 0.19244422018527985 0.9667751789093018 -0.16825871169567108 0.17619331181049347 -0.3444053828716278 0.22709767520427704 0.9109399914741516 -0.061071574687957764
1305031458.959617 0.9081239104270935 -0.14623917639255524 0.3923328220844269 -1.6958985328674316 0.21848247945308685 0.9648454785346985 -0.14607736468315125 0.16711394488811493 -0.35717833042144775 0.21837422251701355 0.9081499576568604 -0.05515480041503906
1305031458.991647 0.9014447927474976 -0.15689942240715027 0.4034597873687744 -1.7027090787887573 0.22887210547924042 0.9638322591781616 -0.1365460306406021 0.13963660597801208 -0.36744359135627747 0.2154294103384018 0.9047515392303467 -0.04190438985824585
1305031459.027665 0.9000630378723145 -0.1442381590604782 0.4111959636211395 -1.729036808013916 0.22621828317642212 0.9611756205558777 -0.15800851583480835 0.13311666250228882 -0.3724406957626343 0.23523764312267303 0.8977478742599487 -0.02173703908920288
