1403636580.0635555 0.9999986886978149 -0.00146306655369699 0.000716224720235914 -0.00043746401206590235 0.0014576128451153636 0.9999703168869019 0.0075563108548521996 0.009565251879394054 -0.0007272589136846364 -0.0075552561320364475 0.9999712109565735 0.003174485871568322
1403636580.1135554 0.999984622001648 -0.005545583087950945 -0.0002472707419656217 -0.0006915641133673489 0.00554809020832181 0.9999166131019592 0.011663411743938923 0.022161787375807762 0.00018256968178320676 -0.01166460383683443 0.9999319314956665 0.007257493212819099
1403636580.1635556 0.9999743700027466 -0.007128919009119272 -0.000718630210030824 -0.0013500064378604293 0.007138236425817013 0.9998775720596313 0.013925159350037575 0.03679492697119713 0.0006192708387970924 -0.013929931446909904 0.9999028444290161 0.011318797245621681
1403636580.2135556 0.9999637007713318 -0.00833264458924532 -0.0018005311721935868 -0.0015144232893362641 0.008366318419575691 0.9997732043266296 0.01958257146179676 0.043448556214571 0.0016369479708373547 -0.019596930593252182 0.9998066425323486 0.013460153713822365
1403636580.2635555 0.9999712109565735 -0.007258021272718906 -0.002211528830230236 -0.0017852039309218526 0.007311120163649321 0.9996600151062012 0.025030620396137238 0.050556428730487823 0.00202910415828228 -0.025046072900295258 0.99968421459198 0.015464326366782188
1403636580.3135555 0.999994158744812 -0.002795771462842822 -0.001977809937670827 -0.0021337433718144894 0.0028589589055627584 0.9994611144065857 0.03270179405808449 0.05922979488968849 0.0018853172659873962 -0.03270725533366203 0.9994632601737976 0.017601415514945984
1403636580.3635557 0.9999936819076538 -0.0005904317367821932 -0.0035332192201167345 -0.0022347818594425917 0.0007531690062023699 0.9989301562309265 0.04623636603355408 0.05808457359671593 0.0035021407529711723 -0.0462387390434742 0.9989243149757385 0.016753382980823517
1403636580.4135554 0.999991774559021 0.0013479271437972784 -0.003843646729364991 -0.0028229409363120794 -0.0011241530301049352 0.9983370304107666 0.057638395577669144 0.0745059996843338 0.003914947155863047 -0.057633597403764725 0.9983301162719727 0.02043079398572445
1403636580.4635556 0.9999865889549255 0.003151706652715802 -0.004130146000534296 -0.0033297922927886248 -0.0028341785073280334 0.9971981048583984 0.07475176453590393 0.08017417788505554 0.004354169592261314 -0.07473903149366379 0.9971936941146851 0.021313363686203957
1403636580.5135555 0.9999827146530151 0.004357455763965845 -0.003970296587795019 -0.0034836905542761087 -0.003960843198001385 0.9954748153686523 0.09494559466838837 0.0727071687579155 0.004366051871329546 -0.09492823481559753 0.9954745769500732 0.018820717930793762
1403636580.5635555 0.999973475933075 0.001433797413483262 -0.007158276624977589 -0.00366847962141037 -0.0006520546157844365 0.9941466450691223 0.10803839564323425 0.0722418949007988 0.007271281443536282 -0.10803083330392838 0.9941210150718689 0.018322471529245377
1403636580.6135554 0.9999505877494812 0.0017915494972839952 -0.00978921726346016 -0.0040485188364982605 -0.000668725639116019 0.9935354590415955 0.11352044343948364 0.0673752948641777 0.009929311461746693 -0.11350828409194946 0.993487536907196 0.016265980899333954
1403636580.6635556 0.9999432563781738 0.00037794437957927585 -0.010656249709427357 -0.004339291714131832 0.0008140549180097878 0.99374920129776 0.11163320392370224 0.058796580880880356 0.010631833225488663 -0.11163552105426788 0.9936923980712891 0.013663750141859055
1403636580.7135556 0.9999610781669617 0.0038691263180226088 -0.007929511368274689 -0.004669671878218651 -0.0030474152881652117 0.994867742061615 0.10113763064146042 0.05671031400561333 0.008280129171907902 -0.10110951215028763 0.9948408603668213 0.013099152594804764
1403636580.7635555 0.9999502897262573 0.009527306072413921 -0.0029662013985216618 -0.004721864126622677 -0.009215794503688812 0.9957579374313354 0.09154907613992691 0.04216870665550232 0.003825834486633539 -0.09151718020439148 0.9957962036132812 0.00952954776585102
1403636580.8135555 0.999832034111023 0.01763894408941269 0.004977681674063206 -0.00540144694969058 -0.017973115667700768 0.9968023300170898 0.07785803079605103 0.03128431364893913 -0.003588431980460882 -0.07793441414833069 0.9969520568847656 0.006529797334223986
1403636580.8635557 0.9996026158332825 0.023716025054454803 0.015236711129546165 -0.005371146369725466 -0.024634920060634613 0.9976933002471924 0.06325608491897583 0.013696510344743729 -0.013701380230486393 -0.06360629945993423 0.9978810548782349 0.002510205376893282
1403636580.9135554 0.9992277026176453 0.029816338792443275 0.025594156235456467 -0.005046742968261242 -0.03102845512330532 0.9983485341072083 0.04834670573472977 -0.003310681087896228 -0.024110371246933937 -0.0491035059094429 0.9985026717185974 -0.0015497503336519003
1403636580.9635556 0.9989515542984009 0.034288667142391205 0.030333619564771652 -0.00590580003336072 -0.035298991948366165 0.9988177418708801 0.03342349827289581 -0.021211717277765274 -0.029151711612939835 -0.03445920720696449 0.9989808797836304 -0.0058549921959638596
1403636581.0135555 0.9988609552383423 0.03662650287151337 0.03058084100484848 -0.006509300321340561 -0.037266068160533905 0.999092698097229 0.020612530410289764 -0.03641362488269806 -0.029798133298754692 -0.02172868326306343 0.9993196725845337 -0.010257662273943424
1403636581.0635555 0.9989873766899109 0.03473701328039169 0.02859385684132576 -0.007134159095585346 -0.03498037904500961 0.9993554353713989 0.008055318146944046 -0.05238895118236542 -0.02829561196267605 -0.009047387167811394 0.9995586276054382 -0.014288648962974548
1403636581.1135554 0.9989959001541138 0.03388582542538643 0.029306679964065552 -0.006988569162786007 -0.03371572867035866 0.9994116425514221 -0.00627891393378377 -0.06009199842810631 -0.029502207413315773 0.005284514743834734 0.9995507597923279 -0.016671188175678253
1403636581.1635556 0.9991418123245239 0.028402619063854218 0.030148250982165337 -0.007199290674179792 -0.02776903659105301 0.9993887543678284 -0.021230153739452362 -0.07400138676166534 -0.03073282167315483 0.020374752581119537 0.9993199706077576 -0.01982538402080536
1403636581.2135556 0.9992448091506958 0.02434726431965828 0.030282020568847656 -0.006653523538261652 -0.023212255910038948 0.9990350008010864 -0.03728397935628891 -0.08499570190906525 -0.031160565093159676 0.03655291721224785 0.9988458752632141 -0.02290443889796734
1403636581.2635555 0.9993219375610352 0.019721658900380135 0.031095199286937714 -0.007166664116084576 -0.017993660643696785 0.9983294010162354 -0.054904185235500336 -0.09289619326591492 -0.0321260504424572 0.05430743843317032 0.9980072379112244 -0.02558882348239422
1403636581.3135555 0.9993388652801514 0.020750436931848526 0.029854679480195045 -0.006109166890382767 -0.01863042078912258 0.9973996877670288 -0.06961657851934433 -0.10022277384996414 -0.031221624463796616 0.06901434063911438 0.9971269369125366 -0.027713900431990623
1403636581.3635557 0.9992864727973938 0.02110692299902439 0.031318701803684235 -0.006363419350236654 -0.018547436222434044 0.9966320395469666 -0.07987646758556366 -0.10365882515907288 -0.032899174839258194 0.0792386382818222 0.99631267786026 -0.02999892644584179
1403636581.4135554 0.9990359544754028 0.026353804394602776 0.03510624170303345 -0.005672645289450884 -0.02338659018278122 0.9963244199752808 -0.08240385353565216 -0.10360020399093628 -0.037148866802453995 0.08150342851877213 0.9959806203842163 -0.03064069151878357
1403636581.4635556 0.9987539052963257 0.032147470861673355 0.038172002881765366 -0.005749939940869808 -0.029103482142090797 0.996545135974884 -0.07778459787368774 -0.09972551465034485 -0.04054069519042969 0.07657675445079803 0.996239185333252 -0.03012942336499691
1403636581.5135555 0.9984577298164368 0.03782803937792778 0.0406346470117569 -0.005052885971963406 -0.03500971570611 0.9970732927322388 -0.06796220690011978 -0.09066078066825867 -0.04308660700917244 0.06643477827310562 0.996860146522522 -0.02815915271639824
1403636581.5635555 0.9984854459762573 0.03523387759923935 0.042254433035850525 -0.004625916015356779 -0.032863080501556396 0.9979150295257568 -0.055547043681144714 -0.08144117891788483 -0.044123489409685135 0.054074306041002274 0.9975616931915283 -0.024518581107258797
1403636581.6135554 0.9986515045166016 0.03265111520886421 0.040362607687711716 -0.0036477220710366964 -0.030912300571799278 0.9985976219177246 -0.04297815263271332 -0.06945308297872543 -0.0417092926800251 0.0416724868118763 0.9982604384422302 -0.02098846808075905
1403636581.6635556 0.998842716217041 0.027717798948287964 0.039305344223976135 -0.0030902933795005083 -0.026416251435875893 0.9990975856781006 -0.03325534239411354 -0.05620667710900307 -0.0401916541159153 0.03217853605747223 0.9986737966537476 -0.01627129502594471
1403636581.7135556 0.9988158941268921 0.03087831288576126 0.03759639337658882 -0.0013865986838936806 -0.02990187145769596 0.999207615852356 -0.026262633502483368 -0.0443904735147953 -0.0383775569498539 0.025107333436608315 0.9989478588104248 -0.013170280493795872
1403636581.7635555 0.9990237951278687 0.027248460799455643 0.03477076068520546 -0.0005962947616353631 -0.02643844112753868 0.9993730187416077 -0.02354675717651844 -0.030288882553577423 -0.03539057821035385 0.022604484111070633 0.9991178512573242 -0.008250678889453411
1403636581.8135555 0.9992149472236633 0.027005134150385857 0.028984010219573975 -0.00048648836673237383 -0.02643696218729019 0.9994540810585022 -0.019810404628515244 -0.0207966398447752 -0.029503174126148224 0.01902860216796398 0.9993835687637329 -0.005693195387721062
1403636581.8635557 0.9993318319320679 0.025428982451558113 0.02625415474176407 0.0002459440438542515 -0.025012705475091934 0.9995580315589905 -0.016064276918768883 -0.004288156982511282 -0.02665105275809765 0.015396859496831894 0.9995262026786804 -0.001346243778243661
1403636581.9135554 0.9995235204696655 0.02079852670431137 0.02280259132385254 0.00039044790901243687 -0.02064427360892296 0.9997625350952148 -0.0069793714210391045 0.009987907484173775 -0.02294233813881874 0.0065053049474954605 0.9997156262397766 0.0025328053161501884
1403636581.9635556 0.9994452595710754 0.01866508461534977 0.02758074551820755 0.0002857095096260309 -0.018872255459427834 0.9997953772544861 0.007270360365509987 0.02021344006061554 -0.027439402416348457 -0.007786838337779045 0.9995930790901184 0.005422641523182392
1403636582.0135555 0.9993919730186462 0.015354227274656296 0.03130241110920906 0.0004333838587626815 -0.016080008819699287 0.9996045231819153 0.023067746311426163 0.03299389034509659 -0.030935844406485558 -0.023557063192129135 0.9992436766624451 0.0089664151892066
1403636582.0635555 0.9992836713790894 0.015336661599576473 0.03459778428077698 0.0004439186886884272 -0.016703497618436813 0.9990770220756531 0.03956980258226395 0.04474017024040222 -0.03395898640155792 -0.04011934623122215 0.9986176490783691 0.012230047956109047
1403636582.1135554 0.9992839097976685 0.016729185357689857 0.03393816575407982 0.00011332600843161345 -0.01862541399896145 0.9982372522354126 0.05634905397891998 0.05415138229727745 -0.032935671508312225 -0.05694081634283066 0.9978340864181519 0.01444614864885807
1403636582.1635556 0.9993884563446045 0.016348635777831078 0.030910389497876167 -0.0005173368845134974 -0.0185589287430048 0.9971864819526672 0.07262726128101349 0.05456771329045296 -0.029636064544320107 -0.07315650582313538 0.996880054473877 0.014156223274767399
1403636582.2135556 0.9994545578956604 0.017719855532050133 0.027866607531905174 -0.0012689315481111407 -0.02000374346971512 0.9962702393531799 0.08393806964159012 0.05811821669340134 -0.02627529762685299 -0.08444972336292267 0.9960812330245972 0.01462828740477562
1403636582.2635555 0.9995062351226807 0.017635568976402283 0.02600807696580887 -0.001672175363637507 -0.01993514597415924 0.9956524968147278 0.0909871831536293 0.05760277062654495 -0.02429039403796196 -0.09146071970462799 0.9955124258995056 0.014461060985922813
1403636582.3135555 0.9995712041854858 0.018241887912154198 0.02290746569633484 -0.002310151932761073 -0.020301204174757004 0.9954456686973572 0.09314392507076263 0.053471244871616364 -0.021104013547301292 -0.09356902539730072 0.9953892230987549 0.013418059796094894
1403636582.3635557 0.999649703502655 0.01628929004073143 0.02086268551647663 -0.0032456563785672188 -0.018080195412039757 0.9958899617195129 0.0887477770447731 0.0455053336918354 -0.019331302493810654 -0.08909386396408081 0.9958356618881226 0.010894070379436016
1403636582.4135554 0.9996500611305237 0.017076915130019188 0.0202026404440403 -0.0042208293452858925 -0.01856965944170952 0.9969218969345093 0.0761682465672493 0.0362311452627182 -0.018839741125702858 -0.07651674747467041 0.9968901872634888 0.008239822462201118
1403636582.4635556 0.9996514916419983 0.016663145273923874 0.020476674661040306 -0.005045097786933184 -0.01788424886763096 0.9979789853096008 0.06097385659813881 0.024081697687506676 -0.01941927708685398 -0.06131882593035698 0.9979291558265686 0.00472209881991148
1403636582.5135555 0.9995598793029785 0.01928825117647648 0.022538691759109497 -0.005453296005725861 -0.020323656499385834 0.9987043738365173 0.046650782227516174 0.016476597636938095 -0.021609686315059662 -0.047088317573070526 0.9986568093299866 0.0026817466132342815
1403636582.5635555 0.999451756477356 0.020360635593533516 0.026105929166078568 -0.005826858803629875 -0.021304935216903687 0.9991093873977661 0.03641914948821068 0.004127425141632557 -0.02534116804599762 -0.036955371499061584 0.9989955425262451 -0.0008834322215989232
1403636582.6135554 0.9991859793663025 0.02478446625173092 0.03182579576969147 -0.005777315236628056 -0.02575676329433918 0.9992023706436157 0.030513212084770203 -0.009783247485756874 -0.031044159084558487 -0.031308114528656006 0.9990275502204895 -0.004862839821726084
1403636582.6635556 0.9989780783653259 0.025261571630835533 0.0374792143702507 -0.005788226146250963 -0.02625349350273609 0.9993115067481995 0.026213981211185455 -0.02284589782357216 -0.03679120913147926 -0.02717115357518196 0.9989534020423889 -0.00865720771253109
1403636582.7135556 0.9988933205604553 0.024326467886567116 0.040254656225442886 -0.005656709428876638 -0.025223921984434128 0.9994409680366516 0.021938752382993698 -0.03695790097117424 -0.039698462933301926 -0.022929854691028595 0.9989485144615173 -0.012701909989118576
1403636582.7635555 0.9988077878952026 0.020720100030303 0.044202592223882675 -0.005159349180757999 -0.021428296342492104 0.9996485710144043 0.015608325600624084 -0.05008535459637642 -0.04386364668607712 -0.016536902636289597 0.9989006519317627 -0.01640005223453045
1403636582.8135555 0.9985768795013428 0.01580078713595867 0.050937339663505554 -0.004675530828535557 -0.016162149608135223 0.9998469948768616 0.0066901920363307 -0.06427305936813354 -0.05082383006811142 -0.007503926753997803 0.998679518699646 -0.019907861948013306
1403636582.8635557 0.9981632828712463 0.011322497390210629 0.059513773769140244 -0.0034533068537712097 -0.010924325324594975 0.9999157190322876 -0.007011496461927891 -0.07586967945098877 -0.05958815664052963 0.0063484725542366505 0.998202919960022 -0.023215200752019882
1403636582.9135554 0.9978102445602417 0.0064555625431239605 0.06582671403884888 -0.0028374185785651207 -0.004952661227434874 0.9997238516807556 -0.022968832403421402 -0.08835955709218979 -0.06595683097839355 0.02259252220392227 0.9975666999816895 -0.026293078437447548
1403636582.9635556 0.9975767731666565 0.006589297205209732 0.06926145404577255 -0.0020074350759387016 -0.0038541611284017563 0.9992101788520813 -0.03954968973994255 -0.09901493787765503 -0.06946737319231033 0.03918691724538803 0.9968143105506897 -0.029589945450425148
1403636583.0135555 0.9973536133766174 0.006039663217961788 0.07245273888111115 -0.0014589529018849134 -0.001980531495064497 0.9984307289123535 -0.05596607178449631 -0.10792523622512817 -0.07267706096172333 0.055674467235803604 0.9958004951477051 -0.032647255808115005
1403636583.0635555 0.9973141551017761 0.009332616813480854 0.0726453885436058 -0.0013527926057577133 -0.004501200281083584 0.9977837800979614 -0.06638853251934052 -0.11316453665494919 -0.07310397922992706 0.06588324904441833 0.9951459169387817 -0.03497707471251488
1403636583.1135554 0.9971431493759155 0.01179476734250784 0.07460825890302658 -0.0011596966069191694 -0.00644957460463047 0.9974209070205688 -0.07148266583681107 -0.11431366950273514 -0.07525896281003952 0.07079725712537766 0.9946476221084595 -0.03521617501974106
1403636583.1635556 0.9967913031578064 0.016129642724990845 0.07840398699045181 -0.0002661655889824033 -0.010506921447813511 0.9973776340484619 -0.07160522788763046 -0.1132856085896492 -0.07935336232185364 0.07055170089006424 0.9943467974662781 -0.03523501008749008
1403636583.2135556 0.9966461658477783 0.02012445777654648 0.07931883633136749 -0.00032998970709741116 -0.014592734165489674 0.9974603056907654 -0.06971297413110733 -0.10852944850921631 -0.08052032440900803 0.06832170486450195 0.9944086670875549 -0.03394589200615883
1403636583.2635555 0.996760904788971 0.021545110270380974 0.07748284190893173 0.0005306345410645008 -0.016442827880382538 0.9976909756660461 -0.06589575856924057 -0.10161834955215454 -0.07872367650270462 0.0644083023071289 0.9948136210441589 -0.031706780195236206
1403636583.3135555 0.996911346912384 0.021028833463788033 0.07566750049591064 0.0008601791923865676 -0.01634005829691887 0.9979386329650879 -0.062059588730335236 -0.09258963912725449 -0.07681657373905182 0.06063152104616165 0.9952000379562378 -0.028228765353560448
1403636583.3635557 0.9970170259475708 0.022099269554018974 0.0739528238773346 0.0014814448077231646 -0.017842283472418785 0.9981724619865417 -0.057737141847610474 -0.08192171901464462 -0.07509362697601318 0.056245408952236176 0.9955890774726868 -0.024077124893665314
1403636583.4135554 0.9973828792572021 0.019743915647268295 0.06955327838659286 0.0023107435554265976 -0.016032781451940536 0.9984382390975952 -0.053516682237386703 -0.06953804939985275 -0.07050129771232605 0.052261482924222946 0.996141791343689 -0.019807614386081696
1403636583.4635556 0.997620165348053 0.023027658462524414 0.06498921662569046 0.003150047967210412 -0.019957929849624634 0.9986721277236938 -0.04749470204114914 -0.056141652166843414 -0.06599660217761993 0.046084631234407425 0.9967551231384277 -0.015572184696793556
1403636583.5135555 0.997786283493042 0.02422192133963108 0.061933618038892746 0.004006942268460989 -0.021680273115634918 0.9989079833030701 -0.04138608276844025 -0.042302943766117096 -0.06286844611167908 0.03995172679424286 0.9972219467163086 -0.011103304103016853
1403636583.5635555 0.9977393746376038 0.027549291029572487 0.06129469722509384 0.004853310529142618 -0.02553744800388813 0.9991168975830078 -0.0333673357963562 -0.02769550122320652 -0.06215980648994446 0.031726595014333725 0.9975619316101074 -0.006431831046938896
1403636583.6135554 0.997368335723877 0.030213207006454468 0.06590637564659119 0.005553233437240124 -0.028806891292333603 0.999338686466217 -0.02218521200120449 -0.013543378561735153 -0.06653308123350143 0.020228270441293716 0.9975792169570923 -0.0017132660141214728
1403636583.6635556 0.9978398084640503 0.0266058798879385 0.060065221041440964 0.005700425710529089 -0.02629193291068077 0.9996362328529358 -0.006011192221194506 0.0005932494532316923 -0.060203295201063156 0.00441897613927722 0.9981763362884521 0.0030037504620850086
1403636583.7135556 0.9982617497444153 0.017584990710020065 0.056250061839818954 0.005982015747576952 -0.018450478091835976 0.9997187256813049 0.014904264360666275 0.014275481924414635 -0.0559721440076828 -0.01591619849205017 0.9983054399490356 0.006955528631806374
1403636583.7635555 0.998602569103241 0.009338988922536373 0.05201738327741623 0.005978995468467474 -0.011346869170665741 0.9991964101791382 0.03843960165977478 0.025046851485967636 -0.051616594195365906 -0.038976121693849564 0.9979060292243958 0.009704041294753551
1403636583.8135555 0.9986979365348816 0.0045464737340807915 0.05081137642264366 0.006182931829243898 -0.007518799975514412 0.9982613921165466 0.05846018344163895 0.03661288693547249 -0.05045723915100098 -0.05876610428094864 0.996995747089386 0.012858141213655472
1403636583.8635557 0.9986750483512878 0.003568591084331274 0.051335372030735016 0.0063396659679710865 -0.007447195705026388 0.9971132278442383 0.07556261122226715 0.04096273332834244 -0.050917528569698334 -0.07584482431411743 0.9958186745643616 0.01387525349855423
1403636583.9135554 0.998555064201355 0.009106852114200592 0.05295905843377113 0.005732690449804068 -0.013616621494293213 0.9962512254714966 0.08542896062135696 0.0505300834774971 -0.05198252573609352 -0.0860266387462616 0.9949357509613037 0.015895571559667587
1403636583.9635556 0.9986054301261902 0.015459899790585041 0.05047853663563728 0.005655417684465647 -0.020032834261655807 0.9956145286560059 0.09138131886720657 0.057684581726789474 -0.048844415694475174 -0.09226510673761368 0.9945357441902161 0.01710561476647854
1403636584.0135555 0.9987981915473938 0.019093109294772148 0.045138031244277954 0.00520594185218215 -0.02325897291302681 0.9953337907791138 0.0936460942029953 0.06242794170975685 -0.04313941299915314 -0.0945834368467331 0.9945816993713379 0.017762169241905212
1403636584.0635555 0.9990641474723816 0.021376872435212135 0.03760194405913353 0.004650500137358904 -0.024830520153045654 0.995270311832428 0.09391852468252182 0.06305307894945145 -0.03541641682386398 -0.09476431459188461 0.9948694705963135 0.017322540283203125
1403636584.1135554 0.9992952942848206 0.02054835855960846 0.031412459909915924 0.004108445253223181 -0.023419098928570747 0.9953027367591858 0.0939357653260231 0.061955858021974564 -0.029334688559174538 -0.09460523724555969 0.9950824975967407 0.016724366694688797
1403636584.1635556 0.9993719458580017 0.022291554138064384 0.027544524520635605 0.0035375473089516163 -0.02480866014957428 0.9951961040496826 0.09470506757497787 0.05787177383899689 -0.025301087647676468 -0.0953289344906807 0.9951241612434387 0.015405422076582909
1403636584.2135556 0.9993942975997925 0.022868657484650612 0.026230843737721443 0.0038007120601832867 -0.02524770423769951 0.9952258467674255 0.09427578747272491 0.05166547745466232 -0.023949651047587395 -0.09488093852996826 0.995200514793396 0.013880648650228977
1403636584.2635555 0.9993624091148376 0.024099785834550858 0.02634129673242569 0.003142747562378645 -0.026425741612911224 0.9954222440719604 0.09184928983449936 0.04254339262843132 -0.02400716207921505 -0.09248682856559753 0.9954244494438171 0.011431947350502014
1403636584.3135555 0.9993391633033752 0.024836892262101173 0.026537969708442688 0.002631640061736107 -0.02706443890929222 0.9958256483078003 0.08717075735330582 0.03171685338020325 -0.024262139573693275 -0.08783140778541565 0.9958397746086121 0.008658811450004578
1403636584.3635557 0.9991927146911621 0.027694599702954292 0.029101841151714325 0.0023754395078867674 -0.030064696446061134 0.9959750771522522 0.08443775027990341 0.01924365572631359 -0.026646237820386887 -0.08524453639984131 0.9960036277770996 0.005874780006706715
1403636584.4135554 0.9987825155258179 0.03362053260207176 0.036098308861255646 0.0027297846972942352 -0.036353714764118195 0.9962950348854065 0.07793976366519928 0.012526340782642365 -0.03334418684244156 -0.07915718853473663 0.9963042736053467 0.00466877780854702
1403636584.4635556 0.9983113408088684 0.03919079527258873 0.042877864092588425 0.0028011444956064224 -0.042188387364149094 0.9965553879737854 0.0713968276977539 -0.0018792153568938375 -0.039932072162628174 -0.07308521866798401 0.9965259432792664 0.0018312635365873575
1403636584.5135555 0.9980504512786865 0.04118379205465317 0.0468948595225811 0.0026474702171981335 -0.04403223469853401 0.9971402287483215 0.061422109603881836 -0.01680927537381649 -0.04423115402460098 -0.06336725503206253 0.9970096349716187 -0.001659550005570054
1403636584.5635555 0.9979420900344849 0.03967408090829849 0.05037363991141319 0.0023672753013670444 -0.042116980999708176 0.9979398250579834 0.04839747026562691 -0.03183921054005623 -0.048349734395742416 -0.050419460982084274 0.9975571036338806 -0.0052444953471422195
1403636584.6135554 0.9977172613143921 0.038510389626026154 0.055471621453762054 0.00209494074806571 -0.04029928892850876 0.9986911416053772 0.03149944171309471 -0.04770530387759209 -0.054185956716537476 -0.03366301208734512 0.9979632496833801 -0.00876033678650856
1403636584.6635556 0.9973772168159485 0.03615936264395714 0.06269919127225876 0.0018975648563355207 -0.03691590949892998 0.9992584586143494 0.01094970852136612 -0.06233084946870804 -0.06225675716996193 -0.013235602527856827 0.9979723691940308 -0.01231352798640728
1403636584.7135556 0.9970434904098511 0.03521310165524483 0.0682961717247963 0.001677156426012516 -0.03437969833612442 0.9993199110031128 -0.013340412639081478 -0.06805429607629776 -0.06871947646141052 0.010952973738312721 0.9975758790969849 -0.014341377653181553
1403636584.7635555 0.9965444803237915 0.03416488692164421 0.07571018487215042 0.00146775774192065 -0.03173140063881874 0.9989476799964905 -0.03311559557914734 -0.08079900592565536 -0.07676191627979279 0.030598770827054977 0.9965797662734985 -0.01765536703169346
1403636584.8135555 0.9961856007575989 0.03633805736899376 0.07933379709720612 0.001349297002889216 -0.032726824283599854 0.9983887672424316 -0.046354979276657104 -0.10163918137550354 -0.08089043200016022 0.04358181729912758 0.9957697987556458 -0.023086555302143097
1403636584.8635557 0.9963015913963318 0.030443204566836357 0.08034931868314743 0.0016345615731552243 -0.025409940630197525 0.9976938962936401 -0.06293801963329315 -0.10009817034006119 -0.08208005130290985 0.06066359952092171 0.9947777986526489 -0.024289531633257866
1403636584.9135554 0.9964443445205688 0.02772359363734722 0.07955974340438843 0.000747617450542748 -0.02200336381793022 0.9971693754196167 -0.07189551740884781 -0.10798172652721405 -0.08132773637771606 0.06988932192325592 0.9942341446876526 -0.02754799649119377
1403636584.9635556 0.9964264035224915 0.021749278530478477 0.0816156193614006 0.0003639011410996318 -0.015526521019637585 0.9969777464866638 -0.07611912488937378 -0.11262837052345276 -0.08302449434995651 0.07457991689443588 0.9937529563903809 -0.02983328327536583
1403636585.0135555 0.996209442615509 0.018594181165099144 0.08497537672519684 0.0005849039880558848 -0.012120446190237999 0.9970284700393677 -0.07607406377792358 -0.11071815341711044 -0.08613741397857666 0.07475577294826508 0.9934746623039246 -0.02895772084593773
1403636585.0635555 0.995960533618927 0.01604422926902771 0.08834660798311234 0.0009166339877992868 -0.009628026746213436 0.9973162412643433 -0.07257815450429916 -0.1097341775894165 -0.08927395194768906 0.0714343711733818 0.993442177772522 -0.027862006798386574
1403636585.1135554 0.9959561824798584 0.014982908964157104 0.08858208358287811 0.0016059684567153454 -0.008940659463405609 0.9976304769515991 -0.06821804493665695 -0.10566201061010361 -0.08939427137374878 0.06715020537376404 0.9937301278114319 -0.025915859267115593
1403636585.1635556 0.9955030083656311 0.014010152779519558 0.09368757158517838 0.0009440620196983218 -0.008134349249303341 0.9979924559593201 -0.06280723959207535 -0.1014714390039444 -0.09437943994998932 0.0617627277970314 0.9936186075210571 -0.02381347492337227
1403636585.2135556 0.994907796382904 0.0147913359105587 0.09969845414161682 0.0009391844505444169 -0.009272006340324879 0.998410165309906 -0.05559791624546051 -0.09359754621982574 -0.10036233067512512 0.05439039692282677 0.9934630393981934 -0.02181965298950672
1403636585.2635555 0.9941984415054321 0.020614901557564735 0.1055680364370346 0.0025986703112721443 -0.01543866191059351 0.998649001121521 -0.04961688071489334 -0.08390050381422043 -0.10644824802875519 0.04769919067621231 0.9931734800338745 -0.016938261687755585
1403636585.3135555 0.9935684204101562 0.026012683287262917 0.11020496487617493 0.003901286981999874 -0.021221105009317398 0.998786985874176 -0.044430896639823914 -0.07402628660202026 -0.11122705787420273 0.04180646687746048 0.9929152727127075 -0.013034848496317863
1403636585.3635557 0.9929086565971375 0.035887446254491806 0.1133335530757904 0.004607923794537783 -0.03192492201924324 0.9988203048706055 -0.03658735752105713 -0.07305237650871277 -0.11451290547847748 0.032709747552871704 0.9928832054138184 -0.011430260725319386
1403636585.4135554 0.9927445650100708 0.03883007541298866 0.11379992216825485 0.005419304594397545 -0.03558432683348656 0.9989038705825806 -0.030416149646043777 -0.060262348502874374 -0.11485622078180313 0.026145976036787033 0.9930379986763 -0.00711543345823884
1403636585.4635556 0.9932835698127747 0.04203832894563675 0.10779893398284912 0.006331214215606451 -0.039952073246240616 0.9989715218544006 -0.021441366523504257 -0.049345094710588455 -0.10858941823244095 0.01699056290090084 0.9939415454864502 -0.003812112845480442
1403636585.5135555 0.9937589764595032 0.04396950826048851 0.10251723974943161 0.006758653558790684 -0.04309564828872681 0.9990134835243225 -0.010724395513534546 -0.038630690425634384 -0.10288764536380768 0.0062394216656684875 0.9946734309196472 -0.0008883668342605233
1403636585.5635555 0.9948030710220337 0.04583631455898285 0.09091759473085403 0.0074668400920927525 -0.0461542010307312 0.9989331960678101 0.0013960069045424461 -0.030964065343141556 -0.0907566249370575 -0.005584981758147478 0.9958574175834656 -0.00013773981481790543
1403636585.6135554 0.9959542155265808 0.04493056237697601 0.07782279700040817 0.007862101309001446 -0.04611698538064957 0.9988446235656738 0.01351475901901722 -0.020978692919015884 -0.0771256610751152 -0.0170490350574255 0.9968755841255188 0.0005880483658984303
1403636585.6635556 0.9970822334289551 0.04027467221021652 0.06484460830688477 0.00823106337338686 -0.04212556034326553 0.9987356066703796 0.027433190494775772 -0.013379918411374092 -0.06365778297185898 -0.0300847627222538 0.9975181818008423 0.0004818908928427845
1403636585.7135556 0.9979984164237976 0.034994930028915405 0.0526721365749836 0.008041633293032646 -0.03725588694214821 0.9983984231948853 0.04257357865571976 -0.007293659262359142 -0.05109792575240135 -0.04445071518421173 0.9977039694786072 -0.0004587180446833372
1403636585.7635555 0.9985933899879456 0.029050776734948158 0.044354408979415894 0.008071297779679298 -0.031614333391189575 0.997802197933197 0.05823393538594246 -0.0025871742982417345 -0.04256518930196762 -0.05955425649881363 0.9973171353340149 -0.001620989991351962
1403636585.8135555 0.9991745948791504 0.020722607150673866 0.03493909165263176 0.007878388278186321 -0.023285875096917152 0.9969394207000732 0.07462906092405319 0.0006002322188578546 -0.033285655081272125 -0.07538105547428131 0.9965990781784058 -0.0031731182243674994
1403636585.8635557 0.9995156526565552 0.013981807045638561 0.027800804004073143 0.00765743525698781 -0.01651652157306671 0.9955158829689026 0.09314171224832535 0.0025183442048728466 -0.02637385204434395 -0.09355577826499939 0.9952646493911743 -0.005026513710618019
1403636585.9135554 0.9997164011001587 0.008090876042842865 0.022398395463824272 0.007427031174302101 -0.010548730380833149 0.9936648011207581 0.11188836395740509 0.003503300715237856 -0.021351221948862076 -0.11209291964769363 0.9934683442115784 -0.0072404732927680016
1403636585.9635556 0.9997386932373047 0.002857482759281993 0.022680193185806274 0.007327704690396786 -0.005854255519807339 0.9910733699798584 0.1331889033317566 0.0040182494558393955 -0.02209714986383915 -0.13328687846660614 0.9908311367034912 -0.008999667130410671
1403636586.0135555 0.9995747804641724 -0.0020341165363788605 0.029087234288454056 0.007208761293441057 -0.0025640048552304506 0.987567663192749 0.1571734994649887 0.004193330183625221 -0.02904532104730606 -0.1571812629699707 0.9871426224708557 -0.010347449220716953
1403636586.0635555 0.9991007447242737 -0.004468953236937523 0.04216344654560089 0.007341452874243259 -0.003258245065808296 0.9833968877792358 0.18143843114376068 0.004228166304528713 -0.04227425158023834 -0.18141263723373413 0.9824979901313782 -0.011447468772530556
1403636586.1135554 0.998428463935852 -0.0099105816334486 0.05515793710947037 0.0067184180952608585 -0.0015083840116858482 0.9791298508644104 0.20323020219802856 0.0037150303833186626 -0.05602092295885086 -0.20299403369426727 0.9775761365890503 -0.012553743086755276
1403636586.1635556 0.9977409839630127 -0.016043346375226974 0.06523483246564865 0.005884617567062378 0.001162331085652113 0.9750421047210693 0.22201687097549438 0.003011153545230627 -0.06716860830783844 -0.22143948078155518 0.9728581309318542 -0.013851052150130272
1403636586.2135556 0.9973766803741455 -0.021071525290608406 0.06925152987241745 0.004830654710531235 0.0038771142717450857 0.9708705544471741 0.23957283794879913 0.0024548599030822515 -0.07228242605924606 -0.23867583274841309 0.968405544757843 -0.01546475850045681
1403636586.2635555 0.9972443580627441 -0.024995166808366776 0.0698503628373146 0.004013223573565483 0.006179549265652895 0.9662487506866455 0.2575366497039795 0.002426236867904663 -0.07392999529838562 -0.25639528036117554 0.9637404680252075 -0.01745731569826603
1403636586.3135555 0.9970237612724304 -0.03097805380821228 0.07059817761182785 0.003415126586332917 0.010207126848399639 0.9607003927230835 0.27739933133125305 0.0021727560088038445 -0.0764169916510582 -0.27585309743881226 0.9581573605537415 -0.019392402842640877
1403636586.3635557 0.9967728853225708 -0.03679552674293518 0.07134394347667694 0.00273399380967021 0.013903629966080189 0.9544616937637329 0.29800933599472046 0.0019822195172309875 -0.07906048744916916 -0.2960556149482727 0.9518930912017822 -0.019686030223965645
1403636586.4135554 0.996533215045929 -0.04350056126713753 0.07091838866472244 0.002528195735067129 0.01874656416475773 0.9479023218154907 0.31800928711891174 0.002202874980866909 -0.08105729520320892 -0.31557729840278625 0.9454314708709717 -0.022067265585064888
1403636586.4635556 0.9965397119522095 -0.04384314641356468 0.07061576098203659 0.0027418583631515503 0.017555994912981987 0.941429615020752 0.3367520570755005 0.0026209931820631027 -0.08124405145645142 -0.3343469798564911 0.9389416575431824 -0.02446194738149643
1403636586.5135555 0.9966181516647339 -0.04311075806617737 0.06995540857315063 0.003240854013711214 0.015729282051324844 0.9356687068939209 0.3525288701057434 0.002993334084749222 -0.0806528702378273 -0.3502362370491028 0.9331825971603394 -0.02642020769417286
1403636586.5635555 0.9968408942222595 -0.0418570339679718 0.06749948114156723 0.004028612747788429 0.01433341484516859 0.9307142496109009 0.36546629667282104 0.0027793562039732933 -0.07812005281448364 -0.36334431171417236 0.9283739924430847 -0.0284113772213459
1403636586.6135554 0.9970790147781372 -0.040732208639383316 0.0646103098988533 0.0053755855187773705 0.013799220323562622 0.9280763864517212 0.3721340298652649 0.002392164431512356 -0.07512113451957703 -0.37015536427497864 0.9259276390075684 -0.03009141981601715
1403636586.6635556 0.9970682859420776 -0.04233703017234802 0.06373845785856247 0.006962882820516825 0.01556786522269249 0.9278031587600708 0.37274518609046936 0.0017788363620638847 -0.07491767406463623 -0.37066006660461426 0.9257420897483826 -0.030347997322678566
1403636586.7135556 0.99720698595047 -0.04180356487631798 0.06189510226249695 0.00884291809052229 0.01611984893679619 0.9296257495880127 0.36815258860588074 0.0008781226351857185 -0.07292935997247696 -0.3661265969276428 0.9277029633522034 -0.03072892129421234
1403636586.7635555 0.9974812269210815 -0.04234958812594414 0.05690140277147293 0.010693293996155262 0.019010238349437714 0.9324681162834167 0.36075183749198914 0.00014192145317792892 -0.06833642721176147 -0.3587615191936493 0.9309244155883789 -0.030620256438851357
1403636586.8135555 0.9976533055305481 -0.04223428666591644 0.05388963595032692 0.012904361821711063 0.020462635904550552 0.9350300431251526 0.35397741198539734 -0.0010456833988428116 -0.06533841788768768 -0.3520439565181732 0.9337002635002136 -0.030727680772542953
1403636586.8635557 0.9978362321853638 -0.04009874165058136 0.05210740119218826 0.013448004610836506 0.019637426361441612 0.9380857348442078 0.3458458185195923 -0.0007878290489315987 -0.06274919211864471 -0.34407418966293335 0.9368433356285095 -0.02949255332350731
1403636586.9135554 0.9981251358985901 -0.03493183106184006 0.05026186630129814 0.014107177034020424 0.015745753422379494 0.9400581121444702 0.34065040946006775 -0.0010531945154070854 -0.05914860591292381 -0.3392202854156494 0.9388455748558044 -0.028624607250094414
1403636586.9635556 0.9984363317489624 -0.031777821481227875 0.045992083847522736 0.014658518135547638 0.014505014754831791 0.9418055415153503 0.3358449339866638 -0.0010084235109388828 -0.0539880096912384 -0.3346525728702545 0.9407938122749329 -0.02768784761428833
1403636587.0135555 0.9987710118293762 -0.025402944535017014 0.04255927726626396 0.014928319491446018 0.00975015014410019 0.9425920844078064 0.33380404114723206 -0.0013998025096952915 -0.04859564080834389 -0.3329788148403168 0.9416812062263489 -0.026702051982283592
1403636587.0635555 0.9989343881607056 -0.02235325798392296 0.040383078157901764 0.015275922603905201 0.007547457702457905 0.9422376155853271 0.3348599970340729 -0.001731276512145996 -0.04553566500544548 -0.3341982960700989 0.9414021372795105 -0.025731036439538002
1403636587.1135554 0.9990979433059692 -0.017996063455939293 0.03846520185470581 0.015886101871728897 0.0038936352357268333 0.9407743811607361 0.33901095390319824 -0.002101784572005272 -0.04228793829679489 -0.33855536580085754 0.9399957060813904 -0.02472785860300064
1403636587.1635556 0.9991574287414551 -0.014861530624330044 0.03825946897268295 0.01700504869222641 0.0007999376393854618 0.9390194416046143 0.34386295080184937 -0.002531078178435564 -0.04103671759366989 -0.34354257583618164 0.938240110874176 -0.02368667721748352
1403636587.2135556 0.999229907989502 -0.014006332494318485 0.03665534779429436 0.018503813073039055 0.0004266441101208329 0.9379504919052124 0.3467690050601959 -0.0028305049054324627 -0.0392378605902195 -0.34648627042770386 0.9372341632843018 -0.022873740643262863
1403636587.2635555 0.999178409576416 -0.015200759284198284 0.03757172450423241 0.020706309005618095 0.0011534849181771278 0.9372950196266174 0.34853512048721313 -0.0031400900334119797 -0.0405137874186039 -0.34820541739463806 0.9365425109863281 -0.021656455472111702
1403636587.3135555 0.9991098642349243 -0.01761547103524208 0.03833320736885071 0.023899469524621964 0.0031087480019778013 0.9369224905967712 0.34952348470687866 -0.0034337923862040043 -0.04207225888967514 -0.34909313917160034 0.9361432194709778 -0.020289823412895203
1403636587.3635557 0.9990020990371704 -0.0202812347561121 0.039793141186237335 0.02796618640422821 0.005033014342188835 0.9363998770713806 0.35089874267578125 -0.003910006955265999 -0.044378940016031265 -0.35034826397895813 0.9355676770210266 -0.018843790516257286
1403636587.4135554 0.9988806843757629 -0.022785713896155357 0.04145286604762077 0.03176620602607727 0.00670245848596096 0.9356710314750671 0.3528101444244385 -0.0043623908422887325 -0.04682525247335434 -0.3521372973918915 0.9347763657569885 -0.017745723947882652
1403636587.4635556 0.9987059235572815 -0.027222173288464546 0.042959120124578476 0.0367596335709095 0.010219581425189972 0.9348766207695007 0.3548261821269989 -0.004870014730840921 -0.049820590764284134 -0.3539280295372009 0.9339448809623718 -0.0166202113032341
1403636587.5135555 0.9985941052436829 -0.03160674870014191 0.04255731776356697 0.04301132634282112 0.014377284795045853 0.9342002272605896 0.35645973682403564 -0.005220900289714336 -0.05102356895804405 -0.3553466796875 0.9333410263061523 -0.015295229852199554
