1403636579.7635555 1.0 0.0 0.0 0.0 0.0 1.0 0.0 0.0 0.0 0.0 1.0 0.0
1403636579.8135555 0.9999848008155823 0.001227900618687272 0.0053737713024020195 0.00023737092851661146 -0.001212988281622529 0.9999954104423523 -0.0027774109039455652 0.01470951084047556 -0.0053771561942994595 0.0027708509005606174 0.999981701374054 0.006131105590611696
1403636579.8635557 0.9999406933784485 0.004896983038634062 0.00972780305892229 0.0004506439727265388 -0.004911080002784729 0.9999868869781494 0.0014257690636441112 0.033963289111852646 -0.009720693342387676 -0.001473458600230515 0.9999516606330872 0.01372496597468853
1403636579.9135554 0.9999189972877502 0.005688779521733522 0.011388015933334827 0.0006433911621570587 -0.00581899331882596 0.9999176859855652 0.011433914303779602 0.05605436488986015 -0.011322034522891045 -0.011499254032969475 0.999869704246521 0.020321132615208626
1403636579.9635556 0.9999186992645264 0.005553300958126783 0.011481128633022308 -0.00012739808880724013 -0.005826347973197699 0.9996976256370544 0.02388722635805607 0.08011360466480255 -0.011345003731548786 -0.023952176794409752 0.9996487498283386 0.027246491983532906
1403636580.0135555 0.9999326467514038 0.002406661631539464 0.011347264982759953 -0.0009537137812003493 -0.0027925092726945877 0.9994141459465027 0.03411126881837845 0.10503459721803665 -0.011258523911237717 -0.03414066135883331 0.9993536472320557 0.03428597003221512
1403636580.0635555 0.9999289512634277 0.0009030192159116268 0.011880991980433464 -0.001758731552399695 -0.001392018748447299 0.9991494417190552 0.04121450334787369 0.13141515851020813 -0.011833668686449528 -0.041228119283914566 0.9990796446800232 0.04158901423215866
1403636580.1135554 0.999930202960968 -0.0035855916794389486 0.011250773444771767 -0.0025893752463161945 0.0030624778009951115 0.9989287257194519 0.04617343470454216 0.15655480325222015 -0.011404279619455338 -0.04613575339317322 0.9988700747489929 0.049355071038007736
1403636580.1635556 0.9999249577522278 -0.006002431735396385 0.010672337375581264 -0.003463161177933216 0.005464778747409582 0.9987486004829407 0.04971280321478844 0.1814839243888855 -0.010957378894090652 -0.049650754779577255 0.9987065196037292 0.05556619167327881
1403636580.2135556 0.9999348521232605 -0.006729533430188894 0.009222854860126972 -0.0032317142467945814 0.006216814275830984 0.998492419719696 0.05453622341156006 0.20419178903102875 -0.009575954638421535 -0.0544753335416317 0.9984691739082336 0.061805110424757004
1403636580.2635555 0.9999467134475708 -0.005032477900385857 0.009007751010358334 -0.0040328772738575935 0.0044844672083854675 0.9981968998908997 0.05985668674111366 0.2253887951374054 -0.00929273758083582 -0.05981311947107315 0.9981663227081299 0.0665571391582489
1403636580.3135555 0.9999534487724304 -0.0001334660337306559 0.009651104919612408 -0.004673197865486145 -0.0005199398146942258 0.997707724571228 0.06766840815544128 0.24519386887550354 -0.009638015180826187 -0.06767028570175171 0.9976611733436584 0.07078206539154053
1403636580.3635557 0.9999738931655884 0.0004718908166978508 0.007220607716590166 -0.005419550463557243 -0.0010398929007351398 0.9968847632408142 0.07886384427547455 0.26303786039352417 -0.007160901557654142 -0.0788692757487297 0.9968592524528503 0.0737016499042511
1403636580.4135554 0.999964714050293 0.002802954288199544 0.007915345020592213 -0.0067369756288826466 -0.0035319586750119925 0.995599627494812 0.09364259988069534 0.27984458208084106 -0.007618039846420288 -0.09366726875305176 0.995574414730072 0.07452629506587982
1403636580.4635556 0.9999707937240601 0.004076945595443249 0.00646726181730628 -0.007578891236335039 -0.004767614416778088 0.9938478469848633 0.11065126210451126 0.2923849821090698 -0.005976357031613588 -0.11067886650562286 0.9938382506370544 0.07585403323173523
1403636580.5135555 0.9999812841415405 0.002920205472037196 0.005364186130464077 -0.008162307552993298 -0.0035818025935441256 0.991794764995575 0.12779046595096588 0.29912126064300537 -0.0049469973891973495 -0.12780731916427612 0.9917866587638855 0.07659657299518585
1403636580.5635555 0.999992847442627 0.001525126863270998 0.0034482681658118963 -0.00885293073952198 -0.0019948852714151144 0.990061342716217 0.14062188565731049 0.29748886823654175 -0.003199530765414238 -0.14062774181365967 0.9900572896003723 0.07526884973049164
1403636580.6135554 1.0 5.174426769372076e-05 6.408756598830223e-05 -0.009145605377852917 -6.050581578165293e-05 0.9893910884857178 0.1452767699956894 0.28736215829849243 -5.58905303478241e-05 -0.14527678489685059 0.989391028881073 0.07161514461040497
1403636580.6635556 0.999999463558197 0.0011108267353847623 -6.537937588291243e-05 -0.010630332864820957 -0.001089978963136673 0.9896697998046875 0.14336241781711578 0.26933911442756653 0.00022395416453946382 -0.14336228370666504 0.9896703362464905 0.06639476120471954
1403636580.7135556 0.9999851584434509 0.004551626741886139 0.0030089281499385834 -0.011596431024372578 -0.004918180406093597 0.9907190203666687 0.13583794236183167 0.24438044428825378 -0.002362719038501382 -0.135850727558136 0.9907265305519104 0.060276854783296585
1403636580.7635555 0.9999063014984131 0.011147468350827694 0.007945441640913486 -0.012017278000712395 -0.012055212631821632 0.9920511841773987 0.1252577155828476 0.21341286599636078 -0.006485977675765753 -0.12534178793430328 0.9920923709869385 0.053675584495067596
1403636580.8135555 0.9997075796127319 0.018557066097855568 0.015502329915761948 -0.012074267491698265 -0.02018490433692932 0.9934507608413696 0.11246541142463684 0.17824211716651917 -0.013313768431544304 -0.11274547129869461 0.9935346841812134 0.047242097556591034
1403636580.8635557 0.9993680119514465 0.0239388607442379 0.0262798722833395 -0.012666873633861542 -0.026398537680506706 0.9948725700378418 0.09763117879629135 0.13958926498889923 -0.023807944729924202 -0.09826323390007019 0.9948755502700806 0.04022415354847908
1403636580.9135554 0.9988347887992859 0.031249668449163437 0.03677869960665703 -0.012690205127000809 -0.034197621047496796 0.9960073232650757 0.08246278017759323 0.10088925808668137 -0.034054920077323914 -0.08362443000078201 0.9959152340888977 0.03287306800484657
1403636580.9635556 0.9985346794128418 0.03537119925022125 0.04095744341611862 -0.013938670977950096 -0.038072600960731506 0.9970149397850037 0.067172110080719 0.06186910718679428 -0.03845921903848648 -0.0686330497264862 0.9969003200531006 0.024302242323756218
1403636581.0135555 0.9983924627304077 0.03879924491047859 0.041317231953144073 -0.015728378668427467 -0.04095941781997681 0.9977654218673706 0.05278739333152771 0.026415245607495308 -0.03917678818106651 -0.05439487099647522 0.9977506399154663 0.016340112313628197
1403636581.0635555 0.9984931945800781 0.03804590180516243 0.03954904526472092 -0.017732936888933182 -0.03961828723549843 0.9984232783317566 0.03976505622267723 -0.008305242285132408 -0.0379737950861454 -0.04127199947834015 0.9984261989593506 0.008188865147531033
1403636581.1135554 0.9985576272010803 0.03572389855980873 0.04008134454488754 -0.01856858655810356 -0.036810502409935 0.9989652633666992 0.026707572862505913 -0.03955923765897751 -0.03908577561378479 -0.028144462034106255 0.9988394379615784 0.0011928833555430174
1403636581.1635556 0.9987031817436218 0.03030671738088131 0.04090884327888489 -0.019151872023940086 -0.03077167645096779 0.9994682669639587 0.010784033685922623 -0.06751202046871185 -0.040560267865657806 -0.012028884142637253 0.9991046786308289 -0.004521405324339867
1403636581.2135556 0.9987832307815552 0.026379041373729706 0.04167001694440842 -0.019473746418952942 -0.026197591796517372 0.9996447563171387 -0.0048948535695672035 -0.09436512738466263 -0.041784342378377914 0.0037972424179315567 0.9991194605827332 -0.012375222519040108
1403636581.2635555 0.9988916516304016 0.022382263094186783 0.04140350595116615 -0.0188502948731184 -0.02144634537398815 0.9995073676109314 -0.022912492975592613 -0.11559311300516129 -0.041895944625139236 0.02199915237724781 0.9988797903060913 -0.017424486577510834
1403636581.3135555 0.9988749027252197 0.024386249482631683 0.04066900163888931 -0.01833130419254303 -0.022841349244117737 0.9990155100822449 -0.03802864998579025 -0.13064265251159668 -0.04155633971095085 0.03705694526433945 0.9984487295150757 -0.024317272007465363
1403636581.3635557 0.9988219141960144 0.024768240749835968 0.04172632470726967 -0.01765535958111286 -0.02272529900074005 0.998552680015564 -0.04874298349022865 -0.13824859261512756 -0.042873211205005646 0.047737330198287964 0.9979393482208252 -0.027200864627957344
1403636581.4135554 0.9985167384147644 0.029546082019805908 0.045726608484983444 -0.016284311190247536 -0.027191728353500366 0.9983139634132385 -0.05128002166748047 -0.13801312446594238 -0.04716463387012482 0.049960583448410034 0.9976368546485901 -0.02738139219582081
1403636581.4635556 0.9982222318649292 0.035185717046260834 0.04810525104403496 -0.014778582379221916 -0.03293650224804878 0.9983621835708618 -0.04677526652812958 -0.12866616249084473 -0.04967227950692177 0.04510769993066788 0.9977464079856873 -0.025849172845482826
1403636581.5135555 0.9978716373443604 0.041032906621694565 0.0506792776286602 -0.013070931658148766 -0.03920940309762955 0.9985653758049011 -0.036466311663389206 -0.11169388890266418 -0.05210288614034653 0.03440159559249878 0.9980489015579224 -0.02249191142618656
1403636581.5635555 0.9978922009468079 0.03811485692858696 0.05251527205109596 -0.012277601286768913 -0.03691120818257332 0.9990374445915222 -0.023702561855316162 -0.09023648500442505 -0.053368136286735535 0.021714216098189354 0.9983388185501099 -0.01702849380671978
1403636581.6135554 0.9980942010879517 0.03496608883142471 0.05084801837801933 -0.010214919224381447 -0.0344817154109478 0.9993513822555542 -0.010372433811426163 -0.06366907805204391 -0.0511777326464653 0.008599339984357357 0.9986525774002075 -0.008623567409813404
1403636581.6635556 0.9983066320419312 0.030119916424155235 0.049767136573791504 -0.008402950130403042 -0.030152998864650726 0.9995452165603638 -8.610635995864868e-05 -0.03425426036119461 -0.049747101962566376 -0.0014146659523248672 0.9987608194351196 -0.0009592436254024506
1403636581.7135556 0.9982680678367615 0.03322681039571762 0.048549044877290726 -0.005753866862505674 -0.03360370919108391 0.9994108080863953 0.006967558991163969 -0.0039006867446005344 -0.04828894883394241 -0.008586923591792583 0.9987964630126953 0.007515206467360258
1403636581.7635555 0.998497724533081 0.029981717467308044 0.045865532010793686 -0.0033117136918008327 -0.030472202226519585 0.9994851350784302 0.010032051242887974 0.029089154675602913 -0.045541152358055115 -0.011414606124162674 0.9988971948623657 0.01669655181467533
1403636581.8135555 0.998770534992218 0.02956399880349636 0.03979077935218811 -0.001666257157921791 -0.030103757977485657 0.9994617700576782 0.013034644536674023 0.06151213124394417 -0.03938400745391846 -0.014216474257409573 0.9991230964660645 0.024049127474427223
1403636581.8635557 0.9988866448402405 0.028394995257258415 0.03766874969005585 -0.00028810324147343636 -0.029089806601405144 0.9994142055511475 0.01802714914083481 0.09433698654174805 -0.03713478893041611 -0.019102860242128372 0.9991278052330017 0.03161854296922684
1403636581.9135554 0.9991209506988525 0.023884879425168037 0.034452687948942184 -3.95685201510787e-05 -0.024834729731082916 0.9993156790733337 0.027410149574279785 0.12726664543151855 -0.03377442806959152 -0.028241682797670364 0.9990304112434387 0.03972785547375679
1403636581.9635556 0.9990281462669373 0.020926116034388542 0.038794226944446564 0.0005069451872259378 -0.022499635815620422 0.9989230036735535 0.04057754576206207 0.15976138412952423 -0.0379033163189888 -0.041410963982343674 0.9984230399131775 0.04724985361099243
1403636582.0135555 0.9989516139030457 0.01729482226073742 0.042386073619127274 0.0009232098236680031 -0.01967570371925831 0.9982135891914368 0.056413475424051285 0.18983963131904602 -0.04133469611406326 -0.05718829855322838 0.9975073933601379 0.05400441214442253
1403636582.0635555 0.9987889528274536 0.017493614926934242 0.045986369252204895 0.0007863969076424837 -0.02085694670677185 0.9970619082450867 0.07370590418577194 0.21564094722270966 -0.04456188157200813 -0.0745757669210434 0.996219277381897 0.05975921452045441
1403636582.1135554 0.9988024830818176 0.01847112737596035 0.0453033372759819 0.0003552730195224285 -0.022538982331752777 0.9955965280532837 0.09099110960960388 0.23734915256500244 -0.043423134833574295 -0.09190322458744049 0.9948207139968872 0.0645965039730072
1403636582.1635556 0.9990023970603943 0.016695482656359673 0.041417334228754044 -0.0008596403058618307 -0.020995082333683968 0.9941816329956055 0.1056513786315918 0.25252336263656616 -0.039412450045347214 -0.10641555488109589 0.993540346622467 0.06687784940004349
1403636582.2135556 0.9991000890731812 0.017630739137530327 0.038579534739255905 -0.0028920448385179043 -0.022072700783610344 0.992777407169342 0.11792352050542831 0.2608010172843933 -0.036221809685230255 -0.11866895109415054 0.9922729730606079 0.06694897264242172
1403636582.2635555 0.9991927146911621 0.017341673374176025 0.03624013066291809 -0.004141351208090782 -0.02174549549818039 0.9919317364692688 0.12489421665668488 0.26037073135375977 -0.033781860023736954 -0.12558145821094513 0.9915080070495605 0.06664537638425827
1403636582.3135555 0.9992697834968567 0.018221858888864517 0.03358837962150574 -0.005671163089573383 -0.022354239597916603 0.9916406869888306 0.12707895040512085 0.25055238604545593 -0.030991988256573677 -0.12773698568344116 0.9913237690925598 0.06406081467866898
1403636582.3635557 0.9993484020233154 0.01709403097629547 0.0317913293838501 -0.008072574622929096 -0.02084633708000183 0.992345929145813 0.1217176616191864 0.23307690024375916 -0.029467348009347916 -0.12230108678340912 0.9920554757118225 0.0596403032541275
1403636582.4135554 0.9994167685508728 0.015857508406043053 0.03024718351662159 -0.010070986114442348 -0.01903620734810829 0.9939817786216736 0.1078786849975586 0.2097228467464447 -0.02835446409881115 -0.10839155316352844 0.9937037825584412 0.052709437906742096
1403636582.4635556 0.9993868470191956 0.016870977357029915 0.030678605660796165 -0.011595718562602997 -0.01966084912419319 0.9954683780670166 0.09303779155015945 0.1813773661851883 -0.028969937935471535 -0.09358390420675278 0.9951898455619812 0.04790865629911423
1403636582.5135555 0.999201774597168 0.021448936313390732 0.0336967371404171 -0.01298656314611435 -0.024091223254799843 0.9964979290962219 0.08007241785526276 0.15083138644695282 -0.031861256808042526 -0.08082030713558197 0.9962193369865417 0.04082699120044708
1403636582.5635555 0.9990654587745667 0.022117221727967262 0.03713293373584747 -0.014151296578347683 -0.02467840164899826 0.9972420334815979 0.06999509036540985 0.118827685713768 -0.03548242151737213 -0.0708460658788681 0.9968559741973877 0.033660177141427994
1403636582.6135554 0.9987079501152039 0.02696731686592102 0.043071988970041275 -0.014427575282752514 -0.029698897153139114 0.9975019097328186 0.06409195065498352 0.08584293723106384 -0.04123600944876671 -0.06528832763433456 0.997014045715332 0.025114767253398895
1403636582.6635556 0.9984941482543945 0.02626400627195835 0.04816077649593353 -0.014708826318383217 -0.029097896069288254 0.997826874256134 0.059117529541254044 0.054068826138973236 -0.0465034656226635 -0.060429897159338 0.9970885515213013 0.016815636307001114
1403636582.7135556 0.998397707939148 0.02556978166103363 0.0504784882068634 -0.014076535589993 -0.02832322008907795 0.998106062412262 0.054607048630714417 0.02152959257364273 -0.04898660257458687 -0.05594926327466965 0.9972311854362488 0.008538385853171349
1403636582.7635555 0.9982479214668274 0.02205384150147438 0.05490598455071449 -0.013162282295525074 -0.02469564601778984 0.998546302318573 0.0479109026491642 -0.010946891270577908 -0.053769551217556 -0.04918289929628372 0.9973413944244385 0.0018380158580839634
1403636582.8135555 0.997977077960968 0.01719789020717144 0.061203859746456146 -0.011547056026756763 -0.019556038081645966 0.9990809559822083 0.03814125806093216 -0.04255308955907822 -0.060491666197776794 -0.03926100581884384 0.9973962306976318 -0.005345541052520275
1403636582.8635557 0.9974434971809387 0.013345721177756786 0.07020215690135956 -0.010244593024253845 -0.0151149807497859 0.9995799660682678 0.02473183162510395 -0.07483860850334167 -0.06984259188175201 -0.025729713961482048 0.9972261786460876 -0.011879418976604939
1403636582.9135554 0.9969686269760132 0.00958662386983633 0.07721062749624252 -0.010831503197550774 -0.010270904749631882 0.999911367893219 0.008470267988741398 -0.10390888154506683 -0.07712257653474808 -0.009237616322934628 0.9969788193702698 -0.020155757665634155
1403636582.9635556 0.9966825842857361 0.00988126639276743 0.08078339695930481 -0.009542182087898254 -0.009245171211659908 0.9999231696128845 -0.00824434868991375 -0.13048647344112396 -0.08085864782333374 0.007470143958926201 0.996697723865509 -0.02778623066842556
1403636583.0135555 0.9963935613632202 0.010061381384730339 0.08425024151802063 -0.008455620147287846 -0.007981926202774048 0.9996559619903564 -0.024982448667287827 -0.14981786906719208 -0.08447259664535522 0.024219881743192673 0.9961314797401428 -0.033375900238752365
1403636583.0635555 0.996389627456665 0.012696374207735062 0.083942711353302 -0.007380030117928982 -0.00973467156291008 0.9993188977241516 -0.035598065704107285 -0.16328924894332886 -0.08433748036623001 0.03465239703655243 0.995834469795227 -0.0382610522210598
1403636583.1135554 0.9962172508239746 0.014553626999258995 0.08566984534263611 -0.006154695525765419 -0.011140064336359501 0.9991300106048584 -0.04018964618444443 -0.16895133256912231 -0.08618021011352539 0.03908325731754303 0.9955126047134399 -0.04034003987908363
1403636583.1635556 0.9958220720291138 0.018876267597079277 0.08934286236763 -0.0041213626973330975 -0.015272963792085648 0.9990488290786743 -0.040844447910785675 -0.16513149440288544 -0.09002887457609177 0.03930927813053131 0.995163083076477 -0.03740508481860161
1403636583.2135556 0.9956299662590027 0.02319866232573986 0.09045808762311935 -0.003961267415434122 -0.019777879118919373 0.9990617036819458 -0.03853106498718262 -0.15475384891033173 -0.09126708656549454 0.036573633551597595 0.9951545000076294 -0.03533746674656868
1403636583.2635555 0.9957736134529114 0.025124145671725273 0.08833810687065125 -0.0004885464441031218 -0.022142086178064346 0.999156653881073 -0.034576788544654846 -0.1375606805086136 -0.08913233131170273 0.032474663108587265 0.9954901933670044 -0.02926330268383026
1403636583.3135555 0.9959083199501038 0.025310423225164413 0.08675222098827362 6.188289262354374e-06 -0.022719731554389 0.9992697238922119 -0.03072161227464676 -0.11564414203166962 -0.08746644854545593 0.028624923899769783 0.9957560896873474 -0.022391291335225105
1403636583.3635557 0.996005654335022 0.025893162935972214 0.08545364439487457 0.0004281554138287902 -0.023772338405251503 0.9993858337402344 -0.025743521749973297 -0.09068217873573303 -0.08606775850057602 0.023609258234500885 0.9960094690322876 -0.01656033657491207
1403636583.4135554 0.9964288473129272 0.02421652153134346 0.08088912814855576 0.003006031271070242 -0.022565118968486786 0.9995191097259521 -0.021267857402563095 -0.06107519939541817 -0.08136525750160217 0.019366633147001266 0.9964960813522339 -0.0056839692406356335
1403636583.4635556 0.9967100024223328 0.027512941509485245 0.07623788714408875 0.005129833705723286 -0.02646801620721817 0.9995418190956116 -0.014682963490486145 -0.028854772448539734 -0.07660692930221558 0.012616787105798721 0.9969815611839294 0.0034885364584624767
1403636583.5135555 0.9969828724861145 0.027407554909586906 0.0726218968629837 0.007787737064063549 -0.026840081438422203 0.9996010661125183 -0.008778712712228298 0.00477914372459054 -0.07283351570367813 0.006803045980632305 0.9973209500312805 0.013429224491119385
1403636583.5635555 0.9969071745872498 0.031277138739824295 0.07209479808807373 0.010246709920465946 -0.03133981302380562 0.9995086193084717 -0.0002619149163365364 0.039254236966371536 -0.07206755876541138 -0.001998335588723421 0.997397780418396 0.02280360646545887
1403636583.6135554 0.9964514374732971 0.033742085099220276 0.07710985094308853 0.012199809774756432 -0.03468899801373482 0.9993379712104797 0.010973429307341576 0.07409227639436722 -0.07668855041265488 -0.013609353452920914 0.9969622492790222 0.03292585536837578
1403636583.6635556 0.997000515460968 0.029354961588978767 0.07161086797714233 0.012788308784365654 -0.031445227563381195 0.9991064667701721 0.028238479048013687 0.10677029937505722 -0.070717953145504 -0.030405601486563683 0.9970328211784363 0.039988379925489426
1403636583.7135556 0.9974706172943115 0.02020879089832306 0.06814607232809067 0.013355107046663761 -0.023610826581716537 0.9984953999519348 0.04949253052473068 0.1394847184419632 -0.06704336404800415 -0.050976336002349854 0.9964470863342285 0.04795084148645401
1403636583.7635555 0.9978939890861511 0.011406857520341873 0.06385615468025208 0.01333841122686863 -0.016039039939641953 0.9972389340400696 0.07250503450632095 0.1690353900194168 -0.06285281479358673 -0.07337652146816254 0.9953217506408691 0.055230818688869476
1403636583.8135555 0.9980050921440125 0.005909846629947424 0.06285510957241058 0.014044161885976791 -0.01174893882125616 0.995602548122406 0.09293824434280396 0.19638681411743164 -0.062029458582401276 -0.0934913381934166 0.9936859011650085 0.0606410950422287
1403636583.8635557 0.9979866147041321 0.005168747156858444 0.06321395933628082 0.014275050722062588 -0.011968761682510376 0.9941144585609436 0.10767139494419098 0.2213909775018692 -0.062285397201776505 -0.1082112193107605 0.9921748042106628 0.06638158112764359
1403636583.9135554 0.9979107975959778 0.009755264036357403 0.06386534124612808 0.015226341784000397 -0.01727570779621601 0.9928293824195862 0.11828487366437912 0.24226398766040802 -0.06225349381566048 -0.1191411018371582 0.9909237027168274 0.07027490437030792
1403636583.9635556 0.9980008006095886 0.015569102019071579 0.06125517934560776 0.015276976861059666 -0.02310105226933956 0.9919825792312622 0.12424398958683014 0.2591753602027893 -0.05882973223924637 -0.12541063129901886 0.9903591275215149 0.07310499250888824
1403636584.0135555 0.9982530474662781 0.019642766565084457 0.055722951889038086 0.01427504513412714 -0.02660107985138893 0.9915432333946228 0.12702055275440216 0.27046042680740356 -0.05275670066475868 -0.128280907869339 0.9903336763381958 0.07407664507627487
1403636584.0635555 0.9986351728439331 0.020807405933737755 0.047904033213853836 0.012741761282086372 -0.026751382276415825 0.9915429353713989 0.12699219584465027 0.2756958603858948 -0.04485651105642319 -0.12810033559799194 0.990746259689331 0.07341837882995605
1403636584.1135554 0.9989182949066162 0.020687462761998177 0.04164430499076843 0.011439234018325806 -0.025826526805758476 0.9915770292282104 0.12691715359687805 0.2733112573623657 -0.038667935878038406 -0.1278553605079651 0.9910387396812439 0.07178211212158203
1403636584.1635556 0.9990647435188293 0.021340448409318924 0.03760271519422531 0.01023451704531908 -0.025955095887184143 0.991581916809082 0.1268530935049057 0.26395758986473083 -0.034579068422317505 -0.12771043181419373 0.9912084341049194 0.06940039992332458
1403636584.2135556 0.9990810751914978 0.02309950813651085 0.0361042320728302 0.009276428259909153 -0.027518335729837418 0.9915047883987427 0.1271256059408188 0.24643158912658691 -0.03286098688840866 -0.12800228595733643 0.991229236125946 0.0654422715306282
1403636584.2635555 0.9990344047546387 0.023760957643389702 0.036954231560230255 0.007321019656956196 -0.028187042102217674 0.9918469190597534 0.1242779791355133 0.22439657151699066 -0.03369998186826706 -0.12519963085651398 0.9915590286254883 0.06060843542218208
1403636584.3135555 0.9990289211273193 0.023978032171726227 0.036962613463401794 0.006117518991231918 -0.028230296447873116 0.9924706220626831 0.11918499320745468 0.19874565303325653 -0.03382648527622223 -0.12011270970106125 0.9921838045120239 0.05406872555613518
1403636584.3635557 0.9988495707511902 0.02725932188332081 0.03945310413837433 0.00534990057349205 -0.03166964277625084 0.9927598834037781 0.11586520075798035 0.16879837214946747 -0.036009058356285095 -0.1169813796877861 0.9924810528755188 0.04824231564998627
1403636584.4135554 0.9982641339302063 0.03463240712881088 0.04763391613960266 0.005542640574276447 -0.039812490344047546 0.9928547143936157 0.11249212920665741 0.13591812551021576 -0.0433976836502552 -0.11419332027435303 0.992510199546814 0.04479077458381653
1403636584.4635556 0.9977529644966125 0.039407797157764435 0.054182007908821106 0.006177193950861692 -0.04495517164468765 0.9934235215187073 0.10530297458171844 0.10170060396194458 -0.04967592656612396 -0.10750214755535126 0.9929630160331726 0.038834452629089355
1403636584.5135555 0.9974327683448792 0.04201045259833336 0.05798950046300888 0.005666185636073351 -0.04743508994579315 0.9942907094955444 0.09558121860027313 0.06471558660268784 -0.053643010556697845 -0.09808658063411713 0.9937311410903931 0.0323273167014122
1403636584.5635555 0.9972265362739563 0.041427675634622574 0.06183039769530296 0.0046159811317920685 -0.04644326493144035 0.9955481290817261 0.08201807737350464 0.028394540771842003 -0.05815732106566429 -0.08466219902038574 0.9947109818458557 0.025019410997629166
1403636584.6135554 0.9969606399536133 0.04056603088974953 0.0665132999420166 0.0036189525853842497 -0.044869937002658844 0.9969055652618408 0.06454436480998993 -0.008228741586208344 -0.06368917226791382 -0.06733264029026031 0.9956957101821899 0.017879709601402283
1403636584.6635556 0.9965829253196716 0.03816091641783714 0.07325419038534164 0.00393334636464715 -0.0414121150970459 0.9981996417045593 0.04338851571083069 -0.04389873519539833 -0.07146654278039932 -0.046273864805698395 0.9963690638542175 0.012505721300840378
1403636584.7135556 0.9960893988609314 0.038685403764247894 0.07943049818277359 0.002689929213374853 -0.0405261293053627 0.998943030834198 0.021693821996450424 -0.07762474566698074 -0.07850729674100876 -0.024827999994158745 0.9966043829917908 0.004414599388837814
1403636584.7635555 0.9954137802124023 0.039042308926582336 0.08733224868774414 6.756104994565248e-05 -0.0393388606607914 0.9992244243621826 0.0016765021719038486 -0.10834523290395737 -0.08719906955957413 -0.005104364827275276 0.9961778521537781 -0.00443286681547761
1403636584.8135555 0.9950932264328003 0.03964220732450485 0.0906517505645752 -0.0008909913594834507 -0.03845137357711792 0.9991500973701477 -0.01484606135636568 -0.13642290234565735 -0.0911632552742958 0.011287535540759563 0.9957720041275024 -0.01243614498525858
1403636584.8635557 0.9950817823410034 0.035468168556690216 0.09248822927474976 -0.002403538441285491 -0.0329897366464138 0.9990580081939697 -0.028190240263938904 -0.15960875153541565 -0.09340096265077591 0.025000441819429398 0.9953146576881409 -0.020471859723329544
1403636584.9135554 0.9953576922416687 0.0324924997985363 0.09059441089630127 0.0003056373680010438 -0.029160618782043457 0.998857319355011 -0.03786243125796318 -0.17528066039085388 -0.09172115474939346 0.035044871270656586 0.9951679110527039 -0.022550048306584358
1403636584.9635556 0.995307445526123 0.02673829346895218 0.09299557656049728 -0.0033175519201904535 -0.022888250648975372 0.9988459944725037 -0.04222337156534195 -0.1876688152551651 -0.09401723742485046 0.03989672288298607 0.9947708249092102 -0.028627365827560425
1403636585.0135555 0.9950289726257324 0.024596817791461945 0.09650064259767532 -0.003348950296640396 -0.02062813565135002 0.9989084005355835 -0.041910320520401 -0.19002756476402283 -0.09742617607116699 0.0397113561630249 0.9944500923156738 -0.028709139674901962
1403636585.0635555 0.9947571158409119 0.021725794300436974 0.09993203729391098 -0.0030943190213292837 -0.01790933683514595 0.9990814328193665 -0.038930438458919525 -0.18650780618190765 -0.10068604350090027 0.03693661466240883 0.9942324161529541 -0.026992296800017357
1403636585.1135554 0.9947231411933899 0.020283976569771767 0.10057049989700317 -0.003843297716230154 -0.01701783575117588 0.999302864074707 -0.03322843462228775 -0.18005093932151794 -0.10117439925670624 0.03134159743785858 0.9943749308586121 -0.02600923553109169
1403636585.1635556 0.9942662715911865 0.018609043210744858 0.10530088096857071 -0.002440439769998193 -0.01577257364988327 0.9994916915893555 -0.027705810964107513 -0.16467928886413574 -0.10576291382312775 0.025886084884405136 0.99405437707901 -0.020201286301016808
1403636585.2135556 0.9936026930809021 0.019586557522416115 0.1112210750579834 -0.0014890356687828898 -0.0172964446246624 0.9996188282966614 -0.021518375724554062 -0.14524197578430176 -0.11160016059875488 0.019456986337900162 0.9935627579689026 -0.013369953259825706
1403636585.2635555 0.9927268028259277 0.025752149522304535 0.11760156601667404 0.0006521518807858229 -0.024103326722979546 0.9995904564857483 -0.015421431511640549 -0.12117509543895721 -0.11795054376125336 0.012474680319428444 0.9929410219192505 -0.004123502876609564
1403636585.3135555 0.9920044541358948 0.03103015385568142 0.122327521443367 0.0030387532897293568 -0.03003809042274952 0.9994992613792419 -0.009946241043508053 -0.09664586186408997 -0.12257491052150726 0.0061922334134578705 0.9924399852752686 0.0033547072671353817
1403636585.3635557 0.9913755059242249 0.03991559147834778 0.12482397258281708 0.00597708486020565 -0.03968694433569908 0.9992028474807739 -0.004318905062973499 -0.06968643516302109 -0.12489686906337738 -0.0006722244434058666 0.9921695590019226 0.012439306825399399
1403636585.4135554 0.9910861253738403 0.04387540742754936 0.12578953802585602 0.009225118905305862 -0.044561274349689484 0.9990031719207764 0.002642445731908083 -0.04341564700007439 -0.12554819881916046 -0.008224233984947205 0.9920535087585449 0.021138401702046394
1403636585.4635556 0.9918453097343445 0.04638409614562988 0.11870718002319336 0.014457790181040764 -0.04809356480836868 0.9987757205963135 0.011575325392186642 -0.01716480776667595 -0.11802493035793304 -0.017189983278512955 0.9928618669509888 0.03041211888194084
1403636585.5135555 0.9924063086509705 0.047874659299850464 0.1133025586605072 0.016561415046453476 -0.05074393004179001 0.9984564781188965 0.022575292736291885 0.008211920037865639 -0.11204686760902405 -0.028153281658887863 0.9933040142059326 0.03589268773794174
1403636585.5635555 0.9935917258262634 0.04896882176399231 0.10186941921710968 0.01755516231060028 -0.05273362249135971 0.9980091452598572 0.034596920013427734 0.03284359350800514 -0.09997241944074631 -0.03974715992808342 0.9941960573196411 0.0383446179330349
1403636585.6135554 0.9949238300323486 0.04761449247598648 0.0886533185839653 0.01879139244556427 -0.05194661766290665 0.9975330233573914 0.04721648991107941 0.05493338778614998 -0.08618640899658203 -0.05158205330371857 0.994942843914032 0.03905952721834183
1403636585.6635556 0.9960849285125732 0.043446287512779236 0.07698816806077957 0.01786365918815136 -0.04821007326245308 0.9969642758369446 0.06113838404417038 0.0741877406835556 -0.07409822195768356 -0.06461063772439957 0.9951556921005249 0.036450646817684174
1403636585.7135556 0.997215986251831 0.0375259593129158 0.06443694233894348 0.017455214634537697 -0.042416371405124664 0.996183454990387 0.07628452032804489 0.08882451802492142 -0.06132835894823074 -0.07880531251430511 0.9950017929077148 0.03273273631930351
1403636585.7635555 0.9979256391525269 0.03133295476436615 0.056236911565065384 0.017767317593097687 -0.036442600190639496 0.9950675964355469 0.09226326644420624 0.0997249111533165 -0.053068649023771286 -0.0941212996840477 0.9941452741622925 0.030446060001850128
1403636585.8135555 0.9986146092414856 0.02280746027827263 0.047420892864465714 0.016764938831329346 -0.027833322063088417 0.9937414526939392 0.10818101465702057 0.10753670334815979 -0.044656772166490555 -0.10935100167989731 0.9929996132850647 0.025753673166036606
1403636585.8635557 0.9991018176078796 0.014933773316442966 0.039654068648815155 0.016534261405467987 -0.01987188123166561 0.9916761517524719 0.1272142380475998 0.11072750389575958 -0.03742420673370361 -0.12788791954517365 0.9910823106765747 0.02085660584270954
1403636585.9135554 0.9993915557861328 0.00767548568546772 0.034023579210042953 0.016178293153643608 -0.012571524828672409 0.9891876578330994 0.14611566066741943 0.11295078694820404 -0.032534193247556686 -0.14645445346832275 0.9886822700500488 0.01587352715432644
1403636585.9635556 0.9994062185287476 0.0023619169369339943 0.03437405079603195 0.015826573595404625 -0.008077576756477356 0.9859057068824768 0.1671070158481598 0.11408574134111404 -0.03349488601088524 -0.16728545725345612 0.9853394627571106 0.011779475957155228
1403636586.0135555 0.999172568321228 -0.003215220756828785 0.04054553806781769 0.015566067770123482 -0.004587606526911259 0.9816001057624817 0.19089314341545105 0.11399378627538681 -0.040413279086351395 -0.19092118740081787 0.9807730913162231 0.008627349510788918
1403636586.0635555 0.9985314011573792 -0.006150385364890099 0.053826477378606796 0.015812115743756294 -0.005581030156463385 0.9765717387199402 0.2151193618774414 0.11420261114835739 -0.05388849973678589 -0.21510383486747742 0.9751032590866089 0.00569332018494606
1403636586.1135554 0.9977275729179382 -0.01149800606071949 0.06638815999031067 0.014698464423418045 -0.00454338826239109 0.9716068506240845 0.2365572154521942 0.11287275701761246 -0.06722313165664673 -0.23632130026817322 0.969346821308136 0.0029907450079917908
1403636586.1635556 0.9969319701194763 -0.01817290112376213 0.07613328844308853 0.012830889783799648 -0.0018157265149056911 0.9670425653457642 0.2546077370643616 0.11192314326763153 -0.07825109362602234 -0.2539648413658142 0.9640428423881531 0.0007655173540115356
1403636586.2135556 0.9965150952339172 -0.02372417040169239 0.07996737211942673 0.010044405236840248 0.001103128306567669 0.9623640775680542 0.2717609405517578 0.10985297709703445 -0.0834050327539444 -0.27072566747665405 0.9590365290641785 -0.004317140206694603
1403636586.2635555 0.9963209629058838 -0.027597647160291672 0.08113507926464081 0.007465192582458258 0.002887412905693054 0.9570032954216003 0.2900626063346863 0.10933041572570801 -0.08565158396959305 -0.288761168718338 0.9535621404647827 -0.008649667724967003
1403636586.3135555 0.9960527420043945 -0.03435221686959267 0.08184688538312912 0.005820883437991142 0.007352900691330433 0.9508393406867981 0.3095972537994385 0.10835324227809906 -0.0884585827589035 -0.30777332186698914 0.9473386406898499 -0.013554366305470467
1403636586.3635557 0.9957926273345947 -0.03941396251320839 0.08272598683834076 0.00463639572262764 0.009959498420357704 0.9439762234687805 0.32986313104629517 0.10840468108654022 -0.09109258651733398 -0.32765138149261475 0.9403970837593079 -0.019136304035782814
1403636586.4135554 0.9955270886421204 -0.046168938279151917 0.08242665231227875 0.003978596068918705 0.014577630907297134 0.9370787739753723 0.3488132357597351 0.10908153653144836 -0.09334462136030197 -0.3460514545440674 0.9335604310035706 -0.02480239048600197
1403636586.4635556 0.9955418109893799 -0.047781068831682205 0.08132191002368927 0.004704352002590895 0.014669290743768215 0.9301352500915527 0.36692410707473755 0.11026684194803238 -0.09317240118980408 -0.3640953600406647 0.9266895055770874 -0.03113648295402527
1403636586.5135555 0.995601236820221 -0.047438591718673706 0.08079434186220169 0.005859069060534239 0.01295592449605465 0.9237653613090515 0.3827396631240845 0.11081787943840027 -0.09279163926839828 -0.3800092935562134 0.9203166365623474 -0.03702843189239502
1403636586.5635555 0.9959087371826172 -0.04675854369997978 0.07732643932104111 0.008493070490658283 0.012381527572870255 0.9182554483413696 0.3957950174808502 0.10984888672828674 -0.08951220661401749 -0.3932182490825653 0.9150775671005249 -0.042108647525310516
1403636586.6135554 0.9961769580841064 -0.045267023146152496 0.07471396774053574 0.011443176306784153 0.011389728635549545 0.9152721762657166 0.402675062417984 0.10865423828363419 -0.08661151677370071 -0.40028464794158936 0.9122886061668396 -0.04584771394729614
1403636586.6635556 0.9961549043655396 -0.04676376283168793 0.0740843191742897 0.015972979366779327 0.012894379906356335 0.9146752953529358 0.4039837419986725 0.10616976767778397 -0.0866549015045166 -0.40147507190704346 0.9117612838745117 -0.04782234504818916
1403636586.7135556 0.9962942004203796 -0.04664865508675575 0.07226262986660004 0.020637838169932365 0.01392222661525011 0.9165338277816772 0.39971473813056946 0.10381410270929337 -0.08487732708454132 -0.39722737669944763 0.9137866497039795 -0.04867631569504738
1403636586.7635555 0.9965454339981079 -0.04739966243505478 0.0681949108839035 0.024486631155014038 0.016886765137314796 0.9196277260780334 0.3924281597137451 0.10207471996545792 -0.08131490647792816 -0.3899208903312683 0.9172510504722595 -0.04852516949176788
1403636586.8135555 0.9968549609184265 -0.046846333891153336 0.06391896307468414 0.02959110401570797 0.018701180815696716 0.9228509664535522 0.3847029209136963 0.10015066713094711 -0.07700961083173752 -0.38229766488075256 0.9208245873451233 -0.04727425426244736
1403636586.8635557 0.997065544128418 -0.044086944311857224 0.06258458644151688 0.03293628990650177 0.017259128391742706 0.9259312748908997 0.37729740142822266 0.09970952570438385 -0.07458293437957764 -0.37511003017425537 0.9239749908447266 -0.045662619173526764
1403636586.9135554 0.9973865747451782 -0.038950689136981964 0.06085031479597092 0.034506358206272125 0.01351878046989441 0.9279679656028748 0.37241455912590027 0.09935054928064346 -0.07097294926643372 -0.37061867117881775 0.9260694980621338 -0.04323325306177139
1403636586.9635556 0.9977473616600037 -0.035819653421640396 0.05671965330839157 0.035833798348903656 0.012453795410692692 0.9297173619270325 0.3680631220340729 0.09877582639455795 -0.06591715663671494 -0.36652761697769165 0.9280691742897034 -0.0412602424621582
1403636587.0135555 0.9981592297554016 -0.02964489534497261 0.05290847271680832 0.03680337220430374 0.008230305276811123 0.930534303188324 0.3661121726036072 0.09799756854772568 -0.06008651852607727 -0.36500275135040283 0.929065465927124 -0.038700349628925323
1403636587.0635555 0.9983675479888916 -0.02653510682284832 0.05057862401008606 0.03769886866211891 0.0061220889911055565 0.9301456809043884 0.36713966727256775 0.09729427844285965 -0.05678759515285492 -0.36623069643974304 0.9287896752357483 -0.03653668239712715
1403636587.1135554 0.998542845249176 -0.0225614495575428 0.049022845923900604 0.03912508860230446 0.0027512433007359505 0.9285151958465576 0.37128421664237976 0.09663158655166626 -0.05389518290758133 -0.37060829997062683 0.9272242784500122 -0.03393592685461044
1403636587.1635556 0.9986535906791687 -0.019403846934437752 0.048109084367752075 0.042156804352998734 -7.509253919124603e-05 0.9268661141395569 0.37539181113243103 0.09612929075956345 -0.05187472701072693 -0.3748900294303894 0.9256168007850647 -0.03156178072094917
1403636587.2135556 0.9987205266952515 -0.01806134730577469 0.04723477363586426 0.04576224088668823 -0.0011449670419096947 0.9257296919822693 0.37818393111228943 0.0953904315829277 -0.05055715888738632 -0.3777540922164917 0.9245246648788452 -0.028693385422229767
1403636587.2635555 0.9986866116523743 -0.019451571628451347 0.04739944636821747 0.05179827660322189 7.704831659793854e-06 0.9251869320869446 0.37951183319091797 0.09492497146129608 -0.05123545229434967 -0.37901297211647034 0.923971951007843 -0.026053667068481445
1403636587.3135555 0.9986075162887573 -0.021785371005535126 0.04804562032222748 0.05952904373407364 0.001840285025537014 0.924579918384552 0.3809836804866791 0.09395396709442139 -0.052721887826919556 -0.3803647458553314 0.9233326315879822 -0.022730613127350807
