0.1037359 0.9999892711639404 -0.0030402755364775658 -0.00348607636988163 -0.0003520389727782458 0.0030338503420352936 0.9999936819076538 -0.001846982049755752 -0.000359418336302042 0.003491669660434127 0.0018363859271630645 0.9999921917915344 0.042334362864494324
0.2073381 0.9999688267707825 -0.0018478066194802523 -0.007664576172828674 -0.0008853290928527713 0.0018200704362243414 0.999991774559021 -0.003624124452471733 -0.00035579391987994313 0.0076712071895599365 0.003610061015933752 0.9999640583992004 0.0842324048280716
0.3110752 0.9999309182167053 -0.001828055246733129 -0.011607217602431774 -0.001661531045101583 0.0017691918183118105 0.9999855160713196 -0.005079545546323061 -0.0005655295099131763 0.011616337113082409 0.005058660637587309 0.9999197125434875 0.1267731487751007
0.4146917 0.9998586773872375 -0.00043037335854023695 -0.016802843660116196 -0.0024418027605861425 0.00033354153856635094 0.9999833106994629 -0.005765196401625872 -0.0008545092423446476 0.016805045306682587 0.005758778192102909 0.9998422265052795 0.17009535431861877
0.5184302 0.9997760653495789 -0.0018259455682709813 -0.021081998944282532 -0.003538956865668297 0.0017015410121530294 0.9999809861183167 -0.005917421076446772 -0.0013965318212285638 0.021092407405376434 0.005880224518477917 0.9997602105140686 0.2136760950088501
0.6220448 0.9996886849403381 0.0002077339740935713 -0.02495020441710949 -0.005479444749653339 -0.00038461372605524957 0.9999749660491943 -0.007084718905389309 -0.0019295817473903298 0.024948103353381157 0.007092109881341457 0.9996635317802429 0.25774434208869934
0.7257977 0.9995467066764832 0.0029939666856080294 -0.029956204816699028 -0.00722805829718709 -0.0032277817372232676 0.9999646544456482 -0.007759907748550177 -0.00235719489865005 0.02993191033601761 0.007853081449866295 0.9995210766792297 0.30324864387512207
0.8294199 0.9994162917137146 0.0032529227901250124 -0.034006793051958084 -0.009359801188111305 -0.003472637850791216 0.999973475933075 -0.006403861567378044 -0.002672866452485323 0.03398505970835686 0.0065182168036699295 0.9994010925292969 0.34969207644462585
0.9331467 0.9992537498474121 0.0022559738717973232 -0.03856126591563225 -0.011209734715521336 -0.002395921153947711 0.9999907612800598 -0.003583371639251709 -0.003249054541811347 0.038552820682525635 0.0036730868741869926 0.9992498159408569 0.3965774476528168
1.03691 0.9991336464881897 0.001988673349842429 -0.0415675975382328 -0.013867940753698349 -0.0020224859472364187 0.999997615814209 -0.0007713871309533715 -0.003768540918827057 0.04156596213579178 0.0008547884644940495 0.9991353750228882 0.4440203011035919
1.140497 0.9990299344062805 0.0034673914778977633 -0.04389893636107445 -0.016968201845884323 -0.0035332676488906145 0.9999927282333374 -0.001423118868842721 -0.004396473523229361 0.043893687427043915 0.0015768450684845448 0.9990349411964417 0.493008017539978
1.244242 0.9989230632781982 0.0029293186962604523 -0.04630516096949577 -0.01894114539027214 -0.0030089656356722116 0.9999940395355225 -0.0016504256054759026 -0.004729934968054295 0.04630005359649658 0.0017879785737022758 0.9989259839057922 0.5406517386436462
1.347979 0.9988656044006348 2.7271993531030603e-05 -0.04761920124292374 -0.02161410078406334 -0.0001343567273579538 0.9999974370002747 -0.0022455593571066856 -0.005267996806651354 0.04761902615427971 0.0022494096774607897 0.9988631010055542 0.5899673104286194
1.451596 0.9987640976905823 2.3468961444450542e-05 -0.04970001056790352 -0.024278055876493454 -0.00011523729335749522 0.9999982118606567 -0.0018435814417898655 -0.005152782890945673 0.04969988018274307 0.0018470300128683448 0.9987624883651733 0.6393653154373169
1.555212 0.9987091422080994 -0.0011935057118535042 -0.05077781528234482 -0.027248907834291458 0.0010516138281673193 0.9999954104423523 -0.0028209909796714783 -0.005010263063013554 0.05078095197677612 0.0027639511972665787 0.9987059831619263 0.6906277537345886
1.65896 0.9986147880554199 0.0005469924653880298 -0.052613433450460434 -0.03037378191947937 -0.0007667359313927591 0.9999911189079285 -0.004156474024057388 -0.006503931246697903 0.05261067673563957 0.004191056825220585 0.9986064434051514 0.739982545375824
1.762569 0.9985523223876953 0.0010288349585607648 -0.05377914384007454 -0.03370688483119011 -0.0014007019344717264 0.9999754428863525 -0.006877474952489138 -0.007026085630059242 0.05377073958516121 0.006942846812307835 0.9985291957855225 0.7917901277542114
1.866302 0.9984322786331177 0.004985347390174866 -0.05575084313750267 -0.03685828298330307 -0.005465653259307146 0.9999492168426514 -0.008466074243187904 -0.007915297523140907 0.05570579692721367 0.008757517673075199 0.9984087944030762 0.8429358601570129
1.969923 0.9983941316604614 0.006011749152094126 -0.05633141100406647 -0.0406823456287384 -0.006454130169004202 0.9999497532844543 -0.0076745483092963696 -0.00910230167210102 0.056282442063093185 0.008025793358683586 0.9983826279640198 0.8954740762710571
2.073666 0.9982872605323792 0.004915395751595497 -0.058296043425798416 -0.04322945699095726 -0.005293333437293768 0.9999659657478333 -0.006330403964966536 -0.009600233286619186 0.05826294794678688 0.006628141272813082 0.9982792735099792 0.9476982355117798
2.177281 0.9982333779335022 0.0061051128432154655 -0.05910021811723709 -0.04736703634262085 -0.006459161639213562 0.999962329864502 -0.005801451858133078 -0.009720884263515472 0.05906258523464203 0.006172939203679562 0.9982352256774902 1.0011844635009766
2.281017 0.9981629848480225 0.005237036384642124 -0.0603586807847023 -0.05032064765691757 -0.005551642272621393 0.9999718070030212 -0.00504574179649353 -0.011018062010407448 0.06033056974411011 0.005371562205255032 0.9981639981269836 1.053471565246582
2.384639 0.9980265498161316 0.005166787654161453 -0.06258054822683334 -0.05337343364953995 -0.00555273424834013 0.9999666213989258 -0.005994850769639015 -0.011786885559558868 0.06254749745130539 0.00633051386103034 0.9980219006538391 1.107696294784546
2.48825 0.9979846477508545 0.0035518184304237366 -0.0633581206202507 -0.05663103610277176 -0.003982628230005503 0.9999697804450989 -0.006674610078334808 -0.012525669299066067 0.06333252042531967 0.0069134896621108055 0.9979684948921204 1.1593989133834839
2.591988 0.9979609847068787 0.0030621904879808426 -0.06375390291213989 -0.06035979464650154 -0.0033788918517529964 0.9999824166297913 -0.004860340617597103 -0.012931891717016697 0.0637378990650177 0.005065847188234329 0.9979538321495056 1.2147841453552246
2.695832 0.9979620575904846 0.004993179347366095 -0.06361269950866699 -0.06418230384588242 -0.005114339757710695 0.9999853372573853 -0.0017419728683307767 -0.013933602720499039 0.06360306590795517 0.00206375983543694 0.9979730844497681 1.2679284811019897
2.799367 0.997986912727356 0.006404201500117779 -0.06309419870376587 -0.06748899072408676 -0.006254822947084904 0.9999771118164062 0.0025647743605077267 -0.015114668756723404 0.06310918927192688 -0.002164968056604266 0.9980042576789856 1.323456883430481
2.903084 0.998085618019104 0.005015967879444361 -0.06164245307445526 -0.07068801671266556 -0.004713419824838638 0.9999760389328003 0.005052533000707626 -0.015155506320297718 0.061666324734687805 -0.004752313252538443 0.9980854988098145 1.3778259754180908
3.006768 0.9982113242149353 0.004467865917831659 -0.05961548537015915 -0.07505176961421967 -0.004140050150454044 0.9999755620956421 0.005621216259896755 -0.015469450503587723 0.05963914468884468 -0.005364351440221071 0.9982055425643921 1.433580994606018
3.110441 0.9982938766479492 0.005671329330652952 -0.058112937957048416 -0.07818341255187988 -0.005516252014786005 0.9999807476997375 0.002828627824783325 -0.01583819091320038 0.05812786892056465 -0.002503236522898078 0.9983059167861938 1.488342523574829
3.214057 0.9983250498771667 0.006648065056651831 -0.05746911093592644 -0.0813780203461647 -0.006801235023885965 0.9999737739562988 -0.002470053266733885 -0.015797236934304237 0.05745118111371994 0.002856777049601078 0.9983441829681396 1.5449663400650024
3.317669 0.9984030723571777 0.0057692150585353374 -0.056196197867393494 -0.08471199870109558 -0.006052684970200062 0.9999697804450989 -0.0048753744922578335 -0.016790375113487244 0.056166376918554306 0.005207726266235113 0.998407781124115 1.6001503467559814
3.421285 0.9984689354896545 0.0038133279886096716 -0.05518346279859543 -0.08828778564929962 -0.0040195598267018795 0.9999853372573853 -0.003626694902777672 -0.017681090161204338 0.05516882613301277 0.00384295592084527 0.9984696507453918 1.6571415662765503
3.524925 0.9984491467475891 0.0018465665634721518 -0.055638931691646576 -0.09061281383037567 -0.0018013714579865336 0.9999980330467224 0.0008624327019788325 -0.01799704134464264 0.05564041808247566 -0.000760869006626308 0.9984504580497742 1.7133396863937378
3.628545 0.9983909130096436 -0.0018079313449561596 -0.05667395517230034 -0.09380866587162018 0.002046863315626979 0.9999893307685852 0.0041581313125789165 -0.018441708758473396 0.056665822863578796 -0.004267444834113121 0.9983839392662048 1.7712805271148682
3.732256 0.9983005523681641 -0.008611713536083698 -0.05763611942529678 -0.09622859209775925 0.008835447020828724 0.999954342842102 0.0036281293723732233 -0.019225258380174637 0.05760224163532257 -0.004131203982979059 0.9983310103416443 1.8270630836486816
3.835871 0.9982061386108398 -0.009895768947899342 -0.059047289192676544 -0.09949644654989243 0.009873020462691784 0.9999509453773499 -0.0006769984029233456 -0.019403770565986633 0.059051092714071274 9.280955418944359e-05 0.9982549548149109 1.884460687637329
3.939488 0.9981129765510559 -0.010935415513813496 -0.060422640293836594 -0.10304546356201172 0.01070671621710062 0.9999342560768127 -0.004107491113245487 -0.020049050450325012 0.06046358868479729 0.0034528118558228016 0.9981644153594971 1.9405477046966553
4.043107 0.9979957342147827 -0.00958146620541811 -0.06254998594522476 -0.10694757103919983 0.009284215047955513 0.9999442100524902 -0.005041222553700209 -0.020405808463692665 0.06259480863809586 0.004450391978025436 0.9980290532112122 1.9991021156311035
4.146888 0.997934103012085 -0.010243070311844349 -0.06342151761054993 -0.11083705723285675 0.01003722008317709 0.9999433755874634 -0.0035635356325656176 -0.020954428240656853 0.06345441192388535 0.002919597551226616 0.9979804158210754 2.0572474002838135
4.25046 0.9978782534599304 -0.0073715802282094955 -0.0646887794137001 -0.11483242362737656 0.00736031960695982 0.9999727606773376 -0.0004124471452087164 -0.022122930735349655 0.06469006836414337 -6.455834954977036e-05 0.9979053735733032 2.1159541606903076
4.354202 0.9977997541427612 -0.006699756719172001 -0.06596194207668304 -0.11871877312660217 0.006764436140656471 0.9999768137931824 0.0007572523900307715 -0.022893138229846954 0.06595537811517715 -0.0012017814442515373 0.9978218078613281 2.1736037731170654
4.45794 0.9977582097053528 -0.005067065358161926 -0.06672969460487366 -0.12293324619531631 0.005311871878802776 0.9999797940254211 0.0034916973672807217 -0.023782502859830856 0.06671066582202911 -0.0038383291102945805 0.9977649450302124 2.2324697971343994
4.561559 0.9977469444274902 -0.005549946799874306 -0.06685977429151535 -0.1268395632505417 0.0059943655505776405 0.9999611973762512 0.006448224652558565 -0.024065058678388596 0.06682141125202179 -0.006834478583186865 0.9977415204048157 2.2905521392822266
4.665293 0.9977681040763855 0.001031327759847045 -0.0667668804526329 -0.131965771317482 -0.00046758606913499534 0.9999641180038452 0.008458497934043407 -0.024267947301268578 0.06677321344614029 -0.008408399298787117 0.9977327585220337 2.349534034729004
4.768912 0.997718334197998 0.00026373055879957974 -0.06751171499490738 -0.1357971727848053 0.0002769267885014415 0.9999679327011108 0.007998863235116005 -0.024698959663510323 0.0675116553902626 -0.007999307475984097 0.9976863861083984 2.407202959060669
4.872532 0.997721791267395 0.00029192634974606335 -0.0674605444073677 -0.1395489126443863 0.0001551872119307518 0.9999781250953674 0.006622440181672573 -0.025115584954619408 0.06746099889278412 -0.0066178226843476295 0.9976999163627625 2.4656431674957275
4.976146 0.9977381229400635 0.00278016016818583 -0.06716044992208481 -0.14433512091636658 -0.0025191025342792273 0.999988853931427 0.0039714546874165535 -0.02518538385629654 0.06717073917388916 -0.003793288255110383 0.9977342486381531 2.5222392082214355
5.079909 0.997657835483551 0.002419878728687763 -0.06835740804672241 -0.14820806682109833 -0.0021294844336807728 0.999988317489624 0.004320732317864895 -0.02607586421072483 0.06836705654859543 -0.004165046848356724 0.9976515769958496 2.5805177688598633
5.183503 0.9975923299789429 0.00016937253531068563 -0.0693497508764267 -0.15216796100139618 0.00019400272867642343 0.9999862313270569 0.005232982337474823 -0.026241803541779518 0.06934966892004013 -0.005233835894614458 0.9975787997245789 2.6369152069091797
5.287117 0.9974843263626099 0.0007748243515379727 -0.07088204473257065 -0.15595665574073792 -0.0003306693979538977 0.9999802708625793 0.006277631968259811 -0.026828180998563766 0.07088550180196762 -0.006238401867449284 0.9974650144577026 2.6955227851867676
5.390861 0.9975031018257141 0.0030162492766976357 -0.0705568790435791 -0.16058650612831116 -0.0028263088315725327 0.9999920725822449 0.00279171671718359 -0.027203191071748734 0.07056474685668945 -0.002585330745205283 0.9975038170814514 2.750870704650879
5.494473 0.9974342584609985 0.0032450086437165737 -0.07151304930448532 -0.16481339931488037 -0.003329366212710738 0.9999939203262329 -0.0010604283306747675 -0.028073251247406006 0.07150918245315552 0.00129580101929605 0.9974391460418701 2.808281183242798
5.598233 0.9973980784416199 0.0047536976635456085 -0.071933813393116 -0.16921298205852509 -0.004957087803632021 0.9999842047691345 -0.002649216912686825 -0.028579439967870712 0.07192008942365646 0.002998905722051859 0.9974058270454407 2.864081859588623
5.701829 0.9973777532577515 0.0034510844852775335 -0.07228907197713852 -0.17336028814315796 -0.0034059970639646053 0.9999939203262329 0.0007469654083251953 -0.029109522700309753 0.07229121774435043 -0.0004987905267626047 0.9973834156990051 2.9215586185455322
5.805571 0.997386634349823 0.0017918094526976347 -0.07222646474838257 -0.17731651663780212 -0.0015115307178348303 0.9999911189079285 0.003935026936233044 -0.029982589185237885 0.07223287969827652 -0.0038155706133693457 0.9973804950714111 2.9770100116729736
5.909185 0.9973617792129517 -0.00025579050998203456 -0.07259069383144379 -0.1813471019268036 0.0006097506848163903 0.9999880790710449 0.0048539903946220875 -0.030960338190197945 0.07258860766887665 -0.004885447211563587 0.9973500370979309 3.0337231159210205
6.012921 0.9973335266113281 -0.0036223027855157852 -0.07288794964551926 -0.18499881029129028 0.0038886137772351503 0.9999862313270569 0.0035121305845677853 -0.031285155564546585 0.07287424802780151 -0.0037861987948417664 0.9973339438438416 3.0889995098114014
6.116541 0.997287392616272 -0.006230611819773912 -0.07334089279174805 -0.1891714334487915 0.006424054969102144 0.999976396560669 0.002401992678642273 -0.03211068734526634 0.07332421839237213 -0.0028666227590292692 0.9973040223121643 3.1455447673797607
6.220278 0.9972158670425415 -0.0075129177421331406 -0.07418841868638992 -0.19329753518104553 0.007777027320116758 0.9999643564224243 0.0032717552967369556 -0.032537952065467834 0.07416118681430817 -0.0038396110758185387 0.9972388744354248 3.1993494033813477
6.323895 0.9971010684967041 -0.011213677935302258 -0.07525654882192612 -0.19713009893894196 0.011776403523981571 0.9999058842658997 0.007037833333015442 -0.032353878021240234 0.07517053931951523 -0.007903682999312878 0.9971393942832947 3.254889726638794
6.427659 0.9970426559448242 -0.011257316917181015 -0.07602065801620483 -0.20128561556339264 0.012240567244589329 0.9998471140861511 0.012480426579713821 -0.03336199373006821 0.07586853951215744 -0.013374051079154015 0.9970280528068542 3.309924364089966
6.531383 0.9970386028289795 -0.00969302374869585 -0.0762903168797493 -0.20617768168449402 0.01082562655210495 0.9998370409011841 0.014446424320340157 -0.033520378172397614 0.07613785564899445 -0.015229529701173306 0.9969809651374817 3.365234375
6.634992 0.996900200843811 -0.008840750902891159 -0.07817834615707397 -0.20977997779846191 0.009738010354340076 0.9998908638954163 0.011103292927145958 -0.033914439380168915 0.07807166129350662 -0.011830173432826996 0.9968774914741516 3.4192323684692383
6.738741 0.9968620538711548 -0.006974085234105587 -0.07885152101516724 -0.21488133072853088 0.007238341495394707 0.9999690651893616 0.0030659614130854607 -0.03408554568886757 0.07882770895957947 -0.0036270935088396072 0.9968816041946411 3.472930669784546
6.84235 0.996758759021759 -0.004998594988137484 -0.08029364049434662 -0.2186148464679718 0.004838427063077688 0.9999858140945435 -0.00218926090747118 -0.03442636877298355 0.08030346035957336 0.00179367046803236 0.9967688322067261 3.5269389152526855
6.945963 0.9966850876808167 -0.0006615195306949317 -0.08135200291872025 -0.2234439253807068 0.0005894920323044062 0.9999994039535522 -0.0009093938278965652 -0.035339437425136566 0.08135252445936203 0.0008584229508414865 0.9966849684715271 3.5779786109924316
7.049705 0.9966188669204712 0.0014119790866971016 -0.08215013891458511 -0.228074848651886 -0.0012621646746993065 0.9999973773956299 0.0018755665514618158 -0.03665770962834358 0.08215256035327911 -0.0017655381234362721 0.9966180920600891 3.6309759616851807
7.153323 0.996509850025177 0.004276083316653967 -0.08336429297924042 -0.2327510416507721 -0.004033710807561874 0.9999871253967285 0.0030756026972085238 -0.037119701504707336 0.08337636291980743 -0.0027286012191325426 0.9965143799781799 3.6816658973693848
7.256934 0.9964344501495361 0.005250675603747368 -0.08420585840940475 -0.2373829483985901 -0.005024935584515333 0.9999831914901733 0.002892537508159876 -0.03790070861577988 0.08421962708234787 -0.0024590950924903154 0.9964441657066345 3.7321295738220215
7.360549 0.9962649345397949 0.006714303512126207 -0.08608704805374146 -0.2417736053466797 -0.006430601701140404 0.9999728798866272 0.0035724060144275427 -0.03817117214202881 0.08610870689153671 -0.0030054710805416107 0.9962813258171082 3.7820284366607666
7.464167 0.9961516261100769 0.007770015858113766 -0.08730153739452362 -0.2463829517364502 -0.007403114344924688 0.9999622702598572 0.00452568382024765 -0.03917253017425537 0.08733342587947845 -0.0038619637489318848 0.9961717128753662 3.8311831951141357
7.567786 0.996012806892395 0.007779562380164862 -0.08886993676424026 -0.25073593854904175 -0.007381041068583727 0.999961256980896 0.004812074359506369 -0.039832793176174164 0.08890392631292343 -0.004136934876441956 0.996031641960144 3.879939079284668
7.671396 0.9958916902542114 0.0071796546690166 -0.09026741981506348 -0.2551412582397461 -0.006666974164545536 0.9999599456787109 0.005979808047413826 -0.04036024585366249 0.09030672907829285 -0.005353430286049843 0.9958996176719666 3.927232265472412
7.775144 0.9957547783851624 0.010149058885872364 -0.09148425608873367 -0.25986742973327637 -0.009414119645953178 0.9999199509620667 0.008461462333798409 -0.04057088866829872 0.09156279265880585 -0.007564297877252102 0.9957705140113831 3.9745090007781982
7.878754 0.995607316493988 0.011368664912879467 -0.09293390810489655 -0.2639968991279602 -0.010228065773844719 0.9998664855957031 0.012740314938127995 -0.041130613535642624 0.09306633472442627 -0.011733818799257278 0.9955907464027405 4.0197014808654785
7.982493 0.995410680770874 0.014586192555725574 -0.0945766270160675 -0.2690739631652832 -0.013300834223628044 0.999810516834259 0.014206870459020138 -0.04124436154961586 0.09476594626903534 -0.012883721850812435 0.9954161643981934 4.065657615661621
8.086111 0.9952619075775146 0.017542975023388863 -0.09563475102186203 -0.2735779881477356 -0.016621263697743416 0.9998074173927307 0.010425983928143978 -0.04183115065097809 0.09579923003911972 -0.008787012659013271 0.9953618049621582 4.1082258224487305
8.189849 0.9951282739639282 0.017234602943062782 -0.09707105159759521 -0.27781349420547485 -0.01701371930539608 0.999850332736969 0.0031027933582663536 -0.042338598519563675 0.09711001813411713 -0.0014361352659761906 0.9952725172042847 4.150736331939697
8.29347 0.9950027465820312 0.01657835580408573 -0.09846188873052597 -0.28218674659729004 -0.01693781092762947 0.9998525381088257 -0.0028158901259303093 -0.04272185266017914 0.09840067476034164 0.004469549283385277 0.9951367974281311 4.192666053771973
8.397102 0.9949284195899963 0.017110900953412056 -0.09911948442459106 -0.2863928973674774 -0.017588937655091286 0.9998374581336975 -0.003950910177081823 -0.04322146251797676 0.09903577715158463 0.005674279294908047 0.9950675964355469 4.233084678649902
8.500847 0.994844377040863 0.019764678552746773 -0.09946844726800919 -0.291435182094574 -0.019938241690397263 0.999800980091095 -0.0007510269060730934 -0.04347143694758415 0.0994337946176529 0.002730380743741989 0.9950403571128845 4.272331714630127
8.604438 0.9946616888046265 0.020015835762023926 -0.101229228079319 -0.29497456550598145 -0.01996426470577717 0.9997995495796204 0.0015226472169160843 -0.0443992055952549 0.101239413022995 0.0005064480938017368 0.994861900806427 4.31123161315918
8.708175 0.9946574568748474 0.016927596181631088 -0.10183274745941162 -0.2992386221885681 -0.01714939996600151 0.9998520016670227 -0.0013029241235926747 -0.04564667493104935 0.10179562121629715 0.0030423332937061787 0.9948006272315979 4.347600936889648
8.811795 0.9947412610054016 0.009004434570670128 -0.10202278941869736 -0.3020327687263489 -0.009732823818922043 0.9999305009841919 -0.006643915548920631 -0.04615630954504013 0.10195587575435638 0.00760194705799222 0.9947598576545715 4.383407115936279
8.915403 0.9948720932006836 0.0048225331120193005 -0.10102657973766327 -0.3052789568901062 -0.005982630420476198 0.9999195337295532 -0.011183241382241249 -0.04709348455071449 0.10096452385187149 0.011730296537280083 0.9948208332061768 4.418388366699219
9.019162 0.995218813419342 0.007615759503096342 -0.09737221151590347 -0.3092275559902191 -0.008736575953662395 0.9999002814292908 -0.01108944695442915 -0.04815812036395073 0.09727805852890015 0.011887124739587307 0.9951862096786499 4.452428340911865
9.12289 0.9955087304115295 0.01237794291228056 -0.09385659545660019 -0.3122965693473816 -0.013261489570140839 0.9998733997344971 -0.008795899339020252 -0.048446618020534515 0.09373583644628525 0.010001073591411114 0.995546817779541 4.485901355743408
9.226512 0.9959951639175415 0.010928863659501076 -0.08873644471168518 -0.31547221541404724 -0.01146414503455162 0.9999189972877502 -0.005524816922843456 -0.04934621602296829 0.08866888284683228 0.006519977934658527 0.9960398077964783 4.518462181091309
9.330247 0.9965450167655945 0.007233967538923025 -0.08273815363645554 -0.31781744956970215 -0.0073903403244912624 0.9999713897705078 -0.001583864912390709 -0.04994484782218933 0.08272432535886765 0.002189855556935072 0.9965700507164001 4.550113201141357
9.433986 0.9971492290496826 0.002584691159427166 -0.0754091814160347 -0.31871986389160156 -0.0024856242816895247 0.9999958872795105 0.0014075436629354954 -0.05013580992817879 0.07541251182556152 -0.0012160923797637224 0.9971516728401184 4.581480026245117
9.537749 0.9979273676872253 0.006202715449035168 -0.06404907256364822 -0.32131850719451904 -0.006147944834083319 0.9999805688858032 0.001052189152687788 -0.050564881414175034 0.06405434757471085 -0.0006562382914125919 0.9979462027549744 4.6118669509887695
9.641587 0.9987180829048157 0.011430185288190842 -0.04931070655584335 -0.3223879635334015 -0.011410529725253582 0.9999346733093262 0.0006801051204092801 -0.05117335915565491 0.04931527376174927 -0.00011657175491563976 0.9987832307815552 4.641098976135254
9.745342 0.9993741512298584 0.01650242693722248 -0.03128918260335922 -0.32311344146728516 -0.016457457095384598 0.9998631477355957 0.001694318139925599 -0.05188203603029251 0.031312864273786545 -0.001178317004814744 0.9995088577270508 4.669459342956543
9.849229 0.9998461008071899 0.014893068000674248 -0.009275268763303757 -0.32233211398124695 -0.014873501844704151 0.9998870491981506 0.0021752784959971905 -0.05221734941005707 0.009306617081165314 -0.0020369873382151127 0.9999545812606812 4.697966575622559
9.953059 0.9997836947441101 0.011359978467226028 0.017423290759325027 -0.3208310306072235 -0.01141479890793562 0.999930202960968 0.0030501247383654118 -0.052661698311567307 -0.017387427389621735 -0.003248348366469145 0.9998435378074646 4.725348949432373
10.05693 0.9988781213760376 0.010166671127080917 0.04625103250145912 -0.317993700504303 -0.010389360599219799 0.9999355673789978 0.0045768944546580315 -0.05306584760546684 -0.046201519668102264 -0.005052278283983469 0.9989193081855774 4.751181602478027
10.16083 0.9967688918113708 0.009620261378586292 0.07974546402692795 -0.31508007645606995 -0.010102704167366028 0.9999330043792725 0.005648484453558922 -0.05331671983003616 -0.07968579232692719 -0.006435878574848175 0.9967992305755615 4.777696132659912
10.26466 0.9929808378219604 0.009673471562564373 0.11787955462932587 -0.311018705368042 -0.010449104011058807 0.9999276399612427 0.005963610485196114 -0.053483109921216965 -0.11781331151723862 -0.007153486367315054 0.9930099248886108 4.8037238121032715
10.36867 0.987257182598114 0.009800336323678493 0.15883083641529083 -0.3054938316345215 -0.011013548821210861 0.9999164938926697 0.00675994111225009 -0.05442705377936363 -0.15875135362148285 -0.00842309184372425 0.9872825741767883 4.827642917633057
10.47264 0.9789328575134277 0.009945327416062355 0.20394036173820496 -0.2990119457244873 -0.011438244953751564 0.9999157190322876 0.006142891943454742 -0.05438566580414772 -0.20386208593845367 -0.008346199057996273 0.9789639711380005 4.851593017578125
10.57663 0.9672836661338806 0.012628927826881409 0.25338292121887207 -0.29130351543426514 -0.014057914726436138 0.9998937845230103 0.003829789813607931 -0.054611705243587494 -0.25330767035484314 -0.00726652704179287 0.9673584699630737 4.876251220703125
10.68062 0.9520325064659119 0.012797226198017597 0.30572912096977234 -0.2821786403656006 -0.014153891243040562 0.9998972415924072 0.0022210890892893076 -0.05618461221456528 -0.30566930770874023 -0.006441805511713028 0.9521158933639526 4.897563934326172
10.78461 0.9323679208755493 0.012777386233210564 0.3612848222255707 -0.2716524600982666 -0.01386724691838026 0.9999037384986877 0.0004241005517542362 -0.05688583105802536 -0.36124464869499207 -0.005405443254858255 0.93245530128479 4.918868541717529
10.88875 0.908025860786438 0.014149729162454605 0.4186750054359436 -0.2602454423904419 -0.01447085291147232 0.9998924136161804 -0.002408307511359453 -0.056515973061323166 -0.41866397857666016 -0.0038717782590538263 0.9081329703330994 4.939533233642578
10.99272 0.8787620663642883 0.015023197047412395 0.47702354192733765 -0.2475132942199707 -0.01440188568085432 0.9998840093612671 -0.004959133453667164 -0.05659140646457672 -0.47704267501831055 -0.0025121401995420456 0.8788764476776123 4.959434509277344
11.09659 0.8457065224647522 0.013177361339330673 0.5334853529930115 -0.23316502571105957 -0.0110502103343606 0.9999131560325623 -0.0071810404770076275 -0.05698753893375397 -0.5335336923599243 0.0001779271988198161 0.8457786440849304 4.977031230926514
11.20057 0.8087342381477356 0.012573054060339928 0.5880396962165833 -0.21776580810546875 -0.009586513042449951 0.9999204874038696 -0.008195213973522186 -0.05760233476758003 -0.5880959630012512 0.0009904997423291206 0.8087905049324036 4.994553565979004
11.30431 0.7686217427253723 0.01088881865143776 0.6396105885505676 -0.20144200325012207 -0.008254903368651867 0.9999406933784485 -0.00710318423807621 -0.05835786834359169 -0.6396501064300537 0.00017973862122744322 0.7686660885810852 5.010837554931641
11.40818 0.7275140285491943 0.010694114491343498 0.6860093474388123 -0.18369078636169434 -0.008950892835855484 0.9999412894248962 -0.006095524411648512 -0.05834830179810524 -0.6860343217849731 -0.0017058171797543764 0.7275670766830444 5.024184226989746
11.51192 0.6825839281082153 0.010136940516531467 0.7307369112968445 -0.1651318073272705 -0.008971775881946087 0.9999446272850037 -0.005490880459547043 -0.058910369873046875 -0.7307521104812622 -0.002808022079989314 0.6826372146606445 5.038057327270508
11.61553 0.6360689401626587 0.008613528683781624 0.7715840935707092 -0.14607810974121094 -0.004866574425250292 0.999962568283081 -0.007151167839765549 -0.05924426019191742 -0.7716168165206909 0.0007936648325994611 0.63608717918396 5.050605297088623
11.71927 0.5898536443710327 0.005915570538491011 0.8074884414672852 -0.1267380714416504 0.0008387640118598938 0.9999682307243347 -0.007938353344798088 -0.059783682227134705 -0.80750972032547 0.00535975955426693 0.5898298621177673 5.060582160949707
11.82277 0.5447205901145935 0.008405590429902077 0.8385754227638245 -0.10602116584777832 -0.001261712284758687 0.9999569058418274 -0.009203639812767506 -0.06035921350121498 -0.838616669178009 0.003955370746552944 0.5447076559066772 5.070137023925781
11.92638 0.49590522050857544 0.01073388010263443 0.868310272693634 -0.08672571182250977 -0.004771638661623001 0.9999421238899231 -0.009635934606194496 -0.061145611107349396 -0.8683634996414185 0.0006352455820888281 0.4959278106689453 5.0805182456970215
12.03 0.4508351981639862 0.012845632620155811 0.892514705657959 -0.06542420387268066 -0.005254070274531841 0.9999172687530518 -0.011737452819943428 -0.06165401637554169 -0.8925917148590088 0.0006023218156769872 0.45086541771888733 5.089076519012451
12.13361 0.40802469849586487 0.010272173210978508 0.9129130244255066 -0.04494190216064453 0.002020720625296235 0.9999241232872009 -0.012154383584856987 -0.06218615174293518 -0.9129687547683716 0.006804030388593674 0.40797287225723267 5.0958757400512695
12.2371 0.36952540278434753 0.002660119906067848 0.929216742515564 -0.022417426109313965 0.017752740532159805 0.9997931718826294 -0.009921967051923275 -0.062328409403562546 -0.9290510416030884 0.020162561908364296 0.369401752948761 5.100864887237549
12.3406 0.33338916301727295 -0.0008687775116413832 0.9427888989448547 -0.000583648681640625 0.021517310291528702 0.9997460842132568 -0.006687689572572708 -0.06271186470985413 -0.9425438046455383 0.022515885531902313 0.3333231806755066 5.10703182220459
12.44411 0.2997385859489441 0.0031182514503598213 0.9540162086486816 0.021473288536071777 0.018457060679793358 0.9997885227203369 -0.009066811762750149 -0.06332091987133026 -0.95384281873703 0.02032601088285446 0.2996176481246948 5.113097190856934
12.54767 0.2691398561000824 0.010971924290060997 0.9630385041236877 0.04457247257232666 0.00798585545271635 0.9998753070831299 -0.01362341083586216 -0.06401327252388 -0.9630680084228516 0.011357287876307964 0.26901867985725403 5.119340896606445
12.65107 0.24059902131557465 0.015303048305213451 0.9705039858818054 0.06775140762329102 0.003647795645520091 0.9998543858528137 -0.01667018048465252 -0.06496046483516693 -0.9706177115440369 0.0075510297901928425 0.24050812423229218 5.124705791473389
12.75469 0.2153535932302475 0.01683933287858963 0.9763909578323364 0.09177350997924805 0.004210169892758131 0.9998259544372559 -0.01817210577428341 -0.06610012799501419 -0.9765270352363586 0.008024198934435844 0.21524518728256226 5.128566741943359
12.85806 0.1919984519481659 0.018551267683506012 0.9812198877334595 0.11668002605438232 0.012296640314161777 0.9996973872184753 -0.021306738257408142 -0.06639818102121353 -0.9813181757926941 0.016156567260622978 0.19171221554279327 5.131766319274902
12.96167 0.17163534462451935 0.02437281794846058 0.9848589897155762 0.141710102558136 0.018722372129559517 0.9994326829910278 -0.027996307238936424 -0.06687365472316742 -0.9849826693534851 0.02324405126273632 0.17108161747455597 5.134530067443848
13.0652 0.15225189924240112 0.03129521384835243 0.9878460764884949 0.16772282123565674 0.020616911351680756 0.9991804361343384 -0.034831877797842026 -0.06683352589607239 -0.9881266355514526 0.025669554248452187 0.15148191154003143 5.137344837188721
13.16877 0.13436469435691833 0.03219902515411377 0.9904085993766785 0.19499194622039795 0.017946435138583183 0.999228835105896 -0.034920502454042435 -0.06764303147792816 -0.9907693862915039 0.0224663857370615 0.1336832344532013 5.140941619873047
13.27235 0.11903560161590576 0.027790844440460205 0.9925009608268738 0.2232150435447693 0.017007239162921906 0.9994044303894043 -0.030023910105228424 -0.06888870149850845 -0.9927442073822021 0.020453613251447678 0.11849208176136017 5.143851280212402
13.37588 0.10428722202777863 0.024387938901782036 0.9942483305931091 0.2523418068885803 0.016800925135612488 0.9995133876800537 -0.026279352605342865 -0.0702674388885498 -0.9944052696228027 0.019444888457655907 0.10382676124572754 5.14662504196167
13.4795 0.09009113162755966 0.02179379016160965 0.9956950545310974 0.2823088765144348 0.019161082804203033 0.9995375275611877 -0.023611601442098618 -0.0712970718741417 -0.9957491755485535 0.02120579220354557 0.08963187783956528 5.149205207824707
13.58311 0.07972094416618347 0.0210186168551445 0.996595561504364 0.31286245584487915 0.023399852216243744 0.9994626641273499 -0.022950919345021248 -0.0722401812672615 -0.9965424537658691 0.025149855762720108 0.07918629795312881 5.150252819061279
13.68672 0.06962607055902481 0.022719457745552063 0.9973143935203552 0.3445502817630768 0.026513097807765007 0.9993453025817871 -0.024616703391075134 -0.07249338179826736 -0.9972207546234131 0.02815585397183895 0.06897813826799393 5.1519012451171875
13.79034 0.061716072261333466 0.02249576523900032 0.997840166091919 0.37751632928848267 0.02866741083562374 0.9992935657501221 -0.024301597848534584 -0.0737796276807785 -0.9976819157600403 0.03010529652237892 0.06102757528424263 5.153594970703125
13.89395 0.05581449717283249 0.022880109027028084 0.9981789588928223 0.4115977883338928 0.03038186766207218 0.9992355108261108 -0.02460317313671112 -0.07469530403614044 -0.9979787468910217 0.031699758023023605 0.055076684802770615 5.155501842498779
13.99767 0.05058285593986511 0.023666422814130783 0.998439371585846 0.44588878750801086 0.030422544106841087 0.9992187023162842 -0.025226159021258354 -0.07603397220373154 -0.9982563853263855 0.031651079654693604 0.0498233437538147 5.156668663024902
14.1013 0.044211067259311676 0.02431626431643963 0.9987263083457947 0.4829193353652954 0.02979016862809658 0.9992270469665527 -0.025647195056080818 -0.07741449773311615 -0.9985779523849487 0.030886106193065643 0.04345250129699707 5.158799171447754
14.20492 0.04022800177335739 0.024483347311615944 0.9988905191421509 0.5193191170692444 0.0338553823530674 0.9990923404693604 -0.025851741433143616 -0.07823143899440765 -0.9986168146133423 0.03485777974128723 0.0393625870347023 5.159233093261719
14.30854 0.0375576876103878 0.02491595968604088 0.9989837408065796 0.557824969291687 0.03601125255227089 0.9990060925483704 -0.026270389556884766 -0.0791831985116005 -0.9986453652381897 0.03696131333708763 0.03662310913205147 5.160073280334473
14.41227 0.034144431352615356 0.023980585858225822 0.9991291165351868 0.5970271825790405 0.035516783595085144 0.9990515112876892 -0.02519248053431511 -0.08051563799381256 -0.9987856149673462 0.03634604066610336 0.033260323107242584 5.161813259124756
14.51589 0.03197410702705383 0.023300178349018097 0.9992169737815857 0.6376520991325378 0.037586845457553864 0.9989930987358093 -0.02449769899249077 -0.08176419883966446 -0.9987817406654358 0.03834071382880211 0.031066127121448517 5.162671089172363
14.61968 0.03126980736851692 0.023091547191143036 0.999244213104248 0.6796136498451233 0.04217032715678215 0.9988124370574951 -0.0244012251496315 -0.08295612037181854 -0.9986209273338318 0.042901478707790375 0.030258897691965103 5.163422107696533
14.72326 0.03244192153215408 0.022683007642626762 0.9992162585258484 0.721381664276123 0.04584724083542824 0.9986563324928284 -0.024158837273716927 -0.08422985672950745 -0.9984215497970581 0.04659506306052208 0.031358376145362854 5.1643805503845215
14.82686 0.034809455275535583 0.022758590057492256 0.9991347193717957 0.7661749124526978 0.04763784259557724 0.9985665082931519 -0.024405326694250107 -0.08529122918844223 -0.9982578158378601 0.048446159809827805 0.033675383776426315 5.165846347808838
14.93048 0.03802720084786415 0.023047378286719322 0.9990108013153076 0.8108605146408081 0.050022367388010025 0.998436689376831 -0.024938225746154785 -0.08646363765001297 -0.9980237483978271 0.05092121288180351 0.03681487217545509 5.168273448944092
15.0341 0.04280678927898407 0.022005923092365265 0.998840868473053 0.8563087582588196 0.050404708832502365 0.998436689376831 -0.02415718324482441 -0.08817428350448608 -0.9978110790252686 0.051380373537540436 0.041630662977695465 5.169805526733398
15.13784 0.04679158702492714 0.019983066245913506 0.9987046718597412 0.9030336737632751 0.05187695100903511 0.9984020590782166 -0.02240755967795849 -0.08995106816291809 -0.9975566267967224 0.05285823717713356 0.04568015784025192 5.17181921005249
15.24145 0.051215484738349915 0.01866869255900383 0.9985131025314331 0.9509235620498657 0.05199166387319565 0.9984195828437805 -0.021333688870072365 -0.0910440981388092 -0.997333288192749 0.053006988018751144 0.05016392469406128 5.174167633056641
15.34508 0.05471634864807129 0.0168398916721344 0.9983599185943604 0.9998428821563721 0.04884083569049835 0.9986157417297363 -0.019520996138453484 -0.09187515825033188 -0.9973067045211792 0.049828846007585526 0.053818125277757645 5.177917003631592
15.44881 0.05872279778122902 0.015203658491373062 0.9981586337089539 1.0485560894012451 0.048464566469192505 0.9986615180969238 -0.01806255243718624 -0.09351381659507751 -0.9970971345901489 0.04943600296974182 0.05790736526250839 5.181346416473389
15.55255 0.06319379806518555 0.016633793711662292 0.9978626370429993 1.0983047485351562 0.04511185735464096 0.9987915754318237 -0.019506175071001053 -0.0946444645524025 -0.9969812035560608 0.04624810814857483 0.0623670369386673 5.1837687492370605
15.65617 0.06597339361906052 0.020956745371222496 0.9976012110710144 1.1488791704177856 0.04330437630414963 0.9987773299217224 -0.023845253512263298 -0.09602959454059601 -0.9968812465667725 0.0447736531496048 0.06498520821332932 5.188348293304443
15.7599 0.06746719032526016 0.026370886713266373 0.9973728656768799 1.1992567777633667 0.037749141454696655 0.998867392539978 -0.028963936492800713 -0.09758952260017395 -0.9970071315765381 0.03960408642888069 0.06639529019594193 5.192243576049805
15.86364 0.06709212809801102 0.02964249812066555 0.997306227684021 1.2497270107269287 0.03464824706315994 0.9988864660263062 -0.03202036768198013 -0.09929852932691574 -0.9971449971199036 0.03670322895050049 0.06599035859107971 5.196298599243164
15.96739 0.06738399714231491 0.02916044369339943 0.9973008036613464 1.3001412153244019 0.032133523374795914 0.9989908337593079 -0.03138100355863571 -0.10124128311872482 -0.9972094893455505 0.034161366522312164 0.06637896597385406 5.1996989250183105
16.07102 0.06765910983085632 0.02716635912656784 0.9973385334014893 1.350733757019043 0.029946448281407356 0.9991235733032227 -0.029246538877487183 -0.10352917015552521 -0.9972590208053589 0.031845543533563614 0.0667862594127655 5.203064918518066
16.17474 0.06719503551721573 0.026198629289865494 0.9973957538604736 1.4021632671356201 0.03038477711379528 0.999137818813324 -0.028291426599025726 -0.10557311773300171 -0.9972771406173706 0.032206691801548004 0.06634104996919632 5.20709228515625
16.27845 0.06751499325037003 0.025299951434135437 0.9973973631858826 1.451729655265808 0.027836352586746216 0.9992414712905884 -0.0272310022264719 -0.10777626931667328 -0.997329831123352 0.029602408409118652 0.06675953418016434 5.211175918579102
16.38209 0.06747112423181534 0.02582157403230667 0.9973870515823364 1.5028672218322754 0.026340823620557785 0.9992704391479492 -0.027652235701680183 -0.10967077314853668 -0.9973734617233276 0.028137724846601486 0.06674174964427948 5.215076446533203
