1305031102.175304 1.0 0.0 0.0 0.0 0.0 1.0 0.0 0.0 0.0 0.0 1.0 0.0
1305031102.211214 0.9999762773513794 0.003427839372307062 -0.00597722502425313 -0.0015993269626051188 -0.003404692281037569 0.9999867081642151 0.003878422314301133 0.008043949492275715 0.005990440025925636 -0.0038579795509576797 0.9999746084213257 0.010903933085501194
1305031102.275326 0.9998505115509033 0.0027321530506014824 -0.01707427017390728 -0.0035597244277596474 -0.0022799153812229633 0.9996475577354431 0.026450064033269882 0.008542078547179699 0.017140518873929977 -0.026407182216644287 0.9995043277740479 0.035197947174310684
1305031102.311267 0.9997360706329346 0.0007636109949089587 -0.022960564121603966 -0.001436120131984353 7.567465218016878e-05 0.9993325471878052 0.03653028607368469 0.00646590068936348 0.022973133251070976 -0.036522384732961655 0.9990687370300293 0.0487881638109684
1305031102.343233 0.9996629357337952 -0.002907698741182685 -0.025798235088586807 -0.0026657055132091045 0.003939457703381777 0.9991905689239502 0.04003314673900604 0.007589548360556364 0.02566094882786274 -0.04012128710746765 0.9988652467727661 0.06012267619371414
1305031102.375329 0.9995608329772949 -0.00273604947142303 -0.029506651684641838 -0.0034485808573663235 0.0040386817418038845 0.9990155100822449 0.04417824372649193 0.008188811130821705 0.02935672737658024 -0.04427801072597504 0.9985878467559814 0.07236636430025101
1305031102.411258 0.9994500279426575 -0.0008197501301765442 -0.03315132483839989 -0.00693623349070549 0.002333342097699642 0.9989550113677979 0.04564419016242027 0.013056245632469654 0.03307926282286644 -0.0456964410841465 0.9984075427055359 0.08319064974784851
1305031102.443271 0.9990565180778503 -0.0014441108796745539 -0.04340457171201706 -0.003674489911645651 0.003820413025096059 0.9984947443008423 0.05471476539969444 0.018623612821102142 0.043260227888822556 -0.05482896789908409 0.9975581765174866 0.09423311054706573
1305031102.475318 0.9987208843231201 -0.0010515900794416666 -0.05055142939090729 0.0003216909244656563 0.004596225917339325 0.9975325465202332 0.07005443423986435 0.017494739964604378 0.0503530278801918 -0.07019716501235962 0.996261477470398 0.10726883262395859
1305031102.511219 0.9988231658935547 0.002061761450022459 -0.048455554991960526 0.0010811658576130867 0.0017658916767686605 0.9968875050544739 0.07881774753332138 0.019035490229725838 0.0484672412276268 -0.07881055772304535 0.9957107305526733 0.12048130482435226
1305031102.575286 0.9989922642707825 0.008544402197003365 -0.04406246170401573 0.0019257860258221626 -0.004335973411798477 0.9954929947853088 0.0947357714176178 0.0134291285648942 0.04467332363128662 -0.09444921463727951 0.9945270419120789 0.1453886777162552
1305031102.611233 0.9993012547492981 0.006817917339503765 -0.03675008565187454 -0.00048715295270085335 -0.0034632147289812565 0.9958825707435608 0.09058622270822525 0.01104062981903553 0.03721638023853302 -0.09039562940597534 0.9952103495597839 0.15731839835643768
1305031102.675285 0.9993340373039246 0.0024594685528427362 -0.03640822693705559 -0.005831780843436718 0.0006761215045116842 0.9963067173957825 0.08586136996746063 0.02177267335355282 0.03648493066430092 -0.08582877367734909 0.9956417083740234 0.18038776516914368
1305031102.711263 0.9993083477020264 0.00027130634407512844 -0.037186626344919205 -0.006127508357167244 0.003011305583640933 0.9960991144180298 0.08818954229354858 0.0214681439101696 0.03706548735499382 -0.08824051171541214 0.995409369468689 0.19368496537208557
1305031102.743234 0.9992694854736328 -0.0033242071513086557 -0.03807101771235466 -0.006067700684070587 0.006622529122978449 0.9962001442909241 0.08684077858924866 0.02951626107096672 0.03763767331838608 -0.08702947199344635 0.9954946041107178 0.20528751611709595
1305031102.775472 0.9993588328361511 0.00047351387911476195 -0.035802390426397324 -0.0033701304346323013 0.0027981873136013746 0.9958215951919556 0.09127692133188248 0.030341876670718193 0.03569600731134415 -0.09131855517625809 0.9951818585395813 0.2188299298286438
1305031102.811232 0.9996206760406494 0.0023315942380577326 -0.027445074170827866 -0.006351165939122438 0.0002365064574405551 0.9956473708152771 0.09319944679737091 0.03350658342242241 0.02754290960729122 -0.09317055344581604 0.9952691793441772 0.2307923585176468
1305031102.84329 0.9997094869613647 0.0032412195578217506 -0.023882683366537094 -0.0028851451352238655 -0.0009018542477861047 0.9952528476715088 0.0973191186785698 0.03409687802195549 0.02408474124968052 -0.09726932644844055 0.9949666857719421 0.24415968358516693
1305031102.875363 0.9998635649681091 0.007496761158108711 -0.014720241539180279 -0.0073882536962628365 -0.006054383236914873 0.9953922629356384 0.09569564461708069 0.036462265998125076 0.015369820408523083 -0.09559347480535507 0.9953018426895142 0.25589123368263245
1305031102.911185 0.9998710751533508 0.010128437541425228 -0.012464158236980438 -0.0074241021648049355 -0.008917348459362984 0.9955648183822632 0.09365423023700714 0.04059017822146416 0.013357450254261494 -0.09353100508451462 0.9955267906188965 0.2677866220474243
1305031102.975203 0.9997719526290894 0.01382279209792614 -0.016281286254525185 -0.022323962301015854 -0.012233475223183632 0.9955001473426819 0.09396731853485107 0.04648767411708832 0.017506908625364304 -0.09374669939279556 0.9954422116279602 0.28800100088119507
1305031103.011215 0.9994832873344421 0.008938589133322239 -0.030878040939569473 -0.02095773257315159 -0.0059602572582662106 0.9954371452331543 0.09523366391658783 0.0504147931933403 0.03158839792013168 -0.09500040858983994 0.9949759244918823 0.29956990480422974
1305031103.043227 0.9991147518157959 0.005013256799429655 -0.041769836097955704 -0.02252933382987976 -0.0009124301141127944 0.9952231049537659 0.097622811794281 0.05421712249517441 0.04205971211194992 -0.09749828279018402 0.9943466186523438 0.31062161922454834
1305031103.075319 0.9987161159515381 0.0008718019817024469 -0.0506480410695076 -0.01788354478776455 0.0041654519736766815 0.9950522780418396 0.09926533699035645 0.052872877568006516 0.050483983010053635 -0.09934887290000916 0.9937711358070374 0.3221469521522522
1305031103.11124 0.9987769722938538 -0.002175579546019435 -0.04939564689993858 -0.01874363422393799 0.006811153143644333 0.9955610036849976 0.09387269616127014 0.060601480305194855 0.04897214472293854 -0.09409432858228683 0.9943581223487854 0.3289284408092499
1305031103.143318 0.9986693859100342 -0.005279206670820713 -0.051297806203365326 -0.017317460849881172 0.010124455206096172 0.9954583644866943 0.09465812146663666 0.06458498537540436 0.05056510120630264 -0.09505154937505722 0.9941872954368591 0.337689071893692
1305031103.175452 0.998839795589447 -0.006230681668967009 -0.047750312834978104 -0.018268156796693802 0.010685816407203674 0.9955505132675171 0.0936216413974762 0.07064720243215561 0.046954523772001266 -0.09402327239513397 0.9944621920585632 0.3451230823993683
1305031103.243216 0.9986755847930908 -0.016103167086839676 -0.048866018652915955 -0.018956633284687996 0.021546123549342155 0.9933626055717468 0.11298862099647522 0.08128132671117783 0.046722203493118286 -0.1138918399810791 0.992393970489502 0.36091870069503784
1305031103.27537 0.998481810092926 -0.022711534053087234 -0.050180546939373016 -0.025363102555274963 0.029160313308238983 0.9908514022827148 0.131770059466362 0.08180509507656097 0.04672876372933388 -0.13303332030773163 0.9900093674659729 0.3659496307373047
1305031103.31121 0.9973995685577393 -0.019732210785150528 -0.06931734085083008 -0.025111565366387367 0.02986379899084568 0.9884885549545288 0.14831894636154175 0.0757737010717392 0.06559273600578308 -0.15000329911708832 0.98650723695755 0.37261971831321716
1305031103.343223 0.9964810609817505 -0.019031085073947906 -0.08163006603717804 -0.018277836963534355 0.03102934919297695 0.98844975233078 0.14833855628967285 0.07794413715600967 0.07786417007446289 -0.1503494530916214 0.9855617880821228 0.3744116723537445
1305031103.375327 0.9965214133262634 -0.02268955111503601 -0.08018922805786133 -0.016391022130846977 0.03504959121346474 0.9870927333831787 0.15626759827136993 0.07638371735811234 0.07560855895280838 -0.15853458642959595 0.9844541549682617 0.3750574290752411
1305031103.41126 0.9965720772743225 -0.025181947275996208 -0.0788034051656723 -0.01736653596162796 0.03769722208380699 0.986134946346283 0.1616072654724121 0.07180710881948471 0.07364119589328766 -0.1640239655971527 0.9837037324905396 0.3746922016143799
1305031103.44328 0.9963950514793396 -0.02405116707086563 -0.0813542976975441 -0.019579045474529266 0.03704778477549553 0.9860566854476929 0.16223371028900146 0.06922265887260437 0.07631804049015045 -0.16466283798217773 0.9833928346633911 0.37005388736724854
1305031103.475274 0.9961084723472595 -0.019110217690467834 -0.0860389769077301 -0.019519340246915817 0.03289417177438736 0.9862809181213379 0.16176533699035645 0.06600768864154816 0.08176721632480621 -0.16396600008010864 0.9830712676048279 0.3660677969455719
1305031103.511333 0.9958674311637878 -0.015039508230984211 -0.08956415951251984 -0.018085211515426636 0.02926100231707096 0.9867379069328308 0.1596623957157135 0.059644829481840134 0.08597509562969208 -0.16162332892417908 0.9831002354621887 0.3592914044857025
1305031103.543444 0.9956983923912048 -0.011097331531345844 -0.09198708087205887 -0.017490308731794357 0.025074156001210213 0.9880293607711792 0.15221494436264038 0.054657209664583206 0.08919674158096313 -0.15386666357517242 0.9840573072433472 0.3512507677078247
1305031103.575474 0.9955756664276123 -0.011877037584781647 -0.09320922940969467 -0.019319672137498856 0.025157123804092407 0.9894570112228394 0.14262539148330688 0.0528959259390831 0.09053255617618561 -0.14433924853801727 0.9853781461715698 0.3414018452167511
1305031103.611223 0.9949519038200378 -0.013986102305352688 -0.0993734821677208 -0.019925273954868317 0.02774973399937153 0.9899728894233704 0.1385057121515274 0.04797202721238136 0.09643987566232681 -0.14056408405303955 0.9853633642196655 0.33185458183288574
1305031103.643445 0.994213879108429 -0.013633950613439083 -0.10655008256435394 -0.020058149471879005 0.02780761942267418 0.9907668828964233 0.13269491493701935 0.04381647706031799 0.10375712811946869 -0.13489001989364624 0.985413134098053 0.32028183341026306
1305031103.675523 0.9932929277420044 -0.016271619126200676 -0.11447373032569885 -0.015713540837168694 0.03096909448504448 0.9913148880004883 0.1278117448091507 0.04001852869987488 0.111399807035923 -0.13049966096878052 0.9851699471473694 0.3092726469039917
1305031103.71161 0.9928731322288513 -0.016501925885677338 -0.11802874505519867 -0.012687157839536667 0.031083974987268448 0.9919451475143433 0.12279582768678665 0.03679383546113968 0.11505165696144104 -0.12558947503566742 0.985388457775116 0.29748979210853577
1305031103.743326 0.9929248690605164 -0.014732603915035725 -0.11782664060592651 -0.010418238118290901 0.028995253145694733 0.9923179745674133 0.12026721984148026 0.029069233685731888 0.11514964699745178 -0.12283274531364441 0.9857243895530701 0.28446462750434875
1305031103.775342 0.9931697249412537 -0.008812854997813702 -0.1163448691368103 -0.009729642421007156 0.022111747413873672 0.9932900667190552 0.1135159432888031 0.026989448815584183 0.11456380039453506 -0.11531318724155426 0.9867005944252014 0.2693392038345337
1305031103.811242 0.9937250018119812 -0.0012186504900455475 -0.11184495687484741 -0.011326590552926064 0.014344066381454468 0.9930725693702698 0.1166243925690651 0.023067481815814972 0.11092804372310638 -0.11749687790870667 0.9868584275245667 0.25754281878471375
1305031103.843251 0.9937446713447571 0.0034509883262217045 -0.11162343621253967 -0.01207488588988781 0.009997177869081497 0.9927604794502258 0.11969393491744995 0.025242170318961143 0.11122839897871017 -0.12006112933158875 0.9865158796310425 0.24403226375579834
1305031103.875361 0.993354320526123 0.011308989487588406 -0.11453969776630402 -0.014792709611356258 0.0046041011810302734 0.990460216999054 0.13772176206111908 0.012679750099778175 0.1150045096874237 -0.13733385503292084 0.9838259816169739 0.23266705870628357
1305031103.911221 0.992191731929779 0.014831713400781155 -0.12383754551410675 -0.01165766827762127 0.0014627808704972267 0.9914520978927612 0.1304636001586914 0.011271487921476364 0.1247139722108841 -0.12962606549263 0.9836886525154114 0.21624773740768433
1305031103.943211 0.9915463328361511 0.01683531142771244 -0.12865634262561798 -0.0106748566031456 8.416175842285156e-05 0.991463303565979 0.13038647174835205 0.004742452874779701 0.12975314259529114 -0.12929505109786987 0.9830803871154785 0.20309191942214966
1305031103.975373 0.9907344579696655 0.01855686865746975 -0.13454020023345947 -0.00643477588891983 -0.001111234538257122 0.9916959404945374 0.12859973311424255 -0.0018301960080862045 0.13580937683582306 -0.12725865840911865 0.9825279116630554 0.19002212584018707
1305031104.011232 0.9906783103942871 0.019260037690401077 -0.13485336303710938 -0.0034357402473688126 -0.0024984856136143208 0.9923569560050964 0.12337575107812881 -0.009483091533184052 0.13619889318943024 -0.12188876420259476 0.9831545352935791 0.17917069792747498
1305031104.043249 0.991371214389801 0.021905532106757164 -0.12924157083034515 -6.243586540222168e-05 -0.007680363021790981 0.9939512014389038 0.10955408215522766 -0.012875808402895927 0.1308596283197403 -0.1076161339879036 0.9855427145957947 0.1632428914308548
1305031104.075425 0.9923166036605835 0.025759996846318245 -0.12101294100284576 0.0032002385705709457 -0.013565230183303356 0.9948409795761108 0.10053551197052002 -0.012335018254816532 0.12297843396663666 -0.09812148660421371 0.9875466823577881 0.14822731912136078
1305031104.111235 0.9931079149246216 0.02873784676194191 -0.11362506449222565 0.009506791830062866 -0.01774853840470314 0.9951679706573486 0.0965699851512909 -0.018865544348955154 0.11585122346878052 -0.09388773888349533 0.9888192415237427 0.13642273843288422
1305031104.14323 0.9945546984672546 0.030433572828769684 -0.0996730625629425 0.006364006549119949 -0.021828660741448402 0.9960290193557739 0.08631143718957901 -0.02224579267203808 0.1019040197134018 -0.08366571366786957 0.9912697076797485 0.12139784544706345
1305031104.175424 0.9952546954154968 0.0311477929353714 -0.09218244254589081 0.00553628895431757 -0.02396303415298462 0.9966617822647095 0.07804620265960693 -0.02472775988280773 0.09430567920207977 -0.07546690851449966 0.9926787614822388 0.10680229216814041
1305031104.211283 0.9956544041633606 0.031185051426291466 -0.08774811774492264 0.00685691274702549 -0.02488861419260502 0.9970972537994385 0.07195679843425751 -0.031130092218518257 0.08973737061023712 -0.06946016848087311 0.9935404062271118 0.09363032132387161
1305031104.243196 0.9960371255874634 0.030387703329324722 -0.0835854709148407 0.007801434490829706 -0.02525891177356243 0.9977722764015198 0.06174745783209801 -0.03227460756897926 0.08527560532093048 -0.05939149111509323 0.9945856928825378 0.08064340800046921
1305031104.275546 0.996505856513977 0.03042113035917282 -0.07778463512659073 0.008145935833454132 -0.02635386399924755 0.9982576966285706 0.05279119685292244 -0.03447442501783371 0.07925508916378021 -0.050556816160678864 0.9955715537071228 0.0675635039806366
1305031104.311219 0.9968377947807312 0.03152986243367195 -0.07293950021266937 0.010459788143634796 -0.028291789814829826 0.9985859394073486 0.045009247958660126 -0.03549620881676674 0.07425548136234283 -0.0428033322095871 0.9963202476501465 0.05550607293844223
1305031104.343342 0.9974018931388855 0.03025774657726288 -0.06537485122680664 0.012642323039472103 -0.02768823690712452 0.9988216161727905 0.03985925763845444 -0.03756937384605408 0.0665038675069809 -0.03794558718800545 0.9970643520355225 0.04416467621922493
1305031104.375837 0.9979568123817444 0.030506113544106483 -0.056138310581445694 0.012910663150250912 -0.028621220961213112 0.9990091919898987 0.03407920151948929 -0.03641808032989502 0.057122308760881424 -0.032402828335762024 0.9978412389755249 0.032813914120197296
1305031104.411509 0.9984669089317322 0.030101511627435684 -0.046450175344944 0.00890567060559988 -0.028750181198120117 0.9991515278816223 0.029491163790225983 -0.035439323633909225 0.04729847609996796 -0.028110511600971222 0.9984852075576782 0.021773144602775574
1305031104.443288 0.9987793564796448 0.03007838875055313 -0.03918395936489105 0.001305747195146978 -0.02897043339908123 0.9991726279258728 0.028543297201395035 -0.03552665188908577 0.040010079741477966 -0.027373265475034714 0.9988242387771606 0.012095673941075802
1305031104.475456 0.9987955093383789 0.0286929439753294 -0.03980212286114693 -0.003080288413912058 -0.02754596434533596 0.9991977214813232 0.029072199016809464 -0.03660077974200249 0.0406043604016304 -0.027940783649683 0.998784601688385 0.0019424492493271828
1305031104.511329 0.9986146092414856 0.0255209282040596 -0.04601774364709854 -0.002161154756322503 -0.024191539734601974 0.9992803335189819 0.029217705130577087 -0.04110746458172798 0.04673029109835625 -0.028063977137207985 0.9985132217407227 -0.006201417185366154
1305031104.543368 0.9983876943588257 0.02366156503558159 -0.05159703269600868 0.0006390399066731334 -0.02251109667122364 0.9994874000549316 0.022765548899769783 -0.042888496071100235 0.0521092563867569 -0.02156732603907585 0.9984084963798523 -0.014988341368734837
1305031104.575343 0.9982795119285583 0.021719003096222878 -0.05446454882621765 0.0076736281625926495 -0.020853649824857712 0.9996479749679565 0.016406752169132233 -0.04859219491481781 0.054801713675260544 -0.015242728404700756 0.9983808994293213 -0.02318366803228855
1305031104.611336 0.9985852241516113 0.017824767157435417 -0.050098493695259094 0.01761014573276043 -0.017678558826446533 0.9998380541801453 0.003360080299898982 -0.06191442534327507 0.05015026405453682 -0.0024696574546396732 0.9987386465072632 -0.0316760428249836
1305031104.643243 0.9992145895957947 0.01825694739818573 -0.035171087831258774 0.01834995485842228 -0.019045818597078323 0.9995715618133545 -0.022226504981517792 -0.05950293689966202 0.03475022688508034 0.02287891134619713 0.9991341233253479 -0.04321726784110069
1305031104.675525 0.9996687769889832 0.014633752405643463 -0.02117089182138443 0.022300688549876213 -0.015539530664682388 0.9989424347877502 -0.04327188432216644 -0.06399083882570267 0.02051527425646782 0.04358653724193573 0.9988390207290649 -0.05144515633583069
1305031104.711277 0.9999350309371948 0.010268701240420341 -0.004952233284711838 0.021575525403022766 -0.0105973519384861 0.9973717927932739 -0.07167452573776245 -0.06416475772857666 0.0042032115161418915 0.0717223584651947 0.9974157810211182 -0.0630609318614006
1305031104.74328 0.9999198317527771 0.008700340054929256 0.009201538749039173 0.02258983999490738 -0.007759409490972757 0.9951789379119873 -0.09776733815670013 -0.06337817013263702 -0.010007785633206367 0.09768807142972946 0.9951667785644531 -0.07523437589406967
1305031104.775327 0.9997182488441467 0.005060554947704077 0.023188255727291107 0.023649809882044792 -0.002182094380259514 0.9924641251564026 -0.12251627445220947 -0.06162802502512932 -0.02363351173698902 0.12243116647005081 0.9921955466270447 -0.08276557922363281
1305031104.811465 0.9993757605552673 0.0013106761034578085 0.035309214144945145 0.026597075164318085 0.003842698410153389 0.9893527030944824 -0.1454867571592331 -0.05656730383634567 -0.035123955458402634 0.1455315798521042 0.9887300133705139 -0.090574711561203
1305031104.843258 0.9987078309059143 -0.002348636044189334 0.05076536536216736 0.02315523289144039 0.010601185262203217 0.986583411693573 -0.1629134714603424 -0.051952581852674484 -0.049701642245054245 0.16324114799499512 0.9853334426879883 -0.09642395377159119
1305031104.87535 0.9982064962387085 -0.005942545831203461 0.05956868827342987 0.018379824236035347 0.016400346532464027 0.9841377139091492 -0.17664727568626404 -0.043257202953100204 -0.05757404863834381 0.17730741202831268 0.9824699759483337 -0.10184869170188904
1305031104.911534 0.9981810450553894 -0.010314924642443657 0.05939757823944092 0.022596336901187897 0.02085929922759533 0.9834911823272705 -0.17975005507469177 -0.04315349459648132 -0.0565628856420517 0.1806621104478836 0.9819173812866211 -0.10434416681528091
1305031104.943262 0.9980762004852295 -0.01331900805234909 0.06055135279893875 0.02305435948073864 0.024176983162760735 0.9829453825950623 -0.18230167031288147 -0.03926117718219757 -0.05709059536457062 0.18341493606567383 0.9813764095306396 -0.10140397399663925
1305031104.975202 0.9981626272201538 -0.015428753569722176 0.05859413370490074 0.023286035284399986 0.025853896513581276 0.9830368161201477 -0.18157723546028137 -0.03356623649597168 -0.054798681288957596 0.18275849521160126 0.981629490852356 -0.09905733168125153
1305031105.01129 0.9982099533081055 -0.01662459783256054 0.05745086073875427 0.023854263126850128 0.026393596082925797 0.9844412803649902 -0.17372068762779236 -0.028917580842971802 -0.05366896092891693 0.17492607235908508 0.9831176996231079 -0.09283129125833511
1305031105.043373 0.9983185529708862 -0.013734749518334866 0.05631473287940025 0.0226136427372694 0.022768065333366394 0.9863540530204773 -0.16305595636367798 -0.026312533766031265 -0.053306736052036285 0.164063960313797 0.9850082993507385 -0.08578335493803024
1305031105.07532 0.9985039830207825 -0.011537546291947365 0.05344725772738457 0.023585226386785507 0.019387785345315933 0.988680362701416 -0.14877910912036896 -0.026071391999721527 -0.05112571269273758 0.14959277212619781 0.9874250888824463 -0.07625687122344971
1305031105.111299 0.9985650777816772 -0.0073888543993234634 0.05304024741053581 0.018876055255532265 0.01454311702400446 0.9906301498413086 -0.1357954740524292 -0.029064524918794632 -0.05153990164399147 0.13637197017669678 0.9893161058425903 -0.06444992125034332
1305031105.143106 0.99874347448349 -0.0033671993296593428 0.05000177025794983 0.011520685628056526 0.00981916394084692 0.9915493726730347 -0.12935711443424225 -0.015389613807201385 -0.04914364963769913 0.12968552112579346 0.9903365969657898 -0.05092930421233177
1305031105.175159 0.9990994930267334 0.0019012860720977187 0.0423848032951355 0.010467303916811943 0.0025498392060399055 0.9944988489151001 -0.10471608489751816 -0.010960198938846588 -0.042350735515356064 0.10472983121871948 0.9935985803604126 -0.03841571882367134
1305031105.211268 0.9993109703063965 0.006162042263895273 0.036600980907678604 0.0041983830742537975 -0.0033156676217913628 0.9970003962516785 -0.07732513546943665 -0.017678353935480118 -0.036967676132917404 0.07715047895908356 0.9963339567184448 -0.02447187528014183
1305031105.24327 0.9995757341384888 0.00977407954633236 0.027437059208750725 -0.0010595881612971425 -0.008064699359238148 0.9980599284172058 -0.06173546612262726 -0.015121490694582462 -0.027987228706479073 0.061487987637519836 0.9977153539657593 -0.012545652687549591
1305031105.275288 0.9998276233673096 0.010570780374109745 0.01526648923754692 -0.004325524903833866 -0.009918524883687496 0.9990604519844055 -0.04218621551990509 -0.011312238872051239 -0.015698086470365524 0.04202747344970703 0.9989932179450989 0.0025764477904886007
1305031105.31129 0.9999209046363831 0.012439046986401081 0.0018774718046188354 -0.008573673665523529 -0.012398391962051392 0.9997169971466064 -0.020301051437854767 -0.014041274785995483 -0.0021294690668582916 0.020276159048080444 0.9997920989990234 0.016179315745830536
1305031105.343302 0.999850869178772 0.014937084168195724 -0.00866724830120802 -0.01264798641204834 -0.014965353533625603 0.9998828768730164 -0.0032059934455901384 -0.01636606827378273 0.008618345484137535 0.0033352237660437822 0.9999573230743408 0.030670957639813423
1305031105.375338 0.9997248649597168 0.014741988852620125 -0.018245330080389977 -0.014379319734871387 -0.01465697679668665 0.9998811483383179 0.004784399643540382 -0.017456676810979843 0.01831369288265705 -0.004515661858022213 0.9998220801353455 0.04501768946647644
1305031105.411286 0.9994690418243408 0.01613505184650421 -0.028310881927609444 -0.01487727090716362 -0.01578054204583168 0.9997947812080383 0.012701207771897316 -0.00955736543983221 0.028510011732578278 -0.012247690930962563 0.9995184540748596 0.05849364027380943
1305031105.443316 0.9990803599357605 0.016594141721725464 -0.03953465819358826 -0.012155161239206791 -0.015399887226521969 0.9994215369224548 0.03032318688929081 -0.014871177263557911 0.040014974772930145 -0.029686473309993744 0.9987580180168152 0.07565809786319733
1305031105.47528 0.998801589012146 0.016566477715969086 -0.0460524782538414 -0.013013627380132675 -0.014873282983899117 0.9992094039916992 0.03686929866671562 -0.013502875342965126 0.04662686586380005 -0.036140166223049164 0.9982584118843079 0.08847568929195404
1305031105.511332 0.9984590411186218 0.015608926303684711 -0.053254082798957825 -0.010566508397459984 -0.013210679404437542 0.9988954663276672 0.0450926274061203 -0.0105662252753973 0.05389911308884621 -0.04431961476802826 0.9975624084472656 0.10222957283258438
1305031105.543282 0.9984266757965088 0.01462947390973568 -0.05413147434592247 -0.011883297935128212 -0.011685932986438274 0.9984562397003174 0.05430007353425026 -0.012344621121883392 0.05484228953719139 -0.053582075983285904 0.9970563054084778 0.11689522862434387
1305031105.575449 0.9983059167861938 0.014303467236459255 -0.0563996359705925 -0.013132154941558838 -0.010926933959126472 0.9981548190116882 0.05972826108336449 -0.010336760431528091 0.057149894535541534 -0.059010788798332214 0.9966201186180115 0.13060477375984192
1305031105.611378 0.9981721043586731 0.01367561612278223 -0.058868467807769775 -0.0122897420078516 -0.009648473002016544 0.997627854347229 0.06815772503614426 -0.013924745842814445 0.05966092273592949 -0.0674651488661766 0.9959362745285034 0.14587901532649994
1305031105.643273 0.9982158541679382 0.007579023949801922 -0.05922549217939377 -0.013687621802091599 -0.0035712127573788166 0.9977139830589294 0.06748537719249725 -0.010629785247147083 0.059601567685604095 -0.06715347617864609 0.9959608316421509 0.1601608246564865
1305031105.711309 0.9981349110603333 0.006114608608186245 -0.060740336775779724 -0.006726124789565802 -0.0017967467429116368 0.9974825978279114 0.07088899612426758 -0.010237040929496288 0.06102088466286659 -0.07064762711524963 0.9956332445144653 0.18936608731746674
1305031105.743312 0.9986046552658081 0.004998512100428343 -0.05257239192724228 -0.007106493692845106 -0.0016215980285778642 0.9979432821273804 0.06408113986253738 -0.0025661401450634003 0.052784569561481476 -0.06390644609928131 0.9965590834617615 0.20153406262397766
1305031105.775339 0.9989070892333984 0.004356100223958492 -0.046535905450582504 -0.002709725871682167 -0.0011561729479581118 0.9976456165313721 0.0685693621635437 -0.0053796954452991486 0.04672503098845482 -0.06844058632850647 0.9965604543685913 0.21739603579044342
1305031105.811283 0.9993796944618225 0.0028945649974048138 -0.035098928958177567 -0.0046387892216444016 -0.0006364802829921246 0.997938334941864 0.06417617201805115 -0.0018830830231308937 0.03521232306957245 -0.06411399692296982 0.9973212480545044 0.2316783368587494
1305031105.843271 0.999605119228363 0.001151248812675476 -0.028076188638806343 -0.0033954111859202385 0.0005700467154383659 0.9981238842010498 0.06122313812375069 0.00040102656930685043 0.02809399552643299 -0.06121494621038437 0.9977292418479919 0.24603034555912018
1305031105.875337 0.9998028874397278 -0.004459848161786795 -0.019349591806530952 -0.0013512102887034416 0.005549084860831499 0.9983810186386108 0.0566091351211071 0.008527379482984543 0.01906578615307808 -0.056705351918935776 0.9982090592384338 0.2572820484638214
1305031105.911262 0.9998375773429871 -0.013902321457862854 -0.011465432122349739 -0.0013124109245836735 0.014581541530787945 0.9980034232139587 0.061455704271793365 0.012469256296753883 0.010588149540126324 -0.06161290407180786 0.9980440735816956 0.27197709679603577
1305031105.943272 0.9998143911361694 -0.018673468381166458 -0.004749723710119724 -0.001355644199065864 0.018947705626487732 0.997614860534668 0.06637423485517502 0.01702604815363884 0.003498951904475689 -0.06645192205905914 0.9977835416793823 0.28441816568374634
1305031105.975329 0.9997503757476807 -0.022310830652713776 -0.0012735296040773392 -0.0011439993977546692 0.02234385907649994 0.9970014691352844 0.07408646494150162 0.022162826731801033 -0.0003832262009382248 -0.0740964263677597 0.9972510933876038 0.2975752651691437
1305031106.011285 0.9996711611747742 -0.025499001145362854 0.002756064757704735 -0.0006251856684684753 0.025186635553836823 0.9963029026985168 0.08213551342487335 0.02629079855978489 -0.004840254783630371 -0.08203907310962677 0.9966174364089966 0.3095928132534027
1305031106.043355 0.9995876550674438 -0.028019674122333527 0.006281133741140366 -0.0009825294837355614 0.027329452335834503 0.9954433441162109 0.09135507047176361 0.029708469286561012 -0.008812256157398224 -0.09114574640989304 0.9957985281944275 0.32168740034103394
1305031106.07533 0.9994681477546692 -0.03162344917654991 0.007977863773703575 -0.002191952196881175 0.030679933726787567 0.9946170449256897 0.09897387772798538 0.033791206777095795 -0.011064819991588593 -0.09867647290229797 0.9950580596923828 0.3334813714027405
1305031106.111327 0.999379575252533 -0.034153688699007034 0.00859841052442789 -0.004554863087832928 0.03308982029557228 0.9941453337669373 0.10285992920398712 0.044075462967157364 -0.01206111442297697 -0.10251159965991974 0.9946586489677429 0.3433815836906433
1305031106.143355 0.9992769360542297 -0.03733856976032257 0.007164183538407087 -0.00762264896184206 0.03623830899596214 0.9923980236053467 0.11761398613452911 0.04524634778499603 -0.011501259170472622 -0.11726932972669601 0.9930335283279419 0.3544357419013977
1305031106.175534 0.9992398023605347 -0.038816601037979126 0.0036185644567012787 -0.008396218530833721 0.03805817291140556 0.9913931488990784 0.12526419758796692 0.04759199172258377 -0.00844974908977747 -0.1250312477350235 0.9921168684959412 0.364423930644989
1305031106.211275 0.9992083311080933 -0.03977333754301071 0.0007940726354718208 -0.009563806466758251 0.03930971398949623 0.9902318120002747 0.1337752342224121 0.04661918804049492 -0.00610700435936451 -0.13363811373710632 0.9910113215446472 0.37428051233291626
1305031106.243267 0.9988945126533508 -0.047003667801618576 -0.0005399081856012344 -0.012086610309779644 0.04666105657815933 0.9900923371315002 0.13243909180164337 0.05036741495132446 -0.005690564401447773 -0.13231787085533142 0.9911909103393555 0.38168781995773315
1305031106.276385 0.9987697005271912 -0.049305181950330734 -0.005291490815579891 -0.012001139111816883 0.049570970237255096 0.9898971915245056 0.13283973932266235 0.05624620243906975 -0.001311655156314373 -0.13293859362602234 0.991123378276825 0.3879288136959076
1305031106.311238 0.9983944892883301 -0.05583309754729271 -0.009542440064251423 -0.011512555181980133 0.05661791190505028 0.9886760711669922 0.1389748454093933 0.06027062237262726 0.0016749855130910873 -0.13929200172424316 0.9902498722076416 0.3935495615005493
1305031106.343258 0.9983407258987427 -0.05610791966319084 -0.012951357290148735 -0.011655334383249283 0.057395633310079575 0.9877347350120544 0.14520928263664246 0.06777045875787735 0.004645116161555052 -0.14571170508861542 0.9893161654472351 0.3956387937068939
1305031106.375388 0.9990314841270447 -0.04127815365791321 -0.0152392303571105 -0.0078048501163721085 0.04321333020925522 0.9856702089309692 0.1630551815032959 0.06862594187259674 0.008290236815810204 -0.1635558158159256 0.9864992499351501 0.3983159363269806
1305031106.41132 0.999487042427063 -0.031383682042360306 -0.0063817063346505165 -0.005202170927077532 0.03202094882726669 0.9828118681907654 0.1818116158246994 0.06043720245361328 0.0005661002360284328 -0.18192273378372192 0.9833125472068787 0.3997107148170471
1305031106.443278 0.9997272491455078 -0.021784242242574692 0.008430585265159607 -0.012177504599094391 0.01985599845647812 0.9826338291168213 0.184489905834198 0.0570603609085083 -0.012303147464990616 -0.1842721700668335 0.9827982187271118 0.39895936846733093
1305031106.475345 0.9997808337211609 -0.018992146477103233 0.008808220736682415 -0.0148810725659132 0.017040710896253586 0.9826666116714478 0.18459677696228027 0.05503227561712265 -0.012161432765424252 -0.18440619111061096 0.9827748537063599 0.39532679319381714
1305031106.511129 0.9998334646224976 -0.017951633781194687 0.003305187914520502 -0.01654699258506298 0.017052100971341133 0.983196496963501 0.18175213038921356 0.05104248598217964 -0.00651239650323987 -0.18166546523571014 0.9833387732505798 0.38947802782058716
1305031106.543302 0.999849259853363 -0.016007862985134125 -0.006712885573506355 -0.014229832217097282 0.016935113817453384 0.9844549894332886 0.1748187243938446 0.04881773144006729 0.003810059279203415 -0.17490604519844055 0.9845776557922363 0.3806481659412384
1305031106.575282 0.9998615384101868 -0.013212858699262142 -0.010112831369042397 -0.01419607549905777 0.014728556387126446 0.9855910539627075 0.16850315034389496 0.046546705067157745 0.007740706205368042 -0.1686287373304367 0.9856492280960083 0.3701859414577484
1305031106.611151 0.9998487234115601 -0.0067489007487893105 -0.016029179096221924 -0.014913477934896946 0.009331276640295982 0.9859222173690796 0.16694375872612 0.04576423019170761 0.014676837250590324 -0.16706807911396027 0.9858360886573792 0.35888341069221497
1305031106.643207 0.9997473955154419 -0.0018232401926070452 -0.02240416221320629 -0.01357109472155571 0.005614612251520157 0.9853670001029968 0.17035356163978577 0.03784589469432831 0.021765725687146187 -0.1704363226890564 0.9851282238960266 0.34834998846054077
1305031106.675279 0.9996903538703918 -0.0014490025350823998 -0.024844130501151085 -0.01801479607820511 0.005441054701805115 0.9868770837783813 0.1613813042640686 0.03952071815729141 0.024284258484840393 -0.16146649420261383 0.9865793585777283 0.33434605598449707
1305031106.711508 0.9993501901626587 0.0016062625218182802 -0.03601018339395523 -0.019194765016436577 0.0044102901592850685 0.9860522150993347 0.16637735068798065 0.03437356278300285 0.03577516973018646 -0.16642801463603973 0.985404372215271 0.3222532272338867
1305031106.743341 0.9988328814506531 0.0015507632633671165 -0.04827670007944107 -0.019788796082139015 0.00637124665081501 0.9865211844444275 0.16350889205932617 0.030807973816990852 0.04787955805659294 -0.16362562775611877 0.9853599071502686 0.3070015609264374
1305031106.77539 0.9981266856193542 0.0021849467884749174 -0.06114181876182556 -0.017924314364790916 0.008116173557937145 0.9858008027076721 0.16772307455539703 0.02189161628484726 0.0606401152908802 -0.16790512204170227 0.9839363694190979 0.2922697961330414
1305031106.811289 0.997536838054657 0.003614450804889202 -0.07005050778388977 -0.016279131174087524 0.008073887787759304 0.9861170053482056 0.16585566103458405 0.02221856638789177 0.06967747211456299 -0.1660127341747284 0.9836589694023132 0.27657896280288696
1305031106.843416 0.9967888593673706 0.006758817937225103 -0.07978950440883636 -0.014049602672457695 0.00699593173339963 0.9852706789970398 0.1708587408065796 0.01228247582912445 0.079769067466259 -0.17086830735206604 0.9820595383644104 0.2630804181098938
1305031106.875905 0.9963976144790649 0.01401214674115181 -0.08363906294107437 -0.012605630792677402 -0.0003231298178434372 0.9868755340576172 0.16148288547992706 0.006354823708534241 0.08480405807495117 -0.1608741581439972 0.9833248257637024 0.2463955134153366
1305031106.911243 0.996519148349762 0.022425342351198196 -0.08029093593358994 -0.01346128061413765 -0.009965389966964722 0.9882773756980896 0.1523430049419403 0.006951993331313133 0.08276605606079102 -0.1510125696659088 0.9850609302520752 0.22674882411956787
1305031106.943439 0.996452271938324 0.030637921765446663 -0.07838428765535355 -0.01248953863978386 -0.01851288601756096 0.9883639812469482 0.15097691118717194 -0.00011255964636802673 0.08209782093763351 -0.14899015426635742 0.9854246973991394 0.21161940693855286
1305031106.975547 0.9966002106666565 0.03604745492339134 -0.07408469915390015 -0.011343155056238174 -0.025294968858361244 0.9896490573883057 0.14126217365264893 -0.008200477808713913 0.07840999215841293 -0.13890793919563293 0.9871962666511536 0.19521880149841309
1305031107.011576 0.9968696236610413 0.04402456060051918 -0.06567013263702393 -0.014358590357005596 -0.03565949201583862 0.9917016625404358 0.12351677566766739 -0.0029293112456798553 0.070562943816185 -0.12078837305307388 0.9901671409606934 0.17359930276870728
1305031107.043281 0.9969543218612671 0.04870995879173279 -0.060904644429683685 -0.014321424998342991 -0.04073956236243248 0.9912095069885254 0.12587368488311768 -0.009686872363090515 0.06650055944919586 -0.12300907075405121 0.9901749491691589 0.1592133492231369
1305031107.075432 0.9971082806587219 0.049694474786520004 -0.05749352648854256 -0.017095018178224564 -0.042628213763237 0.9920745491981506 0.11819899082183838 -0.016749266535043716 0.06291168928146362 -0.11540635675191879 0.9913240671157837 0.1432826966047287
1305031107.111229 0.9969460368156433 0.0497526153922081 -0.06019352748990059 -0.015268776565790176 -0.043048176914453506 0.9932224750518799 0.10796362161636353 -0.017385777086019516 0.06515703350305557 -0.10504266619682312 0.9923309087753296 0.12604786455631256
1305031107.14326 0.9969375133514404 0.050401583313941956 -0.059793487191200256 -0.012215431779623032 -0.044034965336322784 0.9936653971672058 0.10339242219924927 -0.016711365431547165 0.06462585926055908 -0.1004427820444107 0.9928417205810547 0.11098433285951614
1305031107.175399 0.9969400763511658 0.05114523693919182 -0.05911446362733841 -0.00851520337164402 -0.044967010617256165 0.993819534778595 0.10149326920509338 -0.024788469076156616 0.06393999606370926 -0.09852452576160431 0.9930784106254578 0.09853161126375198
1305031107.211358 0.9970331192016602 0.053288865834474564 -0.05554475262761116 -0.006176681257784367 -0.04818158224225044 0.9948163628578186 0.08954931795597076 -0.02964284084737301 0.0600288100540638 -0.08660741150379181 0.9944323301315308 0.08570002764463425
1305031107.243378 0.9973378777503967 0.05369997024536133 -0.049329906702041626 -0.004997179843485355 -0.049850691109895706 0.9958456158638 0.0761992335319519 -0.030054207891225815 0.05321687087416649 -0.07353724539279938 0.9958716034889221 0.07022769004106522
1305031107.275398 0.9976293444633484 0.05357377976179123 -0.04319152981042862 -0.0033909990452229977 -0.050654418766498566 0.9965288043022156 0.06606584042310715 -0.03384179249405861 0.04658099636435509 -0.06372138857841492 0.996880054473877 0.059739429503679276
1305031107.311226 0.9978289604187012 0.05532677099108696 -0.03572501987218857 -0.003175984835252166 -0.05341527238488197 0.9971961379051208 0.05240967124700546 -0.039231084287166595 0.03852450102567673 -0.05038762465119362 0.9979864358901978 0.047537945210933685
1305031107.343509 0.9980125427246094 0.05533480644226074 -0.030148152261972427 0.0011188503121957183 -0.05442870780825615 0.9980642199516296 0.030090056359767914 -0.04280037432909012 0.03175481781363487 -0.028389334678649902 0.9990924000740051 0.035158831626176834
1305031107.375413 0.998287558555603 0.05458924546837807 -0.021021859720349312 0.0020807667169719934 -0.05439341440796852 0.9984717965126038 0.009777767583727837 -0.03839575871825218 0.021523499861359596 -0.008617565035820007 0.9997312426567078 0.02413737028837204
1305031107.411271 0.9983445405960083 0.05621139332652092 -0.012187261134386063 0.004464005120098591 -0.05624416470527649 0.9984142780303955 -0.0023629944771528244 -0.04068325459957123 0.012035118415951729 0.003044556826353073 0.9999229311943054 0.016590731218457222
1305031107.443419 0.9984327554702759 0.055859312415122986 -0.0034345202147960663 0.006537526845932007 -0.05590386688709259 0.998328685760498 -0.014644322916865349 -0.03817145153880119 0.002610761672258377 0.014813385903835297 0.9998868703842163 0.009277217090129852
