0.1037359 0.999992311000824 -0.002510583493858576 -0.0030183158814907074 -0.0005208345828577876 0.00250449450686574 0.9999947547912598 -0.0020191920921206474 -0.0004006693488918245 0.003023369237780571 0.0020116171799600124 0.9999933838844299 0.03997727856040001
0.2073381 0.9999760389328003 -0.0011949975742027164 -0.006805218290537596 -0.001303536118939519 0.001169341616332531 0.9999921917915344 -0.003772758413106203 -0.0004812426632270217 0.0068096742033958435 0.0037647108547389507 0.9999697208404541 0.08088155835866928
0.3110752 0.9999415278434753 -0.0012195035815238953 -0.01074879802763462 -0.0020758097525686026 0.0011640154989436269 0.9999859929084778 -0.0051669650711119175 -0.0007578050717711449 0.01075495034456253 0.0051541514694690704 0.9999287724494934 0.12285967916250229
0.4146917 0.9998735785484314 0.00019669417815748602 -0.015896106138825417 -0.002927616937085986 -0.0002881972468458116 0.9999833703041077 -0.005754238460212946 -0.0011063575511798263 0.01589471474289894 0.00575809134170413 0.9998570680618286 0.16594435274600983
0.5184302 0.9997977614402771 -0.0012676100013777614 -0.020070692524313927 -0.004167340230196714 0.0011498354142531753 0.9999820590019226 -0.005878440570086241 -0.001625098753720522 0.020077787339687347 0.00585417402908206 0.9997812509536743 0.20945590734481812
0.6220448 0.9997098445892334 0.0008058432140387595 -0.02407452091574669 -0.0061467611230909824 -0.0009785483125597239 0.9999738335609436 -0.0071628512814641 -0.0020904468838125467 0.024068115279078484 0.007184330374002457 0.9996844530105591 0.2538011968135834
0.7257977 0.999576985836029 0.003524847561493516 -0.028868554159998894 -0.008106023073196411 -0.003756551072001457 0.9999611377716064 -0.007975871674716473 -0.0024465054739266634 0.028839319944381714 0.008080944418907166 0.9995513558387756 0.2991635501384735
0.8294199 0.999448835849762 0.003935128916054964 -0.03296218067407608 -0.01016734167933464 -0.00415834179148078 0.9999688267707825 -0.006705948617309332 -0.00274608819745481 0.032934773713350296 0.006839320994913578 0.9994340538978577 0.34578293561935425
0.9331467 0.9992910623550415 0.002879990031942725 -0.037536609917879105 -0.011950281448662281 -0.0030177293810993433 0.9999889135360718 -0.0036133425310254097 -0.00352223077788949 0.037525806576013565 0.0037240555975586176 0.9992886781692505 0.39297449588775635
1.03691 0.9991640448570251 0.0027164637576788664 -0.040789198130369186 -0.01432747207581997 -0.002768171252682805 0.9999954104423523 -0.0012112599797546864 -0.0037383222952485085 0.04078572988510132 0.0013231579214334488 0.9991670846939087 0.4416634440422058
1.140497 0.9990643858909607 0.0039254059083759785 -0.043069034814834595 -0.017162369564175606 -0.003999145235866308 0.9999906420707703 -0.0016261180862784386 -0.004456609021872282 0.043062251061201096 0.0017968359170481563 0.9990707635879517 0.48869436979293823
1.244242 0.9989679455757141 0.0032549435272812843 -0.045305557548999786 -0.019459933042526245 -0.0033032193314284086 0.9999940395355225 -0.0009907296625897288 -0.005571631249040365 0.04530206695199013 0.0011393609456717968 0.9989727139472961 0.5380600690841675
1.347979 0.9989005327224731 0.00036868973984383047 -0.04687648266553879 -0.022080963477492332 -0.00047375759459100664 0.9999974370002747 -0.0022302872966974974 -0.005314602050930262 0.04687553644180298 0.002250043675303459 0.9988981485366821 0.5861343145370483
1.451596 0.9988052248954773 0.0005696435691788793 -0.048865512013435364 -0.02472509816288948 -0.000650543428491801 0.9999985098838806 -0.0016396739520132542 -0.005435111932456493 0.048864513635635376 0.0016695039812475443 0.998803973197937 0.6367705464363098
1.555212 0.9987505078315735 -0.0014137455727905035 -0.04995394125580788 -0.027615629136562347 0.0013095528120175004 0.9999968409538269 -0.002118439180776477 -0.005937121342867613 0.049956776201725006 0.002050375333055854 0.9987492561340332 0.685867190361023
1.65896 0.9986905455589294 0.00048158018034882843 -0.05115533620119095 -0.03142867609858513 -0.0006679543294012547 0.999993085861206 -0.003626266960054636 -0.007165604270994663 0.05115324631333351 0.003655688837170601 0.9986841082572937 0.7365521192550659
1.762569 0.9985862970352173 0.0010030808625742793 -0.053144410252571106 -0.03353984281420708 -0.0013734502717852592 0.9999750256538391 -0.006933051627129316 -0.007215113844722509 0.053136132657527924 0.006996241398155689 0.9985626935958862 0.787371039390564
1.866302 0.9985055923461914 0.0048913112841546535 -0.05443066358566284 -0.03748052567243576 -0.005369879305362701 0.9999481439590454 -0.008649472147226334 -0.007952151820063591 0.05438554659485817 0.008928831666707993 0.9984800219535828 0.8394685387611389
1.969923 0.998460590839386 0.006309679709374905 -0.055107954889535904 -0.04116324707865715 -0.006782772019505501 0.9999418258666992 -0.008402012288570404 -0.008755365386605263 0.05505172908306122 0.008762864395976067 0.9984449744224548 0.8910505771636963
2.073666 0.998380720615387 0.005353603046387434 -0.05663421377539635 -0.04436352849006653 -0.0057167657651007175 0.99996417760849 -0.006252354942262173 -0.010072899982333183 0.05659870058298111 0.006565997842699289 0.9983753561973572 0.9443500638008118
2.177281 0.9983438849449158 0.006330918520689011 -0.0571780763566494 -0.048142656683921814 -0.00664841802790761 0.9999634623527527 -0.005364310462027788 -0.010300290770828724 0.05714202672243118 0.005735571030527353 0.9983496069908142 0.9962091445922852
2.281017 0.9983073472976685 0.005878054536879063 -0.057862021028995514 -0.05179070681333542 -0.006197158247232437 0.999966561794281 -0.00533700967207551 -0.011242635548114777 0.057828716933727264 0.005686555989086628 0.9983103275299072 1.0497949123382568
2.384639 0.9982011318206787 0.005395596846938133 -0.05971120297908783 -0.05454791709780693 -0.005769680719822645 0.9999647736549377 -0.0060942452400922775 -0.011910350993275642 0.059676237404346466 0.006427797954529524 0.998197078704834 1.1015907526016235
2.48825 0.9981228709220886 0.004351842682808638 -0.0610884353518486 -0.05782240629196167 -0.004772844724357128 0.9999658465385437 -0.006747446954250336 -0.012996051460504532 0.06105699762701988 0.007026348263025284 0.9981095194816589 1.156357765197754
2.591988 0.9981138706207275 0.004414369352161884 -0.06123112142086029 -0.06156038120388985 -0.0047531225718557835 0.9999741911888123 -0.005387826357036829 -0.013194933533668518 0.06120576709508896 0.005668703932315111 0.9981091618537903 1.2086105346679688
2.695832 0.9980919361114502 0.005425125360488892 -0.061505381017923355 -0.06487667560577393 -0.005538472440093756 0.9999832510948181 -0.0016725501045584679 -0.014255259186029434 0.06149527430534363 0.0020100052934139967 0.9981053471565247 1.2637172937393188
2.799367 0.9981743097305298 0.006194121669977903 -0.06008090078830719 -0.06887400150299072 -0.006083939224481583 0.9999794363975525 0.002016636310145259 -0.014836160466074944 0.06009215861558914 -0.0016474260482937098 0.9981914758682251 1.3165955543518066
2.903084 0.9982416033744812 0.0051277135498821735 -0.05905444547533989 -0.0715840607881546 -0.00486386613920331 0.9999775290489197 0.004610739648342133 -0.015080459415912628 0.059076759964227676 -0.004315399099141359 0.9982441663742065 1.3723881244659424
3.006768 0.9983883500099182 0.005297448486089706 -0.05650411173701286 -0.07582394778728485 -0.004970071837306023 0.9999699592590332 0.005932810250669718 -0.01594376191496849 0.056533850729465485 -0.005642418283969164 0.9983847737312317 1.425686001777649
3.110441 0.9984167218208313 0.005837003234773874 -0.05594648793339729 -0.0784650519490242 -0.005678935907781124 0.9999794363975525 0.0029838939663022757 -0.01630672998726368 0.055962760001420975 -0.0026614535599946976 0.9984292387962341 1.4821913242340088
3.214057 0.9984710812568665 0.006646310444921255 -0.05487653613090515 -0.0821332186460495 -0.006783170159906149 0.9999741911888123 -0.002308064606040716 -0.01620158739387989 0.05485978350043297 0.002676773350685835 0.9984905123710632 1.5382323265075684
3.317669 0.9985920190811157 0.006221402902156115 -0.05267952010035515 -0.08590192347764969 -0.006497283466160297 0.999966025352478 -0.0050673396326601505 -0.016892626881599426 0.0526462122797966 0.005402478855103254 0.9985986351966858 1.5904570817947388
3.421285 0.998624861240387 0.004252252634614706 -0.05225209519267082 -0.08874207735061646 -0.004474247340112925 0.9999814629554749 -0.004132313188165426 -0.01754065230488777 0.052233561873435974 0.0043604192323982716 0.9986253380775452 1.6476951837539673
3.524925 0.9986382722854614 0.0024478111881762743 -0.05210990831255913 -0.09155034273862839 -0.0024156419094651937 0.9999968409538269 0.0006803050637245178 -0.018136151134967804 0.05211140587925911 -0.0005534997908398509 0.9986410140991211 1.702271580696106
3.628545 0.9985995292663574 -0.0015304303960874677 -0.05288224667310715 -0.09454941749572754 0.0017468525329604745 0.9999902248382568 0.004046557936817408 -0.01872241124510765 0.05287553742527962 -0.004133269190788269 0.9985924959182739 1.758758306503296
3.732256 0.9984914064407349 -0.008293095976114273 -0.05427756533026695 -0.09687858819961548 0.008476119488477707 0.9999591112136841 0.0031426474452018738 -0.019278230145573616 0.05424928292632103 -0.0035979696549475193 0.9985209703445435 1.816676378250122
3.835871 0.9984175562858582 -0.010179728269577026 -0.0553073026239872 -0.10038506984710693 0.010159141384065151 0.9999481439590454 -0.0006533382693305612 -0.0195716992020607 0.05531109496951103 9.04292319319211e-05 0.9984690546989441 1.8712233304977417
3.939488 0.9983392357826233 -0.009212949313223362 -0.05686914175748825 -0.10403623431921005 0.008908788673579693 0.9999446272850037 -0.00559965567663312 -0.01952126808464527 0.056917592883110046 0.0050837197341024876 0.9983658790588379 1.929823398590088
4.043107 0.9982498288154602 -0.00883166491985321 -0.05847526714205742 -0.10762068629264832 0.00855072122067213 0.999950647354126 -0.005052999593317509 -0.021168850362300873 0.058517009019851685 0.004544150549918413 0.9982760548591614 1.9846999645233154
4.146888 0.9981979131698608 -0.008548129349946976 -0.05939558520913124 -0.11156067252159119 0.008342316374182701 0.9999582767486572 -0.003712234552949667 -0.021845383569598198 0.05942484363913536 0.0032100481912493706 0.9982276558876038 2.0446784496307373
4.25046 0.9981381893157959 -0.0058042327873408794 -0.060716401785612106 -0.11453945934772491 0.005772219970822334 0.9999830722808838 -0.0007026505190879107 -0.02285952866077423 0.06071946769952774 0.0003508743247948587 0.998154878616333 2.099947214126587
4.354202 0.9980678558349609 -0.005452957469969988 -0.06189455837011337 -0.1184496134519577 0.005476583726704121 0.9999850392341614 0.0002120575518347323 -0.023156648501753807 0.06189246475696564 -0.0005506182787939906 0.99808269739151 2.158907651901245
4.45794 0.9980375170707703 -0.004237709101289511 -0.062475547194480896 -0.12270072847604752 0.004452391993254423 0.999984622001648 0.0032974518835544586 -0.024222157895565033 0.06246060132980347 -0.003569146152585745 0.9980410933494568 2.2153429985046387
4.561559 0.998067319393158 -0.004450711887329817 -0.061984460800886154 -0.1266966462135315 0.0048743123188614845 0.9999657869338989 0.006684440188109875 -0.025061998516321182 0.061952587217092514 -0.006973652169108391 0.9980548024177551 2.2743172645568848
4.665293 0.9980100989341736 0.0013847033260390162 -0.06303829699754715 -0.13041067123413086 -0.0008430076413787901 0.9999624490737915 0.008618909865617752 -0.02504759654402733 0.06304788589477539 -0.0085486164316535 0.9979738593101501 2.3308184146881104
4.768912 0.9979718923568726 0.001911886385641992 -0.06362762302160263 -0.13338159024715424 -0.0014522315468639135 0.9999724626541138 0.007269612513482571 -0.024757174775004387 0.06363978981971741 -0.0071624647825956345 0.9979472160339355 2.3890693187713623
4.872532 0.998008131980896 0.0015325857093557715 -0.06306833028793335 -0.1385568231344223 -0.0011417053174227476 0.9999799132347107 0.0062332963570952415 -0.02556142956018448 0.06307660788297653 -0.006148874759674072 0.9979897141456604 2.44641375541687
4.976146 0.9979795813560486 0.004315102938562632 -0.0633891224861145 -0.14223529398441315 -0.004110035486519337 0.9999858736991882 0.0033651047851890326 -0.025520406663417816 0.06340275704860687 -0.0030977751594036818 0.9979830980300903 2.505488634109497
5.079909 0.9979568123817444 0.0036576041020452976 -0.06378763914108276 -0.1465800255537033 -0.003414357313886285 0.999986469745636 0.003921980038285255 -0.026518136262893677 0.0638011172413826 -0.0036961736623197794 0.9979557991027832 2.5600383281707764
5.183503 0.99787837266922 0.002000124892219901 -0.06507522612810135 -0.15043099224567413 -0.0017360678175464272 0.9999901056289673 0.004114008042961359 -0.026228124275803566 0.06508279591798782 -0.003992305137217045 0.9978719353675842 2.6190381050109863
5.287117 0.9978224039077759 0.0022941583301872015 -0.06591722369194031 -0.15396854281425476 -0.0019108765991404653 0.9999808073043823 0.005877049174159765 -0.02723865583539009 0.06592943519353867 -0.00573829235509038 0.9978077411651611 2.6730294227600098
5.390861 0.9977920055389404 0.004083119798451662 -0.06629066169261932 -0.15766219794750214 -0.0039207544177770615 0.9999889135360718 0.0025792161468416452 -0.02794387936592102 0.06630046665668488 -0.002313611563295126 0.9977970123291016 2.730011463165283
5.494473 0.9977392554283142 0.005114370957016945 -0.06700905412435532 -0.162037655711174 -0.005230079870671034 0.9999850988388062 -0.0015514472033828497 -0.028578979894518852 0.0670001432299614 0.0018984019989147782 0.9977511167526245 2.78472638130188
5.598233 0.9976853132247925 0.005725093185901642 -0.06775832921266556 -0.16578300297260284 -0.005889533087611198 0.9999801516532898 -0.002227341290563345 -0.02974400483071804 0.06774423271417618 0.002621250692754984 0.9976992011070251 2.842123508453369
5.701829 0.9976859092712402 0.004709668457508087 -0.0678277239203453 -0.16949313879013062 -0.004669781308621168 0.9999887943267822 0.0007465853122994304 -0.02999829314649105 0.06783048063516617 -0.00042811708408407867 0.9976966977119446 2.8962669372558594
5.805571 0.9976574778556824 0.002992308000102639 -0.06834138929843903 -0.17298319935798645 -0.0027548226062208414 0.9999898672103882 0.003568954998627305 -0.030326560139656067 0.0683513730764389 -0.0033723264932632446 0.9976555705070496 2.9534671306610107
5.909185 0.9976704120635986 0.0011296299053356051 -0.0682106465101242 -0.17711085081100464 -0.0008228938095271587 0.9999894499778748 0.004524830263108015 -0.031149208545684814 0.06821504235267639 -0.004458157811313868 0.9976606965065002 3.0071563720703125
6.012921 0.9976671934127808 -0.002421220066025853 -0.06822275370359421 -0.18090158700942993 0.0026798732578754425 0.9999896287918091 0.003700034925714135 -0.03210761025547981 0.0682130753993988 -0.0038742320612072945 0.9976631999015808 3.062723398208618
6.116541 0.9976450800895691 -0.0047264015302062035 -0.06842490285634995 -0.1850140392780304 0.00486514950171113 0.9999864101409912 0.0018612458370625973 -0.032270170748233795 0.06841516494750977 -0.002189760562032461 0.9976544976234436 3.1163418292999268
6.220278 0.9975702166557312 -0.005784163251519203 -0.06942817568778992 -0.18904967606067657 0.006011053454130888 0.9999772310256958 0.0030595078133046627 -0.03297826275229454 0.06940890103578568 -0.0034694108180701733 0.997582197189331 3.1724343299865723
6.323895 0.9974547624588013 -0.009214263409376144 -0.07070472091436386 -0.1927482634782791 0.009728838689625263 0.9999285936355591 0.006936902645975351 -0.03303923085331917 0.07063576579093933 -0.0076071214862167835 0.9974731802940369 3.227661371231079
6.427659 0.997413694858551 -0.010518316179513931 -0.0711003839969635 -0.19619876146316528 0.011431445367634296 0.9998571872711182 0.012448140420019627 -0.0338103249669075 0.07095929980278015 -0.013228729367256165 0.9973914623260498 3.279237747192383
6.531383 0.997386634349823 -0.008218095637857914 -0.0717797577381134 -0.2004930078983307 0.009281151928007603 0.9998518824577332 0.014489006251096725 -0.0342143177986145 0.07165007293224335 -0.01511734165251255 0.9973152279853821 3.3350887298583984
6.634992 0.9972970485687256 -0.007806885056197643 -0.07305993139743805 -0.20434531569480896 0.008637234568595886 0.9999015927314758 0.011056285351514816 -0.034456949681043625 0.07296642661094666 -0.011657435446977615 0.9972662925720215 3.386805772781372
6.738741 0.9972252249717712 -0.005612313747406006 -0.07423165440559387 -0.20868149399757385 0.005865014623850584 0.9999776482582092 0.003186667338013649 -0.03481467813253403 0.07421211898326874 -0.0036131925880908966 0.997235894203186 3.4408648014068604
6.84235 0.9971444606781006 -0.0044904001988470554 -0.0753859207034111 -0.2125231772661209 0.004345004912465811 0.999988317489624 -0.0020925886929035187 -0.034796103835105896 0.07539445906877518 0.001759061124175787 0.9971522092819214 3.49192476272583
6.945963 0.9970826506614685 0.0001145739879575558 -0.07633062452077866 -0.2170228511095047 -0.0001998924999497831 0.9999992847442627 -0.0011101248674094677 -0.035653624683618546 0.07633044570684433 0.0011221442837268114 0.997081995010376 3.544635772705078
7.049705 0.9970102906227112 0.0030406126752495766 -0.07720879465341568 -0.22160853445529938 -0.002944949083030224 0.999994695186615 0.0013528496492654085 -0.03660322353243828 0.07721249759197235 -0.0011214291444048285 0.9970139265060425 3.594980001449585
7.153323 0.9969310760498047 0.005696512758731842 -0.07807713001966476 -0.22630198299884796 -0.005498000420629978 0.9999810457229614 0.002757248468697071 -0.037141282111406326 0.0780913382768631 -0.002319518243893981 0.996943473815918 3.64668869972229
7.256934 0.9968405961990356 0.006406635046005249 -0.07916907221078873 -0.23023587465286255 -0.0062170918099582195 0.9999772310256958 0.0026404033415019512 -0.03790875896811485 0.07918417453765869 -0.00213986006565392 0.996857762336731 3.6942832469940186
7.360549 0.996720016002655 0.008219828829169273 -0.08050955086946487 -0.23538129031658173 -0.007990429177880287 0.999963104724884 0.0031711114570498466 -0.03835706785321236 0.08053263276815414 -0.0025174040347337723 0.9967488050460815 3.7455897331237793
7.464167 0.9966056942939758 0.009026996791362762 -0.08182624727487564 -0.23901119828224182 -0.008711912669241428 0.9999532103538513 0.004206860437989235 -0.03941500931978226 0.08186040818691254 -0.00347971823066473 0.9966377019882202 3.790306806564331
7.567786 0.9964886903762817 0.00897059217095375 -0.0832449197769165 -0.24311131238937378 -0.008624634705483913 0.9999526143074036 0.004514595028012991 -0.040033310651779175 0.08328147232532501 -0.003780786879360676 0.9965188503265381 3.837852954864502
7.671396 0.996370255947113 0.008331536315381527 -0.08471676707267761 -0.24724161624908447 -0.007887614890933037 0.9999533295631409 0.0055734533816576 -0.04036968946456909 0.08475924283266068 -0.004885009955614805 0.9963894486427307 3.8849966526031494
7.775144 0.9962246417999268 0.011647879146039486 -0.08602716773748398 -0.2518917918205261 -0.010992481373250484 0.9999068379402161 0.00808830838650465 -0.04061172902584076 0.08611337840557098 -0.00711212120950222 0.9962599277496338 3.9324722290039062
7.878754 0.9961254000663757 0.01264423131942749 -0.08703058212995529 -0.25583556294441223 -0.011611226946115494 0.9998561143875122 0.01236545667052269 -0.041150324046611786 0.0871744155883789 -0.011307012289762497 0.9961288571357727 3.9751670360565186
7.982493 0.995932936668396 0.016437364742159843 -0.08858652412891388 -0.26053085923194885 -0.015231998637318611 0.9997822046279907 0.014265567064285278 -0.041582733392715454 0.08880171924829483 -0.012858197093009949 0.9959662556648254 4.02040958404541
8.086111 0.9957652688026428 0.01893061399459839 -0.08996200561523438 -0.2648250460624695 -0.01809946447610855 0.9997857213020325 0.010045785456895828 -0.04191621020436287 0.09013291448354721 -0.00837497878819704 0.9958944916725159 4.06392765045166
8.189849 0.9956841468811035 0.018597889691591263 -0.09092409908771515 -0.2690693140029907 -0.01840026117861271 0.9998262524604797 0.0030113698448985815 -0.042651668190956116 0.09096428751945496 -0.0013253464130684733 0.9958533048629761 4.103002548217773
8.29347 0.9955216646194458 0.017855079844594002 -0.09283208847045898 -0.2725273370742798 -0.01824827492237091 0.9998278021812439 -0.00338840764015913 -0.042631398886442184 0.09275559335947037 0.005067259538918734 0.9956760406494141 4.144765377044678
8.397102 0.9955039620399475 0.018646996468305588 -0.0928662046790123 -0.27700430154800415 -0.019087698310613632 0.9998102784156799 -0.0038595274090766907 -0.043796733021736145 0.09277661889791489 0.005614777561277151 0.9956712126731873 4.1848344802856445
8.500847 0.9953756928443909 0.021600594744086266 -0.09359777718782425 -0.28097912669181824 -0.021713154390454292 0.9997642040252686 -0.00018422714492771775 -0.044756948947906494 0.0935717299580574 0.0022156790364533663 0.9956099987030029 4.221679210662842
8.604438 0.9952421188354492 0.02189476229250431 -0.09494152665138245 -0.28472834825515747 -0.02181408554315567 0.9997602105140686 0.0018877044785767794 -0.045477818697690964 0.09496010094881058 0.00019233953207731247 0.9954810738563538 4.25930643081665
8.708175 0.9951980710029602 0.018647881224751472 -0.09608878195285797 -0.28776252269744873 -0.018810542300343513 0.999822735786438 -0.0007871683919802308 -0.047128211706876755 0.09605707228183746 0.0025908704847097397 0.9953724145889282 4.29554557800293
8.811795 0.9953171610832214 0.010858670808374882 -0.09605136513710022 -0.2908557653427124 -0.011549661867320538 0.9999111890792847 -0.006640925072133541 -0.046786945313215256 0.09597074240446091 0.007719187065958977 0.995354175567627 4.330105781555176
8.915403 0.995450496673584 0.006944548804312944 -0.0950273796916008 -0.2938726842403412 -0.008102909661829472 0.9998973608016968 -0.011809324845671654 -0.0471450611948967 0.09493562579154968 0.012525596655905247 0.9954046010971069 4.36458158493042
9.019162 0.9957713484764099 0.00924052856862545 -0.09140107035636902 -0.29771581292152405 -0.010409675538539886 0.9998698234558105 -0.0123229268938303 -0.04759840667247772 0.09127532690763474 0.01322227343916893 0.9957379102706909 4.398233890533447
9.12289 0.996090292930603 0.014282723888754845 -0.08717954158782959 -0.30135154724121094 -0.015115855261683464 0.9998460412025452 -0.008903834968805313 -0.04885368049144745 0.08703897148370743 0.010186817497015 0.9961528778076172 4.4313459396362305
9.226512 0.9964861869812012 0.012676800601184368 -0.08279237896203995 -0.3031766414642334 -0.013217904604971409 0.9998945593833923 -0.005990815348923206 -0.049393050372600555 0.0827077180147171 0.007064108271151781 0.9965487718582153 4.461751461029053
9.330247 0.9970031380653381 0.00909409299492836 -0.07682467997074127 -0.30529725551605225 -0.00924594048410654 0.9999558329582214 -0.001621066126972437 -0.050163112580776215 0.07680656015872955 0.0023265243507921696 0.9970433712005615 4.492734432220459
9.433986 0.9976687431335449 0.004516834393143654 -0.06809256225824356 -0.30728480219841003 -0.004438972100615501 0.9999892115592957 0.001294736284762621 -0.05040774494409561 0.06809768080711365 -0.0009894571267068386 0.9976781606674194 4.523629188537598
9.537749 0.998274028301239 0.008201878517866135 -0.05815279856324196 -0.3080104887485504 -0.00813389103859663 0.9999658465385437 0.0014057530788704753 -0.05138539895415306 0.05816233903169632 -0.0009303185506723821 0.9983066320419312 4.553037643432617
9.641587 0.9989832043647766 0.013584324158728123 -0.042991019785404205 -0.30940693616867065 -0.013555499725043774 0.9999076128005981 0.0009619414922781289 -0.05168244615197182 0.043000124394893646 -0.0003781988052651286 0.9990748763084412 4.581865310668945
9.745342 0.9995332360267639 0.018626203760504723 -0.02421412616968155 -0.3104925751686096 -0.018602129071950912 0.999826192855835 0.001219058409333229 -0.052031196653842926 0.02423262596130371 -0.0007680552080273628 0.9997060298919678 4.610864639282227
9.849229 0.9998524188995361 0.016976481303572655 -0.002623894950374961 -0.3094947934150696 -0.016971150413155556 0.9998538494110107 0.00204080599360168 -0.05260615050792694 0.0026581548154354095 -0.0019959749188274145 0.9999944567680359 4.636880874633789
9.953059 0.9996337294578552 0.013401763513684273 0.02351081371307373 -0.30726754665374756 -0.01345789059996605 0.9999068975448608 0.002230661688372493 -0.05240008234977722 -0.023478733375668526 -0.0025462505873292685 0.999721109867096 4.664244174957275
10.05693 0.9985183477401733 0.0124060595408082 0.052982352674007416 -0.30494993925094604 -0.01266212947666645 0.9999096393585205 0.004500212147831917 -0.05357750877737999 -0.052921734750270844 -0.005164413712918758 0.9985853433609009 4.6895294189453125
10.16083 0.9961673021316528 0.01211230456829071 0.08662545680999756 -0.30181631445884705 -0.012671522796154022 0.9999021887779236 0.005908613093197346 -0.0541304275393486 -0.0865454152226448 -0.006983642932027578 0.9962234497070312 4.71616268157959
10.26466 0.9922045469284058 0.011988176964223385 0.12404157966375351 -0.2976796627044678 -0.012833546847105026 0.9998995661735535 0.006018396932631731 -0.05415089428424835 -0.12395696341991425 -0.007563375867903233 0.9922587871551514 4.740025520324707
10.36867 0.9861393570899963 0.012585191056132317 0.1654411256313324 -0.29199081659317017 -0.013655978254973888 0.9998926520347595 0.005336386617273092 -0.05405714362859726 -0.16535618901252747 -0.007521682418882847 0.9862052202224731 4.764776706695557
10.47264 0.9775006175041199 0.011773197911679745 0.21060368418693542 -0.2858518362045288 -0.013259772211313248 0.9998961091041565 0.005647864658385515 -0.05483529344201088 -0.2105153501033783 -0.008313348516821861 0.9775551557540894 4.787459373474121
10.57663 0.9655005931854248 0.0139620341360569 0.26002639532089233 -0.2784385681152344 -0.015391973778605461 0.9998754858970642 0.0034637385979294777 -0.05529012531042099 -0.25994569063186646 -0.007346559315919876 0.9655953049659729 4.810873985290527
10.68062 0.949864387512207 0.014956147409975529 0.31230419874191284 -0.2693742513656616 -0.01605070009827614 0.9998707175254822 0.0009342638659290969 -0.05627208203077316 -0.3122498095035553 -0.005900124553591013 0.949981689453125 4.831721305847168
10.78461 0.9298710227012634 0.015482098795473576 0.3675597310066223 -0.2587505578994751 -0.0161607526242733 0.9998685717582703 -0.0012315023923292756 -0.05690613389015198 -0.36753055453300476 -0.004794903099536896 0.9299991130828857 4.852725028991699
10.88875 0.9049087762832642 0.016246911138296127 0.42529532313346863 -0.24749541282653809 -0.01621101424098015 0.9998617172241211 -0.0037037283182144165 -0.056848134845495224 -0.42529672384262085 -0.0035429312847554684 0.9050469994544983 4.8733439445495605
10.99272 0.8757164478302002 0.016354555264115334 0.48254862427711487 -0.23460817337036133 -0.015307629480957985 0.9998641610145569 -0.0061075519770383835 -0.05703446641564369 -0.4825829863548279 -0.0020381922367960215 0.8758478164672852 4.892024993896484
11.09659 0.8417806029319763 0.01496065966784954 0.5396124124526978 -0.2204725742340088 -0.012644943781197071 0.9998880624771118 -0.00799595844000578 -0.057653993368148804 -0.5396717190742493 -9.252689778804779e-05 0.8418754935264587 4.910041809082031
11.20057 0.8044741153717041 0.014655635692179203 0.5938069224357605 -0.2049269676208496 -0.01128117274492979 0.9998922348022461 -0.00939471460878849 -0.0583314411342144 -0.5938805341720581 0.0008589661447331309 0.8045527338981628 4.927201271057129
11.30431 0.7644294500350952 0.013452457264065742 0.6445670127868652 -0.18950319290161133 -0.009753144346177578 0.9999091625213623 -0.009301813319325447 -0.0585724376142025 -0.6446336507797241 0.0008240260067395866 0.7644913196563721 4.941848278045654
11.40818 0.7209762334823608 0.013651316054165363 0.6928253173828125 -0.17264080047607422 -0.011891447007656097 0.9999024271965027 -0.007327290717512369 -0.05913048982620239 -0.6928578019142151 -0.0029558928217738867 0.721068263053894 4.956629276275635
11.51192 0.6757920384407043 0.012565279379487038 0.7369853854179382 -0.15478229522705078 -0.01014650333672762 0.9999184608459473 -0.007744158618152142 -0.05912807583808899 -0.7370225191116333 -0.002244384028017521 0.6758642792701721 4.969621658325195
11.61553 0.6296266913414001 0.011057190597057343 0.7768192291259766 -0.1354970932006836 -0.0065014255233109 0.9999386668205261 -0.008963529951870441 -0.059773340821266174 -0.7768706679344177 0.0005932432832196355 0.6296599507331848 4.981247901916504
11.71927 0.5819785594940186 0.008584764786064625 0.8131587505340576 -0.11686563491821289 -0.000768574420362711 0.9999495148658752 -0.010006704367697239 -0.060324668884277344 -0.8132036924362183 0.005198714789003134 0.5819559097290039 4.991900444030762
11.82277 0.5362419486045837 0.010301544331014156 0.8440014123916626 -0.09639120101928711 -0.002035750076174736 0.9999383687973022 -0.010911420919001102 -0.06108281761407852 -0.8440618515014648 0.0041329870000481606 0.5362299084663391 5.00132417678833
11.92638 0.4874492883682251 0.013847479596734047 0.8730414509773254 -0.07767820358276367 -0.006251365412026644 0.9999039173126221 -0.012369315139949322 -0.061453938484191895 -0.8731288909912109 0.0005717122694477439 0.4874890148639679 5.010979652404785
12.03 0.44201385974884033 0.015940506011247635 0.8968665599822998 -0.057012319564819336 -0.006867051590234041 0.9998728632926941 -0.014386920258402824 -0.06203881651163101 -0.8969818949699402 0.00020038895308971405 0.4420671761035919 5.01893424987793
12.13361 0.3990330696105957 0.013619771227240562 0.916835367679596 -0.036905527114868164 0.0007383571355603635 0.9998844861984253 -0.015174838714301586 -0.06241823360323906 -0.9169362187385559 0.006732214242219925 0.39897698163986206 5.025483131408691
12.2371 0.3595390319824219 0.005606692284345627 0.9331132173538208 -0.014962196350097656 0.01644536294043064 0.9997884631156921 -0.01234390027821064 -0.06306184828281403 -0.9329850673675537 0.019783498719334602 0.3593708574771881 5.030498504638672
12.3406 0.32535794377326965 0.002375435782596469 0.9455879330635071 0.0067119598388671875 0.02032713033258915 0.999748170375824 -0.009505655616521835 -0.06324180960655212 -0.945372462272644 0.022313835099339485 0.3252277672290802 5.03537654876709
12.44411 0.2918780744075775 0.0061637843027710915 0.9564356207847595 0.028824210166931152 0.017301294952630997 0.9997815489768982 -0.01172301359474659 -0.06397134065628052 -0.9562991261482239 0.019969269633293152 0.29170772433280945 5.041038990020752
12.54767 0.2607439458370209 0.014132590964436531 0.9653044939041138 0.05024993419647217 0.007025045808404684 0.9998384714126587 -0.016535762697458267 -0.06463836133480072 -0.9653823971748352 0.011092908680438995 0.26060253381729126 5.04690408706665
12.65107 0.23172661662101746 0.01814207248389721 0.9726117849349976 0.07306230068206787 0.0028919558972120285 0.9998087882995605 -0.019338387995958328 -0.0657573938369751 -0.9727765321731567 0.0072939698584377766 0.23162980377674103 5.05219841003418
12.75469 0.20639458298683167 0.020171141251921654 0.9782609939575195 0.09619486331939697 0.003501847153529525 0.9997658729553223 -0.021353384479880333 -0.06674588471651077 -0.9784625768661499 0.00783294253051281 0.2062755972146988 5.05557918548584
12.85806 0.183177188038826 0.021886762231588364 0.9828362464904785 0.1206897497177124 0.010954105295240879 0.9996446371078491 -0.02430264838039875 -0.0673237293958664 -0.9830188751220703 0.015217781998217106 0.18287235498428345 5.058434009552002
12.96167 0.1628340780735016 0.0278268214315176 0.9862609505653381 0.14440453052520752 0.01817464455962181 0.9993480443954468 -0.03119673579931259 -0.06764934957027435 -0.9864860773086548 0.02300483174622059 0.16222214698791504 5.060863494873047
13.0652 0.14285464584827423 0.034249819815158844 0.989150881767273 0.1700102686882019 0.02004755660891533 0.9990959167480469 -0.03748946636915207 -0.06789472699165344 -0.9895406365394592 0.0251855980604887 0.14203885197639465 5.063666820526123
13.16877 0.1251661777496338 0.03550742194056511 0.991500198841095 0.19583487510681152 0.01687445677816868 0.9991385340690613 -0.03791118040680885 -0.06881348788738251 -0.9919922351837158 0.021476222202181816 0.1244591623544693 5.066812992095947
13.27235 0.10946687310934067 0.03108665719628334 0.9935041666030884 0.22314995527267456 0.014919335022568703 0.9993468523025513 -0.032913316041231155 -0.07023948431015015 -0.9938784837722778 0.018425337970256805 0.10893157869577408 5.069614887237549
13.37588 0.09483839571475983 0.027753517031669617 0.9951057434082031 0.2512275278568268 0.015393760055303574 0.9994509220123291 -0.0293418038636446 -0.07160535454750061 -0.9953736662864685 0.018101146444678307 0.09435909241437912 5.071777820587158
13.4795 0.0808260515332222 0.025952283293008804 0.9963902235031128 0.28085067868232727 0.018507802858948708 0.9994494915008545 -0.02753329835832119 -0.07218712568283081 -0.996556282043457 0.020666401833295822 0.08030124008655548 5.073822498321533
13.58311 0.07020355015993118 0.024564100429415703 0.9972302913665771 0.31056174635887146 0.021914692595601082 0.9994174838066101 -0.026160744950175285 -0.07365590333938599 -0.9972919225692749 0.023690570145845413 0.06962434947490692 5.074871063232422
13.68672 0.06035149097442627 0.025333700701594353 0.9978556036949158 0.34208840131759644 0.024993672966957092 0.9993261098861694 -0.026882676407694817 -0.07453734427690506 -0.9978642463684082 0.026562487706542015 0.05967763811349869 5.075806617736816
13.79034 0.05190923810005188 0.025937221944332123 0.9983149766921997 0.3730938732624054 0.026422154158353806 0.9992771744728088 -0.027336083352565765 -0.07563512027263641 -0.9983022212982178 0.027796631678938866 0.051186397671699524 5.077614784240723
13.89395 0.045948851853609085 0.026485232636332512 0.998592734336853 0.4071987271308899 0.028561169281601906 0.9992049932479858 -0.027815675362944603 -0.07643333077430725 -0.9985354542732239 0.029799070209264755 0.04515587165951729 5.079154968261719
13.99767 0.04076197370886803 0.027236556634306908 0.9987975358963013 0.4404029846191406 0.02928219921886921 0.9991664886474609 -0.028441650792956352 -0.07774810492992401 -0.9987396001815796 0.030406329780817032 0.03993045166134834 5.0799479484558105
14.1013 0.03450553119182587 0.02811046876013279 0.9990090131759644 0.4777486324310303 0.02990378998219967 0.9991277456283569 -0.029146675020456314 -0.07883068919181824 -0.9989568591117859 0.030879883095622063 0.03363483399152756 5.0812482833862305
14.20492 0.029905669391155243 0.028111817315220833 0.9991573095321655 0.5116344690322876 0.03223269805312157 0.9990573525428772 -0.02907375618815422 -0.0801696628332138 -0.9990328550338745 0.0330750048160553 0.028971370309591293 5.081877708435059
14.30854 0.027064377442002296 0.028166573494672775 0.9992367625236511 0.5499055981636047 0.034420862793922424 0.9989838600158691 -0.02909173257648945 -0.08132639527320862 -0.9990409016609192 0.03518194332718849 0.02606736123561859 5.082583427429199
14.41227 0.02369540184736252 0.027358703315258026 0.9993448853492737 0.5870017409324646 0.03466830402612686 0.9990017414093018 -0.028171328827738762 -0.08279435336589813 -0.9991179704666138 0.03531312569975853 0.022723274305462837 5.083672523498535
14.51589 0.021461142227053642 0.02713436260819435 0.9994015097618103 0.6273170113563538 0.03621763363480568 0.9989544153213501 -0.027899963781237602 -0.08394330739974976 -0.9991134405136108 0.03679472208023071 0.020455962046980858 5.084161758422852
14.61968 0.0205086562782526 0.02626740373671055 0.9994445443153381 0.6662240028381348 0.041248250752687454 0.9987814426422119 -0.02709639072418213 -0.08593066036701202 -0.9989384412765503 0.041781045496463776 0.019400179386138916 5.0842671394348145
14.72326 0.021555893123149872 0.02585449069738388 0.9994332194328308 0.7077439427375793 0.04488750919699669 0.998632550239563 -0.026801912114024162 -0.08718714118003845 -0.9987594485282898 0.04543980956077576 0.020365869626402855 5.085003852844238
14.82686 0.023966439068317413 0.02663133665919304 0.9993579983711243 0.7516078352928162 0.0458124503493309 0.998565673828125 -0.02770889177918434 -0.0874176174402237 -0.9986625909805298 0.04644712433218956 0.022712016478180885 5.086019515991211
14.93048 0.027688277885317802 0.026414383202791214 0.9992676377296448 0.7925548553466797 0.04855000227689743 0.9984354972839355 -0.02773764543235302 -0.08934558928012848 -0.9984368681907654 0.04928245022892952 0.026362545788288116 5.086874961853027
15.0341 0.03239670395851135 0.02587798796594143 0.9991401433944702 0.838025689125061 0.048765815794467926 0.9984331727027893 -0.02744089625775814 -0.09058298170566559 -0.9982846975326538 0.049612876027822495 0.03108398988842964 5.08767557144165
15.13784 0.0360010527074337 0.023746835067868233 0.9990696907043457 0.8845208883285522 0.0509115494787693 0.9983758926391602 -0.025564923882484436 -0.09283575415611267 -0.9980541467666626 0.05178455263376236 0.034733597189188004 5.08993673324585
15.24145 0.040564872324466705 0.022181862965226173 0.9989307522773743 0.9319669008255005 0.051003362983465195 0.9984041452407837 -0.024241333827376366 -0.09453745931386948 -0.99787437915802 0.05193217471241951 0.03936879336833954 5.0916056632995605
15.34508 0.04371452331542969 0.02010674960911274 0.9988417625427246 0.9752805829048157 0.047095004469156265 0.9986444711685181 -0.02216390147805214 -0.09574945271015167 -0.9979334473609924 0.04800933599472046 0.04270834103226662 5.094790935516357
15.44881 0.04758858308196068 0.019181782379746437 0.9986829161643982 1.0238536596298218 0.046061642467975616 0.9987097978591919 -0.02137719839811325 -0.0969863012433052 -0.9978044629096985 0.04701827093958855 0.04664364457130432 5.097545146942139
15.55255 0.05188047140836716 0.02005442976951599 0.9984519481658936 1.072896957397461 0.04352039471268654 0.9988031387329102 -0.022322844713926315 -0.09872215241193771 -0.9977045655250549 0.0446111336350441 0.050945598632097244 5.100219249725342
15.65617 0.0550931878387928 0.02423134073615074 0.9981871843338013 1.1232024431228638 0.04079058766365051 0.9988163113594055 -0.026497982442378998 -0.10037378966808319 -0.9976476430892944 0.0421764999628067 0.054039571434259415 5.103201866149902
15.7599 0.05615488439798355 0.029479606077075005 0.9979867339134216 1.168239951133728 0.036047063767910004 0.9988523721694946 -0.03153347596526146 -0.10172033309936523 -0.9977712631225586 0.03774524852633476 0.055027782917022705 5.106973648071289
15.86364 0.0557812824845314 0.032311297953128815 0.997920036315918 1.218295693397522 0.03292896971106529 0.9988729357719421 -0.03418279439210892 -0.10379908978939056 -0.9978998899459839 0.03476724028587341 0.05465444549918175 5.110373020172119
15.96739 0.056221846491098404 0.03198644891381264 0.9979059100151062 1.2680796384811401 0.03025120496749878 0.9989731311798096 -0.033725008368492126 -0.105978824198246 -0.9979599118232727 0.03208393231034279 0.05519649758934975 5.112939834594727
16.07102 0.05584663152694702 0.030163515359163284 0.9979836344718933 1.3151590824127197 0.028056448325514793 0.9991014003753662 -0.03176732361316681 -0.10809579491615295 -0.998045027256012 0.029773976653814316 0.054950159043073654 5.116427898406982
16.17474 0.055870965123176575 0.028903093189001083 0.9980195760726929 1.365511178970337 0.02906445972621441 0.9991101622581482 -0.03056176006793976 -0.11024800688028336 -0.9980148673057556 0.03071441687643528 0.054981183260679245 5.119466304779053
16.27845 0.05619845539331436 0.027798201888799667 0.9980325698852539 1.415503978729248 0.02649175375699997 0.999218761920929 -0.029322974383831024 -0.11276084184646606 -0.9980681538581848 0.028087535873055458 0.05541813001036644 5.122316837310791
16.38209 0.05586402863264084 0.028664954006671906 0.9980267882347107 1.4619632959365845 0.024473734200000763 0.9992480874061584 -0.03006993606686592 -0.11451686918735504 -0.9981383681297302 0.02610526978969574 0.05512046813964844 5.126010894775391
