0.1037359 0.9999914169311523 -0.0027072657831013203 -0.0031181632075458765 -0.0006934709963388741 0.0027008827310055494 0.9999942779541016 -0.002049290109425783 -0.0002946568129118532 0.003123692935332656 0.0020408504642546177 0.9999930262565613 0.0422496497631073
0.2073381 0.9999735355377197 -0.0015184929361566901 -0.0071179806254804134 -0.0013884855434298515 0.0014920758549124002 0.9999920129776001 -0.0037152254953980446 -0.00039864296559244394 0.0071235657669603825 0.0037045064382255077 0.9999677538871765 0.08460912853479385
0.3110752 0.9999383687973022 -0.001408265088684857 -0.011012046597898006 -0.002132825553417206 0.0013523055240511894 0.9999861717224121 -0.0050874631851911545 -0.0006640672800131142 0.011019059456884861 0.0050722574815154076 0.9999263286590576 0.12746018171310425
0.4146917 0.9998735785484314 8.572428487241268e-05 -0.01589886285364628 -0.00317100016400218 -0.00017790243146009743 0.9999831914901733 -0.005796453915536404 -0.0009853646624833345 0.015898101031780243 0.005798550322651863 0.9998567700386047 0.17113342881202698
0.5184302 0.999798059463501 -0.0012585404329001904 -0.020065953955054283 -0.004425646271556616 0.0011387387057766318 0.9999815225601196 -0.0059807077050209045 -0.0014732582494616508 0.02007311023771763 0.005956648383289576 0.9997807741165161 0.21540184319019318
0.6220448 0.9997150301933289 0.0007549102301709354 -0.023861682042479515 -0.006597850937396288 -0.0009281252860091627 0.9999732971191406 -0.007248896639794111 -0.0019259076798334718 0.02385556884109974 0.007268977351486683 0.999688982963562 0.26050522923469543
0.7257977 0.9995734095573425 0.0033614656422287226 -0.02901320531964302 -0.008179371245205402 -0.0035951645113527775 0.9999614953994751 -0.008006522431969643 -0.002386543434113264 0.028985172510147095 0.008107414469122887 0.9995469450950623 0.3081044852733612
0.8294199 0.9994534254074097 0.0038330652751028538 -0.03283604234457016 -0.010573024861514568 -0.004038416314870119 0.9999726414680481 -0.006189804989844561 -0.0030823631677776575 0.03281141817569733 0.006319026462733746 0.9994415640830994 0.35451358556747437
0.9331467 0.999291181564331 0.0028488498646765947 -0.03753836080431938 -0.012419783510267735 -0.002978491596877575 0.9999897480010986 -0.0033981117885559797 -0.0036584152840077877 0.03752830624580383 0.003507509594783187 0.9992893934249878 0.40450331568717957
1.03691 0.9991986751556396 0.0024369314778596163 -0.039951324462890625 -0.015330059453845024 -0.002459842711687088 0.9999968409538269 -0.0005243414198048413 -0.004199967719614506 0.039949916303157806 0.0006221953080967069 0.9992014765739441 0.45082786679267883
1.140497 0.9990989565849304 0.0038682681042701006 -0.04226745665073395 -0.01836257241666317 -0.0039335316978394985 0.9999911785125732 -0.0014610104262828827 -0.004556469153612852 0.04226144030690193 0.0016259541735053062 0.9991052746772766 0.5013732314109802
1.244242 0.9990192651748657 0.003666853066533804 -0.04412592202425003 -0.02089984342455864 -0.003750535659492016 0.9999914169311523 -0.001813818234950304 -0.004623059649020433 0.044118888676166534 0.0019775351975113153 0.9990243315696716 0.5493482351303101
1.347979 0.998967707157135 0.0007937760674394667 -0.045418255031108856 -0.023635288700461388 -0.0009020085562951863 0.9999968409538269 -0.0023625839967280626 -0.005081855226308107 0.04541622847318649 0.0024011130444705486 0.9989652633666992 0.6003968715667725
1.451596 0.9988651871681213 0.000649951514787972 -0.04762191325426102 -0.026118870824575424 -0.000739512441214174 0.9999980330467224 -0.0018630799604579806 -0.005233487579971552 0.047620609402656555 0.0018961825408041477 0.998863697052002 0.6506130695343018
1.555212 0.9988274574279785 -0.0005310549749992788 -0.048408735543489456 -0.029570918530225754 0.0004148536245338619 0.999997079372406 -0.0024104430340230465 -0.005595361348241568 0.04840986803174019 0.0023875338956713676 0.9988247156143188 0.7036057710647583
1.65896 0.998732328414917 0.0011319248005747795 -0.05032336711883545 -0.03226373344659805 -0.0013302385341376066 0.9999914765357971 -0.0039074718952178955 -0.006786770187318325 0.05031851306557655 0.0039694602601230145 0.9987252950668335 0.7536784410476685
1.762569 0.9986839890480042 0.0015516550047323108 -0.05126236006617546 -0.03578970953822136 -0.0019098365446552634 0.9999740719795227 -0.006938980892300606 -0.007036148104816675 0.051250260323286057 0.007027752697467804 0.9986610412597656 0.8071690201759338
1.866302 0.9985425472259521 0.0056901839561760426 -0.05366862192749977 -0.03839311748743057 -0.006147743668407202 0.9999461770057678 -0.008364410139620304 -0.008122146129608154 0.05361813306808472 0.008682161569595337 0.9985237121582031 0.8592302203178406
1.969923 0.9984943270683289 0.006167997140437365 -0.05450670048594475 -0.04181466996669769 -0.006553927902132273 0.9999547600746155 -0.006904511246830225 -0.009610084816813469 0.05446164682507515 0.007251348812133074 0.998489499092102 0.9140205383300781
2.073666 0.9984425902366638 0.00563930906355381 -0.055503252893686295 -0.045286841690540314 -0.005994616542011499 0.9999626874923706 -0.006237155757844448 -0.009855597279965878 0.055466003715991974 0.006560163106769323 0.9984389543533325 0.9662306904792786
2.177281 0.9983959794044495 0.006657794583588839 -0.05622395500540733 -0.04914936423301697 -0.006977540906518698 0.9999606013298035 -0.00549261225387454 -0.010043269954621792 0.05618516355752945 0.005876106210052967 0.998403012752533 1.0212734937667847
2.281017 0.9983515739440918 0.005996516440063715 -0.05708197504281998 -0.05237354338169098 -0.0062814499251544476 0.9999687075614929 -0.004813547246158123 -0.011244747787714005 0.05705132335424423 0.005164169706404209 0.9983578324317932 1.0765266418457031
2.384639 0.9982526898384094 0.005533810704946518 -0.05883113294839859 -0.056137241423130035 -0.005902046803385019 0.9999640583992004 -0.006087285932153463 -0.011756659485399723 0.05879531055688858 0.006423872895538807 0.9982494115829468 1.130003571510315
2.48825 0.9982373118400574 0.005413132719695568 -0.059102319180965424 -0.05956375226378441 -0.005828688386827707 0.9999594688415527 -0.006860995665192604 -0.01308518648147583 0.05906277149915695 0.007193389814347029 0.9982283711433411 1.1858444213867188
2.591988 0.9981529712677002 0.004145600832998753 -0.06061062589287758 -0.06296522915363312 -0.004427369683980942 0.9999801516532898 -0.004515293054282665 -0.013671542517840862 0.060590680688619614 0.004775297828018665 0.9981513619422913 1.2437788248062134
2.695832 0.9981525540351868 0.0053000133484601974 -0.06052551418542862 -0.06632154434919357 -0.00542360870167613 0.9999834895133972 -0.0018779278034344316 -0.014274521730840206 0.06051456183195114 0.002202725037932396 0.9981648921966553 1.2961457967758179
2.799367 0.9982356429100037 0.007223740220069885 -0.05893605947494507 -0.07061199843883514 -0.007116455584764481 0.9999725222587585 0.002030041068792343 -0.014766918495297432 0.058949101716279984 -0.001607042970135808 0.9982596635818481 1.353340983390808
2.903084 0.9983053207397461 0.005035621579736471 -0.05797582492232323 -0.07330355048179626 -0.004765694960951805 0.999977171421051 0.004793193191289902 -0.015180949121713638 0.0579986572265625 -0.004508774261921644 0.9983064532279968 1.408191442489624
3.006768 0.9983933568000793 0.0039939600974321365 -0.0565217025578022 -0.07670813053846359 -0.0036451932974159718 0.999973714351654 0.0062722559086978436 -0.01633295789361 0.05654526129364967 -0.006056145299226046 0.9983817338943481 1.466450572013855
3.110441 0.9984459280967712 0.0052315895445644855 -0.05548269301652908 -0.07972148060798645 -0.005071090068668127 0.9999825954437256 0.0030331958550959826 -0.01635943353176117 0.055497586727142334 -0.00274712429381907 0.9984550476074219 1.5249731540679932
3.214057 0.9985201358795166 0.006387898698449135 -0.05400896817445755 -0.08339572697877884 -0.0065210480242967606 0.9999760985374451 -0.0022894551511853933 -0.01624348945915699 0.05399306118488312 0.0026382615324109793 0.9985377788543701 1.5779632329940796
3.317669 0.998539388179779 0.00497600669041276 -0.0537998303771019 -0.08603200316429138 -0.0052060773596167564 0.9999778866767883 -0.004137110896408558 -0.017531370744109154 0.05377805605530739 0.004411153960973024 0.9985431432723999 1.6381441354751587
3.421285 0.9986447095870972 0.0034405170008540154 -0.05193449929356575 -0.08970551192760468 -0.0036608667578548193 0.9999846816062927 -0.0041483063250780106 -0.01753450185060501 0.05191943794488907 0.004332808777689934 0.9986419081687927 1.693158745765686
3.524925 0.9986281394958496 0.0014188023051247 -0.052344221621751785 -0.09233289957046509 -0.0014084943104535341 0.9999989867210388 0.00023381086066365242 -0.017833475023508072 0.05234449729323387 -0.00015976373106241226 0.998629093170166 1.7527579069137573
3.628545 0.9985944628715515 -0.001824406674131751 -0.05296887829899788 -0.09559883177280426 0.0020311716943979263 0.9999905824661255 0.003849945729598403 -0.018546268343925476 0.052961356937885284 -0.003952123690396547 0.9985887408256531 1.809445858001709
3.732256 0.9984877705574036 -0.007906886748969555 -0.05440182983875275 -0.09790889918804169 0.008069230243563652 0.999963641166687 0.0027651390992105007 -0.019042670726776123 0.05437798425555229 -0.003199939150363207 0.9985153079032898 1.8691840171813965
3.835871 0.9984037280082703 -0.010651309043169022 -0.05546683818101883 -0.10157349705696106 0.010625551454722881 0.999943196773529 -0.0007592462934553623 -0.01943890005350113 0.05547178536653519 0.00016866845544427633 0.9984603524208069 1.9263864755630493
3.939488 0.998324453830719 -0.009715687483549118 -0.057041849941015244 -0.10483376681804657 0.00941522791981697 0.9999403357505798 -0.005533769726753235 -0.019588369876146317 0.05709220841526985 0.004987435881048441 0.9983564615249634 1.986534833908081
4.043107 0.9982227087020874 -0.009238159283995628 -0.058873314410448074 -0.1087036058306694 0.008946229703724384 0.9999463558197021 -0.005220262799412012 -0.020980212837457657 0.05891838297247887 0.004684289917349815 0.998251736164093 2.0438215732574463
4.146888 0.9981711506843567 -0.009994570165872574 -0.0596187524497509 -0.11342766880989075 0.009753481484949589 0.9999430179595947 -0.004333477467298508 -0.020666899159550667 0.059658654034137726 0.0037440608721226454 0.9982118010520935 2.1061813831329346
4.25046 0.9981165528297424 -0.006237407680600882 -0.061027757823467255 -0.11598680168390274 0.006183865014463663 0.9999802708625793 -0.0010661766864359379 -0.022702742367982864 0.06103320047259331 0.0006867811316624284 0.998135507106781 2.1631019115448
4.354202 0.9980418682098389 -0.005384568590670824 -0.06231778487563133 -0.11985298246145248 0.005382478702813387 0.9999855160713196 -0.00020142208086326718 -0.02313842624425888 0.06231795623898506 -0.00013439636677503586 0.9980563521385193 2.2246603965759277
4.45794 0.9980232119560242 -0.004264645278453827 -0.0627017393708229 -0.12459147721529007 0.004460558295249939 0.9999855756759644 0.0029848716221749783 -0.02433743141591549 0.06268811970949173 -0.0032586557790637016 0.9980278611183167 2.282501697540283
4.561559 0.998033344745636 -0.004940844606608152 -0.062489066272974014 -0.12849289178848267 0.005350124556571245 0.999965250492096 0.00638400437310338 -0.025052430108189583 0.06245536357164383 -0.006705774925649166 0.9980252385139465 2.343628168106079
4.665293 0.9980151653289795 0.0014410980511456728 -0.06295885890722275 -0.13321241736412048 -0.0009283770923502743 0.9999661445617676 0.00817224569618702 -0.025019735097885132 0.06296850740909576 -0.008097573183476925 0.9979826211929321 2.4019968509674072
4.768912 0.9979779720306396 0.0017500916728749871 -0.06353943794965744 -0.13666684925556183 -0.001312324427999556 0.9999750852584839 0.006930778734385967 -0.02469322271645069 0.06354997307062149 -0.006833377759903669 0.9979552626609802 2.463101863861084
4.872532 0.99800044298172 0.0014182634185999632 -0.06319157779216766 -0.14102604985237122 -0.0010324926115572453 0.9999805688858032 0.00613701855763793 -0.02594686485826969 0.06319906562566757 -0.0060595013201236725 0.9979825019836426 2.5209109783172607
4.976146 0.9979907274246216 0.00400729663670063 -0.06323438137769699 -0.1451646238565445 -0.0038065295666456223 0.9999873638153076 0.003295118687674403 -0.026074491441249847 0.06324680149555206 -0.00304779433645308 0.9979932308197021 2.581813097000122
5.079909 0.9979478716850281 0.0037987413816154003 -0.06391911208629608 -0.14938680827617645 -0.0035735818091779947 0.9999870657920837 0.0036365343257784843 -0.026730287820100784 0.06393210589885712 -0.003400650806725025 0.997948408126831 2.638768434524536
5.183503 0.9978823065757751 0.0020730476826429367 -0.06501319259405136 -0.1537361890077591 -0.0018207995453849435 0.999990701675415 0.0039389594458043575 -0.026506291702389717 0.06502075493335724 -0.003812240669503808 0.9978766441345215 2.6998848915100098
5.287117 0.9978272914886475 0.002281841589137912 -0.06584484875202179 -0.15721458196640015 -0.0019167650025337934 0.9999824166297913 0.0056071411818265915 -0.027547132223844528 0.06585648655891418 -0.005468748975545168 0.9978141188621521 2.7559549808502197
5.390861 0.9977855682373047 0.004365190397948027 -0.066370889544487 -0.1611328423023224 -0.004216385539621115 0.999988317489624 0.0023819252382963896 -0.028298621997237206 0.06638051569461823 -0.0020968057215213776 0.9977921843528748 2.8155696392059326
5.494473 0.9977443218231201 0.005237443372607231 -0.06692413985729218 -0.1656567007303238 -0.005383851006627083 0.9999834895133972 -0.002007490023970604 -0.02894405834376812 0.06691250950098038 0.0023632703814655542 0.9977560639381409 2.8718559741973877
5.598233 0.9976635575294495 0.005887790583074093 -0.06806431710720062 -0.1691237986087799 -0.00608933437615633 0.9999777674674988 -0.0027539916336536407 -0.02995401620864868 0.06804657727479935 0.0031620231457054615 0.9976771473884583 2.9316084384918213
5.701829 0.9976471066474915 0.004681057296693325 -0.06839968264102936 -0.1726214438676834 -0.004652776755392551 0.9999890327453613 0.0005727647803723812 -0.03071492537856102 0.06840159744024277 -0.00025316840037703514 0.997657835483551 2.990288734436035
5.805571 0.9977078437805176 0.002834881655871868 -0.06760863214731216 -0.17792659997940063 -0.0025974451564252377 0.9999901652336121 0.0035995820071548223 -0.0312228761613369 0.06761816889047623 -0.0034157223999500275 0.997705340385437 3.045250177383423
5.909185 0.9976703524589539 0.0009559759637340903 -0.06821078807115555 -0.18166302144527435 -0.0006519278394989669 0.9999898076057434 0.004479605238884687 -0.03221257030963898 0.06821436434984207 -0.004424701444804668 0.9976608753204346 3.1045873165130615
6.012921 0.9976502060890198 -0.002572214463725686 -0.06846529990434647 -0.18499696254730225 0.0027886112220585346 0.9999914169311523 0.003065277123823762 -0.03255784139037132 0.06845682859420776 -0.0032489977311342955 0.9976487755775452 3.159236431121826
6.116541 0.997660756111145 -0.004566260613501072 -0.06820771843194962 -0.1898827999830246 0.004684222396463156 0.999987781047821 0.001569598214700818 -0.03303084895014763 0.06819971650838852 -0.001885427045635879 0.9976699352264404 3.2177042961120605
6.220278 0.9975513815879822 -0.005904371850192547 -0.06968965381383896 -0.19288364052772522 0.006116390693932772 0.9999772906303406 0.002829316072165966 -0.0339447483420372 0.06967135518789291 -0.0032486366108059883 0.9975647330284119 3.272247314453125
6.323895 0.9974236488342285 -0.009744659997522831 -0.07107162475585938 -0.19635367393493652 0.010235263966023922 0.9999262690544128 0.00654204236343503 -0.033962346613407135 0.07100263237953186 -0.00725262425839901 0.9974497556686401 3.329702615737915
6.427659 0.9973924160003662 -0.010501711629331112 -0.07140155136585236 -0.2008270025253296 0.011403019540011883 0.9998602867126465 0.012227204628288746 -0.034863200038671494 0.07126316428184509 -0.013009514659643173 0.9973727464675903 3.3873703479766846
6.531383 0.99739670753479 -0.008538463152945042 -0.07160154730081558 -0.20513740181922913 0.009589463472366333 0.9998511672019958 0.014347558841109276 -0.035193465650081635 0.07146836817264557 -0.014996827580034733 0.9973300695419312 3.4404921531677246
6.634992 0.9972645044326782 -0.007329071871936321 -0.07355110347270966 -0.2090674638748169 0.008104528300464153 0.9999147057533264 0.010250166058540344 -0.03527010604739189 0.07346970587968826 -0.010818224400281906 0.9972386956214905 3.498080253601074
6.738741 0.9971931576728821 -0.005145510192960501 -0.07469513267278671 -0.21352900564670563 0.005318744573742151 0.9999836683273315 0.0021204575896263123 -0.03562465310096741 0.07468301057815552 -0.002511790953576565 0.9972041845321655 3.5537307262420654
6.84235 0.9971224665641785 -0.004369226284325123 -0.07568254321813583 -0.21774420142173767 0.004215593915432692 0.9999887347221375 -0.00218959036283195 -0.03604886680841446 0.07569126039743423 0.001864242018200457 0.9971295595169067 3.605729103088379
6.945963 0.9970344305038452 0.0002716102753765881 -0.07695798575878143 -0.2221096009016037 -0.00035413450677879155 0.999999463558197 -0.0010586954886093736 -0.03681602701544762 0.07695765793323517 0.0010828092927113175 0.9970337748527527 3.6604247093200684
7.049705 0.9969626665115356 0.0035408865660429 -0.07780252397060394 -0.22722503542900085 -0.0034646429121494293 0.9999934434890747 0.001114916754886508 -0.037834975868463516 0.07780595868825912 -0.0008419721852988005 0.9969680905342102 3.715759515762329
7.153323 0.9968809485435486 0.006249519530683756 -0.07867230474948883 -0.2313130795955658 -0.006064495071768761 0.9999783039093018 0.002590550808236003 -0.038718074560165405 0.07868678867816925 -0.002105362480506301 0.9968971610069275 3.763792037963867
7.256934 0.9967963099479675 0.006959748454391956 -0.0796792209148407 -0.235517680644989 -0.006829157005995512 0.9999749660491943 0.0019113493617624044 -0.03868898004293442 0.07969050854444504 -0.0013610839378088713 0.9968187808990479 3.8163156509399414
7.360549 0.9966254830360413 0.008838010020554066 -0.08160626888275146 -0.23984159529209137 -0.00864512287080288 0.9999590516090393 0.0027166709769517183 -0.03922124207019806 0.08162692189216614 -0.0020020068623125553 0.9966609477996826 3.868525266647339
7.464167 0.9965337514877319 0.0097897844389081 -0.08261172473430634 -0.24424847960472107 -0.009512249380350113 0.999947726726532 0.003752431832253933 -0.04067830741405487 0.08264413475990295 -0.0029536013025790453 0.9965747594833374 3.9149863719940186
7.567786 0.9963979721069336 0.009175442159175873 -0.08430350571870804 -0.2483263909816742 -0.008807450532913208 0.9999499917030334 0.004735990893095732 -0.042004115879535675 0.08434273302555084 -0.003976432606577873 0.996428906917572 3.9641599655151367
7.671396 0.9962950348854065 0.008604597300291061 -0.08556989580392838 -0.25285911560058594 -0.008135171607136726 0.9999499320983887 0.00583307072520256 -0.04251400753855705 0.08561579138040543 -0.005115333013236523 0.9963151216506958 4.014404773712158
7.775144 0.9961722493171692 0.011811235919594765 -0.08660988509654999 -0.2575637400150299 -0.011183032765984535 0.9999075531959534 0.007734868209809065 -0.04206595569849014 0.08669323474168777 -0.006736701354384422 0.9962122440338135 4.060777187347412
7.878754 0.9959942698478699 0.012940194457769394 -0.08847560733556747 -0.260867714881897 -0.011952581815421581 0.9998602867126465 0.0116832684725523 -0.04213869944214821 0.08861441910266876 -0.010578958317637444 0.9960098266601562 4.108145713806152
7.982493 0.995857834815979 0.0167962908744812 -0.08935897052288055 -0.26660120487213135 -0.015668408945202827 0.9997885823249817 0.013308482244610786 -0.042395997792482376 0.08956363052129745 -0.01185324601829052 0.9959105253219604 4.154850006103516
8.086111 0.9956673979759216 0.01904315873980522 -0.09101563692092896 -0.2707836925983429 -0.01822461001574993 0.9997857809066772 0.009816213510930538 -0.04341696575284004 0.09118305891752243 -0.008114956319332123 0.9958010911941528 4.197116851806641
8.189849 0.9955679178237915 0.01886148750782013 -0.09213482588529587 -0.2753603756427765 -0.018725555390119553 0.9998219609260559 0.0023397020995616913 -0.04370686411857605 0.09216254949569702 -0.0006040558218955994 0.9957437515258789 4.241125106811523
8.29347 0.9954738616943359 0.01814398542046547 -0.09328784793615341 -0.2804117202758789 -0.018522653728723526 0.9998233914375305 -0.0031947745010256767 -0.04464241862297058 0.09321340173482895 0.004908253438770771 0.9956340789794922 4.284050464630127
8.397102 0.995402455329895 0.019094131886959076 -0.09385862946510315 -0.284190833568573 -0.019590163603425026 0.9997985363006592 -0.004366294480860233 -0.04512595385313034 0.09375634789466858 0.006184925325214863 0.9955759644508362 4.322877883911133
8.500847 0.9953091144561768 0.021722441539168358 -0.09427576512098312 -0.2889166474342346 -0.021888457238674164 0.9997601509094238 -0.0007270933128893375 -0.04589204862713814 0.09423736482858658 0.0027872342616319656 0.9955458045005798 4.363658905029297
8.604438 0.9951823353767395 0.022123707458376884 -0.09551257640123367 -0.29296910762786865 -0.02212747186422348 0.9997546076774597 0.0010198676027357578 -0.04630771279335022 0.09551170468330383 0.0010984968394041061 0.995427668094635 4.4036641120910645
8.708175 0.9951348304748535 0.01870078407227993 -0.09673101454973221 -0.29636621475219727 -0.018978100270032883 0.999817967414856 -0.0019475625595077872 -0.047308601438999176 0.09667698293924332 0.003773857606574893 0.9953088164329529 4.43934440612793
8.811795 0.9952414631843567 0.01089457981288433 -0.09682762622833252 -0.2993229627609253 -0.011628562584519386 0.9999076128005981 -0.007019243203103542 -0.04821240156888962 0.09674221277236938 0.008111809380352497 0.9952765107154846 4.476592540740967
8.915403 0.9954141974449158 0.00688553974032402 -0.09541007876396179 -0.3030306100845337 -0.008050470612943172 0.9998974800109863 -0.011830181814730167 -0.04895402491092682 0.09531885385513306 0.012544027529656887 0.9953678846359253 4.512758255004883
9.019162 0.9957005977630615 0.009228806011378765 -0.09216921776533127 -0.30649808049201965 -0.010413136333227158 0.999869167804718 -0.012376915663480759 -0.04932769760489464 0.092042937874794 0.013283474370837212 0.9956665635108948 4.548267841339111
9.12289 0.9959650635719299 0.01410122774541378 -0.08862661570310593 -0.30918294191360474 -0.014999120496213436 0.999842643737793 -0.009473390877246857 -0.05013560131192207 0.08847907930612564 0.010764488019049168 0.9960197806358337 4.579111576080322
9.226512 0.9964441061019897 0.01275714673101902 -0.08328511565923691 -0.31277725100517273 -0.013325449079275131 0.9998915195465088 -0.0062712677754461765 -0.05100516229867935 0.08319607377052307 0.0073587773367762566 0.9965059757232666 4.613023281097412
9.330247 0.996893584728241 0.009161202237010002 -0.07822619378566742 -0.3136287331581116 -0.009354512207210064 0.9999539852142334 -0.002105073072016239 -0.05183347314596176 0.07820330560207367 0.0028303000144660473 0.9969333410263062 4.646166801452637
9.433986 0.9975523352622986 0.0045560430735349655 -0.06977581977844238 -0.3155536353588104 -0.004482469521462917 0.9999892115592957 0.001210967660881579 -0.05248427391052246 0.06978057324886322 -0.0008952353964559734 0.9975619912147522 4.675966262817383
9.537749 0.9982468485832214 0.008335425518453121 -0.05859769135713577 -0.3178970515727997 -0.008304865099489689 0.999965250492096 0.0007650655461475253 -0.05265255272388458 0.058602046221494675 -0.00027707821573130786 0.9982814788818359 4.707545757293701
9.641587 0.9989400506019592 0.013415330089628696 -0.04403311386704445 -0.3186761438846588 -0.013437289744615555 0.9999097585678101 -0.0002027235459536314 -0.052959516644477844 0.04402641952037811 0.0007941943476907909 0.9990301132202148 4.73797082901001
9.745342 0.9994990825653076 0.01840962842106819 -0.025743532925844193 -0.3192761540412903 -0.018394453451037407 0.9998305439949036 0.0008262484916485846 -0.05378410220146179 0.025754377245903015 -0.0003522962797433138 0.9996682405471802 4.768426418304443
9.849229 0.9998465776443481 0.017148790881037712 -0.003614358603954315 -0.3186303675174713 -0.017145255580544472 0.9998524785041809 0.0010078432969748974 -0.05382450670003891 0.003631108906120062 -0.0009457191335968673 0.9999929666519165 4.7941060066223145
9.953059 0.9996451139450073 0.013535835780203342 0.022945813834667206 -0.316816121339798 -0.013592110946774483 0.999904990196228 0.0022983027156442404 -0.05454173684120178 -0.02291252091526985 -0.002609368646517396 0.999734103679657 4.822375774383545
10.05693 0.9985463619232178 0.012341087684035301 0.05246927961707115 -0.3140495717525482 -0.012530796229839325 0.9999160766601562 0.003288174280896783 -0.0546858012676239 -0.052424293011426926 -0.003940876107662916 0.9986171722412109 4.8505988121032715
10.16083 0.996291995048523 0.011993941850960255 0.0851970762014389 -0.3105732798576355 -0.012427831068634987 0.9999123811721802 0.004564211703836918 -0.05521969124674797 -0.08513487875461578 -0.005606102757155895 0.9963536262512207 4.8755974769592285
10.26466 0.9923836588859558 0.0120492959395051 0.12259526550769806 -0.30553191900253296 -0.012753037735819817 0.9999063611030579 0.004957289434969425 -0.055611878633499146 -0.12252406775951385 -0.006482995115220547 0.9924443364143372 4.902492523193359
10.36867 0.9863184690475464 0.012346530333161354 0.16438841819763184 -0.3003885746002197 -0.013336420990526676 0.9998989701271057 0.004919303581118584 -0.05608648434281349 -0.164311021566391 -0.007044352125376463 0.9863834381103516 4.92805290222168
10.47264 0.9777608513832092 0.011543351225554943 0.20940499007701874 -0.29399144649505615 -0.01280900090932846 0.9999069571495056 0.004688828252255917 -0.056532442569732666 -0.20933136343955994 -0.007266820874065161 0.9778177738189697 4.95058536529541
10.57663 0.9660027027130127 0.014264197088778019 0.25813841819763184 -0.28571176528930664 -0.01531229168176651 0.9998806118965149 0.0020501436665654182 -0.0566365011036396 -0.25807833671569824 -0.005933134816586971 0.9661057591438293 4.974937438964844
10.68062 0.950239896774292 0.014719313010573387 0.31117141246795654 -0.27657103538513184 -0.015514910221099854 0.9998796582221985 8.145114406943321e-05 -0.05801137164235115 -0.3111327588558197 -0.004905194044113159 0.9503538012504578 4.997683048248291
10.78461 0.930294394493103 0.015358967706561089 0.36649221181869507 -0.2658294439315796 -0.01543827448040247 0.9998770952224731 -0.0027147659566253424 -0.05819764360785484 -0.36648884415626526 -0.003132476471364498 0.9304171800613403 5.018665313720703
10.88875 0.9058389067649841 0.01625153049826622 0.4233105778694153 -0.25382208824157715 -0.015691490843892097 0.9998652338981628 -0.0048082382418215275 -0.05836605280637741 -0.42333170771598816 -0.0022868853993713856 0.9059718251228333 5.039200782775879
10.99272 0.8765839338302612 0.016604553908109665 0.4809626340866089 -0.24014902114868164 -0.014988911338150501 0.9998616576194763 -0.00720059871673584 -0.05880524963140488 -0.4810156226158142 -0.0008971781935542822 0.8767115473747253 5.0595502853393555
11.09659 0.8425201177597046 0.015087166801095009 0.5384534597396851 -0.22642207145690918 -0.012029114179313183 0.9998853802680969 -0.009194232523441315 -0.05935150384902954 -0.5385304689407349 0.001269209198653698 0.8426050543785095 5.077444076538086
11.20057 0.8052634000778198 0.01530599407851696 0.5927196741104126 -0.2105550765991211 -0.01107870414853096 0.9998806118965149 -0.010768824256956577 -0.05986715480685234 -0.5928137898445129 0.0021051743533462286 0.8053368330001831 5.0952229499816895
11.30431 0.7648401260375977 0.013455253094434738 0.6440794467926025 -0.19356226921081543 -0.009494980797171593 0.9999087452888489 -0.009613534435629845 -0.06069442629814148 -0.6441500186920166 0.001237295800819993 0.7648981213569641 5.111845970153809
11.40818 0.7223873734474182 0.012778297066688538 0.6913706064224243 -0.17659258842468262 -0.010094455443322659 0.9999176263809204 -0.00793371070176363 -0.06109778583049774 -0.6914149522781372 -0.0012477970449253917 0.7224568128585815 5.125830173492432
11.51192 0.6768768429756165 0.012001870200037956 0.7359985113143921 -0.15781116485595703 -0.009482784196734428 0.9999263882637024 -0.007584672421216965 -0.06157653033733368 -0.7360352873802185 -0.0018454238306730986 0.6769407391548157 5.13975715637207
11.61553 0.6306853294372559 0.010703071020543575 0.7759649157524109 -0.1377086639404297 -0.0059779915027320385 0.9999423027038574 -0.008933676406741142 -0.06223779916763306 -0.7760156393051147 0.0009956270223483443 0.6307128071784973 5.152184009552002
11.71927 0.5836231708526611 0.008258870802819729 0.8119826316833496 -0.11859393119812012 -0.00010625093273120001 0.999949038028717 -0.010094353929162025 -0.062729112803936 -0.8120246529579163 0.00580502487719059 0.5835943222045898 5.162419319152832
11.82277 0.5372226238250732 0.010378850623965263 0.843376636505127 -0.09740018844604492 -0.002159622497856617 0.999937891960144 -0.010929884389042854 -0.0635567456483841 -0.843437671661377 0.004050406161695719 0.5372117757797241 5.172774314880371
11.92638 0.49045851826667786 0.01305180974304676 0.8713667988777161 -0.07617974281311035 -0.006166424602270126 0.999914824962616 -0.011506430804729462 -0.06444531679153442 -0.8714427947998047 0.0002702095080167055 0.4904972016811371 5.182156562805176
12.03 0.44326552748680115 0.015301059931516647 0.8962599039077759 -0.05701446533203125 -0.006539465393871069 0.9998828172683716 -0.013835888355970383 -0.06487491726875305 -0.896366536617279 0.00027191065601073205 0.44331371784210205 5.190848350524902
12.13361 0.4007427990436554 0.013127531856298447 0.9160966873168945 -0.035209059715270996 0.0006590889533981681 0.9998928904533386 -0.014616638422012329 -0.06535346060991287 -0.9161904454231262 0.0064613004215061665 0.4006912112236023 5.197664260864258
12.2371 0.36158666014671326 0.006026279181241989 0.9323191046714783 -0.011812329292297363 0.015713147819042206 0.9997976422309875 -0.01255656685680151 -0.06554242968559265 -0.9322060942649841 0.019189955666661263 0.361418753862381 5.2030792236328125
12.3406 0.32618892192840576 0.001908346894197166 0.9453026652336121 0.009763717651367188 0.020984286442399025 0.9997369050979614 -0.009259139187633991 -0.06585603207349777 -0.9450716376304626 0.022856730967760086 0.3260630965232849 5.208559513092041
12.44411 0.2930091619491577 0.006337621249258518 0.9560887217521667 0.03276467323303223 0.018712572753429413 0.9997485280036926 -0.012361807748675346 -0.06622110307216644 -0.9559265375137329 0.02151300013065338 0.2928168773651123 5.214547634124756
12.54767 0.2635388970375061 0.014149063266813755 0.9645450115203857 0.05569720268249512 0.008130188100039959 0.9998245239257812 -0.016887960955500603 -0.0669240802526474 -0.9646144509315491 0.012292565777897835 0.2633776366710663 5.219792366027832
12.65107 0.23454146087169647 0.016622833907604218 0.9719640612602234 0.07952356338500977 0.0047862958163022995 0.9998220801353455 -0.0182542335242033 -0.06866118311882019 -0.9720943570137024 0.008933481760323048 0.23442015051841736 5.225374221801758
12.75469 0.2096399962902069 0.01962227374315262 0.9775817394256592 0.10328567028045654 0.005332939326763153 0.9997608065605164 -0.02121109701693058 -0.06919566541910172 -0.9777641296386719 0.009660076349973679 0.20948517322540283 5.228390216827393
12.85806 0.18562272191047668 0.021837269887328148 0.9823784232139587 0.128595232963562 0.011330843903124332 0.999639093875885 -0.024361945688724518 -0.0698784664273262 -0.9825557470321655 0.015653306618332863 0.1853082776069641 5.23184871673584
12.96167 0.16601164638996124 0.027431674301624298 0.9857421517372131 0.1528482437133789 0.019260400906205177 0.9993321299552917 -0.031053556129336357 -0.07014836370944977 -0.9859356880187988 0.024141037836670876 0.16537244617938995 5.234043121337891
13.0652 0.14609062671661377 0.03416997194290161 0.9886809587478638 0.17986959218978882 0.02121271938085556 0.9990652799606323 -0.03766332566738129 -0.07038433104753494 -0.9890437126159668 0.02647486887872219 0.1452292799949646 5.237257480621338
13.16877 0.12809504568576813 0.03504153713583946 0.9911426901817322 0.20547056198120117 0.018135245889425278 0.9991257190704346 -0.037667568773031235 -0.0712946206331253 -0.991595983505249 0.022799644619226456 0.12734758853912354 5.240189552307129
13.27235 0.11191226541996002 0.030810797587037086 0.9932404160499573 0.23446989059448242 0.017026666551828384 0.9993129968643188 -0.03291763365268707 -0.07269039005041122 -0.9935721755027771 0.020595459267497063 0.11131080240011215 5.243478298187256
13.37588 0.09725946933031082 0.027240954339504242 0.9948861598968506 0.2617184519767761 0.016570797190070152 0.999442458152771 -0.028985662385821342 -0.07417653501033783 -0.9951210618019104 0.019305186346173286 0.09675384312868118 5.245250701904297
13.4795 0.08280695974826813 0.02528546378016472 0.9962447285652161 0.2921576499938965 0.0189847182482481 0.9994566440582275 -0.026944976300001144 -0.07493439316749573 -0.9963847398757935 0.02114466391503811 0.0822819247841835 5.247763633728027
13.58311 0.07237724959850311 0.02386067621409893 0.9970918297767639 0.3215334117412567 0.023043740540742874 0.9994069337844849 -0.025588784366846085 -0.0763530433177948 -0.9971112012863159 0.024828772991895676 0.07178449630737305 5.248193264007568
13.68672 0.06237814202904701 0.02497047372162342 0.9977402091026306 0.35392528772354126 0.026150448247790337 0.9993029236793518 -0.026644496247172356 -0.07709173858165741 -0.9977099299430847 0.02775339037179947 0.06168166175484657 5.249224662780762
13.79034 0.05412158742547035 0.025417085736989975 0.9982108473777771 0.38445845246315 0.027592206373810768 0.9992562532424927 -0.026939714327454567 -0.0782545804977417 -0.9981530904769897 0.029000861570239067 0.053380005061626434 5.2509446144104
13.89395 0.048514727503061295 0.02559489570558071 0.9984945058822632 0.41943639516830444 0.02978401817381382 0.9991900324821472 -0.02705986425280571 -0.07922999560832977 -0.9983783960342407 0.03105197288095951 0.04771312326192856 5.252388954162598
13.99767 0.0427672415971756 0.026757748797535896 0.9987266659736633 0.45240530371665955 0.030001649633049965 0.9991560578346252 -0.028053976595401764 -0.08032964169979095 -0.9986344575881958 0.03116324357688427 0.04192837327718735 5.253155708312988
14.1013 0.036653660237789154 0.02754814364016056 0.9989482760429382 0.4879714846611023 0.030501313507556915 0.9991234540939331 -0.02867213636636734 -0.08142363280057907 -0.9988624453544617 0.03152018040418625 0.03578127175569534 5.254335880279541
14.20492 0.032200902700424194 0.027437446638941765 0.9991047978401184 0.5262894034385681 0.03282678499817848 0.9990547895431519 -0.028494076803326607 -0.0828167051076889 -0.9989422559738159 0.03371493145823479 0.03126978129148483 5.255499362945557
14.30854 0.0292071383446455 0.027714001014828682 0.9991891384124756 0.562382698059082 0.03434605523943901 0.9989974498748779 -0.028712648898363113 -0.0838107317686081 -0.9989830851554871 0.03515682369470596 0.028225990012288094 5.2557549476623535
14.41227 0.02552914060652256 0.026946691796183586 0.9993109107017517 0.603242039680481 0.035002708435058594 0.9989995956420898 -0.027832506224513054 -0.08530688285827637 -0.999061107635498 0.03568912670016289 0.024560395628213882 5.257607460021973
14.51589 0.02374180406332016 0.026397347450256348 0.9993695616722107 0.6411571502685547 0.03747617080807686 0.9989251494407654 -0.027275921776890755 -0.08656758069992065 -0.9990155100822449 0.03810013085603714 0.022727014496922493 5.256992340087891
14.61968 0.02292480506002903 0.026714002713561058 0.9993802905082703 0.6879174709320068 0.041781410574913025 0.9987438917160034 -0.02765541709959507 -0.08763962239027023 -0.9988637566566467 0.042389512062072754 0.02177986316382885 5.258663177490234
14.72326 0.024141013622283936 0.025594210252165794 0.9993810057640076 0.7242147326469421 0.04488447308540344 0.9986364245414734 -0.026659367606043816 -0.08948923647403717 -0.9987004995346069 0.045500271022319794 0.022959310561418533 5.25756311416626
14.82686 0.02704828977584839 0.026161933317780495 0.9992918968200684 0.769660234451294 0.04659038409590721 0.9985382556915283 -0.02740328572690487 -0.09021878242492676 -0.9985477924346924 0.047298602759838104 0.025789853185415268 5.257641315460205
14.93048 0.030377686023712158 0.02564316987991333 0.9992096424102783 0.8151044845581055 0.049387384206056595 0.9984112977981567 -0.027124149724841118 -0.09236559271812439 -0.9983177185058594 0.050172317773103714 0.029062975198030472 5.259675025939941
15.0341 0.034795667976140976 0.025036156177520752 0.9990808963775635 0.8567178845405579 0.04991912096738815 0.9983948469161987 -0.026757529005408287 -0.09361273795366287 -0.9981469511985779 0.05080427974462509 0.03349002078175545 5.261048316955566
15.13784 0.0388965867459774 0.023021427914500237 0.9989781379699707 0.9048903584480286 0.05142820253968239 0.9983635544776917 -0.025009695440530777 -0.09549722075462341 -0.9979189038276672 0.05234842747449875 0.03764897584915161 5.262784957885742
15.24145 0.043030016124248505 0.021810542792081833 0.9988358020782471 0.9542933702468872 0.05128401890397072 0.998395562171936 -0.024010250344872475 -0.09669602662324905 -0.9977566599845886 0.0522574707865715 0.04184243828058243 5.265153884887695
15.34508 0.04660575091838837 0.019777409732341766 0.9987176060676575 0.997580885887146 0.04805213212966919 0.9986021518707275 -0.022017501294612885 -0.09769150614738464 -0.9977569580078125 0.049016647040843964 0.04559025540947914 5.267110824584961
15.44881 0.051180314272642136 0.018697435036301613 0.9985144138336182 1.0483734607696533 0.04732720926403999 0.9986560344696045 -0.02112591080367565 -0.09920279681682587 -0.9975674152374268 0.04833811894059181 0.05022663623094559 5.269532203674316
15.55255 0.05499061942100525 0.0195605605840683 0.9982953071594238 1.098235845565796 0.04417196661233902 0.9987816214561462 -0.022003278136253357 -0.10095109045505524 -0.9975093603134155 0.045306626707315445 0.054059598594903946 5.272773742675781
15.65617 0.05792122334241867 0.023846447467803955 0.9980363249778748 1.1443493366241455 0.04245641082525253 0.9987514019012451 -0.026327498257160187 -0.10201588273048401 -0.9974179863929749 0.04389794543385506 0.05683646723628044 5.2756547927856445
15.7599 0.05888841301202774 0.02945011295378208 0.9978300929069519 1.1974883079528809 0.03674577549099922 0.998823344707489 -0.03164803609251976 -0.10379154980182648 -0.997588038444519 0.038529738783836365 0.05773695558309555 5.280115604400635
15.86364 0.05819634348154068 0.03262092545628548 0.9977720975875854 1.250748634338379 0.03388001397252083 0.9988256692886353 -0.03463146835565567 -0.10575816035270691 -0.9977301955223083 0.035819947719573975 0.057022809982299805 5.284512996673584
15.96739 0.05902589112520218 0.03179575875401497 0.9977500438690186 1.293752908706665 0.03128091245889664 0.998943030834198 -0.033684324473142624 -0.10764661431312561 -0.9977662563323975 0.033198777586221695 0.05796891078352928 5.285295009613037
16.07102 0.058910321444272995 0.029789365828037262 0.9978187680244446 1.3463298082351685 0.028660086914896965 0.999092161655426 -0.03151944279670715 -0.11018174886703491 -0.9978517889976501 0.03045438416302204 0.05800307169556618 5.28888463973999
16.17474 0.05837772414088249 0.028719281777739525 0.9978815317153931 1.4003791809082031 0.029174791648983955 0.9991101026535034 -0.030461421236395836 -0.11248383671045303 -0.9978681206703186 0.03089124709367752 0.05748790502548218 5.292348384857178
16.27845 0.05884579196572304 0.028239469975233078 0.9978675842285156 1.4434385299682617 0.026790030300617218 0.9991950988769531 -0.029856890439987183 -0.11423178017139435 -0.9979074597358704 0.028489859774708748 0.05804191157221794 5.29520845413208
16.38209 0.05896398797631264 0.028953056782484055 0.997840166091919 1.4969525337219238 0.025451676920056343 0.999210774898529 -0.030496804043650627 -0.1162644475698471 -0.9979355931282043 0.027194919064641 0.058180540800094604 5.298752307891846
