1403638127.295097 1.0 0.0 0.0 0.0 0.0 1.0 0.0 0.0 0.0 0.0 1.0 0.0
1403638127.345097 1.0 -0.00017888529691845179 -1.8528378859627992e-05 -7.093637395882979e-05 0.00017888430738821626 1.0 -5.308668551151641e-05 2.1372819901444018e-05 1.85378739843145e-05 5.3083371312823147e-05 1.0 -0.0003359201073180884
1403638127.395097 0.9999997615814209 -0.0006874374230392277 0.00012515412527136505 -0.000225148192839697 0.0006873979582451284 0.9999997019767761 0.00031508784741163254 7.686892058700323e-05 -0.0001253706868737936 -0.0003150017582811415 0.9999999403953552 -0.0004894497105851769
1403638127.445097 0.9999999403953552 -9.326245344709605e-05 0.0002619316801428795 -1.20725044325809e-05 9.322421828983352e-05 1.0 0.0001459810882806778 0.00011073801579186693 -0.00026194530073553324 -0.00014595665561500937 0.9999999403953552 -0.0003394393716007471
1403638127.4950972 0.9999998211860657 -0.00029992664349265397 0.0005052115302532911 -3.977140295319259e-05 0.0003002989978995174 0.9999997019767761 -0.0007371429819613695 -8.959274055087008e-06 -0.000504990282934159 0.0007372946129180491 0.9999995827674866 -0.0004660587874241173
1403638127.5450969 0.9999998211860657 -0.0005823819665238261 2.037097146967426e-05 -0.00014253283734433353 0.0005823811516165733 0.9999998211860657 3.902538082911633e-05 -9.513454278931022e-05 -2.0393696104292758e-05 -3.901351010426879e-05 1.0 -0.0005296591552905738
1403638127.595097 0.9999998807907104 -0.0005123057053424418 -2.5963801817852072e-05 -7.964114047354087e-05 0.000512310245539993 0.9999998807907104 0.00017587801266927272 -2.1672158254659735e-05 2.587369453976862e-05 -0.00017589129856787622 1.0 9.821230923989788e-05
1403638127.645097 0.9999997019767761 -0.0006768201710656285 -0.0003417185216676444 -0.00011436723434599116 0.0006769230822101235 0.9999997019767761 0.00030116765992715955 -3.7593967135762796e-05 0.00034151459112763405 -0.0003013988898601383 0.9999998807907104 -5.217524085310288e-05
1403638127.695097 1.0 -0.0001114017068175599 -0.0001833030255511403 0.00010004211799241602 0.00011140087735839188 1.0 -4.521227310760878e-06 1.9028211681870744e-05 0.00018330352031625807 4.500806880969321e-06 1.0 4.882935172645375e-05
1403638127.745097 0.9999998211860657 -0.0005420849192887545 -0.00011273595737293363 -0.00022633274784311652 0.0005420994129963219 0.9999998211860657 0.00012873888772446662 0.0001027472535497509 0.00011266615183558315 -0.0001287999766645953 1.0 -0.00038935086922720075
1403638127.795097 1.0 -0.0002224740310339257 -7.341331365751103e-05 -0.00031013134866952896 0.00022249315225053579 0.9999999403953552 0.0002606757916510105 5.187497299630195e-05 7.335531699936837e-05 -0.00026069211889989674 0.9999999403953552 -0.0002763842639978975
1403638127.845097 0.9999997019767761 -0.0007853974238969386 -9.991353726945817e-05 -0.0002496830129530281 0.0007854194263927639 0.9999996423721313 0.00022020803589839488 2.0096349544473924e-05 9.974055137718096e-05 -0.00022028644161764532 1.0 -0.0003236535412725061
1403638127.895097 0.9999995231628418 -0.0009448628406971693 -0.0001988454459933564 -0.0002075966913253069 0.0009448911878280342 0.9999995231628418 0.00014264407218433917 3.186835238011554e-05 0.0001987105788430199 -0.0001428318937541917 0.9999999403953552 -0.0005364767857827246
1403638127.945097 0.9999990463256836 -0.0013110784348100424 -0.00040379544952884316 -0.00016242623678408563 0.0013111603911966085 0.9999991059303284 0.0002026971196755767 -7.1112162913777865e-06 0.0004035293241031468 -0.00020322635828051716 0.9999998807907104 -0.0004577851796057075
1403638127.9950972 0.9999992847442627 -0.0011624264298006892 -0.00034789543133229017 -0.00014256511349231005 0.001162596745416522 0.9999992251396179 0.0004898394108749926 0.00011044242273783311 0.00034732575295493007 -0.0004902434884570539 0.9999998211860657 6.551569094881415e-05
1403638128.0450969 0.9999999403953552 -0.0003680778027046472 1.4905932403053157e-05 -1.3866319022781681e-05 0.00036806799471378326 0.9999997019767761 0.0006524844211526215 6.255356129258871e-05 -1.5146093574003316e-05 -0.0006524788914248347 0.9999997615814209 -0.00021839176770299673
1403638128.095097 0.9999998211860657 -0.0006049429648555815 0.00012104528286727145 -0.0001734634133754298 0.0006047929055057466 0.9999990463256836 0.0012359904358163476 2.5873219783534296e-05 -0.00012179287296021357 -0.0012359170941635966 0.9999992251396179 -4.871682176599279e-05
1403638128.145097 0.999998927116394 -0.0014803125523030758 3.9275502786040306e-05 -0.00011092587374150753 0.001480241073295474 0.9999973773956299 0.0017625049222260714 -0.00010437980381539091 -4.1884457459673285e-05 -0.0017624448519200087 0.9999984502792358 0.00024024458252824843
1403638128.195097 0.9999975562095642 -0.0022015762515366077 -0.00025462170015089214 -0.00031480981851927936 0.0022020135074853897 0.9999960660934448 0.001730646938085556 6.399063568096608e-05 0.00025081055355258286 -0.0017312034033238888 0.9999984502792358 -6.397512333933264e-05
1403638128.245097 0.9999995231628418 -0.0009657963528297842 0.00018258362251799554 -0.00037251351750455797 0.000965478306170553 0.9999980330467224 0.001734259887598455 3.4639902878552675e-05 -0.00018425819871481508 -0.0017340827034786344 0.9999984502792358 0.00012646510731428862
1403638128.295097 0.9999995827674866 -0.0008621304878033698 0.0003660790098365396 -0.00041432466241531074 0.0008615604019723833 0.9999983906745911 0.0015546526992693543 7.52835112507455e-05 -0.00036741874646395445 -0.0015543366316705942 0.9999987483024597 -0.00048667981172911823
1403638128.345097 0.9999994039535522 -0.0011149565689265728 6.809647311456501e-05 -0.00033883468131534755 0.0011148577323183417 0.9999983310699463 0.0014334508450701833 3.388417781025055e-06 -6.969459354877472e-05 -0.0014333740109577775 0.9999989867210388 -0.0002469207684043795
1403638128.395097 0.9999995231628418 -0.0008589837234467268 0.00043916888535022736 -0.00021212427236605436 0.0008584466995671391 0.9999988675117493 0.0012214933522045612 6.088675218052231e-05 -0.00044021764188073575 -0.0012211158173158765 0.9999991655349731 4.212259955238551e-05
1403638128.445097 0.9999991655349731 -0.0012828400358557701 0.0002772729203570634 -0.000252261059358716 0.0012824238510802388 0.9999980330467224 0.001496048760600388 5.8873654779745266e-05 -0.0002791915612760931 -0.0014956919476389885 0.9999988675117493 -0.0002158434799639508
1403638128.4950972 0.9999986886978149 -0.0015348808374255896 0.0004769627994392067 -0.0003680991940200329 0.001534057897515595 0.9999973177909851 0.0017208262579515576 -5.507475361810066e-05 -0.00047960280789993703 -0.0017200923757627606 0.9999983906745911 0.00011215523409191519
1403638128.5450969 0.9999988079071045 -0.0014458271907642484 0.0005238962476141751 -0.000311751791741699 0.0014449391746893525 0.9999974966049194 0.0016914064763113856 -3.0936662369640544e-05 -0.0005263404455035925 -0.001690647448413074 0.9999984502792358 0.00020304891222622246
1403638128.595097 0.9999985098838806 -0.0017202806193381548 0.00022315463866107166 -0.00025197569630108774 0.001719896448776126 0.999997079372406 0.0017100530676543713 2.430249151075259e-05 -0.00022609575535170734 -0.0017096666852012277 0.9999985098838806 -0.00017211840895470232
1403638128.645097 0.9999985694885254 -0.0016615618951618671 0.00032601028215140104 -2.1301482775015756e-05 0.0016610114835202694 0.9999971985816956 0.0016815533163025975 -0.0001195048971567303 -0.0003288033767603338 -0.001681009423919022 0.9999985098838806 -0.00036841616383753717
1403638128.695097 0.9999961853027344 -0.002656318247318268 0.0007777457940392196 -0.00036233998253010213 0.002654645126312971 0.999994158744812 0.002144545316696167 -5.989054625388235e-05 -0.0007834378047846258 -0.0021424724254757166 0.9999973773956299 1.7501652109785937e-05
1403638128.745097 0.9999935626983643 -0.0033283079974353313 0.0013332593953236938 -0.00059797108406201 0.0033237957395613194 0.9999887943267822 0.003372421022504568 -0.00044128502486273646 -0.0013444689102470875 -0.003367967903614044 0.9999934434890747 0.00042751574073918164
1403638128.795097 0.9999940991401672 -0.0031417456921190023 0.0013817156432196498 -0.0006311541073955595 0.003136988030746579 0.9999892115592957 0.0034320494160056114 -0.0003070513776037842 -0.0013924833619967103 -0.003427694784477353 0.9999931454658508 -0.00016128757852129638
1403638128.845097 0.9999914765357971 -0.003118005348369479 0.002700782148167491 -0.0005398563807830215 0.003107360564172268 0.9999874234199524 0.003936567809432745 -0.00039230877882800996 -0.002713022520765662 -0.003928142134100199 0.9999886155128479 0.000434989167843014
1403638128.895097 0.999992847442627 -0.0029146999586373568 0.002419800730422139 -0.00046291277976706624 0.0029051806777715683 0.9999880790710449 0.003928079269826412 -0.0002663484192453325 -0.0024312210734933615 -0.003921021241694689 0.9999893307685852 0.0004445835656952113
1403638128.945097 0.9999959468841553 -0.0008665661443956196 0.0027019530534744263 -0.00011824799730675295 0.0008571580401621759 0.9999935626983643 0.0034811736550182104 -0.00012629923003260046 -0.0027049523778259754 -0.0034788434859365225 0.9999902844429016 -8.568257908336818e-05
1403638128.9950972 0.999995768070221 -0.0010803691111505032 0.0026907322462648153 -0.00034831545781344175 0.0010708339978009462 0.9999931454658508 0.0035426337271928787 -0.0001386394869768992 -0.0026945413555949926 -0.0035397375468164682 0.9999901056289673 -0.0003077276924159378
1403638129.0450969 0.9999977946281433 -0.0001738212158670649 0.0020999328698962927 -4.6500281314365566e-05 0.00016767393390182406 0.9999957084655762 0.002927192021161318 -0.0004258671251591295 -0.0021004327572882175 -0.002926833461970091 0.9999935030937195 0.0006723919068463147
1403638129.095097 0.9999678134918213 0.007101764436811209 0.0037378272973001003 -8.044895366765559e-05 -0.007112664170563221 0.9999704957008362 0.0029108882881700993 -0.0005421998212113976 -0.0037170443683862686 -0.0029373804572969675 0.9999887943267822 -0.00023569961194880307
1403638129.145097 0.9999164342880249 0.011365232057869434 0.006164663005620241 -0.0006969482637941837 -0.011377338320016861 0.9999334216117859 0.001932300510816276 -0.001567642204463482 -0.0061422912403941154 -0.0020022764801979065 0.9999791383743286 -2.218219196947757e-05
1403638129.195097 0.9999364018440247 0.00984584353864193 0.005494772456586361 -0.0007140623638406396 -0.009830906055867672 0.9999479055404663 -0.002738848328590393 -0.003653834806755185 -0.005521452985703945 0.002684655599296093 0.999981164932251 -0.0008312188438139856
1403638129.245097 0.9999682307243347 -0.00792581494897604 -0.0008279072353616357 -0.000499243731610477 0.007914031855762005 0.9998791813850403 -0.013378815725445747 -0.008143037557601929 0.0009338452364318073 0.013371838256716728 0.9999101758003235 -0.001564819016493857
1403638129.295097 0.9991006255149841 -0.0415494330227375 -0.008451545611023903 0.0004377646546345204 0.041248589754104614 0.9986004829406738 -0.03310389071702957 -0.014256306923925877 0.009815162979066372 0.0327255055308342 0.9994162917137146 -0.004532025661319494
1403638129.345097 0.9965341091156006 -0.08217006176710129 -0.012951632961630821 0.002249976620078087 0.08127767592668533 0.9949620366096497 -0.058689653873443604 -0.022698787972331047 0.0177089162170887 0.05743356794118881 0.998192310333252 -0.007015055976808071
1403638129.395097 0.9935172200202942 -0.11258888989686966 -0.015724049881100655 0.0032397897448390722 0.11113418638706207 0.9910355806350708 -0.07414610683917999 -0.030727796256542206 0.023931121453642845 0.07191795110702515 0.9971234202384949 -0.009616447612643242
1403638129.445097 0.9920560121536255 -0.12459389865398407 -0.017353666946291924 0.004014451522380114 0.12307132035493851 0.9898436069488525 -0.07115603238344193 -0.03538711741566658 0.02604302391409874 0.06845501810312271 0.9973142147064209 -0.011413957923650742
1403638129.4950972 0.9933294653892517 -0.11362624168395996 -0.019638167694211006 0.003779311664402485 0.11246001720428467 0.9922541975975037 -0.05276735872030258 -0.03724513202905655 0.0254818107932806 0.050206851214170456 0.9984136819839478 -0.012687167152762413
1403638129.5450969 0.9959813952445984 -0.08693499118089676 -0.021520843729376793 0.002892649034038186 0.08629148453474045 0.9958415627479553 -0.029215551912784576 -0.03813886642456055 0.023971201851963997 0.02724107727408409 0.9993414878845215 -0.013564403168857098
1403638129.595097 0.9982361793518066 -0.055621348321437836 -0.020755257457494736 0.0018451146315783262 0.05540906637907028 0.9984067678451538 -0.01066703349351883 -0.03964937850832939 0.021315503865480423 0.009498193860054016 0.9997276663780212 -0.014056812971830368
1403638129.645097 0.9993202686309814 -0.03154618293046951 -0.019071057438850403 0.0012664448004215956 0.0315384715795517 0.9995023012161255 -0.0007047720137052238 -0.04312160238623619 0.019083792343735695 0.0001028211263474077 0.9998180270195007 -0.016464412212371826
1403638129.695097 0.9996459484100342 -0.02122439816594124 -0.016045210883021355 0.0012420550920069218 0.02116619236767292 0.9997687339782715 -0.003788713365793228 -0.04834440350532532 0.016121918335556984 0.0034477566368877888 0.9998641610145569 -0.0182290431112051
1403638129.745097 0.999579906463623 -0.02393290586769581 -0.01634492725133896 0.001052174367941916 0.023737991228699684 0.999646008014679 -0.012016654945909977 -0.05567106977105141 0.016626736149191856 0.011623612605035305 0.9997942447662354 -0.02060733363032341
1403638129.795097 0.9994835257530212 -0.026264142245054245 -0.018519386649131775 0.0004108850844204426 0.02604861371219158 0.9995912313461304 -0.011784697882831097 -0.06345730274915695 0.01882133074104786 0.011296204291284084 0.9997590780258179 -0.02330823428928852
1403638129.845097 0.9995240569114685 -0.022127648815512657 -0.021495573222637177 -0.0006313730264082551 0.022130083292722702 0.9997550845146179 -0.00012495595728978515 -0.07166284322738647 0.021493079140782356 -0.00035080217639915645 0.9997689723968506 -0.026699643582105637
1403638129.895097 0.999597430229187 -0.014353588223457336 -0.024473806843161583 -0.0020829965360462666 0.014667825773358345 0.9998116493225098 0.01270896103233099 -0.08163203299045563 0.024286778643727303 -0.013062823563814163 0.9996196627616882 -0.03068162128329277
1403638129.945097 0.9996238350868225 -0.00705787492915988 -0.026501478627324104 -0.0029912618920207024 0.007532263174653053 0.9998124241828918 0.017843451350927353 -0.09449160099029541 0.0263705775141716 -0.018036358058452606 0.999489426612854 -0.03631477802991867
1403638129.9950972 0.99955153465271 -0.008855344727635384 -0.028606928884983063 -0.004412964452058077 0.009135405533015728 0.9999114871025085 0.009674141183495522 -0.11024188995361328 0.028518732637166977 -0.009931137785315514 0.9995438456535339 -0.04199553281068802
1403638130.0450969 0.9992737770080566 -0.021821297705173492 -0.031236162409186363 -0.005436573177576065 0.02160816080868244 0.9997410774230957 -0.007144780829548836 -0.13156656920909882 0.03138398379087448 0.006464632228016853 0.9994864463806152 -0.048562049865722656
1403638130.095097 0.9988178014755249 -0.03397385776042938 -0.03476523980498314 -0.006248227786272764 0.033188994973897934 0.9991864562034607 -0.0229097381234169 -0.15106214582920074 0.03551529347896576 0.02172882668673992 0.9991328120231628 -0.05544186010956764
1403638130.145097 0.998397946357727 -0.03967094421386719 -0.04034319519996643 -0.006549229845404625 0.03843521326780319 0.9987815022468567 -0.030958179384469986 -0.16982701420783997 0.04152217507362366 0.02935798652470112 0.9987061023712158 -0.06271445751190186
1403638130.195097 0.9982802867889404 -0.036223120987415314 -0.04609124734997749 -0.007506968453526497 0.03481247276067734 0.998911440372467 -0.03104882687330246 -0.18824462592601776 0.04716576263308525 0.029390886425971985 0.9984545111656189 -0.06990379095077515
1403638130.245097 0.9981480240821838 -0.03222976624965668 -0.05159108340740204 -0.008778728544712067 0.030637990683317184 0.9990386962890625 -0.031352896243333817 -0.2075253427028656 0.05255197733640671 0.029714183881878853 0.9981759190559387 -0.07816721498966217
1403638130.295097 0.9976544976234436 -0.0382094644010067 -0.056793611496686935 -0.009742551483213902 0.03596293553709984 0.9985496401786804 -0.040065325796604156 -0.22813692688941956 0.058242108672857285 0.03792888671159744 0.9975816607475281 -0.08550369739532471
1403638130.345097 0.9966703057289124 -0.05461995676159859 -0.06053788214921951 -0.010776721872389317 0.0514218769967556 0.9972598552703857 -0.053183749318122864 -0.2497975081205368 0.06327688694000244 0.04989369958639145 0.9967480301856995 -0.09319911152124405
1403638130.395097 0.9955349564552307 -0.06805853545665741 -0.06540761888027191 -0.011009817942976952 0.06395359337329865 0.9959667921066284 -0.0629284679889679 -0.2697974443435669 0.06942663341760635 0.05846443399786949 0.9958723783493042 -0.1013106107711792
1403638130.445097 0.9947343468666077 -0.07302432507276535 -0.07190996408462524 -0.012321660295128822 0.06830508261919022 0.9954766631126404 -0.06603528559207916 -0.28993552923202515 0.07640686631202698 0.0607757605612278 0.9952226877212524 -0.10972006618976593
1403638130.4950972 0.9950149655342102 -0.06339556723833084 -0.07698189467191696 -0.009433935396373272 0.05861065536737442 0.9962971210479736 -0.06290242075920105 -0.3082394301891327 0.08068457245826721 0.0580768920481205 0.9950463175773621 -0.12255453318357468
1403638130.5450969 0.995854914188385 -0.04762858524918556 -0.07748985290527344 -0.016471467912197113 0.04324236512184143 0.9974183440208435 -0.0573301836848259 -0.3232000768184662 0.08002036809921265 0.0537417009472847 0.9953434467315674 -0.1258089393377304
1403638130.595097 0.9962407946586609 -0.04057558625936508 -0.0765366405248642 -0.018231777474284172 0.03618701547384262 0.9976674914360046 -0.0578802116215229 -0.3407799303531647 0.07870662957429886 0.054892998188734055 0.9953854084014893 -0.1303182691335678
1403638130.645097 0.996295690536499 -0.041255779564380646 -0.07545111328363419 -0.01637861132621765 0.036165546625852585 0.9970548748970032 -0.0676291286945343 -0.36150670051574707 0.07801897823810577 0.06464987993240356 0.9948534369468689 -0.14152221381664276
1403638130.695097 0.9956300258636475 -0.054304707795381546 -0.07597242295742035 -0.016244307160377502 0.048119671642780304 0.9955518245697021 -0.08099989593029022 -0.3782501816749573 0.08003316819667816 0.07699016481637955 0.9938144683837891 -0.14885903894901276
1403638130.745097 0.9937325119972229 -0.07763268798589706 -0.0804288238286972 -0.016836054623126984 0.06995158642530441 0.9930852055549622 -0.0942784771323204 -0.40763726830482483 0.08719176054000854 0.08806144446134567 0.9922916889190674 -0.16516698896884918
1403638130.795097 0.9913908839225769 -0.09809783846139908 -0.08672349900007248 -0.01852114126086235 0.08908508718013763 0.9907553195953369 -0.10231153666973114 -0.423660546541214 0.09595832228660583 0.0937049463391304 0.990964949131012 -0.17284871637821198
1403638130.845097 0.9903551936149597 -0.1035556048154831 -0.09204911440610886 -0.011749817058444023 0.09373334795236588 0.990013837814331 -0.10529366135597229 -0.43394744396209717 0.10203365236520767 0.09565005451440811 0.9901717901229858 -0.17704084515571594
1403638130.895097 0.9897077083587646 -0.10663244128227234 -0.09543724358081818 -0.015501628629863262 0.09610159695148468 0.9894003868103027 -0.10886400938034058 -0.442310631275177 0.10603408515453339 0.09857185930013657 0.9894646406173706 -0.1789127141237259
1403638130.945097 0.9895424246788025 -0.11163080483675003 -0.09134723991155624 -0.012774490751326084 0.10016850382089615 0.9875025749206543 -0.1216755360364914 -0.45042529702186584 0.10378837585449219 0.11125299334526062 0.9883575439453125 -0.1870863288640976
1403638130.9950972 0.9896941781044006 -0.117169588804245 -0.08232144266366959 -0.015729553997516632 0.10468831658363342 0.9842674732208252 -0.14233019948005676 -0.4477720558643341 0.09770307689905167 0.132245272397995 0.9863900542259216 -0.18792122602462769
1403638131.0450969 0.9893869161605835 -0.12347779422998428 -0.0765952616930008 -0.012382224202156067 0.11015647649765015 0.9811478853225708 -0.1587904542684555 -0.44685477018356323 0.09475836157798767 0.14866770803928375 0.9843367338180542 -0.18710143864154816
1403638131.095097 0.9900568723678589 -0.12109461426734924 -0.07157870382070541 -0.01457219198346138 0.10809165984392166 0.9805567860603333 -0.1637815535068512 -0.44187888503074646 0.09002004563808441 0.15441597998142242 0.9838963150978088 -0.18637153506278992
1403638131.145097 0.9910067319869995 -0.11282871663570404 -0.07194001227617264 -0.007668543606996536 0.10065342485904694 0.9827979207038879 -0.15484574437141418 -0.4373193383216858 0.0881735235452652 0.1462121605873108 0.9853159189224243 -0.18429917097091675
1403638131.195097 0.9928280711174011 -0.09509499371051788 -0.07245191931724548 -0.006028627045452595 0.08450628817081451 0.9869130849838257 -0.13733616471290588 -0.42618975043296814 0.08456370234489441 0.13022856414318085 0.9878711700439453 -0.18058045208454132
1403638131.245097 0.9948461055755615 -0.07196589559316635 -0.07143005728721619 -0.012308571487665176 0.0633016973733902 0.9911220073699951 -0.11691904813051224 -0.40655046701431274 0.07921008765697479 0.11179481446743011 0.9905693531036377 -0.17012125253677368
1403638131.295097 0.99568110704422 -0.057439714670181274 -0.07293674349784851 -0.0071503771468997 0.04996566101908684 0.993685781955719 -0.10045906901359558 -0.3994143009185791 0.07824652642011642 0.09638085961341858 0.9922642111778259 -0.16570907831192017
1403638131.345097 0.9960154891014099 -0.05097970366477966 -0.07317215204238892 -0.006306946277618408 0.04411359131336212 0.9947289228439331 -0.09256470948457718 -0.38460835814476013 0.07750537991523743 0.08896799385547638 0.993014395236969 -0.16171132028102875
1403638131.395097 0.996110200881958 -0.052048102021217346 -0.0711025595664978 -0.002114776521921158 0.04539305344223976 0.9947047829627991 -0.09220509231090546 -0.36717790365219116 0.07552514970302582 0.08861885219812393 0.9931981563568115 -0.15169015526771545
1403638131.445097 0.9962721467018127 -0.05233917385339737 -0.06857393682003021 -0.003951929043978453 0.045717719942331314 0.9944455027580261 -0.09480508416891098 -0.34891781210899353 0.07315506041049957 0.09131663292646408 0.9931312799453735 -0.1448105275630951
1403638131.4950972 0.9971351623535156 -0.04315280541777611 -0.06212356314063072 -0.005600712262094021 0.037234872579574585 0.9949270486831665 -0.09345381706953049 -0.3357711434364319 0.06584121286869049 0.09087291359901428 0.9936835765838623 -0.14070537686347961
1403638131.5450969 0.9973862767219543 -0.039402659982442856 -0.06056435778737068 -0.007901392877101898 0.034012120217084885 0.9955754280090332 -0.0875944122672081 -0.3178253173828125 0.063747838139534 0.08530554175376892 0.9943134784698486 -0.13687117397785187
1403638131.595097 0.9975100159645081 -0.0363810695707798 -0.06041661649942398 -0.0025469171814620495 0.03138425201177597 0.9961634874343872 -0.08168931305408478 -0.2916160821914673 0.06315676867961884 0.07958978414535522 0.994825005531311 -0.12335896492004395
1403638131.645097 0.9976682066917419 -0.030607718974351883 -0.061002545058727264 -0.001852122601121664 0.025862036272883415 0.9966862797737122 -0.07712067663669586 -0.27157631516456604 0.06316088140010834 0.07536320388317108 0.9951537847518921 -0.11737548559904099
1403638131.695097 0.997840940952301 -0.026316005736589432 -0.060174476355314255 0.00660544540733099 0.021663818508386612 0.996819019317627 -0.07669781148433685 -0.25262120366096497 0.06200142949819565 0.07522860914468765 0.995236873626709 -0.11551862210035324
1403638131.745097 0.9980642199516296 -0.021664613857865334 -0.05829757824540138 0.0038795853033661842 0.0171598382294178 0.996907114982605 -0.07669240981340408 -0.23103371262550354 0.05977877229452133 0.07554357498884201 0.9953490495681763 -0.10376997292041779
1403638131.795097 0.9985473155975342 -0.010682102292776108 -0.052810560911893845 0.002763657597824931 0.006618847139179707 0.9970457553863525 -0.07652463018894196 -0.20551873743534088 0.05347197502851486 0.07606393098831177 0.9956681132316589 -0.09298976510763168
1403638131.845097 0.9988916516304016 0.00021630025003105402 -0.04706703871488571 0.0044946977868676186 -0.0036379515659064054 0.9973527789115906 -0.07262389361858368 -0.1836506426334381 0.04692672938108444 0.07271463423967361 0.9962481260299683 -0.08447834849357605
1403638131.895097 0.9990783929824829 0.006097299046814442 -0.042485352605581284 0.006617905106395483 -0.009107941761612892 0.9974323511123657 -0.07103397697210312 -0.1621364951133728 0.041943132877349854 0.07135546952486038 0.9965686798095703 -0.0769987627863884
1403638131.945097 0.9991266131401062 0.011245137080550194 -0.040241681039333344 0.007868428714573383 -0.01405795756727457 0.9974260330200195 -0.07031240314245224 -0.14390531182289124 0.039347417652606964 0.07081672549247742 0.996712863445282 -0.07054603099822998
1403638131.9950972 0.9989341497421265 0.024505313485860825 -0.03911564499139786 0.008985156193375587 -0.027005568146705627 0.9975376725196838 -0.0647260993719101 -0.1288120597600937 0.0374331921339035 0.06571345031261444 0.9971361756324768 -0.06577319651842117
1403638132.0450969 0.9982371926307678 0.04302232339978218 -0.040883757174015045 0.009172962978482246 -0.04526042565703392 0.9974327683448792 -0.05549260973930359 -0.1179749071598053 0.038391366600990295 0.057245202362537384 0.9976217746734619 -0.06327680498361588
1403638132.095097 0.9972200393676758 0.061234697699546814 -0.04245562106370926 0.009603259153664112 -0.06305203586816788 0.9970887899398804 -0.04287559539079666 -0.11246436089277267 0.039706550538539886 0.04543331265449524 0.9981778860092163 -0.06157786771655083
1403638132.145097 0.9962906241416931 0.0729144811630249 -0.04569874703884125 0.00888850912451744 -0.07460197061300278 0.9965497851371765 -0.036376941949129105 -0.11464162915945053 0.04288867115974426 0.03965122625231743 0.9982928037643433 -0.06308118253946304
1403638132.195097 0.996103048324585 0.07306816428899765 -0.04939272999763489 0.008939233608543873 -0.07504047453403473 0.9964045882225037 -0.03933028131723404 -0.12554728984832764 0.04634134843945503 0.04288347437977791 0.9980047345161438 -0.06841021031141281
1403638132.245097 0.996647298336029 0.0606665201485157 -0.05489625781774521 0.008144862949848175 -0.06358393281698227 0.9965651035308838 -0.053057461977005005 -0.14281441271305084 0.051488883793354034 0.056370094418525696 0.9970813393592834 -0.07442326098680496
1403638132.295097 0.997077226638794 0.04534591734409332 -0.06148795783519745 0.0070607285015285015 -0.04955928400158882 0.9963969588279724 -0.06882531940937042 -0.16619718074798584 0.058145470917224884 0.07167145609855652 0.9957320690155029 -0.08440063148736954
1403638132.345097 0.9972068667411804 0.035699259489774704 -0.0656048133969307 0.006117167882621288 -0.04089882969856262 0.995979368686676 -0.07970236241817474 -0.19249297678470612 0.06249570846557617 0.08216288685798645 0.9946575164794922 -0.0952681303024292
1403638132.395097 0.9969006776809692 0.02029261738061905 -0.07600810378789902 0.004152324981987476 -0.026709767058491707 0.9960750937461853 -0.08438579738140106 -0.22062261402606964 0.073997363448143 0.08615441620349884 0.9935299158096313 -0.10775605589151382
1403638132.445097 0.9963238835334778 0.003622137475758791 -0.08558937907218933 0.00633145309984684 -0.011722764931619167 0.9954715371131897 -0.09433327615261078 -0.24985827505588531 0.08486010134220123 0.0949898436665535 0.9918547868728638 -0.12675261497497559
1403638132.4950972 0.9952341914176941 -0.022153275087475777 -0.09496451914310455 0.006997834425419569 0.011415129527449608 0.9936245083808899 -0.11216085404157639 -0.2856038212776184 0.09684380888938904 0.11054228246212006 0.9891419410705566 -0.1429349184036255
1403638132.5450969 0.9936664700508118 -0.048350609838962555 -0.10143552720546722 0.010869881138205528 0.03424203768372536 0.9900502562522888 -0.1364842653274536 -0.3143322467803955 0.10702537000179291 0.13214649260044098 0.985435426235199 -0.15778876841068268
1403638132.595097 0.991923987865448 -0.07021844387054443 -0.10562337189912796 0.005741184577345848 0.05281627178192139 0.9858068227767944 -0.15935948491096497 -0.33352726697921753 0.11531420797109604 0.15249386429786682 0.9815539717674255 -0.15665461122989655
1403638132.645097 0.9906129837036133 -0.0825258418917656 -0.10897456109523773 0.004479162395000458 0.0635589063167572 0.9838554859161377 -0.16729798913002014 -0.36069977283477783 0.12102161347866058 0.15880125761032104 0.979865312576294 -0.16936621069908142
1403638132.695097 0.9902516603469849 -0.08416873216629028 -0.11098350584506989 -0.0066630542278289795 0.06601756066083908 0.9852089285850525 -0.15812963247299194 -0.37853094935417175 0.12265149503946304 0.1492612659931183 0.9811614155769348 -0.17778117954730988
1403638132.745097 0.9897603988647461 -0.0847860649228096 -0.11483006179332733 -0.007032455876469612 0.0677400603890419 0.9871142506599426 -0.144971564412117 -0.3962988257408142 0.12564195692539215 0.1357085108757019 0.9827499389648438 -0.18875187635421753
1403638132.795097 0.9896084666252136 -0.08781396597623825 -0.11385820806026459 -0.01865842565894127 0.07153921574354172 0.9875795245170593 -0.13988852500915527 -0.40583327412605286 0.12472819536924362 0.13028955459594727 0.9835993051528931 -0.18487246334552765
1403638132.845097 0.9888723492622375 -0.09579339623451233 -0.11382056027650833 -0.0191558375954628 0.07832876592874527 0.9857181310653687 -0.14907799661159515 -0.4127698838710785 0.12647566199302673 0.13850368559360504 0.982252836227417 -0.19363579154014587
1403638132.895097 0.9875144362449646 -0.1102607399225235 -0.11250771582126617 -0.01458508986979723 0.09096649289131165 0.9822285771369934 -0.1641712337732315 -0.4176710247993469 0.12860992550849915 0.15188702940940857 0.9799948930740356 -0.2002582848072052
1403638132.945097 0.9861462116241455 -0.12037567794322968 -0.11412836611270905 -0.020778317004442215 0.09888380020856857 0.9790160655975342 -0.17818386852741241 -0.4165859520435333 0.13318249583244324 0.1644299030303955 0.9773563146591187 -0.19904613494873047
1403638132.9950972 0.9854233860969543 -0.120732381939888 -0.11985223740339279 -0.021417666226625443 0.09729833155870438 0.9778932332992554 -0.18508902192115784 -0.41238269209861755 0.13954892754554749 0.1707296073436737 0.975385844707489 -0.19118249416351318
1403638133.0450969 0.9867424368858337 -0.10498763620853424 -0.12376150488853455 -0.023542094975709915 0.08165771514177322 0.9801889061927795 -0.180448517203331 -0.4016767740249634 0.14025452733039856 0.16795015335083008 0.9757670164108276 -0.190475732088089
1403638133.095097 0.9887471795082092 -0.08467777818441391 -0.12332312762737274 -0.020332157611846924 0.06311111152172089 0.9835361242294312 -0.169333353638649 -0.3963162302970886 0.1356315165758133 0.15964481234550476 0.977812647819519 -0.18756359815597534
1403638133.145097 0.9899115562438965 -0.07440978288650513 -0.12057450413703918 -0.006855480372905731 0.05448513850569725 0.9854750037193298 -0.16084255278110504 -0.3768467903137207 0.13079142570495605 0.1526504009962082 0.9795873761177063 -0.17920035123825073
1403638133.195097 0.9917900562286377 -0.06715019047260284 -0.1088266670703888 0.005561674013733864 0.04959386959671974 0.9864041209220886 -0.1566758006811142 -0.36766865849494934 0.11786787211894989 0.14999236166477203 0.981636106967926 -0.16977354884147644
1403638133.245097 0.9933183193206787 -0.06785061210393906 -0.09335382282733917 0.015492668375372887 0.05273188650608063 0.9863763451576233 -0.15582332015037537 -0.35637331008911133 0.10265473276376724 0.14985942840576172 0.983363687992096 -0.167754128575325
1403638133.295097 0.9952680468559265 -0.06415024399757385 -0.072982057929039 0.04013429209589958 0.05245044082403183 0.9869506359100342 -0.1522412896156311 -0.3495761454105377 0.08179600536823273 0.14769293367862701 0.9856451153755188 -0.16498588025569916
1403638133.345097 0.996791422367096 -0.05856434628367424 -0.05456293746829033 0.05720598250627518 0.05024481192231178 0.9884427785873413 -0.14302584528923035 -0.3342656195163727 0.06230855733156204 0.13982543349266052 0.988213837146759 -0.1555527299642563
1403638133.395097 0.9979234933853149 -0.05297048017382622 -0.03664465248584747 0.07786309719085693 0.04766584187746048 0.9899736642837524 -0.13296687602996826 -0.31818363070487976 0.043320558965206146 0.13094405829906464 0.9904428124427795 -0.14690835773944855
1403638133.445097 0.9987818598747253 -0.04771800711750984 -0.01255883276462555 0.09821759164333344 0.045791350305080414 0.9911815524101257 -0.1243465468287468 -0.3068252503871918 0.018381640315055847 0.12361998856067657 0.9921594262123108 -0.15203340351581573
1403638133.4950972 0.9986258149147034 -0.05130550637841225 0.01068616658449173 0.12105786800384521 0.052221089601516724 0.9913249015808105 -0.12061399221420288 -0.2987484931945801 -0.004405312240123749 0.12100629508495331 0.9926419854164124 -0.14657357335090637
1403638133.5450969 0.9974521994590759 -0.06291277706623077 0.033632032573223114 0.14800742268562317 0.0664747878909111 0.9907689690589905 -0.11814332753419876 -0.28535225987434387 -0.025888852775096893 0.12007800489664078 0.9924268126487732 -0.13988564908504486
1403638133.595097 0.9957168698310852 -0.07810214906930923 0.049476899206638336 0.16631413996219635 0.08322922885417938 0.9902352690696716 -0.11183490604162216 -0.2726000249385834 -0.040259234607219696 0.11547382175922394 0.9924943447113037 -0.14335864782333374
1403638133.645097 0.9937597513198853 -0.09392061084508896 0.0601712167263031 0.18539349734783173 0.09976709634065628 0.9896717071533203 -0.10293873399496078 -0.2645254135131836 -0.0498817041516304 0.10829947143793106 0.9928660988807678 -0.14440113306045532
1403638133.695097 0.9918187260627747 -0.10503946244716644 0.07254276424646378 0.1996033787727356 0.11174610257148743 0.989128589630127 -0.09558972716331482 -0.24399197101593018 -0.06171344965696335 0.10291405022144318 0.9927740097045898 -0.142706036567688
1403638133.745097 0.9897898435592651 -0.10993270576000214 0.09072422981262207 0.21615996956825256 0.11791658401489258 0.9891247153282166 -0.08790930360555649 -0.23300349712371826 -0.08007346838712692 0.09770964086055756 0.9919884204864502 -0.14328034222126007
1403638133.795097 0.9876279830932617 -0.11085747182369232 0.11091258376836777 0.23318788409233093 0.12040740996599197 0.9892103672027588 -0.0834566056728363 -0.22204168140888214 -0.10046409070491791 0.09577877819538116 0.9903199076652527 -0.14339250326156616
1403638133.845097 0.9857697486877441 -0.10651391744613647 0.13004902005195618 0.25645822286605835 0.11709338426589966 0.9901627898216248 -0.07659410685300827 -0.21206942200660706 -0.12061136960983276 0.09073203057050705 0.9885447025299072 -0.1513596922159195
1403638133.895097 0.9840252995491028 -0.10548190772533417 0.14341434836387634 0.2738068699836731 0.11639714241027832 0.9907358884811401 -0.06995827704668045 -0.20918837189674377 -0.13470639288425446 0.0855337381362915 0.9871869683265686 -0.13360685110092163
1403638133.945097 0.982228696346283 -0.10586556792259216 0.15498127043247223 0.27895867824554443 0.11751995980739594 0.9907362461090088 -0.06805098056793213 -0.20371991395950317 -0.14634129405021667 0.08505503833293915 0.9855707883834839 -0.1272241175174713
1403638133.9950972 0.9811772704124451 -0.10590675473213196 0.16147704422473907 0.28128281235694885 0.11836731433868408 0.9905290603637695 -0.06958028674125671 -0.20213444530963898 -0.152578666806221 0.08738420158624649 0.9844205379486084 -0.12278680503368378
1403638134.0450969 0.981306254863739 -0.10285786539316177 0.16266010701656342 0.2769353687763214 0.11523575335741043 0.9909691214561462 -0.06856383383274078 -0.20246227085590363 -0.15413880348205566 0.0860263779759407 0.984296977519989 -0.10978125780820847
1403638134.095097 0.9826534986495972 -0.09510550647974014 0.15920773148536682 0.27330541610717773 0.10607478767633438 0.9924319982528687 -0.06186268478631973 -0.2059418261051178 -0.15211933851242065 0.07767751067876816 0.9853049516677856 -0.10438913106918335
1403638134.145097 0.9840421676635742 -0.08546452969312668 0.15606726706027985 0.2627960443496704 0.09529218077659607 0.9938389658927917 -0.0566009022295475 -0.20984171330928802 -0.1502683311700821 0.07056966423988342 0.9861233830451965 -0.09179242700338364
1403638134.195097 0.9842588901519775 -0.08199190348386765 0.15656261146068573 0.2512223720550537 0.09234169125556946 0.9939175248146057 -0.060007493942976 -0.2163897156715393 -0.1506902128458023 0.07352016121149063 0.9858433604240417 -0.07958388328552246
1403638134.245097 0.9832262396812439 -0.08859743177890778 0.15942572057247162 0.2342488020658493 0.10171432048082352 0.9919006824493408 -0.07607519626617432 -0.22502952814102173 -0.15139441192150116 0.09101500362157822 0.9842742681503296 -0.058479681611061096
1403638134.295097 0.98213791847229 -0.09711206704378128 0.16116566956043243 0.2165519893169403 0.11233264952898026 0.9897515177726746 -0.0881660059094429 -0.2355818748474121 -0.15095201134681702 0.10469536483287811 0.9829813241958618 -0.04652459919452667
1403638134.345097 0.9815728664398193 -0.10611147433519363 0.15891879796981812 0.19318826496601105 0.12111496925354004 0.9887404441833496 -0.0878843292593956 -0.24303723871707916 -0.1478039175271988 0.105512335896492 0.9833722710609436 -0.024937933310866356
1403638134.395097 0.981552243232727 -0.11503368616104126 0.15271717309951782 0.1721663624048233 0.12861615419387817 0.9882793426513672 -0.0822308361530304 -0.2536882758140564 -0.1414678692817688 0.10035575926303864 0.9848428964614868 -0.015850841999053955
1403638134.445097 0.9812991619110107 -0.12308190017938614 0.1479959338903427 0.15652969479560852 0.13541391491889954 0.9878449440002441 -0.07632468640804291 -0.26283934712409973 -0.13680283725261688 0.09493805468082428 0.9860383868217468 0.00020531192421913147
1403638134.4950972 0.9807370901107788 -0.1308053582906723 0.1450686901807785 0.1351405680179596 0.1428747922182083 0.9868093132972717 -0.07612036168575287 -0.277874618768692 -0.13319817185401917 0.09538072347640991 0.9864890575408936 0.007244635373353958
1403638134.5450969 0.9797367453575134 -0.14125032722949982 0.1420009732246399 0.11603284627199173 0.15345898270606995 0.9849915504455566 -0.0790068507194519 -0.272910475730896 -0.12871000170707703 0.09919723868370056 0.986708402633667 0.02890467271208763
1403638134.595097 0.9793005585670471 -0.15086838603019714 0.13494180142879486 0.09485518932342529 0.16269569098949432 0.9833175539970398 -0.08134201169013977 -0.2844940423965454 -0.12041870504617691 0.10161273181438446 0.98750901222229 0.034720636904239655
1403638134.645097 0.9792014956474304 -0.15486259758472443 0.13108016550540924 0.0646466314792633 0.16588318347930908 0.9830756783485413 -0.07774945348501205 -0.2893449664115906 -0.11682123690843582 0.09787636250257492 0.9883182644844055 0.04393935948610306
1403638134.695097 0.9797772765159607 -0.15558291971683502 0.12581923604011536 0.04429379850625992 0.16520990431308746 0.9837690591812134 -0.0700310543179512 -0.29689693450927734 -0.11288139969110489 0.08940141648054123 0.9895782470703125 0.04793202877044678
1403638134.745097 0.9807547926902771 -0.1552303582429886 0.11842085421085358 0.021960359066724777 0.16309387981891632 0.9847948551177979 -0.059829436242580414 -0.300961434841156 -0.10733288526535034 0.07799172401428223 0.9911593198776245 0.054318562150001526
1403638134.795097 0.9820677638053894 -0.1503843069076538 0.11370005458593369 0.0005385493859648705 0.15665285289287567 0.9864709973335266 -0.048319585621356964 -0.3035944700241089 -0.10489531606435776 0.06526453793048859 0.9923393726348877 0.058731257915496826
1403638134.845097 0.9829371571540833 -0.14529626071453094 0.11279890686273575 -0.019587818533182144 0.1506640613079071 0.9877520799636841 -0.04057340696454048 -0.3160351812839508 -0.10552220046520233 0.05687585845589638 0.9927891492843628 0.05339405685663223
