0.1033914 0.9999986290931702 0.0007891867426224053 0.001458852901123464 -0.00038593600038439035 -0.0007824076456017792 0.9999889135360718 -0.004641642794013023 -0.00019741080177482218 -0.0014624998439103365 0.004640495404601097 0.9999880790710449 0.06872949749231339
0.2071056 0.9999961853027344 -0.0014362632064148784 0.002353671472519636 -0.0003282981342636049 0.001448927097953856 0.9999843835830688 -0.005387690383940935 -0.00012253009481355548 -0.002345896791666746 0.0053910803981125355 0.9999827146530151 0.13747553527355194
0.3102615 0.9999924898147583 -0.003098118118941784 0.0023311697877943516 -0.0001515218464192003 0.003101042937487364 0.9999943971633911 -0.0012520651798695326 -0.00026619358686730266 -0.00232727755792439 0.0012592851417139173 0.9999964833259583 0.2063065767288208
0.4136209 0.9999839067459106 -0.0054417201317846775 0.0016049249097704887 -3.0049588531255722e-05 0.005433992482721806 0.9999738335609436 0.00478071253746748 -0.00037043041083961725 -0.0016308982158079743 -0.004771914798766375 0.9999872446060181 0.27498263120651245
0.5179293 0.9999605417251587 -0.00887133926153183 0.0004451968998182565 -1.2445772881619632e-05 0.008869193494319916 0.9999499917030334 0.004612349905073643 3.916141577064991e-05 -0.0004860922635998577 -0.004608219023793936 0.9999892711639404 0.3429687023162842
0.6203887 0.9999324679374695 -0.011604533530771732 -0.0006200335919857025 5.1226234063506126e-05 0.011605664156377316 0.9999309182167053 0.0018495122203603387 0.00010843214113265276 0.0005985280149616301 -0.0018565832870081067 0.9999980926513672 0.4100920259952545
0.7242193 0.9999261498451233 -0.012084197252988815 -0.0013081022771075368 -0.00017699363525025547 0.012082227505743504 0.9999258518218994 -0.0015029299538582563 0.00017005624249577522 0.0013261670246720314 0.001487014233134687 0.9999980330467224 0.4772328734397888
0.8272107 0.9999289512634277 -0.011719259433448315 -0.002151953289285302 -0.0004413285059854388 0.011714636348187923 0.9999290704727173 -0.0021489730570465326 0.00026524579152464867 0.0021769849117845297 0.0021236110478639603 0.9999953508377075 0.5442513227462769
0.930557 0.9999274015426636 -0.011574719101190567 -0.003332420950755477 -0.0006305300630629063 0.011573717929422855 0.9999329447746277 -0.0003192676813341677 0.00020013150060549378 0.0033358929213136435 0.0002806760312523693 0.9999943375587463 0.6111156940460205
1.03407 0.9999313950538635 -0.01102779246866703 -0.003936124034225941 -0.0013309430796653032 0.011038292199373245 0.9999355673789978 0.002656093565747142 0.00021915975958108902 0.003906578756868839 -0.002699359552934766 0.9999887347221375 0.6776307821273804
1.137438 0.9999264478683472 -0.011171386577188969 -0.004721654113382101 -0.00212917011231184 0.011189326643943787 0.9999303221702576 0.0037907313089817762 0.0006653291638940573 0.004678976722061634 -0.003843284212052822 0.999981701374054 0.743618905544281
1.244258 0.9999078512191772 -0.012491022236645222 -0.005317122675478458 -0.0024303856771439314 0.012516733258962631 0.9999099373817444 0.00482987891882658 0.0006447378545999527 0.005256314761936665 -0.004895987454801798 0.9999741911888123 0.8102482557296753
1.344229 0.9998943209648132 -0.012946264818310738 -0.006605609320104122 -0.002001259010285139 0.012978642247617245 0.9999037981033325 0.004882503766566515 0.0006482773460447788 0.006541763432323933 -0.004967719782143831 0.9999663233757019 0.8755595088005066
1.447568 0.9998923540115356 -0.013057708740234375 -0.0066797020845115185 -0.003982708789408207 0.013080582953989506 0.9999086856842041 0.0033923317678272724 0.0015428701881319284 0.006634796503931284 -0.003479340812191367 0.9999719262123108 0.9412353038787842
1.551083 0.9998753666877747 -0.013475739397108555 -0.00821909960359335 -0.004279680084437132 0.0134909488260746 0.9999074339866638 0.0017978947144001722 0.0012546413345262408 0.008194111287593842 -0.0019085536478087306 0.9999645948410034 1.0062416791915894
1.654521 0.9998412132263184 -0.014835445210337639 -0.009869801811873913 -0.005162979010492563 0.014840406365692616 0.9998897910118103 0.0004298357234802097 0.0014786836691200733 0.00986233726143837 -0.0005762394866906106 0.999951183795929 1.072009563446045
1.757843 0.9998292922973633 -0.014476983807981014 -0.011482879519462585 -0.005861716810613871 0.014478352852165699 0.9998952150344849 3.621281939558685e-05 0.0011870882008224726 0.011481151916086674 -0.00020245989435352385 0.9999340176582336 1.137054443359375
1.861353 0.9998300075531006 -0.013162114657461643 -0.012913710437715054 -0.007617410272359848 0.013150681741535664 0.9999130368232727 -0.0009697151253931224 0.0013856046134606004 0.012925351038575172 0.0007997261709533632 0.999916136264801 1.2015191316604614
1.964724 0.9998272657394409 -0.01176814828068018 -0.014390441589057446 -0.00891635287553072 0.011753305792808533 0.999930202960968 -0.0011156079126521945 0.0015954821137711406 0.014402567408978939 0.0009462797897867858 0.9998958706855774 1.2656326293945312
2.068236 0.9997828602790833 -0.012504493817687035 -0.016669530421495438 -0.009532220661640167 0.01250664982944727 0.9999217391014099 2.5170771550619975e-05 0.0013625018764287233 0.016667915508151054 -0.00023364534717984498 0.9998610019683838 1.329222321510315
2.17162 0.9997707605361938 -0.011467969045042992 -0.018080225214362144 -0.010990134440362453 0.011494367383420467 0.9999330043792725 0.0013567901914939284 0.0013571440940722823 0.018063457682728767 -0.0015642999205738306 0.9998356103897095 1.3925731182098389
2.275131 0.9997439384460449 -0.011613049544394016 -0.019420919939875603 -0.012530535459518433 0.011650653555989265 0.9999303817749023 0.0018241885118186474 0.0015965214697644114 0.019398389384150505 -0.0020499881356954575 0.999809741973877 1.4569190740585327
2.378626 0.9997050762176514 -0.012544016353785992 -0.020794546231627464 -0.014018524438142776 0.012577708810567856 0.9999197721481323 0.0014901907416060567 0.0016736474353820086 0.02077418379485607 -0.0017512990161776543 0.9997827410697937 1.5203393697738647
2.48201 0.9996529817581177 -0.013238579034805298 -0.0227731354534626 -0.015326598659157753 0.01327222678810358 0.9999110102653503 0.0013270853087306023 0.0016892408020794392 0.02275354228913784 -0.001628875033929944 0.9997397661209106 1.5828828811645508
2.585514 0.999639630317688 -0.013053975068032742 -0.023458143696188927 -0.017802495509386063 0.01308969222009182 0.9999133944511414 0.0013696934329345822 0.001916922046802938 0.023438235744833946 -0.0016762596787884831 0.9997238516807556 1.644899606704712
2.689023 0.9996012449264526 -0.013115913607180119 -0.025011122226715088 -0.019009357318282127 0.013218012638390064 0.9999048709869385 0.00392115069553256 0.001859352458268404 0.024957314133644104 -0.0042501832358539104 0.9996796250343323 1.706411361694336
2.793694 0.999563992023468 -0.014255672693252563 -0.025858890265226364 -0.020681113004684448 0.014426618814468384 0.9998751282691956 0.006436191499233246 0.0022686095908284187 0.02576390653848648 -0.006806442514061928 0.999644935131073 1.7679541110992432
2.896139 0.9995560646057129 -0.014018326066434383 -0.026288848370313644 -0.022752923890948296 0.014235357753932476 0.9998658895492554 0.008086718618869781 0.0025184480473399162 0.026171967387199402 -0.008457358926534653 0.9996216893196106 1.8285927772521973
2.999556 0.9995560646057129 -0.01273187156766653 -0.02693743258714676 -0.024832602590322495 0.012920006178319454 0.9998931884765625 0.006821590941399336 0.0027973270043730736 0.026847707107663155 -0.007166593801230192 0.999613881111145 1.8883302211761475
3.103545 0.9995517134666443 -0.01131446473300457 -0.02771829254925251 -0.026626506820321083 0.011434046551585197 0.999925971031189 0.004159502685070038 0.003229249734431505 0.027669182047247887 -0.004474570043385029 0.9996071457862854 1.9456113576889038
3.206573 0.9995529055595398 -0.010728673078119755 -0.027905479073524475 -0.029294466599822044 0.01081117894500494 0.9999375939369202 0.002807470504194498 0.0034267755690962076 0.02787361480295658 -0.00310790678486228 0.9996066689491272 2.0041987895965576
3.310078 0.9995130300521851 -0.010241787880659103 -0.02947576530277729 -0.030499715358018875 0.010312555357813835 0.999944269657135 0.002249846002086997 0.0035277903079986572 0.02945108152925968 -0.002552720485255122 0.9995629787445068 2.060629367828369
3.413963 0.9994688630104065 -0.010175183415412903 -0.030957121402025223 -0.03241026774048805 0.010244698263704777 0.999945342540741 0.0020876931957900524 0.0035882731899619102 0.03093418851494789 -0.002403730759397149 0.9995185136795044 2.1165757179260254
3.517076 0.9994096159934998 -0.010357482358813286 -0.032758597284555435 -0.03448091447353363 0.010393518023192883 0.9999455809593201 0.000929914996959269 0.0034559061750769615 0.03274717926979065 -0.0012698431964963675 0.9994629621505737 2.1731319427490234
3.620721 0.9993383288383484 -0.010209049098193645 -0.03490833938121796 -0.03690892830491066 0.010256749577820301 0.9999467730522156 0.0011876762146130204 0.003239973448216915 0.03489435091614723 -0.0015449367929250002 0.9993897676467896 2.227853298187256
3.724674 0.9992671608924866 -0.010039339773356915 -0.03693656623363495 -0.039028916507959366 0.010119891725480556 0.9999467730522156 0.0019945211242884398 0.003754246048629284 0.036914583295583725 -0.0023668536450713873 0.999315619468689 2.2839455604553223
3.827725 0.9991945624351501 -0.009853556752204895 -0.0388982817530632 -0.041204292327165604 0.010019829496741295 0.9999414682388306 0.0040819160640239716 0.004124136175960302 0.03885578364133835 -0.004468382336199284 0.9992348551750183 2.3387272357940674
3.931241 0.9991242289543152 -0.00908100139349699 -0.04084557294845581 -0.04395335167646408 0.009313833899796009 0.9999414086341858 0.005513633601367474 0.0043378788977861404 0.04079310595989227 -0.0058892336674034595 0.999150276184082 2.3916947841644287
4.034871 0.9990640878677368 -0.007496224250644445 -0.04260043054819107 -0.04681837186217308 0.007751567289233208 0.9999529123306274 0.005831871647387743 0.00443627592176199 0.042554713785648346 -0.006156632676720619 0.999075174331665 2.444218635559082
4.142151 0.9989849328994751 -0.005445718765258789 -0.044713228940963745 -0.04941130056977272 0.005675045307725668 0.9999713897705078 0.005003506317734718 0.004718386568129063 0.044684700667858124 -0.005252176895737648 0.9989872574806213 2.4954917430877686
4.243437 0.998913586139679 -0.003907909616827965 -0.04643722251057625 -0.05227971822023392 0.004123312886804342 0.999981164932251 0.004543690476566553 0.004640109837055206 0.04641858860850334 -0.004730230197310448 0.9989108443260193 2.5460076332092285
4.345966 0.9988400340080261 -0.0032522634137421846 -0.04804111272096634 -0.05497710406780243 0.0035252186935395002 0.9999780654907227 0.005598065908998251 0.005066562443971634 0.04802184924483299 -0.005760926753282547 0.9988296627998352 2.595757007598877
4.449183 0.9987855553627014 -0.0020200060680508614 -0.04922818765044212 -0.057549238204956055 0.0023703735787421465 0.9999722838401794 0.007059870287775993 0.005830023437738419 0.04921255260705948 -0.007167985662817955 0.9987626075744629 2.645245313644409
4.552519 0.9987842440605164 0.0009124341886490583 -0.049285128712654114 -0.060604363679885864 -0.0005303072975948453 0.9999696612358093 0.007765911985188723 0.005953663028776646 0.04929071664810181 -0.007730334531515837 0.9987545609474182 2.6947007179260254
4.656235 0.9988308548927307 0.003986068535596132 -0.04817710071802139 -0.06382495164871216 -0.003708468284457922 0.9999760389328003 0.005850085057318211 0.005930651910603046 0.048199258744716644 -0.005664581432938576 0.9988216161727905 2.742094039916992
4.760815 0.9988972544670105 0.005634578876197338 -0.04661054536700249 -0.0660674199461937 -0.005529565736651421 0.9999819397926331 0.002381614176556468 0.006281473208218813 0.0466231144964695 -0.002121251542121172 0.9989102482795715 2.788163661956787
4.863788 0.9990102648735046 0.00617284094914794 -0.04404851794242859 -0.06884607672691345 -0.00614478113129735 0.9999808073043823 0.0007723799790255725 0.006495391018688679 0.044052429497241974 -0.0005009470623917878 0.9990290999412537 2.8345954418182373
4.966824 0.9991165995597839 0.007426622789353132 -0.041362643241882324 -0.07045316696166992 -0.007363714277744293 0.9999714493751526 0.001673064660280943 0.006442312616854906 0.04137388989329338 -0.0013670041225850582 0.9991427659988403 2.880648136138916
5.073257 0.9992143511772156 0.011634830385446548 -0.03788568079471588 -0.07300879061222076 -0.011475272476673126 0.99992436170578 0.004426314029842615 0.0066737025044858456 0.0379343219101429 -0.003988087177276611 0.9992722868919373 2.9264845848083496
5.174268 0.9992979764938354 0.015709111467003822 -0.0340096652507782 -0.07498444616794586 -0.015445147641003132 0.9998486638069153 0.008010327816009521 0.006675289943814278 0.034130360931158066 -0.007479420397430658 0.9993894100189209 2.9700615406036377
5.277498 0.9993358254432678 0.021307941526174545 -0.02956097573041916 -0.07725225389003754 -0.02104629948735237 0.9997367858886719 0.00913390051573515 0.006405705586075783 0.029747815802693367 -0.008505686186254025 0.9995213747024536 3.013469934463501
5.381142 0.9993950724601746 0.024917492642998695 -0.02426000125706196 -0.07838138937950134 -0.024702509865164757 0.9996532201766968 0.009121252223849297 0.007317973300814629 0.024478865787386894 -0.00851645227521658 0.9996640682220459 3.055635452270508
5.484644 0.9994103908538818 0.028954917564988136 -0.01845126785337925 -0.07953273504972458 -0.02874932810664177 0.9995226263999939 0.011311925947666168 0.007213020697236061 0.018769998103380203 -0.010774795897305012 0.9997656941413879 3.0965869426727295
5.588095 0.9993689656257629 0.03327503427863121 -0.012425243854522705 -0.07968393713235855 -0.033118363469839096 0.9993718266487122 0.01260884664952755 0.007466025650501251 0.012837001122534275 -0.01218938734382391 0.9998432993888855 3.136399984359741
5.691619 0.9993076324462891 0.03688398376107216 -0.004883522167801857 -0.08079984784126282 -0.03682181239128113 0.9992465972900391 0.012262895703315735 0.007527586072683334 0.005332148168236017 -0.012074585072696209 0.9999128580093384 3.174201250076294
5.795223 0.9991690516471863 0.04068175330758095 0.002475473564118147 -0.08104974031448364 -0.04071001708507538 0.9990901947021484 0.012702668085694313 0.007434632629156113 -0.0019564549438655376 -0.012792889960110188 0.9999162554740906 3.2104318141937256
5.898736 0.9989383816719055 0.04495145380496979 0.010083029046654701 -0.0813300609588623 -0.04506920650601387 0.9989144802093506 0.011771533638238907 0.008218435570597649 -0.009542938321828842 -0.012213470414280891 0.9998798370361328 3.24615216255188
6.002373 0.9986167550086975 0.049468670040369034 0.017813295125961304 -0.08130857348442078 -0.049636367708444595 0.998725950717926 0.009098530746996403 0.008353741839528084 -0.017340507358312607 -0.009970133192837238 0.999799907207489 3.2796149253845215
6.10587 0.9983593225479126 0.05112761631608009 0.025779759511351585 -0.08067569136619568 -0.05130365118384361 0.9986639022827148 0.00621333671733737 0.008145291358232498 -0.02542763762176037 -0.007525739260017872 0.9996483325958252 3.310685396194458
6.209506 0.9980955123901367 0.05175432562828064 0.03356636315584183 -0.07948656380176544 -0.05197404325008392 0.9986321330070496 0.005706128664314747 0.00867311842739582 -0.033225126564502716 -0.00743984105065465 0.9994202256202698 3.341291904449463
6.313021 0.9978311061859131 0.05100221186876297 0.04161824658513069 -0.07814323902130127 -0.05133780464529991 0.9986565709114075 0.007033966016024351 0.008746340870857239 -0.041203588247299194 -0.009155298583209515 0.9991087913513184 3.370051145553589
6.416516 0.997383177280426 0.05236605182290077 0.04984511435031891 -0.07670606672763824 -0.052825283259153366 0.9985722899436951 0.007939932867884636 0.008581278845667839 -0.04935815930366516 -0.010552238672971725 0.9987254738807678 3.397949695587158
6.524037 0.9967193007469177 0.055937591940164566 0.05849447473883629 -0.07551264762878418 -0.056502487510442734 0.9983700513839722 0.008046887814998627 0.008688895031809807 -0.0579490028321743 -0.011325572617352009 0.9982552528381348 3.4220495223999023
6.623722 0.9959096312522888 0.06062011048197746 0.06700146943330765 -0.07370162010192871 -0.06124688312411308 0.998095691204071 0.007338518276810646 0.008847590535879135 -0.0664290189743042 -0.011412134394049644 0.9977259039878845 3.445620059967041
6.727294 0.9950098991394043 0.06435592472553253 0.07624689489603043 -0.07280558347702026 -0.06510741263628006 0.9978507161140442 0.007409113924950361 0.008715100586414337 -0.07560618221759796 -0.012336378917098045 0.997061550617218 3.466775894165039
6.830809 0.9943161010742188 0.06349240243434906 0.0854644626379013 -0.07045906782150269 -0.06440987437963486 0.9978911876678467 0.008018017746508121 0.00881878100335598 -0.08477514982223511 -0.013477197848260403 0.9963089227676392 3.4873547554016113
6.934429 0.9934276342391968 0.06246443837881088 0.09591510891914368 -0.06768423318862915 -0.06337137520313263 0.9979692101478577 0.006435868330299854 0.00838598795235157 -0.09531830996274948 -0.012471841648221016 0.9953687787055969 3.5061044692993164
7.038067 0.9922632575035095 0.061281707137823105 0.10797283798456192 -0.06545364856719971 -0.061862438917160034 0.9980827569961548 0.0020340890623629093 0.008093839511275291 -0.10764116048812866 -0.008697816170752048 0.994151771068573 3.5249736309051514
7.141701 0.990674614906311 0.06238245218992233 0.12112878262996674 -0.06199991703033447 -0.06259551644325256 0.9980369210243225 -0.0020490698516368866 0.008152784779667854 -0.12101881951093674 -0.005552156828343868 0.9926347136497498 3.543231248855591
7.24533 0.988559365272522 0.06397775560617447 0.13659082353115082 -0.05940869450569153 -0.06397739797830582 0.9979416131973267 -0.004397102631628513 0.008263758383691311 -0.13659097254276276 -0.004391929600387812 0.9906178116798401 3.561551332473755
7.3533 0.986074686050415 0.06602291017770767 0.15263588726520538 -0.05546224117279053 -0.06600313633680344 0.9978058934211731 -0.00520200515165925 0.007537834346294403 -0.15264442563056946 -0.004944882821291685 0.9882688522338867 3.579590082168579
7.452592 0.9833289980888367 0.06624352186918259 0.16933925449848175 -0.05148798227310181 -0.06600362062454224 0.997794508934021 -0.0070516569539904594 0.008246930316090584 -0.1694328784942627 -0.004242907278239727 0.9855325818061829 3.597949504852295
7.55658 0.9801180362701416 0.06526646018028259 0.1873737871646881 -0.047181129455566406 -0.06484644114971161 0.9978600740432739 -0.008377045392990112 0.008295197039842606 -0.18751955032348633 -0.003940030001103878 0.9822530150413513 3.6157612800598145
7.663357 0.9763067364692688 0.06407416611909866 0.206687331199646 -0.04288029670715332 -0.06362200528383255 0.9979349374771118 -0.008840687572956085 0.00809389352798462 -0.20682696998119354 -0.004518639296293259 0.9783670902252197 3.632948398590088
7.763356 0.971674919128418 0.064649797976017 0.22730638086795807 -0.03800761699676514 -0.06400209665298462 0.9978973865509033 -0.010226832702755928 0.008246731013059616 -0.22748960554599762 -0.004610931500792503 0.9737695455551147 3.650965452194214
7.866988 0.966489315032959 0.06672536581754684 0.24788330495357513 -0.03233969211578369 -0.06571323424577713 0.9977619647979736 -0.012364266440272331 0.007922831922769547 -0.24815356731414795 -0.004339282866567373 0.9687109589576721 3.6676840782165527
7.970621 0.9602036476135254 0.06819631159305573 0.2708473801612854 -0.026675045490264893 -0.06674429029226303 0.9976635575294495 -0.01457968633621931 0.007662314921617508 -0.27120888233184814 -0.004078052006661892 0.9625118970870972 3.6848652362823486
8.07425 0.9529878497123718 0.06920920312404633 0.2949986755847931 -0.020462512969970703 -0.06761868298053741 0.9975892305374146 -0.01560203917324543 0.006993919610977173 -0.2953673005104065 -0.0050788624212145805 0.9553702473640442 3.7018446922302246
8.177962 0.9444469809532166 0.07230529934167862 0.3206115961074829 -0.013515710830688477 -0.07069912552833557 0.997358500957489 -0.016664106398820877 0.006647389382123947 -0.3209695518016815 -0.006928592454642057 0.9470641613006592 3.7190675735473633
8.283921 0.9346453547477722 0.07362017780542374 0.34787678718566895 -0.005964398384094238 -0.0720091462135315 0.9972491264343262 -0.01757705956697464 0.005708631128072739 -0.3482138514518738 -0.008621991612017155 0.9373754262924194 3.7361080646514893
8.385961 0.9235043525695801 0.07491854578256607 0.3762006461620331 0.0028890371322631836 -0.07300825417041779 0.9971435070037842 -0.019354308024048805 0.005648568272590637 -0.3765760362148285 -0.009591962210834026 0.9263360500335693 3.753206491470337
8.488779 0.9109090566635132 0.07278068363666534 0.4061374366283417 0.012567400932312012 -0.07010060548782349 0.9973082542419434 -0.02149399369955063 0.005027949810028076 -0.40660858154296875 -0.00889140460640192 0.9135591983795166 3.770047426223755
8.593446 0.8961983919143677 0.06987086683511734 0.43811681866645813 0.023137331008911133 -0.06592939794063568 0.9975303411483765 -0.024222930893301964 0.004518367350101471 -0.4387272596359253 -0.00717622647061944 0.8985916376113892 3.7857437133789062
8.696029 0.8788304924964905 0.06952348351478577 0.4720418155193329 0.03418850898742676 -0.06368543207645416 0.9975670576095581 -0.02835688367486 0.0036770477890968323 -0.4728647768497467 -0.0051412940956652164 0.8811200261116028 3.8020057678222656
8.799662 0.8594676852226257 0.07156652212142944 0.5061556696891785 0.04594314098358154 -0.06332390010356903 0.9974304437637329 -0.03350309282541275 0.0029184892773628235 -0.5072527527809143 -0.003256923984736204 0.8617911338806152 3.8178038597106934
8.903911 0.8378536105155945 0.07354255020618439 0.5409184694290161 0.05916953086853027 -0.06294985860586166 0.997289776802063 -0.03808421641588211 0.0022123828530311584 -0.542253315448761 -0.0021417480893433094 0.840212345123291 3.8341257572174072
9.008027 0.81318199634552 0.07619685679674149 0.5769999623298645 0.07281172275543213 -0.06379254907369614 0.9970887303352356 -0.041767872869968414 0.0013868361711502075 -0.5785027146339417 -0.002843421185389161 0.8156753778457642 3.850277900695801
9.11058 0.7860615849494934 0.08012300729751587 0.6129333972930908 0.088478684425354 -0.06659107655286789 0.9967697858810425 -0.04489799961447716 0.000677749514579773 -0.614550769329071 -0.005523304920643568 0.7888578176498413 3.866821765899658
9.214197 0.7563820481300354 0.08434239029884338 0.6486698985099792 0.1051713228225708 -0.07015922665596008 0.996392548084259 -0.04774532467126846 -0.0005318820476531982 -0.6503567099571228 -0.00939647015184164 0.759570837020874 3.883115291595459
9.317832 0.7232963442802429 0.0856475681066513 0.6852056980133057 0.12348735332489014 -0.06993038952350616 0.99626225233078 -0.05071036517620087 -0.0014491528272628784 -0.6869876980781555 -0.011238076724112034 0.7265821099281311 3.900315999984741
9.421456 0.6868849396705627 0.08262953162193298 0.722053587436676 0.14472448825836182 -0.06579852104187012 0.9965059757232666 -0.05144329369068146 -0.0030220597982406616 -0.723781406879425 -0.012174439616501331 0.6899219155311584 3.9171972274780273
9.525112 0.6478404998779297 0.08151213079690933 0.7574024200439453 0.16717898845672607 -0.06305515021085739 0.9965847134590149 -0.05331917107105255 -0.00413455069065094 -0.7591618299484253 -0.013215809129178524 0.6507676839828491 3.933647394180298
9.630085 0.6055338382720947 0.08152273297309875 0.7916330099105835 0.19135820865631104 -0.06142794340848923 0.9965595006942749 -0.0556388758122921 -0.005353480577468872 -0.7934452295303345 -0.014937160536646843 0.6084583401679993 3.949957847595215
9.732384 0.5595344305038452 0.08108645677566528 0.8248310685157776 0.21703851222991943 -0.05756913498044014 0.9966013431549072 -0.05891989916563034 -0.007016435265541077 -0.8268052339553833 -0.014517087489366531 0.562300980091095 3.9647278785705566
9.836009 0.5115336179733276 0.08024423569440842 0.8555081486701965 0.24572455883026123 -0.054594483226537704 0.9966533184051514 -0.06083960831165314 -0.00854542851448059 -0.8575271964073181 -0.015584518201649189 0.5142025947570801 3.979536294937134
9.939685 0.46324917674064636 0.07813761383295059 0.8827767372131348 0.2757455110549927 -0.052696894854307175 0.9967716932296753 -0.060574281960725784 -0.010589495301246643 -0.8846599459648132 -0.018458610400557518 0.4658712148666382 3.992610216140747
10.0439 0.413533091545105 0.07589564472436905 0.9073204398155212 0.3079887628555298 -0.052587591111660004 0.9968471527099609 -0.05941633880138397 -0.012709900736808777 -0.9089691638946533 -0.02314317226409912 0.416220486164093 4.005525588989258
10.14677 0.3629022538661957 0.0763063058257103 0.9286976456642151 0.3414987325668335 -0.055356502532958984 0.9966468214988708 -0.06025795638561249 -0.01339065283536911 -0.9301814436912537 -0.029541706666350365 0.3659094572067261 4.01781702041626
10.25036 0.3143380582332611 0.07618137449026108 0.9462494254112244 0.37574100494384766 -0.05317973345518112 0.996622622013092 -0.06257089972496033 -0.015771158039569855 -0.9478203058242798 -0.03065287321805954 0.3173277974128723 4.026714324951172
10.35367 0.26730450987815857 0.07300445437431335 0.9608427286148071 0.41133439540863037 -0.04201773554086685 0.9970606565475464 -0.06406703591346741 -0.017536647617816925 -0.9626955389976501 -0.023247025907039642 0.26958632469177246 4.033809661865234
10.45717 0.22334212064743042 0.06708066165447235 0.9724291563034058 0.44886112213134766 -0.02879207395017147 0.9976478815078735 -0.062207505106925964 -0.02002527564764023 -0.9743147492408752 -0.014104695990681648 0.22474819421768188 4.03897762298584
10.56299 0.18123379349708557 0.0660756453871727 0.9812177419662476 0.48787224292755127 -0.01951986365020275 0.9977855086326599 -0.06358594447374344 -0.022233717143535614 -0.9832462668418884 -0.00762931490316987 0.18212223052978516 4.043902397155762
10.66453 0.14306321740150452 0.06770119071006775 0.9873952865600586 0.5265618562698364 -0.016276592388749123 0.997683584690094 -0.06604831665754318 -0.023991122841835022 -0.9895796775817871 -0.006622349843382835 0.14383377134799957 4.047114372253418
10.76705 0.11047611385583878 0.06818146258592606 0.99153733253479 0.5662541389465332 -0.00763330003246665 0.997672975063324 -0.06775286048650742 -0.026730667799711227 -0.9938493967056274 -8.363040979020298e-05 0.11073945462703705 4.049315452575684
10.87022 0.0813790112733841 0.0667412281036377 0.9944460391998291 0.6093313694000244 -6.179491902003065e-05 0.997755765914917 -0.06695829331874847 -0.029254313558340073 -0.9966832399368286 0.005387548357248306 0.0812004953622818 4.0515594482421875
10.97342 0.0565386526286602 0.06506534665822983 0.996277928352356 0.6520099639892578 0.007035909220576286 0.9978234171867371 -0.0655655637383461 -0.03169398009777069 -0.9983755350112915 0.010716710239648819 0.05595780164003372 4.052340507507324
11.0772 0.03692834824323654 0.06434890627861023 0.9972438812255859 0.6949566602706909 0.011049012653529644 0.9978373646736145 -0.0647963434457779 -0.03383249416947365 -0.9992567300796509 0.013411382213234901 0.03613749146461487 4.052370071411133
11.18019 0.020764652639627457 0.06589309126138687 0.9976106286048889 0.7409325838088989 0.013791706413030624 0.9977118372917175 -0.06618684530258179 -0.03643388673663139 -0.9996892809867859 0.015133099630475044 0.019808363169431686 4.053048610687256
11.28415 0.007145972922444344 0.0654386430978775 0.9978310465812683 0.7860267162322998 0.014701925218105316 0.9977418780326843 -0.06553807854652405 -0.039380863308906555 -0.9998663663864136 0.015138370916247368 0.0061677610501646996 4.053597927093506
11.3859 -0.004526886623352766 0.06632591038942337 0.9977877140045166 0.8319084048271179 0.015520740300416946 0.9976824522018433 -0.06624851375818253 -0.04191116243600845 -0.9998692870140076 0.01518650259822607 -0.0055458215065300465 4.052721977233887
11.48898 -0.013580677099525928 0.06959400326013565 0.99748295545578 0.8785805702209473 0.020761478692293167 0.9973795413970947 -0.06930413097143173 -0.043938376009464264 -0.9996922016143799 0.019768022000789642 -0.014989962801337242 4.051826477050781
11.59255 -0.01999957114458084 0.07142511755228043 0.9972454309463501 0.9275251626968384 0.024838656187057495 0.9971725344657898 -0.07092177122831345 -0.04687349870800972 -0.9994913339614868 0.02335183508694172 -0.021717127412557602 4.049973964691162
11.69527 -0.024906957522034645 0.07099635899066925 0.9971656203269958 0.9753991961479187 0.02519773691892624 0.9972026944160461 -0.07036962360143661 -0.04960301145911217 -0.999372124671936 0.023373626172542572 -0.026626234874129295 4.049238681793213
11.79949 -0.027875447645783424 0.06803549826145172 0.9972935318946838 1.028272032737732 0.022886482998728752 0.9974629878997803 -0.06740737706422806 -0.052543602883815765 -0.9993493556976318 0.020945528522133827 -0.029361819848418236 4.0468831062316895
11.90171 -0.030026515945792198 0.0611642450094223 0.9976760149002075 1.0788167715072632 0.021288899704813957 0.9979386925697327 -0.06053963676095009 -0.0550982765853405 -0.9993224143981934 0.01942163147032261 -0.03126674145460129 4.045444488525391
12.00482 -0.03170458599925041 0.055528879165649414 0.9979535937309265 1.1334781646728516 0.022371893748641014 0.9982449412345886 -0.054834332317113876 -0.058373287320137024 -0.9992468953132629 0.0205876175314188 -0.03289122134447098 4.043960094451904
12.108 -0.03178754076361656 0.05274094641208649 0.9981022477149963 1.1852251291275024 0.024643581360578537 0.9983446598052979 -0.05196890980005264 -0.06139007955789566 -0.9991908669471741 0.022944850847125053 -0.03303464502096176 4.0415802001953125
12.21119 -0.031956255435943604 0.05526963993906975 0.9979599714279175 1.2406976222991943 0.027896538376808167 0.9981302618980408 -0.05438578128814697 -0.06388892233371735 -0.9990999102592468 0.02610166184604168 -0.033438343554735184 4.039914131164551
12.3145 -0.031187504529953003 0.06293188780546188 0.997530460357666 1.293688416481018 0.02923608012497425 0.9976463317871094 -0.06202514097094536 -0.06603693217039108 -0.9990859031677246 0.027229469269514084 -0.032953981310129166 4.038679122924805
12.41765 -0.028994128108024597 0.07088156044483185 0.9970632195472717 1.3495712280273438 0.02969644032418728 0.9971033930778503 -0.07002084702253342 -0.06910235434770584 -0.999138355255127 0.027579035609960556 -0.031015075743198395 4.036808967590332
12.52105 -0.02682766132056713 0.07140316069126129 0.9970866441726685 1.4054213762283325 0.030202215537428856 0.9970481991767883 -0.07058779150247574 -0.07209320366382599 -0.999183714389801 0.028220519423484802 -0.028905002400279045 4.0358099937438965
12.62455 -0.025033077225089073 0.06699027866125107 0.9974395036697388 1.462355375289917 0.029607554897665977 0.9973642230033875 -0.06624214351177216 -0.07545379549264908 -0.9992480874061584 0.027873501181602478 -0.02695051208138466 4.034789562225342
12.72743 -0.021654436364769936 0.060634784400463104 0.9979251027107239 1.5208357572555542 0.029620151966810226 0.9977598786354065 -0.05998200550675392 -0.07894381135702133 -0.9993265867233276 0.02825981192290783 -0.023401940241456032 4.032848358154297
12.83073 -0.019278202205896378 0.058821901679039 0.9980823397636414 1.5770716667175293 0.0271344892680645 0.9979310631752014 -0.05828886106610298 -0.08264338970184326 -0.9994458556175232 0.025958750396966934 -0.020834416151046753 4.032435894012451
12.93413 -0.015719208866357803 0.06387969851493835 0.9978338479995728 1.6339396238327026 0.03491149842739105 0.9973837733268738 -0.06330090016126633 -0.08648985624313354 -0.9992667436599731 0.033840835094451904 -0.017908217385411263 4.030785083770752
13.03771 -0.012487155385315418 0.06993250548839569 0.9974735379219055 1.6904385089874268 0.03650389239192009 0.9969182014465332 -0.06943659484386444 -0.08904708921909332 -0.9992554783821106 0.03554459661245346 -0.015001483261585236 4.029771327972412
13.14165 -0.009862035512924194 0.07052581757307053 0.997461199760437 1.747649073600769 0.03064059652388096 0.9970625638961792 -0.07019467651844025 -0.09205415844917297 -0.9994817972183228 0.029870541766285896 -0.011994020082056522 4.0302557945251465
13.24421 -0.006881321780383587 0.06689603626728058 0.9977361559867859 1.804986834526062 0.026109110563993454 0.9974316954612732 -0.06669553369283676 -0.09591840952634811 -0.9996353387832642 0.02559104934334755 -0.008610243909060955 4.030520439147949
13.34803 -0.002225493546575308 0.06309617310762405 0.9980050325393677 1.8627073764801025 0.029859278351068497 0.9975666999816895 -0.06300186365842819 -0.10018529742956161 -0.9995515942573547 0.02965950034558773 -0.004104084335267544 4.030335426330566
13.45277 0.0012737861834466457 0.06403695791959763 0.9979466795921326 1.9197807312011719 0.03442052751779556 0.9973533153533936 -0.06404279172420502 -0.10396639257669449 -0.9994065761566162 0.03443143144249916 -0.000933770090341568 4.030393600463867
13.55488 0.004137430340051651 0.06899697333574295 0.9976084232330322 1.976988673210144 0.03429488092660904 0.9970201849937439 -0.06909853965044022 -0.10686653852462769 -0.999403178691864 0.03449874743819237 0.00175885867793113 4.030131816864014
13.65796 0.00774759566411376 0.06976878643035889 0.9975330829620361 2.0343706607818604 0.030565490946173668 0.997080385684967 -0.06997450441122055 -0.11039780080318451 -0.9995027184486389 0.031032226979732513 0.005592459347099066 4.031530380249023
13.76127 0.011344430968165398 0.0690847709774971 0.9975463151931763 2.0918500423431396 0.030198033899068832 0.9971317052841187 -0.06939949095249176 -0.11440323293209076 -0.9994796514511108 0.03091123327612877 0.009225667454302311 4.031994819641113
13.86467 0.01522933691740036 0.06585446745157242 0.9977129697799683 2.149559497833252 0.034489743411540985 0.9972003698348999 -0.06634709239006042 -0.11819326877593994 -0.9992889761924744 0.03542129322886467 0.012915395200252533 4.032485485076904
13.96817 0.018413428217172623 0.06637947261333466 0.9976245760917664 2.2077929973602295 0.038437407463788986 0.9970090985298157 -0.06704796105623245 -0.12226146459579468 -0.9990913271903992 0.03958068788051605 0.015806900337338448 4.033871173858643
14.07164 0.022073810920119286 0.06722771376371384 0.9974934458732605 2.2644498348236084 0.04187999293208122 0.996798574924469 -0.06810763478279114 -0.12570518255233765 -0.9988787770271301 0.043278422206640244 0.019187644124031067 4.034780979156494
14.17505 0.0244178157299757 0.06677746027708054 0.9974689483642578 2.3223462104797363 0.0422225221991539 0.9968073964118958 -0.06776674836874008 -0.12939026951789856 -0.9988097548484802 0.043770380318164825 0.021520350128412247 4.036890506744385
14.2786 0.02821144089102745 0.0658738985657692 0.9974290132522583 2.380197525024414 0.04376520588994026 0.996787965297699 -0.0670694038271904 -0.13238032162189484 -0.9986434578895569 0.045544810593128204 0.025237837806344032 4.038145065307617
14.38212 0.03216420114040375 0.06440155953168869 0.9974055886268616 2.4383082389831543 0.04579697176814079 0.9967787861824036 -0.06583794951438904 -0.13708366453647614 -0.9984328150749207 0.04779578000307083 0.02911120280623436 4.039416313171387
14.4855 0.03424210473895073 0.06485790759325027 0.9973068237304688 2.495901346206665 0.04401077330112457 0.9968260526657104 -0.06633773446083069 -0.14040587842464447 -0.9984440207481384 0.046163786202669144 0.03127897530794144 4.0424041748046875
14.58897 0.03740974888205528 0.06619932502508163 0.9971049427986145 2.554689645767212 0.04077902063727379 0.9968710541725159 -0.06771376729011536 -0.14460331201553345 -0.9984676241874695 0.04319411888718605 0.03459315001964569 4.045560359954834
14.69245 0.040671348571777344 0.06651117652654648 0.9969563484191895 2.6132118701934814 0.04281926155090332 0.9967494606971741 -0.06824418902397156 -0.14788033068180084 -0.998254656791687 0.04546452313661575 0.03769117593765259 4.047167778015137
14.79597 0.04379568248987198 0.06607555598020554 0.9968529343605042 2.671369791030884 0.040842823684215546 0.9968578219413757 -0.06787025183439255 -0.15100397169589996 -0.998205304145813 0.04368671029806137 0.04095935449004173 4.04915189743042
14.89949 0.046286020427942276 0.06678522378206253 0.9966931939125061 2.7297275066375732 0.039514780044555664 0.9968592524528503 -0.06863139569759369 -0.1543668657541275 -0.9981464147567749 0.04256078228354454 0.04350164160132408 4.051804065704346
15.00287 0.04838215559720993 0.06726731359958649 0.9965612292289734 2.789327383041382 0.03615913167595863 0.9969577193260193 -0.06904956698417664 -0.15807098150253296 -0.9981741905212402 0.03937556594610214 0.04580263793468475 4.056751251220703
15.1064 0.05136178433895111 0.06928488612174988 0.9962736964225769 2.848602771759033 0.03453713655471802 0.9968706369400024 -0.07110689580440521 -0.16196590662002563 -0.9980827569961548 0.03806062415242195 0.04880813881754875 4.0604567527771
15.20987 0.05444695055484772 0.07294633984565735 0.995848536491394 2.9073758125305176 0.033068813383579254 0.9966491460800171 -0.07481297850608826 -0.1658223271369934 -0.9979689717292786 0.037004873156547546 0.0518522672355175 4.0641608238220215
15.31336 0.05806325003504753 0.0745244100689888 0.9955273270606995 2.967327356338501 0.03321494907140732 0.9965136051177979 -0.07653544098138809 -0.17053960263729095 -0.9977601170539856 0.03751029446721077 0.05538548529148102 4.067964553833008
15.41675 0.06122356280684471 0.07642216235399246 0.9951940774917603 3.0267372131347656 0.02707946114242077 0.996570348739624 -0.07819373905658722 -0.17453910410404205 -0.9977566003799438 0.031736619770526886 0.05894411727786064 4.071760177612305
15.52022 0.06411436945199966 0.07593273371458054 0.9950495362281799 3.0874340534210205 0.02345891296863556 0.9967108964920044 -0.07757103443145752 -0.17847758531570435 -0.9976667165756226 0.028316201642155647 0.06212218478322029 4.0763726234436035
15.62392 0.0672149583697319 0.07637583464384079 0.9948109984397888 3.1476736068725586 0.02598564885556698 0.9965935349464417 -0.07826842367649078 -0.18319305777549744 -0.9974000453948975 0.031111614778637886 0.06500130891799927 4.0811848640441895
15.7272 0.07109770178794861 0.07755146920681 0.994450032711029 3.2078657150268555 0.02513582818210125 0.9965171217918396 -0.07950972765684128 -0.1879126876592636 -0.99715256690979 0.03064929135143757 0.06890076398849487 4.0852251052856445
15.83062 0.07471978664398193 0.07821717858314514 0.9941322803497314 3.2691755294799805 0.021144848316907883 0.9965707659721375 -0.07999829947948456 -0.19209283590316772 -0.9969803094863892 0.026998231187462807 0.07280966639518738 4.09025239944458
15.93425 0.07909557223320007 0.07667101919651031 0.9939141869544983 3.3310279846191406 0.019991612061858177 0.9967153668403625 -0.07847804576158524 -0.19620779156684875 -0.9966665506362915 0.026077212765812874 0.07730299979448318 4.096077919006348
16.03941 0.08378182351589203 0.07647476345300674 0.9935451745986938 3.392638683319092 0.02024042420089245 0.9967144727706909 -0.07842550426721573 -0.20096559822559357 -0.9962785840034485 0.02668040618300438 0.08195868134498596 4.101795196533203
16.14091 0.0893426463007927 0.07948720455169678 0.9928240776062012 3.454191207885742 0.01738683506846428 0.996533989906311 -0.08134884387254715 -0.2060716450214386 -0.9958491921424866 0.024529991671442986 0.08765098452568054 4.107115745544434
16.2443 0.09453435987234116 0.08879103511571884 0.9915540218353271 3.5148539543151855 0.014742592349648476 0.9957805275917053 -0.09057503938674927 -0.21024452149868011 -0.9954124093055725 0.023180531337857246 0.0928264781832695 4.114818096160889
16.34828 0.1023353710770607 0.09331520646810532 0.9903634190559387 3.577101707458496 0.013032090850174427 0.9953792095184326 -0.0951344296336174 -0.21542376279830933 -0.9946645498275757 0.022642122581601143 0.10064641386270523 4.121488571166992
