1403638127.295097 1.0 0.0 0.0 0.0 0.0 1.0 0.0 0.0 0.0 0.0 1.0 0.0
1403638127.345097 1.0 -0.00017860748630482703 -2.1543331968132406e-05 -7.010929402895272e-05 0.0001786061911843717 1.0 -5.97375983488746e-05 2.2630722014582716e-05 2.1554000340984203e-05 5.9733749367296696e-05 1.0 -0.00033528590574860573
1403638127.395097 0.9999997615814209 -0.0006892239907756448 0.00010754723189165816 -0.00022046445519663393 0.0006891891243867576 0.9999997019767761 0.0003237950149923563 7.481965440092608e-05 -0.00010777037095976993 -0.0003237208293285221 0.9999999403953552 -0.00048820124357007444
1403638127.445097 0.9999999403953552 -9.4471855845768e-05 0.0002585514448583126 2.1108955934323603e-06 9.44348648772575e-05 1.0 0.00014308662503026426 0.00010764083708636463 -0.00025856494903564453 -0.00014306220691651106 0.9999999403953552 -0.0002944259613286704
1403638127.4950972 0.9999998211860657 -0.0002961312420666218 0.0005087156314402819 -5.616406997432932e-05 0.0002965054882224649 0.9999997019767761 -0.0007357235881499946 -1.4577477486454882e-05 -0.0005084975855425 0.0007358742877840996 0.9999995827674866 -0.0004631181072909385
1403638127.5450969 0.9999998211860657 -0.0005823805113323033 2.037292688328307e-05 -0.0001425326190656051 0.0005823796964250505 0.9999998211860657 3.9024511352181435e-05 -9.513418626738712e-05 -2.0395649698912166e-05 -3.9012640627333894e-05 1.0 -0.0005296572344377637
1403638127.595097 0.9999998807907104 -0.0005137316766194999 -2.5964563974412158e-05 -7.20195603207685e-05 0.0005137361586093903 0.9999998807907104 0.0001746706257108599 -2.218620284111239e-05 2.5874825951177627e-05 -0.00017468394071329385 1.0 0.00012870140199083835
1403638127.645097 0.9999997019767761 -0.0006725148996338248 -0.000343301915563643 -0.00012447169865481555 0.0006726187421008945 0.9999997019767761 0.00030230305856093764 -3.8767000660300255e-05 0.00034309850889258087 -0.00030253388104029 0.9999998807907104 -7.263245788635686e-05
1403638127.695097 1.0 -0.00011140124115627259 -0.0001833026617532596 0.00010004213982028887 0.00011140041169710457 1.0 -4.521395112533355e-06 1.9028309907298535e-05 0.0001833031710702926 4.500975137489149e-06 1.0 4.88295809191186e-05
1403638127.745097 0.9999998211860657 -0.0005416941712610424 -0.00010947899863822386 -0.0002298133767908439 0.0005417083157226443 0.9999998211860657 0.00012922768655698746 0.0001026094178087078 0.00010940898209810257 -0.00012928697105962783 1.0 -0.0003936283756047487
1403638127.795097 1.0 -0.00022247359447646886 -7.34128916519694e-05 -0.00031013143598102033 0.00022249273024499416 0.9999999403953552 0.00026067576254718006 5.187500937609002e-05 7.335489499382675e-05 -0.0002606920897960663 0.9999999403953552 -0.0002763840602710843
1403638127.845097 0.9999997019767761 -0.0007853973656892776 -9.991347178583965e-05 -0.00024968315847218037 0.0007854193681851029 0.9999996423721313 0.0002202080941060558 2.00962858798448e-05 9.974048589356244e-05 -0.00022028649982530624 1.0 -0.0003236538905184716
1403638127.895097 0.9999995231628418 -0.0009455396793782711 -0.00019931049610022455 -0.00020116480300202966 0.000945567968301475 0.9999995231628418 0.00014181814913172275 3.2470441510668024e-05 0.00019917631288990378 -0.00014200653822626919 0.9999999403953552 -0.0005162300658412278
1403638127.945097 0.9999992251396179 -0.001216032775118947 -0.0003597903123591095 -0.00017237605061382055 0.0012161029735580087 0.9999992251396179 0.00019492396677378565 -2.705809492908884e-06 0.00035955302882939577 -0.00019536135368980467 0.9999999403953552 -0.0004575324710458517
1403638127.9950972 0.9999992251396179 -0.001178812119178474 -0.0004271457146387547 -0.00011827499110950157 0.0011790450662374496 0.9999991655349731 0.0005454861093312502 6.664058309979737e-05 0.00042650234536267817 -0.0005459892563521862 0.9999997615814209 0.00012452133523765951
1403638128.0450969 0.9999999403953552 -0.00032966199796646833 3.123141868854873e-05 -8.621566666988656e-05 0.0003296413051430136 0.9999997019767761 0.000659983663354069 9.311400935985148e-05 -3.1448980735149235e-05 -0.0006599733605980873 0.9999997615814209 -0.00028625904815271497
1403638128.095097 0.9999998211860657 -0.0006233180174604058 0.00011239253217354417 -0.00011944791913265362 0.0006231795996427536 0.9999990463256836 0.0012270768638700247 3.1975108868209645e-05 -0.00011315727897454053 -0.001227006665430963 0.9999992251396179 2.1229252524790354e-05
1403638128.145097 0.999998927116394 -0.0014800610952079296 3.901133459294215e-05 -0.00011317309690639377 0.0014799900818616152 0.9999973773956299 0.0017629277426749468 -0.00010494513844605535 -4.162047116551548e-05 -0.0017628680216148496 0.9999984502792358 0.00023330807744059712
1403638128.195097 0.9999974966049194 -0.0022224532440304756 -0.0002127598418155685 -0.0003858637355733663 0.0022228220477700233 0.9999960064888 0.0017485382268205285 3.843133890768513e-05 0.00020887295249849558 -0.001749006798490882 0.9999984502792358 -4.0805556636769325e-05
1403638128.245097 0.9999995231628418 -0.0009633098961785436 0.0001884052180685103 -0.00036074791569262743 0.0009629824780859053 0.9999980330467224 0.0017302496125921607 3.8537986256415024e-05 -0.0001900716160889715 -0.0017300673061981797 0.9999985098838806 0.0001548537111375481
1403638128.295097 0.9999995827674866 -0.0008621303713880479 0.00036607912625186145 -0.0004143243422731757 0.0008615602855570614 0.9999983906745911 0.0015546526992693543 7.528359128627926e-05 -0.0003674188628792763 -0.0015543366316705942 0.9999987483024597 -0.00048667885130271316
1403638128.345097 0.9999993443489075 -0.0011436044005677104 5.933415741310455e-05 -0.0003152218123432249 0.0011435176711529493 0.9999983310699463 0.0014408821007236838 3.4687620882323245e-06 -6.09818562224973e-05 -0.0014408132992684841 0.9999989867210388 -0.0002048650203505531
1403638128.395097 0.9999995231628418 -0.0008503944263793528 0.000431533670052886 -0.0002095158997690305 0.0008498666575178504 0.9999988675117493 0.0012216528411954641 6.114383722888306e-05 -0.00043257209472358227 -0.0012212855508551002 0.9999991655349731 4.423066275194287e-05
1403638128.445097 0.9999992251396179 -0.0012025436153635383 0.0003006476035807282 -0.00024717714404687285 0.0012021022848784924 0.9999982118606567 0.0014637286076322198 7.056163303786889e-05 -0.00030240725027397275 -0.0014633660903200507 0.9999988675117493 -0.0001954052277142182
1403638128.4950972 0.9999987483024597 -0.0015185768716037273 0.0004609797615557909 -0.0003640501236077398 0.0015177810564637184 0.9999973773956299 0.0017218971624970436 -5.473027704283595e-05 -0.00046359337284229696 -0.001721195294521749 0.9999983906745911 0.00011280009493930265
1403638128.5450969 0.9999988675117493 -0.0014228459913283587 0.0005127923213876784 -0.0003235737676732242 0.0014219731092453003 0.9999975562095642 0.001698430860415101 -3.508416921249591e-05 -0.0005152077064849436 -0.001697699772194028 0.9999984502792358 0.0001633676583878696
1403638128.595097 0.9999985098838806 -0.001702832872979343 0.00020739628234878182 -0.0002478037204127759 0.001702475594356656 0.999997079372406 0.00171111267991364 2.4816577933961526e-05 -0.00021030941570643336 -0.0017107571475207806 0.9999985098838806 -0.00017159081471618265
1403638128.645097 0.9999985694885254 -0.0016473241848871112 0.00032155949156731367 -4.576633364195004e-05 0.001646778080612421 0.9999971985816956 0.0016914207953959703 -0.0001169727329397574 -0.0003243449027650058 -0.001690888893790543 0.9999985098838806 -0.0004489467537496239
1403638128.695097 0.9999961853027344 -0.0026516348589211702 0.000777265231590718 -0.000372707552742213 0.0026499617379158735 0.999994158744812 0.0021456617396324873 -6.034847683622502e-05 -0.0007829501992091537 -0.0021435937378555536 0.9999973773956299 -7.373405424004886e-06
1403638128.745097 0.9999935626983643 -0.0033282621297985315 0.001333267311565578 -0.000597973819822073 0.0033237498719245195 0.9999887943267822 0.003372425911948085 -0.00044127769069746137 -0.0013444767100736499 -0.003367972793057561 0.9999934434890747 0.00042749388376250863
1403638128.795097 0.9999940991401672 -0.0031406886409968138 0.001379151246510446 -0.0006439415155909956 0.0031359365675598383 0.9999892115592957 0.003434407990425825 -0.00030817906372249126 -0.001389922690577805 -0.003430062672123313 0.9999931454658508 -0.00017046048014890403
1403638128.845097 0.9999914765357971 -0.0031180051155388355 0.002700782148167491 -0.0005398564389906824 0.003107360564172268 0.9999874234199524 0.003936567809432745 -0.00039230877882800996 -0.002713022520765662 -0.003928142134100199 0.9999886155128479 0.00043498919694684446
1403638128.895097 0.999992847442627 -0.002910682000219822 0.002423427300527692 -0.0005074411164969206 0.002901148283854127 0.9999880790710449 0.003928203135728836 -0.00026618223637342453 -0.0024348320439457893 -0.003921144176274538 0.9999893307685852 0.00034607743145897985
1403638128.945097 0.9999959468841553 -0.000823259586468339 0.002733370987698436 -8.561628055758774e-05 0.000813752762041986 0.999993622303009 0.0034773426596075296 -0.00011525618901941925 -0.002736216178163886 -0.0034751042257994413 0.9999902248382568 -2.616491838125512e-05
1403638128.9950972 0.9999959468841553 -0.001026374869979918 0.0026581340935081244 -0.00036721184733323753 0.001016895635984838 0.9999931454658508 0.0035650089848786592 -0.00013477409083861858 -0.00266177486628294 -0.003562291618436575 0.9999901056289673 -0.0003558100725058466
1403638129.0450969 0.9999977946281433 -0.00010839838796528056 0.0021021608263254166 -9.562593913869932e-05 0.00010223458957625553 0.9999957084655762 0.0029320120811462402 -0.00041865918319672346 -0.0021024695597589016 -0.0029317906592041254 0.9999935030937195 0.0006107673980295658
1403638129.095097 0.9999678730964661 0.007094321306794882 0.0037380000576376915 -6.422907608794048e-05 -0.007105216849595308 0.9999704957008362 0.002909649396315217 -0.0005423952243290842 -0.003717247862368822 -0.0029361150227487087 0.9999887943267822 -0.00022762861044611782
1403638129.145097 0.9999164342880249 0.011365232057869434 0.006164663005620241 -0.0006969483220018446 -0.011377338320016861 0.9999334216117859 0.001932300510816276 -0.001567642204463482 -0.006142291706055403 -0.0020022764801979065 0.9999791383743286 -2.2182446627994068e-05
1403638129.195097 0.9999364018440247 0.00984584353864193 0.005494772456586361 -0.0007140625966712832 -0.009830906055867672 0.9999479055404663 -0.0027388480957597494 -0.003653834806755185 -0.005521452520042658 0.0026846553664654493 0.999981164932251 -0.0008312183199450374
1403638129.245097 0.9999685287475586 -0.007895926013588905 -0.0008075055084191263 -0.0005324681405909359 0.007884417660534382 0.9998794198036194 -0.013380355201661587 -0.008148165419697762 0.0009130584076046944 0.013373566791415215 0.9999101758003235 -0.001636763452552259
1403638129.295097 0.9990902543067932 -0.04178318381309509 -0.008535132743418217 0.0004160158277954906 0.04148603230714798 0.9986122250556946 -0.032443489879369736 -0.014651786535978317 0.009878880344331264 0.03205988556146622 0.9994370937347412 -0.004341881722211838
1403638129.345097 0.9966446161270142 -0.08088967949151993 -0.012499269098043442 0.0022530220448970795 0.08005323261022568 0.9951559901237488 -0.057061102241277695 -0.023294445127248764 0.017054380849003792 0.055869027972221375 0.9982923865318298 -0.006878269836306572
1403638129.395097 0.9932600259780884 -0.11476780474185944 -0.016208406537771225 0.0032125134021043777 0.1132950484752655 0.9908581376075745 -0.07324270159006119 -0.031397223472595215 0.02446613274514675 0.07091271877288818 0.9971824288368225 -0.009868785738945007
1403638129.445097 0.9917998909950256 -0.12650635838508606 -0.01813751645386219 0.004075302742421627 0.12495964020490646 0.9896960258483887 -0.06990531086921692 -0.03596724942326546 0.02679409459233284 0.06706564128398895 0.9973887205123901 -0.011960613541305065
1403638129.4950972 0.9931319355964661 -0.11516187340021133 -0.02065270207822323 0.0038232242222875357 0.11398128420114517 0.9921559691429138 -0.051329463720321655 -0.03782403841614723 0.026401901617646217 0.04862291365861893 0.9984681606292725 -0.013207659125328064
1403638129.5450969 0.9957994222640991 -0.08881083875894547 -0.022279445081949234 0.0028911682311445475 0.08817953616380692 0.995714545249939 -0.0278778038918972 -0.03850292041897774 0.024659819900989532 0.02579611726105213 0.9993630051612854 -0.013573958538472652
1403638129.595097 0.998126208782196 -0.05731494724750519 -0.0214228592813015 0.0017578661208972335 0.05712558329105377 0.9983232617378235 -0.00934918038547039 -0.04013694450259209 0.02192278392612934 0.008107872679829597 0.9997267127037048 -0.014573170803487301
1403638129.645097 0.9993050694465637 -0.031868163496255875 -0.019333939999341965 0.0012114167911931872 0.031870532780885696 0.9994919896125793 -0.00018492154777050018 -0.04320695996284485 0.019330009818077087 -0.0004313848912715912 0.9998130202293396 -0.015835963189601898
1403638129.695097 0.9996326565742493 -0.02138255164027214 -0.016661252826452255 0.0012913738610222936 0.02133810706436634 0.9997681975364685 -0.0028409576043486595 -0.04863603785634041 0.016718141734600067 0.0024843940045684576 0.9998571276664734 -0.01769867166876793
1403638129.745097 0.9995606541633606 -0.024192165583372116 -0.017125079408288002 0.001089709810912609 0.02400125376880169 0.99964839220047 -0.011267228052020073 -0.05580594390630722 0.017391640692949295 0.010851255618035793 0.999789834022522 -0.02001591958105564
1403638129.795097 0.9994511008262634 -0.0268566831946373 -0.0193952564150095 0.0005996115505695343 0.02664950303733349 0.9995858073234558 -0.010862603783607483 -0.06352196633815765 0.019678959622979164 0.01033976674079895 0.9997528791427612 -0.0227395910769701
1403638129.845097 0.9995002150535583 -0.022414756938815117 -0.022289829328656197 -0.0005787464324384928 0.02243378758430481 0.9997481107711792 0.0006040139123797417 -0.07170172035694122 0.022270675748586655 -0.0011037574149668217 0.9997513890266418 -0.026092391461133957
1403638129.895097 0.9995693564414978 -0.015022631734609604 -0.025204893201589584 -0.0018570167012512684 0.015371368266642094 0.9997880458831787 0.013699956238269806 -0.0820094645023346 0.024993740022182465 -0.014081488363444805 0.9995883703231812 -0.030691759660840034
1403638129.945097 0.9996116757392883 -0.006900578271597624 -0.026996495202183723 -0.00303270248696208 0.007401244714856148 0.9998015761375427 0.018489886075258255 -0.09458916634321213 0.026863545179367065 -0.018682511523365974 0.9994644522666931 -0.03537038713693619
1403638129.9950972 0.9995538592338562 -0.007730973418802023 -0.0288534052670002 -0.004740942735224962 0.008042532950639725 0.9999104738235474 0.01069764606654644 -0.11053803563117981 0.028768116608262062 -0.010924926958978176 0.9995264410972595 -0.040562260895967484
1403638130.0450969 0.999286949634552 -0.021114084869623184 -0.03130178898572922 -0.005494826473295689 0.020923474803566933 0.9997605085372925 -0.006404556334018707 -0.13136789202690125 0.03142951801419258 0.005745045840740204 0.9994894862174988 -0.04751450568437576
1403638130.095097 0.998821496963501 -0.033476509153842926 -0.03514118492603302 -0.005926205310970545 0.032705310732126236 0.9992163777351379 -0.022295843809843063 -0.1504758596420288 0.035860028117895126 0.021120261400938034 0.9991336464881897 -0.05462499335408211
1403638130.145097 0.9983612895011902 -0.040082260966300964 -0.040842268615961075 -0.006878391839563847 0.03885296732187271 0.9987805485725403 -0.030460461974143982 -0.16945236921310425 0.04201338440179825 0.028823701664805412 0.9987011551856995 -0.061660341918468475
1403638130.195097 0.9982500672340393 -0.036624323576688766 -0.046428464353084564 -0.007926924154162407 0.03522742539644241 0.9989120960235596 -0.030556639656424522 -0.1878398060798645 0.04749707132577896 0.028867609798908234 0.9984540939331055 -0.068661630153656
1403638130.245097 0.9981297254562378 -0.03243781998753548 -0.05181310325860977 -0.009153123944997787 0.03087272122502327 0.9990509152412415 -0.030726568773388863 -0.20695799589157104 0.05276063084602356 0.02906949073076248 0.9981840252876282 -0.07669585943222046
1403638130.295097 0.9975946545600891 -0.038738906383514404 -0.05748167634010315 -0.009839804843068123 0.036491625010967255 0.9985473155975342 -0.03964373841881752 -0.22676913440227509 0.05893392860889435 0.03745079040527344 0.997559130191803 -0.08383074402809143
1403638130.345097 0.9966057538986206 -0.05494676157832146 -0.06130119040608406 -0.010267918929457664 0.05172649398446083 0.9972572326660156 -0.052937574684619904 -0.24818827211856842 0.06404180824756622 0.04958699643611908 0.9967144727706909 -0.09238384664058685
1403638130.395097 0.9954610466957092 -0.06867258250713348 -0.0658881664276123 -0.011557170189917088 0.06455213576555252 0.9959394335746765 -0.06275162845849991 -0.26815032958984375 0.06992994248867035 0.05821358039975166 0.9958518147468567 -0.09937910735607147
1403638130.445097 0.9947476983070374 -0.07255078852176666 -0.07220301032066345 -0.01342099905014038 0.06784757226705551 0.9955374002456665 -0.06559009850025177 -0.2874392569065094 0.07663941383361816 0.060346800833940506 0.9952309727668762 -0.10768533498048782
1403638130.4950972 0.995005190372467 -0.0633813813328743 -0.07711996138095856 -0.013975121080875397 0.058574385941028595 0.9962884783744812 -0.06307478249073029 -0.3036676347255707 0.08083149045705795 0.05824247747659683 0.9950246214866638 -0.1156192272901535
1403638130.5450969 0.9957765936851501 -0.048103634268045425 -0.07819779962301254 -0.01497887447476387 0.04371221736073494 0.9974206686019897 -0.056931961327791214 -0.32375192642211914 0.0807347297668457 0.05327330529689789 0.9953110814094543 -0.12454122304916382
1403638130.595097 0.9961596727371216 -0.04101292043924332 -0.07735554873943329 -0.016273539513349533 0.036628834903240204 0.9976867437362671 -0.05726652964949608 -0.3413764536380768 0.07952526956796646 0.054213158786296844 0.9953575730323792 -0.1314014047384262
1403638130.645097 0.9962480068206787 -0.041651979088783264 -0.0758608728647232 -0.017214519903063774 0.03654337674379349 0.9970478415489197 -0.06752829253673553 -0.35908377170562744 0.07844959944486618 0.06450273096561432 0.9948291778564453 -0.1381494402885437
1403638130.695097 0.9955366253852844 -0.05503423511981964 -0.07666852325201035 -0.014255637302994728 0.048852015286684036 0.9955728054046631 -0.08030170947313309 -0.38124898076057434 0.08074843138456345 0.07619788497686386 0.9938177466392517 -0.1505524069070816
1403638130.745097 0.9937397241592407 -0.0775444507598877 -0.08042600005865097 -0.018794555217027664 0.06981667876243591 0.9930437803268433 -0.09481322020292282 -0.39958494901657104 0.08721879124641418 0.08860458433628082 0.9922410249710083 -0.1574772596359253
1403638130.795097 0.9913164973258972 -0.09873548150062561 -0.08685000240802765 -0.01913747936487198 0.08959568291902542 0.9905866384506226 -0.10349304974079132 -0.41244423389434814 0.09625086188316345 0.09481298178434372 0.990831196308136 -0.16047734022140503
1403638130.845097 0.990414559841156 -0.10357441753149033 -0.09138496965169907 -0.02250402420759201 0.09376735240221024 0.9899595379829407 -0.10577157884836197 -0.4260377585887909 0.10142266750335693 0.09618878364562988 0.9901823997497559 -0.17144262790679932
1403638130.895097 0.9896262884140015 -0.10756360739469528 -0.09523620456457138 -0.020877258852124214 0.0969516932964325 0.9892133474349976 -0.10980528593063354 -0.4319748282432556 0.106019988656044 0.09943287819623947 0.9893801212310791 -0.1755237877368927
1403638130.945097 0.9895433187484741 -0.11190766096115112 -0.09099724143743515 -0.01861867681145668 0.10042319446802139 0.9874048829078674 -0.12225724756717682 -0.4412456750869751 0.10353264957666397 0.1118406131863594 0.9883182048797607 -0.18155264854431152
1403638130.9950972 0.9896301031112671 -0.11764726042747498 -0.0824090838432312 -0.018111752346158028 0.10514891147613525 0.9842143058776855 -0.1423579305410385 -0.4438477158546448 0.09785622358322144 0.1322164535522461 0.9863788485527039 -0.1841597557067871
1403638131.0450969 0.989271879196167 -0.1242089793086052 -0.07689720392227173 -0.014195730909705162 0.11085983365774155 0.981107771396637 -0.1585479974746704 -0.4464714527130127 0.09513752162456512 0.14832226932048798 0.9843522906303406 -0.18364927172660828
1403638131.095097 0.9899418354034424 -0.12202969193458557 -0.07158169895410538 -0.017841357737779617 0.10899937897920609 0.980423629283905 -0.16397711634635925 -0.4380636215209961 0.09019046276807785 0.15452542901039124 0.9838637709617615 -0.18049457669258118
1403638131.145097 0.9909866452217102 -0.11339445412158966 -0.07132317125797272 -0.01813267171382904 0.1012393981218338 0.9826208353042603 -0.15558552742004395 -0.4290112555027008 0.0877261608839035 0.1469624787569046 0.9852443337440491 -0.17739801108837128
1403638131.195097 0.9928678274154663 -0.09489496052265167 -0.07216817885637283 -0.013354262337088585 0.08424542844295502 0.986772894859314 -0.13849866390228271 -0.41189077496528625 0.08435642719268799 0.13143104314804077 0.9877297282218933 -0.17111662030220032
1403638131.245097 0.9948334097862244 -0.07237277179956436 -0.07119384407997131 -0.016844769939780235 0.06372580677270889 0.9910832047462463 -0.11701681464910507 -0.4034245014190674 0.07902786135673523 0.11187536269426346 0.9905748963356018 -0.1643306016921997
1403638131.295097 0.9957118034362793 -0.05773867294192314 -0.0722772479057312 -0.015889018774032593 0.050213925540447235 0.9935247898101807 -0.10191602259874344 -0.38540396094322205 0.07769372314214706 0.09784965962171555 0.9921639561653137 -0.15407197177410126
1403638131.345097 0.9960820078849792 -0.05091501399874687 -0.07230569422245026 -0.01602444238960743 0.04402179643511772 0.9946057796478271 -0.09392151981592178 -0.37089818716049194 0.0766976848244667 0.09037049114704132 0.9929505586624146 -0.14921754598617554
1403638131.395097 0.9961875081062317 -0.051815640181303024 -0.07018031179904938 -0.012805105186998844 0.04516381770372391 0.9946167469024658 -0.09326082468032837 -0.35604429244995117 0.07463487982749939 0.08973565697669983 0.9931652545928955 -0.14659351110458374
1403638131.445097 0.9962841272354126 -0.05262651666998863 -0.06817732751369476 -0.010177035816013813 0.04603895917534828 0.9944280385971069 -0.09483232349157333 -0.346088707447052 0.07278814166784286 0.09134112298488617 0.9931560754776001 -0.13892437517642975
1403638131.4950972 0.9971113204956055 -0.043221816420555115 -0.06245837360620499 -0.006678266916424036 0.037234775722026825 0.9948727488517761 -0.09403058886528015 -0.327519953250885 0.0662023052573204 0.0914333388209343 0.9936082363128662 -0.13286858797073364
1403638131.5450969 0.9973306655883789 -0.03992653638124466 -0.06113499402999878 -0.005206544417887926 0.034439124166965485 0.9954964518547058 -0.08832152187824249 -0.309273362159729 0.06438601762056351 0.08598031848669052 0.9942142367362976 -0.12696491181850433
1403638131.595097 0.9974849820137024 -0.03655771538615227 -0.06072216480970383 -0.0034536574967205524 0.03154193237423897 0.996165931224823 -0.08160021901130676 -0.28926536440849304 0.06347246468067169 0.07947969436645508 0.9948137402534485 -0.12188389152288437
1403638131.645097 0.9976397752761841 -0.03086133860051632 -0.06133899837732315 -0.002070953603833914 0.026102781295776367 0.9966955780982971 -0.07691977918148041 -0.2693403363227844 0.06351013481616974 0.07513711601495743 0.995148777961731 -0.11398425698280334
1403638131.695097 0.9978291392326355 -0.0262376107275486 -0.060405027121305466 0.005101495888084173 0.021558184176683426 0.9968091249465942 -0.076856330037117 -0.2489495873451233 0.06222879886627197 0.07538725435733795 0.9952107667922974 -0.10970207303762436
1403638131.745097 0.9980548024177551 -0.02193424291908741 -0.05835650861263275 0.0012713586911559105 0.017410263419151306 0.996884286403656 -0.07693244516849518 -0.22675807774066925 0.05986213684082031 0.07576678693294525 0.9953271150588989 -0.09519646316766739
1403638131.795097 0.998516321182251 -0.01093453262001276 -0.053345032036304474 0.0034848307259380817 0.006856299005448818 0.99708092212677 -0.07604259252548218 -0.20467646420001984 0.05402079597115517 0.07556401938199997 0.9956766963005066 -0.08990376442670822
1403638131.845097 0.9988613724708557 -0.00015924731269478798 -0.04770607501268387 0.005744779948145151 -0.0032863360829651356 0.9973892569541931 -0.07213795185089111 -0.18366588652133942 0.04759299010038376 0.0722125992178917 0.9962531924247742 -0.08301673084497452
1403638131.895097 0.9990560412406921 0.005898456554859877 -0.04303788021206856 0.007283123675733805 -0.008935310877859592 0.9974565505981445 -0.07071516662836075 -0.16255690157413483 0.042511310428380966 0.07103296369314194 0.9965677261352539 -0.07641054689884186
1403638131.945097 0.9991098046302795 0.010950365103781223 -0.04073953256011009 0.008210910484194756 -0.013772081583738327 0.9974771738052368 -0.06963958591222763 -0.14481255412101746 0.039874158799648285 0.07013866305351257 0.9967401027679443 -0.06945981085300446
1403638131.9950972 0.998913049697876 0.024602588266134262 -0.03959190100431442 0.009006358683109283 -0.027118850499391556 0.9975603222846985 -0.0643264576792717 -0.12713228166103363 0.037912722676992416 0.06533022224903107 0.9971432089805603 -0.06444496661424637
1403638132.0450969 0.998215913772583 0.04299183562397957 -0.041433993726968765 0.009384708479046822 -0.04524524509906769 0.9974566102027893 -0.055076174437999725 -0.11662936210632324 0.0389607734978199 0.05685260146856308 0.9976221919059753 -0.06213374063372612
1403638132.095097 0.997175395488739 0.06152484938502312 -0.04308067262172699 0.009488821029663086 -0.06333807855844498 0.9971049427986145 -0.04207094386219978 -0.11151279509067535 0.04036753997206688 0.04468075931072235 0.9981855154037476 -0.060316845774650574
1403638132.145097 0.9962963461875916 0.0724751278758049 -0.0462711863219738 0.00933000072836876 -0.07415656745433807 0.996606707572937 -0.0357186384499073 -0.11541744321584702 0.04352545365691185 0.03901766613125801 0.9982901811599731 -0.062391966581344604
1403638132.195097 0.9961474537849426 0.07202514261007309 -0.050026923418045044 0.009374397806823254 -0.07400375604629517 0.996499240398407 -0.038892049342393875 -0.1263461709022522 0.047050587832927704 0.04244440793991089 0.9979903697967529 -0.06715840101242065
1403638132.245097 0.9966660141944885 0.059806276112794876 -0.0554995983839035 0.008444112725555897 -0.06273160874843597 0.9966456890106201 -0.05255499109625816 -0.14444194734096527 0.05217030644416809 0.055861346423625946 0.9970746040344238 -0.07411695271730423
1403638132.295097 0.9970821142196655 0.044624533504247665 -0.061934228986501694 0.007573151029646397 -0.04883592575788498 0.9964730143547058 -0.06823810935020447 -0.16728241741657257 0.058670684695243835 0.07106362283229828 0.9957448840141296 -0.08455074578523636
1403638132.345097 0.9971725940704346 0.03566023334860802 -0.06614439189434052 0.006265938747674227 -0.04087992012500763 0.9960108399391174 -0.07931667566299438 -0.19159413874149323 0.06305209547281265 0.08179640024900436 0.9946526288986206 -0.09439677000045776
1403638132.395097 0.9968685507774353 0.019973209127783775 -0.07651282101869583 0.00378206092864275 -0.026390008628368378 0.99613356590271 -0.083794966340065 -0.2205185741186142 0.07454332709312439 0.08555174618959427 0.9935412406921387 -0.10560298711061478
1403638132.445097 0.9963130950927734 0.0031136733014136553 -0.08573521673679352 0.0034647169522941113 -0.011244980618357658 0.9954590797424316 -0.09452350437641144 -0.24628686904907227 0.08505157381296158 0.09513908624649048 0.9918239712715149 -0.1178819090127945
1403638132.4950972 0.9952400922775269 -0.022233523428440094 -0.0948837399482727 0.0029931426979601383 0.011489344760775566 0.9936063289642334 -0.11231349408626556 -0.2799130380153656 0.09677421301603317 0.11068874597549438 0.9891323447227478 -0.13187533617019653
1403638132.5450969 0.993607759475708 -0.04916340485215187 -0.10161972045898438 0.008606506511569023 0.03500281646847725 0.989992618560791 -0.13670913875102997 -0.3094455599784851 0.10732387006282806 0.13227827847003937 0.9853852391242981 -0.15009109675884247
1403638132.595097 0.9919021725654602 -0.07031749933958054 -0.10576100647449493 0.003853030502796173 0.052891671657562256 0.9858003258705139 -0.15937483310699463 -0.329079270362854 0.11546605825424194 0.15249037742614746 0.9815366864204407 -0.15040896832942963
1403638132.645097 0.9906195998191833 -0.08250598609447479 -0.10892917215824127 0.0003742789849638939 0.06344833225011826 0.983727216720581 -0.16809290647506714 -0.34967419505119324 0.12102524936199188 0.1596047729253769 0.9797343015670776 -0.16370955109596252
1403638132.695097 0.990199625492096 -0.0843685045838356 -0.11129477620124817 -0.008167166262865067 0.06608572602272034 0.9850972294807434 -0.15879572927951813 -0.36983349919319153 0.1230335384607315 0.14988447725772858 0.9810186624526978 -0.1736934781074524
1403638132.745097 0.9898408651351929 -0.08489558100700378 -0.1140514463186264 -0.01722591742873192 0.06779177486896515 0.9869194626808167 -0.14626765251159668 -0.3825216591358185 0.12497706711292267 0.13704995810985565 0.9826486110687256 -0.17999161779880524
1403638132.795097 0.9895884394645691 -0.08818857371807098 -0.11374214291572571 -0.02236897498369217 0.07183226197957993 0.9874505400657654 -0.14064696431159973 -0.3962787985801697 0.12471818923950195 0.13101229071617126 0.9835046529769897 -0.18187636137008667
1403638132.845097 0.9888072609901428 -0.09630066901445389 -0.11395743489265442 -0.02073800377547741 0.07870718836784363 0.9855610728263855 -0.14991527795791626 -0.40281811356544495 0.1267489641904831 0.13926807045936584 0.9821096062660217 -0.18783360719680786
1403638132.895097 0.9875922203063965 -0.11031846702098846 -0.11176440119743347 -0.02497505210340023 0.09102058410644531 0.982072114944458 -0.1650746911764145 -0.4069598615169525 0.12797148525714874 0.15285363793373108 0.979928195476532 -0.19115984439849854
1403638132.945097 0.9862082600593567 -0.12034738808870316 -0.11362142115831375 -0.02802921086549759 0.09880241751670837 0.9788388609886169 -0.1791999191045761 -0.40622273087501526 0.13278330862522125 0.1655023843050003 0.9772295951843262 -0.19156032800674438
1403638132.9950972 0.9855356216430664 -0.12054867297410965 -0.11911176890134811 -0.03239203989505768 0.09708590060472488 0.9777023792266846 -0.18620449304580688 -0.40016084909439087 0.13890258967876434 0.17194709181785583 0.975264310836792 -0.18310728669166565
1403638133.0450969 0.986701250076294 -0.10564428567886353 -0.12353082001209259 -0.028774511069059372 0.08223201334476471 0.9799900650978088 -0.18126598000526428 -0.39386361837387085 0.14020869135856628 0.16869717836380005 0.9756448864936829 -0.18403062224388123
1403638133.095097 0.9886951446533203 -0.0855737030506134 -0.12312126159667969 -0.024509698152542114 0.0637759417295456 0.9831697344779968 -0.17120122909545898 -0.3805186152458191 0.13569942116737366 0.16141368448734283 0.9775128960609436 -0.18108350038528442
1403638133.145097 0.98996901512146 -0.07458299398422241 -0.11999402940273285 -0.015841685235500336 0.05472357198596001 0.9854322671890259 -0.16102354228496552 -0.3743165135383606 0.13025560975074768 0.15284183621406555 0.9796290397644043 -0.17375671863555908
1403638133.195097 0.9917780756950378 -0.06803907454013824 -0.10838265717029572 -0.0022559259086847305 0.05048418045043945 0.9862776398658752 -0.15718689560890198 -0.3609023690223694 0.11759024113416672 0.15042293071746826 0.9816036820411682 -0.16162145137786865
1403638133.245097 0.9932863116264343 -0.06811707466840744 -0.09349947422742844 0.014187142252922058 0.05291371047496796 0.986274778842926 -0.15640386939048767 -0.34917256236076355 0.10286994278430939 0.15040643513202667 0.9832577109336853 -0.1555141806602478
1403638133.295097 0.9953073263168335 -0.06439723819494247 -0.07222296297550201 0.031532611697912216 0.05276397615671158 0.9868508577346802 -0.15277840197086334 -0.3430584967136383 0.08111178874969482 0.14825071394443512 0.985617995262146 -0.15427151322364807
1403638133.345097 0.9968597888946533 -0.05826219916343689 -0.05362868681550026 0.0454665832221508 0.04999672248959541 0.988269031047821 -0.1443074345588684 -0.3191811442375183 0.06140723079442978 0.14117303490638733 0.9880787134170532 -0.14524830877780914
1403638133.395097 0.9979161620140076 -0.05358259752392769 -0.03594738245010376 0.06808771938085556 0.04832917079329491 0.9898309111595154 -0.13378655910491943 -0.3079927861690521 0.04275045916438103 0.13177047669887543 0.9903581142425537 -0.14087119698524475
1403638133.445097 0.9987619519233704 -0.04829304292798042 -0.01192377507686615 0.08910477161407471 0.04642263427376747 0.9910268783569336 -0.12534168362617493 -0.29674017429351807 0.017869897186756134 0.12463296949863434 0.9920421242713928 -0.13924875855445862
1403638133.4950972 0.9985792636871338 -0.052151937037706375 0.010936781764030457 0.11756336688995361 0.05309318006038666 0.9912386536598206 -0.12094154953956604 -0.2910301387310028 -0.004533648490905762 0.12135038524866104 0.9925994873046875 -0.13788992166519165
1403638133.5450969 0.9973946809768677 -0.0633455216884613 0.03451138734817505 0.13694313168525696 0.06703878939151764 0.9906044006347656 -0.11920027434825897 -0.2744453549385071 -0.02663636952638626 0.12120332568883896 0.9922703504562378 -0.12611103057861328
1403638133.595097 0.9956868886947632 -0.07839425653219223 0.04961825907230377 0.16442090272903442 0.08354630321264267 0.9901801943778992 -0.11208628118038177 -0.26652097702026367 -0.04034409672021866 0.11574825644493103 0.9924589395523071 -0.12890475988388062
1403638133.645097 0.9936667680740356 -0.09467023611068726 0.060530781745910645 0.18001689016819 0.10059380531311035 0.989503026008606 -0.10375279188156128 -0.25445377826690674 -0.05007307231426239 0.10918472707271576 0.9927595257759094 -0.13084612786769867
1403638133.695097 0.9917020797729492 -0.10617611557245255 0.07248127460479736 0.19778934121131897 0.11285237222909927 0.9890356659889221 -0.09525178372859955 -0.24420857429504395 -0.0615730956196785 0.10264107584953308 0.9928109645843506 -0.13728144764900208
1403638133.745097 0.9896757006645203 -0.11094383150339127 0.09073841571807861 0.21220465004444122 0.11891639232635498 0.9890182614326477 -0.08775974810123444 -0.23206482827663422 -0.08000555634498596 0.09764397144317627 0.99200040102005 -0.1338951289653778
1403638133.795097 0.987703263759613 -0.11154605448246002 0.10954263061285019 0.23894596099853516 0.12083666771650314 0.9892649054527283 -0.08217968791723251 -0.22877758741378784 -0.09919987618923187 0.09440592676401138 0.9905790686607361 -0.13923761248588562
1403638133.845097 0.9857867360115051 -0.10775069147348404 0.12889587879180908 0.26038187742233276 0.11812423169612885 0.9901073575019836 -0.07572437822818756 -0.21821986138820648 -0.11946139484643936 0.08987382054328918 0.9887626767158508 -0.14290103316307068
1403638133.895097 0.9838747382164001 -0.10639534145593643 0.14377231895923615 0.26596319675445557 0.11725737154483795 0.990680992603302 -0.06929520517587662 -0.20886287093162537 -0.13505981862545013 0.08503618836402893 0.9871817231178284 -0.12881715595722198
1403638133.945097 0.9820988178253174 -0.10652033239603043 0.15535496175289154 0.2728478014469147 0.11810031533241272 0.9907189011573792 -0.06729429960250854 -0.20322385430335999 -0.14674486219882965 0.08443713188171387 0.9855639338493347 -0.12576864659786224
1403638133.9950972 0.9810023307800293 -0.10683558881282806 0.16192708909511566 0.27389857172966003 0.1192275807261467 0.9904788732528687 -0.06882208585739136 -0.2027847170829773 -0.15303269028663635 0.08682083338499069 0.9843999147415161 -0.11878844350576401
1403638134.0450969 0.9811565279960632 -0.10379401594400406 0.16296839714050293 0.2716350853443146 0.11616560816764832 0.9908793568611145 -0.06829103082418442 -0.1992802917957306 -0.15439380705356598 0.08593553304672241 0.9842650294303894 -0.10687879472970963
1403638134.095097 0.98249351978302 -0.095887191593647 0.15972506999969482 0.26560357213020325 0.1068509891629219 0.9923706650733948 -0.0615105926990509 -0.20232650637626648 -0.15260837972164154 0.07750055193901062 0.9852433204650879 -0.09692754596471786
1403638134.145097 0.9839043021202087 -0.08604499697685242 0.15661603212356567 0.2552841305732727 0.09581109881401062 0.9938287138938904 -0.055900827050209045 -0.2092912346124649 -0.15083950757980347 0.07000663131475449 0.986076295375824 -0.091462641954422
1403638134.195097 0.984120786190033 -0.08260989934206009 0.15710468590259552 0.24369829893112183 0.092889703810215 0.9939122200012207 -0.05924508720636368 -0.2162703275680542 -0.15125402808189392 0.07289773970842361 0.9858033061027527 -0.07665374130010605
1403638134.245097 0.983181893825531 -0.08959516882896423 0.15914176404476166 0.23302613198757172 0.10253845900297165 0.9918931722640991 -0.07505972683429718 -0.22613319754600525 -0.15112663805484772 0.0901155173778534 0.9843982458114624 -0.06609925627708435
1403638134.295097 0.9820114374160767 -0.09828747063875198 0.16122351586818695 0.21347898244857788 0.11332941055297852 0.989749550819397 -0.0869029238820076 -0.23916934430599213 -0.15102943778038025 0.1036110520362854 0.9830843806266785 -0.04765424132347107
1403638134.345097 0.9814328551292419 -0.1068192794919014 0.15930789709091187 0.18839654326438904 0.12169413268566132 0.9887723326683044 -0.08671697974205017 -0.2464960366487503 -0.14825616776943207 0.10449374467134476 0.9834129810333252 -0.027398694306612015
1403638134.395097 0.9814596176147461 -0.11664360016584396 0.15208974480628967 0.17610374093055725 0.13000589609146118 0.9881938099861145 -0.08106420189142227 -0.25699761509895325 -0.14083853363990784 0.09933380782604218 0.9850366711616516 -0.015977222472429276
1403638134.445097 0.9812505841255188 -0.12376705557107925 0.1477460265159607 0.15488672256469727 0.13591812551021576 0.9878649711608887 -0.07516002655029297 -0.2661092281341553 -0.13665080070495605 0.09383220225572586 0.9861653447151184 -0.00553923100233078
1403638134.4950972 0.9806559085845947 -0.13147211074829102 0.14501389861106873 0.1327463686466217 0.14348474144935608 0.9867523908615112 -0.07570819556713104 -0.2749279737472534 -0.13313932716846466 0.09505098313093185 0.9865288734436035 0.008064277470111847
1403638134.5450969 0.9796596169471741 -0.14188307523727417 0.14190228283405304 0.1148177981376648 0.1538800299167633 0.9850507378578186 -0.0774337500333786 -0.2800197899341583 -0.12879440188407898 0.09769464284181595 0.9868474006652832 0.02045143023133278
1403638134.595097 0.9792117476463318 -0.15161122381687164 0.1347527951002121 0.0937986820936203 0.16333802044391632 0.9832680821418762 -0.08065172284841537 -0.28381478786468506 -0.12027040868997574 0.10098536312580109 0.9875915050506592 0.03017878532409668
1403638134.645097 0.979171872138977 -0.15551762282848358 0.130524680018425 0.0671679899096489 0.16639962792396545 0.9830459356307983 -0.0770188421010971 -0.2884073853492737 -0.11633393168449402 0.09713395684957504 0.988448977470398 0.04117872565984726
1403638134.695097 0.9797536134719849 -0.1560162901878357 0.12546604871749878 0.04430031776428223 0.1655886024236679 0.9837204813957214 -0.06981666386127472 -0.29364752769470215 -0.11253098398447037 0.0891788974404335 0.9896382689476013 0.04461280256509781
1403638134.745097 0.9807871580123901 -0.15544410049915314 0.11787116527557373 0.024907277897000313 0.1631997525691986 0.9848139882087708 -0.05922312289476395 -0.2993466258049011 -0.10687527060508728 0.0773218423128128 0.99126136302948 0.05416031926870346
1403638134.795097 0.9820261001586914 -0.15124577283859253 0.11291281133890152 0.004231699276715517 0.15732689201831818 0.9864278435707092 -0.04699268564581871 -0.30790504813194275 -0.10427288711071014 0.0639122724533081 0.9924930334091187 0.05317377299070358
1403638134.845097 0.9830583930015564 -0.14546778798103333 0.11151337623596191 -0.01459410972893238 0.1507633477449417 0.9877366423606873 -0.04058093950152397 -0.3138144910335541 -0.10424263030290604 0.056705571711063385 0.992933988571167 0.05423327162861824
