1403638131.745097 0.99964439868927 0.019364725798368454 0.018333515152335167 0.002696983516216278 -0.01900656707584858 0.9996289610862732 -0.019512468948960304 0.012904496863484383 -0.01870456337928772 0.01915707252919674 0.9996415376663208 0.0027825329452753067
1403638131.795097 0.9992647767066956 0.03036079742014408 0.023411700502038002 0.0030136462301015854 -0.029923411086201668 0.9993751049041748 -0.0188117865473032 0.01556247379630804 -0.02396821230649948 0.018097398802638054 0.9995489716529846 0.0037328347098082304
1403638131.845097 0.9987614750862122 0.04044567048549652 0.02897724322974682 0.0038705633487552404 -0.03999991714954376 0.9990746974945068 -0.015800882130861282 0.018989017233252525 -0.029589509591460228 0.014622224494814873 0.9994550943374634 0.004229943733662367
1403638131.895097 0.9982602596282959 0.04784877598285675 0.034449756145477295 0.003543291473761201 -0.047408513724803925 0.9987845420837402 -0.013485671021044254 0.020818451419472694 -0.035053156316280365 0.011828999035060406 0.9993153810501099 0.005293671507388353
1403638131.945097 0.9979390501976013 0.05254000797867775 0.03683890029788017 0.00380987417884171 -0.0521153025329113 0.9985641241073608 -0.01239609345793724 0.022670112550258636 -0.03743729367852211 0.010450677014887333 0.9992443323135376 0.005652677733451128
1403638131.9950972 0.9972149729728699 0.06444771587848663 0.03753254935145378 0.004733114503324032 -0.06419945508241653 0.9979067444801331 -0.007783586625009775 0.025439204648137093 -0.037955619394779205 0.005352339707314968 0.999265193939209 0.005947418976575136
1403638132.0450969 0.9959048628807068 0.0828578919172287 0.03616701439023018 0.004923591390252113 -0.08295078575611115 0.9965530037879944 0.0010726501932367682 0.027031663805246353 -0.035953473299741745 -0.004068339243531227 0.9993451833724976 0.006347526330500841
1403638132.095097 0.994326114654541 0.10035469383001328 0.03527571260929108 0.004985639825463295 -0.10089468955993652 0.9948003888130188 0.013871762901544571 0.02765170857310295 -0.03370019048452377 -0.017352188006043434 0.9992813467979431 0.006376652047038078
1403638132.145097 0.9932869076728821 0.11107733100652695 0.03229453042149544 0.004350971430540085 -0.11177036166191101 0.9935224652290344 0.02050545997917652 0.025257112458348274 -0.029807649552822113 -0.023977380245923996 0.9992680549621582 0.005928762257099152
1403638132.195097 0.9933179020881653 0.11173055320978165 0.028911208733916283 0.004251341335475445 -0.11226047575473785 0.9935264587402344 0.017401067540049553 0.02403978817164898 -0.026779813691973686 -0.020530376583337784 0.9994305372238159 0.005726918578147888
1403638132.245097 0.9947206377983093 0.10014254599809647 0.022410321980714798 0.0032977829687297344 -0.1002567708492279 0.994953453540802 0.004030169919133186 0.021732542663812637 -0.021893633529543877 -0.006255679298192263 0.999740719795227 0.0034836954437196255
1403638132.295097 0.9962226748466492 0.085493303835392 0.015204241499304771 0.003012065077200532 -0.08532268553972244 0.9962865710258484 -0.011538471095263958 0.01889854669570923 -0.016134243458509445 0.010197618044912815 0.9998179078102112 0.002380378544330597
1403638132.345097 0.9969277381896973 0.0775706097483635 0.010860051959753036 0.0033940591383725405 -0.07731039822101593 0.9967503547668457 -0.022620931267738342 0.0162969883531332 -0.012579480186104774 0.021711839362978935 0.9996852278709412 0.0028335449751466513
1403638132.395097 0.9980380535125732 0.06260865181684494 -0.00040386803448200226 0.0030077125411480665 -0.06259691715240479 0.9976781010627747 -0.026834480464458466 0.012957553379237652 -0.0012771403416991234 0.026807112619280815 0.9996398091316223 0.0013910557609051466
1403638132.445097 0.9988879561424255 0.046058524399995804 -0.010072620585560799 0.003024125238880515 -0.04640199616551399 0.9982357025146484 -0.037043627351522446 0.01049534697085619 0.00834867637604475 0.03746981546282768 0.999262809753418 0.0001316363923251629
1403638132.4950972 0.99955153465271 0.021886182948946953 -0.020437171682715416 0.0029216655530035496 -0.02297033742070198 0.9982542395591736 -0.05441369488835335 0.0069479928351938725 0.019210582599043846 0.0548587366938591 0.9983094334602356 -0.0016681725392118096
1403638132.5450969 0.9996094703674316 -0.002096279989928007 -0.027864275500178337 0.0023968713358044624 -8.640493615530431e-05 0.9969455003738403 -0.07810169458389282 0.0032002099324017763 0.027942880988121033 0.07807361334562302 0.9965559244155884 -0.002775606233626604
1403638132.595097 0.9991830587387085 -0.022946324199438095 -0.03326737880706787 0.002003830624744296 0.01949775032699108 0.9947443604469299 -0.10051599889993668 0.0005330296698957682 0.03539901226758957 0.09978524595499039 0.9943791627883911 -0.00347646651789546
1403638132.645097 0.9987337589263916 -0.034846097230911255 -0.03628386929631233 0.0007929391576908529 0.030621085315942764 0.9933359622955322 -0.1111120656132698 -0.00013061388744972646 0.03991389274597168 0.10986033082008362 0.9931452870368958 -0.003937120083719492
1403638132.695097 0.9985259771347046 -0.037296172231435776 -0.03943324834108353 0.0009005003375932574 0.033155303448438644 0.9943439364433289 -0.10089968889951706 -0.0028688632883131504 0.04297337681055069 0.09944351762533188 0.994114875793457 -0.004813160747289658
1403638132.745097 0.9983938336372375 -0.03850879520177841 -0.04155421629548073 -0.0004471636493690312 0.034773655235767365 0.9955887198448181 -0.08714205026626587 -0.005425237584859133 0.0447266511619091 0.08555710315704346 0.9953288435935974 -0.005250461399555206
1403638132.795097 0.9983195662498474 -0.04177642986178398 -0.04015960916876793 -0.001806089305318892 0.038354553282260895 0.9958529472351074 -0.08249761909246445 -0.006138826720416546 0.04343952238559723 0.08081869781017303 0.9957817792892456 -0.006130569614470005
1403638132.845097 0.997960090637207 -0.049074701964855194 -0.040835414081811905 -0.0018442657310515642 0.045167502015829086 0.9947665333747864 -0.0916486382484436 -0.006975321099162102 0.045119330286979675 0.08961723744869232 0.9949537515640259 -0.005700737237930298
1403638132.895097 0.9972800016403198 -0.06241093575954437 -0.03921086713671684 -0.002425241516903043 0.057907361537218094 0.9925668239593506 -0.10704125463962555 -0.007245717570185661 0.04559995234012604 0.10447950661182404 0.9934810996055603 -0.005788351409137249
1403638132.945097 0.9965453743934631 -0.07149757444858551 -0.042254384607076645 -0.002503070281818509 0.06594283878803253 0.9904893040657043 -0.12075793743133545 -0.007283677347004414 0.05048641562461853 0.11755438894033432 0.9917823076248169 -0.0060881064273417
1403638132.9950972 0.996204137802124 -0.07189641892910004 -0.04907200485467911 -0.0017958023818209767 0.06515272706747055 0.9897107481956482 -0.12738925218582153 -0.006929310504347086 0.05772591754794121 0.1237085610628128 0.9906380772590637 -0.005723659414798021
1403638133.0450969 0.9969708323478699 -0.05683671683073044 -0.0530899353325367 -0.0015483938623219728 0.050043292343616486 0.9913254976272583 -0.12152937054634094 -0.006906336173415184 0.05953674018383026 0.11850446462631226 0.9911670684814453 -0.005506847053766251
1403638133.095097 0.9979760646820068 -0.037023577839136124 -0.05170109495520592 -0.001783052459359169 0.031160762533545494 0.993450939655304 -0.10992816090583801 -0.0066658793948590755 0.05543244257569313 0.10809463262557983 0.9925938844680786 -0.0056868139654397964
1403638133.145097 0.9984427690505981 -0.027683762833476067 -0.048432059586048126 -0.0007253525545820594 0.02265019714832306 0.9945720434188843 -0.1015559509396553 -0.003924692515283823 0.050980616360902786 0.10030081123113632 0.9936501979827881 -0.00478283129632473
1403638133.195097 0.9991646409034729 -0.020737288519740105 -0.03521333262324333 -0.000424363708589226 0.017249224707484245 0.9951717257499695 -0.096621073782444 -0.004105261992663145 0.037046972662210464 0.0959329754114151 0.9946981072425842 -0.004045808222144842
1403638133.245097 0.9995391964912415 -0.021660467609763145 -0.02126176282763481 0.0028911654371768236 0.01944017969071865 0.9948385953903198 -0.09958947449922562 0.0008177688578143716 0.02330917678773403 0.09913025051355362 0.99480140209198 -0.003020314732566476
1403638133.295097 0.9998517036437988 -0.017218254506587982 0.00026519771199673414 0.005571925081312656 0.01716449111700058 0.9952541589736938 -0.09578368067741394 -0.0005259107565507293 0.0013852890115231276 0.09577401727437973 0.9954021573066711 -0.002353159012272954
1403638133.345097 0.9997360110282898 -0.012866121716797352 0.019033528864383698 0.008018949069082737 0.014464948326349258 0.9961555600166321 -0.08639833331108093 0.0008296334417536855 -0.017848744988441467 0.08665086328983307 0.9960789084434509 -0.0027133345138281584
1403638133.395097 0.9992684721946716 -0.007941312156617641 0.037409257143735886 0.010017487220466137 0.01078954990953207 0.9970064759254456 -0.07656177133321762 0.0019601495005190372 -0.03668927028775215 0.07690940052270889 0.9963628053665161 -0.0024722968228161335
1403638133.445097 0.9980595111846924 -0.003804810345172882 0.06215253472328186 0.012452332302927971 0.008085357956588268 0.9976000785827637 -0.06876611709594727 0.0030842700507491827 -0.06174173206090927 0.06913520395755768 0.9956949353218079 -0.002690085442736745
1403638133.4950972 0.9962843656539917 -0.007880565710365772 0.08576371520757675 0.015096478164196014 0.013597412034869194 0.9977084398269653 -0.06627954542636871 0.004179827403277159 -0.08504489064216614 0.06719943881034851 0.9941084384918213 -0.002488996833562851
1403638133.5450969 0.993788480758667 -0.019230777397751808 0.10961215198040009 0.017151696607470512 0.02642194740474224 0.997565507888794 -0.06453539431095123 0.005271923262625933 -0.10810424387454987 0.06703069806098938 0.9918771386146545 -0.0019509976264089346
1403638133.595097 0.9915733933448792 -0.034572768956422806 0.1248473972082138 0.019946733489632607 0.042067594826221466 0.9974355101585388 -0.05790276080369949 0.006038903724402189 -0.12252536416053772 0.0626668855547905 0.9904849529266357 -0.0029564525466412306
1403638133.645097 0.989540696144104 -0.050845589488744736 0.13499565422534943 0.022810380905866623 0.05804526433348656 0.997063934803009 -0.04994118586182594 0.007290884852409363 -0.1320600062608719 0.05725470557808876 0.9895867705345154 -0.003124215640127659
1403638133.695097 0.9872711896896362 -0.06284723430871964 0.14610180258750916 0.02606421336531639 0.06975831836462021 0.9966510534286499 -0.042666319757699966 0.009468907490372658 -0.1429310441017151 0.05231504514813423 0.9883490800857544 -0.0030875932425260544
1403638133.745097 0.9839552044868469 -0.06824852526187897 0.16484634578227997 0.027367521077394485 0.07512640208005905 0.9965294003486633 -0.03584762662649155 0.01068590022623539 -0.1618276983499527 0.047656767070293427 0.9856676459312439 -0.0034352459479123354
1403638133.795097 0.9802662134170532 -0.06971453875303268 0.18498121201992035 0.02974347583949566 0.07687687128782272 0.9965324997901917 -0.03182477504014969 0.011634710244834423 -0.18212109804153442 0.04541752487421036 0.9822267293930054 -0.0033869692124426365
1403638133.845097 0.9766564965248108 -0.06514406949281693 0.2046913355588913 0.031850721687078476 0.07212299108505249 0.9970352649688721 -0.02681323140859604 0.013024851679801941 -0.20233775675296783 0.04095026105642319 0.9784592986106873 -0.002803643001243472
1403638133.895097 0.9736488461494446 -0.06447979062795639 0.21874700486660004 0.03348863497376442 0.07068582624197006 0.9972847104072571 -0.020656105130910873 0.013729250989854336 -0.21682116389274597 0.035574108362197876 0.9755628705024719 -0.0029164375737309456
1403638133.945097 0.9710182547569275 -0.06586593389511108 0.2297501116991043 0.034428998827934265 0.07213647663593292 0.9972139000892639 -0.018991945311427116 0.014209953136742115 -0.22785909473896027 0.03501488268375397 0.9730643630027771 -0.0027917935512959957
1403638133.9950972 0.9697480201721191 -0.0662296712398529 0.23495188355445862 0.03526689484715462 0.07321347296237946 0.9970926642417908 -0.021117063239216805 0.014469965361058712 -0.2328701913356781 0.037679873406887054 0.971777617931366 -0.002824869006872177
1403638134.0450969 0.9695945382118225 -0.06275885552167892 0.23653258383274078 0.03476791828870773 0.06950163096189499 0.9973759651184082 -0.020268835127353668 0.014540143311023712 -0.23463982343673706 0.03609195351600647 0.971412181854248 -0.00141864363104105
1403638134.095097 0.9707446694374084 -0.05552779883146286 0.23360495269298553 0.034057509154081345 0.06036046892404556 0.9980841875076294 -0.013583536259829998 0.014305803924798965 -0.23240312933921814 0.027286652475595474 0.9722367525100708 -0.0003642626106739044
1403638134.145097 0.971847653388977 -0.04608841612935066 0.23105816543102264 0.03284978121519089 0.049332551658153534 0.9987481236457825 -0.008279298432171345 0.014003202319145203 -0.23038730025291443 0.01944490522146225 0.9729047417640686 0.0013940162025392056
1403638134.195097 0.9719791412353516 -0.04233991727232933 0.23122204840183258 0.03169674798846245 0.046267855912446976 0.9988617897033691 -0.011589105241000652 0.013247085735201836 -0.23046819865703583 0.021962516009807587 0.9728319644927979 0.0025017238222062588
1403638134.245097 0.9711846113204956 -0.048073768615722656 0.23342959582805634 0.030287835747003555 0.05596214160323143 0.9980599880218506 -0.027284737676382065 0.012237894348800182 -0.23166505992412567 0.039561737328767776 0.9719908237457275 0.005003584548830986
1403638134.295097 0.9704834818840027 -0.05565484240651131 0.23465821146965027 0.028471460565924644 0.06664282828569412 0.9970083832740784 -0.03915230184793472 0.010897226631641388 -0.23177722096443176 0.05363495275378227 0.9712892174720764 0.006656668148934841
1403638134.345097 0.9704105257987976 -0.06476607173681259 0.23261302709579468 0.025374025106430054 0.07577884197235107 0.9963728189468384 -0.0387142151594162 0.010157046839594841 -0.22926189005374908 0.055195823311805725 0.9717985391616821 0.00937841646373272
1403638134.395097 0.9710603952407837 -0.07399917393922806 0.22708164155483246 0.02309899963438511 0.08369643241167068 0.9959326982498169 -0.033362824469804764 0.009738597087562084 -0.22368915379047394 0.0514032319188118 0.9733040928840637 0.011124316602945328
1403638134.445097 0.9713791608810425 -0.08258957415819168 0.2227144092321396 0.020370258018374443 0.09081863611936569 0.9955028295516968 -0.026945587247610092 0.00847148708999157 -0.21948741376399994 0.0464010052382946 0.9745112061500549 0.011990885250270367
1403638134.4950972 0.97139972448349 -0.09022169560194016 0.21964190900325775 0.018241677433252335 0.09852772951126099 0.9947640895843506 -0.02713734470307827 0.007415692787617445 -0.21604353189468384 0.04800202697515488 0.9752030968666077 0.014100778847932816
1403638134.5450969 0.9711261987686157 -0.1004844456911087 0.21637195348739624 0.016020070761442184 0.10912907868623734 0.9936231970787048 -0.028351256623864174 0.006775359623134136 -0.21214336156845093 0.05114511400461197 0.9758991599082947 0.01519162766635418
1403638134.595097 0.9715400338172913 -0.1101330816745758 0.2097155600786209 0.0131149273365736 0.1190560907125473 0.992422878742218 -0.030370526015758514 0.00602637929841876 -0.20478172600269318 0.05447408929467201 0.977290689945221 0.016353493556380272
1403638134.645097 0.9719483256340027 -0.114349864423275 0.20552490651607513 0.010713830590248108 0.12245118618011475 0.9921043515205383 -0.02709750086069107 0.006125759333372116 -0.20080359280109406 0.05150413140654564 0.9782766699790955 0.01823912374675274
1403638134.695097 0.9729687571525574 -0.11481205374002457 0.20037433505058289 0.008407175540924072 0.12109662592411041 0.9924518465995789 -0.019352663308382034 0.0054887584410607815 -0.1966399848461151 0.04309418052434921 0.9795283079147339 0.01889897882938385
1403638134.745097 0.9743019938468933 -0.11583669483661652 0.19317728281021118 0.006207628175616264 0.11987702548503876 0.9927449226379395 -0.009318538010120392 0.005690942518413067 -0.1906963586807251 0.03223658353090286 0.9811195731163025 0.019492020830512047
1403638134.795097 0.9755305647850037 -0.11182263493537903 0.18930348753929138 0.0035231083165854216 0.11338021606206894 0.9935480952262878 0.0026165656745433807 0.005237986333668232 -0.18837471306324005 0.018910717219114304 0.9819151163101196 0.020385926589369774
1403638134.845097 0.976268470287323 -0.10618957132101059 0.18874217569828033 0.0008320915512740612 0.10617877542972565 0.9942948818206787 0.010197670198976994 0.0037679350934922695 -0.1887482851743698 0.010084751062095165 0.9819737076759338 0.020694300532341003
1403638134.895097 0.9764854311943054 -0.10256309807300568 0.18962320685386658 -0.0014998980332165956 0.10260817408561707 0.9946755170822144 0.009606441482901573 0.0028446605429053307 -0.18959881365299225 0.010076344013214111 0.9818099141120911 0.021049251779913902
1403638134.945097 0.9764464497566223 -0.10193265229463577 0.19016298651695251 -0.0031401619780808687 0.1035858616232872 0.9946198463439941 0.0012524696066975594 0.0027887201867997646 -0.18926753103733063 0.01847522333264351 0.9817516803741455 0.021419940516352654
1403638134.9950972 0.9763690233230591 -0.1019221767783165 0.19056612253189087 -0.005236819852143526 0.1047198474407196 0.994490921497345 -0.0046415445394814014 0.0024088723585009575 -0.18904322385787964 0.02448791265487671 0.9816633462905884 0.021682702004909515
1403638135.0450969 0.9771031737327576 -0.09592940658330917 0.18991351127624512 -0.006522772368043661 0.09821116924285889 0.9951621890068054 -0.0026177207473665476 0.002939709462225437 -0.18874363601207733 0.021209411323070526 0.9817973375320435 0.021706975996494293
1403638135.095097 0.9784142374992371 -0.08779292553663254 0.1870775818824768 -0.007759866304695606 0.08816119283437729 0.9960858821868896 0.006366940680891275 0.0022848877124488354 -0.18690431118011475 0.010263480246067047 0.9823245406150818 0.02114604040980339
1403638135.145097 0.9796884059906006 -0.07995029538869858 0.18389828503131866 -0.010210463777184486 0.07895040512084961 0.9967967867851257 0.012764733284711838 0.0028944886289536953 -0.18432973325252533 0.0020133815705776215 0.9828624725341797 0.021974489092826843
1403638135.195097 0.9803215861320496 -0.07478417456150055 0.18269352614879608 -0.010787924751639366 0.07265062630176544 0.9971885681152344 0.018352853134274483 0.003552309237420559 -0.18355242908000946 -0.004718899726867676 0.9829985499382019 0.022638244554400444
1403638135.245097 0.9805455207824707 -0.07161625474691391 0.18276141583919525 -0.011284451931715012 0.06837160140275955 0.9973711371421814 0.024001367390155792 0.004419623874127865 -0.18399986624717712 -0.011038742959499359 0.982864260673523 0.022480135783553123
1403638135.295097 0.9805830717086792 -0.06799610704183578 0.18393874168395996 -0.010863949544727802 0.06491818279027939 0.9976320862770081 0.022710995748639107 0.0052141062915325165 -0.1850474327802658 -0.010329049080610275 0.982675313949585 0.022496655583381653
1403638135.345097 0.9799151420593262 -0.0680471807718277 0.1874454915523529 -0.010464676655828953 0.06599898636341095 0.9976722598075867 0.01715359091758728 0.006120141129940748 -0.18817639350891113 -0.00443784985691309 0.9821253418922424 0.02282254956662655
1403638135.395097 0.9789528846740723 -0.06699591875076294 0.19277679920196533 -0.009808230213820934 0.06554554402828217 0.9977527260780334 0.013898847624659538 0.006845169700682163 -0.19327475130558014 -0.0009706565178930759 0.9811441898345947 0.02228848822414875
1403638135.445097 0.9776454567909241 -0.06137575954198837 0.20110267400741577 -0.008503907360136509 0.059324637055397034 0.9981070756912231 0.016216151416301727 0.007792344782501459 -0.2017172873020172 -0.003923301585018635 0.979435920715332 0.02156827226281166
1403638135.4950972 0.9766634106636047 -0.05641033500432968 0.20723497867584229 -0.007041733246296644 0.0530724935233593 0.998356282711029 0.02163556218147278 0.008417458273470402 -0.20811480283737183 -0.010132182389497757 0.9780519008636475 0.021124636754393578
1403638135.5450969 0.9757732152938843 -0.05563334375619888 0.2115926742553711 -0.005835011135786772 0.0501243881881237 0.9982519149780273 0.0313151590526104 0.009308096021413803 -0.21296493709087372 -0.019950540736317635 0.9768561124801636 0.020557081326842308
1403638135.595097 0.9741812944412231 -0.050296396017074585 0.22009316086769104 -0.003691619262099266 0.04294257238507271 0.9983517527580261 0.038073159754276276 0.009790915995836258 -0.22164535522460938 -0.027638792991638184 0.9747356176376343 0.02025650255382061
1403638135.645097 0.9720571637153625 -0.05004940927028656 0.22934696078300476 -0.0016494770534336567 0.043202027678489685 0.9984606504440308 0.03478366881608963 0.009829806163907051 -0.23073481023311615 -0.023903459310531616 0.9727230072021484 0.01909754052758217
1403638135.695097 0.9691509008407593 -0.059089887887239456 0.23928019404411316 0.0005772574804723263 0.054208818823099136 0.9981663227081299 0.026934988796710968 0.009852838702499866 -0.2404329925775528 -0.013132970780134201 0.970576822757721 0.017827529460191727
1403638135.745097 0.9666661620140076 -0.07197483628988266 0.2457156777381897 0.002755772555246949 0.06924580782651901 0.9974043369293213 0.019740065559744835 0.010157410055398941 -0.24649864435195923 -0.0020672716200351715 0.9691410064697266 0.017073778435587883
1403638135.795097 0.9649572968482971 -0.08190912753343582 0.24929559230804443 0.004660033620893955 0.07907918840646744 0.9966393709182739 0.021363401785492897 0.01039901189506054 -0.2502076327800751 -0.0009006778127513826 0.9681918025016785 0.015938468277454376
1403638135.845097 0.9642768502235413 -0.07832036167383194 0.2530534863471985 0.00657647242769599 0.0741141214966774 0.9969074130058289 0.026127295568585396 0.010881232097744942 -0.25431716442108154 -0.006439110729843378 0.9670994281768799 0.014575302600860596
1403638135.895097 0.9631199240684509 -0.06666431576013565 0.2606833279132843 0.00827663391828537 0.05880109220743179 0.997551679611206 0.03785659372806549 0.011560706421732903 -0.26256877183914185 -0.021131979301571846 0.96468186378479 0.013429854065179825
1403638135.945097 0.9622074365615845 -0.0563427209854126 0.26642510294914246 0.009767771698534489 0.04445170238614082 0.9977364540100098 0.05045852065086365 0.011989760212600231 -0.26866504549980164 -0.03670850768685341 0.9625338912010193 0.012133169919252396
1403638135.9950972 0.9602806568145752 -0.04937530308961868 0.27463284134864807 0.011616433039307594 0.03540223464369774 0.9978249073028564 0.055608123540878296 0.01164304744452238 -0.27678120136260986 -0.04367678612470627 0.9599398970603943 0.010538037866353989
1403638136.0450969 0.9571920037269592 -0.043549545109272 0.28615885972976685 0.01330504473298788 0.031137580052018166 0.9983723163604736 0.04778468981385231 0.01180053036659956 -0.287773996591568 -0.03682883083820343 0.9569898843765259 0.010039075277745724
1403638136.095097 0.9540249109268188 -0.045058928430080414 0.2963211238384247 0.015831856057047844 0.03715699166059494 0.9987890124320984 0.032247673720121384 0.010668261907994747 -0.2974153161048889 -0.019754683598876 0.9545438289642334 0.007400859612971544
1403638136.145097 0.951259195804596 -0.05466675013303757 0.30350860953330994 0.01827702671289444 0.05213640630245209 0.998504638671875 0.01644027978181839 0.009946024045348167 -0.30395352840423584 0.0001848805695772171 0.9526867866516113 0.005927732214331627
1403638136.195097 0.9492861032485962 -0.06420093774795532 0.3077891767024994 0.02086573839187622 0.06672381609678268 0.997768759727478 0.002331811934709549 0.00965383555740118 -0.30725204944610596 0.018323302268981934 0.9514517784118652 0.004341910593211651
1403638136.245097 0.946905791759491 -0.06805247068405151 0.3142264783382416 0.022738568484783173 0.07232435792684555 0.9973793029785156 -0.0019420069875195622 0.01008125115185976 -0.31327083706855774 0.02456512302160263 0.9493460655212402 0.00256642559543252
1403638136.295097 0.9438766837120056 -0.06405478715896606 0.32402774691581726 0.025123830884695053 0.06892015784978867 0.9976158142089844 -0.0035492065362632275 0.010629900731146336 -0.32302790880203247 0.025682050734758377 0.9460409283638 0.0009956485591828823
1403638136.345097 0.9408402442932129 -0.05842066928744316 0.3337762951850891 0.027496453374624252 0.0621548555791378 0.9980664849281311 -0.000509588629938662 0.011326918378472328 -0.33310118317604065 0.02122526243329048 0.94265216588974 -0.00018190033733844757
1403638136.395097 0.9389587640762329 -0.05666496977210045 0.3393309712409973 0.02947005070745945 0.058819402009248734 0.9982608556747437 0.003941376693546772 0.01248925644904375 -0.33896419405937195 0.01625845395028591 0.9406587481498718 -0.0009672306478023529
1403638136.445097 0.9369158148765564 -0.05301619693636894 0.3455113470554352 0.0308942049741745 0.05309911072254181 0.9985466003417969 0.009231957606971264 0.01335160806775093 -0.34549859166145325 0.009696777909994125 0.9383691549301147 -0.0017593912780284882
1403638136.4950972 0.9349457621574402 -0.055568113923072815 0.35041195154190063 0.03204559162259102 0.05418539047241211 0.9984360337257385 0.013757552020251751 0.013790166936814785 -0.35062846541404724 0.00612464128062129 0.9364945888519287 -0.002491764724254608
1403638136.5450969 0.9328377842903137 -0.06796976923942566 0.3538270890712738 0.032285355031490326 0.06503712385892868 0.9976785182952881 0.02018754370510578 0.013796061277389526 -0.3543778359889984 0.004180187359452248 0.9350929856300354 -0.0028022564947605133
1403638136.595097 0.932188093662262 -0.08052051067352295 0.3529045879840851 0.031969040632247925 0.07794073969125748 0.9967252612113953 0.021539486944675446 0.013288193382322788 -0.35348325967788696 0.007426788564771414 0.9354113936424255 -0.0031376508995890617
1403638136.645097 0.9341938495635986 -0.08989261835813522 0.3452553451061249 0.031076982617378235 0.08887540549039841 0.9958651065826416 0.018809445202350616 0.012742672115564346 -0.345518559217453 0.013113044202327728 0.9383203387260437 -0.0031956317834556103
1403638136.695097 0.937396764755249 -0.09684888273477554 0.3345259428024292 0.02951394021511078 0.09689853340387344 0.9951561689376831 0.016582835465669632 0.011914159171283245 -0.33451151847839355 0.016870375722646713 0.9422406554222107 -0.0031529180705547333
1403638136.745097 0.9413970112800598 -0.10238087177276611 0.3213871121406555 0.02737361565232277 0.10255368053913116 0.9945915341377258 0.016439421102404594 0.010568611323833466 -0.32133203744888306 0.01748339645564556 0.9468051791191101 -0.0033865482546389103
1403638136.795097 0.9463129043579102 -0.10928706079721451 0.30421748757362366 0.025298751890659332 0.1108584851026535 0.9937617778778076 0.012157410383224487 0.009490502066910267 -0.30364835262298584 0.022220375016331673 0.9525250196456909 -0.003113259095698595
1403638136.845097 0.9507932066917419 -0.1206478700041771 0.2853706181049347 0.02350306697189808 0.1251070648431778 0.9921397566795349 0.0026232406962662935 0.008426801301538944 -0.28344401717185974 0.0332077220082283 0.9584136605262756 -0.0030928647611290216
1403638136.895097 0.9536514282226562 -0.1358507126569748 0.26850244402885437 0.021032007411122322 0.14473114907741547 0.9893792867660522 -0.013464180752635002 0.00802244246006012 -0.26382166147232056 0.05170079320669174 0.9631849527359009 -0.0023046929854899645
1403638136.945097 0.9553941488265991 -0.14761792123317719 0.25579479336738586 0.01636439934372902 0.16100700199604034 0.9864312410354614 -0.032096873968839645 0.007457389961928129 -0.24758587777614594 0.07184991985559464 0.9661981463432312 -0.0018924162723124027
1403638136.9950972 0.9566986560821533 -0.15635234117507935 0.24552330374717712 0.014430996030569077 0.172443225979805 0.983975887298584 -0.045328665524721146 0.00759506830945611 -0.23450174927711487 0.08570469915866852 0.9683303236961365 -0.0006996728479862213
1403638137.0450969 0.9584002494812012 -0.16031326353549957 0.23615364730358124 0.011311599053442478 0.17715422809123993 0.9828206896781921 -0.0517691895365715 0.00914444774389267 -0.22379736602306366 0.09145122021436691 0.9703357219696045 0.00124262273311615
1403638137.095097 0.9609330892562866 -0.15572233498096466 0.22881877422332764 0.01039466168731451 0.17083780467510223 0.9841447472572327 -0.0476812943816185 0.009813232347369194 -0.21776574850082397 0.08490943908691406 0.9723005890846252 0.0015666455728933215
1403638137.145097 0.9638465046882629 -0.14553356170654297 0.22320319712162018 0.009003976359963417 0.15800942480564117 0.9866673350334167 -0.038994200527668 0.011171194724738598 -0.21455232799053192 0.07285264134407043 0.9739917516708374 0.0017456751083955169
1403638137.195097 0.9668036103248596 -0.13456253707408905 0.21721817553043365 0.008150510489940643 0.14371617138385773 0.9892550706863403 -0.02683310955762863 0.013477959670126438 -0.21127349138259888 0.05716012045741081 0.9757542014122009 0.004948066081851721
1403638137.245097 0.9697917103767395 -0.12184976786375046 0.2113211750984192 0.006750345230102539 0.12737713754177094 0.9917730689048767 -0.012691473588347435 0.01574474200606346 -0.20803624391555786 0.03922558203339577 0.9773342609405518 0.005436445586383343
1403638137.295097 0.9720963835716248 -0.1119055449962616 0.2061689794063568 0.005167970899492502 0.11488981544971466 0.9933749437332153 -0.0025212448090314865 0.01757216453552246 -0.20452092587947845 0.02613760344684124 0.9785131812095642 0.006838771980255842
1403638137.345097 0.9736440777778625 -0.1076054498553276 0.20109257102012634 0.004055417608469725 0.10865259170532227 0.9940625429153442 0.0058559938333928585 0.01972895674407482 -0.20052872598171234 0.016147572547197342 0.9795547127723694 0.007477409206330776
1403638137.395097 0.9743377566337585 -0.09995896369218826 0.20167823135852814 0.003137157764285803 0.0991971343755722 0.9949706196784973 0.01390689518302679 0.021914785727858543 -0.20205403864383698 0.006455887574702501 0.9793530702590942 0.008209354244172573
1403638137.445097 0.9746818542480469 -0.09054355323314667 0.20444342494010925 0.0025049545802176 0.08723504096269608 0.9958701133728027 0.025157049298286438 0.02412116527557373 -0.2058769017457962 -0.006685486063361168 0.9785549640655518 0.009775063022971153
1403638137.4950972 0.9749086499214172 -0.07812592387199402 0.20844528079032898 0.0016627165023237467 0.07150810211896896 0.9966729879379272 0.03910920023918152 0.026051810011267662 -0.21080723404884338 -0.023222370073199272 0.9772517681121826 0.00992338452488184
1403638137.5450969 0.9751189947128296 -0.06433093547821045 0.21214254200458527 0.001295682741329074 0.05390476807951927 0.9970536231994629 0.05457565560936928 0.02807442657649517 -0.21502842009067535 -0.04178226366639137 0.9757136106491089 0.010847334749996662
1403638137.595097 0.9743936657905579 -0.04785618185997009 0.2196969836950302 0.0012108500814065337 0.034077778458595276 0.9972319602966309 0.06608438491821289 0.02992169000208378 -0.22225140035152435 -0.05690541863441467 0.9733273386955261 0.011512938886880875
1403638137.645097 0.9734734296798706 -0.04212042689323425 0.22488948702812195 0.001017110189422965 0.026898596435785294 0.9971612691879272 0.07032691687345505 0.031306177377700806 -0.2272132933139801 -0.06241217255592346 0.9718430042266846 0.011891736648976803
1403638137.695097 0.9715973734855652 -0.03957352042198181 0.23330771923065186 0.0005614967085421085 0.02429831214249134 0.9973901510238647 0.06798774749040604 0.03326321393251419 -0.2353893518447876 -0.06038772687315941 0.9700232744216919 0.012864761985838413
1403638137.745097 0.9698485732078552 -0.040856800973415375 0.24025918543338776 0.0004889040719717741 0.026103707030415535 0.997590959072113 0.06427113711833954 0.03430674597620964 -0.24230630695819855 -0.056061625480651855 0.9685787558555603 0.013158819638192654
1403638137.795097 0.9688486456871033 -0.04560757055878639 0.24341782927513123 0.00038637849502265453 0.03014075569808483 0.9973047971725464 0.06689248234033585 0.035336390137672424 -0.24581260979175568 -0.057471901178359985 0.9676120281219482 0.013603292405605316
1403638137.845097 0.9680587649345398 -0.043251048773527145 0.24696475267410278 0.0003082216717302799 0.025790635496377945 0.9969612956047058 0.0735035166144371 0.03625689446926117 -0.24939347803592682 -0.06478633731603622 0.9662327170372009 0.013810534961521626
1403638137.895097 0.9676140546798706 -0.03659806773066521 0.24976693093776703 0.00027144839987158775 0.015209193341434002 0.9960892200469971 0.08703432977199554 0.03708900511264801 -0.25197547674179077 -0.08041689544916153 0.964386522769928 0.013854176737368107
1403638137.945097 0.9671937823295593 -0.028618138283491135 0.2524228096008301 0.00015470199286937714 0.00236311461776495 0.9946050643920898 0.10370756685733795 0.037851788103580475 -0.25402894616127014 -0.09970881789922714 0.9620433449745178 0.0140233114361763
1403638137.9950972 0.9674818515777588 -0.02179226092994213 0.25199973583221436 5.1995739340782166e-06 -0.00820515863597393 0.9930535554885864 0.11737797409296036 0.03841004893183708 -0.2528071701526642 -0.11562876403331757 0.9605823755264282 0.014261310920119286
1403638138.0450969 0.9677683711051941 -0.017575759440660477 0.2512277066707611 -6.910040974617004e-05 -0.013278207741677761 0.9926133751869202 0.12059244513511658 0.03889758139848709 -0.2514914572238922 -0.12004140764474869 0.9603864550590515 0.014232238754630089
1403638138.095097 0.9677906632423401 -0.015311801806092262 0.2512899935245514 -0.0008195415139198303 -0.01495368406176567 0.9928902387619019 0.11809053272008896 0.03742704540491104 -0.25131160020828247 -0.11804462969303131 0.9606809020042419 0.013596862554550171
1403638138.145097 0.9672536253929138 -0.021819788962602615 0.2528718113899231 -0.0007684389129281044 -0.004030323587357998 0.99485182762146 0.10126005113124847 0.037404682487249374 -0.25377941131591797 -0.09896330535411835 0.9621861577033997 0.013480067253112793
1403638138.195097 0.9667028784751892 -0.027388418093323708 0.25443124771118164 -0.0006717294454574585 0.004382659215480089 0.9958823323249817 0.09055061638355255 0.03746439889073372 -0.25586357712745667 -0.0864204540848732 0.9628422856330872 0.013348463922739029
1403638138.245097 0.9667960405349731 -0.031139472499489784 0.2536446154117584 -0.000667031854391098 0.00984430592507124 0.9963496923446655 0.08479723334312439 0.03754059597849846 -0.2553592920303345 -0.07948467135429382 0.9635734558105469 0.013566896319389343
1403638138.295097 0.9664624333381653 -0.0321834534406662 0.2547832131385803 -0.0006603398360311985 0.012721536681056023 0.9968980550765991 0.0776689350605011 0.03763578459620476 -0.2564925253391266 -0.07182285934686661 0.9638739228248596 0.013208169490098953
1403638138.345097 0.9661725759506226 -0.03032958135008812 0.2561068534851074 -0.0006594178266823292 0.012586219236254692 0.9974226355552673 0.07063829898834229 0.037613291293382645 -0.2575891613960266 -0.06502535939216614 0.9640640616416931 0.013470026664435863
1403638138.395097 0.9659199118614197 -0.03004157356917858 0.2570916712284088 -0.0007713560480624437 0.014878548681735992 0.9980438351631165 0.060722753405570984 0.037635017186403275 -0.2584129869937897 -0.05482816696166992 0.9644771814346313 0.013369198888540268
1403638138.445097 0.9660099148750305 -0.028031887486577034 0.25698089599609375 -0.0007399746682494879 0.013003670610487461 0.9981141090393066 0.05999412387609482 0.03764122724533081 -0.25817805528640747 -0.05461321398615837 0.9645523428916931 0.0134528623893857
1403638138.4950972 0.9658585786819458 -0.026643918827176094 0.25769588351249695 -0.0007470764685422182 0.011499985121190548 0.9981263279914856 0.06009655445814133 0.03762421756982803 -0.25881427526474 -0.055081263184547424 0.9643552303314209 0.013520636595785618
1403638138.5450969 0.9658857583999634 -0.027943577617406845 0.2574564218521118 -0.0007490611169487238 0.013007649220526218 0.9981415271759033 0.059535253793001175 0.03765351325273514 -0.25864163041114807 -0.05415535345673561 0.9644538760185242 0.013330096378922462
1403638138.595097 0.9659531116485596 -0.02746807225048542 0.25725480914115906 -0.0007407551165670156 0.012578760273754597 0.9981582760810852 0.05934576317667961 0.03766467794775963 -0.25841113924980164 -0.05408927798271179 0.9645195007324219 0.013483728282153606
1403638138.645097 0.9659596681594849 -0.028999019414186478 0.25706231594085693 -0.0007270225323736668 0.014151358045637608 0.998132586479187 0.05942223593592644 0.037638913840055466 -0.25830554962158203 -0.05376169830560684 0.9645660519599915 0.013618862256407738
1403638138.695097 0.9659509062767029 -0.029400799423456192 0.25704941153526306 -0.0007533608004450798 0.014540169388055801 0.9981210231781006 0.059523407369852066 0.03763886168599129 -0.2583164870738983 -0.0537591427564621 0.964563250541687 0.013621303252875805
1403638138.745097 0.9660595655441284 -0.028849542140960693 0.25670334696769714 -0.0007603643462061882 0.013982253149151802 0.9981271624565125 0.05955440551042557 0.037663839757442474 -0.25794073939323425 -0.053943805396556854 0.964653491973877 0.013369766995310783
1403638138.795097 0.9661210179328918 -0.02864179015159607 0.25649523735046387 -0.0006993482820689678 0.013781191781163216 0.9981303215026855 0.059548597782850266 0.03762910142540932 -0.25772130489349365 -0.05399634689092636 0.9647092819213867 0.01368589885532856
1403638138.845097 0.9661872386932373 -0.027833355590701103 0.25633490085601807 -0.0007290872745215893 0.012934913858771324 0.9981371164321899 0.059624914079904556 0.03765660896897316 -0.257517009973526 -0.054293159395456314 0.9647471308708191 0.01345432735979557
1403638138.895097 0.9662972092628479 -0.03143201768398285 0.2555032968521118 -0.000833120895549655 0.016795838251709938 0.998100996017456 0.05926557257771492 0.03766237199306488 -0.2568809688091278 -0.052976761013269424 0.9649898409843445 0.013400525785982609
1403638138.945097 0.966039776802063 -0.028606804087758064 0.25680503249168396 -0.0007081199437379837 0.013596562668681145 0.9981036186218262 0.06003670021891594 0.03761428967118263 -0.2580355107784271 -0.05450616404414177 0.9645965099334717 0.01365234237164259
1403638138.9950972 0.9662569165229797 -0.030828431248664856 0.25572922825813293 -0.0007825628854334354 0.01604365184903145 0.9980874061584473 0.05970055237412453 0.03766564279794693 -0.25708064436912537 -0.05358323082327843 0.9649032354354858 0.013288442976772785
1403638139.0450969 0.9660462737083435 -0.02939079888164997 0.2566918730735779 -0.0007560574449598789 0.014455909840762615 0.9981011152267456 0.05987686663866043 0.037633247673511505 -0.2579643428325653 -0.054133106023073196 0.9646365642547607 0.013523341156542301
1403638139.095097 0.9661173820495605 -0.030011801049113274 0.2563522458076477 -0.0008119614794850349 0.015017113648355007 0.9980702996253967 0.060251422226428986 0.03765076398849487 -0.25766581296920776 -0.054360270500183105 0.9647036194801331 0.013335512019693851
1403638139.145097 0.9661981463432312 -0.030196622014045715 0.25602585077285767 -0.000778556102886796 0.0153661435469985 0.9980963468551636 0.059729866683483124 0.03767334669828415 -0.257342129945755 -0.053776755928993225 0.9648227095603943 0.013368473388254642
1403638139.195097 0.9660852551460266 -0.02894207462668419 0.2565964162349701 -0.0007667732425034046 0.013956364244222641 0.9980989098548889 0.060032062232494354 0.03762059286236763 -0.25784608721733093 -0.05441492423415184 0.9646523594856262 0.013601482845842838
1403638139.245097 0.9662686586380005 -0.030770041048526764 0.2556914985179901 -0.0007771714590489864 0.01595466025173664 0.9980819225311279 0.059816326946020126 0.03766880929470062 -0.25704166293144226 -0.0537191741168499 0.9649059772491455 0.013346380554139614
1403638139.295097 0.9660412669181824 -0.028985990211367607 0.25675690174102783 -0.0007687138859182596 0.013986004516482353 0.9980971217155457 0.06005590781569481 0.03761839121580124 -0.258009135723114 -0.05442547798156738 0.9646081924438477 0.013624144718050957
