1403638130.4950972 0.9992256164550781 -0.029487859457731247 -0.026050586253404617 -0.0010806774953380227 0.028685759752988815 0.9991185665130615 -0.030645178630948067 -0.010546855628490448 0.026931285858154297 0.02987416461110115 0.9991908073425293 -0.0035661926958709955
1403638130.5450969 0.9995383620262146 -0.014374572783708572 -0.026770519092679024 -0.001737114042043686 0.013742119073867798 0.999625563621521 -0.023661155253648758 -0.01524721272289753 0.027100618928670883 0.02328234538435936 0.999361515045166 -0.005408822558820248
1403638130.595097 0.9996581673622131 -0.00651597511023283 -0.025320036336779594 -0.002044382970780134 0.0058929454535245895 0.9996799230575562 -0.024603303521871567 -0.015446119010448456 0.0254722461104393 0.024445684626698494 0.9993765354156494 -0.005132024176418781
1403638130.645097 0.9996690154075623 -0.0086203059181571 -0.024239376187324524 -0.002866138005629182 0.007828651927411556 0.9994388818740845 -0.03256719186902046 -0.02241658978164196 0.02450651302933693 0.03236665204167366 0.9991755485534668 -0.0074532050639390945
1403638130.695097 0.9994520545005798 -0.019899995997548103 -0.02644726261496544 -0.002055108780041337 0.018681542947888374 0.9987875819206238 -0.04554572328925133 -0.023899119347333908 0.027321554720401764 0.04502669349312782 0.998612105846405 -0.00934481993317604
1403638130.745097 0.9985862970352173 -0.043000727891922 -0.03124263323843479 -0.0023027907591313124 0.0410907156765461 0.9973882436752319 -0.05939915403723717 -0.026332154870033264 0.03371523693203926 0.05803140625357628 0.9977452754974365 -0.00941096618771553
1403638130.795097 0.9972410798072815 -0.06292448192834854 -0.03937937319278717 -0.0009607168613001704 0.06017843633890152 0.995908796787262 -0.06741207093000412 -0.028100425377488136 0.04346012696623802 0.06485629081726074 0.9969477653503418 -0.010304491966962814
1403638130.845097 0.9968176484107971 -0.06759509444236755 -0.04225834831595421 -0.0032346495427191257 0.06455042213201523 0.9954788088798523 -0.06967894732952118 -0.029170027002692223 0.04677724093198776 0.06672940403223038 0.9966740012168884 -0.01028933934867382
1403638130.895097 0.996410071849823 -0.0712207481265068 -0.045766908675432205 -0.00376148265786469 0.06776246428489685 0.9950180053710938 -0.07312536984682083 -0.030511749908328056 0.050746943801641464 0.06976158171892166 0.9962720274925232 -0.011080507189035416
1403638130.945097 0.9962826371192932 -0.07524189352989197 -0.041947849094867706 -0.0038068583235144615 0.07142306119203568 0.9937224984169006 -0.08610670268535614 -0.031492408365011215 0.04816334322094917 0.0827905610203743 0.995402455329895 -0.012021857313811779
1403638130.9950972 0.9960979223251343 -0.08073391020298004 -0.03565067797899246 -0.0020654844120144844 0.07653700560331345 0.9913591742515564 -0.10653194785118103 -0.03162604570388794 0.0439433678984642 0.10338766872882843 0.9936699271202087 -0.011726056225597858
1403638131.0450969 0.9957984685897827 -0.08624986559152603 -0.030762413516640663 -0.0014935715589672327 0.0818939134478569 0.9891133904457092 -0.122262142598629 -0.03237719461321831 0.04097261652350426 0.11922919750213623 0.9920210242271423 -0.012212338857352734
1403638131.095097 0.9961974024772644 -0.08334358781576157 -0.025389354676008224 -0.002248230157420039 0.07943549752235413 0.9885551333427429 -0.12825366854667664 -0.030911490321159363 0.03578789904713631 0.12574917078018188 0.9914164543151855 -0.011539813131093979
1403638131.145097 0.9968722462654114 -0.07496523857116699 -0.02501668781042099 -0.0017305649816989899 0.07146073132753372 0.9902297258377075 -0.1197437047958374 -0.029905393719673157 0.03374888375401497 0.11758147925138474 0.9924895763397217 -0.011205213144421577
1403638131.195097 0.9980946779251099 -0.056806277483701706 -0.0240849107503891 -0.001613462925888598 0.05398411303758621 0.9930101633071899 -0.10496002435684204 -0.023600641638040543 0.029878947883844376 0.10345982015132904 0.9941847324371338 -0.008646013215184212
1403638131.245097 0.9991239309310913 -0.03525097668170929 -0.02255617454648018 -0.0014931743498891592 0.033228762447834015 0.9958702325820923 -0.08448930084705353 -0.021558549255132675 0.025441352277994156 0.08366576582193375 0.9961690306663513 -0.007565031759440899
1403638131.295097 0.9995176196098328 -0.02143312804400921 -0.022473517805337906 -0.002136299153789878 0.019869791343808174 0.9975134134292603 -0.06761819869279861 -0.02176683582365513 0.02386690489947796 0.06713903695344925 0.9974580407142639 -0.008096096105873585
1403638131.345097 0.9996235966682434 -0.015398858115077019 -0.022700268775224686 -0.001147243194282055 0.014010469429194927 0.9980940818786621 -0.06010083854198456 -0.01989031210541725 0.02358248457312584 0.05976017192006111 0.9979341626167297 -0.007057860027998686
1403638131.395097 0.9996338486671448 -0.016818877309560776 -0.02119429223239422 -0.00040247917058877647 0.015523765236139297 0.9980863332748413 -0.059855926781892776 -0.01806686446070671 0.022160444408655167 0.05950498953461647 0.9979819655418396 -0.0068278745748102665
1403638131.445097 0.9996789693832397 -0.01781228929758072 -0.01801815815269947 -0.0011119720293208957 0.016643790528178215 0.997871994972229 -0.06304371356964111 -0.01551956869661808 0.01910277083516121 0.06272357702255249 0.9978480935096741 -0.006083400920033455
1403638131.4950972 0.9999003410339355 -0.007612986024469137 -0.011882628314197063 -0.0005723785143345594 0.0068574766628444195 0.9980291128158569 -0.062375787645578384 -0.013159282505512238 0.012334074825048447 0.06228809803724289 0.9979820251464844 -0.0056037502363324165
1403638131.5450969 0.9999361038208008 -0.004565257579088211 -0.010335749015212059 -0.000472987478133291 0.003964599221944809 0.9983429908752441 -0.057407233864068985 -0.010539070703089237 0.010580698028206825 0.05736260116100311 0.9982973337173462 -0.004678772762417793
1403638131.595097 0.9999468922615051 -0.0015101975295692682 -0.010189228691160679 0.0004311774391680956 0.0009979301830753684 0.9987440705299377 -0.05009452626109123 -0.008375033736228943 0.010252087377011776 0.050081707537174225 0.9986924529075623 -0.004734812304377556
1403638131.645097 0.9999359846115112 0.003954784944653511 -0.010598192922770977 0.0005714255967177451 -0.004436131566762924 0.9989416003227234 -0.045786090195178986 -0.005720742512494326 0.010405903682112694 0.04583018273115158 0.9988950490951538 -0.003926549572497606
1403638131.695097 0.9999226927757263 0.008850956335663795 -0.008756667375564575 0.0008847821736708283 -0.00924531277269125 0.998895525932312 -0.046069465577602386 -0.003245590254664421 0.008339234627783298 0.04614684730768204 0.9988999366760254 -0.0027016764506697655
1403638131.745097 0.9998878836631775 0.012932063080370426 -0.0075536565855145454 0.00119544449262321 -0.013270163908600807 0.9988268613815308 -0.046571798622608185 -0.0004054229357279837 0.006942522246390581 0.04666680842638016 0.9988865256309509 -0.0016082231886684895
1403638131.795097 0.9996996521949768 0.024393592029809952 -0.0023619455751031637 0.0013834134442731738 -0.02447517029941082 0.998688280582428 -0.04497414827346802 0.001496094511821866 0.0012617671163752675 0.04501844197511673 0.998985230922699 -0.001068287412635982
1403638131.845097 0.9993801712989807 0.034990083426237106 0.0038379807956516743 0.0016292025102302432 -0.03480125963687897 0.998534083366394 -0.04145436733961105 0.00391306122764945 -0.005282848607748747 0.041295118629932404 0.9991329312324524 -0.00019956356845796108
1403638131.895097 0.9991163015365601 0.041168536990880966 0.008479517884552479 0.001967592164874077 -0.04079514369368553 0.9983546733856201 -0.040296852588653564 0.006499670445919037 -0.01012453343719244 0.03991532325744629 0.9991517663002014 0.0005255197174847126
1403638131.945097 0.9988842010498047 0.045964315533638 0.010854608379304409 0.0022935313172638416 -0.045502062886953354 0.9981807470321655 -0.03955861181020737 0.008607330732047558 -0.012653149664402008 0.039020564407110214 0.9991583228111267 0.0011941608972847462
1403638131.9950972 0.998207151889801 0.05872273072600365 0.011581485159695148 0.0024179411120712757 -0.05829900503158569 0.9977185130119324 -0.03404400497674942 0.008872794918715954 -0.013554219156503677 0.03330777958035469 0.9993532299995422 0.00098249816801399
1403638132.0450969 0.9969749450683594 0.07704617828130722 0.010233942419290543 0.002524687210097909 -0.07677002251148224 0.9967332482337952 -0.025083176791667938 0.010188438929617405 -0.012133072130382061 0.02422163635492325 0.9996330142021179 0.001355480751954019
1403638132.095097 0.9955166578292847 0.09411174058914185 0.009457331150770187 0.0023196451365947723 -0.09399615228176117 0.9955002069473267 -0.012002265080809593 0.009975758381187916 -0.01054432988166809 0.011059503071010113 0.999883234500885 0.0013169293524697423
1403638132.145097 0.9944632053375244 0.10488731414079666 0.006445114500820637 0.00221642735414207 -0.10485278069972992 0.9944726824760437 -0.005481436848640442 0.009637133218348026 -0.006984423846006393 0.004775300156325102 0.99996417760849 0.0012074479600414634
1403638132.195097 0.9944549798965454 0.10512223839759827 0.0029316451400518417 0.002104429993778467 -0.1050940752029419 0.9944259524345398 -0.008509855717420578 0.008412390016019344 -0.003809878136962652 0.008154571056365967 0.9999594688415527 0.0007665713783353567
1403638132.245097 0.9955490231513977 0.09418690204620361 -0.003297268645837903 0.00217888574115932 -0.09423690289258957 0.9953052401542664 -0.02206423692405224 0.007262892089784145 0.001203626743517816 0.022276755422353745 0.999751091003418 -9.843194857239723e-05
1403638132.295097 0.9967872500419617 0.0793740376830101 -0.010720563121140003 0.002010809723287821 -0.07972510159015656 0.9961035847663879 -0.03770291060209274 0.00482587143778801 0.007686159573495388 0.03843647986650467 0.9992314577102661 -0.0008254876011051238
1403638132.345097 0.9973797798156738 0.07074105739593506 -0.015143013559281826 0.0015398245304822922 -0.07139994949102402 0.99626225233078 -0.04861890897154808 0.0014505685539916158 0.011647059582173824 0.04957272484898567 0.9987027049064636 -0.0019124888349324465
1403638132.395097 0.998115062713623 0.055424559861421585 -0.02635134756565094 0.0011792571749538183 -0.056760333478450775 0.996981143951416 -0.052980661392211914 -0.001567619270645082 0.02333536371588707 0.0543765053153038 0.9982478022575378 -0.0031628976576030254
1403638132.445097 0.9986105561256409 0.039027657359838486 -0.03541136905550957 0.001301703043282032 -0.04120887815952301 0.9971552491188049 -0.06311526894569397 -0.0033340025693178177 0.03284738212823868 0.06448683887720108 0.997377872467041 -0.004634268116205931
1403638132.4950972 0.9988831877708435 0.01408341433852911 -0.04510122165083885 0.0006552764680236578 -0.017723970115184784 0.9965267181396484 -0.08136551082134247 -0.006387665867805481 0.043798670172691345 0.08207400143146515 0.9956634044647217 -0.0056746406480669975
1403638132.5450969 0.9985387325286865 -0.010638209991157055 -0.05298517644405365 0.000724631012417376 0.005048943217843771 0.9945095181465149 -0.10452423244714737 -0.010533359833061695 0.05380621552467346 0.10410398989915848 0.993109941482544 -0.007418634369969368
1403638132.595097 0.9977745413780212 -0.03211097791790962 -0.05843673646450043 0.0006017279229126871 0.024552732706069946 0.9917585253715515 -0.1257469356060028 -0.013919469900429249 0.061992987990379333 0.12403232604265213 0.9903398156166077 -0.00859303493052721
1403638132.645097 0.9971725940704346 -0.04341677203774452 -0.06133279576897621 -0.0006228948477655649 0.03482234105467796 0.9902559518814087 -0.13483530282974243 -0.01569940894842148 0.06658927351236343 0.13231828808784485 0.9889680743217468 -0.008487519808113575
1403638132.695097 0.9968992471694946 -0.045619476586580276 -0.06411576271057129 -0.0008038742234930396 0.03730349615216255 0.9914057850837708 -0.12539169192314148 -0.01789097487926483 0.06928502768278122 0.12261109054088593 0.9900334477424622 -0.009079456329345703
1403638132.745097 0.9967159032821655 -0.04653847962617874 -0.06626910716295242 -0.0018774224445223808 0.038901425898075104 0.9929237961769104 -0.11220138520002365 -0.019658079370856285 0.07102185487747192 0.10925493389368057 0.9914733171463013 -0.009476058185100555
1403638132.795097 0.9966126680374146 -0.04948554188013077 -0.06568349152803421 -0.0025465236976742744 0.042282603681087494 0.9933755993843079 -0.10685105621814728 -0.02101793698966503 0.07053597271442413 0.10371185839176178 0.992103099822998 -0.009799763560295105
1403638132.845097 0.996182382106781 -0.05717236548662186 -0.0659702718257904 -0.0028915724251419306 0.04924163594841957 0.9920111894607544 -0.11614290624856949 -0.02164475992321968 0.07208342850208282 0.11245101690292358 0.9910392761230469 -0.010191920213401318
1403638132.895097 0.9953551292419434 -0.07139788568019867 -0.06458020955324173 -0.0033417106606066227 0.062465690076351166 0.9894009828567505 -0.13108651340007782 -0.02221772074699402 0.0732550397515297 0.126443549990654 0.9892652034759521 -0.010822379030287266
1403638132.945097 0.9944688677787781 -0.08072107285261154 -0.0671999379992485 -0.0037465859204530716 0.0703437551856041 0.9869887232780457 -0.14458529651165009 -0.02238675393164158 0.07799666374921799 0.139058455824852 0.9872077107429504 -0.010888684540987015
1403638132.9950972 0.9940854907035828 -0.08029495179653168 -0.07312189787626266 -0.004099451936781406 0.06855995953083038 0.986176073551178 -0.15085117518901825 -0.02227046899497509 0.08422365039587021 0.14494569599628448 0.9858483672142029 -0.010307904332876205
1403638133.0450969 0.9947688579559326 -0.0658109188079834 -0.07812681794166565 -0.002689860062673688 0.053940653800964355 0.9879071116447449 -0.14536096155643463 -0.021971799433231354 0.08674836158752441 0.14038638770580292 0.9862891435623169 -0.010179218836128712
1403638133.095097 0.9959107637405396 -0.046437472105026245 -0.07749331742525101 -0.0018579846946522593 0.03558846563100815 0.9900786876678467 -0.13593195378780365 -0.020109429955482483 0.08303680270910263 0.1326182782649994 0.9876827001571655 -0.009923701174557209
1403638133.145097 0.9966121912002563 -0.03615489974617958 -0.0738719180226326 -0.001035425579175353 0.026577014476060867 0.9915783405303955 -0.1267523467540741 -0.018770789727568626 0.07783250510692596 0.12435957789421082 0.9891800284385681 -0.009953181259334087
1403638133.195097 0.9976520538330078 -0.029596660286188126 -0.06176223233342171 0.0003343768767081201 0.021850062534213066 0.9922242164611816 -0.12253061681985855 -0.018150638788938522 0.06490848958492279 0.12089340388774872 0.9905411005020142 -0.00890658050775528
1403638133.245097 0.998485267162323 -0.02982255443930626 -0.04623745381832123 0.0016151715535670519 0.023986922577023506 0.9922412633895874 -0.12199155986309052 -0.016949204728007317 0.049516819417476654 0.12069766223430634 0.9914535880088806 -0.008699332363903522
1403638133.295097 0.9993646740913391 -0.02559940703213215 -0.024793418124318123 0.0036207190714776516 0.022420546039938927 0.9924057126045227 -0.12094704806804657 -0.014594070613384247 0.02770129404962063 0.12031432241201401 0.9923492670059204 -0.007367539219558239
1403638133.345097 0.9997576475143433 -0.02126024104654789 -0.005678186193108559 0.005398934707045555 0.02050173096358776 0.9936460852622986 -0.11066652834415436 -0.014230175875127316 0.007994895800948143 0.11052331328392029 0.9938413500785828 -0.007143641822040081
1403638133.395097 0.9997904300689697 -0.016260338947176933 0.012437781319022179 0.007708630990236998 0.017444802448153496 0.9946367144584656 -0.1019488051533699 -0.012086749076843262 -0.010713350959122181 0.10214440524578094 0.9947118759155273 -0.006815399043262005
1403638133.445097 0.9992417693138123 -0.012124084867537022 0.037002064287662506 0.010139845311641693 0.015567315742373466 0.9954283833503723 -0.09423395991325378 -0.010857696644961834 -0.03569040074944496 0.09473851323127747 0.9948622584342957 -0.006777420174330473
1403638133.4950972 0.9979995489120483 -0.01575283333659172 0.061227355152368546 0.011667956598103046 0.021304624155163765 0.9956130981445312 -0.09110753238201141 -0.010093223303556442 -0.059523556381464005 0.0922296941280365 0.9939570426940918 -0.006962890271097422
1403638133.5450969 0.9960314631462097 -0.027176475152373314 0.08475139737129211 0.013881994411349297 0.03469523414969444 0.9954678416252136 -0.0885440856218338 -0.009562449529767036 -0.08196096867322922 0.09113317728042603 0.9924601316452026 -0.006214311346411705
1403638133.595097 0.9941842555999756 -0.04291769117116928 0.0987711176276207 0.01819799840450287 0.0511748343706131 0.9952644109725952 -0.08264318108558655 -0.008098453283309937 -0.09475652128458023 0.08721713721752167 0.9916725158691406 -0.006256262771785259
1403638133.645097 0.9922947287559509 -0.058831837028265 0.10904143750667572 0.020848438143730164 0.06725096702575684 0.9948973059654236 -0.07521119713783264 -0.006414698902517557 -0.10406021028757095 0.08196481317281723 0.9911878108978271 -0.006157387979328632
1403638133.695097 0.9900124669075012 -0.0704907700419426 0.12209184467792511 0.021480489522218704 0.07897992432117462 0.9946795701980591 -0.06614170223474503 -0.005954062100499868 -0.1167798861861229 0.07512392103672028 0.9903124570846558 -0.007297913543879986
1403638133.745097 0.9872130155563354 -0.07613769918680191 0.14004845917224884 0.023580770939588547 0.08506349474191666 0.9946340918540955 -0.05888410285115242 -0.005058504641056061 -0.13481363654136658 0.07004417479038239 0.988392174243927 -0.00768244219943881
1403638133.795097 0.9841601252555847 -0.07733705639839172 0.15952380001544952 0.026475397869944572 0.08710926026105881 0.9946686625480652 -0.055193640291690826 -0.003603154793381691 -0.15440483391284943 0.06821537762880325 0.9856498837471008 -0.008112641051411629
1403638133.845097 0.981219470500946 -0.07291913032531738 0.1785811483860016 0.02925007790327072 0.08312773704528809 0.9952659010887146 -0.0503559447824955 -0.001882736454717815 -0.1740638166666031 0.06425527483224869 0.9826357960700989 -0.007823608815670013
1403638133.895097 0.9786176085472107 -0.07212188839912415 0.19262902438640594 0.02958493120968342 0.08207818865776062 0.9956450462341309 -0.04420606046915054 -0.0014049456221982837 -0.18860188126564026 0.05907147377729416 0.9802754521369934 -0.0070766257122159
1403638133.945097 0.9762973785400391 -0.07284492254257202 0.2038060873746872 0.030441150069236755 0.08318240940570831 0.9956229329109192 -0.04261266067624092 -0.0007976132910698652 -0.19980987906455994 0.058555714786052704 0.9780835509300232 -0.006690578069537878
1403638133.9950972 0.974904477596283 -0.0732976570725441 0.2102108597755432 0.030667021870613098 0.08443167805671692 0.9954362511634827 -0.044477686285972595 -0.0005878382944501936 -0.20599138736724854 0.061109960079193115 0.9766438007354736 -0.005672257859259844
1403638134.0450969 0.974822998046875 -0.06990507990121841 0.21173903346061707 0.03034132346510887 0.08084435760974884 0.9957795739173889 -0.043444398790597916 -0.000718477473128587 -0.20780843496322632 0.059468500316143036 0.9763601422309875 -0.004694635048508644
1403638134.095097 0.9759883284568787 -0.062228791415691376 0.2087443619966507 0.02954191155731678 0.07144102454185486 0.9967629313468933 -0.0368787944316864 -0.0007695516687817872 -0.2057737112045288 0.05090618133544922 0.9772746562957764 -0.003387416945770383
1403638134.145097 0.9771060347557068 -0.05272100865840912 0.2061171531677246 0.028268884867429733 0.06051192060112953 0.9976648688316345 -0.03167448192834854 -0.0010187592124566436 -0.203965961933136 0.043421875685453415 0.9780145287513733 -0.0016966680996119976
1403638134.195097 0.9772010445594788 -0.04902256652712822 0.20657874643802643 0.027006207033991814 0.057467781007289886 0.9977309107780457 -0.03507736325263977 -0.001873270608484745 -0.20439046621322632 0.04614926129579544 0.9778009653091431 -0.0006341836415231228
1403638134.245097 0.9764693975448608 -0.05546461045742035 0.20840103924274445 0.025537652894854546 0.06748328357934952 0.9964157938957214 -0.05100524425506592 -0.0027621013578027487 -0.20482514798641205 0.06386864930391312 0.9767125248908997 0.0011515249498188496
1403638134.295097 0.975560188293457 -0.06345729529857635 0.21036933362483978 0.024569176137447357 0.07822196185588837 0.9949675798416138 -0.0626150593161583 -0.0037961022462695837 -0.2053373008966446 0.07754027843475342 0.9756147265434265 0.0026342179626226425
1403638134.345097 0.9753879308700562 -0.07237408310174942 0.2082795649766922 0.021909654140472412 0.08710266649723053 0.9942415356636047 -0.062423668801784515 -0.004380014259368181 -0.2025623768568039 0.07902897894382477 0.976075291633606 0.005392974242568016
1403638134.395097 0.9759193658828735 -0.08175786584615707 0.2022298276424408 0.020030518993735313 0.0950092002749443 0.99386066198349 -0.056694939732551575 -0.005190588533878326 -0.1963530033826828 0.07454339414834976 0.9776957035064697 0.00660823006182909
1403638134.445097 0.9761177897453308 -0.08962489664554596 0.197891965508461 0.017385737970471382 0.1014968529343605 0.9935447573661804 -0.05066670477390289 -0.00611292477697134 -0.19207355380058289 0.06954208761453629 0.9789134860038757 0.007483820430934429
1403638134.4950972 0.9759917855262756 -0.09770411252975464 0.19466343522071838 0.015427944250404835 0.10948988795280457 0.9926936626434326 -0.05070785805583 -0.007108049932867289 -0.18828682601451874 0.07080413401126862 0.9795584678649902 0.009336259216070175
1403638134.5450969 0.975455105304718 -0.1078939139842987 0.19195324182510376 0.012973817065358162 0.11982963979244232 0.9914491772651672 -0.05166419968008995 -0.00810003001242876 -0.1847376972436905 0.07339779287576675 0.9800432920455933 0.010307550430297852
1403638134.595097 0.9756873846054077 -0.11721441149711609 0.18518848717212677 0.010251124389469624 0.12913158535957336 0.9901768565177917 -0.05361603945493698 -0.009089196100831032 -0.17708484828472137 0.07622618973255157 0.9812392592430115 0.011493348516523838
1403638134.645097 0.9760207533836365 -0.12182384729385376 0.18039578199386597 0.008327806368470192 0.1328309178352356 0.9898664355278015 -0.05020277947187424 -0.009300952777266502 -0.17245182394981384 0.07296109944581985 0.982312023639679 0.012958268634974957
1403638134.695097 0.9769125580787659 -0.12235637754201889 0.17513081431388855 0.006200114265084267 0.13168750703334808 0.990373432636261 -0.0426461361348629 -0.009687052108347416 -0.16822689771652222 0.06472408771514893 0.9836210608482361 0.013758855871856213
1403638134.745097 0.9780136346817017 -0.12278896570205688 0.16855931282043457 0.0035239129792898893 0.1300564855337143 0.9909660816192627 -0.032731931656599045 -0.009640216827392578 -0.16301746666431427 0.05393450707197189 0.9851477742195129 0.014620274305343628
1403638134.795097 0.979096531867981 -0.11805959790945053 0.16562581062316895 -7.15919304639101e-05 0.1230667382478714 0.9921914339065552 -0.020265545696020126 -0.01056576520204544 -0.16193996369838715 0.04022495076060295 0.9859804511070251 0.014872639440000057
1403638134.845097 0.9799929857254028 -0.11210326850414276 0.16445842385292053 -0.0021708051208406687 0.1159183606505394 0.9931634664535522 -0.013756156899034977 -0.011171607300639153 -0.16179199516773224 0.032544687390327454 0.9862880706787109 0.01553609874099493
1403638134.895097 0.9803248047828674 -0.10904838889837265 0.16453495621681213 -0.0037058345042169094 0.11294965445995331 0.9934947490692139 -0.014515768736600876 -0.011924809776246548 -0.161881685256958 0.03281433507800102 0.9862644672393799 0.015546929091215134
1403638134.945097 0.9801746606826782 -0.10866407305002213 0.16567975282669067 -0.005854110233485699 0.11388307064771652 0.9932438731193542 -0.022304464131593704 -0.012416379526257515 -0.16213667392730713 0.040730394423007965 0.9859273433685303 0.015506921336054802
1403638134.9950972 0.9800401329994202 -0.10906875878572464 0.16620907187461853 -0.007760913111269474 0.1152297854423523 0.9929482340812683 -0.027857627719640732 -0.013014253228902817 -0.16199858486652374 0.04645382612943649 0.9856969118118286 0.015573292039334774
1403638135.0450969 0.980740487575531 -0.10274368524551392 0.16610802710056305 -0.009484517388045788 0.10853783041238785 0.9937479496002197 -0.026164358481764793 -0.012275831773877144 -0.16238126158714294 0.04368945583701134 0.9857604503631592 0.016354024410247803
1403638135.095097 0.9820623397827148 -0.09439614415168762 0.16322697699069977 -0.010833501815795898 0.09859031438827515 0.9949694871902466 -0.017770064994692802 -0.012397250160574913 -0.16072842478752136 0.033543910831213 0.9864285588264465 0.015963904559612274
1403638135.145097 0.9834933876991272 -0.08645933121442795 0.15895119309425354 -0.012100686319172382 0.08931133896112442 0.9959444403648376 -0.010873924940824509 -0.012317447923123837 -0.15736638009548187 0.024890579283237457 0.9872266054153442 0.016034724190831184
1403638135.195097 0.984096109867096 -0.08124374598264694 0.15796872973442078 -0.012948515824973583 0.08313917368650436 0.9965233206748962 -0.005416697822511196 -0.011695926077663898 -0.15697942674160004 0.018463946878910065 0.9874292612075806 0.016292961314320564
1403638135.245097 0.9843951463699341 -0.07765938341617584 0.1579085886478424 -0.013356325216591358 0.07863996922969818 0.9969030618667603 3.846803883789107e-05 -0.010520357638597488 -0.15742255747318268 0.01238005980849266 0.9874537587165833 0.016554513946175575
1403638135.295097 0.9844611287117004 -0.07409511506557465 0.1592046618461609 -0.012848585844039917 0.07526154071092606 0.9971629977226257 -0.0013012697454541922 -0.009734357707202435 -0.15865659713745117 0.013263041153550148 0.987244725227356 0.01667940989136696
1403638135.345097 0.9840701818466187 -0.07430877536535263 0.16150592267513275 -0.011680228635668755 0.07642796635627747 0.9970508813858032 -0.006939921528100967 -0.008649581111967564 -0.16051392257213593 0.019172940403223038 0.9868474006652832 0.016687903553247452
1403638135.395097 0.9832254648208618 -0.07330293208360672 0.16701623797416687 -0.010994416661560535 0.07609999924898148 0.9970458149909973 -0.010400569997727871 -0.007837015204131603 -0.16576047241687775 0.02293604239821434 0.9858993291854858 0.01593547873198986
1403638135.445097 0.9821425676345825 -0.06736821681261063 0.17566299438476562 -0.010060165077447891 0.06985704600811005 0.9975247979164124 -0.008015950210392475 -0.006765599362552166 -0.1746882051229477 0.020144104957580566 0.984417736530304 0.015843590721488
1403638135.4950972 0.981299102306366 -0.062399692833423615 0.18209439516067505 -0.008890043012797832 0.06394533067941666 0.9979498982429504 -0.002623451640829444 -0.006071210838854313 -0.18155740201473236 0.01421847939491272 0.9832775592803955 0.015402322635054588
1403638135.5450969 0.9805561304092407 -0.06153406947851181 0.18634162843227386 -0.007942892611026764 0.06120484694838524 0.998096764087677 0.007524777203798294 -0.005768085364252329 -0.1864500194787979 0.004026543349027634 0.9824562072753906 0.014683610759675503
1403638135.595097 0.9793463945388794 -0.055852435529232025 0.19432231783866882 -0.005488322116434574 0.053983788937330246 0.9984305500984192 0.014902877621352673 -0.005678171757608652 -0.19484974443912506 -0.004104826133698225 0.9808245897293091 0.013814907521009445
1403638135.645097 0.9773949384689331 -0.05559821054339409 0.20398017764091492 -0.0038482309319078922 0.054281044751405716 0.99845290184021 0.012051111087203026 -0.00585273839533329 -0.20433461666107178 -0.000706440070644021 0.9789008498191833 0.012392302043735981
1403638135.695097 0.9745192527770996 -0.06486941128969193 0.21471837162971497 -0.002145437989383936 0.06562894582748413 0.9978375434875488 0.00359758036211133 -0.005223936401307583 -0.21448743343353271 0.010585829615592957 0.976669430732727 0.012135321274399757
1403638135.745097 0.9721176624298096 -0.07789690047502518 0.2211771011352539 -3.8431957364082336e-05 0.0806502103805542 0.996736466884613 -0.0034307693131268024 -0.0050666858442127705 -0.22018805146217346 0.02117309346795082 0.9752276539802551 0.011162152513861656
1403638135.795097 0.97053062915802 -0.08809982985258102 0.22429561614990234 0.0020961626432836056 0.09078094363212585 0.9958694577217102 -0.0016484432853758335 -0.004902212414890528 -0.22322390973567963 0.021961627528071404 0.9745197892189026 0.01005743071436882
1403638135.845097 0.9698622226715088 -0.08442869037389755 0.22855821251869202 0.0038421573117375374 0.0859716609120369 0.9962922930717468 0.0032157902605831623 -0.00438066478818655 -0.22798234224319458 0.016530657187104225 0.9735249280929565 0.009022897109389305
1403638135.895097 0.9691253304481506 -0.07191396504640579 0.23584848642349243 0.005679180845618248 0.07047116756439209 0.9974076747894287 0.014552326872944832 -0.0034359158016741276 -0.23628360033035278 0.002517491113394499 0.9716808199882507 0.008454101160168648
1403638135.945097 0.9685007929801941 -0.061402469873428345 0.24132123589515686 0.007264399901032448 0.05641816183924675 0.998028039932251 0.027516569942235947 -0.0031472013797611 -0.24253492057323456 -0.01303491648286581 0.970055103302002 0.006855468265712261
1403638135.9950972 0.9668437838554382 -0.054584357887506485 0.24946673214435577 0.00899231806397438 0.0479000024497509 0.9983137249946594 0.03279188275337219 -0.003499187296256423 -0.25083598494529724 -0.01975516602396965 0.9678280353546143 0.004800206981599331
1403638136.0450969 0.9640491604804993 -0.049107711762189865 0.2611468434333801 0.010629953816533089 0.044106461107730865 0.9987144470214844 0.024981306865811348 -0.0033258728217333555 -0.26203787326812744 -0.01256494503468275 0.9649757742881775 0.004764150362461805
1403638136.095097 0.9609978199005127 -0.05050499737262726 0.27190494537353516 0.012635314837098122 0.0498986579477787 0.9987123608589172 0.009148277342319489 -0.003978710621595383 -0.2720167338848114 0.004776216112077236 0.9622806310653687 0.003466811263933778
1403638136.145097 0.9583063721656799 -0.06072280555963516 0.27921631932258606 0.014926156029105186 0.0650724396109581 0.9978604912757874 -0.006326397880911827 -0.004674653988331556 -0.27823469042778015 0.024231914430856705 0.960207462310791 0.0015342459082603455
1403638136.195097 0.9562925100326538 -0.0710984468460083 0.28363654017448425 0.017393775284290314 0.08003304898738861 0.9965910911560059 -0.02002182975411415 -0.004926809575408697 -0.281246155500412 0.04184703156352043 0.9587228298187256 0.00038788141682744026
1403638136.245097 0.9540680646896362 -0.07503649592399597 0.2900407016277313 0.019410941749811172 0.08566713333129883 0.9960319995880127 -0.024112239480018616 -0.0046980413608253 -0.2870805263519287 0.047851674258708954 0.9567105174064636 -0.001096947118639946
1403638136.295097 0.9514338970184326 -0.07095097005367279 0.2995655834674835 0.021928606554865837 0.0821615681052208 0.9963059425354004 -0.024977577850222588 -0.0044705625623464584 -0.2966868281364441 0.048377297818660736 0.9537486433982849 -0.0026031499728560448
1403638136.345097 0.9485381841659546 -0.06540483236312866 0.30983465909957886 0.023984111845493317 0.07596980035305023 0.9968641400337219 -0.0221424363553524 -0.0036798431538045406 -0.3074149489402771 0.044541023671627045 0.9505325555801392 -0.003671857761219144
1403638136.395097 0.9468297362327576 -0.06379840523004532 0.31534624099731445 0.025695357471704483 0.07301515340805054 0.9971774816513062 -0.017487362027168274 -0.0026103826239705086 -0.31334054470062256 0.03958260640501976 0.9488155841827393 -0.004350525327026844
1403638136.445097 0.9450783729553223 -0.0596926249563694 0.3213466703891754 0.027112795040011406 0.06706641614437103 0.9976771473884583 -0.011915579438209534 -0.0018964555347338319 -0.3198891282081604 0.03281271830201149 0.9468867182731628 -0.005073354579508305
1403638136.4950972 0.9431370496749878 -0.06241536885499954 0.3264918625354767 0.02814430557191372 0.068631112575531 0.9976134300231934 -0.007541078142821789 -0.0013116155751049519 -0.3252421021461487 0.029519766569137573 0.945169985294342 -0.005401013884693384
1403638136.5450969 0.9411768317222595 -0.07471372187137604 0.32955101132392883 0.028008246794342995 0.07953338325023651 0.9968315958976746 -0.001147019094787538 -0.0016272770008072257 -0.3284212350845337 0.02728986367583275 0.9441370368003845 -0.0061844890005886555
1403638136.595097 0.9403720498085022 -0.08691522479057312 0.3288556933403015 0.027615990489721298 0.09201043844223022 0.9957581162452698 6.833742372691631e-05 -0.0019922105129808187 -0.3274666965007782 0.030193904414772987 0.9443801641464233 -0.006598219741135836
1403638136.645097 0.9421997666358948 -0.09707756340503693 0.3206799030303955 0.026826564222574234 0.10330677032470703 0.9946465492248535 -0.0024253418669104576 -0.0026880318764597178 -0.3187277615070343 0.03541357442736626 0.9471846222877502 -0.006783840246498585
1403638136.695097 0.9450960159301758 -0.10393737256526947 0.309823602437973 0.025561807677149773 0.11086266487836838 0.993824303150177 -0.004778156988322735 -0.00338556244969368 -0.30741363763809204 0.038863688707351685 0.950782060623169 -0.0068749613128602505
1403638136.745097 0.9485170841217041 -0.10889231413602829 0.29741865396499634 0.024228030815720558 0.1159171536564827 0.993240475654602 -0.006029018200933933 -0.0037747176829725504 -0.2947517931461334 0.0401945486664772 0.9547281861305237 -0.006226894445717335
1403638136.795097 0.9530020952224731 -0.11559045314788818 0.28004658222198486 0.0221244003623724 0.12342959642410278 0.9922983646392822 -0.010456865653395653 -0.004869809839874506 -0.2766810357570648 0.044531453400850296 0.9599294662475586 -0.006152248475700617
1403638136.845097 0.9568092226982117 -0.1270652413368225 0.2614775598049164 0.019918285310268402 0.13716194033622742 0.9903333783149719 -0.02065516635775566 -0.00576731888577342 -0.256325364112854 0.05562782287597656 0.9649885892868042 -0.005743094719946384
1403638136.895097 0.9589089155197144 -0.14275383949279785 0.24518349766731262 0.0165928415954113 0.15620441734790802 0.9870606660842896 -0.036214299499988556 -0.006859124172478914 -0.23684123158454895 0.07302495837211609 0.9688000679016113 -0.005743966903537512
1403638136.945097 0.9601887464523315 -0.15616758167743683 0.2316235601902008 0.014633327722549438 0.17327386140823364 0.9833189249038696 -0.05531853064894676 -0.007047597784548998 -0.2191208302974701 0.09325054287910461 0.9712313413619995 -0.004864576272666454
1403638136.9950972 0.9611944556236267 -0.16484816372394562 0.2212015837430954 0.013232238590717316 0.18408595025539398 0.9804690480232239 -0.0692305639386177 -0.00661085220053792 -0.2054687887430191 0.10726414620876312 0.97276771068573 -0.003724375506862998
1403638137.0450969 0.9629272818565369 -0.16906282305717468 0.21021121740341187 0.011425879783928394 0.1883641630411148 0.9792066216468811 -0.07532224804162979 -0.005558314733207226 -0.1931060254573822 0.11212612688541412 0.9747501015663147 -0.0022763574961572886
1403638137.095097 0.9651421904563904 -0.16368697583675385 0.20422281324863434 0.008933072909712791 0.18146617710590363 0.9807961583137512 -0.07147643715143204 -0.0046353754587471485 -0.18860121071338654 0.1060444787144661 0.976311445236206 -0.0018283271929249167
1403638137.145097 0.9678966999053955 -0.1533881425857544 0.1991182267665863 0.007391611114144325 0.16893859207630157 0.9835782647132874 -0.06350914388895035 -0.00286831334233284 -0.1861068606376648 0.09510904550552368 0.9779154658317566 -0.0005843030521646142
1403638137.195097 0.9709213972091675 -0.14221985638141632 0.19257476925849915 0.005486380308866501 0.15462078154087067 0.986661970615387 -0.050898127257823944 -0.0013227188028395176 -0.18276748061180115 0.07919415086507797 0.9799614548683167 0.0004579779924824834
1403638137.245097 0.9739512801170349 -0.12907256186008453 0.1864374876022339 0.004126492887735367 0.13817912340164185 0.9897289276123047 -0.036649834364652634 0.0006566004594787955 -0.179792121052742 0.06145690381526947 0.9817830324172974 0.0009281395468860865
1403638137.295097 0.976291298866272 -0.11883944272994995 0.1809210479259491 0.002816032152622938 0.12573277950286865 0.991694450378418 -0.027080444619059563 0.0024174158461391926 -0.17620016634464264 0.049186114221811295 0.9831247329711914 0.0019845757633447647
1403638137.345097 0.9777405261993408 -0.11460825800895691 0.17575132846832275 0.0018077935092151165 0.11974761635065079 0.9926246404647827 -0.01888519898056984 0.004524413961917162 -0.17229069769382477 0.03951062634587288 0.9842534065246582 0.0032893940806388855
1403638137.395097 0.9786486029624939 -0.10577554255723953 0.17623357474803925 0.0008479540701955557 0.10937372595071793 0.9939419627189636 -0.010802192613482475 0.006522896233946085 -0.1740233600139618 0.02984687127172947 0.9842891097068787 0.0036968286149203777
1403638137.445097 0.9791433811187744 -0.0960719957947731 0.1790204495191574 0.00016411056276410818 0.09750950336456299 0.9952343106269836 0.000772915780544281 0.00855930894613266 -0.1782415509223938 0.016699399799108505 0.983845055103302 0.0044609541073441505
1403638137.4950972 0.9795899987220764 -0.08322399854660034 0.18296727538108826 -0.00032611622009426355 0.08195582777261734 0.9965305328369141 0.014495178125798702 0.010421425104141235 -0.18353885412216187 0.000795902160461992 0.9830120801925659 0.005404316354542971
1403638137.5450969 0.9799855947494507 -0.06876073777675629 0.18681567907333374 -0.0008022502297535539 0.0642620250582695 0.9974808692932129 0.030038446187973022 0.012235112488269806 -0.18841053545475006 -0.017432088032364845 0.9819356203079224 0.006297209765762091
1403638137.595097 0.9795246124267578 -0.05178632587194443 0.19454993307590485 -0.0011110070627182722 0.04443274810910225 0.9981300830841064 0.041976429522037506 0.013808593153953552 -0.19635991752147675 -0.032472558319568634 0.9799940586090088 0.006677751429378986
1403638137.645097 0.9787535071372986 -0.04600139334797859 0.19981326162815094 -0.0013747900957241654 0.03751591220498085 0.9982343316078186 0.046049680560827255 0.015083584934473038 -0.20157881081104279 -0.03757510334253311 0.9787513613700867 0.007353351451456547
1403638137.695097 0.9771848320960999 -0.04376855865120888 0.20783185958862305 -0.0016301162540912628 0.03535381332039833 0.9984042644500732 0.044033169746398926 0.016588734462857246 -0.20942750573158264 -0.03568090870976448 0.9771729707717896 0.00783768855035305
1403638137.745097 0.9756358861923218 -0.04512033611536026 0.21470670402050018 -0.0017024484695866704 0.03725067153573036 0.9984824657440186 0.04056123271584511 0.017570896074175835 -0.21621103584766388 -0.03157502040266991 0.9758360385894775 0.008200152777135372
1403638137.795097 0.9747027158737183 -0.04983331263065338 0.21787872910499573 -0.0018554298439994454 0.041447512805461884 0.9982195496559143 0.04289349913597107 0.018494006246328354 -0.21962836384773254 -0.03277788683772087 0.9750328063964844 0.008599286898970604
1403638137.845097 0.974045991897583 -0.04698944836854935 0.2214188277721405 -0.0018950130324810743 0.036796655505895615 0.9980742335319519 0.04993848502635956 0.01932474784553051 -0.2233390361070633 -0.04049491882324219 0.9738993048667908 0.008709199726581573
1403638137.895097 0.9736030101776123 -0.03975910320878029 0.22475861012935638 -0.00211238581687212 0.026224004104733467 0.9976758360862732 0.06288935989141464 0.020408950746059418 -0.2267366647720337 -0.055335212498903275 0.9723829030990601 0.009209847077727318
1403638137.945097 0.9733726978302002 -0.031076794490218163 0.22711212933063507 -0.0022045120131224394 0.013314583338797092 0.9967596530914307 0.07932665199041367 0.021153146401047707 -0.22884142398834229 -0.07419049739837646 0.9706325531005859 0.009398462250828743
1403638137.9950972 0.9738503694534302 -0.025624122470617294 0.22574077546596527 -0.0022308093030005693 0.004289832431823015 0.9955159425735474 0.09449586272239685 0.02070135809481144 -0.22714997828006744 -0.09105643630027771 0.9695934653282166 0.008754934184253216
