1403638127.295097 1.0 0.0 0.0 0.0 0.0 1.0 0.0 0.0 0.0 0.0 1.0 0.0
1403638127.345097 1.0 -0.00017888529691845179 -1.8528378859627992e-05 -7.093637395882979e-05 0.00017888430738821626 1.0 -5.308668551151641e-05 2.1372819901444018e-05 1.85378739843145e-05 5.3083371312823147e-05 1.0 -0.0003359201073180884
1403638127.395097 0.9999997615814209 -0.0007024743244983256 0.00012155733566032723 -0.00022756803082302213 0.0007024384685792029 0.9999997019767761 0.0002946677559521049 0.00010972515883622691 -0.00012176429299870506 -0.0002945822780020535 0.9999999403953552 -0.00044507128768600523
1403638127.445097 0.9999999403953552 -9.626148676034063e-05 0.0002575997496023774 4.890290256298613e-06 9.622481593396515e-05 1.0 0.00014235499838832766 0.00011109366460004821 -0.00025761345750652254 -0.00014233020192477852 0.9999999403953552 -0.00029562984127551317
1403638127.4950972 0.9999998211860657 -0.00029613185324706137 0.0005087143508717418 -5.616272028419189e-05 0.0002965060994029045 0.9999997019767761 -0.0007357234135270119 -1.4577315596397966e-05 -0.0005084963049739599 0.0007358741131611168 0.9999995827674866 -0.0004631156334653497
1403638127.5450969 0.9999998211860657 -0.0005823804531246424 2.0372950530145317e-05 -0.0001425326190656051 0.0005823796964250505 0.9999998211860657 3.902450407622382e-05 -9.513418626738712e-05 -2.0395675164763816e-05 -3.901263335137628e-05 1.0 -0.0005296572344377637
1403638127.595097 0.9999998807907104 -0.0005145141039974988 -2.5228082449757494e-05 -7.224715227494016e-05 0.0005145184695720673 0.9999998807907104 0.0001750273659126833 -2.2309139239951037e-05 2.5138026103377342e-05 -0.00017504033166915178 1.0 0.00012870448699686676
1403638127.645097 0.9999997019767761 -0.0006725148996338248 -0.000343301915563643 -0.00012447169865481555 0.0006726186838932335 0.9999997019767761 0.00030230305856093764 -3.8767000660300255e-05 0.00034309850889258087 -0.00030253388104029 0.9999998807907104 -7.263246516231447e-05
1403638127.695097 1.0 -0.00011140123388031498 -0.0001833026617532596 0.00010004213982028887 0.00011140040442114696 1.0 -4.521394203038653e-06 1.9028309907298535e-05 0.00018330315651837736 4.5009742279944476e-06 1.0 4.8829573643160984e-05
1403638127.745097 0.9999998807907104 -0.0005340412026271224 -0.00010179511446040124 -0.00025810650549829006 0.0005340547068044543 0.9999998211860657 0.00013314306852407753 0.00010197144729318097 0.0001017239919747226 -0.00013319741992745548 1.0 -0.0004304458270780742
1403638127.795097 1.0 -0.00022144775721244514 -7.122412353055552e-05 -0.00031809485517442226 0.00022146650007925928 0.9999999403953552 0.00026328518288210034 4.984641418559477e-05 7.116581400623545e-05 -0.0002633009571582079 0.9999999403953552 -0.0002972452493850142
1403638127.845097 0.9999997019767761 -0.0007853974238969386 -9.991351544158533e-05 -0.0002496830129530281 0.0007854193681851029 0.9999996423721313 0.0002202080504503101 2.0096349544473924e-05 9.974053682526574e-05 -0.00022028645616956055 1.0 -0.0003236535412725061
1403638127.895097 0.9999995231628418 -0.000945539737585932 -0.00019931068527512252 -0.00020116465748287737 0.000945568026509136 0.9999995231628418 0.000141818483825773 3.2470379665028304e-05 0.00019917650206480175 -0.00014200687292031944 0.9999999403953552 -0.0005162298330105841
1403638127.945097 0.9999990463256836 -0.0013110783183947206 -0.0004037952749058604 -0.00016242633864749223 0.0013111602747812867 0.9999991059303284 0.00020269713422749192 -7.11122811480891e-06 0.0004035291785839945 -0.00020322638738434762 0.9999998807907104 -0.0004577853251248598
1403638127.9950972 0.9999992847442627 -0.0011624263133853674 -0.0003478953440207988 -0.00014256511349231005 0.0011625966290012002 0.9999992251396179 0.0004898395272903144 0.00011044239363400266 0.0003473256656434387 -0.0004902436048723757 0.9999998211860657 6.55157637083903e-05
1403638128.0450969 0.9999999403953552 -0.00036807783180847764 1.4905916941643227e-05 -1.3866311746824067e-05 0.0003680680238176137 0.9999997019767761 0.0006524844211526215 6.255356129258871e-05 -1.5146078112593386e-05 -0.0006524788332171738 0.9999997615814209 -0.0002183917531510815
1403638128.095097 0.9999998211860657 -0.000623339437879622 0.00011238881415920332 -0.0001194525757455267 0.0006232010782696307 0.9999990463256836 0.001227078028023243 3.197319165337831e-05 -0.00011315359006403014 -0.0012270077131688595 0.9999992251396179 2.122182741004508e-05
1403638128.145097 0.999998927116394 -0.0014800610952079296 3.9011327316984534e-05 -0.00011317309690639377 0.0014799900818616152 0.9999973773956299 0.0017629277426749468 -0.00010494514572201297 -4.162046388955787e-05 -0.0017628680216148496 0.9999984502792358 0.00023330804833676666
1403638128.195097 0.9999974966049194 -0.0022273811046034098 -0.0002446256694383919 -0.00037694975617341697 0.0022277983371168375 0.9999960660934448 0.0017178953858092427 4.5778011553920805e-05 0.00024079829745460302 -0.0017184361349791288 0.9999985098838806 -3.393610313651152e-05
1403638128.245097 0.9999995231628418 -0.0009870119392871857 0.00017941971600521356 -0.0003707967116497457 0.0009867006447166204 0.9999980330467224 0.0017265841597691178 2.6602589059621096e-05 -0.0001811235269997269 -0.0017264062771573663 0.9999985098838806 0.00011814042954938486
1403638128.295097 0.9999995827674866 -0.0008621309534646571 0.00036607851507142186 -0.0004143244295846671 0.0008615608094260097 0.9999983906745911 0.0015546525828540325 7.52835621824488e-05 -0.0003674182516988367 -0.0015543365152552724 0.9999987483024597 -0.00048667952069081366
1403638128.345097 0.9999993443489075 -0.0011436042841523886 5.933419379289262e-05 -0.0003152217832393944 0.0011435176711529493 0.9999983310699463 0.0014408821007236838 3.4687800507526845e-06 -6.098189260228537e-05 -0.0014408132992684841 0.9999989867210388 -0.00020486480207182467
1403638128.395097 0.9999995231628418 -0.0008503944263793528 0.000431533670052886 -0.0002095158997690305 0.0008498666575178504 0.9999988675117493 0.0012216528411954641 6.114383722888306e-05 -0.00043257209472358227 -0.0012212855508551002 0.9999991655349731 4.423066275194287e-05
1403638128.445097 0.9999992847442627 -0.0011533810757100582 0.0003140475891996175 -0.0002507682656869292 0.0011529213516041636 0.9999982714653015 0.0014601702569052577 7.280563295353204e-05 -0.0003157311584800482 -0.0014598071575164795 0.9999988675117493 -0.0001964633265743032
1403638128.4950972 0.9999987483024597 -0.0015265628462657332 0.0004713797243312001 -0.0003667033452074975 0.0015257511986419559 0.9999973773956299 0.0017173944506794214 -5.401138696470298e-05 -0.0004740001750178635 -0.00171667302493006 0.9999983906745911 0.0001118856598623097
1403638128.5450969 0.9999988675117493 -0.0014227136271074414 0.0004861199704464525 -0.0002714945876505226 0.0014218917349353433 0.9999975562095642 0.0016869237879291177 -4.361250466899946e-05 -0.0004885187954641879 -0.0016862306511029601 0.9999984502792358 0.00013152783503755927
1403638128.595097 0.9999985098838806 -0.0017060796963050961 0.00021765768178738654 -0.0002508488832972944 0.0017057048389688134 0.999997079372406 0.0017110069748014212 2.461079930071719e-05 -0.0002205761702498421 -0.0017106331652030349 0.9999985098838806 -0.00017330072296317667
1403638128.645097 0.9999985694885254 -0.00164897576905787 0.0002960606652777642 -1.3056154784862883e-05 0.0016484681982547045 0.9999971985816956 0.0017065433785319328 -0.00012565120414365083 -0.00029887387063354254 -0.001706052920781076 0.9999985098838806 -0.0003657611960079521
1403638128.695097 0.9999961853027344 -0.0026516348589211702 0.0007772651733830571 -0.00037270758184604347 0.0026499617379158735 0.999994158744812 0.0021456615068018436 -6.034848411218263e-05 -0.0007829501992091537 -0.0021435937378555536 0.9999973773956299 -7.373630069196224e-06
1403638128.745097 0.9999935626983643 -0.0033282616641372442 0.0013332675443962216 -0.0005979738780297339 0.0033237491734325886 0.9999887943267822 0.003372425911948085 -0.0004412776615936309 -0.0013444769429042935 -0.003367972793057561 0.9999934434890747 0.0004274938255548477
1403638128.795097 0.9999940991401672 -0.0031417456921190023 0.0013817156432196498 -0.0006311541073955595 0.003136988030746579 0.9999892115592957 0.0034320494160056114 -0.0003070513776037842 -0.0013924833619967103 -0.003427694784477353 0.9999931454658508 -0.00016128756396938115
1403638128.845097 0.9999914765357971 -0.0031180051155388355 0.002700782148167491 -0.0005398563807830215 0.003107360564172268 0.9999874234199524 0.003936567809432745 -0.00039230877882800996 -0.002713022520765662 -0.003928142134100199 0.9999886155128479 0.00043498919694684446
1403638128.895097 0.999992847442627 -0.002910682698711753 0.002423426602035761 -0.0005074412911199033 0.002901148982346058 0.9999880790710449 0.003928202670067549 -0.00026618223637342453 -0.002434831578284502 -0.003921143710613251 0.9999893307685852 0.00034607696579769254
1403638128.945097 0.9999960064888 -0.0008674743003211915 0.0026895178016275167 -0.00011447061115177348 0.0008581188158132136 0.9999935626983643 0.003477700287476182 -0.00012552665430121124 -0.0026925173588097095 -0.0034753785002976656 0.9999903440475464 -8.349879499292001e-05
1403638128.9950972 0.9999958276748657 -0.0010813280241563916 0.002678703749552369 -0.0003447374328970909 0.0010718445992097259 0.9999931454658508 0.003539213677868247 -0.0001377674489049241 -0.002682512393221259 -0.0035363277420401573 0.9999901652336121 -0.000306166970403865
1403638129.0450969 0.9999977946281433 -0.0001738306600600481 0.0020999275147914886 -4.650246410164982e-05 0.0001676833926467225 0.9999957084655762 0.0029271964449435472 -0.0004258569679223001 -0.0021004274021834135 -0.0029268376529216766 0.9999935030937195 0.0006723623955622315
1403638129.095097 0.9999678134918213 0.0070972987450659275 0.003741862252354622 -8.34579550428316e-05 -0.007108202204108238 0.9999704957008362 0.0029087273869663477 -0.000543711706995964 -0.003721107728779316 -0.002935231663286686 0.9999887943267822 -0.00023976690135896206
1403638129.145097 0.9999163150787354 0.011371697299182415 0.0061660693027079105 -0.0006998302415013313 -0.01138386595994234 0.9999333024024963 0.001941978931427002 -0.0015693316236138344 -0.006143574602901936 -0.0020120101980865 0.9999790787696838 -2.7982388928649016e-05
1403638129.195097 0.999937117099762 0.009769219905138016 0.005505427718162537 -0.0006218367489054799 -0.009754086844623089 0.9999486207962036 -0.002768909325823188 -0.0036734226159751415 -0.00553219486027956 0.0027150348760187626 0.9999809861183167 -0.0006273692706599832
1403638129.245097 0.9999684691429138 -0.007899635471403599 -0.0008211436797864735 -0.0005165053298696876 0.007887929677963257 0.9998791813850403 -0.013395733200013638 -0.008179921656847 0.000926865846849978 0.013388833031058311 0.9999099373817444 -0.0016551015432924032
1403638129.295097 0.9990586042404175 -0.042465902864933014 -0.00886140763759613 0.0006225210963748395 0.04215703159570694 0.9985811114311218 -0.032534681260585785 -0.014669758267700672 0.010230449959635735 0.03213047981262207 0.9994312524795532 -0.004210238344967365
1403638129.345097 0.9966068863868713 -0.0813026875257492 -0.012827898375689983 0.002402098150923848 0.08044672757387161 0.995122492313385 -0.05709219351410866 -0.02335936203598976 0.017407076433300972 0.055866505950689316 0.9982864856719971 -0.006933635100722313
1403638129.395097 0.9931920766830444 -0.11531054973602295 -0.016524938866496086 0.003360736882314086 0.113812655210495 0.9907946586608887 -0.07329829037189484 -0.031460411846637726 0.02482488751411438 0.07091854512691498 0.9971730709075928 -0.009861287660896778
1403638129.445097 0.9918177127838135 -0.126325786113739 -0.01841876655817032 0.0041923848912119865 0.12475910782814026 0.9897174835205078 -0.06995953619480133 -0.03594774752855301 0.027067072689533234 0.06708920001983643 0.9973797798156738 -0.012071071192622185
1403638129.4950972 0.9931055307388306 -0.11534247547388077 -0.020914429798722267 0.0039419811218976974 0.11414403468370438 0.9921277761459351 -0.05151394382119179 -0.03777512535452843 0.026691531762480736 0.04877152293920517 0.9984533190727234 -0.013328323140740395
1403638129.5450969 0.9957969188690186 -0.08877136558294296 -0.02253713458776474 0.002948033157736063 0.08813261985778809 0.9957178235054016 -0.02790962904691696 -0.038631390780210495 0.024918196722865105 0.025806080549955368 0.9993564486503601 -0.013757752254605293
1403638129.595097 0.9981337189674377 -0.05717058852314949 -0.02145540341734886 0.0017442019889131188 0.05698253959417343 0.998332142829895 -0.009274916723370552 -0.04032488539814949 0.02194986864924431 0.00803503766655922 0.9997267723083496 -0.014680898748338223
1403638129.645097 0.9993078112602234 -0.03173544630408287 -0.019406067207455635 0.0012564377393573523 0.03173968195915222 0.9994962215423584 -8.807890117168427e-05 -0.04342937469482422 0.01939908042550087 -0.0005279090255498886 0.9998116493225098 -0.016012929379940033
1403638129.695097 0.9996156692504883 -0.021950745955109596 -0.016931768506765366 0.0014281964395195246 0.021904798224568367 0.999755859375 -0.002894467208534479 -0.04867037385702133 0.01699117198586464 0.002522468101233244 0.9998524188995361 -0.017599789425730705
1403638129.745097 0.999549388885498 -0.024593913927674294 -0.01721237413585186 0.0011314093135297298 0.024403687566518784 0.999639630317688 -0.011176023632287979 -0.05588766559958458 0.017481038346886635 0.01075094286352396 0.9997894167900085 -0.020054891705513
1403638129.795097 0.9994434118270874 -0.027141954749822617 -0.019396819174289703 0.0006248067948035896 0.026937328279018402 0.9995794892311096 -0.010734283365309238 -0.06359363347291946 0.019680015742778778 0.010205810889601707 0.9997543096542358 -0.022626779973506927
1403638129.845097 0.999480664730072 -0.02307235449552536 -0.022497572004795074 -0.0004295951221138239 0.023094849660992622 0.9997329711914062 0.0007404866628348827 -0.07183888554573059 0.02247447893023491 -0.001259680138900876 0.9997467398643494 -0.02592409960925579
1403638129.895097 0.9995490312576294 -0.015720011666417122 -0.025584552437067032 -0.0017221111338585615 0.01606983132660389 0.9997794032096863 0.013525409623980522 -0.08205179870128632 0.025366291403770447 -0.01393044926226139 0.9995811581611633 -0.030458219349384308
1403638129.945097 0.999592125415802 -0.00783816259354353 -0.027456941083073616 -0.0028135841712355614 0.008349022828042507 0.9997932314872742 0.0185408778488636 -0.0947328507900238 0.02730594016611576 -0.018762560561299324 0.9994511008262634 -0.035366352647542953
1403638129.9950972 0.9995253682136536 -0.008945900946855545 -0.029475444927811623 -0.004452838562428951 0.009257047437131405 0.9999026656150818 0.010436645708978176 -0.11058426648378372 0.029379213228821754 -0.01070455089211464 0.9995110630989075 -0.04057946056127548
1403638130.0450969 0.9992489814758301 -0.021987050771713257 -0.03190343827009201 -0.0051594446413218975 0.021794060245156288 0.9997420907020569 -0.006384510546922684 -0.1315382570028305 0.03203558921813965 0.0056844111531972885 0.999470591545105 -0.04761161655187607
1403638130.095097 0.9987676739692688 -0.03442427143454552 -0.035746797919273376 -0.005155385471880436 0.033638402819633484 0.9991838335990906 -0.022358043119311333 -0.15051156282424927 0.036487285047769547 0.021128034219145775 0.9991108179092407 -0.05531764030456543
1403638130.145097 0.9983224868774414 -0.04051152989268303 -0.041363541036844254 -0.006703762337565422 0.039267562329769135 0.9987644553184509 -0.030456334352493286 -0.1695059984922409 0.04254627600312233 0.028781000524759293 0.9986798167228699 -0.062036365270614624
1403638130.195097 0.9982065558433533 -0.037096139043569565 -0.04698391258716583 -0.007638465613126755 0.03568403795361519 0.9988961815834045 -0.030545735731720924 -0.18797224760055542 0.0480651780962944 0.02881438285112381 0.998428463935852 -0.06899398565292358
1403638130.245097 0.9980628490447998 -0.0332893542945385 -0.052559442818164825 -0.008713489398360252 0.03170909360051155 0.9990280270576477 -0.030619459226727486 -0.2071133255958557 0.05352766066789627 0.02889353595674038 0.9981482625007629 -0.0774524137377739
1403638130.295097 0.997553288936615 -0.039273932576179504 -0.05783351510763168 -0.00923987291753292 0.03701813146471977 0.9985307455062866 -0.039573393762111664 -0.22769014537334442 0.059302736073732376 0.037335675209760666 0.997541606426239 -0.08539234101772308
1403638130.345097 0.996539831161499 -0.05566871166229248 -0.061719462275505066 -0.009559239260852337 0.05243147909641266 0.9972231388092041 -0.052885670214891434 -0.24884158372879028 0.06449215859174728 0.049466632306575775 0.9966915249824524 -0.09375397861003876
1403638130.395097 0.9953370690345764 -0.06991808116436005 -0.06645066291093826 -0.009857275523245335 0.06577746570110321 0.9958699345588684 -0.06258127093315125 -0.2692154049873352 0.07055177539587021 0.0579184964299202 0.9958252906799316 -0.10202287137508392
1403638130.445097 0.9946169257164001 -0.07383773475885391 -0.07269932329654694 -0.012020228430628777 0.06908861547708511 0.995437741279602 -0.06580747663974762 -0.2878626883029938 0.07722671329975128 0.06043052673339844 0.9951805472373962 -0.10939306020736694
1403638130.4950972 0.9948791265487671 -0.0645715519785881 -0.07775566726922989 -0.012039710767567158 0.05972287058830261 0.9962156414985657 -0.06314843893051147 -0.3050805628299713 0.08153899013996124 0.058181263506412506 0.9949705600738525 -0.11860809475183487
1403638130.5450969 0.9957022666931152 -0.048834361135959625 -0.07869056612253189 -0.014976341277360916 0.04441552236676216 0.9973880052566528 -0.056959424167871475 -0.32304760813713074 0.0812666118144989 0.05321955308318138 0.9952705502510071 -0.12449704110622406
1403638130.595097 0.9960827827453613 -0.04181777685880661 -0.07791290432214737 -0.015388897620141506 0.03739352151751518 0.9976505041122437 -0.05740359425544739 -0.3406873643398285 0.08013033866882324 0.05426529794931412 0.9953061938285828 -0.13249939680099487
1403638130.645097 0.9961804747581482 -0.042445678263902664 -0.07630812376737595 -0.017525456845760345 0.03729388117790222 0.9970073103904724 -0.06771530956029892 -0.357534259557724 0.07895400375127792 0.06461084634065628 0.9947822093963623 -0.13717538118362427
1403638130.695097 0.9954654574394226 -0.055591147392988205 -0.07718878239393234 -0.013749435544013977 0.04937157407402992 0.9955496191978455 -0.08027128875255585 -0.37992095947265625 0.08130764216184616 0.07609637081623077 0.9937798976898193 -0.15048474073410034
1403638130.745097 0.9936097860336304 -0.0786060020327568 -0.08099796622991562 -0.018117494881153107 0.07078859955072403 0.9929340481758118 -0.09524111449718475 -0.39592522382736206 0.0879121646285057 0.08889876306056976 0.9921534657478333 -0.15743069350719452
1403638130.795097 0.991194486618042 -0.09951471537351608 -0.087351493537426 -0.019044246524572372 0.09029211103916168 0.9904865622520447 -0.10384398698806763 -0.4085417091846466 0.09685450792312622 0.09504243731498718 0.990750253200531 -0.16064295172691345
1403638130.845097 0.9903702735900879 -0.1039314791560173 -0.09145985543727875 -0.025228656828403473 0.09415346384048462 0.9899609088897705 -0.10541560500860214 -0.4276431202888489 0.10149767994880676 0.09578923135995865 0.9902134537696838 -0.1722986102104187
1403638130.895097 0.9895823001861572 -0.10791829228401184 -0.09529153257608414 -0.023695018142461777 0.09731952846050262 0.98919677734375 -0.1096290722489357 -0.4329509735107422 0.10609307140111923 0.09921327978372574 0.9893943071365356 -0.17598220705986023
1403638130.945097 0.989470362663269 -0.1124270036816597 -0.09115156531333923 -0.02084936760365963 0.10097489506006241 0.9874085187911987 -0.12177211791276932 -0.44428113102912903 0.10369429737329483 0.11128588020801544 0.9883637428283691 -0.1813206523656845
1403638130.9950972 0.98957359790802 -0.11798041313886642 -0.08261159062385559 -0.019925490021705627 0.10552655160427094 0.9842802882194519 -0.14162060618400574 -0.4477575421333313 0.09802143275737762 0.13142633438110352 0.9864678978919983 -0.1864340454339981
1403638131.0450969 0.9892234802246094 -0.12474425137042999 -0.07665468007326126 -0.018188223242759705 0.1114632785320282 0.98110032081604 -0.15817111730575562 -0.44813400506973267 0.09493687748908997 0.14792238175868988 0.9844318628311157 -0.18398132920265198
1403638131.095097 0.9898489117622375 -0.12263243645429611 -0.07183539867401123 -0.018683750182390213 0.10963980853557587 0.9805027842521667 -0.16307532787322998 -0.4436057209968567 0.09043312817811966 0.15354391932487488 0.9839950203895569 -0.1839020848274231
1403638131.145097 0.9909302592277527 -0.11373555660247803 -0.07156439125537872 -0.018907839432358742 0.10158940404653549 0.9826688170433044 -0.1550542265176773 -0.4317423403263092 0.08795929700136185 0.14637775719165802 0.9853104948997498 -0.1806442141532898
1403638131.195097 0.9928274750709534 -0.09529218077659607 -0.07220160961151123 -0.017226973548531532 0.08473615348339081 0.9868952035903931 -0.13732390105724335 -0.4198698401451111 0.08434131741523743 0.13022086024284363 0.9878913164138794 -0.17565296590328217
1403638131.245097 0.9947704672813416 -0.07264511287212372 -0.07179419696331024 -0.01596018299460411 0.0639990046620369 0.9911673069000244 -0.11615332961082458 -0.40776658058166504 0.07959802448749542 0.11095114052295685 0.9906331896781921 -0.17076632380485535
1403638131.295097 0.9956685304641724 -0.058024343103170395 -0.0726456344127655 -0.016598515212535858 0.05053212121129036 0.9935988783836365 -0.10103397071361542 -0.38965946435928345 0.07804305106401443 0.09692541509866714 0.9922271966934204 -0.1576814353466034
1403638131.345097 0.9960432648658752 -0.0512157641351223 -0.07262729108333588 -0.017878690734505653 0.044336188584566116 0.9946445226669312 -0.09336327016353607 -0.37366268038749695 0.07701999694108963 0.08977384120225906 0.9929797053337097 -0.15260054171085358
1403638131.395097 0.9962103962898254 -0.051983922719955444 -0.06973179429769516 -0.020930979400873184 0.04535851627588272 0.994590699672699 -0.09344527125358582 -0.352730393409729 0.07421223819255829 0.08992822468280792 0.9931795597076416 -0.1488771289587021
1403638131.445097 0.9962365031242371 -0.05308344587683678 -0.06851993501186371 -0.011431582272052765 0.046502746641635895 0.9944571256637573 -0.09430079162120819 -0.34833720326423645 0.07314595580101013 0.0907595232129097 0.9931830167770386 -0.14269936084747314
1403638131.4950972 0.9970479607582092 -0.043968334794044495 -0.06294645369052887 -0.007182606495916843 0.037928130477666855 0.9948371052742004 -0.09413033723831177 -0.32621556520462036 0.06676024198532104 0.09146502614021301 0.993567943572998 -0.13169005513191223
1403638131.5450969 0.9972724914550781 -0.040679994970560074 -0.06158631294965744 -0.006305448245257139 0.035146575421094894 0.9954639077186584 -0.08840866386890411 -0.3082462549209595 0.06490342319011688 0.08600296080112457 0.9941785931587219 -0.125685453414917
1403638131.595097 0.9974235892295837 -0.037565842270851135 -0.06111399829387665 -0.0052941227331757545 0.032504234462976456 0.9961180090904236 -0.08180660009384155 -0.28762179613113403 0.06394988298416138 0.07960936427116394 0.994772732257843 -0.11916987597942352
1403638131.645097 0.9975990653038025 -0.03159952536225319 -0.061623506247997284 -0.0037633171305060387 0.026811739429831505 0.9966681599617004 -0.07703016698360443 -0.26783546805381775 0.06385231018066406 0.07519301772117615 0.9951225519180298 -0.11182170361280441
1403638131.695097 0.9978156089782715 -0.02697240561246872 -0.060303039848804474 -0.0005262917838990688 0.02229233831167221 0.996783435344696 -0.07697808742523193 -0.2480732798576355 0.0621853768825531 0.07546563446521759 0.9952074885368347 -0.10584878921508789
1403638131.745097 0.998004138469696 -0.02289602719247341 -0.058851201087236404 0.0013359743170440197 0.01833607442677021 0.9968711733818054 -0.07688730955123901 -0.22646532952785492 0.060427479445934296 0.0756547600030899 0.995301365852356 -0.09604179114103317
1403638131.795097 0.9984849095344543 -0.011751966550946236 -0.0537574365735054 0.0025958253536373377 0.007648414932191372 0.9970850944519043 -0.07591287791728973 -0.2050658017396927 0.054492875933647156 0.07538670301437378 0.9956642985343933 -0.09049568325281143
1403638131.845097 0.9988430142402649 -0.0007012251298874617 -0.04808342829346657 0.004976714961230755 -0.0027663083747029305 0.9973999857902527 -0.07201040536165237 -0.18331031501293182 0.04800891876220703 0.07206011563539505 0.9962441921234131 -0.08257000148296356
1403638131.895097 0.99903804063797 0.005653599742799997 -0.04348432272672653 0.007110566832125187 -0.008726648986339569 0.9974517822265625 -0.07080855220556259 -0.16128726303577423 0.04297318682074547 0.07111991196870804 0.9965416789054871 -0.07669863104820251
1403638131.945097 0.9990924596786499 0.010643936693668365 -0.04124126210808754 0.00822317972779274 -0.013511528261005878 0.9974632263183594 -0.06988954544067383 -0.1432880163192749 0.040392737835645676 0.07038336247205734 0.9967018961906433 -0.0701819434762001
1403638131.9950972 0.9989058375358582 0.02404804155230522 -0.040109552443027496 0.009289165027439594 -0.026596130803227425 0.9975790977478027 -0.06425437331199646 -0.12746194005012512 0.03846725821495056 0.06525084376335144 0.9971271753311157 -0.06525319069623947
1403638132.0450969 0.9982132315635681 0.04257231950759888 -0.04192806035280228 0.009571636095643044 -0.0448518767952919 0.9974774718284607 -0.05501827225089073 -0.11698608845472336 0.03948004171252251 0.056800518184900284 0.9976046681404114 -0.06284158676862717
1403638132.095097 0.9971836805343628 0.06108764186501503 -0.043510377407073975 0.009713965468108654 -0.06292062997817993 0.9971308708190918 -0.04208353906869888 -0.1117183119058609 0.04081476107239723 0.044702719897031784 0.9981662631034851 -0.06096575781702995
1403638132.145097 0.9963172674179077 0.07196597009897232 -0.0466148778796196 0.008778971619904041 -0.0736575573682785 0.9966462850570679 -0.035647016018629074 -0.11462028324604034 0.04389316588640213 0.03894926980137825 0.9982767105102539 -0.06366574764251709
1403638132.195097 0.996121883392334 0.0720984935760498 -0.050428420305252075 0.008751078508794308 -0.07408571988344193 0.9965001344680786 -0.03871333599090576 -0.1255277842283249 0.04746074602007866 0.04229922220110893 0.9979771375656128 -0.0671483650803566
1403638132.245097 0.9966424703598022 0.05983217805624008 -0.05589153245091438 0.008111570961773396 -0.06277284771203995 0.9966496825218201 -0.052429765462875366 -0.1429678350687027 0.052567292004823685 0.05576220899820328 0.9970593452453613 -0.07403423637151718
1403638132.295097 0.9970842599868774 0.04376951605081558 -0.06250812858343124 0.007706308271735907 -0.048025187104940414 0.996509313583374 -0.06828600913286209 -0.1654277890920639 0.05930108577013016 0.07108885794878006 0.9957057237625122 -0.08452392369508743
1403638132.345097 0.9971750378608704 0.034743838012218475 -0.06659471243619919 0.0071771349757909775 -0.03999838978052139 0.9960505962371826 -0.0792672336101532 -0.19246411323547363 0.06357765942811966 0.08170698583126068 0.994626522064209 -0.0958784744143486
1403638132.395097 0.9968347549438477 0.019356826320290565 -0.07710867375135422 0.004949474707245827 -0.025826314464211464 0.996147096157074 -0.08380810916423798 -0.22005918622016907 0.07518932968378067 0.08553427457809448 0.9934940934181213 -0.10764536261558533
1403638132.445097 0.9962708950042725 0.002461114665493369 -0.08624495565891266 0.004419207107275724 -0.010634944774210453 0.9954732656478882 -0.09444396197795868 -0.24614237248897552 0.08562213182449341 0.095008984208107 0.991787314414978 -0.11923778057098389
1403638132.4950972 0.9951711893081665 -0.022989468649029732 -0.0954241156578064 0.0031106704846024513 0.012165967375040054 0.9935779571533203 -0.11249370127916336 -0.27845391631126404 0.09739747643470764 0.11078956723213196 0.9890599250793457 -0.13362817466259003
1403638132.5450969 0.993532121181488 -0.04986129701137543 -0.10201790928840637 0.008326138369739056 0.035622820258140564 0.9899424910545349 -0.1369113177061081 -0.3081522285938263 0.10781846195459366 0.13239160180091858 0.9853159785270691 -0.150855153799057
1403638132.595097 0.9918479323387146 -0.07068763673305511 -0.1060231477022171 0.001811404712498188 0.0532042495906353 0.9857630133628845 -0.15950047969818115 -0.32675886154174805 0.11578842997550964 0.1525593250989914 0.9814879894256592 -0.14885756373405457
1403638132.645097 0.9905014038085938 -0.08350400626659393 -0.10924254357814789 -0.0007054600864648819 0.06436870247125626 0.9836397171020508 -0.168254554271698 -0.348474383354187 0.12150523066520691 0.1596245914697647 0.9796715974807739 -0.16390898823738098
1403638132.695097 0.9902341961860657 -0.08466830849647522 -0.11075867712497711 -0.016314547508955002 0.06654583662748337 0.9851698279380798 -0.15815192461013794 -0.37303829193115234 0.12250655889511108 0.14923694729804993 0.9811832308769226 -0.17306289076805115
1403638132.745097 0.9898217916488647 -0.08503477275371552 -0.11411378532648087 -0.021155185997486115 0.06795617192983627 0.9869480729103088 -0.14599820971488953 -0.3834717273712158 0.12503930926322937 0.13675744831562042 0.982681393623352 -0.18026886880397797
1403638132.795097 0.989567756652832 -0.08868206292390823 -0.11353912949562073 -0.027778983116149902 0.07236789166927338 0.9874297380447388 -0.14051875472068787 -0.3967422544956207 0.12457340955734253 0.13083626329898834 0.9835463166236877 -0.18152013421058655
1403638132.845097 0.9888834357261658 -0.09632116556167603 -0.11327799409627914 -0.028660353273153305 0.07880382239818573 0.9855297803878784 -0.15006989240646362 -0.39948832988739014 0.1260937601327896 0.13947489857673645 0.9821645021438599 -0.18538114428520203
1403638132.895097 0.9875599145889282 -0.11081982403993607 -0.11155439913272858 -0.029708536341786385 0.09157481044530869 0.982050359249115 -0.16489742696285248 -0.40683913230895996 0.12782594561576843 0.1526305079460144 0.9799818992614746 -0.1906604766845703
1403638132.945097 0.9860876202583313 -0.1210562139749527 -0.11391526460647583 -0.028291841968894005 0.09951137751340866 0.9788405895233154 -0.17879781126976013 -0.40682849287986755 0.13314947485923767 0.16497446596622467 0.9772689938545227 -0.19354037940502167
1403638132.9950972 0.9854651093482971 -0.12115971744060516 -0.11907564103603363 -0.03544072434306145 0.09774866700172424 0.9777036905288696 -0.18585161864757538 -0.40123242139816284 0.13893842697143555 0.17151077091693878 0.975335955619812 -0.18505054712295532
1403638133.0450969 0.9866101145744324 -0.10582475364208221 -0.12410249561071396 -0.026461489498615265 0.0824814960360527 0.9801843166351318 -0.1800985038280487 -0.40115290880203247 0.14070218801498413 0.16745087504386902 0.975788414478302 -0.1886063516139984
1403638133.095097 0.9886502027511597 -0.08550497144460678 -0.12352971732616425 -0.02356262505054474 0.06397902220487595 0.9835771322250366 -0.16876813769340515 -0.3972123861312866 0.13593150675296783 0.1589493453502655 0.9778842926025391 -0.1865793764591217
1403638133.145097 0.9898595809936523 -0.07490807771682739 -0.12069208174943924 -0.012280586175620556 0.05507553741335869 0.9855793118476868 -0.16000060737133026 -0.3805665373802185 0.13093695044517517 0.15173093974590302 0.9797108173370361 -0.1777259111404419
1403638133.195097 0.9917364716529846 -0.06806518882513046 -0.10874617099761963 -0.002268509939312935 0.050575099885463715 0.9864322543144226 -0.1561848670244217 -0.3682238459587097 0.11790145933628082 0.1493944227695465 0.9817232489585876 -0.1685444712638855
1403638133.245097 0.9932815432548523 -0.0685582235455513 -0.09322883188724518 0.00837016198784113 0.05345088243484497 0.9863339066505432 -0.15584796667099 -0.353667289018631 0.10263941437005997 0.14981772005558014 0.9833716750144958 -0.15723294019699097
1403638133.295097 0.9953199028968811 -0.06447099149227142 -0.07198479771614075 0.02553396299481392 0.05286993086338043 0.9868403077125549 -0.1528109312057495 -0.34240832924842834 0.08088936656713486 0.14828993380069733 0.9856302738189697 -0.1562829464673996
1403638133.345097 0.9967625141143799 -0.059192147105932236 -0.054413724690675735 0.04863078519701958 0.05087616667151451 0.9883825778961182 -0.1432182788848877 -0.3288801610469818 0.06225897744297981 0.13998623192310333 0.9881941676139832 -0.15016762912273407
1403638133.395097 0.9978872537612915 -0.05392540246248245 -0.036235176026821136 0.06724367290735245 0.0486610047519207 0.9899072051048279 -0.1331009864807129 -0.3132277727127075 0.0430469810962677 0.1310565322637558 0.9904398918151855 -0.14143502712249756
1403638133.445097 0.9987359046936035 -0.048775721341371536 -0.012150183320045471 0.08742251247167587 0.04688439145684242 0.9910813570022583 -0.12473803758621216 -0.2996186912059784 0.018126003444194794 0.12401069700717926 0.992115318775177 -0.14278966188430786
1403638133.4950972 0.9985817074775696 -0.05205409973859787 0.011174395680427551 0.11029543727636337 0.05302076041698456 0.9913460612297058 -0.1200912743806839 -0.29885733127593994 -0.004826456308364868 0.1205134391784668 0.9926999807357788 -0.14071768522262573
1403638133.5450969 0.9973849654197693 -0.06350422650575638 0.03450357913970947 0.13214294612407684 0.0671834871172905 0.9906482100486755 -0.11875412613153458 -0.27786147594451904 -0.02663952112197876 0.12076164782047272 0.9923240542411804 -0.13033516705036163
1403638133.595097 0.9956225752830505 -0.0784229040145874 0.05084840953350067 0.14792729914188385 0.0837208479642868 0.9901565313339233 -0.1121649369597435 -0.267762154340744 -0.04155159741640091 0.11593101918697357 0.9923878312110901 -0.12485945224761963
1403638133.645097 0.9936327338218689 -0.09535720944404602 0.06000819802284241 0.17850925028324127 0.1011943593621254 0.9894969463348389 -0.10322530567646027 -0.25914254784584045 -0.04953465610742569 0.10864052176475525 0.9928461313247681 -0.1334400177001953
1403638133.695097 0.9917110800743103 -0.10630960762500763 0.07216301560401917 0.19496043026447296 0.11296312510967255 0.9890066385269165 -0.09542106091976166 -0.242073655128479 -0.0612255334854126 0.10278187692165375 0.9928178191184998 -0.1350345015525818
1403638133.745097 0.9896684885025024 -0.11178819090127945 0.08977576345205307 0.21578842401504517 0.11968568712472916 0.9889028668403625 -0.08801352977752686 -0.22980129718780518 -0.07894065231084824 0.09784908592700958 0.9920655488967896 -0.1268566995859146
1403638133.795097 0.9876194000244141 -0.11187954992055893 0.1099579930305481 0.23346495628356934 0.12127773463726044 0.9891549944877625 -0.08285003900527954 -0.22374823689460754 -0.0994962826371193 0.09515976160764694 0.9904772043228149 -0.13251212239265442
1403638133.845097 0.9855007529258728 -0.10755237191915512 0.13122814893722534 0.23686005175113678 0.11829260736703873 0.9899905920028687 -0.07697756588459015 -0.20746533572673798 -0.12163551151752472 0.09138477593660355 0.9883590340614319 -0.12765905261039734
1403638133.895097 0.9836657047271729 -0.10711820423603058 0.14466312527656555 0.2561120390892029 0.11827850341796875 0.990448534488678 -0.0708642303943634 -0.19530746340751648 -0.13569055497646332 0.08681726455688477 0.9869401454925537 -0.11916059255599976
1403638133.945097 0.9819193482398987 -0.10736806690692902 0.1559048295021057 0.26552262902259827 0.11909961700439453 0.9905550479888916 -0.06794051826000214 -0.196219339966774 -0.14713768661022186 0.08528032153844833 0.9854327440261841 -0.12423663586378098
1403638133.9950972 0.9808058738708496 -0.10730904340744019 0.16280241310596466 0.26310643553733826 0.11996112763881683 0.9903107285499573 -0.06995771825313568 -0.19246003031730652 -0.15371787548065186 0.08814489841461182 0.984175443649292 -0.11222430318593979
1403638134.0450969 0.9809695482254028 -0.10434242337942123 0.16374164819717407 0.2623259723186493 0.11692506074905396 0.990729570388794 -0.06916262954473495 -0.19084025919437408 -0.15500709414482117 0.08699192851781845 0.9840759038925171 -0.10716117173433304
1403638134.095097 0.9823756217956543 -0.09593609720468521 0.1604194939136505 0.2574349641799927 0.10708296298980713 0.992294430732727 -0.06232927739620209 -0.1962887942790985 -0.15320375561714172 0.07840895652770996 0.9850790500640869 -0.0954647958278656
1403638134.145097 0.9836177825927734 -0.08632614463567734 0.1582522690296173 0.23931357264518738 0.096360944211483 0.993721067905426 -0.0568600669503212 -0.2006174623966217 -0.15235009789466858 0.07117791473865509 0.9857602119445801 -0.08227655291557312
1403638134.195097 0.9838908910751343 -0.08269965648651123 0.1584908664226532 0.22991278767585754 0.09325768798589706 0.99381023645401 -0.06036704406142235 -0.20681770145893097 -0.15251751244068146 0.07417507469654083 0.9855133295059204 -0.06613743305206299
1403638134.245097 0.9830282926559448 -0.09025637060403824 0.15971554815769196 0.22403013706207275 0.10349277406930923 0.9916777014732361 -0.0765804871916771 -0.2125672847032547 -0.1514744758605957 0.0918101966381073 0.9841881990432739 -0.05181628465652466
1403638134.295097 0.9818834662437439 -0.09888890385627747 0.16163484752178192 0.2085394263267517 0.1141354963183403 0.9895673990249634 -0.08791758120059967 -0.2288433164358139 -0.15125450491905212 0.10477308928966522 0.982926607131958 -0.03923095017671585
1403638134.345097 0.9812524914741516 -0.10759478807449341 0.15989667177200317 0.17942102253437042 0.12281075865030289 0.9884747266769409 -0.08851742744445801 -0.2308119237422943 -0.1485297977924347 0.1064949706196785 0.9831570386886597 -0.01785636693239212
1403638134.395097 0.9812746644020081 -0.1171213686466217 0.15291368961334229 0.16527381539344788 0.13070359826087952 0.9880254864692688 -0.08198890089988708 -0.24734684824943542 -0.1414799988269806 0.10043999552726746 0.9848325848579407 -0.013271350413560867
1403638134.445097 0.980875551700592 -0.12397337704896927 0.15004611015319824 0.13345342874526978 0.13647887110710144 0.9877158403396606 -0.07609866559505463 -0.2568632662296295 -0.13876871764659882 0.09512144327163696 0.9857459664344788 0.0065793804824352264
1403638134.4950972 0.9803879857063293 -0.13172322511672974 0.14658936858177185 0.11715811491012573 0.1440279483795166 0.9865954518318176 -0.07671578973531723 -0.26607757806777954 -0.13451917469501495 0.09632418304681778 0.9862182140350342 0.013343635946512222
1403638134.5450969 0.9793847799301147 -0.14215411245822906 0.14351946115493774 0.09860500693321228 0.15437136590480804 0.9849395751953125 -0.07786920666694641 -0.27607065439224243 -0.13028854131698608 0.0984192043542862 0.9865792393684387 0.027827546000480652
1403638134.595097 0.9789550304412842 -0.15183329582214355 0.13635846972465515 0.07796286046504974 0.16370637714862823 0.9832198619842529 -0.08049135655164719 -0.28414952754974365 -0.12184908986091614 0.10112018138170242 0.9873842000961304 0.03738612309098244
1403638134.645097 0.9789248704910278 -0.15572413802146912 0.1321214735507965 0.05234120786190033 0.16674581170082092 0.9829998016357422 -0.07686004787683487 -0.2899799346923828 -0.11790640652179718 0.09727092832326889 0.9882491827011108 0.04350194334983826
1403638134.695097 0.979495644569397 -0.15673188865184784 0.1265837550163269 0.03348955139517784 0.16635945439338684 0.9836207032203674 -0.06939005851745605 -0.2939620018005371 -0.11363478749990463 0.08902566134929657 0.9895259737968445 0.04687684774398804
1403638134.745097 0.9805518984794617 -0.15575380623340607 0.11941013485193253 0.00905399490147829 0.16363394260406494 0.9847406148910522 -0.05924515426158905 -0.2978947162628174 -0.10836033523082733 0.07763248682022095 0.991075873374939 0.05484146624803543
1403638134.795097 0.9818767309188843 -0.15118525922298431 0.11428442597389221 -0.010379188694059849 0.15734688937664032 0.9864283204078674 -0.04691673070192337 -0.30726954340934753 -0.10564026981592178 0.06404875218868256 0.9923396110534668 0.057636093348264694
1403638134.845097 0.9828702807426453 -0.14525797963142395 0.11342938244342804 -0.0334424152970314 0.15066422522068024 0.9877511858940125 -0.040594786405563354 -0.3113383650779724 -0.1061432883143425 0.0569891482591629 0.9927164912223816 0.06165511906147003
