1305031453.359684 1.0 0.0 0.0 0.0 0.0 1.0 0.0 0.0 0.0 0.0 1.0 0.0
1305031453.39169 0.9996326565742493 -0.024101393297314644 0.01239691860973835 0.0020991771016269922 0.02408774383366108 0.9997090697288513 0.0012490908848121762 0.0045232209376990795 -0.012423417530953884 -0.0009500181768089533 0.9999223947525024 -0.009482834488153458
1305031453.423683 0.9989016652107239 -0.04267487674951553 0.019346993416547775 0.007639003451913595 0.04268937557935715 0.9990883469581604 -0.00033692436409182847 0.006513277534395456 -0.019314976409077644 0.0011624654289335012 0.9998127818107605 -0.017856230959296227
1305031453.459685 0.9976382255554199 -0.059526290744543076 0.03427494689822197 0.009466493502259254 0.05978870764374733 0.9981886744499207 -0.00668194517493248 0.010069883428514004 -0.033815108239650726 0.008715416304767132 0.9993901252746582 -0.027120649814605713
1305031453.491698 0.9957644939422607 -0.08009661734104156 0.045139510184526443 0.015294596552848816 0.0808287039399147 0.9966205954551697 -0.014630569145083427 0.015187637880444527 -0.04381510615348816 0.018217168748378754 0.9988735318183899 -0.03802032023668289
1305031453.523684 0.9936482310295105 -0.09780324250459671 0.05565660074353218 0.015865080058574677 0.09945803880691528 0.9946539402008057 -0.027776163071393967 0.021017465740442276 -0.05264245718717575 0.03313523530960083 0.9980635046958923 -0.0506884790956974
1305031453.559753 0.9918349981307983 -0.110395647585392 0.0638454407453537 0.01464802399277687 0.11315381526947021 0.9927177429199219 -0.041321344673633575 0.026843901723623276 -0.05881880968809128 0.04820831120014191 0.9971038699150085 -0.06585616618394852
1305031453.59164 0.9903439283370972 -0.11781545728445053 0.07306477427482605 0.011273369193077087 0.122046560049057 0.990919291973114 -0.056421853601932526 0.03442860767245293 -0.06575392931699753 0.06479435414075851 0.9957298636436462 -0.08053811639547348
1305031453.627706 0.9890928864479065 -0.1249067634344101 0.0780613049864769 0.004994548391550779 0.13022300601005554 0.9892061948776245 -0.0671793520450592 0.03783011808991432 -0.0688275694847107 0.07661201059818268 0.9946825504302979 -0.09840451180934906
1305031453.6596 0.9897024631500244 -0.12068288028240204 0.076972596347332 -0.0071578919887542725 0.127070814371109 0.9883023500442505 -0.08433010429143906 0.04669811204075813 -0.06589499115943909 0.09324267506599426 0.993460476398468 -0.11328276991844177
1305031453.691678 0.9914436340332031 -0.11162731051445007 0.0676683709025383 -0.013164933770895004 0.1179690882563591 0.9881319999694824 -0.0983792319893837 0.054546475410461426 -0.05588347092270851 0.10552024096250534 0.9928457140922546 -0.12793274223804474
1305031453.727652 0.9929646253585815 -0.10155776143074036 0.06088773533701897 -0.02441093698143959 0.1077198013663292 0.9882608652114868 -0.1083366721868515 0.06375810503959656 -0.04917053133249283 0.11413329839706421 0.9922479391098022 -0.14339828491210938
1305031453.759694 0.9948381185531616 -0.08625217527151108 0.053457606583833694 -0.047807805240154266 0.09220360219478607 0.9883294701576233 -0.12125714123249054 0.07428369671106339 -0.04237503930926323 0.1255602091550827 0.9911805987358093 -0.1523432731628418
1305031453.791716 0.9970391988754272 -0.07130907475948334 0.028774427250027657 -0.04700269177556038 0.07452607899904251 0.9882892370223999 -0.13315413892269135 0.0857689380645752 -0.018942363560199738 0.13490433990955353 0.9906775951385498 -0.16720792651176453
1305031453.827773 0.9981220364570618 -0.05972837656736374 0.013600371778011322 -0.05510413646697998 0.061026718467473984 0.9887914061546326 -0.13626086711883545 0.08970769494771957 -0.005309291183948517 0.13683494925498962 0.9905796647071838 -0.18246668577194214
1305031453.859705 0.9990564584732056 -0.04340306296944618 0.0015295110642910004 -0.08826787024736404 0.043160468339920044 0.9883226156234741 -0.14613500237464905 0.10491394251585007 0.004831056576222181 0.14606313407421112 0.9892634153366089 -0.18870723247528076
1305031453.89171 0.9992106556892395 -0.030274851247668266 -0.025716055184602737 -0.10603462904691696 0.026141319423913956 0.988620400428772 -0.1481427550315857 0.11510895192623138 0.029908420518040657 0.14735357463359833 0.9886316061019897 -0.19785527884960175
1305031453.927723 0.9972938895225525 -0.023597031831741333 -0.06962861865758896 -0.10984377562999725 0.013588625937700272 0.9899365901947021 -0.1408574879169464 0.11698414385318756 0.07225172966718674 0.13953015208244324 0.9875783920288086 -0.20068611204624176
1305031453.959641 0.9941597580909729 -0.011432860046625137 -0.10731077939271927 -0.11365345865488052 -0.0033343827817589045 0.9906435608863831 -0.13643360137939453 0.12268353998661041 0.10786658525466919 0.13599461317062378 0.9848198294639587 -0.2096286118030548
1305031453.991624 0.9914087057113647 0.011583453044295311 -0.13028626143932343 -0.12408004701137543 -0.028616633266210556 0.9911485910415649 -0.1296364963054657 0.12353403121232986 0.12763141095638275 0.1322510838508606 0.982964813709259 -0.21918080747127533
1305031454.027662 0.9870584011077881 0.028933100402355194 -0.1577288806438446 -0.13392581045627594 -0.04970400780439377 0.9903486371040344 -0.12937958538532257 0.121256984770298 0.15246325731277466 0.13554500043392181 0.9789700508117676 -0.22253836691379547
1305031454.059654 0.9825620651245117 0.050036847591400146 -0.1790754199028015 -0.14842751622200012 -0.07431010901927948 0.9885246753692627 -0.13151800632476807 0.1299716681241989 0.1704397350549698 0.14253170788288116 0.9750051498413086 -0.22656559944152832
1305031454.091651 0.9764891862869263 0.0775994285941124 -0.20111475884914398 -0.16365846991539001 -0.10444942116737366 0.9864491820335388 -0.1265239715576172 0.12919504940509796 0.18857130408287048 0.14455564320087433 0.9713622331619263 -0.2294231504201889
1305031454.127701 0.9684635996818542 0.10312815010547638 -0.22680985927581787 -0.18065454065799713 -0.13478510081768036 0.9824673533439636 -0.12880592048168182 0.13223932683467865 0.20954979956150055 0.15531444549560547 0.9653840065002441 -0.23270869255065918
1305031454.159672 0.959086000919342 0.1237267479300499 -0.2546481192111969 -0.19766689836978912 -0.1605844646692276 0.9785054326057434 -0.12938253581523895 0.1426159292459488 0.23316647112369537 0.16498149931430817 0.958339512348175 -0.2289293110370636
1305031454.191658 0.9466070532798767 0.15043866634368896 -0.28513720631599426 -0.2102687507867813 -0.19041714072227478 0.9745907783508301 -0.11795739829540253 0.14469105005264282 0.2601467967033386 0.1659543216228485 0.9512007236480713 -0.23666514456272125
1305031454.227671 0.9295315146446228 0.1851763278245926 -0.31887418031692505 -0.22276857495307922 -0.22810421884059906 0.9682077169418335 -0.10267681628465652 0.1315903514623642 0.28972306847572327 0.16817794740200043 0.9422190189361572 -0.24235236644744873
1305031454.259627 0.9136099815368652 0.21149680018424988 -0.3472548723220825 -0.22787989675998688 -0.26290303468704224 0.9587888717651367 -0.10773087292909622 0.13878744840621948 0.3101593852043152 0.1897183656692505 0.9315621256828308 -0.24043534696102142
1305031454.291639 0.9024264812469482 0.23163564503192902 -0.36327844858169556 -0.23406639695167542 -0.28522178530693054 0.9531492590904236 -0.1007721871137619 0.14668549597263336 0.3229161500930786 0.1945544332265854 0.9262147545814514 -0.24189093708992004
1305031454.327699 0.8874819278717041 0.26294633746147156 -0.37846410274505615 -0.25280410051345825 -0.31711113452911377 0.9443424344062805 -0.08750893175601959 0.13796557486057281 0.3343895971775055 0.19767779111862183 0.921470046043396 -0.24641436338424683
1305031454.359636 0.870863676071167 0.2836753726005554 -0.40140336751937866 -0.260213702917099 -0.3468703329563141 0.9332923889160156 -0.09298554807901382 0.14644870162010193 0.34824904799461365 0.2202126383781433 0.9111690521240234 -0.24643126130104065
1305031454.391677 0.8562474250793457 0.30515041947364807 -0.41680148243904114 -0.269252747297287 -0.37282413244247437 0.9235514998435974 -0.08974920958280563 0.1541653573513031 0.35755056142807007 0.2322411686182022 0.9045560359954834 -0.2479751706123352
1305031454.427465 0.8359118103981018 0.33015698194503784 -0.43846040964126587 -0.28156545758247375 -0.4026869237422943 0.9117302894592285 -0.08118566125631332 0.15769779682159424 0.3729536533355713 0.24442636966705322 0.8950761556625366 -0.251039981842041
1305031454.459913 0.8127760887145996 0.3532480299472809 -0.46326106786727905 -0.27890732884407043 -0.4323877692222595 0.8987011909484863 -0.07332798838615417 0.16041697561740875 0.3904303312301636 0.25990766286849976 0.8831830024719238 -0.24830564856529236
1305031454.491617 0.796209454536438 0.3775261342525482 -0.47278377413749695 -0.2839680314064026 -0.46038344502449036 0.8850667476654053 -0.06858491897583008 0.1671704649925232 0.39255255460739136 0.2722698450088501 0.878505289554596 -0.2503744959831238
1305031454.5277 0.776899516582489 0.4031800925731659 -0.4836040139198303 -0.286960244178772 -0.4880608916282654 0.8708798289299011 -0.05800781399011612 0.1762794852256775 0.397773414850235 0.2810944616794586 0.87336266040802 -0.2522519826889038
1305031454.559575 0.7594683170318604 0.42710673809051514 -0.49070116877555847 -0.2949713468551636 -0.5117823481559753 0.8579165935516357 -0.04536464810371399 0.18685375154018402 0.40160518884658813 0.2855852246284485 0.8701461553573608 -0.2582603693008423
1305031454.591635 0.7327924966812134 0.45511800050735474 -0.5058486461639404 -0.30315423011779785 -0.5409349203109741 0.840621292591095 -0.027303043752908707 0.19480690360069275 0.41280102729797363 0.2936386168003082 0.8621900677680969 -0.2601128816604614
1305031454.62758 0.7037286758422852 0.47455328702926636 -0.5287392139434814 -0.3021388053894043 -0.5625439286231995 0.8267401456832886 -0.00670647993683815 0.19738756120204926 0.4339473843574524 0.30215856432914734 0.8487578630447388 -0.2623915672302246
1305031454.659528 0.6838416457176208 0.4836803674697876 -0.5462728142738342 -0.30316227674484253 -0.5725697875022888 0.8198055028915405 0.00911043956875801 0.21355903148651123 0.45224395394325256 0.30654919147491455 0.8375577330589294 -0.2641001343727112
1305031454.691884 0.6588131785392761 0.49714455008506775 -0.5646346807479858 -0.30361974239349365 -0.5815997123718262 0.812637984752655 0.03689632564783096 0.2162083238363266 0.4771863520145416 0.30408361554145813 0.8245157599449158 -0.26521018147468567
1305031454.727659 0.6372535824775696 0.49904295802116394 -0.5872513055801392 -0.29616230726242065 -0.5834126472473145 0.8102785348892212 0.05548204854130745 0.22185778617858887 0.5035250186920166 0.30725371837615967 0.8075008988380432 -0.26206472516059875
1305031454.759732 0.6337765455245972 0.49319401383399963 -0.5958917737007141 -0.28892043232917786 -0.5703925490379333 0.8183290362358093 0.07063952088356018 0.22336502373218536 0.522474467754364 0.29512253403663635 0.7999519109725952 -0.25762343406677246
1305031454.791641 0.6386740803718567 0.48339179158210754 -0.5986884832382202 -0.2859472632408142 -0.5560907125473022 0.8277227878570557 0.07508687674999237 0.2310146540403366 0.531844437122345 0.2849690914154053 0.797454833984375 -0.2566949725151062
1305031454.82757 0.6421841382980347 0.473076194524765 -0.603157103061676 -0.27480775117874146 -0.5421998500823975 0.8365421891212463 0.07884502410888672 0.2399556189775467 0.5418660044670105 0.2763986885547638 0.7937159538269043 -0.2529665231704712
1305031454.85962 0.6550642251968384 0.4650847017765045 -0.5954721570014954 -0.27314603328704834 -0.5272052884101868 0.8458961844444275 0.08070920407772064 0.24936532974243164 0.5412441492080688 0.26106640696525574 0.7993115782737732 -0.25277790427207947
1305031454.891764 0.6680551767349243 0.45730313658714294 -0.5870060920715332 -0.2658088207244873 -0.5125329494476318 0.8546909689903259 0.082541823387146 0.25435614585876465 0.5394554734230042 0.24571755528450012 0.805363655090332 -0.2549680471420288
1305031454.927567 0.6828808188438416 0.4504270553588867 -0.5751427412033081 -0.26533275842666626 -0.5011072158813477 0.8616920709609985 0.0798635482788086 0.26471126079559326 0.531568706035614 0.23367096483707428 0.8141452074050903 -0.25742366909980774
1305031454.959648 0.6958895325660706 0.44497066736221313 -0.563683271408081 -0.26642346382141113 -0.49014759063720703 0.8679553270339966 0.08005568385124207 0.2723127603530884 0.5248743891716003 0.22057808935642242 0.8221022486686707 -0.26205015182495117
1305031454.991937 0.7076079249382019 0.43654751777648926 -0.5556232929229736 -0.27097073197364807 -0.47766727209091187 0.8749701976776123 0.0791269913315773 0.28089484572410583 0.5206966400146484 0.20941224694252014 0.8276602625846863 -0.2659039795398712
1305031455.027799 0.7128698229789734 0.43082550168037415 -0.5533589124679565 -0.27219292521476746 -0.4724889099597931 0.8781396150588989 0.07499982416629791 0.2949197590351105 0.5182381868362427 0.2079908698797226 0.8295595049858093 -0.2723214626312256
1305031455.059636 0.7184728384017944 0.42994970083236694 -0.5467541813850403 -0.2763954997062683 -0.4692993760108948 0.8798328638076782 0.0751800686120987 0.3019300103187561 0.513375997543335 0.20257657766342163 0.833911120891571 -0.2764868140220642
1305031455.0917 0.7248808145523071 0.42676132917404175 -0.5407611727714539 -0.2810995280742645 -0.469766229391098 0.8803887963294983 0.06507743895053864 0.31426191329956055 0.5038526654243469 0.20685797929763794 0.8386550545692444 -0.2820091247558594
1305031455.127695 0.7320026755332947 0.42437291145324707 -0.5329914093017578 -0.28560736775398254 -0.46923965215682983 0.8812173008918762 0.05718664079904556 0.32719939947128296 0.49394968152046204 0.20824000239372253 0.8441858291625977 -0.28764018416404724
1305031455.15972 0.7407122254371643 0.4212338328361511 -0.5233615040779114 -0.2959323823451996 -0.46317628026008606 0.8844731450080872 0.05634654313325882 0.33451148867607117 0.4866342842578888 0.20067209005355835 0.8502457141876221 -0.293168842792511
1305031455.191655 0.7548714280128479 0.4094560742378235 -0.5123619437217712 -0.30974364280700684 -0.45033392310142517 0.8915160894393921 0.04897408187389374 0.35371848940849304 0.47683170437812805 0.1937648504972458 0.8573718667030334 -0.29913240671157837
1305031455.227581 0.7636750340461731 0.4000406265258789 -0.5067227482795715 -0.3186366856098175 -0.43918222188949585 0.8971979022026062 0.04642191529273987 0.35959547758102417 0.473201185464859 0.1870923489332199 0.8608582615852356 -0.30309250950813293
1305031455.259631 0.7738940715789795 0.3896612524986267 -0.4992513656616211 -0.325126975774765 -0.42675966024398804 0.903317928314209 0.04350755363702774 0.3734249770641327 0.4679359197616577 0.17939013242721558 0.8653640747070312 -0.3055660128593445
1305031455.291831 0.7895313501358032 0.37887299060821533 -0.4827997386455536 -0.3392726182937622 -0.40648317337036133 0.9122264385223389 0.05113235488533974 0.379080593585968 0.4597952663898468 0.155879408121109 0.8742367029190063 -0.3119693100452423
1305031455.327766 0.8022128939628601 0.3627399802207947 -0.4742092192173004 -0.35190993547439575 -0.38417893648147583 0.9216150641441345 0.055067114531993866 0.3878733813762665 0.4570132791996002 0.13800564408302307 0.8786883354187012 -0.32012978196144104
1305031455.35963 0.8080379366874695 0.3543526530265808 -0.47064730525016785 -0.3572380542755127 -0.3685559332370758 0.9273015856742859 0.06540913879871368 0.3987317383289337 0.45960983633995056 0.12060679495334625 0.8798934817314148 -0.3214501738548279
1305031455.391665 0.8215041160583496 0.3472274839878082 -0.4522876739501953 -0.3706173896789551 -0.34999626874923706 0.9332625865936279 0.08076955378055573 0.39922234416007996 0.4501485228538513 0.09194648265838623 0.888207197189331 -0.3246595859527588
1305031455.427642 0.8370216488838196 0.33381080627441406 -0.4335494637489319 -0.38615310192108154 -0.3298230767250061 0.9400248527526855 0.08700616657733917 0.40371039509773254 0.43659085035324097 0.07016856968402863 0.8969196081161499 -0.3350813686847687
1305031455.459589 0.8466259837150574 0.3208938539028168 -0.424560546875 -0.39971479773521423 -0.31090283393859863 0.9457013607025146 0.09480714052915573 0.4014647603034973 0.43193042278289795 0.051730893552303314 0.9004220962524414 -0.3428615927696228
1305031455.491637 0.8577682375907898 0.301900714635849 -0.4160403609275818 -0.4127853512763977 -0.2885975241661072 0.9526010155677795 0.0962434709072113 0.40751880407333374 0.42537641525268555 0.03751362860202789 0.9042386412620544 -0.3507648706436157
1305031455.52761 0.8698601126670837 0.2804199457168579 -0.4058423340320587 -0.4319455027580261 -0.2631109058856964 0.959657609462738 0.09914559125900269 0.4071865379810333 0.41727203130722046 0.02053876221179962 0.908549427986145 -0.3590255379676819
1305031455.559669 0.8785746097564697 0.2575744688510895 -0.40219661593437195 -0.45088502764701843 -0.23901644349098206 0.9661933779716492 0.09665180742740631 0.4106139540672302 0.41349470615386963 0.011215753853321075 0.9104374051094055 -0.3731246590614319
1305031455.591645 0.8858619332313538 0.23078182339668274 -0.4024777412414551 -0.4664137661457062 -0.21000483632087708 0.9730055332183838 0.09569889307022095 0.4142703115940094 0.4136985242366791 -0.00025373324751853943 0.9104138612747192 -0.3851224184036255
1305031455.627617 0.8946714401245117 0.2082146853208542 -0.3952334225177765 -0.48851752281188965 -0.18516361713409424 0.9779996871948242 0.09607815742492676 0.4165077805519104 0.4065430462360382 -0.012775544077157974 0.9135422706604004 -0.3879302144050598
1305031455.659615 0.8995375037193298 0.19696952402591705 -0.38991713523864746 -0.5059289336204529 -0.17581035196781158 0.9803352355957031 0.08962975442409515 0.41291728615760803 0.3999038338661194 -0.012073855847120285 0.9164775609970093 -0.40003812313079834
1305031455.691605 0.9020068049430847 0.19628125429153442 -0.38452228903770447 -0.5232173204421997 -0.17834597826004028 0.9805320501327515 0.0821559876203537 0.4135728180408478 0.3931620717048645 -0.005527258850634098 0.9194525480270386 -0.4118865728378296
1305031455.727628 0.9038447737693787 0.20629632472991943 -0.37484195828437805 -0.5411527752876282 -0.19055119156837463 0.9784896373748779 0.07904697954654694 0.4121244549751282 0.38308602571487427 -1.9623897969722748e-05 0.9237126708030701 -0.4238361716270447
1305031455.759683 0.9072969555854797 0.2119390368461609 -0.36317241191864014 -0.5559175610542297 -0.19719001650810242 0.9772822260856628 0.0776885524392128 0.409328430891037 0.371387243270874 0.0011273929849267006 0.92847740650177 -0.4359748065471649
1305031455.791666 0.912665843963623 0.21026548743247986 -0.3504704236984253 -0.5742002725601196 -0.1957298368215561 0.9776430130004883 0.07683578878641129 0.3992493748664856 0.35879087448120117 -0.0015278775244951248 0.9334166646003723 -0.4488484859466553
1305031455.82759 0.9161809682846069 0.2079388052225113 -0.34259867668151855 -0.590773344039917 -0.19665320217609406 0.9781275987625122 0.0677783191204071 0.4001089632511139 0.34919896721839905 0.005275926552712917 0.9370337724685669 -0.4637449383735657
1305031455.859526 0.9173529148101807 0.2112952619791031 -0.33736902475357056 -0.6044264435768127 -0.19984860718250275 0.9774125814437866 0.06874044239521027 0.3950543999671936 0.34427326917648315 0.004363482818007469 0.9388592839241028 -0.47600555419921875
1305031455.891657 0.9199767708778381 0.2115762084722519 -0.32996711134910583 -0.6180670261383057 -0.20023603737354279 0.9773564338684082 0.06840959191322327 0.39136773347854614 0.33696937561035156 0.003136061131954193 0.9415103793144226 -0.4873010814189911
1305031455.927955 0.9229066371917725 0.2138490229845047 -0.3201747536659241 -0.6320494413375854 -0.20070131123065948 0.9768586158752441 0.07393360882997513 0.3815467953681946 0.32857614755630493 -0.003974311985075474 0.944469153881073 -0.49805188179016113
1305031455.959716 0.9244275689125061 0.21795068681240082 -0.31293976306915283 -0.6425747871398926 -0.20714570581912994 0.9759573936462402 0.06780664622783661 0.3851968050003052 0.32019442319869995 0.002141804900020361 0.9473494291305542 -0.5088332891464233
1305031455.991694 0.9267427325248718 0.22307297587394714 -0.30230164527893066 -0.6528428196907043 -0.21142472326755524 0.9747995734214783 0.07117094099521637 0.38272830843925476 0.31055980920791626 -0.002043113112449646 0.9505515694618225 -0.5185025930404663
1305031456.02777 0.9291204214096069 0.23285938799381256 -0.28724899888038635 -0.6639341711997986 -0.2214174121618271 0.9725042581558228 0.07217903435230255 0.39309558272361755 0.29615840315818787 -0.0034610836300998926 0.9551325440406799 -0.5272071361541748
1305031456.059713 0.9294279217720032 0.2525559365749359 -0.26903417706489563 -0.6811522841453552 -0.23558060824871063 0.9672808051109314 0.09417882561683655 0.3842427134513855 0.2840169668197632 -0.0241532064974308 0.958514928817749 -0.5342223048210144
1305031456.091707 0.9302857518196106 0.26449674367904663 -0.2541845738887787 -0.6970458030700684 -0.24418438971042633 0.9635845422744751 0.10899030417203903 0.3726552724838257 0.27375590801239014 -0.039324235171079636 0.9609949588775635 -0.5404293537139893
1305031456.127645 0.932592511177063 0.26716965436935425 -0.24267572164535522 -0.7108479142189026 -0.2467634379863739 0.9626398682594299 0.11150011420249939 0.36629414558410645 0.26339882612228394 -0.044100694358348846 0.9636784195899963 -0.5452843904495239
1305031456.159731 0.9346498847007751 0.2686823010444641 -0.23289358615875244 -0.7182611227035522 -0.24719515442848206 0.9618074893951416 0.11756311357021332 0.351773202419281 0.2555859088897705 -0.05231018736958504 0.9653701186180115 -0.5475024580955505
1305031456.191658 0.9395855069160461 0.26201921701431274 -0.22028398513793945 -0.7272868752479553 -0.24410471320152283 0.9639986753463745 0.1054496318101883 0.34452152252197266 0.23998324573040009 -0.04530659317970276 0.9697191715240479 -0.5487378239631653
1305031456.227678 0.9453273415565491 0.2537277340888977 -0.20488658547401428 -0.7323459982872009 -0.2400025725364685 0.9666197896003723 0.08969458937644958 0.3530011773109436 0.22080539166927338 -0.035617440938949585 0.9746673107147217 -0.5515918731689453
1305031456.291675 0.9579952359199524 0.24186795949935913 -0.154093936085701 -0.7637752294540405 -0.23062996566295624 0.9691154360771179 0.08732086420059204 0.3319859802722931 0.1704549789428711 -0.04811432212591171 0.9841901063919067 -0.5490987300872803
1305031456.327718 0.9642869234085083 0.2279583364725113 -0.13485410809516907 -0.7746717929840088 -0.21905162930488586 0.9726098775863647 0.07775735855102539 0.3241364657878876 0.14888590574264526 -0.04544040560722351 0.9878098368644714 -0.5469211339950562
1305031456.391619 0.9741204380989075 0.20918995141983032 -0.08560793846845627 -0.7986657619476318 -0.20414838194847107 0.9768441915512085 0.06402251124382019 0.31542885303497314 0.09701846539974213 -0.0448889322578907 0.994269847869873 -0.5405444502830505
1305031456.427662 0.9793589115142822 0.1940123438835144 -0.056703828275203705 -0.8232865333557129 -0.19218748807907104 0.9806944131851196 0.0360875278711319 0.3290213644504547 0.06261056661605835 -0.02444489113986492 0.9977386593818665 -0.5377219915390015
1305031456.491677 0.9850842952728271 0.16856597363948822 -0.03455870598554611 -0.8622919917106628 -0.1672723889350891 0.9851996898651123 0.037435732781887054 0.34555238485336304 0.04035760462284088 -0.031096654012799263 0.998701274394989 -0.5243896245956421
1305031456.527641 0.9869192242622375 0.15663576126098633 -0.038152940571308136 -0.8715344667434692 -0.15458184480667114 0.9866165518760681 0.051886435598134995 0.3430529534816742 0.0457695871591568 -0.045309968292713165 0.9979239702224731 -0.5138022303581238
1305031456.591651 0.9903975129127502 0.13427545130252838 -0.03290775045752525 -0.8874966502189636 -0.13256120681762695 0.9899290204048157 0.04967903718352318 0.3510594666004181 0.03924700990319252 -0.044839709997177124 0.9982228875160217 -0.49565476179122925
1305031456.627612 0.9921395182609558 0.12300006300210953 -0.02302665077149868 -0.894416093826294 -0.12126508355140686 0.9904437065124512 0.06569579243659973 0.3655793070793152 0.030887192115187645 -0.06238706409931183 0.997573971748352 -0.48815250396728516
1305031456.691612 0.9961351752281189 0.08764629065990448 0.005734946578741074 -0.9311472177505493 -0.08778394758701324 0.9912489056587219 0.09858708083629608 0.34403425455093384 0.002956036478281021 -0.09870949387550354 0.995111882686615 -0.45969849824905396
1305031456.727693 0.997689962387085 0.06679954379796982 0.012351255863904953 -0.949055016040802 -0.06769531965255737 0.992803156375885 0.09878776967525482 0.3610345423221588 -0.005663391202688217 -0.09939567744731903 0.9950318932533264 -0.45193079113960266
1305031456.791649 0.9992715120315552 0.037855226546525955 -0.004845807328820229 -0.981306791305542 -0.03707185015082359 0.9929757118225098 0.11236011236906052 0.3472421169281006 0.009065184742212296 -0.11209860444068909 0.9936557412147522 -0.4319450855255127
1305031456.827603 0.9996100664138794 0.023900369182229042 -0.01444004662334919 -0.9857096076011658 -0.022229382768273354 0.9940646290779114 0.1064954623579979 0.3652215301990509 0.01689962111413479 -0.10613294690847397 0.9942083358764648 -0.4223899841308594
1305031456.891672 0.9999615550041199 0.0017746661324054003 -0.008594282902777195 -1.003907322883606 -0.0006348444730974734 0.9914015531539917 0.13085311651229858 0.355964332818985 0.008752604946494102 -0.13084262609481812 0.9913645386695862 -0.39777782559394836
1305031456.92769 0.9999331831932068 -0.011221088469028473 0.002774704247713089 -1.014836311340332 0.01081903837621212 0.9930614233016968 0.11709781736135483 0.36417797207832336 -0.004069413989782333 -0.11705996841192245 0.9931164979934692 -0.39008235931396484
1305031456.959667 0.9995842576026917 -0.023520151153206825 0.016682347282767296 -1.0288465023040771 0.02148962952196598 0.9933728575706482 0.11290902644395828 0.3803294003009796 -0.01922743022441864 -0.11250356584787369 0.99346524477005 -0.38536742329597473
1305031456.991709 0.9991923570632935 -0.02690449170768261 0.029849007725715637 -1.044530987739563 0.022717174142599106 0.9908968210220337 0.1326928287744522 0.37578558921813965 -0.03314732015132904 -0.13190756738185883 0.9907076358795166 -0.3747059404850006
1305031457.027648 0.9985478520393372 -0.03667882829904556 0.03945736959576607 -1.0567281246185303 0.031017644330859184 0.9902803897857666 0.13558229804039001 0.37697505950927734 -0.04404686018824577 -0.13416153192520142 0.9899800419807434 -0.36877065896987915
1305031457.091655 0.9964867830276489 -0.0600011870265007 0.058429546654224396 -1.0787416696548462 0.05004619434475899 0.9860067963600159 0.15901553630828857 0.38276445865631104 -0.06715305149555206 -0.15553267300128937 0.9855455756187439 -0.36418023705482483
1305031457.127632 0.9950478076934814 -0.07000350952148438 0.07056378573179245 -1.089888572692871 0.05703376606106758 0.9835368394851685 0.17147165536880493 0.372525691986084 -0.08140569925308228 -0.16659796237945557 0.9826588034629822 -0.3615604639053345
1305031457.191735 0.9899556636810303 -0.09805208444595337 0.10185116529464722 -1.118130087852478 0.08050212264060974 0.9831633567810059 0.16404028236865997 0.37767913937568665 -0.11622082442045212 -0.15419335663318634 0.9811815619468689 -0.36870133876800537
1305031457.227543 0.9869298934936523 -0.11231716722249985 0.115561343729496 -1.1327605247497559 0.09076062589883804 0.9799585342407227 0.17732396721839905 0.3707193434238434 -0.13316184282302856 -0.16451787948608398 0.9773443341255188 -0.37207314372062683
1305031457.291656 0.9796736240386963 -0.136199489235878 0.14727281033992767 -1.1594828367233276 0.11187876015901566 0.9803588390350342 0.16241785883903503 0.36127132177352905 -0.16650140285491943 -0.14263974130153656 0.9756696224212646 -0.38219892978668213
1305031457.327548 0.9747187495231628 -0.14598490297794342 0.16915009915828705 -1.176175594329834 0.12004024535417557 0.9806533455848694 0.1546264886856079 0.36600884795188904 -0.18845072388648987 -0.1304125040769577 0.9733852744102478 -0.3912138342857361
1305031457.391684 0.9606214761734009 -0.17433704435825348 0.21636271476745605 -1.209458827972412 0.14202505350112915 0.9773434996604919 0.15693481266498566 0.34874963760375977 -0.23882021009922028 -0.12002606689929962 0.9636175036430359 -0.4043932259082794
1305031457.427641 0.9530335664749146 -0.18785281479358673 0.23756751418113708 -1.2340083122253418 0.1555112898349762 0.9766241908073425 0.14839617908000946 0.35166507959365845 -0.2598908245563507 -0.10448209196329117 0.9599689245223999 -0.4124267101287842
1305031457.491705 0.9471743702888489 -0.2083873301744461 0.24379396438598633 -1.2591769695281982 0.17421311140060425 0.9725217819213867 0.1544380933046341 0.333255797624588 -0.2692778706550598 -0.10380768775939941 0.9574514627456665 -0.427015095949173
1305031457.527638 0.9436315298080444 -0.21248573064804077 0.2537897229194641 -1.2754884958267212 0.17855840921401978 0.9723931550979614 0.15022799372673035 0.32478728890419006 -0.2787047028541565 -0.09644358605146408 0.9555220603942871 -0.4355241358280182
1305031457.559685 0.9393026232719421 -0.21902410686016083 0.2640814483165741 -1.2904155254364014 0.1864793598651886 0.9720126986503601 0.14288650453090668 0.32161104679107666 -0.287986159324646 -0.08496790379285812 0.9538576602935791 -0.44510558247566223
1305031457.591678 0.9346876740455627 -0.22422441840171814 0.27583014965057373 -1.3111416101455688 0.19290053844451904 0.9717134833335876 0.13624362647533417 0.32064446806907654 -0.29857704043388367 -0.07413745671510696 0.9515016078948975 -0.45336589217185974
1305031457.627526 0.9321913123130798 -0.23084692656993866 0.2787993550300598 -1.3241509199142456 0.19852480292320251 0.9701206684112549 0.13947761058807373 0.30932915210723877 -0.3026669919490814 -0.07467121630907059 0.9501668214797974 -0.45761606097221375
1305031457.659632 0.9285174608230591 -0.23735961318016052 0.28550973534584045 -1.3425171375274658 0.2077575922012329 0.9694618582725525 0.1303092986345291 0.3127787113189697 -0.30772101879119873 -0.061677634716033936 0.9494754672050476 -0.4664939343929291
1305031457.69157 0.9266443252563477 -0.24379870295524597 0.2861684560775757 -1.3580892086029053 0.2104024738073349 0.9671513438224792 0.14265015721321106 0.3050050735473633 -0.3115461468696594 -0.07197540998458862 0.9475012421607971 -0.4708412289619446
1305031457.727669 0.9256341457366943 -0.24434104561805725 0.28896188735961914 -1.3703778982162476 0.20780742168426514 0.9663702845573425 0.15147438645362854 0.28672486543655396 -0.3162556290626526 -0.0801614448428154 0.9452812075614929 -0.47220540046691895
1305031457.759556 0.9252890944480896 -0.24056391417980194 0.29320478439331055 -1.3828167915344238 0.2045675665140152 0.9675569534301758 0.1482757180929184 0.27432847023010254 -0.319362074136734 -0.0772177204489708 0.9444815516471863 -0.47778618335723877
1305031457.791567 0.9238743185997009 -0.23598343133926392 0.3012774586677551 -1.3902168273925781 0.20257550477981567 0.9694713354110718 0.13816125690937042 0.25662750005722046 -0.3246835768222809 -0.06661219894886017 0.9434740543365479 -0.4819643497467041
1305031457.827699 0.9182243347167969 -0.23261480033397675 0.32055360078811646 -1.4069414138793945 0.20570844411849976 0.9717262387275696 0.11589772254228592 0.25993606448173523 -0.3384498655796051 -0.040479518473148346 0.940113365650177 -0.4918577969074249
1305031457.859623 0.9124601483345032 -0.2331496626138687 0.33624067902565 -1.420066237449646 0.20567935705184937 0.9717599749565125 0.11566518992185593 0.24827775359153748 -0.3537124693393707 -0.03638210892677307 0.9346463680267334 -0.4947667717933655
1305031457.891593 0.9056129455566406 -0.23161228001117706 0.3552762269973755 -1.436830997467041 0.20577819645404816 0.9724608063697815 0.10943174362182617 0.2260751575231552 -0.37083789706230164 -0.025994695723056793 0.9283337593078613 -0.4911593198776245
1305031457.927633 0.8990715146064758 -0.23466289043426514 0.36959946155548096 -1.457507848739624 0.21875399351119995 0.9720669388771057 0.08504492044448853 0.22237759828567505 -0.3792321979999542 0.004389867186546326 0.925291121006012 -0.4961663484573364
1305031457.991644 0.894388735294342 -0.23717942833900452 0.37922921776771545 -1.4850399494171143 0.22914226353168488 0.9710894823074341 0.06692586839199066 0.2051406055688858 -0.38413891196250916 0.02703968808054924 0.9228793382644653 -0.49166470766067505
1305031458.027845 0.8907485604286194 -0.2336590737104416 0.38983386754989624 -1.4974340200424194 0.23087359964847565 0.9714431166648865 0.05473160371184349 0.19054800271987915 -0.39149004220962524 0.04125024378299713 0.9192572832107544 -0.48504042625427246
1305031458.059689 0.8858504295349121 -0.2331831306219101 0.40111684799194336 -1.5124194622039795 0.24015314877033234 0.9701527953147888 0.033614952117204666 0.19983023405075073 -0.3969830572605133 0.06655164808034897 0.9154098629951477 -0.4855823516845703
1305031458.09169 0.8808147311210632 -0.23395395278930664 0.41161999106407166 -1.5290278196334839 0.24254755675792694 0.9696090221405029 0.03207920864224434 0.20173153281211853 -0.40661555528640747 0.07158157974481583 0.9107908010482788 -0.4767301678657532
1305031458.127605 0.875079870223999 -0.23553724586963654 0.4227970242500305 -1.5465604066848755 0.24151957035064697 0.9695606231689453 0.040252819657325745 0.18841177225112915 -0.4194084405899048 0.06688933074474335 0.9053298830986023 -0.4622405171394348
1305031458.159638 0.8701320886611938 -0.23804298043251038 0.4315156042575836 -1.5643569231033325 0.2447793185710907 0.9687199592590332 0.04080181568861008 0.17784416675567627 -0.4277303218841553 0.07012312114238739 0.9011822938919067 -0.4481613039970398
1305031458.191646 0.8665943741798401 -0.24685190618038177 0.43368014693260193 -1.5821704864501953 0.2548143267631531 0.9661312103271484 0.04074591025710106 0.17835812270641327 -0.42905014753341675 0.0751977413892746 0.9001450538635254 -0.4357145428657532
1305031458.227611 0.8654465079307556 -0.2503834366798401 0.43394753336906433 -1.6035566329956055 0.251679927110672 0.9662145376205444 0.05555655434727669 0.17237496376037598 -0.43319687247276306 0.06113464757800102 0.8992235660552979 -0.41508162021636963
1305031458.259934 0.8679171800613403 -0.2502591907978058 0.42905718088150024 -1.613830804824829 0.24367626011371613 0.9672361612319946 0.07124672830104828 0.1381722092628479 -0.43282976746559143 0.04271480068564415 0.9004631042480469 -0.39909857511520386
1305031458.291664 0.8692909479141235 -0.24461038410663605 0.42953330278396606 -1.6338608264923096 0.24822035431861877 0.9674830436706543 0.04861246049404144 0.13897180557250977 -0.4274572730064392 0.06436052918434143 0.9017416834831238 -0.3822990655899048
1305031458.327628 0.8729664087295532 -0.24938461184501648 0.4192099869251251 -1.6431010961532593 0.2546283006668091 0.9660175442695618 0.04443585127592087 0.13492977619171143 -0.41604581475257874 0.06795171648263931 0.906801164150238 -0.36702919006347656
1305031458.35959 0.8745785355567932 -0.2492443174123764 0.4159201383590698 -1.6534490585327148 0.2582537531852722 0.9654247760772705 0.03549580276012421 0.11367340385913849 -0.41038674116134644 0.07636907696723938 0.9087081551551819 -0.35165321826934814
1305031458.391626 0.8747244477272034 -0.24902737140655518 0.41574326157569885 -1.6624114513397217 0.26966404914855957 0.9629085063934326 0.009401977062225342 0.11691466718912125 -0.4026641249656677 0.10388688743114471 0.9094333648681641 -0.33223801851272583
1305031458.427598 0.8714744448661804 -0.25965404510498047 0.41606730222702026 -1.6624479293823242 0.2877747118473053 0.9576845169067383 -0.005099385976791382 0.11737261712551117 -0.3971371352672577 0.12417761981487274 0.9093194603919983 -0.3151863217353821
1305031458.459637 0.8649306297302246 -0.26575613021850586 0.4257565438747406 -1.657438039779663 0.3033865690231323 0.9526201486587524 -0.02171110361814499 0.1086156889796257 -0.3998144865036011 0.14794740080833435 0.9045772552490234 -0.2990555167198181
1305031458.491696 0.8566206097602844 -0.2520168125629425 0.45020946860313416 -1.658828616142273 0.3084131181240082 0.9496477246284485 -0.05523160099983215 0.10059836506843567 -0.413621187210083 0.1861630380153656 0.8912131786346436 -0.2835967540740967
1305031458.527737 0.8477628827095032 -0.2295209765434265 0.47814038395881653 -1.6738770008087158 0.3099205493927002 0.9459627270698547 -0.09541308879852295 0.11864770203828812 -0.4304037094116211 0.22907322645187378 0.8730854392051697 -0.26391565799713135
1305031458.559628 0.841149628162384 -0.21889838576316833 0.49452078342437744 -1.6746195554733276 0.31083446741104126 0.9439765214920044 -0.11086151748895645 0.1252930760383606 -0.44254860281944275 0.2469651997089386 0.8620666265487671 -0.24419742822647095
1305031458.591641 0.835949718952179 -0.1987006962299347 0.5115722417831421 -1.686292052268982 0.3020874857902527 0.9448293447494507 -0.12665210664272308 0.1221560686826706 -0.4581826329231262 0.26041436195373535 0.8498547673225403 -0.2182002067565918
1305031458.627659 0.8365412950515747 -0.1848457157611847 0.515781581401825 -1.6988580226898193 0.2974565327167511 0.943781316280365 -0.14420974254608154 0.15209078788757324 -0.4601284861564636 0.2740600109100342 0.8444957137107849 -0.1924470067024231
1305031458.659623 0.8371522426605225 -0.19030937552452087 0.5127947330474854 -1.7136831283569336 0.29670804738998413 0.9455975890159607 -0.13345232605934143 0.15415848791599274 -0.45950037240982056 0.2638702392578125 0.8480755090713501 -0.16407650709152222
1305031458.691674 0.8539325594902039 -0.17786718904972076 0.48904237151145935 -1.7232540845870972 0.2729044258594513 0.9532405734062195 -0.12982867658138275 0.1560293436050415 -0.4430827796459198 0.24432674050331116 0.8625439405441284 -0.1466432809829712
1305031458.72765 0.8718502521514893 -0.1675170361995697 0.46023374795913696 -1.7126903533935547 0.25278887152671814 0.9587613344192505 -0.12990176677703857 0.148008793592453 -0.41949352622032166 0.2295968383550644 0.8782427310943604 -0.12737011909484863
1305031458.759945 0.8894369006156921 -0.14392727613449097 0.4338051974773407 -1.7160615921020508 0.22961710393428802 0.9613659977912903 -0.1518264263868332 0.15576624870300293 -0.39519360661506653 0.23464909195899963 0.8881226181983948 -0.1063341498374939
1305031458.791632 0.9079623222351074 -0.13142457604408264 0.397909551858902 -1.7024542093276978 0.21111077070236206 0.9637044668197632 -0.16341954469680786 0.17205460369586945 -0.3619897961616516 0.23238177597522736 0.9027525186538696 -0.09208083152770996
1305031458.827564 0.9147634506225586 -0.13382725417613983 0.3811798393726349 -1.6973490715026855 0.20631623268127441 0.9659727215766907 -0.15598177909851074 0.17335763573646545 -0.34733471274375916 0.22133001685142517 0.9112473130226135 -0.07732212543487549
1305031458.891665 0.9226006865501404 -0.1183961033821106 0.3671380281448364 -1.6849157810211182 0.19056743383407593 0.9673783183097839 -0.16692306101322174 0.16377048194408417 -0.3353983759880066 0.22396788001060486 0.9150663018226624 -0.06745070219039917
1305031458.927621 0.916595995426178 -0.1253635138273239 0.3796522319316864 -1.6884112358093262 0.20225469768047333 0.9644965529441833 -0.1698215901851654 0.17579996585845947 -0.34488382935523987 0.23244430124759674 0.9094090461730957 -0.053666770458221436
1305031458.959617 0.9066686630249023 -0.15528623759746552 0.39222222566604614 -1.6926275491714478 0.22874900698661804 0.9621948599815369 -0.14783433079719543 0.16649115085601807 -0.35443753004074097 0.22375720739364624 0.9079134464263916 -0.04265695810317993
1305031458.991647 0.8987230062484741 -0.15932050347328186 0.4085511565208435 -1.7071423530578613 0.23258672654628754 0.963005542755127 -0.13610172271728516 0.13446322083473206 -0.3717532753944397 0.2173413336277008 0.9025310277938843 -0.02742522954940796
