1403636579.7635555 1.0 0.0 0.0 0.0 0.0 1.0 0.0 0.0 0.0 0.0 1.0 0.0
1403636579.8135555 0.9999850988388062 0.001087073003873229 0.005345121491700411 0.0002897239464800805 -0.0010722101433202624 0.9999955296516418 -0.002782706171274185 0.01470780186355114 -0.005348121747374535 0.0027769342996180058 0.9999818205833435 0.006239074748009443
1403636579.8635557 0.99993896484375 0.005107356701046228 0.009810692630708218 0.0004690245259553194 -0.005121279042214155 0.999985933303833 0.0013944263337180018 0.03376450762152672 -0.009803433902561665 -0.0014445841079577804 0.9999508857727051 0.013218252919614315
1403636579.9135554 0.999919056892395 0.005647575482726097 0.011400530114769936 0.0006608308758586645 -0.0057791005820035934 0.999916672706604 0.011537031270563602 0.055838294327259064 -0.011334424838423729 -0.01160198263823986 0.9998684525489807 0.0198128130286932
1403636579.9635556 0.999919056892395 0.005468729883432388 0.011483335867524147 -9.403435979038477e-05 -0.00574304535984993 0.9996956586837769 0.023992661386728287 0.07994198799133301 -0.011348632164299488 -0.02405666746199131 0.9996462464332581 0.026728777214884758
1403636580.0135555 0.9999350905418396 0.0019198020454496145 0.011228364892303944 -0.0010218105744570494 -0.0023029414005577564 0.9994120001792908 0.034209683537483215 0.10501041263341904 -0.011156084947288036 -0.03423331305384636 0.9993516206741333 0.03354110196232796
1403636580.0635555 0.9999306797981262 0.00040464772609993815 0.011761265806853771 -0.0018420808482915163 -0.0008897444931790233 0.9991475939750671 0.04126939922571182 0.13140274584293365 -0.011734542436897755 -0.041276998817920685 0.9990788102149963 0.04084154963493347
1403636580.1135554 0.9999318718910217 -0.004172387067228556 0.010895972140133381 -0.0024523185566067696 0.0036644856445491314 0.9989242553710938 0.04622470214962959 0.15663093328475952 -0.011077117174863815 -0.04618162661790848 0.9988715648651123 0.04859628528356552
1403636580.1635556 0.9999253153800964 -0.0065330094657838345 0.010334039106965065 -0.0032889735884964466 0.00601050304248929 0.9987406730651855 0.04980901628732681 0.18153047561645508 -0.010646424256265163 -0.0497431643307209 0.9987053275108337 0.05472617596387863
1403636580.2135556 0.9999321699142456 -0.007154079154133797 0.009191771037876606 -0.003526986576616764 0.006644865497946739 0.998503565788269 0.054283078759908676 0.20449776947498322 -0.009566357359290123 -0.05421832203865051 0.9984831809997559 0.06082770973443985
1403636580.2635555 0.9999447464942932 -0.005410606507211924 0.009010538458824158 -0.004124163184314966 0.0048643602058291435 0.9982117414474487 0.05957895889878273 0.22572481632232666 -0.009316781535744667 -0.05953184515237808 0.9981828331947327 0.06580326706171036
1403636580.3135555 0.9999549388885498 -0.000598602113313973 0.009480212815105915 -0.004848395008593798 -4.185440775472671e-05 0.9977250695228577 0.06741341948509216 0.24565422534942627 -0.009498996660113335 -0.06741077452898026 0.9976800680160522 0.06973429769277573
1403636580.3635557 0.9999722838401794 0.0005581125151365995 0.007442744914442301 -0.005733783356845379 -0.0011407359270378947 0.9969127774238586 0.07850802689790726 0.2636805474758148 -0.007375951856374741 -0.07851434499025345 0.9968855977058411 0.07271818816661835
1403636580.4135554 0.9999569058418274 0.0043638343922793865 0.008193216286599636 -0.007117521017789841 -0.0051102605648338795 0.9956144094467163 0.09341180324554443 0.2799539268016815 -0.007749651558697224 -0.0934496521949768 0.9955939650535583 0.0743573009967804
1403636580.4635556 0.9999721050262451 0.0035221397411078215 0.006583981681615114 -0.00781288929283619 -0.004228980280458927 0.9938527941703796 0.11062813550233841 0.2921677529811859 -0.0061538610607385635 -0.11065288633108139 0.9938400387763977 0.07558175921440125
1403636580.5135555 0.999979555606842 0.0028426065109670162 0.005722555331885815 -0.0083259092643857 -0.0035485336557030678 0.991845428943634 0.12739670276641846 0.2988721430301666 -0.005313752684742212 -0.12741437554359436 0.991835355758667 0.07649816572666168
1403636580.5635555 0.999990701675415 0.00148490141145885 0.0040557244792580605 -0.009613152593374252 -0.0020417822524905205 0.9900132417678833 0.14095932245254517 0.2973148226737976 -0.0038059097714722157 -0.1409662961959839 0.9900070428848267 0.07486971467733383
1403636580.6135554 0.9999997615814209 0.00022595627524424344 0.0006666793487966061 -0.009900521486997604 -0.0003208036068826914 0.9892997741699219 0.1458960920572281 0.2869626581668854 -0.0006265793927013874 -0.14589627087116241 0.9892997145652771 0.07091489434242249
1403636580.6635556 0.9999976754188538 0.0020881504751741886 0.0006980350590310991 -0.011167294345796108 -0.002166836755350232 0.9896003007888794 0.14382798969745636 0.269074022769928 -0.00039044165168888867 -0.14382916688919067 0.9896023869514465 0.06582504510879517
1403636580.7135556 0.9999799132347107 0.005208122078329325 0.0036112014204263687 -0.012010746635496616 -0.005649876780807972 0.9907404780387878 0.135651633143425 0.2442898005247116 -0.0028712735511362553 -0.13566932082176208 0.9907500147819519 0.059987276792526245
1403636580.7635555 0.9998809099197388 0.012532956898212433 0.00900228414684534 -0.012667383067309856 -0.01356201060116291 0.9920365810394287 0.12521766126155853 0.21303550899028778 -0.007361249066889286 -0.12532483041286469 0.9920884966850281 0.052800633013248444
1403636580.8135555 0.9997255206108093 0.01724991574883461 0.015858396887779236 -0.01202334463596344 -0.018925590440630913 0.9934793710708618 0.11243005096912384 0.17837941646575928 -0.013815575279295444 -0.11269931495189667 0.9935330748558044 0.047960713505744934
1403636580.8635557 0.9993708729743958 0.024090560153126717 0.026033109053969383 -0.01252069417387247 -0.026527170091867447 0.9948612451553345 0.09771072119474411 0.1395544558763504 -0.023545417934656143 -0.09833980351686478 0.9948743581771851 0.03956908360123634
1403636580.9135554 0.9988386034965515 0.03130370005965233 0.03662491217255592 -0.01265849731862545 -0.03423647955060005 0.9960110783576965 0.0824001282453537 0.10088744014501572 -0.03389938175678253 -0.0835583508014679 0.9959260821342468 0.03234068304300308
1403636580.9635556 0.9985211491584778 0.035775188356637955 0.04093378037214279 -0.013954760506749153 -0.03846210986375809 0.9970210790634155 0.06685476005077362 0.06195274740457535 -0.03842009976506233 -0.06833028793334961 0.9969226121902466 0.023504579439759254
1403636581.0135555 0.99838787317276 0.03881058469414711 0.041417695581912994 -0.015894444659352303 -0.04097079485654831 0.997772216796875 0.05264962464570999 0.026868144050240517 -0.03928205370903015 -0.054261669516563416 0.9977536797523499 0.016368763521313667
1403636581.0635555 0.9984886050224304 0.03811963275074959 0.03959164395928383 -0.017648687586188316 -0.03969024494290352 0.9984241127967834 0.039672281593084335 -0.007638020906597376 -0.03801695257425308 -0.0411837138235569 0.9984279870986938 0.007977649569511414
1403636581.1135554 0.9985427260398865 0.035940852016210556 0.04025787487626076 -0.018962955102324486 -0.03702346980571747 0.9989635944366455 0.02647729031741619 -0.038858938962221146 -0.039264533668756485 -0.027929194271564484 0.9988384246826172 0.001103082438930869
1403636581.1635556 0.9986943006515503 0.030498944222927094 0.04098057374358177 -0.019105175510048866 -0.030950307846069336 0.9994665384292603 0.010424958541989326 -0.06640855967998505 -0.040640756487846375 -0.011679712682962418 0.9991055130958557 -0.004350278060883284
1403636581.2135556 0.9987708330154419 0.02694360725581646 0.04160534217953682 -0.01900106854736805 -0.026749014854431152 0.9996285438537598 -0.005226946901530027 -0.09348633140325546 -0.04173072427511215 0.004107618238776922 0.9991203546524048 -0.011680474504828453
1403636581.2635555 0.9988834261894226 0.022503947839140892 0.04153864458203316 -0.018443193286657333 -0.021577805280685425 0.9995115399360657 -0.022611234337091446 -0.1165289357304573 -0.04202718660235405 0.02168966829776764 0.998880922794342 -0.018281899392604828
1403636581.3135555 0.9988698959350586 0.02437484636902809 0.04080586135387421 -0.01746901497244835 -0.022830231115221977 0.9990207552909851 -0.03790038824081421 -0.13123157620429993 -0.041689712554216385 0.036925941705703735 0.9984479546546936 -0.023707415908575058
1403636581.3635557 0.9988052248954773 0.02498266100883484 0.042002104222774506 -0.018047913908958435 -0.02294684760272503 0.9985706806182861 -0.04827205091714859 -0.1401279866695404 -0.04314803332090378 0.04725055769085884 0.9979506134986877 -0.028946200385689735
1403636581.4135554 0.99842768907547 0.031188679859042168 0.04657402262091637 -0.017508819699287415 -0.028806189075112343 0.9982841610908508 -0.050978340208530426 -0.138808012008667 -0.04808405786752701 0.04955657944083214 0.9976131319999695 -0.028283441439270973
1403636581.4635556 0.99812912940979 0.036901190876960754 0.04875052720308304 -0.015097517520189285 -0.03464651480317116 0.9983260631561279 -0.04631172865629196 -0.1297384798526764 -0.05037787929177284 0.044536057859659195 0.9977367520332336 -0.0274684876203537
1403636581.5135555 0.9978586435317993 0.041193872690200806 0.05080700293183327 -0.012895575724542141 -0.03938732296228409 0.9985731840133667 -0.036060553044080734 -0.11291241645812988 -0.05221998319029808 0.033982180058956146 0.9980571269989014 -0.024076512083411217
1403636581.5635555 0.9979357719421387 0.037437159568071365 0.052179738879203796 -0.011168358847498894 -0.03623426705598831 0.9990595579147339 -0.023811452090740204 -0.09012838453054428 -0.0530221052467823 0.02187160775065422 0.9983537197113037 -0.017018629238009453
1403636581.6135554 0.9981186389923096 0.03475664556026459 0.0505077987909317 -0.010119512677192688 -0.034255143254995346 0.999355137348175 -0.0107611995190382 -0.06317055970430374 -0.05084925889968872 0.009010807611048222 0.9986655712127686 -0.009438580833375454
1403636581.6635556 0.9983028769493103 0.030251311138272285 0.04976455494761467 -0.008496636524796486 -0.030284026637673378 0.9995412826538086 -9.663205128163099e-05 -0.03445538878440857 -0.04974466189742088 -0.001410597818903625 0.9987609386444092 -0.0015861274441704154
1403636581.7135556 0.9982661008834839 0.0332847535610199 0.048549409955739975 -0.006060068029910326 -0.03365446627140045 0.9994102120399475 0.006817533168941736 -0.002958572469651699 -0.04829386621713638 -0.008439612574875355 0.9987974762916565 0.0076261539943516254
1403636581.7635555 0.9984979033470154 0.029987631365656853 0.04585624113678932 -0.0031638755463063717 -0.030482681468129158 0.9994838833808899 0.01013463269919157 0.028907647356390953 -0.045528657734394073 -0.011517230421304703 0.9988966584205627 0.01607777178287506
1403636581.8135555 0.9987555742263794 0.02981199510395527 0.03998199850320816 -0.00205106008797884 -0.03035452961921692 0.9994542598724365 0.013031606562435627 0.061612434685230255 -0.03957168012857437 -0.014229023829102516 0.9991154074668884 0.023500626906752586
1403636581.8635557 0.9988709092140198 0.028831908479332924 0.03775586932897568 -0.0006690865848213434 -0.029523605480790138 0.9994038939476013 0.017892492935061455 0.0944916158914566 -0.03721748664975166 -0.018986977636814117 0.9991267919540405 0.030829140916466713
1403636581.9135554 0.9991229176521301 0.02400171011686325 0.034312520176172256 -9.017123375087976e-05 -0.02495054341852665 0.9993104934692383 0.027497366070747375 0.12743914127349854 -0.03362887725234032 -0.028329363092780113 0.9990326762199402 0.03834627941250801
1403636581.9635556 0.999017059803009 0.021413089707493782 0.03881314396858215 0.0003603601362556219 -0.02298746071755886 0.9989119172096252 0.04058112949132919 0.1596674770116806 -0.03790193423628807 -0.04143345355987549 0.9984220862388611 0.04602669179439545
1403636582.0135555 0.998929500579834 0.017659589648246765 0.042753927409648895 0.0005269236862659454 -0.020077284425497055 0.9981838464736938 0.05679665878415108 0.18885748088359833 -0.04167328029870987 -0.057594235986471176 0.9974698424339294 0.05325494706630707
1403636582.0635555 0.9987744092941284 0.01767577975988388 0.0462297722697258 0.0004448746331036091 -0.021072493866086006 0.9970318078994751 0.0740509033203125 0.21462616324424744 -0.04478365555405617 -0.07493431121110916 0.9961822628974915 0.0591665543615818
1403636582.1135554 0.9987791180610657 0.018962502479553223 0.04561349377036095 5.6928256526589394e-05 -0.023070843890309334 0.9955561757087708 0.09129852056503296 0.236288383603096 -0.043679554015398026 -0.0922393798828125 0.9947783350944519 0.06371981650590897
1403636582.1635556 0.9989697933197021 0.017426542937755585 0.041902266442775726 -0.0011932351626455784 -0.021800709888339043 0.9940940737724304 0.10631006956100464 0.2514461278915405 -0.0398021899163723 -0.1071140319108963 0.9934496283531189 0.06593924015760422
1403636582.2135556 0.9990875124931335 0.01865164004266262 0.03842439875006676 -0.0031481334008276463 -0.0230589397251606 0.9927868843078613 0.11765412241220474 0.26087549328804016 -0.035952791571617126 -0.11843278259038925 0.9923110008239746 0.0666256994009018
1403636582.2635555 0.9991639256477356 0.01862819492816925 0.036392152309417725 -0.004521615337580442 -0.023020749911665916 0.9919806122779846 0.12427671253681183 0.2608151435852051 -0.03378526493906975 -0.12501059472560883 0.9915799498558044 0.06636545807123184
1403636582.3135555 0.9992209672927856 0.01991698518395424 0.03407047316431999 -0.006267372518777847 -0.024076497182250023 0.9916879534721375 0.12639407813549042 0.25106531381607056 -0.03126988932490349 -0.1271159052848816 0.9913948774337769 0.0636577308177948
1403636582.3635557 0.9993105530738831 0.018703633919358253 0.032071005553007126 -0.008507522754371166 -0.0224650539457798 0.9923675060272217 0.12125232070684433 0.23318377137184143 -0.02955836057662964 -0.12188921868801117 0.9921034574508667 0.059512265026569366
1403636582.4135554 0.9993733763694763 0.01728835329413414 0.03088420070707798 -0.010239919647574425 -0.020550837740302086 0.9938673973083496 0.10865224897861481 0.20847491919994354 -0.02881639450788498 -0.10921885073184967 0.9935998320579529 0.053722646087408066
1403636582.4635556 0.9993797540664673 0.01685459166765213 0.030918242409825325 -0.012017430737614632 -0.01967490091919899 0.9954428672790527 0.09330806136131287 0.18054381012916565 -0.029204681515693665 -0.0938584953546524 0.9951569437980652 0.04715048521757126
1403636582.5135555 0.9991896152496338 0.021519048139452934 0.03401510789990425 -0.013556701131165028 -0.02420109510421753 0.9964597821235657 0.08051184564828873 0.15007977187633514 -0.03216215968132019 -0.08126978576183319 0.9961730241775513 0.03981707990169525
1403636582.5635555 0.9990553259849548 0.02217406965792179 0.03737427666783333 -0.014565298333764076 -0.02476515993475914 0.9972144961357117 0.07035493850708008 0.11774839460849762 -0.03571012616157532 -0.07121404260396957 0.9968214631080627 0.03264714032411575
1403636582.6135554 0.9987326860427856 0.02636660635471344 0.0428721159696579 -0.01432828325778246 -0.029081791639328003 0.9975265264511108 0.06399361044168472 0.0856688991189003 -0.04107876867055893 -0.06515929847955704 0.9970288276672363 0.024082235991954803
1403636582.6635556 0.9984626770019531 0.0269975233823061 0.04841016232967377 -0.014749657362699509 -0.02984127402305603 0.9978109002113342 0.05901598185300827 0.053571779280900955 -0.04671090096235275 -0.06036986783146858 0.997082531452179 0.016055334359407425
1403636582.7135556 0.9983648061752319 0.026153024286031723 0.05083005502820015 -0.014500807039439678 -0.02892029471695423 0.9980953931808472 0.0544913113117218 0.02147698402404785 -0.049308132380247116 -0.055872224271297455 0.9972196817398071 0.008234243839979172
1403636582.7635555 0.9982497692108154 0.022006338462233543 0.054890744388103485 -0.013153589330613613 -0.024640006944537163 0.9985542297363281 0.047774072736501694 -0.011026302352547646 -0.05376005917787552 -0.049042969942092896 0.9973488450050354 0.0009301669779233634
1403636582.8135555 0.9979782700538635 0.017455866560339928 0.06111175939440727 -0.011567105539143085 -0.019806846976280212 0.9990785121917725 0.03807808831334114 -0.04282335564494133 -0.06039075553417206 -0.03921152651309967 0.9974043965339661 -0.005775318946689367
1403636582.8635557 0.9974624514579773 0.012709207832813263 0.07005103677511215 -0.010036259889602661 -0.014486432075500488 0.9995843768119812 0.024921009317040443 -0.07552428543567657 -0.06970521807670593 -0.02587255835533142 0.9972320795059204 -0.012881728820502758
1403636582.9135554 0.9970606565475464 0.007978974841535091 0.07619905471801758 -0.008196716196835041 -0.00865935254842043 0.9999254941940308 0.008602729067206383 -0.10538852959871292 -0.07612473517656326 -0.009237280115485191 0.9970555305480957 -0.01982220448553562
1403636582.9635556 0.9967899322509766 0.008256159722805023 0.07963394373655319 -0.00631439033895731 -0.007630771026015282 0.9999377131462097 -0.008154437877237797 -0.13117121160030365 -0.07969630509614944 0.007520591840147972 0.9967908263206482 -0.02624843455851078
1403636583.0135555 0.9965120553970337 0.008495377376675606 0.08301492035388947 -0.00488385371863842 -0.006428461521863937 0.9996633529663086 -0.02513379603624344 -0.15074263513088226 -0.08320049941539764 0.02451246604323387 0.9962314367294312 -0.03240320459008217
1403636583.0635555 0.9964896440505981 0.011339686810970306 0.08294469118118286 -0.003857631701976061 -0.008393412455916405 0.9993241429328918 -0.0357837975025177 -0.1630319207906723 -0.08329442143440247 0.034961994737386703 0.9959115386009216 -0.03725721314549446
1403636583.1135554 0.9962114095687866 0.015393132343888283 0.08559103310108185 -0.004241261165589094 -0.011969009414315224 0.9991128444671631 -0.04037589207291603 -0.16844713687896729 -0.08613661676645279 0.03919849172234535 0.9955118894577026 -0.039183564484119415
1403636583.1635556 0.9957794547080994 0.020342353731393814 0.08949470520019531 -0.0032875239849090576 -0.016720294952392578 0.9990176558494568 -0.04103754833340645 -0.16506807506084442 -0.09024159610271454 0.03936797380447388 0.9951415657997131 -0.037361353635787964
1403636583.2135556 0.9956223368644714 0.024089258164167404 0.09030869603157043 -0.002295335289090872 -0.020668545737862587 0.9990400671958923 -0.03862379118800163 -0.1543082892894745 -0.09115241467952728 0.036588165909051895 0.9951645731925964 -0.034296728670597076
1403636583.2635555 0.9958556294441223 0.024041200056672096 0.0877133160829544 0.00031249504536390305 -0.021090067923069 0.9991849660873413 -0.03441827744245529 -0.1390947550535202 -0.08846928924322128 0.032425761222839355 0.9955509305000305 -0.030878622084856033
1403636583.3135555 0.9959889650344849 0.023994339630007744 0.08619842678308487 0.00027271476574242115 -0.02144727110862732 0.9993090629577637 -0.03035455197095871 -0.11800888925790787 -0.08686720579862595 0.02838408201932907 0.9958154559135437 -0.024754256010055542
1403636583.3635557 0.9961039423942566 0.024835696443915367 0.08461686223745346 0.002243577502667904 -0.02270815707743168 0.9994036555290222 -0.026013711467385292 -0.09070669859647751 -0.08521244674921036 0.023990873247385025 0.9960739016532898 -0.015815405175089836
1403636583.4135554 0.9965367913246155 0.02273249439895153 0.07998452335596085 0.004408847540616989 -0.021093925461173058 0.9995511770248413 -0.021271854639053345 -0.06202477589249611 -0.08043217658996582 0.01951100118458271 0.996569037437439 -0.0063650659285485744
1403636583.4635556 0.9968144297599792 0.026195893064141273 0.07532986998558044 0.006330233532935381 -0.025155941024422646 0.999575138092041 -0.01472135353833437 -0.030102942138910294 -0.07568349689245224 0.012779466807842255 0.9970499873161316 0.002335518365725875
1403636583.5135555 0.9970135688781738 0.02681283839046955 0.07242267578840256 0.007659777998924255 -0.02626330964267254 0.9996188282966614 -0.008529615588486195 0.0038882021326571703 -0.07262376695871353 0.006602082401514053 0.9973375201225281 0.012782413512468338
1403636583.5635555 0.9969496726989746 0.030477669090032578 0.07184991985559464 0.010275531560182571 -0.030574103817343712 0.9995325207710266 0.00024248380213975906 0.03837801143527031 -0.07180892676115036 -0.0024384898133575916 0.9974154233932495 0.02225908264517784
1403636583.6135554 0.9964997172355652 0.03314764425158501 0.07674286514520645 0.012547731399536133 -0.03410270810127258 0.9993559122085571 0.011167737655341625 0.07333610206842422 -0.0763232558965683 -0.013745786622166634 0.9969883561134338 0.03211303800344467
1403636583.6635556 0.9970225691795349 0.029513154178857803 0.07123947143554688 0.012943485751748085 -0.031605884432792664 0.9990960359573364 0.02842959761619568 0.10579369217157364 -0.07033601403236389 -0.030596517026424408 0.9970540404319763 0.03943740949034691
1403636583.7135556 0.9974586367607117 0.02122817188501358 0.0680132731795311 0.013302059844136238 -0.024625785648822784 0.9984699487686157 0.04951255023479462 0.13841652870178223 -0.06685815006494522 -0.05106158182024956 0.9964550733566284 0.047451142221689224
1403636583.7635555 0.9978605508804321 0.01285304594784975 0.06410284340381622 0.013273857533931732 -0.017497552558779716 0.9972201585769653 0.0724274069070816 0.16823530197143555 -0.06299374252557755 -0.07339408993721008 0.9953114986419678 0.05469828471541405
1403636583.8135555 0.9980104565620422 0.005733875557780266 0.06278733164072037 0.014202219434082508 -0.011571493931114674 0.9955978989601135 0.09300979971885681 0.19667716324329376 -0.06197763979434967 -0.09355131536722183 0.993683397769928 0.06140309199690819
1403636583.8635557 0.9980432391166687 0.0038920745719224215 0.062406495213508606 0.014309152960777283 -0.010639935731887817 0.9940761923789978 0.10816337913274765 0.22073432803153992 -0.06161583587527275 -0.10861571878194809 0.9921724200248718 0.06595725566148758
1403636583.9135554 0.9979850053787231 0.008287781849503517 0.062906414270401 0.015379246324300766 -0.01571093685925007 0.9928365349769592 0.11844365298748016 0.24209505319595337 -0.06147414818406105 -0.11919330060482025 0.9909662008285522 0.07002178579568863
1403636583.9635556 0.9979718923568726 0.01659981533885002 0.061452340334653854 0.015043835155665874 -0.024146152660250664 0.991966724395752 0.12417298555374146 0.2595508098602295 -0.05889742448925972 -0.12540499866008759 0.9903558492660522 0.07303322106599808
1403636584.0135555 0.9982303977012634 0.020343005657196045 0.05587949976325035 0.013984858989715576 -0.027323221787810326 0.9915081858634949 0.12714149057865143 0.27058690786361694 -0.05281854793429375 -0.12844328582286835 0.9903093576431274 0.07379239797592163
1403636584.0635555 0.9985501170158386 0.02273237518966198 0.04879694804549217 0.012240667827427387 -0.028772952035069466 0.9914986491203308 0.12689532339572906 0.2756602466106415 -0.045497484505176544 -0.12811537086963654 0.9907151460647583 0.0730605274438858
1403636584.1135554 0.998851478099823 0.02196776494383812 0.04258045181632042 0.01088951900601387 -0.027225743979215622 0.9915125370025635 0.12712779641151428 0.2731352746486664 -0.03942634165287018 -0.12814107537269592 0.9909719824790955 0.07151225209236145
1403636584.1635556 0.9989838004112244 0.023036962375044823 0.03873823955655098 0.009471490979194641 -0.027807841077446938 0.9914469122886658 0.12751373648643494 0.26346418261528015 -0.03546937182545662 -0.12846143543720245 0.9910800457000732 0.06909061968326569
1403636584.2135556 0.9990164637565613 0.024309493601322174 0.037082187831401825 0.008631691336631775 -0.028847042471170425 0.9914575219154358 0.12719962000846863 0.246634840965271 -0.033673256635665894 -0.12814420461654663 0.9911837577819824 0.06548807770013809
1403636584.2635555 0.9990687966346741 0.023405319079756737 0.03624730929732323 0.007310671731829643 -0.0277494378387928 0.9918440580368042 0.1244000717997551 0.22400708496570587 -0.033040061593055725 -0.12529008090496063 0.9915698766708374 0.06020505726337433
1403636584.3135555 0.9990593194961548 0.02362857200205326 0.03636213392019272 0.00613672100007534 -0.027843603864312172 0.9923641085624695 0.1201598197221756 0.1980171948671341 -0.0332452654838562 -0.12105926126241684 0.9920884370803833 0.05438794940710068
1403636584.3635557 0.9988250732421875 0.027765575796365738 0.03971678391098976 0.00520465150475502 -0.032234374433755875 0.9926431775093079 0.11670617759227753 0.1684049367904663 -0.03618418425321579 -0.11784929782152176 0.9923719763755798 0.04947229474782944
1403636584.4135554 0.9982964396476746 0.03416195511817932 0.04729727655649185 0.00553046353161335 -0.039312850683927536 0.9928568005561829 0.11264824122190475 0.1360042244195938 -0.04311114549636841 -0.11431573331356049 0.9925085306167603 0.043898552656173706
1403636584.4635556 0.9977251887321472 0.03982065990567207 0.05439545214176178 0.005629705730825663 -0.04541415721178055 0.9933499693870544 0.10579920560121536 0.10015087574720383 -0.049820709973573685 -0.1080288290977478 0.9928985834121704 0.03702908754348755
1403636584.5135555 0.9974513053894043 0.04155494645237923 0.058000411838293076 0.005877222865819931 -0.0469769611954689 0.9943215847015381 0.09548632800579071 0.06452952325344086 -0.05370313674211502 -0.09796763956546783 0.9937394857406616 0.03145940974354744
1403636584.5635555 0.9972847700119019 0.040856022387742996 0.06126895546913147 0.004715031944215298 -0.04581671953201294 0.9955887198448181 0.08187694847583771 0.028397180140018463 -0.0576535165309906 -0.0844617635011673 0.9947574138641357 0.024291863664984703
1403636584.6135554 0.9970332980155945 0.039664510637521744 0.06596487015485764 0.004044279456138611 -0.04390817508101463 0.9969720840454102 0.06417816132307053 -0.00835865456610918 -0.06321953237056732 -0.06688415259122849 0.9957559704780579 0.018335985019803047
1403636584.6635556 0.9966167211532593 0.037640586495399475 0.07306388765573502 0.003967823460698128 -0.0409100241959095 0.9982032775878906 0.043778810650110245 -0.04486919194459915 -0.07128475606441498 -0.04661973565816879 0.9963659048080444 0.011131703853607178
1403636584.7135556 0.9961655139923096 0.037660058587789536 0.07896853983402252 0.003344285534694791 -0.03950829431414604 0.9989776611328125 0.0219738706946373 -0.0787537544965744 -0.07806026935577393 -0.025009525939822197 0.9966349601745605 0.003903359640389681
1403636584.7635555 0.9955809712409973 0.0372595489025116 0.08619919419288635 0.003035455709323287 -0.0375426784157753 0.9992936253547668 0.0016652550548315048 -0.10886812210083008 -0.08607625961303711 -0.004894044250249863 0.9962765574455261 -0.00325504457578063
1403636584.8135555 0.9952336549758911 0.03845369815826416 0.08961595594882965 0.0022943299263715744 -0.03727149963378906 0.9991950988769531 -0.014828797429800034 -0.13725455105304718 -0.090114064514637 0.011417996138334274 0.9958660006523132 -0.01213524118065834
1403636584.8635557 0.9952340126037598 0.034245073795318604 0.09130371361970901 0.0009840033017098904 -0.0317988321185112 0.9990987777709961 -0.02811429649591446 -0.16050682961940765 -0.09218422323465347 0.025076955556869507 0.9954261183738708 -0.020239414647221565
1403636584.9135554 0.9954378008842468 0.03116205893456936 0.0901789739727974 0.0001732540549710393 -0.027845067903399467 0.9988968968391418 -0.037809886038303375 -0.17689038813114166 -0.09125775098800659 0.03512635827064514 0.9952076077461243 -0.02528187446296215
1403636584.9635556 0.9953429102897644 0.026209058240056038 0.09276644885540009 -0.0032766107469797134 -0.02237643301486969 0.998862087726593 -0.04211660102009773 -0.18878069519996643 -0.09376472979784012 0.039844684302806854 0.9947967529296875 -0.027567341923713684
1403636585.0135555 0.9950717687606812 0.024063533172011375 0.09619328379631042 -0.003017301671206951 -0.020120425149798393 0.9989252686500549 -0.04175350069999695 -0.19191034138202667 -0.09709464758634567 0.03961228206753731 0.9944866299629211 -0.0279601588845253
1403636585.0635555 0.9947852492332458 0.02138875052332878 0.09972448647022247 -0.00300574884749949 -0.01760263927280903 0.9990960955619812 -0.03869232162833214 -0.18825213611125946 -0.1004619300365448 0.036735136061906815 0.9942625164985657 -0.025588661432266235
1403636585.1135554 0.9947349429130554 0.020556218922138214 0.10039824992418289 -0.004126382991671562 -0.01725158467888832 0.9992839694023132 -0.03367336094379425 -0.18004363775253296 -0.10101856291294098 0.031764041632413864 0.9943773746490479 -0.023840226233005524
1403636585.1635556 0.9942813515663147 0.018817748874425888 0.1051214188337326 -0.0022140152286738157 -0.0159519761800766 0.9994796514511108 -0.028036173433065414 -0.1646699458360672 -0.10559429973363876 0.02619894966483116 0.9940640926361084 -0.017387475818395615
1403636585.2135556 0.9935854077339172 0.02039038948714733 0.1112300232052803 -0.0018109214724972844 -0.018072372302412987 0.9995987415313721 -0.02180854044854641 -0.1442967653274536 -0.11163008958101273 0.019658461213111877 0.9935553669929504 -0.012151814997196198
1403636585.2635555 0.9927124977111816 0.02649318240582943 0.11755870282649994 0.0005850207526236773 -0.024836139753460884 0.9995707273483276 -0.015538310632109642 -0.12134084850549698 -0.11791988462209702 0.012505369260907173 0.9929444193840027 -0.003477653721347451
1403636585.3135555 0.9920112490653992 0.03177977725863457 0.12208038568496704 0.004563610535115004 -0.03078838251531124 0.9994758367538452 -0.009999170899391174 -0.0969194620847702 -0.12233417481184006 0.006160631775856018 0.992469847202301 0.005285434424877167
1403636585.3635557 0.9915559887886047 0.03876971825957298 0.12374797463417053 0.008607807569205761 -0.03853204473853111 0.9992481470108032 -0.004314332269132137 -0.07044635713100433 -0.12382219731807709 -0.000490361824631691 0.9923043251037598 0.013042841106653214
1403636585.4135554 0.9912944436073303 0.04236550256609917 0.1246611624956131 0.012337629683315754 -0.043041739612817764 0.9990695714950562 0.0027351095341145992 -0.044382669031620026 -0.12442928552627563 -0.008076932281255722 0.9921956062316895 0.022216834127902985
1403636585.4635556 0.9919152855873108 0.04547377675771713 0.11847468465566635 0.014753472059965134 -0.04723169282078743 0.9988110661506653 0.012071194127202034 -0.018200533464550972 -0.11778490245342255 -0.017569363117218018 0.9928838014602661 0.02957838587462902
1403636585.5135555 0.992405891418457 0.047694142907857895 0.11338364332914352 0.016433002427220345 -0.05058452859520912 0.998460590839386 0.022751616314053535 0.00791435968130827 -0.11212396621704102 -0.028314298018813133 0.9932907223701477 0.03478832170367241
1403636585.5635555 0.9936010837554932 0.04892870783805847 0.10179830342531204 0.01742151379585266 -0.052705466747283936 0.9980054497718811 0.03474605455994606 0.0324283204972744 -0.09989519417285919 -0.03988904505968094 0.9941980838775635 0.03708407282829285
1403636585.6135554 0.9949176907539368 0.047500889748334885 0.08878353238105774 0.018392078578472137 -0.051847878843545914 0.9975335001945496 0.04731316491961479 0.0543212853372097 -0.08631714433431625 -0.051675938069820404 0.9949265718460083 0.03797487914562225
1403636585.6635556 0.9961463212966919 0.04313143342733383 0.07636820524930954 0.018183909356594086 -0.04785361886024475 0.9969825148582458 0.061124011874198914 0.07329199463129044 -0.07350140064954758 -0.06454296410083771 0.9952043294906616 0.035869672894477844
1403636585.7135556 0.9972703456878662 0.037112683057785034 0.06383154541254044 0.01793728396296501 -0.04194861277937889 0.9962121844291687 0.07616928219795227 0.08847853541374207 -0.0607629120349884 -0.07863900065422058 0.9950495958328247 0.032601241022348404
1403636585.7635555 0.9979754090309143 0.03069913573563099 0.05570242181420326 0.01806788146495819 -0.03575503081083298 0.9951015114784241 0.0921662375330925 0.09928058832883835 -0.052600134164094925 -0.09397126734256744 0.9941843748092651 0.03004554472863674
1403636585.8135555 0.9986634850502014 0.022033128887414932 0.046752654016017914 0.017273686826229095 -0.02700100466609001 0.9937365055084229 0.10843862593173981 0.10601875185966492 -0.04407057166099548 -0.10955604165792465 0.9930031299591064 0.02500046417117119
1403636585.8635557 0.999113917350769 0.014870598912239075 0.03937337175011635 0.016446009278297424 -0.019768470898270607 0.991694450378418 0.12708736956119537 0.11046087741851807 -0.037156492471694946 -0.12775307893753052 0.9911098480224609 0.020601961761713028
1403636585.9135554 0.9993978142738342 0.007901884615421295 0.03378939628601074 0.016016345471143723 -0.012753717601299286 0.9892195463180542 0.14588408172130585 0.11264187097549438 -0.03227236494421959 -0.14622712135314941 0.9887246489524841 0.015437223017215729
1403636585.9635556 0.9994040727615356 0.0032730703242123127 0.034364163875579834 0.01546537596732378 -0.008960611186921597 0.9859687685966492 0.16668882966041565 0.11387483775615692 -0.03333640843629837 -0.16689740121364594 0.9854106903076172 0.011127157136797905
1403636586.0135555 0.9991796016693115 -0.00264445086941123 0.040413644164800644 0.015409753657877445 -0.005113427992910147 0.9816433787345886 0.19065675139427185 0.11387241631746292 -0.040175966918468475 -0.1907069981098175 0.9808245897293091 0.007969727739691734
1403636586.0635555 0.9985350966453552 -0.005663120653480291 0.05381273850798607 0.015511683188378811 -0.006057073827832937 0.976559042930603 0.21516406536102295 0.11377903819084167 -0.05376981571316719 -0.21517476439476013 0.9750942587852478 0.005221877247095108
1403636586.1135554 0.9977485537528992 -0.011366063728928566 0.06609652936458588 0.01455705426633358 -0.00459020771086216 0.9716504812240601 0.23637717962265015 0.11264707893133163 -0.06690938770771027 -0.23614835739135742 0.96941077709198 0.0023315418511629105
1403636586.1635556 0.996933102607727 -0.017337525263428688 0.07631412893533707 0.012337271124124527 -0.002660108031705022 0.9670801758766174 0.254457950592041 0.11157584935426712 -0.07821353524923325 -0.25388050079345703 0.9640681147575378 -0.000497797504067421
1403636586.2135556 0.996524453163147 -0.023221848532557487 0.07999856770038605 0.010021120309829712 0.0005715478910133243 0.9622410535812378 0.2721981406211853 0.10941553115844727 -0.08329883217811584 -0.2712063193321228 0.9589101076126099 -0.004493230953812599
1403636586.2635555 0.996322512626648 -0.026833584532141685 0.0813724473118782 0.007249141111969948 0.0020584072917699814 0.9569175243377686 0.29035255312919617 0.10887307673692703 -0.08565790206193924 -0.2891172170639038 0.9534536600112915 -0.009144028648734093
1403636586.3135555 0.9960579872131348 -0.033584680408239365 0.08210008591413498 0.005732987076044083 0.00651593878865242 0.950755774974823 0.30987268686294556 0.10805114358663559 -0.08846408873796463 -0.3081161677837372 0.9472267031669617 -0.01375061646103859
1403636586.3635557 0.9958354234695435 -0.03884144127368927 0.08248137682676315 0.004846985451877117 0.009518265724182129 0.9440557360649109 0.32964852452278137 0.108300119638443 -0.09067102521657944 -0.32749056816101074 0.9404938817024231 -0.019697338342666626
1403636586.4135554 0.9955540895462036 -0.04583202674984932 0.08228857070207596 0.004092528019100428 0.014267832040786743 0.9369310140609741 0.349222868680954 0.10875647515058517 -0.0931042954325676 -0.34649619460105896 0.9334195256233215 -0.02500808984041214
1403636586.4635556 0.9955814480781555 -0.04754800722002983 0.08097366988658905 0.004822061397135258 0.014538194984197617 0.9299748539924622 0.3673354387283325 0.109958216547966 -0.09276953339576721 -0.3645350933074951 0.9265570044517517 -0.031493209302425385
1403636586.5135555 0.9956006407737732 -0.04662264510989189 0.08127587288618088 0.005661230534315109 0.011980696581304073 0.9236404299736023 0.3830728530883789 0.11038532108068466 -0.09292953461408615 -0.3804137110710144 0.9201355576515198 -0.03729782626032829
1403636586.5635555 0.9959723949432373 -0.04568851739168167 0.07714590430259705 0.008645700290799141 0.01153404638171196 0.9185658693313599 0.3950996398925781 0.11062218993902206 -0.08891510963439941 -0.3926185369491577 0.9153932332992554 -0.0419805645942688
1403636586.6135554 0.9962389469146729 -0.045008335262537 0.07404274493455887 0.011885227635502815 0.011445633135735989 0.9153788089752197 0.402430921792984 0.10910273343324661 -0.08588990569114685 -0.40006983280181885 0.9124512076377869 -0.04562175273895264
1403636586.6635556 0.9961985349655151 -0.04615434631705284 0.07387879490852356 0.016110865399241447 0.012489786371588707 0.9150163531303406 0.40322357416152954 0.10694349557161331 -0.08621079474687576 -0.4007680416107178 0.9121144413948059 -0.04781263321638107
1403636586.7135556 0.9963638782501221 -0.045766979455947876 0.07186329364776611 0.02087301015853882 0.013341092504560947 0.9168747663497925 0.398951917886734 0.1045515388250351 -0.08414846658706665 -0.39654260873794556 0.9141514897346497 -0.04871712625026703
1403636586.7635555 0.9966144561767578 -0.04660645127296448 0.06773029267787933 0.024781404063105583 0.016395535320043564 0.9199202060699463 0.39176246523857117 0.10276096314191818 -0.08056513220071793 -0.38932564854621887 0.9175699949264526 -0.04847107082605362
1403636586.8135555 0.9969062209129333 -0.04613912105560303 0.06363298743963242 0.02978902868926525 0.01822476275265217 0.9232032299041748 0.3838796019554138 0.10094372183084488 -0.07645805925130844 -0.3815322816371918 0.9211879372596741 -0.0472545325756073
1403636586.8635557 0.9971025586128235 -0.0435379222035408 0.06237630173563957 0.0330866202712059 0.016869040206074715 0.9261475801467896 0.3767838180065155 0.1003727838397026 -0.07417403161525726 -0.3746398389339447 0.9241986870765686 -0.04555576294660568
1403636586.9135554 0.9974732995033264 -0.038371846079826355 0.05978855490684509 0.03511955216526985 0.013444370590150356 0.9283351302146912 0.3715014159679413 0.10030665993690491 -0.06975900381803513 -0.3697589337825775 0.9265052676200867 -0.0432266891002655
1403636586.9635556 0.9978058338165283 -0.03492070361971855 0.05624816194176674 0.03610064089298248 0.011837794445455074 0.9299965500831604 0.36737748980522156 0.09965109825134277 -0.06513968110084534 -0.3659055531024933 0.9283694624900818 -0.0410892479121685
1403636587.0135555 0.9982069730758667 -0.028829729184508324 0.052455008029937744 0.037040967494249344 0.0076725054532289505 0.9307607412338257 0.36554819345474243 0.09876695275306702 -0.05936172232031822 -0.364490270614624 0.9293132424354553 -0.038602810353040695
1403636587.0635555 0.9984142780303955 -0.02558756060898304 0.05014048516750336 0.03791374713182449 0.005441817454993725 0.9304215312004089 0.3664509057998657 0.09819519519805908 -0.05602836608886719 -0.3655969202518463 0.929085373878479 -0.03640804812312126
1403636587.1135554 0.9985754489898682 -0.021270595490932465 0.04893378168344498 0.03921550139784813 0.0016229702159762383 0.9287882447242737 0.37060728669166565 0.09754817932844162 -0.05333216115832329 -0.3699999153614044 0.9274997711181641 -0.03372776135802269
1403636587.1635556 0.9986922144889832 -0.01864992454648018 0.04760091379284859 0.042494188994169235 -0.0005671652033925056 0.9269878268241882 0.37509098649024963 0.09667026251554489 -0.05112089216709137 -0.3746274709701538 0.9257650375366211 -0.03143080323934555
1403636587.2135556 0.9987536072731018 -0.01757926680147648 0.04671153426170349 0.046051282435655594 -0.0013785557821393013 0.9258435964584351 0.3779042959213257 0.09594249725341797 -0.04989086091518402 -0.37749770283699036 0.9246655106544495 -0.028719116002321243
1403636587.2635555 0.9987240433692932 -0.01872182823717594 0.046899184584617615 0.05205629765987396 -0.0004637669771909714 0.9252951741218567 0.37924724817276 0.09558563679456711 -0.05049579590559006 -0.3787851333618164 0.9241061210632324 -0.025851339101791382
1403636587.3135555 0.9986608624458313 -0.021495291963219643 0.04705645143985748 0.060016319155693054 0.0019678305834531784 0.9247183799743652 0.38064688444137573 0.09444385766983032 -0.05169609189033508 -0.3800445795059204 0.9235224723815918 -0.0226979311555624
