1305031102.175304 1.0 0.0 0.0 0.0 0.0 1.0 0.0 0.0 0.0 0.0 1.0 0.0
1305031102.211214 0.9999762773513794 0.0034113465808331966 -0.005985409952700138 -0.0015843468718230724 -0.003388172248378396 0.9999867677688599 0.003877677023410797 0.008041399531066418 0.005998558830469847 -0.003857305506244302 0.9999745488166809 0.010919785127043724
1305031102.275326 0.9998506307601929 0.002722641918808222 -0.01706661470234394 -0.0035623563453555107 -0.002270627534016967 0.9996475577354431 0.026448950171470642 0.008540743961930275 0.017132611945271492 -0.026406247168779373 0.9995044469833374 0.03518866375088692
1305031102.311267 0.9997367262840271 0.0007601307588629425 -0.022931760177016258 -0.001474225427955389 7.860637560952455e-05 0.9993317127227783 0.036552295088768005 0.006426870822906494 0.022944221273064613 -0.036544475704431534 0.9990686178207397 0.048762161284685135
1305031102.343233 0.999662458896637 -0.002937742043286562 -0.025814399123191833 -0.0026373506989330053 0.003970536403357983 0.9991898536682129 0.040048748254776 0.0075887879356741905 0.025675831362605095 -0.040137726813554764 0.9988642334938049 0.0601501390337944
1305031102.375329 0.9995618462562561 -0.0027471010107547045 -0.02947222627699375 -0.0035013514570891857 0.0040486520156264305 0.9990147948265076 0.04419359564781189 0.008170003071427345 0.029321784153580666 -0.04429355263710022 0.9985881447792053 0.0723361000418663
1305031102.411258 0.9994503259658813 -0.0008081035921350121 -0.0331411249935627 -0.0069571081548929214 0.002323301276192069 0.9989522099494934 0.04570658132433891 0.012958457693457603 0.033069461584091187 -0.0457584522664547 0.9984050393104553 0.08319982886314392
1305031102.443271 0.9990481734275818 -0.0016975211910903454 -0.043586891144514084 -0.0033725728280842304 0.004067424684762955 0.9985141754150391 0.054340969771146774 0.01888153702020645 0.04342988505959511 -0.05446653068065643 0.9975706338882446 0.09437867254018784
1305031102.475318 0.9987437129020691 -0.00027242081705480814 -0.050109054893255234 -0.00016790209338068962 0.0037937876768410206 0.997526228427887 0.07019238919019699 0.01735801436007023 0.04996597394347191 -0.07029431313276291 0.9962741136550903 0.10748176276683807
1305031102.511219 0.9988411068916321 0.002839777385815978 -0.04804495722055435 0.0006371540948748589 0.0009812209755182266 0.9968487620353699 0.07931971549987793 0.018490035086870193 0.04811880737543106 -0.07927493005990982 0.9956907629966736 0.12051741033792496
1305031102.575286 0.998995304107666 0.008926501497626305 -0.043916720896959305 0.0017642788589000702 -0.004733922891318798 0.9954982995986938 0.09465987235307693 0.013575110584497452 0.04456401243805885 -0.09435684978961945 0.9945404529571533 0.14543072879314423
1305031102.611233 0.9993035197257996 0.0073438724502921104 -0.036585427820682526 -0.00067469896748662 -0.004011256620287895 0.995902419090271 0.09034515172243118 0.011345956474542618 0.037098996341228485 -0.09013547748327255 0.9952383041381836 0.15732799470424652
1305031102.675285 0.9993403553962708 0.0030150830280035734 -0.03619199991226196 -0.00612686900421977 0.00010239979019388556 0.9963099360466003 0.08582796156406403 0.021828236058354378 0.03631723299622536 -0.08577506244182587 0.9956523776054382 0.18025830388069153
1305031102.711263 0.9993100762367249 0.0006369343027472496 -0.03713593631982803 -0.006203339900821447 0.0026486022397875786 0.9960852861404419 0.0883568599820137 0.021415868774056435 0.037046849727630615 -0.08839426189661026 0.9953963160514832 0.19391855597496033
1305031102.743234 0.9992871880531311 -0.0026993672363460064 -0.03765643760561943 -0.006560130510479212 0.005966244265437126 0.9961978793144226 0.08691433817148209 0.029504435136914253 0.037278659641742706 -0.08707704395055771 0.9955039024353027 0.20530281960964203
1305031102.775472 0.9993734359741211 0.001154874567873776 -0.035374827682971954 -0.003819555975496769 0.0020846338011324406 0.9958117604255676 0.09140294790267944 0.030317574739456177 0.03533223271369934 -0.09141941368579865 0.9951854944229126 0.2188909500837326
1305031102.811232 0.9996140599250793 0.0025508494582027197 -0.027667207643389702 -0.006180339492857456 3.930192906409502e-05 0.9956458806991577 0.09321605414152145 0.03361539542675018 0.027784528210759163 -0.09318115562200546 0.9952613711357117 0.23099210858345032
1305031102.84329 0.9997318983078003 0.00403226725757122 -0.022798573598265648 -0.00394221767783165 -0.0017927545122802258 0.9952424764633179 0.09741006791591644 0.03392939642071724 0.023082900792360306 -0.09734305739402771 0.9949831962585449 0.24430455267429352
1305031102.875363 0.9998708367347717 0.008190538734197617 -0.01382382307201624 -0.008200578391551971 -0.006826539523899555 0.9953593015670776 0.09598435461521149 0.036128491163253784 0.014545838348567486 -0.09587758034467697 0.9952868819236755 0.25607553124427795
1305031102.911185 0.9998825192451477 0.010572626255452633 -0.01108556892722845 -0.008491015061736107 -0.009486932307481766 0.9955465793609619 0.09379073977470398 0.04034679755568504 0.012027819640934467 -0.09367455542087555 0.9955302476882935 0.2674964368343353
1305031102.975203 0.9997754096984863 0.01465200912207365 -0.015309451147913933 -0.023289503529667854 -0.013150022365152836 0.9954869151115417 0.09398200362920761 0.04642731696367264 0.016617387533187866 -0.09375957399606705 0.9954561591148376 0.288398802280426
1305031103.011215 0.9995132684707642 0.009955138899385929 -0.02956448867917061 -0.022162461653351784 -0.007098362781107426 0.9954320192337036 0.0952073410153389 0.05034886300563812 0.030377250164747238 -0.09495110809803009 0.9950184226036072 0.2996498644351959
1305031103.043227 0.9991308450698853 0.00541719701141119 -0.041329532861709595 -0.02287038415670395 -0.0013288564514368773 0.9951545000076294 0.09831338375806808 0.05364616960287094 0.04166186600923538 -0.09817299246788025 0.9942969679832458 0.3108682930469513
1305031103.075319 0.9987598657608032 0.0014862961834296584 -0.04976186528801918 -0.018672235310077667 0.0034912792034447193 0.9950021505355835 0.09979163110256195 0.05239182710647583 0.04966149106621742 -0.09984160214662552 0.993763267993927 0.3222235143184662
1305031103.11124 0.9987961649894714 -0.0013796621933579445 -0.04903409257531166 -0.01912636123597622 0.005989888682961464 0.9955542683601379 0.09399887174367905 0.06055919826030731 0.04868641495704651 -0.09417939931154251 0.9943640828132629 0.3293757140636444
1305031103.143318 0.9987658262252808 -0.004539185203611851 -0.049459539353847504 -0.019137589260935783 0.009173545055091381 0.9955411553382874 0.09388034790754318 0.0650421679019928 0.048812855035066605 -0.0942181795835495 0.9943541884422302 0.33767375349998474
1305031103.175452 0.9989337921142578 -0.005400768481194973 -0.04584931582212448 -0.020132921636104584 0.009640045464038849 0.9956427216529846 0.09275013208389282 0.07111471891403198 0.04514861851930618 -0.09309322386980057 0.9946332573890686 0.3449523150920868
1305031103.243216 0.9987983107566833 -0.014982030726969242 -0.046662524342536926 -0.020981790497899055 0.020198741927742958 0.993342399597168 0.11341406404972076 0.08079604804515839 0.04465268552303314 -0.11422030627727509 0.9924513697624207 0.3605198860168457
1305031103.27537 0.9986105561256409 -0.021853990852832794 -0.047953687608242035 -0.027625087648630142 0.027953272685408592 0.9910600185394287 0.13045531511306763 0.08272620290517807 0.04467402398586273 -0.13161450624465942 0.9902938008308411 0.3661159574985504
1305031103.31121 0.9975354075431824 -0.018967851996421814 -0.06755375117063522 -0.026795808225870132 0.028772253543138504 0.9886786937713623 0.14726392924785614 0.07645481079816818 0.06399568915367126 -0.1488446295261383 0.9867876172065735 0.3725165128707886
1305031103.343223 0.9966484904289246 -0.018374396488070488 -0.07971315085887909 -0.020141221582889557 0.030016984790563583 0.988618791103363 0.14741744101047516 0.07855916768312454 0.07609721273183823 -0.14931613206863403 0.9858569502830505 0.3744805157184601
1305031103.375327 0.9967126250267029 -0.021824056282639503 -0.07802426069974899 -0.01844147965312004 0.03377959132194519 0.9872796535491943 0.15536314249038696 0.0769088864326477 0.07364112138748169 -0.15748801827430725 0.9847713112831116 0.375064492225647
1305031103.41126 0.9967560172080994 -0.024423949420452118 -0.07668716460466385 -0.019344888627529144 0.0365019328892231 0.986395537853241 0.1602855920791626 0.07270359992980957 0.07172907143831253 -0.16256484389305115 0.9840872287750244 0.37469443678855896
1305031103.44328 0.9965431690216064 -0.023614125326275826 -0.07964938133955002 -0.02123221568763256 0.03627094253897667 0.9862193465232849 0.1614181399345398 0.06969054788351059 0.07474000751972198 -0.163749098777771 0.983666718006134 0.3703484833240509
1305031103.475274 0.9962891340255737 -0.018289245665073395 -0.08410331606864929 -0.021340031176805496 0.0316978357732296 0.9864487051963806 0.1609783172607422 0.06647438555955887 0.08001942932605743 -0.16304686665534973 0.9833680391311646 0.36616161465644836
1305031103.511333 0.9960302114486694 -0.01449794601649046 -0.08782689273357391 -0.01979568973183632 0.02837776392698288 0.9868836998939514 0.15891852974891663 0.0600942000746727 0.08437095582485199 -0.16078001260757446 0.9833775162696838 0.3593040108680725
1305031103.543444 0.9958053827285767 -0.010530035011470318 -0.09088969230651855 -0.018676992505788803 0.024282105267047882 0.9881501793861389 0.15155726671218872 0.055104244500398636 0.08821676671504974 -0.153128519654274 0.9842609167098999 0.3515149652957916
1305031103.575474 0.9957634806632996 -0.010842008516192436 -0.09130959212779999 -0.021229997277259827 0.023745667189359665 0.9896615147590637 0.14144353568553925 0.053731195628643036 0.0888320654630661 -0.14301252365112305 0.9857262969017029 0.341580331325531
1305031103.611223 0.9950788617134094 -0.013414635322988033 -0.09817487001419067 -0.021217353641986847 0.02690708637237549 0.9901458621025085 0.1374305784702301 0.04871261119842529 0.09536385536193848 -0.13939586281776428 0.9856340885162354 0.33168312907218933
1305031103.643445 0.9944061040878296 -0.012812172062695026 -0.10484486073255539 -0.021822288632392883 0.026684200391173363 0.9908905029296875 0.13199953734874725 0.044290922582149506 0.10219857841730118 -0.1340588480234146 0.9856894612312317 0.3200865685939789
1305031103.675523 0.9934766292572021 -0.015433523803949356 -0.11298678815364838 -0.01726103387773037 0.029792549088597298 0.9915159344673157 0.12652471661567688 0.041029900312423706 0.11007547378540039 -0.12906549870967865 0.9855077266693115 0.3092390298843384
1305031103.71161 0.9931282997131348 -0.015705134719610214 -0.115972600877285 -0.014758160337805748 0.029930265620350838 0.9920839071273804 0.12195798009634018 0.03730373457074165 0.11313918977975845 -0.12459100782871246 0.985736608505249 0.2971106469631195
1305031103.743326 0.993159830570221 -0.014086231589317322 -0.11590971052646637 -0.01244441419839859 0.028010070323944092 0.9924522042274475 0.11939093470573425 0.029681922867894173 0.11335307359695435 -0.12182092666625977 0.9860581755638123 0.28435471653938293
1305031103.775342 0.9934455752372742 -0.007982540875673294 -0.11402755230665207 -0.012137409299612045 0.02090618759393692 0.9934207797050476 0.1125967800617218 0.02762414515018463 0.1123785525560379 -0.11424265056848526 0.9870764017105103 0.2690333127975464
1305031103.811242 0.9938026070594788 -0.0008040122920647264 -0.11115644127130508 -0.011968009173870087 0.013871025294065475 0.9930546879768372 0.11683203279972076 0.02289782091975212 0.1102905198931694 -0.11764981597661972 0.9869115948677063 0.2575891613960266
1305031103.843251 0.9938991665840149 0.0035791972186416388 -0.11023469269275665 -0.013301581144332886 0.009947706945240498 0.9924905896186829 0.12191565334796906 0.023402225226163864 0.10984325408935547 -0.12226846814155579 0.9863998889923096 0.24487292766571045
1305031103.875361 0.9933583736419678 0.011726644821465015 -0.11446219682693481 -0.014934342354536057 0.004167846869677305 0.9904729723930359 0.13764448463916779 0.01284857653081417 0.11498580873012543 -0.13720737397670746 0.9838457703590393 0.23301395773887634
1305031103.911221 0.9923923015594482 0.015639500692486763 -0.12211835384368896 -0.013605632819235325 0.0003059636801481247 0.9915823936462402 0.12947678565979004 0.01204630546271801 0.12311536073684692 -0.1285291463136673 0.9840339422225952 0.2157614678144455
1305031103.943211 0.9916175603866577 0.017427468672394753 -0.12802636623382568 -0.011298009194433689 -0.0004989225417375565 0.9913708567619324 0.13108503818511963 0.004048258066177368 0.129206120967865 -0.12992237508296967 0.983069658279419 0.20323190093040466
1305031103.975373 0.9908567070960999 0.019428536295890808 -0.13351204991340637 -0.007524497807025909 -0.0020684190094470978 0.9916484951972961 0.12895292043685913 -0.0022323839366436005 0.13490240275859833 -0.12749771773815155 0.9826218485832214 0.19006726145744324
1305031104.011232 0.9907686710357666 0.020020021125674248 -0.13407735526561737 -0.004145732149481773 -0.003304319456219673 0.992307722568512 0.12375102937221527 -0.00980333425104618 0.1355234831571579 -0.12216560542583466 0.9832136034965515 0.17938737571239471
1305031104.043249 0.9914450645446777 0.022378448396921158 -0.12859205901622772 -0.0006869267672300339 -0.008220347575843334 0.9939425587654114 0.10959362238645554 -0.012822741642594337 0.13026565313339233 -0.10759898275136948 0.9856233596801758 0.16337519884109497
1305031104.075425 0.9923673868179321 0.026273459196090698 -0.12048528343439102 0.0026798229664564133 -0.01407536305487156 0.9947871565818787 0.10099631547927856 -0.012847975827753544 0.12251073122024536 -0.09852956980466843 0.9875640869140625 0.14815756678581238
1305031104.111235 0.9931181073188782 0.028419269248843193 -0.11361666768789291 0.009592530317604542 -0.017312318086624146 0.9950775504112244 0.09757551550865173 -0.019702956080436707 0.11583041399717331 -0.09493701905012131 0.9887217283248901 0.13733655214309692
1305031104.14323 0.9945499300956726 0.03016023337841034 -0.09980367869138718 0.006647773087024689 -0.02141703851521015 0.9959303140640259 0.08754371851682663 -0.023346945643424988 0.10203785449266434 -0.08492908626794815 0.9911485314369202 0.12242790311574936
1305031104.175424 0.9952495694160461 0.03126244992017746 -0.0922006294131279 0.0055330730974674225 -0.0240011103451252 0.9965984225273132 0.07883909344673157 -0.02542339451611042 0.09435170888900757 -0.07625164836645126 0.9926145672798157 0.10771819204092026
1305031104.211283 0.9956573247909546 0.03073580376803875 -0.0878741443157196 0.007092067040503025 -0.024296924471855164 0.9970046281814575 0.0734269917011261 -0.03254754841327667 0.08986777067184448 -0.07097306102514267 0.9934216737747192 0.09490078687667847
1305031104.243196 0.996059238910675 0.03044372797012329 -0.08330200612545013 0.00738854194059968 -0.025272680446505547 0.997728705406189 0.0624413900077343 -0.03280162811279297 0.08501376211643219 -0.0600900761783123 0.9945662021636963 0.0817430168390274
1305031104.275546 0.996514618396759 0.031171765178442 -0.07737512141466141 0.007564129773527384 -0.027111751958727837 0.9982274770736694 0.0529790073633194 -0.03469403088092804 0.07888942211866379 -0.05069658160209656 0.9955934882164001 0.06778302043676376
1305031104.311219 0.996937096118927 0.03122211992740631 -0.07170361280441284 0.00912656169384718 -0.02800362929701805 0.9985735416412354 0.04546111077070236 -0.03614092618227005 0.07302071154117584 -0.04331392049789429 0.9963894486427307 0.0559183768928051
1305031104.343342 0.997376024723053 0.03006112389266491 -0.06585866212844849 0.013363789767026901 -0.027519650757312775 0.9988538026809692 0.0391630195081234 -0.037057723850011826 0.06696045398712158 -0.037247855216264725 0.9970601797103882 0.044117528945207596
1305031104.375837 0.9979745149612427 0.03001592867076397 -0.0560876838862896 0.012983642518520355 -0.02805926464498043 0.9989808797836304 0.03535378724336624 -0.037738315761089325 0.05709168314933777 -0.03370840102434158 0.9977997541427612 0.033604808151721954
1305031104.411509 0.9985539317131042 0.031010299921035767 -0.043911684304475784 0.005681631155312061 -0.029740002006292343 0.9991284012794495 0.029292205348610878 -0.03499852120876312 0.04478175565600395 -0.027943914756178856 0.9986059665679932 0.022312983870506287
1305031104.443288 0.9987908601760864 0.029228506609797478 -0.03952615708112717 0.0017505309078842402 -0.02814330719411373 0.9992190003395081 0.02773846872150898 -0.0343371257185936 0.040306027978658676 -0.026592537760734558 0.9988335371017456 0.012643741443753242
1305031104.475456 0.9987918138504028 0.02824121154844761 -0.04021346569061279 -0.0024989235680550337 -0.027061372995376587 0.9991958141326904 0.029587527737021446 -0.03732537105679512 0.04101669788360596 -0.02846355363726616 0.9987530708312988 0.00218762643635273
1305031104.511329 0.9985868334770203 0.024734603241086006 -0.04703592509031296 -0.0009385317098349333 -0.023351898416876793 0.9992853403091431 0.02972252294421196 -0.04175420105457306 0.0477374829351902 -0.028582148253917694 0.9984509944915771 -0.005020253360271454
1305031104.543368 0.9983966946601868 0.02407781407237053 -0.05122688412666321 0.00012543925549834967 -0.022919422015547752 0.9994708299636841 0.02308160811662674 -0.04359395056962967 0.051755525171756744 -0.021870512515306473 0.9984204173088074 -0.015025193803012371
1305031104.575343 0.9983519315719604 0.022178834304213524 -0.05292831361293793 0.005542711820453405 -0.021334167569875717 0.999636709690094 0.01647075265645981 -0.04883616417646408 0.053274381905794144 -0.015314423479139805 0.9984624981880188 -0.022983426228165627
1305031104.611336 0.9987064003944397 0.016472473740577698 -0.048105932772159576 0.013755147345364094 -0.016543513163924217 0.999862551689148 -0.0010789725929498672 -0.05459427833557129 0.048081547021865845 0.0018734177574515343 0.9988416433334351 -0.028664540499448776
1305031104.643243 0.9992554187774658 0.014510340988636017 -0.03574839606881142 0.018636440858244896 -0.015399829484522343 0.9995754361152649 -0.024733485653996468 -0.05485168471932411 0.03537432849407196 0.025265589356422424 0.9990546703338623 -0.039537616074085236
1305031104.675525 0.9997226595878601 0.013996035791933537 -0.01893642731010914 0.019291162490844727 -0.014831866137683392 0.998888373374939 -0.044743120670318604 -0.060706183314323425 0.018289146944880486 0.04501157999038696 0.9988190531730652 -0.05304143205285072
1305031104.711277 0.9999424815177917 0.010200684890151024 -0.003302229568362236 0.018264785408973694 -0.010415449738502502 0.9972525238990784 -0.07334175705909729 -0.05990688502788544 0.0025450196117162704 0.07337193191051483 0.997301459312439 -0.0631614550948143
1305031104.74328 0.9999327659606934 0.006564036943018436 0.009553631767630577 0.0217190682888031 -0.005573091097176075 0.9949427247047424 -0.10028915107250214 -0.05802929773926735 -0.010163620114326477 0.1002291664481163 0.9949125051498413 -0.07333877682685852
1305031104.775327 0.999679684638977 0.003877811599522829 0.025007057934999466 0.02001313306391239 -0.0007506080437451601 0.9922983646392822 -0.12386816740036011 -0.05761532485485077 -0.025294803082942963 0.12380972504615784 0.9919835925102234 -0.08097388595342636
1305031104.811465 0.999366819858551 -0.0003430595388635993 0.03558121994137764 0.025793230161070824 0.005545669235289097 0.9892361164093018 -0.14622296392917633 -0.05357123538851738 -0.03514806181192398 0.1463276594877243 0.9886115193367004 -0.08742674440145493
1305031104.843258 0.9986757636070251 -0.00391052383929491 0.0512978695333004 0.02290761098265648 0.012285716831684113 0.9863860011100769 -0.16398653388023376 -0.049057573080062866 -0.049958229064941406 0.16439960896968842 0.9851279258728027 -0.09458091109991074
1305031104.87535 0.9982613325119019 -0.007454979699105024 0.058469466865062714 0.019924093037843704 0.017640000209212303 0.9842906594276428 -0.1756722778081894 -0.04451024532318115 -0.05624132230877876 0.17639823257923126 0.9827107787132263 -0.10084453225135803
1305031104.911534 0.9981651306152344 -0.012057248502969742 0.05933702737092972 0.022834014147520065 0.022588182240724564 0.9833787083625793 -0.18015548586845398 -0.04201464727520943 -0.05617859587073326 0.18116527795791626 0.981846809387207 -0.10284560918807983
1305031104.943262 0.9980105757713318 -0.013320643454790115 0.061623960733413696 0.021476522088050842 0.024411316961050034 0.9828289747238159 -0.18289698660373688 -0.038953572511672974 -0.05812951177358627 0.184037446975708 0.981198787689209 -0.10184703767299652
1305031104.975202 0.9980841875076294 -0.015144635923206806 0.05998774617910385 0.02081199921667576 0.02591913379728794 0.9827450513839722 -0.18314005434513092 -0.03170575946569443 -0.05617907643318176 0.18434405326843262 0.9812549352645874 -0.09834270924329758
1305031105.01129 0.9981479644775391 -0.017078101634979248 0.0583866685628891 0.021929660812020302 0.02709144540131092 0.9841460585594177 -0.175278440117836 -0.02696044370532036 -0.054467592388391495 0.17653560638427734 0.9827861189842224 -0.09152818471193314
1305031105.043373 0.9982420206069946 -0.015934336930513382 0.057087771594524384 0.021394750103354454 0.025216875597834587 0.9858408570289612 -0.16577671468257904 -0.02180686593055725 -0.05363791808485985 0.166924849152565 0.9845095276832581 -0.08310163766145706
1305031105.07532 0.9984457492828369 -0.012163103558123112 0.054388709366321564 0.02162758819758892 0.020236562937498093 0.9884099960327148 -0.15045367181301117 -0.023680349811911583 -0.051928360015153885 0.15132050216197968 0.9871197938919067 -0.07328959554433823
1305031105.111299 0.9984855055809021 -0.007319795899093151 0.05452534556388855 0.01660032756626606 0.014733778312802315 0.9904834032058716 -0.13684143126010895 -0.027708981186151505 -0.05300479754805565 0.13743756711483002 0.989091157913208 -0.0634102001786232
1305031105.143106 0.9987439513206482 -0.004472840577363968 0.04990331083536148 0.012079501524567604 0.010926127433776855 0.9914793968200684 -0.12980452179908752 -0.014176227152347565 -0.04889751225709915 0.1301867514848709 0.9902830123901367 -0.05093144252896309
1305031105.175159 0.9991322159767151 -0.0016036848537623882 0.04162084683775902 0.011742970906198025 0.0060338182374835014 0.9942907094955444 -0.1065344288945198 -0.00659907003864646 -0.04121236503124237 0.1066930815577507 0.9934375286102295 -0.03445674106478691
1305031105.211268 0.9993459582328796 0.0034392401576042175 0.03599953278899193 0.005967427510768175 -0.0006294189370237291 0.9969709515571594 -0.07777364552021027 -0.01642235554754734 -0.03615795820951462 0.07770011574029922 0.996320903301239 -0.022922826930880547
1305031105.24327 0.99960857629776 0.007132088765501976 0.0270560123026371 -0.0003312135813757777 -0.005435694009065628 0.998045027256012 -0.062262628227472305 -0.013254414312541485 -0.027447180822491646 0.06209118291735649 0.9976930618286133 -0.008431246504187584
1305031105.275288 0.9998158812522888 0.01001531258225441 0.0163724385201931 -0.006012740544974804 -0.009293770417571068 0.9990072250366211 -0.0435677245259285 -0.008361024782061577 -0.016792530193924904 0.043407540768384933 0.9989162683486938 0.003818855620920658
1305031105.31129 0.999912679195404 0.012827113270759583 0.003173358738422394 -0.010026943869888783 -0.012757844291627407 0.9996989369392395 -0.020962022244930267 -0.012861169874668121 -0.0034412816166877747 0.02091970294713974 0.999775230884552 0.016700470820069313
1305031105.343302 0.99986332654953 0.013504148460924625 -0.009538985788822174 -0.01157229021191597 -0.01353076659142971 0.9999047517776489 -0.0027314245235174894 -0.016684263944625854 0.009501190856099129 0.002860120963305235 0.9999507665634155 0.031747717410326004
1305031105.375338 0.9997259378433228 0.013895009644329548 -0.018841540440917015 -0.013211112469434738 -0.01380239613354206 0.9998920559883118 0.005036535207182169 -0.017688283696770668 0.01890948973596096 -0.004775096196681261 0.9998098015785217 0.04526732489466667
1305031105.411286 0.9994483590126038 0.014386290684342384 -0.0299309603869915 -0.012670140713453293 -0.014002612791955471 0.9998176693916321 0.012988999485969543 -0.009441936388611794 0.030112357810139656 -0.012562723830342293 0.999467670917511 0.05950029566884041
1305031105.443316 0.9991450905799866 0.016845257952809334 -0.03775180131196976 -0.014108344912528992 -0.015729693695902824 0.9994363784790039 0.029654528945684433 -0.014680705964565277 0.0382300540804863 -0.029035357758402824 0.9988471269607544 0.07459185272455215
1305031105.47528 0.9988398551940918 0.017421778291463852 -0.04489194601774216 -0.014128899201750755 -0.015820419415831566 0.9992343783378601 0.03578314185142517 -0.012954450212419033 0.04548097774386406 -0.03503141924738884 0.9983507990837097 0.0874539464712143
1305031105.511332 0.9984932541847229 0.016404498368501663 -0.05236443132162094 -0.011319069191813469 -0.014066684059798717 0.9989011287689209 0.04470556974411011 -0.010415403172373772 0.053040262311697006 -0.04390161484479904 0.9976269602775574 0.1010374128818512
1305031105.543282 0.9984685778617859 0.015033339150249958 -0.053240880370140076 -0.012635178864002228 -0.01213579811155796 0.9984489679336548 0.05433434247970581 -0.01254124753177166 0.05397513881325722 -0.05360502004623413 0.9971024394035339 0.1162317618727684
1305031105.575449 0.998360276222229 0.015222793444991112 -0.05518195778131485 -0.014407528564333916 -0.011944981291890144 0.9981716275215149 0.059250637888908386 -0.010039253160357475 0.05598302185535431 -0.05849432945251465 0.9967167973518372 0.12991443276405334
1305031105.611378 0.9981589317321777 0.013854052871465683 -0.059051599353551865 -0.011737902648746967 -0.00988833885639906 0.9977087378501892 0.06692755222320557 -0.01289390679448843 0.0598435215651989 -0.06622040271759033 0.9960088133811951 0.14503569900989532
1305031105.643273 0.9982274174690247 0.007886161096394062 -0.05899135768413544 -0.013670003972947598 -0.003909047693014145 0.9977296590805054 0.06723253428936005 -0.010418163612484932 0.059387627989053726 -0.06688275933265686 0.9959919452667236 0.15978294610977173
1305031105.711309 0.9981025457382202 0.00577441556379199 -0.06130353361368179 -0.005964532028883696 -0.0013591463211923838 0.9974164366722107 0.07182179391384125 -0.010878144763410091 0.06155988574028015 -0.07160220295190811 0.9955317378044128 0.18919163942337036
1305031105.743312 0.9985639452934265 0.0049328007735311985 -0.05334596708416939 -0.006083790212869644 -0.0014541223645210266 0.9978806376457214 0.06505297124385834 -0.003198496997356415 0.053553804755210876 -0.06488197296857834 0.9964548349380493 0.2016768902540207
1305031105.775339 0.9989266991615295 0.004773559980094433 -0.04607183113694191 -0.0029825298115611076 -0.0016139375511556864 0.9976582527160645 0.06837532669305801 -0.005025885067880154 0.04629033803939819 -0.06822758913040161 0.9965953230857849 0.2168901264667511
1305031105.811283 0.9993572235107422 0.0027717184275388718 -0.035741738975048065 -0.0039324150420725346 -0.0004255344392731786 0.9978533983230591 0.06548386812210083 -0.003005187027156353 0.0358465239405632 -0.06542659550905228 0.9972132444381714 0.2315397411584854
1305031105.843271 0.9995837211608887 0.0010058784391731024 -0.028835050761699677 -0.0023178174160420895 0.0007520102662965655 0.9981443285942078 0.06088797375559807 0.0009119026362895966 0.028842784464359283 -0.060884326696395874 0.9977279305458069 0.245658740401268
1305031105.875337 0.9998117089271545 -0.003502875566482544 -0.01908089779317379 -0.001388832926750183 0.004601628519594669 0.9983146786689758 0.05784790962934494 0.007413393817842007 0.018846113234758377 -0.05792481079697609 0.9981430768966675 0.2581806778907776
1305031105.911262 0.9998584985733032 -0.012816146947443485 -0.01089297141879797 -0.002067042514681816 0.013471950776875019 0.997958242893219 0.06243138387799263 0.01149793341755867 0.010070604272186756 -0.0625692754983902 0.99798983335495 0.27227896451950073
1305031105.943272 0.9998263120651245 -0.01816413551568985 -0.004159159492701292 -0.002499230671674013 0.01839168556034565 0.9978126287460327 0.06349606066942215 0.019812045618891716 0.002996710129082203 -0.06356152892112732 0.9979734420776367 0.2841106951236725
1305031105.975329 0.9997638463973999 -0.021729622036218643 -0.00010644085705280304 -0.002539262408390641 0.021680178120732307 0.9971340298652649 0.07248273491859436 0.02355288714170456 -0.001468887086957693 -0.07246793061494827 0.997369647026062 0.2970057427883148
1305031106.011285 0.9996834993362427 -0.024838918820023537 0.003972374834120274 -0.0019783303141593933 0.024446971714496613 0.9965642690658569 0.07913260161876678 0.029140207916498184 -0.005924295634031296 -0.07901044934988022 0.9968562126159668 0.30976602435112
1305031106.043355 0.9995861649513245 -0.02735329419374466 0.00890037789940834 -0.003411148674786091 0.026452254503965378 0.9956669211387634 0.08914930373430252 0.03176341578364372 -0.011300340294837952 -0.08887699246406555 0.9959784746170044 0.32162293791770935
1305031106.07533 0.9994698166847229 -0.030963651835918427 0.010064411908388138 -0.004343283362686634 0.029845472425222397 0.9948525428771973 0.09683828055858612 0.035799749195575714 -0.013011075556278229 -0.09648656845092773 0.9952492713928223 0.3332194685935974
1305031106.111327 0.9994239807128906 -0.03212840482592583 0.010935155674815178 -0.006857822649180889 0.030837908387184143 0.9942343831062317 0.10269863903522491 0.04434327036142349 -0.014171651564538479 -0.10230226814746857 0.9946523904800415 0.34423986077308655
1305031106.143355 0.9993327260017395 -0.035457924008369446 0.008759599179029465 -0.009255762211978436 0.03419916704297066 0.9926130771636963 0.11640330404043198 0.04637392237782478 -0.012822311371564865 -0.11602607369422913 0.9931634664535522 0.3549659252166748
1305031106.175534 0.9992725253105164 -0.03781120106577873 0.004970162641257048 -0.009770922362804413 0.03689226135611534 0.9914447069168091 0.12520581483840942 0.04773880913853645 -0.009661823511123657 -0.12493138015270233 0.9921184182167053 0.3650757372379303
1305031106.211275 0.9991839528083801 -0.04039015620946884 0.000297939230222255 -0.009134178049862385 0.03998968377709389 0.9902605414390564 0.13336020708084106 0.04686921089887619 -0.00568147748708725 -0.13323944807052612 0.9910677075386047 0.3733953535556793
1305031106.243267 0.9989013671875 -0.04682798683643341 -0.0017791768768802285 -0.011022196151316166 0.0466524139046669 0.9901368618011475 0.13210837543010712 0.050644561648368835 -0.004424740560352802 -0.13204622268676758 0.9912337064743042 0.38077014684677124
1305031106.276385 0.9987983107566833 -0.04866614192724228 -0.005795660428702831 -0.011628546752035618 0.04900491610169411 0.9899780750274658 0.13244692981243134 0.056453004479408264 -0.0007081059738993645 -0.13257180154323578 0.9911732077598572 0.38692528009414673
1305031106.311238 0.9984215497970581 -0.05535392463207245 -0.009502985514700413 -0.011535177007317543 0.05613752454519272 0.9887346029281616 0.1387532502412796 0.060436900705099106 0.001715392805635929 -0.13906773924827576 0.990281343460083 0.3927948772907257
1305031106.343258 0.998399555683136 -0.05526632443070412 -0.011994630098342896 -0.012507401406764984 0.056421685963869095 0.9878631830215454 0.14471720159053802 0.06837010383605957 0.0038510672748088837 -0.14516232907772064 0.9894003868103027 0.3960208594799042
1305031106.375388 0.9990776777267456 -0.040097594261169434 -0.015359995886683464 -0.007816496305167675 0.04206863418221474 0.985713541507721 0.1630920171737671 0.06867557764053345 0.008600959554314613 -0.1635877937078476 0.9864912033081055 0.39789000153541565
1305031106.41132 0.9995600581169128 -0.029331665486097336 -0.004400705918669701 -0.006867678370326757 0.029645277187228203 0.9833411574363708 0.17933538556098938 0.06251636147499084 -0.0009328080341219902 -0.1793869584798813 0.9837780594825745 0.4006322920322418
1305031106.443278 0.9997391104698181 -0.02114994078874588 0.00862045120447874 -0.012248178943991661 0.019213657826185226 0.9828862547874451 0.183208629488945 0.05812269449234009 -0.012347773648798466 -0.18299520015716553 0.9830362200737 0.3980714678764343
1305031106.475345 0.9997823238372803 -0.018564755097031593 0.00952068343758583 -0.015644123777747154 0.016493510454893112 0.9827376008033752 0.18426784873008728 0.05489596724510193 -0.012777216732501984 -0.18407073616981506 0.9828299283981323 0.3945755958557129
1305031106.511129 0.9998331069946289 -0.01781080849468708 0.004051124677062035 -0.01750679686665535 0.016770342364907265 0.9830057621002197 0.1828072965145111 0.04965900629758835 -0.007238224148750305 -0.18270888924598694 0.9831403493881226 0.3889531195163727
1305031106.543302 0.9998551607131958 -0.015581854619085789 -0.006849823519587517 -0.014669288881123066 0.016539042815566063 0.98448646068573 0.1746792495250702 0.04831918329000473 0.004021733999252319 -0.17476722598075867 0.9846014976501465 0.3799920082092285
1305031106.575282 0.9998644590377808 -0.013025015592575073 -0.010075070895254612 -0.014769930392503738 0.014542706310749054 0.9854698181152344 0.16922692954540253 0.04530278593301773 0.007724495138972998 -0.1693504899740219 0.9855255484580994 0.36882805824279785
1305031106.611151 0.999845564365387 -0.0064179725013673306 -0.016355963423848152 -0.01539653167128563 0.009095080196857452 0.9855276346206665 0.16927097737789154 0.04355368763208389 0.015032876282930374 -0.1693936139345169 0.98543381690979 0.35807785391807556
1305031106.643207 0.9997613430023193 -0.0018282441888004541 -0.021769674494862556 -0.014613565988838673 0.005549496039748192 0.9850584268569946 0.17213110625743866 0.03584181144833565 0.021129703149199486 -0.17221081256866455 0.9848334193229675 0.3471544682979584
1305031106.675279 0.9997437596321106 -0.0014034891501069069 -0.022592375054955482 -0.02027112990617752 0.005090402904897928 0.9864510297775269 0.16397683322429657 0.03719715029001236 0.022056128829717636 -0.16404981911182404 0.9862054586410522 0.3339126408100128
1305031106.711508 0.9993768334388733 0.0008686346700415015 -0.03528645634651184 -0.020034849643707275 0.005121109541505575 0.9855512380599976 0.1693001538515091 0.03179433196783066 0.03492366895079613 -0.16937536001205444 0.9849326610565186 0.3214283883571625
1305031106.743341 0.9989300966262817 0.001169151277281344 -0.04623008146882057 -0.022073108702898026 0.006510206498205662 0.9861695766448975 0.16561123728752136 0.02877194993197918 0.045784324407577515 -0.16573506593704224 0.9851069450378418 0.30614984035491943
1305031106.77539 0.9981945753097534 0.0021650672424584627 -0.0600237101316452 -0.019193217158317566 0.007749652955681086 0.9863541126251221 0.16445475816726685 0.024778306484222412 0.05956069380044937 -0.16462302207946777 0.9845566153526306 0.29069027304649353
1305031106.811289 0.9975414872169495 0.0032801348716020584 -0.07000164687633514 -0.016651377081871033 0.008142741397023201 0.9867125153541565 0.16227151453495026 0.025360334664583206 0.06960378587245941 -0.16244255006313324 0.9842599630355835 0.2752094864845276
1305031106.843416 0.9968785643577576 0.006343509070575237 -0.07869365066289902 -0.015320486389100552 0.0070891850627958775 0.9855476021766663 0.16924981772899628 0.013706471771001816 0.0786299854516983 -0.16927941143512726 0.9824264645576477 0.2611754536628723
1305031106.875905 0.9963847994804382 0.0138276107609272 -0.08382263779640198 -0.012644123286008835 -0.0004346119239926338 0.987481951713562 0.1577315628528595 0.009685315191745758 0.0849543958902359 -0.15712487697601318 0.9839179515838623 0.24434393644332886
1305031106.911243 0.9965656399726868 0.023467712104320526 -0.07941140234470367 -0.014380667358636856 -0.01126448716968298 0.9885060787200928 0.15076135098934174 0.008400972932577133 0.08203668892383575 -0.14934906363487244 0.9853755831718445 0.22711706161499023
1305031106.943439 0.996471643447876 0.03150895982980728 -0.07779041677713394 -0.01305515505373478 -0.01948981173336506 0.9883893132209778 0.15068796277046204 0.00027352944016456604 0.08163522183895111 -0.14864017069339752 0.9855160117149353 0.211877703666687
1305031106.975547 0.9965994954109192 0.03697321563959122 -0.07363668829202652 -0.011739835143089294 -0.026315558701753616 0.9896920919418335 0.14077259600162506 -0.007553178817033768 0.07808247208595276 -0.13835611939430237 0.9872996807098389 0.19490574300289154
1305031107.011576 0.9968677759170532 0.0439971387386322 -0.06571749597787857 -0.013880441896617413 -0.035646818578243256 0.9917374849319458 0.12323129922151566 -0.0030007343739271164 0.07059632986783981 -0.12050271779298782 0.990199625492096 0.17334309220314026
1305031107.043281 0.9969398975372314 0.04832850396633148 -0.061441902071237564 -0.013633045367896557 -0.04028486832976341 0.9912110567092896 0.12600776553153992 -0.01020747795701027 0.0669916495680809 -0.12314701080322266 0.9901247620582581 0.15911950170993805
1305031107.075432 0.9971243739128113 0.04956634342670441 -0.05732617527246475 -0.01711205765604973 -0.04245568439364433 0.9919602274894714 0.11921676993370056 -0.01825774274766445 0.0627744197845459 -0.11644011735916138 0.9912118911743164 0.14299318194389343
1305031107.111229 0.9969369769096375 0.050421759486198425 -0.05978575348854065 -0.015570569783449173 -0.04380033165216446 0.9932600855827332 0.10731232166290283 -0.01656428351998329 0.06479368358850479 -0.10436500608921051 0.9924260973930359 0.12607157230377197
1305031107.14326 0.9969439506530762 0.05027511343359947 -0.059790436178445816 -0.012182274833321571 -0.04395711421966553 0.9937452673912048 0.10265642404556274 -0.016441281884908676 0.06457751989364624 -0.099714495241642 0.9929183125495911 0.1109941378235817
1305031107.175399 0.9969756007194519 0.051731646060943604 -0.05799613147974014 -0.009690447710454464 -0.045658569782972336 0.993782103061676 0.10155004262924194 -0.0249021053314209 0.06288886070251465 -0.09859491884708405 0.9931384325027466 0.09801125526428223
1305031107.211358 0.9970148801803589 0.05387561023235321 -0.05530569702386856 -0.006411212496459484 -0.04876412823796272 0.9947524666786194 0.08994244039058685 -0.030016455799341202 0.05986117571592331 -0.0869770348072052 0.9944102168083191 0.08584227412939072
1305031107.243378 0.9973349571228027 0.05444030091166496 -0.04857201129198074 -0.00578219722956419 -0.050639860332012177 0.9957972168922424 0.07631134986877441 -0.030333194881677628 0.052522290498018265 -0.07364831119775772 0.9959002137184143 0.07014347612857819
1305031107.275398 0.9976361393928528 0.053018681704998016 -0.04371308162808418 -0.0026038524229079485 -0.05001407116651535 0.9964868426322937 0.06717792898416519 -0.0348983034491539 0.04712118208408356 -0.06483288109302521 0.9967830181121826 0.06040073186159134
1305031107.311226 0.9978557825088501 0.05398718640208244 -0.03700075298547745 -0.0016935792518779635 -0.05198056250810623 0.9972299337387085 0.05320243164896965 -0.039574213325977325 0.03977051004767418 -0.05116503685712814 0.9978981018066406 0.048737622797489166
1305031107.343509 0.9980782270431519 0.05416511744260788 -0.030097704380750656 0.0009360713884234428 -0.05324399843811989 0.9981123805046082 0.030606767162680626 -0.04321400076150894 0.031698696315288544 -0.028945431113243103 0.9990783333778381 0.0361858569085598
1305031107.375413 0.9983604550361633 0.05282149091362953 -0.02204670011997223 0.0036004718858748674 -0.05260660499334335 0.9985631108283997 0.010215701535344124 -0.03838074207305908 0.022554611787199974 -0.009039156138896942 0.9997048377990723 0.025906499475240707
1305031107.411271 0.9983776807785034 0.055798158049583435 -0.01134297251701355 0.003372094128280878 -0.055819492787122726 0.9984395503997803 -0.001573646441102028 -0.04151392728090286 0.011237472295761108 0.0022042561322450638 0.9999344944953918 0.01681653968989849
1305031107.443419 0.9984508156776428 0.055548734962940216 -0.0032142363488674164 0.0060932449996471405 -0.05558585748076439 0.9983702898025513 -0.01292586699128151 -0.04006524011492729 0.002490982413291931 0.013084512203931808 0.9999113082885742 0.009907163679599762
