1403636579.7635555 1.0 0.0 0.0 0.0 0.0 1.0 0.0 0.0 0.0 0.0 1.0 0.0
1403636579.8135555 0.9999855756759644 0.0011046661529690027 0.0052538602612912655 0.0005495573859661818 -0.0010901528876274824 0.9999955892562866 -0.00276446295902133 0.014682049863040447 -0.00525688985362649 0.002758696209639311 0.9999823570251465 0.005937114357948303
1403636579.8635557 0.9999405145645142 0.004876238759607077 0.00975247286260128 0.0004086099797859788 -0.004890953656286001 0.9999870657920837 0.0014856879133731127 0.03366563841700554 -0.009745102375745773 -0.0015332989860326052 0.9999513626098633 0.01304719690233469
1403636579.9135554 0.9999187588691711 0.005659525282680988 0.01142182108014822 0.000637920864392072 -0.005791741423308849 0.999916136264801 0.011576080694794655 0.05568132549524307 -0.011355348862707615 -0.01164129190146923 0.9998677372932434 0.019834421575069427
1403636579.9635556 0.9999208450317383 0.005306299310177565 0.011410596780478954 -1.6342848539352417e-05 -0.005579282063990831 0.9996956586837769 0.02402638830244541 0.07978945970535278 -0.011279636062681675 -0.024088148027658463 0.9996461272239685 0.026745136827230453
1403636580.0135555 0.9999315142631531 0.0024958981666713953 0.01142720878124237 -0.0011997617548331618 -0.0028847074136137962 0.999413013458252 0.03413577750325203 0.10518471896648407 -0.011335301212966442 -0.03416640684008598 0.9993518590927124 0.03441432863473892
1403636580.0635555 0.9999279379844666 0.001032459083944559 0.011960573494434357 -0.002041397150605917 -0.0015247516566887498 0.9991486668586731 0.0412239208817482 0.1315671056509018 -0.011907830834388733 -0.041239187121391296 0.9990782737731934 0.041679732501506805
1403636580.1135554 0.9999307990074158 -0.0032559854444116354 0.011296662501990795 -0.0026419854257255793 0.0027303278911858797 0.9989266991615295 0.0462394580245018 0.1564178317785263 -0.011435090564191341 -0.046205420047044754 0.9988664388656616 0.04891068860888481
1403636580.1635556 0.9999261498451233 -0.005602485034614801 0.010786826722323895 -0.0035719904117286205 0.005056946538388729 0.9987385272979736 0.0499541312456131 0.18114453554153442 -0.01105308998376131 -0.049895886331796646 0.9986932277679443 0.055136244744062424
1403636580.2135556 0.99993497133255 -0.006087347399443388 0.009636319242417812 -0.003723412984982133 0.005554883275181055 0.9985063076019287 0.054349806159734726 0.20418785512447357 -0.009952775202691555 -0.05429273843765259 0.9984754323959351 0.061404790729284286
1403636580.2635555 0.9999462962150574 -0.004438766743987799 0.00935444701462984 -0.004525022115558386 0.00387338874861598 0.9982139468193054 0.05961425229907036 0.22519908845424652 -0.00960235483944416 -0.05957483872771263 0.9981775879859924 0.06640028953552246
1403636580.3135555 0.9999504685401917 0.0005035953363403678 0.009941725060343742 -0.005304614081978798 -0.0011739981127902865 0.9977155327796936 0.06754325330257416 0.24507634341716766 -0.009885001927614212 -0.06755158305168152 0.9976668357849121 0.07030296325683594
1403636580.3635557 0.9999681115150452 0.0014236634597182274 0.007853220216929913 -0.006063078064471483 -0.0020368611440062523 0.9969013929367065 0.07863582670688629 0.26297304034233093 -0.0077169351279735565 -0.07864931970834732 0.9968724250793457 0.07328695058822632
1403636580.4135554 0.9999465942382812 0.005279574543237686 0.008879384957253933 -0.007296758238226175 -0.00608328590169549 0.9956411123275757 0.09306926280260086 0.27983182668685913 -0.008349320851266384 -0.09311830997467041 0.99562007188797 0.07488688081502914
1403636580.4635556 0.9999593496322632 0.005222661886364222 0.007342771161347628 -0.00783496256917715 -0.006002419162541628 0.9938544631004333 0.11053186655044556 0.2918117344379425 -0.006720374338328838 -0.1105714663863182 0.9938454627990723 0.07607339322566986
1403636580.5135555 0.9999717473983765 0.004094917327165604 0.006296650040894747 -0.008200446143746376 -0.0048630209639668465 0.9918575286865234 0.12725970149040222 0.2985498905181885 -0.005724261049181223 -0.12728673219680786 0.9918494820594788 0.07694416493177414
1403636580.5635555 0.9999840259552002 0.0031094064470380545 0.00471311854198575 -0.009483731351792812 -0.003742174943909049 0.9900276064872742 0.14082348346710205 0.2971574366092682 -0.004228238947689533 -0.1408388912677765 0.9900234937667847 0.07553505897521973
1403636580.6135554 0.9999969005584717 0.0020165848545730114 0.0014573088847100735 -0.010062409564852715 -0.002207333454862237 0.9893344044685364 0.1456459015607834 0.286841481924057 -0.0011480574030429125 -0.14564865827560425 0.9893357157707214 0.07190418243408203
1403636580.6635556 0.9999962449073792 0.002419806318357587 0.0012500984594225883 -0.011100584641098976 -0.0025742114521563053 0.9896372556686401 0.14356668293476105 0.2686544358730316 -0.0008897404186427593 -0.14356939494609833 0.9896398186683655 0.06659340858459473
1403636580.7135556 0.99997878074646 0.005150873679667711 0.003965502604842186 -0.011839861050248146 -0.00564092630520463 0.9907529950141907 0.13556011021137238 0.24340292811393738 -0.0032305822242051363 -0.13557960093021393 0.9907611012458801 0.060524191707372665
1403636580.7635555 0.999891996383667 0.011524016037583351 0.009112854488193989 -0.01251099444925785 -0.012572206556797028 0.9920929074287415 0.12487334758043289 0.21269378066062927 -0.007601757068186998 -0.12497444450855255 0.9921307563781738 0.05377618968486786
1403636580.8135555 0.9997100830078125 0.01786907948553562 0.016137516126036644 -0.012104997411370277 -0.019572000950574875 0.9934697151184082 0.11240532994270325 0.1778413951396942 -0.014023552648723125 -0.1126885861158371 0.9935314655303955 0.04880748689174652
1403636580.8635557 0.9993558526039124 0.024550696834921837 0.026175163686275482 -0.01247003860771656 -0.026999274268746376 0.9948483109474182 0.09771328419446945 0.13922247290611267 -0.02364138886332512 -0.09835703670978546 0.9948704242706299 0.04099841043353081
1403636580.9135554 0.998827338218689 0.03153850510716438 0.03673340752720833 -0.012734021060168743 -0.03446884825825691 0.9960293173789978 0.08208201825618744 0.10068211704492569 -0.03399880602955818 -0.08325190097093582 0.9959483742713928 0.03259966894984245
1403636580.9635556 0.9985194802284241 0.03582511842250824 0.04093215614557266 -0.013988143764436245 -0.03851550444960594 0.9970126748085022 0.06694953888654709 0.062077343463897705 -0.038411401212215424 -0.06842692941427231 0.9969164133071899 0.02422407828271389
1403636581.0135555 0.9983977675437927 0.038695741444826126 0.04128716140985489 -0.015667103230953217 -0.040849991142749786 0.997775673866272 0.05267665907740593 0.027361014857888222 -0.0391569659113884 -0.05427883565425873 0.9977577328681946 0.01608663611114025
1403636581.0635555 0.9985041618347168 0.037895455956459045 0.03941436484456062 -0.017544280737638474 -0.03946239873766899 0.9984293580055237 0.03976801037788391 -0.007984856143593788 -0.0378454253077507 -0.04126390442252159 0.9984312057495117 0.007796249818056822
1403636581.1135554 0.9985649585723877 0.03564107418060303 0.039972513914108276 -0.018342165276408195 -0.03672409802675247 0.9989688396453857 0.026695221662521362 -0.039225272834300995 -0.038979850709438324 -0.0281248576939106 0.9988440871238708 0.0006780007388442755
1403636581.1635556 0.99870765209198 0.030399201437830925 0.04073425382375717 -0.018845515325665474 -0.0308670736849308 0.9994638562202454 0.010906516574323177 -0.06781945377588272 -0.040380869060754776 -0.012149765156209469 0.9991103410720825 -0.005212067626416683
1403636581.2135556 0.9987854361534119 0.02668650448322296 0.04141955450177193 -0.018705839291214943 -0.02651062235236168 0.9996368885040283 -0.004790022969245911 -0.09447558969259262 -0.04153234884142876 0.0036861486732959747 0.9991302490234375 -0.01264262292534113
1403636581.2635555 0.9988946318626404 0.022298378869891167 0.04138416424393654 -0.018440229818224907 -0.021376369521021843 0.9995162487030029 -0.022589733824133873 -0.11631636321544647 -0.041867855936288834 0.02168012224137783 0.9988877773284912 -0.018355710431933403
1403636581.3135555 0.9988870620727539 0.024094458669424057 0.04055311903357506 -0.017443258315324783 -0.02256295084953308 0.9990302920341492 -0.0378086231648922 -0.1313468962907791 -0.041424766182899475 0.036851540207862854 0.9984616637229919 -0.024078819900751114
1403636581.3635557 0.9988376498222351 0.024316120892763138 0.04161844402551651 -0.01762009970843792 -0.022285958752036095 0.9985711574554443 -0.048567913472652435 -0.1387111395597458 -0.04273996502161026 0.04758395627140999 0.9979524612426758 -0.027096107602119446
1403636581.4135554 0.9985321164131165 0.029086997732520103 0.04568994417786598 -0.01638507843017578 -0.026752259582281113 0.9983450770378113 -0.05090542882680893 -0.13908055424690247 -0.04709501564502716 0.049608394503593445 0.997657835483551 -0.027957305312156677
1403636581.4635556 0.9982444643974304 0.03477860987186432 0.047941599041223526 -0.01460251770913601 -0.0325537733733654 0.9983908534049988 -0.046431902796030045 -0.12944157421588898 -0.049479298293590546 0.044789716601371765 0.9977703094482422 -0.02680467627942562
1403636581.5135555 0.9979029297828674 0.04048820957541466 0.05050237849354744 -0.01295999065041542 -0.038688644766807556 0.9985983967781067 -0.0361161082983017 -0.11261094361543655 -0.051893867552280426 0.034086503088474274 0.9980707168579102 -0.023023976013064384
1403636581.5635555 0.9978981018066406 0.03805425763130188 0.052454397082328796 -0.012108822353184223 -0.03686140105128288 0.9990434646606445 -0.023524068295955658 -0.09091896563768387 -0.05329940468072891 0.02154107764363289 0.9983460903167725 -0.018036194145679474
1403636581.6135554 0.9981015920639038 0.035038676112890244 0.050650887191295624 -0.009957155212759972 -0.03455604240298271 0.9993487596511841 -0.010373365134000778 -0.0640406534075737 -0.05098137632012367 0.00860337633639574 0.998662531375885 -0.009604179300367832
1403636581.6635556 0.9983032941818237 0.030461791902780533 0.04962468519806862 -0.008140986785292625 -0.03048759698867798 0.999535083770752 -0.00023686420172452927 -0.034467846155166626 -0.04960883781313896 -0.0012764763087034225 0.9987678527832031 -0.0013261664425954223
1403636581.7135556 0.9982640743255615 0.03346332535147667 0.04846350848674774 -0.005617770366370678 -0.03384088724851608 0.9994027018547058 0.0069909426383674145 -0.0038208686746656895 -0.048200614750385284 -0.008618856780230999 0.9988003373146057 0.007357235997915268
1403636581.7635555 0.9984960556030273 0.03013218380510807 0.04579664021730423 -0.0029955680947750807 -0.030626948922872543 0.999479353427887 0.010140390135347843 0.028956862166523933 -0.04546723887324333 -0.011527753435075283 0.9988991618156433 0.016250982880592346
1403636581.8135555 0.9987583756446838 0.029885634779930115 0.03985274210572243 -0.0017350568668916821 -0.030428819358348846 0.9994509220123291 0.013093478046357632 0.061581626534461975 -0.03943956643342972 -0.014289891347289085 0.9991196990013123 0.023897744715213776
1403636581.8635557 0.9988778829574585 0.028567204251885414 0.03776983171701431 -0.0003462267341092229 -0.02926461771130562 0.9994086027145386 0.018042713403701782 0.09456674009561539 -0.03723207116127014 -0.01912778802216053 0.9991235136985779 0.031477779150009155
1403636581.9135554 0.9991309642791748 0.023725152015686035 0.03427383676171303 3.8085272535681725e-06 -0.024670099839568138 0.9993194341659546 0.027415739372372627 0.12786903977394104 -0.033600080758333206 -0.02823745086789131 0.9990363121032715 0.03888418525457382
1403636581.9635556 0.9990291595458984 0.021301494911313057 0.038562141358852386 0.0008522153366357088 -0.022869234904646873 0.9989101886749268 0.040680985897779465 0.15955600142478943 -0.03765355795621872 -0.04152338206768036 0.9984277486801147 0.04628828912973404
1403636582.0135555 0.9989286661148071 0.017984429374337196 0.04263933375477791 0.00036958022974431515 -0.02038588561117649 0.9981905221939087 0.056571319699287415 0.18980471789836884 -0.04154477268457413 -0.057379961013793945 0.9974876046180725 0.05437232553958893
1403636582.0635555 0.9987666606903076 0.01793045550584793 0.04629988595843315 0.0007280241698026657 -0.021335341036319733 0.9970204830169678 0.07412520796060562 0.2147107869386673 -0.04483284056186676 -0.07502162456512451 0.9961734414100647 0.059114377945661545
1403636582.1135554 0.9987744092941284 0.019204162061214447 0.04561754688620567 -0.00017488794401288033 -0.023304913192987442 0.9955659508705139 0.09113481640815735 0.23701339960098267 -0.04366511106491089 -0.09208623319864273 0.9947932362556458 0.06466308236122131
1403636582.1635556 0.9989625215530396 0.01754775643348694 0.04202386364340782 -0.0015386850573122501 -0.02191612683236599 0.9941399693489075 0.10585571825504303 0.2525447607040405 -0.039920076727867126 -0.10666689276695251 0.9934930205345154 0.06705678254365921
1403636582.2135556 0.9990984201431274 0.017953282222151756 0.03847084194421768 -0.003016925882548094 -0.022366011515259743 0.9928173422813416 0.11753109097480774 0.26096242666244507 -0.036084458231925964 -0.11828556656837463 0.9923236966133118 0.06812934577465057
1403636582.2635555 0.9992048740386963 0.01705295406281948 0.03603825718164444 -0.004118491895496845 -0.021408623084425926 0.9920310974121094 0.12416093051433563 0.26092541217803955 -0.0336337685585022 -0.12483373284339905 0.9916073083877563 0.06827384978532791
1403636582.3135555 0.9992671608924866 0.018199153244495392 0.0336754284799099 -0.0058817751705646515 -0.02231917716562748 0.9917379021644592 0.12632454931735992 0.25103721022605896 -0.031098201870918274 -0.12698356807231903 0.9914171695709229 0.06584647297859192
1403636582.3635557 0.9993305206298828 0.017653409391641617 0.03204403817653656 -0.008227335289120674 -0.02141505852341652 0.9924061298370361 0.1211262196302414 0.2329557240009308 -0.029662415385246277 -0.12173137813806534 0.9921196103096008 0.06150248646736145
1403636582.4135554 0.9993706941604614 0.017495905980467796 0.03085980750620365 -0.010348176583647728 -0.02074538916349411 0.9938979744911194 0.10833465307950974 0.20909756422042847 -0.028776098042726517 -0.10890667140483856 0.9936352968215942 0.055205389857292175
1403636582.4635556 0.9993777871131897 0.017040885984897614 0.030879834666848183 -0.01222269143909216 -0.0198524072766304 0.9954536557197571 0.09315643459558487 0.181483656167984 -0.029151974245905876 -0.0937115028500557 0.995172381401062 0.04826311022043228
1403636582.5135555 0.9991938471794128 0.021638739854097366 0.03381269425153732 -0.013647397048771381 -0.02430143393576145 0.9964639544487 0.08043225109577179 0.15077628195285797 -0.03195267543196678 -0.0811891108751297 0.9961863160133362 0.04096600413322449
1403636582.5635555 0.999056339263916 0.022358138114213943 0.037234507501125336 -0.014389149844646454 -0.024938296526670456 0.9972115755081177 0.07033759355545044 0.1183038204908371 -0.0355580598115921 -0.07119977474212646 0.9968281388282776 0.03317653760313988
1403636582.6135554 0.9987213015556335 0.026842813938856125 0.0428420826792717 -0.014220735058188438 -0.029561182484030724 0.9975031614303589 0.06413280218839645 0.08546771109104156 -0.04101362079381943 -0.06531725823879242 0.9970213174819946 0.02454986609518528
1403636582.6635556 0.9984748363494873 0.02688213251531124 0.04822027310729027 -0.014455313794314861 -0.029728379100561142 0.9977966547012329 0.05931401997804642 0.05307680368423462 -0.04651953652501106 -0.060657065361738205 0.9970739483833313 0.016463838517665863
1403636582.7135556 0.9983838796615601 0.0258613433688879 0.0506012924015522 -0.013991838321089745 -0.028622154146432877 0.9980970621109009 0.05461866408586502 0.021002724766731262 -0.049092475324869156 -0.055978719145059586 0.9972241520881653 0.008243394084274769
1403636582.7635555 0.9982503652572632 0.022049175575375557 0.054862260818481445 -0.013341451063752174 -0.02468143403530121 0.9985532164573669 0.04777378961443901 -0.011269940994679928 -0.053729504346847534 -0.04904428869485855 0.9973503351211548 0.0011924130376428366
1403636582.8135555 0.9979783892631531 0.017204921692609787 0.06118053197860718 -0.01158864889293909 -0.019565628841519356 0.9990785717964172 0.038198426365852356 -0.04276398569345474 -0.0604669488966465 -0.03931824117898941 0.9973954558372498 -0.005673023872077465
1403636582.8635557 0.9974501132965088 0.01309856865555048 0.07015489786863327 -0.00980286579579115 -0.014875116758048534 0.9995802640914917 0.024860890582203865 -0.07480106502771378 -0.06979980319738388 -0.025841061025857925 0.9972262382507324 -0.012629956007003784
1403636582.9135554 0.9970421195030212 0.008388033136725426 0.07639754563570023 -0.008512207306921482 -0.009068372659385204 0.9999222159385681 0.008562706410884857 -0.10439769923686981 -0.07631978392601013 -0.009230181574821472 0.9970406293869019 -0.02005257084965706
1403636582.9635556 0.9967662692070007 0.008668620139360428 0.07988612353801727 -0.006831331178545952 -0.008033416233956814 0.9999335408210754 -0.00826934166252613 -0.1307065784931183 -0.07995250821113586 0.007600840181112289 0.9967696666717529 -0.02718081697821617
1403636583.0135555 0.9964993000030518 0.008777949959039688 0.08313915133476257 -0.005046241916716099 -0.006712801288813353 0.9996627569198608 -0.02508670836687088 -0.15095064043998718 -0.08333133161067963 0.024440787732601166 0.9962222576141357 -0.03180092200636864
1403636583.0635555 0.9964747428894043 0.011863397434353828 0.08305013179779053 -0.004576046019792557 -0.008907891809940338 0.9993168711662292 -0.035867542028427124 -0.16311635076999664 -0.08341891318559647 0.03500129282474518 0.9958997964859009 -0.037032004445791245
1403636583.1135554 0.9962139129638672 0.015585335902869701 0.08552726358175278 -0.004686691332608461 -0.012165960855782032 0.9991112947463989 -0.04035654664039612 -0.16864964365959167 -0.08608022332191467 0.03916322812438011 0.995518147945404 -0.039491962641477585
1403636583.1635556 0.9958057999610901 0.019812745973467827 0.08932118117809296 -0.0030876619275659323 -0.016222048550844193 0.9990378022193909 -0.04074814170598984 -0.16555368900299072 -0.0900425836443901 0.03912826254963875 0.995168924331665 -0.037368107587099075
1403636583.2135556 0.9956095814704895 0.02413160353899002 0.09043923020362854 -0.002763047581538558 -0.020723776891827583 0.9990463852882385 -0.03843241184949875 -0.1548473834991455 -0.09128043055534363 0.03638944402337074 0.9951601028442383 -0.03425703942775726
1403636583.2635555 0.9957368969917297 0.025702962651848793 0.0885852724313736 -0.0011484934948384762 -0.022711576893925667 0.9991427659988403 -0.03461265563964844 -0.13820865750312805 -0.08939898759126663 0.03245319798588753 0.9954670667648315 -0.02959331125020981
1403636583.3135555 0.9959931969642639 0.023709353059530258 0.08622951805591583 -0.0001852090936154127 -0.021112527698278427 0.9992993474006653 -0.03090367652475834 -0.11653581261634827 -0.08690182864665985 0.02895932085812092 0.9957959055900574 -0.022955074906349182
1403636583.3635557 0.9961157441139221 0.024394944310188293 0.08460723608732224 0.0015047498745843768 -0.022245194762945175 0.9994077086448669 -0.026259049773216248 -0.08976158499717712 -0.08519771695137024 0.02427494525909424 0.9960683584213257 -0.014415636658668518
1403636583.4135554 0.9965293407440186 0.02253870852291584 0.08013298362493515 0.003603436751291156 -0.020860260352492332 0.9995463490486145 -0.02172170579433441 -0.06021423637866974 -0.08058622479438782 0.0199747197329998 0.996547520160675 -0.0041745733469724655
1403636583.4635556 0.9967896938323975 0.026302127167582512 0.075620636343956 0.0056795054115355015 -0.025235118344426155 0.999568521976471 -0.015031222254037857 -0.028342336416244507 -0.07598335295915604 0.01307467371225357 0.9970234632492065 0.0034758986439555883
1403636583.5135555 0.9969895482063293 0.027272485196590424 0.07258154451847076 0.007906748913228512 -0.026722803711891174 0.9996064305305481 -0.008533748798072338 0.004508791957050562 -0.07278572767972946 0.006568477023392916 0.9973258972167969 0.013218484818935394
1403636583.5635555 0.9969068765640259 0.031202353537082672 0.07213282585144043 0.010146728716790676 -0.03128787502646446 0.9995102882385254 5.573686212301254e-05 0.03877083584666252 -0.07209579646587372 -0.0023124474100768566 0.9973950386047363 0.02248810976743698
1403636583.6135554 0.9964770674705505 0.033186644315719604 0.07701932638883591 0.012446359731256962 -0.0341334193944931 0.9993566274642944 0.01100862305611372 0.07384319603443146 -0.0766044333577156 -0.013598770834505558 0.9969688653945923 0.032175589352846146
1403636583.6635556 0.9969123601913452 0.030929137021303177 0.07217222452163696 0.011980481445789337 -0.033060409128665924 0.9990463256835938 0.028524834662675858 0.10640593618154526 -0.07122113555669785 -0.030822813510894775 0.9969842433929443 0.03984305262565613
1403636583.7135556 0.9974114894866943 0.021493643522262573 0.06861663609743118 0.012879615649580956 -0.02493298612535 0.9984545707702637 0.0496675930917263 0.13875854015350342 -0.06744305789470673 -0.051249854266643524 0.996406078338623 0.04719509184360504
1403636583.7635555 0.9978007674217224 0.013737374916672707 0.06484228372573853 0.012727199122309685 -0.018471194431185722 0.9971622824668884 0.07297998666763306 0.1678972989320755 -0.06365572661161423 -0.07401721179485321 0.995223343372345 0.054178010672330856
1403636583.8135555 0.9979710578918457 0.007281933911144733 0.06325125694274902 0.014201655983924866 -0.013153173960745335 0.9955875873565674 0.09291014075279236 0.19677145779132843 -0.06229559704661369 -0.0935535877943039 0.9936634302139282 0.06251675635576248
1403636583.8635557 0.997982919216156 0.005650256760418415 0.06322985887527466 0.014360694214701653 -0.012447705492377281 0.9941127896308899 0.10763277113437653 0.2217119038105011 -0.06224945932626724 -0.1082027405500412 0.9921780228614807 0.06780847162008286
1403636583.9135554 0.9978663325309753 0.010993069037795067 0.06435735523700714 0.015158485621213913 -0.018546244129538536 0.9928438067436218 0.11797057837247849 0.24295999109745026 -0.06259994208812714 -0.11891245096921921 0.9909294247627258 0.07174085825681686
1403636583.9635556 0.9979497790336609 0.016567707061767578 0.061820242553949356 0.014751601964235306 -0.02416827902197838 0.9919500350952148 0.1243022009730339 0.25910061597824097 -0.05926318094134331 -0.12554144859313965 0.9903167486190796 0.07360339164733887
1403636584.0135555 0.9982565641403198 0.019635137170553207 0.055662259459495544 0.013769600540399551 -0.02658570557832718 0.9915437698364258 0.1270206719636917 0.2707444727420807 -0.05269749462604523 -0.12827906012535095 0.990337073802948 0.07468105852603912
1403636584.0635555 0.9985353350639343 0.022213540971279144 0.04933115467429161 0.011983076110482216 -0.0283245500177145 0.9915165305137634 0.12685638666152954 0.2753902077674866 -0.046094730496406555 -0.12806786596775055 0.9906936287879944 0.07382427155971527
1403636584.1135554 0.9988303780555725 0.02173718996345997 0.043186962604522705 0.010565539821982384 -0.027065608650445938 0.9915457963943481 0.1269024908542633 0.27294281125068665 -0.040063343942165375 -0.12792295217514038 0.9909746050834656 0.07217565923929214
1403636584.1635556 0.9989641904830933 0.02293332666158676 0.03929861634969711 0.009285579435527325 -0.027759606018662453 0.9915098547935486 0.1270332783460617 0.2633291184902191 -0.0360516682267189 -0.12799261510372162 0.9911196231842041 0.06975211203098297
1403636584.2135556 0.9989877939224243 0.02421122044324875 0.03790876269340515 0.008278773166239262 -0.028848761692643166 0.9914825558662415 0.1270037591457367 0.24594363570213318 -0.034510962665081024 -0.12796881794929504 0.991177499294281 0.06594240665435791
1403636584.2635555 0.9989811182022095 0.024920571595430374 0.03762383759021759 0.0069956351071596146 -0.02940385602414608 0.9918783903121948 0.12374397367238998 0.22411493957042694 -0.03423449769616127 -0.12472417205572128 0.9916006326675415 0.06128186732530594
1403636584.3135555 0.9989390969276428 0.025854839012026787 0.03810742497444153 0.005129287950694561 -0.030247477814555168 0.9923598766326904 0.11961138248443604 0.19825603067874908 -0.03472374752163887 -0.12063716351985931 0.9920891523361206 0.054844439029693604
1403636584.3635557 0.9987255930900574 0.02970481663942337 0.040800791233778 0.004292950965464115 -0.034268543124198914 0.9926414489746094 0.11614113301038742 0.16848470270633698 -0.03705059736967087 -0.11739130318164825 0.9923943281173706 0.049252741038799286
1403636584.4135554 0.9981763362884521 0.03606010600924492 0.048411011695861816 0.004434166010469198 -0.041306693106889725 0.9928313493728638 0.11215981096029282 0.1359112411737442 -0.04401946812868118 -0.11395497620105743 0.992510199546814 0.04410581290721893
1403636584.4635556 0.9976226091384888 0.04107142239809036 0.05533524230122566 0.0049288016743958 -0.04676470905542374 0.9932801723480225 0.10586580634117126 0.10047459602355957 -0.0506153404712677 -0.10820187628269196 0.9928396940231323 0.036946818232536316
1403636584.5135555 0.9973436594009399 0.04277263209223747 0.05895646661520004 0.0047286758199334145 -0.04829080402851105 0.9942483305931091 0.09559468179941177 0.06499264389276505 -0.054528530687093735 -0.09818783402442932 0.9936729073524475 0.031355876475572586
1403636584.5635555 0.9971609115600586 0.04231730476021767 0.062283486127853394 0.003820447251200676 -0.0473792664706707 0.9954909086227417 0.08217691630125046 0.027887821197509766 -0.05852512642741203 -0.084894560277462 0.9946696758270264 0.024991121143102646
1403636584.6135554 0.99693763256073 0.04067526012659073 0.06678954511880875 0.0032959948293864727 -0.045007869601249695 0.9968892931938171 0.0647004172205925 -0.009006215259432793 -0.0639500841498375 -0.06750833243131638 0.9956671595573425 0.01888227090239525
1403636584.6635556 0.9964897632598877 0.03883003443479538 0.0741639956831932 0.002190985018387437 -0.04215604066848755 0.9981496334075928 0.043820224702358246 -0.04426565766334534 -0.0723252221941948 -0.04679286107420921 0.9962828159332275 0.011272481642663479
1403636584.7135556 0.996017336845398 0.039339251816272736 0.08001149445772171 0.001444113440811634 -0.04120760038495064 0.9989119172096252 0.02183474600315094 -0.07746221125125885 -0.0790654718875885 -0.025044871494174004 0.9965547323226929 0.003706567455083132
1403636584.7635555 0.9955648183822632 0.03757237270474434 0.08625005185604095 0.002801823429763317 -0.03783750161528587 0.9992828965187073 0.0014406139962375164 -0.10809870064258575 -0.08613408356904984 -0.004697710275650024 0.9962725043296814 -0.0027987936045974493
1403636584.8135555 0.9952269196510315 0.038353241980075836 0.08973608165979385 0.0012082839384675026 -0.03717413544654846 0.9991996884346008 -0.014774938113987446 -0.1376970112323761 -0.09023093432188034 0.011368552222847939 0.9958560466766357 -0.011587139219045639
1403636584.8635557 0.9952143430709839 0.03422555327415466 0.091526098549366 0.0002374028554186225 -0.03175923228263855 0.9990956783294678 -0.02826913446187973 -0.16022276878356934 -0.09241084009408951 0.025227045640349388 0.9954013824462891 -0.01867179572582245
1403636584.9135554 0.9954162836074829 0.031325049698352814 0.09036102145910263 -0.0007383988704532385 -0.027992382645606995 0.9988887906074524 -0.03791643679141998 -0.1767095923423767 -0.0914483442902565 0.035213224589824677 0.9951870441436768 -0.024137374013662338
1403636584.9635556 0.9952797293663025 0.026896677911281586 0.09324533492326736 -0.003674108535051346 -0.023044917732477188 0.9988458156585693 -0.04214143753051758 -0.18828238546848297 -0.09427116811275482 0.03979369252920151 0.9947508573532104 -0.02898046188056469
1403636585.0135555 0.9950379133224487 0.02418205328285694 0.09651319682598114 -0.0026407933328300714 -0.0202017892152071 0.998913049697876 -0.04200693592429161 -0.19002282619476318 -0.09742409735918045 0.03984875604510307 0.9944447875022888 -0.02829577401280403
1403636585.0635555 0.9947222471237183 0.021835189312696457 0.10025335103273392 -0.0035487061832100153 -0.01802610419690609 0.9990865588188171 -0.03874459117650986 -0.18712806701660156 -0.10100775957107544 0.036732934415340424 0.9942072629928589 -0.02703935280442238
1403636585.1135554 0.9946776032447815 0.021057026460766792 0.10086189210414886 -0.004195328336209059 -0.01771663688123226 0.9992681741714478 -0.03390057384967804 -0.17850522696971893 -0.10150191187858582 0.03193321079015732 0.9943227767944336 -0.024909965693950653
1403636585.1635556 0.9942343235015869 0.019288672134280205 0.10548019409179688 -0.0023115533404052258 -0.016432711854577065 0.9994762539863586 -0.027878277003765106 -0.16440443694591522 -0.10596267879009247 0.02598421461880207 0.9940305352210999 -0.018790237605571747
1403636585.2135556 0.9935778975486755 0.02019057609140873 0.11133415251970291 -0.0009934566915035248 -0.01788606308400631 0.9996054768562317 -0.021659180521965027 -0.14476275444030762 -0.11172754317522049 0.01952875405550003 0.9935469627380371 -0.011918295174837112
1403636585.2635555 0.9927288889884949 0.026172693818807602 0.11749182641506195 0.0016894475556910038 -0.024541020393371582 0.9995814561843872 -0.015313051640987396 -0.12230002880096436 -0.11784344166517258 0.012318339198827744 0.9929558038711548 -0.003538088873028755
1403636585.3135555 0.992007851600647 0.031528785824775696 0.1221742331981659 0.004973354749381542 -0.0305655337870121 0.9994851350784302 -0.009750913828611374 -0.09780653566122055 -0.12241876125335693 0.005938662216067314 0.9924607872962952 0.004961938131600618
1403636585.3635557 0.9915372729301453 0.03895452991127968 0.1238403469324112 0.008798088878393173 -0.03871126100420952 0.9992408752441406 -0.004370927810668945 -0.07097454369068146 -0.1239166110754013 -0.00046007800847291946 0.9922925233840942 0.013769835233688354
1403636585.4135554 0.9911130666732788 0.04390571266412735 0.12556777894496918 0.011054174974560738 -0.04458806663751602 0.9990019798278809 0.0026274677366018295 -0.04373837262392044 -0.12532709538936615 -0.008202941156923771 0.9920815825462341 0.023021019995212555
1403636585.4635556 0.9917021989822388 0.04746794328093529 0.11947247385978699 0.01312587596476078 -0.049247726798057556 0.9987145662307739 0.011987224221229553 -0.017541352659463882 -0.11874989420175552 -0.01777150109410286 0.9927651882171631 0.030897999182343483
1403636585.5135555 0.9922702312469482 0.04897341877222061 0.11402411758899689 0.01597484201192856 -0.05186958611011505 0.9983986616134644 0.02257099561393261 0.008080825209617615 -0.11273618042469025 -0.028310909867286682 0.9932215809822083 0.03625645115971565
1403636585.5635555 0.9934923648834229 0.049736350774765015 0.10246653109788895 0.016575366258621216 -0.053530916571617126 0.997965931892395 0.03461963310837746 0.033006515353918076 -0.1005362719297409 -0.03987947851419449 0.9941337704658508 0.038267601281404495
1403636585.6135554 0.994847297668457 0.04830310121178627 0.08913888037204742 0.017576325684785843 -0.052675023674964905 0.9974879026412964 0.04736243188381195 0.05505182594060898 -0.08662723004817963 -0.05181378126144409 0.9948924779891968 0.0383697971701622
1403636585.6635556 0.9960715174674988 0.04393681511282921 0.07688341289758682 0.017460962757468224 -0.04870174452662468 0.9969342350959778 0.06123949587345123 0.07386990636587143 -0.07395704090595245 -0.064743272960186 0.9951575994491577 0.03671807795763016
1403636585.7135556 0.997159481048584 0.038370028138160706 0.06481446325778961 0.0169626846909523 -0.043312110006809235 0.9961167573928833 0.0766502246260643 0.08767585456371307 -0.061621714383363724 -0.07923973351716995 0.994949221611023 0.03309200704097748
1403636585.7635555 0.9978857636451721 0.03170209005475044 0.05673503130674362 0.01682482659816742 -0.03687215596437454 0.9950267672538757 0.09253137558698654 0.09855671972036362 -0.053519442677497864 -0.0944276824593544 0.9940919876098633 0.029901549220085144
1403636585.8135555 0.9985738396644592 0.02343696542084217 0.04796925187110901 0.01614266075193882 -0.02854594960808754 0.9936585426330566 0.108754962682724 0.1060996875166893 -0.04511616379022598 -0.10996916145086288 0.992910623550415 0.025878798216581345
1403636585.8635557 0.999043881893158 0.016296369954943657 0.040569692850112915 0.015622050501406193 -0.021343622356653214 0.9916391372680664 0.12726463377475739 0.11043011397123337 -0.03815654665231705 -0.1280088722705841 0.9910387396812439 0.02134224772453308
1403636585.9135554 0.9993434548377991 0.009118126705288887 0.03506271541118622 0.015140562318265438 -0.014155525714159012 0.9891500473022461 0.14622482657432556 0.11255595088005066 -0.03334898501634598 -0.14662514626979828 0.9886298179626465 0.01613151840865612
1403636585.9635556 0.9993637204170227 0.0037968719843775034 0.03546283021569252 0.014909917488694191 -0.009675318375229836 0.9858923554420471 0.1671004295349121 0.11361413449048996 -0.03432806208729744 -0.16733722388744354 0.9853019714355469 0.0113592017441988
1403636586.0135555 0.9991301894187927 -0.0014365846291184425 0.04167518764734268 0.014678415842354298 -0.006560051813721657 0.9815472960472107 0.19110698997974396 0.11357222497463226 -0.04118070378899574 -0.19121414422988892 0.9806841611862183 0.008167685940861702
1403636586.0635555 0.9984703063964844 -0.004552638623863459 0.05510111153125763 0.014621027745306492 -0.007454954087734222 0.9764171242713928 0.21576377749443054 0.11326207965612411 -0.05478395149111748 -0.2158445417881012 0.9748898148536682 0.0055110640823841095
1403636586.1135554 0.9976584911346436 -0.009892290458083153 0.06767317652702332 0.01354655809700489 -0.006429843604564667 0.9715354442596436 0.2368071973323822 0.11208837479352951 -0.06808945536613464 -0.23668786883354187 0.9691969752311707 0.0025348179042339325
1403636586.1635556 0.9968704581260681 -0.01679893396794796 0.07724708318710327 0.011726928874850273 -0.003455876372754574 0.9669654965400696 0.2548840045928955 0.11106888949871063 -0.07897703349590302 -0.25435328483581543 0.963881254196167 -0.0002002120018005371
1403636586.2135556 0.9964341521263123 -0.02234589494764805 0.08136100322008133 0.009139078669250011 -0.0006686747074127197 0.9621696472167969 0.27245032787323 0.10900191962718964 -0.08437122404575348 -0.2715332806110382 0.958723783493042 -0.004268283024430275
1403636586.2635555 0.9962301850318909 -0.026601223275065422 0.08256998658180237 0.006432531401515007 0.0014572609215974808 0.9568214416503906 0.29067277908325195 0.10848122090101242 -0.08673698455095291 -0.28945669531822205 0.9532532095909119 -0.008758602663874626
1403636586.3135555 0.995980441570282 -0.032995350658893585 0.083272784948349 0.0048601990565657616 0.0055525656789541245 0.9506351351737976 0.31026092171669006 0.10753296315670013 -0.08939919620752335 -0.3085514307022095 0.9469974040985107 -0.013544086366891861
1403636586.3635557 0.9957507252693176 -0.039210304617881775 0.08332408219575882 0.00419240165501833 0.009563110768795013 0.9439595937728882 0.32992228865623474 0.1083441898226738 -0.09159091860055923 -0.32772353291511536 0.940323531627655 -0.019105559214949608
1403636586.4135554 0.9954805970191956 -0.04599349945783615 0.08308489620685577 0.003429754637181759 0.014114311896264553 0.9368323683738708 0.34949395060539246 0.10851263254880905 -0.0939110666513443 -0.34674176573753357 0.9332475066184998 -0.024845227599143982
1403636586.4635556 0.995493471622467 -0.04790554568171501 0.08184035867452621 0.004248711280524731 0.014511194080114365 0.9298093914985657 0.36775529384613037 0.10950642079114914 -0.09371346235275269 -0.36491039395332336 0.9263142943382263 -0.030979987233877182
1403636586.5135555 0.995532214641571 -0.04740561917424202 0.08165979385375977 0.00519740954041481 0.01250768918544054 0.9234207272529602 0.3835856020450592 0.11018002778291702 -0.09359044581651688 -0.3808504343032837 0.919887900352478 -0.03684312105178833
1403636586.5635555 0.9958444833755493 -0.04640300199389458 0.07836157828569412 0.007685767486691475 0.0116311926394701 0.9182114005088806 0.3959197998046875 0.11000092327594757 -0.09032436460256577 -0.39336317777633667 0.9149354100227356 -0.04156796261668205
1403636586.6135554 0.996135950088501 -0.04581907391548157 0.07492519915103912 0.010974865406751633 0.011790338903665543 0.9151679277420044 0.4029000997543335 0.10851030051708221 -0.08702966570854187 -0.400459885597229 0.9121719598770142 -0.04561534523963928
1403636586.6635556 0.9961289167404175 -0.04695139452815056 0.07431469857692719 0.01550664845854044 0.012996803037822247 0.9147816300392151 0.4037395119667053 0.10642468184232712 -0.08693785965442657 -0.4012107849121094 0.9118507504463196 -0.047608695924282074
1403636586.7135556 0.996279776096344 -0.046187691390514374 0.07275471836328506 0.020059745758771896 0.01331757940351963 0.9166187047958374 0.3995407223701477 0.10403682291507721 -0.08514219522476196 -0.39708542823791504 0.9138239026069641 -0.04841672629117966
1403636586.7635555 0.9965287446975708 -0.04707511141896248 0.06866113096475601 0.02385103516280651 0.01639752835035324 0.9196036458015442 0.39250504970550537 0.10203879326581955 -0.08161824196577072 -0.39001670479774475 0.9171833992004395 -0.048062317073345184
1403636586.8135555 0.9968281388282776 -0.0464831218123436 0.06459778547286987 0.028827283531427383 0.018114907667040825 0.9229167103767395 0.384573370218277 0.10017893463373184 -0.0774945467710495 -0.38218340277671814 0.9208314418792725 -0.04707507789134979
1403636586.8635557 0.9970517754554749 -0.04407224431633949 0.0628122016787529 0.03239971026778221 0.017142117023468018 0.9258451461791992 0.377514123916626 0.09977921098470688 -0.07479225844144821 -0.37532439827919006 0.9238710403442383 -0.04529065638780594
1403636586.9135554 0.9974128007888794 -0.038946934044361115 0.060421422123909 0.034387242048978806 0.013690670020878315 0.9280480146408081 0.3722086548805237 0.09955325722694397 -0.07057036459445953 -0.3704184591770172 0.926180362701416 -0.04325414448976517
1403636586.9635556 0.997763454914093 -0.035704243928194046 0.056508392095565796 0.03556828200817108 0.012475550174713135 0.9300051927566528 0.3673344552516937 0.09937532246112823 -0.0656685084104538 -0.36580798029899597 0.9283706545829773 -0.04111182689666748
1403636587.0135555 0.9981483817100525 -0.029477227479219437 0.05320751294493675 0.036277394741773605 0.007959198206663132 0.9305047392845154 0.36619335412979126 0.09802059829235077 -0.06030420958995819 -0.36509183049201965 0.9290164113044739 -0.03852901607751846
1403636587.0635555 0.998357892036438 -0.02677762880921364 0.05063995346426964 0.03731715679168701 0.006324460729956627 0.9301376342773438 0.3671566843986511 0.09741338342428207 -0.05693370848894119 -0.36623355746269226 0.9287796020507812 -0.03623753786087036
1403636587.1135554 0.9985261559486389 -0.02237929403781891 0.04944344237446785 0.038552820682525635 0.0024005435407161713 0.9283452033996582 0.3717116117477417 0.0963435098528862 -0.054219216108322144 -0.3710451126098633 0.9270306825637817 -0.0337592214345932
1403636587.1635556 0.9986437559127808 -0.019516032189130783 0.048266589641571045 0.04173273965716362 -5.14863058924675e-05 0.9267126321792603 0.37577080726623535 0.09591173380613327 -0.05206280201673508 -0.3752637207508087 0.9254547953605652 -0.0313492976129055
1403636587.2135556 0.9987258911132812 -0.018281999975442886 0.04703562334179878 0.04552123323082924 -0.0008665313944220543 0.9257188439369202 0.3782115578651428 0.09533495455980301 -0.0504562184214592 -0.37777042388916016 0.9245234727859497 -0.028480572625994682
1403636587.2635555 0.9986775517463684 -0.01927943527698517 0.047661226242780685 0.05117688700556755 -0.00025864969938993454 0.9251322746276855 0.3796447515487671 0.09516768157482147 -0.05141228809952736 -0.3791549801826477 0.92390376329422 -0.02562621608376503
1403636587.3135555 0.99860018491745 -0.022235095500946045 0.0479920469224453 0.05915374308824539 0.0022399844601750374 0.924311637878418 0.3816320598125458 0.09364882111549377 -0.05284522846341133 -0.38099032640457153 0.923067569732666 -0.02223135530948639
