1403636580.0635555 0.9999893307685852 -0.004578441847115755 0.0005163447931408882 -0.00045901245903223753 0.004568847827613354 0.9998405575752258 0.017259076237678528 0.010614550672471523 -0.0005952821229584515 -0.01725653186440468 0.9998509287834167 0.0033178492449223995
1403636580.1135554 0.9999557137489319 -0.00937779899686575 -0.0007980232476256788 -0.000498831330332905 0.009393234737217426 0.999708354473114 0.022248011082410812 0.01599734276533127 0.0005891530308872461 -0.022254522889852524 0.9997522830963135 0.0050342329777777195
1403636580.1635556 0.9999051094055176 -0.013647753745317459 -0.0019012496341019869 -0.0007989588775672019 0.01368633657693863 0.9996638298034668 0.022023595869541168 0.026590105146169662 0.0016000374453142285 -0.022047527134418488 0.9997556209564209 0.00775695638731122
1403636580.2135556 0.9999297261238098 -0.011667167767882347 -0.0020572219509631395 -0.0010965523542836308 0.011721218004822731 0.9995228052139282 0.02857767604291439 0.029408810660243034 0.001722819753922522 -0.02859978750348091 0.9995893836021423 0.00876105111092329
1403636580.2635555 0.9999399185180664 -0.010665670968592167 -0.0024853588547557592 -0.0011633153771981597 0.010747712105512619 0.9993033409118652 0.035740192979574203 0.030461125075817108 0.002102434169501066 -0.03576476871967316 0.9993579983711243 0.009035633876919746
1403636580.3135555 0.9999702572822571 -0.007188590243458748 -0.002800636226311326 -0.0013087807456031442 0.007301629520952702 0.9990615248680115 0.042693499475717545 0.03618635609745979 0.0024911020882427692 -0.042712680995464325 0.9990842342376709 0.010368213057518005
1403636580.3635557 0.9999875426292419 -0.0033789423760026693 -0.00367102213203907 -0.0014667707728222013 0.0035791578702628613 0.9984255433082581 0.05597732588648796 0.034821778535842896 0.003476096084341407 -0.05598977208137512 0.9984253644943237 0.009817861020565033
1403636580.4135554 0.9999932646751404 -0.00028039832250215113 -0.0036775453481823206 -0.0015957835130393505 0.0005408753058873117 0.9974746108055115 0.07102061063051224 0.03788026422262192 0.0036483427975326777 -0.07102209329605103 0.9974682927131653 0.010339044034481049
1403636580.4635556 0.9999903440475464 0.0005593536188825965 -0.004369872622191906 -0.0018580766627565026 -0.00017242220928892493 0.9961161017417908 0.08804849535226822 0.0411905013024807 0.004402149934321642 -0.08804687857627869 0.996106743812561 0.010756568983197212
1403636580.5135555 0.9999896883964539 0.0016880463808774948 -0.004209645092487335 -0.002063299063593149 -0.001236327108927071 0.9944621324539185 0.10508811473846436 0.041908279061317444 0.004363728687167168 -0.10508184134960175 0.9944540858268738 0.010815578512847424
1403636580.5635555 0.9999793767929077 -0.00020291568944230676 -0.006405727006494999 -0.002281259512528777 0.0009605676168575883 0.992953896522522 0.1184973493218422 0.04158604517579079 0.006336548365652561 -0.11850108206272125 0.9929338097572327 0.01055941917002201
1403636580.6135554 0.9999513030052185 -0.0010065084788948298 -0.009818591177463531 -0.0024065827019512653 0.0022153842728585005 0.9922921657562256 0.12390021979808807 0.038904353976249695 0.009618209674954414 -0.12391595542430878 0.992246150970459 0.009441917762160301
1403636580.6635556 0.9999409317970276 -0.0017668913351371884 -0.01071921456605196 -0.0025340423453599215 0.003063509939238429 0.9925030469894409 0.12218090891838074 0.03406265377998352 0.010422976687550545 -0.12220654636621475 0.9924501180648804 0.00804945733398199
1403636580.7135556 0.999966561794281 0.0021430007182061672 -0.007888296619057655 -0.0024733643513172865 -0.0012381861452013254 0.993597686290741 0.11296924948692322 0.030729999765753746 0.008079886436462402 -0.1129557341337204 0.9935672283172607 0.007349117659032345
1403636580.7635555 0.9999679327011108 0.00743114436045289 -0.002978334203362465 -0.0024829967878758907 -0.007084204349666834 0.9946372509002686 0.10318293422460556 0.02276907116174698 0.003729127813130617 -0.10315854102373123 0.9946580529212952 0.005428129807114601
1403636580.8135555 0.999894380569458 0.013835085555911064 0.004448955878615379 -0.0026567101012915373 -0.014175398275256157 0.9959540367126465 0.08873841911554337 0.018762515857815742 -0.003203255357220769 -0.0887921079993248 0.9960449934005737 0.004282825626432896
1403636580.8635557 0.9996778964996338 0.020445112138986588 0.015032632276415825 -0.0026515198405832052 -0.021509619429707527 0.9969933032989502 0.07444170117378235 0.008974548429250717 -0.01346546784043312 -0.07474107295274734 0.9971120953559875 0.002213109517470002
1403636580.9135554 0.9993411898612976 0.026407482102513313 0.024894554167985916 -0.0027219781186431646 -0.027814576402306557 0.997930109500885 0.05798158422112465 0.004061341285705566 -0.023311875760555267 -0.05863581970334053 0.9980071783065796 0.0009443960152566433
1403636580.9635556 0.9990878701210022 0.030643509700894356 0.029736153781414032 -0.0032109387684613466 -0.031931206583976746 0.9985280632972717 0.04384138435125351 -0.006041498854756355 -0.028348928317427635 -0.044750913977622986 0.9985958337783813 -0.0013716049725189805
1403636581.0135555 0.9989922642707825 0.03338108956813812 0.03000050224363804 -0.003296047681942582 -0.03425703942775726 0.9989871978759766 0.029174363240599632 -0.011613323353230953 -0.028996245935559273 -0.030172700062394142 0.9991239905357361 -0.0029623685404658318
1403636581.0635555 0.999068558216095 0.03255605325102806 0.02831953763961792 -0.003819005098193884 -0.0330359973013401 0.9993155002593994 0.016647782176733017 -0.020461250096559525 -0.027758169919252396 -0.017567845061421394 0.9994602203369141 -0.005036328453570604
1403636581.1135554 0.9991430044174194 0.030032306909561157 0.02848411165177822 -0.0034500642213970423 -0.03010885789990425 0.999544084072113 0.002262191381305456 -0.02399170584976673 -0.028403189033269882 -0.003117875661700964 0.9995917081832886 -0.006197977811098099
1403636581.1635556 0.9992621541023254 0.024823719635605812 0.029310030862689018 -0.003566501196473837 -0.02447393909096718 0.9996256232261658 -0.012232986278831959 -0.03166930750012398 -0.02960272692143917 0.011506626382470131 0.9994955658912659 -0.00795262772589922
1403636581.2135556 0.9993250966072083 0.02094893902540207 0.030174370855093002 -0.003467780305072665 -0.020062312483787537 0.9993665814399719 -0.02939237840473652 -0.03486054763197899 -0.03077099844813347 0.028767172247171402 0.9991124272346497 -0.008901027031242847
1403636581.2635555 0.9993898272514343 0.016262037679553032 0.030909620225429535 -0.003706172574311495 -0.014810516498982906 0.9988027811050415 -0.04662250727415085 -0.03986680507659912 -0.03163079544901848 0.046136267483234406 0.9984342455863953 -0.010769585147500038
1403636581.3135555 0.9994003176689148 0.017623066902160645 0.029804104939103127 -0.003318987786769867 -0.01575184054672718 0.9979584217071533 -0.06189384311437607 -0.0427728109061718 -0.03083401918411255 0.06138725206255913 0.9976376295089722 -0.011690756306052208
1403636581.3635557 0.9993808269500732 0.017049694433808327 0.03077562339603901 -0.0030336035415530205 -0.014784714207053185 0.9972676038742065 -0.07238011807203293 -0.044602956622838974 -0.031925588846206665 0.0718802958726883 0.9969021677970886 -0.012296098284423351
1403636581.4135554 0.9991477727890015 0.022610248997807503 0.03453351929783821 -0.0026135221123695374 -0.019975334405899048 0.9969963431358337 -0.07482662051916122 -0.04431881010532379 -0.036121662706136703 0.07407301664352417 0.996598482131958 -0.012485797517001629
1403636581.4635556 0.9989010095596313 0.0281834676861763 0.037446800619363785 -0.002604769542813301 -0.02550359070301056 0.9972059726715088 -0.07021061331033707 -0.042425043880939484 -0.039320964366197586 0.06917843222618103 0.996829092502594 -0.012516502290964127
1403636581.5135555 0.9986235499382019 0.03394592925906181 0.03998008370399475 -0.002174446824938059 -0.03152543306350708 0.9977189302444458 -0.05969100445508957 -0.03877205774188042 -0.04191514849662781 0.058348461985588074 0.9974159598350525 -0.011699954979121685
1403636581.5635555 0.9986234307289124 0.03169011324644089 0.04179450869560242 -0.0021634306758642197 -0.0297037772834301 0.9984378814697266 -0.04732014611363411 -0.034344661980867386 -0.04322880879044533 0.046013541519641876 0.9980050325393677 -0.010118468664586544
1403636581.6135554 0.9987785220146179 0.028922544792294502 0.04006117582321167 -0.0019514906452968717 -0.027547752484679222 0.9990264177322388 -0.03445439785718918 -0.028400152921676636 -0.04101869836449623 0.033308714628219604 0.9986030459403992 -0.00839715451002121
1403636581.6635556 0.9989426732063293 0.02474030666053295 0.03874637559056282 -0.0014193981187418103 -0.023804571479558945 0.9994179606437683 -0.024428220465779305 -0.02164665423333645 -0.0393281951546669 0.023480042815208435 0.9989504814147949 -0.006440857890993357
1403636581.7135556 0.9989416599273682 0.0273351538926363 0.036989860236644745 -0.0007081261137500405 -0.026701074093580246 0.9994897842407227 -0.0175288375467062 -0.01620452292263508 -0.03745013847947121 0.016522616147994995 0.999161958694458 -0.004523233976215124
1403636581.7635555 0.9991450309753418 0.023604637011885643 0.03394297882914543 -0.0003022605087608099 -0.023120013996958733 0.9996261596679688 -0.014599892310798168 -0.009367365390062332 -0.03427491337060928 0.013802649453282356 0.9993171095848083 -0.002291048876941204
1403636581.8135555 0.9993374347686768 0.02340017817914486 0.027878887951374054 1.4640508197771851e-05 -0.023090079426765442 0.999668538570404 -0.011393564753234386 -0.002461976371705532 -0.02813625894486904 0.010742290876805782 0.9995464086532593 -0.000453560525784269
1403636581.8635557 0.9994075298309326 0.022238200530409813 0.026271898299455643 -0.00011923615238629282 -0.022088229656219482 0.9997380971908569 -0.005985211580991745 0.003128347685560584 -0.026398122310638428 0.005401363130658865 0.9996369481086731 0.0010195707436650991
1403636581.9135554 0.9995867013931274 0.01755092665553093 0.02276962250471115 -6.698380457237363e-05 -0.01763494685292244 0.9998384714126587 0.0034941621124744415 0.010026874020695686 -0.02270461618900299 -0.003894259687513113 0.9997346997261047 0.002712403889745474
1403636581.9635556 0.999497652053833 0.015538387931883335 0.0276231300085783 -0.0001357212313450873 -0.016016747802495956 0.9997240304946899 0.01718127168715 0.015188740566372871 -0.027348540723323822 -0.017615070566534996 0.9994707703590393 0.004090534057468176
1403636582.0135555 0.999439001083374 0.012142278254032135 0.031211791560053825 -5.835929187014699e-05 -0.01317349448800087 0.9993669986724854 0.03304888308048248 0.021485399454832077 -0.030790742486715317 -0.033441513776779175 0.9989662766456604 0.005781118758022785
1403636582.0635555 0.9993197917938232 0.012685198336839676 0.034626223146915436 -0.00011484336573630571 -0.01440000906586647 0.9986588954925537 0.049732036888599396 0.026684487238526344 -0.03394891694188118 -0.05019683018326759 0.9981622099876404 0.007128593046218157
1403636582.1135554 0.9993241429328918 0.01409513596445322 0.03395095467567444 -0.000300444575259462 -0.016350144520401955 0.9976133108139038 0.06708499789237976 0.031190175563097 -0.0329243540763855 -0.06759475916624069 0.9971694946289062 0.008196257054805756
1403636582.1635556 0.9994453191757202 0.013007977977395058 0.03065691702067852 -0.0006481223972514272 -0.015478504821658134 0.9965303540229797 0.08177844434976578 0.03447365388274193 -0.029486777260899544 -0.08220760524272919 0.996178925037384 0.008781081065535545
1403636582.2135556 0.9995478391647339 0.01363280601799488 0.02679627574980259 -0.0008604840841144323 -0.016100382432341576 0.9954286813735962 0.09414064884185791 0.03430389240384102 -0.025390377268195152 -0.09452952444553375 0.9951982498168945 0.008670584298670292
1403636582.2635555 0.9995941519737244 0.013812950812280178 0.02491101622581482 -0.001162651227787137 -0.016269145533442497 0.9947272539138794 0.10125750303268433 0.03419080749154091 -0.023381000384688377 -0.10162170231342316 0.9945484399795532 0.008595101535320282
1403636582.3135555 0.9996696710586548 0.013981783762574196 0.02156337909400463 -0.0014137056423351169 -0.01613578572869301 0.9945306181907654 0.1031908169388771 0.03220267593860626 -0.02000265382230282 -0.10350468754768372 0.9944278001785278 0.008026915602385998
1403636582.3635557 0.9997356534004211 0.012302488088607788 0.019422996789216995 -0.0018207308603450656 -0.01416067872196436 0.9950234889984131 0.09862887114286423 0.028354644775390625 -0.01811296120285988 -0.09887784719467163 0.9949346780776978 0.006962026469409466
1403636582.4135554 0.9997334480285645 0.012944234535098076 0.01911286637187004 -0.0023371565621346235 -0.014522395096719265 0.996285080909729 0.0848841518163681 0.02524951472878456 -0.017943110316991806 -0.08513909578323364 0.9962075352668762 0.005936226341873407
1403636582.4635556 0.9997254014015198 0.012758749537169933 0.019650299102067947 -0.002720155520364642 -0.01409568265080452 0.9974842667579651 0.06947284936904907 0.019330233335494995 -0.018714483827352524 -0.06973077356815338 0.9973902702331543 0.004195762798190117
1403636582.5135555 0.9996211528778076 0.01620757207274437 0.0222442876547575 -0.002838770393282175 -0.0174418892711401 0.9982521533966064 0.05646577477455139 0.01339290663599968 -0.021290238946676254 -0.056832365691661835 0.998156726360321 0.0027639162726700306
1403636582.5635555 0.9995265603065491 0.0170428603887558 0.02562124654650688 -0.002868959214538336 -0.018222125247120857 0.9987510442733765 0.04652056843042374 0.0076868594624102116 -0.02479640766978264 -0.04696541279554367 0.9985886216163635 0.0013476681197062135
1403636582.6135554 0.9992858171463013 0.021362191066145897 0.031169259920716286 -0.00287126237526536 -0.022616688162088394 0.9989248514175415 0.040466465055942535 0.0009084215271286666 -0.030271297320723534 -0.04114251583814621 0.9986945390701294 -0.000473803433123976
1403636582.6635556 0.9990953803062439 0.02132079191505909 0.03679497539997101 -0.0028951652348041534 -0.02262074500322342 0.9991213083267212 0.03528263047337532 -0.005297724157571793 -0.036010392010211945 -0.03608304634690285 0.9986997246742249 -0.002332023810595274
1403636582.7135556 0.9990211725234985 0.02022935077548027 0.039336878806352615 -0.0028029412496834993 -0.021450718864798546 0.9992928504943848 0.030878877267241478 -0.012085797265172005 -0.038684405386447906 -0.03169245272874832 0.9987486600875854 -0.004306499380618334
1403636582.7635555 0.9989274144172668 0.016314201056957245 0.043335702270269394 -0.002504784381017089 -0.01737685315310955 0.9995546936988831 0.024258894845843315 -0.01887470670044422 -0.04292064532637596 -0.024985913187265396 0.9987660050392151 -0.006171369459480047
1403636582.8135555 0.998688280582428 0.011967319995164871 0.04978512227535248 -0.002184520708397031 -0.012679439969360828 0.9998214244842529 0.014012675732374191 -0.02474267967045307 -0.04960854351520538 -0.014625543728470802 0.9986616373062134 -0.007651886902749538
1403636582.8635557 0.9982315301895142 0.007633374538272619 0.058955878019332886 -0.001800395199097693 -0.007722218055278063 0.9999693632125854 0.0012792450143024325 -0.031676605343818665 -0.05894431099295616 -0.0017322525382041931 0.9982597827911377 -0.009347831830382347
1403636582.9135554 0.99786776304245 0.002707048086449504 0.06521227955818176 -0.0014236746355891228 -0.0017311996780335903 0.9998857378959656 -0.01501603052020073 -0.03768005967140198 -0.06524547189474106 0.014871116727590561 0.9977583885192871 -0.010856117121875286
1403636582.9635556 0.9976339936256409 0.0028160365764051676 0.06869024783372879 -0.0009592109126970172 -0.0006361841224133968 0.9994960427284241 -0.03173578530550003 -0.04317975044250488 -0.06874500215053558 0.031616996973752975 0.9971331357955933 -0.01233228575438261
1403636583.0135555 0.997380793094635 0.0027727829292416573 0.07227637618780136 -0.0008172347443178296 0.0007555721676908433 0.998810887336731 -0.0487445667386055 -0.04661373421549797 -0.07232560962438583 0.04867149516940117 0.9961928129196167 -0.013821914792060852
1403636583.0635555 0.9973440170288086 0.006260742899030447 0.07256574183702469 -0.0006204042001627386 -0.001931969658471644 0.9982220530509949 -0.05957047641277313 -0.04894941672682762 -0.07280969619750977 0.059272054582834244 0.9955830574035645 -0.014665576629340649
1403636583.1135554 0.9972089529037476 0.00801474042236805 0.07422993332147598 -0.0002593554090708494 -0.0032340409234166145 0.9979252219200134 -0.06430155038833618 -0.05000445991754532 -0.07459129393100739 0.0638820230960846 0.995166003704071 -0.01499554980546236
1403636583.1635556 0.996877908706665 0.012361578643321991 0.0779842659831047 -2.9737886507064104e-05 -0.007335818838328123 0.9978967905044556 -0.06440607458353043 -0.04956189915537834 -0.0786164253950119 0.06363291293382645 0.994871973991394 -0.015073174610733986
1403636583.2135556 0.9967507719993591 0.01609507016837597 0.0789225623011589 -3.1909148674458265e-05 -0.011188174597918987 0.9979993104934692 -0.06222614273428917 -0.04728211462497711 -0.07976621389389038 0.06114095449447632 0.9949367046356201 -0.014479937963187695
1403636583.2635555 0.9968357086181641 0.018017755821347237 0.07742132246494293 0.000147890648804605 -0.013506685383617878 0.998201847076416 -0.05840003862977028 -0.04383564740419388 -0.07833436876535416 0.05716952309012413 0.9952865242958069 -0.013180923648178577
1403636583.3135555 0.9969910383224487 0.017609184607863426 0.07549209892749786 0.0003130490076728165 -0.013520925305783749 0.9984315037727356 -0.05432788282632828 -0.03936935216188431 -0.07633036375045776 0.05314367637038231 0.9956653714179993 -0.011466890573501587
1403636583.3635557 0.9970976710319519 0.01886700466275215 0.07375938445329666 0.0006891358643770218 -0.015221623703837395 0.9986493587493896 -0.0496760718524456 -0.033936694264411926 -0.07459698617458344 0.048409149050712585 0.9960381388664246 -0.009603424929082394
1403636583.4135554 0.9974730014801025 0.016011204570531845 0.0692187249660492 0.0010378885781392455 -0.012916851788759232 0.9989070296287537 -0.044922735542058945 -0.02873791754245758 -0.06986233592033386 0.04391513019800186 0.9965895414352417 -0.007750377990305424
1403636583.4635556 0.9977068901062012 0.019621290266513824 0.06477600336074829 0.0013170915190130472 -0.01714235171675682 0.9991075992584229 -0.0386059395968914 -0.021930497139692307 -0.06547568738460541 0.037407003343105316 0.9971528053283691 -0.005481076892465353
1403636583.5135555 0.997876763343811 0.021125344559550285 0.06160985678434372 0.0017735050059854984 -0.019165674224495888 0.9992969036102295 -0.03222721070051193 -0.015066927298903465 -0.062247343361377716 0.030977990478277206 0.9975799322128296 -0.0034064282663166523
1403636583.5635555 0.9978418946266174 0.02430671453475952 0.06099767982959747 0.002099827863276005 -0.022875120863318443 0.9994487762451172 -0.02405930869281292 -0.008235478773713112 -0.061548862606287 0.022612055763602257 0.9978479146957397 -0.0013037403114140034
1403636583.6135554 0.9974744319915771 0.02704838663339615 0.06567404419183731 0.002450573956593871 -0.026280667632818222 0.9995760917663574 -0.01252587977796793 -0.0014502283884212375 -0.06598500907421112 0.010768285021185875 0.9977625608444214 0.0009296518983319402
1403636583.6635556 0.9979564547538757 0.022982915863394737 0.05962149798870087 0.002671212190762162 -0.02327449433505535 0.9997202754020691 0.004200569353997707 0.005382400006055832 -0.05950827896595001 -0.005579645279794931 0.9982122182846069 0.0029262348543852568
1403636583.7135556 0.9983165860176086 0.014910156838595867 0.05604943260550499 0.0027199615724384785 -0.0163616593927145 0.9995401501655579 0.025527771562337875 0.012028081342577934 -0.05564303323626518 -0.026401858776807785 0.9981015920639038 0.0050202771089971066
1403636583.7635555 0.9986518621444702 0.006022424437105656 0.05155675485730171 0.0028123671654611826 -0.00854062382131815 0.9987737536430359 0.04876318573951721 0.017924519255757332 -0.051199860870838165 -0.04913777858018875 0.9974789023399353 0.006559441797435284
1403636583.8135555 0.9987192749977112 0.0011069744359701872 0.05058208107948303 0.0028554208111017942 -0.004618671257048845 0.9975808262825012 0.06936176121234894 0.023332681506872177 -0.050382934510707855 -0.06950654089450836 0.996308445930481 0.0078998738899827
1403636583.8635557 0.9986589550971985 0.0006069024093449116 0.05176837742328644 0.0025071001145988703 -0.005022958852350712 0.9963498711585999 0.08521684259176254 0.02675306424498558 -0.05152769759297371 -0.08536258339881897 0.9950166344642639 0.008478350006043911
1403636583.9135554 0.9985818862915039 0.0065516880713403225 0.052832551300525665 0.002639783313497901 -0.011571558192372322 0.9953835606575012 0.09527663141489029 0.03111772984266281 -0.05196443945169449 -0.09575285762548447 0.9940478205680847 0.009513931348919868
1403636583.9635556 0.9986327886581421 0.01267743855714798 0.05071316659450531 0.002557062776759267 -0.017794879153370857 0.9946490526199341 0.10176745802164078 0.034564390778541565 -0.04915165528655052 -0.10253074765205383 0.9935147762298584 0.010120097547769547
1403636584.0135555 0.9988758563995361 0.015543242916464806 0.044782690703868866 0.0026158541440963745 -0.02017725072801113 0.9942717552185059 0.10495933145284653 0.036198779940605164 -0.04289475455880165 -0.10574492067098618 0.9934676289558411 0.010273229330778122
1403636584.0635555 0.9991357326507568 0.018427036702632904 0.03726109862327576 0.002298049395903945 -0.022226419299840927 0.9943006634712219 0.10426942259073257 0.037314314395189285 -0.03512735664844513 -0.10500747710466385 0.9938507676124573 0.010105431079864502
1403636584.1135554 0.9993690848350525 0.01768224872648716 0.030803054571151733 0.002040120307356119 -0.02081414684653282 0.9943050742149353 0.10451775789260864 0.03677840903401375 -0.02877952717244625 -0.10509296506643295 0.9940459132194519 0.009814261458814144
1403636584.1635556 0.9994710087776184 0.018531586974859238 0.02672804892063141 0.0017761926865205169 -0.021237848326563835 0.9942656755447388 0.10480718314647675 0.03480982035398483 -0.024632547050714493 -0.10531937330961227 0.9941333532333374 0.009185249917209148
1403636584.2135556 0.999478280544281 0.01979493722319603 0.02552228607237339 0.0015472719678655267 -0.02235925756394863 0.9942783117294312 0.10445435345172882 0.031360093504190445 -0.023308586329221725 -0.10497051477432251 0.9942021369934082 0.008341552689671516
1403636584.2635555 0.9994818568229675 0.02011578343808651 0.025126663967967033 0.0013446477241814137 -0.022577650845050812 0.9945400953292847 0.10188393294811249 0.02676200121641159 -0.022939996793866158 -0.10239845514297485 0.9944790005683899 0.007220185361802578
1403636584.3135555 0.9994454383850098 0.020911579951643944 0.025913000106811523 0.001048369100317359 -0.023311471566557884 0.9951018691062927 0.09606734663248062 0.02314135618507862 -0.023777157068252563 -0.09661814570426941 0.9950374364852905 0.006158857606351376
1403636584.3635557 0.9993234872817993 0.02354126051068306 0.028252631425857544 0.0009344927966594696 -0.02606235444545746 0.9953749179840088 0.09246382862329483 0.017131727188825607 -0.02594524435698986 -0.09313761442899704 0.9953151345252991 0.004803860560059547
1403636584.4135554 0.9989259243011475 0.03001943975687027 0.035296011716127396 0.0011844383552670479 -0.0330309197306633 0.9955649375915527 0.08808764070272446 0.011404590681195259 -0.03249512240290642 -0.08915887027978897 0.9954872131347656 0.0038728504441678524
1403636584.4635556 0.9984795451164246 0.035440731793642044 0.04222176596522331 0.0012530928943306208 -0.038806427270174026 0.9958961606025696 0.08176200091838837 0.004197753965854645 -0.03915078192949295 -0.0832761600613594 0.9957571029663086 0.002525988733395934
1403636584.5135555 0.9982591271400452 0.036943864077329636 0.045977186411619186 0.0012234728783369064 -0.040174249559640884 0.9966352581977844 0.07144327461719513 -0.002882399596273899 -0.0431830957531929 -0.07316600531339645 0.9963844418525696 0.000985530554316938
1403636584.5635555 0.9981444478034973 0.03555388003587723 0.04943215847015381 0.0011671128449961543 -0.03841757774353027 0.9975630044937134 0.05824270471930504 -0.010524551384150982 -0.047240935266017914 -0.06003369763493538 0.9970779418945312 -0.0007041386561468244
1403636584.6135554 0.9979162216186523 0.034266356378793716 0.05467080697417259 0.0010429499670863152 -0.036522477865219116 0.9984989762306213 0.040816061198711395 -0.018091300502419472 -0.05319012328982353 -0.04272773116827011 0.9976698756217957 -0.002423517405986786
1403636584.6635556 0.9975563287734985 0.03237758204340935 0.06191099062561989 0.0009734528139233589 -0.03364797681570053 0.999241828918457 0.019588107243180275 -0.025110999122262 -0.061229825019836426 -0.021623432636260986 0.9978894591331482 -0.004135690629482269
1403636584.7135556 0.99713534116745 0.032786641269922256 0.06816364824771881 0.0007897928589954972 -0.03272876888513565 0.999462366104126 -0.0019659195095300674 -0.03223896026611328 -0.06819145381450653 -0.00027062417939305305 0.9976722002029419 -0.00578953605145216
1403636584.7635555 0.9966377019882202 0.03170556202530861 0.07555004209280014 0.0007652412750758231 -0.03009854629635811 0.9992977380752563 -0.02231566607952118 -0.03793809935450554 -0.07620451599359512 0.019966691732406616 0.9968923330307007 -0.007499813102185726
1403636584.8135555 0.9963492155075073 0.03232971951365471 0.07901161909103394 0.0006286693387664855 -0.029356680810451508 0.9988270401954651 -0.038504425436258316 -0.04386022314429283 -0.08016379177570343 0.036044348031282425 0.9961298704147339 -0.009347904473543167
1403636584.8635557 0.9963595271110535 0.027982914820313454 0.08052751421928406 0.0005548585904762149 -0.023841051384806633 0.9983653426170349 -0.05194396153092384 -0.048424795269966125 -0.08184943348169327 0.04983499273657799 0.9953981041908264 -0.010912932455539703
1403636584.9135554 0.9964837431907654 0.025753755122423172 0.07973073422908783 0.000193808285985142 -0.02086663991212845 0.9978867769241333 -0.06153292581439018 -0.05195118859410286 -0.0811469554901123 0.059652846306562424 0.9949154853820801 -0.01233912818133831
1403636584.9635556 0.9964891076087952 0.01930629089474678 0.08146609365940094 6.567675154656172e-05 -0.013942215591669083 0.9977282285690308 -0.06590674817562103 -0.054199185222387314 -0.08255346119403839 0.06453952938318253 0.9944946765899658 -0.013298217207193375
1403636585.0135555 0.9962508678436279 0.01591881364583969 0.08503445237874985 -1.9245431758463383e-05 -0.010215485468506813 0.9976944923400879 -0.06708959490060806 -0.051508381962776184 -0.08590642362833023 0.06596942245960236 0.9941167831420898 -0.012518915347754955
1403636585.0635555 0.9959828853607178 0.01337204035371542 0.08854041248559952 -5.4098491091281176e-05 -0.007769813761115074 0.997963011264801 -0.06331800669431686 -0.05117974430322647 -0.0892067700624466 0.062375716865062714 0.9940580725669861 -0.01231074333190918
1403636585.1135554 0.9959505796432495 0.0123721519485116 0.0890469029545784 7.382099283859134e-05 -0.007117947097867727 0.998227596282959 -0.05908236652612686 -0.04900635778903961 -0.08962006121873856 0.05820928514003754 0.9942736625671387 -0.011353177018463612
1403636585.1635556 0.9955593347549438 0.010483693331480026 0.09355069696903229 0.00032242084853351116 -0.005489968229085207 0.9985538125038147 -0.05347844213247299 -0.045928243547677994 -0.09397606551647186 0.05272737890481949 0.9941772222518921 -0.009944789111614227
1403636585.2135556 0.994966447353363 0.012077167630195618 0.0994793176651001 0.0003969736280851066 -0.007583255879580975 0.998938798904419 -0.04542922601103783 -0.04528368264436722 -0.09992241859436035 0.04444616660475731 0.994002103805542 -0.009378351271152496
1403636585.2635555 0.9942072629928589 0.01837974227964878 0.10589730739593506 0.0007641163538210094 -0.01432734727859497 0.9991403818130493 -0.038901761174201965 -0.04067222774028778 -0.10652127116918564 0.037159182131290436 0.9936158657073975 -0.007444552145898342
1403636585.3135555 0.9936001300811768 0.02319086529314518 0.11054862290620804 0.0013237637467682362 -0.01951187290251255 0.9992228746414185 -0.03424595668911934 -0.03394071012735367 -0.111256904900074 0.03186977654695511 0.9932804703712463 -0.005542381666600704
1403636585.3635557 0.9930639863014221 0.03173056244850159 0.11321334540843964 0.0019061702769249678 -0.028674233704805374 0.9991817474365234 -0.02852357178926468 -0.028507033362984657 -0.1140257716178894 0.025079425424337387 0.993161141872406 -0.0034360189456492662
1403636585.4135554 0.9929017424583435 0.03530767560005188 0.11357525736093521 0.002420781645923853 -0.03311742842197418 0.9992283582687378 -0.021114490926265717 -0.023926015943288803 -0.1142331138253212 0.01720329374074936 0.9933050274848938 -0.0017924628918990493
1403636585.4635556 0.993468701839447 0.038662753999233246 0.10735473781824112 0.00297192158177495 -0.037595249712467194 0.9992215633392334 -0.011950651183724403 -0.018515771254897118 -0.10773320496082306 0.00783656258136034 0.9941489696502686 -0.00019756105029955506
1403636585.5135555 0.9939422607421875 0.04069644957780838 0.10209020972251892 0.003153733443468809 -0.040772128850221634 0.9991675615310669 -0.0013462454080581665 -0.01322299987077713 -0.1020599976181984 -0.002824351191520691 0.9947742819786072 0.0011343490332365036
1403636585.5635555 0.9950069189071655 0.04171460121870041 0.09066949039697647 0.003452021162956953 -0.0428406223654747 0.9990265369415283 0.010507624596357346 -0.009121065028011799 -0.09014290571212769 -0.01433949638158083 0.9958255887031555 0.001944014336913824
1403636585.6135554 0.9961287975311279 0.041396286338567734 0.07754865288734436 0.0036398540250957012 -0.04329546540975571 0.9987981915473938 0.022970333695411682 -0.004617566242814064 -0.07650456577539444 -0.02623891644179821 0.9967238903045654 0.002137011382728815
1403636585.6635556 0.997218906879425 0.036791834980249405 0.0648135244846344 0.003699732245877385 -0.039253197610378265 0.9985395073890686 0.0371207669377327 -0.0008847569115459919 -0.06335312128067017 -0.03956166282296181 0.9972066283226013 0.0018941244343295693
1403636585.7135556 0.9981484413146973 0.031448494642972946 0.052063968032598495 0.0037729768082499504 -0.034179285168647766 0.9980400800704956 0.05241907760500908 0.0016501485370099545 -0.05031343549489975 -0.05410153046250343 0.9972670674324036 0.0014271121472120285
1403636585.7635555 0.998712956905365 0.025399787351489067 0.043900199234485626 0.0037849063519388437 -0.028362814337015152 0.9972652196884155 0.06824544817209244 0.0038680441211909056 -0.042046722024679184 -0.06940275430679321 0.9967021942138672 0.0008806673577055335
1403636585.8135555 0.999253511428833 0.017248354852199554 0.034566763788461685 0.0035813655704259872 -0.020123587921261787 0.996208667755127 0.08463625609874725 0.005353030748665333 -0.03297587111592293 -0.08526868373155594 0.995812177658081 7.627805462107062e-05
1403636585.8635557 0.9995577931404114 0.011230835691094398 0.02753438614308834 0.0034200791269540787 -0.01402291003614664 0.9945404529571533 0.10340485721826553 0.006213595625013113 -0.02622274123132229 -0.103745236992836 0.9942581653594971 -0.0009105103672482073
1403636585.9135554 0.9997519254684448 0.004698299337178469 0.021774906665086746 0.0033665895462036133 -0.007317963521927595 0.9925231337547302 0.12183638662099838 0.006769061088562012 -0.021039672195911407 -0.12196549773216248 0.9923113584518433 -0.00188581389375031
1403636585.9635556 0.9997533559799194 0.00018683505186345428 0.022203868255019188 0.0032675904221832752 -0.00336676393635571 0.9896786212921143 0.1432645469903946 0.0069711278192698956 -0.02194792777299881 -0.14330396056175232 0.9894353151321411 -0.0027713123708963394
1403636586.0135555 0.9995896816253662 -0.005136498715728521 0.028178302571177483 0.003255937248468399 0.0003631954896263778 0.9859827756881714 0.16684652864933014 0.007136821746826172 -0.02864033170044422 -0.16676785051822662 0.9855800867080688 -0.0034040112514048815
1403636586.0635555 0.9991090297698975 -0.007613783236593008 0.04151008278131485 0.003325707046315074 -0.00048209959641098976 0.9814680814743042 0.19162459671497345 0.007062106858938932 -0.04219982028007507 -0.19147391617298126 0.9805901050567627 -0.0040363408625125885
1403636586.1135554 0.9984385967254639 -0.012937882915139198 0.05433971434831619 0.003005220787599683 0.001038137124851346 0.9769366979598999 0.2135266810655594 0.006706101819872856 -0.055849045515060425 -0.21313685178756714 0.9754248261451721 -0.004435323178768158
1403636586.1635556 0.9977463483810425 -0.01914893463253975 0.06430764496326447 0.0026179191190749407 0.003723817877471447 0.9727379083633423 0.2318771481513977 0.0064113568514585495 -0.06699468940496445 -0.23111507296562195 0.9706171154975891 -0.005141024012118578
1403636586.2135556 0.9973741769790649 -0.024873418733477592 0.06801516562700272 0.0021135106217116117 0.007127150893211365 0.9683211445808411 0.2496064305305481 0.006064628250896931 -0.07206909358501434 -0.24846623837947845 0.9659556746482849 -0.005847482942044735
1403636586.2635555 0.9972166419029236 -0.028434965759515762 0.06892170757055283 0.0016887777019292116 0.008978009223937988 0.9634872674942017 0.2676037549972534 0.0059935725294053555 -0.07401447743177414 -0.2662401497364044 0.9610609412193298 -0.006870529614388943
1403636586.3135555 0.9970114231109619 -0.03442034870386124 0.06916138529777527 0.0014622858725488186 0.01312530878931284 0.9577130675315857 0.28742530941963196 0.005729815922677517 -0.07613003998994827 -0.2856585383415222 0.9553027749061584 -0.0075914752669632435
1403636586.3635557 0.9967361092567444 -0.0398888885974884 0.07018472254276276 0.0012030465295538306 0.016407739371061325 0.9513499140739441 0.307675302028656 0.005726716481149197 -0.07904306799173355 -0.3055194616317749 0.9488993883132935 -0.008743269369006157
1403636586.4135554 0.9964874982833862 -0.046207886189222336 0.06983920186758041 0.00108839082531631 0.020814834162592888 0.9444807171821594 0.3279067277908325 0.005812677554786205 -0.08111366629600525 -0.3253012001514435 0.9421250820159912 -0.009866149164736271
1403636586.4635556 0.9965508580207825 -0.04684944450855255 0.0684940293431282 0.0013587846187874675 0.0203146580606699 0.9380062222480774 0.3460225462913513 0.006123647093772888 -0.08045879006385803 -0.3434376120567322 0.9357227087020874 -0.011078255251049995
1403636586.5135555 0.9965894222259521 -0.0461571142077446 0.06840336322784424 0.0015217564068734646 0.018322667106986046 0.9320153594017029 0.36195534467697144 0.0062122102826833725 -0.08045980334281921 -0.359467476606369 0.9296823740005493 -0.012096358463168144
1403636586.5635555 0.9968382120132446 -0.04475696012377739 0.06565301865339279 0.0019430145621299744 0.016979193314909935 0.9271663427352905 0.3742651343345642 0.006203473545610905 -0.07762223482131958 -0.37196704745292664 0.9249947667121887 -0.013109257444739342
1403636586.6135554 0.9970588088035583 -0.04385721683502197 0.06285034120082855 0.0025938183534890413 0.016635160893201828 0.9243719577789307 0.38112980127334595 0.005970143713057041 -0.0748123973608017 -0.37896326184272766 0.9223827719688416 -0.01393059454858303
1403636586.6635556 0.9970381855964661 -0.0450868122279644 0.06230515241622925 0.003540563862770796 0.017891207709908485 0.9238821268081665 0.38225868344306946 0.0055441539734601974 -0.07479745149612427 -0.38001173734664917 0.921952486038208 -0.014233767986297607
1403636586.7135556 0.9971462488174438 -0.04454411566257477 0.06095220521092415 0.004395836964249611 0.018256643787026405 0.9256941676139832 0.37783193588256836 0.00507140439003706 -0.07325329631567001 -0.3756408095359802 0.9238656759262085 -0.014400206506252289
1403636586.7635555 0.9973875284194946 -0.04570714011788368 0.05593538284301758 0.005309073720127344 0.021767929196357727 0.928537130355835 0.37060093879699707 0.00470281857997179 -0.0688771978020668 -0.36841511726379395 0.9271064400672913 -0.014387332834303379
1403636586.8135555 0.9976208806037903 -0.044924259185791016 0.052289463579654694 0.006284262053668499 0.022948861122131348 0.9316633939743042 0.3625973165035248 0.0043093739077448845 -0.0650055855512619 -0.3605346083641052 0.9304779171943665 -0.014151421375572681
1403636586.8635557 0.9978163838386536 -0.04267072305083275 0.05041348561644554 0.007048117462545633 0.021979641169309616 0.9343114495277405 0.35577964782714844 0.004130833316594362 -0.06228327378630638 -0.3538946509361267 0.933209240436554 -0.013750925660133362
1403636586.9135554 0.9981229305267334 -0.03778519481420517 0.048196855932474136 0.007414895575493574 0.01851356402039528 0.936322808265686 0.3506520986557007 0.003986824303865433 -0.05837727338075638 -0.3491015136241913 0.9352648258209229 -0.013386830687522888
1403636586.9635556 0.9983584880828857 -0.034960515797138214 0.04536591097712517 0.0070485505275428295 0.01713315024971962 0.9381155967712402 0.3458981513977051 0.004173642490059137 -0.05465124174952507 -0.3445531129837036 0.9371746778488159 -0.012744355015456676
1403636587.0135555 0.9987132549285889 -0.028622595593333244 0.041862793266773224 0.007181927096098661 0.012511118315160275 0.9390432834625244 0.3435709774494171 0.0040549710392951965 -0.04914487525820732 -0.3426051437854767 0.9381932020187378 -0.012224193662405014
1403636587.0635555 0.9988853931427002 -0.025502335280179977 0.03971978276968002 0.007344173267483711 0.010256661102175713 0.9386470317840576 0.3447265625 0.0038788968231528997 -0.046074189245700836 -0.34393492341041565 0.9378623962402344 -0.011768005788326263
1403636587.1135554 0.999076247215271 -0.021414995193481445 0.03725641220808029 0.007771440781652927 0.007083599455654621 0.9371916651725769 0.34874266386032104 0.003710533957928419 -0.04238472878932953 -0.3481566905975342 0.9364776611328125 -0.011252795346081257
1403636587.1635556 0.9991323947906494 -0.018394187092781067 0.037364743649959564 0.008254009298980236 0.003992484882473946 0.9353496432304382 0.35370177030563354 0.003482648404315114 -0.041455164551734924 -0.3532457649707794 0.9346116781234741 -0.010780587792396545
1403636587.2135556 0.9991886019706726 -0.017095720395445824 0.03646591678261757 0.008981524966657162 0.0029739313758909702 0.9342839121818542 0.3565175235271454 0.00331191997975111 -0.04016444832086563 -0.356119841337204 0.9335767030715942 -0.010215614922344685
1403636587.2635555 0.9991577863693237 -0.01843346282839775 0.03665942698717117 0.010171597823500633 0.004067125730216503 0.9335039854049683 0.3585437834262848 0.0031927956733852625 -0.04083092510700226 -0.3580927848815918 0.9327927827835083 -0.009547297842800617
1403636587.3135555 0.9990958571434021 -0.020742788910865784 0.03710898756980896 0.011795434169471264 0.006040243431925774 0.9332948923110962 0.3590601086616516 0.003097445471212268 -0.04208153113722801 -0.35851138830184937 0.9325764179229736 -0.008925369940698147
1403636587.3635557 0.9989573359489441 -0.023430757224559784 0.0391804464161396 0.013503494672477245 0.007722293492406607 0.932601273059845 0.36082568764686584 0.002909500850364566 -0.04499414190649986 -0.36014696955680847 0.9318099021911621 -0.008309075608849525
1403636587.4135554 0.9988409876823425 -0.02613040991127491 0.0404217429459095 0.01577283814549446 0.009731478989124298 0.9320966005325317 0.3620789051055908 0.0027085167821496725 -0.047138240188360214 -0.36126598715782166 0.9312706589698792 -0.007643736898899078
1403636587.4635556 0.9986422657966614 -0.030615709722042084 0.042146239429712296 0.01818906143307686 0.013166160322725773 0.9311389923095703 0.3644264042377472 0.0024408060126006603 -0.05040117725729942 -0.3633767366409302 0.9302780032157898 -0.007058911025524139
1403636587.5135555 0.9984800219535828 -0.03534741699695587 0.042287230491638184 0.020642917603254318 0.017409123480319977 0.9302467703819275 0.3665212392807007 0.0022475330624729395 -0.05229315534234047 -0.36522796750068665 0.9294482469558716 -0.00668142456561327
