0.0 1.0 -6.275513442233205e-11 -2.3283064365386963e-10 -3.469446951953614e-18 -6.275513442233205e-11 0.9999999403953552 -2.3283064365386963e-10 -3.469446951953614e-18 -2.3283064365386963e-10 -2.3283064365386963e-10 1.0 1.4901161193847656e-08
0.1037359 0.9999911189079285 -0.002591197146102786 -0.0033261238131672144 0.0006713711190968752 0.002584640635177493 0.9999946355819702 -0.0019739556591957808 -0.007025288883596659 0.0033312207087874413 0.0019653409253805876 0.9999925494194031 0.6890375018119812
0.2073381 0.9999730587005615 -0.001446287613362074 -0.007198972161859274 -0.010014587081968784 0.0014203651808202267 0.9999924302101135 -0.003604607656598091 -0.008468840271234512 0.007204130757600069 0.003594284877181053 0.9999675750732422 1.3923908472061157
0.3110752 0.9999243021011353 -0.001861238619312644 -0.012164408341050148 -0.008641812950372696 0.0018013524822890759 0.9999862313270569 -0.004932146053761244 -0.010669207200407982 0.012173422612249851 0.004909859504550695 0.9999138712882996 2.1397860050201416
0.4146917 0.9998541474342346 -0.00044778117444366217 -0.017066214233636856 -0.02443436160683632 0.00035633318475447595 0.9999855160713196 -0.005361068062484264 -0.018802212551236153 0.017068365588784218 0.005354206543415785 0.9998400211334229 2.884432315826416
0.5184302 0.9997738003730774 -0.0013392462860792875 -0.021224047988653183 -0.04592978209257126 0.001211938331834972 0.999981164932251 -0.006010000128298998 -0.01983148232102394 0.021231697872281075 0.005982919596135616 0.9997567534446716 3.6519618034362793
0.6220448 0.9996740818023682 0.0007988318102434278 -0.025514382869005203 -0.07656777650117874 -0.0009797053644433618 0.9999744892120361 -0.007077368907630444 -0.03335291147232056 0.025508075952529907 0.007100060116499662 0.9996494650840759 4.4180097579956055
0.7257977 0.9995308518409729 0.003687900025397539 -0.03040510043501854 -0.10698418319225311 -0.003936365246772766 0.9999592900276184 -0.00811602734029293 -0.035109832882881165 0.030373921617865562 0.008231905288994312 0.9995047450065613 5.212347030639648
0.8294199 0.9993895292282104 0.00336758466437459 -0.03477480262517929 -0.13866668939590454 -0.003576060524210334 0.9999759793281555 -0.005934581160545349 -0.05106725916266441 0.03475397825241089 0.006055314093828201 0.9993777275085449 6.017821311950684
0.9331467 0.9992267489433289 0.002205448690801859 -0.03925660625100136 -0.17205771803855896 -0.0023229161743074656 0.9999929070472717 -0.0029469409491866827 -0.060156114399433136 0.03924982622265816 0.003035851987078786 0.999224841594696 6.8417582511901855
1.03691 0.9990985989570618 0.0022850248496979475 -0.0423886775970459 -0.21507947146892548 -0.002308816183358431 0.999997079372406 -0.0005123175214976072 -0.06867299228906631 0.04238738492131233 0.0006097230361774564 0.9991010427474976 7.667252540588379
1.140497 0.9989815950393677 0.0037324908189475536 -0.044963281601667404 -0.2560906410217285 -0.0037959692999720573 0.9999918937683105 -0.0013264991575852036 -0.07301054894924164 0.0449579656124115 0.0014958273386582732 0.9989877343177795 8.504305839538574
1.244242 0.998874843120575 0.0035430598072707653 -0.04729105904698372 -0.2950272262096405 -0.003611036343500018 0.9999925494194031 -0.0013520729262381792 -0.08370905369520187 0.04728591442108154 0.0015213212464004755 0.9988802671432495 9.346083641052246
1.347979 0.9987999200820923 0.00033329689176753163 -0.0489739328622818 -0.3417651653289795 -0.000423778488766402 0.9999982118606567 -0.0018371761543676257 -0.0926700010895729 0.04897323250770569 0.0018557250732555985 0.9987983703613281 10.198945999145508
1.451596 0.9986996650695801 0.0001938055647769943 -0.05097983777523041 -0.3836500644683838 -0.00024518216378055513 0.999999463558197 -0.0010015333537012339 -0.09921170026063919 0.0509796217083931 0.001012730412185192 0.9986992478370667 11.054526329040527
1.555212 0.9986383318901062 -0.0015557468868792057 -0.052144668996334076 -0.43353623151779175 0.0014859315706416965 0.9999979138374329 -0.0013776193372905254 -0.10501809418201447 0.05214671045541763 0.001298259594477713 0.9986386299133301 11.926621437072754
1.65896 0.9985448718070984 0.0006157606840133667 -0.053923558443784714 -0.49079352617263794 -0.0007988251163624227 0.9999939799308777 -0.0033733972813934088 -0.11891626566648483 0.0539211630821228 0.0034115640446543694 0.998539388179779 12.805769920349121
1.762569 0.9984745383262634 0.0011174539104104042 -0.05520354583859444 -0.5426146388053894 -0.001461257110349834 0.9999797940254211 -0.006187943741679192 -0.12562648952007294 0.05519552156329155 0.006259170826524496 0.9984560012817383 13.69734001159668
1.866302 0.9983777403831482 0.004779923241585493 -0.05673637613654137 -0.6063870191574097 -0.0052246334962546825 0.9999567270278931 -0.007692454382777214 -0.1380407214164734 0.05669716000556946 0.007976402528584003 0.9983595013618469 14.5823974609375
1.969923 0.9983011484146118 0.00550429942086339 -0.058004043996334076 -0.6627153158187866 -0.005919152870774269 0.9999580383300781 -0.006982766557484865 -0.15457817912101746 0.057963185012340546 0.0073142400942742825 0.9982919096946716 15.499679565429688
2.073666 0.998223066329956 0.00452030822634697 -0.05941522493958473 -0.714544415473938 -0.004863199312239885 0.9999722838401794 -0.005627759266644716 -0.1676146686077118 0.05938814580440521 0.00590670807287097 0.9982175230979919 16.410934448242188
2.177281 0.9981511235237122 0.005203132051974535 -0.06055906042456627 -0.77379310131073 -0.005473224446177483 0.9999756813049316 -0.004294946324080229 -0.17580896615982056 0.0605352446436882 0.004618457984179258 0.9981553554534912 17.334442138671875
2.281017 0.9980735182762146 0.004970720037817955 -0.061842888593673706 -0.8370685577392578 -0.005228313617408276 0.9999783635139465 -0.004004164598882198 -0.193252295255661 0.06182163581252098 0.004319785628467798 0.9980778694152832 18.273536682128906
2.384639 0.9979465007781982 0.004591604229062796 -0.06388891488313675 -0.8893752694129944 -0.004893186502158642 0.9999776482582092 -0.004564735107123852 -0.20764124393463135 0.063866525888443 0.004867981653660536 0.997946560382843 19.21061897277832
2.48825 0.9979114532470703 0.0031304217409342527 -0.06452107429504395 -0.9573656320571899 -0.0034721738193184137 0.9999805688858032 -0.005185307934880257 -0.22084863483905792 0.06450358778238297 0.005398506298661232 0.9979028105735779 20.158199310302734
2.591988 0.997880220413208 0.0035753981210291386 -0.06497910618782043 -1.0230695009231567 -0.003835835261270404 0.9999849796295166 -0.003883696859702468 -0.22773270308971405 0.06496425718069077 0.004124713130295277 0.9978790283203125 21.08572006225586
2.695832 0.9978746175765991 0.0050092292949557304 -0.06497099250555038 -1.089759111404419 -0.00505007803440094 0.9999870657920837 -0.00046450993977487087 -0.23791919648647308 0.0649678111076355 0.0007916302420198917 0.9978870749473572 22.040889739990234
2.799367 0.9979355931282043 0.005344925913959742 -0.06400173902511597 -1.1526696681976318 -0.005132193677127361 0.9999807476997375 0.003487790934741497 -0.24877473711967468 0.06401915103197098 -0.0031521208584308624 0.997943639755249 22.991138458251953
2.903084 0.9980369210243225 0.0038014170713722706 -0.0625123605132103 -1.2151439189910889 -0.0034226328134536743 0.9999750852584839 0.006165312137454748 -0.2556915879249573 0.06253424286842346 -0.005939253605902195 0.9980250597000122 23.953279495239258
3.006768 0.9981490969657898 0.003978569991886616 -0.06068321689963341 -1.2788341045379639 -0.003599894233047962 0.9999732375144958 0.0063482471741735935 -0.25352680683135986 0.06070684269070625 -0.006118043791502714 0.9981368780136108 24.92251968383789
3.110441 0.9982042908668518 0.004210611805319786 -0.05975203216075897 -1.3337621688842773 -0.003973900340497494 0.9999837875366211 0.004079842008650303 -0.26691651344299316 0.05976823344826698 -0.003835067618638277 0.9982048869132996 25.887088775634766
3.214057 0.9982756972312927 0.0050175925716757774 -0.05848679319024086 -1.3996505737304688 -0.005043325014412403 0.9999872446060181 -0.00029237408307380974 -0.27769970893859863 0.05848458409309387 0.0005868379957973957 0.9982882738113403 26.861446380615234
3.317669 0.9983612298965454 0.004362503066658974 -0.057060446590185165 -1.4586730003356934 -0.004553341772407293 0.9999844431877136 -0.00321492413058877 -0.2851385176181793 0.05704553425312042 0.0034694713540375233 0.998365581035614 27.837871551513672
3.421285 0.9984079599380493 0.0012953229015693069 -0.05639054998755455 -1.5122792720794678 -0.0014169286005198956 0.9999967217445374 -0.0021165520884096622 -0.2940438389778137 0.056387629359960556 0.0021930839866399765 0.9984064698219299 28.817190170288086
3.524925 0.9983932375907898 0.00021912068768870085 -0.056665074080228806 -1.570590615272522 -6.565082730958238e-05 0.9999963045120239 0.0027102166786789894 -0.30586695671081543 0.05666546896100044 -0.0027021418791264296 0.9983895421028137 29.834054946899414
3.628545 0.9983388185501099 -0.0031677973456680775 -0.057529907673597336 -1.6247578859329224 0.0035165585577487946 0.9999760389328003 0.0059620351530611515 -0.3126183748245239 0.0575096495449543 -0.0061544375494122505 0.9983260035514832 30.83165740966797
3.732256 0.9982278943061829 -0.010894299484789371 -0.05850176140666008 -1.676099181175232 0.011239896528422832 0.9999212622642517 0.005581652279943228 -0.32199904322624207 0.05843634158372879 -0.006229314487427473 0.998271644115448 31.84090805053711
3.835871 0.9981085062026978 -0.01324892695993185 -0.06003477796912193 -1.7318850755691528 0.013384920544922352 0.9999086856842041 0.0018636311870068312 -0.3262858986854553 0.06000459939241409 -0.0026636661496013403 0.9981945157051086 32.848793029785156
3.939488 0.998035728931427 -0.012503237463533878 -0.06138676777482033 -1.7956159114837646 0.012386183254420757 0.9999206066131592 -0.0022869862150400877 -0.33483171463012695 0.06141049414873123 0.0015221456997096539 0.998111367225647 33.85333251953125
4.043107 0.9979077577590942 -0.011372726410627365 -0.06364580243825912 -1.8588154315948486 0.011185139417648315 0.9999319314956665 -0.0033028924372047186 -0.33939647674560547 0.0636790469288826 0.0025840941816568375 0.9979670643806458 34.869415283203125
4.146888 0.9978606700897217 -0.011747934855520725 -0.06431134045124054 -1.9319579601287842 0.011654212139546871 0.9999304413795471 -0.0018322401447221637 -0.3484063148498535 0.06432837247848511 0.0010788221843540668 0.9979282021522522 35.903053283691406
4.25046 0.9978306293487549 -0.008816787041723728 -0.0652405321598053 -2.0046470165252686 0.0089081060141325 0.9999598264694214 0.0011089621111750603 -0.3617982566356659 0.06522811204195023 -0.001687726122327149 0.9978689551353455 36.916236877441406
4.354202 0.9977506995201111 -0.008581018075346947 -0.06648226082324982 -2.081979751586914 0.008767486549913883 0.9999583959579468 0.0025135381147265434 -0.37367311120033264 0.06645792722702026 -0.0030907667241990566 0.997784435749054 37.96238708496094
4.45794 0.9976635575294495 -0.007227363996207714 -0.06793530285358429 -2.148399829864502 0.007598452270030975 0.9999575614929199 0.005205573979765177 -0.38432133197784424 0.0678948163986206 -0.005709614604711533 0.9976761937141418 39.001075744628906
4.561559 0.9976744055747986 -0.00783225242048502 -0.06770812720060349 -2.21944522857666 0.008428499102592468 0.9999280571937561 0.008524952456355095 -0.39467939734458923 0.06763651221990585 -0.009075803682208061 0.9976688027381897 40.03209686279297
4.665293 0.9976652264595032 -0.0017151167849078774 -0.06827349215745926 -2.299520254135132 0.0024317579809576273 0.9999427795410156 0.010414925403892994 -0.39455142617225647 0.06825174391269684 -0.010556630790233612 0.9976122975349426 41.06853485107422
4.768912 0.9976807832717896 -0.0024719182401895523 -0.06802235543727875 -2.377346992492676 0.003163509536534548 0.9999443292617798 0.010061286389827728 -0.39960014820098877 0.06799372285604477 -0.010253140702843666 0.997633159160614 42.074886322021484
4.872532 0.9976707100868225 -0.002253282116726041 -0.06817689538002014 -2.4496872425079346 0.0028452137485146523 0.9999590516090393 0.00858643651008606 -0.40728381276130676 0.06815475970506668 -0.008760415017604828 0.9976363778114319 43.123435974121094
4.976146 0.9976819157600403 -0.00012224413512740284 -0.06805017590522766 -2.523620128631592 0.0005598519346676767 0.9999792575836182 0.006411624141037464 -0.4119947552680969 0.06804797798395157 -0.006434859707951546 0.9976613521575928 44.14105987548828
5.079909 0.9975946545600891 -0.0005759237101301551 -0.06931523978710175 -2.5944180488586426 0.0010139199439436197 0.9999797344207764 0.006283887661993504 -0.41618725657463074 0.06931021064519882 -0.0063390545547008514 0.997575044631958 45.15674591064453
5.183503 0.99750816822052 -0.0028840817976742983 -0.07049187272787094 -2.6650333404541016 0.003445159178227186 0.9999632835388184 0.007839178666472435 -0.4242671728134155 0.07046668976545334 -0.008062504231929779 0.997481644153595 46.19015884399414
5.287117 0.9974532723426819 -0.002397999633103609 -0.07128114998340607 -2.738368034362793 0.003011080902069807 0.9999593496322632 0.00849468819797039 -0.4257383346557617 0.07125787436962128 -0.008687690831720829 0.9974201917648315 47.196598052978516
5.390861 0.9974426031112671 0.00014677933359052986 -0.07147163897752762 -2.8129756450653076 0.00023416354088112712 0.9999858140945435 0.00532157626003027 -0.4374980926513672 0.07147140055894852 -0.005324703641235828 0.9974285364151001 48.17909240722656
5.494473 0.9973891973495483 0.0004556577478069812 -0.07221174240112305 -2.89961576461792 -0.0003803764993790537 0.9999994039535522 0.0010562556562945247 -0.44587770104408264 0.07221219688653946 -0.0010260309791192412 0.9973888397216797 49.212158203125
5.598233 0.9973665475845337 0.0012823361903429031 -0.07251344621181488 -2.9765565395355225 -0.001288489787839353 0.9999991059303284 -3.808201290667057e-05 -0.4558015763759613 0.07251334190368652 0.00013141438830643892 0.9973675608634949 50.20331954956055
5.701829 0.9973888993263245 0.0001194292854052037 -0.07221674919128418 -3.0609962940216064 0.0001438719336874783 0.9999933242797852 0.003640771145001054 -0.4674561619758606 0.0722166895866394 -0.003641655668616295 0.997382402420044 51.20420837402344
5.805571 0.9973228573799133 -0.0021070120856165886 -0.07309413701295853 -3.1236119270324707 0.0026012042071670294 0.9999744296073914 0.006666507106274366 -0.47648999094963074 0.0730782076716423 -0.006838791538029909 0.9973028302192688 52.205631256103516
5.909185 0.9972807765007019 -0.004142700228840113 -0.07357926666736603 -3.1902828216552734 0.004707742482423782 0.9999607801437378 0.007507600821554661 -0.48509305715560913 0.07354527711868286 -0.007833577692508698 0.9972611665725708 53.19081115722656
6.012921 0.9972631335258484 -0.007697811350226402 -0.07353337854146957 -3.2612733840942383 0.008183479309082031 0.9999465942382812 0.006305723916739225 -0.4938622713088989 0.07348089665174484 -0.006890223827213049 0.9972729086875916 54.16898727416992
6.116541 0.9972121119499207 -0.009754455648362637 -0.07397886365652084 -3.331470012664795 0.010153960436582565 0.9999357461929321 0.005026091821491718 -0.5057781934738159 0.07392509281635284 -0.005763256456702948 0.9972471594810486 55.16151809692383
6.220278 0.9971465468406677 -0.011449320241808891 -0.07461711764335632 -3.4041519165039062 0.011929024942219257 0.999910831451416 0.005986383650451899 -0.5084182024002075 0.07454192638397217 -0.006859409157186747 0.9971942901611328 56.12818908691406
6.323895 0.9969987869262695 -0.014091726392507553 -0.07612396776676178 -3.4734597206115723 0.01491798460483551 0.9998356699943542 0.010296382009983063 -0.5200181603431702 0.07596638798713684 -0.011401094496250153 0.9970452785491943 57.1207160949707
6.427659 0.9969642758369446 -0.014585749246180058 -0.07648272067308426 -3.5495738983154297 0.015779104083776474 0.9997627139091492 0.015021891333162785 -0.5193105340003967 0.07624547928571701 -0.016183117404580116 0.9969578981399536 58.096797943115234
6.531383 0.9969280958175659 -0.01319919154047966 -0.0772034227848053 -3.6256070137023926 0.014565707184374332 0.999746561050415 0.017163926735520363 -0.5164142847061157 0.0769573226571083 -0.01823572628200054 0.9968677163124084 59.0665283203125
6.634992 0.9967873692512512 -0.012662772089242935 -0.07908478379249573 -3.6980323791503906 0.013793428428471088 0.9998100399971008 0.0137668801471591 -0.5249978303909302 0.0788954347372055 -0.014813504181802273 0.9967728853225708 60.049617767333984
6.738741 0.9967448115348816 -0.0107114277780056 -0.0799059197306633 -3.779269218444824 0.01121447328478098 0.9999200105667114 0.005849332548677921 -0.5246755480766296 0.0798368826508522 -0.006726394407451153 0.9967852830886841 60.99609375
6.84235 0.9966824650764465 -0.009411190636456013 -0.08084191381931305 -3.859644889831543 0.009545993991196156 0.99995356798172 0.0012811776250600815 -0.535491943359375 0.08082609623670578 -0.0020486395806074142 0.9967261552810669 61.9281120300293
6.945963 0.996609628200531 -0.004840949550271034 -0.08213258534669876 -3.9442026615142822 0.005021858494728804 0.9999852776527405 0.0019962163642048836 -0.5417507886886597 0.08212174475193024 -0.0024019076954573393 0.996619462966919 62.880828857421875
7.049705 0.9965649247169495 -0.0023195352405309677 -0.08278119564056396 -4.027524471282959 0.0026927476283162832 0.9999866485595703 0.004397061187773943 -0.5543181896209717 0.08276990056037903 -0.004604866728186607 0.9965580701828003 63.784637451171875
7.153323 0.9964806437492371 0.0004517971829045564 -0.08382248878479004 -4.107874393463135 6.984146602917463e-05 0.9999805688858032 0.006220090202987194 -0.5700068473815918 0.08382370322942734 -0.006204054690897465 0.9964613914489746 64.68656158447266
7.256934 0.9963774681091309 0.0012001963332295418 -0.08503258228302002 -4.193247318267822 -0.0007185288122855127 0.999983549118042 0.005694888066500425 -0.5742062330245972 0.08503801375627518 -0.005613158922642469 0.9963619112968445 65.60206604003906
7.360549 0.9962306022644043 0.002483693417161703 -0.08670860528945923 -4.273738861083984 -0.0019397155847400427 0.9999779462814331 0.006357330363243818 -0.5784969329833984 0.0867224782705307 -0.006165177095681429 0.996213436126709 66.46937561035156
7.464167 0.996112585067749 0.0035858347546309233 -0.08801718056201935 -4.353781223297119 -0.002975437557324767 0.9999706149101257 0.007065197918564081 -0.5921370983123779 0.08803992718458176 -0.006775842513889074 0.9960938692092896 67.33808135986328
7.567786 0.995964765548706 0.003275456838309765 -0.08968697488307953 -4.427559852600098 -0.002579251304268837 0.9999656677246094 0.007877414114773273 -0.6044881939888 0.08970967680215836 -0.007614301051944494 0.9959388971328735 68.18313598632812
7.671396 0.9958673119544983 0.0031720486003905535 -0.09076716750860214 -4.512879371643066 -0.0023993372451514006 0.9999599456787109 0.008620964363217354 -0.6081948280334473 0.09079087525606155 -0.008367552421987057 0.9958348274230957 69.03138732910156
7.775144 0.9957634210586548 0.006002868991345167 -0.09175720065832138 -4.597458839416504 -0.004991852678358555 0.9999243021011353 0.011243917047977448 -0.6104152202606201 0.09181775897741318 -0.010738244280219078 0.9957179427146912 69.8450698852539
7.878754 0.9956194758415222 0.007646767422556877 -0.09318516403436661 -4.671730995178223 -0.006220304407179356 0.9998591542243958 0.015588673762977123 -0.6202727556228638 0.09329123795032501 -0.014940744265913963 0.9955267906188965 70.65412139892578
7.982493 0.99539715051651 0.010673687793314457 -0.09524044394493103 -4.748507499694824 -0.009074890054762363 0.9998108148574829 0.01720436103641987 -0.6195422410964966 0.09540604054927826 -0.016260871663689613 0.9953056573867798 71.44818115234375
8.086111 0.9952854514122009 0.013824130408465862 -0.0959983766078949 -4.839621067047119 -0.012608878314495087 0.9998326301574707 0.013254201970994473 -0.627794623374939 0.09616552293300629 -0.011981284245848656 0.9952932596206665 72.2138671875
8.189849 0.9951712489128113 0.01380632072687149 -0.09717991948127747 -4.918525695800781 -0.013276510871946812 0.9998932480812073 0.006096411496400833 -0.6355890035629272 0.09725371748209 -0.0047767627984285355 0.9952483177185059 72.95957946777344
8.29347 0.9950283765792847 0.012656126171350479 -0.09878537058830261 -4.984708786010742 -0.012709733098745346 0.9999191761016846 8.665770292282104e-05 -0.6377937197685242 0.09877850115299225 0.0011693085543811321 0.9951087832450867 73.68193054199219
8.397102 0.9949628710746765 0.013511309400200844 -0.09932941943407059 -5.065942764282227 -0.013675489462912083 0.9999060034751892 -0.0009722055401653051 -0.6465562582015991 0.09930694848299026 0.002325687324628234 0.9950541257858276 74.40464782714844
8.500847 0.9948537945747375 0.016018053516745567 -0.10004696995019913 -5.141486644744873 -0.015815380960702896 0.9998708963394165 0.002818591194227338 -0.6608185172080994 0.10007920861244202 -0.0012218048796057701 0.9949787259101868 75.0971450805664
8.604438 0.9947155714035034 0.016469895839691162 -0.10133989155292511 -5.21405553817749 -0.01605897583067417 0.9998591542243958 0.004869397729635239 -0.6716289520263672 0.10140581429004669 -0.003216251265257597 0.9948399662971497 75.76162719726562
8.708175 0.9946862459182739 0.01348056085407734 -0.10206642001867294 -5.284003257751465 -0.01337064802646637 0.9999090433120728 0.0017609747592359781 -0.6844154000282288 0.10208086669445038 -0.0003869237843900919 0.9947760701179504 76.4102554321289
8.811795 0.9947404265403748 0.005154332611709833 -0.10229825228452682 -5.336774826049805 -0.005543944891542196 0.9999783635139465 -0.003524657106027007 -0.6933673024177551 0.10227786749601364 0.00407325429841876 0.9947475790977478 77.04646301269531
8.915403 0.9948660731315613 0.0010124417021870613 -0.10119537264108658 -5.392085552215576 -0.0018693209858611226 0.9999631643295288 -0.008373110555112362 -0.7043671607971191 0.10118317604064941 0.008519290015101433 0.9948313236236572 77.65692901611328
9.019162 0.9951921105384827 0.003566831350326538 -0.09787724167108536 -5.460882186889648 -0.004428086336702108 0.9999533891677856 -0.008583549410104752 -0.7133996486663818 0.09784203767776489 0.008975688368082047 0.9951615333557129 78.26374816894531
9.12289 0.9955862760543823 0.008655828423798084 -0.09345116466283798 -5.527349948883057 -0.009161761961877346 0.9999455213546753 -0.004986206069588661 -0.7359417676925659 0.0934029147028923 0.005820376332849264 0.9956113696098328 78.844482421875
9.226512 0.9959815144538879 0.007152965292334557 -0.08927320688962936 -5.563272953033447 -0.007392547093331814 0.9999698996543884 -0.0023533315397799015 -0.7414582967758179 0.08925367146730423 0.003003831487149 0.9960044026374817 79.4118423461914
9.330247 0.9965120553970337 0.0036307028494775295 -0.08337154984474182 -5.603460311889648 -0.0034896391443908215 0.9999922513961792 0.00183765753172338 -0.749992847442627 0.08337756991386414 -0.0015403102152049541 0.9965168237686157 79.97085571289062
9.433986 0.99717116355896 -0.0010543449316173792 -0.0751560628414154 -5.6338300704956055 0.0014772481517866254 0.9999834299087524 0.005571638233959675 -0.7626208066940308 0.07514892518520355 -0.005666900426149368 0.9971562027931213 80.51634979248047
9.537749 0.9979277849197388 0.0028137462213635445 -0.06428256630897522 -5.667634010314941 -0.0024649333208799362 0.9999818801879883 0.005504896864295006 -0.7746595144271851 0.06429687887430191 -0.0053350357338786125 0.9979165196418762 81.04668426513672
9.641587 0.9987331628799438 0.0078124841675162315 -0.049708686769008636 -5.685205459594727 -0.0075767855159938335 0.9999590516090393 0.004928267560899258 -0.7810116410255432 0.04974514618515968 -0.0045453933998942375 0.9987515807151794 81.55641174316406
9.745342 0.9994204640388489 0.012697519734501839 -0.03158193081617355 -5.69826602935791 -0.012530326843261719 0.9999063611030579 0.00548622477799654 -0.786003828048706 0.03164863586425781 -0.005087315104901791 0.9994860887527466 82.06231689453125
9.849229 0.9998854994773865 0.011460834182798862 -0.00988815352320671 -5.681387424468994 -0.011398175731301308 0.9999147653579712 0.006369860377162695 -0.7941629886627197 0.009960316121578217 -0.006256424821913242 0.9999307990074158 82.54401397705078
9.953059 0.9998250007629395 0.007889260537922382 0.016959957778453827 -5.6597161293029785 -0.008005505427718163 0.9999447464942932 0.006797116249799728 -0.790336549282074 -0.01690540462732315 -0.006931701209396124 0.9998330473899841 83.0267562866211
10.05693 0.9988831281661987 0.007155988365411758 0.0467039979994297 -5.621126174926758 -0.007563338615000248 0.9999347925186157 0.008551064878702164 -0.797033965587616 -0.04663974791765213 -0.008894752711057663 0.9988721609115601 83.49337768554688
10.16083 0.9967914819717407 0.0066185821779072285 0.0797676220536232 -5.561053276062012 -0.007461505942046642 0.9999193549156189 0.010273810476064682 -0.8055441379547119 -0.07969319075345993 -0.010836034081876278 0.9967607259750366 83.94041442871094
10.26466 0.9930742979049683 0.006478139664977789 0.11730962991714478 -5.482311248779297 -0.007811246905475855 0.9999099969863892 0.010907814837992191 -0.8099299073219299 -0.1172284185886383 -0.011748606339097023 0.993035614490509 84.39501953125
10.36867 0.9872622489929199 0.00670045567676425 0.1589600145816803 -5.3837890625 -0.00849386490881443 0.9999076724052429 0.010605411604046822 -0.8081135153770447 -0.1588743031024933 -0.011820509098470211 0.9872281551361084 84.8330307006836
10.47264 0.978889524936676 0.00691363587975502 0.20427310466766357 -5.271076202392578 -0.009308109059929848 0.9998987317085266 0.01076340302824974 -0.8118374347686768 -0.20417803525924683 -0.012437582015991211 0.9788548350334167 85.26001739501953
10.57663 0.9674944281578064 0.009036973118782043 0.2527309060096741 -5.135534286499023 -0.011601447127759457 0.9998951554298401 0.008658652193844318 -0.8189115524291992 -0.2526261806488037 -0.011309243738651276 0.9674979448318481 85.6572494506836
10.68062 0.9520198702812195 0.009347617626190186 0.30589357018470764 -4.9862213134765625 -0.011930924840271473 0.9999071359634399 0.006576566491276026 -0.8348828554153442 -0.30580365657806396 -0.009910614229738712 0.9520430564880371 86.0282974243164
10.78461 0.932351291179657 0.009450148791074753 0.36143049597740173 -4.80189323425293 -0.01194214727729559 0.9999178647994995 0.004661763086915016 -0.8413989543914795 -0.3613567054271698 -0.00866265594959259 0.9323874711990356 86.4004898071289
10.88875 0.9082162976264954 0.009980423375964165 0.4183822572231293 -4.598609924316406 -0.01214518677443266 0.999923050403595 0.0025115818716585636 -0.8407221436500549 -0.4183249771595001 -0.007362390402704477 0.9082676768302917 86.75106048583984
10.99272 0.8790897130966187 0.01096873264759779 0.4765302538871765 -4.3780517578125 -0.012498274445533752 0.9999218583106995 4.03551384806633e-05 -0.8370586037635803 -0.4764925241470337 -0.005991281010210514 0.8791581988334656 87.08824157714844
11.09659 0.8454998731613159 0.009515516459941864 0.533890962600708 -4.1396942138671875 -0.010006058029830456 0.9999479651451111 -0.001975873950868845 -0.8453607559204102 -0.5338820219039917 -0.003671542275696993 0.8455511331558228 87.39652252197266
11.20057 0.8090535402297974 0.009292716160416603 0.5876615047454834 -3.8687286376953125 -0.009168937802314758 0.9999527931213379 -0.0031891088001430035 -0.8545325994491577 -0.5876634120941162 -0.002808069810271263 0.8091006278991699 87.68716430664062
11.30431 0.7696707844734192 0.007513732649385929 0.6383967995643616 -3.5756149291992188 -0.007271626498550177 0.9999690055847168 -0.0030024319421499968 -0.8538553714752197 -0.6383995413780212 -0.002331298775970936 0.7697016000747681 87.9637451171875
11.40818 0.7265249490737915 0.0072105759754776955 0.6871022582054138 -3.2836570739746094 -0.009223420172929764 0.9999571442604065 -0.0007411157712340355 -0.8620544075965881 -0.687078058719635 -0.005798994563519955 0.7265603542327881 88.22463989257812
11.51192 0.6813639998435974 0.006020538508892059 0.7319199442863464 -2.9711647033691406 -0.008136041462421417 0.9999666213989258 -0.0006513437256217003 -0.8644135594367981 -0.7318994998931885 -0.005511128809303045 0.6813903450965881 88.46095275878906
11.61553 0.634950578212738 0.004593533929437399 0.7725391983985901 -2.646320343017578 -0.005727303680032492 0.9999827742576599 -0.0012386430753394961 -0.8775363564491272 -0.7725315690040588 -0.003638089867308736 0.6349658966064453 88.66355895996094
11.71927 0.5882836580276489 0.0024860671255737543 0.8086508512496948 -2.3046035766601562 0.0002175224362872541 0.999994695186615 -0.00323256803676486 -0.8753319978713989 -0.8086546063423157 0.0020775669254362583 0.5882800221443176 88.85256958007812
11.82277 0.5417212247848511 0.00425310991704464 0.8405474424362183 -1.9612922668457031 -0.0020799199119210243 0.9999908804893494 -0.0037194013129919767 -0.8875728249549866 -0.8405556082725525 0.0002666066284291446 0.5417250990867615 89.0285873413086
11.92638 0.49519526958465576 0.007475324906408787 0.8687494993209839 -1.6166419982910156 -0.005942923948168755 0.9999686479568481 -0.005216903053224087 -0.8919432759284973 -0.8687613010406494 -0.002579527208581567 0.4952242970466614 89.17610931396484
12.03 0.44976240396499634 0.009488039650022984 0.8930978775024414 -1.2724761962890625 -0.006457253359258175 0.9999520778656006 -0.0073713697493076324 -0.8997894525527954 -0.8931249380111694 -0.0024515956174582243 0.4498020112514496 89.313720703125
12.13361 0.4073297679424286 0.007472898345440626 0.9132505655288696 -0.9119186401367188 0.0005325441597960889 0.9999643564224243 -0.00841998215764761 -0.9002931714057922 -0.9132810831069946 0.003916055895388126 0.4073112905025482 89.42686462402344
12.2371 0.367959201335907 -0.0002561465371400118 0.9298418760299683 -0.53680419921875 0.015102357603609562 0.9998696446418762 -0.005700904875993729 -0.907584547996521 -0.9297193288803101 0.01614050567150116 0.36791515350341797 89.51844024658203
12.3406 0.3330097496509552 -0.004160369746387005 0.9429141283035278 -0.1569652557373047 0.01901128515601158 0.9998165369033813 -0.0023027947172522545 -0.9147079586982727 -0.9427317380905151 0.0186928641051054 0.33302780985832214 89.61206817626953
12.44411 0.29998570680618286 0.00017073005437850952 0.9539436101913452 0.2093944549560547 0.016154654324054718 0.999855637550354 -0.005259087774902582 -0.9184132218360901 -0.9538068771362305 0.016988281160593033 0.29993969202041626 89.70632934570312
12.54767 0.267645001411438 0.00813060812652111 0.9634833335876465 0.5776176452636719 0.0051747877150774 0.9999377727508545 -0.009875739924609661 -0.9283185005187988 -0.9635037183761597 0.00762901408597827 0.26758629083633423 89.82144927978516
12.65107 0.2391878217458725 0.012371568940579891 0.9708945751190186 0.9638595581054688 0.000539856671821326 0.9999169111251831 -0.012874381616711617 -0.94282066822052 -0.9709732532501221 0.003603539429605007 0.23916131258010864 89.90679931640625
12.75469 0.21353618800640106 0.013990581035614014 0.9768350124359131 1.3646621704101562 0.0015110173262655735 0.9998915195465088 -0.014651109464466572 -0.9573323726654053 -0.976934015750885 0.004604557063430548 0.21349184215068817 89.97425842285156
12.85806 0.19009213149547577 0.015211923979222775 0.9816484451293945 1.7726020812988281 0.00896366499364376 0.9998114109039307 -0.01722915656864643 -0.967781662940979 -0.9817253351211548 0.012074295431375504 0.18991993367671967 90.02757263183594
12.96167 0.1701015681028366 0.021649137139320374 0.9851887226104736 2.2060203552246094 0.015653131529688835 0.9995731711387634 -0.024667877703905106 -0.9674457311630249 -0.9853022694587708 0.019617334008216858 0.1696900725364685 90.0768051147461
13.0652 0.1510322242975235 0.028396982699632645 0.9881209135055542 2.630314826965332 0.01779504492878914 0.9993471503257751 -0.03143954277038574 -0.9639027118682861 -0.9883686900138855 0.02233203873038292 0.15042829513549805 90.12518310546875
13.16877 0.13326290249824524 0.029238969087600708 0.990649402141571 3.0752038955688477 0.015015915036201477 0.9993903636932373 -0.0315169133245945 -0.9766366481781006 -0.9909669160842896 0.01907554268836975 0.13274259865283966 90.18077087402344
13.27235 0.11754825711250305 0.024982329457998276 0.9927529692649841 3.539181709289551 0.01385889109224081 0.9995448589324951 -0.026794232428073883 -0.9946976900100708 -0.9929704666137695 0.016908073797822 0.11714855581521988 90.23423767089844
13.37588 0.10364170372486115 0.02143908478319645 0.9943836331367493 4.026791572570801 0.013609749265015125 0.9996433854103088 -0.022971002385020256 -1.0203049182891846 -0.9945214986801147 0.0159140657633543 0.10331298410892487 90.27739715576172
13.4795 0.09024958312511444 0.0190935917198658 0.9957361221313477 4.5185041427612305 0.01593724638223648 0.9996604323387146 -0.020613333210349083 -1.0345968008041382 -0.9957916736602783 0.017729636281728745 0.08991463482379913 90.3126449584961
13.58311 0.07872677594423294 0.018196657299995422 0.9967301487922668 5.0269036293029785 0.019556747749447823 0.9996127486228943 -0.019793981686234474 -1.0495223999023438 -0.9967043399810791 0.021051116287708282 0.07834043353796005 90.33905029296875
13.68672 0.06845645606517792 0.018739018589258194 0.9974781274795532 5.548492908477783 0.02256065234541893 0.9995387196540833 -0.02032606676220894 -1.064319372177124 -0.9973990321159363 0.023895205929875374 0.0680021345615387 90.36576843261719
13.79034 0.061471469700336456 0.01945345103740692 0.9979193806648254 6.105140686035156 0.02565247379243374 0.9994489550590515 -0.021063456311821938 -1.0707374811172485 -0.997779130935669 0.026893898844718933 0.06093858182430267 90.38446044921875
13.89395 0.055891383439302444 0.01994996704161167 0.9982375502586365 6.662566661834717 0.027295753359794617 0.9993961453437805 -0.021501410752534866 -1.0827488899230957 -0.9980636239051819 0.028449388220906258 0.05531308799982071 90.40790557861328
13.99767 0.05024885758757591 0.020997896790504456 0.9985160231590271 7.234114646911621 0.02810630016028881 0.9993532299995422 -0.02242991328239441 -1.0989834070205688 -0.9983411431312561 0.029191669076681137 0.0496261902153492 90.43266296386719
14.1013 0.04430566728115082 0.02153608202934265 0.9987858533859253 7.830496788024902 0.028592653572559357 0.9993306398391724 -0.022816184908151627 -1.1149137020111084 -0.9986087679862976 0.029568824917078018 0.0436602383852005 90.45670318603516
14.20492 0.03983233496546745 0.021403735503554344 0.9989770650863647 8.442315101623535 0.03064519353210926 0.9992740750312805 -0.022632019594311714 -1.132757544517517 -0.9987363219261169 0.03151533380150795 0.03914749622344971 90.4733657836914
14.30854 0.0369548499584198 0.021433018147945404 0.9990870356559753 9.074626922607422 0.03243774548172951 0.9992173314094543 -0.022635646164417267 -1.1477267742156982 -0.9987903833389282 0.033244628459215164 0.036230698227882385 90.49436950683594
14.41227 0.03414380922913551 0.020788507536053658 0.999200701713562 9.720900535583496 0.03343888372182846 0.9992000460624695 -0.02193114161491394 -1.1678380966186523 -0.9988574385643005 0.03416096791625023 0.033421359956264496 90.51156616210938
14.51589 0.03156556934118271 0.02032414823770523 0.9992949366569519 10.387679100036621 0.035189494490623474 0.9991507530212402 -0.021432770416140556 -1.1837111711502075 -0.9988820552825928 0.03584123030304909 0.030823566019535065 90.53044891357422
14.61968 0.030869504436850548 0.019896825775504112 0.9993253350257874 11.070724487304688 0.03959024325013161 0.9989928007125854 -0.021113159134984016 -1.2022457122802734 -0.9987390041351318 0.04021528363227844 0.030050693079829216 90.54335021972656
14.72326 0.032032739371061325 0.019656894728541374 0.9992935061454773 11.7931489944458 0.04342308267951012 0.998835027217865 -0.021039823070168495 -1.2184655666351318 -0.9985430836677551 0.04406636953353882 0.031141862273216248 90.55670166015625
14.82686 0.03466758877038956 0.019518081098794937 0.9992082715034485 12.526674270629883 0.045003555715084076 0.9987645149230957 -0.0210708137601614 -1.2400217056274414 -0.9983851313591003 0.04569840058684349 0.033746372908353806 90.5750961303711
14.93048 0.038539402186870575 0.01952364668250084 0.9990663528442383 13.265243530273438 0.04757370799779892 0.9986393451690674 -0.02135048434138298 -1.257732629776001 -0.9981239438056946 0.04835212603211403 0.03755815699696541 90.6026382446289
15.0341 0.0428006649017334 0.018910469487309456 0.9989046454429626 14.0208740234375 0.04809387028217316 0.998622715473175 -0.02096583880484104 -1.27604341506958 -0.9979254007339478 0.04893854632973671 0.04183223471045494 90.6350326538086
15.13784 0.046797141432762146 0.017221767455339432 0.9987559914588928 14.807497024536133 0.04968564212322235 0.9985736012458801 -0.019546665251255035 -1.2989377975463867 -0.9976679682731628 0.0505385659635067 0.04587471857666969 90.67227172851562
15.24145 0.05107519403100014 0.015346797183156013 0.9985769391059875 15.599148750305176 0.04968240112066269 0.9986048340797424 -0.017888382077217102 -1.3192417621612549 -0.9974582195281982 0.050525352358818054 0.05024147778749466 90.70964813232422
15.34508 0.05520366132259369 0.013307148590683937 0.9983865022659302 16.395410537719727 0.046739984303712845 0.9987805485725403 -0.015896789729595184 -1.3376646041870117 -0.9973806142807007 0.04754212871193886 0.05451437830924988 90.75777435302734
15.44881 0.059324659407138824 0.012500560842454433 0.9981604814529419 17.229663848876953 0.045930203050374985 0.9988283514976501 -0.015238740481436253 -1.3545893430709839 -0.9971815347671509 0.04674974083900452 0.05868098884820938 90.81182098388672
15.55255 0.06336884200572968 0.013625389896333218 0.9978970885276794 18.04869842529297 0.04289219528436661 0.9989455938339233 -0.016363462433218956 -1.3720557689666748 -0.9970680475234985 0.04383892938494682 0.06271759420633316 90.86691284179688
15.65617 0.06684530526399612 0.017289400100708008 0.9976134896278381 18.87775230407715 0.04082033410668373 0.9989652633666992 -0.020048003643751144 -1.4001559019088745 -0.9969279766082764 0.04206302389502525 0.06607037037611008 90.92225646972656
15.7599 0.06782150268554688 0.02257486991584301 0.9974420070648193 19.721294403076172 0.0348539873957634 0.9990801215171814 -0.02498185820877552 -1.429711103439331 -0.997088611125946 0.03645914047956467 0.0669722855091095 90.99971008300781
15.86364 0.06785768270492554 0.025919834151864052 0.9973581433296204 20.557716369628906 0.032045844942331314 0.9990900754928589 -0.028145156800746918 -1.453162431716919 -0.9971802830696106 0.033871058374643326 0.06696529686450958 91.05863952636719
15.96739 0.06789230555295944 0.02514830231666565 0.9973755478858948 21.39962387084961 0.02934105508029461 0.9991995096206665 -0.027191564440727234 -1.4877506494522095 -0.9972612261772156 0.03111015446484089 0.06710008531808853 91.12313079833984
16.07102 0.06742627918720245 0.023522645235061646 0.9974469542503357 22.246337890625 0.026880668476223946 0.9993162751197815 -0.025383837521076202 -1.517848014831543 -0.9973620772361755 0.028523575514554977 0.06674787402153015 91.19549560546875
16.17474 0.06753741204738617 0.022259486839175224 0.9974684119224548 23.08028221130371 0.027859551832079887 0.9993191957473755 -0.024187125265598297 -1.5502241849899292 -0.9973276853561401 0.029422558844089508 0.06687130033969879 91.2500228881836
16.27845 0.06813221424818039 0.02138501964509487 0.99744713306427 23.91594696044922 0.025196408852934837 0.9994143843650818 -0.02314828336238861 -1.5824103355407715 -0.9973580837249756 0.02670922502875328 0.06755349785089493 91.3078842163086
16.38209 0.06799391657114029 0.02184707671403885 0.9974465370178223 24.777027130126953 0.023390136659145355 0.9994505047798157 -0.023485423997044563 -1.6122000217437744 -0.9974114894866943 0.024927282705903053 0.0674455538392067 91.38191223144531
16.48571 0.0679442510008812 0.02242734096944332 0.997437059879303 25.611465454101562 0.020213088020682335 0.9995111227035522 -0.02385086752474308 -1.6430352926254272 -0.9974843263626099 0.021781818941235542 0.06745771318674088 91.44690704345703
