1403638130.5450969 0.999546229839325 -0.013448061421513557 -0.02695159986615181 -0.001323220320045948 0.01276409812271595 0.999596118927002 -0.02539077214896679 -0.013356993906199932 0.027282169088721275 0.02503523789346218 0.9993142485618591 -0.004861609544605017
1403638130.595097 0.9996541738510132 -0.005915409419685602 -0.025621937587857246 -0.0019499539630487561 0.00524312537163496 0.9996424317359924 -0.026226699352264404 -0.015338386408984661 0.025767913088202477 0.026083296164870262 0.999327540397644 -0.005414891988039017
1403638130.645097 0.9996518492698669 -0.008804439567029476 -0.024873627349734306 -0.0023942256812006235 0.007975965738296509 0.9994164705276489 -0.03321240842342377 -0.022359352558851242 0.025151530280709267 0.03300245478749275 0.9991387724876404 -0.007942474447190762
1403638130.695097 0.9994757771492004 -0.01911471039056778 -0.02612931840121746 -0.0024292184971272945 0.017910609021782875 0.9988008141517639 -0.04556449130177498 -0.0246586836874485 0.026968935504555702 0.045072611421346664 0.9986197352409363 -0.009049136191606522
1403638130.745097 0.9985808730125427 -0.04276931658387184 -0.03173322230577469 -0.0019631809554994106 0.04081152379512787 0.9973655343055725 -0.05996976047754288 -0.02679934725165367 0.034214481711387634 0.05858957767486572 0.997695803642273 -0.009539984166622162
1403638130.795097 0.9972712993621826 -0.06255517154932022 -0.03920317813754082 -0.0013770910445600748 0.059804435819387436 0.9959051609039307 -0.06779515743255615 -0.028861476108431816 0.04328359290957451 0.06526564061641693 0.9969286918640137 -0.010420689359307289
1403638130.845097 0.9969260692596436 -0.06618152558803558 -0.04193143919110298 -0.003894408233463764 0.06316885352134705 0.9955798387527466 -0.06950191408395767 -0.030548635870218277 0.04634583368897438 0.06663951277732849 0.9967001676559448 -0.010527867823839188
1403638130.895097 0.9966429471969604 -0.06796933710575104 -0.04564017802476883 -0.003815713804215193 0.0644913762807846 0.9951870441436768 -0.07378020882606506 -0.029971161857247353 0.05043531209230423 0.0705891102552414 0.9962297677993774 -0.00953041110187769
1403638130.945097 0.9965296387672424 -0.07208917289972305 -0.04161501303315163 -0.00399950984865427 0.06824972480535507 0.993842601776123 -0.08728611469268799 -0.03037414327263832 0.047651153057813644 0.08414299041032791 0.9953136444091797 -0.010163014754652977
1403638130.9950972 0.9963955283164978 -0.07733774930238724 -0.03485478088259697 -0.0028456738218665123 0.07320867478847504 0.9915332198143005 -0.10724932700395584 -0.031041225418448448 0.04285409301519394 0.10431106388568878 0.9936209917068481 -0.010683740489184856
1403638131.0450969 0.9961072206497192 -0.08303588628768921 -0.029586495831608772 -0.0025603771209716797 0.07877454906702042 0.989155650138855 -0.12395886331796646 -0.03105849027633667 0.039558686316013336 0.12114566564559937 0.9918461441993713 -0.011041522026062012
1403638131.095097 0.9964792728424072 -0.08018669486045837 -0.02447866089642048 -0.003314253408461809 0.07636801153421402 0.9886110424995422 -0.12967683374881744 -0.029928475618362427 0.034598223865032196 0.12735091149806976 0.9912540912628174 -0.010342578403651714
1403638131.145097 0.9971405267715454 -0.07166895270347595 -0.023963486775755882 -0.002890063216909766 0.06828313320875168 0.9903519153594971 -0.12058399617671967 -0.02957887388765812 0.032374411821365356 0.11860288679599762 0.9924138188362122 -0.009955771267414093
1403638131.195097 0.998146116733551 -0.055587854236364365 -0.02478604204952717 -0.001290322165004909 0.05267372727394104 0.9929919838905334 -0.10579422116279602 -0.024677066132426262 0.03049321472644806 0.10429251939058304 0.9940791130065918 -0.009289633482694626
1403638131.245097 0.9991287589073181 -0.03430907055735588 -0.023764718323946 -0.0007757833227515221 0.03217732533812523 0.9958683252334595 -0.08491703867912292 -0.02292834222316742 0.02657996118068695 0.08407837897539139 0.9961045980453491 -0.008914712816476822
1403638131.295097 0.9995453357696533 -0.019837815314531326 -0.02270975336432457 -0.0021776047069579363 0.01824406161904335 0.997494101524353 -0.06835563480854034 -0.022673044353723526 0.024008868262171745 0.06791023910045624 0.9974024891853333 -0.008613284677267075
1403638131.345097 0.9996280670166016 -0.01413404755294323 -0.023321235552430153 -0.0008327674586325884 0.012693489901721478 0.9980691075325012 -0.06080228462815285 -0.020953642204403877 0.024135582149028778 0.060483649373054504 0.9978773593902588 -0.007931960746645927
1403638131.395097 0.9996431469917297 -0.015521149151027203 -0.021742265671491623 -0.00011857766367029399 0.014177730306982994 0.9980591535568237 -0.060635555535554886 -0.018899835646152496 0.022641198709607124 0.0603056475520134 0.9979231357574463 -0.007651897147297859
1403638131.445097 0.9996897578239441 -0.016690891236066818 -0.018490012735128403 -0.0008511549094691873 0.01547620352357626 0.9978300929069519 -0.06399538367986679 -0.016247451305389404 0.019518030807375908 0.06368936598300934 0.9977788925170898 -0.006807813420891762
1403638131.4950972 0.9998989701271057 -0.006913925055414438 -0.012418580241501331 -0.0005037867813371122 0.006114867981523275 0.9979778528213501 -0.06326758861541748 -0.013882022351026535 0.012830897234380245 0.06318525969982147 0.9979193210601807 -0.006225544959306717
1403638131.5450969 0.9999380111694336 -0.003604938741773367 -0.010540488176047802 -0.0007532195886597037 0.00298693822696805 0.998308002948761 -0.058070115745067596 -0.011194187216460705 0.010731994174420834 0.05803503096103668 0.9982568025588989 -0.004755157977342606
1403638131.595097 0.9999428391456604 -0.0013453433057293296 -0.010610867291688919 0.0005664774216711521 0.0008034474449232221 0.998702883720398 -0.0509098544716835 -0.008981586433947086 0.010665593668818474 0.050898414105176926 0.9986469149589539 -0.005018074996769428
1403638131.645097 0.9999279379844666 0.003562836442142725 -0.011464540846645832 0.0013347193598747253 -0.00409399438649416 0.9989030957221985 -0.04664568603038788 -0.00632076058536768 0.011285774409770966 0.04668926075100899 0.9988456964492798 -0.0046331631019711494
1403638131.695097 0.9999199509620667 0.00858974363654852 -0.009288715198636055 0.0011925984872505069 -0.009016420692205429 0.9988582134246826 -0.046913065016269684 -0.0037968168035149574 0.008875137194991112 0.046993058174848557 0.9988557696342468 -0.0034819769207388163
1403638131.745097 0.9998863339424133 0.012649592012166977 -0.008202526718378067 0.001575334114022553 -0.013022877275943756 0.9988017082214355 -0.04717623069882393 -0.0010019997134804726 0.007595937233418226 0.04727768152952194 0.9988528490066528 -0.002620335901156068
1403638131.795097 0.9997115731239319 0.02387549728155136 -0.0025940078776329756 0.0012024885509163141 -0.023968754336237907 0.9986793398857117 -0.045442961156368256 0.0002933320065494627 0.001505609368905425 0.04549203813076019 0.9989635944366455 -0.0017373922746628523
1403638131.845097 0.9994129538536072 0.034082528203725815 0.003460200736299157 0.0015832162462174892 -0.03390835225582123 0.9985501766204834 -0.04180680587887764 0.002698143944144249 -0.004880065098404884 0.04166494682431221 0.9991196393966675 -0.0008864739211276174
1403638131.895097 0.9991604685783386 0.04016299918293953 0.008079717867076397 0.001966903917491436 -0.039804525673389435 0.9983869791030884 -0.04048497602343559 0.005330502055585384 -0.009692683815956116 0.04012938216328621 0.9991474151611328 -0.0005726434756070375
1403638131.945097 0.9989480972290039 0.044650137424468994 0.010439146310091019 0.002196282148361206 -0.04420171305537224 0.9982283711433411 -0.039831578731536865 0.007517083082348108 -0.012199134565889835 0.03932824730873108 0.999151885509491 0.00016194517957046628
1403638131.9950972 0.9982539415359497 0.05786118283867836 0.011879745870828629 0.001985794398933649 -0.057427216321229935 0.9977672696113586 -0.03409641236066818 0.009336249902844429 -0.013826078735291958 0.033354658633470535 0.9993479251861572 0.0007499729981645942
1403638132.0450969 0.9970095157623291 0.0765804722905159 0.010366442613303661 0.0019964708480983973 -0.07631853222846985 0.9968026280403137 -0.023664075881242752 0.009122188203036785 -0.01214550156146288 0.02280215360224247 0.9996662139892578 0.0004212672938592732
1403638132.095097 0.9955306649208069 0.0939718708395958 0.009384796023368835 0.0020902794785797596 -0.09386804699897766 0.9955244660377502 -0.010951093398034573 0.009630484506487846 -0.010371888056397438 0.010021215304732323 0.9998960494995117 0.0006094794953241944
1403638132.145097 0.9944546818733215 0.1049574762582779 0.006622061599045992 0.001957706408575177 -0.10492588579654694 0.9944676756858826 -0.004951483570039272 0.009971008636057377 -0.00710512138903141 0.004229201003909111 0.9999657273292542 0.0005085056181997061
1403638132.195097 0.9944431185722351 0.10522998124361038 0.0030529224313795567 0.0019764157477766275 -0.10520263016223907 0.994418203830719 -0.00804946105927229 0.008696134202182293 -0.0038829264231026173 0.007683556526899338 0.9999628663063049 6.591498822672293e-05
1403638132.245097 0.9955865740776062 0.09379971772432327 -0.0029969140887260437 0.001734266639687121 -0.09384258836507797 0.995355486869812 -0.02147679217159748 0.006782283075153828 0.0009684767574071884 0.0216632429510355 0.9997648596763611 0.0001699557906249538
1403638132.295097 0.9968156814575195 0.07906804978847504 -0.010328023694455624 0.001708071562461555 -0.07939916104078293 0.9961556792259216 -0.03701025992631912 0.004188822582364082 0.007361989468336105 0.037712447345256805 0.9992614984512329 -0.0008197935530915856
1403638132.345097 0.9974337816238403 0.06984598189592361 -0.015729626640677452 0.0017834797035902739 -0.07053090631961823 0.9963400959968567 -0.04828936234116554 0.0014267705846577883 0.012299240566790104 0.049274858087301254 0.998709499835968 -0.0025449804961681366
1403638132.395097 0.9981302618980408 0.054981529712677 -0.026703879237174988 0.0013883813517168164 -0.056324806064367294 0.9970329403877258 -0.052468039095401764 -0.0016761049628257751 0.023739874362945557 0.053874023258686066 0.9982653856277466 -0.0038207806646823883
1403638132.445097 0.9986244440078735 0.038106877356767654 -0.03601440414786339 0.0011200344888493419 -0.040319252759218216 0.9972085952758789 -0.06284409761428833 -0.004385702311992645 0.03351907804608345 0.0642097219824791 0.9973733425140381 -0.004556666128337383
1403638132.4950972 0.9988584518432617 0.013622771948575974 -0.04578455165028572 0.0005192882381379604 -0.01726800948381424 0.996630072593689 -0.08018934726715088 -0.008400609716773033 0.04453785717487335 0.08088841289281845 0.9957275986671448 -0.006194634363055229
1403638132.5450969 0.9985465407371521 -0.009313581511378288 -0.053085144609212875 0.0004141195095144212 0.003730883589014411 0.9945380687713623 -0.10430886596441269 -0.011895928531885147 0.05376666784286499 0.10395920276641846 0.9931273460388184 -0.007772799581289291
1403638132.595097 0.9978272318840027 -0.030883964151144028 -0.05819765850901604 -3.097308217547834e-05 0.023340068757534027 0.9917410612106323 -0.12611399590969086 -0.014905035495758057 0.06161191314458847 0.12448164820671082 0.9903072118759155 -0.008965926244854927
1403638132.645097 0.9971604347229004 -0.04243612289428711 -0.062210503965616226 -0.00016849336680024862 0.03370395302772522 0.9902387857437134 -0.1352447122335434 -0.016981074586510658 0.06734251230955124 0.13276395201683044 0.9888572692871094 -0.00910329632461071
1403638132.695097 0.9968650937080383 -0.04499593377113342 -0.06507944315671921 -0.00016080733621492982 0.036520279943943024 0.9913555383682251 -0.12601767480373383 -0.01899220235645771 0.07018715888261795 0.12324592471122742 0.9898909330368042 -0.00994732603430748
1403638132.745097 0.9966834187507629 -0.04601980000734329 -0.06711433827877045 -0.0013673687353730202 0.03818468004465103 0.9927831888198853 -0.11368133127689362 -0.02010527066886425 0.07186157256364822 0.11074157804250717 0.9912477731704712 -0.010353121906518936
1403638132.795097 0.9965279698371887 -0.04918142408132553 -0.0671808198094368 -0.0014706866350024939 0.041740912944078445 0.99327552318573 -0.10798779875040054 -0.021947210654616356 0.07204006612300873 0.10480868071317673 0.9918797612190247 -0.01137587707489729
1403638132.845097 0.9961910247802734 -0.05622869357466698 -0.06664605438709259 -0.002907298970967531 0.04817759990692139 0.9919865727424622 -0.11679644137620926 -0.022708406671881676 0.072679303586483 0.11314073950052261 0.9909172654151917 -0.011372698470950127
1403638132.895097 0.995405375957489 -0.06995784491300583 -0.06537529826164246 -0.0029761996120214462 0.0608704648911953 0.9893888235092163 -0.13192643225193024 -0.023148728534579277 0.07391088455915451 0.1273408681154251 0.9891014099121094 -0.011237178929150105
1403638132.945097 0.994450032711029 -0.07978253066539764 -0.06858444213867188 -0.002913294592872262 0.06915664672851562 0.9869591593742371 -0.14535771310329437 -0.023551682010293007 0.0792870745062828 0.13980790972709656 0.9869991540908813 -0.01168379932641983
1403638132.9950972 0.9940935373306274 -0.0793502926826477 -0.07403816282749176 -0.0038554470520466566 0.06738124787807465 0.9860652685165405 -0.1521015614271164 -0.023014403879642487 0.08507579565048218 0.14621439576148987 0.9855878949165344 -0.011725122109055519
1403638133.0450969 0.9948155283927917 -0.06485072523355484 -0.07833454012870789 -0.0029785395599901676 0.052762653678655624 0.9876424670219421 -0.14757496118545532 -0.021820031106472015 0.08693686127662659 0.1426767259836197 0.9859439134597778 -0.011163819581270218
1403638133.095097 0.9959155321121216 -0.04535485431551933 -0.07807010412216187 -0.0016614883206784725 0.03433259204030037 0.989955723285675 -0.1371452361345291 -0.02074882946908474 0.08350615203380585 0.13390475511550903 0.9874696135520935 -0.010514679364860058
1403638133.145097 0.9965637922286987 -0.03612981364130974 -0.07453349977731705 -0.0005216050776652992 0.026382945477962494 0.9914438128471375 -0.12784025073051453 -0.01895451545715332 0.07851463556289673 0.12543456256389618 0.9889901876449585 -0.009816717356443405
1403638133.195097 0.9975590109825134 -0.029749512672424316 -0.06317444145679474 0.0019946452230215073 0.021741705015301704 0.9920617341995239 -0.12385879456996918 -0.017975429072976112 0.06635767221450806 0.1221829503774643 0.9902868270874023 -0.008797864429652691
1403638133.245097 0.9984024167060852 -0.030183788388967514 -0.04776464402675629 0.003448178293183446 0.02405456081032753 0.9919831156730652 -0.12405989319086075 -0.01604914851486683 0.05112631618976593 0.12271276116371155 0.9911243915557861 -0.007886538282036781
1403638133.295097 0.9993423223495483 -0.025576509535312653 -0.02570508047938347 0.0044387527741491795 0.02227829210460186 0.9923675656318665 -0.12128575891256332 -0.015972308814525604 0.028610946610569954 0.1206333190202713 0.9922847151756287 -0.007628073915839195
1403638133.345097 0.999750554561615 -0.021288668736815453 -0.006752567365765572 0.006561179179698229 0.020398681983351707 0.9934940338134766 -0.11204236000776291 -0.014479612000286579 0.009093867614865303 0.11187667399644852 0.9936804175376892 -0.007136983331292868
1403638133.395097 0.9998168349266052 -0.015077488496899605 0.011789132840931416 0.008413540199398994 0.01620725728571415 0.9946027398109436 -0.10248243063688278 -0.012895689345896244 -0.010180328972637653 0.10265472531318665 0.9946650862693787 -0.007653289474546909
1403638133.445097 0.9992839694023132 -0.010637595318257809 0.0363108366727829 0.0110255666077137 0.014066603034734726 0.9953275322914124 -0.09552636742591858 -0.010973711498081684 -0.0351250022649765 0.09596873074769974 0.994764506816864 -0.007174737751483917
1403638133.4950972 0.9980530738830566 -0.014351548627018929 0.06069779396057129 0.012566743418574333 0.019921403378248215 0.9955431222915649 -0.09217853844165802 -0.010311823338270187 -0.059104371815919876 0.09320824593305588 0.9938908219337463 -0.007993439212441444
1403638133.5450969 0.9961191415786743 -0.025984330102801323 0.08409164845943451 0.015080161392688751 0.03353067860007286 0.9954123497009277 -0.08960972726345062 -0.009777398779988289 -0.08137740194797516 0.09208161383867264 0.9924206733703613 -0.007486753165721893
1403638133.595097 0.9942625761032104 -0.04247349873185158 0.09817294031381607 0.019273312762379646 0.050714146345853806 0.9952558875083923 -0.08302873373031616 -0.009044851176440716 -0.09418067336082458 0.08753111958503723 0.9916996955871582 -0.007105973549187183
1403638133.645097 0.9924246072769165 -0.058735162019729614 0.10790590196847916 0.022562671452760696 0.06709524989128113 0.9948821067810059 -0.07555119693279266 -0.007269797381013632 -0.10291612893342972 0.08221884816884995 0.9912861585617065 -0.006855384912341833
1403638133.695097 0.9901636838912964 -0.07044791430234909 0.12088409811258316 0.023623012006282806 0.07886285334825516 0.9946785569190979 -0.06629568338394165 -0.006915851961821318 -0.11557042598724365 0.07517684996128082 0.990450382232666 -0.007800592575222254
1403638133.745097 0.987389326095581 -0.07631710171699524 0.13870126008987427 0.026237815618515015 0.08533882349729538 0.9945257902145386 -0.0602974072098732 -0.004741999786347151 -0.1333402544260025 0.07137362658977509 0.9884969592094421 -0.007771855220198631
1403638133.795097 0.9843918085098267 -0.07727470993995667 0.1581181138753891 0.02894674614071846 0.0871579572558403 0.9945882558822632 -0.056546635925769806 -0.0034581730142235756 -0.1528928130865097 0.06944528967142105 0.9857997298240662 -0.008723022416234016
1403638133.845097 0.981306254863739 -0.07286728173494339 0.17812412977218628 0.03106004372239113 0.08317770063877106 0.9952232241630554 -0.051108188927173615 -0.0022107234690338373 -0.1735491305589676 0.06496874243021011 0.9826798439025879 -0.008513882756233215
1403638133.895097 0.9786356687545776 -0.07208750396966934 0.1925499439239502 0.03240370750427246 0.08216210454702377 0.9956092238426208 -0.044849686324596405 -0.001344896387308836 -0.18847136199474335 0.05971181392669678 0.9802616834640503 -0.008413242176175117
1403638133.945097 0.9764131307601929 -0.07382836192846298 0.2028958797454834 0.034308578819036484 0.08408776670694351 0.9955555200576782 -0.042406804859638214 -0.0012132251868024468 -0.19886331260204315 0.05846763029694557 0.978281557559967 -0.008202219381928444
1403638133.9950972 0.9751024842262268 -0.0737704485654831 0.2091248482465744 0.03458978235721588 0.08480354398488998 0.9954132437705994 -0.0442800372838974 -0.0009637949406169355 -0.2048991173505783 0.06091209873557091 0.9768858551979065 -0.007250670809298754
1403638134.0450969 0.9750576019287109 -0.07057411223649979 0.21043281257152557 0.03442643582820892 0.08133935183286667 0.9957610964775085 -0.042938172817230225 -0.0012921285815536976 -0.2065104842185974 0.058983657509088516 0.9766649603843689 -0.006753173191100359
1403638134.095097 0.9761708378791809 -0.06252998113632202 0.20779907703399658 0.033414486795663834 0.07164137065410614 0.9967584609985352 -0.03660714253783226 -0.0011963284341618419 -0.20483644306659698 0.05062182992696762 0.9774863719940186 -0.005030949600040913
1403638134.145097 0.9772904515266418 -0.05312858149409294 0.2051357626914978 0.03207799419760704 0.06084143742918968 0.9976511597633362 -0.031471651047468185 -0.0015550153329968452 -0.2029818743467331 0.043237701058387756 0.978227436542511 -0.003156350227072835
1403638134.195097 0.9773963093757629 -0.04938207194209099 0.2055668979883194 0.030751151964068413 0.05775276571512222 0.9977201223373413 -0.03491735830903053 -0.002227943390607834 -0.20337392389774323 0.046000149101018906 0.9780199527740479 -0.0018384032882750034
1403638134.245097 0.9765206575393677 -0.055743250995874405 0.20808695256710052 0.028491541743278503 0.06776934862136841 0.9963907599449158 -0.05111374333500862 -0.0031439648009836674 -0.2044866681098938 0.06401553004980087 0.9767738580703735 0.0007873624563217163
1403638134.295097 0.9757363796234131 -0.06371717900037766 0.20947198569774628 0.02641134336590767 0.0785975381731987 0.9948826432228088 -0.06348998844623566 -0.004037380218505859 -0.20435461401939392 0.07841349393129349 0.9757512807846069 0.002427860163152218
1403638134.345097 0.9757589101791382 -0.07313581556081772 0.20626573264598846 0.02461295947432518 0.08772492408752441 0.9941833019256592 -0.06248242035508156 -0.00521167041733861 -0.20049619674682617 0.07906243205070496 0.976499080657959 0.004635769408196211
1403638134.395097 0.9762411117553711 -0.08257926255464554 0.20033462345600128 0.022684132680296898 0.09583555907011032 0.9937416911125183 -0.05738472938537598 -0.0055769323371350765 -0.19434207677841187 0.0752205103635788 0.9780455827713013 0.00649701151996851
1403638134.445097 0.976289689540863 -0.0899394303560257 0.1968993991613388 0.01861790381371975 0.10195019096136093 0.9934442639350891 -0.05171733722090721 -0.006044495385140181 -0.190957173705101 0.07056503742933273 0.9790586829185486 0.007849220186471939
1403638134.4950972 0.9761889576911926 -0.09810251742601395 0.19347158074378967 0.01671757362782955 0.11000034213066101 0.9925851821899414 -0.05171821638941765 -0.007163273170590401 -0.18696333467960358 0.07176869362592697 0.9797417521476746 0.009415075182914734
1403638134.5450969 0.9757177829742432 -0.10812125355005264 0.19048531353473663 0.014332590624690056 0.12031057476997375 0.9912883639335632 -0.05359897390007973 -0.007515152916312218 -0.18303067982196808 0.07521487027406693 0.980225682258606 0.010827826336026192
1403638134.595097 0.9759469032287598 -0.11772292107343674 0.18349149823188782 0.011778573505580425 0.12986409664154053 0.9899729490280151 -0.055577173829078674 -0.008464455604553223 -0.1751089096069336 0.07806932181119919 0.9814490079879761 0.012313694693148136
1403638134.645097 0.9761266708374023 -0.12215528637170792 0.17959636449813843 0.0088149169459939 0.13335540890693665 0.9897227883338928 -0.05162634328007698 -0.009218377061188221 -0.17144416272640228 0.07434400171041489 0.9823848009109497 0.013398433104157448
1403638134.695097 0.9770744442939758 -0.12259858101606369 0.1740553230047226 0.006761734373867512 0.13215571641921997 0.9902350306510925 -0.044379979372024536 -0.009419510141015053 -0.16691473126411438 0.06636495143175125 0.9837353229522705 0.013812524266541004
1403638134.745097 0.9782125949859619 -0.12294541299343109 0.16728590428829193 0.00406773341819644 0.13035812973976135 0.9908826351165771 -0.034034520387649536 -0.009684116579592228 -0.1615763008594513 0.05510008707642555 0.9853208065032959 0.014443457126617432
1403638134.795097 0.9793418645858765 -0.11818139255046844 0.16408175230026245 0.0007739906432107091 0.12340682744979858 0.9921125173568726 -0.02199038490653038 -0.010248059406876564 -0.160188689827919 0.04178491607308388 0.9862015843391418 0.015384731814265251
1403638134.845097 0.9802206158638 -0.1126222014427185 0.1627385914325714 -0.0014328435063362122 0.11663678288459778 0.9930567741394043 -0.015297643840312958 -0.01100293267518282 -0.15988583862781525 0.03397637605667114 0.9865506291389465 0.015916427597403526
1403638134.895097 0.9804779291152954 -0.108881875872612 0.1637307107448578 -0.003261028556153178 0.11292404681444168 0.9934819340705872 -0.015558390878140926 -0.012162758968770504 -0.16096946597099304 0.03374379873275757 0.9863823056221008 0.016192352399230003
1403638134.945097 0.9803725481033325 -0.10799342393875122 0.16494552791118622 -0.0057348147965967655 0.11344483494758606 0.9932552576065063 -0.02396659180521965 -0.012112892232835293 -0.16124477982521057 0.04220840707421303 0.9860113859176636 0.016330726444721222
1403638134.9950972 0.9802300930023193 -0.10935956984758377 0.16489210724830627 -0.0069275423884391785 0.11577445268630981 0.9928290247917175 -0.02977844700217247 -0.012564016506075859 -0.16045312583446503 0.0482800230383873 0.9858620166778564 0.016514170914888382
1403638135.0450969 0.9810312986373901 -0.10238997638225555 0.16460230946540833 -0.008694466203451157 0.10829690843820572 0.9937437176704407 -0.027297616004943848 -0.012360883876681328 -0.16077753901481628 0.04460573196411133 0.9859822392463684 0.01692323572933674
1403638135.095097 0.9822994470596313 -0.09403407573699951 0.16200466454029083 -0.010435599833726883 0.09835925698280334 0.9949719905853271 -0.018869450315833092 -0.012622149661183357 -0.15941575169563293 0.034470099955797195 0.9866095185279846 0.016563067212700844
1403638135.145097 0.9837672710418701 -0.08635862171649933 0.1573028415441513 -0.01122201420366764 0.08934330195188522 0.9959287047386169 -0.01198944728821516 -0.012442808598279953 -0.15562704205513 0.02584877610206604 0.9874776601791382 0.01686149649322033
1403638135.195097 0.9843289256095886 -0.0813337191939354 0.15646551549434662 -0.012231424450874329 0.08331846445798874 0.996504008769989 -0.006157257594168186 -0.012089118361473083 -0.15541774034500122 0.019097231328487396 0.9876642227172852 0.016926858574151993
1403638135.245097 0.9845556616783142 -0.07779017090797424 0.15684005618095398 -0.013258305378258228 0.07892516255378723 0.996880054473877 -0.0010121995583176613 -0.01068494189530611 -0.15627199411392212 0.013375194743275642 0.9876235127449036 0.017362073063850403
1403638135.295097 0.9846221208572388 -0.07401034235954285 0.15824586153030396 -0.012902352027595043 0.07523712515830994 0.9971640706062317 -0.001767333596944809 -0.01036981400102377 -0.15766629576683044 0.01364611554890871 0.9873981475830078 0.016900278627872467
1403638135.345097 0.9841474294662476 -0.0743948370218277 0.16099433600902557 -0.012085682712495327 0.07654881477355957 0.9970398545265198 -0.00720968097448349 -0.009456215426325798 -0.1599813997745514 0.019419310614466667 0.9869290590286255 0.016785282641649246
1403638135.395097 0.9832608699798584 -0.07360228151082993 0.1666756570339203 -0.011624308302998543 0.07646802812814713 0.99701327085495 -0.0108328927308321 -0.008441314101219177 -0.16538052260875702 0.023396920412778854 0.9859522581100464 0.016658920794725418
1403638135.445097 0.9822141528129578 -0.06760986149311066 0.1751696914434433 -0.010599635541439056 0.07014122605323792 0.9975026249885559 -0.00829306524246931 -0.0075127542950212955 -0.17417150735855103 0.020432177931070328 0.9845033288002014 0.01630481518805027
1403638135.4950972 0.9813663959503174 -0.06282597780227661 0.18158438801765442 -0.009332237765192986 0.06432894617319107 0.9979258179664612 -0.0023933863267302513 -0.007322803605347872 -0.181057408452034 0.014029919169843197 0.9833723902702332 0.01581774279475212
1403638135.5450969 0.980775773525238 -0.06135419011116028 0.1852417141199112 -0.0075722988694906235 0.06106261909008026 0.998107373714447 0.007284156978130341 -0.006329171825200319 -0.18533803522586823 0.004167215898633003 0.982666015625 0.015038426034152508
1403638135.595097 0.9793744087219238 -0.05564724653959274 0.19424012303352356 -0.005770843476057053 0.05389191955327988 0.998444139957428 0.01431373693048954 -0.005988643504679203 -0.19473445415496826 -0.0035505443811416626 0.9808496236801147 0.014610091224312782
1403638135.645097 0.9775039553642273 -0.05524209886789322 0.20355403423309326 -0.003777708625420928 0.054080549627542496 0.998473048210144 0.011268684640526772 -0.00605484563857317 -0.20386573672294617 -6.8712979555130005e-06 0.9789988994598389 0.012977375648915768
1403638135.695097 0.974808931350708 -0.06475896388292313 0.21343368291854858 -0.0012658776249736547 0.06566140800714493 0.9978378415107727 0.0028656916692852974 -0.005376886110752821 -0.2131577879190445 0.011220848187804222 0.9769532680511475 0.012794497422873974
1403638135.745097 0.9724023938179016 -0.07795405387878418 0.21990178525447845 0.0010147367138415575 0.08081507682800293 0.9967209696769714 -0.004030555486679077 -0.005366981029510498 -0.21886655688285828 0.021690696477890015 0.9755136370658875 0.011551707051694393
1403638135.795097 0.9706893563270569 -0.08815848082304001 0.2235850691795349 0.0026995553635060787 0.09100691974163055 0.995847225189209 -0.0024467818439006805 -0.004959607496857643 -0.22244086861610413 0.022722847759723663 0.9746813774108887 0.010391270741820335
1403638135.845097 0.9699641466140747 -0.08415590226650238 0.22822657227516174 0.004350466188043356 0.0858580470085144 0.9963043332099915 0.002478480339050293 -0.00451796967536211 -0.22759169340133667 0.017191052436828613 0.9736049175262451 0.009643214754760265
1403638135.895097 0.9691764116287231 -0.07239563018083572 0.2354908585548401 0.006178440526127815 0.07118652760982513 0.9973697066307068 0.013643444515764713 -0.0031873055268079042 -0.23585918545722961 0.0035408735275268555 0.9717807769775391 0.008547838777303696
1403638135.945097 0.9686490893363953 -0.061873871833086014 0.24060454964637756 0.00830461923032999 0.05720430240035057 0.9980146884918213 0.026350870728492737 -0.002950852969661355 -0.241757333278656 -0.0117611363530159 0.9702654480934143 0.007316170260310173
1403638135.9950972 0.9668998718261719 -0.055093616247177124 0.24913723766803741 0.010100780054926872 0.04887359216809273 0.9983210563659668 0.031088270246982574 -0.002826870186254382 -0.25043168663978577 -0.017883025109767914 0.9679691791534424 0.006224040873348713
1403638136.0450969 0.9642776250839233 -0.04940449446439743 0.26024535298347473 0.011898276396095753 0.04460931941866875 0.9987088441848755 0.02430371195077896 -0.003433442208915949 -0.2611100673675537 -0.011826150119304657 0.9652365446090698 0.004214221611618996
1403638136.095097 0.9612594842910767 -0.051079943776130676 0.27087104320526123 0.014144602231681347 0.05071103572845459 0.9986782670021057 0.008365500718355179 -0.004155262373387814 -0.270940363407135 0.005694735795259476 0.9625793099403381 0.00271798437461257
1403638136.145097 0.9586149454116821 -0.06114274635910988 0.27806299924850464 0.016740433871746063 0.06577320396900177 0.9978076219558716 -0.007345374673604965 -0.004507303237915039 -0.2770042419433594 0.02533048763871193 0.9605347514152527 0.0013386528007686138
1403638136.195097 0.9562827348709106 -0.07116467505693436 0.2836526036262512 0.018253013491630554 0.08103767782449722 0.9964407682418823 -0.023209914565086365 -0.0029301675967872143 -0.2809913158416748 0.04518178850412369 0.9586461782455444 -0.000385441817343235
1403638136.245097 0.95419842004776 -0.07487690448760986 0.2896534502506256 0.02007063664495945 0.0859903022646904 0.9959614872932434 -0.02581452764570713 -0.00399656780064106 -0.28655073046684265 0.04953955113887787 0.9567834138870239 -0.002053220523521304
1403638136.295097 0.9513695240020752 -0.07055138796567917 0.2998645603656769 0.022554947063326836 0.08204198628664017 0.9962927103042603 -0.025886356830596924 -0.004647272638976574 -0.2969265282154083 0.0492289662361145 0.9536305069923401 -0.002664120402187109
1403638136.345097 0.9487177133560181 -0.06528949737548828 0.3093090057373047 0.025037145242094994 0.07617787271738052 0.9968233108520508 -0.023242779076099396 -0.003373789833858609 -0.30680882930755615 0.04561333358287811 0.9506774544715881 -0.005124250426888466
1403638136.395097 0.9470195174217224 -0.06373028457164764 0.3147898316383362 0.027126332744956017 0.07306749373674393 0.9971657395362854 -0.01793794147670269 -0.002822648035362363 -0.31275439262390137 0.03998848795890808 0.9489918947219849 -0.005193883087486029
1403638136.445097 0.9451568722724915 -0.05945485830307007 0.32115960121154785 0.028129328042268753 0.06725123524665833 0.9976483583450317 -0.013226858340203762 -0.0015943924663588405 -0.3196178376674652 0.034099821001291275 0.9469326734542847 -0.006185620091855526
1403638136.4950972 0.9432780742645264 -0.061850979924201965 0.3261913061141968 0.02914387546479702 0.06840196996927261 0.9976203441619873 -0.008639979176223278 -0.001217997632920742 -0.32488059997558594 0.030462026596069336 0.9452642202377319 -0.006967153400182724
1403638136.5450969 0.941376805305481 -0.07446937263011932 0.3290349245071411 0.029986537992954254 0.0797455832362175 0.9968119859695435 -0.002548922784626484 -0.0008541303686797619 -0.32779598236083984 0.0286385677754879 0.9443142414093018 -0.0075659374706447124
1403638136.595097 0.9405380487442017 -0.08679233491420746 0.3284132480621338 0.0293897558003664 0.09232980757951736 0.9957276582717896 -0.001273350790143013 -0.0012414001394063234 -0.3268994390964508 0.031519949436187744 0.9445332884788513 -0.007367389276623726
1403638136.645097 0.942410945892334 -0.09630613774061203 0.32029157876968384 0.028861165046691895 0.10306147485971451 0.9946662187576294 -0.004164303652942181 -0.0018227052642032504 -0.3181820511817932 0.03693418577313423 0.9473098516464233 -0.007543466053903103
1403638136.695097 0.9451888203620911 -0.10345553606748581 0.3097013533115387 0.027071664109826088 0.11062543839216232 0.9938461184501648 -0.005628147628158331 -0.0033444238360971212 -0.30721309781074524 0.039580490440130234 0.9508172273635864 -0.007642950862646103
1403638136.745097 0.9487200975418091 -0.10847637802362442 0.2969221770763397 0.02490084432065487 0.11599298566579819 0.9932196736335754 -0.00775965815410018 -0.003202119143679738 -0.2940670847892761 0.04180261865258217 0.9548701047897339 -0.007758555468171835
1403638136.795097 0.9531520009040833 -0.11544833332300186 0.27959442138671875 0.023202531039714813 0.12349496781826019 0.9922811985015869 -0.011274417862296104 -0.004986900836229324 -0.2761346697807312 0.04527474194765091 0.960051953792572 -0.006758292205631733
1403638136.845097 0.9569278955459595 -0.12691758573055267 0.26111510396003723 0.020771803334355354 0.13742247223854065 0.9902616143226624 -0.022295938804745674 -0.005103814881294966 -0.25574249029159546 0.05721868947148323 0.9650501608848572 -0.007217565085738897
1403638136.895097 0.9595034122467041 -0.14245451986789703 0.24302253127098083 0.018978038802742958 0.1558854579925537 0.9870871901512146 -0.03685922548174858 -0.007248827256262302 -0.23463350534439087 0.07325021922588348 0.9693199992179871 -0.007641164120286703
1403638136.945097 0.9604465365409851 -0.15613697469234467 0.23057261109352112 0.016164345666766167 0.17341676354408264 0.9832233786582947 -0.05655490234494209 -0.006738501135259867 -0.21787407994270325 0.09430310875177383 0.9714102745056152 -0.005504872649908066
1403638136.9950972 0.961362361907959 -0.1652897149324417 0.22014038264751434 0.015185962431132793 0.1846664994955063 0.9802752137184143 -0.07041878253221512 -0.00619509955868125 -0.20415867865085602 0.10835053026676178 0.9729231595993042 -0.005471598356962204
1403638137.0450969 0.962800145149231 -0.16894714534282684 0.21088558435440063 0.010934924706816673 0.18846017122268677 0.9791357517242432 -0.07599993795156479 -0.005645026918500662 -0.1936456263065338 0.11291628330945969 0.9745519161224365 -0.0030916095711290836
1403638137.095097 0.9651985168457031 -0.16394785046577454 0.2037469744682312 0.009336700662970543 0.18177121877670288 0.980704665184021 -0.07195649296045303 -0.004939335864037275 -0.18801848590373993 0.10648764669895172 0.9763755798339844 -0.002534713828936219
1403638137.145097 0.9678671956062317 -0.15423929691314697 0.1986030787229538 0.008234189823269844 0.16975928843021393 0.9834347367286682 -0.06354469060897827 -0.0034815960098057985 -0.18551205098628998 0.09521754831075668 0.9780178666114807 -0.0015799563843756914
1403638137.195097 0.9710239768028259 -0.14248508214950562 0.19186046719551086 0.006371479481458664 0.15486057102680206 0.986616313457489 -0.05105390399694443 -0.0016637553926557302 -0.1820182353258133 0.07928618788719177 0.9800934195518494 -0.0001602674601599574
1403638137.245097 0.973893404006958 -0.12912052869796753 0.1867067962884903 0.004000339191406965 0.13836532831192017 0.9896783828735352 -0.037306174635887146 0.0007855013245716691 -0.1799626648426056 0.06216598302125931 0.9817070960998535 0.0012481354642659426
1403638137.295097 0.9764097332954407 -0.11863650381565094 0.180414080619812 0.0034296000376343727 0.12547820806503296 0.9917301535606384 -0.02695334702730179 0.002472413470968604 -0.17572443187236786 0.04895554482936859 0.9832213521003723 0.0016118380008265376
1403638137.345097 0.9778430461883545 -0.1143500953912735 0.1753479540348053 0.002170673804357648 0.11942604184150696 0.9926681518554688 -0.01863856241106987 0.004662401974201202 -0.17193104326725006 0.03916670009493828 0.9843301177024841 0.002644613618031144
1403638137.395097 0.9785962104797363 -0.10651173442602158 0.1760808825492859 0.0008548260084353387 0.11008016765117645 0.9938661456108093 -0.010595357976853848 0.006885906215757132 -0.17387232184410095 0.02975158765912056 0.9843186736106873 0.0032886164262890816
1403638137.445097 0.9791187047958374 -0.09688834100961685 0.17871591448783875 0.0002630723174661398 0.098354771733284 0.995151162147522 0.0006577977910637856 0.009281199425458908 -0.17791306972503662 0.016933497041463852 0.9839005470275879 0.004663750994950533
1403638137.4950972 0.9795894622802734 -0.08375805616378784 0.18272672593593597 -0.0004991262685507536 0.0825064405798912 0.996485710144043 0.01445464976131916 0.011322233825922012 -0.18329529464244843 0.0009165111696347594 0.9830574989318848 0.005730781704187393
1403638137.5450969 0.9799596667289734 -0.06914784759283066 0.18680861592292786 -0.0009600392077118158 0.06464312225580215 0.9974542260169983 0.03010645881295204 0.013281065039336681 -0.18841484189033508 -0.017427224665880203 0.9819349050521851 0.006481317803263664
1403638137.595097 0.9795570373535156 -0.05188972130417824 0.19435901939868927 -0.0012560730101540685 0.04449174180626869 0.9981163144111633 0.04224028065800667 0.01466662622988224 -0.19618476927280426 -0.03272939845919609 0.9800205230712891 0.007123223505914211
1403638137.645097 0.9787594676017761 -0.04591235890984535 0.1998046636581421 -0.001591997453942895 0.037347082048654556 0.9982231259346008 0.04643020033836365 0.0160326287150383 -0.20158135890960693 -0.037981871515512466 0.978735089302063 0.007404103875160217
1403638137.695097 0.9771844744682312 -0.044274087995290756 0.20772655308246613 -0.0017959482502192259 0.03567095845937729 0.9983506798744202 0.044982049614191055 0.017215445637702942 -0.20937548577785492 -0.03654595464468002 0.9771521687507629 0.007850228808820248
1403638137.745097 0.9757060408592224 -0.04546375572681427 0.21431463956832886 -0.0018301205709576607 0.03741220012307167 0.9984387159347534 0.04147856682538986 0.018137099221348763 -0.2158658504486084 -0.03245290741324425 0.9758835434913635 0.008437402546405792
1403638137.795097 0.9747225642204285 -0.049295637756586075 0.21791231632232666 -0.0019279038533568382 0.0406612791121006 0.9982064962387085 0.04393402114510536 0.019208962097764015 -0.2196872979402542 -0.03396289050579071 0.974979043006897 0.00882900319993496
1403638137.845097 0.974036455154419 -0.04729172959923744 0.22139646112918854 -0.001985887996852398 0.0368926040828228 0.9980233907699585 0.05087483301758766 0.020011331886053085 -0.22336480021476746 -0.04138604551553726 0.9738559126853943 0.008731947280466557
1403638137.895097 0.9736848473548889 -0.03975724056363106 0.2244042158126831 -0.0020936839282512665 0.025869186967611313 0.997582733631134 0.06449392437934875 0.02073606662452221 -0.2264258712530136 -0.056991614401340485 0.9723595380783081 0.008946692571043968
1403638137.945097 0.9734103083610535 -0.03171277791261673 0.2268623560667038 -0.0021530822850763798 0.013728952966630459 0.9966668486595154 0.08041515946388245 0.021891247481107712 -0.22865638136863708 -0.0751623660326004 0.9706012606620789 0.009352879598736763
1403638137.9950972 0.9737604856491089 -0.025535473600029945 0.2261379063129425 -0.002401013858616352 0.004514188040047884 0.9956567287445068 0.09299115091562271 0.023435696959495544 -0.22753028571605682 -0.08953028172254562 0.9696464538574219 0.01052660308778286
1403638138.0450969 0.9739423990249634 -0.02034544199705124 0.22588086128234863 -0.0024706204421818256 -0.0015545996138826013 0.9953457713127136 0.09635540843009949 0.02381625957787037 -0.2267899364233017 -0.09419576078653336 0.969377875328064 0.01052981149405241
