1403638130.645097 0.9996699690818787 -0.0068801399320364 -0.02474994771182537 -0.0020166554022580385 0.005961830262094736 0.9992979168891907 -0.036987822502851486 -0.016776341944932938 0.024987053126096725 0.03682805970311165 0.9990091919898987 -0.005944868549704552
1403638130.695097 0.999526858329773 -0.018174678087234497 -0.02480674348771572 -0.0032856783363968134 0.016924211755394936 0.998619794845581 -0.04971975088119507 -0.019260721281170845 0.025676144286990166 0.04927639663219452 0.9984551072120667 -0.007401581853628159
1403638130.745097 0.9987159371376038 -0.04107967019081116 -0.029646949842572212 -0.004241981077939272 0.03920871391892433 0.9973584413528442 -0.06114582717418671 -0.025573907420039177 0.03208048641681671 0.05990489199757576 0.9976884722709656 -0.009272756986320019
1403638130.795097 0.9974058866500854 -0.061163850128650665 -0.03795376420021057 -0.0026400743518024683 0.05844568461179733 0.9959025382995605 -0.06900931149721146 -0.027360882610082626 0.04201912134885788 0.06661206483840942 0.9968937635421753 -0.009423840790987015
1403638130.845097 0.9968881607055664 -0.0663834735751152 -0.04251090809702873 -0.002792685991153121 0.06321348249912262 0.9953986406326294 -0.07201117277145386 -0.02768840454518795 0.0470956489443779 0.06909982860088348 0.996497392654419 -0.010193104855716228
1403638130.895097 0.996433675289154 -0.07017987966537476 -0.0468461811542511 -0.0025512685533612967 0.06651608645915985 0.9949132204055786 -0.07565218955278397 -0.029042795300483704 0.051917143166065216 0.07226638495922089 0.996033251285553 -0.010952644050121307
1403638130.945097 0.9963042736053467 -0.07430288195610046 -0.043091654777526855 -0.0024484852328896523 0.07026504725217819 0.9935804605484009 -0.08866065740585327 -0.02982022427022457 0.049402765929698944 0.08530516177415848 0.9951293468475342 -0.011565110646188259
1403638130.9950972 0.9962074756622314 -0.07949662208557129 -0.0353681780397892 -0.0022934770677238703 0.07526461035013199 0.9912831783294678 -0.1081337258219719 -0.03096594475209713 0.04365614801645279 0.10506168007850647 0.9935069680213928 -0.01192274410277605
1403638131.0450969 0.9959614872932434 -0.0848713144659996 -0.02928742580115795 -0.002743573859333992 0.0806024968624115 0.9889105558395386 -0.1247357502579689 -0.031156867742538452 0.03954913094639778 0.12187134474515915 0.9917576313018799 -0.011759772896766663
1403638131.095097 0.9963347315788269 -0.0819118320941925 -0.024648727849125862 -0.0028557535260915756 0.07798170298337936 0.988200306892395 -0.13182957470417023 -0.026560461148619652 0.03515629097819328 0.12942424416542053 0.9909659028053284 -0.01053844764828682
1403638131.145097 0.9970192909240723 -0.07336059212684631 -0.023890560492873192 -0.0030193410348147154 0.06995102018117905 0.9901577234268188 -0.12122110277414322 -0.029523948207497597 0.03254827484488487 0.11918860673904419 0.9923379421234131 -0.01094884891062975
1403638131.195097 0.9981632828712463 -0.055938687175512314 -0.02325727418065071 -0.0030113717075437307 0.05324619635939598 0.9931926131248474 -0.10360179096460342 -0.028162788599729538 0.028894295915961266 0.10217314213514328 0.9943469166755676 -0.010006925091147423
1403638131.245097 0.9991244673728943 -0.035101518034935 -0.022763719782233238 -0.0016441942425444722 0.0331110954284668 0.9960330128669739 -0.08259471505880356 -0.026775386184453964 0.02557261660695076 0.08176866918802261 0.9963232278823853 -0.009426701813936234
1403638131.295097 0.9995176196098328 -0.021015407517552376 -0.022867100313305855 -0.0018975712591782212 0.019437531009316444 0.9975526928901672 -0.0671629011631012 -0.024711864069104195 0.024222590029239655 0.0666860044002533 0.9974799156188965 -0.008770536631345749
1403638131.345097 0.9996053576469421 -0.0153475571423769 -0.023526916280388832 -0.0006257308996282518 0.013893643394112587 0.9980555772781372 -0.06076235696673393 -0.021749088540673256 0.02441372349858284 0.060411497950553894 0.9978749752044678 -0.008296884596347809
1403638131.395097 0.9996441006660461 -0.016199370846152306 -0.021196410059928894 -0.0010696008102968335 0.014944305643439293 0.9981997013092041 -0.05808615684509277 -0.022154802456498146 0.0220992099493742 0.0577487088739872 0.9980865120887756 -0.007806374225765467
1403638131.445097 0.9996930360794067 -0.017027229070663452 -0.017995180562138557 -0.0014704085187986493 0.0158737413585186 0.9979245662689209 -0.062406644225120544 -0.018352411687374115 0.01902044750750065 0.06210183724761009 0.9978885650634766 -0.006429667584598064
1403638131.4950972 0.9999027848243713 -0.007391388528048992 -0.011830322444438934 -0.0010263724252581596 0.006645853631198406 0.9980624914169312 -0.06186320260167122 -0.015908101573586464 0.012264656834304333 0.061778564006090164 0.998014509677887 -0.006173260044306517
1403638131.5450969 0.999939501285553 -0.004181125666946173 -0.01016980316489935 -0.0009222310618497431 0.0035963074769824743 0.9983757734298706 -0.056858938187360764 -0.013235455378890038 0.01039101928472519 0.05681893229484558 0.9983303546905518 -0.004668412264436483
1403638131.595097 0.9999517202377319 -0.0012661294313147664 -0.009739256463944912 -0.00041110313031822443 0.0007740596192888916 0.9987305998802185 -0.05036319047212601 -0.010074432939291 0.009790660813450813 0.050353217869997025 0.9986834526062012 -0.004357323981821537
1403638131.645097 0.9999343156814575 0.004138498101383448 -0.01068947371095419 0.0003967281081713736 -0.004626174457371235 0.9989303946495056 -0.04600784555077553 -0.007387762889266014 0.010487636551260948 0.04605427384376526 0.998883843421936 -0.003931802697479725
1403638131.695097 0.9999245405197144 0.008617730811238289 -0.008754533715546131 0.0005393690662458539 -0.00901898741722107 0.9988598823547363 -0.04687850922346115 -0.004319695755839348 0.00834056455641985 0.04695392772555351 0.9988622069358826 -0.0027987028006464243
1403638131.745097 0.9998900890350342 0.012745268642902374 -0.007570200599730015 0.0006664828397333622 -0.013088389299809933 0.9988020062446594 -0.04715224355459213 -0.0014997974503785372 0.00696016289293766 0.04724614694714546 0.9988590478897095 -0.0017845509573817253
1403638131.795097 0.9997156262397766 0.02371244505047798 -0.0024957002606242895 0.0011493249330669641 -0.023801365867257118 0.9986845254898071 -0.045415785163640976 0.0006348929600790143 0.0014154985547065735 0.04546228423714638 0.9989650249481201 -0.0012298644287511706
1403638131.845097 0.9994087219238281 0.03418518975377083 0.00367878214456141 0.0014062791597098112 -0.03400026634335518 0.9985341429710388 -0.04211161658167839 0.003208861220628023 -0.005112981423735619 0.04196164757013321 0.999106228351593 -0.0003813377406913787
1403638131.895097 0.9991626739501953 0.04011460021138191 0.00804117415100336 0.0019245798466727138 -0.03976502642035484 0.9984189867973328 -0.03972618654370308 0.00448773754760623 -0.00962206069380045 0.03937315568327904 0.9991782307624817 -0.0005615205736830831
1403638131.945097 0.9989386796951294 0.044852446764707565 0.01046836469322443 0.002111224690452218 -0.04441331699490547 0.9982531070709229 -0.03896553814411163 0.006656084209680557 -0.012197776697576046 0.03845924884080887 0.9991858005523682 0.000113544927444309
1403638131.9950972 0.9982589483261108 0.0577966533601284 0.011774014681577682 0.0021904073655605316 -0.05736912786960602 0.9977778196334839 -0.03388550877571106 0.008553862571716309 -0.013706319034099579 0.0331510454416275 0.9993563890457153 0.0012752411421388388
1403638132.0450969 0.9970617294311523 0.07591214030981064 0.010264214128255844 0.002399735152721405 -0.075640469789505 0.9968298077583313 -0.02467527985572815 0.009686756879091263 -0.012104826979339123 0.02382637932896614 0.9996428489685059 0.0014876141212880611
1403638132.095097 0.995521068572998 0.0940646305680275 0.009466098621487617 0.002306069014593959 -0.09395372867584229 0.9955095648765564 -0.01155009027570486 0.009878888726234436 -0.010510045103728771 0.010608981363475323 0.9998884797096252 0.0013956516049802303
1403638132.145097 0.9944944381713867 0.10460462421178818 0.00621769530698657 0.0022084356751292944 -0.10457299649715424 0.9945036172866821 -0.005214856471866369 0.009607951156795025 -0.006729018874466419 0.004535942804068327 0.999967098236084 0.001459187245927751
1403638132.195097 0.9944695234298706 0.10498662292957306 0.00281947897747159 0.0020723307970911264 -0.10495959967374802 0.994440495967865 -0.008454106748104095 0.00849113054573536 -0.0036913729272782803 0.008111419156193733 0.9999603033065796 0.0010100880172103643
1403638132.245097 0.9956080913543701 0.09356416761875153 -0.003210454946383834 0.0019310580100864172 -0.09361235052347183 0.9953650236129761 -0.022026335820555687 0.006982315797358751 0.001134699210524559 0.022230137139558792 0.9997522234916687 0.0002662970800884068
1403638132.295097 0.9968494176864624 0.07862646132707596 -0.010447141714394093 0.0017568551702424884 -0.07896747440099716 0.9961642026901245 -0.037697307765483856 0.004576574545353651 0.007443062029778957 0.038403525948524475 0.9992345571517944 -0.000509746081661433
1403638132.345097 0.9974090456962585 0.07033481448888779 -0.015105037949979305 0.0016373679973185062 -0.0709960013628006 0.9962753653526306 -0.04893842339515686 0.0016182656399905682 0.011606700718402863 0.049884021282196045 0.9986875653266907 -0.0021831851918250322
1403638132.395097 0.9981244802474976 0.05530446395277977 -0.026244107633829117 0.001310111372731626 -0.05663782358169556 0.9969805479049683 -0.05312204360961914 -0.0014349401462823153 0.02322697639465332 0.05450882762670517 0.9982431530952454 -0.003570323111489415
1403638132.445097 0.9985829591751099 0.039055533707141876 -0.036149393767118454 0.0011513771023601294 -0.0412854440510273 0.9971499443054199 -0.06314674019813538 -0.004229431040585041 0.03358014300465584 0.06454969942569733 0.9973493218421936 -0.004523884039372206
1403638132.4950972 0.9988293051719666 0.0142287015914917 -0.04623398929834366 0.0009821904823184013 -0.01791711337864399 0.9966041445732117 -0.0803685337305069 -0.008207689970731735 0.04493344575166702 0.08110283315181732 0.9956924319267273 -0.006143440492451191
1403638132.5450969 0.9985262751579285 -0.01038065180182457 -0.05326848104596138 0.0006655794568359852 0.004767552483826876 0.9945199489593506 -0.10443778336048126 -0.012088481336832047 0.05406070128083229 0.10402988642454147 0.9931038022041321 -0.007820473983883858
1403638132.595097 0.9977946281433105 -0.031539030373096466 -0.05840399116277695 0.0002908705500885844 0.02393919788300991 0.9916735887527466 -0.12653279304504395 -0.014702018350362778 0.06190841272473335 0.12485562264919281 0.9902415871620178 -0.008821407333016396
1403638132.645097 0.9972131848335266 -0.042642924934625626 -0.061215490102767944 -0.0009340924443677068 0.03404439240694046 0.9902320504188538 -0.13520881533622742 -0.017001640051603317 0.0663832351565361 0.13274797797203064 0.9889242649078369 -0.00843140110373497
1403638132.695097 0.9969188570976257 -0.04484475776553154 -0.06435535103082657 -0.0008736734744161367 0.036461737006902695 0.9913615584373474 -0.12598735094070435 -0.018888356164097786 0.0694492980837822 0.12325266748666763 0.9899421334266663 -0.009224370121955872
1403638132.745097 0.9966869950294495 -0.04635709151625633 -0.06682896614074707 -0.0014723364729434252 0.0386284776031971 0.9928860664367676 -0.11262795329093933 -0.020877068862318993 0.07157465070486069 0.10967333614826202 0.9913873076438904 -0.010048963129520416
1403638132.795097 0.9965830445289612 -0.04935320466756821 -0.06623007357120514 -0.002404732396826148 0.04207392781972885 0.9933546781539917 -0.10712752491235733 -0.022276056930422783 0.07107704877853394 0.10397492349147797 0.9920369386672974 -0.010280204936861992
1403638132.845097 0.9961858987808228 -0.05678626149892807 -0.06625041365623474 -0.0028381934389472008 0.04881255328655243 0.992011547088623 -0.1163201555609703 -0.02296515181660652 0.07232657074928284 0.11264263838529587 0.9909998178482056 -0.010418279096484184
1403638132.895097 0.9954955577850342 -0.06964919716119766 -0.06432449072599411 -0.003999180160462856 0.060641877353191376 0.9893006086349487 -0.13269108533859253 -0.022268099710345268 0.07287808507680893 0.12819263339042664 0.9890679717063904 -0.010239962488412857
1403638132.945097 0.9946072101593018 -0.07911624014377594 -0.06706129759550095 -0.004244745243340731 0.06856090575456619 0.9867208003997803 -0.14724569022655487 -0.021275579929351807 0.0778203085064888 0.14185383915901184 0.9868239760398865 -0.010309853591024876
1403638132.9950972 0.9942193627357483 -0.0784764364361763 -0.07327567040920258 -0.004141314886510372 0.0665329098701477 0.9859530329704285 -0.1531991809606552 -0.021610025316476822 0.08426891267299652 0.14743834733963013 0.9854748249053955 -0.00981200858950615
1403638133.0450969 0.9950045943260193 -0.0635174885392189 -0.0770149752497673 -0.004140462260693312 0.0516275055706501 0.9877002835273743 -0.1475897878408432 -0.02124166116118431 0.08544225990772247 0.14287643134593964 0.9860455393791199 -0.009479669854044914
1403638133.095097 0.9960909485816956 -0.04403931275010109 -0.07657195627689362 -0.003129650140181184 0.033187832683324814 0.9899291396141052 -0.137618288397789 -0.01978750340640545 0.08186143636703491 0.13453909754753113 0.9875209927558899 -0.009160571731626987
1403638133.145097 0.9967902302742004 -0.03365643322467804 -0.07263895124197006 -0.002665744163095951 0.024163836613297462 0.9915038347244263 -0.12781311571598053 -0.01915947161614895 0.07632353156805038 0.1256476193666458 0.9891347289085388 -0.009339720942080021
1403638133.195097 0.9977104067802429 -0.030153410509228706 -0.06053673475980759 -0.0018846460152417421 0.022534361109137535 0.992173969745636 -0.12281239032745361 -0.017928224056959152 0.06376617401838303 0.12116704136133194 0.9905818104743958 -0.009959841147065163
1403638133.245097 0.9985352754592896 -0.030093131586909294 -0.0449652224779129 -0.0006384312873706222 0.024406366050243378 0.9922226071357727 -0.12206030637025833 -0.016743747517466545 0.048288680613040924 0.12078405916690826 0.9915036559104919 -0.009959164075553417
1403638133.295097 0.9994180798530579 -0.023710276931524277 -0.024522513151168823 0.003157977247610688 0.0205608569085598 0.9923731088638306 -0.12154342979192734 -0.015444456599652767 0.027217315509915352 0.12096851319074631 0.9922831654548645 -0.007274771109223366
1403638133.345097 0.9997999668121338 -0.019253885373473167 -0.005410036072134972 0.004925330635160208 0.0185258649289608 0.9935156106948853 -0.11217635869979858 -0.014170384034514427 0.007534783333539963 0.11205369234085083 0.99367356300354 -0.006749685388058424
1403638133.395097 0.9998090267181396 -0.014180370606482029 0.013458037748932838 0.006444116123020649 0.015482282266020775 0.9946476817131042 -0.10215814411640167 -0.012855223380029202 -0.011937367729842663 0.1023469865322113 0.9946771264076233 -0.00699273869395256
1403638133.445097 0.9992001056671143 -0.009551617316901684 0.03883308917284012 0.008080839179456234 0.013176558539271355 0.9954670667648315 -0.09419021010398865 -0.011767813935875893 -0.03775738552212715 0.09462655335664749 0.9947965145111084 -0.007148857694119215
1403638133.4950972 0.9981489777565002 -0.015154584310948849 0.05889999866485596 0.014273185282945633 0.02049444429576397 0.9956270456314087 -0.0911407321691513 -0.011188277043402195 -0.05726123973727226 0.09217914193868637 0.9940946102142334 -0.007156774401664734
1403638133.5450969 0.9962235689163208 -0.026623286306858063 0.08264351636171341 0.01644311659038067 0.03398924320936203 0.9954476952552795 -0.08904261142015457 -0.010370568372309208 -0.07989669591188431 0.09151534736156464 0.9925932884216309 -0.007124755531549454
1403638133.595097 0.9943289160728455 -0.042114920914173126 0.09765402972698212 0.019867045804858208 0.050219591706991196 0.9953597784042358 -0.08207839727401733 -0.009973959065973759 -0.0937441885471344 0.08651707321405411 0.991830050945282 -0.007608192041516304
1403638133.645097 0.9925088286399841 -0.05867469310760498 0.10716213285923004 0.02342928573489189 0.06687520444393158 0.9949682354927063 -0.0746043473482132 -0.008204760029911995 -0.10224554687738419 0.08121193945407867 0.991438627243042 -0.0076345340348780155
1403638133.695097 0.9903550744056702 -0.06993304938077927 0.11960858851671219 0.024890068918466568 0.07811287045478821 0.9948154091835022 -0.06512074917554855 -0.008167173713445663 -0.11443434655666351 0.07383564114570618 0.9906832575798035 -0.009248367510735989
1403638133.745097 0.9876584410667419 -0.07544706761837006 0.13725385069847107 0.02747168391942978 0.08416992425918579 0.9947096109390259 -0.05889233574271202 -0.006176318507641554 -0.132084459066391 0.06971815973520279 0.9887837171554565 -0.009611718356609344
1403638133.795097 0.9844275116920471 -0.076685331761837 0.1581825613975525 0.028611622750759125 0.08620920777320862 0.9947994351387024 -0.054242413491010666 -0.0057871704921126366 -0.15320032835006714 0.067034512758255 0.9859188795089722 -0.010377458296716213
1403638133.845097 0.9812034964561462 -0.07241769880056381 0.17887204885482788 0.0299930889159441 0.08273769915103912 0.9952698349952698 -0.05091564357280731 -0.002479364164173603 -0.17433872818946838 0.0647580698132515 0.9825541377067566 -0.009052029810845852
1403638133.895097 0.9782177209854126 -0.07099248468875885 0.19506381452083588 0.02970447763800621 0.0809757262468338 0.9957584142684937 -0.04368077218532562 -0.00251303194090724 -0.191135436296463 0.05852475389838219 0.9798174500465393 -0.007717670872807503
1403638133.945097 0.9763811230659485 -0.07380001246929169 0.20306020975112915 0.03375064954161644 0.08457264304161072 0.995405912399292 -0.0448840968310833 0.0007567305001430213 -0.19881489872932434 0.06099731847643852 0.9781370162963867 -0.007440523710101843
1403638133.9950972 0.9747421145439148 -0.07336217164993286 0.21094033122062683 0.029314935207366943 0.08438774198293686 0.9954725503921509 -0.04373864829540253 -0.0012039857683703303 -0.20677652955055237 0.06043466925621033 0.9765198826789856 -0.0074484748765826225
1403638134.0450969 0.9747211337089539 -0.06979791074991226 0.21224287152290344 0.029027558863162994 0.080586738884449 0.9958367347717285 -0.0426035076379776 -0.0013349649962037802 -0.20838563144207 0.05863049998879433 0.9762877821922302 -0.006464396137744188
1403638134.095097 0.97581547498703 -0.062082983553409576 0.2095946967601776 0.027994785457849503 0.07119832187891006 0.9968042969703674 -0.036221493035554886 -0.0014236425049602985 -0.2066761553287506 0.050268277525901794 0.9771172404289246 -0.004942251369357109
1403638134.145097 0.9768816232681274 -0.05276138707995415 0.20716819167137146 0.026476114988327026 0.060481589287519455 0.9976844787597656 -0.03110582008957863 -0.0016064206138253212 -0.2050473392009735 0.04291655868291855 0.9778107404708862 -0.0028041666373610497
1403638134.195097 0.9769493341445923 -0.04876808077096939 0.20782604813575745 0.024973297491669655 0.05717653036117554 0.9977627992630005 -0.03464233875274658 -0.0022991381119936705 -0.20567171275615692 0.04572657495737076 0.9775521755218506 -0.0013895286247134209
1403638134.245097 0.9763242602348328 -0.055055174976587296 0.20918898284435272 0.023893864825367928 0.06698182970285416 0.9964825510978699 -0.05035857483744621 -0.0036078831180930138 -0.20568066835403442 0.06317814439535141 0.9765777587890625 -1.8408987671136856e-05
1403638134.295097 0.9755124449729919 -0.06316986680030823 0.2106776386499405 0.024935970082879066 0.07807227969169617 0.9949438571929932 -0.06317715346813202 -0.004552759230136871 -0.20562154054641724 0.07807817310094833 0.9755119681358337 0.0017139911651611328
1403638134.345097 0.9754834175109863 -0.072444848716259 0.20780746638774872 0.022692667320370674 0.08720273524522781 0.9942124485969543 -0.06274676322937012 -0.005260262172669172 -0.20205911993980408 0.07932979613542557 0.976155161857605 0.004945474211126566
1403638134.395097 0.9759965538978577 -0.08167511969804764 0.2018909901380539 0.02079293690621853 0.09495396912097931 0.9938501715660095 -0.05697096511721611 -0.006330911070108414 -0.19599629938602448 0.07477381825447083 0.9777496457099915 0.006363223772495985
1403638134.445097 0.9762080311775208 -0.08963213115930557 0.19744321703910828 0.018406491726636887 0.10155533999204636 0.9935171008110046 -0.05109362676739693 -0.006837816908955574 -0.1915835589170456 0.06992943584918976 0.9789819121360779 0.007468699477612972
1403638134.4950972 0.9760652184486389 -0.09757064282894135 0.1943620890378952 0.01623271033167839 0.10933102667331696 0.9927114248275757 -0.050702959299087524 -0.008344372734427452 -0.18799832463264465 0.07073919475078583 0.9796186089515686 0.00909439381211996
1403638134.5450969 0.9754825830459595 -0.10778491944074631 0.19187551736831665 0.013223919086158276 0.11998757719993591 0.9913530945777893 -0.05312236398458481 -0.00822835136204958 -0.1844906061887741 0.07484260946512222 0.97998046875 0.011064037680625916
1403638134.595097 0.9756730198860168 -0.11758153140544891 0.18503183126449585 0.010736797004938126 0.12991400063037872 0.9899448752403259 -0.05595983937382698 -0.008399172686040401 -0.17659147083759308 0.07863673567771912 0.9811379313468933 0.012412961572408676
1403638134.645097 0.9760062098503113 -0.12158653885126114 0.1806340515613556 0.008111400529742241 0.13283033668994904 0.9898015856742859 -0.051466695964336395 -0.009532775729894638 -0.17253422737121582 0.07422549277544022 0.9822028279304504 0.013441573828458786
1403638134.695097 0.9769683480262756 -0.12241721153259277 0.1747768223285675 0.0063321590423583984 0.13193145394325256 0.9902883768081665 -0.04385312274098396 -0.009996878914535046 -0.167711079120636 0.06590166687965393 0.9836310148239136 0.013782043009996414
1403638134.745097 0.9780929684638977 -0.12284070998430252 0.16806021332740784 0.003644919488579035 0.13020741939544678 0.9909208416938782 -0.033497195690870285 -0.010328556410968304 -0.16241951286792755 0.05464606732130051 0.9852074384689331 0.014416838996112347
1403638134.795097 0.9792119264602661 -0.11808957159519196 0.1649206429719925 0.0001815464347600937 0.12320692837238312 0.9921563267707825 -0.021115470677614212 -0.011216090060770512 -0.1611335575580597 0.04099589213728905 0.9860808253288269 0.015475058928132057
1403638134.845097 0.9801393747329712 -0.11234377324581146 0.163418248295784 -0.0015983078628778458 0.11624031513929367 0.993116021156311 -0.01444950234144926 -0.011788356117904186 -0.1606699526309967 0.0331583097577095 0.9864510297775269 0.016340237110853195
1403638134.895097 0.9803392887115479 -0.10903338342905045 0.16445809602737427 -0.003991324454545975 0.11307650059461594 0.9934670329093933 -0.015397738665342331 -0.012488013133406639 -0.16170477867126465 0.033691346645355225 0.9862638711929321 0.01692238450050354
1403638134.945097 0.9802476167678833 -0.10866036266088486 0.16525010764598846 -0.005867308005690575 0.11408676952123642 0.9931885004043579 -0.023679647594690323 -0.012618370354175568 -0.16155146062374115 0.04206477105617523 0.9859673976898193 0.016892600804567337
1403638134.9950972 0.9801898002624512 -0.10890959948301315 0.16542866826057434 -0.007515842095017433 0.11534754186868668 0.9928783774375916 -0.029792331159114838 -0.01275344006717205 -0.1610058844089508 0.04828392714262009 0.9857715964317322 0.017253078520298004
1403638135.0450969 0.9808804392814636 -0.10238165408372879 0.16550421714782715 -0.009639711119234562 0.10834399610757828 0.9937363266944885 -0.027383893728256226 -0.012562574818730354 -0.1616639494895935 0.04479171335697174 0.9858287572860718 0.017836518585681915
1403638135.095097 0.9821392297744751 -0.09418155252933502 0.16288739442825317 -0.011280297301709652 0.09846129268407822 0.9949710369110107 -0.018385721370577812 -0.013154818676412106 -0.16033664345741272 0.03409544378519058 0.9864733815193176 0.017444517463445663
1403638135.145097 0.9835467338562012 -0.0865463837981224 0.15857353806495667 -0.01244522538036108 0.08951382339000702 0.9959173798561096 -0.011653851717710495 -0.012967880815267563 -0.15691755712032318 0.02565663307905197 0.987278401851654 0.01753212884068489
1403638135.195097 0.9841625690460205 -0.08124227821826935 0.1575555056333542 -0.013460289686918259 0.08329281955957413 0.9965042471885681 -0.006444716826081276 -0.012079250067472458 -0.15648114681243896 0.019465889781713486 0.9874890446662903 0.01780460961163044
1403638135.245097 0.9845110774040222 -0.0777280330657959 0.1571504920721054 -0.01367647759616375 0.07877136766910553 0.9968926310539246 -0.00041223224252462387 -0.011456483975052834 -0.15663009881973267 0.012784808874130249 0.9875745177268982 0.01751370169222355
1403638135.295097 0.9844598174095154 -0.07392577826976776 0.15929168462753296 -0.013938995078206062 0.07519713789224625 0.9971668124198914 -0.0019601620733737946 -0.010546225123107433 -0.15869545936584473 0.013907977379858494 0.987229585647583 0.017985114827752113
1403638135.345097 0.9839681386947632 -0.07424706220626831 0.16215455532073975 -0.013127808459103107 0.07642164826393127 0.9970496296882629 -0.007205927278846502 -0.009897103533148766 -0.16114109754562378 0.019482526928186417 0.9867389798164368 0.018058693036437035
1403638135.395097 0.9831598997116089 -0.07330954819917679 0.16739892959594727 -0.012536419555544853 0.07613802701234818 0.9970417022705078 -0.010532909072935581 -0.008984093554317951 -0.16613154113292694 0.02310096099972725 0.9858329892158508 0.01690346747636795
1403638135.445097 0.9819850325584412 -0.06751495599746704 0.17648538947105408 -0.012109918519854546 0.07006094604730606 0.9975088834762573 -0.008227545768022537 -0.00796788651496172 -0.17549023032188416 0.02044406160712242 0.9842689037322998 0.016864964738488197
1403638135.4950972 0.9812337160110474 -0.06250819563865662 0.18240922689437866 -0.010320245288312435 0.06402095407247543 0.9979456663131714 -0.0024107052013278008 -0.007683043368160725 -0.18188384175300598 0.014043476432561874 0.9832197427749634 0.016479548066854477
1403638135.5450969 0.9806005954742432 -0.061263307929039 0.18619655072689056 -0.00865052081644535 0.06089914217591286 0.9981144666671753 0.0076802875846624374 -0.007121261674910784 -0.18631596863269806 0.0038079144433140755 0.9824824929237366 0.01549271959811449
1403638135.595097 0.9791802763938904 -0.0560641847550869 0.19509685039520264 -0.006790037266910076 0.05423427000641823 0.9984198808670044 0.014713033102452755 -0.006760358344763517 -0.19561344385147095 -0.0038257762789726257 0.9806736707687378 0.01469734963029623
1403638135.645097 0.9773041605949402 -0.055700596421957016 0.2043868750333786 -0.0048491982743144035 0.054505281150341034 0.9984475374221802 0.011477692984044552 -0.006706497631967068 -0.20470888912677765 -7.703527808189392e-05 0.9788228273391724 0.01350070908665657
1403638135.695097 0.974469780921936 -0.06489444524049759 0.21493583917617798 -0.002845205832272768 0.06571289151906967 0.9978329539299011 0.0033433730714023113 -0.006364248692989349 -0.2146870344877243 0.01086603756994009 0.976622462272644 0.013264005072414875
1403638135.745097 0.9720460772514343 -0.07804687321186066 0.2214386910200119 -0.0007752717938274145 0.08085636049509048 0.9967191815376282 -0.003636670298874378 -0.006145837251096964 -0.22042839229106903 0.021439742296934128 0.9751675128936768 0.012405664660036564
1403638135.795097 0.9703601002693176 -0.08793339133262634 0.22509780526161194 0.0011384860845282674 0.09079809486865997 0.9958665370941162 -0.0023852901067584753 -0.005541447550058365 -0.2239576131105423 0.022753041237592697 0.9743332266807556 0.01139780692756176
1403638135.845097 0.9696295261383057 -0.08434569835662842 0.22957438230514526 0.0028005470521748066 0.08607037365436554 0.9962859153747559 0.0025092263240367174 -0.005062352400273085 -0.2289333939552307 0.017326533794403076 0.97328782081604 0.010202459990978241
1403638135.895097 0.968952476978302 -0.07252500206232071 0.2363709658384323 0.004988242872059345 0.07122891396284103 0.9973613619804382 0.014029591344296932 -0.0038881502114236355 -0.2367647886276245 0.0032424433156847954 0.9715616703033447 0.008487359620630741
1403638135.945097 0.9683881402015686 -0.061964258551597595 0.24162979423999786 0.006897686515003443 0.05700874701142311 0.9979962110519409 0.02745318040251732 -0.00419779634103179 -0.24284674227237701 -0.01281032431870699 0.9699801206588745 0.006255157291889191
1403638135.9950972 0.9665336608886719 -0.05512280762195587 0.25054752826690674 0.008151430636644363 0.04867439717054367 0.9983062744140625 0.03186621516942978 -0.0037344060838222504 -0.2518796920776367 -0.018604522570967674 0.96757972240448 0.00567090418189764
1403638136.0450969 0.9642314910888672 -0.04914407059550285 0.2604655623435974 0.011558150872588158 0.04417862743139267 0.9987136125564575 0.0248878076672554 -0.004188111983239651 -0.26135364174842834 -0.012490601278841496 0.9651622176170349 0.003925474360585213
1403638136.095097 0.9612086415290833 -0.050205960869789124 0.27121400833129883 0.013684876263141632 0.04962719976902008 0.9987272620201111 0.008996443822979927 -0.004870217759162188 -0.2713204622268677 0.0048121316358447075 0.9624770283699036 0.002474724780768156
1403638136.145097 0.9582531452178955 -0.06097686290740967 0.2793436348438263 0.01492377184331417 0.06529365479946136 0.9978470802307129 -0.0061653489246964455 -0.005774406716227531 -0.2783662974834442 0.024147331714630127 0.9601714015007019 0.0005441098473966122
1403638136.195097 0.9564536213874817 -0.07124670594930649 0.2830551564693451 0.01857040449976921 0.0802462249994278 0.9965680241584778 -0.020312637090682983 -0.005924959201365709 -0.2806364595890045 0.04214220121502876 0.9588884711265564 -0.0008082729764282703
1403638136.245097 0.9542346596717834 -0.07529020309448242 0.2894260883331299 0.020759297534823418 0.08591046929359436 0.9960100650787354 -0.024147579446434975 -0.005813665688037872 -0.2864532768726349 0.04790718853473663 0.9568955898284912 -0.002294274978339672
1403638136.295097 0.9515005946159363 -0.07104618102312088 0.2993307411670685 0.023097576573491096 0.0824037417769432 0.9962732791900635 -0.02547615021467209 -0.005377145484089851 -0.29640525579452515 0.04890654981136322 0.9538092017173767 -0.0037012852262705564
1403638136.345097 0.9488154053688049 -0.06568016856908798 0.30892619490623474 0.025798141956329346 0.07617834210395813 0.9968507885932922 -0.022030632942914963 -0.004856005311012268 -0.3065064549446106 0.044436488300561905 0.9508307576179504 -0.005587545223534107
1403638136.395097 0.9466906785964966 -0.06324143707752228 0.3158755600452423 0.023296326398849487 0.07228247076272964 0.9972396492958069 -0.016975874081254005 -0.003658129833638668 -0.31393003463745117 0.03890316188335419 0.9486487507820129 -0.006193402223289013
1403638136.445097 0.9452381134033203 -0.05933333933353424 0.32094302773475647 0.028836263343691826 0.06654287129640579 0.9977169036865234 -0.011531585827469826 -0.0032595754601061344 -0.3195260465145111 0.032256562262773514 0.9470282793045044 -0.007385029457509518
1403638136.4950972 0.9431605339050293 -0.062215160578489304 0.32646194100379944 0.029554706066846848 0.06843380630016327 0.9976268410682678 -0.007586045190691948 -0.0024337044451385736 -0.325215220451355 0.029495885595679283 0.9451798796653748 -0.007558911107480526
1403638136.5450969 0.9408085346221924 -0.07492465525865555 0.33055347204208374 0.026212822645902634 0.07945873588323593 0.9968380331993103 -0.0002048457827186212 -0.0023534297943115234 -0.3294929563999176 0.02645808644592762 0.9437872767448425 -0.007837277837097645
1403638136.595097 0.9400582313537598 -0.08717380464076996 0.32968345284461975 0.02598712220788002 0.09201374650001526 0.9957572221755981 0.0009271125309169292 -0.0026893694885075092 -0.3283655047416687 0.02946387603878975 0.9440910816192627 -0.008121420629322529
1403638136.645097 0.94182950258255 -0.09725908935070038 0.32171058654785156 0.025087688118219376 0.10329511761665344 0.9946492910385132 -0.0017025115666911006 -0.0034606463741511106 -0.31982359290122986 0.0348346084356308 0.946836531162262 -0.008277352899312973
1403638136.695097 0.9446601867675781 -0.10433478653430939 0.31101658940315247 0.023580601438879967 0.11102056503295898 0.9938108325004578 -0.0038186435122042894 -0.004295426420867443 -0.3086932301521301 0.0381365604698658 0.9503967761993408 -0.008348720148205757
1403638136.745097 0.9483823776245117 -0.10893621295690536 0.29783177375793457 0.021944653242826462 0.11570103466510773 0.9932709336280823 -0.005122584290802479 -0.005056462716311216 -0.29526957869529724 0.03931761905550957 0.9546046257019043 -0.008294983766973019
1403638136.795097 0.9532768130302429 -0.11577676236629486 0.2790322005748749 0.024097712710499763 0.12356194108724594 0.9922823309898376 -0.010412740521132946 -0.006065711844712496 -0.27567312121391296 0.044403985142707825 0.9602251648902893 -0.00830318033695221
1403638136.845097 0.9570605754852295 -0.12778137624263763 0.26020514965057373 0.021990390494465828 0.13787661492824554 0.9902300834655762 -0.020842503756284714 -0.006818322464823723 -0.2549996078014374 0.055823732167482376 0.9653283357620239 -0.007582494989037514
1403638136.895097 0.9589918851852417 -0.14296135306358337 0.24473786354064941 0.015969950705766678 0.15629234910011292 0.9870603680610657 -0.03584081679582596 -0.007396912667900324 -0.23644715547561646 0.07262171059846878 0.9689266085624695 -0.007298523560166359
1403638136.945097 0.9601633548736572 -0.15628373622894287 0.23164980113506317 0.0133485347032547 0.17330361902713776 0.9833363890647888 -0.05491172522306442 -0.00773508520796895 -0.21920788288116455 0.09286997467279434 0.9712482690811157 -0.006408390589058399
1403638136.9950972 0.9610350728034973 -0.1655266433954239 0.2213875949382782 0.011532424949109554 0.1846340000629425 0.9804207682609558 -0.06845001876354218 -0.007641391828656197 -0.2057226598262787 0.10665853321552277 0.9727805852890015 -0.005798035301268101
1403638137.0450969 0.962491512298584 -0.16967931389808655 0.21170563995838165 0.00787560734897852 0.18895918130874634 0.9791711568832397 -0.07428451627492905 -0.006677997298538685 -0.1946914792060852 0.11150190234184265 0.9745063781738281 -0.004142299294471741
1403638137.095097 0.9648396968841553 -0.16444389522075653 0.2050430327653885 0.005907682701945305 0.18219876289367676 0.9807078838348389 -0.07082009315490723 -0.00543120177462697 -0.18944135308265686 0.10568860918283463 0.976187527179718 -0.003044306766241789
1403638137.145097 0.9675246477127075 -0.15416108071804047 0.20032590627670288 0.0037176141049712896 0.1697094738483429 0.983490526676178 -0.06280840933322906 -0.0035140621475875378 -0.1873360276222229 0.09476589411497116 0.9777140021324158 -0.0019644354470074177
1403638137.195097 0.970685601234436 -0.1425023376941681 0.193552166223526 0.0024234182201325893 0.1549835354089737 0.9866062998771667 -0.05087296664714813 -0.0011859333608299494 -0.1837102472782135 0.07937905937433243 0.9797701239585876 -8.95074917934835e-05
1403638137.245097 0.9739665389060974 -0.12927280366420746 0.18621952831745148 0.004377519711852074 0.1384255439043045 0.9896829128265381 -0.036960434168577194 0.0004960927180945873 -0.17952029407024384 0.06177577003836632 0.9818126559257507 0.0008871152531355619
1403638137.295097 0.9763018488883972 -0.1186380386352539 0.18099665641784668 0.0029293892439454794 0.12558944523334503 0.9917038679122925 -0.027400478720664978 0.002797312568873167 -0.17624437808990479 0.04948240518569946 0.9831019639968872 0.0023412390146404505
1403638137.345097 0.9777709245681763 -0.11428891867399216 0.175789937376976 0.0018122419714927673 0.11943782866001129 0.9926605820655823 -0.01895848661661148 0.004844839219003916 -0.1723329871892929 0.03953302279114723 0.9842451214790344 0.0029260260052978992
1403638137.395097 0.9785470962524414 -0.10642827302217484 0.17640502750873566 0.0008560782880522311 0.11008550971746445 0.99386066198349 -0.01104817632585764 0.007057236507534981 -0.1741461604833603 0.030230795964598656 0.9842556118965149 0.004022559151053429
1403638137.445097 0.9790979027748108 -0.09644141793251038 0.17907075583934784 0.00014895148342475295 0.09791914373636246 0.9951941967010498 0.0005892120534554124 0.00908045843243599 -0.1782670021057129 0.016957558691501617 0.9838359951972961 0.004535924643278122
1403638137.4950972 0.9795724749565125 -0.08356281369924545 0.18290722370147705 -0.0004428153042681515 0.0823497399687767 0.9965019226074219 0.01423103641718626 0.011109767481684685 -0.18345659971237183 0.0011220332235097885 0.9830271601676941 0.005276977084577084
1403638137.5450969 0.9799559116363525 -0.06924693286418915 0.18679179251194 -0.001000138116069138 0.0648035779595375 0.9974530339241028 0.029797382652759552 0.01313942950218916 -0.1883794516324997 -0.01709534041583538 0.9819475412368774 0.006203135941177607
1403638137.595097 0.979509711265564 -0.05212707445025444 0.1945343166589737 -0.0012328748125582933 0.04483172670006752 0.9981229305267334 0.041720736771821976 0.014883608557283878 -0.19634397327899933 -0.03214455395936966 0.9800080060958862 0.006968298926949501
1403638137.645097 0.9787821173667908 -0.046026021242141724 0.19966772198677063 -0.0015416777459904552 0.037637338042259216 0.9982500076293945 0.04560944437980652 0.0162433460354805 -0.20141753554344177 -0.03712673485279083 0.9788016080856323 0.007581605575978756
1403638137.695097 0.9771665334701538 -0.04399924352765083 0.207869291305542 -0.001703285495750606 0.035623323172330856 0.998401939868927 0.043868955224752426 0.017516126856207848 -0.2094673067331314 -0.03546229004859924 0.977172315120697 0.008251151069998741
1403638137.745097 0.9756178259849548 -0.04495791718363762 0.21482224762439728 -0.0018766417633742094 0.03722134232521057 0.9985091090202332 0.03992639482021332 0.018828898668289185 -0.2162969708442688 -0.030956929549574852 0.9758366942405701 0.008755666203796864
1403638137.795097 0.9746297597885132 -0.049456506967544556 0.2182907909154892 -0.001974675105884671 0.04109605774283409 0.9982433319091797 0.04267784208059311 0.020011793822050095 -0.22001798450946808 -0.03262420743703842 0.9749501347541809 0.009152282029390335
1403638137.845097 0.9739705920219421 -0.04720589518547058 0.22170400619506836 -0.002045497065410018 0.03712255135178566 0.9980874061584473 0.049432236701250076 0.020890191197395325 -0.2236134558916092 -0.039915334433317184 0.9738602638244629 0.009386531077325344
1403638137.895097 0.9736024141311646 -0.04063176363706589 0.22460511326789856 -0.0021566199138760567 0.027180099859833717 0.9976646304130554 0.06266224384307861 0.021783076226711273 -0.22662661969661713 -0.054903317242860794 0.9724330306053162 0.010132878087460995
1403638137.945097 0.9733873009681702 -0.03248055279254913 0.22685210406780243 -0.002237483626231551 0.014760620892047882 0.9967353940010071 0.07937643676996231 0.0226033553481102 -0.22868971526622772 -0.07391555607318878 0.9706891179084778 0.00995625089854002
1403638137.9950972 0.9738308787345886 -0.02676541358232498 0.22569245100021362 -0.002382497303187847 0.005909285042434931 0.9956873059272766 0.09258324652910233 0.02319973334670067 -0.22719714045524597 -0.08882676064968109 0.9697892665863037 0.01009634230285883
1403638138.0450969 0.9741336107254028 -0.0195009708404541 0.22512969374656677 -0.0020761943887919188 -0.0030407856684178114 0.995047926902771 0.09934954345226288 0.020167645066976547 -0.22595225274562836 -0.09746430069208145 0.9692503809928894 0.008542030118405819
1403638138.095097 0.9740923047065735 -0.01738804578781128 0.22548116743564606 -0.0021102114114910364 -0.004466983024030924 0.9953659772872925 0.09605558961629868 0.020348289981484413 -0.22610647976398468 -0.0945742279291153 0.9695006012916565 0.008792368695139885
1403638138.145097 0.9735328555107117 -0.02429516240954399 0.22725188732147217 -0.0020796412136405706 0.006245627533644438 0.9967905282974243 0.07980954647064209 0.020292462781071663 -0.22846151888370514 -0.07627789676189423 0.9705601334571838 0.008683405816555023
