1305031460.059659 0.9999202489852905 -0.010548505932092667 0.006948016583919525 -0.03345737233757973 0.01050903182476759 0.9999285936355591 0.005693263374269009 -0.007844479754567146 -0.007007574196904898 -0.005619792267680168 0.9999595880508423 -8.769638952799141e-05
1305031460.091717 0.9997255802154541 -0.02309158444404602 0.003946170676499605 -0.053963322192430496 0.023057084530591965 0.9996973872184753 0.008576532825827599 -0.009919860400259495 -0.0041430238634347916 -0.008483191952109337 0.999955415725708 -0.0023818877525627613
1305031460.12769 0.998794674873352 -0.047485239803791046 -0.012420068494975567 -0.06970211118459702 0.04767473787069321 0.9987436532974243 0.015433783642947674 -0.01944592408835888 0.011671587824821472 -0.016007306054234505 0.9998036623001099 -0.003306363709270954
1305031460.159678 0.9974448680877686 -0.06542998552322388 -0.028685007244348526 -0.08196200430393219 0.06573548913002014 0.9977885484695435 0.009839331731200218 -0.01751892641186714 0.027977781370282173 -0.011699811555445194 0.9995400309562683 0.002015506150200963
1305031460.191559 0.995989978313446 -0.07976315915584564 -0.04051880165934563 -0.09134523570537567 0.08046659827232361 0.9966282248497009 0.016034653410315514 -0.017987333238124847 0.03910320997238159 -0.019230764359235764 0.9990500807762146 0.015304407104849815
1305031460.227761 0.9952879548072815 -0.08953888714313507 -0.03720998391509056 -0.10409016162157059 0.09049441665410995 0.9955872893333435 0.024838773533701897 -0.03181862831115723 0.03482174500823021 -0.02808903157711029 0.9989987015724182 0.02084212191402912
1305031460.259667 0.9956310987472534 -0.09056645631790161 -0.022722873836755753 -0.11371251940727234 0.09091076999902725 0.9957519769668579 0.01460522972047329 -0.03466299548745155 0.021303599700331688 -0.016607170924544334 0.9996352195739746 0.02576252818107605
1305031460.291689 0.9958677291870117 -0.09068235009908676 -0.004918273538351059 -0.12344228476285934 0.09072283655405045 0.9958376288414001 0.00875164195895195 -0.03906882926821709 0.0041041807271540165 -0.009161676280200481 0.99994957447052 0.02833373472094536
1305031460.327512 0.9955386519432068 -0.09346068650484085 0.012958003208041191 -0.13340725004673004 0.09345880150794983 0.9956228733062744 0.0007517710328102112 -0.04312543570995331 -0.01297154650092125 0.00046262145042419434 0.9999157190322876 0.03362644836306572
1305031460.35963 0.994512140750885 -0.10120423883199692 0.026518894359469414 -0.13427463173866272 0.10126814246177673 0.9948585629463196 -0.001074903761036694 -0.04557519778609276 -0.026273759081959724 0.003754526609554887 0.9996476769447327 0.027395348995923996
1305031460.391611 0.9930167198181152 -0.107157401740551 0.049345873296260834 -0.14133088290691376 0.1072206124663353 0.9942343831062317 0.0013718563131988049 -0.051978711038827896 -0.04920836538076401 0.0039286199025809765 0.9987807869911194 0.035629622638225555
1305031460.427477 0.9901586771011353 -0.11768823117017746 0.07573185861110687 -0.15401050448417664 0.11800865828990936 0.9930124878883362 0.000245644710958004 -0.058316513895988464 -0.07523158937692642 0.008693783544003963 0.9971282482147217 0.03584510087966919
1305031460.45962 0.9869540929794312 -0.12550069391727448 0.10085324198007584 -0.15776130557060242 0.12652020156383514 0.9919569492340088 -0.003751477226614952 -0.06020763888955116 -0.09957125037908554 0.016462508589029312 0.9948943257331848 0.04177936539053917
1305031460.491504 0.9808807969093323 -0.1330113261938095 0.14205938577651978 -0.17241714894771576 0.1352851241827011 0.9907859563827515 -0.0064254687167704105 -0.05467807501554489 -0.13989581167697906 0.025521136820316315 0.9898372888565063 0.052716128528118134
1305031460.52757 0.9736682176589966 -0.1520783007144928 0.1698302924633026 -0.18059547245502472 0.15342317521572113 0.9881466627120972 0.00525467237457633 -0.060741979628801346 -0.16861635446548462 0.020939592272043228 0.9854593873023987 0.057920705527067184
1305031460.559647 0.9676899313926697 -0.16091613471508026 0.1941194236278534 -0.18888404965400696 0.1595742553472519 0.986926257610321 0.022635500878095627 -0.07457531988620758 -0.1952240765094757 0.00907231867313385 0.9807167649269104 0.05252382531762123
1305031460.591855 0.9625566005706787 -0.16006380319595337 0.21877941489219666 -0.2012556493282318 0.1589929312467575 0.98702073097229 0.022610001266002655 -0.07691337168216705 -0.2195589244365692 0.013020975515246391 0.9755124449729919 0.058019235730171204
1305031460.627625 0.957072913646698 -0.16481998562812805 0.23842351138591766 -0.21006450057029724 0.16334547102451324 0.9862242341041565 0.02607109397649765 -0.08431333303451538 -0.23943614959716797 0.013993462547659874 0.9708113074302673 0.06371643394231796
1305031460.659764 0.9514452815055847 -0.16303715109825134 0.26109570264816284 -0.2259797900915146 0.16267520189285278 0.9864079356193542 0.023150967434048653 -0.08669831603765488 -0.2613213360309601 0.02044691890478134 0.9650352597236633 0.06522385776042938
1305031460.691671 0.9466702938079834 -0.16279751062393188 0.2780514061450958 -0.24204479157924652 0.16323138773441315 0.9863479137420654 0.02175387553870678 -0.0839659571647644 -0.2777969539165497 0.024792972952127457 0.9603197574615479 0.07197023183107376
1305031460.727675 0.944702684879303 -0.16177403926849365 0.28524744510650635 -0.2502213716506958 0.1599292904138565 0.9866750240325928 0.02991357445716858 -0.08820819854736328 -0.2862858176231384 0.017359981313347816 0.9579869508743286 0.07856303453445435
1305031460.759667 0.9413205981254578 -0.15939775109291077 0.2975025177001953 -0.2593158781528473 0.15600420534610748 0.9871261715888977 0.03527931123971939 -0.0967942476272583 -0.29929590225219727 0.013202514499425888 0.9540691375732422 0.08073864877223969
1305031460.79166 0.9374099373817444 -0.1564020812511444 0.3111284077167511 -0.2738350033760071 0.15298478305339813 0.987589955329895 0.03552113473415375 -0.09844434261322021 -0.3128229081630707 0.01430005207657814 0.9497038722038269 0.08785071969032288
1305031460.82766 0.93647301197052 -0.1497323364019394 0.3171726167201996 -0.28255441784858704 0.14478689432144165 0.9886841177940369 0.03924980387091637 -0.0995250940322876 -0.3194604516029358 0.009166053496301174 0.9475553035736084 0.09617023169994354
1305031460.859714 0.9346562027931213 -0.14333802461624146 0.3253794312477112 -0.28819727897644043 0.1354326754808426 0.9896738529205322 0.04694473743438721 -0.10381316393613815 -0.3287484645843506 0.0001898198388516903 0.9444175362586975 0.10245601832866669
1305031460.891774 0.9297400712966919 -0.13568365573883057 0.34230586886405945 -0.3004610538482666 0.12435600161552429 0.9907156825065613 0.054936666041612625 -0.10920552909374237 -0.3465818166732788 -0.008509037084877491 0.937981128692627 0.11140765249729156
1305031460.927562 0.9258814454078674 -0.13390836119651794 0.35328739881515503 -0.3132226765155792 0.11905837059020996 0.9908517599105835 0.06354430317878723 -0.11409695446491241 -0.358564555644989 -0.01677267625927925 0.9333542585372925 0.11920236051082611
1305031460.959649 0.924740731716156 -0.13900738954544067 0.3543040454387665 -0.3167276978492737 0.12024469673633575 0.9899411201477051 0.07455163449048996 -0.1251983344554901 -0.3611032962799072 -0.0263377595692873 0.9321538209915161 0.1263856738805771
1305031460.991668 0.9211086630821228 -0.13903950154781342 0.3636299967765808 -0.3259936571121216 0.12084685266017914 0.9900249242782593 0.07243485748767853 -0.1343139111995697 -0.3700740933418274 -0.02277684584259987 0.9287230372428894 0.1355322152376175
1305031461.02762 0.9182803630828857 -0.1431724727153778 0.36913785338401794 -0.3362008333206177 0.12468845397233963 0.9894630908966064 0.07359021157026291 -0.14482316374778748 -0.3757844865322113 -0.02154920995235443 0.9264564514160156 0.14221863448619843
1305031461.059662 0.9176821112632751 -0.14171499013900757 0.3711824417114258 -0.344754159450531 0.12639711797237396 0.9898207187652588 0.06541270017623901 -0.14764057099819183 -0.37667396664619446 -0.013111677020788193 0.9262531399726868 0.14953270554542542
1305031461.091728 0.9194440841674805 -0.14133229851722717 0.3669436275959015 -0.349612832069397 0.12461157143115997 0.9898037910461426 0.06899657845497131 -0.15098845958709717 -0.3729536235332489 -0.01771305873990059 0.9276809096336365 0.15728820860385895
1305031461.127586 0.9188243746757507 -0.1383625715970993 0.36961814761161804 -0.35525742173194885 0.1190715953707695 0.9900770783424377 0.07462765276432037 -0.1622319370508194 -0.3762761354446411 -0.024558672681450844 0.9261820316314697 0.16597232222557068
1305031461.15972 0.9181969165802002 -0.13472747802734375 0.37250903248786926 -0.36233073472976685 0.11607621610164642 0.9906151294708252 0.07216539978981018 -0.17230625450611115 -0.37873575091362 -0.023022599518299103 0.9252184629440308 0.1740058809518814
1305031461.192013 0.9207723736763 -0.12469048798084259 0.3696354627609253 -0.3642263114452362 0.11018624156713486 0.9920868873596191 0.060187261551618576 -0.17229227721691132 -0.37421533465385437 -0.014690028503537178 0.9272255301475525 0.1802847534418106
1305031461.227607 0.9200871586799622 -0.11928614228963852 0.3731089234352112 -0.36915528774261475 0.10496239364147186 0.9927508234977722 0.058553580194711685 -0.17723926901817322 -0.37738892436027527 -0.014711985364556313 0.9259379506111145 0.1876262128353119
1305031461.259642 0.9209242463111877 -0.11153389513492584 0.37344157695770264 -0.37372735142707825 0.09868187457323074 0.9936838746070862 0.053424399346113205 -0.18233883380889893 -0.3770415782928467 -0.012347901239991188 0.926114022731781 0.1947750449180603
1305031461.291656 0.9236351847648621 -0.09932558983564377 0.3701789677143097 -0.3741435408592224 0.08899562060832977 0.9950181841850281 0.044927701354026794 -0.18532095849514008 -0.37279731035232544 -0.008552486076951027 0.9278733730316162 0.2005060613155365
1305031461.327751 0.9239069223403931 -0.08809629827737808 0.3723372519016266 -0.37353384494781494 0.07966835796833038 0.9960971474647522 0.03799327462911606 -0.1872318685054779 -0.3742311894893646 -0.005438747350126505 0.9273194670677185 0.20780541002750397
1305031461.359709 0.9214712381362915 -0.07876889407634735 0.3803764283657074 -0.37486276030540466 0.07042171061038971 0.9968734979629517 0.035835593938827515 -0.18262340128421783 -0.38200995326042175 -0.0062347049824893475 0.9241371750831604 0.21281075477600098
1305031461.391708 0.917949914932251 -0.0808338075876236 0.3883732557296753 -0.37885770201683044 0.06552817672491074 0.9964677095413208 0.05251825600862503 -0.19185838103294373 -0.3912467062473297 -0.022759731858968735 0.9200043678283691 0.2248431295156479
1305031461.427624 0.9178523421287537 -0.07844597101211548 0.38909298181533813 -0.37828922271728516 0.0619066059589386 0.9965716004371643 0.05488640069961548 -0.19934852421283722 -0.39206457138061523 -0.026290180161595345 0.9195619225502014 0.23052260279655457
1305031461.459781 0.9162642359733582 -0.08032473176717758 0.3924384117126465 -0.37766632437705994 0.062180183827877045 0.9963341355323792 0.05875268206000328 -0.1958344727754593 -0.395719051361084 -0.029431087896227837 0.9178998470306396 0.2351304143667221
1305031461.491677 0.9152488708496094 -0.08434842526912689 0.3939604163169861 -0.37552204728126526 0.06037288159132004 0.9955114126205444 0.07288449257612228 -0.21124666929244995 -0.39833974838256836 -0.04292293265461922 0.9162331223487854 0.24127626419067383
1305031461.527705 0.9161338806152344 -0.07918309420347214 0.39297452569007874 -0.3739680349826813 0.060148581862449646 0.9963518977165222 0.060538507997989655 -0.21178960800170898 -0.3963344991207123 -0.031824514269828796 0.9175543785095215 0.24204616248607635
1305031461.559677 0.9181316494941711 -0.07421237230300903 0.3892644941806793 -0.3627161979675293 0.05491670221090317 0.9966574311256409 0.060482148081064224 -0.21520963311195374 -0.3924518823623657 -0.034153442829847336 0.9191381931304932 0.238834947347641
1305031461.59169 0.9139760732650757 -0.06624998152256012 0.4003234803676605 -0.35710981488227844 0.04845662787556648 0.9973416328430176 0.05442017689347267 -0.21895334124565125 -0.40286460518836975 -0.03034040704369545 0.9147565364837646 0.23614996671676636
1305031461.627541 0.9084933996200562 -0.06271236389875412 0.4131671190261841 -0.3526115119457245 0.046436112374067307 0.9977025985717773 0.04932961240410805 -0.2131219208240509 -0.4153114855289459 -0.025629743933677673 0.9093180894851685 0.23719429969787598
1305031461.659622 0.9046636819839478 -0.06332695484161377 0.4213942587375641 -0.3473633825778961 0.04510276019573212 0.9975707530975342 0.05308636277914047 -0.21711324155330658 -0.42373237013816833 -0.02901926450431347 0.9053224325180054 0.23740823566913605
1305031461.691563 0.9009036421775818 -0.07403501868247986 0.42765793204307556 -0.3419486880302429 0.05597205087542534 0.9969341158866882 0.05467594414949417 -0.2116428017616272 -0.4303947389125824 -0.02532087452709675 0.9022855758666992 0.2364356964826584
1305031461.727602 0.8987764716148376 -0.08676992356777191 0.4297347366809845 -0.3336980938911438 0.06446179747581482 0.995719850063324 0.06623108685016632 -0.21511498093605042 -0.43364226818084717 -0.0318254679441452 0.9005229473114014 0.23628303408622742
1305031461.759684 0.8966503739356995 -0.09033168852329254 0.43342605233192444 -0.32563894987106323 0.06994198262691498 0.9955723285675049 0.06279787421226501 -0.207540825009346 -0.4371797442436218 -0.025993065908551216 0.8989984393119812 0.2335302084684372
1305031461.791612 0.8957566022872925 -0.10100827366113663 0.43291741609573364 -0.3110995888710022 0.07828794419765472 0.9944671988487244 0.07004208862781525 -0.20315709710121155 -0.43759700655937195 -0.028848445042967796 0.8987082839012146 0.22596734762191772
1305031461.827615 0.889957845211029 -0.11121495068073273 0.4422740042209625 -0.30205202102661133 0.08739805221557617 0.9934254288673401 0.07394316047430038 -0.2008058875799179 -0.44758984446525574 -0.0271524079144001 0.8938266634941101 0.2238408476114273
1305031461.859767 0.8844753503799438 -0.12325364351272583 0.45001310110092163 -0.2918218672275543 0.10257818549871445 0.9922480583190918 0.0701540932059288 -0.18696659803390503 -0.4551714062690735 -0.015888037160038948 0.8902620673179626 0.2203017771244049
1305031461.891723 0.8744127750396729 -0.14511728286743164 0.4629722535610199 -0.28980088233947754 0.12199681997299194 0.9893264770507812 0.07968675345182419 -0.17371492087841034 -0.4695946276187897 -0.013197971507906914 0.8827834129333496 0.22090941667556763
1305031461.927758 0.8753987550735474 -0.16630060970783234 0.45389533042907715 -0.27181801199913025 0.13772651553153992 0.9858481884002686 0.09557601064443588 -0.1650162786245346 -0.4633662700653076 -0.021153688430786133 0.8859143257141113 0.21375741064548492
1305031461.959703 0.8721946477890015 -0.17726638913154602 0.45590898394584656 -0.255768746137619 0.14405766129493713 0.9837766289710999 0.10691647231578827 -0.16287165880203247 -0.46746528148651123 -0.027574796229600906 0.8835812211036682 0.20480255782604218
1305031461.99159 0.8589223623275757 -0.18508514761924744 0.47748905420303345 -0.2518400251865387 0.15372289717197418 0.982588529586792 0.10435111075639725 -0.13631504774093628 -0.48848915100097656 -0.016228511929512024 0.872418999671936 0.20323148369789124
1305031462.027675 0.8463844060897827 -0.20936693251132965 0.4896925389766693 -0.25588828325271606 0.16496512293815613 0.9773278832435608 0.13272862136363983 -0.1336214691400528 -0.5063791275024414 -0.03155725076794624 0.8617333173751831 0.20550130307674408
1305031462.059837 0.8437362909317017 -0.24062246084213257 0.47980189323425293 -0.24938789010047913 0.18922463059425354 0.969841718673706 0.15362605452537537 -0.1283511221408844 -0.5022978782653809 -0.03882954269647598 0.8638224005699158 0.20364394783973694
1305031462.091777 0.8460054397583008 -0.2653292715549469 0.4624662697315216 -0.23654712736606598 0.213204488158226 0.9633672833442688 0.16268733143806458 -0.11680509895086288 -0.48869067430496216 -0.03903445973992348 0.8715834617614746 0.19777460396289825
1305031462.127739 0.8408485054969788 -0.2846467196941376 0.4603804051876068 -0.232825368642807 0.22776202857494354 0.9576571583747864 0.17611666023731232 -0.10926949232816696 -0.4910176396369934 -0.043230243027210236 0.8700762987136841 0.19744542241096497
1305031462.159646 0.8373015522956848 -0.29913413524627686 0.4576514661312103 -0.2298946976661682 0.23692266643047333 0.952893078327179 0.18937355279922485 -0.10423842817544937 -0.49274104833602905 -0.050134748220443726 0.8687305450439453 0.19304482638835907
1305031462.191641 0.837598443031311 -0.2986956536769867 0.457394540309906 -0.2264476865530014 0.23430611193180084 0.952785313129425 0.1931338906288147 -0.09545612335205078 -0.49348706007003784 -0.05459829419851303 0.868037760257721 0.19079020619392395
1305031462.227633 0.8366235494613647 -0.29821062088012695 0.45949047803878784 -0.2236902266740799 0.23004047572612762 0.9525436162948608 0.1993541717529297 -0.08368996530771255 -0.497134268283844 -0.061082977801561356 0.8655208349227905 0.18686793744564056
1305031462.259765 0.8357059955596924 -0.29541563987731934 0.4629526138305664 -0.22536934912204742 0.21944406628608704 0.952400803565979 0.2116057276725769 -0.07698839157819748 -0.503428041934967 -0.07524795830249786 0.8607542514801025 0.18600620329380035
1305031462.291629 0.837764322757721 -0.2946840524673462 0.45968708395957947 -0.22552233934402466 0.20886953175067902 0.9507898092269897 0.2288495898246765 -0.07599548995494843 -0.5045041441917419 -0.09570737928152084 0.8580883741378784 0.185130774974823
1305031462.32754 0.843352198600769 -0.2796497046947479 0.45886069536209106 -0.22351443767547607 0.18959461152553558 0.9538507461547852 0.23285739123821259 -0.06268743425607681 -0.5028030872344971 -0.10938327014446259 0.8574522137641907 0.18325449526309967
1305031462.359732 0.8456905484199524 -0.2684348523616791 0.4612486660480499 -0.22565175592899323 0.17273126542568207 0.9554461240768433 0.2393457591533661 -0.05184340849518776 -0.5049469470977783 -0.12274035811424255 0.854378879070282 0.18153229355812073
1305031462.391695 0.8535327315330505 -0.2588047981262207 0.4522189497947693 -0.22314061224460602 0.1568116843700409 0.9552717804908752 0.2507304847240448 -0.03936096653342247 -0.49688228964805603 -0.14309345185756683 0.8559393882751465 0.1789586991071701
1305031462.427635 0.859395444393158 -0.24896498024463654 0.44660505652427673 -0.224807471036911 0.13949602842330933 0.9544774293899536 0.2636542022228241 -0.02848370000720024 -0.4919150769710541 -0.16428355872631073 0.8550032377243042 0.17788009345531464
1305031462.459897 0.8684732913970947 -0.23690052330493927 0.4354678988456726 -0.22503778338432312 0.12190863490104675 0.9535120129585266 0.2755957841873169 -0.017025351524353027 -0.4805126190185547 -0.18626032769680023 0.8569799661636353 0.17476236820220947
1305031462.492008 0.8773347735404968 -0.2320491224527359 0.4200439155101776 -0.22223055362701416 0.10804963111877441 0.9483583569526672 0.2982308864593506 -0.011766609735786915 -0.46755632758140564 -0.21626275777816772 0.8571006059646606 0.1698707938194275
1305031462.52767 0.8805451989173889 -0.22681772708892822 0.4161655604839325 -0.23054921627044678 0.09495962411165237 0.9446797966957092 0.3139469623565674 -0.008541452698409557 -0.4643518924713135 -0.23692560195922852 0.8533719182014465 0.16797716915607452
1305031462.559862 0.89565509557724 -0.20509198307991028 0.39463815093040466 -0.22193816304206848 0.07713364064693451 0.9455116987228394 0.3163194954395294 0.0028525423258543015 -0.4380095899105072 -0.2528732717037201 0.8626718521118164 0.16012413799762726
1305031462.591862 0.9023815393447876 -0.1869901865720749 0.3882552981376648 -0.22133700549602509 0.05778704211115837 0.9453230500221252 0.3209749460220337 0.006571650505065918 -0.42704594135284424 -0.26720571517944336 0.8638477325439453 0.15317827463150024
1305031462.627851 0.9092243909835815 -0.1635093241930008 0.38285207748413086 -0.21893224120140076 0.03634175658226013 0.9473033547401428 0.3182695508003235 0.013974590227007866 -0.4147171378135681 -0.27546489238739014 0.8672536015510559 0.14510144293308258
1305031462.65966 0.9143630862236023 -0.1425177901983261 0.3789839744567871 -0.21681445837020874 0.017076358199119568 0.9487457871437073 0.315578430891037 0.016917450353503227 -0.4045350253582001 -0.28208157420158386 0.8699318766593933 0.13679149746894836
1305031462.692548 0.9200682044029236 -0.11721803992986679 0.37381067872047424 -0.21443305909633636 -0.0014702100306749344 0.9531473517417908 0.3025027811527252 0.02654782123863697 -0.39175546169281006 -0.2788727581501007 0.8767882585525513 0.1290779709815979
1305031462.727652 0.9264602065086365 -0.09574583172798157 0.36401137709617615 -0.21586334705352783 -0.02090109884738922 0.9525259733200073 0.30373892188072205 0.030170567333698273 -0.3758120536804199 -0.28901025652885437 0.880476176738739 0.11943329870700836
1305031462.759782 0.9370827078819275 -0.06632905453443527 0.3427484929561615 -0.20546989142894745 -0.04130173474550247 0.9538264870643616 0.29750534892082214 0.04063757508993149 -0.34665584564208984 -0.29294323921203613 0.8910745978355408 0.10601036250591278
1305031462.791943 0.9435396790504456 -0.04442073404788971 0.3282674252986908 -0.19560405611991882 -0.057853929698467255 0.9536404609680176 0.2953350245952606 0.04852674901485443 -0.3261680603027344 -0.2976519763469696 0.8972277641296387 0.09595877677202225
1305031462.827816 0.9499750137329102 -0.026227295398712158 0.31122255325317383 -0.18238571286201477 -0.06836418807506561 0.9548422694206238 0.2891409397125244 0.06207823380827904 -0.30475181341171265 -0.29595324397087097 0.9052833318710327 0.08324696123600006
1305031462.859782 0.9543446898460388 -0.015480870380997658 0.2983061373233795 -0.1705748289823532 -0.0786445215344429 0.9504002928733826 0.30092236399650574 0.06263521313667297 -0.2881687879562378 -0.31064385175704956 0.9057919979095459 0.06960486620664597
1305031462.891847 0.9559177160263062 -0.0034567220136523247 0.2936142086982727 -0.1573580652475357 -0.08744119107723236 0.9512144327163696 0.2958802878856659 0.0701037272810936 -0.28031283617019653 -0.30851125717163086 0.9089805483818054 0.057499758899211884
1305031462.927607 0.9578554630279541 0.0003744215064216405 0.2872500717639923 -0.14473925530910492 -0.08954263478517532 0.9505612850189209 0.2973470985889435 0.07097481936216354 -0.2729373872280121 -0.31053680181503296 0.9105339646339417 0.0465640053153038
1305031462.959676 0.9597935676574707 0.005035314708948135 0.2806612551212311 -0.13504332304000854 -0.09154832363128662 0.9507858753204346 0.2960152328014374 0.07256830483675003 -0.2653581500053406 -0.3098076581954956 0.9130192995071411 0.03672857955098152
1305031462.99555 0.9628769755363464 0.013652460649609566 0.26959481835365295 -0.1253659874200821 -0.09676437079906464 0.9498049020767212 0.2975020408630371 0.06715918332338333 -0.25200074911117554 -0.31254515051841736 0.9158663153648376 0.026001911610364914
1305031463.027667 0.9676975607872009 0.03261202201247215 0.24999526143074036 -0.10805261135101318 -0.10520051419734955 0.9533780813217163 0.28284820914268494 0.070255808532238 -0.22911563515663147 -0.3000112771987915 0.9260125756263733 0.014233888126909733
1305031463.05981 0.9701136350631714 0.05050193518400192 0.2373371720314026 -0.10057447850704193 -0.11595676839351654 0.9556778073310852 0.27061784267425537 0.07490336149930954 -0.21315111219882965 -0.2900509536266327 0.9329723119735718 0.002964605577290058
1305031463.095809 0.9721366763114929 0.07219585031270981 0.22302000224590302 -0.08529704809188843 -0.1324165016412735 0.9541884660720825 0.2683101296424866 0.0760369673371315 -0.19343221187591553 -0.2903655767440796 0.9371616244316101 -0.0069370572455227375
1305031463.12755 0.9724055528640747 0.09386541694402695 0.21358098089694977 -0.07279618829488754 -0.14958545565605164 0.9533931016921997 0.2620415985584259 0.07238145172595978 -0.17902998626232147 -0.28675922751426697 0.9411256909370422 -0.017385676503181458
1305031463.159787 0.9733228087425232 0.11665630340576172 0.19757041335105896 -0.05587880313396454 -0.16404534876346588 0.9558577537536621 0.24377253651618958 0.07822217047214508 -0.16041159629821777 -0.26967981457710266 0.9494951367378235 -0.02926914393901825
1305031463.195657 0.972221851348877 0.13217668235301971 0.19316838681697845 -0.045150235295295715 -0.17758619785308838 0.9541637897491455 0.24090373516082764 0.07961925864219666 -0.15247242152690887 -0.2685158848762512 0.9511316418647766 -0.0410078763961792
1305031463.227784 0.9708220958709717 0.13973017036914825 0.19488443434238434 -0.03975318744778633 -0.18739822506904602 0.9491421580314636 0.2530040144920349 0.06869099289178848 -0.14962075650691986 -0.28214287757873535 0.9476333260536194 -0.04954777657985687
1305031463.260034 0.9716823101043701 0.1472034901380539 0.18483677506446838 -0.02556552365422249 -0.1902608871459961 0.951288104057312 0.24259327352046967 0.06512917578220367 -0.1401224434375763 -0.2708907723426819 0.9523569941520691 -0.05988679826259613
1305031463.295737 0.9716526865959167 0.16227282583713531 0.17192672193050385 -0.0049797240644693375 -0.199137344956398 0.9537314772605896 0.2252565622329712 0.0742577537894249 -0.1274189054965973 -0.25310811400413513 0.9590102434158325 -0.06395535916090012
1305031463.327739 0.9712525010108948 0.1677098125219345 0.16894350945949554 0.0019308552145957947 -0.20531019568443298 0.949337899684906 0.23791855573654175 0.06368789821863174 -0.12048317492008209 -0.26576486229896545 0.9564794301986694 -0.0703016147017479
1305031463.35975 0.9729434251785278 0.17411364614963531 0.15187345445156097 0.017904117703437805 -0.2057132124900818 0.9520725011825562 0.22636273503303528 0.06390903890132904 -0.10518167167901993 -0.25148048996925354 0.9621301293373108 -0.0703270211815834
1305031463.39563 0.9744497537612915 0.18109455704689026 0.13286232948303223 0.03591052442789078 -0.20704440772533417 0.9535477161407471 0.21881337463855743 0.06534433364868164 -0.08706465363502502 -0.24073103070259094 0.966679036617279 -0.07782956212759018
1305031463.427716 0.9742918610572815 0.18865615129470825 0.12314246594905853 0.052304673939943314 -0.2125582993030548 0.9509053230285645 0.22494061291217804 0.05937205255031586 -0.07466039061546326 -0.24533279240131378 0.9665597081184387 -0.08224928379058838
1305031463.459756 0.9737176895141602 0.1943059116601944 0.11882399022579193 0.0679965615272522 -0.21705767512321472 0.9497067928314209 0.22570547461509705 0.05421694368124008 -0.06899202615022659 -0.2455650269985199 0.9669219255447388 -0.08874457329511642
1305031463.495629 0.9737563133239746 0.19648036360740662 0.11486521363258362 0.08844310790300369 -0.2185874879360199 0.947944164276123 0.23156294226646423 0.045779891312122345 -0.06338824331760406 -0.25059396028518677 0.9660147428512573 -0.0939345508813858
1305031463.52767 0.9718517065048218 0.20244498550891876 0.12049997597932816 0.10429729521274567 -0.2252933531999588 0.9481810331344604 0.22404371201992035 0.04090674966573715 -0.06889926642179489 -0.2448851466178894 0.9671009182929993 -0.09550168365240097
1305031463.559751 0.9715900421142578 0.2018282115459442 0.12360452115535736 0.11696198582649231 -0.22431640326976776 0.9518356323242188 0.2090238779783249 0.04279385507106781 -0.07546427845954895 -0.23081202805042267 0.9700675010681152 -0.0970737412571907
1305031463.5956 0.9725022912025452 0.20253770053386688 0.11496871709823608 0.1338392049074173 -0.22336503863334656 0.9509019255638123 0.21422848105430603 0.03601181507110596 -0.06593460589647293 -0.23401765525341034 0.969994068145752 -0.10259707272052765
1305031463.627588 0.9727830290794373 0.20412850379943848 0.10965770483016968 0.1477043181657791 -0.22436200082302094 0.9480474591255188 0.22553859651088715 0.016091447323560715 -0.057921867817640305 -0.24400314688682556 0.9680430889129639 -0.10724923014640808
1305031463.659766 0.9724847674369812 0.2076536864042282 0.1056089699268341 0.1608109176158905 -0.22584380209445953 0.9515558481216431 0.20865295827388763 0.007226970046758652 -0.05716528743505478 -0.22676298022270203 0.9722709059715271 -0.11547212302684784
1305031463.69564 0.9728249907493591 0.21332211792469025 0.09002850204706192 0.18358966708183289 -0.22739748656749725 0.9534684419631958 0.19795994460582733 0.005118552595376968 -0.0436101108789444 -0.2130526602268219 0.9760669469833374 -0.12032735347747803
1305031463.727588 0.9714047312736511 0.22065642476081848 0.08765595406293869 0.1990843415260315 -0.23436599969863892 0.9502471089363098 0.20518946647644043 -0.011929867789149284 -0.03801845386624336 -0.2198656052350998 0.974789023399353 -0.12333186715841293
1305031463.759674 0.9685136079788208 0.2331853061914444 0.08721297979354858 0.21394114196300507 -0.24638429284095764 0.9480229020118713 0.20136356353759766 -0.03699008375406265 -0.03572487086057663 -0.21651124954223633 0.9756262898445129 -0.12794244289398193
1305031463.795647 0.9651721715927124 0.2474849671125412 0.08481626212596893 0.22605730593204498 -0.25925421714782715 0.948259711265564 0.18327805399894714 -0.04472889006137848 -0.03506928309798241 -0.19888386130332947 0.9793954491615295 -0.1403135061264038
1305031463.827761 0.9601932764053345 0.267412930727005 0.08074141293764114 0.24159452319145203 -0.2779364287853241 0.9435031414031982 0.18042497336864471 -0.05966981500387192 -0.027931811287999153 -0.19568383693695068 0.980269193649292 -0.14524631202220917
1305031463.85991 0.9542515277862549 0.2882905900478363 0.07932516187429428 0.25349152088165283 -0.29803067445755005 0.9384585618972778 0.174565851688385 -0.0797058492898941 -0.024117687717080116 -0.19022110104560852 0.9814450144767761 -0.15277034044265747
1305031463.895648 0.9490696787834167 0.30566757917404175 0.07637999206781387 0.26532188057899475 -0.314261794090271 0.9357191324234009 0.16021551191806793 -0.08977890759706497 -0.022497525438666344 -0.17605899274349213 0.9841225743293762 -0.16122116148471832
1305031463.927664 0.9457521438598633 0.31600451469421387 0.07545940577983856 0.2711436450481415 -0.32436293363571167 0.9316129684448242 0.16396954655647278 -0.1102062463760376 -0.018483851104974747 -0.17955081164836884 0.9835749864578247 -0.17359745502471924
1305031463.95968 0.9428485035896301 0.3271436393260956 0.06335333734750748 0.2820565402507782 -0.3331807255744934 0.928514838218689 0.16386248171329498 -0.12540650367736816 -0.005217942409217358 -0.1756056249141693 0.9844467639923096 -0.1785474419593811
1305031463.995821 0.9382398128509521 0.341814786195755 0.053559157997369766 0.2897639870643616 -0.3459576368331909 0.9248932003974915 0.1577526479959488 -0.14125540852546692 0.004385678097605705 -0.1665390431880951 0.9860250949859619 -0.18735136091709137
1305031464.027703 0.93329256772995 0.3565744161605835 0.04265758395195007 0.3016505837440491 -0.35873180627822876 0.9201914072036743 0.15671339631080627 -0.15564604103565216 0.016626838594675064 -0.16156210005283356 0.986722469329834 -0.1980430781841278
1305031464.059652 0.9262325763702393 0.37495431303977966 0.038761116564273834 0.30902114510536194 -0.376226007938385 0.9131665825843811 0.15678229928016663 -0.17601633071899414 0.02339085377752781 -0.15979981422424316 0.9868722558021545 -0.2047017365694046
1305031464.095634 0.9193281531333923 0.39164119958877563 0.03811725601553917 0.3125659227371216 -0.3928903639316559 0.9082527756690979 0.14392361044883728 -0.1893237978219986 0.021746324375271797 -0.1472889631986618 0.9888544678688049 -0.2167266607284546
1305031464.127681 0.9159992337226868 0.39957311749458313 0.035871293395757675 0.31357744336128235 -0.4004923403263092 0.905532956123352 0.14005714654922485 -0.20173725485801697 0.023480433970689774 -0.14265836775302887 0.9894934296607971 -0.22725139558315277
1305031464.159817 0.9166816473007202 0.3989112377166748 0.02376430854201317 0.3142615854740143 -0.3982292711734772 0.9069239497184753 0.13748562335968018 -0.2159922868013382 0.03329214081168175 -0.1354941427707672 0.9902186393737793 -0.23507004976272583
1305031464.195585 0.9129812717437744 0.40799111127853394 -0.002907103393226862 0.3192252516746521 -0.40435490012168884 0.9057489633560181 0.1269485503435135 -0.22798871994018555 0.054426975548267365 -0.11472614854574203 0.9919050335884094 -0.24497464299201965
1305031464.227624 0.9111944437026978 0.410147100687027 -0.03878122940659523 0.32980355620384216 -0.40370672941207886 0.9077053666114807 0.11441991478204727 -0.22959038615226746 0.08213092386722565 -0.08860255777835846 0.9926751852035522 -0.2571742832660675
1305031464.259644 0.9073031544685364 0.4147883355617523 -0.06893269717693329 0.33342453837394714 -0.4056548774242401 0.9066213369369507 0.11611190438270569 -0.23106928169727325 0.1106576919555664 -0.077385812997818 0.9908412098884583 -0.26767081022262573
1305031464.295667 0.9002774953842163 0.4236285984516144 -0.10019608587026596 0.34009861946105957 -0.40876758098602295 0.9018251895904541 0.1400727927684784 -0.25357183814048767 0.1496981829404831 -0.0851474478840828 0.9850585460662842 -0.2782825827598572
1305031464.327866 0.8921180367469788 0.4340399503707886 -0.1254384070634842 0.3490433394908905 -0.41523000597953796 0.897096574306488 0.15100254118442535 -0.26591429114341736 0.1780714988708496 -0.08262629806995392 0.9805424809455872 -0.2814512252807617
1305031464.359684 0.8843178749084473 0.4414537250995636 -0.1519879847764969 0.36265915632247925 -0.41865718364715576 0.8938700556755066 0.1603822112083435 -0.2865038216114044 0.20665884017944336 -0.07819800823926926 0.9752830862998962 -0.2812097370624542
1305031464.395611 0.8745964765548706 0.452681303024292 -0.17366789281368256 0.3812847435474396 -0.4278043806552887 0.8890572190284729 0.1629740297794342 -0.3064973056316376 0.2281760275363922 -0.06824062019586563 0.9712255001068115 -0.2881532907485962
1305031464.427634 0.8640514612197876 0.46984583139419556 -0.1807205080986023 0.39466363191604614 -0.4454733431339264 0.8808469176292419 0.16019399464130402 -0.31951117515563965 0.23445360362529755 -0.057909704744815826 0.970400869846344 -0.29429155588150024
1305031464.459689 0.8555800318717957 0.4825112521648407 -0.18752510845661163 0.40067827701568604 -0.4576658308506012 0.8743199110031128 0.16157545149326324 -0.3361333906650543 0.2419189214706421 -0.052416905760765076 0.9688796401023865 -0.2999919652938843
1305031464.495633 0.8484370708465576 0.490032821893692 -0.2000557780265808 0.41849660873413086 -0.464627742767334 0.8705694675445557 0.16195590794086456 -0.3524382710456848 0.2535261809825897 -0.04445794224739075 0.9663063287734985 -0.3042239844799042
1305031464.527574 0.8397719264030457 0.5036479234695435 -0.20278538763523102 0.4281337559223175 -0.4812397360801697 0.8634011745452881 0.15148261189460754 -0.35514765977859497 0.25137901306152344 -0.029622461646795273 0.9674353003501892 -0.31569233536720276
1305031464.559703 0.8264431357383728 0.5231616497039795 -0.2080710232257843 0.44213932752609253 -0.49875542521476746 0.8517430424690247 0.16055212914943695 -0.3761879503726959 0.26121774315834045 -0.02891065925359726 0.9648467898368835 -0.32006874680519104
1305031464.595698 0.814232349395752 0.5422801971435547 -0.2072630524635315 0.45028164982795715 -0.5171822905540466 0.8397493958473206 0.16535890102386475 -0.4192402958869934 0.2637198269367218 -0.027447780594229698 0.9642086029052734 -0.324704110622406
1305031464.627672 0.8089306354522705 0.552966296672821 -0.19964861869812012 0.4555518925189972 -0.5342110395431519 0.8331540822982788 0.14308354258537292 -0.44955793023109436 0.24545849859714508 -0.009090173989534378 0.9693644642829895 -0.3437027931213379
1305031464.659749 0.7979615330696106 0.5688608884811401 -0.19913455843925476 0.4666576087474823 -0.5603547692298889 0.821892261505127 0.10244739055633545 -0.4497968554496765 0.22194547951221466 0.029836922883987427 0.9746024012565613 -0.35387566685676575
1305031464.695663 0.7822132110595703 0.590169370174408 -0.19960643351078033 0.46309176087379456 -0.5879533886909485 0.805243194103241 0.07677528262138367 -0.48065707087516785 0.20604208111763 0.05730463191866875 0.9768639206886292 -0.3539891242980957
1305031464.727652 0.7652362585067749 0.6051754355430603 -0.2194909006357193 0.46654167771339417 -0.6141117215156555 0.7885264754295349 0.033059559762477875 -0.48130327463150024 0.19308121502399445 0.10949356853961945 0.9750542044639587 -0.3557468056678772
1305031464.75974 0.7456358671188354 0.6209191679954529 -0.24184003472328186 0.47399744391441345 -0.6392098069190979 0.7690237164497375 0.0036553889513015747 -0.47046035528182983 0.18825048208236694 0.15186092257499695 0.9703091979026794 -0.36361783742904663
1305031464.796021 0.7214662432670593 0.6386201977729797 -0.26767659187316895 0.47860461473464966 -0.6623943448066711 0.7491528987884521 0.0019761472940444946 -0.48167672753334045 0.20179268717765808 0.1758817434310913 0.963506817817688 -0.3531021773815155
1305031464.827759 0.6998285055160522 0.651340126991272 -0.29325070977211 0.4667086899280548 -0.6807636022567749 0.732499361038208 0.0023473352193832397 -0.4896220564842224 0.21633487939834595 0.19799169898033142 0.9560326933860779 -0.3722323775291443
1305031464.859654 0.6710475087165833 0.6630266308784485 -0.33179959654808044 0.478738397359848 -0.697175920009613 0.7165657877922058 0.02189304493367672 -0.5012079477310181 0.25227198004722595 0.2166314274072647 0.9430957436561584 -0.3685305714607239
1305031464.895817 0.6308563947677612 0.6871224045753479 -0.3603932857513428 0.4903937578201294 -0.7245491743087769 0.6878688335418701 0.04318522661924362 -0.4995642304420471 0.27757689356803894 0.23387902975082397 0.9318001866340637 -0.36065441370010376
1305031464.927799 0.5916035771369934 0.7105086445808411 -0.381028413772583 0.49360087513923645 -0.7479888796806335 0.6600657105445862 0.0694686770439148 -0.5213423371315002 0.3008619546890259 0.2439071089029312 0.9219498038291931 -0.3409244418144226
1305031464.959763 0.5576601028442383 0.7303296327590942 -0.3945046663284302 0.4907146394252777 -0.766958475112915 0.6351219415664673 0.09162402153015137 -0.5632197260856628 0.31747427582740784 0.25147363543510437 0.9143145084381104 -0.3302863836288452
1305031464.995687 0.5277971625328064 0.7415375113487244 -0.4141886234283447 0.5042851567268372 -0.7872719764709473 0.6101307272911072 0.0891256332397461 -0.5755550861358643 0.31879913806915283 0.27903884649276733 0.9058169722557068 -0.3149789571762085
1305031465.027823 0.5005769729614258 0.7531139254570007 -0.4268983006477356 0.506245493888855 -0.8099249601364136 0.5815567970275879 0.07624475657939911 -0.5610119104385376 0.3056865334510803 0.30758920311927795 0.9010797142982483 -0.29369014501571655
1305031465.059749 0.4660471975803375 0.7604933977127075 -0.45216110348701477 0.5158611536026001 -0.8305391073226929 0.5521954894065857 0.0726967379450798 -0.5454257726669312 0.30496662855148315 0.3416573703289032 0.888968825340271 -0.2718309164047241
1305031465.0957 0.43524402379989624 0.766693115234375 -0.4719580113887787 0.5469973683357239 -0.8394075632095337 0.5351058840751648 0.09516701847314835 -0.532576858997345 0.3255113959312439 0.35474422574043274 0.8764695525169373 -0.2471955567598343
1305031465.127664 0.3975101709365845 0.7909661531448364 -0.46514320373535156 0.5590729713439941 -0.8478714823722839 0.5104402899742126 0.14340423047542572 -0.5438688397407532 0.35085567831993103 0.3373769521713257 0.873542845249176 -0.22831963002681732
1305031465.159842 0.3635072112083435 0.8109569549560547 -0.4584881067276001 0.5740280151367188 -0.8526609539985657 0.48788172006607056 0.1869245320558548 -0.5461035370826721 0.37527573108673096 0.3229864537715912 0.8688198328018188 -0.20168974995613098
1305031465.195564 0.3408159613609314 0.8250362277030945 -0.4507323205471039 0.5777626633644104 -0.8526806235313416 0.47319528460502625 0.22140899300575256 -0.5524316430091858 0.3959549069404602 0.30887100100517273 0.8647649884223938 -0.18412944674491882
