0.0 0.9999999403953552 2.2328094928525388e-10 0.0 -1.4901160305669237e-08 2.2328094928525388e-10 1.0 0.0 1.1920928955078125e-07 0.0 0.0 1.0 0.0
0.1037359 0.9999910593032837 -0.0025859198067337275 -0.00332589540630579 0.0006604564841836691 0.002579375635832548 0.9999947547912598 -0.0019706771709024906 -0.007136845961213112 0.003330974141135812 0.0019620810635387897 0.9999925494194031 0.6890689730644226
0.2073381 0.9999729990959167 -0.0014462871477007866 -0.007198971696197987 -0.010014601051807404 0.001420365646481514 0.9999924898147583 -0.003604607656598091 -0.008468721061944962 0.007204131223261356 0.003594285110011697 0.9999675750732422 1.3923908472061157
0.3110752 0.9999323487281799 -0.0014436254277825356 -0.011540479026734829 -0.01908508501946926 0.001380265923216939 0.9999839663505554 -0.0054962970316410065 -0.0024043163284659386 0.011548228561878204 0.005479996092617512 0.9999182820320129 2.1255249977111816
0.4146917 0.9998658299446106 1.2605765732587315e-05 -0.01637847349047661 -0.03611334413290024 -0.00011031772737624124 0.9999822378158569 -0.0059649767354130745 -0.009726041927933693 0.01637810654938221 0.005965983495116234 0.9998480677604675 2.869428873062134
0.5184302 0.9997885823249817 -0.0008577000699006021 -0.020539812743663788 -0.057131946086883545 0.0007227639434859157 0.9999781847000122 -0.006576008629053831 -0.011641850695014 0.020545005798339844 0.0065597728826105595 0.9997674226760864 3.6367905139923096
0.6220448 0.9996871948242188 0.0012472480302676558 -0.02497774362564087 -0.08531934022903442 -0.001440425287000835 0.9999692440032959 -0.007717492524534464 -0.023702196776866913 0.024967344477772713 0.007751057855784893 0.9996583461761475 4.40571403503418
0.7257977 0.9995459318161011 0.004112875554710627 -0.029847372323274612 -0.1158892959356308 -0.004375431686639786 0.9999522566795349 -0.008736645802855492 -0.0258698221296072 0.029810011386871338 0.00886327400803566 0.9995163679122925 5.198967456817627
0.8294199 0.9994089007377625 0.003942301031202078 -0.03414939343929291 -0.1481790989637375 -0.004171719308942556 0.9999691247940063 -0.006649442948400974 -0.042277343571186066 0.034122128039598465 0.0067879739217460155 0.9993946552276611 6.006402492523193
0.9331467 0.9992494583129883 0.00273750233463943 -0.03863783925771713 -0.18106308579444885 -0.0028823616448789835 0.9999890327453613 -0.003693965030834079 -0.051707103848457336 0.03862730413675308 0.003802560269832611 0.9992464780807495 6.830571174621582
1.03691 0.9991225004196167 0.0027658874168992043 -0.04179179295897484 -0.22325924038887024 -0.002811664482578635 0.9999955296516418 -0.0010366004426032305 -0.06301602721214294 0.0417887307703495 0.0011531950440257788 0.9991258382797241 7.65927267074585
1.140497 0.9990068078041077 0.004183972720056772 -0.04435873031616211 -0.2638261318206787 -0.004274433013051748 0.9999890327453613 -0.0019446201622486115 -0.06665077805519104 0.04435010999441147 0.0021322970278561115 0.9990138411521912 8.496788024902344
1.244242 0.9989011287689209 0.004050170071423054 -0.046691879630088806 -0.30199527740478516 -0.004145086742937565 0.9999896287918091 -0.0019361794693395495 -0.07842307537794113 0.046683549880981445 0.002127593383193016 0.9989075064659119 9.338722229003906
1.347979 0.9988193511962891 0.0008082033600658178 -0.04857104271650314 -0.34194687008857727 -0.000931241549551487 0.9999963641166687 -0.002510577440261841 -0.08668981492519379 0.04856884479522705 0.0025528448168188334 0.9988165497779846 10.193251609802246
1.451596 0.9987223148345947 0.0006326813017949462 -0.05053192004561424 -0.3838958144187927 -0.0007155002094805241 0.9999983310699463 -0.001620868919417262 -0.09441211074590683 0.0505308136343956 0.0016549531137570739 0.998721182346344 11.04893684387207
1.555212 0.9986639022827148 -0.0010151199530810118 -0.05166583135724068 -0.4340829849243164 0.0009110313840210438 0.9999974966049194 -0.0020381587091833353 -0.10089632123708725 0.051667772233486176 0.001988366013392806 0.9986624121665955 11.92087173461914
1.65896 0.9985594749450684 0.0012268449645489454 -0.05364195629954338 -0.489767849445343 -0.0014440073864534497 0.9999910593032837 -0.004009799100458622 -0.11524499952793121 0.053636547178030014 0.004081482533365488 0.9985522031784058 12.80966567993164
1.762569 0.9984853267669678 0.0016583323013037443 -0.05499277263879776 -0.5413016676902771 -0.00202710903249681 0.999975860118866 -0.006650816649198532 -0.12436018884181976 0.05498041212558746 0.006752219516783953 0.9984645247459412 13.701156616210938
1.866302 0.9983900189399719 0.005355293862521648 -0.056468307971954346 -0.6046180129051208 -0.0058341240510344505 0.9999483823776245 -0.008318183943629265 -0.13588309288024902 0.05642083287239075 0.008634235709905624 0.9983697533607483 14.586246490478516
1.969923 0.9983193278312683 0.0062166908755898476 -0.05761728808283806 -0.6626534461975098 -0.006666731555014849 0.9999486804008484 -0.0076219383627176285 -0.1544325351715088 0.05756695196032524 0.007993247359991074 0.9983095526695251 15.504758834838867
2.073666 0.9982330799102783 0.005253894720226526 -0.059187475591897964 -0.7124251127243042 -0.005632531363517046 0.999964714050293 -0.006232212297618389 -0.16840910911560059 0.05915265157818794 0.006554576568305492 0.9982273578643799 16.417158126831055
2.177281 0.9981622099876404 0.005818782839924097 -0.06031773239374161 -0.771614670753479 -0.006117247976362705 0.9999698996543884 -0.004764731042087078 -0.17791685461997986 0.0602881945669651 0.005124954506754875 0.998167872428894 17.340572357177734
2.281017 0.9981098175048828 0.005680637434124947 -0.06119120493531227 -0.8431091904640198 -0.005968569777905941 0.9999719858169556 -0.00452369824051857 -0.1936439424753189 0.06116378679871559 0.00488037196919322 0.9981158375740051 18.274831771850586
2.384639 0.9979825615882874 0.005185604095458984 -0.06327474117279053 -0.8938514590263367 -0.005511232651770115 0.9999724626541138 -0.004972811788320541 -0.20921370387077332 0.0632472038269043 0.005311502143740654 0.9979838132858276 19.21348762512207
2.48825 0.9979509711265564 0.003974969498813152 -0.0638585165143013 -0.9634522795677185 -0.004356635734438896 0.999973475933075 -0.005838597193360329 -0.21942275762557983 0.06383361667394638 0.006104842759668827 0.9979419112205505 20.16145896911621
2.591988 0.9979180693626404 0.0038624394219368696 -0.06437717378139496 -1.0271446704864502 -0.004140971694141626 0.9999828338623047 -0.004193699918687344 -0.2320740520954132 0.0643598660826683 0.0044515542685985565 0.9979167580604553 21.08582878112793
2.695832 0.9979040622711182 0.005221945233643055 -0.06449858844280243 -1.0914161205291748 -0.005292003974318504 0.9999856352806091 -0.0009153883438557386 -0.24096858501434326 0.06449288874864578 0.0012547974474728107 0.9979172945022583 22.041093826293945
2.799367 0.9979552030563354 0.005828444380313158 -0.06364979594945908 -1.1535418033599854 -0.005634524393826723 0.9999789595603943 0.0032257498241961002 -0.25402745604515076 0.06366726756095886 -0.0028605181723833084 0.9979670643806458 22.984500885009766
2.903084 0.9980591535568237 0.004293640144169331 -0.062123894691467285 -1.2142701148986816 -0.0039408840239048 0.9999753832817078 0.005799687933176756 -0.2598224878311157 0.06214725971221924 -0.005543609149754047 0.9980515241622925 23.953054428100586
3.006768 0.9981664419174194 0.004485202953219414 -0.06036044657230377 -1.2761162519454956 -0.004127521999180317 0.9999730587005615 0.006049116142094135 -0.2587147355079651 0.06038596108555794 -0.005788886453956366 0.9981582760810852 24.92218780517578
3.110441 0.9982203245162964 0.004772781860083342 -0.05944167450070381 -1.3315613269805908 -0.004551866557449102 0.9999821186065674 0.0038513564504683018 -0.2728250324726105 0.05945898965001106 -0.0035739310551434755 0.9982243776321411 25.886554718017578
3.214057 0.998302161693573 0.005789482034742832 -0.05796205252408981 -1.3979800939559937 -0.005851613823324442 0.999982476234436 -0.0009022550075314939 -0.2802707552909851 0.05795582756400108 0.0012398946564644575 0.9983183741569519 26.857454299926758
3.317669 0.9983839988708496 0.005168242380023003 -0.056592851877212524 -1.4559483528137207 -0.005396996159106493 0.9999779462814331 -0.003890009829774499 -0.2872096002101898 0.05657149851322174 0.004189155530184507 0.998389720916748 27.833820343017578
3.421285 0.9984316229820251 0.0019003364723175764 -0.05595288425683975 -1.5089222192764282 -0.0020513387862592936 0.9999945163726807 -0.0026414189487695694 -0.29892462491989136 0.05594755709171295 0.0027520544826984406 0.9984299540519714 28.816246032714844
3.524925 0.9984174966812134 0.0006195916794240475 -0.05623139068484306 -1.566886067390442 -0.0004882081993855536 0.9999971389770508 0.0023501769173890352 -0.3131904602050781 0.056232698261737823 -0.0023190053179860115 0.998414933681488 29.83072280883789
3.628545 0.9983733892440796 -0.0027846056036651134 -0.056943248957395554 -1.6220250129699707 0.0031046695075929165 0.9999798536300659 0.005533040501177311 -0.31939220428466797 0.05692669004201889 -0.005700831301510334 0.9983620643615723 30.82687759399414
3.732256 0.9982866644859314 -0.01000877097249031 -0.05764949321746826 -1.6746330261230469 0.010324686765670776 0.9999333024024963 0.0051846615970134735 -0.33021247386932373 0.05759375914931297 -0.0057709915563464165 0.998323380947113 31.82836151123047
3.835871 0.9981517195701599 -0.012549972161650658 -0.05946153774857521 -1.7274260520935059 0.01264302060008049 0.9999193549156189 0.0011888438602909446 -0.33630862832069397 0.059441834688186646 -0.001938419882208109 0.9982298612594604 32.84420394897461
3.939488 0.9980754256248474 -0.012314781546592712 -0.0607776865363121 -1.7897427082061768 0.012169928289949894 0.9999221563339233 -0.002752950182184577 -0.34379148483276367 0.06080686300992966 0.0020079920068383217 0.9981475472450256 33.84648895263672
4.043107 0.9979401230812073 -0.011288188397884369 -0.06315028667449951 -1.8510863780975342 0.011096462607383728 0.9999326467514038 -0.003385889111086726 -0.3549777865409851 0.06318424642086029 0.002678169868886471 0.9979982376098633 34.86177444458008
4.146888 0.9979004859924316 -0.011565121822059155 -0.06372442841529846 -1.9164763689041138 0.011457104235887527 0.9999322295188904 -0.002060284372419119 -0.36368778347969055 0.06374393403530121 0.0013258616672828794 0.997965395450592 35.881832122802734
4.25046 0.997861921787262 -0.008276542648673058 -0.06482995301485062 -1.9992324113845825 0.008354178629815578 0.9999646544456482 0.0009265230619348586 -0.37959665060043335 0.06482000648975372 -0.001466143410652876 0.9978958964347839 36.90937805175781
4.354202 0.9977794885635376 -0.007830031216144562 -0.06614185869693756 -2.0683884620666504 0.007991405203938484 0.9999656677246094 0.0021756221540272236 -0.3911682367324829 0.06612256169319153 -0.0026993579231202602 0.9978078603744507 37.93263626098633
4.45794 0.9977119565010071 -0.007038701791316271 -0.06724048405885696 -2.1380813121795654 0.007391492836177349 0.99996018409729 0.0049993428401649 -0.4024551510810852 0.0672026202082634 -0.0054849120788276196 0.9977242946624756 38.97771072387695
4.561559 0.9977229833602905 -0.0071611241437494755 -0.06706448644399643 -2.214175224304199 0.00770893320441246 0.9999389052391052 0.007913137786090374 -0.40436506271362305 0.06700372695922852 -0.008412115275859833 0.9977173209190369 40.01389694213867
4.665293 0.9977182149887085 -0.0013061948120594025 -0.06750146299600601 -2.2941136360168457 0.002001460175961256 0.9999455809593201 0.010233402252197266 -0.4103553891181946 0.06748440861701965 -0.0103451544418931 0.997666597366333 41.03294372558594
4.768912 0.9977213144302368 -0.0014746132073923945 -0.06745287775993347 -2.368945598602295 0.0021188599057495594 0.9999527335166931 0.00948051456362009 -0.4116215705871582 0.06743571907281876 -0.00960183423012495 0.9976773858070374 42.04955291748047
4.872532 0.9977220296859741 -0.001514681614935398 -0.06744182854890823 -2.4319934844970703 0.0020479890517890453 0.9999671578407288 0.007839229889214039 -0.4149932563304901 0.06742773950099945 -0.00795949250459671 0.997692346572876 43.07549285888672
4.976146 0.997714102268219 0.0008926402661018074 -0.0675702765583992 -2.5052342414855957 -0.0005044041899964213 0.9999832510948181 0.005762506742030382 -0.4242042899131775 0.06757428497076035 -0.005715251434594393 0.9976978898048401 44.09738540649414
5.079909 0.9976487159729004 0.00031534183654002845 -0.06853456050157547 -2.576662063598633 7.923037628643215e-05 0.9999834299087524 0.005754482466727495 -0.42950502038002014 0.06853523850440979 -0.005746380891650915 0.9976321458816528 45.11252212524414
5.183503 0.9975734353065491 -0.0013318207347765565 -0.06960813701152802 -2.6482741832733154 0.0018297757487744093 0.9999731183052063 0.007090419065207243 -0.4377990961074829 0.06959681212902069 -0.0072005800902843475 0.997549295425415 46.120975494384766
5.287117 0.9974926710128784 -0.0015175818698480725 -0.07075348496437073 -2.720571756362915 0.0021040095016360283 0.9999640583992004 0.008214528672397137 -0.44601088762283325 0.07073846459388733 -0.008342799730598927 0.9974600076675415 47.145626068115234
5.390861 0.997454047203064 0.0006348011083900928 -0.07131011039018631 -2.788808584213257 -0.00027133175171911716 0.9999869465827942 0.005106594413518906 -0.45934271812438965 0.07131242007017136 -0.005074246786534786 0.9974411725997925 48.151039123535156
5.494473 0.9974380135536194 0.0011430575978010893 -0.07152517884969711 -2.875870704650879 -0.0010889534605666995 0.9999991059303284 0.0007954216562211514 -0.46450096368789673 0.07152603566646576 -0.0007154978811740875 0.9974384903907776 49.14421081542969
5.598233 0.9973711967468262 0.0023659225553274155 -0.07242132723331451 -2.9487414360046387 -0.0024196277372539043 0.9999967813491821 -0.0006538399029523134 -0.4752016067504883 0.07241955399513245 0.000827353389468044 0.9973738789558411 50.15578079223633
5.701829 0.9973440170288086 0.0007990578305907547 -0.07282949239015579 -3.0157408714294434 -0.0005874239141121507 0.9999954700469971 0.002927258610725403 -0.48547422885894775 0.07283148169517517 -0.002876702696084976 0.9973400831222534 51.15625
5.805571 0.9973427057266235 -0.0007354649133048952 -0.07284873723983765 -3.0940771102905273 0.0011868729488924146 0.9999803304672241 0.0061534191481769085 -0.4985094666481018 0.07284276187419891 -0.006223530508577824 0.9973240494728088 52.14924240112305
5.909185 0.9973317384719849 -0.002811251673847437 -0.07294849306344986 -3.161539077758789 0.0033118973951786757 0.9999718070030212 0.006742953788489103 -0.5078756809234619 0.07292748987674713 -0.006966557819396257 0.9973129034042358 53.138160705566406
6.012921 0.9973061084747314 -0.0058942679315805435 -0.0731140673160553 -3.2285170555114746 0.00631308276206255 0.9999649524688721 0.005498454440385103 -0.5160814523696899 0.07307910174131393 -0.005945217330008745 0.9973084330558777 54.117706298828125
6.116541 0.997264564037323 -0.008589694276452065 -0.0734139084815979 -3.303828239440918 0.008919931948184967 0.9999515414237976 0.004171612206846476 -0.5229814648628235 0.07337452471256256 -0.004815048072487116 0.9972927570343018 55.10803985595703
6.220278 0.9971746802330017 -0.010224183090031147 -0.07441786676645279 -3.3721237182617188 0.010634792037308216 0.9999303817749023 0.005123458337038755 -0.5269850492477417 0.07436028867959976 -0.005900402087718248 0.9972139596939087 56.07680892944336
6.323895 0.9970859289169312 -0.013123178854584694 -0.07515018433332443 -3.4503376483917236 0.013889430090785027 0.9998567700386047 0.009682690724730492 -0.5422673225402832 0.07501234114170074 -0.010698267258703709 0.9971252083778381 57.048736572265625
6.427659 0.9969615340232849 -0.014279503375291824 -0.07657458633184433 -3.51194429397583 0.015449130907654762 0.9997725486755371 0.014703741297125816 -0.5431213974952698 0.07634719461202621 -0.015842074528336525 0.9969554543495178 58.04338836669922
6.531383 0.9969655275344849 -0.012509360909461975 -0.07683217525482178 -3.592108726501465 0.013842212036252022 0.9997624158859253 0.01683952659368515 -0.5410363674163818 0.07660326361656189 -0.01785195805132389 0.9969018697738647 59.01081085205078
6.634992 0.9968545436859131 -0.011346620507538319 -0.07843568176031113 -3.669522762298584 0.012394960969686508 0.9998400807380676 0.012891670688986778 -0.545681893825531 0.0782768577337265 -0.013823329471051693 0.9968358874320984 59.963592529296875
6.738741 0.9967837333679199 -0.009599925018846989 -0.0795605331659317 -3.7514944076538086 0.010043974034488201 0.9999361038208008 0.005182954948395491 -0.5493577718734741 0.07950569689273834 -0.005965388845652342 0.9968165159225464 60.91709899902344
6.84235 0.9967350959777832 -0.007466469891369343 -0.08039404451847076 -3.829378604888916 0.0075193434022367 0.9999716281890869 0.00035496847704052925 -0.5597164630889893 0.0803891196846962 -0.0009583206847310066 0.9967630505561829 61.85151672363281
6.945963 0.9966815114021301 -0.0027395193465054035 -0.08135257661342621 -3.9152913093566895 0.0028490989934653044 0.9999951720237732 0.0012309309095144272 -0.568868100643158 0.08134882152080536 -0.0014586285687983036 0.9966846108436584 62.77925491333008
7.049705 0.9965983033180237 -0.0007470459677278996 -0.08240872621536255 -4.000212669372559 0.0010512423468753695 0.999992847442627 0.0036479861009866 -0.5793285965919495 0.08240541070699692 -0.0037222097162157297 0.9965919256210327 63.716087341308594
7.153323 0.9965049028396606 0.0017730945255607367 -0.08351493626832962 -4.078490257263184 -0.001326416851952672 0.999984622001648 0.005403663497418165 -0.5920466184616089 0.08352324366569519 -0.0052740019746124744 0.9964918494224548 64.6122817993164
7.256934 0.9964102506637573 0.002407909370958805 -0.08462116122245789 -4.1584062576293945 -0.0020064772106707096 0.9999862313270569 0.0048286025412380695 -0.5972927808761597 0.08463162183761597 -0.004641478881239891 0.9964014887809753 65.50737762451172
7.360549 0.9962605237960815 0.004034790676087141 -0.08630438148975372 -4.240222930908203 -0.0035701573360711336 0.9999781847000122 0.0055373297072947025 -0.6026004552841187 0.08632487803697586 -0.005208505317568779 0.9962534308433533 66.37190246582031
7.464167 0.9961565136909485 0.004938558675348759 -0.08745113760232925 -4.321485996246338 -0.004410313442349434 0.9999708533287048 0.006232640240341425 -0.6172497272491455 0.08747939765453339 -0.005822996608912945 0.9961492419242859 67.24561309814453
7.567786 0.9960007667541504 0.00463577127084136 -0.08922364562749863 -4.3936967849731445 -0.0040451399981975555 0.9999687075614929 0.00679935235530138 -0.6264252662658691 0.08925238251686096 -0.006411237176507711 0.9959884285926819 68.08901977539062
7.671396 0.9959011673927307 0.00466150464490056 -0.09032710641622543 -4.477107048034668 -0.003978888504207134 0.9999620914459229 0.007735754828900099 -0.6335992217063904 0.09035973995923996 -0.0073446473106741905 0.9958820343017578 68.93704986572266
7.775144 0.9957911372184753 0.007513700984418392 -0.09134194999933243 -4.561878204345703 -0.006605163216590881 0.9999256730079651 0.010244803503155708 -0.6354575157165527 0.09141214936971664 -0.009598356671631336 0.995766818523407 69.747802734375
7.878754 0.9956544041633606 0.008849007077515125 -0.09270230680704117 -4.636305809020996 -0.007512282580137253 0.9998628497123718 0.014758582226932049 -0.6468325853347778 0.0928201973438263 -0.013998043723404408 0.9955846071243286 70.56011962890625
7.982493 0.9954422116279602 0.012112150900065899 -0.0945940613746643 -4.714674949645996 -0.010604755952954292 0.9998089075088501 0.01642189733684063 -0.6468578577041626 0.09477490186691284 -0.015343903563916683 0.9953805208206177 71.34981536865234
8.086111 0.9953137636184692 0.015061182901263237 -0.09551776200532913 -4.805204391479492 -0.013950159773230553 0.9998271465301514 0.012288745492696762 -0.6530588865280151 0.09568636119365692 -0.010898670181632042 0.9953518509864807 72.12263488769531
8.189849 0.9951648712158203 0.014500265941023827 -0.09714238345623016 -4.879096031188965 -0.01408450398594141 0.99988853931427 0.004964315332472324 -0.6593889594078064 0.09720352292060852 -0.0035721114836633205 0.995258092880249 72.87242889404297
8.29347 0.9950653314590454 0.013836732134222984 -0.09825282543897629 -4.958162784576416 -0.013976145535707474 0.9999020099639893 -0.0007307652849704027 -0.6674941778182983 0.09823309630155563 0.0021003547590225935 0.9951612949371338 73.60224914550781
8.397102 0.9949546456336975 0.014437663368880749 -0.09928271919488907 -5.030089378356934 -0.01470893993973732 0.9998898506164551 -0.0020009006839245558 -0.6728222370147705 0.0992429181933403 0.0034511489793658257 0.9950572848320007 74.31961059570312
8.500847 0.9948961138725281 0.017247168347239494 -0.09941989928483963 -5.113430976867676 -0.017168454825878143 0.9998512864112854 0.0016472646966576576 -0.6844264268875122 0.09943351149559021 6.802997086197138e-05 0.9950441718101501 75.00917053222656
8.604438 0.9947313666343689 0.01787417382001877 -0.10094623267650604 -5.180801868438721 -0.017564859241247177 0.9998378753662109 0.0039522298611700535 -0.7012521028518677 0.10100050270557404 -0.0021582995541393757 0.9948840141296387 75.68001556396484
8.708175 0.994717538356781 0.014300182461738586 -0.10164867341518402 -5.252158164978027 -0.014304888434708118 0.9998974800109863 0.0006826769676990807 -0.7123315334320068 0.1016480028629303 0.0007750016520731151 0.9948201179504395 76.3344955444336
8.811795 0.9947859644889832 0.006663193926215172 -0.10176622122526169 -5.30366325378418 -0.007151888217777014 0.9999646544456482 -0.004438032396137714 -0.7248202562332153 0.10173304378986359 0.0051427120342850685 0.994798481464386 76.9625473022461
8.915403 0.9949005246162415 0.0025494731962680817 -0.10082874447107315 -5.357304096221924 -0.0034867990761995316 0.9999523162841797 -0.009121090173721313 -0.7384411692619324 0.10080068558454514 0.009426145814359188 0.9948619604110718 77.5865707397461
9.019162 0.9952264428138733 0.0048299068585038185 -0.09747393429279327 -5.422514915466309 -0.005781721323728561 0.9999382495880127 -0.009484700858592987 -0.7485333681106567 0.09742214530706406 0.010002990253269672 0.9951929450035095 78.17549133300781
9.12289 0.9956340789794922 0.009850072674453259 -0.09282146394252777 -5.4947590827941895 -0.010476452298462391 0.9999254941940308 -0.006263342685997486 -0.7613465785980225 0.09275287389755249 0.007208437658846378 0.9956631064414978 78.75990295410156
9.226512 0.9960392117500305 0.008199034258723259 -0.08853713423013687 -5.535806655883789 -0.008528429083526134 0.9999580383300781 -0.003342753741890192 -0.7707417011260986 0.08850600570440292 0.004084594547748566 0.9960673451423645 79.334716796875
9.330247 0.9965469837188721 0.0046202754601836205 -0.08290138095617294 -5.569826602935791 -0.004573147278279066 0.9999892711639404 0.0007583629339933395 -0.7793693542480469 0.08290398865938187 -0.00037662405520677567 0.9965574741363525 79.8974609375
9.433986 0.9971707463264465 0.0002700318000279367 -0.0751686841249466 -5.591473579406738 7.380160241154954e-05 0.9999895691871643 0.0045713395811617374 -0.7978980541229248 0.07516911625862122 -0.004563955124467611 0.9971603751182556 80.4399642944336
9.537749 0.9979085326194763 0.0038032834418118 -0.06452971696853638 -5.621067047119141 -0.003538140095770359 0.9999848008155823 0.0042226361110806465 -0.802359402179718 0.06454479694366455 -0.003985489718616009 0.9979068636894226 80.9683837890625
9.641587 0.9987508654594421 0.00940523948520422 -0.04907270520925522 -5.65366268157959 -0.0092194564640522 0.9999494552612305 0.004010861739516258 -0.8113555908203125 0.04910794273018837 -0.0035534293856471777 0.9987871646881104 81.48563385009766
9.745342 0.9994257092475891 0.014316483400762081 -0.03070947155356407 -5.673857688903809 -0.014195351861417294 0.9998905658721924 0.004158766474574804 -0.8097257018089294 0.030765652656555176 -0.0037204469554126263 0.9995197057723999 81.99015808105469
9.849229 0.9998772740364075 0.01286958996206522 -0.008929342031478882 -5.656444072723389 -0.012821972370147705 0.9999033808708191 0.005369724240154028 -0.8253728747367859 0.008997581899166107 -0.005254573654383421 0.9999457597732544 82.47537231445312
9.953059 0.9998060464859009 0.009219176135957241 0.017397699877619743 -5.627596378326416 -0.009324380196630955 0.9999386668205261 0.005975731182843447 -0.8265753984451294 -0.01734153926372528 -0.006136796902865171 0.9998307824134827 82.9451904296875
10.05693 0.9988570213317871 0.008208798244595528 0.047085508704185486 -5.586182594299316 -0.00857011042535305 0.9999352693557739 0.007476817816495895 -0.8318191170692444 -0.047021083533763885 -0.00787180196493864 0.9988628029823303 83.41161346435547
10.16083 0.9967556595802307 0.007750088348984718 0.08011200278997421 -5.526459693908691 -0.008524902164936066 0.999920129776001 0.009334145113825798 -0.842927098274231 -0.08003327250480652 -0.009986810386180878 0.9967421889305115 83.87210845947266
10.26466 0.9930204153060913 0.007645336911082268 0.11769398301839828 -5.451315879821777 -0.00884321890771389 0.9999142289161682 0.009659099392592907 -0.8445765972137451 -0.11761004477739334 -0.010632477700710297 0.9930028915405273 84.32110595703125
10.36867 0.9872086644172668 0.007582825608551502 0.1592530757188797 -5.356008529663086 -0.009187527932226658 0.9999141097068787 0.009342581033706665 -0.8444411754608154 -0.159168541431427 -0.010686218738555908 0.9871935248374939 84.75674438476562
10.47264 0.978995144367218 0.00723122525960207 0.20375505089759827 -5.235858917236328 -0.009411369450390339 0.9999082684516907 0.009732874110341072 -0.8541974425315857 -0.20366601645946503 -0.011446052230894566 0.9789735078811646 85.16327667236328
10.57663 0.9674356579780579 0.00934603437781334 0.2529442310333252 -5.102777481079102 -0.011660960502922535 0.9999026656150818 0.007654278539121151 -0.8608425855636597 -0.2528481185436249 -0.010354594327509403 0.9674505591392517 85.575927734375
10.68062 0.9521402716636658 0.010206064209342003 0.3054909408092499 -4.938753128051758 -0.012381131760776043 0.9999098777770996 0.0051832301542162895 -0.8710275888442993 -0.3054105043411255 -0.008717485703527927 0.9521808624267578 85.95723724365234
10.78461 0.9322565197944641 0.010806109756231308 0.361636757850647 -4.751726150512695 -0.012557855807244778 0.9999180436134338 0.0024939849972724915 -0.8700113296508789 -0.3615801930427551 -0.006866417825222015 0.9323157072067261 86.352783203125
10.88875 0.908012866973877 0.011350098066031933 0.41878819465637207 -4.559242248535156 -0.012733261100947857 0.9999188780784607 0.0005081063136458397 -0.8714597225189209 -0.4187484383583069 -0.00579390674829483 0.9080837368965149 86.69488525390625
10.99272 0.8793766498565674 0.01188579946756363 0.4759780764579773 -4.325771331787109 -0.012356641702353954 0.9999213218688965 -0.002140272408723831 -0.869152307510376 -0.4759661555290222 -0.003999385051429272 0.879454493522644 87.03046417236328
11.09659 0.8463078141212463 0.01026907004415989 0.5325950980186462 -4.083789825439453 -0.009626012295484543 0.9999456405639648 -0.003984159789979458 -0.8801352977752686 -0.5326071381568909 -0.00175494235008955 0.8463608026504517 87.31779479980469
11.20057 0.8091198205947876 0.009973880834877491 0.587558925151825 -3.8236656188964844 -0.009022206999361515 0.9999489188194275 -0.004549883306026459 -0.8944414854049683 -0.587574303150177 -0.0016196782235056162 0.8091686367988586 87.61654663085938
11.30431 0.7691827416419983 0.00837712176144123 0.6389738917350769 -3.5455169677734375 -0.00782020017504692 0.999962568283081 -0.0036959918215870857 -0.9018995761871338 -0.6389809250831604 -0.0021540122106671333 0.7692195773124695 87.88973999023438
11.40818 0.7267147302627563 0.007929661311209202 0.6868934631347656 -3.2448883056640625 -0.00933423824608326 0.9999549388885498 -0.0016683449503034353 -0.9082189202308655 -0.6868758201599121 -0.005199218634516001 0.72675621509552 88.14608764648438
11.51192 0.6821938157081604 0.006663203239440918 0.7311409115791321 -2.933177947998047 -0.008442147634923458 0.9999635219573975 -0.0012361216358840466 -0.9162613749504089 -0.7311225533485413 -0.005329126957803965 0.6822253465652466 88.36624908447266
11.61553 0.6358209252357483 0.005289784632623196 0.7718184590339661 -2.6003074645996094 -0.004622552543878555 0.999984622001648 -0.0030455198138952255 -0.9172064661979675 -0.7718227505683899 -0.0016313664382323623 0.6358356475830078 88.57853698730469
11.71927 0.58884197473526 0.003280314616858959 0.8082414269447327 -2.2559852600097656 0.001429981435649097 0.9999858736991882 -0.005100334994494915 -0.9121569395065308 -0.8082469701766968 0.004159062169492245 0.5888290405273438 88.77808380126953
11.82277 0.5440829396247864 0.004928847774863243 0.8390169143676758 -1.9046897888183594 -0.00047917477786540985 0.9999843835830688 -0.005563724786043167 -0.9251364469528198 -0.8390313386917114 0.0026250919327139854 0.5440768599510193 88.92906951904297
11.92638 0.4976920485496521 0.00829023402184248 0.8673142194747925 -1.5686264038085938 -0.004357249941676855 0.9999655485153198 -0.007057858631014824 -0.9300153255462646 -0.8673428893089294 -0.000266464106971398 0.4977109730243683 89.06879425048828
12.03 0.4520663022994995 0.010100307874381542 0.8919271230697632 -1.2230720520019531 -0.004973223898559809 0.9999488592147827 -0.008802921511232853 -0.9395414590835571 -0.8919704556465149 -0.00045624905033037066 0.4520934522151947 89.20941162109375
12.13361 0.40943431854248047 0.007971617393195629 0.912304699420929 -0.8615303039550781 0.0021608173847198486 0.9999504685401917 -0.009707212448120117 -0.9421930313110352 -0.9123370051383972 0.005945790559053421 0.40939682722091675 89.32748413085938
12.2371 0.3706578016281128 -0.0004261949798092246 0.9287694692611694 -0.47910308837890625 0.017149876803159714 0.9998324513435364 -0.006385455373674631 -0.9542884230613708 -0.928611159324646 0.018295101821422577 0.3706030547618866 89.41981506347656
12.3406 0.3359207212924957 -0.004072371870279312 0.9418814778327942 -0.11062240600585938 0.020971186459064484 0.9997749924659729 -0.003156661754474044 -0.9596065878868103 -0.9416568279266357 0.020812764763832092 0.3359304964542389 89.50865173339844
12.44411 0.3017207980155945 0.00025000981986522675 0.9533963203430176 0.256011962890625 0.01764359511435032 0.9998272657394409 -0.005845844745635986 -0.967242956161499 -0.9532330632209778 0.01858515292406082 0.30166423320770264 89.61585998535156
12.54767 0.27074936032295227 0.008746547624468803 0.962610125541687 0.6155929565429688 0.007806058507412672 0.9999059438705444 -0.011281006038188934 -0.9662867188453674 -0.9626181721687317 0.010568516328930855 0.27065566182136536 89.71721649169922
12.65107 0.24234643578529358 0.012936023063957691 0.9701036214828491 1.0013961791992188 0.003313785418868065 0.9998942613601685 -0.014161106199026108 -0.9813113808631897 -0.9701841473579407 0.0066466075368225574 0.24227797985076904 89.80378723144531
12.75469 0.21676138043403625 0.014687331393361092 0.9761142134666443 1.400644302368164 0.004189532715827227 0.9998636245727539 -0.01597503572702408 -0.9957170486450195 -0.9762156009674072 0.007552232127636671 0.21667036414146423 89.87036895751953
12.85806 0.19349779188632965 0.01597176305949688 0.9809706807136536 1.8124961853027344 0.011776161380112171 0.999757707118988 -0.018600504845380783 -1.006337285041809 -0.9810301065444946 0.01515122689306736 0.19326283037662506 89.9257583618164
12.96167 0.17365360260009766 0.022339697927236557 0.9845533967018127 2.239225387573242 0.018445856869220734 0.9994935393333435 -0.025932135060429573 -1.0062334537506104 -0.9846340417861938 0.022664140909910202 0.17315362393856049 89.97322082519531
13.0652 0.15434475243091583 0.02910245768725872 0.9875883460044861 2.6717233657836914 0.020545270293951035 0.9992554187774658 -0.03265717998147011 -1.0045130252838135 -0.9878033995628357 0.025330733507871628 0.15363192558288574 90.02883911132812
13.16877 0.13656853139400482 0.029907505959272385 0.9901790022850037 3.1165876388549805 0.017721839249134064 0.9993104338645935 -0.032627563923597336 -1.0181069374084473 -0.990472137928009 0.022003693506121635 0.13594433665275574 90.08624267578125
13.27235 0.12076154351234436 0.025538694113492966 0.9923529624938965 3.581470489501953 0.01666809804737568 0.9994759559631348 -0.02775038778781891 -1.0370686054229736 -0.9925415515899658 0.01989181526005268 0.12027259171009064 90.14295196533203
13.37588 0.10663814097642899 0.022271744906902313 0.9940484166145325 4.065059661865234 0.016461024060845375 0.9995724558830261 -0.02416140027344227 -1.0597964525222778 -0.9941616058349609 0.018939577043056488 0.10622593015432358 90.1845474243164
13.4795 0.0932588055729866 0.02003871649503708 0.9954401254653931 4.556708335876465 0.01887691207230091 0.9995821118354797 -0.02189059928059578 -1.0734286308288574 -0.9954630136489868 0.020832326263189316 0.09284155815839767 90.22135162353516
13.58311 0.0818498432636261 0.018942048773169518 0.9964646100997925 5.064737319946289 0.022475723177194595 0.999530017375946 -0.02084648236632347 -1.0904337167739868 -0.996391236782074 0.02410254441201687 0.08138562738895416 90.24798583984375
13.68672 0.07147376239299774 0.01959049142897129 0.9972500205039978 5.584715366363525 0.025334499776363373 0.999448835849762 -0.021449435502290726 -1.1052886247634888 -0.9971206784248352 0.026797901839017868 0.07093805074691772 90.2777328491211
13.79034 0.06417981535196304 0.02022254467010498 0.9977334141731262 6.139575481414795 0.028269127011299133 0.9993565678596497 -0.02207387425005436 -1.115570306777954 -0.9975380301475525 0.029621746391057968 0.06356683373451233 90.30284881591797
13.89395 0.05855235084891319 0.020649202167987823 0.9980708360671997 6.696381568908691 0.029921887442469597 0.999300479888916 -0.02243003062903881 -1.1285067796707153 -0.9978358745574951 0.03117748722434044 0.057893529534339905 90.32744598388672
13.99767 0.052918314933776855 0.021819043904542923 0.9983605146408081 7.269042015075684 0.030852671712636948 0.999248206615448 -0.023473801091313362 -1.1443277597427368 -0.9981222152709961 0.03204428404569626 0.052205346524715424 90.35443115234375
14.1013 0.04702283814549446 0.02216614969074726 0.9986477494239807 7.859549045562744 0.031250398606061935 0.99923175573349 -0.023650581017136574 -1.1635432243347168 -0.9984049797058105 0.032320257276296616 0.04629400745034218 90.37802124023438
14.20492 0.04273141920566559 0.02208361029624939 0.9988424181938171 8.471715927124023 0.03348807618021965 0.9991623163223267 -0.023523330688476562 -1.1812666654586792 -0.9985252022743225 0.034454502165317535 0.041956085711717606 90.39547729492188
14.30854 0.03982231393456459 0.02199762500822544 0.9989645481109619 9.104752540588379 0.035355858504772186 0.9991005063056946 -0.02341003343462944 -1.1980592012405396 -0.9985809922218323 0.0362514965236187 0.03900874778628349 90.41838836669922
14.41227 0.036976609379053116 0.021416075527668 0.9990865588188171 9.752233505249023 0.036378514021635056 0.9990788102149963 -0.022762291133403778 -1.218245267868042 -0.9986537098884583 0.037186961621046066 0.03616344928741455 90.43773651123047
14.51589 0.034336429089307785 0.020941967144608498 0.9991909265518188 10.421359062194824 0.03797159716486931 0.9990312457084656 -0.02224348671734333 -1.2337093353271484 -0.9986886978149414 0.03870462626218796 0.03350796550512314 90.45928192138672
14.61968 0.03364601358771324 0.0206674262881279 0.9992201328277588 11.104169845581055 0.042580824345350266 0.9988487362861633 -0.02209353819489479 -1.2509289979934692 -0.9985262751579285 0.04329096898436546 0.03272724151611328 90.474609375
14.72326 0.03500837832689285 0.020181354135274887 0.999183177947998 11.828115463256836 0.04634787142276764 0.9986876845359802 -0.021795229986310005 -1.27030348777771 -0.9983116984367371 0.04707302525639534 0.03402706980705261 90.48666381835938
14.82686 0.0373796746134758 0.020086945965886116 0.9990991353988647 12.557984352111816 0.048014190047979355 0.9986070990562439 -0.02187342382967472 -1.2915990352630615 -0.9981469511985779 0.04878857359290123 0.0363631471991539 90.5126724243164
14.93048 0.04125077277421951 0.020083783194422722 0.9989468455314636 13.296442031860352 0.050595562905073166 0.9984731674194336 -0.022163566201925278 -1.3098175525665283 -0.9978668689727783 0.05145655572414398 0.04017164558172226 90.54231262207031
15.0341 0.045351818203926086 0.019519831985235214 0.9987803101539612 14.053276062011719 0.051002517342567444 0.9984598755836487 -0.021829454228281975 -1.3269951343536377 -0.9976682066917419 0.051930323243141174 0.04428640753030777 90.58128356933594
15.13784 0.049501631408929825 0.017734864726662636 0.9986165761947632 14.837419509887695 0.052607327699661255 0.9984080195426941 -0.02033892460167408 -1.3532458543777466 -0.9973875880241394 0.053541362285614014 0.048489853739738464 90.61682891845703
15.24145 0.05375676229596138 0.01589806005358696 0.9984273910522461 15.628942489624023 0.05249281972646713 0.9984456300735474 -0.01872464083135128 -1.3739827871322632 -0.9971733689308167 0.05341684818267822 0.05283866822719574 90.6568603515625
15.34508 0.05787840113043785 0.013831852003932 0.9982278943061829 16.424802780151367 0.04965852573513985 0.9986262917518616 -0.01671663485467434 -1.3930339813232422 -0.9970877766609192 0.05053805932402611 0.05711203068494797 90.70701599121094
15.44881 0.06203385815024376 0.01297926064580679 0.9979895353317261 17.25715446472168 0.04894411563873291 0.9986728429794312 -0.016030453145503998 -1.4110286235809326 -0.9968731999397278 0.04984014853835106 0.061316270381212234 90.76299285888672
15.55255 0.06607069075107574 0.014062916859984398 0.9977157711982727 18.07590103149414 0.04589518904685974 0.9987996220588684 -0.017117461189627647 -1.4297070503234863 -0.9967588186264038 0.04692131280899048 0.06534596532583237 90.82027435302734
15.65617 0.06926977634429932 0.01800992526113987 0.9974352717399597 18.903594970703125 0.043761245906353 0.9988197088241577 -0.021074049174785614 -1.456484317779541 -0.9966376423835754 0.04510880634188652 0.06839989125728607 90.88236236572266
15.7599 0.07046950608491898 0.023002061992883682 0.9972487092018127 19.740535736083984 0.03780749812722206 0.998954176902771 -0.025713028386235237 -1.4896824359893799 -0.9967973232269287 0.03951546177268028 0.06952613592147827 90.956787109375
15.86364 0.07051956653594971 0.026397420093417168 0.9971610903739929 20.577421188354492 0.035046957433223724 0.9989669919013977 -0.0289237629622221 -1.5128214359283447 -0.9968945384025574 0.03698715940117836 0.06952157616615295 91.0184326171875
15.96739 0.07052985578775406 0.02573615498840809 0.9971776604652405 21.414203643798828 0.03247242420911789 0.9990779757499695 -0.02808196097612381 -1.5458753108978271 -0.9969809651374817 0.03436139225959778 0.06962912529706955 91.08075714111328
16.07102 0.07017291337251663 0.024101577699184418 0.9972435832023621 22.258895874023438 0.029668433591723442 0.9992153644561768 -0.02623691037297249 -1.5772631168365479 -0.9970934987068176 0.0314277820289135 0.0694027990102768 91.15499114990234
16.17474 0.07039442658424377 0.022898182272911072 0.997256338596344 23.0936279296875 0.030707694590091705 0.999212920665741 -0.025110706686973572 -1.6100883483886719 -0.9970464110374451 0.03239109367132187 0.06963586807250977 91.21067810058594
16.27845 0.07081440091133118 0.02205216884613037 0.9972455501556396 23.926883697509766 0.027899395674467087 0.9993207454681396 -0.02407918870449066 -1.6428462266921997 -0.9970992207527161 0.029527707025408745 0.07015106081962585 91.27194213867188
16.38209 0.07067209482192993 0.022425135597586632 0.9972473978996277 24.785934448242188 0.026353590190410614 0.9993562698364258 -0.024340162053704262 -1.6737513542175293 -0.9971514344215393 0.028001219034194946 0.07003561407327652 91.34976196289062
16.48571 0.07070166617631912 0.023055268451571465 0.9972309470176697 25.62049674987793 0.023099422454833984 0.9994269013404846 -0.024743739515542984 -1.7054142951965332 -0.997230052947998 0.024784879758954048 0.07012857496738434 91.41622924804688
