1403638130.645097 0.9996619820594788 -0.007252957671880722 -0.024966616183519363 -0.0020034273620694876 0.006349400617182255 0.9993286728858948 -0.03608150780200958 -0.01833532378077507 0.025211557745933533 0.03591079264879227 0.9990369081497192 -0.006957335397601128
1403638130.695097 0.999504566192627 -0.018164802342653275 -0.025701096281409264 -0.002146728802472353 0.016877705231308937 0.9986344575881958 -0.049439676105976105 -0.019664529711008072 0.026564067229628563 0.04898140951991081 0.9984463453292847 -0.007419285364449024
1403638130.745097 0.998662531375885 -0.04223942011594772 -0.029816273599863052 -0.004048528149724007 0.04046357423067093 0.9975054860115051 -0.057840798050165176 -0.029235010966658592 0.03218505531549454 0.05655696243047714 0.9978804588317871 -0.01014458667486906
1403638130.795097 0.9972805380821228 -0.06288551539182663 -0.03843066096305847 -0.0021164638455957174 0.060150858014822006 0.9958298802375793 -0.06859087944030762 -0.028004487976431847 0.04258376732468605 0.06609271466732025 0.9969043731689453 -0.01016883086413145
1403638130.845097 0.9968893527984619 -0.06637415289878845 -0.04249709099531174 -0.0027195154689252377 0.06312897801399231 0.9952864050865173 -0.07362044602632523 -0.02567462995648384 0.04718326777219772 0.07070866972208023 0.9963804483413696 -0.009910115972161293
1403638130.895097 0.9964078068733215 -0.07090980559587479 -0.04629470780491829 -0.0032992546912282705 0.06740628927946091 0.9950296878814697 -0.07329592853784561 -0.03154526278376579 0.05126200616359711 0.06991208344697952 0.996235191822052 -0.011399449780583382
1403638130.945097 0.9962821006774902 -0.07511603832244873 -0.04218673333525658 -0.0034374985843896866 0.07125737518072128 0.9936979413032532 -0.08652527630329132 -0.032303113490343094 0.04842030629515648 0.0831974521279335 0.9953560829162598 -0.011442067101597786
1403638130.9950972 0.9961604475975037 -0.08024124801158905 -0.03501022607088089 -0.0027608186937868595 0.07609844952821732 0.9913568496704102 -0.10686732083559036 -0.03242703527212143 0.04328279569745064 0.10379277914762497 0.9936566948890686 -0.01246432214975357
1403638131.0450969 0.995885968208313 -0.08577170968055725 -0.029228877276182175 -0.0029473803006112576 0.08155547827482224 0.9889956116676331 -0.1234355941414833 -0.03254678100347519 0.03949451446533203 0.12054400891065598 0.9919220209121704 -0.012103005312383175
1403638131.095097 0.9962601661682129 -0.0827835351228714 -0.02474961243569851 -0.003041321411728859 0.07890182733535767 0.9883823394775391 -0.12990263104438782 -0.030349602922797203 0.03521588817238808 0.12746401131153107 0.9912177920341492 -0.011846205219626427
1403638131.145097 0.9969485998153687 -0.07430379837751389 -0.023926671594381332 -0.002954812254756689 0.07089526206254959 0.9901344776153564 -0.12086202204227448 -0.029939638450741768 0.03267113119363785 0.1187969297170639 0.9923809170722961 -0.011358531191945076
1403638131.195097 0.9980972409248352 -0.05699433013796806 -0.023531688377261162 -0.002805971307680011 0.05426899343729019 0.9931387901306152 -0.10358625650405884 -0.02824295684695244 0.02927406318485737 0.10211209207773209 0.9943420886993408 -0.010478522628545761
1403638131.245097 0.9991067051887512 -0.035633690655231476 -0.022720500826835632 -0.0018002421129494905 0.033655568957328796 0.9960482120513916 -0.08218937367200851 -0.02723303623497486 0.025559427216649055 0.08135127276182175 0.9963577389717102 -0.010015841573476791
1403638131.295097 0.99950110912323 -0.021699419245123863 -0.022946592420339584 -0.0018253978341817856 0.020112182945013046 0.9975317716598511 -0.06727418303489685 -0.024627940729260445 0.024349763989448547 0.06677912175655365 0.9974706172943115 -0.00919739343225956
1403638131.345097 0.9996028542518616 -0.015794605016708374 -0.023338336497545242 -0.0009481942979618907 0.014326200820505619 0.99798583984375 -0.06179871782660484 -0.02077879011631012 0.024267414584755898 0.06143982708454132 0.997815728187561 -0.00862170197069645
1403638131.395097 0.9996315240859985 -0.017082788050174713 -0.021092846989631653 -0.0010863058269023895 0.015797898173332214 0.9980944395065308 -0.05964852124452591 -0.020688669756054878 0.022071612998843193 0.05929332226514816 0.9979965686798096 -0.00828959047794342
1403638131.445097 0.9996736645698547 -0.01776554062962532 -0.01835685595870018 -0.0011005280539393425 0.016572201624512672 0.9978612065315247 -0.06323254853487015 -0.01764303632080555 0.01944095641374588 0.06290770322084427 0.9978300333023071 -0.007316443137824535
1403638131.4950972 0.9998884797096252 -0.008140482939779758 -0.01252137590199709 -0.00045548996422439814 0.007345955353230238 0.9980340600013733 -0.06224112957715988 -0.01564464159309864 0.013003434985876083 0.06214220076799393 0.9979826211929321 -0.007022407371550798
1403638131.5450969 0.9999347925186157 -0.004496260080486536 -0.010489044710993767 -0.0006944257766008377 0.0038872738368809223 0.998345136642456 -0.05737409368157387 -0.01267977524548769 0.010729653760790825 0.057329583913087845 0.9982975721359253 -0.005494375247508287
1403638131.595097 0.9999430775642395 -0.0019288065377622843 -0.010492940433323383 0.00032485713018104434 0.0014031693572178483 0.9987545609474182 -0.049873121082782745 -0.010668547824025154 0.010576067492365837 0.049855560064315796 0.9987004399299622 -0.005426722578704357
1403638131.645097 0.9999352097511292 0.0035410805139690638 -0.010812568478286266 0.00046297351946122944 -0.004035072401165962 0.9989326596260071 -0.046012189239263535 -0.007680871989578009 0.010638095438480377 0.04605283960700035 0.9988822937011719 -0.004424759186804295
1403638131.695097 0.9999231696128845 0.0082482248544693 -0.009248200803995132 0.0009256794583052397 -0.008667437359690666 0.998892605304718 -0.04624507576227188 -0.00517998868599534 0.008856520056724548 0.04632168263196945 0.9988873600959778 -0.0037335895467549562
1403638131.745097 0.9998871088027954 0.012919210828840733 -0.0076734465546905994 0.0009270315640605986 -0.013261102139949799 0.9988388419151306 -0.046315018087625504 -0.0022264537401497364 0.007066184189170599 0.04641155153512955 0.9988973736763 -0.0023143377620726824
1403638131.795097 0.9997068047523499 0.02408728189766407 -0.0024857833050191402 0.0013965216930955648 -0.024175332859158516 0.9986764788627625 -0.045396413654088974 0.00031426677014678717 0.0013890201225876808 0.04544319584965706 0.9989659190177917 -0.0017926336731761694
1403638131.845097 0.9993951320648193 0.03460810333490372 0.003404730698093772 0.0016196148935705423 -0.03443482145667076 0.9985237717628479 -0.04200632870197296 0.002831279067322612 -0.00485346419736743 0.04186367616057396 0.9991114735603333 -0.0007442246424034238
1403638131.895097 0.9991258978843689 0.04101395234465599 0.008084682747721672 0.0020594624802470207 -0.04065553471446037 0.9983565807342529 -0.040391165763139725 0.005131742917001247 -0.00972799677401781 0.040027178823947906 0.9991512298583984 -0.00023626905749551952
1403638131.945097 0.9988874197006226 0.04596506059169769 0.010539284907281399 0.002376086311414838 -0.045510634779930115 0.9981658458709717 -0.0399220772087574 0.007845373824238777 -0.012354972772300243 0.039398014545440674 0.9991471171379089 0.0005008424050174654
1403638131.9950972 0.9981986880302429 0.058844223618507385 0.01169574074447155 0.002529999939724803 -0.05841010808944702 0.9976956844329834 -0.03451967239379883 0.009700625203549862 -0.013700070790946484 0.033774346113204956 0.9993354082107544 0.0011762616923078895
1403638132.0450969 0.997011125087738 0.07656611502170563 0.010320319794118404 0.0025916779413819313 -0.07628855109214783 0.9967713356018066 -0.025037745013833046 0.010476606898009777 -0.01220404077321291 0.02417558804154396 0.999633252620697 0.001427959417924285
1403638132.095097 0.9954784512519836 0.0945327952504158 0.00928622204810381 0.002645502332597971 -0.09441696852445602 0.9954578876495361 -0.01220700517296791 0.011111745610833168 -0.010398002341389656 0.01127503253519535 0.9998824596405029 0.0013856770237907767
1403638132.145097 0.9944078326225281 0.10542172193527222 0.006271589081734419 0.0023955474607646465 -0.10538630932569504 0.9944148063659668 -0.005732451565563679 0.01033315435051918 -0.006840886082500219 0.005039453972131014 0.9999638795852661 0.0012392298085615039
1403638132.195097 0.9943664073944092 0.10595917701721191 0.0028621493838727474 0.0022745896130800247 -0.10593082010746002 0.9943353533744812 -0.008707662113010883 0.009047194384038448 -0.003768593305721879 0.008355415426194668 0.9999580383300781 0.0008944429573602974
1403638132.245097 0.9955690503120422 0.09397408366203308 -0.0033302512019872665 0.0022780539002269506 -0.09402518719434738 0.9953197240829468 -0.02231062762439251 0.007501895539462566 0.0012180444318801165 0.022524891421198845 0.9997455477714539 -7.83147697802633e-06
1403638132.295097 0.9968217611312866 0.07894586026668549 -0.010668139904737473 0.0020664427429437637 -0.07929515093564987 0.9961380958557129 -0.03769891709089279 0.004811450839042664 0.007650768384337425 0.038425035774707794 0.9992322325706482 -0.0010492565343156457
1403638132.345097 0.997451663017273 0.06964245438575745 -0.01550441887229681 0.0015657558105885983 -0.07031393051147461 0.9963657259941101 -0.048074234277009964 0.0013588899746537209 0.012100065127015114 0.04904188960790634 0.9987234473228455 -0.002059429883956909
1403638132.395097 0.9981602430343628 0.054516877979040146 -0.026537476107478142 0.0011137475958094 -0.05584584176540375 0.9970728754997253 -0.052220407873392105 -0.0019411842804402113 0.02361290156841278 0.053606342524290085 0.9982829093933105 -0.003284637350589037
1403638132.445097 0.9985789656639099 0.039468225091695786 -0.03581062704324722 0.001205116743221879 -0.04167427122592926 0.9971365928649902 -0.06310528516769409 -0.004885396920144558 0.033217426389455795 0.06450799852609634 0.9973641633987427 -0.005047657061368227
1403638132.4950972 0.9988334774971008 0.01454151887446642 -0.04604717344045639 0.0010043095098808408 -0.018191227689385414 0.996640145778656 -0.07986041903495789 -0.009318882599473 0.04473116621375084 0.0806049257516861 0.9957419037818909 -0.007345934864133596
1403638132.5450969 0.9985378384590149 -0.01207777950912714 -0.05268983542919159 -0.00019887744565494359 0.006566958501935005 0.9946041107177734 -0.10353518277406693 -0.011760025285184383 0.05365600064396858 0.10303778946399689 0.9932292103767395 -0.0072291153483092785
1403638132.595097 0.9977771043777466 -0.03300030902028084 -0.05789542570710182 -0.0005220214370638132 0.02553461864590645 0.9917958974838257 -0.12525534629821777 -0.014787517488002777 0.06155391037464142 0.1234985813498497 0.9904338717460632 -0.008054799400269985
1403638132.645097 0.9971795678138733 -0.042805299162864685 -0.06164943799376488 -0.0005025397404097021 0.034107182174921036 0.9901476502418518 -0.13580965995788574 -0.017106445506215096 0.06685540080070496 0.13332389295101166 0.9888151288032532 -0.009238936007022858
1403638132.695097 0.9968963265419006 -0.045251891016960144 -0.06442083418369293 -0.0007410658290609717 0.03682054206728935 0.9912795424461365 -0.1265275478363037 -0.01913198083639145 0.06958465278148651 0.12376280874013901 0.9898691177368164 -0.010087797418236732
1403638132.745097 0.9966545104980469 -0.04657437279820442 -0.06716057658195496 -0.0014561873394995928 0.038749244064092636 0.9927886724472046 -0.1134428009390831 -0.021020079031586647 0.07195978611707687 0.11046086996793747 0.99127197265625 -0.010718072764575481
1403638132.795097 0.9965519309043884 -0.04970207065343857 -0.06643737107515335 -0.0021427017636597157 0.0423104390501976 0.9932095408439636 -0.10837295651435852 -0.022311005741357803 0.07137259840965271 0.1051882803440094 0.9918878078460693 -0.01111945416778326
1403638132.845097 0.9961816072463989 -0.05689721554517746 -0.066218800842762 -0.003151333425194025 0.048788294196128845 0.9917887449264526 -0.11821452528238297 -0.022090623155236244 0.07240114361047745 0.11453244090080261 0.9907776713371277 -0.011317458935081959
1403638132.895097 0.9953542351722717 -0.0713450163602829 -0.06465227901935577 -0.003568679327145219 0.062169842422008514 0.9889966249465942 -0.13424068689346313 -0.02192574366927147 0.07351827621459961 0.12959760427474976 0.9888374209403992 -0.011771590448915958
1403638132.945097 0.9944583177566528 -0.08050727844238281 -0.0676116868853569 -0.003873842768371105 0.06983663886785507 0.9865829348564148 -0.14757040143013 -0.021956760436296463 0.07858502864837646 0.14203086495399475 0.986737847328186 -0.012181257829070091
1403638132.9950972 0.9938897490501404 -0.08159171044826508 -0.07433675229549408 -0.0028624199330806732 0.06959965080022812 0.9859802722930908 -0.15165354311466217 -0.023189444094896317 0.08566825091838837 0.1455531120300293 0.9856343865394592 -0.011745227500796318
1403638133.0450969 0.994678795337677 -0.06682921946048737 -0.07840777188539505 -0.0025976267643272877 0.05485565960407257 0.987762451171875 -0.14600114524364471 -0.023022281005978584 0.08720538765192032 0.1409231573343277 0.9861722588539124 -0.011435083113610744
1403638133.095097 0.9959457516670227 -0.04686060920357704 -0.07678600400686264 -0.003048339858651161 0.03621117025613785 0.9902327060699463 -0.13464094698429108 -0.02288075163960457 0.08234535902738571 0.13131456077098846 0.9879148006439209 -0.011905854567885399
1403638133.145097 0.9966625571250916 -0.03670690581202507 -0.07291265577077866 -0.0023497892543673515 0.027461757883429527 0.9919047951698303 -0.12397928535938263 -0.02306756004691124 0.0768733024597168 0.12156321108341217 0.989602267742157 -0.01133604533970356
1403638133.195097 0.9976908564567566 -0.03073408082127571 -0.06056719273328781 -0.0011525353183969855 0.023089220747351646 0.9921250939369202 -0.12310528010129929 -0.017754951491951942 0.06387375295162201 0.12142258137464523 0.9905436038970947 -0.009256105870008469
1403638133.245097 0.9984148740768433 -0.03156160190701485 -0.04660023748874664 0.0023051982279866934 0.02545168623328209 0.991661548614502 -0.1263316124677658 -0.012737346813082695 0.050198886543512344 0.12494531273841858 0.9908928871154785 -0.008146143518388271
1403638133.295097 0.9993749260902405 -0.025215836241841316 -0.024778272956609726 0.003618017304688692 0.022026339545845985 0.9923481941223145 -0.12149014323949814 -0.01614677719771862 0.02765214629471302 0.12086842209100723 0.9922834634780884 -0.007720272522419691
1403638133.345097 0.9997695684432983 -0.020734313875436783 -0.0055440813302993774 0.005581162869930267 0.019980262964963913 0.9934629201889038 -0.11239244788885117 -0.014611118473112583 0.007838219404220581 0.11225581169128418 0.9936484098434448 -0.00732540525496006
1403638133.395097 0.9998025298118591 -0.016016138717532158 0.011765430681407452 0.008847787976264954 0.017139896750450134 0.994573712348938 -0.10261252522468567 -0.013242414221167564 -0.010058131068944931 0.10279390215873718 0.9946517944335938 -0.0070149945095181465
1403638133.445097 0.9992416501045227 -0.011071032844483852 0.03733064979314804 0.010194564238190651 0.014585637487471104 0.9953482151031494 -0.09523118287324905 -0.0116941062733531 -0.03610268980264664 0.09570343792438507 0.9947549104690552 -0.007408520672470331
1403638133.4950972 0.9980213642120361 -0.015090965665876865 0.06103752553462982 0.012873057276010513 0.020704012364149094 0.9955067038536072 -0.09240038692951202 -0.010611047968268394 -0.05936885252594948 0.09348127990961075 0.9938493967056274 -0.006361932028084993
1403638133.5450969 0.9961258172988892 -0.026243556290864944 0.08393239229917526 0.01563616655766964 0.033744391053915024 0.9954386949539185 -0.08923622220754623 -0.010500753298401833 -0.08120767027139664 0.0917227566242218 0.9924677014350891 -0.00758656719699502
1403638133.595097 0.9941574931144714 -0.04198339954018593 0.09944038093090057 0.01827983930706978 0.05030180513858795 0.9953059554100037 -0.08267848938703537 -0.009569087065756321 -0.09550248086452484 0.08719746768474579 0.9916026592254639 -0.008106689900159836
1403638133.645097 0.9924171566963196 -0.05910247936844826 0.10777325183153152 0.02304944209754467 0.06733576953411102 0.9949505925178528 -0.07442581653594971 -0.008535264059901237 -0.10283032804727554 0.08111845701932907 0.9913857579231262 -0.008269286714494228
1403638133.695097 0.9902696013450623 -0.07102333754301071 0.11967338621616364 0.025459907948970795 0.07939191162586212 0.9946113228797913 -0.06667131185531616 -0.00689491955563426 -0.11429330706596375 0.07552367448806763 0.9905721545219421 -0.00863610114902258
1403638133.745097 0.9874085783958435 -0.0759371817111969 0.13877257704734802 0.026420406997203827 0.08477304875850677 0.9946576952934265 -0.058903079479932785 -0.006084917113184929 -0.13355828821659088 0.06992558389902115 0.9885709881782532 -0.008893710561096668
1403638133.795097 0.9842424392700195 -0.07698743790388107 0.1591852754354477 0.02806568332016468 0.0865863785147667 0.99476557970047 -0.054260775446891785 -0.0058284723199903965 -0.15417465567588806 0.06718902289867401 0.985756516456604 -0.01032823882997036
1403638133.845097 0.9810436964035034 -0.07282885164022446 0.17958058416843414 0.02984355390071869 0.08303577452898026 0.9952923655509949 -0.049981605261564255 -0.0032206254545599222 -0.1750950813293457 0.06394574791193008 0.9824727177619934 -0.009396009147167206
1403638133.895097 0.9783965945243835 -0.07240037620067596 0.1936447024345398 0.0316849946975708 0.08241815119981766 0.9956182241439819 -0.044176388531923294 -0.0019336891127750278 -0.18959778547286987 0.05918186157941818 0.9800766110420227 -0.008881392888724804
1403638133.945097 0.9759743213653564 -0.07336992770433426 0.20516148209571838 0.03197160363197327 0.08386072516441345 0.9955534338951111 -0.04290381446480751 -0.0010636027436703444 -0.2011013627052307 0.05907800421118736 0.9777873158454895 -0.007163695991039276
1403638133.9950972 0.9746947884559631 -0.07361777126789093 0.21107041835784912 0.032421134412288666 0.08495733886957169 0.9953609108924866 -0.04515661299228668 -0.0006619709311053157 -0.20676690340042114 0.061945900321006775 0.9764272570610046 -0.0065091513097286224
1403638134.0450969 0.9744545221328735 -0.07022260129451752 0.21332432329654694 0.03134181722998619 0.08139339089393616 0.9957090616226196 -0.04403090104460716 -0.0006858800770714879 -0.20931699872016907 0.060269296169281006 0.9759886860847473 -0.005222267005592585
1403638134.095097 0.9755315780639648 -0.06249307841062546 0.21079066395759583 0.0302836075425148 0.07201728224754333 0.9966866374015808 -0.037805795669555664 -0.0007022863137535751 -0.20772962272167206 0.05206131562590599 0.9767999053001404 -0.0034255695063620806
1403638134.145097 0.9768471717834473 -0.053220171481370926 0.20721293985843658 0.029707839712500572 0.061142344027757645 0.99761563539505 -0.03201274201273918 -0.0013439393369480968 -0.2050151377916336 0.04394104331731796 0.9777719378471375 -0.0020378464832901955
1403638134.195097 0.9768298268318176 -0.048890866339206696 0.20835773646831512 0.027752000838518143 0.057594183832407 0.9976941347122192 -0.03590743988752365 -0.0017863527173176408 -0.20612174272537231 0.04707565903663635 0.9773933291435242 -0.00013574492186307907
1403638134.245097 0.9761591553688049 -0.055256158113479614 0.209905207157135 0.026374440640211105 0.06759768724441528 0.9963525533676147 -0.05207812413573265 -0.0027084508910775185 -0.20626197755336761 0.06502563506364822 0.976333737373352 0.0014260904863476753
1403638134.295097 0.9755123257637024 -0.06319036334753036 0.21067193150520325 0.024336179718375206 0.07814181596040726 0.9949235916137695 -0.06341000646352768 -0.004085905849933624 -0.20559558272361755 0.07831952720880508 0.9754980802536011 0.0025548250414431095
1403638134.345097 0.9755451083183289 -0.07256153225898743 0.20747677981853485 0.02251839078962803 0.0872018039226532 0.9942407608032227 -0.06229934096336365 -0.0053967637941241264 -0.20176133513450623 0.07886816561222076 0.9762541055679321 0.005095349159091711
1403638134.395097 0.9760898351669312 -0.08217596262693405 0.20123571157455444 0.020768601447343826 0.09545616805553436 0.9937896132469177 -0.057187508791685104 -0.005733930505812168 -0.19528652727603912 0.07502932846546173 0.9778721332550049 0.006994291674345732
1403638134.445097 0.9761189222335815 -0.090120330452919 0.19766178727149963 0.017621686682105064 0.1021127998828888 0.9934480786323547 -0.05132179707288742 -0.006510280072689056 -0.19174161553382874 0.07027999311685562 0.978925883769989 0.008497546426951885
1403638134.4950972 0.9760175347328186 -0.09756261855363846 0.19460590183734894 0.015305500477552414 0.10960948467254639 0.9926082491874695 -0.052101630717515945 -0.006995046511292458 -0.18808427453041077 0.07218274474143982 0.9794968366622925 0.010674417950212955
1403638134.5450969 0.975330650806427 -0.10713816434144974 0.1930064857006073 0.011515981517732143 0.11929863691329956 0.9914698600769043 -0.05249222368001938 -0.008752780966460705 -0.18573619425296783 0.07422267645597458 0.9797922968864441 0.012068349868059158
1403638134.595097 0.9756749868392944 -0.11714246869087219 0.18529954552650452 0.009611820802092552 0.12936067581176758 0.990057647228241 -0.055241093039512634 -0.009072788059711456 -0.1769861876964569 0.07786782830953598 0.9811280965805054 0.01305166631937027
1403638134.645097 0.9758580327033997 -0.12112750858068466 0.1817391812801361 0.006198635790497065 0.13241811096668243 0.9898660182952881 -0.05128912627696991 -0.009864571504294872 -0.17368493974208832 0.07411645352840424 0.9820082783699036 0.014965693466365337
1403638134.695097 0.9767873883247375 -0.12210872024297714 0.17599952220916748 0.0043821921572089195 0.1317111700773239 0.9903152585029602 -0.04390736296772957 -0.009985165670514107 -0.16893354058265686 0.06606925278902054 0.9834104776382446 0.01523579191416502
1403638134.745097 0.9781116247177124 -0.1224592849612236 0.16823001205921173 0.0037573683075606823 0.12979842722415924 0.9909809231758118 -0.033302873373031616 -0.010739467106759548 -0.16263450682163239 0.054409921169281006 0.9851849675178528 0.015042061917483807
1403638134.795097 0.9792596101760864 -0.11778104305267334 0.1648584008216858 0.00035522482357919216 0.12286125868558884 0.9922031760215759 -0.02092912420630455 -0.011479423381388187 -0.16110794246196747 0.04074975848197937 0.986095130443573 0.015474148094654083
1403638134.845097 0.9801591038703918 -0.1124851331114769 0.16320307552814484 -0.0016097126062959433 0.11639069020748138 0.9930971264839172 -0.014538504183292389 -0.01191670447587967 -0.16044114530086517 0.03324535861611366 0.9864853620529175 0.015859389677643776
1403638134.895097 0.9805773496627808 -0.10951320081949234 0.16271086037158966 -0.002315916819497943 0.11369296163320541 0.993377685546875 -0.01657414250075817 -0.011641302146017551 -0.15981826186180115 0.03475130349397659 0.986534595489502 0.0169944167137146
1403638134.945097 0.9803259372711182 -0.10888730734586716 0.16463421285152435 -0.00547598022967577 0.11429926007986069 0.9931627511978149 -0.023735787719488144 -0.012880081310868263 -0.1609240621328354 0.04208637401461601 0.9860690832138062 0.016669906675815582
1403638134.9950972 0.9802460074424744 -0.10934073477983475 0.1648099422454834 -0.007186977192759514 0.1156776025891304 0.9928538203239441 -0.0293255764991045 -0.013458488509058952 -0.16042569279670715 0.04781108722090721 0.9858892560005188 0.016552995890378952
1403638135.0450969 0.9810420870780945 -0.10242025554180145 0.16451890766620636 -0.008882077410817146 0.10828869789838791 0.9937504529953003 -0.02708250842988491 -0.013028410263359547 -0.1607169657945633 0.04438461735844612 0.9860020875930786 0.017351223155856133
1403638135.095097 0.9822888374328613 -0.09460080415010452 0.16173812747001648 -0.01037529669702053 0.09894523024559021 0.9949113726615906 -0.01900208555161953 -0.012915126979351044 -0.15911747515201569 0.03466875106096268 0.9866507649421692 0.016826096922159195
1403638135.145097 0.9836711883544922 -0.08674430102109909 0.15769052505493164 -0.011847509071230888 0.08973235636949539 0.9958946108818054 -0.0119154192507267 -0.013008191250264645 -0.15600955486297607 0.0258707944303751 0.987416684627533 0.017210733145475388
1403638135.195097 0.9843432307243347 -0.08158133924007416 0.15624630451202393 -0.012257774360477924 0.0835581123828888 0.9964841604232788 -0.006114376708865166 -0.012559094466269016 -0.1551981419324875 0.01907428912818432 0.9876992106437683 0.01691516302525997
1403638135.245097 0.9845873713493347 -0.07773386687040329 0.1566685140132904 -0.013396595604717731 0.07885143905878067 0.9968858957290649 -0.0009212493896484375 -0.011201179586350918 -0.1561090350151062 0.01326058804988861 0.9876508116722107 0.017445916309952736
1403638135.295097 0.9846445322036743 -0.07395180314779282 0.15813319385051727 -0.013048656284809113 0.07513074576854706 0.9971726536750793 -0.0014821141958236694 -0.011034665629267693 -0.15757647156715393 0.013340022414922714 0.9874166250228882 0.017024297267198563
1403638135.345097 0.9841299653053284 -0.07384923845529556 0.16135172545909882 -0.01261298730969429 0.07601391524076462 0.9970802068710327 -0.007275743409991264 -0.009912541136145592 -0.16034331917762756 0.019425250589847565 0.9868700504302979 0.017388081178069115
1403638135.395097 0.9831974506378174 -0.07347455620765686 0.16710561513900757 -0.012215104885399342 0.07638197392225266 0.9970176219940186 -0.011029735207557678 -0.008886734023690224 -0.16579686105251312 0.023608267307281494 0.985877275466919 0.017174089327454567
1403638135.445097 0.9821479916572571 -0.06728293746709824 0.1756649762392044 -0.011169363744556904 0.06984788179397583 0.9975218772888184 -0.008452290669083595 -0.007957139052450657 -0.17466096580028534 0.020571231842041016 0.984413743019104 0.016765663400292397
1403638135.4950972 0.9813085198402405 -0.06246468052268028 0.18202140927314758 -0.00993665773421526 0.06413091719150543 0.9979360699653625 -0.003276779316365719 -0.007013195194303989 -0.1814410537481308 0.014888731762766838 0.9832891225814819 0.016413677483797073
1403638135.5450969 0.9806247353553772 -0.06119886040687561 0.1860916018486023 -0.008442956022918224 0.06098286807537079 0.9981151223182678 0.006890138611197472 -0.006557592190802097 -0.18616251647472382 0.004591763019561768 0.9825081825256348 0.015703855082392693
1403638135.595097 0.9792258143424988 -0.055481117218732834 0.19503509998321533 -0.006640330888330936 0.053830403834581375 0.9984553456306458 0.013758028857409954 -0.006119550205767155 -0.19549712538719177 -0.002973398193717003 0.9806997179985046 0.015321359038352966
1403638135.645097 0.9773901104927063 -0.05536126345396042 0.20406821370124817 -0.004284325987100601 0.05428672581911087 0.9984663128852844 0.010864262469112873 -0.006227268371731043 -0.20435668528079987 0.0004595741629600525 0.9788963198661804 0.013986803591251373
1403638135.695097 0.9746246337890625 -0.06505594402551651 0.21418353915214539 -0.0020977496169507504 0.06601771712303162 0.9978148937225342 0.002667228691279888 -0.005868969950824976 -0.21388903260231018 0.0115403663367033 0.9767898321151733 0.013175380416214466
1403638135.745097 0.9722486138343811 -0.07783862203359604 0.2206210494041443 0.00020232400856912136 0.08076098561286926 0.996724545955658 -0.004243037197738886 -0.005747965071350336 -0.219568133354187 0.0219428651034832 0.9753503799438477 0.012013079598546028
1403638135.795097 0.9706006646156311 -0.08782243728637695 0.224102184176445 0.0021141464821994305 0.09076795727014542 0.995867908000946 -0.0028553083539009094 -0.005093496758490801 -0.22292542457580566 0.02311266027390957 0.9745615124702454 0.011032993905246258
1403638135.845097 0.9698081612586975 -0.08422205597162247 0.2288641631603241 0.0034973155707120895 0.08608261495828629 0.9962862730026245 0.0018598921597003937 -0.004543679766356945 -0.22817087173461914 0.017897484824061394 0.9734565615653992 0.010209138505160809
1403638135.895097 0.9691076278686523 -0.07214368879795074 0.23585106432437897 0.005718336906284094 0.07093514502048492 0.9973880052566528 0.013616474345326424 -0.0038209520280361176 -0.23621734976768494 0.0035343002527952194 0.9716938138008118 0.008817923255264759
1403638135.945097 0.9685153961181641 -0.061852533370256424 0.24114753305912018 0.00767484400421381 0.05702701583504677 0.9980089664459229 0.02694552019238472 -0.0036732242442667484 -0.2423340380191803 -0.012345228344202042 0.9701142907142639 0.006886748597025871
1403638135.9950972 0.9667530059814453 -0.05489891394972801 0.24974943697452545 0.009301649406552315 0.048469141125679016 0.9983174800872803 0.03182729706168175 -0.0036316928453743458 -0.25107651948928833 -0.018663987517356873 0.9677872061729431 0.005560993682593107
1403638136.0450969 0.964104413986206 -0.04909084364771843 0.260945588350296 0.011240452527999878 0.044130101799964905 0.9987169504165649 0.024839745834469795 -0.004122866317629814 -0.2618301808834076 -0.012432554736733437 0.9650338292121887 0.004001906141638756
1403638136.095097 0.9610218405723572 -0.05094997212290764 0.27173712849617004 0.01334721501916647 0.050335194915533066 0.998689591884613 0.009236836805939674 -0.004923906642943621 -0.27185171842575073 0.00480114109814167 0.962327241897583 0.0021247565746307373
1403638136.145097 0.9582134485244751 -0.06090005114674568 0.2794964015483856 0.015490345656871796 0.06533564627170563 0.9978416562080383 -0.006572112441062927 -0.005305496975779533 -0.2784929573535919 0.024558572098612785 0.9601242542266846 0.0012947097420692444
1403638136.195097 0.9561187028884888 -0.07087380439043045 0.2842780649662018 0.017808930948376656 0.0800073966383934 0.9965806603431702 -0.02063153311610222 -0.005648541729897261 -0.28184381127357483 0.0424705371260643 0.9585198760032654 -0.0004508369602262974
1403638136.245097 0.9539899230003357 -0.07520733028650284 0.2902536690235138 0.02023685723543167 0.08590012788772583 0.9960084557533264 -0.024257153272628784 -0.0057007744908332825 -0.28727078437805176 0.048073910176754 0.9566422700881958 -0.0024078201968222857
1403638136.295097 0.9513252973556519 -0.07082287967205048 0.2999405264854431 0.022815339267253876 0.0824032872915268 0.9962567090988159 -0.026120388880372047 -0.004824097268283367 -0.29696783423423767 0.04956507682800293 0.953600287437439 -0.0029375446029007435
1403638136.345097 0.948555588722229 -0.06553401052951813 0.3097541928291321 0.02521149069070816 0.07632982730865479 0.9968208074569702 -0.022848501801490784 -0.004262540955096483 -0.3072720766067505 0.045316558331251144 0.950542151927948 -0.004645521752536297
1403638136.395097 0.9466794729232788 -0.06393816322088242 0.3157688081264496 0.026667695492506027 0.0731969103217125 0.9971632957458496 -0.017535660415887833 -0.003662412753328681 -0.3137519359588623 0.03971395641565323 0.9486740827560425 -0.006411179434508085
1403638136.445097 0.9450033903121948 -0.05974556878209114 0.3215576112270355 0.028324956074357033 0.06730856746435165 0.9976547360420227 -0.012443706393241882 -0.0025255896616727114 -0.32006001472473145 0.033402930945158005 0.9468082189559937 -0.006159146782010794
1403638136.4950972 0.9428588151931763 -0.06314001977443695 0.3271552324295044 0.026718612760305405 0.06920808553695679 0.9975782036781311 -0.006927425041794777 -0.0017294585704803467 -0.3259255290031433 0.029173370450735092 0.944945216178894 -0.006762783043086529
1403638136.5450969 0.9407541155815125 -0.07574588060379028 0.3305208086967468 0.0271503496915102 0.08034064620733261 0.9967674016952515 -0.00024130521342158318 -0.0018658057088032365 -0.3294341266155243 0.02678125910460949 0.9437987208366394 -0.007256847806274891
1403638136.595097 0.9400086402893066 -0.08804776519536972 0.32959243655204773 0.026834972202777863 0.09290551394224167 0.9956744313240051 0.0010161823593080044 -0.002238962333649397 -0.3282562792301178 0.029665738344192505 0.9441227316856384 -0.007458440028131008
1403638136.645097 0.9417998194694519 -0.097990483045578 0.32157543301582336 0.026035744696855545 0.10406699031591415 0.9945688843727112 -0.0017165443859994411 -0.0028760801069438457 -0.3196606934070587 0.035082027316093445 0.9468824863433838 -0.007761700078845024
1403638136.695097 0.9446609616279602 -0.10501279681921005 0.3107859492301941 0.02467760257422924 0.11187990009784698 0.9937124252319336 -0.004298878833651543 -0.0035230808425694704 -0.3083804249763489 0.0388316810131073 0.9504702091217041 -0.00754085136577487
1403638136.745097 0.9484531283378601 -0.10847658663988113 0.29777440428733826 0.02525586448609829 0.11556209623813629 0.9932807087898254 -0.006238043308258057 -0.004849683493375778 -0.29509687423706055 0.04032792150974274 0.9546158909797668 -0.007990633137524128
1403638136.795097 0.9528940916061401 -0.11659325659275055 0.27999794483184814 0.021458107978105545 0.12433308362960815 0.9921903014183044 -0.009977062232792377 -0.00529189920052886 -0.2766479551792145 0.04432009533047676 0.959948718547821 -0.007144024595618248
1403638136.845097 0.9566649794578552 -0.12845860421657562 0.26132434606552124 0.01926625892519951 0.13845601677894592 0.9901639819145203 -0.020131919533014297 -0.0061355093494057655 -0.2561677396297455 0.05544142425060272 0.9650411009788513 -0.006542674265801907
1403638136.895097 0.9589256644248962 -0.1442384272813797 0.24424771964550018 0.01684493198990822 0.1576586216688156 0.9868295788764954 -0.03620975837111473 -0.006805382203310728 -0.23580807447433472 0.07323021441698074 0.9690366387367249 -0.0060455529019236565
1403638136.945097 0.9602262377738953 -0.1564703732728958 0.23126310110092163 0.016174206510186195 0.17366181313991547 0.9832218885421753 -0.05582175776362419 -0.007735574617981911 -0.21864847838878632 0.0937630757689476 0.9712884426116943 -0.006116535048931837
1403638136.9950972 0.9611322283744812 -0.16508188843727112 0.22129811346530914 0.014279615134000778 0.18443156778812408 0.9803717136383057 -0.06968654692173004 -0.0073058404959738255 -0.2054504156112671 0.10779234021902084 0.9727131128311157 -0.0046205073595047
1403638137.0450969 0.9626810550689697 -0.16908809542655945 0.2113160789012909 0.011419244110584259 0.18852080404758453 0.9791758060455322 -0.07532992959022522 -0.0065624769777059555 -0.19417820870876312 0.11235617101192474 0.9745105504989624 -0.0035488924477249384
1403638137.095097 0.9650542736053467 -0.16402855515480042 0.20436426997184753 0.009493567980825901 0.18186090886592865 0.980711042881012 -0.07164201140403748 -0.0054590729996562 -0.18867091834545135 0.10630432516336441 0.9762697219848633 -0.002839976456016302
1403638137.145097 0.9678630828857422 -0.1538725197315216 0.19890764355659485 0.00822064932435751 0.16945606470108032 0.9834735989570618 -0.06375157833099365 -0.003506506560370326 -0.18581080436706543 0.09540890902280807 0.9779424667358398 -0.0007860964396968484
1403638137.195097 0.9709421992301941 -0.14237548410892487 0.19235484302043915 0.005927931983023882 0.1548159122467041 0.9866160154342651 -0.05119376257061958 -0.0017183987656608224 -0.18249163031578064 0.07948577404022217 0.9799891710281372 -0.0002942871069535613
1403638137.245097 0.9739358425140381 -0.1291821300983429 0.18644286692142487 0.004336787387728691 0.1383664757013321 0.9896873831748962 -0.0370631106197834 0.00046424640459008515 -0.17973226308822632 0.061894550919532776 0.9817664623260498 0.0010519928764551878
1403638137.295097 0.976332426071167 -0.11832286417484283 0.18103796243667603 0.0029019764624536037 0.12519699335098267 0.9917648434638977 -0.026985526084899902 0.0024621905758976936 -0.1763540804386139 0.04901224374771118 0.9831058382987976 0.001985247479751706
1403638137.345097 0.9777078628540039 -0.11433462798595428 0.17611105740070343 0.0016583539545536041 0.11944028735160828 0.9926665425300598 -0.018633268773555756 0.004691513255238533 -0.17268912494182587 0.03925264626741409 0.9841939210891724 0.0030803382396698
1403638137.395097 0.978584885597229 -0.10620862245559692 0.1763273924589157 0.0008731127018108964 0.10976778715848923 0.9939016103744507 -0.010527114383876324 0.006655446719378233 -0.17413397133350372 0.029656751081347466 0.984275221824646 0.0037918854504823685
1403638137.445097 0.9790983200073242 -0.09654460102319717 0.17901284992694855 0.00017111818306148052 0.0979195386171341 0.9951936602592468 0.0011603385210037231 0.008680330589413643 -0.17826448380947113 0.016392771154642105 0.9838460683822632 0.004554072394967079
1403638137.4950972 0.9795615673065186 -0.08369626849889755 0.18290434777736664 -0.00041025649989023805 0.08232475817203522 0.9964912533760071 0.015092234127223492 0.010562260635197163 -0.18352574110031128 0.0002737834001891315 0.9830148816108704 0.005244280677288771
1403638137.5450969 0.980008065700531 -0.06884343177080154 0.1866675615310669 -0.0008717795135453343 0.06424003094434738 0.9974650144577026 0.03060615248978138 0.012541529722511768 -0.18830139935016632 -0.018002750352025032 0.9819462895393372 0.006284368224442005
1403638137.595097 0.9795284271240234 -0.05227939039468765 0.19439880549907684 -0.0011722788913175464 0.044871311634778976 0.9980959296226501 0.04232083261013031 0.01442160177975893 -0.19624117016792297 -0.032731540501117706 0.9800091981887817 0.00674867071211338
1403638137.645097 0.9787544012069702 -0.04627359285950661 0.19974616169929504 -0.0015731632011011243 0.03761476278305054 0.9981896877288818 0.046930573880672455 0.015640515834093094 -0.20155620574951172 -0.038420096039772034 0.9787231087684631 0.0066755604930222034
1403638137.695097 0.9771818518638611 -0.0438607893884182 0.20782634615898132 -0.0016428016824647784 0.03525019809603691 0.9983667731285095 0.04495728015899658 0.016948062926530838 -0.20945879817008972 -0.03660551831126213 0.9771320223808289 0.007841911166906357
1403638137.745097 0.9756635427474976 -0.04566251486539841 0.21446593105793 -0.001800648053176701 0.03766447305679321 0.9984393119812012 0.041234515607357025 0.018063023686408997 -0.2160140872001648 -0.03215327113866806 0.9758607149124146 0.00845432747155428
1403638137.795097 0.9746256470680237 -0.04976155236363411 0.2182396799325943 -0.001862355275079608 0.04120202735066414 0.9981990456581116 0.043600574135780334 0.019580161198973656 -0.2200162708759308 -0.03350232169032097 0.9749206900596619 0.008614907041192055
1403638137.845097 0.9739859104156494 -0.047467511147260666 0.22158147394657135 -0.001925300108268857 0.03722729533910751 0.9980468153953552 0.05016637593507767 0.020466571673750877 -0.22352994978427887 -0.04061247035861015 0.9738506078720093 0.008876935578882694
1403638137.895097 0.9735940098762512 -0.039734404534101486 0.2248019427061081 -0.002099477220326662 0.026083597913384438 0.9976491928100586 0.06337199360132217 0.021480057388544083 -0.22679150104522705 -0.05583496391773224 0.9723414778709412 0.009184584952890873
1403638137.945097 0.9733033776283264 -0.03148837387561798 0.22735217213630676 -0.002231830032542348 0.01350725069642067 0.9966859817504883 0.08021634817123413 0.02218356914818287 -0.22912459075450897 -0.07500393688678741 0.970503032207489 0.009415468201041222
1403638137.9950972 0.9738019108772278 -0.025235898792743683 0.2259931117296219 -0.0023643113672733307 0.004091767594218254 0.9956066608428955 0.09354471415281296 0.02282760478556156 -0.22736091911792755 -0.09016929566860199 0.9696269631385803 0.009623585268855095
1403638138.0450969 0.9740014672279358 -0.02040839195251465 0.22562076151371002 -0.002369993831962347 -0.0015620533376932144 0.9953051805496216 0.09677311033010483 0.023269372060894966 -0.22653651237487793 -0.0946095660328865 0.9693968296051025 0.009445550851523876
1403638138.095097 0.9740982055664062 -0.01883544959127903 0.22533947229385376 -0.0023545201402157545 -0.0024355947971343994 0.9955930709838867 0.09374722838401794 0.02314235456287861 -0.22611218690872192 -0.0918678268790245 0.9697595238685608 0.009543155319988728
1403638138.145097 0.9734848141670227 -0.02563679963350296 0.227310448884964 -0.002323251450434327 0.008183017373085022 0.9969668388366699 0.07739633321762085 0.02312762476503849 -0.22860516607761383 -0.07348407059907913 0.9707418084144592 0.009334824979305267
