1403636580.0635555 0.9999989867210388 -0.0012996072182431817 0.0006160229095257819 -0.00016508420230820775 0.0012952537508681417 0.9999745488166809 0.007015526760369539 0.005113409366458654 -0.0006251245504245162 -0.007014721632003784 0.9999752044677734 0.0016663633286952972
1403636580.1135554 0.9999873638153076 -0.0050166016444563866 7.436877058353275e-05 -0.0003653598832897842 0.005015377886593342 0.9999179840087891 0.011782605201005936 0.010094846598803997 -0.00013347176718525589 -0.0117820855230093 0.9999305605888367 0.003271692432463169
1403636580.1635556 0.9999737739562988 -0.00720015587285161 -0.0007656183443032205 -0.000675368879456073 0.007210114039480686 0.9998772144317627 0.013914280571043491 0.0182667076587677 0.0006653392920270562 -0.013919433578848839 0.9999029040336609 0.0056656780652701855
1403636580.2135556 0.9999746084213257 -0.007026846520602703 -0.0012062666937708855 -0.0008691922412253916 0.007047310471534729 0.9998149871826172 0.017893372103571892 0.023537809029221535 0.0010803096229210496 -0.01790141686797142 0.999839186668396 0.007195944432169199
1403636580.2635555 0.99998539686203 -0.005262882448732853 -0.0012104588095098734 -0.001152043230831623 0.005288322921842337 0.9997423887252808 0.022073490545153618 0.029589442536234856 0.0010939770145341754 -0.02207956835627556 0.9997556209564209 0.008890565484762192
1403636580.3135555 0.9999986886978149 -0.0009604772203601897 -0.0014007639838382602 -0.0009846630273386836 0.0010053354781121016 0.9994750022888184 0.03238296136260033 0.027502674609422684 0.0013689256738871336 -0.032384324818849564 0.9994745254516602 0.008142920210957527
1403636580.3635557 0.999992311000824 -0.000694893067702651 -0.0038553804624825716 -0.001092997146770358 0.0008588960045017302 0.9990875124931335 0.042701467871665955 0.031063545495271683 0.0038221892900764942 -0.042704448103904724 0.9990803599357605 0.008941767737269402
1403636580.4135554 0.9999894499778748 0.0029328004457056522 -0.0035327740479260683 -0.001262718578800559 -0.0027275660540908575 0.9983841180801392 0.056761011481285095 0.035166818648576736 0.003693533595651388 -0.05675077810883522 0.9983815550804138 0.009642058052122593
1403636580.4635556 0.9999847412109375 0.0026603646110743284 -0.004824679344892502 -0.001229636836796999 -0.002282101660966873 0.9970455765724182 0.07677967846393585 0.03202102333307266 0.00501468637958169 -0.07676751911640167 0.997036337852478 0.008699591271579266
1403636580.5135555 0.9999812841415405 0.0035987228620797396 -0.004943678621202707 -0.001435845741070807 -0.003119807690382004 0.9955974817276001 0.09368091076612473 0.03324602171778679 0.00525904493406415 -0.09366372227668762 0.9955899715423584 0.008755584247410297
1403636580.5635555 0.9999739527702332 0.0014099699910730124 -0.0070857391692698 -0.001606283476576209 -0.0006437820848077536 0.994259774684906 0.1069910079240799 0.032943613827228546 0.007195919752120972 -0.10698364675045013 0.9942348003387451 0.008430601097643375
1403636580.6135554 0.9999443292617798 0.0006500400486402214 -0.01052323542535305 -0.0017665106570348144 0.0005375036271288991 0.9936566352844238 0.11245495080947876 0.03046644665300846 0.01052958145737648 -0.1124543622136116 0.9936010241508484 0.007479249499738216
1403636580.6635556 0.9999399185180664 0.0016426154179498553 -0.010837290436029434 -0.0017827809788286686 -0.0004389100940898061 0.993914783000946 0.11015067994594574 0.02801263891160488 0.010952282696962357 -0.11013931035995483 0.993855893611908 0.006772175431251526
1403636580.7135556 0.9999533891677856 0.005136778578162193 -0.008172038942575455 -0.001892864122055471 -0.004268385004252195 0.9946781396865845 0.10294293612241745 0.021905196830630302 0.008657347410917282 -0.10290326178073883 0.9946538209915161 0.005168825853615999
1403636580.7635555 0.9999427795410156 0.010390720330178738 -0.00254922267049551 -0.0023331523407250643 -0.010119655169546604 0.995902955532074 0.08986008912324905 0.021595684811472893 0.003472489072009921 -0.08982915431261063 0.9959510564804077 0.004948361776769161
1403636580.8135555 0.9998465776443481 0.0168876014649868 0.004660777747631073 -0.0023704280611127615 -0.017200704663991928 0.9967843294143677 0.07826342433691025 0.012932836078107357 -0.00332410866394639 -0.07833157479763031 0.9969217777252197 0.0029026740230619907
1403636580.8635557 0.9996029734611511 0.02366724982857704 0.015288962051272392 -0.0023734711576253176 -0.024581115692853928 0.9977332353591919 0.06264335662126541 0.006930063012987375 -0.01377170905470848 -0.06299430131912231 0.9979188442230225 0.0014142232248559594
1403636580.9135554 0.9992074370384216 0.030252652242779732 0.025868218392133713 -0.002387842396274209 -0.03148587793111801 0.9983182549476624 0.04867570102214813 -0.0027861646376550198 -0.024352140724658966 -0.04945160448551178 0.9984795451164246 -0.0009033397072926164
1403636580.9635556 0.9989713430404663 0.03390403464436531 0.030112506821751595 -0.0026597273536026478 -0.034898240119218826 0.9988416433334351 0.03312849998474121 -0.00858691893517971 -0.028954438865184784 -0.0341453030705452 0.9989973902702332 -0.002387255895882845
1403636581.0135555 0.9988792538642883 0.036250289529561996 0.030429447069764137 -0.0029384461231529713 -0.03686912730336189 0.9991193413734436 0.020028162747621536 -0.017201852053403854 -0.02967662177979946 -0.021127622574567795 0.999336302280426 -0.004733137786388397
1403636581.0635555 0.9989883303642273 0.03506851941347122 0.028149204328656197 -0.003142323810607195 -0.035264261066913605 0.9993569850921631 0.0064877294935286045 -0.022280314937233925 -0.027903586626052856 -0.007473825477063656 0.9995827078819275 -0.006089628208428621
1403636581.1135554 0.9990255832672119 0.0335693359375 0.02865082398056984 -0.003307531587779522 -0.03342227637767792 0.9994257688522339 -0.005596316419541836 -0.030042432248592377 -0.02882223017513752 0.004633289761841297 0.9995738863945007 -0.008264711126685143
1403636581.1635556 0.9992155432701111 0.0266274306923151 0.029313726350665092 -0.0032130873296409845 -0.026013145223259926 0.9994379878044128 -0.02114114537835121 -0.03475480154156685 -0.029860183596611023 0.020362017676234245 0.9993466734886169 -0.009634564630687237
1403636581.2135556 0.999310314655304 0.02228928916156292 0.02969757281243801 -0.0031163429375737906 -0.02118268609046936 0.9990880489349365 -0.03706987947225571 -0.040052380412817 -0.03049675188958645 0.03641524165868759 0.9988712668418884 -0.011148789897561073
1403636581.2635555 0.9993840456008911 0.017661696299910545 0.030323881655931473 -0.0033665085211396217 -0.015983644872903824 0.9983741044998169 -0.05471504479646683 -0.04367438703775406 -0.031240932643413544 0.05419665947556496 0.998041570186615 -0.012283221818506718
1403636581.3135555 0.999383270740509 0.019169028848409653 0.029421327635645866 -0.003202860476449132 -0.017094427719712257 0.9974554777145386 -0.06921374052762985 -0.0471678152680397 -0.03067321889102459 0.06866811960935593 0.9971680045127869 -0.013724585995078087
1403636581.3635557 0.9993525743484497 0.019508618861436844 0.030225947499275208 -0.0027530365623533726 -0.01703721657395363 0.996651828289032 -0.07996802031993866 -0.048511020839214325 -0.031684812158346176 0.07940129935741425 0.9963392019271851 -0.01415862888097763
1403636581.4135554 0.9990988969802856 0.024828383699059486 0.034419745206832886 -0.0027014294173568487 -0.02191070280969143 0.9963338375091553 -0.08269654214382172 -0.048199549317359924 -0.03634676709771156 0.08186788856983185 0.9959802031517029 -0.014533596113324165
1403636581.4635556 0.998841404914856 0.030461525544524193 0.037252310663461685 -0.0024871747009456158 -0.027485264465212822 0.9965782165527344 -0.0779513567686081 -0.046683646738529205 -0.03949935361742973 0.07683715969324112 0.996260941028595 -0.01404698844999075
1403636581.5135555 0.9985752105712891 0.0357256643474102 0.039635542780160904 -0.002159190597012639 -0.03299129009246826 0.9971655607223511 -0.0676189661026001 -0.04322943463921547 -0.04193892329931259 0.06621498614549637 0.9969236850738525 -0.013177119195461273
1403636581.5635555 0.9985688924789429 0.03359951078891754 0.041609205305576324 -0.0021429744083434343 -0.031266339123249054 0.9979685544967651 -0.05550847947597504 -0.03877858445048332 -0.043389737606048584 0.05412807688117027 0.997590959072113 -0.012162433937191963
1403636581.6135554 0.9987278580665588 0.03109576366841793 0.03969382494688034 -0.0017678838921710849 -0.029398515820503235 0.9986575841903687 -0.042648859322071075 -0.033457592129707336 -0.040966734290122986 0.041427671909332275 0.9983014464378357 -0.010390338487923145
1403636581.6635556 0.9989007115364075 0.0266769640147686 0.03854532912373543 -0.0012759421952068806 -0.025418145582079887 0.9991391897201538 -0.03278711438179016 -0.027715664356946945 -0.0393868051469326 0.03177131712436676 0.9987187385559082 -0.008529487997293472
1403636581.7135556 0.998862087726593 0.029966900125145912 0.037102051079273224 -0.0006495864945463836 -0.028950974345207214 0.9991990923881531 -0.02762298472225666 -0.01848970167338848 -0.037900108844041824 0.026517407968640327 0.9989296197891235 -0.0053219483233988285
1403636581.7635555 0.9990413784980774 0.026801353320479393 0.03461384400725365 -0.0003143009962514043 -0.025947988033294678 0.9993537664413452 -0.024872295558452606 -0.012001527473330498 -0.035258080810308456 0.02395028993487358 0.9990912079811096 -0.0031872959807515144
1403636581.8135555 0.9992371201515198 0.02672395296394825 0.02847905643284321 -3.224564716219902e-05 -0.026098279282450676 0.9994146227836609 -0.02211938425898552 -0.005487258546054363 -0.029053503647446632 0.021359257400035858 0.9993496537208557 -0.001396039966493845
1403636581.8635557 0.9993352293968201 0.025517096742987633 0.026037588715553284 0.00013890063564758748 -0.02510305680334568 0.9995551109313965 -0.01610654965043068 -0.001982619985938072 -0.02643699198961258 0.01544221956282854 0.9995312094688416 -0.0005698867607861757
1403636581.9135554 0.999518632888794 0.021082952618598938 0.022762123495340347 0.000239214685279876 -0.020928749814629555 0.9997565150260925 -0.006991643458604813 0.004538589157164097 -0.022903986275196075 0.006511895917356014 0.9997164011001587 0.0011049907188862562
1403636581.9635556 0.9994425177574158 0.019059794023633003 0.02741278149187565 0.00024105861666612327 -0.019235070794820786 0.9997960925102234 0.00614449055865407 0.010783808305859566 -0.02729008160531521 -0.006668351590633392 0.9996052980422974 0.0027968580834567547
1403636582.0135555 0.9993736147880554 0.01629195362329483 0.031415536999702454 0.00023181855794973671 -0.016984373331069946 0.9996157884597778 0.021901166066527367 0.016628447920084 -0.031046655029058456 -0.02242102287709713 0.9992664456367493 0.0045453510247170925
1403636582.0635555 0.9992443323135376 0.016768792644143105 0.03506695479154587 0.0001510620495537296 -0.018123658373951912 0.9990871548652649 0.03868239372968674 0.021862173452973366 -0.0343862883746624 -0.039288703352212906 0.9986360669136047 0.006001250818371773
1403636582.1135554 0.9992321133613586 0.01871941238641739 0.034421443939208984 4.169470048509538e-05 -0.020620213821530342 0.998233437538147 0.05572216212749481 0.026156235486268997 -0.03331754356622696 -0.05638915300369263 0.9978528022766113 0.007032090798020363
1403636582.1635556 0.9993867874145508 0.016781721264123917 0.03072713501751423 -0.00015218692715279758 -0.018893878906965256 0.9973825216293335 0.06979136168956757 0.028936969116330147 -0.029475491493940353 -0.07032910734415054 0.9970881342887878 0.007558740675449371
1403636582.2135556 0.9994665384292603 0.017554379999637604 0.027535023167729378 -0.00042714286246336997 -0.01973365806043148 0.9965201020240784 0.08098183572292328 0.03060518391430378 -0.02601761929690838 -0.08148200064897537 0.9963350296020508 0.0077923499047756195
1403636582.2635555 0.999525785446167 0.017363859340548515 0.025423675775527954 -0.0007167072035372257 -0.019538747146725655 0.9959322810173035 0.08795935660600662 0.030529556795954704 -0.023792946711182594 -0.08841438591480255 0.9957994818687439 0.007694634143263102
1403636582.3135555 0.9995764493942261 0.01837981678545475 0.02255646139383316 -0.0010341810993850231 -0.020351851359009743 0.9956826567649841 0.09056217223405838 0.028595631942152977 -0.020794562995433807 -0.09098288416862488 0.9956351518630981 0.007218753919005394
1403636582.3635557 0.9996493458747864 0.016837621107697487 0.02043331414461136 -0.0014498189557343721 -0.01853233575820923 0.9961397647857666 0.08580148965120316 0.02498563937842846 -0.018909746780991554 -0.08615006506443024 0.9961026310920715 0.006062295753508806
1403636582.4135554 0.999677300453186 0.016225306317210197 0.019542669877409935 -0.001877869013696909 -0.01761968992650509 0.9971445202827454 0.0734301507472992 0.020232954993844032 -0.018295442685484886 -0.07375077158212662 0.9971088767051697 0.004640476778149605
1403636582.4635556 0.9996631741523743 0.016493037343025208 0.02003789320588112 -0.0023431938607245684 -0.017640365287661552 0.9981315732002258 0.058499209582805634 0.015055783092975616 -0.019035622477531433 -0.05883298069238663 0.9980863928794861 0.003212353680282831
1403636582.5135555 0.9995430111885071 0.019835690036416054 0.022811438888311386 -0.0024884045124053955 -0.020859071984887123 0.9987449049949646 0.045536041259765625 0.00914178416132927 -0.021879572421312332 -0.04599105939269066 0.9987022280693054 0.001620074617676437
1403636582.5635555 0.9994580745697021 0.02039247564971447 0.025839079171419144 -0.0025923061184585094 -0.02131566032767296 0.9991254806518555 0.035971421748399734 0.0026612663641572 -0.025082934647798538 -0.03650270402431488 0.9990187287330627 -0.00017218397988472134
1403636582.6135554 0.9992056488990784 0.024425627663731575 0.03148685768246651 -0.0026257631834596395 -0.02537311054766178 0.9992262721061707 0.030051540583372116 -0.00371377682313323 -0.03072846494615078 -0.030826589092612267 0.9990522861480713 -0.002041808795183897
1403636582.6635556 0.9989941716194153 0.024708110839128494 0.037417877465486526 -0.0027217352762818336 -0.02567698247730732 0.9993414878845215 0.02563798613846302 -0.010255959816277027 -0.03675977140665054 -0.026572972536087036 0.9989708065986633 -0.003939894028007984
1403636582.7135556 0.9989583492279053 0.023008855059742928 0.03940417617559433 -0.0024664821103215218 -0.023853642866015434 0.9994926452636719 0.021104831248521805 -0.016366519033908844 -0.038898587226867676 -0.022022785618901253 0.9990004301071167 -0.005796591751277447
1403636582.7635555 0.9988783597946167 0.019461069256067276 0.0431668646633625 -0.002154276007786393 -0.020118175074458122 0.9996874928474426 0.014840595424175262 -0.0229414664208889 -0.04286456108093262 -0.015692388638854027 0.998957633972168 -0.007625705096870661
1403636582.8135555 0.9986439943313599 0.014618865214288235 0.04996401071548462 -0.001966632902622223 -0.014923859387636185 0.9998721480369568 0.005736656486988068 -0.029111482203006744 -0.04987376183271408 -0.006474533583968878 0.9987345337867737 -0.009074265137314796
1403636582.8635557 0.9982354044914246 0.009928461164236069 0.05854428559541702 -0.001464109169319272 -0.009522401727735996 0.9999286532402039 -0.00721085537225008 -0.03544352576136589 -0.05861170217394829 0.006640648003667593 0.9982587695121765 -0.01063061784952879
1403636582.9135554 0.9978644251823425 0.005080400966107845 0.06511996686458588 -0.0012568230740725994 -0.0035578273236751556 0.9997181296348572 -0.023475714027881622 -0.041193459182977676 -0.06522087752819061 0.02319389581680298 0.9976012706756592 -0.01238920260220766
1403636582.9635556 0.9976303577423096 0.005040744319558144 0.06861749291419983 -0.000805674702860415 -0.002345639979466796 0.9992246031761169 -0.039301276206970215 -0.04663452133536339 -0.06876240670681 0.03904719650745392 0.9968684911727905 -0.0137565229088068
1403636583.0135555 0.9973918199539185 0.0046867686323821545 0.07202550768852234 -0.0006626887479797006 -0.0006532405968755484 0.9984347820281982 -0.05592319741845131 -0.050599776208400726 -0.07217489182949066 0.055730290710926056 0.995833694934845 -0.015414614230394363
1403636583.0635555 0.9973574876785278 0.007564839906990528 0.07225571572780609 -0.0005019562086090446 -0.002789676422253251 0.9978182911872864 -0.06596063077449799 -0.053228892385959625 -0.07259705662727356 0.06558474898338318 0.9952026009559631 -0.016252119094133377
1403636583.1135554 0.9972505569458008 0.009786130860447884 0.07345260679721832 2.001255052164197e-05 -0.004553563427180052 0.9974608421325684 -0.07106951624155045 -0.05388335511088371 -0.07396160811185837 0.07053963094949722 0.994763195514679 -0.016460271552205086
1403636583.1635556 0.996894121170044 0.014263681136071682 0.07744933664798737 0.000158755574375391 -0.008745832368731499 0.9974291920661926 -0.071121945977211 -0.053472038358449936 -0.07826468348503113 0.07022366672754288 0.9944563508033752 -0.016469795256853104
1403636583.2135556 0.9967492818832397 0.01808943971991539 0.07850710302591324 9.537627920508385e-05 -0.0126413619145751 0.9975124597549438 -0.06934626400470734 -0.051196832209825516 -0.07956627011299133 0.06812839210033417 0.9944986701011658 -0.015894070267677307
1403636583.2635555 0.9968432188034058 0.019864795729517937 0.07686876505613327 0.0003770949551835656 -0.014807477593421936 0.9977221488952637 -0.06581111252307892 -0.047804780304431915 -0.0780009999871254 0.06446510553359985 0.9948668479919434 -0.014732280746102333
1403636583.3135555 0.99696946144104 0.019503697752952576 0.07530844211578369 0.00027844333089888096 -0.014834080822765827 0.997961163520813 -0.06207551807165146 -0.043527934700250626 -0.07636561244726181 0.06077026575803757 0.9952262043952942 -0.013188041746616364
1403636583.3635557 0.9970818758010864 0.02079106494784355 0.07345542311668396 0.0007596446666866541 -0.016566865146160126 0.9981989860534668 -0.05765543133020401 -0.03863607347011566 -0.07452184706926346 0.056270256638526917 0.9956305623054504 -0.01128249429166317
1403636583.4135554 0.9974371790885925 0.018687715753912926 0.06906445324420929 0.001125221373513341 -0.014997096732258797 0.9984511733055115 -0.05357471480965614 -0.03266805782914162 -0.06995869427919388 0.052401646971702576 0.9961724877357483 -0.009164832532405853
1403636583.4635556 0.9976509809494019 0.022539017722010612 0.06468918919563293 0.001431844662874937 -0.019488917663693428 0.9986857175827026 -0.047399893403053284 -0.026385242119431496 -0.06567253917455673 0.046027831733226776 0.9967790246009827 -0.007145214825868607
1403636583.5135555 0.997816801071167 0.02392209880053997 0.061555564403533936 0.0019133450696244836 -0.021293064579367638 0.9988473653793335 -0.043017178773880005 -0.017054645344614983 -0.06251366436481476 0.04161255806684494 0.9971762299537659 -0.004218601621687412
1403636583.5635555 0.9977340698242188 0.027943633496761322 0.06120304390788078 0.0022557969205081463 -0.02583981491625309 0.9990566372871399 -0.034900419414043427 -0.01039639487862587 -0.062120549380779266 0.03323986008763313 0.9975150227546692 -0.0021776468493044376
1403636583.6135554 0.9973651766777039 0.03061411902308464 0.06576722860336304 0.0025850078091025352 -0.029110431671142578 0.9992951154708862 -0.02370196208357811 -0.0037654421757906675 -0.06644647568464279 0.021724995225667953 0.9975533485412598 9.069172665476799e-05
1403636583.6635556 0.9978424310684204 0.02666253224015236 0.059996508061885834 0.0027536891866475344 -0.02634449489414692 0.9996343851089478 -0.0060857925564050674 0.00042116950498893857 -0.060136836022138596 0.0044920844957232475 0.9981800317764282 0.001435896148905158
1403636583.7135556 0.9982086420059204 0.01870519295334816 0.05682896077632904 0.002795992884784937 -0.01956927590072155 0.999700665473938 0.014686649665236473 0.00684672174975276 -0.056537237018346786 -0.015772443264722824 0.998275876045227 0.003356556873768568
1403636583.7635555 0.9985857009887695 0.010105738416314125 0.05219653621315956 0.002911335788667202 -0.01207738183438778 0.9992200136184692 0.037597231566905975 0.01261118520051241 -0.05177587270736694 -0.038174454122781754 0.9979288578033447 0.004760285373777151
1403636583.8135555 0.9986879825592041 0.004799447488039732 0.05098263546824455 0.002931048860773444 -0.007733383681625128 0.9983150362968445 0.05750737711787224 0.017920833081007004 -0.05062073469161987 -0.0578262023627758 0.9970424175262451 0.0062288325279951096
1403636583.8635557 0.9986791610717773 0.0034055188298225403 0.051266785711050034 0.002950383583083749 -0.007122339215129614 0.9973435997962952 0.0724925622344017 0.022734664380550385 -0.05088372156023979 -0.07276196032762527 0.9960505366325378 0.007401017937809229
1403636583.9135554 0.9985603094100952 0.009546512737870216 0.05278272554278374 0.003051700070500374 -0.01389317773282528 0.9964853525161743 0.08260691165924072 0.027260059490799904 -0.05180860683321953 -0.08322130888700485 0.9951834678649902 0.008520396426320076
1403636583.9635556 0.9986465573310852 0.015645822510123253 0.04959925636649132 0.0027061898726969957 -0.020099788904190063 0.9956833124160767 0.09061238169670105 0.026383396238088608 -0.047967445105314255 -0.09148667752742767 0.9946503639221191 0.00800050888210535
1403636584.0135555 0.9988040924072266 0.019451340660452843 0.044854339212179184 0.002396673895418644 -0.023554852232336998 0.9954012632369995 0.0928516685962677 0.028667856007814407 -0.04284198209643364 -0.09379715472459793 0.9946691393852234 0.008280227892100811
1403636584.0635555 0.9990673661231995 0.02156309224665165 0.037408437579870224 0.0020894226618111134 -0.024956949055194855 0.9953749179840088 0.09276837110519409 0.02971302904188633 -0.03523503988981247 -0.09361544996500015 0.9949847459793091 0.00818379782140255
1403636584.1135554 0.9992771744728088 0.021542375907301903 0.03131913021206856 0.0018877270631492138 -0.024370716884732246 0.9953747391700745 0.09292615950107574 0.028890520334243774 -0.029172426089644432 -0.09362228959798813 0.9951801896095276 0.007830067537724972
1403636584.1635556 0.9993872046470642 0.022168219089508057 0.027085106819868088 0.001663446193560958 -0.024605464190244675 0.9953393936157227 0.09324294328689575 0.026933573186397552 -0.024891842156648636 -0.09385228157043457 0.9952748417854309 0.0072196125984191895
1403636584.2135556 0.9994052648544312 0.023229237645864487 0.025481564924120903 0.0015311955939978361 -0.02550322189927101 0.9953503012657166 0.09288402646780014 0.023578982800245285 -0.023205459117889404 -0.09347867220640182 0.9953506588935852 0.006407204084098339
1403636584.2635555 0.999409019947052 0.023507528007030487 0.025078793987631798 0.0013953519519418478 -0.02567935176193714 0.9955998659133911 0.09011924266815186 0.020384468138217926 -0.02284996770322323 -0.09071000665426254 0.9956151247024536 0.005479637533426285
1403636584.3135555 0.9994068741798401 0.02367166243493557 0.02501000463962555 0.0012009964557364583 -0.025743240490555763 0.995958685874939 0.08604449778795242 0.015218558721244335 -0.022872114554047585 -0.08663730323314667 0.9959773421287537 0.004268430173397064
1403636584.3635557 0.9992424845695496 0.026874756440520287 0.028147757053375244 0.0010324121685698628 -0.029127920046448708 0.9961270093917847 0.08296166360378265 0.009291069582104683 -0.02580917254090309 -0.08371870964765549 0.9961550235748291 0.0028024264611303806
1403636584.4135554 0.9987741112709045 0.033856842666864395 0.03611031919717789 0.0013008982641622424 -0.0365835465490818 0.9963025450706482 0.07773499935865402 0.005998182576149702 -0.033344950526952744 -0.07896075397729874 0.9963198900222778 0.0022314293310046196
1403636584.4635556 0.9983512759208679 0.038469117134809494 0.042600858956575394 0.0014919283566996455 -0.04145039618015289 0.996581494808197 0.0714646726846695 -0.0009669583523645997 -0.039706040173769 -0.07311265915632248 0.9965330362319946 0.0008177548297680914
1403636584.5135555 0.9981095194816589 0.04020370543003082 0.04648701846599579 0.0013820517342537642 -0.04303866997361183 0.9971674084663391 0.06168345361948013 -0.007918130606412888 -0.04387543722987175 -0.06356758624315262 0.9970126152038574 -0.0007002499187365174
1403636584.5635555 0.9979590177536011 0.039762869477272034 0.049966052174568176 0.0012200860073789954 -0.04218783974647522 0.997934103012085 0.04845322668552399 -0.015110217966139317 -0.04793619364500046 -0.05046229436993599 0.9975749254226685 -0.0022436289582401514
1403636584.6135554 0.997787594795227 0.03768390417098999 0.05477166548371315 0.0011263747001066804 -0.03944426402449608 0.998727560043335 0.03142201900482178 -0.022502480074763298 -0.05351787433028221 -0.03351292014122009 0.9980043172836304 -0.00394200487062335
1403636584.6635556 0.9974745512008667 0.03500116989016533 0.06180046498775482 0.0012516871793195605 -0.03575599938631058 0.9992983937263489 0.011150315403938293 -0.029469436034560204 -0.06136683002114296 -0.013331894762814045 0.9980262517929077 -0.005579350516200066
1403636584.7135556 0.9970607161521912 0.035071879625320435 0.06811683624982834 0.0006728091975674033 -0.03426557034254074 0.99932861328125 -0.012970070354640484 -0.031248243525624275 -0.06852597743272781 0.010597888380289078 0.9975929856300354 -0.006454268004745245
1403636584.7635555 0.9965590834617615 0.03419409692287445 0.07550360262393951 0.0005700267502106726 -0.03180090710520744 0.998960018157959 -0.03267465904355049 -0.03747539594769478 -0.07654234766960144 0.030161146074533463 0.9966099858283997 -0.008200094103813171
1403636584.8135555 0.9963088631629944 0.03471128270030022 0.07850967347621918 0.0009438161505386233 -0.03101879358291626 0.9983764290809631 -0.04777290299534798 -0.04483707621693611 -0.08004045486450195 0.04516129568219185 0.9957680106163025 -0.010026578791439533
1403636584.8635557 0.9963338375091553 0.029733525589108467 0.08021611720323563 0.0006874414393678308 -0.025016438215970993 0.9979336857795715 -0.05918211117386818 -0.05211484432220459 -0.08181005716323853 0.05695842206478119 0.9950190186500549 -0.012445498257875443
1403636584.9135554 0.9964966773986816 0.027127185836434364 0.0791080892086029 0.000464739219751209 -0.021738169714808464 0.9974345564842224 -0.06820502132177353 -0.05562442168593407 -0.0807553380727768 0.06624642759561539 0.9945300221443176 -0.013965707272291183
1403636584.9635556 0.9964982271194458 0.020450999960303307 0.08107247948646545 0.0002916671219281852 -0.014555837027728558 0.9972513318061829 -0.07264997810125351 -0.057717274874448776 -0.08233536779880524 0.07121549546718597 0.9940569996833801 -0.01481278520077467
1403636585.0135555 0.996229887008667 0.018658112734556198 0.08472217619419098 1.0959396604448557e-05 -0.012137613259255886 0.9969698190689087 -0.07683608680963516 -0.050609685480594635 -0.08589906245470047 0.07551808655261993 0.993437647819519 -0.01335018128156662
1403636585.0635555 0.9959729909896851 0.01624590903520584 0.08817014843225479 0.00017072795890271664 -0.009801268577575684 0.9972807765007019 -0.07303984463214874 -0.050440605729818344 -0.08911699056625366 0.07188153266906738 0.9934239983558655 -0.012875095009803772
1403636585.1135554 0.9959933757781982 0.014780517667531967 0.08819720149040222 0.0005015983479097486 -0.008716458454728127 0.9975959658622742 -0.06874877214431763 -0.04854141175746918 -0.08900129050016403 0.06770455837249756 0.9937277436256409 -0.011862305924296379
1403636585.1635556 0.9955469965934753 0.013132798485457897 0.09334651380777359 0.0004527652636170387 -0.007628489285707474 0.9982240200042725 -0.059080395847558975 -0.0528140515089035 -0.09395664930343628 0.05810521915555 0.9938792586326599 -0.012487335130572319
1403636585.2135556 0.9949779510498047 0.014812092296779156 0.09899198263883591 0.0007211081101559103 -0.00914724636822939 0.9983073472976685 -0.05743604898452759 -0.04145579785108566 -0.09967513382434845 0.05624209716916084 0.9934293031692505 -0.009249073453247547
1403636585.2635555 0.9942010045051575 0.021083269268274307 0.10545102506875992 0.0010436903685331345 -0.01574549823999405 0.9985645413398743 -0.05119733884930611 -0.03704657033085823 -0.10637902468442917 0.04924006387591362 0.9931056499481201 -0.007427330128848553
1403636585.3135555 0.9935989379882812 0.026397639885544777 0.10983780771493912 0.0018128098454326391 -0.021414093673229218 0.9986977577209473 -0.04630683362483978 -0.03209743648767471 -0.11091712862253189 0.043658338487148285 0.9928703308105469 -0.005403779912739992
1403636585.3635557 0.9930344820022583 0.03429701551795006 0.1127219945192337 0.0019676671363413334 -0.030110886320471764 0.9987998008728027 -0.03863227739930153 -0.03015536069869995 -0.11391165107488632 0.0349690280854702 0.9928752779960632 -0.0047796256840229034
1403636585.4135554 0.9928160905838013 0.038048796355724335 0.11343964189291 0.002557062543928623 -0.03465794026851654 0.9988960027694702 -0.031715814024209976 -0.025181559845805168 -0.11452110856771469 0.027556387707591057 0.993038535118103 -0.0028931228443980217
1403636585.4635556 0.9933539628982544 0.04158822074532509 0.10732360929250717 0.0029328172095119953 -0.03933243080973625 0.9989603161811829 -0.023051388561725616 -0.01988968811929226 -0.10817065834999084 0.018676891922950745 0.9939569234848022 -0.001180834835395217
1403636585.5135555 0.9937734603881836 0.04449746757745743 0.1021488755941391 0.0035228112246841192 -0.04353468492627144 0.998984158039093 -0.011636549606919289 -0.016462033614516258 -0.10256289690732956 0.007117072120308876 0.9947010278701782 0.000368086330126971
1403636585.5635555 0.994864821434021 0.04535043239593506 0.09048432111740112 0.0037559412885457277 -0.0455131009221077 0.9989637136459351 -0.0002658721059560776 -0.011581690981984138 -0.09040261805057526 -0.0038537122309207916 0.9958977699279785 0.0008743503130972385
1403636585.6135554 0.9959648847579956 0.045236214995384216 0.07750833034515381 0.0037949103862047195 -0.04643644765019417 0.9988265633583069 0.013752548024058342 -0.010100021958351135 -0.07679526507854462 -0.017296267673373222 0.9968968629837036 0.00036392651963979006
1403636585.6635556 0.9971007704734802 0.04020549729466438 0.06460420787334442 0.003961152397096157 -0.042052555829286575 0.9987372159957886 0.02748899906873703 -0.006362724583595991 -0.06341742724180222 -0.030126072466373444 0.997532308101654 0.00029799184994772077
1403636585.7135556 0.9980168342590332 0.03520467132329941 0.05218380317091942 0.0039272792637348175 -0.03743952512741089 0.9983952641487122 0.042486075311899185 -0.0034389658831059933 -0.050604358315467834 -0.04435554891824722 0.9977333545684814 -9.557735756970942e-05
1403636585.7635555 0.9986138939857483 0.028884442523121834 0.04399982467293739 0.003881579264998436 -0.031430039554834366 0.9978038668632507 0.05830629914999008 -0.0012229287531226873 -0.042219046503305435 -0.059608396142721176 0.9973286390304565 -0.0006744848215021193
1403636585.8135555 0.9991572499275208 0.0213951263576746 0.03502923995256424 0.0037344221491366625 -0.02396552450954914 0.9969192743301392 0.07468372583389282 0.00029359495965763927 -0.03332344815135002 -0.0754602700471878 0.9965918660163879 -0.0014206826454028487
1403636585.8635557 0.9995095729827881 0.014618657529354095 0.027691587805747986 0.0036413087509572506 -0.017145341262221336 0.9954884052276611 0.09332212805747986 0.0011302866041660309 -0.026202397421002388 -0.09375114738941193 0.9952508211135864 -0.0023027651477605104
1403636585.9135554 0.9997100830078125 0.00829677190631628 0.022601131349802017 0.0032856680918484926 -0.010770636610686779 0.9936908483505249 0.11163552105426788 0.0016394071280956268 -0.021532325074076653 -0.11184657365083694 0.9934921860694885 -0.003168851602822542
1403636585.9635556 0.9997360706329346 0.003051480744034052 0.022771164774894714 0.0032177206594496965 -0.006057269871234894 0.9910808205604553 0.13312485814094543 0.0018087975913658738 -0.02216183766722679 -0.1332276463508606 0.9908376932144165 -0.004052366595715284
1403636586.0135555 0.9995768070220947 -0.0019644382409751415 0.029020939022302628 0.003177182748913765 -0.002615147503092885 0.987606942653656 0.15692578256130219 0.0019134143367409706 -0.028969550505280495 -0.15693525969982147 0.9871839284896851 -0.004696446470916271
1403636586.0635555 0.9990984797477722 -0.0045716483145952225 0.04220502823591232 0.003269148524850607 -0.0031586524564772844 0.9834233522415161 0.18129758536815643 0.0019641160033643246 -0.042334239929914474 -0.18126745522022247 0.982522189617157 -0.005136726424098015
1403636586.1135554 0.99845951795578 -0.00941074825823307 0.05467993766069412 0.003053560620173812 -0.0018965250346809626 0.9791463017463684 0.20314766466617584 0.0017127013998106122 -0.05545143783092499 -0.20293840765953064 0.9776200652122498 -0.005621613468974829
1403636586.1635556 0.9977559447288513 -0.015413254499435425 0.06515772640705109 0.002603663597255945 0.0005715428851544857 0.9750686287879944 0.22190333902835846 0.0013994952896609902 -0.06695351004600525 -0.22136814892292023 0.9728891849517822 -0.006245125085115433
1403636586.2135556 0.9973918795585632 -0.021153649315238 0.06900564581155777 0.0021340656094253063 0.004058375954627991 0.9710102081298828 0.23900377750396729 0.0011925118742510676 -0.07206100225448608 -0.23810040950775146 0.9685634970664978 -0.007045762613415718
1403636586.2635555 0.9972409605979919 -0.025187453255057335 0.0698273777961731 0.001742029096931219 0.0063754902221262455 0.9662603735923767 0.2574883699417114 0.0010810226667672396 -0.0739569291472435 -0.25633275508880615 0.9637550115585327 -0.007950617000460625
1403636586.3135555 0.9970355033874512 -0.031107576563954353 0.07037360221147537 0.0014780624769628048 0.010396226309239864 0.9607058167457581 0.2773742079734802 0.0009624410886317492 -0.0762367695569992 -0.2758203148841858 0.9581811428070068 -0.008913302794098854
1403636586.3635557 0.9967741966247559 -0.036379288882017136 0.0715370923280716 0.0012534928973764181 0.013470221310853958 0.9545531868934631 0.29773640632629395 0.0009551926050335169 -0.07911740988492966 -0.29581236839294434 0.9519639611244202 -0.010045488364994526
1403636586.4135554 0.9965704679489136 -0.042940810322761536 0.07073483616113663 0.001321731717325747 0.018331697210669518 0.9481430649757385 0.3173147737979889 0.0011267003137618303 -0.08069250732660294 -0.3149297535419464 0.9456784725189209 -0.010478365235030651
1403636586.4635556 0.9965716600418091 -0.04373379424214363 0.07023024559020996 0.0014480086974799633 0.017673784866929054 0.9418066740036011 0.3356899917125702 0.0013528373092412949 -0.08082430064678192 -0.3332979083061218 0.9393507242202759 -0.011712166480720043
1403636586.5135555 0.996673583984375 -0.04272138327360153 0.06940221041440964 0.0017794803716242313 0.015665188431739807 0.9361373782157898 0.35128554701805115 0.0015830541960895061 -0.07997740060091019 -0.3490298092365265 0.9336925148963928 -0.012892504222691059
1403636586.5635555 0.9968293905258179 -0.041756484657526016 0.06773069500923157 0.001884877448901534 0.014212282374501228 0.9309822916984558 0.36478763818740845 0.0014053834602236748 -0.07828833162784576 -0.3626684546470642 0.9286239743232727 -0.013171793892979622
1403636586.6135554 0.9970579147338867 -0.040606845170259476 0.0650111585855484 0.002527973847463727 0.013616158626973629 0.9284861087799072 0.3711176812648773 0.0012780060060322285 -0.07543186098337173 -0.369140625 0.9263073801994324 -0.013916803523898125
1403636586.6635556 0.9970422983169556 -0.041971709579229355 0.06438224762678146 0.0034059202298521996 0.015012290328741074 0.9279319047927856 0.3724473714828491 0.0008136811666190624 -0.07537460327148438 -0.3703792095184326 0.9258174300193787 -0.01434534415602684
1403636586.7135556 0.9971685409545898 -0.041735827922821045 0.06255483627319336 0.004308983217924833 0.015784136950969696 0.9294822216033936 0.36852899193763733 0.00032599084079265594 -0.07352446764707565 -0.3664981722831726 0.9275091290473938 -0.014457855373620987
1403636586.7635555 0.9974449872970581 -0.04226187989115715 0.05759667605161667 0.005198831669986248 0.018657159060239792 0.9323675632476807 0.36102983355522156 -3.0353199690580368e-05 -0.0689590647816658 -0.35903286933898926 0.930773913860321 -0.014452730305492878
1403636586.8135555 0.9976757168769836 -0.04145516827702522 0.054079342633485794 0.006119551137089729 0.019702110439538956 0.9352452754974365 0.3534516990184784 -0.00046494510024785995 -0.06522984802722931 -0.3515647053718567 0.9338882565498352 -0.01422541681677103
1403636586.8635557 0.9978696703910828 -0.039211999624967575 0.05214108154177666 0.00651251245290041 0.01880485564470291 0.9381729364395142 0.3456555902957916 -0.0003406028263270855 -0.06247119605541229 -0.34393879771232605 0.9369115829467773 -0.014258056879043579
1403636586.9135554 0.9981569051742554 -0.0343836210668087 0.05000728368759155 0.00682420888915658 0.015347540378570557 0.9402467608451843 0.3401475250720978 -0.0004066918045282364 -0.05871468782424927 -0.3387531340122223 0.9390414357185364 -0.013844392262399197
1403636586.9635556 0.9984613656997681 -0.031215699389576912 0.04583268240094185 0.007085645105689764 0.014031539671123028 0.9418331980705261 0.3357875645160675 -0.000467382138594985 -0.05364857614040375 -0.33462777733802795 0.9408220052719116 -0.013382401317358017
1403636587.0135555 0.9988027215003967 -0.024528658017516136 0.042327895760536194 0.007252960931509733 0.009008076041936874 0.9426396489143372 0.3336902856826782 -0.0006601260975003242 -0.048084937036037445 -0.3329094648361206 0.941731870174408 -0.01295510120689869
1403636587.0635555 0.9989707469940186 -0.02153758704662323 0.03992068022489548 0.007431170903146267 0.006918725557625294 0.942136287689209 0.33515840768814087 -0.0008860670495778322 -0.04482922703027725 -0.33453720808029175 0.9413156509399414 -0.012473822571337223
1403636587.1135554 0.9991121888160706 -0.017391636967658997 0.038371533155441284 0.007688034325838089 0.003349095117300749 0.9407184720039368 0.33917152881622314 -0.0010583167895674706 -0.041995562613010406 -0.33874189853668213 0.9399415254592896 -0.012057483196258545
1403636587.1635556 0.9991706609725952 -0.014051347970962524 0.03821996599435806 0.00821509025990963 4.027457907795906e-05 0.9389197826385498 0.34413591027259827 -0.0012701328378170729 -0.04072105884552002 -0.34384891390800476 0.9381415247917175 -0.01153313834220171
1403636587.2135556 0.9992333054542542 -0.01303647831082344 0.036917898803949356 0.008958708494901657 -0.0005790707655251026 0.9379129409790039 0.3468701243400574 -0.001416126498952508 -0.039147745817899704 -0.34662556648254395 0.9371861815452576 -0.010992035269737244
1403636587.2635555 0.9992011189460754 -0.014633122831583023 0.037188805639743805 0.010095400735735893 0.000760429073125124 0.9373463988304138 0.348397821187973 -0.001544317346997559 -0.039956942200660706 -0.348091185092926 0.9366085529327393 -0.010403310880064964
1403636587.3135555 0.9991356134414673 -0.017001019790768623 0.037935566157102585 0.011368198320269585 0.002668438944965601 0.9368968605995178 0.3495950698852539 -0.0016158480430021882 -0.04148518666625023 -0.34919166564941406 0.9361324906349182 -0.009919513948261738
1403636587.3635557 0.9990149140357971 -0.019795505329966545 0.03971680626273155 0.013320917263627052 0.004601216409355402 0.936375617980957 0.3509688675403595 -0.0018394478829577565 -0.044137462973594666 -0.3504403233528137 0.9355444312095642 -0.009183930233120918
1403636587.4135554 0.9989150762557983 -0.022426290437579155 0.040813468396663666 0.01554051972925663 0.006585520692169666 0.9356265664100647 0.3529294729232788 -0.0021486785262823105 -0.04610107094049454 -0.3522777855396271 0.9347593188285828 -0.008522524498403072
1403636587.4635556 0.9987320899963379 -0.026796219870448112 0.04261809214949608 0.017635250464081764 0.009945905767381191 0.9349085688591003 0.35474905371665955 -0.002294583013281226 -0.04934998229146004 -0.35387539863586426 0.9339895844459534 -0.008041494525969028
1403636587.5135555 0.9986462593078613 -0.03148629888892174 0.04140424728393555 0.020709214732050896 0.014683201909065247 0.9342516660690308 0.3563116788864136 -0.002508526435121894 -0.04990094155073166 -0.35522130131721497 0.9334492087364197 -0.007475455291569233
