1403638127.295097 1.0 0.0 0.0 0.0 0.0 1.0 0.0 0.0 0.0 0.0 1.0 0.0
1403638127.345097 1.0 -0.00017860748630482703 -2.1543331968132406e-05 -7.010929402895272e-05 0.0001786061911843717 1.0 -5.97375983488746e-05 2.2630722014582716e-05 2.1554000340984203e-05 5.9733749367296696e-05 1.0 -0.00033528590574860573
1403638127.395097 0.9999997615814209 -0.0007042742799967527 0.00010399632446933538 -0.00022304654703475535 0.0007042427314445376 0.9999997019767761 0.0003032143577001989 0.00010790883243316785 -0.00010420983744552359 -0.0003031410160474479 0.9999999403953552 -0.0004429135879036039
1403638127.445097 0.9999999403953552 -9.44719067774713e-05 0.00025855141575448215 2.1110136003699154e-06 9.44349158089608e-05 1.0 0.00014308652316685766 0.00010764088074211031 -0.0002585649199318141 -0.00014306210505310446 0.9999999403953552 -0.00029442564118653536
1403638127.4950972 0.9999998211860657 -0.00029612481012009084 0.000508716853801161 -5.616492126137018e-05 0.0002964990271721035 0.9999997019767761 -0.0007357258582487702 -1.4576980902347714e-05 -0.0005084988661110401 0.0007358765578828752 0.9999995827674866 -0.0004631189804058522
1403638127.5450969 0.9999998211860657 -0.0005823805113323033 2.037292688328307e-05 -0.0001425326190656051 0.0005823796964250505 0.9999998211860657 3.9024511352181435e-05 -9.513418626738712e-05 -2.0395649698912166e-05 -3.9012640627333894e-05 1.0 -0.0005296572344377637
1403638127.595097 0.9999998807907104 -0.0005115358508192003 -2.6696972781792283e-05 -7.94153384049423e-05 0.0005115405656397343 0.9999998807907104 0.00017552671488374472 -2.155080801458098e-05 2.6607180188875645e-05 -0.0001755403500283137 1.0 9.820672130445018e-05
1403638127.645097 0.9999997019767761 -0.0006723700789734721 -0.0003410553326830268 -0.00012496781710069627 0.0006724732229486108 0.9999997019767761 0.00030243824585340917 -3.870313594234176e-05 0.0003408518969081342 -0.00030266749672591686 0.9999998807907104 -7.278335397131741e-05
1403638127.695097 1.0 -0.00011242206528550014 -0.0001838068856159225 0.00010362137254560366 0.00011242111213505268 1.0 -5.177628281671787e-06 1.9732367945834994e-05 0.00018380746769253165 5.156964562047506e-06 1.0 5.547963883145712e-05
1403638127.745097 0.9999998211860657 -0.0005416786880232394 -0.00011151294893352315 -0.00022926271776668727 0.000541693065315485 0.9999998211860657 0.00012922476162202656 0.00010265023593092337 0.00011144293239340186 -0.00012928513751830906 1.0 -0.00039344612741842866
1403638127.795097 1.0 -0.00022247385641094297 -7.341315358644351e-05 -0.0003101313777733594 0.00022249299217946827 0.9999999403953552 0.00026067596627399325 5.1874954806407914e-05 7.335515692830086e-05 -0.0002606922935228795 0.9999999403953552 -0.00027638403116725385
1403638127.845097 0.9999997019767761 -0.0007825727225281298 -0.00010088198177982122 -0.0002490649640094489 0.0007825936190783978 0.9999997019767761 0.000207203789614141 2.2982791051617824e-05 0.00010071980068460107 -0.00020728267554659396 1.0 -0.0003225217806175351
1403638127.895097 0.9999995231628418 -0.0009448628406971693 -0.00019884543144144118 -0.00020759667677339166 0.0009448911878280342 0.9999995231628418 0.00014264413039200008 3.186834146617912e-05 0.00019871056429110467 -0.0001428319519618526 0.9999999403953552 -0.0005364767857827246
1403638127.945097 0.9999990463256836 -0.0012995497090741992 -0.00039950141217559576 -0.00018029405327979475 0.0012996314326301217 0.9999991059303284 0.0002043522836174816 -7.43598684493918e-06 0.0003992354904767126 -0.00020487130677793175 0.9999998807907104 -0.00048722379142418504
1403638127.9950972 0.9999992847442627 -0.0011588261695578694 -0.00034713331842795014 -0.00015235549653880298 0.0011589964851737022 0.9999992251396179 0.0004906075773760676 0.00010994410695275292 0.00034656451316550374 -0.000491009559482336 0.9999998211860657 4.600953616318293e-05
1403638128.0450969 0.9999999403953552 -0.0003296626964583993 3.123198985122144e-05 -8.62162487464957e-05 0.000329642032738775 0.9999997019767761 0.0006599844782613218 9.311371832154691e-05 -3.1449555535800755e-05 -0.0006599741172976792 0.9999997615814209 -0.00028626128914766014
1403638128.095097 0.9999998211860657 -0.0006233180174604058 0.00011239253217354417 -0.00011944791913265362 0.0006231795996427536 0.9999990463256836 0.0012270768638700247 3.1975108868209645e-05 -0.00011315727897454053 -0.001227006665430963 0.9999992251396179 2.1229252524790354e-05
1403638128.145097 0.999998927116394 -0.0014800602803006768 3.901257514371537e-05 -0.00011317315511405468 0.0014799891505390406 0.9999973773956299 0.0017629250651225448 -0.00010494449088582769 -4.1621708078309894e-05 -0.0017628653440624475 0.9999984502792358 0.0002333089942112565
1403638128.195097 0.9999974966049194 -0.0022309760097414255 -0.00024238511105068028 -0.00037753835204057395 0.002231389516964555 0.9999960064888 0.0017186925979331136 4.542051101452671e-05 0.00023854977916926146 -0.001719229156151414 0.9999985098838806 -3.4412991226417944e-05
1403638128.245097 0.9999995231628418 -0.0009761733817867935 0.00018762009858619422 -0.00035557636874727905 0.0009758468950167298 0.9999980330467224 0.0017325617372989655 3.859988282783888e-05 -0.0001893110020319 -0.001732377801090479 0.9999985098838806 0.00016268879699055105
1403638128.295097 0.9999995827674866 -0.0008621303713880479 0.00036607912625186145 -0.0004143245459999889 0.0008615602855570614 0.9999983906745911 0.0015546526992693543 7.528354035457596e-05 -0.0003674188628792763 -0.0015543366316705942 0.9999987483024597 -0.0004866794333793223
1403638128.345097 0.9999993443489075 -0.0011467374861240387 4.206623634672724e-05 -0.000308015092741698 0.0011466752039268613 0.9999982714653015 0.0014520634431391954 1.7080558336601825e-06 -4.3731299228966236e-05 -0.0014520141994580626 0.999998927116394 -0.00019339971186127514
1403638128.395097 0.9999995231628418 -0.0008506901212967932 0.0004477915936149657 -0.00021455342357512563 0.0008501374395564198 0.9999988675117493 0.00123303581494838 5.839402001583949e-05 -0.0004488400008995086 -0.0012326545547693968 0.9999991655349731 4.119390359846875e-05
1403638128.445097 0.9999991655349731 -0.001282840152271092 0.00027726852567866445 -0.00025227066362276673 0.0012824239674955606 0.9999980330467224 0.0014960475964471698 5.886261715204455e-05 -0.00027918716659769416 -0.0014956906670704484 0.9999988675117493 -0.00021583566558547318
1403638128.4950972 0.9999987483024597 -0.0015268016140908003 0.00046656158519908786 -0.00036544178146868944 0.0015259945066645741 0.9999973177909851 0.0017253088299185038 -5.57852144993376e-05 -0.00046919455053284764 -0.0017245947383344173 0.9999983906745911 0.00011307213571853936
1403638128.5450969 0.9999988675117493 -0.0014227136271074414 0.00048611999955028296 -0.00027149461675435305 0.0014218917349353433 0.9999975562095642 0.0016869237879291177 -4.3612501031020656e-05 -0.0004885188536718488 -0.0016862306511029601 0.9999984502792358 0.00013152770407032222
1403638128.595097 0.9999985098838806 -0.0017148441402241588 0.00022770474606659263 -0.0002537167747505009 0.001714453101158142 0.999997079372406 0.0017064590938389301 2.5217332222382538e-05 -0.00023063037951942533 -0.0017060661921277642 0.9999985098838806 -0.0001744653272908181
1403638128.645097 0.9999985694885254 -0.0016543569508939981 0.00031245863647200167 -4.373655974632129e-05 0.0016538212075829506 0.9999971985816956 0.0017072134651243687 -0.00012089427764294669 -0.00031528211547993124 -0.0017066942527890205 0.9999985098838806 -0.00044918584171682596
1403638128.695097 0.9999961853027344 -0.0026516346260905266 0.000777265231590718 -0.000372707552742213 0.0026499617379158735 0.999994158744812 0.0021456617396324873 -6.0348469560267404e-05 -0.0007829502574168146 -0.0021435937378555536 0.9999973773956299 -7.3738774517551064e-06
1403638128.745097 0.9999935626983643 -0.0033282621297985315 0.0013332669623196125 -0.0005979739944450557 0.0033237498719245195 0.9999887943267822 0.003372425911948085 -0.0004412776615936309 -0.0013444763608276844 -0.003367972793057561 0.9999934434890747 0.00042749298154376447
1403638128.795097 0.9999940991401672 -0.0031406886409968138 0.001379151246510446 -0.0006439415155909956 0.0031359365675598383 0.9999892115592957 0.003434407990425825 -0.00030817906372249126 -0.001389922690577805 -0.003430062672123313 0.9999931454658508 -0.00017046048014890403
1403638128.845097 0.9999911785125732 -0.003210629802197218 0.0027056557592004538 -0.0006348051829263568 0.003200017847120762 0.9999871850013733 0.003917430993169546 -0.00042895658407360315 -0.0027181985788047314 -0.0039087384939193726 0.9999886751174927 0.000733302382286638
1403638128.895097 0.999992847442627 -0.0029107395093888044 0.0024248140398412943 -0.0004826221556868404 0.0029011911246925592 0.9999880790710449 0.00393205601722002 -0.0002656535943970084 -0.0024362304247915745 -0.0039249928668141365 0.9999893307685852 0.000401155004510656
1403638128.945097 0.9999960064888 -0.000867301772814244 0.0026940202806144953 -0.00011581601575016975 0.0008579324348829687 0.9999935626983643 0.0034770409110933542 -0.00012536959548015147 -0.00269701867364347 -0.003474715631455183 0.9999903440475464 -8.414000330958515e-05
1403638128.9950972 0.9999958276748657 -0.0010813279077410698 0.002678703749552369 -0.0003447374911047518 0.001071844482794404 0.9999931454658508 0.003539213677868247 -0.00013776741980109364 -0.0026825126260519028 -0.0035363277420401573 0.9999901652336121 -0.0003061669413000345
1403638129.0450969 0.9999977946281433 -0.00017383001977577806 0.0020999282132834196 -4.6502394980052486e-05 0.00016768273781053722 0.9999957084655762 0.0029271957464516163 -0.0004258600529283285 -0.0021004281006753445 -0.0029268371872603893 0.9999935030937195 0.000672362744808197
1403638129.095097 0.9999678730964661 0.007091972045600414 0.0037427968345582485 -6.551206752192229e-05 -0.0071028764359653 0.999970555305481 0.0029082719702273607 -0.0005421372479759157 -0.0037220611702650785 -0.0029347629752010107 0.9999887943267822 -0.00022850459208711982
1403638129.145097 0.9999163746833801 0.011371624656021595 0.006159375421702862 -0.0006661989609710872 -0.01138373464345932 0.9999333024024963 0.001934620551764965 -0.001554142334498465 -0.0061369650065898895 -0.002004575449973345 0.9999791383743286 3.437962959651486e-06
1403638129.195097 0.999937117099762 0.009769029915332794 0.005508493632078171 -0.0006269427831284702 -0.009753893129527569 0.9999486207962036 -0.002768023405224085 -0.0036735855974256992 -0.005535251460969448 0.0027141200844198465 0.9999809861183167 -0.0006306808209046721
1403638129.245097 0.9999682307243347 -0.007928215898573399 -0.0008372887969017029 -0.0005082728457637131 0.007916291244328022 0.9998789429664612 -0.01339594554156065 -0.008145184256136417 0.0009433933882974088 0.013388891704380512 0.9999099373817444 -0.0015850135823711753
1403638129.295097 0.999107301235199 -0.04152166470885277 -0.007783570326864719 0.0002861065440811217 0.04124131798744202 0.9985957145690918 -0.0332564152777195 -0.014486296102404594 0.009153501130640507 0.03290572017431259 0.9994166493415833 -0.004400528967380524
1403638129.345097 0.9967353343963623 -0.07991564273834229 -0.011493745259940624 0.001940233400091529 0.07911966741085052 0.9951685667037964 -0.05813419073820114 -0.023107750341296196 0.01608404703438282 0.05703502520918846 0.9982425570487976 -0.006982571445405483
1403638129.395097 0.9934049248695374 -0.11364451795816422 -0.015218034386634827 0.002890616888180375 0.11222230643033981 0.9909089803695679 -0.07419992238283157 -0.031185947358608246 0.023512102663517 0.07200276106595993 0.9971272349357605 -0.009982271119952202
1403638129.445097 0.9919935464859009 -0.12510596215724945 -0.017241522669792175 0.0036867763847112656 0.12359915673732758 0.9898033142089844 -0.07080009579658508 -0.0357520654797554 0.02592323161661625 0.06810221076011658 0.9973414540290833 -0.012465237639844418
1403638129.4950972 0.9932981133460999 -0.11389808356761932 -0.019646981731057167 0.0033981644082814455 0.11274443566799164 0.9922494888305664 -0.05224575847387314 -0.03757390007376671 0.025445401668548584 0.049680519849061966 0.9984410405158997 -0.013595066033303738
1403638129.5450969 0.9959198832511902 -0.08769012242555618 -0.021301520988345146 0.002524178009480238 0.08706190437078476 0.9957859516143799 -0.02881893888115883 -0.03837071359157562 0.023738890886306763 0.02684680186212063 0.9993576407432556 -0.014006499201059341
1403638129.595097 0.9982207417488098 -0.056049883365631104 -0.02033505216240883 0.0013661117991432548 0.055849313735961914 0.9983860850334167 -0.01030026562511921 -0.040041305124759674 0.020879561081528664 0.00914623960852623 0.9997401237487793 -0.015012082643806934
1403638129.645097 0.9993473291397095 -0.03109605982899666 -0.01837601326406002 0.0009071818785741925 0.03107878938317299 0.9995161890983582 -0.0012235157191753387 -0.0431608185172081 0.018405169248580933 0.0006516091525554657 0.999830424785614 -0.0163322314620018
1403638129.695097 0.9996682405471802 -0.020540695637464523 -0.01553505752235651 0.000873918179422617 0.020480817183852196 0.9997822046279907 -0.00400320440530777 -0.04831462353467941 0.015613904222846031 0.003683708142489195 0.9998713135719299 -0.017876576632261276
1403638129.745097 0.9996009469032288 -0.023331843316555023 -0.01591978594660759 0.0006219442002475262 0.023134982213377953 0.9996548891067505 -0.01243959367275238 -0.05550841987133026 0.016204534098505974 0.012066329829394817 0.9997959733009338 -0.020277125760912895
1403638129.795097 0.9994907975196838 -0.026198139414191246 -0.018211662769317627 0.00014463206753134727 0.02597883716225624 0.9995882511138916 -0.01217585988342762 -0.06320920586585999 0.01852314919233322 0.011696546338498592 0.999760091304779 -0.022857293486595154
1403638129.845097 0.9995327591896057 -0.02208329178392887 -0.021131791174411774 -0.0009053151006810367 0.022076958790421486 0.9997560381889343 -0.000532819889485836 -0.07142197340726852 0.021138405427336693 6.604730151593685e-05 0.9997766613960266 -0.026097439229488373
1403638129.895097 0.9996019601821899 -0.014538292773067951 -0.024174228310585022 -0.0022720335982739925 0.014838967472314835 0.9998141527175903 0.01230544038116932 -0.0815717950463295 0.02399083971977234 -0.012659261003136635 0.9996320605278015 -0.03087766095995903
1403638129.945097 0.9996389150619507 -0.0064969356171786785 -0.026074010878801346 -0.0035644262097775936 0.00695445854216814 0.9998228549957275 0.01749485731124878 -0.09442034363746643 0.02595573104918003 -0.01766986958682537 0.9995068907737732 -0.03582039475440979
1403638129.9950972 0.9995808005332947 -0.007263821084052324 -0.0280289426445961 -0.005136284977197647 0.00753419753164053 0.9999260902404785 0.009552756324410439 -0.11039450764656067 0.027957485988736153 -0.009759929031133652 0.9995613694190979 -0.041122954338788986
1403638130.0450969 0.999311625957489 -0.02085142396390438 -0.030682649463415146 -0.00572242820635438 0.020628245547413826 0.9997586607933044 -0.007572464644908905 -0.13083000481128693 0.03083314374089241 0.006934322416782379 0.9995005130767822 -0.04883119463920593
1403638130.095097 0.9988657832145691 -0.03296329081058502 -0.03436204418540001 -0.006155916023999453 0.032164644449949265 0.9992054104804993 -0.02354183793067932 -0.1504553109407425 0.03511076048016548 0.02240988425910473 0.9991321563720703 -0.05558617040514946
1403638130.145097 0.9984091520309448 -0.03963139280676842 -0.04010608047246933 -0.007380074355751276 0.038384415209293365 0.9987695813179016 -0.03139884024858475 -0.169510617852211 0.041301120072603226 0.029809443280100822 0.9987019896507263 -0.062275178730487823
1403638130.195097 0.9982955455780029 -0.036142341792583466 -0.04582294821739197 -0.008425389416515827 0.0347222276031971 0.9989030361175537 -0.03141765668988228 -0.1880033314228058 0.046908188611269 0.029773034155368805 0.9984554648399353 -0.06960532069206238
1403638130.245097 0.9981561899185181 -0.03233952447772026 -0.05136391147971153 -0.009471148252487183 0.030741723254323006 0.9990277886390686 -0.03159880265593529 -0.2070554792881012 0.05233585834503174 0.02996152825653553 0.9981800317764282 -0.07772573083639145
1403638130.295097 0.9976555705070496 -0.038350898772478104 -0.05667823180556297 -0.010182175785303116 0.03608568012714386 0.9985291957855225 -0.04046374931931496 -0.22749905288219452 0.05814668908715248 0.03832361847162247 0.997572124004364 -0.08537706732749939
1403638130.345097 0.9966760873794556 -0.05454183369874954 -0.06051323190331459 -0.010637655854225159 0.05130205675959587 0.997229814529419 -0.05385936051607132 -0.24865345656871796 0.06328318268060684 0.05057588219642639 0.9967132210731506 -0.09380921721458435
1403638130.395097 0.9955471158027649 -0.06821660697460175 -0.06505676358938217 -0.011980079114437103 0.06409484893083572 0.9959234595298767 -0.06346884369850159 -0.2690858840942383 0.06912118196487427 0.05901641771197319 0.9958610534667969 -0.10096930712461472
1403638130.445097 0.9948039650917053 -0.07244834303855896 -0.07152822613716125 -0.013660084456205368 0.06770925223827362 0.9954800009727478 -0.06659535318613052 -0.28762322664260864 0.07602964341640472 0.06140619516372681 0.995212972164154 -0.10849422961473465
1403638130.4950972 0.9950823187828064 -0.06306570768356323 -0.07638002932071686 -0.014224739745259285 0.058237019926309586 0.9962570071220398 -0.06387828290462494 -0.3047298192977905 0.08012266457080841 0.05911599099636078 0.9950304627418518 -0.11740414053201675
1403638130.5450969 0.995851993560791 -0.047595903277397156 -0.07754592597484589 -0.014663581736385822 0.043167389929294586 0.9973934888839722 -0.05781743675470352 -0.32390493154525757 0.08009566366672516 0.054230157285928726 0.99531090259552 -0.1271848976612091
1403638130.595097 0.9962201118469238 -0.04074418917298317 -0.07671660929918289 -0.016209585592150688 0.03631746396422386 0.9976418614387512 -0.05823924392461777 -0.3411831557750702 0.07890859991312027 0.0552329458296299 0.9953505992889404 -0.13386771082878113
1403638130.645097 0.9963151812553406 -0.041392404586076736 -0.07511837780475616 -0.018419941887259483 0.036245521157979965 0.9969834089279175 -0.06863266974687576 -0.3579135835170746 0.0777326449751854 0.06565706431865692 0.9948099255561829 -0.13844212889671326
1403638130.695097 0.9956421256065369 -0.054299551993608475 -0.07581872493028641 -0.015640825033187866 0.0481124147772789 0.995538055896759 -0.08117413520812988 -0.3806126117706299 0.07988815009593964 0.07717256247997284 0.9938120245933533 -0.1517505645751953
1403638130.745097 0.9938092827796936 -0.07715394347906113 -0.079941026866436 -0.017971213907003403 0.06938890367746353 0.992985188961029 -0.09573778510093689 -0.39946556091308594 0.0867668092250824 0.08959807455539703 0.9921913743019104 -0.16049768030643463
1403638130.795097 0.9914252161979675 -0.09809301793575287 -0.08633590489625931 -0.01867055706679821 0.08892816305160522 0.9905656576156616 -0.10426667332649231 -0.4127635955810547 0.09574921429157257 0.09569491446018219 0.9907949566841125 -0.16479207575321198
1403638130.845097 0.9905071258544922 -0.10315069556236267 -0.09086019545793533 -0.022485090419650078 0.093351811170578 0.9899536967277527 -0.10619369894266129 -0.42852696776390076 0.10090134292840958 0.0967036560177803 0.9901854991912842 -0.17562520503997803
1403638130.895097 0.9897183775901794 -0.1070667952299118 -0.09483872354030609 -0.01994018629193306 0.09647645801305771 0.9892405271530151 -0.10997937619686127 -0.436340868473053 0.10559345781803131 0.09969889372587204 0.9893988966941833 -0.17950330674648285
1403638130.945097 0.9896303415298462 -0.11155200004577637 -0.09048687666654587 -0.01879412680864334 0.10008963197469711 0.9873955249786377 -0.12260586023330688 -0.44521909952163696 0.10302327573299408 0.11227768659591675 0.9883216619491577 -0.18498125672340393
1403638130.9950972 0.9897350072860718 -0.11704698204994202 -0.0820043757557869 -0.01774401217699051 0.10458865761756897 0.9842488169670105 -0.1425325721502304 -0.4478706121444702 0.09739571809768677 0.13249275088310242 0.9863871932029724 -0.1900738775730133
1403638131.0450969 0.9893726706504822 -0.12392635643482208 -0.07605188339948654 -0.015746086835861206 0.11066067963838577 0.9810539484024048 -0.15902018547058105 -0.4489285349845886 0.09431777894496918 0.14891430735588074 0.9843417406082153 -0.18756651878356934
1403638131.095097 0.9900029897689819 -0.1216956377029419 -0.07130499184131622 -0.01597813330590725 0.10872656852006912 0.9804813861846924 -0.16381320357322693 -0.4448270797729492 0.0898485854268074 0.1544228345155716 0.9839109182357788 -0.1873413622379303
1403638131.145097 0.9910902976989746 -0.11271331459283829 -0.07096420228481293 -0.016866132616996765 0.10064197331666946 0.982726514339447 -0.1553051769733429 -0.43617871403694153 0.08724337071180344 0.14677946269512177 0.9853143095970154 -0.18419763445854187
1403638131.195097 0.9929282665252686 -0.09455568343400955 -0.07178162783384323 -0.012711742892861366 0.08395708352327347 0.9867937564849854 -0.1385255753993988 -0.417311429977417 0.08393204212188721 0.1315193921327591 0.9877541065216064 -0.17729943990707397
1403638131.245097 0.9948649406433105 -0.0718742087483406 -0.0712587833404541 -0.012488367967307568 0.06321697682142258 0.9911086559295654 -0.11707758158445358 -0.4077184200286865 0.07904006540775299 0.11197162419557571 0.990562915802002 -0.1732970029115677
1403638131.295097 0.995757520198822 -0.05717557296156883 -0.07209737598896027 -0.013290648348629475 0.04969428479671478 0.9935831427574158 -0.10160188376903534 -0.3923755884170532 0.07744389772415161 0.09758801013231277 0.9922091960906982 -0.1610708236694336
1403638131.345097 0.996131181716919 -0.050372544676065445 -0.07200894504785538 -0.015203174203634262 0.04349105805158615 0.994609534740448 -0.09413015842437744 -0.37426260113716125 0.07636236399412155 0.09063427150249481 0.992952287197113 -0.1546327769756317
1403638131.395097 0.9962949156761169 -0.05115238204598427 -0.06913697719573975 -0.01805195026099682 0.0445280559360981 0.9945594072341919 -0.09417541325092316 -0.35367947816848755 0.0735781267285347 0.09074796736240387 0.9931520223617554 -0.15181872248649597
1403638131.445097 0.9963264465332031 -0.052257928997278214 -0.06784389913082123 -0.00902286171913147 0.04569105803966522 0.994430422782898 -0.09497765451669693 -0.35000449419021606 0.0724293664097786 0.09152890741825104 0.9931647777557373 -0.14566949009895325
1403638131.4950972 0.9971855282783508 -0.04256876930594444 -0.061716366559267044 -0.007545486558228731 0.03658948466181755 0.9948074817657471 -0.09497036784887314 -0.32704317569732666 0.06543867290019989 0.09244491159915924 0.9935651421546936 -0.13392668962478638
1403638131.5450969 0.997403085231781 -0.03928695246577263 -0.06036347150802612 -0.0060590412467718124 0.03380773216485977 0.9954349398612976 -0.08925394713878632 -0.30912914872169495 0.06359442323446274 0.086981400847435 0.994178056716919 -0.1282939314842224
1403638131.595097 0.9975476861000061 -0.03621429204940796 -0.05989377945661545 -0.005555786192417145 0.031200766563415527 0.9960924386978149 -0.08262185007333755 -0.2885201871395111 0.06265182793140411 0.08055049180984497 0.9947795867919922 -0.12137388437986374
1403638131.645097 0.9977241158485413 -0.030201569199562073 -0.060286715626716614 -0.004868803080171347 0.025461286306381226 0.9966356158256531 -0.07790479809045792 -0.2682851552963257 0.06243672966957092 0.07619251310825348 0.9951363801956177 -0.11324280500411987
1403638131.695097 0.9979154467582703 -0.02570684626698494 -0.05919446796178818 0.00014459295198321342 0.02106168493628502 0.996746301651001 -0.07780171185731888 -0.24904190003871918 0.06100190430879593 0.07639279961585999 0.9952099919319153 -0.10860707610845566
1403638131.745097 0.9981003999710083 -0.02168043702840805 -0.05766846239566803 0.0018346118740737438 0.01716017909348011 0.9968248605728149 -0.07775513827800751 -0.22714422643184662 0.05917111784219742 0.07661782205104828 0.995303213596344 -0.09846732020378113
1403638131.795097 0.9985587000846863 -0.010496528819203377 -0.0526328906416893 0.0034037407021969557 0.0064363060519099236 0.9970315098762512 -0.07672662287950516 -0.20565345883369446 0.053282007575035095 0.07627728581428528 0.9956619739532471 -0.09330181777477264
1403638131.845097 0.998897135257721 0.0005230365786701441 -0.04694999009370804 0.005518690682947636 -0.003949160687625408 0.9973305463790894 -0.07291106879711151 -0.18389727175235748 0.046786531805992126 0.07301607728004456 0.9962326884269714 -0.08486862480640411
1403638131.895097 0.9990810751914978 0.00652382243424654 -0.04235905781388283 0.006428420543670654 -0.009553968906402588 0.9973782896995544 -0.07173122465610504 -0.1610613316297531 0.04178003966808319 0.07207000255584717 0.9965241551399231 -0.07680419087409973
1403638131.945097 0.9991270899772644 0.011689117178320885 -0.04010344669222832 0.007662747986614704 -0.014510129578411579 0.9973857402801514 -0.07078960537910461 -0.1430530995130539 0.039171136915683746 0.07130971550941467 0.9966848492622375 -0.06940702348947525
1403638131.9950972 0.9989303350448608 0.025065533816814423 -0.038858041167259216 0.008467275649309158 -0.02756641060113907 0.9974901080131531 -0.06521917879581451 -0.12738485634326935 0.03712575137615204 0.06622061133384705 0.9971141815185547 -0.06518818438053131
1403638132.0450969 0.998223602771759 0.043481018394231796 -0.040732093155384064 0.00893719308078289 -0.04572822526097298 0.997384786605835 -0.05596792325377464 -0.11696942895650864 0.0381920263171196 0.057731106877326965 0.9976014494895935 -0.06297023594379425
1403638132.095097 0.9971759915351868 0.06206692010164261 -0.04228309169411659 0.009008746594190598 -0.063877172768116 0.9970353245735168 -0.04289824143052101 -0.11179904639720917 0.03949517756700516 0.04547801613807678 0.998184323310852 -0.06181776151061058
1403638132.145097 0.9962995052337646 0.07296279072761536 -0.04543104022741318 0.009006327018141747 -0.07463081926107407 0.9965551495552063 -0.03616916015744209 -0.11691369861364365 0.04263554513454437 0.03942587971687317 0.9983125329017639 -0.06661360710859299
1403638132.195097 0.9961142539978027 0.07302752882242203 -0.04922645911574364 0.008057093247771263 -0.07500583678483963 0.9963959455490112 -0.039613839238882065 -0.12536917626857758 0.0461561419069767 0.043152183294296265 0.9980018138885498 -0.06744787842035294
1403638132.245097 0.9966523051261902 0.06072191148996353 -0.054744966328144073 0.007265690714120865 -0.06363920122385025 0.9965528249740601 -0.053220611065626144 -0.1436397284269333 0.051324594765901566 0.056526366621255875 0.9970811009407043 -0.07442465424537659
1403638132.295097 0.9971106648445129 0.044840965420007706 -0.06131531670689583 0.006587146781384945 -0.04905844107270241 0.9964025616645813 -0.06910254806280136 -0.1657654196023941 0.05799611285328865 0.07191091775894165 0.9957234859466553 -0.08505850285291672
1403638132.345097 0.9972056746482849 0.035948265343904495 -0.06548771262168884 0.006173995323479176 -0.0411614291369915 0.9959383606910706 -0.08007830381393433 -0.19265058636665344 0.0623430572450161 0.08255010098218918 0.9946350455284119 -0.09582916647195816
1403638132.395097 0.996889054775238 0.020688015967607498 -0.07605303823947906 0.005531640723347664 -0.02712271362543106 0.996048092842102 -0.08457349240779877 -0.22087401151657104 0.07400281727313995 0.08637316524982452 0.9935104846954346 -0.11033778637647629
1403638132.445097 0.9963560700416565 0.0037015669513493776 -0.08521193265914917 0.005018709693104029 -0.011840812861919403 0.99538654088974 -0.09521181881427765 -0.24724890291690826 0.08446638286113739 0.09587383270263672 0.9918033480644226 -0.12161632627248764
1403638132.4950972 0.995308518409729 -0.021607786417007446 -0.09430882334709167 0.00334470858797431 0.010837284848093987 0.9935067296028137 -0.11325602978467941 -0.2793131172657013 0.0961436778306961 0.11170263588428497 0.9890797734260559 -0.13611041009426117
1403638132.5450969 0.9936935901641846 -0.048535700887441635 -0.10108141601085663 0.008905545808374882 0.034346189349889755 0.9898834824562073 -0.1376623809337616 -0.3091067671775818 0.10674037039279938 0.13332244753837585 0.9853078722953796 -0.1537889987230301
1403638132.595097 0.9920617938041687 -0.06930482387542725 -0.1049295961856842 0.001629471778869629 0.051903486251831055 0.9856995940208435 -0.16031959652900696 -0.32754242420196533 0.1145399808883667 0.1536007523536682 0.9814720749855042 -0.15113970637321472
1403638132.645097 0.9907509684562683 -0.08197924494743347 -0.10812884569168091 -0.0014505311846733093 0.06294213235378265 0.9836023449897766 -0.16901126503944397 -0.34967321157455444 0.12021121382713318 0.16064223647117615 0.9796648621559143 -0.16700494289398193
1403638132.695097 0.9903233647346497 -0.08407436311244965 -0.1104138195514679 -0.01178492046892643 0.0658809021115303 0.985051155090332 -0.15916632115840912 -0.3719310164451599 0.12214507162570953 0.15035195648670197 0.9810580015182495 -0.1750919073820114
1403638132.745097 0.9899353981018066 -0.08414851129055023 -0.11378464102745056 -0.016675179824233055 0.06706294417381287 0.9869446754455566 -0.14643388986587524 -0.3868342339992523 0.12462133914232254 0.1373293697834015 0.9826546311378479 -0.18287914991378784
1403638132.795097 0.9896911382675171 -0.0878666564822197 -0.11309715360403061 -0.024218998849391937 0.07151199132204056 0.9873778223991394 -0.14131924510002136 -0.3969848155975342 0.12408687174320221 0.13177460432052612 0.9834825396537781 -0.1845320761203766
1403638132.845097 0.989005982875824 -0.0955265685915947 -0.11288002878427505 -0.02504303678870201 0.07796857506036758 0.9854772090911865 -0.15084931254386902 -0.40024882555007935 0.1256508231163025 0.14038977026939392 0.9820908904075623 -0.189448282122612
1403638132.895097 0.987744152545929 -0.1098635122179985 -0.11086642742156982 -0.028600214049220085 0.09064596891403198 0.9820268750190735 -0.16554948687553406 -0.4087890684604645 0.1270616352558136 0.1534709483385086 0.9799500703811646 -0.1947891116142273
1403638132.945097 0.9862760901451111 -0.1201976090669632 -0.11319056153297424 -0.027296405285596848 0.09866293519735336 0.9787673354148865 -0.1796669363975525 -0.40751171112060547 0.13238276541233063 0.16603347659111023 0.9771937131881714 -0.1964782476425171
1403638132.9950972 0.9856748580932617 -0.12018705904483795 -0.11832233518362045 -0.03413497656583786 0.09678786993026733 0.9776278138160706 -0.18675129115581512 -0.40114879608154297 0.13812030851840973 0.1726239025592804 0.9752557873725891 -0.18870684504508972
1403638133.0450969 0.986834704875946 -0.10472698509693146 -0.12324534356594086 -0.026223663240671158 0.0814044401049614 0.980103611946106 -0.18102554976940155 -0.40034908056259155 0.13975144922733307 0.168609619140625 0.975725531578064 -0.19113722443580627
1403638133.095097 0.9888586401939392 -0.08441633731126785 -0.12260685861110687 -0.02352355793118477 0.06291282922029495 0.9834806323051453 -0.16972894966602325 -0.3963301479816437 0.13490936160087585 0.16012440621852875 0.977834165096283 -0.190113365650177
1403638133.145097 0.9900878071784973 -0.07357393950223923 -0.119636669754982 -0.013870290480554104 0.05384249985218048 0.9855643510818481 -0.16051135957241058 -0.3828659951686859 0.1297191083431244 0.15247881412506104 0.9797567129135132 -0.18214285373687744
1403638133.195097 0.9918895959854126 -0.06693939864635468 -0.1080470085144043 -0.00095365010201931 0.04947308450937271 0.9863706827163696 -0.1569245308637619 -0.36894240975379944 0.11707882583141327 0.15030640363693237 0.981682538986206 -0.172450989484787
1403638133.245097 0.9933730959892273 -0.06765934824943542 -0.09290891885757446 0.012177396565675735 0.05256294086575508 0.9863148927688599 -0.15626931190490723 -0.3567333221435547 0.10221054404973984 0.1503501534461975 0.9833350777626038 -0.16069728136062622
1403638133.295097 0.9954186081886292 -0.06345029175281525 -0.07152526080608368 0.02796149253845215 0.05186175927519798 0.9867702126502991 -0.15360602736473083 -0.3427289128303528 0.08032534271478653 0.14919286966323853 0.9855401515960693 -0.1575758457183838
1403638133.345097 0.9968317151069641 -0.05853172391653061 -0.05385618656873703 0.05124563351273537 0.05024270340800285 0.9882822632789612 -0.14413106441497803 -0.3292306661605835 0.06166135519742966 0.14096854627132416 0.9880920052528381 -0.15249797701835632
1403638133.395097 0.9979839324951172 -0.05290120840072632 -0.035065535455942154 0.06502127647399902 0.04775470867753029 0.9898108243942261 -0.13414181768894196 -0.31197264790534973 0.041804514825344086 0.132196843624115 0.9903415441513062 -0.14581617712974548
1403638133.445097 0.9987818002700806 -0.047931063920259476 -0.011729255318641663 0.09107986092567444 0.0460808202624321 0.9909937977790833 -0.1257290095090866 -0.299592524766922 0.01764994114637375 0.125035360455513 0.9919952750205994 -0.14578647911548615
1403638133.4950972 0.9986104965209961 -0.05137404426932335 0.011739179491996765 0.11333422362804413 0.05241759121417999 0.9912921786308289 -0.12079830467700958 -0.3000805079936981 -0.005431048572063446 0.12124580889940262 0.9926077127456665 -0.1441834270954132
1403638133.5450969 0.9974231123924255 -0.06257490068674088 0.03509245067834854 0.13540972769260406 0.06634816527366638 0.990632176399231 -0.11935557425022125 -0.28080716729164124 -0.027295053005218506 0.12137633562088013 0.9922311902046204 -0.13388951122760773
1403638133.595097 0.9956653714179993 -0.07771921157836914 0.05109152942895889 0.15368260443210602 0.08307424932718277 0.9901435375213623 -0.11275780200958252 -0.26986974477767944 -0.04182448238134384 0.11651343107223511 0.9923080205917358 -0.13014037907123566
1403638133.645097 0.9936739802360535 -0.09423408657312393 0.06108991801738739 0.17872260510921478 0.10020700097084045 0.9895703792572021 -0.10348410159349442 -0.26484763622283936 -0.050701044499874115 0.10895109921693802 0.9927533268928528 -0.13942062854766846
1403638133.695097 0.9918026924133301 -0.10514453053474426 0.07261068373918533 0.20122075080871582 0.11185756325721741 0.9891166090965271 -0.09558405727148056 -0.24990223348140717 -0.06177026778459549 0.10292257368564606 0.9927695393562317 -0.14027200639247894
1403638133.745097 0.9897229075431824 -0.11050882190465927 0.09075513482093811 0.21785596013069153 0.11856257170438766 0.9889731407165527 -0.08874252438545227 -0.23301783204078674 -0.07994754612445831 0.0985906720161438 0.9919114708900452 -0.13016588985919952
1403638133.795097 0.9876455068588257 -0.11066737025976181 0.11094725877046585 0.23569470643997192 0.12024156749248505 0.9892129898071289 -0.08366546034812927 -0.22612783312797546 -0.10049141943454742 0.09597228467464447 0.990298330783844 -0.13603991270065308
1403638133.845097 0.9856226444244385 -0.10678181797266006 0.1309414803981781 0.2496362030506134 0.1175864189863205 0.9900146126747131 -0.07774682343006134 -0.21102628111839294 -0.12133204191923141 0.09202598035335541 0.9883368611335754 -0.12989188730716705
1403638133.895097 0.9836299419403076 -0.10631874203681946 0.1454939991235733 0.2606644630432129 0.11757964640855789 0.9905150532722473 -0.07109951972961426 -0.20290471613407135 -0.1365547627210617 0.08704274892807007 0.9868011474609375 -0.12189236283302307
1403638133.945097 0.981956422328949 -0.10610097646713257 0.15653899312019348 0.2705058157444 0.11796926707029343 0.9906478524208069 -0.06855777651071548 -0.20077785849571228 -0.14780095219612122 0.08578751981258392 0.985289454460144 -0.12372491508722305
1403638133.9950972 0.9808129668235779 -0.10647653788328171 0.1633056402206421 0.2696819007396698 0.11925637722015381 0.9903549551963806 -0.07053424417972565 -0.19695089757442474 -0.154220312833786 0.08865614235401154 0.9840508699417114 -0.11169427633285522
1403638134.0450969 0.981018602848053 -0.1032244935631752 0.16415676474571228 0.26969510316848755 0.11590960621833801 0.9908149838447571 -0.0696474239230156 -0.19628667831420898 -0.15545962750911713 0.08735275268554688 0.983972430229187 -0.10659607499837875
1403638134.095097 0.9823449850082397 -0.09515121579170227 0.16107386350631714 0.2628023624420166 0.10644985735416412 0.9923193454742432 -0.06301511079072952 -0.19964440166950226 -0.15384072065353394 0.07904885709285736 0.9849286675453186 -0.0971483513712883
1403638134.145097 0.9836163520812988 -0.08534994721412659 0.1587904691696167 0.2448722869157791 0.09549649059772491 0.9937739372253418 -0.05739232152700424 -0.20647338032722473 -0.15290334820747375 0.07161594927310944 0.9856428503990173 -0.08843223750591278
1403638134.195097 0.9839125871658325 -0.08207452297210693 0.1586819887161255 0.23846980929374695 0.0927010104060173 0.9938387274742126 -0.06075578182935715 -0.2128312736749649 -0.15271776914596558 0.07448835670948029 0.9854586124420166 -0.07179097086191177
1403638134.245097 0.9829679727554321 -0.08901164680719376 0.16078266501426697 0.2263007014989853 0.10239377617835999 0.991763710975647 -0.07694414258003235 -0.21910059452056885 -0.15260949730873108 0.09209676831960678 0.9839860200881958 -0.055544763803482056
1403638134.295097 0.9818341135978699 -0.09771941602230072 0.16264298558235168 0.2103337049484253 0.11322903633117676 0.9895769357681274 -0.08897565305233002 -0.2289973795413971 -0.15225306153297424 0.10577523708343506 0.9826650619506836 -0.04594574496150017
1403638134.345097 0.9812228679656982 -0.10630840063095093 0.16093593835830688 0.18048396706581116 0.12177299708127975 0.9885174632072449 -0.08946871757507324 -0.2323942929506302 -0.14957666397094727 0.10738639533519745 0.9829013347625732 -0.0213428046554327
1403638134.395097 0.9812740087509155 -0.11589430272579193 0.1538502275943756 0.1681002974510193 0.12970879673957825 0.9880731701850891 -0.0829886645078659 -0.24866019189357758 -0.14239731431007385 0.10139034688472748 0.9846029281616211 -0.015065426006913185
1403638134.445097 0.9808942079544067 -0.12305156886577606 0.15068209171295166 0.13790935277938843 0.13586072623729706 0.9876641631126404 -0.07785497605800629 -0.25165456533432007 -0.13924309611320496 0.09683927893638611 0.9855117797851562 0.00722929835319519
1403638134.4950972 0.9803943634033203 -0.13094983994960785 0.1472378969192505 0.12005379050970078 0.14343246817588806 0.9866142868995667 -0.07758469879627228 -0.2673965096473694 -0.13510729372501373 0.09718230366706848 0.9860535860061646 0.011575460433959961
1403638134.5450969 0.9794184565544128 -0.14165450632572174 0.14378291368484497 0.10419784486293793 0.15396881103515625 0.9849584698677063 -0.07842432707548141 -0.27980175614356995 -0.13051104545593262 0.09894832223653793 0.9864968657493591 0.021670900285243988
1403638134.595097 0.9790030121803284 -0.15117450058460236 0.13674484193325043 0.08299732208251953 0.16318394243717194 0.98324054479599 -0.08129512518644333 -0.28533226251602173 -0.12216335535049438 0.10190276056528091 0.98726487159729 0.03366067260503769
1403638134.645097 0.9789605736732483 -0.15515638887882233 0.13252384960651398 0.05656980350613594 0.166290745139122 0.9830272793769836 -0.07748878002166748 -0.2928796112537384 -0.11825170367956161 0.09789595752954483 0.988146185874939 0.03991721197962761
1403638134.695097 0.9795255064964294 -0.15607209503650665 0.12716642022132874 0.036925218999385834 0.16586260497570038 0.9836348295211792 -0.07037016749382019 -0.2942568361759186 -0.11410249769687653 0.0900215283036232 0.9893819689750671 0.04429754987359047
1403638134.745097 0.9805855751037598 -0.15510091185569763 0.11998161673545837 0.012557074427604675 0.16312381625175476 0.9847696423530579 -0.06016085296869278 -0.29841113090515137 -0.108823262155056 0.07856474816799164 0.9909515976905823 0.052681729197502136
1403638134.795097 0.9819050431251526 -0.150526225566864 0.11491027474403381 -0.007317408919334412 0.15682438015937805 0.9864670038223267 -0.047841474413871765 -0.30788442492485046 -0.10615382343530655 0.06499652564525604 0.9922232627868652 0.05571271479129791
1403638134.845097 0.9828972816467285 -0.1446806937456131 0.11393097043037415 -0.02961200475692749 0.15018735826015472 0.9877950549125671 -0.0412871316075325 -0.31322622299194336 -0.10656699538230896 0.057692017406225204 0.9926303625106812 0.05833153799176216
