1305031460.82766 0.9992995262145996 0.01529588084667921 0.03415725752711296 -0.042068324983119965 -0.015365825034677982 0.999880313873291 0.0017861308297142386 -0.004038115032017231 -0.03412585332989693 -0.0023097340017557144 0.99941486120224 0.010351249016821384
1305031460.859714 0.9987338781356812 0.023335501551628113 0.04456869512796402 -0.05090441554784775 -0.0236734077334404 0.9996948838233948 0.0070688435807824135 -0.006494821049273014 -0.04439013823866844 -0.00811498612165451 0.9989812970161438 0.015352867543697357
1305031460.891774 0.9979868531227112 0.03283765912055969 0.0542580708861351 -0.05528939142823219 -0.03353976830840111 0.9993643760681152 0.012080399319529533 -0.009791203774511814 -0.053826890885829926 -0.013875882141292095 0.9984538555145264 0.01660752296447754
1305031460.927562 0.9967299699783325 0.03824964910745621 0.07117730379104614 -0.0769500881433487 -0.039577219635248184 0.9990661144256592 0.01733517087996006 -0.01154366135597229 -0.07044775784015656 -0.02009548991918564 0.9973130226135254 0.026408467441797256
1305031460.959649 0.9971328377723694 0.034793298691511154 0.06719788908958435 -0.07681796699762344 -0.036695826798677444 0.9989538192749023 0.027288250625133514 -0.021368183195590973 -0.06617813557386398 -0.029675893485546112 0.9973664283752441 0.025224003940820694
1305031460.991668 0.9953516721725464 0.03365958482027054 0.0902337059378624 -0.10744605213403702 -0.036148551851511 0.9990058541297913 0.026092318817973137 -0.03314097225666046 -0.08926574140787125 -0.029232852160930634 0.9955787062644958 0.039721231907606125
1305031461.02762 0.995062530040741 0.030064286664128304 0.09458673000335693 -0.11982015520334244 -0.03238151967525482 0.9992095828056335 0.023059437051415443 -0.03913004323840141 -0.09381870180368423 -0.026008443906903267 0.9952495098114014 0.04395240917801857
1305031461.059662 0.9950808882713318 0.028463177382946014 0.09488876163959503 -0.13301338255405426 -0.030176859349012375 0.9994054436683655 0.01667386293411255 -0.04334453493356705 -0.09435775130987167 -0.019455287605524063 0.9953481554985046 0.04807046428322792
1305031461.091728 0.9953327178955078 0.030658090487122536 0.09150364995002747 -0.14102941751480103 -0.032755304127931595 0.9992319941520691 0.021506069228053093 -0.04622615501284599 -0.09077402949333191 -0.02440292201936245 0.9955723881721497 0.05481336638331413
1305031461.127586 0.9951779246330261 0.036931514739990234 0.09086824208498001 -0.14492477476596832 -0.03929953649640083 0.9989292025566101 0.024409692734479904 -0.05393831431865692 -0.08986944705247879 -0.027863072231411934 0.9955636858940125 0.0610138401389122
1305031461.15972 0.9948388934135437 0.04011612385511398 0.09320142865180969 -0.15619727969169617 -0.04215813800692558 0.9989097118377686 0.020044345408678055 -0.06246794015169144 -0.09229571372270584 -0.023870090022683144 0.9954454898834229 0.06784772127866745
1305031461.192013 0.9948418140411377 0.04795968532562256 0.08938580751419067 -0.16172590851783752 -0.04914048686623573 0.9987306594848633 0.011055332608520985 -0.06378673762083054 -0.08874212950468063 -0.015390768647193909 0.9959356188774109 0.0737052634358406
1305031461.227607 0.9945141077041626 0.05229605361819267 0.09059184789657593 -0.16784879565238953 -0.05316545441746712 0.9985597729682922 0.007208831608295441 -0.06684642285108566 -0.09008436650037766 -0.011985642835497856 0.9958619475364685 0.07894768565893173
1305031461.259642 0.9939062595367432 0.059202492237091064 0.09298112988471985 -0.1798027753829956 -0.05973893776535988 0.998209536075592 0.0029943292029201984 -0.07274927943944931 -0.09263738989830017 -0.008530677296221256 0.9956633448600769 0.08708970993757248
1305031461.291656 0.9934905767440796 0.07129416614770889 0.08884578198194504 -0.1833893060684204 -0.07117118686437607 0.9974537491798401 -0.0045554786920547485 -0.07551633566617966 -0.08894433826208115 -0.001797433476895094 0.9960349798202515 0.09302149713039398
1305031461.327751 0.9924911856651306 0.07956439256668091 0.09290280193090439 -0.1887107640504837 -0.078839011490345 0.9968214631080627 -0.011457928456366062 -0.07849065959453583 -0.09351913630962372 0.004047525580972433 0.9956092238426208 0.10147727280855179
1305031461.359709 0.9909496307373047 0.08873489499092102 0.10072319209575653 -0.19050662219524384 -0.08751671761274338 0.9960270524024963 -0.016458161175251007 -0.07169288396835327 -0.10178343951702118 0.007494244258850813 0.9947782754898071 0.10693156719207764
1305031461.391708 0.9895555973052979 0.09147167205810547 0.11141366511583328 -0.19950278103351593 -0.09210528433322906 0.9957490563392639 0.0005425279960036278 -0.08257083594799042 -0.11089041829109192 -0.010798647999763489 0.9937739372253418 0.11736349016427994
1305031461.427624 0.9893300533294678 0.09449887275695801 0.11088705062866211 -0.20214226841926575 -0.09543196111917496 0.9954310059547424 0.0031258314847946167 -0.09252072870731354 -0.11008504033088684 -0.01367464940994978 0.9938280582427979 0.12263056635856628
1305031461.459781 0.988946795463562 0.09379008412361145 0.11483745276927948 -0.20206832885742188 -0.09528165310621262 0.9954217076301575 0.007556919474154711 -0.08969481289386749 -0.11360292136669159 -0.018415294587612152 0.9933555722236633 0.1276417225599289
1305031461.491677 0.9884891510009766 0.09252038598060608 0.11970392614603043 -0.20504827797412872 -0.09546896070241928 0.9952486753463745 0.019124193117022514 -0.10500112920999527 -0.11736580729484558 -0.030332067981362343 0.9926254153251648 0.1346273273229599
1305031461.527705 0.9887008666992188 0.0957404300570488 0.11534512788057327 -0.20274709165096283 -0.09721485525369644 0.9952372908592224 0.0072126202285289764 -0.10596133768558502 -0.1141052395105362 -0.01834437996149063 0.9932993054389954 0.13519935309886932
1305031461.559677 0.9886963367462158 0.10012270510196686 0.11160200089216232 -0.19077005982398987 -0.10164528340101242 0.9947883486747742 0.008023196831345558 -0.1120314821600914 -0.11021703481674194 -0.019276319071650505 0.9937207102775574 0.1360437124967575
1305031461.59169 0.9863476157188416 0.10838587582111359 0.12397907674312592 -0.18676289916038513 -0.10889831185340881 0.9940493702888489 -0.002656250260770321 -0.11405885219573975 -0.12352921068668365 -0.010881125926971436 0.9922812581062317 0.13660278916358948
1305031461.627541 0.9849585890769958 0.10815698653459549 0.13475458323955536 -0.17992641031742096 -0.10855937004089355 0.9940803050994873 -0.004380242899060249 -0.1144685223698616 -0.1344306319952011 -0.010314510203897953 0.9908693432807922 0.13762865960597992
1305031461.659622 0.9831511974334717 0.10953868925571442 0.14633826911449432 -0.17689275741577148 -0.10991613566875458 0.9939255118370056 -0.005529074463993311 -0.1155519187450409 -0.14605501294136047 -0.010649017989635468 0.9892191886901855 0.13825827836990356
1305031461.691563 0.9832926392555237 0.09834019094705582 0.153181791305542 -0.169821634888649 -0.09879426658153534 0.9950969815254211 -0.004663427360355854 -0.11124175786972046 -0.15288934111595154 -0.010547967627644539 0.9881870150566101 0.13819710910320282
1305031461.727602 0.9835838675498962 0.087632916867733 0.15774470567703247 -0.16203725337982178 -0.08976548165082932 0.995942234992981 0.006431644316762686 -0.1163528710603714 -0.15654098987579346 -0.02048609033226967 0.9874590635299683 0.14115038514137268
1305031461.759684 0.9833859205245972 0.08451595902442932 0.16065233945846558 -0.1479388028383255 -0.08567479252815247 0.9963231086730957 0.0002874772762879729 -0.10651373118162155 -0.1600373387336731 -0.014046555384993553 0.9870110154151917 0.14289620518684387
1305031461.791612 0.9835054278373718 0.07557119429111481 0.16433483362197876 -0.13301347196102142 -0.07784971594810486 0.9969372749328613 0.007459825836122036 -0.10443925112485886 -0.16326776146888733 -0.020130202174186707 0.9863764643669128 0.14073063433170319
1305031461.827615 0.9824976921081543 0.06589873880147934 0.1742287427186966 -0.12171502411365509 -0.06853678077459335 0.9976065158843994 0.00916152261197567 -0.10294079780578613 -0.17320796847343445 -0.02094224840402603 0.984662652015686 0.14168965816497803
1305031461.859767 0.9822238087654114 0.04831672087311745 0.1813894361257553 -0.10699193924665451 -0.05059484392404556 0.9986876249313354 0.007950479164719582 -0.09448827058076859 -0.180767223238945 -0.01698651723563671 0.9833791851997375 0.13973647356033325
1305031461.891723 0.9810254573822021 0.02340579219162464 0.1924610733985901 -0.09784669429063797 -0.026731297373771667 0.9995346069335938 0.014699982479214668 -0.08056572079658508 -0.19202741980552673 -0.019565792754292488 0.9811944365501404 0.14067116379737854
1305031461.927758 0.9804525971412659 0.00667764525860548 0.19664210081100464 -0.08701281249523163 -0.014327353797852993 0.9991937279701233 0.03750481456518173 -0.07980018854141235 -0.1962331235408783 -0.0395890474319458 0.9797577857971191 0.1413792073726654
1305031461.959703 0.9810286164283752 -0.00173672114033252 0.193855419754982 -0.0591665655374527 -0.007311428431421518 0.9989170432090759 0.0459495484828949 -0.07815904915332794 -0.19372528791427612 -0.046495191752910614 0.9799533486366272 0.13630855083465576
1305031461.99159 0.9775617718696594 -0.01410443615168333 0.2101764678955078 -0.04486741125583649 0.006896602921187878 0.9993640184402466 0.03498784452676773 -0.04628298431634903 -0.21053625643253326 -0.03275328129529953 0.9770371317863464 0.13742779195308685
1305031462.027675 0.9717762470245361 -0.03505082428455353 0.23328596353530884 -0.05102038383483887 0.020486654713749886 0.9977033138275146 0.06456397473812103 -0.04315248504281044 -0.2350131869316101 -0.05796249955892563 0.9702624082565308 0.13869285583496094
1305031462.059837 0.9718809127807617 -0.061100468039512634 0.22740763425827026 -0.04379008710384369 0.043436456471681595 0.9956943392753601 0.08188960701227188 -0.03544674441218376 -0.2314319908618927 -0.0697091594338417 0.9703503847122192 0.13770803809165955
1305031462.091777 0.9728490114212036 -0.08466686308383942 0.2153978943824768 -0.031178049743175507 0.064583919942379 0.9930254817008972 0.09863585233688354 -0.029558708891272545 -0.22224676609039307 -0.08204655349254608 0.9715321660041809 0.13475513458251953
1305031462.127739 0.9715290665626526 -0.10354930907487869 0.21309366822242737 -0.022771170362830162 0.08120471239089966 0.9904875755310059 0.11108525097370148 -0.020724888890981674 -0.22256946563720703 -0.09061834216117859 0.970696210861206 0.13531038165092468
1305031462.159646 0.9705459475517273 -0.11491174250841141 0.21174485981464386 -0.01676875911653042 0.09011878073215485 0.9882738590240479 0.12326084822416306 -0.01527848094701767 -0.22342607378959656 -0.10054812580347061 0.9695209264755249 0.13282589614391327
1305031462.191641 0.9707286357879639 -0.11526549607515335 0.21071301400661469 -0.00988398864865303 0.08957038819789886 0.9877610802650452 0.1276913285255432 -0.00685824453830719 -0.22285257279872894 -0.10507996380329132 0.9691722393035889 0.13005909323692322
1305031462.227633 0.9701035618782043 -0.11630063503980637 0.21301031112670898 -0.00364573672413826 0.08842084556818008 0.9867469668388367 0.13605879247188568 0.0033775977790355682 -0.22601103782653809 -0.11315654963254929 0.9675301313400269 0.12574493885040283
1305031462.259765 0.9697486162185669 -0.1070658415555954 0.21937312185764313 -0.002968939021229744 0.07618025690317154 0.9865350723266602 0.14472392201423645 0.012837933376431465 -0.23191428184509277 -0.12363392859697342 0.9648473262786865 0.127777561545372
1305031462.291629 0.9709208607673645 -0.09584422409534454 0.2193780541419983 -0.0015517324209213257 0.06233528256416321 0.9859654307365417 0.15487627685070038 0.021016925573349 -0.23114317655563354 -0.13669763505458832 0.9632686376571655 0.12609723210334778
1305031462.32754 0.97260981798172 -0.0820312574505806 0.217488095164299 0.00399727001786232 0.046222519129514694 0.9852271676063538 0.1648961901664734 0.029645871371030807 -0.2278018295764923 -0.15032680332660675 0.9620333313941956 0.12364105135202408
1305031462.359732 0.9728507995605469 -0.06314028054475784 0.22265370190143585 0.0047776661813259125 0.025644075125455856 0.9855495691299438 0.1674349159002304 0.045464999973773956 -0.23000814020633698 -0.15717944502830505 0.9604118466377258 0.1238255575299263
1305031462.391695 0.973456621170044 -0.048568520694971085 0.22365926206111908 0.00424431636929512 0.008180717937648296 0.9839838743209839 0.17807024717330933 0.06017785146832466 -0.22872570157051086 -0.17151394486427307 0.9582627415657043 0.12450393289327621
1305031462.427635 0.9749862551689148 -0.03780100867152214 0.21902728080749512 0.004659738391637802 -0.006870280485600233 0.9798353314399719 0.19968834519386292 0.06546775996685028 -0.22215910255908966 -0.19619813561439514 0.9550663232803345 0.12182343006134033
1305031462.459897 0.9778472781181335 -0.014870593324303627 0.2087908536195755 0.009826162829995155 -0.028833644464612007 0.9783952236175537 0.20472268760204315 0.08488250523805618 -0.2073243409395218 -0.20620772242546082 0.9562923312187195 0.11990824341773987
1305031462.492008 0.9802834987640381 -0.003570927307009697 0.19756391644477844 0.01580038107931614 -0.042955126613378525 0.9720746874809265 0.23070713877677917 0.08908463269472122 -0.19287072122097015 -0.2346448302268982 0.952755331993103 0.11622143536806107
1305031462.52767 0.980501115322113 0.0084138885140419 0.19633334875106812 0.009643388912081718 -0.05746259167790413 0.9676916599273682 0.245501309633255 0.09619580954313278 -0.18792451918125153 -0.25199615955352783 0.9493062496185303 0.1120314747095108
1305031462.559862 0.9834456443786621 0.028818652033805847 0.17889659106731415 0.016860388219356537 -0.07496225833892822 0.9635337591171265 0.256872296333313 0.10200817883014679 -0.16497017443180084 -0.2660304307937622 0.9497434496879578 0.1053643748164177
1305031462.591862 0.9846659898757935 0.05146495997905731 0.16668608784675598 0.02605443261563778 -0.09446113556623459 0.9605904817581177 0.26142510771751404 0.10712465643882751 -0.1466628462076187 -0.27316176891326904 0.9507221579551697 0.09779369831085205
1305031462.627851 0.9845240712165833 0.07391989976167679 0.15889611840248108 0.032978594303131104 -0.11456644535064697 0.9575904607772827 0.26437678933143616 0.1105957105755806 -0.13261470198631287 -0.27848947048187256 0.9512397050857544 0.08933243155479431
1305031462.65966 0.9822969436645508 0.0976373627781868 0.15987429022789001 0.03409477323293686 -0.13709402084350586 0.9562835693359375 0.25831544399261475 0.11661376059055328 -0.12766389548778534 -0.27566030621528625 0.9527398943901062 0.08290327340364456
1305031462.692548 0.9810431003570557 0.11935098469257355 0.15267571806907654 0.038757577538490295 -0.1548009067773819 0.9565966129302979 0.24689984321594238 0.1262299120426178 -0.11658132821321487 -0.26585376262664795 0.9569380879402161 0.07546661794185638
1305031462.727652 0.9790711998939514 0.14605844020843506 0.14172671735286713 0.04285154491662979 -0.17756962776184082 0.9533236622810364 0.24421913921833038 0.13503140211105347 -0.09944114089012146 -0.26427435874938965 0.9593073129653931 0.06545624136924744
1305031462.759782 0.9771941900253296 0.1757645457983017 0.11915619671344757 0.05864430218935013 -0.20023967325687408 0.9494976997375488 0.24157410860061646 0.14472272992134094 -0.07067833840847015 -0.25992462038993835 0.9630387425422668 0.0551370345056057
1305031462.791943 0.9758514165878296 0.19331957399845123 0.1016945093870163 0.07307204604148865 -0.2131071388721466 0.944782555103302 0.24894019961357117 0.14499497413635254 -0.047954194247722626 -0.26460036635398865 0.9631651043891907 0.04526018351316452
1305031462.827816 0.9745733141899109 0.20908504724502563 0.08056290447711945 0.09337163716554642 -0.22275876998901367 0.9429097771644592 0.24758808314800262 0.15577684342861176 -0.024196583777666092 -0.2592388093471527 0.9655100703239441 0.03294866904616356
1305031462.859782 0.9723094701766968 0.2217087596654892 0.07388840615749359 0.10719408094882965 -0.2334371954202652 0.9363107085227966 0.26235368847846985 0.15352749824523926 -0.011016402393579483 -0.2723371982574463 0.962138831615448 0.02223208174109459
1305031462.891847 0.97037672996521 0.23160988092422485 0.06874392926692963 0.12571600079536438 -0.24156010150909424 0.9350637793540955 0.2594309449195862 0.15804795920848846 -0.004193197935819626 -0.2683514654636383 0.9633119106292725 0.014847639948129654
1305031462.927607 0.9693248271942139 0.2372991293668747 0.06402115523815155 0.14221365749835968 -0.24577748775482178 0.9340004920959473 0.25929972529411316 0.15895795822143555 0.0017358122859150171 -0.2670806348323822 0.9636726379394531 0.00786898285150528
1305031462.959676 0.9686068296432495 0.2418392449617386 0.05757075175642967 0.15541842579841614 -0.24843549728393555 0.9333090782165527 0.2592562437057495 0.15900492668151855 0.008967026136815548 -0.2654200792312622 0.9640911817550659 0.000328943133354187
1305031462.99555 0.9668271541595459 0.2519192397594452 0.04221373796463013 0.17205892503261566 -0.2540544867515564 0.9312542676925659 0.2611926794052124 0.1520565152168274 0.026487741619348526 -0.26325279474258423 0.964363157749176 -0.008643560111522675
1305031463.027667 0.9637287855148315 0.2660033702850342 0.021654639393091202 0.19134987890720367 -0.2629256248474121 0.9323854446411133 0.24804732203483582 0.15333059430122375 0.04579095169901848 -0.24474389851093292 0.968505859375 -0.012973234057426453
1305031463.05981 0.9594898819923401 0.28173428773880005 0.00219864584505558 0.20755881071090698 -0.27420321106910706 0.931991696357727 0.23707401752471924 0.15797264873981476 0.06474275887012482 -0.22807303071022034 0.9714890718460083 -0.022907081991434097
1305031463.095809 0.9527270793914795 0.30353662371635437 -0.013284033164381981 0.22762078046798706 -0.2918666899204254 0.9264936447143555 0.23753592371940613 0.15606707334518433 0.08440843224525452 -0.22242975234985352 0.9712879061698914 -0.03021979331970215
1305031463.12755 0.9469170570373535 0.3205937147140503 -0.02382684126496315 0.24255655705928802 -0.3065377473831177 0.9227592349052429 0.2335595339536667 0.14933274686336517 0.09686417132616043 -0.21385765075683594 0.9720505475997925 -0.03700420632958412
1305031463.159787 0.9409568309783936 0.33649080991744995 -0.037068333476781845 0.258411169052124 -0.32043173909187317 0.9206261038780212 0.22309431433677673 0.14852134883403778 0.1091952919960022 -0.19804427027702332 0.9740918278694153 -0.0483044758439064
1305031463.195657 0.9345513582229614 0.3529858887195587 -0.04488513618707657 0.2769659757614136 -0.3359808027744293 0.916915237903595 0.21536794304847717 0.15311871469020844 0.11717772483825684 -0.1861918568611145 0.9755008816719055 -0.05669866502285004
1305031463.227784 0.9310990571975708 0.3616907298564911 -0.04727008938789368 0.2891554534435272 -0.34254586696624756 0.911544680595398 0.22748342156410217 0.1392010897397995 0.1253674477338791 -0.1956174224615097 0.9726340174674988 -0.059747450053691864
1305031463.260034 0.927220344543457 0.36838802695274353 -0.06747476011514664 0.3138839602470398 -0.3473432660102844 0.9132481217384338 0.2129097431898117 0.13780620694160461 0.14005465805530548 -0.17397736012935638 0.9747392535209656 -0.05756862089037895
1305031463.295737 0.92286217212677 0.3778003454208374 -0.07478166371583939 0.3299970030784607 -0.3566041886806488 0.9115808010101318 0.20458228886127472 0.13841864466667175 0.1454607993364334 -0.1621338129043579 0.9759886860847473 -0.06433062255382538
1305031463.327739 0.9192507266998291 0.3845272362232208 -0.08436205983161926 0.3455106019973755 -0.36033639311790466 0.9081641435623169 0.21306225657463074 0.1295185685157776 0.15854285657405853 -0.16545893251895905 0.9733896851539612 -0.06296578794717789
1305031463.35975 0.9166432619094849 0.3881775736808777 -0.09530767053365707 0.35592615604400635 -0.3627740144729614 0.9080564975738525 0.20935238897800446 0.12237919867038727 0.16781066358089447 -0.15732628107070923 0.9731844663619995 -0.06494597345590591
1305031463.39563 0.9114516377449036 0.395344614982605 -0.11383607238531113 0.37629202008247375 -0.3681994676589966 0.9073178768157959 0.20298641920089722 0.12274810671806335 0.18353508412837982 -0.143097922205925 0.972541868686676 -0.06819067150354385
1305031463.427716 0.9065402746200562 0.40334293246269226 -0.1244962066411972 0.3961908221244812 -0.3736485540866852 0.9039711356163025 0.20790152251720428 0.11536961048841476 0.1963965892791748 -0.141953244805336 0.9701945781707764 -0.06436608731746674
1305031463.459756 0.9041461944580078 0.40716102719306946 -0.12938159704208374 0.41355443000793457 -0.3764812648296356 0.9024949073791504 0.2092003971338272 0.10745847970247269 0.201944500207901 -0.14043797552585602 0.9692757725715637 -0.06526049226522446
1305031463.495629 0.9035194516181946 0.4079754948616028 -0.13118159770965576 0.43425866961479187 -0.3758929967880249 0.9014715552330017 0.21460075676441193 0.09488670527935028 0.2058083415031433 -0.14458568394184113 0.9678522348403931 -0.06739956140518188
1305031463.52767 0.9019930958747864 0.4115689694881439 -0.13045860826969147 0.45362377166748047 -0.37977805733680725 0.9000571370124817 0.2136954963207245 0.07994511723518372 0.20537063479423523 -0.14320652186870575 0.9681501984596252 -0.06268076598644257
1305031463.559751 0.9036773443222046 0.4083901047706604 -0.12878188490867615 0.4662944972515106 -0.38009458780288696 0.9035051465034485 0.19800648093223572 0.07992365211248398 0.19721895456314087 -0.12998466193675995 0.9717040657997131 -0.06274078786373138
1305031463.5956 0.9027286171913147 0.4091578423976898 -0.13293249905109406 0.4817678928375244 -0.37935757637023926 0.902799129486084 0.20258724689483643 0.07111166417598724 0.20290148258209229 -0.1324523240327835 0.970199704170227 -0.0645810216665268
1305031463.627588 0.8994271755218506 0.4135356545448303 -0.14148855209350586 0.4993998408317566 -0.38010191917419434 0.8998810648918152 0.21386119723320007 0.04741371423006058 0.21576209366321564 -0.13857246935367584 0.9665632843971252 -0.06342142820358276
1305031463.659766 0.8980126976966858 0.411725252866745 -0.1550980806350708 0.5185167789459229 -0.37918901443481445 0.9030538201332092 0.20176568627357483 0.03230605274438858 0.22313393652439117 -0.12237667292356491 0.9670755863189697 -0.06333451718091965
1305031463.69564 0.8955682516098022 0.4135901927947998 -0.16401390731334686 0.5361793637275696 -0.38306230306625366 0.9042611718177795 0.1886131763458252 0.03032056801021099 0.22631999850273132 -0.10608840733766556 0.9682585000991821 -0.06553675979375839
1305031463.727588 0.890975296497345 0.42226842045783997 -0.166890949010849 0.5525891780853271 -0.38932108879089355 0.8996202349662781 0.1977689117193222 0.007175944745540619 0.2336500883102417 -0.11123303323984146 0.9659373164176941 -0.06416962295770645
1305031463.759674 0.8865430355072021 0.4297703802585602 -0.17128588259220123 0.5680987238883972 -0.3967474699020386 0.8966804146766663 0.19635619223117828 -0.024512391537427902 0.23797675967216492 -0.10612094402313232 0.9654560089111328 -0.06509274244308472
1305031463.795647 0.8798819780349731 0.43942511081695557 -0.18086853623390198 0.5860817432403564 -0.41049203276634216 0.8946117758750916 0.17653921246528625 -0.033361438661813736 0.23938290774822235 -0.08108854293823242 0.9675331711769104 -0.07078951597213745
1305031463.827761 0.8678183555603027 0.4615098237991333 -0.18411947786808014 0.5997169017791748 -0.4331967234611511 0.8842290639877319 0.17458389699459076 -0.05316699296236038 0.2433759868144989 -0.07174715399742126 0.9672747850418091 -0.07183052599430084
1305031463.85991 0.8596480488777161 0.47458240389823914 -0.18914754688739777 0.6126419901847839 -0.4467282295227051 0.8779029250144958 0.17239607870578766 -0.079095758497715 0.2478693574666977 -0.06370238214731216 0.9666967988014221 -0.0709565058350563
1305031463.895648 0.8525863289833069 0.4879794418811798 -0.18701022863388062 0.6211482882499695 -0.4638991951942444 0.8714848756790161 0.1590966284275055 -0.09559429436922073 0.2406124323606491 -0.04888971149921417 0.9693892002105713 -0.08685864508152008
1305031463.927664 0.8470125198364258 0.4962970018386841 -0.19041858613491058 0.6293247938156128 -0.4724767804145813 0.867037832736969 0.15814943611621857 -0.11210508644580841 0.24358920753002167 -0.043986160308122635 0.9688804745674133 -0.0938284695148468
1305031463.95968 0.8376584053039551 0.5076996088027954 -0.201418936252594 0.6392292380332947 -0.4825913906097412 0.8606588244438171 0.16239455342292786 -0.13478723168373108 0.25580060482025146 -0.038828082382678986 0.9659494757652283 -0.09656544029712677
1305031463.995821 0.8295023441314697 0.5167504549026489 -0.21188399195671082 0.6484144926071167 -0.49375608563423157 0.8558191061019897 0.15420272946357727 -0.1500118374824524 0.26101869344711304 -0.023292528465390205 0.9650527238845825 -0.10754966735839844
1305031464.027703 0.8185528516769409 0.5291067361831665 -0.22364525496959686 0.6620745658874512 -0.5053301453590393 0.848403811454773 0.15764617919921875 -0.1701456904411316 0.2731531262397766 -0.016027063131332397 0.9618369936943054 -0.11257712543010712
1305031464.059652 0.8070278763771057 0.5459537506103516 -0.22503429651260376 0.6668551564216614 -0.5220476984977722 0.8377318978309631 0.16022349894046783 -0.19673606753349304 0.2759929597377777 -0.011826223693788052 0.9610868692398071 -0.12118324637413025
1305031464.095634 0.798245906829834 0.5564801096916199 -0.23050686717033386 0.6739280223846436 -0.537320613861084 0.8308212757110596 0.14499153196811676 -0.20824646949768066 0.27219489216804504 0.008117210119962692 0.9622078537940979 -0.13160927593708038
1305031464.127681 0.7929607629776001 0.5623499155044556 -0.23446908593177795 0.6779320240020752 -0.5443658828735352 0.8267609477043152 0.14188730716705322 -0.22271370887756348 0.2736401855945587 0.015125921927392483 0.9617131948471069 -0.14343684911727905
1305031464.159817 0.7895185351371765 0.5622969269752502 -0.24593226611614227 0.6764893531799316 -0.5439178347587585 0.8266915678977966 0.1439945101737976 -0.24158062040805817 0.2842777371406555 0.020080598071217537 0.9585316777229309 -0.15006929636001587
1305031464.195585 0.7828875780105591 0.5616329312324524 -0.26768556237220764 0.6780387163162231 -0.5442090034484863 0.8266948461532593 0.14287099242210388 -0.2601203918457031 0.30153530836105347 0.033824991434812546 0.9528548121452332 -0.16055113077163696
1305031464.227624 0.7729041576385498 0.5597633123397827 -0.29880475997924805 0.686380922794342 -0.5491120219230652 0.8260312676429749 0.1270764321088791 -0.25277894735336304 0.31795477867126465 0.0658593699336052 0.9458156824111938 -0.1727890521287918
1305031464.259644 0.7628528475761414 0.5554306507110596 -0.33098679780960083 0.7010263204574585 -0.5439384579658508 0.8280484080314636 0.13589216768741608 -0.2604767382144928 0.349551796913147 0.0763707235455513 0.9337993264198303 -0.18651263415813446
1305031464.295667 0.74126797914505 0.5678529143333435 -0.35786131024360657 0.7074691653251648 -0.5492088794708252 0.8196387887001038 0.16297772526741028 -0.2821464240550995 0.3858644366264343 0.07573042064905167 0.9194419980049133 -0.19027362763881683
1305031464.327866 0.7205505967140198 0.5753417015075684 -0.38702547550201416 0.7248637676239014 -0.5513697266578674 0.8138642311096191 0.18334783613681793 -0.3040066659450531 0.4204738736152649 0.08128274232149124 0.9036564230918884 -0.185337096452713
1305031464.359684 0.7079806327819824 0.5802100300788879 -0.4026409387588501 0.7287012934684753 -0.5573736429214478 0.8091672658920288 0.1859651505947113 -0.31586065888404846 0.43370264768600464 0.09276166558265686 0.8962685465812683 -0.18752267956733704
1305031464.395611 0.6917789578437805 0.583301305770874 -0.4256775975227356 0.7512823939323425 -0.5621321797370911 0.8050253987312317 0.18958261609077454 -0.3373640775680542 0.4532650113105774 0.1081378310918808 0.884792149066925 -0.18545201420783997
1305031464.427634 0.6766121983528137 0.5954576730728149 -0.43315809965133667 0.7654061317443848 -0.574826717376709 0.7947812080383301 0.19467192888259888 -0.3610885441303253 0.4601847529411316 0.11727344244718552 0.8800438046455383 -0.18443965911865234
1305031464.459689 0.6640610694885254 0.6065632700920105 -0.43715429306030273 0.7698714733123779 -0.5868059992790222 0.7851423025131226 0.19801567494869232 -0.3835691809654236 0.46333739161491394 0.12503035366535187 0.8773173689842224 -0.19366636872291565
1305031464.495633 0.6533232927322388 0.6113379597663879 -0.4465809464454651 0.7845995426177979 -0.5929337739944458 0.7799502015113831 0.20026761293411255 -0.4037267565727234 0.4707421362400055 0.13395343720912933 0.8720425963401794 -0.19449126720428467
1305031464.527574 0.6427383422851562 0.619080662727356 -0.45124998688697815 0.7989794015884399 -0.6077050566673279 0.7706735730171204 0.19172032177448273 -0.4113045036792755 0.4664568305015564 0.15100102126598358 0.8715598583221436 -0.20375791192054749
1305031464.559703 0.6237569451332092 0.63704514503479 -0.4528805613517761 0.809067964553833 -0.6214132905006409 0.7556337118148804 0.20703443884849548 -0.44370752573013306 0.47410210967063904 0.15228690207004547 0.8672000169754028 -0.20318400859832764
1305031464.595698 0.6079009175300598 0.6514471769332886 -0.45395272970199585 0.8149120807647705 -0.6357120871543884 0.7418661713600159 0.21331870555877686 -0.4949715733528137 0.4757380485534668 0.15890665352344513 0.8651138544082642 -0.20313683152198792
1305031464.627672 0.6086347699165344 0.6486221551895142 -0.4570044279098511 0.8278985619544983 -0.6516838073730469 0.7372100949287415 0.17840828001499176 -0.509581446647644 0.4526277184486389 0.18923689424991608 0.8713883757591248 -0.2167406678199768
1305031464.659749 0.6004469990730286 0.6503256559371948 -0.46533846855163574 0.8406849503517151 -0.6677634119987488 0.7279192805290222 0.15564584732055664 -0.5373553037643433 0.43994930386543274 0.21727889776229858 0.8713406920433044 -0.2050212025642395
1305031464.695663 0.5915877223014832 0.6556994915008545 -0.46912914514541626 0.8376668691635132 -0.6983394622802734 0.7075290679931641 0.10827998071908951 -0.5376233458518982 0.402921587228775 0.2635543644428253 0.8764663934707642 -0.23050621151924133
1305031464.727652 0.5746483206748962 0.6585577726364136 -0.4858816862106323 0.8265713453292847 -0.7182205319404602 0.6904340982437134 0.08637198060750961 -0.5672279596328735 0.3923502564430237 0.29933667182922363 0.8697464466094971 -0.23069804906845093
1305031464.75974 0.5493627786636353 0.6578507423400879 -0.5152018666267395 0.8458151817321777 -0.7444612383842468 0.6653356552124023 0.055730149149894714 -0.5483418107032776 0.37944427132606506 0.35293176770210266 0.8552550077438354 -0.23068678379058838
1305031464.796021 0.5219788551330566 0.6676750183105469 -0.5307992696762085 0.8402411341667175 -0.7673724889755249 0.6392866373062134 0.04951713606715202 -0.5522493720054626 0.37239429354667664 0.38147395849227905 0.8460497260093689 -0.24427920579910278
1305031464.827759 0.49281108379364014 0.668666660785675 -0.5567961931228638 0.8346767425537109 -0.7826873660087585 0.6202303171157837 0.052102215588092804 -0.5548017024993896 0.38018089532852173 0.4101208746433258 0.829013466835022 -0.2570813298225403
1305031464.859654 0.4560201168060303 0.6710038781166077 -0.5846361517906189 0.8398669958114624 -0.7957605123519897 0.6015810370445251 0.06975363940000534 -0.5556079745292664 0.39851099252700806 0.43342125415802 0.8082914352416992 -0.25302910804748535
1305031464.895817 0.3990142345428467 0.6915037631988525 -0.6021711230278015 0.845806360244751 -0.8185091018676758 0.5646255612373352 0.10602276772260666 -0.5758524537086487 0.41331639885902405 0.4505780339241028 0.7912958264350891 -0.24882078170776367
1305031464.927799 0.3537626266479492 0.7028072476387024 -0.6171823740005493 0.8399145603179932 -0.8323372602462769 0.5375636219978333 0.13505534827709198 -0.5972968935966492 0.4266926050186157 0.46592631936073303 0.7751426696777344 -0.2149353325366974
1305031464.959763 0.3193601071834564 0.7080932259559631 -0.6297723054885864 0.8367201089859009 -0.8462744951248169 0.5121519565582275 0.1466960310935974 -0.6213484406471252 0.42641353607177734 0.4861113727092743 0.7628021836280823 -0.2034541666507721
1305031464.995687 0.2893342077732086 0.7070375084877014 -0.6452779769897461 0.8414753079414368 -0.8616058826446533 0.4860541522502899 0.14624160528182983 -0.634522557258606 0.41703835129737854 0.5136626362800598 0.749819815158844 -0.18760645389556885
1305031465.027823 0.2570374608039856 0.7115368843078613 -0.6539472937583923 0.8361327648162842 -0.8811189532279968 0.45048993825912476 0.14383357763290405 -0.6377732753753662 0.3969395160675049 0.5392347574234009 0.7427415251731873 -0.17299669981002808
1305031465.059749 0.2256598174571991 0.7020978927612305 -0.6753785610198975 0.8437346816062927 -0.8927749991416931 0.4265030026435852 0.1450791358947754 -0.6244441270828247 0.3899106979370117 0.5702226161956787 0.7230600118637085 -0.14063334465026855
1305031465.0957 0.1864224523305893 0.7052923440933228 -0.6839659214019775 0.8658930659294128 -0.9011006951332092 0.40015101432800293 0.1670229732990265 -0.6070422530174255 0.3914896845817566 0.5851853489875793 0.7101365923881531 -0.11312684416770935
1305031465.127664 0.14038899540901184 0.7308998703956604 -0.6678894758224487 0.8724424242973328 -0.9016095995903015 0.373124897480011 0.21880994737148285 -0.6277519464492798 0.4091343879699707 0.5714570879936218 0.7113690376281738 -0.08857327699661255
1305031465.159842 0.10873879492282867 0.7518786191940308 -0.6502726078033447 0.8726929426193237 -0.9040294885635376 0.3468411862850189 0.24986344575881958 -0.6216457486152649 0.4134082794189453 0.5606957674026489 0.7174356579780579 -0.07208305597305298
1305031465.195564 0.07982293516397476 0.7639642357826233 -0.6403021812438965 0.8709887862205505 -0.8997611403465271 0.33168503642082214 0.28357526659965515 -0.6278105974197388 0.4290200471878052 0.5534833073616028 0.7138614654541016 -0.040210723876953125
1305031465.227907 0.0585736483335495 0.7746032476425171 -0.629729151725769 0.876035213470459 -0.8967962265014648 0.3179469704627991 0.3076786398887634 -0.625687837600708 0.43854930996894836 0.5467168688774109 0.7132847309112549 -0.011761665344238281
1305031465.259807 0.038011036813259125 0.7882577776908875 -0.6141698956489563 0.873218834400177 -0.8889101147651672 0.3074479401111603 0.3395800292491913 -0.6363875865936279 0.45650190114974976 0.533034086227417 0.7123767733573914 0.013486266136169434
1305031465.295623 0.04321448132395744 0.7898730039596558 -0.6117460131645203 0.8798827528953552 -0.8712878227233887 0.3294176459312439 0.36378782987594604 -0.6419949531555176 0.48886603116989136 0.517285943031311 0.7024423480033875 0.04274791479110718
1305031465.327674 0.0450962595641613 0.7963684797286987 -0.60312819480896 0.8851489424705505 -0.8525623083114624 0.34535515308380127 0.3922591209411621 -0.6475704908370972 0.5206761360168457 0.4965149462223053 0.6945280432701111 0.06210273504257202
1305031465.359948 0.04422273486852646 0.8011230230331421 -0.5968636870384216 0.882750391960144 -0.8310362100601196 0.36108359694480896 0.4230809807777405 -0.6544196605682373 0.5544574856758118 0.47730550169944763 0.6817303895950317 0.07602989673614502
1305031465.395586 0.04052415117621422 0.7943159341812134 -0.6061518788337708 0.8901085257530212 -0.8053472638130188 0.3850439190864563 0.4507294297218323 -0.6615159511566162 0.591416597366333 0.4698973298072815 0.6553037166595459 0.10286080837249756
1305031465.427697 0.03523176908493042 0.7894022464752197 -0.61286461353302 0.901951789855957 -0.7800501585006714 0.405068963766098 0.4769075810909271 -0.6867425441741943 0.624724268913269 0.4612627625465393 0.6300445795059204 0.12815916538238525
1305031465.460125 0.04152370244264603 0.7814124226570129 -0.6226319074630737 0.919150710105896 -0.7548152804374695 0.43282634019851685 0.4928644299507141 -0.7004871368408203 0.6546218395233154 0.4495065212249756 0.607794463634491 0.15430593490600586
1305031465.495703 0.044705141335725784 0.7747594118118286 -0.6306738257408142 0.9405649900436401 -0.7371235489845276 0.45168277621269226 0.5026246309280396 -0.6942286491394043 0.6742775440216064 0.44241467118263245 0.5912858843803406 0.18113529682159424
1305031465.527622 0.03775446489453316 0.7785024046897888 -0.6265050172805786 0.9418781995773315 -0.7244108319282532 0.4531824588775635 0.5194754004478455 -0.7072747945785522 0.6883339881896973 0.43423447012901306 0.5810651183128357 0.19395428895950317
1305031465.559812 0.030995622277259827 0.769797682762146 -0.6375349760055542 0.958188533782959 -0.7045948505401611 0.4692319333553314 0.5323226451873779 -0.7320058345794678 0.7089324593544006 0.43270421028137207 0.5569395422935486 0.21526679396629333
1305031465.595599 0.034699972718954086 0.7595245838165283 -0.6495523452758789 0.9762165546417236 -0.6897822022438049 0.4885142743587494 0.534372866153717 -0.7428491115570068 0.7231849431991577 0.42950692772865295 0.5408579111099243 0.2404475212097168
1305031465.627688 0.043369799852371216 0.7524504065513611 -0.6572194695472717 0.9966418743133545 -0.6713228225708008 0.509138822555542 0.538612425327301 -0.7609342336654663 0.7398950457572937 0.4178469181060791 0.5272183418273926 0.2573908567428589
1305031465.66006 0.04507153853774071 0.7438281774520874 -0.6668494939804077 1.0110113620758057 -0.6552354693412781 0.5258925557136536 0.5423130989074707 -0.7618961334228516 0.7540789246559143 0.4125005602836609 0.5110853910446167 0.2708187699317932
1305031465.695668 0.03864411264657974 0.7343013882637024 -0.6777227520942688 1.0276094675064087 -0.6339840888977051 0.5422594547271729 0.5513790249824524 -0.7809933423995972 0.7723800539970398 0.4083579182624817 0.48649051785469055 0.3025904595851898
1305031465.727682 0.04704863578081131 0.7221292853355408 -0.6901564002037048 1.049961805343628 -0.6171817779541016 0.5642755627632141 0.5483428835868835 -0.7956278324127197 0.7854127287864685 0.40015316009521484 0.472233384847641 0.32195377349853516
1305031465.759766 0.05173761770129204 0.7077164649963379 -0.7045996785163879 1.0734381675720215 -0.5994614958763123 0.5863037705421448 0.5448796153068542 -0.8025372624397278 0.7987297177314758 0.39418965578079224 0.45458269119262695 0.3477589786052704
1305031465.795937 0.05528239533305168 0.6990629434585571 -0.7129199504852295 1.0934956073760986 -0.58561110496521 0.6010099649429321 0.5439177751541138 -0.8151277303695679 0.8087048530578613 0.3874247670173645 0.44260430335998535 0.37059399485588074
1305031465.827996 0.055794600397348404 0.6830415725708008 -0.7282452583312988 1.1077065467834473 -0.5778936147689819 0.6168830990791321 0.5343165397644043 -0.8160514831542969 0.814202606678009 0.3910363018512726 0.4291441738605499 0.3932739794254303
1305031465.859861 0.05786430090665817 0.6634753942489624 -0.7459573149681091 1.1347050666809082 -0.5709669589996338 0.6349339485168457 0.5204378962516785 -0.8185327053070068 0.8189312219619751 0.39580219984054565 0.41556259989738464 0.4157608449459076
1305031465.895494 0.05907553434371948 0.6522316336631775 -0.7557142972946167 1.1586837768554688 -0.5678743720054626 0.6445658802986145 0.5119114518165588 -0.8221976161003113 0.8209924101829529 0.39890938997268677 0.408463716506958 0.45517680048942566
1305031465.927495 0.06673937290906906 0.6454078555107117 -0.7609168887138367 1.1691480875015259 -0.5734396576881409 0.648898184299469 0.5000979900360107 -0.8309489488601685 0.816524863243103 0.40296369791030884 0.4134094715118408 0.47819530963897705
1305031465.95971 0.07777052372694016 0.628759503364563 -0.7737010717391968 1.1921273469924927 -0.5766268968582153 0.6614463329315186 0.4795728921890259 -0.8421179056167603 0.813297688961029 0.4088401794433594 0.41400063037872314 0.5011367201805115
1305031465.995753 0.08380936831235886 0.6153692007064819 -0.7837708592414856 1.2212133407592773 -0.5947525501251221 0.6619701981544495 0.45614129304885864 -0.8398377299308777 0.7995282411575317 0.4279208183288574 0.4214716851711273 0.5081102252006531
