1403636582.9135554 0.9999617338180542 -0.005145767703652382 0.007078489288687706 0.00026329682441428304 0.00526030920445919 0.9998539686203003 -0.01625932939350605 -0.0052063073962926865 -0.006993789691478014 0.016295943409204483 0.9998427629470825 -0.0014744163490831852
1403636582.9635556 0.9999269843101501 -0.006322162691503763 0.010298426263034344 0.001101691392250359 0.006640824023634195 0.9994908571243286 -0.03120802529156208 -0.013779317028820515 -0.01009588036686182 0.031274136155843735 0.9994598627090454 -0.003375670639798045
1403636583.0135555 0.9998822808265686 -0.007085334975272417 0.013603958301246166 0.0018314424669370055 0.007691992446780205 0.9989541172981262 -0.045072391629219055 -0.022661840543150902 -0.01327037438750267 0.045171722769737244 0.9988911151885986 -0.0055702258832752705
1403636583.0635555 0.9998905658721924 -0.0048730080015957355 0.013970045372843742 0.0016743289306759834 0.005698941182345152 0.9981998205184937 -0.05970501899719238 -0.017672734335064888 -0.013653953559696674 0.05977810546755791 0.9981182813644409 -0.005130820907652378
1403636583.1135554 0.9998803734779358 -0.0031915968284010887 0.015138345770537853 0.002378566889092326 0.004159423056989908 0.9979195594787598 -0.06433787196874619 -0.018993714824318886 -0.014901511371135712 0.06439314037561417 0.9978132843971252 -0.0055266451090574265
1403636583.1635556 0.9998257756233215 0.000981086166575551 0.018642812967300415 0.0030951029621064663 0.00022851399262435734 0.9979001879692078 -0.06477026641368866 -0.01828024908900261 -0.01866721175611019 0.06476324796676636 0.9977259635925293 -0.005214588716626167
1403636583.2135556 0.9997870326042175 0.004881095141172409 0.02005494385957718 0.002798324218019843 -0.0036058591213077307 0.9979983568191528 -0.0631381943821907 -0.015128652565181255 -0.020322982221841812 0.06305243074893951 0.9978031516075134 -0.004659317433834076
1403636583.2635555 0.9998018741607666 0.006851192098110914 0.01869036629796028 0.0026082161348313093 -0.005751758813858032 0.9982851147651672 -0.0582558736205101 -0.013804938644170761 -0.019057439640164375 0.05813683196902275 0.9981266260147095 -0.003815688658505678
1403636583.3135555 0.9998412132263184 0.007154564838856459 0.01631883531808853 0.0033298649359494448 -0.006283962167799473 0.9985857605934143 -0.05279073864221573 -0.01217497605830431 -0.01667345128953457 0.052679818123579025 0.9984722137451172 -0.002734588459134102
1403636583.3635557 0.9998575448989868 0.00775268254801631 0.014987324364483356 0.0027075663674622774 -0.006988461595028639 0.998705267906189 -0.050387781113386154 -0.0032194433733820915 -0.015358560718595982 0.05027587711811066 0.9986172914505005 -0.00013877921446692199
1403636583.4135554 0.9999293088912964 0.005725672468543053 0.010417588986456394 0.0032205432653427124 -0.005235021002590656 0.9989031553268433 -0.04653104394674301 0.0035903374664485455 -0.010672585107386112 0.04647321626543999 0.9988624453544617 0.0021799083333462477
1403636583.4635556 0.9999315142631531 0.009850362315773964 0.0063239592127501965 0.0029230182990431786 -0.009583127684891224 0.999113917350769 -0.04098113253712654 0.01146163884550333 -0.006722036749124527 0.04091773182153702 0.9991399049758911 0.004170158412307501
1403636583.5135555 0.9999297261238098 0.011405512690544128 0.003239379031583667 0.003070610575377941 -0.011281930841505527 0.9992916584014893 -0.03590063005685806 0.01990584470331669 -0.0036465502344071865 0.035861559212207794 0.9993501305580139 0.006697564385831356
1403636583.5635555 0.999890148639679 0.014713830314576626 0.0017814332386478782 0.0036699259653687477 -0.014660467393696308 0.9995289444923401 -0.026965560391545296 0.025370709598064423 -0.0021773611661046743 0.026936490088701248 0.9996348023414612 0.008718668483197689
1403636583.6135554 0.9998294711112976 0.017463797703385353 0.006005377508699894 0.003981869667768478 -0.017363496124744415 0.999715268611908 -0.016366347670555115 0.03302523121237755 -0.006289487238973379 0.01625928282737732 0.9998480081558228 0.011553996242582798
1403636583.6635556 0.9998871684074402 0.015004433691501617 0.0006991098634898663 0.003659984562546015 -0.015003831125795841 0.9998870491981506 -0.000855129212141037 0.04128009453415871 -0.0007118615321815014 0.0008445437997579575 0.9999993443489075 0.013722305186092854
1403636583.7135556 0.9999693036079407 0.006913464982062578 -0.003683839924633503 0.0037329443730413914 -0.0068374210968613625 0.9997711777687073 0.02026999741792679 0.047660402953624725 0.0038231327198445797 -0.020244188606739044 0.9997877478599548 0.015731321647763252
1403636583.7635555 0.999971330165863 0.0037257024087011814 -0.006588994991034269 0.002586787799373269 -0.0033958707936108112 0.9987742304801941 0.04937971383333206 0.04368683695793152 0.006764891557395458 -0.04935591667890549 0.9987582564353943 0.014055240899324417
1403636583.8135555 0.9999666810035706 -0.0011709211394190788 -0.00807974487543106 0.0024916972033679485 0.0017260933527722955 0.9976116418838501 0.0690506249666214 0.04984588921070099 0.00797959417104721 -0.06906227022409439 0.997580349445343 0.015853136777877808
1403636583.8635557 0.9999722838401794 -0.0008964227163232863 -0.007391986437141895 0.002473518718034029 0.001528891851194203 0.9962934851646423 0.08600521832704544 0.05283970758318901 0.007287492975592613 -0.08601415157318115 0.9962672591209412 0.01641686260700226
1403636583.9135554 0.999967098236084 0.004875595215708017 -0.006478193216025829 0.002551029436290264 -0.004241074435412884 0.995507538318634 0.09458751976490021 0.057352397590875626 0.006910261698067188 -0.09455693513154984 0.9954954981803894 0.017545921728014946
1403636583.9635556 0.9998941421508789 0.01129046268761158 -0.009175154380500317 0.0024397613015025854 -0.01031526830047369 0.994918704032898 0.10015259683132172 0.0611744299530983 0.010259302332997322 -0.10004734992980957 0.9949297904968262 0.018371667712926865
1403636584.0135555 0.9997663497924805 0.015860391780734062 -0.014681339263916016 0.0022150531876832247 -0.014233922585844994 0.9943769574165344 0.10493675619363785 0.06221180409193039 0.016263121739029884 -0.10470326989889145 0.9943705201148987 0.01813078299164772
1403636584.0635555 0.9995855689048767 0.01889204792678356 -0.021716300398111343 0.0018562222830951214 -0.016519049182534218 0.9943678975105286 0.10468817502260208 0.06337971985340118 0.023571763187646866 -0.1042860671877861 0.9942679405212402 0.0180423054844141
1403636584.1135554 0.9994367957115173 0.017951570451259613 -0.02835117280483246 0.0016075189923867583 -0.014889915473759174 0.9943888783454895 0.10473328083753586 0.06280724704265594 0.03007221780717373 -0.1042521521449089 0.9940961599349976 0.017604421824216843
1403636584.1635556 0.9993043541908264 0.019902313128113747 -0.03153766691684723 0.0013099985662847757 -0.01648828759789467 0.9943314790725708 0.10503880679607391 0.060619208961725235 0.033449411392211914 -0.10444574058055878 0.9939678907394409 0.017045224085450172
1403636584.2135556 0.9992209672927856 0.020716793835163116 -0.03359043598175049 0.0012512686662375927 -0.01709275133907795 0.9943464994430542 0.10479883849620819 0.05684007704257965 0.0355716310441494 -0.10414303839206696 0.9939259886741638 0.016024354845285416
1403636584.2635555 0.9992476105690002 0.01998155564069748 -0.03324241191148758 0.0009619806078262627 -0.016541311517357826 0.9947767853736877 0.10072444379329681 0.05335063114762306 0.0350814163684845 -0.10009876638650894 0.9943589568138123 0.015049291774630547
1403636584.3135555 0.999250590801239 0.020669765770435333 -0.032727885991334915 0.0008378124330192804 -0.017421018332242966 0.9951695203781128 0.09661350399255753 0.0476502925157547 0.03456677123904228 -0.09597093611955643 0.9947837591171265 0.013713957741856575
1403636584.3635557 0.9992546439170837 0.023761602118611336 -0.03041984885931015 0.0010882094502449036 -0.02081785537302494 0.9953850507736206 0.09367569535970688 0.04345715790987015 0.032505348324775696 -0.09297260642051697 0.9951378107070923 0.01271318830549717
1403636584.4135554 0.999286413192749 0.030429471284151077 -0.022374726831912994 0.0012164539657533169 -0.02830011025071144 0.9955391883850098 0.09000403434038162 0.036261968314647675 0.025013692677021027 -0.08930660784244537 0.9956899285316467 0.011284424923360348
1403636584.4635556 0.9992548823356628 0.03525805100798607 -0.01569804921746254 0.0015608404064550996 -0.033824265003204346 0.9959118366241455 0.08375858515501022 0.02859908901154995 0.018587034195661545 -0.08316520601511002 0.9963623881340027 0.009847262874245644
1403636584.5135555 0.9993654489517212 0.03287407010793686 -0.013707558624446392 0.0022879396565258503 -0.031848207116127014 0.9970856308937073 0.06932412087917328 0.027980336919426918 0.01594657637178898 -0.06884357333183289 0.997499942779541 0.0100023802369833
1403636584.5635555 0.9994586110115051 0.03139321133494377 -0.009847165085375309 0.002276918152347207 -0.03078419156372547 0.9979069828987122 0.05686746537685394 0.019637256860733032 0.011611811816692352 -0.05653353035449982 0.9983331561088562 0.008163662627339363
1403636584.6135554 0.9995709657669067 0.028880588710308075 -0.004873625934123993 0.002349807880818844 -0.02866986207664013 0.9988336563110352 0.038850437849760056 0.013563026674091816 0.00598996551707387 -0.03869404271245003 0.999233067035675 0.0068871318362653255
1403636584.6635556 0.9996650218963623 0.02574579045176506 0.0026169242337346077 0.0023990196641534567 -0.025790192186832428 0.999493420124054 0.018650179728865623 0.005586985498666763 -0.002135434653609991 -0.018711427226662636 0.9998226165771484 0.00511924596503377
1403636584.7135556 0.9996547102928162 0.024729374796152115 0.008879600092768669 0.002527389442548156 -0.024700339883565903 0.9996892213821411 -0.003364460775628686 -0.0004119992663618177 -0.008960041217505932 0.003143971087411046 0.9999549388885498 0.0036037005484104156
1403636584.7635555 0.9995952248573303 0.023014387115836143 0.016723860055208206 0.0025561396032571793 -0.02263326197862625 0.999487578868866 -0.022631870582699776 -0.007306969258934259 -0.017236150801181793 0.022244194522500038 0.9996039271354675 0.001669728779233992
1403636584.8135555 0.9995136260986328 0.023351741954684258 0.02066715620458126 0.0025718361139297485 -0.02252788096666336 0.9989759922027588 -0.039236463606357574 -0.012244976125657558 -0.021562235429883003 0.03875179588794708 0.9990161657333374 0.000503628863953054
1403636584.8635557 0.9995678067207336 0.018606284633278847 0.022757818922400475 0.0022959199268370867 -0.017397183924913406 0.9984841346740723 -0.05222002789378166 -0.016861306503415108 -0.02369493618607521 0.05180153623223305 0.9983762502670288 -0.0015169342514127493
1403636584.9135554 0.9996362924575806 0.015473716892302036 0.022087572142481804 0.002082308754324913 -0.014099488966166973 0.9980338215827942 -0.06107185408473015 -0.020823722705245018 -0.022989150136709213 0.0607382208108902 0.9978888630867004 -0.003137215506285429
1403636584.9635556 0.9996843934059143 0.0085760448127985 0.02361009269952774 0.0020883851684629917 -0.007000199053436518 0.9977926015853882 -0.06603631377220154 -0.022158941254019737 -0.024124309420585632 0.06585021317005157 0.9975379109382629 -0.0036017228849232197
1403636585.0135555 0.9995999336242676 0.0065819271840155125 0.02750585973262787 0.001724096480756998 -0.004767525475472212 0.9978401064872742 -0.0655166283249855 -0.022852428257465363 -0.027877673506736755 0.06535929441452026 0.9974724054336548 -0.004097990691661835
1403636585.0635555 0.9995222091674805 0.0035316746216267347 0.030706359073519707 0.0017337771132588387 -0.0015893189702183008 0.9980090260505676 -0.06305157393217087 -0.020486358553171158 -0.03086790256202221 0.06297264248132706 0.9975377917289734 -0.0033879410475492477
1403636585.1135554 0.9995158314704895 0.002727143932133913 0.030994504690170288 0.001811517751775682 -0.000910154718440026 0.9982877969741821 -0.058486539870500565 -0.018574029207229614 -0.031100939959287643 0.058430012315511703 0.9978069067001343 -0.002470738720148802
1403636585.1635556 0.9993494749069214 0.0017925365827977657 0.03602185845375061 0.0018872077343985438 8.915487705962732e-05 0.998638391494751 -0.0521681122481823 -0.017124228179454803 -0.03606633096933365 0.052137378603219986 0.9979884624481201 -0.0015463971067219973
1403636585.2135556 0.9991330504417419 0.0030136138666421175 0.04152179881930351 0.0022212942130863667 -0.0010989817092195153 0.9989383220672607 -0.04605735465884209 -0.013197764754295349 -0.041616518050432205 0.04597180336713791 0.9980754852294922 -2.4774461053311825e-05
1403636585.2635555 0.9988071322441101 0.009407018311321735 0.04791700839996338 0.002303061308339238 -0.007507435977458954 0.9991846084594727 -0.039670053869485855 -0.008630841039121151 -0.04825111851096153 0.03926299512386322 0.998063325881958 0.0016923246439546347
1403636585.3135555 0.9985272884368896 0.014843638986349106 0.05218347907066345 0.0028049342799931765 -0.013060749508440495 0.9993247985839844 -0.03434231877326965 -0.0037320612464100122 -0.05265800282359123 0.03361018747091293 0.9980469346046448 0.003531703492626548
1403636585.3635557 0.9982017278671265 0.023730412125587463 0.05504778400063515 0.0029102005064487457 -0.022209882736206055 0.9993591904640198 -0.028071248903870583 0.0006943856715224683 -0.05567863956093788 0.02679816260933876 0.9980891346931458 0.004898955579847097
1403636585.4135554 0.9980427622795105 0.028018446639180183 0.05590808391571045 0.0031747911125421524 -0.026861902326345444 0.9994115829467773 -0.021331971511244774 0.005995429120957851 -0.056472864001989365 0.019788425415754318 0.9982079863548279 0.00690425606444478
1403636585.4635556 0.9983533024787903 0.030876358970999718 0.04834618791937828 0.004245211370289326 -0.030300308018922806 0.9994613528251648 -0.012603121809661388 0.01143316738307476 -0.04870928078889847 0.011117465794086456 0.9987511038780212 0.009028436616063118
1403636585.5135555 0.9985265135765076 0.03339280188083649 0.04277540370821953 0.004532310180366039 -0.033331550657749176 0.9994420409202576 -0.002144494093954563 0.016792932525277138 -0.042823150753974915 0.0007155640050768852 0.9990823864936829 0.010558921843767166
1403636585.5635555 0.9988980293273926 0.03493161126971245 0.03134419769048691 0.0045888847671449184 -0.03523291274905205 0.9993376135826111 0.009112169966101646 0.0217168889939785 -0.0310051329433918 -0.010206475853919983 0.999467134475708 0.011200297623872757
1403636585.6135554 0.9992274045944214 0.03497283160686493 0.01792910322546959 0.00465228408575058 -0.03535415604710579 0.9991453886032104 0.021412255242466927 0.026069479063153267 -0.017164934426546097 -0.022029580548405647 0.9996099472045898 0.01133783534169197
1403636585.6635556 0.9994958639144897 0.031370457261800766 0.004888457711786032 0.004768135491758585 -0.03152278810739517 0.9988885521888733 0.0350428931415081 0.02993626892566681 -0.003783713560551405 -0.03517933189868927 0.9993738532066345 0.01123309601098299
1403636585.7135556 0.9996101260185242 0.026899777352809906 -0.007482872810214758 0.004606293048709631 -0.026494214311242104 0.9984053373336792 0.049847766757011414 0.032937247306108475 0.008811832405626774 -0.04963008314371109 0.9987287521362305 0.010676253587007523
1403636585.7635555 0.9996443390846252 0.02141096629202366 -0.01590048521757126 0.004724531900137663 -0.020319782197475433 0.9976208209991455 0.06587674468755722 0.034868188202381134 0.017273137345910072 -0.0655302181839943 0.9977010488510132 0.010070670396089554
1403636585.8135555 0.9995785355567932 0.014820868149399757 -0.024962959811091423 0.004598213825374842 -0.012731172144412994 0.9965604543685913 0.08188480883836746 0.036339472979307175 0.026090703904628754 -0.08153249323368073 0.996329128742218 0.009220249950885773
1403636585.8635557 0.9994331002235413 0.008677714504301548 -0.03252727910876274 0.0045356713235378265 -0.005373511929064989 0.9949399828910828 0.10032626986503601 0.037300653755664825 0.03323327749967575 -0.10009463131427765 0.9944227337837219 0.00830246414989233
1403636585.9135554 0.9992713332176208 0.003613793756812811 -0.03799637034535408 0.004517517052590847 0.0009480919688940048 0.992850124835968 0.11936293542385101 0.03773520141839981 0.03815604746341705 -0.11931199580430984 0.9921234250068665 0.007315527182072401
1403636585.9635556 0.9992849230766296 -3.5876757465302944e-05 -0.03781181573867798 0.004520970396697521 0.005353768356144428 0.9900590777397156 0.1405491828918457 0.03794996440410614 0.03743088245391846 -0.140651136636734 0.9893513321876526 0.006441320292651653
1403636586.0135555 0.9995130896568298 -0.0030399770475924015 -0.031053487211465836 0.004201996140182018 0.008144348859786987 0.9861592650413513 0.16560082137584686 0.03650766983628273 0.030120259150862694 -0.16577307879924774 0.9857037663459778 0.005636027082800865
1403636586.0635555 0.9998400211334229 -0.003321011085063219 -0.017574992030858994 0.004278519656509161 0.006603473797440529 0.9817308187484741 0.19016113877296448 0.03652777522802353 0.016622383147478104 -0.19024677574634552 0.981595516204834 0.005116479936987162
1403636586.1135554 0.9999630451202393 -0.007222142536193132 -0.004666768014431 0.004063156899064779 0.008047988638281822 0.9771947860717773 0.21219243109226227 0.03630637750029564 0.0030278582125902176 -0.2122221142053604 0.9772167801856995 0.004614742938429117
1403636586.1635556 0.9999067187309265 -0.012461223639547825 0.005592553410679102 0.0037196760531514883 0.010831620544195175 0.972866952419281 0.23111151158809662 0.03595566004514694 -0.008320745080709457 -0.23102936148643494 0.9729112982749939 0.0038915686309337616
1403636586.2135556 0.9998036623001099 -0.017576735466718674 0.009151630103588104 0.0033087863121181726 0.014755605719983578 0.9685847759246826 0.24824538826942444 0.03570330888032913 -0.013227477669715881 -0.24806158244609833 0.9686540365219116 0.003124103881418705
1403636586.2635555 0.9997519850730896 -0.019865235313773155 0.010061429813504219 0.002981579629704356 0.016461515799164772 0.9636017084121704 0.2668348550796509 0.03556055575609207 -0.01499594934284687 -0.266603022813797 0.9636897444725037 0.0021674353629350662
1403636586.3135555 0.9996269941329956 -0.024854488670825958 0.011315247975289822 0.0024646820966154337 0.02056247368454933 0.9576921463012695 0.28705915808677673 0.03376414626836777 -0.017971230670809746 -0.2867194414138794 0.9578460454940796 0.0012751687318086624
1403636586.3635557 0.999491810798645 -0.02941972017288208 0.012267780490219593 0.0023406618274748325 0.024230103939771652 0.9513127207756042 0.3072734773159027 0.033808477222919464 -0.020710395649075508 -0.3068201243877411 0.9515422582626343 0.00020853523164987564
1403636586.4135554 0.9993293881416321 -0.034523509442806244 0.012196478433907032 0.002281380584463477 0.028639977797865868 0.9445680975914001 0.32706406712532043 0.03392248973250389 -0.022811802104115486 -0.3264954388141632 0.9449235200881958 -0.0009184423834085464
1403636586.4635556 0.9993674159049988 -0.03339436277747154 0.012245235964655876 0.0023926300927996635 0.027108483016490936 0.9379857182502747 0.34561240673065186 0.034140195697546005 -0.023027364164590836 -0.345061719417572 0.9382975697517395 -0.0018937699496746063
1403636586.5135555 0.9994314312934875 -0.03154964745044708 0.011895102448761463 0.002722898731008172 0.025116106495261192 0.9319785237312317 0.3616422414779663 0.03428594022989273 -0.022495662793517113 -0.3611378073692322 0.9322412014007568 -0.0030646957457065582
1403636586.5635555 0.9995275139808655 -0.02921377308666706 0.009563533589243889 0.0031980015337467194 0.023522241041064262 0.9271854162216187 0.37386348843574524 0.034248124808073044 -0.019789131358265877 -0.37346187233924866 0.9274345636367798 -0.004035765305161476
1403636586.6135554 0.9995754361152649 -0.02832743525505066 0.006836916785687208 0.003887373488396406 0.02358083613216877 0.9241266250610352 0.38135796785354614 0.03393520042300224 -0.017121070995926857 -0.3810347318649292 0.9244022965431213 -0.004785484634339809
1403636586.6635556 0.9995510578155518 -0.029261022806167603 0.006445796228945255 0.00481025967746973 0.024576133117079735 0.9237244129180908 0.38226833939552307 0.033542606979608536 -0.017139703035354614 -0.3819381892681122 0.9240290522575378 -0.005145333241671324
1403636586.7135556 0.9995577335357666 -0.02932770363986492 0.004941215738654137 0.0056722043082118034 0.025285977870225906 0.925483226776123 0.3779435157775879 0.033084653317928314 -0.015657229349017143 -0.3776513338088989 0.9258155822753906 -0.005245964974164963
1403636586.7635555 0.999532163143158 -0.03058576211333275 -0.000441589392721653 0.006606056820601225 0.028573278337717056 0.9284167289733887 0.37044021487236023 0.03276127576828003 -0.010920215398073196 -0.3702795207500458 0.9288563132286072 -0.005182361230254173
1403636586.8135555 0.9995269179344177 -0.03044312633574009 -0.004385747946798801 0.0075217741541564465 0.029961099848151207 0.9314632415771484 0.36259979009628296 0.03238009661436081 -0.006953506730496883 -0.36255955696105957 0.9319347739219666 -0.004880694672465324
1403636586.8635557 0.9995684623718262 -0.028750600293278694 -0.006024009548127651 0.008229141123592854 0.029012994840741158 0.9341785311698914 0.35562434792518616 0.032206933945417404 -0.0045969076454639435 -0.3556455969810486 0.9346096515655518 -0.004526173230260611
1403636586.9135554 0.9996777772903442 -0.023968899622559547 -0.008372197858989239 0.00855505932122469 0.025383107364177704 0.9364324808120728 0.3499283790588379 0.032188013195991516 -0.0005474016070365906 -0.35002800822257996 0.9367392063140869 -0.004013046156615019
1403636586.9635556 0.9996951818466187 -0.02126462571322918 -0.012554001994431019 0.00880382303148508 0.024294007569551468 0.9380447268486023 0.3456616997718811 0.032084692269563675 0.004425849765539169 -0.3458612561225891 0.9382753372192383 -0.0035927160643041134
1403636587.0135555 0.9997597336769104 -0.014822680503129959 -0.01615537330508232 0.008938835002481937 0.019472649320960045 0.9389225244522095 0.3435773551464081 0.03190621733665466 0.010075904428958893 -0.3438092768192291 0.9389855861663818 -0.003108156379312277
1403636587.0635555 0.9997530579566956 -0.011887120082974434 -0.018772438168525696 0.008521425537765026 0.01762804016470909 0.9386439919471741 0.34443679451942444 0.03174309432506561 0.013526272028684616 -0.34468263387680054 0.9386218190193176 -0.002435506321489811
1403636587.1135554 0.9997559189796448 -0.007436508312821388 -0.020802972838282585 0.008829583413898945 0.014222584664821625 0.93720543384552 0.34848764538764954 0.03156951069831848 0.016905125230550766 -0.3486984372138977 0.9370825290679932 -0.001983609050512314
1403636587.1635556 0.9997750520706177 -0.004238547291606665 -0.02077820897102356 0.00930026639252901 0.011310666799545288 0.9353970289230347 0.3534182906150818 0.03137269243597984 0.01793789304792881 -0.35357385873794556 0.9352346062660217 -0.0014342302456498146
1403636587.2135556 0.9997513294219971 -0.0026797354221343994 -0.02213871106505394 0.010041352361440659 0.01039421558380127 0.9343156814575195 0.35629498958587646 0.031192243099212646 0.019729770720005035 -0.3564365804195404 0.9341111779212952 -0.0008711414411664009
1403636587.2635555 0.9997578263282776 -0.004203049000352621 -0.021598832681775093 0.01110413484275341 0.011655580252408981 0.9337215423583984 0.35781022906303406 0.031112464144825935 0.018663402646780014 -0.3579753339290619 0.9335445165634155 -0.00022628623992204666
1403636587.3135555 0.9997699856758118 -0.005954429041594267 -0.020601052790880203 0.012583989650011063 0.012960147112607956 0.9331544637680054 0.3592420518398285 0.03092464990913868 0.01708488166332245 -0.35942643880844116 0.9330170154571533 0.000528392381966114
1403636587.3635557 0.9997921586036682 -0.008570630103349686 -0.018499404191970825 0.01397714763879776 0.014657719060778618 0.9328401684761047 0.35999220609664917 0.03091360256075859 0.014171628281474113 -0.3601886034011841 0.9327718615531921 0.0009528342634439468
1403636587.4135554 0.9997882843017578 -0.011068882420659065 -0.017347561195492744 0.016180288046598434 0.016595233231782913 0.9321682453155518 0.36164501309394836 0.03068224899470806 0.012167838402092457 -0.3618563413619995 0.9321544170379639 0.0016981670632958412
1403636587.4635556 0.9997537136077881 -0.015403899364173412 -0.015978829935193062 0.018442422151565552 0.020166868343949318 0.931110143661499 0.364180326461792 0.03043166548013687 0.009268248453736305 -0.36441290378570557 0.9311913847923279 0.002390751615166664
1403636587.5135555 0.9996791481971741 -0.019756190478801727 -0.015852725133299828 0.021282237023115158 0.024193499237298965 0.930083155632019 0.3665514886379242 0.030167872086167336 0.007502689491957426 -0.3668173849582672 0.9302628040313721 0.003094073385000229
1403636587.5635555 0.9996151924133301 -0.023433972150087357 -0.01484479196369648 0.024315310642123222 0.02725084312260151 0.9296168088912964 0.3675186336040497 0.03001272678375244 0.00518754730001092 -0.36778172850608826 0.9298976063728333 0.0037102289497852325
1403636587.6135554 0.9995303750038147 -0.02811775729060173 -0.01217664498835802 0.027727700769901276 0.030623598024249077 0.9301344752311707 0.3659399449825287 0.02982267737388611 0.0010365063790231943 -0.36614105105400085 0.9305586814880371 0.0043740589171648026
1403636587.6635556 0.999433696269989 -0.032572973519563675 -0.008438533172011375 0.03124980814754963 0.03341661021113396 0.9314544200897217 0.3623201847076416 0.029425906017422676 -0.003941737115383148 -0.36239704489707947 0.9320154190063477 0.005042585544288158
1403636587.7135556 0.9992437958717346 -0.038744181394577026 -0.00328196887858212 0.034013550728559494 0.037372756749391556 0.9337113499641418 0.3560708463191986 0.029051240533590317 -0.010731260292232037 -0.35592418909072876 0.9344531297683716 0.005721998400986195
1403636587.7635555 0.9989185333251953 -0.04647096246480942 0.0014890390448272228 0.03780866786837578 0.04302156716585159 0.9359689950942993 0.349444180727005 0.028563739731907845 -0.017632700502872467 -0.3490022122859955 0.9369559288024902 0.006455141119658947
1403636587.8135555 0.9986247420310974 -0.05165666341781616 0.0089492192491889 0.04139994457364082 0.045398905873298645 0.9374465346336365 0.3451566696166992 0.028031527996063232 -0.026219047605991364 -0.34427571296691895 0.9385023713111877 0.0069710081443190575
1403636587.8635557 0.9982795119285583 -0.05677849054336548 0.014633644372224808 0.044339895248413086 0.04831062629818916 0.9379205107688904 0.3434693515300751 0.027945127338171005 -0.0332268588244915 -0.34217140078544617 0.9390498995780945 0.007581636309623718
1403636587.9135554 0.9979528784751892 -0.06059775501489639 0.020440928637981415 0.0479230061173439 0.049817416816949844 0.9370256066322327 0.3456895649433136 0.02809523604810238 -0.040101684629917145 -0.34396350383758545 0.938126266002655 0.008274033665657043
1403636587.9635556 0.9975630044937134 -0.06359388679265976 0.028701864182949066 0.051293015480041504 0.04942023381590843 0.9344224333763123 0.35272130370140076 0.028246160596609116 -0.04925057291984558 -0.3504432141780853 0.9352880716323853 0.00865862425416708
1403636588.0135555 0.9970617890357971 -0.06538423895835876 0.03990950435400009 0.053119953721761703 0.046440958976745605 0.9302910566329956 0.363870233297348 0.028508078306913376 -0.06091884523630142 -0.3609476089477539 0.930594265460968 0.009053736925125122
1403636588.0635555 0.996423065662384 -0.07078076899051666 0.046165887266397476 0.055969513952732086 0.04847711697220802 0.9262438416481018 0.3737943172454834 0.028826266527175903 -0.06921832263469696 -0.37021926045417786 0.9263620376586914 0.009620629251003265
1403636588.1135554 0.9961800575256348 -0.07292655110359192 0.048031654208898544 0.05834171175956726 0.04932648316025734 0.9238283038139343 0.3796156048774719 0.02931641973555088 -0.07205706834793091 -0.37579622864723206 0.9238966703414917 0.010049717500805855
1403636588.1635556 0.996157169342041 -0.07289888709783554 0.048545025289058685 0.059908974915742874 0.0487484447658062 0.9219731688499451 0.38417327404022217 0.029480965808033943 -0.07276299595832825 -0.3803304433822632 0.9219838380813599 0.01016765646636486
1403636588.2135556 0.996231734752655 -0.07247193902730942 0.04764629900455475 0.061644792556762695 0.04867333173751831 0.9218534231185913 0.3844700753688812 0.02987455576658249 -0.07178617268800735 -0.3807021379470825 0.9219070672988892 0.0104443384334445
1403636588.2635555 0.9963107109069824 -0.07251768559217453 0.04589211195707321 0.06301015615463257 0.04950763285160065 0.9224745631217957 0.3828703761100769 0.030174141749739647 -0.07009916007518768 -0.37918582558631897 0.9226614236831665 0.010770955123007298
1403636588.3135555 0.9963020086288452 -0.074471615254879 0.04285160452127457 0.06385599821805954 0.052667029201984406 0.9233872890472412 0.3802395164966583 0.030272331088781357 -0.06788566708564758 -0.3765764832496643 0.9238948225975037 0.010933641344308853
1403636588.3635557 0.9964110851287842 -0.07485640794038773 0.039515282958745956 0.06435877084732056 0.054540544748306274 0.9247770309448242 0.3765803873538971 0.030522778630256653 -0.06473229080438614 -0.37307366728782654 0.9255406856536865 0.011118361726403236
1403636588.4135554 0.9963016510009766 -0.07698745280504227 0.038159023970365524 0.06443719565868378 0.057228926569223404 0.9258038997650146 0.37364694476127625 0.03065195307135582 -0.06409388780593872 -0.37008124589920044 0.9267857074737549 0.011047391220927238
1403636588.4635556 0.9962088465690613 -0.07828670740127563 0.037935830652713776 0.06413469463586807 0.05860443040728569 0.9262133836746216 0.37241673469543457 0.030842546373605728 -0.06429195404052734 -0.3687816560268402 0.9272899031639099 0.010978538542985916
1403636588.5135555 0.9961955547332764 -0.07669579237699509 0.041379544883966446 0.06350705772638321 0.05577806383371353 0.9259769320487976 0.3734374940395355 0.030858095735311508 -0.06695760041475296 -0.36970871686935425 0.9267319440841675 0.010689093731343746
1403636588.5635555 0.9961366057395935 -0.07623753696680069 0.04358503967523575 0.06251971423625946 0.0545266754925251 0.9260104298591614 0.3735392987728119 0.030671700835227966 -0.06883791834115982 -0.36971959471702576 0.9265897274017334 0.010353470221161842
1403636588.6135554 0.9962095618247986 -0.07564856112003326 0.042939141392707825 0.06098127365112305 0.054280903190374374 0.9263660311698914 0.37269237637519836 0.03044683113694191 -0.06797101348638535 -0.36894890666007996 0.9269608855247498 0.009899935685098171
1403636588.6635556 0.9963240027427673 -0.07480115443468094 0.04175160080194473 0.05904952436685562 0.05403301119804382 0.9269428849220276 0.37129145860671997 0.030263783410191536 -0.06647438555955887 -0.36767062544822693 0.9275771379470825 0.009270434267818928
1403636588.7135556 0.996493399143219 -0.07484136521816254 0.037414293736219406 0.05682577192783356 0.055586814880371094 0.9263553619384766 0.37252622842788696 0.03011949732899666 -0.06253930181264877 -0.3691401481628418 0.9272671341896057 0.008517718873918056
1403636588.7635555 0.9968538284301758 -0.07166174799203873 0.03387083113193512 0.0548119992017746 0.053845491260290146 0.9258301854133606 0.3740842044353485 0.03038986213505268 -0.05816616863012314 -0.37108340859413147 0.9267759919166565 0.00797596387565136
1403636588.8135555 0.9971069693565369 -0.06991711258888245 0.029820412397384644 0.051965728402137756 0.053581565618515015 0.9247958064079285 0.3766717314720154 0.030543677508831024 -0.05391359329223633 -0.373984158039093 0.9258667826652527 0.007282919250428677
1403636588.8635557 0.9973284602165222 -0.0683320090174675 0.025822188705205917 0.04877285659313202 0.053582385182380676 0.9245874285697937 0.3771827518939972 0.030918538570404053 -0.049648530781269073 -0.3747914433479309 0.9257788062095642 0.006805839017033577
1403636588.9135554 0.997527003288269 -0.06780517846345901 0.01850074529647827 0.044853538274765015 0.05583980306982994 0.9244284629821777 0.3772452771663666 0.03078520856797695 -0.042681802064180374 -0.3752792775630951 0.9259284734725952 0.0058558061718940735
1403636588.9635556 0.9978024959564209 -0.0646316185593605 0.01459592580795288 0.041727956384420395 0.054438311606645584 0.9252304434776306 0.3754795491695404 0.030953699722886086 -0.03777244687080383 -0.37385979294776917 0.9267157912254333 0.005431619472801685
1403636589.0135555 0.9981196522712708 -0.06052727997303009 0.009677134454250336 0.038540054112672806 0.05260428786277771 0.9268845915794373 0.3716419041156769 0.0306791290640831 -0.03146406263113022 -0.37043410539627075 0.9283256530761719 0.00465778075158596
1403636589.0635555 0.9983811378479004 -0.05672862380743027 0.004114817827939987 0.0344524160027504 0.051261719316244125 0.9287911653518677 0.3670412600040436 0.0304579958319664 -0.0246435534209013 -0.36623615026474 0.9301955103874207 0.003776119090616703
1403636589.1135554 0.998662531375885 -0.051680173724889755 -0.001522342674434185 0.030390046536922455 0.04872487485408783 0.9308904409408569 0.3620343804359436 0.030132245272397995 -0.017292864620685577 -0.3616243600845337 0.9321635365486145 0.0027268044650554657
1403636589.1635556 0.9988231658935547 -0.04826042801141739 -0.0048187896609306335 0.026050809770822525 0.046797942370176315 0.9329004287719727 0.3570807874202728 0.029884889721870422 -0.012737415730953217 -0.356886088848114 0.9340611100196838 0.0019201748073101044
1403636589.2135556 0.9988699555397034 -0.04664013907313347 -0.009142197668552399 0.022917598485946655 0.046851206570863724 0.933925449848175 0.35438454151153564 0.029634680598974228 -0.007990410551428795 -0.35441237688064575 0.9350550174713135 0.001081358641386032
1403636589.2635555 0.9989494681358337 -0.043879251927137375 -0.013219041749835014 0.01844845339655876 0.045715607702732086 0.9340418577194214 0.354225754737854 0.029528215527534485 -0.0031960271298885345 -0.35445794463157654 0.9350665211677551 0.00031368527561426163
1403636589.3135555 0.9991059899330139 -0.038345832377672195 -0.01780010759830475 0.013834258541464806 0.042174082249403 0.9332431554794312 0.35676121711730957 0.02941727638244629 0.002931521739810705 -0.35719290375709534 0.9340260028839111 -0.000630626454949379
1403636589.3635557 0.9991430044174194 -0.03449641168117523 -0.022871678695082664 0.009245513007044792 0.04042353853583336 0.9320029020309448 0.36018961668014526 0.029594935476779938 0.008891219273209572 -0.36080557107925415 0.9325986504554749 -0.0013808952644467354
1403636589.4135554 0.9992506504058838 -0.029071247205138206 -0.02555238828063011 0.004512598738074303 0.03638291358947754 0.9307341575622559 0.3638821840286255 0.029653437435626984 0.013203971087932587 -0.36453914642333984 0.9310944080352783 -0.0021747304126620293
1403636589.4635556 0.9993229508399963 -0.024445760995149612 -0.027500435709953308 0.0005661974428221583 0.03278644010424614 0.9308340549468994 0.36396849155426025 0.029997797682881355 0.016700856387615204 -0.36462366580963135 0.9310051202774048 -0.0026547862216830254
1403636589.5135555 0.9993067979812622 -0.02277510054409504 -0.029452618211507797 -0.004092440940439701 0.03191754221916199 0.9313375353813171 0.36275559663772583 0.03013414703309536 0.019168533384799957 -0.36344408988952637 0.9314187169075012 -0.0032861572690308094
1403636589.5635555 0.9992056488990784 -0.021610932424664497 -0.03348260000348091 -0.008497742936015129 0.03223586082458496 0.9322939515113831 0.36026233434677124 0.030464425683021545 0.02343001775443554 -0.36105552315711975 0.932249903678894 -0.003755709156394005
1403636589.6135554 0.9992009401321411 -0.01947496458888054 -0.034909430891275406 -0.012320484966039658 0.03068869560956955 0.9333258271217346 0.35771656036376953 0.03061983920633793 0.025615353137254715 -0.35850194096565247 0.9331774115562439 -0.004539634101092815
1403636589.6635556 0.9991740584373474 -0.016034424304962158 -0.03734039142727852 -0.01682310178875923 0.028290890157222748 0.9340909719467163 0.3559125065803528 0.030822308734059334 0.029172468930482864 -0.3566748797893524 0.9337729215621948 -0.0053145806305110455
1403636589.7135556 0.999111533164978 -0.014440263621509075 -0.03959667310118675 -0.021241256967186928 0.02755936235189438 0.9346357583999634 0.3545371890068054 0.03116927295923233 0.031888850033283234 -0.35531333088874817 0.9342030882835388 -0.0059525626711547375
1403636589.7635555 0.9988723993301392 -0.012374183163046837 -0.04583750292658806 -0.024863770231604576 0.027844319120049477 0.9346588253974915 0.3544537127017975 0.031664878129959106 0.03845635801553726 -0.35533028841018677 0.9339494109153748 -0.006348644848912954
1403636589.8135555 0.998447597026825 -0.009322608821094036 -0.05491429567337036 -0.028646418824791908 0.02840353734791279 0.9332936406135559 0.35798895359039307 0.0321684256196022 0.047913774847984314 -0.3589930236339569 0.9321095943450928 -0.00694769574329257
1403636589.8635557 0.9980834722518921 -0.006300969980657101 -0.06156196445226669 -0.03250216320157051 0.028279736638069153 0.9312935471534729 0.36317044496536255 0.032906945794820786 0.05504392832517624 -0.36421531438827515 0.9296867251396179 -0.007422277238219976
1403636589.9135554 0.9976227283477783 -0.0021621668711304665 -0.06887734681367874 -0.035524073988199234 0.027525510638952255 0.9288135766983032 0.36952391266822815 0.03336312994360924 0.06317522376775742 -0.37054139375686646 0.9266650080680847 -0.007876714691519737
1403636589.9635556 0.9969006180763245 -0.0007756168488413095 -0.0786672979593277 -0.038582056760787964 0.030120279639959335 0.927523136138916 0.37255021929740906 0.03388608619570732 0.07267677783966064 -0.37376508116722107 0.9246717691421509 -0.008243191055953503
1403636590.0135555 0.9960814714431763 0.0013292054645717144 -0.08843201398849487 -0.04164767637848854 0.03178011626005173 0.9277247786521912 0.37190961837768555 0.0344097800552845 0.08253491669893265 -0.3732626438140869 0.92404705286026 -0.00860277097672224
1403636590.0635555 0.9956081509590149 0.0026725498028099537 -0.09358015656471252 -0.043360110372304916 0.032007548958063126 0.9296382069587708 0.36708083748817444 0.034378986805677414 0.08797673135995865 -0.368463933467865 0.9254698157310486 -0.009029184468090534
1403636590.1135554 0.9950750470161438 0.004308745730668306 -0.0990312248468399 -0.04520285502076149 0.03192893788218498 0.9318757057189941 0.36136993765830994 0.03431088104844093 0.09384185075759888 -0.36275216937065125 0.9271486401557922 -0.009334541857242584
1403636590.1635556 0.9944811463356018 0.003957985434681177 -0.10484036058187485 -0.04651303589344025 0.0336126871407032 0.934594988822937 0.35412219166755676 0.034354839473962784 0.09938487410545349 -0.3556918203830719 0.9293040037155151 -0.009657807648181915
1403636590.2135556 0.9942236542701721 0.005500031169503927 -0.10718757659196854 -0.04721273481845856 0.032524753361940384 0.9362866282463074 0.3497278094291687 0.03432856500148773 0.10228181630373001 -0.351193904876709 0.9306992888450623 -0.009843160398304462
1403636590.2635555 0.9940475821495056 0.0072818053886294365 -0.10870283097028732 -0.04710278660058975 0.031207812950015068 0.9369204640388489 0.3481467068195343 0.03425833210349083 0.10438104718923569 -0.3494667112827301 0.9311162829399109 -0.010137959383428097
1403636590.3135555 0.9943551421165466 0.009288274683058262 -0.10569486767053604 -0.0466608852148056 0.028451792895793915 0.9363355040550232 0.3499520719051361 0.034129105508327484 0.10221628844738007 -0.3509839177131653 0.9307857751846313 -0.010325882583856583
1403636590.3635557 0.9947876334190369 0.009489372372627258 -0.10152620822191238 -0.04554818198084831 0.026936626061797142 0.9358363151550293 0.35140401124954224 0.03414047881960869 0.0983465313911438 -0.3523070812225342 0.9307027459144592 -0.01042813528329134
1403636590.4135554 0.9954015016555786 0.009972014464437962 -0.09527057409286499 -0.04402812942862511 0.024484362453222275 0.9350430369377136 0.3536877930164337 0.03390872851014137 0.09260906279087067 -0.35439398884773254 0.9304990768432617 -0.010616399347782135
