1403638127.295097 1.0 0.0 0.0 0.0 0.0 1.0 0.0 0.0 0.0 0.0 1.0 0.0
1403638127.345097 1.0 -0.00017860748630482703 -2.1543331968132406e-05 -7.010929402895272e-05 0.0001786061911843717 1.0 -5.97375983488746e-05 2.2630722014582716e-05 2.1554000340984203e-05 5.9733749367296696e-05 1.0 -0.00033528590574860573
1403638127.395097 0.9999997615814209 -0.0006892239907756448 0.00010754723189165816 -0.00022046445519663393 0.0006891891243867576 0.9999997019767761 0.0003237950149923563 7.481965440092608e-05 -0.00010777037095976993 -0.0003237208293285221 0.9999999403953552 -0.00048820124357007444
1403638127.445097 0.9999999403953552 -9.626205428503454e-05 0.0002575988764874637 4.890561740467092e-06 9.622539073461667e-05 1.0 0.0001423547073500231 0.00011109361366834491 -0.0002576125552877784 -0.00014232991088647395 0.9999999403953552 -0.00029562905547209084
1403638127.4950972 0.9999998211860657 -0.0003018227871507406 0.0005009197047911584 -2.823945033014752e-05 0.00030219301697798073 0.9999997019767761 -0.0007391959079541266 -8.527816135028843e-06 -0.0005006964202038944 0.0007393471896648407 0.9999995827674866 -0.00044737954158335924
1403638127.5450969 0.9999998211860657 -0.0005823804531246424 2.03729923669016e-05 -0.00014253263361752033 0.0005823796382173896 0.9999998211860657 3.902450407622382e-05 -9.513418626738712e-05 -2.0395715182530694e-05 -3.901263335137628e-05 1.0 -0.0005296572344377637
1403638127.595097 0.9999998807907104 -0.0005137311527505517 -2.596387275843881e-05 -7.201967673609033e-05 0.000513735634740442 0.9999998807907104 0.00017467130965087563 -2.2186388378031552e-05 2.587413473520428e-05 -0.00017468462465330958 1.0 0.00012870146019849926
1403638127.645097 0.9999997019767761 -0.0006723701953887939 -0.0003410553908906877 -0.00012496739509515464 0.0006724733393639326 0.9999997019767761 0.000302438362268731 -3.870298678521067e-05 0.00034085195511579514 -0.0003026676131412387 0.9999998807907104 -7.278280099853873e-05
1403638127.695097 1.0 -0.00011140167771372944 -0.00018330299644730985 0.00010004222713178024 0.00011140085553051904 1.0 -4.521243226918159e-06 1.902825533761643e-05 0.00018330350576434284 4.500823251873953e-06 1.0 4.8829610022949055e-05
1403638127.745097 0.9999998211860657 -0.0005416787462309003 -0.0001115130289690569 -0.0002292627323186025 0.0005416931817308068 0.9999998211860657 0.0001292247761739418 0.00010265022137900814 0.00011144301242893562 -0.0001292851666221395 1.0 -0.0003934462438337505
1403638127.795097 1.0 -0.0002267457457492128 -7.623892452102154e-05 -0.00030080886790528893 0.00022676525986753404 0.9999999403953552 0.00025597968488000333 5.8832665672525764e-05 7.618087693117559e-05 -0.00025599697255529463 0.9999999403953552 -0.000238008244195953
1403638127.845097 0.9999997019767761 -0.0007853970164433122 -9.991336264647543e-05 -0.00024968202342279255 0.0007854190189391375 0.9999996423721313 0.00022020759934093803 2.009673698921688e-05 9.974037675419822e-05 -0.00022028600506018847 1.0 -0.0003236512711737305
1403638127.895097 0.9999995231628418 -0.0009455654653720558 -0.00019931531278416514 -0.0002011646138271317 0.0009455936960875988 0.9999995231628418 0.00014181100414134562 3.247106360504404e-05 0.00019918112957384437 -0.00014199940778780729 0.9999999403953552 -0.000516230589710176
1403638127.945097 0.9999990463256836 -0.0013110783183947206 -0.0004037953040096909 -0.000162426324095577 0.0013111602747812867 0.9999991059303284 0.00020269714877940714 -7.1112285695562605e-06 0.00040352920768782496 -0.00020322638738434762 0.9999998807907104 -0.00045778529602102935
1403638127.9950972 0.9999992847442627 -0.0011624263133853674 -0.00034789537312462926 -0.00014256515714805573 0.0011625966290012002 0.9999992251396179 0.0004898394690826535 0.00011044239363400266 0.00034732569474726915 -0.0004902436048723757 0.9999998211860657 6.551558180944994e-05
1403638128.0450969 0.9999999403953552 -0.0003296626964583993 3.123198985122144e-05 -8.621624147053808e-05 0.000329642032738775 0.9999997019767761 0.0006599844782613218 9.311371832154691e-05 -3.144955189782195e-05 -0.0006599741172976792 0.9999997615814209 -0.0002862612600438297
1403638128.095097 0.9999998211860657 -0.0006233174353837967 0.00011239309969823807 -0.00011944818106712773 0.0006231790175661445 0.9999990463256836 0.0012270767474547029 3.1975134334061295e-05 -0.00011315784649923444 -0.0012270064326003194 0.9999992251396179 2.1228985133348033e-05
1403638128.145097 0.999998927116394 -0.0014800610952079296 3.901133459294215e-05 -0.00011317309690639377 0.0014799900818616152 0.9999973773956299 0.0017629277426749468 -0.00010494513844605535 -4.162047116551548e-05 -0.0017628680216148496 0.9999984502792358 0.00023330807744059712
1403638128.195097 0.9999975562095642 -0.002194005297496915 -0.00022689906472805887 -0.000322506035445258 0.002194397384300828 0.9999960660934448 0.001742147607728839 6.127237429609522e-05 0.00022307589824777097 -0.001742641325108707 0.9999984502792358 -6.892485544085503e-05
1403638128.245097 0.9999995231628418 -0.0009870119392871857 0.00017941970145329833 -0.0003707967116497457 0.0009867007611319423 0.9999980330467224 0.0017265841597691178 2.6602589059621096e-05 -0.00018112349789589643 -0.0017264062771573663 0.9999985098838806 0.00011814044410130009
1403638128.295097 0.9999995827674866 -0.0008573516388423741 0.00037937730667181313 -0.0004513246240094304 0.0008567582699470222 0.9999983906745911 0.0015615478623658419 7.395890133921057e-05 -0.00038071550079621375 -0.00156122213229537 0.9999986886978149 -0.0005499055841937661
1403638128.345097 0.9999993443489075 -0.0011467401636764407 4.20647302235011e-05 -0.000308015092741698 0.0011466778814792633 0.9999982714653015 0.0014520605327561498 1.7084653336496558e-06 -4.372979674371891e-05 -0.001452011289075017 0.999998927116394 -0.000193403335288167
1403638128.395097 0.9999995231628418 -0.0008503948338329792 0.0004315332043915987 -0.00020951572514604777 0.0008498670649714768 0.9999988675117493 0.0012216528411954641 6.114382995292544e-05 -0.0004325715999584645 -0.0012212855508551002 0.9999991655349731 4.423044083523564e-05
1403638128.445097 0.9999992251396179 -0.001238435972481966 0.0002541292633395642 -0.00023755808069836348 0.0012380488915368915 0.9999980926513672 0.0015175840817391872 5.822994717163965e-05 -0.00025600820663385093 -0.0015172682469710708 0.9999988079071045 -0.00019437819719314575
1403638128.4950972 0.9999987483024597 -0.0015186142409220338 0.000460976327303797 -0.0003640500654000789 0.0015178184257820249 0.9999973773956299 0.0017219046130776405 -5.4735875892220065e-05 -0.00046359002590179443 -0.001721202745102346 0.9999983906745911 0.00011281373008387163
1403638128.5450969 0.9999988675117493 -0.0014388939598575234 0.00046557883615605533 -0.00026614064699970186 0.001438118633814156 0.9999975562095642 0.001661338610574603 -3.6837496736552566e-05 -0.00046796820242889225 -0.0016606672434136271 0.9999985098838806 0.00013590861635748297
1403638128.595097 0.9999985098838806 -0.001714844605885446 0.00022770471696276218 -0.0002537165128160268 0.0017144535668194294 0.999997079372406 0.0017064593266695738 2.5217239453922957e-05 -0.0002306303649675101 -0.0017060664249584079 0.9999985098838806 -0.00017446464335080236
1403638128.645097 0.9999985694885254 -0.0016543569508939981 0.0003124586946796626 -4.3736628867918625e-05 0.0016538212075829506 0.9999971985816956 0.0017072135815396905 -0.00012089427764294669 -0.0003152821445837617 -0.0017066943692043424 0.9999985098838806 -0.00044918613275513053
1403638128.695097 0.9999961853027344 -0.0026516348589211702 0.000777265231590718 -0.000372707552742213 0.0026499617379158735 0.999994158744812 0.0021456617396324873 -6.034847683622502e-05 -0.0007829501992091537 -0.0021435937378555536 0.9999973773956299 -7.373415428446606e-06
1403638128.745097 0.9999935626983643 -0.0033282621297985315 0.0013332669623196125 -0.0005979739944450557 0.0033237498719245195 0.9999887943267822 0.003372425911948085 -0.0004412776615936309 -0.0013444763608276844 -0.003367972793057561 0.9999934434890747 0.0004274930979590863
1403638128.795097 0.9999940991401672 -0.0031417456921190023 0.0013817156432196498 -0.0006311541073955595 0.003136988030746579 0.9999892115592957 0.0034320494160056114 -0.0003070513776037842 -0.0013924833619967103 -0.003427694784477353 0.9999931454658508 -0.00016128756396938115
1403638128.845097 0.9999911785125732 -0.00321063119918108 0.0027056538965553045 -0.000634805066511035 0.00320001901127398 0.9999871850013733 0.00391743378713727 -0.00042895713704638183 -0.002718196716159582 -0.003908741287887096 0.9999886751174927 0.0007333014509640634
1403638128.895097 0.999992847442627 -0.002912768628448248 0.0024202356580644846 -0.00048622593749314547 0.002903244225308299 0.9999880790710449 0.003929497674107552 -0.00026819214690476656 -0.002431652508676052 -0.003922443371266127 0.9999893307685852 0.00039385107811540365
1403638128.945097 0.9999959468841553 -0.0008740869234316051 0.0027025158051401377 -0.00010090930300066248 0.0008646870264783502 0.9999935626983643 0.003477418329566717 -0.0001268626219825819 -0.002705537946894765 -0.0034750676713883877 0.9999902844429016 -4.979414734407328e-05
1403638128.9950972 0.999995768070221 -0.0010817275615409017 0.0026899618096649647 -0.00034329667687416077 0.001072196988388896 0.9999931454658508 0.0035419112537056208 -0.00013857215526513755 -0.002693774877116084 -0.0035390122793614864 0.9999901056289673 -0.00029694949625991285
1403638129.0450969 0.9999977946281433 -0.00017382085206918418 0.0020999331027269363 -4.650061600841582e-05 0.00016767355555202812 0.9999957084655762 0.002927192486822605 -0.00042586721247062087 -0.002100432990118861 -0.0029268336948007345 0.9999935030937195 0.0006723910919390619
1403638129.095097 0.9999678730964661 0.007091972045600414 0.0037427968345582485 -6.551206024596468e-05 -0.0071028764359653 0.999970555305481 0.0029082719702273607 -0.0005421372479759157 -0.0037220611702650785 -0.0029347629752010107 0.9999887943267822 -0.00022850465029478073
1403638129.145097 0.9999163746833801 0.011372674256563187 0.006156803108751774 -0.0006654055323451757 -0.011384786106646061 0.9999333024024963 0.0019358439603820443 -0.0015544048510491848 -0.006134376861155033 -0.002005775924772024 0.9999791979789734 3.7340012113418197e-06
1403638129.195097 0.9999364018440247 0.00984584167599678 0.005494771990925074 -0.0007140648667700589 -0.009830905124545097 0.9999479055404663 -0.0027388420421630144 -0.003653849009424448 -0.0055214520543813705 0.002684649545699358 0.999981164932251 -0.0008312202990055084
1403638129.245097 0.9999682903289795 -0.007922526448965073 -0.0008317286847159266 -0.0005067681777291 0.007910695858299732 0.9998792409896851 -0.013375082053244114 -0.008179256692528725 0.0009375927038490772 0.013368078507483006 0.9999101758003235 -0.0016430201940238476
1403638129.295097 0.9991874098777771 -0.039575956761837006 -0.0076312110759317875 0.0003443312016315758 0.03929997235536575 0.99866783618927 -0.033441416919231415 -0.014412405900657177 0.008944518864154816 0.03311433643102646 0.9994116425514221 -0.003559210104867816
1403638129.345097 0.9967001676559448 -0.08025244623422623 -0.012172022834420204 0.002146329265087843 0.0794030949473381 0.9950964450836182 -0.058976009488105774 -0.02275918610394001 0.016845304518938065 0.057814911007881165 0.9981851577758789 -0.0062210168689489365
1403638129.395097 0.9935132265090942 -0.11263101547956467 -0.015674233436584473 0.0030827587470412254 0.11117669194936752 0.9910210967063904 -0.07427545636892319 -0.030841797590255737 0.023899218067526817 0.0720510333776474 0.9971145987510681 -0.009502246975898743
1403638129.445097 0.9920395016670227 -0.12473353743553162 -0.017298197373747826 0.0037967446260154247 0.1232132539153099 0.9898225665092468 -0.0712033063173294 -0.03555385768413544 0.026003584265708923 0.06850514560937881 0.9973118305206299 -0.011279820464551449
1403638129.4950972 0.9933328032493591 -0.11358924210071564 -0.019677596166729927 0.0035493348259478807 0.11242056638002396 0.9922575950622559 -0.05278807505965233 -0.03741884604096413 0.025521399453282356 0.05022398382425308 0.9984118938446045 -0.012494439259171486
1403638129.5450969 0.9959613680839539 -0.08716972172260284 -0.021499427035450935 0.0026906703133136034 0.08652637898921967 0.9958206415176392 -0.029232628643512726 -0.03828440606594086 0.02395777218043804 0.027254313230514526 0.9993414282798767 -0.013409066013991833
1403638129.595097 0.998241662979126 -0.05556650832295418 -0.02063729427754879 0.0017012596363201737 0.05535441264510155 0.9984093904495239 -0.010710291564464569 -0.03978786990046501 0.021199600771069527 0.009549088776111603 0.9997296929359436 -0.014132165350019932
1403638129.645097 0.9992783665657043 -0.032532818615436554 -0.019610900431871414 0.001379883848130703 0.03253139555454254 0.9994706511497498 -0.0003918472502846271 -0.04330963268876076 0.019613265991210938 -0.00024640545598231256 0.9998077154159546 -0.015614143572747707
1403638129.695097 0.9996235370635986 -0.02189793437719345 -0.016530418768525124 0.0012952139368280768 0.02184647135436535 0.9997559785842896 -0.0032874392345547676 -0.04863888770341873 0.016598371788859367 0.0029250704683363438 0.9998579621315002 -0.01746355928480625
1403638129.745097 0.9995569586753845 -0.0245062168687582 -0.01688757725059986 0.001208040164783597 0.024311630055308342 0.999636709690094 -0.011633029207587242 -0.05583940073847771 0.01716652140021324 0.011217311955988407 0.9997897148132324 -0.01972905546426773
1403638129.795097 0.9994523525238037 -0.027029715478420258 -0.019085481762886047 0.0005571772926487029 0.026815105229616165 0.9995751976966858 -0.011412720195949078 -0.06363537162542343 0.01938585750758648 0.010894689708948135 0.9997527003288269 -0.022410456091165543
1403638129.845097 0.9994993209838867 -0.022746382281184196 -0.02199324034154415 -0.0005023552803322673 0.022758856415748596 0.9997408986091614 0.00031707316520623863 -0.07188674062490463 0.02198033034801483 -0.0008174554677680135 0.9997580647468567 -0.025830144062638283
1403638129.895097 0.999571681022644 -0.015158985741436481 -0.025033658370375633 -0.0019038994796574116 0.015490432269871235 0.9997942447662354 0.013099569827318192 -0.0818968266248703 0.024829933419823647 -0.013481739908456802 0.9996007084846497 -0.029928013682365417
1403638129.945097 0.9996050596237183 -0.007828992791473866 -0.02698853425681591 -0.0028459234163165092 0.008322494104504585 0.9997993111610413 0.01822199486196041 -0.09478026628494263 0.026840461418032646 -0.018439408391714096 0.9994695782661438 -0.035463184118270874
1403638129.9950972 0.9995330572128296 -0.00953583512455225 -0.02903081476688385 -0.004281718283891678 0.009831368923187256 0.9999010562896729 0.010054295882582664 -0.11052075028419495 0.02893207035958767 -0.010335012339055538 0.9995278716087341 -0.0412803515791893
1403638130.0450969 0.9992564916610718 -0.022254902869462967 -0.03148086741566658 -0.005397865083068609 0.022053629159927368 0.9997341632843018 -0.00672651082277298 -0.1316724717617035 0.03162219375371933 0.006027240306138992 0.9994816780090332 -0.04740371182560921
1403638130.095097 0.9987893104553223 -0.03451113775372505 -0.03505537658929825 -0.005964124109596014 0.033735182136297226 0.9991776943206787 -0.022490747272968292 -0.15101340413093567 0.03580273315310478 0.021280914545059204 0.9991322159767151 -0.05523570254445076
1403638130.145097 0.9982898235321045 -0.04175642505288124 -0.04091246426105499 -0.00671375822275877 0.040527693927288055 0.998715341091156 -0.030416283756494522 -0.16960509121418 0.042129989713430405 0.028706178069114685 0.9986996650695801 -0.06232982128858566
1403638130.195097 0.9981724619865417 -0.03837798908352852 -0.04667932540178299 -0.007627167738974094 0.03697366639971733 0.9988480806350708 -0.03058510087430477 -0.18805846571922302 0.04779934883117676 0.02880329266190529 0.9984415769577026 -0.06966561079025269
1403638130.245097 0.998055100440979 -0.03423457592725754 -0.05209659785032272 -0.008990228176116943 0.03265202417969704 0.9989880919456482 -0.030931195244193077 -0.207265704870224 0.053102802485227585 0.029169972985982895 0.9981628656387329 -0.07759589701890945
1403638130.295097 0.9975377917289734 -0.04017629474401474 -0.05748220905661583 -0.009395812638103962 0.03794010356068611 0.9984998106956482 -0.03947906196117401 -0.2273992896080017 0.05898210033774376 0.03720097243785858 0.9975656270980835 -0.08541260659694672
1403638130.345097 0.9965060353279114 -0.056637171655893326 -0.06138363853096962 -0.009787598624825478 0.053431082516908646 0.9971814155578613 -0.05267111957073212 -0.24833114445209503 0.06419377028942108 0.04920729622244835 0.996723473072052 -0.0934474989771843
1403638130.395097 0.9953280687332153 -0.0704883262515068 -0.06597989052534103 -0.010542207397520542 0.06637821346521378 0.9958326816558838 -0.06254138797521591 -0.26874488592147827 0.07011336833238602 0.057869572192430496 0.9958590269088745 -0.10124199837446213
1403638130.445097 0.9945796728134155 -0.07459776848554611 -0.07243199646472931 -0.011813360266387463 0.06987982988357544 0.9953947067260742 -0.06562232226133347 -0.28744447231292725 0.07699370384216309 0.060205090790987015 0.9952122569084167 -0.10919749736785889
1403638130.4950972 0.9947982430458069 -0.0656038224697113 -0.07792641967535019 -0.0076306406408548355 0.06079348921775818 0.9961867332458496 -0.06257706880569458 -0.30659887194633484 0.08173457533121109 0.05751413851976395 0.9949932098388672 -0.12417393922805786
1403638130.5450969 0.995697021484375 -0.0495821051299572 -0.07828837633132935 -0.015146810561418533 0.04517623037099838 0.9973469376564026 -0.05708036571741104 -0.32091841101646423 0.08091083914041519 0.0532979741692543 0.9952953457832336 -0.1250431388616562
1403638130.595097 0.9960897564888 -0.04236641898751259 -0.07752599567174911 -0.01428234949707985 0.03796830028295517 0.997631847858429 -0.05735176056623459 -0.34070125222206116 0.07977218925952911 0.054183974862098694 0.9953393340110779 -0.13409018516540527
1403638130.645097 0.9961939454078674 -0.042853012681007385 -0.07590283453464508 -0.018036697059869766 0.037735775113105774 0.9969974756240845 -0.06761544942855835 -0.35789552330970764 0.07857246696949005 0.06449384987354279 0.9948199987411499 -0.13595925271511078
1403638130.695097 0.9954604506492615 -0.05641597509384155 -0.07665324956178665 -0.013651307672262192 0.0502326637506485 0.995501697063446 -0.08033023774623871 -0.3787245750427246 0.08084035664796829 0.07611507177352905 0.9938165545463562 -0.15352043509483337
1403638130.745097 0.9935154318809509 -0.08023319393396378 -0.08055901527404785 -0.017083346843719482 0.07246620953083038 0.9928264021873474 -0.0951022058725357 -0.3957933187484741 0.08761145174503326 0.08864768594503403 0.9922025203704834 -0.16324178874492645
1403638130.795097 0.9911314845085144 -0.10044096410274506 -0.08700598776340485 -0.01806843839585781 0.09129700064659119 0.9904440641403198 -0.10337009280920029 -0.41011732816696167 0.09655715525150299 0.09450995177030563 0.9908302426338196 -0.1698245406150818
1403638130.845097 0.9901099801063538 -0.10573633015155792 -0.09220656752586365 -0.012163116596639156 0.09585332125425339 0.9897645711898804 -0.10572731494903564 -0.42395520210266113 0.10244202613830566 0.0958433598279953 0.9901109933853149 -0.17792771756649017
1403638130.895097 0.9894329309463501 -0.10915438085794449 -0.09543560445308685 -0.015613042749464512 0.09857673943042755 0.9891093969345093 -0.10929430276155472 -0.4345954954624176 0.10632620751857758 0.0987316220998764 0.9894174337387085 -0.18418607115745544
1403638130.945097 0.9893364906311035 -0.11383765190839767 -0.09085333347320557 -0.01629004254937172 0.1023961678147316 0.9872387051582336 -0.12196220457553864 -0.44198545813560486 0.10357780009508133 0.11135862022638321 0.9883677959442139 -0.18827001750469208
1403638130.9950972 0.9893417358398438 -0.11994589865207672 -0.08255936950445175 -0.012392206117510796 0.10738597810268402 0.9839305877685547 -0.14264917373657227 -0.4391712248325348 0.09834287315607071 0.13226304948329926 0.9863240122795105 -0.18856072425842285
1403638131.0450969 0.9890106320381165 -0.12611262500286102 -0.07716042548418045 -0.007127458229660988 0.11273588985204697 0.9809394478797913 -0.1582663208246231 -0.44528061151504517 0.09564909338951111 0.14782826602458954 0.9843770265579224 -0.18894818425178528
1403638131.095097 0.9896506667137146 -0.12381115555763245 -0.07254326343536377 -0.006094863638281822 0.1107400506734848 0.9804540872573853 -0.16262319684028625 -0.4450674057006836 0.09125988930463791 0.15290671586990356 0.9840179085731506 -0.18813985586166382
1403638131.145097 0.990752100944519 -0.11504790931940079 -0.07193348556756973 -0.009090657345950603 0.1028510183095932 0.9825629591941833 -0.15489262342453003 -0.4311959445476532 0.08849923312664032 0.14606177806854248 0.9853091239929199 -0.18496814370155334
1403638131.195097 0.9926280379295349 -0.09704207628965378 -0.07261236757040024 -0.005764154717326164 0.0864448994398117 0.9867841601371765 -0.13705596327781677 -0.4224209487438202 0.08495290577411652 0.12976863980293274 0.9878982901573181 -0.18167811632156372
1403638131.245097 0.994658887386322 -0.07445061951875687 -0.07149013131856918 -0.011654828675091267 0.06576899439096451 0.9909592866897583 -0.11693669855594635 -0.4005791246891022 0.07954983413219452 0.1116102933883667 0.9905629754066467 -0.17054525017738342
1403638131.295097 0.9955745935440063 -0.059642985463142395 -0.07262337952852249 -0.011011896654963493 0.052150171250104904 0.9935160875320435 -0.1010264903306961 -0.3885331153869629 0.07817801088094711 0.09679208695888519 0.9922295808792114 -0.16274070739746094
1403638131.345097 0.9959351420402527 -0.053170345723629 -0.0727064460515976 -0.011645541526377201 0.04622762277722359 0.9944939017295837 -0.09404779970645905 -0.36818286776542664 0.07730668038129807 0.09030444920063019 0.99290931224823 -0.15836256742477417
1403638131.395097 0.996019721031189 -0.05439921095967293 -0.07060796767473221 -0.007700013928115368 0.04770583659410477 0.9944993853569031 -0.09324780851602554 -0.3542555868625641 0.0752921998500824 0.08950824290513992 0.9931361675262451 -0.14992889761924744
1403638131.445097 0.9961159229278564 -0.05497034639120102 -0.06878551095724106 -0.004001589026302099 0.04828578978776932 0.9942739009857178 -0.09533028304576874 -0.3397664427757263 0.07363198697566986 0.09163863956928253 0.9930663704872131 -0.14287562668323517
1403638131.4950972 0.9970324039459229 -0.04543052241206169 -0.06214992702007294 -0.00715852715075016 0.03945175185799599 0.9947658777236938 -0.0942569375038147 -0.3240138292312622 0.06610676646232605 0.09152527153491974 0.9936061501502991 -0.13906188309192657
1403638131.5450969 0.9973028898239136 -0.04177020490169525 -0.06035105139017105 -0.010179117321968079 0.036348845809698105 0.995431125164032 -0.08829294890165329 -0.30741360783576965 0.0637633353471756 0.08586113154888153 0.994264543056488 -0.1338760107755661
1403638131.595097 0.9974088072776794 -0.03870019316673279 -0.060646846890449524 -0.0030892142094671726 0.03365274891257286 0.9960520267486572 -0.08214553445577621 -0.28302979469299316 0.06358645856380463 0.07989174872636795 0.9947733879089355 -0.12191647291183472
1403638131.645097 0.9975779056549072 -0.03300229460000992 -0.06123198941349983 -0.001346350647509098 0.028211740776896477 0.9965919256210327 -0.07751550525426865 -0.2636013329029083 0.06358150392770767 0.0756002813577652 0.9951090812683105 -0.11479809880256653
1403638131.695097 0.9977983236312866 -0.028453156352043152 -0.05990763008594513 0.002179090864956379 0.023789163678884506 0.9967336654663086 -0.07717620581388474 -0.24454280734062195 0.06190786510705948 0.0755811482667923 0.9952160716056824 -0.11108741164207458
1403638131.745097 0.9979884028434753 -0.024254145100712776 -0.05857447534799576 0.0040603624656796455 0.019709089770913124 0.996839165687561 -0.07696264982223511 -0.22416409850120544 0.060256000608205795 0.07565339654684067 0.9953119158744812 -0.10283694416284561
1403638131.795097 0.9984861612319946 -0.013392509892582893 -0.05334882810711861 0.0043604690581560135 0.009316742420196533 0.9970698952674866 -0.0759274959564209 -0.20334434509277344 0.05420935899019241 0.07531552016735077 0.9956852197647095 -0.09753014892339706
1403638131.845097 0.9988561868667603 -0.0026364733930677176 -0.047743797302246094 0.0071656834334135056 -0.0008172292727977037 0.9973916411399841 -0.07217491418123245 -0.18069924414157867 0.047809552401304245 0.07213137298822403 0.9962486624717712 -0.08802983909845352
1403638131.895097 0.9990629553794861 0.0042917728424072266 -0.043066345155239105 0.00702410563826561 -0.007318443618714809 0.9974941611289978 -0.0703696608543396 -0.1617879867553711 0.042656417936086655 0.0706188976764679 0.9965909123420715 -0.07759556919336319
1403638131.945097 0.9991222023963928 0.009486984461545944 -0.04080034792423248 0.008304387331008911 -0.012314879335463047 0.9974970817565918 -0.06962767243385315 -0.14316648244857788 0.040037669241428375 0.07006900757551193 0.9967383742332458 -0.07054940611124039
1403638131.9950972 0.9989489912986755 0.022852087393403053 -0.03973478078842163 0.00938492827117443 -0.02538137696683407 0.9976038932800293 -0.06436102092266083 -0.12730403244495392 0.03816879540681839 0.06530189514160156 0.9971351623535156 -0.06553196907043457
1403638132.0450969 0.9982762336730957 0.041338056325912476 -0.041664380580186844 0.009655972942709923 -0.043609123677015305 0.9975247383117676 -0.05516020953655243 -0.11668983101844788 0.03928103297948837 0.056882064789533615 0.9976077675819397 -0.06268321722745895
1403638132.095097 0.9972749352455139 0.05988071486353874 -0.04309447482228279 0.009467678144574165 -0.06170105189085007 0.9972010850906372 -0.042228177189826965 -0.11184470355510712 0.04044520482420921 0.04477206990122795 0.9981781244277954 -0.06150392070412636
1403638132.145097 0.9963887929916382 0.07116467505693436 -0.04631481692194939 0.008894571103155613 -0.07284834235906601 0.9967024922370911 -0.03573949635028839 -0.11433566361665726 0.04361870884895325 0.038984380662441254 0.9982873201370239 -0.06375810503959656
1403638132.195097 0.9962260127067566 0.07091812044382095 -0.05004581809043884 0.008784554898738861 -0.07289618998765945 0.9965817928314209 -0.0388716459274292 -0.1250239610671997 0.04711805656552315 0.042373090982437134 0.9979901313781738 -0.0679759606719017
1403638132.245097 0.996733546257019 0.05860278010368347 -0.055570222437381744 0.009243279695510864 -0.06154041364789009 0.9967116713523865 -0.05271391198039055 -0.1417846977710724 0.05229831486940384 0.05596153438091278 0.9970622658729553 -0.07649592310190201
1403638132.295097 0.9971261620521545 0.0434998981654644 -0.06202603131532669 0.007699810899794102 -0.04772499203681946 0.9965194463729858 -0.0683477520942688 -0.16519606113433838 0.05883702263236046 0.0711115151643753 0.9957314729690552 -0.08487717807292938
1403638132.345097 0.9972439408302307 0.033776260912418365 -0.06605967879295349 0.007055637892335653 -0.038968026638031006 0.9961165189743042 -0.078951895236969 -0.19277796149253845 0.06313643604516983 0.081308513879776 0.9946872591972351 -0.09646141529083252
1403638132.395097 0.9968875646591187 0.01734360307455063 -0.07690473645925522 0.009187335148453712 -0.02381003275513649 0.996182918548584 -0.08398076891899109 -0.21704316139221191 0.07515465468168259 0.08555048704147339 0.9934953451156616 -0.11438880115747452
1403638132.445097 0.9962896108627319 0.0008548256591893733 -0.08605973422527313 0.008908113464713097 -0.009036784060299397 0.9954621195793152 -0.0947285145521164 -0.24318912625312805 0.08558822423219681 0.09515473246574402 0.9917762875556946 -0.12624089419841766
1403638132.4950972 0.9951156377792358 -0.025137687101960182 -0.095461905002594 0.010000129230320454 0.014271294698119164 0.9935095310211182 -0.11285073310136795 -0.27549171447753906 0.09767912328243256 0.11093716323375702 0.9890156388282776 -0.14182186126708984
1403638132.5450969 0.9934958219528198 -0.051051825284957886 -0.10178273171186447 0.014140608720481396 0.03685105964541435 0.9899109601974487 -0.1368149071931839 -0.30723559856414795 0.10774047672748566 0.13217425346374512 0.9853537678718567 -0.15887895226478577
1403638132.595097 0.9917590618133545 -0.07247792929410934 -0.1056458055973053 0.006082972511649132 0.05499975383281708 0.985606849193573 -0.1598571091890335 -0.3243752419948578 0.11571133136749268 0.15272921323776245 0.9814707040786743 -0.15601986646652222
1403638132.645097 0.9904479384422302 -0.0846414566040039 -0.10885246098041534 0.0034632813185453415 0.06553584337234497 0.9835273623466492 -0.1684606820344925 -0.3456922769546509 0.12131813168525696 0.15971778333187103 0.9796797037124634 -0.16890382766723633
1403638132.695097 0.9900346994400024 -0.086740642786026 -0.11093813925981522 -0.007163014262914658 0.06843437999486923 0.9848527312278748 -0.15931707620620728 -0.36347052454948425 0.12307699024677277 0.15013746917247772 0.9809744358062744 -0.1777074933052063
1403638132.745097 0.9896076321601868 -0.08709537982940674 -0.11441625654697418 -0.010719028301537037 0.06986284255981445 0.9866918325424194 -0.14682793617248535 -0.37659668922424316 0.12568160891532898 0.13730859756469727 0.9825225472450256 -0.18442268669605255
1403638132.795097 0.9893006086349487 -0.0904342383146286 -0.11448226869106293 -0.013208894059062004 0.07402230054140091 0.9873414039611816 -0.14027662575244904 -0.39822787046432495 0.1257188767194748 0.13030149042606354 0.9834716320037842 -0.1903851330280304
1403638132.845097 0.9886431097984314 -0.09829466789960861 -0.11367989331483841 -0.019893324002623558 0.08071940392255783 0.9853813052177429 -0.15002697706222534 -0.4000445604324341 0.12676489353179932 0.13914695382118225 0.9821247458457947 -0.1924872100353241
1403638132.895097 0.9872449040412903 -0.11273632198572159 -0.11241882294416428 -0.015282737091183662 0.09337089210748672 0.9819116592407227 -0.16471600532531738 -0.408581405878067 0.12895479798316956 0.15211839973926544 0.979913592338562 -0.20062479376792908
1403638132.945097 0.985891580581665 -0.12260065972805023 -0.11396101117134094 -0.021624844521284103 0.10110004991292953 0.978762149810791 -0.17833483219146729 -0.41034671664237976 0.1334046870470047 0.16429732739925385 0.9773483276367188 -0.19916313886642456
1403638132.9950972 0.9851385354995728 -0.12289927154779434 -0.11999177932739258 -0.020073097199201584 0.09938425570726395 0.9776301980018616 -0.1853693723678589 -0.4041774570941925 0.14008933305740356 0.17068921029567719 0.9753154516220093 -0.1915023922920227
1403638133.0450969 0.9863600730895996 -0.10826461762189865 -0.1239873468875885 -0.02023334801197052 0.08497623354196548 0.9800359606742859 -0.17974497377872467 -0.4039767384529114 0.1409720778465271 0.166757270693779 0.9758683443069458 -0.19388628005981445
1403638133.095097 0.9883954524993896 -0.08798001706600189 -0.12383152544498444 -0.014363141730427742 0.06621008366346359 0.9832043647766113 -0.17007461190223694 -0.38601550459861755 0.1367148607969284 0.15990206599235535 0.9776198267936707 -0.18992295861244202
1403638133.145097 0.9897369742393494 -0.07674990594387054 -0.12054166197776794 -0.007504472509026527 0.05686891824007034 0.9854000210762024 -0.16047638654708862 -0.37598714232444763 0.13109828531742096 0.15197433531284332 0.9796515107154846 -0.17964518070220947
1403638133.195097 0.9915687441825867 -0.0702502429485321 -0.10888727009296417 0.005204802379012108 0.05264681577682495 0.9862179160118103 -0.1568514108657837 -0.3628569543361664 0.11840541660785675 0.14979639649391174 0.9816014170646667 -0.172760009765625
1403638133.245097 0.9930636882781982 -0.07053163647651672 -0.0940752848982811 0.021834619343280792 0.05531083419919014 0.9862733483314514 -0.1555810123682022 -0.3528074026107788 0.10375732183456421 0.14929844439029694 0.9833333492279053 -0.16635732352733612
1403638133.295097 0.9951066374778748 -0.06646829843521118 -0.07310940325260162 0.04137074574828148 0.05471314489841461 0.9867960810661316 -0.15244635939598083 -0.3420313894748688 0.08227691054344177 0.14770032465457916 0.9856040477752686 -0.16237294673919678
1403638133.345097 0.9966481328010559 -0.060835663229227066 -0.05469704419374466 0.05632007122039795 0.05250237137079239 0.9883801341056824 -0.14264726638793945 -0.33035504817962646 0.06273949891328812 0.13929738104343414 0.9882611036300659 -0.15533873438835144
1403638133.395097 0.9977849721908569 -0.05541345477104187 -0.03680562227964401 0.07800369709730148 0.050056152045726776 0.989818811416626 -0.13324089348316193 -0.30931803584098816 0.04381423443555832 0.13110341131687164 0.9904000163078308 -0.14755494892597198
1403638133.445097 0.9986513257026672 -0.05047257989645004 -0.012169204652309418 0.09503017365932465 0.048558976501226425 0.9909536242485046 -0.12511135637760162 -0.29465749859809875 0.018373802304267883 0.12435168027877808 0.9920681715011597 -0.14735333621501923
1403638133.4950972 0.9984909296035767 -0.05374712124466896 0.011279352009296417 0.11728516966104507 0.054719895124435425 0.9911060929298401 -0.1213034838438034 -0.2843935489654541 -0.004659347236156464 0.12173760682344437 0.9925514459609985 -0.14311470091342926
1403638133.5450969 0.9972715377807617 -0.06501501798629761 0.03496607393026352 0.13558049499988556 0.06874869018793106 0.9905023574829102 -0.11907452344894409 -0.2698700428009033 -0.026892364025115967 0.12115348875522614 0.9922695159912109 -0.1379077136516571
1403638133.595097 0.9955172538757324 -0.08066839724779129 0.04937582463026047 0.1664862483739853 0.08578815311193466 0.9899646639823914 -0.112296462059021 -0.2608591914176941 -0.03982153534889221 0.11602892726659775 0.9924473166465759 -0.14561408758163452
1403638133.645097 0.9934940934181213 -0.0965050756931305 0.06046820431947708 0.18249964714050293 0.10239534825086594 0.9893573522567749 -0.1033795177936554 -0.2520439922809601 -0.049848027527332306 0.1088985875248909 0.9928022623062134 -0.14112265408039093
1403638133.695097 0.9915341138839722 -0.10741109400987625 0.07295852154493332 0.19734005630016327 0.11415215581655502 0.9888572692871094 -0.09555462747812271 -0.23715618252754211 -0.06188194453716278 0.10307403653860092 0.9927469491958618 -0.14121437072753906
1403638133.745097 0.9894845485687256 -0.11300116032361984 0.09028355777263641 0.21898454427719116 0.12087488919496536 0.9888390898704529 -0.08710204064846039 -0.2317824363708496 -0.07943325489759445 0.09709914028644562 0.9920998215675354 -0.1445835679769516
1403638133.795097 0.9873743653297424 -0.11363127827644348 0.11036248505115509 0.23634696006774902 0.12303326278924942 0.9889695644378662 -0.08247378468513489 -0.22118166089057922 -0.09977355599403381 0.09501074254512787 0.9904636740684509 -0.14318814873695374
1403638133.845097 0.9855071306228638 -0.10926260054111481 0.1297590732574463 0.25628405809402466 0.11987951397895813 0.9897961020469666 -0.07702285051345825 -0.20115862786769867 -0.12001930177211761 0.09146201610565186 0.9885495901107788 -0.13932061195373535
1403638133.895097 0.9837087988853455 -0.10796886682510376 0.14373436570167542 0.267955482006073 0.11884309351444244 0.9904896020889282 -0.06932900846004486 -0.20603697001934052 -0.13488203287124634 0.08528139442205429 0.9871848225593567 -0.1300869584083557
1403638133.945097 0.9819051027297974 -0.10814213007688522 0.15545928478240967 0.2719906270503998 0.11977571249008179 0.99050372838974 -0.06749802827835083 -0.20008650422096252 -0.14668363332748413 0.08489689230918884 0.985533595085144 -0.12140843272209167
1403638133.9950972 0.9808785915374756 -0.10838267207145691 0.16164885461330414 0.2757622301578522 0.12078786641359329 0.9902793765068054 -0.06897123157978058 -0.19890746474266052 -0.15260222554206848 0.08717763423919678 0.9844352006912231 -0.11877177655696869
1403638134.0450969 0.9810333251953125 -0.10486898571252823 0.16302154958248138 0.27125030755996704 0.11720450222492218 0.9907795190811157 -0.06796332448720932 -0.19905461370944977 -0.15439115464687347 0.08578116446733475 0.9842788577079773 -0.10546643286943436
1403638134.095097 0.9823728799819946 -0.09734921157360077 0.15958267450332642 0.26662373542785645 0.10826360434293747 0.9922385215759277 -0.06116958335042 -0.20227929949760437 -0.15238924324512482 0.07736833393573761 0.985287606716156 -0.10090434551239014
1403638134.145097 0.9837851524353027 -0.08774706721305847 0.1564195156097412 0.256753146648407 0.09752974659204483 0.9936563968658447 -0.05598980188369751 -0.20569860935211182 -0.15051430463790894 0.07033749669790268 0.9861024022102356 -0.08724457025527954
1403638134.195097 0.984014630317688 -0.08429989218711853 0.15687160193920135 0.24504737555980682 0.09460292011499405 0.9937413334846497 -0.05940129980444908 -0.21370498836040497 -0.15088225901126862 0.07329227030277252 0.9858309626579285 -0.07579836994409561
1403638134.245097 0.9829723834991455 -0.09098513424396515 0.15964652597904205 0.22831803560256958 0.10401705652475357 0.9917245507240295 -0.0752519965171814 -0.22295436263084412 -0.151478573679924 0.09057658910751343 0.9843018651008606 -0.0545319989323616
1403638134.295097 0.9819011688232422 -0.09936533123254776 0.16123424470424652 0.21212254464626312 0.11447109282016754 0.9895870685577393 -0.0872560441493988 -0.23361219465732574 -0.15088510513305664 0.1041334792971611 0.9830512404441833 -0.043606385588645935
1403638134.345097 0.9812805652618408 -0.10849574953317642 0.15911385416984558 0.18878985941410065 0.12342105060815811 0.9885239005088806 -0.08710768073797226 -0.24090543389320374 -0.14783699810504913 0.10511507838964462 0.9834099411964417 -0.01904004067182541
1403638134.395097 0.9812734723091125 -0.11740589886903763 0.15270283818244934 0.17014966905117035 0.13089598715305328 0.9880418181419373 -0.08148397505283356 -0.2511413097381592 -0.14131009578704834 0.09994624555110931 0.9849071502685547 -0.00987377017736435
1403638134.445097 0.9810206294059753 -0.12486948817968369 0.1483451873064041 0.14912530779838562 0.1371711790561676 0.9876446723937988 -0.07577622681856155 -0.25831761956214905 -0.13705019652843475 0.09468673169612885 0.986028254032135 0.005079880356788635
1403638134.4950972 0.9804072380065918 -0.1331150233745575 0.14519663155078888 0.12921927869319916 0.14511814713478088 0.986534833908081 -0.0754307210445404 -0.27621182799339294 -0.13320057094097137 0.0950234979391098 0.9865232706069946 0.011149883270263672
1403638134.5450969 0.9794327020645142 -0.14322233200073242 0.14212262630462646 0.11227341741323471 0.15538081526756287 0.9847348928451538 -0.07844678312540054 -0.26892998814582825 -0.12871776521205902 0.09891649335622787 0.9867356419563293 0.03414490818977356
1403638134.595097 0.9789775609970093 -0.15303310751914978 0.13484755158424377 0.09286027401685715 0.164825439453125 0.9829860925674438 -0.08106163144111633 -0.27706483006477356 -0.12014812976121902 0.1015838161110878 0.9875450134277344 0.03835476562380791
1403638134.645097 0.9789332747459412 -0.15664814412593842 0.1309615820646286 0.06276847422122955 0.1676027923822403 0.9828248620033264 -0.07723075151443481 -0.2863445580005646 -0.11661422252655029 0.09755328297615051 0.9883747100830078 0.04698261618614197
1403638134.695097 0.9794492125511169 -0.15734140574932098 0.1261860430240631 0.037363290786743164 0.1669653058052063 0.9834996461868286 -0.0696498453617096 -0.2923668622970581 -0.11314511299133301 0.0892871767282486 0.9895585179328918 0.05088294297456741
1403638134.745097 0.9804958701133728 -0.1570313572883606 0.11819033324718475 0.02119508758187294 0.1648496687412262 0.9845216274261475 -0.0595112219452858 -0.29493117332458496 -0.10701580345630646 0.07783415168523788 0.9912059903144836 0.05652359500527382
1403638134.795097 0.9817600846290588 -0.1525617092847824 0.11345493793487549 0.00021254830062389374 0.1587645411491394 0.9861607551574707 -0.047757409512996674 -0.30006226897239685 -0.10459883511066437 0.06489894539117813 0.9923946857452393 0.05704439431428909
1403638134.845097 0.9827793836593628 -0.14647509157657623 0.11264850944280624 -0.024618498980998993 0.15188758075237274 0.9875461459159851 -0.041022155433893204 -0.3091597557067871 -0.10523685812950134 0.05742564797401428 0.9927877187728882 0.06308232992887497
