1305031103.675523 0.9978874921798706 0.0004340565064921975 -0.06496408581733704 -0.0024718204513192177 0.0005443238187581301 0.9998866319656372 0.015041863545775414 -0.04078879952430725 0.06496325880289078 -0.015045448206365108 0.9977742433547974 -0.06727809458971024
1305031103.71161 0.9976701736450195 0.0006206238176673651 -0.06821814179420471 8.602486923336983e-05 0.0001374878775095567 0.9999382495880127 0.011107788421213627 -0.04339807853102684 0.06822080910205841 -0.011091286316514015 0.9976087212562561 -0.08075661212205887
1305031103.743326 0.9978432059288025 0.004573969170451164 -0.06548304855823517 -0.001061921939253807 -0.004140940494835377 0.9999686479568481 0.006747037172317505 -0.05005433037877083 0.06551185995340347 -0.006461320444941521 0.997830867767334 -0.10059668123722076
1305031103.775342 0.9977962970733643 0.010032662190496922 -0.06558850407600403 -0.00021165143698453903 -0.01006707176566124 0.9999493360519409 -0.00019415284623391926 -0.05210867524147034 0.065583236515522 0.00085400918032974 0.9978466629981995 -0.12091805040836334
1305031103.811242 0.9980177879333496 0.020955633372068405 -0.059340886771678925 -0.003988344222307205 -0.021326681599020958 0.9997566938400269 -0.005626320838928223 -0.04576988145709038 0.059208545833826065 0.006880712229758501 0.9982219338417053 -0.13757085800170898
1305031103.843251 0.99803227186203 0.020480645820498466 -0.05926209315657616 -0.005402056500315666 -0.020241573452949524 0.9997843503952026 0.004631689749658108 -0.04732237383723259 0.059344179928302765 -0.0034230155870318413 0.9982317090034485 -0.15706384181976318
1305031103.875361 0.9976056218147278 0.02918386459350586 -0.06269928067922592 -0.009040267206728458 -0.027926962822675705 0.9993928670883179 0.020830273628234863 -0.05927031859755516 0.06326913088560104 -0.019029397517442703 0.9978150129318237 -0.1720053106546402
1305031103.911221 0.9968881011009216 0.03129510208964348 -0.0723528191447258 -0.006028861738741398 -0.02972208708524704 0.9993000626564026 0.02271648868918419 -0.06852484494447708 0.07301309704780579 -0.020495319738984108 0.9971203804016113 -0.18844909965991974
1305031103.943211 0.996368944644928 0.03238043934106827 -0.07874312251806259 -0.0037468522787094116 -0.031001143157482147 0.9993449449539185 0.018676474690437317 -0.07004215568304062 0.0792962983250618 -0.0161675363779068 0.9967199563980103 -0.20821113884449005
1305031103.975373 0.995864748954773 0.035185787826776505 -0.08375803381204605 -0.000572938472032547 -0.03394229710102081 0.9992921352386475 0.016224559396505356 -0.07553141564130783 0.08426962792873383 -0.013314532116055489 0.9963539838790894 -0.22509326040744781
1305031104.011232 0.9956800937652588 0.038156475871801376 -0.08464746922254562 0.00254146009683609 -0.03749469295144081 0.9992526173591614 0.009394708089530468 -0.08252669125795364 0.08494267612695694 -0.006180291995406151 0.9963666200637817 -0.24423690140247345
1305031104.043249 0.9960103631019592 0.041389528661966324 -0.07905857264995575 0.004771735519170761 -0.04197891056537628 0.9991016983985901 -0.005806922912597656 -0.08245496451854706 0.0787472054362297 0.009102549403905869 0.9968530535697937 -0.2643342614173889
1305031104.075425 0.9964189529418945 0.0456635020673275 -0.0711648166179657 0.008981892839074135 -0.046720799058675766 0.9988198280334473 -0.013263247907161713 -0.08254009485244751 0.07047519832849503 0.016540635377168655 0.9973763823509216 -0.2843795418739319
1305031104.111235 0.9968747496604919 0.047390714287757874 -0.063206247985363 0.015350844711065292 -0.04857735335826874 0.9986682534217834 -0.017370644956827164 -0.08927763253450394 0.06229889392852783 0.02038675732910633 0.9978493452072144 -0.2976880669593811
1305031104.14323 0.9975351095199585 0.048849739134311676 -0.050371959805488586 0.011859815567731857 -0.05022450536489487 0.9983890056610107 -0.02639699913561344 -0.09309450536966324 0.04900135099887848 0.02886183187365532 0.998381495475769 -0.31577205657958984
1305031104.175424 0.9978358745574951 0.04999351128935814 -0.04271140694618225 0.009186064824461937 -0.05152454227209091 0.9980394840240479 -0.03553009033203125 -0.09289726614952087 0.04085142910480499 0.03765387833118439 0.9984554052352905 -0.33430716395378113
1305031104.211283 0.9979857802391052 0.05080477148294449 -0.03799029067158699 0.009149028919637203 -0.052407197654247284 0.9977232217788696 -0.04244600981473923 -0.09566503763198853 0.03574734181165695 0.0443514920771122 0.998376190662384 -0.3379897475242615
1305031104.243196 0.9981974363327026 0.05097057297825813 -0.03168443217873573 0.006289603654295206 -0.05259928107261658 0.9972137808799744 -0.052893441170454025 -0.09525979310274124 0.028900157660245895 0.054464682936668396 0.9980973601341248 -0.35567551851272583
1305031104.275546 0.9981862902641296 0.052347131073474884 -0.02972840517759323 0.01085063349455595 -0.054173167794942856 0.9964551329612732 -0.0643613412976265 -0.09206509590148926 0.026253895834088326 0.06585509330034256 0.9974837303161621 -0.36976614594459534
1305031104.311219 0.998340904712677 0.052691373974084854 -0.02322021871805191 0.010743305087089539 -0.05426155403256416 0.995841383934021 -0.07318098098039627 -0.09078598022460938 0.01926765963435173 0.07431953400373459 0.9970483183860779 -0.38447439670562744
1305031104.343342 0.998476505279541 0.05306144431233406 -0.01513263676315546 0.010946759954094887 -0.05407537892460823 0.9955512881278992 -0.07715794444084167 -0.094393789768219 0.010971208103001118 0.07785870879888535 0.9969041347503662 -0.40184614062309265
1305031104.375837 0.9986463785171509 0.05159484222531319 -0.006579107604920864 0.01184444036334753 -0.051957372575998306 0.9954013824462891 -0.08047550916671753 -0.09490378201007843 0.0023967353627085686 0.08070841431617737 0.9967349171638489 -0.4150070548057556
1305031104.411509 0.9986783862113953 0.05138535797595978 0.0009906667983159423 0.009750711731612682 -0.05109570547938347 0.9947569966316223 -0.08858737349510193 -0.08673018217086792 -0.005537554156035185 0.08841969817876816 0.996068000793457 -0.42226362228393555
1305031104.443288 0.9987181425094604 0.05031142383813858 0.005539420526474714 0.0042491937056183815 -0.04960973188281059 0.9947023987770081 -0.09003445506095886 -0.08483905345201492 -0.010039824061095715 0.08964425325393677 0.9959232807159424 -0.4356401562690735
1305031104.475456 0.998753547668457 0.04963607341051102 0.00525981280952692 -0.002891558688133955 -0.04896555468440056 0.9947657585144043 -0.08968605846166611 -0.08452031016349792 -0.009683934971690178 0.08931674063205719 0.995956301689148 -0.44822123646736145
1305031104.511329 0.9989359378814697 0.04610677435994148 -0.0010450934059917927 -0.0023071609903126955 -0.04601478576660156 0.9949110150337219 -0.08963513374328613 -0.0881819799542427 -0.003093004459515214 0.08958785980939865 0.9959741830825806 -0.45893868803977966
1305031104.543368 0.9989380836486816 0.04569920524954796 -0.00585477240383625 -0.0009838910773396492 -0.04604855179786682 0.994435727596283 -0.09474635869264603 -0.0919116884469986 0.001492370618507266 0.09491538256406784 0.9954842925071716 -0.47254303097724915
1305031104.575343 0.9990429282188416 0.04300975799560547 -0.007961206138134003 0.006499952636659145 -0.04359164461493492 0.9940119385719299 -0.10020002722740173 -0.09860068559646606 0.003603955963626504 0.10045117139816284 0.9949354529380798 -0.4844800531864166
1305031104.611336 0.9991449117660522 0.04133978858590126 0.0007896646857261658 0.008700534701347351 -0.04094832390546799 0.9919694066047668 -0.11966612190008163 -0.10226333141326904 -0.005730294622480869 0.11953144520521164 0.9928138852119446 -0.49852225184440613
1305031104.643243 0.9990551471710205 0.04112368822097778 0.014062471687793732 0.011889134533703327 -0.03871946409344673 0.9891373515129089 -0.14180278778076172 -0.10475163161754608 -0.01974117010831833 0.14112430810928345 0.9897949695587158 -0.5124760866165161
1305031104.675525 0.9987297058105469 0.04077077656984329 0.0296073816716671 0.013024311512708664 -0.035478122532367706 0.9862576723098755 -0.16135992109775543 -0.11108548939228058 -0.03577927500009537 0.16010455787181854 0.9864514470100403 -0.5256213545799255
1305031104.711277 0.9983273148536682 0.03689488396048546 0.04451309144496918 0.010994205251336098 -0.02783355861902237 0.9815251231193542 -0.18929842114448547 -0.11077811568975449 -0.05067484825849533 0.18774284422397614 0.9809101819992065 -0.5388668179512024
1305031104.74328 0.9976256489753723 0.037156760692596436 0.05798565596342087 0.011402886360883713 -0.02373189479112625 0.9758756160736084 -0.21703357994556427 -0.10621471703052521 -0.06465104967355728 0.215142160654068 0.9744404554367065 -0.551228940486908
1305031104.775327 0.9967949986457825 0.03560302406549454 0.07163723558187485 0.011732522398233414 -0.017283177003264427 0.9701988697052002 -0.241692915558815 -0.09970029443502426 -0.07810738682746887 0.2396801859140396 0.9677048325538635 -0.5575319528579712
1305031104.811465 0.996059238910675 0.03185082599520683 0.08277393877506256 0.016400642693042755 -0.008967066183686256 0.9646738171577454 -0.263294517993927 -0.09490041434764862 -0.0882360190153122 0.26151466369628906 0.9611579179763794 -0.566024899482727
1305031104.843258 0.9948611855506897 0.0297466441988945 0.09677997976541519 0.014618460088968277 -0.0016759526915848255 0.9605745673179626 -0.27801746129989624 -0.09330129623413086 -0.10123448818922043 0.2764265239238739 0.9556882381439209 -0.575076699256897
1305031104.87535 0.9947763085365295 0.022941166535019875 0.09946897625923157 0.01911512389779091 0.006952180527150631 0.9569313526153564 -0.2902310788631439 -0.08330127596855164 -0.10184323787689209 0.2894064784049988 0.9517729878425598 -0.5814033150672913
1305031104.911534 0.9946484565734863 0.018777070567011833 0.1015973761677742 0.020068809390068054 0.011961276642978191 0.9558065533638 -0.2937528192996979 -0.08126962184906006 -0.10262326896190643 0.2933959364891052 0.9504668712615967 -0.5815410017967224
1305031104.943262 0.9944384694099426 0.018665457144379616 0.10365191102027893 0.01875428855419159 0.012796256691217422 0.9554651975631714 -0.29482612013816833 -0.08104123175144196 -0.10453885793685913 0.2945127487182617 0.9499126076698303 -0.5816882848739624
1305031104.975202 0.9947360157966614 0.01669698767364025 0.10110164433717728 0.020597141236066818 0.014062810689210892 0.9550560116767883 -0.29609155654907227 -0.07023240625858307 -0.10150158405303955 0.2959546446800232 0.949793815612793 -0.5745130777359009
1305031105.01129 0.9947658777236938 0.01544322818517685 0.10100669413805008 0.019270900636911392 0.01445458922535181 0.9573041200637817 -0.2887214422225952 -0.0652071088552475 -0.10115291178226471 0.28867021203041077 0.9520701169967651 -0.5654539465904236
1305031105.043373 0.9947320222854614 0.018233725801110268 0.10087545216083527 0.017783459275960922 0.010715002194046974 0.9601685404777527 -0.27921563386917114 -0.06087762117385864 -0.10194858908653259 0.278825581073761 0.9549151062965393 -0.5575129389762878
1305031105.07532 0.9950582385063171 0.018124714493751526 0.09762384742498398 0.020992185920476913 0.00836766604334116 0.9643937945365906 -0.26433777809143066 -0.06389316916465759 -0.09893891215324402 0.2638484239578247 0.9594764709472656 -0.5441625714302063
1305031105.111299 0.9950689077377319 0.021729422733187675 0.09677565842866898 0.017618626356124878 0.00326866889372468 0.9679928421974182 -0.2509564757347107 -0.07090669870376587 -0.09913130104541779 0.25003528594970703 0.9631487727165222 -0.5317440629005432
1305031105.143106 0.9952269792556763 0.026348058134317398 0.09396273642778397 0.009393896907567978 -0.0026317331939935684 0.9697578549385071 -0.2440548837184906 -0.056860946118831635 -0.09755146503448486 0.24264274537563324 0.9651984572410583 -0.5155189633369446
1305031105.175159 0.9956926703453064 0.029969708994030952 0.08773677796125412 0.007748756557703018 -0.010113580152392387 0.9757763147354126 -0.21853679418563843 -0.05468462407588959 -0.09216095507144928 0.21670818328857422 0.9718764424324036 -0.49712198972702026
1305031105.211268 0.9961065053939819 0.03130783140659332 0.08241231739521027 0.0023449845612049103 -0.014863243326544762 0.9810755848884583 -0.19305342435836792 -0.06325048208236694 -0.08689680695533752 0.1910768449306488 0.9777211546897888 -0.48044174909591675
1305031105.24327 0.9966692924499512 0.03421046584844589 0.07402672618627548 -0.003972332924604416 -0.02055533602833748 0.9838311672210693 -0.1779147982597351 -0.06213678419589996 -0.07891634106636047 0.17580059170722961 0.9812575578689575 -0.4658520519733429
1305031105.275288 0.9973341822624207 0.03636505827307701 0.06326277554035187 -0.008900219574570656 -0.025970976799726486 0.9871007800102234 -0.15797968208789825 -0.059678852558135986 -0.06819167733192444 0.15591555833816528 0.9854137301445007 -0.4524775743484497
1305031105.31129 0.997770369052887 0.03887774422764778 0.05424785614013672 -0.01894499734044075 -0.031027890741825104 0.9898478388786316 -0.1387031227350235 -0.06037648767232895 -0.059089578688144684 0.13671067357063293 0.9888471364974976 -0.43415090441703796
1305031105.343302 0.9986969232559204 0.03687554597854614 0.03527708724141121 -0.009423253126442432 -0.03234279155731201 0.9920763373374939 -0.12140196561813354 -0.06582890450954437 -0.03947431221604347 0.12010279297828674 0.9919764399528503 -0.4082896411418915
1305031105.375338 0.9990300536155701 0.035992588847875595 0.025361880660057068 -0.009929032064974308 -0.03292623907327652 0.9931177496910095 -0.11239607632160187 -0.07043430209159851 -0.029232751578092575 0.11145198345184326 0.9933398365974426 -0.39156094193458557
1305031105.411286 0.999247670173645 0.03580327704548836 0.014899959787726402 -0.008747236803174019 -0.03407755866646767 0.9940677285194397 -0.10328583419322968 -0.06429848074913025 -0.018509525805711746 0.1027003675699234 0.9945402145385742 -0.373153954744339
1305031105.443316 0.9992402791976929 0.038087453693151474 0.00826279167085886 -0.011190423741936684 -0.03718738630414009 0.9952191710472107 -0.09031058102846146 -0.06659933924674988 -0.011662975884974003 0.08993470668792725 0.9958794116973877 -0.35724809765815735
1305031105.47528 0.9992178082466125 0.03913930803537369 0.005635052919387817 -0.016840677708387375 -0.03855835646390915 0.9959968328475952 -0.08064372837543488 -0.07145603746175766 -0.008768836036324501 0.08036340028047562 0.9967270493507385 -0.3461867570877075
1305031105.511332 0.9992923140525818 0.03752032667398453 -0.0026379709597676992 -0.010988333262503147 -0.03761269152164459 0.9965713620185852 -0.07369481027126312 -0.06747868657112122 -0.00013612188922706991 0.07374189049005508 0.9972773790359497 -0.3260746896266937
1305031105.543282 0.9993855357170105 0.03473104536533356 -0.004714176990091801 -0.009398144669830799 -0.03496094420552254 0.997357964515686 -0.0636792927980423 -0.07229597866535187 0.002490079030394554 0.0638049840927124 0.9979593753814697 -0.3076719641685486
1305031105.575449 0.9993754625320435 0.03480956330895424 -0.006072386167943478 -0.011264920234680176 -0.035106610506772995 0.9976553320884705 -0.05875176563858986 -0.07127168774604797 0.004013029392808676 0.058928269892930984 0.9982542395591736 -0.29092416167259216
1305031105.611378 0.999401867389679 0.03330548107624054 -0.009299850091338158 -0.008412359282374382 -0.03374463692307472 0.9980806112289429 -0.0519244410097599 -0.07580099254846573 0.007552649825811386 0.05220720171928406 0.9986076354980469 -0.2737041115760803
1305031105.643273 0.9995654225349426 0.027891801670193672 -0.009538463316857815 -0.009889047592878342 -0.028342682868242264 0.9982986450195312 -0.05095259100198746 -0.0759611427783966 0.008101092651486397 0.051200784742832184 0.9986554980278015 -0.2569284737110138
1305031105.675166 0.9996034502983093 0.024830017238855362 -0.01328006200492382 -0.005435718689113855 -0.025440072640776634 0.998526394367218 -0.04793250933289528 -0.07449205219745636 0.01207034569233656 0.04825133830308914 0.9987622499465942 -0.23844625055789948
1305031105.711309 0.9996063709259033 0.025629444047808647 -0.011406222358345985 0.0008397086057811975 -0.026141319423913956 0.9985407590866089 -0.04725327342748642 -0.0801156759262085 0.010178507305681705 0.04753284901380539 0.9988176822662354 -0.22169283032417297
1305031105.743312 0.9996851086616516 0.024764427915215492 -0.004057875368744135 0.0021645547822117805 -0.024947967380285263 0.9982210397720337 -0.054150599986314774 -0.07285872101783752 0.002709650434553623 0.05423477664589882 0.9985244274139404 -0.20495958626270294
1305031105.775339 0.9996907114982605 0.024496538564562798 0.004262021742761135 0.005727461539208889 -0.024243511259555817 0.9983662962913513 -0.05173765867948532 -0.07592522352933884 -0.005522450432181358 0.05161833390593529 0.9986515045166016 -0.18718284368515015
1305031105.811283 0.9996384978294373 0.02283811755478382 0.014187506400048733 0.006204485893249512 -0.022028325125575066 0.9982529878616333 -0.05482584610581398 -0.07636101543903351 -0.015414820052683353 0.054493531584739685 0.9983950853347778 -0.1719394475221634
1305031105.843271 0.9996432065963745 0.01914953626692295 0.01862405613064766 0.011746952310204506 -0.01805943250656128 0.9982088804244995 -0.0570359081029892 -0.0763796791434288 -0.019682887941598892 0.05667924880981445 0.9981982707977295 -0.15473464131355286
1305031105.875337 0.9994345903396606 0.01626313477754593 0.029429301619529724 0.012640667147934437 -0.014388466253876686 0.9979208111763 -0.0628277063369751 -0.06751707196235657 -0.03038986399769783 0.06236876919865608 0.9975903630256653 -0.13822586834430695
1305031105.911262 0.9993300437927246 0.005017243325710297 0.03625413775444031 0.015195371583104134 -0.0029499169904738665 0.9983781576156616 -0.05685294046998024 -0.06627544015645981 -0.03648057579994202 0.056707900017499924 0.9977242946624756 -0.12221583724021912
1305031105.943272 0.9990714192390442 -0.00010269167250953615 0.04308541119098663 0.015449080616235733 0.002393128117546439 0.9985857009887695 -0.053111884742975235 -0.061568405479192734 -0.04301900416612625 0.053165677934885025 0.9976587891578674 -0.10647698491811752
1305031105.975329 0.9989064931869507 -0.004187028855085373 0.046568144112825394 0.01712447591125965 0.006282458081841469 0.9989699125289917 -0.044941872358322144 -0.05803867429494858 -0.046331990510225296 0.045185286551713943 0.9979037642478943 -0.09080830961465836
1305031106.011285 0.9987033009529114 -0.007350049447268248 0.05037761852145195 0.01890692301094532 0.009267906658351421 0.9992369413375854 -0.03794218599796295 -0.05348966270685196 -0.05006028711795807 0.038359880447387695 0.9980093836784363 -0.07487785071134567
1305031106.043355 0.9983189105987549 -0.010043327696621418 0.05708209052681923 0.01549615804105997 0.011666012927889824 0.9995352029800415 -0.02816542237997055 -0.051288217306137085 -0.05677267536520958 0.028784003108739853 0.9979720711708069 -0.05676036700606346
1305031106.07533 0.9981796145439148 -0.014382398687303066 0.05856911092996597 0.015149494633078575 0.015630658715963364 0.9996591806411743 -0.020910505205392838 -0.04762120172381401 -0.05824839696288109 0.02178792469203472 0.9980642199516296 -0.042079098522663116
1305031106.111327 0.9981699585914612 -0.016692092642188072 0.058121856302022934 0.01473455224186182 0.017522653564810753 0.9997511506080627 -0.013809728436172009 -0.03983965143561363 -0.05787687376141548 0.014802909456193447 0.9982140064239502 -0.027824634686112404
1305031106.143355 0.9981474280357361 -0.020747439935803413 0.05719294399023056 0.01123510766774416 0.020705105736851692 0.9997849464416504 0.0013327300548553467 -0.040143247693777084 -0.05720828101038933 -0.0001460649073123932 0.9983622431755066 -0.014780543744564056
1305031106.175534 0.9982790350914001 -0.02317369543015957 0.05386955291032791 0.0110239889472723 0.022731071338057518 0.9997026920318604 0.008814834989607334 -0.03882454335689545 -0.05405781418085098 -0.007575152441859245 0.9985090494155884 -0.0021916788537055254
1305031106.211275 0.9983713030815125 -0.02409253641963005 0.05171461030840874 0.009410164318978786 0.02328929677605629 0.9995993971824646 0.016079038381576538 -0.03979412093758583 -0.052081283181905746 -0.014848452061414719 0.9985324740409851 0.009877488017082214
1305031106.243267 0.9983420968055725 -0.030800042673945427 0.0486251525580883 0.008542298339307308 0.0300437118858099 0.9994171261787415 0.016209453344345093 -0.037620216608047485 -0.04909606650471687 -0.014721699059009552 0.9986855983734131 0.01829446293413639
1305031106.276385 0.9984228014945984 -0.03327120468020439 0.045219868421554565 0.007941813208162785 0.032590121030807495 0.9993451237678528 0.015716755762696266 -0.030822716653347015 -0.045713167637586594 -0.014218251220881939 0.9988533854484558 0.027142129838466644
1305031106.311238 0.9983502626419067 -0.040149495005607605 0.04104479029774666 0.009224959649145603 0.03919808939099312 0.9989497065544128 0.02372785471379757 -0.02877444587647915 -0.04195433855056763 -0.0220798347145319 0.9988755583763123 0.033068228513002396
1305031106.343258 0.998370349407196 -0.04178086668252945 0.03886844217777252 0.007613164372742176 0.040578603744506836 0.998688280582428 0.031223071739077568 -0.021065277978777885 -0.04012198746204376 -0.029594965279102325 0.9987564086914062 0.03842611983418465
1305031106.375388 0.9989214539527893 -0.02892942540347576 0.036315180361270905 0.012776616029441357 0.02711671032011509 0.9984082579612732 0.049453478306531906 -0.020525721833109856 -0.03768802434206009 -0.048415400087833405 0.9981160163879395 0.04198765382170677
1305031106.41132 0.9987773299217224 -0.018924742937088013 0.045669104903936386 0.01565622165799141 0.015877896919846535 0.9976813793182373 0.06617995351552963 -0.028013335540890694 -0.0468156561255455 -0.06537391245365143 0.9967620968818665 0.045790962874889374
1305031106.443278 0.9982024431228638 -0.009532633237540722 0.05917079374194145 0.007910119369626045 0.0054611642844974995 0.9976298809051514 0.06859279423952103 -0.03131555765867233 -0.059684425592422485 -0.06814634799957275 0.9958884716033936 0.04391031712293625
1305031106.475345 0.9981287717819214 -0.006378472782671452 0.06081358343362808 0.0031669787131249905 0.002229756209999323 0.9976797699928284 0.0680454820394516 -0.03323249891400337 -0.061106495559215546 -0.06778256595134735 0.9958271384239197 0.038898538798093796
1305031106.511129 0.9985671043395996 -0.005427350290119648 0.053237613290548325 0.002200773684307933 0.0018217929173260927 0.9977148175239563 0.06754178553819656 -0.03935243934392929 -0.053482525050640106 -0.06734804064035416 0.996295154094696 0.0317927710711956
1305031106.543302 0.9990383386611938 -0.0021753108594566584 0.043792739510536194 0.0036001550033688545 -0.0004511455772444606 0.9982057809829712 0.05987567454576492 -0.040173184126615524 -0.043844420462846756 -0.059837840497493744 0.9972447752952576 0.020242663100361824
1305031106.575282 0.9991419315338135 0.001254346570931375 0.04139609634876251 0.002025337191298604 -0.0034668243024498224 0.998566210269928 0.0534181147813797 -0.04147644713521004 -0.04126976057887077 -0.05351579189300537 0.9977138042449951 0.004054620862007141
1305031106.611151 0.9993311762809753 0.0073316567577421665 0.035820551216602325 0.0001340951130259782 -0.009229806251823902 0.9985457062721252 0.05311589315533638 -0.04191826283931732 -0.03537904843688011 -0.05341099202632904 0.9979457259178162 -0.009404822252690792
1305031106.643207 0.9994410872459412 0.01245808694511652 0.031017880886793137 -0.0007175657665356994 -0.014155237004160881 0.9983798861503601 0.05511084944009781 -0.04853035882115364 -0.03028106316924095 -0.05551912263035774 0.9979983568191528 -0.023519186303019524
1305031106.675279 0.9995407462120056 0.013369436375796795 0.027188807725906372 -0.005625992082059383 -0.01467213686555624 0.9987255334854126 0.04829203709959984 -0.04668110981583595 -0.026508525013923645 -0.04866878688335419 0.9984632134437561 -0.03967389091849327
1305031106.711508 0.9997386336326599 0.015623290091753006 0.0166865736246109 -0.00858305487781763 -0.016498753800988197 0.9984216094017029 0.05368468910455704 -0.051050134003162384 -0.015821509063243866 -0.05394595488905907 0.9984185695648193 -0.05540117993950844
1305031106.743341 0.9998658895492554 0.01593347080051899 0.0037650074809789658 -0.009815527126193047 -0.01610574871301651 0.9985529184341431 0.05130806192755699 -0.053751591593027115 -0.002942047081887722 -0.051361825317144394 0.9986757636070251 -0.07491276413202286
1305031106.77539 0.9998067021369934 0.01705603487789631 -0.009781375527381897 -0.007812379393726587 -0.016553524881601334 0.9986448287963867 0.049338579177856445 -0.0551813542842865 0.010609636083245277 -0.049167122691869736 0.9987342357635498 -0.09344185143709183
1305031106.811289 0.9996703267097473 0.018809426575899124 -0.01747732236981392 -0.008171845227479935 -0.01793392188847065 0.9986393451690674 0.048967618495225906 -0.054133545607328415 0.018374590203166008 -0.048638034611940384 0.9986475110054016 -0.1114499494433403
1305031106.843416 0.9994009137153625 0.02175733633339405 -0.026913633570075035 -0.006836902350187302 -0.020281001925468445 0.9983370304107666 0.05396155267953873 -0.06348191946744919 0.028042932972311974 -0.05338338389992714 0.9981802105903625 -0.12863482534885406
1305031106.875905 0.9990072250366211 0.030176272615790367 -0.03276829048991203 -0.004381374455988407 -0.028771402314305305 0.9986808896064758 0.042529620230197906 -0.06630181521177292 0.0340084470808506 -0.04154461622238159 0.9985576868057251 -0.14913685619831085
1305031106.911243 0.9987740516662598 0.03822983428835869 -0.03144636005163193 -0.0042204237543046474 -0.03716462850570679 0.9987378120422363 0.03378814086318016 -0.06316883862018585 0.03269839286804199 -0.03257802873849869 0.9989342093467712 -0.17095842957496643
1305031106.943439 0.998498797416687 0.04709535837173462 -0.027967292815446854 -0.005843387916684151 -0.04618432745337486 0.9984081387519836 0.03237375617027283 -0.06914782524108887 0.029447436332702637 -0.031033504754304886 0.99908447265625 -0.1899321973323822
1305031106.975547 0.9982881546020508 0.05259055271744728 -0.02559523656964302 -0.0037443386390805244 -0.05198531225323677 0.9983649849891663 0.023764193058013916 -0.07752133160829544 0.02680317312479019 -0.022392932325601578 0.9993898868560791 -0.2102997750043869
1305031107.011576 0.9980224967002869 0.06068316847085953 -0.016390735283493996 -0.00937188696116209 -0.060593292117118835 0.9981449842453003 0.005925487726926804 -0.06915748119354248 0.016719914972782135 -0.004920598119497299 0.9998480677604675 -0.23636263608932495
1305031107.043281 0.9978218078613281 0.06486368179321289 -0.012008469551801682 -0.009255366399884224 -0.06478536128997803 0.9978760480880737 0.006800340488553047 -0.07308732718229294 0.012424066662788391 -0.006007556803524494 0.9999048113822937 -0.2532459497451782
1305031107.075432 0.9977096319198608 0.06721549481153488 -0.007582183461636305 -0.015520391054451466 -0.06721849739551544 0.9977381825447083 -0.00013865806977264583 -0.08013071864843369 0.007555700838565826 0.0006480030133388937 0.9999712705612183 -0.2732762098312378
1305031107.111229 0.9975852370262146 0.06879892200231552 -0.009504515677690506 -0.015602175146341324 -0.0689140185713768 0.9975458979606628 -0.012363079003989697 -0.07574595510959625 0.008630609139800072 0.01298821996897459 0.999878466129303 -0.29324454069137573
1305031107.14326 0.9976069927215576 0.0683627501130104 -0.010332560166716576 -0.011099450290203094 -0.06852345913648605 0.9975196719169617 -0.016091421246528625 -0.07450132071971893 0.009206864051520824 0.016760937869548798 0.9998171925544739 -0.3116043210029602
1305031107.175399 0.9975055456161499 0.07015034556388855 -0.007843194529414177 -0.010487603023648262 -0.07028055936098099 0.9973686933517456 -0.017782364040613174 -0.08197512477636337 0.006575103849172592 0.0182892307639122 0.9998111128807068 -0.3265133500099182
1305031107.211358 0.9973567724227905 0.07250736653804779 -0.004690911620855331 -0.007875715382397175 -0.07260339707136154 0.9970391392707825 -0.025327477604150772 -0.09233646839857101 0.002840593457221985 0.025601111352443695 0.9996682405471802 -0.3448701798915863
1305031107.243378 0.9973040819168091 0.07337446510791779 0.000693359412252903 -0.006983553990721703 -0.0732865110039711 0.9964908957481384 -0.04043098911643028 -0.08840538561344147 -0.0036575302947312593 0.04027118533849716 0.9991821050643921 -0.3613271117210388
1305031107.275398 0.9973263740539551 0.07286135107278824 0.005578889977186918 -0.0041032712906599045 -0.07250040769577026 0.9961535930633545 -0.04920857027173042 -0.09360221773386002 -0.009142839349806309 0.048672545701265335 0.9987730383872986 -0.37675896286964417
1305031107.311226 0.997053861618042 0.07589930295944214 0.011083892546594143 -0.002041442319750786 -0.07501308619976044 0.9950127005577087 -0.06574561446905136 -0.09523655474185944 -0.016018666326999664 0.06472048908472061 0.9977747797966003 -0.39368507266044617
1305031107.343509 0.997036874294281 0.07514743506908417 0.016439948230981827 0.0017916751094162464 -0.07347390055656433 0.9936004281044006 -0.08578775823116302 -0.10138166695833206 -0.022781474515795708 0.08432566374540329 0.9961776733398438 -0.40968936681747437
1305031107.375413 0.9970127940177917 0.07395279407501221 0.022277425974607468 0.00772453285753727 -0.07122259587049484 0.9918968677520752 -0.10520466417074203 -0.0957246869802475 -0.029877081513404846 0.10330375283956528 0.9942010045051575 -0.4255213439464569
1305031107.411271 0.9964668154716492 0.07744994014501572 0.032484810799360275 0.007253376767039299 -0.0730438232421875 0.9900889992713928 -0.11995092779397964 -0.09405036270618439 -0.041453033685684204 0.11715430021286011 0.9922482967376709 -0.4319096803665161
1305031107.443419 0.9961596131324768 0.07771815359592438 0.04031982272863388 0.010511336848139763 -0.07180055230855942 0.9886755347251892 -0.13177692890167236 -0.09091116487979889 -0.05010467767715454 0.1283758580684662 0.990459144115448 -0.43897780776023865
1305031107.475377 0.9959771037101746 0.07527559995651245 0.048613984137773514 0.013572510331869125 -0.0679507628083229 0.9881135821342468 -0.1378917098045349 -0.0909586176276207 -0.058416035026311874 0.134033665060997 0.989253580570221 -0.4429123103618622
1305031107.511352 0.9956609606742859 0.07455145567655563 0.05568845942616463 0.014839360490441322 -0.06584355235099792 0.9873101711273193 -0.14451028406620026 -0.08199357241392136 -0.06575523316860199 0.14021652936935425 0.9879350662231445 -0.44509032368659973
1305031107.543605 0.9957919716835022 0.06935341656208038 0.05990299582481384 0.02007565088570118 -0.060440048575401306 0.9883655309677124 -0.13957245647907257 -0.08227577060461044 -0.06888587027788162 0.13536465167999268 0.9883983135223389 -0.4445798099040985
1305031107.575454 0.9959114789962769 0.06398992985486984 0.06376151740550995 0.022983752191066742 -0.05482131987810135 0.9891349077224731 -0.13640636205673218 -0.08959659188985825 -0.07179737091064453 0.13235323131084442 0.9885989427566528 -0.4451913833618164
1305031107.611271 0.9959419369697571 0.06117428094148636 0.06601124256849289 0.02546338550746441 -0.051360029727220535 0.9886336922645569 -0.14129936695098877 -0.07946815341711044 -0.07390480488538742 0.13733558356761932 0.9877636432647705 -0.44426295161247253
1305031107.643323 0.9959476590156555 0.058116741478443146 0.06863537430763245 0.027353081852197647 -0.04850494861602783 0.9897615909576416 -0.13423585891723633 -0.07977105677127838 -0.075733982026577 0.13036268949508667 0.9885697364807129 -0.4421529471874237
1305031107.675568 0.9958613514900208 0.05706316977739334 0.07073921710252762 0.025887392461299896 -0.04735451936721802 0.9901125431060791 -0.13204027712345123 -0.079220250248909 -0.07757440209388733 0.12814396619796753 0.9887170195579529 -0.4393463730812073
1305031107.711307 0.9959816336631775 0.054868441075086594 0.07078283280134201 0.024875547736883163 -0.0451999194920063 0.9902695417404175 -0.13161751627922058 -0.07353387027978897 -0.07731571793556213 0.1278892308473587 0.9887702465057373 -0.43561986088752747
1305031107.743538 0.9961409568786621 0.05379978194832802 0.06934786587953568 0.022544153034687042 -0.04468689113855362 0.9909151196479797 -0.12684719264507294 -0.06825152039527893 -0.07554217427968979 0.12325868755578995 0.9894952178001404 -0.4337047338485718
1305031107.775802 0.9963575005531311 0.056651003658771515 0.06373921781778336 0.022905170917510986 -0.048719312995672226 0.9916062951087952 -0.11976359784603119 -0.07059556245803833 -0.0699889212846756 0.11622200906276703 0.9907543063163757 -0.42941421270370483
1305031107.811596 0.9966994524002075 0.05575615167617798 0.05900553986430168 0.02604958415031433 -0.048649758100509644 0.9920936822891235 -0.1156863123178482 -0.06846992671489716 -0.06498921662569046 0.11243385821580887 0.9915317296981812 -0.4272922873497009
1305031107.843332 0.9967097640037537 0.056430235505104065 0.05818164721131325 0.027220094576478004 -0.049775511026382446 0.992674708366394 -0.11008810997009277 -0.06859347224235535 -0.06396772712469101 0.10682990401983261 0.992217481136322 -0.4244426488876343
1305031107.875358 0.9962753057479858 0.06332620978355408 0.05852362513542175 0.03370893374085426 -0.0567820705473423 0.9925913214683533 -0.10741721838712692 -0.07285241782665253 -0.06489235162734985 0.10369406640529633 0.9924901127815247 -0.42183613777160645
1305031107.911541 0.9956894516944885 0.0676845908164978 0.06341125816106796 0.03899673372507095 -0.06052081659436226 0.9922213554382324 -0.10878413170576096 -0.07417845726013184 -0.0702810138463974 0.10447755455970764 0.9920408725738525 -0.41941308975219727
1305031107.943122 0.9952462315559387 0.06855981796979904 0.06916854530572891 0.04611065238714218 -0.06054917350411415 0.991871178150177 -0.11191728711128235 -0.07664425671100616 -0.07627930492162704 0.10719718039035797 0.9913073778152466 -0.41779571771621704
1305031107.975807 0.9945655465126038 0.06875164806842804 0.07818301022052765 0.0524064376950264 -0.0593358613550663 0.9913623332977295 -0.11696159839630127 -0.0783657431602478 -0.08554897457361221 0.11168693006038666 0.9900544285774231 -0.41519615054130554
1305031108.01132 0.9936602711677551 0.07218357920646667 0.08618922531604767 0.06360028684139252 -0.06110604107379913 0.9902876615524292 -0.12488629668951035 -0.07828670740127563 -0.09436684101819992 0.11882788687944412 0.9884204864501953 -0.41251832246780396
1305031108.043418 0.9931806325912476 0.06675232201814651 0.09558437019586563 0.0835481658577919 -0.053873416036367416 0.9898518919944763 -0.1314951777458191 -0.07484868168830872 -0.10339196771383286 0.1254490315914154 0.9866979718208313 -0.4105798602104187
1305031108.075352 0.9917377829551697 0.05653354898095131 0.11515270918607712 0.09265042841434479 -0.04100709408521652 0.9902676939964294 -0.13299791514873505 -0.07813765108585358 -0.12155084311962128 0.12717700004577637 0.9844041466712952 -0.4058147668838501
1305031108.111378 0.9904884099960327 0.05841189622879028 0.12458254396915436 0.10782238841056824 -0.041395142674446106 0.989973783493042 -0.13504961133003235 -0.08482495695352554 -0.1312219649553299 0.12860800325870514 0.982975423336029 -0.4094064235687256
1305031108.143334 0.9899471998214722 0.056782763451337814 0.12953968346118927 0.12477582693099976 -0.038267407566308975 0.9892431497573853 -0.14118650555610657 -0.08033571392297745 -0.13616317510604858 0.13481001555919647 0.9814712405204773 -0.4049204885959625
1305031108.176058 0.9893426895141602 0.05033537372946739 0.13662874698638916 0.13772325217723846 -0.030901461839675903 0.9895554780960083 -0.140801340341568 -0.07241383194923401 -0.14228901267051697 0.13507874310016632 0.9805649518966675 -0.40030092000961304
1305031108.211475 0.9888793230056763 0.05080725625157356 0.13977327942848206 0.15069973468780518 -0.03271409496665001 0.9911276698112488 -0.12882432341575623 -0.07837842404842377 -0.1450783759355545 0.12281916290521622 0.9817677140235901 -0.3984350860118866
1305031108.243347 0.9882245659828186 0.05498647317290306 0.1427888423204422 0.17252016067504883 -0.03720201551914215 0.9915394186973572 -0.12436062097549438 -0.08749055117368698 -0.14841893315315247 0.11758420616388321 0.9819092750549316 -0.3957720994949341
1305031108.275358 0.9870445132255554 0.05325789004564285 0.15134932100772858 0.18597768247127533 -0.03364628925919533 0.9910340309143066 -0.1293034851551056 -0.07762767374515533 -0.15687879920005798 0.12253597378730774 0.9799867272377014 -0.3899610638618469
1305031108.311332 0.9862018823623657 0.05006444826722145 0.15779522061347961 0.19154679775238037 -0.0307280495762825 0.991970419883728 -0.12268039584159851 -0.07420901209115982 -0.16267013549804688 0.11613891273736954 0.979821503162384 -0.38370802998542786
1305031108.343278 0.9868093729019165 0.04598654806613922 0.1552179455757141 0.20351670682430267 -0.028467152267694473 0.9931572675704956 -0.11326155066490173 -0.07022309303283691 -0.15936434268951416 0.10734894126653671 0.981365978717804 -0.379596471786499
1305031108.37541 0.9881706833839417 0.03502838686108589 0.14930406212806702 0.21548393368721008 -0.01972241885960102 0.9945075511932373 -0.10278946906328201 -0.0696631446480751 -0.1520845890045166 0.09862889349460602 0.9834340810775757 -0.3780769109725952
1305031108.411361 0.9896749258041382 0.020967403426766396 0.1417885273694992 0.23035423457622528 -0.007852211594581604 0.9956879019737244 -0.09243248403072357 -0.0694345086812973 -0.14311519265174866 0.09036474674940109 0.9855719804763794 -0.3738458752632141
1305031108.44361 0.9904395341873169 0.006539813242852688 0.13779252767562866 0.24735127389431 0.004985475912690163 0.9965260624885559 -0.08313162624835968 -0.06861825287342072 -0.1378575563430786 0.083023801445961 0.9869662523269653 -0.36984914541244507
1305031108.475471 0.9905650615692139 -0.008196849375963211 0.13679830729961395 0.2615192234516144 0.018415605649352074 0.9971176385879517 -0.07360207289457321 -0.07523329555988312 -0.13580068945884705 0.07542684674263 0.9878608584403992 -0.368228942155838
1305031108.511378 0.9905765652656555 -0.01553062628954649 0.1360761821269989 0.290488064289093 0.025522062554955482 0.9970787167549133 -0.07199130207300186 -0.08213231712579727 -0.13456067442893982 0.07478586584329605 0.9880791902542114 -0.3696078956127167
1305031108.543737 0.9885480403900146 -0.011730614118278027 0.15044927597045898 0.3045983910560608 0.023736922070384026 0.9966505765914917 -0.07825739681720734 -0.08668366074562073 -0.14902742207050323 0.08093243092298508 0.9855154156684875 -0.36809346079826355
1305031108.575414 0.9871971607208252 -0.009140963666141033 0.1592421531677246 0.3190787434577942 0.023933112621307373 0.9955429434776306 -0.0912226140499115 -0.07487387955188751 -0.1576986014842987 0.09386588633060455 0.9830158948898315 -0.36862143874168396
1305031108.611407 0.9854634404182434 -0.010864454321563244 0.16953961551189423 0.33686867356300354 0.02634521760046482 0.9956536293029785 -0.08933024108409882 -0.07684679329395294 -0.16783227026462555 0.092498280107975 0.9814664125442505 -0.36624160408973694
1305031108.643303 0.9835999608039856 -0.014577723108232021 0.1797737181186676 0.3534131944179535 0.03157230094075203 0.9952548742294312 -0.09203770011663437 -0.06916479021310806 -0.17757894098758698 0.09620416909456253 0.9793928265571594 -0.3675310015678406
1305031108.675375 0.9820120334625244 -0.02256363444030285 0.187465637922287 0.3731624484062195 0.03967958688735962 0.9953248500823975 -0.08805714547634125 -0.06273775547742844 -0.1846022754907608 0.09391170740127563 0.9783161878585815 -0.36522310972213745
1305031108.711411 0.9782702326774597 -0.02968463860452175 0.20519790053367615 0.3797377347946167 0.04587072879076004 0.9961596131324768 -0.07457834482192993 -0.0705125629901886 -0.20219600200653076 0.08237035572528839 0.9758749604225159 -0.36315760016441345
