1403638131.845097 0.9987531304359436 0.040929678827524185 0.02858158014714718 0.003393767401576042 -0.04049397632479668 0.9990569949150085 -0.01566031016409397 0.015624403953552246 -0.029195597395300865 0.014483400620520115 0.9994688034057617 0.0031510619446635246
1403638131.895097 0.9983285665512085 0.04703491926193237 0.03358292207121849 0.003679585410282016 -0.046567998826503754 0.9988090991973877 -0.01455304678529501 0.01825876720249653 -0.03422742336988449 0.012964828871190548 0.9993299841880798 0.004153380170464516
1403638131.945097 0.9980208277702332 0.05178091675043106 0.03568129613995552 0.004729541949927807 -0.051303815096616745 0.9985827207565308 -0.014160148799419403 0.02204529009759426 -0.03636394441127777 0.01230153813958168 0.999262809753418 0.004644604399800301
1403638131.9950972 0.9972328543663025 0.06445450335741043 0.03704259172081947 0.004850887227803469 -0.06416954845190048 0.9978999495506287 -0.008831758052110672 0.023838752880692482 -0.037534043192863464 0.00643031345680356 0.9992746710777283 0.005326783284544945
1403638132.0450969 0.9959418177604675 0.08254708349704742 0.03585898503661156 0.004869075957685709 -0.0825982317328453 0.9965828657150269 -5.5302272812696174e-05 0.025312243029475212 -0.03574100509285927 -0.0029068104922771454 0.9993568658828735 0.005842705722898245
1403638132.095097 0.9943807125091553 0.10001784563064575 0.03468867018818855 0.005244363099336624 -0.10050951689481735 0.9948546290397644 0.012728197500109673 0.026043370366096497 -0.033237140625715256 -0.016143212094902992 0.9993171095848083 0.005212224088609219
1403638132.145097 0.9933579564094543 0.11071335524320602 0.03134336322546005 0.00526342261582613 -0.11135053634643555 0.9935925006866455 0.01936558447778225 0.025481659919023514 -0.028998499736189842 -0.022727055475115776 0.9993210434913635 0.004936286713927984
1403638132.195097 0.9933904409408569 0.11123835295438766 0.02831104025244713 0.004774990025907755 -0.1117318794131279 0.9936016201972961 0.016487210988998413 0.024188045412302017 -0.02629588544368744 -0.019541479647159576 0.9994633197784424 0.00504295714199543
1403638132.245097 0.9947340488433838 0.0999639704823494 0.022610541433095932 0.0040361774154007435 -0.10007338225841522 0.9949728846549988 0.0037577988114207983 0.02162637747824192 -0.022121230140328407 -0.00600072368979454 0.9997372627258301 0.004518706817179918
1403638132.295097 0.9962342977523804 0.08533891290426254 0.015314771793782711 0.0037901331670582294 -0.08516410738229752 0.9962978959083557 -0.011726868338882923 0.0190314631909132 -0.016258837655186653 0.010378438979387283 0.999813973903656 0.003864943515509367
1403638132.345097 0.9969552755355835 0.07725265622138977 0.01059399452060461 0.0036002572160214186 -0.07699384540319443 0.9967667460441589 -0.022979166358709335 0.016270114108920097 -0.012334941886365414 0.022093527019023895 0.9996799230575562 0.0025430507957935333
1403638132.395097 0.9980884194374084 0.06180194392800331 -0.00025883413036353886 0.0030219145119190216 -0.06178641691803932 0.9977246522903442 -0.026980141177773476 0.013198073953390121 -0.001409179880283773 0.026944557204842567 0.9996359348297119 0.0014799394411966205
1403638132.445097 0.9988808631896973 0.04628032073378563 -0.009767568670213223 0.00271987565793097 -0.04661315307021141 0.9982215762138367 -0.0371599979698658 0.010165420360863209 0.00803042110055685 0.03757370635867119 0.9992615580558777 0.0006752492627128959
1403638132.4950972 0.9995630979537964 0.021510034799575806 -0.020268213003873825 0.0025393152609467506 -0.022582201287150383 0.998272180557251 -0.054246172308921814 0.006373431533575058 0.019066356122493744 0.054680172353982925 0.9983218312263489 -0.0012583661591634154
1403638132.5450969 0.9996205568313599 -0.0032181967981159687 -0.027355924248695374 0.001873169792816043 0.0010388446971774101 0.9968494176864624 -0.0793103277683258 0.0037153654266148806 0.027524972334504128 0.07925182580947876 0.99647456407547 -0.0017639680299907923
1403638132.595097 0.9991705417633057 -0.022929664701223373 -0.03365004062652588 0.002165744546800852 0.019443443045020103 0.9947468638420105 -0.10050203651189804 0.0005745632224716246 0.035777747631073 0.09976440668106079 0.9943676590919495 -0.0034737091045826674
1403638132.645097 0.9987065196037292 -0.03492789342999458 -0.036949723958969116 0.0014915568754076958 0.030691156163811684 0.9935024380683899 -0.10959438234567642 -0.0013301412109285593 0.04053753614425659 0.10831858217716217 0.9932893514633179 -0.0038657800760120153
1403638132.695097 0.9985688924789429 -0.03614667057991028 -0.03941339999437332 0.0002301921631442383 0.03212327882647514 0.9946353435516357 -0.09832826256752014 -0.005938693881034851 0.04275619983673096 0.09692145884037018 0.9943732023239136 -0.0053800554014742374
1403638132.745097 0.9983645081520081 -0.03852204605937004 -0.042242661118507385 -0.00010430201655253768 0.03479696810245514 0.9957194924354553 -0.08562666177749634 -0.007198917679488659 0.04536035284399986 0.08401669561862946 0.9954313635826111 -0.00568720418959856
1403638132.795097 0.998280942440033 -0.04186077415943146 -0.04102548956871033 -0.0013443357311189175 0.03846397623419762 0.9960240721702576 -0.08035247772932053 -0.008445214480161667 0.04422600194811821 0.07863631099462509 0.9959219098091125 -0.005943412892520428
1403638132.845097 0.9979201555252075 -0.04895574972033501 -0.041937459260225296 -0.001275527523830533 0.045061469078063965 0.9949897527694702 -0.08924517780542374 -0.00930747203528881 0.04609641060233116 0.08716979622840881 0.9951263666152954 -0.006240501534193754
1403638132.895097 0.9972419142723083 -0.06261059641838074 -0.039858635514974594 -0.0024226196110248566 0.0581243634223938 0.9927520751953125 -0.1051902323961258 -0.009136549197137356 0.04615575820207596 0.10258332639932632 0.9936530590057373 -0.006475844420492649
1403638132.945097 0.9963825941085815 -0.07268180698156357 -0.04403785616159439 -0.000808281940408051 0.06698838621377945 0.9905991554260254 -0.11927218735218048 -0.007014253176748753 0.05229278653860092 0.11589070409536362 0.9918845295906067 -0.006029106676578522
1403638132.9950972 0.9961758852005005 -0.07166575640439987 -0.049974191933870316 -0.0015831416239961982 0.06495121866464615 0.9900251030921936 -0.12502562999725342 -0.00915526319295168 0.058435745537281036 0.12130163609981537 0.9908941388130188 -0.006550111807882786
1403638133.0450969 0.9969367980957031 -0.056757356971502304 -0.053809817880392075 -0.0015185795491561294 0.049961723387241364 0.9914960265159607 -0.12016391009092331 -0.008231240324676037 0.06017239764332771 0.11710739880800247 0.9912946820259094 -0.006253786385059357
1403638133.095097 0.9979634284973145 -0.036742620170116425 -0.0521436482667923 -0.0016926127718761563 0.030878644436597824 0.9935490489006042 -0.10911837220191956 -0.007664368022233248 0.055816564708948135 0.10728604346513748 0.9926602244377136 -0.0059517743065953255
1403638133.145097 0.9984496831893921 -0.02648516371846199 -0.048958227038383484 -0.00025745591847226024 0.021507395431399345 0.994800865650177 -0.09954217076301575 -0.006821805611252785 0.05134007707238197 0.0983348935842514 0.9938281774520874 -0.00551871582865715
1403638133.195097 0.9991415143013 -0.019696582108736038 -0.03644515573978424 0.0009253853932023048 0.016143590211868286 0.9953141212463379 -0.0953364297747612 -0.006152794696390629 0.03815219923853874 0.0946662425994873 0.9947777986526489 -0.004487269092351198
1403638133.245097 0.9995893239974976 -0.020013554021716118 -0.020504219457507133 0.0019010163377970457 0.01795738935470581 0.9952216148376465 -0.09597554057836533 -0.004260662477463484 0.022327061742544174 0.09556793421506882 0.9951725602149963 -0.004211454652249813
1403638133.295097 0.9998589158058167 -0.016794564202427864 -0.00016937217151280493 0.004541121423244476 0.01670394092798233 0.9954134225845337 -0.0941958799958229 -0.0026238474529236555 0.0017505752621218562 0.09417974948883057 0.9955536127090454 -0.0035235306713730097
1403638133.345097 0.9997469186782837 -0.012251066043972969 0.018862206488847733 0.006535589694976807 0.013808446004986763 0.9963038563728333 -0.08478166162967682 -0.0016182719264179468 -0.01775382086634636 0.08502066880464554 0.9962210059165955 -0.0033302977681159973
1403638133.395097 0.9992822408676147 -0.007705067750066519 0.03708583489060402 0.008800330571830273 0.010438639670610428 0.9971968531608582 -0.07408978790044785 -0.0013320626458153129 -0.036411017179489136 0.07442373037338257 0.9965617060661316 -0.003525377018377185
1403638133.445097 0.998100996017456 -0.0037565133534371853 0.06148429587483406 0.01178240031003952 0.008015652187168598 0.9975724816322327 -0.06917273253202438 0.0030154224950820208 -0.06107518821954727 0.06953419744968414 0.9957083463668823 -0.0029249805957078934
1403638133.4950972 0.9963487982749939 -0.008097185753285885 0.08499123156070709 0.01432389672845602 0.013823078945279121 0.9976571798324585 -0.06699977070093155 0.004337088204920292 -0.08424961566925049 0.06792998313903809 0.9941264986991882 -0.0028819097205996513
1403638133.5450969 0.9940855503082275 -0.01970592699944973 0.1067967563867569 0.01832461543381214 0.026861725375056267 0.9974589347839355 -0.06598511338233948 0.006048921495676041 -0.10522507131099701 0.06846360862255096 0.9920889139175415 -0.0016180607490241528
1403638133.595097 0.991733968257904 -0.035241007804870605 0.12337721884250641 0.019657514989376068 0.04281818866729736 0.997320830821991 -0.059311188757419586 0.006606078241020441 -0.12095648050308228 0.06410372257232666 0.9905857443809509 -0.0013554743491113186
1403638133.645097 0.9896841049194336 -0.05116044357419014 0.13382084667682648 0.021778853610157967 0.058402352035045624 0.9970017075538635 -0.05076050013303757 0.007267074193805456 -0.13082271814346313 0.05805231258273125 0.9897046089172363 -0.002833664882928133
1403638133.695097 0.987312376499176 -0.06331560015678406 0.14562049508094788 0.024019716307520866 0.07013672590255737 0.9966448545455933 -0.04218985140323639 0.00811170693486929 -0.1424606293439865 0.05186791718006134 0.9884405732154846 -0.003789464710280299
1403638133.745097 0.9841848611831665 -0.06910549849271774 0.16310898959636688 0.02674693427979946 0.0759410411119461 0.9964606165885925 -0.03604421764612198 0.00992536824196577 -0.16004079580307007 0.04786084219813347 0.9859494566917419 -0.0032809292897582054
1403638133.795097 0.9806190133094788 -0.07071951031684875 0.18271656334400177 0.028701141476631165 0.07787501066923141 0.9964404702186584 -0.0322791188955307 0.010790279135107994 -0.1797834187746048 0.04588256776332855 0.9826356172561646 -0.004311400465667248
1403638133.845097 0.9767321348190308 -0.06575772166252136 0.2041330486536026 0.029269792139530182 0.07266707718372345 0.9970032572746277 -0.026529740542173386 0.011603020131587982 -0.20177680253982544 0.04074619710445404 0.9785836338996887 -0.004695698618888855
1403638133.895097 0.97383713722229 -0.0646866112947464 0.21784602105617523 0.03092522919178009 0.07090014964342117 0.9972661137580872 -0.020819464698433876 0.012526096776127815 -0.21590371429920197 0.035720087587833405 0.9757609963417053 -0.0046520475298166275
1403638133.945097 0.9709983468055725 -0.06573446094989777 0.22987213730812073 0.03106360323727131 0.07203678786754608 0.9972185492515564 -0.01912352629005909 0.013055249117314816 -0.22797569632530212 0.035128153860569 0.9730328917503357 -0.004126383922994137
1403638133.9950972 0.9696890711784363 -0.06618642807006836 0.2352074533700943 0.03213116154074669 0.07313559949398041 0.9971022009849548 -0.020935337990522385 0.01319186668843031 -0.2331402599811554 0.03750280663371086 0.9717197418212891 -0.0031588468700647354
1403638134.0450969 0.9695108532905579 -0.06267564743757248 0.23689758777618408 0.03157960623502731 0.06941821426153183 0.9973827004432678 -0.020220134407281876 0.013373884372413158 -0.23501023650169373 0.03604863956570625 0.9713242053985596 -0.0018639592453837395
1403638134.095097 0.9705438613891602 -0.0552101731300354 0.23451311886310577 0.029711052775382996 0.059914685785770416 0.9981191158294678 -0.012977959588170052 0.012348026037216187 -0.2333555370569229 0.026646459475159645 0.9720263481140137 -0.0002177502028644085
1403638134.145097 0.971718966960907 -0.0458090603351593 0.23165443539619446 0.02867288701236248 0.048897065222263336 0.9987748861312866 -0.007602982223033905 0.011973511427640915 -0.23102232813835144 0.018715180456638336 0.9727684855461121 0.0010579396039247513
1403638134.195097 0.9716546535491943 -0.041989464312791824 0.232645645737648 0.027022909373044968 0.0457942858338356 0.9988905787467957 -0.01097528263926506 0.01126641035079956 -0.23192669451236725 0.02131802588701248 0.9724997282028198 0.0027700653299689293
1403638134.245097 0.9711723923683167 -0.048358239233493805 0.23342151939868927 0.026182254776358604 0.05611884966492653 0.9980665445327759 -0.02671707794070244 0.010188058950006962 -0.23167820274829865 0.03904624283313751 0.9720085263252258 0.0037200283259153366
1403638134.295097 0.9703658819198608 -0.05578254535794258 0.23511381447315216 0.02437572181224823 0.06682638078927994 0.996991753578186 -0.039263077080249786 0.009566989727318287 -0.23221635818481445 0.053811345249414444 0.9711745381355286 0.005556344520300627
1403638134.345097 0.9706196784973145 -0.06486666947603226 0.23171013593673706 0.023826491087675095 0.07575289905071259 0.9963873624801636 -0.03838833421468735 0.009049898013472557 -0.22838294506072998 0.0548131987452507 0.9720271229743958 0.007690825033932924
1403638134.395097 0.9713600277900696 -0.07455162703990936 0.22561430931091309 0.022245099768042564 0.08407517522573471 0.9959164261817932 -0.032888263463974 0.008639338426291943 -0.22224116325378418 0.05091490596532822 0.9736613035202026 0.009564105421304703
1403638134.445097 0.9714404344558716 -0.08170019090175629 0.2227746993303299 0.018266357481479645 0.08992767333984375 0.9955816268920898 -0.027023576200008392 0.007737431675195694 -0.21958255767822266 0.04628540575504303 0.9744953513145447 0.011538834311068058
1403638134.4950972 0.9714716672897339 -0.08987345546483994 0.21946610510349274 0.01642609015107155 0.09811509400606155 0.9948107600212097 -0.0269242562353611 0.006499618291854858 -0.21590742468833923 0.047689083963632584 0.9752485156059265 0.012204045429825783
1403638134.5450969 0.9712772369384766 -0.10042764991521835 0.21571920812129974 0.01552784163504839 0.10902866721153259 0.9936351180076599 -0.028317412361502647 0.006312417332082987 -0.211502343416214 0.051023632287979126 0.976044774055481 0.014284413307905197
1403638134.595097 0.9716950058937073 -0.10987711697816849 0.20913131535053253 0.012768164277076721 0.11879059672355652 0.9924503564834595 -0.030510107055306435 0.005714613012969494 -0.20420010387897491 0.05448934808373451 0.9774115085601807 0.015215286985039711
1403638134.645097 0.9719831943511963 -0.11394168436527252 0.20558692514896393 0.009766137227416039 0.12193155288696289 0.9921825528144836 -0.02657981403172016 0.005038242321461439 -0.2009512186050415 0.05090266466140747 0.978277862071991 0.016427328810095787
1403638134.695097 0.9729726314544678 -0.11485222727060318 0.20033249258995056 0.0076833139173686504 0.12105434387922287 0.9924650192260742 -0.018947282806038857 0.004718462470918894 -0.19664688408374786 0.04268631339073181 0.9795447587966919 0.017142456024885178
1403638134.745097 0.9742661118507385 -0.11520712822675705 0.19373390078544617 0.0052149416878819466 0.11913644522428513 0.9928396940231323 -0.008714970201253891 0.004574032500386238 -0.19134268164634705 0.031571466475725174 0.9810154438018799 0.017999837175011635
1403638134.795097 0.9754918217658997 -0.11119522154331207 0.1898718774318695 0.0028757560066878796 0.11256075650453568 0.993638277053833 0.0036115373950451612 0.004015306476503611 -0.18906556069850922 0.01784910261631012 0.9818021655082703 0.01873725652694702
1403638134.845097 0.9764018058776855 -0.10557449609041214 0.18839731812477112 0.0011322021018713713 0.10562453418970108 0.9943577647209167 0.009802831336855888 0.003780495375394821 -0.18836930394172668 0.010327878408133984 0.982043981552124 0.01938437670469284
1403638134.895097 0.9765393137931824 -0.10252182185649872 0.18936780095100403 -0.0010983352549374104 0.10270819067955017 0.9946721792221069 0.008855755440890789 0.00310009578242898 -0.18926677107810974 0.010801631957292557 0.9818662405014038 0.019682668149471283
1403638134.945097 0.9764140844345093 -0.10177568346261978 0.19041308760643005 -0.0031107855029404163 0.10341629385948181 0.9946371912956238 0.0013274860102683306 0.0024380164686590433 -0.18952704966068268 0.01839563623070717 0.9817031621932983 0.019885502755641937
1403638134.9950972 0.9763535857200623 -0.10224301367998123 0.19047321379184723 -0.0045109959319233894 0.10496217012405396 0.9944671988487244 -0.004215007182210684 0.0018662480870261788 -0.18898843228816986 0.02410781942307949 0.9816834330558777 0.019777463749051094
1403638135.0450969 0.9769800901412964 -0.09581992030143738 0.19060005247592926 -0.006329997442662716 0.09798119962215424 0.9951863884925842 -0.001925569144077599 0.0021179337054491043 -0.18949811160564423 0.02055647037923336 0.981665849685669 0.020262761041522026
1403638135.095097 0.9781601428985596 -0.08735035359859467 0.18860715627670288 -0.008325894363224506 0.08773699402809143 0.9961236715316772 0.0063142613507807255 0.0020861774682998657 -0.1884276270866394 0.010371468961238861 0.982032299041748 0.020130304619669914
1403638135.145097 0.9796129465103149 -0.07981209456920624 0.18435953557491302 -0.009486104361712933 0.07881421595811844 0.9968078136444092 0.012746253982186317 0.002619996201246977 -0.18478836119174957 0.0020437603816390038 0.9827762246131897 0.020476916804909706
1403638135.195097 0.9802566170692444 -0.07467897981405258 0.1830853968858719 -0.010016507469117641 0.07254274189472198 0.9971965551376343 0.018347308039665222 0.003200073493644595 -0.1839423030614853 -0.0047035496681928635 0.9829257726669312 0.02012517862021923
1403638135.245097 0.9805899858474731 -0.07128575444221497 0.18265146017074585 -0.010056393221020699 0.06801990419626236 0.9973930716514587 0.02409113198518753 0.003931952640414238 -0.1838926374912262 -0.01119958981871605 0.9828824996948242 0.020799610763788223
1403638135.295097 0.9805706143379211 -0.06782720237970352 0.18406714498996735 -0.009752904996275902 0.06467615067958832 0.9976394176483154 0.023076193407177925 0.004375974647700787 -0.1851978600025177 -0.010723083280026913 0.9826427102088928 0.020368419587612152
1403638135.345097 0.9799875020980835 -0.06797811388969421 0.18709254264831543 -0.009332790039479733 0.06588772684335709 0.9976757764816284 0.01737627573311329 0.005385977681726217 -0.18783889710903168 -0.004701427184045315 0.9821885228157043 0.020678380504250526
1403638135.395097 0.9790714383125305 -0.06728596985340118 0.19207197427749634 -0.008089164271950722 0.06567525863647461 0.9977320432662964 0.014747530221939087 0.005541287828236818 -0.1926286667585373 -0.001824510283768177 0.9812699556350708 0.018702751025557518
1403638135.445097 0.9778590202331543 -0.061405692249536514 0.20005245506763458 -0.0068331691436469555 0.059084124863147736 0.9980985522270203 0.017560292035341263 0.0061206514947116375 -0.20075036585330963 -0.005351566709578037 0.979627788066864 0.017799993976950645
1403638135.4950972 0.9766301512718201 -0.05603611841797829 0.2074933797121048 -0.0066176047548651695 0.052698954939842224 0.9983773827552795 0.021580398082733154 0.007661314215511084 -0.20836591720581055 -0.010141384787857533 0.9779983758926392 0.019319189712405205
1403638135.5450969 0.9758903384208679 -0.055262491106987 0.21114952862262726 -0.004974371753633022 0.049722667783498764 0.9982674717903137 0.031460557132959366 0.008193239569664001 -0.21252229809761047 -0.020203137770295143 0.9769473671913147 0.018797805532813072
1403638135.595097 0.9741976261138916 -0.049997810274362564 0.2200891077518463 -0.003308259416371584 0.04247117415070534 0.9983439445495605 0.038801055401563644 0.008188198320567608 -0.2216646373271942 -0.028452450409531593 0.9747077822685242 0.017388351261615753
1403638135.645097 0.9721426367759705 -0.04986903443932533 0.2290233075618744 -0.0012914955150336027 0.04289434850215912 0.9984545707702637 0.0353349894285202 0.008269894868135452 -0.2304314821958542 -0.024526841938495636 0.972779393196106 0.016336590051651
1403638135.695097 0.9691768884658813 -0.058454472571611404 0.2393307089805603 0.00041342945769429207 0.05347355455160141 0.9981971383094788 0.027258269488811493 0.008564830757677555 -0.24049259722232819 -0.013620218262076378 0.9705554246902466 0.016086312010884285
1403638135.745097 0.9666895270347595 -0.07139351218938828 0.24579313397407532 0.002346092602238059 0.06854859739542007 0.997444748878479 0.020122075453400612 0.008687292225658894 -0.2466016560792923 -0.0026030205190181732 0.9691134095191956 0.015058903954923153
1403638135.795097 0.9649478197097778 -0.08153050392866135 0.2494564652442932 0.003923431038856506 0.07863102853298187 0.9966700673103333 0.021583640947937965 0.009013117291033268 -0.2503855526447296 -0.0012120665051043034 0.968145489692688 0.013924337923526764
1403638135.845097 0.9640878438949585 -0.07784496992826462 0.25391885638237 0.005349229089915752 0.07362791150808334 0.9969446063041687 0.026084505021572113 0.009680334478616714 -0.25517356395721436 -0.006452240515500307 0.9668737053871155 0.013526476919651031
1403638135.895097 0.9629800915718079 -0.06620826572179794 0.26131540536880493 0.007018744479864836 0.05833711102604866 0.9975820779800415 0.03777315467596054 0.010264474898576736 -0.26318445801734924 -0.021130409091711044 0.9645140767097473 0.012600531801581383
1403638135.945097 0.9621604084968567 -0.055896829813718796 0.2666885554790497 0.008536795154213905 0.04395296424627304 0.997753918170929 0.05055135861039162 0.01042925100773573 -0.2689151465892792 -0.036916762590408325 0.9624561667442322 0.010799470357596874
1403638135.9950972 0.9602405428886414 -0.049185484647750854 0.2748070955276489 0.010179550386965275 0.03520939499139786 0.9978342056274414 0.055564284324645996 0.010372471995651722 -0.2769448459148407 -0.04367929697036743 0.9598925113677979 0.009149186313152313
1403638136.0450969 0.9572833776473999 -0.04382972791790962 0.28581032156944275 0.011830267496407032 0.03120388090610504 0.998331606388092 0.04858342558145523 0.009822988882660866 -0.28746289014816284 -0.03758971765637398 0.9570538401603699 0.007486114278435707
1403638136.095097 0.9539574980735779 -0.04477547109127045 0.2965810000896454 0.0137203149497509 0.036711301654577255 0.998790442943573 0.03270711377263069 0.00914789643138647 -0.29768678545951843 -0.0203133225440979 0.9544474482536316 0.006332269869744778
1403638136.145097 0.9511851668357849 -0.05430973321199417 0.3038049340248108 0.01584814116358757 0.051716528832912445 0.9985240697860718 0.016581686213612556 0.00875477772206068 -0.3042571544647217 -6.051815944374539e-05 0.9525898694992065 0.0051585310138762
1403638136.195097 0.9490610361099243 -0.06401939690113068 0.30852001905441284 0.017804570496082306 0.06645824760198593 0.9977858066558838 0.002608279697597027 0.008393526077270508 -0.30800384283065796 0.01802828162908554 0.9512142539024353 0.0036886432208120823
1403638136.245097 0.9469074606895447 -0.06781291961669922 0.3142731785774231 0.02007131837308407 0.0719427764415741 0.9974076747894287 -0.0015465078176930547 0.0086234575137496 -0.313353568315506 0.02407408319413662 0.9493313431739807 0.002131606452167034
1403638136.295097 0.9438010454177856 -0.06355678290128708 0.3243456780910492 0.022063856944441795 0.06818584352731705 0.9976683855056763 -0.0029143993742763996 0.008977578952908516 -0.3234041631221771 0.024866392835974693 0.9459341168403625 0.0008092308416962624
1403638136.345097 0.9406874775886536 -0.05826732888817787 0.3342333436012268 0.02408115193247795 0.0619843527674675 0.9980769753456116 -0.00045663624769076705 0.00987441185861826 -0.33356401324272156 0.02114678919315338 0.9424902200698853 -0.00035281525924801826
1403638136.395097 0.9388201832771301 -0.05646876245737076 0.33974677324295044 0.025645092129707336 0.05845244601368904 0.9982805848121643 0.004401276353746653 0.01058931928128004 -0.3394111692905426 0.015727028250694275 0.9405065774917603 -0.0011533633805811405
1403638136.445097 0.9366916418075562 -0.052912671118974686 0.3461344242095947 0.02693743258714676 0.05269290879368782 0.9985601305961609 0.01005236990749836 0.011206614784896374 -0.3461679518222809 0.008822860196232796 0.9381309747695923 -0.0020028813742101192
1403638136.4950972 0.9347366094589233 -0.0557282380759716 0.3509441316127777 0.027948031201958656 0.05411215499043465 0.9984307289123535 0.01441876869648695 0.011634869500994682 -0.35119691491127014 0.005512590054422617 0.9362853169441223 -0.002555196639150381
1403638136.5450969 0.9326677918434143 -0.06797278672456741 0.3542744815349579 0.028208499774336815 0.06472614407539368 0.9976816177368164 0.021021010354161263 0.011483271606266499 -0.3548819124698639 0.0033251983113586903 0.9349051713943481 -0.0029860674403607845
1403638136.595097 0.9320768713951111 -0.08015534281730652 0.3532814085483551 0.0279012992978096 0.07725169509649277 0.9967613816261292 0.022336935624480247 0.011123893782496452 -0.35392773151397705 0.006471851374953985 0.9352503418922424 -0.0032808384858071804
1403638136.645097 0.9340603351593018 -0.08992615342140198 0.3456075191497803 0.027058923617005348 0.08858998119831085 0.9958734512329102 0.01969483681023121 0.010542714968323708 -0.3459523618221283 0.012221191078424454 0.938172459602356 -0.003442849963903427
1403638136.695097 0.9373016357421875 -0.0970054566860199 0.3347470164299011 0.025950195267796516 0.09683302044868469 0.9951512217521667 0.017246894538402557 0.010095607489347458 -0.3347969949245453 0.016249021515250206 0.9421501159667969 -0.0030640065670013428
1403638136.745097 0.941368043422699 -0.10171922296285629 0.3216821551322937 0.02443837933242321 0.10190344601869583 0.994660496711731 0.016312524676322937 0.009362493641674519 -0.32162392139434814 0.017424434423446655 0.9467071294784546 -0.0029796720482409
1403638136.795097 0.9462476968765259 -0.10871311277151108 0.30462557077407837 0.02238260954618454 0.11014756560325623 0.9938362240791321 0.01252738106995821 0.008114746771752834 -0.3041097819805145 0.021699754521250725 0.9523897767066956 -0.0031485166400671005
1403638136.845097 0.9506600499153137 -0.1200203150510788 0.28607818484306335 0.02021830342710018 0.12445054948329926 0.992222011089325 0.0027148472145199776 0.007174091879278421 -0.2841789424419403 0.03302169218659401 0.9582023620605469 -0.002848054049536586
1403638136.895097 0.9535205960273743 -0.1355799287557602 0.2691032886505127 0.017917588353157043 0.14448969066143036 0.989414393901825 -0.013486257754266262 0.006894730497151613 -0.26442626118659973 0.0517420768737793 0.9630168676376343 -0.0020549404434859753
1403638136.945097 0.9553335309028625 -0.14837734401226044 0.25558164715766907 0.01588263548910618 0.16178247332572937 0.9863033890724182 -0.032127343118190765 0.0064034066163003445 -0.24731411039829254 0.07204096019268036 0.9662534594535828 -0.0013333770912140608
1403638136.9950972 0.9565374255180359 -0.15666180849075317 0.2459534853696823 0.014100972563028336 0.17290613055229187 0.9838745594024658 -0.04576326906681061 0.006903321947902441 -0.2348179668188095 0.08630114793777466 0.96820068359375 7.143407128751278e-05
1403638137.0450969 0.9584307670593262 -0.16076962649822235 0.23571904003620148 0.011880654841661453 0.17744548618793488 0.98279869556427 -0.05118381232023239 0.007505717687308788 -0.22343553602695465 0.09088341891765594 0.9704724550247192 0.0010608439333736897
1403638137.095097 0.9608759880065918 -0.15605711936950684 0.22883062064647675 0.010377451777458191 0.17108984291553497 0.9841207265853882 -0.04727105423808098 0.008451524190604687 -0.2178199589252472 0.0845722109079361 0.9723177552223206 0.002156738890334964
1403638137.145097 0.9635346531867981 -0.14578479528427124 0.22438280284404755 0.008305376395583153 0.15831169486045837 0.9866271018981934 -0.03878909721970558 0.00960636604577303 -0.21572723984718323 0.07289706915616989 0.9737287759780884 0.0030561380553990602
1403638137.195097 0.9667790532112122 -0.1347755640745163 0.2171950340270996 0.007243718020617962 0.1437428593635559 0.9892746210098267 -0.02595616690814495 0.011061587370932102 -0.21136723458766937 0.05631411820650101 0.975783109664917 0.0042286827228963375
1403638137.245097 0.969751238822937 -0.12240669876337051 0.21118497848510742 0.006052197888493538 0.12784124910831451 0.9917193055152893 -0.012222111225128174 0.013476074673235416 -0.20794016122817993 0.0388505682349205 0.9773697257041931 0.0050156912766397
1403638137.295097 0.97212153673172 -0.11218801140785217 0.20589709281921387 0.004823356866836548 0.11513182520866394 0.9933474659919739 -0.002333451993763447 0.015417513437569141 -0.2042655646800995 0.025973713025450706 0.9785708785057068 0.005944937467575073
1403638137.345097 0.973656952381134 -0.10779835283756256 0.20092689990997314 0.0036533200182020664 0.1088344156742096 0.9940422773361206 0.005916247144341469 0.017467912286520004 -0.20036755502223969 0.016107365489006042 0.9795883893966675 0.00664636492729187
1403638137.395097 0.9743691682815552 -0.10000835359096527 0.20150193572044373 0.002912526950240135 0.09926090389490128 0.9949653148651123 0.013836413621902466 0.019395196810364723 -0.20187115669250488 0.00651948619633913 0.9793905019760132 0.00755162350833416
1403638137.445097 0.974620521068573 -0.09051709622144699 0.20474742352962494 0.0017526550218462944 0.08700617402791977 0.9958657026290894 0.026104748249053955 0.020877303555607796 -0.20626384019851685 -0.007627933751791716 0.9784666895866394 0.008040465414524078
1403638137.4950972 0.9747754335403442 -0.0782133936882019 0.20903517305850983 0.0007952270098030567 0.07153147459030151 0.9966618418693542 0.03934839367866516 0.02281809225678444 -0.21141496300697327 -0.023403247818350792 0.9771161675453186 0.009369363076984882
1403638137.5450969 0.9751124382019043 -0.06420572102069855 0.2122105062007904 0.0010228405008092523 0.05357932299375534 0.9970224499702454 0.05545760318636894 0.024205638095736504 -0.21513935923576355 -0.042707301676273346 0.9756491184234619 0.009457209147512913
1403638137.595097 0.9743804931640625 -0.047722071409225464 0.2197841852903366 0.0010038363980129361 0.03361646831035614 0.9971542358398438 0.0674799457192421 0.025701018050312996 -0.22237901389598846 -0.05836278945207596 0.9732118844985962 0.00938190333545208
1403638137.645097 0.9733938574790955 -0.041797928512096405 0.22529397904872894 0.0005896009970456362 0.0263033676892519 0.9971048831939697 0.07134407013654709 0.027041463181376457 -0.22762376070022583 -0.06351988762617111 0.9716751575469971 0.010593809187412262
1403638137.695097 0.9715808629989624 -0.039867110550403595 0.23332670331001282 0.00043731811456382275 0.024176698178052902 0.9972732067108154 0.06972537189722061 0.028043316677212715 -0.2354702204465866 -0.06210276484489441 0.9698954224586487 0.011267376132309437
1403638137.745097 0.9698812365531921 -0.04086204618215561 0.24012663960456848 0.00035419315099716187 0.025668248534202576 0.9974850416183472 0.066065713763237 0.028957288712263107 -0.2422223538160324 -0.05791226029396057 0.9684907793998718 0.01140899583697319
1403638137.795097 0.9688015580177307 -0.04535051807761192 0.24365352094173431 0.00023160921409726143 0.02933562360703945 0.9971879124641418 0.06896106153726578 0.02973920851945877 -0.24609580636024475 -0.05966183915734291 0.9674075245857239 0.011467956006526947
1403638137.845097 0.9680827260017395 -0.043351467698812485 0.24685318768024445 0.0003823025617748499 0.0252746120095253 0.9967924356460571 0.07593381404876709 0.030352691188454628 -0.24935324490070343 -0.06727109104394913 0.9660732746124268 0.011546607129275799
1403638137.895097 0.9676162004470825 -0.03669974207878113 0.24974395334720612 0.00034564617089927197 0.014737846329808235 0.995900571346283 0.08924625813961029 0.030968675389885902 -0.2519954442977905 -0.08267544955015182 0.9641903638839722 0.011768879368901253
1403638137.945097 0.9672470688819885 -0.028746912255883217 0.25220391154289246 0.00022889766842126846 0.001960374414920807 0.994382917881012 0.10582415014505386 0.03160635754466057 -0.25382938981056213 -0.10186370462179184 0.9618703722953796 0.011906856670975685
1403638137.9950972 0.9677552580833435 -0.023072294890880585 0.2508334517478943 0.00019356142729520798 -0.007415112107992172 0.9927552938461304 0.11992482095956802 0.031504202634096146 -0.251783162355423 -0.11791783571243286 0.9605730772018433 0.011360647156834602
1403638138.0450969 0.96795254945755 -0.017794813960790634 0.2505019009113312 0.0001781622413545847 -0.013648200780153275 0.992284893989563 0.12322595715522766 0.031852759420871735 -0.2507619857788086 -0.12269576638936996 0.9602417945861816 0.011561369523406029
1403638138.095097 0.9680209159851074 -0.015816574916243553 0.25037047266960144 0.0004180970136076212 -0.015202389098703861 0.9924779534339905 0.12147533148527145 0.030728256329894066 -0.25040850043296814 -0.12139687687158585 0.9604990482330322 0.0104593550786376
1403638138.145097 0.9673033952713013 -0.021662745624780655 0.2526954412460327 0.00040346127934753895 -0.00513764563947916 0.9944674372673035 0.10491900891065598 0.030701881274580956 -0.2535702586174011 -0.10278674960136414 0.9618404507637024 0.010397403500974178
1403638138.195097 0.9667025804519653 -0.02842143177986145 0.2543192505836487 0.0002489914186298847 0.004850760102272034 0.9956699013710022 0.09283262491226196 0.03188151493668556 -0.2558564245700836 -0.08850789815187454 0.9626545906066895 0.01189381442964077
1403638138.245097 0.966835618019104 -0.03223336488008499 0.2533573508262634 0.0002394602634012699 0.010485011152923107 0.9961768984794617 0.08672671020030975 0.0319787971675396 -0.2551842927932739 -0.08119400590658188 0.9634773135185242 0.012064826674759388
1403638138.295097 0.9665267467498779 -0.03342263028025627 0.2543795704841614 0.00020398152992129326 0.013565720990300179 0.9967490434646606 0.0794181153178215 0.032027095556259155 -0.2562068998813629 -0.07330888509750366 0.9638381600379944 0.012085283175110817
1403638138.345097 0.9663568735122681 -0.031052688136696815 0.25532326102256775 0.0005726609379053116 0.012668019160628319 0.9972267150878906 0.07333742827177048 0.03181806951761246 -0.25689250230789185 -0.06763570010662079 0.9640703797340393 0.011192874982953072
1403638138.395097 0.966179609298706 -0.03074900060892105 0.25603002309799194 0.0005242731422185898 0.014925316907465458 0.9978688955307007 0.06351972371339798 0.03179215267300606 -0.2574375867843628 -0.057550135999917984 0.964579701423645 0.011237566359341145
1403638138.445097 0.9662132859230042 -0.02891434170305729 0.25611647963523865 0.0005295828450471163 0.013149965554475784 0.9979236125946045 0.06305193901062012 0.03180883452296257 -0.2574078142642975 -0.057553716003894806 0.9645874500274658 0.011299686506390572
1403638138.4950972 0.9661485552787781 -0.028046173974871635 0.2564569115638733 0.0005542028229683638 0.012326190248131752 0.9979563355445862 0.06270035356283188 0.031795091927051544 -0.257691353559494 -0.057416725903749466 0.9645198583602905 0.01134403981268406
1403638138.5450969 0.9661902785301208 -0.02881283313035965 0.25621500611305237 0.0005651952233165503 0.013201748952269554 0.9979612827301025 0.062442485243082047 0.03179854154586792 -0.2574918270111084 -0.05694883316755295 0.9646009206771851 0.011247268877923489
1403638138.595097 0.9662379026412964 -0.028761001303792 0.25604110956192017 0.00054536247625947 0.01315543707460165 0.9979610443115234 0.0624551884829998 0.031820908188819885 -0.25731533765792847 -0.056978240609169006 0.9646462798118591 0.011264837346971035
1403638138.645097 0.9662389755249023 -0.029779255390167236 0.255920946598053 0.0005403975956141949 0.014261224307119846 0.9979568123817444 0.06227966025471687 0.03181760385632515 -0.2572527527809143 -0.05652729049324989 0.9646894335746765 0.011289816349744797
1403638138.695097 0.9662158489227295 -0.030271150171756744 0.2559502124786377 0.000472670653834939 0.01470806635916233 0.9979364275932312 0.06250252574682236 0.031814172863960266 -0.2573140859603882 -0.05662640556693077 0.9646673798561096 0.011355927214026451
1403638138.745097 0.9663264155387878 -0.029848210513591766 0.2555820345878601 0.0005283127538859844 0.014368297532200813 0.9979588985443115 0.062222015112638474 0.03181159123778343 -0.2569175958633423 -0.05645450949668884 0.9647830128669739 0.011378942988812923
1403638138.795097 0.9662278890609741 -0.02967236377298832 0.2559751868247986 0.00010652025230228901 0.013965803198516369 0.9979183077812195 0.06296093761920929 0.03048885241150856 -0.25731053948402405 -0.057259708642959595 0.9646308422088623 0.010854005813598633
1403638138.845097 0.9662456512451172 -0.028696250170469284 0.2560192048549652 9.804638102650642e-05 0.012992270290851593 0.9979402422904968 0.06282113492488861 0.03049043007194996 -0.257294625043869 -0.057374369353055954 0.964628279209137 0.010834706015884876
1403638138.895097 0.9663844108581543 -0.03299732133746147 0.2549755275249481 7.674074731767178e-05 0.017482902854681015 0.9978681802749634 0.06287571787834167 0.03051757626235485 -0.2565067708492279 -0.056304387748241425 0.9649010896682739 0.010672060772776604
1403638138.945097 0.9661951661109924 -0.03034578450024128 0.25601986050605774 0.00010644365102052689 0.014544031582772732 0.9978827834129333 0.06339021772146225 0.030474921688437462 -0.2574014961719513 -0.05752376466989517 0.9645909070968628 0.01085621863603592
1403638138.9950972 0.9663844704627991 -0.031827256083488464 0.25512421131134033 0.00017555058002471924 0.01621083915233612 0.9978767037391663 0.06308211386203766 0.03052440844476223 -0.25659024715423584 -0.05682578682899475 0.9648483395576477 0.01072411797940731
1403638139.0450969 0.9662315249443054 -0.030293254181742668 0.25588878989219666 0.000162612646818161 0.01458467822521925 0.9979029297828674 0.06306465715169907 0.03049023449420929 -0.257262647151947 -0.057203005999326706 0.9646469354629517 0.010844606906175613
1403638139.095097 0.9662684798240662 -0.030863169580698013 0.2556809186935425 0.00010276050306856632 0.015090801753103733 0.9978727698326111 0.06342177838087082 0.030468568205833435 -0.25709444284439087 -0.05742403864860535 0.9646786451339722 0.010806490667164326
1403638139.145097 0.9663249850273132 -0.03086964786052704 0.25546643137931824 0.0001503732055425644 0.015144248493015766 0.9978799223899841 0.06329571455717087 0.030492383986711502 -0.2568787634372711 -0.05729537829756737 0.9647438526153564 0.010743480175733566
1403638139.195097 0.966163694858551 -0.030088482424616814 0.2561688721179962 0.00011769495904445648 0.01429746299982071 0.9978931546211243 0.0632840096950531 0.030459214001893997 -0.25753331184387207 -0.05748014897108078 0.9645583033561707 0.010880635119974613
1403638139.245097 0.9663278460502625 -0.03130970150232315 0.255402147769928 0.00015236600302159786 0.015585344284772873 0.9978689551353455 0.0633605569601059 0.030485335737466812 -0.2568417191505432 -0.05724653601646423 0.9647565484046936 0.010789256542921066
1403638139.295097 0.9661791324615479 -0.03045017272233963 0.25606799125671387 9.978050366044044e-05 0.014701416715979576 0.9978929758071899 0.0631934180855751 0.030475571751594543 -0.25745275616645813 -0.05729159340262413 0.9645910263061523 0.010855479165911674
1403638139.345097 0.9663388133049011 -0.03133944422006607 0.25535693764686584 0.0001663446892052889 0.015632443130016327 0.9978715181350708 0.06330941617488861 0.030515769496560097 -0.25679755210876465 -0.057186491787433624 0.9647718071937561 0.010697253048419952
1403638139.395097 0.9662397503852844 -0.030347676947712898 0.2558514177799225 0.00016798684373497963 0.01456680241972208 0.9978850483894348 0.06335107982158661 0.030468115583062172 -0.2572329044342041 -0.057485390454530716 0.9646381735801697 0.010867082513868809
