0.0 1.0 0.0 0.0 0.0 0.0 1.0 0.0 0.0 0.0 0.0 1.0 0.0
0.1033914 0.9999986886978149 0.00047559707309119403 0.0015464610187336802 -0.0029234657995402813 -0.0004686808679252863 0.999989926815033 -0.004469556733965874 -0.002207215176895261 -0.0015485710464417934 0.004468826111406088 0.9999887943267822 0.9722413420677185
0.2071056 0.9999960660934448 -0.0019398154690861702 0.0020171990618109703 0.003705001901835203 0.0019499687477946281 0.99998539686203 -0.0050436463207006454 -0.0026245410554111004 -0.0020073859486728907 0.00504755973815918 0.9999852180480957 1.9393365383148193
0.3102615 0.9999932050704956 -0.002931400900706649 0.002212734427303076 0.0012980205938220024 0.002934204414486885 0.9999948740005493 -0.0012649708660319448 -0.0011265631765127182 -0.0022090149577707052 0.0012714548502117395 0.9999967217445374 2.905364513397217
0.4136209 0.9999833703041077 -0.0055891526862978935 0.0015125935897231102 0.004370025359094143 0.005581880919635296 0.9999730587005615 0.004769422113895416 -0.003368362784385681 -0.0015392102068290114 -0.00476089958101511 0.9999874234199524 3.872859001159668
0.5179293 0.99996018409729 -0.00891451071947813 -7.472408469766378e-05 0.014031345024704933 0.008914761245250702 0.9999495148658752 0.004647827707231045 0.0038951728492975235 3.3287215046584606e-05 -0.004648308735340834 0.9999892115592957 4.8296403884887695
0.6203887 0.99992835521698 -0.011919797398149967 -0.0011040681274607778 0.016095533967018127 0.011921905912458897 0.9999271035194397 0.0019232743652537465 0.0038202814757823944 0.0010810624808073044 -0.0019362992607057095 0.9999974966049194 5.782607078552246
0.7242193 0.9999199509620667 -0.012448986992239952 -0.002264088951051235 0.016339994966983795 0.012445553205907345 0.999921441078186 -0.0015243684174492955 0.007931971922516823 0.0022828876972198486 0.0014960684347897768 0.9999963045120239 6.728551387786865
0.8272107 0.9999241828918457 -0.012015556916594505 -0.0026791405398398638 0.006344795227050781 0.012009627185761929 0.999925434589386 -0.002218919573351741 0.008857252076268196 0.002705602440983057 0.002186576137319207 0.9999939203262329 7.679998874664307
0.930557 0.9999254941940308 -0.011637626215815544 -0.003702013287693262 0.0007641799747943878 0.011637572199106216 0.9999322891235352 -3.689061850309372e-05 0.006556863896548748 0.0037021918687969446 -6.194924935698509e-06 0.9999931454658508 8.629002571105957
1.03407 0.999925971031189 -0.011380257084965706 -0.004318416118621826 -0.010605035349726677 0.011392922140657902 0.9999308586120605 0.0029194611124694347 0.004046723246574402 0.004284892696887255 -0.0029684442561119795 0.9999864101409912 9.576468467712402
1.137438 0.9999136328697205 -0.01190300565212965 -0.005568617954850197 -0.011516377329826355 0.011925878003239632 0.9999204874038696 0.004092632792890072 0.009092703461647034 0.005519460421055555 -0.004158688709139824 0.9999760985374451 10.520474433898926
1.244258 0.9998977780342102 -0.01280886959284544 -0.006334989331662655 -0.01715691387653351 0.012839825823903084 0.9999057054519653 0.004870246164500713 0.01519455760717392 0.006272008176892996 -0.004951089154928923 0.9999680519104004 11.46017837524414
1.344229 0.999889075756073 -0.01316920667886734 -0.006958991754800081 -0.02734772488474846 0.013204164803028107 0.9999003410339355 0.0050016059540212154 0.01419002190232277 0.0068924324586987495 -0.0050929393619298935 0.9999632239341736 12.397214889526367
1.447568 0.9998827576637268 -0.013414283283054829 -0.007390095852315426 -0.037428852170705795 0.013443452306091785 0.9999019503593445 0.003911626525223255 0.012577079236507416 0.007336900569498539 -0.004010515287518501 0.9999650716781616 13.313407897949219
1.551083 0.9998631477355957 -0.014016104862093925 -0.008793030865490437 -0.05150265991687775 0.014032327570021152 0.9998999238014221 0.0017858636565506458 0.018335510045289993 0.00876712054014206 -0.0019090052228420973 0.9999598264694214 14.244895935058594
1.654521 0.9998286366462708 -0.015377447009086609 -0.010300703346729279 -0.06823746114969254 0.015379827469587326 0.9998816847801208 0.00015218828048091382 0.025654692202806473 0.010297143831849098 -0.0003105852520093322 0.9999469518661499 15.179971694946289
1.757843 0.9998156428337097 -0.01509977038949728 -0.011860310100018978 -0.08144335448741913 0.015094637870788574 0.9998858571052551 -0.0005221544415690005 0.0288824625313282 0.011866841465234756 0.00034303124994039536 0.9999294877052307 16.10251235961914
1.861353 0.9998129606246948 -0.013960297219455242 -0.01338612288236618 -0.10335095971822739 0.013941965997219086 0.9999016523361206 -0.0014618306886404753 0.029007498174905777 0.013405214995145798 0.0012749284505844116 0.9999093413352966 17.02778434753418
1.964724 0.9998260736465454 -0.012096519581973553 -0.014196529053151608 -0.13520574569702148 0.012078946456313133 0.9999260902404785 -0.0013229227624833584 0.02682732231914997 0.014211483299732208 0.0011512135388329625 0.999898374080658 17.939159393310547
2.068236 0.9997830390930176 -0.012774161994457245 -0.016452131792902946 -0.140956848859787 0.012772194109857082 0.9999183416366577 -0.00022487506794277579 0.020193951204419136 0.016453662887215614 1.4696497601107694e-05 0.9998646378517151 18.843612670898438
2.17162 0.9997692704200745 -0.011988703161478043 -0.01782696135342121 -0.16104602813720703 0.012020841240882874 0.9999263286590576 0.0016967052360996604 0.013635005801916122 0.017805306240916252 -0.0019106089603155851 0.9998396635055542 19.750747680664062
2.275131 0.9997519254684448 -0.011428934521973133 -0.019115829840302467 -0.18595167994499207 0.011461706832051277 0.999933123588562 0.0016058092005550861 0.021112486720085144 0.019096197560429573 -0.0018245110986754298 0.9998160004615784 20.655555725097656
2.378626 0.9997068643569946 -0.013103707693517208 -0.02035769633948803 -0.20744173228740692 0.013135108165442944 0.9999127388000488 0.0014094638172537088 0.02301623299717903 0.020337453112006187 -0.001676451414823532 0.9997918009757996 21.5579776763916
2.48201 0.9996752142906189 -0.012436802498996258 -0.02224370464682579 -0.22686752676963806 0.012461593374609947 0.9999218583106995 0.0009762410772964358 0.024551445618271828 0.02222982607781887 -0.0012531160609796643 0.9997520446777344 22.443323135375977
2.585514 0.9996413588523865 -0.012240592390298843 -0.02381799928843975 -0.24637317657470703 0.012275455519557 0.9999237656593323 0.0013180901296436787 0.02604822814464569 0.023800047114491463 -0.0016099943313747644 0.9997154474258423 23.328189849853516
2.689023 0.9996164441108704 -0.012096080929040909 -0.02491382509469986 -0.27028608322143555 0.012181474827229977 0.9999203681945801 0.0032787127420306206 0.030361991375684738 0.024872178211808205 -0.0035809422843158245 0.99968421459198 24.203256607055664
2.793694 0.9995924234390259 -0.013261190615594387 -0.025277720764279366 -0.2956952154636383 0.01341269351541996 0.9998931288719177 0.0058334749191999435 0.034532330930233 0.02519766055047512 -0.006170140113681555 0.9996634721755981 25.058917999267578
2.896139 0.9995741844177246 -0.013397525064647198 -0.02592422068119049 -0.3178977072238922 0.013584472239017487 0.9998828768730164 0.0070486213080585 0.04173359274864197 0.025826752185821533 -0.0073977867141366005 0.999639093875885 25.91034698486328
2.999556 0.9995651245117188 -0.012693689204752445 -0.02661534585058689 -0.3462250232696533 0.012858995236456394 0.9998989701271057 0.006049023941159248 0.044372424483299255 0.026535872370004654 -0.0063886395655572414 0.9996274709701538 26.759057998657227
3.103545 0.9995512366294861 -0.011162104085087776 -0.02779790759086609 -0.3701348304748535 0.011266560293734074 0.9999299645423889 0.003603892168030143 0.04359760507941246 0.0277557373046875 -0.003915461245924234 0.9996070265769958 27.583009719848633
3.206573 0.9995428323745728 -0.01078594196587801 -0.028244340792298317 -0.39855876564979553 0.010850166901946068 0.9999388456344604 0.002121605910360813 0.046579860150814056 0.028219731524586678 -0.00242709182202816 0.9995988011360168 28.397092819213867
3.310078 0.9995269775390625 -0.00958243664354086 -0.029223842546343803 -0.4272725582122803 0.009634137153625488 0.9999523162841797 0.0016288238111883402 0.05043382942676544 0.029206838458776474 -0.0019095998723059893 0.9995716214179993 29.201744079589844
3.413963 0.9994907975196838 -0.009469128213822842 -0.030469752848148346 -0.4522973597049713 0.009506350383162498 0.999954342842102 0.0010769632644951344 0.04863855987787247 0.03045816347002983 -0.0013660714030265808 0.9995350241661072 30.014686584472656
3.517076 0.9994262456893921 -0.008968099020421505 -0.03266233578324318 -0.47858715057373047 0.00897570326924324 0.9999598264694214 8.616631384938955e-05 0.05096594989299774 0.03266024962067604 -0.0003792845527641475 0.9994664192199707 30.803451538085938
3.620721 0.9993675947189331 -0.008599702268838882 -0.03450053557753563 -0.5106146335601807 0.008615226484835148 0.9999628067016602 0.0003013019450008869 0.049481332302093506 0.03449666127562523 -0.0005983414012007415 0.9994045495986938 31.577783584594727
3.724674 0.9992713928222656 -0.00987909734249115 -0.03686588630080223 -0.5340782999992371 0.009940935298800468 0.9999494552612305 0.0014943977585062385 0.047860439866781235 0.0368492528796196 -0.0018597905291244388 0.9993190765380859 32.36110305786133
3.827725 0.9991940855979919 -0.009817843325436115 -0.03892163932323456 -0.5654020309448242 0.00996832549571991 0.9999435544013977 0.0036740675568580627 0.051436372101306915 0.03888337314128876 -0.004059090279042721 0.9992355108261108 33.13019943237305
3.931241 0.9990938305854797 -0.008955789729952812 -0.04160894826054573 -0.5846655368804932 0.009164416231215 0.9999462962150574 0.004825991578400135 0.05835665017366409 0.0415634959936142 -0.0052029406651854515 0.9991222023963928 33.8936653137207
4.034871 0.9990658760070801 -0.007459500338882208 -0.04256485775113106 -0.6410932540893555 0.0076966555789113045 0.9999557137489319 0.005410484038293362 0.05257232487201691 0.0425226166844368 -0.005733036901801825 0.9990789890289307 34.64012145996094
4.142151 0.9989984035491943 -0.004983526188880205 -0.04446681961417198 -0.6764481067657471 0.005196698009967804 0.9999755620956421 0.00467965193092823 0.056214891374111176 0.04444240406155586 -0.004906046204268932 0.9989998936653137 35.36632537841797
4.243437 0.9989076852798462 -0.003473843913525343 -0.046596311032772064 -0.709959864616394 0.0036572222597897053 0.9999858736991882 0.0038507881108671427 0.05860961973667145 0.04658226668834686 -0.00401699636131525 0.9989063739776611 36.09599685668945
4.345966 0.998826265335083 -0.003206815104931593 -0.04832843318581581 -0.7471414804458618 0.0034516556188464165 0.9999814629554749 0.004983560182154179 0.06305241584777832 0.04831157252192497 -0.00514452438801527 0.9988190531730652 36.80447006225586
4.449183 0.9987828731536865 -0.0019087806576862931 -0.04928567260503769 -0.785476565361023 0.002230312442407012 0.9999765753746033 0.0064696562476456165 0.07345820963382721 0.04927217215299606 -0.006571704521775246 0.9987637400627136 37.5275764465332
4.552519 0.9987813234329224 0.0007245675660669804 -0.04934859648346901 -0.8260824680328369 -0.000374387193005532 0.9999746680259705 0.007104932796210051 0.07664540410041809 0.049352504312992096 -0.007077799178659916 0.9987562894821167 38.2259407043457
4.656235 0.9988290667533875 0.0037573822773993015 -0.04823199659585953 -0.8654811382293701 -0.0035025489050894976 0.9999794363975525 0.005366922821849585 0.07508526742458344 0.04825117439031601 -0.005191704258322716 0.9988216757774353 38.89933395385742
4.760815 0.9988977313041687 0.005513387266546488 -0.046614233404397964 -0.9010884165763855 -0.005422072950750589 0.9999831318855286 0.002085152082145214 0.07391873747110367 0.04662494361400604 -0.0018301078816875815 0.9989107847213745 39.5860595703125
4.863788 0.9989919662475586 0.006079638842493296 -0.0444740355014801 -0.9298093914985657 -0.006062616128474474 0.9999815225601196 0.0005176198901608586 0.07611849904060364 0.044476356357336044 -0.0002474691718816757 0.9990103244781494 40.24481201171875
4.966824 0.9991170763969421 0.007106434088200331 -0.04140589013695717 -0.9564169049263 -0.007074270863085985 0.9999744296073914 0.0009232629090547562 0.08341054618358612 0.04141140356659889 -0.000629531336016953 0.9991419315338135 40.90071487426758
5.073257 0.9991878867149353 0.011972632259130478 -0.03847329691052437 -0.9892056584358215 -0.011839465238153934 0.999923050403595 0.0036872499622404575 0.0823296457529068 0.03851448372006416 -0.003228752641007304 0.9992527961730957 41.575721740722656
5.174268 0.9992632865905762 0.0162119772285223 -0.034785740077495575 -1.0182477235794067 -0.01596498116850853 0.9998454451560974 0.007366590201854706 0.08149340748786926 0.03489978611469269 -0.006805810146033764 0.9993675947189331 42.2083854675293
5.277498 0.9993183016777039 0.021368924528360367 -0.03010275959968567 -1.0482381582260132 -0.021127430722117424 0.9997422099113464 0.008317749947309494 0.08391144871711731 0.030272740870714188 -0.007676087319850922 0.9995121359825134 42.81635665893555
5.381142 0.9993838667869568 0.024556709453463554 -0.025076959282159805 -1.0636197328567505 -0.024342864751815796 0.9996649622917175 0.008797550573945045 0.08566057682037354 0.025284595787525177 -0.008181683719158173 0.999646782875061 43.41021728515625
5.484644 0.9993980526924133 0.02887778915464878 -0.019225144758820534 -1.083890438079834 -0.02867722511291504 0.999532163143158 0.010627529583871365 0.08909279108047485 0.019523050636053085 -0.010069809854030609 0.9997587203979492 44.01952362060547
5.588095 0.99934983253479 0.03369493409991264 -0.012823237106204033 -1.0933611392974854 -0.0335451178252697 0.9993683695793152 0.011724676005542278 0.09574747085571289 0.013210196048021317 -0.011286895722150803 0.9998491406440735 44.578712463378906
5.691619 0.9993020296096802 0.03701821342110634 -0.005003825761377811 -1.111168384552002 -0.03695933148264885 0.9992519021034241 0.011387691833078861 0.09898099303245544 0.005421631969511509 -0.011194807477295399 0.9999226331710815 45.1159782409668
5.795223 0.9991990327835083 0.03998835012316704 0.0015143807977437973 -1.1038130521774292 -0.04000323265790939 0.999132513999939 0.011576754041016102 0.09785082936286926 -0.0010501351207494736 -0.011628062464296818 0.999931812286377 45.652923583984375
5.898736 0.9989626407623291 0.04465648531913757 0.00890134647488594 -1.1023563146591187 -0.0447525754570961 0.9989385604858398 0.010905343107879162 0.10496973991394043 -0.00840490311384201 -0.011292390525341034 0.9999008774757385 46.180992126464844
6.002373 0.998660683631897 0.048998117446899414 0.016609007492661476 -1.0995194911956787 -0.049141231924295425 0.9987571835517883 0.008320865221321583 0.10636496543884277 -0.016180656850337982 -0.009125908836722374 0.9998274445533752 46.665828704833984
6.10587 0.9983848929405212 0.05114297941327095 0.024736106395721436 -1.0929731130599976 -0.05128549411892891 0.998670756816864 0.005161694251000881 0.10990817844867706 -0.024439239874482155 -0.006421962752938271 0.9996806979179382 47.12080383300781
6.209506 0.9981386661529541 0.0515056848526001 0.0326542928814888 -1.0761184692382812 -0.05168670788407326 0.9986521601676941 0.00472355866804719 0.11522598564624786 -0.03236699104309082 -0.006402559578418732 0.9994556307792664 47.56036376953125
6.313021 0.9978967308998108 0.05074920132756233 0.04033094644546509 -1.0536965131759644 -0.05104662850499153 0.9986759424209595 0.006378822028636932 0.11114877462387085 -0.03995383158326149 -0.008424164727330208 0.9991660118103027 47.97990798950195
6.416516 0.9974471926689148 0.05243188142776489 0.048474621027708054 -1.034569263458252 -0.05283130332827568 0.9985789656639099 0.006995050236582756 0.11160846054553986 -0.048038970679044724 -0.00953817367553711 0.9987999200820923 48.36577224731445
6.524037 0.9968188405036926 0.05547138303518295 0.05722910165786743 -1.012221336364746 -0.05596953630447388 0.9984070062637329 0.007137448992580175 0.11433613300323486 -0.05674201622605324 -0.010317830368876457 0.998335599899292 48.72792053222656
6.623722 0.9960006475448608 0.06006494536995888 0.06614289432764053 -0.9986081123352051 -0.06062714755535126 0.9981392025947571 0.006523862015455961 0.11483800411224365 -0.06562795490026474 -0.010507826693356037 0.9977888464927673 49.06681823730469
6.727294 0.9951291084289551 0.06402859091758728 0.07495620846748352 -0.9757342338562012 -0.06471265107393265 0.9978811740875244 0.006730811670422554 0.1088029146194458 -0.07436644285917282 -0.011548640206456184 0.9971640706062317 49.373172760009766
6.830809 0.9944327473640442 0.0633743405342102 0.08418532460927963 -0.9406261444091797 -0.0642063096165657 0.9979105591773987 0.007209450472146273 0.11085566878318787 -0.08355254679918289 -0.012574543245136738 0.9964240789413452 49.66786193847656
6.934429 0.9935614466667175 0.06222492828965187 0.09467722475528717 -0.9008584022521973 -0.06302206963300705 0.9979972243309021 0.005450103431940079 0.11019742488861084 -0.09414848685264587 -0.011381766758859158 0.9954930543899536 49.94942855834961
7.038067 0.9924534559249878 0.06105225533246994 0.10634288936853409 -0.8589644432067871 -0.06151789054274559 0.9981054663658142 0.0011008166475221515 0.10374438762664795 -0.10607419908046722 -0.0076344991102814674 0.9943289160728455 50.21212387084961
7.141701 0.9908869862556458 0.061953555792570114 0.1196024939417839 -0.8185272216796875 -0.062048863619565964 0.9980688095092773 -0.0029305408243089914 0.10388955473899841 -0.1195530965924263 -0.00451736431568861 0.9928174614906311 50.48410415649414
7.24533 0.9888104796409607 0.06353939324617386 0.1349685937166214 -0.7726869583129883 -0.06342329829931259 0.9979733228683472 -0.005164287984371185 0.10467344522476196 -0.13502322137355804 -0.0034536500461399555 0.9908363819122314 50.756935119628906
7.3533 0.9863020777702332 0.06526064872741699 0.15148968994617462 -0.7325077056884766 -0.06501904129981995 0.9978625178337097 -0.006553098559379578 0.10333466529846191 -0.15159349143505096 -0.0033863787539303303 0.9884371161460876 51.02907943725586
7.452592 0.9835736155509949 0.06536100804805756 0.1682576835155487 -0.6785135269165039 -0.06494030356407166 0.9978570342063904 -0.008007664233446121 0.10384497046470642 -0.1684204787015915 -0.0030505768954753876 0.9857105612754822 51.29167938232422
7.55658 0.9803378582000732 0.06486168503761292 0.18636174499988556 -0.6207380294799805 -0.06431921571493149 0.9978891015052795 -0.008962168358266354 0.09804624319076538 -0.18654963374137878 -0.0032006881665438414 0.9824403524398804 51.55021667480469
7.663357 0.9765233993530273 0.06391027569770813 0.2057119458913803 -0.5451679229736328 -0.06330178678035736 0.9979488253593445 -0.00954488292336464 0.10183566808700562 -0.20590001344680786 -0.003701132256537676 0.97856605052948 51.79248046875
7.763356 0.9720647931098938 0.06449238955974579 0.22567811608314514 -0.46851158142089844 -0.06372746080160141 0.99791020154953 -0.010680656880140305 0.09724283218383789 -0.22589531540870667 -0.003999600652605295 0.9741434454917908 52.04867935180664
7.866988 0.9667813181877136 0.06649549305438995 0.24680399894714355 -0.3918190002441406 -0.06531433016061783 0.9977802634239197 -0.01297888346016407 0.09380239248275757 -0.2471192330121994 -0.0035720954183489084 0.9689784646034241 52.30187225341797
7.970621 0.9606035351753235 0.06783740222454071 0.2695159614086151 -0.30389976501464844 -0.06624164432287216 0.9976904988288879 -0.0150223970413208 0.08842039108276367 -0.26991263031959534 -0.0034226118586957455 0.9628787636756897 52.5543098449707
8.07425 0.9533365368843079 0.06903339177370071 0.2939111888408661 -0.20856857299804688 -0.0671958327293396 0.9976056814193726 -0.016358183696866035 0.08562695980072021 -0.29433673620224 -0.004154754802584648 0.955692708492279 52.80696487426758
8.177962 0.9448727965354919 0.07221731543540955 0.3193742632865906 -0.10979843139648438 -0.07039843499660492 0.9973697066307068 -0.01725180819630623 0.08024197816848755 -0.319780170917511 -0.006182691548019648 0.9474716186523438 53.043556213378906
8.283921 0.9350828528404236 0.07398783415555954 0.3466208875179291 -0.002239227294921875 -0.0720977932214737 0.9972284436225891 -0.018364081159234047 0.07246959209442139 -0.34701892733573914 -0.007818660698831081 0.937825620174408 53.28608703613281
8.385961 0.9239554405212402 0.07469809800386429 0.375135213136673 0.11864280700683594 -0.07261159271001816 0.9971653819084167 -0.0197167806327343 0.05796128511428833 -0.37554454803466797 -0.009021742269396782 0.9267603754997253 53.53403091430664
8.488779 0.9114179611206055 0.07292303442955017 0.4049684703350067 0.2607612609863281 -0.07014238834381104 0.997300386428833 -0.021723004058003426 0.04902923107147217 -0.40545931458473206 -0.00860672164708376 0.914072573184967 53.77210235595703
8.593446 0.8966242671012878 0.07009625434875488 0.43720853328704834 0.4100513458251953 -0.06601983308792114 0.9975165724754333 -0.024535616859793663 0.0416184663772583 -0.43784260749816895 -0.0068652029149234295 0.8990253806114197 53.999839782714844
8.696029 0.8792526125907898 0.06934379786252975 0.47128140926361084 0.5686149597167969 -0.06320460885763168 0.9975831508636475 -0.028864692896604538 0.036020874977111816 -0.4721439778804779 -0.0044077979400753975 0.8815103769302368 54.23811721801758
8.799662 0.8598976135253906 0.07125513255596161 0.5054687857627869 0.7365818023681641 -0.06258563697338104 0.9974555373191833 -0.03413974121212959 0.0297091007232666 -0.5066152215003967 -0.0022783996537327766 0.8621692061424255 54.463600158691406
8.903911 0.8382320404052734 0.0730355903506279 0.5404007434844971 0.9244747161865234 -0.062071140855550766 0.997328519821167 -0.03850933909416199 0.01669788360595703 -0.5417696237564087 -0.0012635285966098309 0.8405260443687439 54.68893814086914
9.008027 0.813970148563385 0.07588769495487213 0.5759285688400269 1.1220149993896484 -0.06305428594350815 0.9971145391464233 -0.04226985573768616 0.004318594932556152 -0.5774744749069214 -0.0019083635415881872 0.8164064884185791 54.914920806884766
9.11058 0.786649763584137 0.07989642024040222 0.6122080087661743 1.3404369354248047 -0.06604776531457901 0.9967913031578064 -0.04521925002336502 -0.009669899940490723 -0.6138564348220825 -0.004863256588578224 0.7894026041030884 55.15258026123047
9.214197 0.7568038702011108 0.08386878669261932 0.6482391953468323 1.5781097412109375 -0.06926234811544418 0.9964402914047241 -0.048056695610284805 -0.025012969970703125 -0.6499621272087097 -0.008529081009328365 0.7599186897277832 55.39665222167969
9.317832 0.7237577438354492 0.08513234555721283 0.6847826242446899 1.8418445587158203 -0.06900390982627869 0.9963154196739197 -0.05093083903193474 -0.03812575340270996 -0.6865953207015991 -0.010391097515821457 0.7269654870033264 55.63622283935547
9.421456 0.6872767210006714 0.0825686827301979 0.7216877937316895 2.1262588500976562 -0.06536292284727097 0.9965178370475769 -0.0517658106982708 -0.05969524383544922 -0.7234489917755127 -0.01159419771283865 0.6902804374694824 55.864112854003906
9.525112 0.6482594609260559 0.08126305788755417 0.7570706605911255 2.442716598510742 -0.06255819648504257 0.9966113567352295 -0.053408149629831314 -0.08168411254882812 -0.7588452696800232 -0.012738639488816261 0.6511463522911072 56.094215393066406
9.630085 0.6061481237411499 0.08088326454162598 0.7912284135818481 2.7952842712402344 -0.06055092811584473 0.9966213703155518 -0.05549239367246628 -0.10545969009399414 -0.7930435538291931 -0.014272994361817837 0.6089977025985718 56.323524475097656
9.732384 0.5603548288345337 0.08040010184049606 0.8243411183357239 3.1643428802490234 -0.05678906291723251 0.9966647028923035 -0.058604270219802856 -0.12601006031036377 -0.8263035416603088 -0.013974367640912533 0.5630516409873962 56.5322265625
9.836009 0.5118362307548523 0.0789811909198761 0.8554446697235107 3.5475387573242188 -0.053431734442710876 0.9967637062072754 -0.060059163719415665 -0.15356624126434326 -0.8574198484420776 -0.014967437833547592 0.5143998861312866 56.73408889770508
9.939685 0.4633057713508606 0.0778084471821785 0.8827759623527527 3.990175247192383 -0.05196385085582733 0.9968093633651733 -0.0605873204767704 -0.17179811000823975 -0.8846737146377563 -0.017801983281970024 0.4658706486225128 56.93378448486328
10.0439 0.4136899709701538 0.075907401740551 0.90724778175354 4.431329727172852 -0.05180101469159126 0.9968662858009338 -0.05978517234325409 -0.19059324264526367 -0.9089428782463074 -0.022263839840888977 0.4163256287574768 57.10758590698242
10.14677 0.36324048042297363 0.07563487440347672 0.9286203384399414 4.88154411315918 -0.054380856454372406 0.9967214465141296 -0.05990992486476898 -0.21195614337921143 -0.930107057094574 -0.028737463057041168 0.36616259813308716 57.2672004699707
10.25036 0.31384599208831787 0.07602818310260773 0.9464250802993774 5.362678527832031 -0.05279456824064255 0.996644139289856 -0.06255505979061127 -0.2396080493927002 -0.948004961013794 -0.030333448201417923 0.31680673360824585 57.405677795410156
10.35367 0.26703935861587524 0.07271632552146912 0.9609382748603821 5.858102798461914 -0.04140656441450119 0.997093915939331 -0.06394565850496292 -0.2675435543060303 -0.9627956748008728 -0.02271314337849617 0.2692742943763733 57.499427795410156
10.45717 0.223148912191391 0.06677637249231339 0.9724944829940796 6.364383697509766 -0.02811400033533573 0.9976766705513 -0.062054455280303955 -0.3020321726799011 -0.9743788838386536 -0.013493324629962444 0.2245078682899475 57.5699462890625
10.56299 0.1809227615594864 0.06615445017814636 0.9812698364257812 6.877307891845703 -0.018838634714484215 0.997785210609436 -0.06379446387290955 -0.32084929943084717 -0.9833167791366577 -0.006943913176655769 0.18176832795143127 57.62984085083008
10.66453 0.14250436425209045 0.0677233412861824 0.9874745607376099 7.419619560241699 -0.015424368903040886 0.9976872801780701 -0.06619784235954285 -0.3445478081703186 -0.9896739721298218 -0.005797690711915493 0.14321938157081604 57.68563461303711
10.76705 0.10988820344209671 0.06844791024923325 0.9915843605995178 7.976878643035889 -0.006194184999912977 0.9976537823677063 -0.06818044185638428 -0.3785131573677063 -0.9939245581626892 0.001350167440250516 0.11005435883998871 57.72091293334961
10.87022 0.08124994486570358 0.06675010174512863 0.9944559931755066 8.541000366210938 0.0009521706961095333 0.9977492094039917 -0.06704894453287125 -0.41672220826148987 -0.9966932535171509 0.006394612602889538 0.08100348711013794 57.73941421508789
10.97342 0.0561099573969841 0.06496862322092056 0.9963085651397705 9.102200508117676 0.00806847307831049 0.9978185296058655 -0.0655214861035347 -0.45026084780693054 -0.9983919858932495 0.011715099215507507 0.05546336621046066 57.7480583190918
11.0772 0.03630037233233452 0.06416496634483337 0.9972787499427795 9.692984580993652 0.012523108161985874 0.9978289604187012 -0.06465619057416916 -0.4772390127182007 -0.9992624521255493 0.014836074784398079 0.03541802614927292 57.75225067138672
11.18019 0.02045755833387375 0.06578350067138672 0.9976241588592529 10.292413711547852 0.014805876649916172 0.9977036714553833 -0.0660923421382904 -0.5138779282569885 -0.9996811151504517 0.016122790053486824 0.019436605274677277 57.751529693603516
11.28415 0.007484022527933121 0.06548982858657837 0.9978252053260803 10.90266227722168 0.01594158634543419 0.9977184534072876 -0.06560239940881729 -0.5511258840560913 -0.9998448491096497 0.016397884115576744 0.006422940641641617 57.74381637573242
11.3859 -0.0043444824405014515 0.06632079929113388 0.9977889060974121 11.539400100708008 0.016546132043004036 0.9976664185523987 -0.06624060869216919 -0.5874844193458557 -0.9998536705970764 0.01622176356613636 -0.005431696306914091 57.73960876464844
11.48898 -0.013205433264374733 0.06910853087902069 0.9975218176841736 12.171892166137695 0.02156120166182518 0.9973964095115662 -0.06881441175937653 -0.6238464713096619 -0.9996802806854248 0.020599044859409332 -0.014661116525530815 57.71772384643555
11.59255 -0.019970104098320007 0.07106523960828781 0.997271716594696 12.820096969604492 0.02570856362581253 0.9971773624420166 -0.07054369151592255 -0.6607388854026794 -0.9994699954986572 0.024229660630226135 -0.02174072153866291 57.7047119140625
11.69527 -0.02472945675253868 0.07031664252281189 0.9972180724143982 13.48492431640625 0.025826089084148407 0.9972351789474487 -0.06967739760875702 -0.697517454624176 -0.9993606209754944 0.02403116226196289 -0.026477087289094925 57.69036102294922
11.79949 -0.028202945366501808 0.06809308379888535 0.9972802400588989 14.165706634521484 0.02369631826877594 0.9974423050880432 -0.06743402034044266 -0.7298980355262756 -0.9993212819099426 0.021730031818151474 -0.02974436618387699 57.66847229003906
11.90171 -0.03082001395523548 0.061062682420015335 0.9976579546928406 14.843633651733398 0.022134581580758095 0.9979291558265686 -0.060395482927560806 -0.7683334350585938 -0.999279797077179 0.020221354439854622 -0.03210778161883354 57.649871826171875
12.00482 -0.031692348420619965 0.05564749240875244 0.9979473948478699 15.53875732421875 0.023073313757777214 0.9982236623764038 -0.05493014305830002 -0.7993167638778687 -0.999231219291687 0.021285085007548332 -0.032920025289058685 57.62024688720703
12.108 -0.03251027315855026 0.05273202806711197 0.9980794191360474 16.235204696655273 0.02573874033987522 0.9983202219009399 -0.05190638080239296 -0.8424307703971863 -0.9991399049758911 0.02400181256234646 -0.03381292521953583 57.5986442565918
12.21119 -0.03228587657213211 0.055184993892908096 0.9979539513587952 16.98996353149414 0.028630588203668594 0.9981158971786499 -0.05426768958568573 -0.8806358575820923 -0.9990684986114502 0.02681993506848812 -0.03380502387881279 57.56773376464844
12.3145 -0.03148847818374634 0.06243530660867691 0.9975520968437195 17.704118728637695 0.029763776808977127 0.9976630806922913 -0.06150272861123085 -0.9173589944839478 -0.999060869216919 0.027754293754696846 -0.03327319771051407 57.542842864990234
12.41765 -0.029270734637975693 0.07074496895074844 0.9970648288726807 18.43320083618164 0.0306148249655962 0.9970877766609192 -0.06984782963991165 -0.9462809562683105 -0.9991025328636169 0.028480470180511475 -0.03135133907198906 57.51853942871094
12.52105 -0.02681701071560383 0.07128538191318512 0.9970954060554504 19.172683715820312 0.031465742737054825 0.9970200061798096 -0.07043372094631195 -0.9854565858840942 -0.9991450309753418 0.029485521838068962 -0.02898014523088932 57.493927001953125
12.62455 -0.02485928311944008 0.06681502610445023 0.9974556565284729 19.922727584838867 0.030523652210831642 0.9973495006561279 -0.06604718416929245 -1.0283777713775635 -0.999224841594696 0.028804101049900055 -0.026832830160856247 57.48192596435547
12.72743 -0.02229880355298519 0.06044949218630791 0.9979221820831299 20.709306716918945 0.030196286737918854 0.9977556467056274 -0.05976465716958046 -1.0786206722259521 -0.999295175075531 0.028800860047340393 -0.02407410554587841 57.461753845214844
12.83073 -0.019446976482868195 0.05851127579808235 0.9980973601341248 21.461868286132812 0.02863924764096737 0.9979090094566345 -0.0579422265291214 -1.123412847518921 -0.9994005560874939 0.027457954362034798 -0.021082034334540367 57.44792175292969
12.93413 -0.016078012064099312 0.06387633085250854 0.9978283047676086 22.21754264831543 0.03613279387354851 0.997342586517334 -0.06326302886009216 -1.169759750366211 -0.9992175698280334 0.03503717854619026 -0.01834331452846527 57.42512512207031
13.03771 -0.012586304917931557 0.06935195624828339 0.9975128769874573 22.966236114501953 0.038184162229299545 0.9968975782394409 -0.06882737576961517 -1.2107303142547607 -0.9991915225982666 0.03722291439771652 -0.015195399522781372 57.4110221862793
13.14165 -0.01028826180845499 0.07032693922519684 0.9974709749221802 23.713022232055664 0.03177906572818756 0.9970427751541138 -0.06996897608041763 -1.2490124702453613 -0.9994419813156128 0.030978836119174957 -0.012492761015892029 57.41535949707031
13.24421 -0.006901751272380352 0.06691296398639679 0.9977349638938904 24.51607894897461 0.027319034561514854 0.9973990321159363 -0.06670144200325012 -1.3002939224243164 -0.9996029138565063 0.026796799153089523 -0.00871179811656475 57.42897033691406
13.34803 -0.002193810883909464 0.06322131305932999 0.9979972243309021 25.277240753173828 0.03140726312994957 0.9975115656852722 -0.06312151253223419 -1.349295973777771 -0.9995043277740479 0.031205881386995316 -0.004173960071057081 57.42057800292969
13.45277 0.0017800861969590187 0.06464846432209015 0.9979064464569092 26.04229164123535 0.03589501231908798 0.9972608685493469 -0.06467066705226898 -1.3950932025909424 -0.9993538856506348 0.03593498468399048 -0.0005453471094369888 57.40961837768555
13.55488 0.0044015515595674515 0.06874431669712067 0.9976245760917664 26.81063461303711 0.035375382751226425 0.996999204158783 -0.06885730475187302 -1.4467679262161255 -0.9993643760681152 0.035594433546066284 0.0019564852118492126 57.42255783081055
13.65796 0.007623847108334303 0.06961682438850403 0.9975446462631226 27.593780517578125 0.03171809762716293 0.9970548748970032 -0.06982505321502686 -1.4928697347640991 -0.9994677901268005 0.0321725495159626 0.005393281113356352 57.44451904296875
13.76127 0.011054384522140026 0.06915384531021118 0.9975447654724121 28.36236000061035 0.031091395765542984 0.9970995783805847 -0.06946752965450287 -1.5382212400436401 -0.9994553327560425 0.031782977283000946 0.00887223333120346 57.4561653137207
13.86467 0.014872103929519653 0.06591257452964783 0.9977145195007324 29.125959396362305 0.03527742996811867 0.9971691370010376 -0.0664023831486702 -1.5881164073944092 -0.9992668628692627 0.03618434816598892 0.012504776939749718 57.469261169433594
13.96817 0.018472863361239433 0.06664048880338669 0.9976059794425964 29.89217758178711 0.039923254400491714 0.9969313740730286 -0.06733468919992447 -1.6369359493255615 -0.9990319609642029 0.04107154905796051 0.01575567200779915 57.47494888305664
14.07164 0.021970294415950775 0.06728197634220123 0.9974920749664307 30.661252975463867 0.042680080980062485 0.9967601299285889 -0.06817267090082169 -1.6979339122772217 -0.9988471865653992 0.044070810079574585 0.01902751438319683 57.48627471923828
14.17505 0.024847496300935745 0.0671108290553093 0.9974361062049866 31.42970085144043 0.043302033096551895 0.9967354536056519 -0.06814239919185638 -1.743218183517456 -0.998753011226654 0.04488418251276016 0.02186034619808197 57.5042839050293
14.2786 0.028360312804579735 0.06543882191181183 0.997453510761261 32.1901741027832 0.044505685567855835 0.996782660484314 -0.06666022539138794 -1.7926571369171143 -0.9986065626144409 0.04628285765647888 0.02535666711628437 57.525760650634766
14.38212 0.03152443841099739 0.06425374001264572 0.9974355697631836 32.96707534790039 0.046162672340869904 0.9967731237411499 -0.06567006558179855 -1.848022222518921 -0.9984363913536072 0.04811449348926544 0.028456587344408035 57.558349609375
14.4855 0.03455784544348717 0.06476971507072449 0.9973016977310181 33.75421142578125 0.04498422518372536 0.9967856407165527 -0.06629496067762375 -1.8954358100891113 -0.9983897805213928 0.047153860330581665 0.031533144414424896 57.58064651489258
14.58897 0.03817632794380188 0.06648711860179901 0.9970566630363464 34.52594757080078 0.04212643951177597 0.9967899918556213 -0.0680823102593422 -1.9397733211517334 -0.9983826875686646 0.04460158571600914 0.03525290638208389 57.60691452026367
14.69245 0.04103059321641922 0.06664294004440308 0.9969329237937927 35.30192947387695 0.04398057982325554 0.9966855049133301 -0.06843650341033936 -1.986922025680542 -0.9981894493103027 0.046653684228658676 0.03796360641717911 57.63838195800781
14.79597 0.043732162564992905 0.06639961898326874 0.9968342781066895 36.07075881958008 0.041605591773986816 0.9968022108078003 -0.0682227611541748 -2.0325517654418945 -0.9981765151023865 0.04445740208029747 0.040829725563526154 57.67113494873047
14.89949 0.045899566262960434 0.06689757108688354 0.9967035055160522 36.83781433105469 0.04033549875020981 0.9968173503875732 -0.06876270473003387 -2.077004909515381 -0.9981314539909363 0.04335871338844299 0.04305513948202133 57.719234466552734
15.00287 0.04838411137461662 0.0668557807803154 0.996588945388794 37.652347564697266 0.03663937374949455 0.996967077255249 -0.06865999102592468 -2.1339051723480225 -0.9981566667556763 0.03983644023537636 0.045787811279296875 57.77051544189453
15.1064 0.051643189042806625 0.06906810402870178 0.9962743520736694 38.435699462890625 0.03517503663897514 0.9968607425689697 -0.07093209028244019 -2.179408073425293 -0.9980459213256836 0.038707148283720016 0.04905159771442413 57.8143310546875
15.20987 0.054994575679302216 0.07247050851583481 0.9958533048629761 39.21026611328125 0.03401944786310196 0.9966475367546082 -0.07440698146820068 -2.2318544387817383 -0.9979069232940674 0.03797036036849022 0.052344806492328644 57.85258483886719
15.31336 0.058463603258132935 0.07421253621578217 0.9955273270606995 40.00654983520508 0.034534599632024765 0.9964856505393982 -0.07631206512451172 -2.29106068611145 -0.9976920485496521 0.0388416089117527 0.05569525063037872 57.903812408447266
15.41675 0.06129811704158783 0.07666423171758652 0.9951709508895874 40.81082534790039 0.027993761003017426 0.9965216517448425 -0.07849257439374924 -2.3425111770629883 -0.9977268576622009 0.032670021057128906 0.058938778936862946 57.97093963623047
15.52022 0.06383539736270905 0.07584033161401749 0.9950745105743408 41.61408233642578 0.024739304557442665 0.9966815114021301 -0.07754986733198166 -2.3987503051757812 -0.9976536631584167 0.029567880555987358 0.06174732372164726 58.03424835205078
15.62392 0.06749223917722702 0.07599823921918869 0.9948211908340454 42.41146469116211 0.027084840461611748 0.9965876340866089 -0.0779707133769989 -2.4602646827697754 -0.9973520636558533 0.03220698609948158 0.06520351767539978 58.08791732788086
15.7272 0.07140295207500458 0.07719597965478897 0.994455873966217 43.20697784423828 0.026533983647823334 0.9965009093284607 -0.07925989478826523 -2.516710042953491 -0.9970945119857788 0.03204626590013504 0.06910478323698044 58.14541244506836
15.83062 0.07498577982187271 0.07831905037164688 0.9941043257713318 44.015892028808594 0.02248222380876541 0.9965248107910156 -0.08020561188459396 -2.571467638015747 -0.9969311356544495 0.028363950550556183 0.07296440005302429 58.21527099609375
15.93425 0.07930728048086166 0.07640567421913147 0.9939177632331848 44.823970794677734 0.02182333543896675 0.9966862201690674 -0.07835983484983444 -2.626491069793701 -0.9966112375259399 0.02790510468184948 0.07737704366445541 58.280662536621094
16.03941 0.08396603167057037 0.07636263966560364 0.9935383200645447 45.65982437133789 0.021702921018004417 0.9966828227043152 -0.07843845337629318 -2.692967176437378 -0.996232271194458 0.028148850426077843 0.08203019201755524 58.35833740234375
16.14091 0.08962637186050415 0.08002074807882309 0.9927557110786438 46.472537994384766 0.018330609425902367 0.9964659214019775 -0.08197469264268875 -2.751624584197998 -0.9958068132400513 0.02554490603506565 0.08784276992082596 58.43173599243164
16.2443 0.09541814774274826 0.08883953839540482 0.9914650321006775 47.286251068115234 0.016363075003027916 0.9957349896430969 -0.09079690277576447 -2.813182830810547 -0.9953027963638306 0.0248870886862278 0.09355749189853668 58.52091979980469
16.34828 0.10268761217594147 0.09309019148349762 0.9903481602668762 48.10919952392578 0.014764263294637203 0.9953590035438538 -0.09509207308292389 -2.888150453567505 -0.9946040511131287 0.024386536329984665 0.10083664208650589 58.612239837646484
16.45345 0.10888403654098511 0.09629081189632416 0.9893797636032104 48.93907165527344 0.010047588497400284 0.9951399564743042 -0.09795717895030975 -2.9556689262390137 -0.9940037727355957 0.02060685306787491 0.10738736391067505 58.7352180480957
16.55445 0.11610353738069534 0.09444745630025864 0.9887363314628601 49.76951599121094 0.005810421891510487 0.9953870177268982 -0.09576504677534103 -3.0334246158599854 -0.9932200908660889 0.016863636672496796 0.11501917988061905 58.83474349975586
