0.0 1.0 0.0 0.0 0.0 0.0 1.0 0.0 0.0 0.0 0.0 1.0 0.0
0.1033914 0.9999987483024597 0.0004630925541277975 0.0015319962985813618 -0.0026327981613576412 -0.00045627556391991675 0.9999899864196777 -0.00444711372256279 -0.0024803075939416885 -0.001534040435217321 0.004446409177035093 0.9999889135360718 0.9719953536987305
0.2071056 0.9999960660934448 -0.0019373469986021519 0.0020237404387444258 0.003369314130395651 0.0019475239096209407 0.99998539686203 -0.00503892358392477 -0.0027393242344260216 -0.0020139487460255623 0.005042845383286476 0.9999852776527405 1.938683271408081
0.3102615 0.9999931454658508 -0.0029646572656929493 0.0021953661926090717 0.0012709824368357658 0.0029673960525542498 0.9999948143959045 -0.001245440449565649 -0.001488321227952838 -0.002191663021221757 0.001251946552656591 0.9999967813491821 2.9058802127838135
0.4136209 0.9999828934669495 -0.005648847669363022 0.0015156103763729334 0.003952675964683294 0.005641464609652758 0.999972403049469 0.004832143429666758 -0.0040709879249334335 -0.0015428647166118026 -0.004823510069400072 0.9999871253967285 3.8733720779418945
0.5179293 0.9999597072601318 -0.008972933515906334 -7.30190658941865e-05 0.013639483600854874 0.008973177522420883 0.9999486207962036 0.004706002306193113 0.00328923761844635 3.078882582485676e-05 -0.0047064670361578465 0.9999889731407166 4.830173492431641
0.6203887 0.9999275207519531 -0.01197898667305708 -0.0011497950181365013 0.01566367968916893 0.011981220915913582 0.9999262690544128 0.0019577411003410816 0.0037111230194568634 0.0011262584012001753 -0.001971375197172165 0.9999974370002747 5.784282684326172
0.7242193 0.9999194741249084 -0.012473482638597488 -0.0023432280868291855 0.016520194709300995 0.012470219284296036 0.9999212622642517 -0.00140256411395967 0.00661691278219223 0.0023605383466929197 0.0013732302468270063 0.9999962449073792 6.729537487030029
0.8272107 0.9999243021011353 -0.012047786265611649 -0.0025016418658196926 0.0021005813032388687 0.012042354792356491 0.9999250769615173 -0.002174919005483389 0.00861852802336216 0.0025276574306190014 0.0021446284372359514 0.9999945163726807 7.687227725982666
0.930557 0.9999246001243591 -0.011768659576773643 -0.0034963274374604225 -0.004122547805309296 0.011768592521548271 0.999930739402771 -3.989506512880325e-05 0.0063307746313512325 0.003496554447337985 -1.2544915080070496e-06 0.9999939203262329 8.633505821228027
1.03407 0.9999261498451233 -0.011325936764478683 -0.004422245547175407 -0.010262038558721542 0.011339372955262661 0.9999312162399292 0.003025395330041647 0.0038258004933595657 0.0043876757845282555 -0.0030753177125006914 0.9999856352806091 9.581706047058105
1.137438 0.9999157190322876 -0.011774429120123386 -0.0054737175814807415 -0.013019539415836334 0.011796415783464909 0.9999223947525024 0.004002009518444538 0.011117862537503242 0.005426171235740185 -0.004066241439431906 0.9999769926071167 10.53218936920166
1.244258 0.9999012351036072 -0.012649326585233212 -0.006122749764472246 -0.020758718252182007 0.012678221799433231 0.999908447265625 0.004703582264482975 0.018121492117643356 0.00606269296258688 -0.004780743736773729 0.9999701380729675 11.470100402832031
1.344229 0.9998923540115356 -0.013042641803622246 -0.006723967380821705 -0.03028126433491707 0.013076232746243477 0.999902069568634 0.004976280964910984 0.01580674573779106 0.006658406462520361 -0.005063668824732304 0.9999650120735168 12.410995483398438
1.447568 0.9998860359191895 -0.013278612866997719 -0.0071839201264083385 -0.039842639118433 0.01330625545233488 0.999904215335846 0.0038137268275022507 0.014647670090198517 0.0071325902827084064 -0.003908883314579725 0.9999669194221497 13.327177047729492
1.551083 0.999866247177124 -0.013931245543062687 -0.008579143323004246 -0.053081758320331573 0.013946915045380592 0.9999012351036072 0.0017694286070764065 0.019831517711281776 0.008553645573556423 -0.001888844883069396 0.9999615550041199 14.25732421875
1.654521 0.9998322129249573 -0.015315772965550423 -0.010048938915133476 -0.07108832895755768 0.015315537340939045 0.9998826384544373 -0.0001006712845992297 0.031045690178871155 0.010049303062260151 -5.3250492783263326e-05 0.9999494552612305 15.193243980407715
1.757843 0.999818742275238 -0.015058656223118305 -0.011648193933069706 -0.0835844948887825 0.01505154836922884 0.9998864531517029 -0.0006974719581194222 0.03322818502783775 0.011657373048365116 0.000522022251971066 0.9999318718910217 16.116485595703125
1.861353 0.9998193979263306 -0.013809127733111382 -0.013052606955170631 -0.10686902701854706 0.013789493590593338 0.9999036192893982 -0.0015929159708321095 0.03258713334798813 0.013073344714939594 0.0014126395108178258 0.9999135732650757 17.039621353149414
1.964724 0.9998273849487305 -0.012048090808093548 -0.014141565188765526 -0.13382694125175476 0.012026472948491573 0.9999263882637024 -0.0016125580295920372 0.032119400799274445 0.014159951359033585 0.0014422066742554307 0.9998986721038818 17.951454162597656
2.068236 0.9997891187667847 -0.012493371963500977 -0.016297202557325363 -0.14184902608394623 0.012490246444940567 0.9999219179153442 -0.00029375310987234116 0.02303272671997547 0.016299599781632423 9.013511589728296e-05 0.9998671412467957 18.85630226135254
2.17162 0.9997752904891968 -0.011698100715875626 -0.017674988135695457 -0.161866694688797 0.011729039251804352 0.9999299645423889 0.0016477269819006324 0.016351982951164246 0.017654472962021828 -0.001854667323641479 0.9998424053192139 19.76361083984375
2.275131 0.9997588992118835 -0.011117562651634216 -0.018935032188892365 -0.18605738878250122 0.011147832497954369 0.9999367594718933 0.0014938341919332743 0.024255923926830292 0.018917229026556015 -0.0017045583808794618 0.9998195171356201 20.668285369873047
2.378626 0.9997155070304871 -0.012771646492183208 -0.020141661167144775 -0.20815111696720123 0.012799767777323723 0.9999173283576965 0.0012678216444328427 0.026095474138855934 0.0201238002628088 -0.0015252697048708797 0.9997962713241577 21.5727481842041
2.48201 0.9996747970581055 -0.012401147745549679 -0.022279493510723114 -0.2245560586452484 0.012423573061823845 0.9999224543571472 0.0008684622007422149 0.027424678206443787 0.022266995161771774 -0.001144970883615315 0.9997513294219971 22.460596084594727
2.585514 0.9996421933174133 -0.012184553779661655 -0.023813122883439064 -0.244559645652771 0.01221428345888853 0.9999247789382935 0.0011034092167392373 0.02985202521085739 0.023797888308763504 -0.0013938747579231858 0.9997157454490662 23.345552444458008
2.689023 0.9996231198310852 -0.011944235302507877 -0.02471747435629368 -0.27099624276161194 0.012027017772197723 0.999922513961792 0.00320320762693882 0.03218548372387886 0.024677295237779617 -0.0034992778673768044 0.9996892809867859 24.219852447509766
2.793694 0.9995951652526855 -0.013120896182954311 -0.025245053693652153 -0.29416021704673767 0.01327215414494276 0.999894917011261 0.005833458621054888 0.03587621450424194 0.0251658596098423 -0.006166153121739626 0.9996642470359802 25.07693099975586
2.896139 0.9995784759521484 -0.01321794930845499 -0.025849467143416405 -0.3167418837547302 0.013403995893895626 0.9998853802680969 0.007037356495857239 0.04314562678337097 0.025753486901521683 -0.00738087622448802 0.9996410608291626 25.928455352783203
2.999556 0.9995698928833008 -0.012493216432631016 -0.026530796661973 -0.3452891409397125 0.012656291015446186 0.9999018907546997 0.005987592972815037 0.04580788314342499 0.02645338699221611 -0.0063207983039319515 0.9996300339698792 26.776657104492188
3.103545 0.9995525479316711 -0.011057252995669842 -0.027792438864707947 -0.3670429289340973 0.011161252856254578 0.9999312162399292 0.0035897016059607267 0.04483748972415924 0.027750840410590172 -0.0038982934784144163 0.999607264995575 27.599071502685547
3.206573 0.9995444416999817 -0.010601825080811977 -0.02825765684247017 -0.3951776921749115 0.010665617883205414 0.9999409317970276 0.0021078363060951233 0.04733990505337715 0.028233638033270836 -0.0024082614108920097 0.9995984435081482 28.412036895751953
3.310078 0.9995278120040894 -0.009543808177113533 -0.029207179322838783 -0.4237057864665985 0.009595034644007683 0.9999526739120483 0.0016142462845891714 0.05169307440519333 0.029190391302108765 -0.0018937275744974613 0.9995720386505127 29.219518661499023
3.413963 0.9994909167289734 -0.009229691699147224 -0.030540112406015396 -0.4487691819667816 0.009267926216125488 0.9999564290046692 0.0011106164893135428 0.048895880579948425 0.030528536066412926 -0.0013930946588516235 0.99953293800354 30.03358268737793
3.517076 0.9994247555732727 -0.008935791440308094 -0.03271510452032089 -0.47425955533981323 0.008946441113948822 0.9999599456787109 0.00017916358774527907 0.049897242337465286 0.032712195068597794 -0.0004717444535344839 0.9994646906852722 30.824596405029297
3.620721 0.9993573427200317 -0.008713845163583755 -0.034772805869579315 -0.5044037103652954 0.008729727938771248 0.9999618530273438 0.00030493480153381824 0.04916762560606003 0.03476882353425026 -0.0006082960171625018 0.9993951320648193 31.597047805786133
3.724674 0.9992774128913879 -0.009607727639377117 -0.03677374869585037 -0.5326339602470398 0.009673942811787128 0.9999518990516663 0.0016230850014835596 0.047041404992341995 0.03675638884305954 -0.001977659296244383 0.999322235584259 32.38239288330078
3.827725 0.9992016553878784 -0.009584080427885056 -0.03878343850374222 -0.564015805721283 0.009739330969750881 0.999945342540741 0.0038160281255841255 0.05076414346694946 0.038744740188121796 -0.004190706182271242 0.9992403388023376 33.1512336730957
3.931241 0.9991001486778259 -0.008755804039537907 -0.04150043800473213 -0.5834775567054749 0.00897474866360426 0.9999467730522156 0.005092327948659658 0.05575947463512421 0.04145364090800285 -0.005460201762616634 0.9991254806518555 33.91266632080078
4.034871 0.9990654587745667 -0.007288539316505194 -0.04260440170764923 -0.636714518070221 0.007534925360232592 0.9999557733535767 0.00562539417296648 0.05109657347202301 0.042561519891023636 -0.005941158160567284 0.9990761876106262 34.66129684448242
4.142151 0.9989922046661377 -0.0048023792915046215 -0.04462546110153198 -0.6706951260566711 0.005024161655455828 0.9999755620956421 0.004859039559960365 0.0554218664765358 0.044601038098335266 -0.00507834879681468 0.9989919662475586 35.39002227783203
4.243437 0.9989085793495178 -0.0033347581047564745 -0.04658813402056694 -0.7056485414505005 0.003523404011502862 0.9999858736991882 0.003967694938182831 0.058447808027267456 0.046574242413043976 -0.004127513151615858 0.9989063143730164 36.12094497680664
4.345966 0.9988338947296143 -0.003090892219915986 -0.048181675374507904 -0.7444801330566406 0.003336261725053191 0.9999819397926331 0.005012995097786188 0.06334700435400009 0.04816531017422676 -0.005167896393686533 0.9988259673118591 36.82804489135742
4.449183 0.9987854957580566 -0.0015361920231953263 -0.04924590885639191 -0.7825707197189331 0.0018622777424752712 0.9999765753746033 0.0065763783641159534 0.07253754138946533 0.04923465475440025 -0.0066601005382835865 0.9987650513648987 37.552677154541016
4.552519 0.998779833316803 0.0011540735140442848 -0.04937135800719261 -0.8211989402770996 -0.0007998337969183922 0.9999737739562988 0.007194156758487225 0.07552361488342285 0.04937836155295372 -0.0071458895690739155 0.998754620552063 38.25081253051758
4.656235 0.9988222122192383 0.0040398635901510715 -0.04835157096385956 -0.8622024059295654 -0.0037886484060436487 0.99997878074646 0.00528612220659852 0.07506781816482544 0.04837191104888916 -0.005096709355711937 0.9988163709640503 38.93757629394531
4.760815 0.9989051818847656 0.006030268035829067 -0.04638827219605446 -0.8989781737327576 -0.005949277430772781 0.9999805688858032 0.0018838017713278532 0.08187899738550186 0.04639872536063194 -0.0016057633329182863 0.9989216327667236 39.59705352783203
4.863788 0.9989820718765259 0.006407481152564287 -0.04465131089091301 -0.9263612031936646 -0.006400514859706163 0.9999794960021973 0.00029897456988692284 0.08463133871555328 0.0446523055434227 -1.2878794223070145e-05 0.9990025758743286 40.26107406616211
4.966824 0.9991227984428406 0.007522201165556908 -0.04119497537612915 -0.9605588316917419 -0.007484469562768936 0.9999713897705078 0.0010700563434511423 0.08464710414409637 0.04120184853672981 -0.0007607953157275915 0.9991505742073059 40.93561553955078
5.073257 0.9991846680641174 0.01223616674542427 -0.0384744256734848 -0.9818686246871948 -0.01210534106940031 0.9999200701713562 0.003631485626101494 0.0888582095503807 0.03851579129695892 -0.0031627786811441183 0.9992530345916748 41.58610534667969
5.174268 0.9992858171463013 0.01603969931602478 -0.034213438630104065 -1.0160627365112305 -0.015797682106494904 0.9998483061790466 0.00733236875385046 0.08674190938472748 0.03432585671544075 -0.006786638870835304 0.9993876814842224 42.21730422973633
5.277498 0.9993103742599487 0.021675024181604385 -0.03015385940670967 -1.0456639528274536 -0.021432166919112206 0.999735414981842 0.008354068733751774 0.08647403120994568 0.030326955020427704 -0.007702044676989317 0.9995103478431702 42.825599670410156
5.381142 0.9993699789047241 0.025036931037902832 -0.025156300514936447 -1.0596328973770142 -0.02483164332807064 0.9996561408042908 0.008440010249614716 0.09481075406074524 0.025358960032463074 -0.007810020819306374 0.999647855758667 43.42764663696289
5.484644 0.9994131922721863 0.02842630259692669 -0.019113879650831223 -1.079734444618225 -0.02822692319750786 0.999545156955719 0.010621346533298492 0.09825289249420166 0.019407114014029503 -0.010075585916638374 0.9997609257698059 44.01170349121094
5.588095 0.9993610382080078 0.033325958997011185 -0.012921446934342384 -1.085945963859558 -0.03317184001207352 0.9993780255317688 0.011964013800024986 0.10019370913505554 0.013312123715877533 -0.011527741327881813 0.9998448491096497 44.584449768066406
5.691619 0.9992958903312683 0.03713702782988548 -0.0053456551395356655 -1.104449987411499 -0.037073325365781784 0.9992456436157227 0.011561891995370388 0.10307514667510986 0.005770998075604439 -0.011355570517480373 0.9999188780784607 45.135379791259766
5.795223 0.9991729259490967 0.040624938905239105 0.0017609954811632633 -1.1008431911468506 -0.04064233601093292 0.9991094470024109 0.011332495138049126 0.10861855745315552 -0.0012990450486540794 -0.011394694447517395 0.999934196472168 45.65756607055664
5.898736 0.9989496469497681 0.04486808553338051 0.009302911348640919 -1.1013540029525757 -0.044968146830797195 0.9989295601844788 0.010841598734259605 0.11448061466217041 -0.008806511759757996 -0.011248545721173286 0.9998979568481445 46.16419219970703
6.002373 0.9986432194709778 0.0493033193051815 0.016759449616074562 -1.0967726707458496 -0.04944122955203056 0.9987456798553467 0.007916120812296867 0.12240654230117798 -0.016348134726285934 -0.008733988739550114 0.9998281598091125 46.636749267578125
6.10587 0.9983622431755066 0.05148506537079811 0.02494199201464653 -1.0904127359390259 -0.05162837356328964 0.9986531734466553 0.005135701969265938 0.115789994597435 -0.02464398741722107 -0.0064150067046284676 0.9996756911277771 47.109703063964844
6.209506 0.9981139898300171 0.05188389867544174 0.03280835971236229 -1.0717289447784424 -0.052065763622522354 0.998632550239563 0.004712886177003384 0.12079456448554993 -0.03251897543668747 -0.00641219038516283 0.9994505047798157 47.55430221557617
6.313021 0.9978525042533875 0.05130845680832863 0.040716610848903656 -1.0512304306030273 -0.05160953849554062 0.9986469745635986 0.00637742318212986 0.1161380261182785 -0.040334299206733704 -0.008465093560516834 0.9991503357887268 47.95610046386719
6.416516 0.9974016547203064 0.05305202677845955 0.04874000325798988 -1.0302093029022217 -0.05344816669821739 0.9985470771789551 0.006859646178781986 0.12297278642654419 -0.048305265605449677 -0.0094468854367733 0.9987879395484924 48.35378646850586
6.524037 0.9967831969261169 0.05600947141647339 0.05732528492808342 -1.008544683456421 -0.05651497468352318 0.9983755350112915 0.007234129589051008 0.11722984910011292 -0.056826986372470856 -0.010450596921145916 0.9983292818069458 48.71687316894531
6.623722 0.9959737658500671 0.06074943765997887 0.06592367589473724 -0.9879200458526611 -0.0613190159201622 0.9980960488319397 0.006649380549788475 0.11991679668426514 -0.06539420783519745 -0.010664981789886951 0.9978025555610657 49.05019760131836
6.727294 0.9951041340827942 0.06442589312791824 0.07494735717773438 -0.9619019031524658 -0.06509783118963242 0.997857391834259 0.006554828491061926 0.1205706000328064 -0.07436448335647583 -0.011401649564504623 0.997165858745575 49.35795974731445
6.830809 0.9943820238113403 0.06402018666267395 0.08429594337940216 -0.9335203170776367 -0.06485546380281448 0.9978685975074768 0.007205330301076174 0.1175643801689148 -0.0836549773812294 -0.012631903402507305 0.9964147210121155 49.65229034423828
6.934429 0.9935192465782166 0.06279964745044708 0.09473961591720581 -0.8937773704528809 -0.0635957419872284 0.997961163520813 0.005404277704656124 0.11725291609764099 -0.09420706331729889 -0.011394291184842587 0.9954874515533447 49.935546875
7.038067 0.9923778772354126 0.06165804713964462 0.10669759660959244 -0.8582849502563477 -0.06213383749127388 0.9980672001838684 0.0011376217007637024 0.10966986417770386 -0.10642123222351074 -0.007758482825011015 0.9942908883094788 50.20705795288086
7.141701 0.9908075332641602 0.06259466707706451 0.11992611736059189 -0.816861629486084 -0.06269766390323639 0.9980282783508301 -0.0029177831020206213 0.11051100492477417 -0.11987228691577911 -0.004628126975148916 0.9927785396575928 50.47816848754883
7.24533 0.9887248873710632 0.06416388601064682 0.13530030846595764 -0.772529125213623 -0.06403499096632004 0.9979335069656372 -0.005309008061885834 0.11236023902893066 -0.13536137342453003 -0.0034148062113672495 0.9907904267311096 50.7554931640625
7.3533 0.986178457736969 0.0658477172255516 0.15204015374183655 -0.7363839149475098 -0.06559529155492783 0.9978238940238953 -0.006680956110358238 0.11381766200065613 -0.1521492451429367 -0.003384503535926342 0.9883517622947693 51.032569885253906
7.452592 0.9834584593772888 0.0664605125784874 0.16850031912326813 -0.6697635650634766 -0.06606166064739227 0.9977836608886719 -0.007978042587637901 0.1096513569355011 -0.1686570793390274 -0.0032853377051651478 0.9856693148612976 51.28118133544922
7.55658 0.9802554845809937 0.06537557393312454 0.18661457300186157 -0.6075601577758789 -0.06477902084589005 0.9978563189506531 -0.009299504570662975 0.1118905246257782 -0.18682250380516052 -0.0029728193767368793 0.9823891520500183 51.539371490478516
7.663357 0.9764355421066284 0.06470748782157898 0.20587973296642303 -0.5387048721313477 -0.0641309916973114 0.9978964924812317 -0.00947922095656395 0.10625821352005005 -0.20606005191802979 -0.003947426099330187 0.9785313606262207 51.78236770629883
7.763356 0.9719526767730713 0.06517662853002548 0.22596415877342224 -0.4639310836791992 -0.06439398974180222 0.997865617275238 -0.01084066554903984 0.10455697774887085 -0.22618845105171204 -0.0040141199715435505 0.9740753173828125 52.034847259521484
7.866988 0.9666550755500793 0.06720252335071564 0.2471064031124115 -0.3891115188598633 -0.0659906417131424 0.9977330565452576 -0.013192608952522278 0.10634171962738037 -0.24743279814720154 -0.003554006339982152 0.968898594379425 52.284461975097656
7.970621 0.9604732990264893 0.06844983249902725 0.26982516050338745 -0.3081798553466797 -0.06683707237243652 0.9976485967636108 -0.01517143938690424 0.09675806760787964 -0.27022919058799744 -0.0034625607077032328 0.9627898335456848 52.51963806152344
8.07425 0.9532780051231384 0.06967617571353912 0.2939494550228119 -0.2035684585571289 -0.06787014752626419 0.9975601434707642 -0.01635335385799408 0.09166204929351807 -0.29437172412872314 -0.004361096769571304 0.9556810259819031 52.773841857910156
8.177962 0.9447823166847229 0.07248899340629578 0.31958043575286865 -0.10626602172851562 -0.07061399519443512 0.9973506927490234 -0.017466995865106583 0.08853524923324585 -0.320000022649765 -0.006064345594495535 0.9473981261253357 53.03215026855469
8.283921 0.9349706768989563 0.07449072599411011 0.3468153774738312 0.005886077880859375 -0.07256437838077545 0.9971909523010254 -0.018557215109467506 0.08023172616958618 -0.34722355008125305 -0.007815993390977383 0.9377497434616089 53.279541015625
8.385961 0.923905611038208 0.07518678903579712 0.37516021728515625 0.12674903869628906 -0.07294675707817078 0.9971314072608948 -0.02019190602004528 0.07455110549926758 -0.37560224533081055 -0.008711306378245354 0.9267399907112122 53.518798828125
8.488779 0.9113947153091431 0.07302889227867126 0.40500175952911377 0.2674102783203125 -0.07009608298540115 0.9972955584526062 -0.02208932489156723 0.062371015548706055 -0.40551966428756714 -0.008256938308477402 0.9140490293502808 53.753684997558594
8.593446 0.896574854850769 0.07038968056440353 0.43726277351379395 0.4161853790283203 -0.06612668931484222 0.9974983930587769 -0.02498740889132023 0.057160258293151855 -0.4379276931285858 -0.006511651910841465 0.8989865183830261 53.98435592651367
8.696029 0.8793378472328186 0.06979573518037796 0.47105568647384644 0.5797920227050781 -0.06350915133953094 0.9975524544715881 -0.02925112284719944 0.04743611812591553 -0.4719443917274475 -0.004194728098809719 0.881618320941925 54.21855926513672
8.799662 0.8600008487701416 0.07150894403457642 0.5052574276924133 0.7497310638427734 -0.06277180463075638 0.9974375367164612 -0.03432292118668556 0.039858341217041016 -0.5064170956611633 -0.00219817366451025 0.862285852432251 54.4420280456543
8.903911 0.8383285999298096 0.07367514818906784 0.5401638150215149 0.9310951232910156 -0.06254681944847107 0.9972816705703735 -0.038951292634010315 0.026917099952697754 -0.5415652990341187 -0.0011315513402223587 0.8406580090522766 54.66987228393555
9.008027 0.8137369751930237 0.07652292400598526 0.5761737823486328 1.1359519958496094 -0.06343425065279007 0.9970663785934448 -0.04283366724848747 0.019521117210388184 -0.5777612924575806 -0.0016938108019530773 0.8162041306495667 54.91254425048828
9.11058 0.7866082787513733 0.08035008609294891 0.6122018694877625 1.3578052520751953 -0.06624755263328552 0.9967560768127441 -0.0457015261054039 0.002310037612915039 -0.6138880848884583 -0.004607672803103924 0.7893796563148499 55.14584732055664
9.214197 0.7566158175468445 0.08438050001859665 0.6483922004699707 1.587677001953125 -0.06959659606218338 0.9963976740837097 -0.048456259071826935 -0.014561176300048828 -0.6501452326774597 -0.00846310704946518 0.7597627639770508 55.39067840576172
9.317832 0.7238363027572632 0.08568735420703888 0.6846303343772888 1.849212646484375 -0.0694308951497078 0.9962676763534546 -0.051284532994031906 -0.02835702896118164 -0.6864694356918335 -0.010412878356873989 0.7270841598510742 55.61481475830078
9.421456 0.687354564666748 0.08328533917665482 0.7215311527252197 2.1397533416748047 -0.0658314973115921 0.9964588284492493 -0.05230659991502762 -0.04839825630187988 -0.7233325242996216 -0.011546298861503601 0.690403401851654 55.84932327270508
9.525112 0.6479000449180603 0.08190281689167023 0.7573093771934509 2.43218994140625 -0.06289736181497574 0.9965597987174988 -0.05396718531847 -0.07054805755615234 -0.7591241598129272 -0.012667416594922543 0.650822639465332 56.07157897949219
9.630085 0.6056509613990784 0.08153466135263443 0.7915421724319458 2.7806224822998047 -0.0606771856546402 0.9965724349021912 -0.05622696131467819 -0.0860673189163208 -0.7934136986732483 -0.013974635861814022 0.6085224151611328 56.29951095581055
9.732384 0.5594315528869629 0.08108522742986679 0.8249010443687439 3.1435203552246094 -0.05710125342011452 0.9966093301773071 -0.059238702058792114 -0.10952019691467285 -0.8269073963165283 -0.013962872326374054 0.5621647238731384 56.511383056640625
9.836009 0.510887861251831 0.07988293468952179 0.8559277653694153 3.5282135009765625 -0.05375480651855469 0.9966931343078613 -0.06093517690896988 -0.13192272186279297 -0.8579650521278381 -0.014879182912409306 0.5134926438331604 56.71588134765625
9.939685 0.46253928542137146 0.07864842563867569 0.8831034898757935 3.94488525390625 -0.052222929894924164 0.9967450499534607 -0.06141667068004608 -0.1523216962814331 -0.8850594162940979 -0.017710624262690544 0.46514105796813965 56.89789962768555
10.0439 0.41317421197891235 0.07676061242818832 0.9074110984802246 4.384639739990234 -0.0518718846142292 0.9968070983886719 -0.060703907161951065 -0.1715841293334961 -0.9091734290122986 -0.021987829357385635 0.4158366620540619 57.067283630371094
10.14677 0.36287128925323486 0.07620358467102051 0.9287182092666626 4.833894729614258 -0.05468294024467468 0.9966745376586914 -0.06041369214653969 -0.199485182762146 -0.9302334189414978 -0.02886265143752098 0.3658316135406494 57.22107696533203
10.25036 0.3130544424057007 0.07719509303569794 0.9465927481651306 5.304647445678711 -0.052951209247112274 0.9965595602989197 -0.06375804543495178 -0.215079665184021 -0.9482579231262207 -0.030163489282131195 0.3160650134086609 57.35988998413086
10.35367 0.26625514030456543 0.07344680279493332 0.9611002802848816 5.803353309631348 -0.041994333267211914 0.9970299005508423 -0.06455876678228378 -0.257354736328125 -0.9629873037338257 -0.023171663284301758 0.2685486972332001 57.45810317993164
10.45717 0.22235725820064545 0.06762990355491638 0.9726167917251587 6.319221496582031 -0.028286611661314964 0.9976187944412231 -0.062901571393013 -0.28543806076049805 -0.9745548367500305 -0.01352541521191597 0.22374075651168823 57.533294677734375
10.56299 0.1803669035434723 0.0668589323759079 0.9813244938850403 6.841794967651367 -0.019066352397203445 0.9977372884750366 -0.06447277218103409 -0.30867302417755127 -0.9834146499633789 -0.007081522140651941 0.18123352527618408 57.59138870239258
10.66453 0.14156797528266907 0.06820062547922134 0.9875764846801758 7.386887073516846 -0.01603860966861248 0.9976510405540466 -0.06659725308418274 -0.33884716033935547 -0.9897985458374023 -0.006411318201571703 0.14232930541038513 57.65727996826172
10.76705 0.10957921296358109 0.06895370036363602 0.9915834665298462 7.911025047302246 -0.0068175955675542355 0.9976195693016052 -0.06862003356218338 -0.37240636348724365 -0.9939546585083008 0.0007591142784804106 0.10978847742080688 57.67158889770508
10.87022 0.08090563118457794 0.06712470203638077 0.9944589138031006 8.481466293334961 -0.00028446433134377003 0.9977312684059143 -0.06732243299484253 -0.4133854806423187 -0.9967217445373535 0.005163875874131918 0.08074116706848145 57.688133239746094
10.97342 0.05569281801581383 0.06531896442174911 0.9963089823722839 9.06371021270752 0.007393989246338606 0.9978033900260925 -0.06583024561405182 -0.4474947154521942 -0.9984205961227417 0.011032969690859318 0.055087506771087646 57.7073974609375
11.0772 0.035908766090869904 0.06459619104862213 0.9972652196884155 9.644935607910156 0.011792926117777824 0.9978119134902954 -0.0650562271475792 -0.47373175621032715 -0.9992854595184326 0.014096762984991074 0.03506840765476227 57.706031799316406
11.18019 0.019778169691562653 0.06655392795801163 0.9975869059562683 10.244131088256836 0.014489280059933662 0.9976580739021301 -0.06684594601392746 -0.5055562853813171 -0.9996994137763977 0.01577640511095524 0.01876753382384777 57.71468734741211
11.28415 0.006629806011915207 0.06644786149263382 0.9977679252624512 10.856398582458496 0.015322191640734673 0.9976658225059509 -0.06654287874698639 -0.5378312468528748 -0.9998606443405151 0.015729155391454697 0.005596203729510307 57.70744323730469
11.3859 -0.005126960575580597 0.06712227314710617 0.997731626033783 11.471392631530762 0.016512446105480194 0.9976142644882202 -0.06702953577041626 -0.577700674533844 -0.9998505711555481 0.01613132655620575 -0.006223084405064583 57.698387145996094
11.48898 -0.014049804769456387 0.0698893815279007 0.9974557161331177 12.115867614746094 0.0207362063229084 0.997360110282898 -0.06959058344364166 -0.6175054907798767 -0.9996862411499023 0.019705714657902718 -0.015461954288184643 57.68378448486328
11.59255 -0.02040785178542137 0.07175386697053909 0.9972134232521057 12.754863739013672 0.02528109773993492 0.9971393942832947 -0.07123114168643951 -0.6514638662338257 -0.9994720220565796 0.023756979033350945 -0.02216348610818386 57.65971374511719
11.69527 -0.0250974353402853 0.07127439975738525 0.9971409440040588 13.414146423339844 0.025468720123171806 0.997177004814148 -0.07063593715429306 -0.6883966326713562 -0.9993605017662048 0.02362312190234661 -0.026841849088668823 57.640968322753906
11.79949 -0.02861994504928589 0.0682423859834671 0.997258186340332 14.073902130126953 0.02305980585515499 0.9974465370178223 -0.06759349256753922 -0.7324202060699463 -0.9993243217468262 0.021062059327960014 -0.030120518058538437 57.62166213989258
11.90171 -0.03130651265382767 0.06164434924721718 0.9976070523262024 14.775505065917969 0.020848993211984634 0.9979194402694702 -0.061009373515844345 -0.7677061557769775 -0.9992923140525818 0.018889110535383224 -0.03252659738063812 57.60753631591797
12.00482 -0.03261694312095642 0.056151650846004486 0.9978893995285034 15.465487480163574 0.02223394438624382 0.9982143640518188 -0.05544319748878479 -0.7994593977928162 -0.9992205500602722 0.020378628745675087 -0.033807173371315 57.583011627197266
12.108 -0.032957177609205246 0.05353240668773651 0.9980220198631287 16.167985916137695 0.025179218500852585 0.9982921481132507 -0.052715398371219635 -0.8357726335525513 -0.9991395473480225 0.02339206263422966 -0.034248799085617065 57.55120849609375
12.21119 -0.032760683447122574 0.05591002479195595 0.9978981614112854 16.872394561767578 0.02771533839404583 0.998100996017456 -0.05501149967312813 -0.8704043030738831 -0.9990788698196411 0.025854870676994324 -0.03424803167581558 57.524192810058594
12.3145 -0.031428396701812744 0.06305700540542603 0.9975149035453796 17.590166091918945 0.029152365401387215 0.9976412057876587 -0.06214648857712746 -0.9093167781829834 -0.9990807771682739 0.027126753702759743 -0.033192526549100876 57.48910903930664
12.41765 -0.029535112902522087 0.0711868554353714 0.9970256090164185 18.344791412353516 0.0297243595123291 0.9970821142196655 -0.07031036913394928 -0.9472248554229736 -0.9991216063499451 0.027559315785765648 -0.03156491369009018 57.47492218017578
12.52105 -0.027378983795642853 0.07183770835399628 0.9970405697822571 19.079858779907227 0.030419735237956047 0.9970123171806335 -0.0710003525018692 -0.9854021072387695 -0.9991620182991028 0.028385790064930916 -0.029482467100024223 57.45619583129883
12.62455 -0.025279536843299866 0.06732712686061859 0.9974106550216675 19.832273483276367 0.029852168634533882 0.9973353743553162 -0.06656543165445328 -1.027970314025879 -0.9992345571517944 0.028092125430703163 -0.027222035452723503 57.43763732910156
12.72743 -0.022789565846323967 0.061016350984573364 0.9978765249252319 20.59150505065918 0.02957075461745262 0.9977402687072754 -0.06033267825841904 -1.0743300914764404 -0.9993027448654175 0.028133004903793335 -0.024542365223169327 57.42320251464844
12.83073 -0.019683536142110825 0.05914277955889702 0.9980554580688477 21.353967666625977 0.02835744619369507 0.997880220413208 -0.05857314541935921 -1.1231125593185425 -0.9994040727615356 0.027149371802806854 -0.021318942308425903 57.40660858154297
12.93413 -0.016586260870099068 0.0647939071059227 0.9977608323097229 22.134248733520508 0.035333119332790375 0.9973127841949463 -0.06417744606733322 -1.1697007417678833 -0.9992379546165466 0.03418954089283943 -0.01883106119930744 57.39396286010742
13.03771 -0.013344747014343739 0.07040721923112869 0.9974290728569031 22.88264274597168 0.03704814612865448 0.9968677163124084 -0.0698719322681427 -1.211492896080017 -0.9992243647575378 0.03602048382163048 -0.0159114059060812 57.380733489990234
13.14165 -0.010682044550776482 0.07058290392160416 0.997448742389679 23.642486572265625 0.03130403161048889 0.9970402717590332 -0.0702187642455101 -1.2579106092453003 -0.9994528293609619 0.030474092811346054 -0.012859957292675972 57.378562927246094
13.24421 -0.007247612811625004 0.06744641810655594 0.997696578502655 24.399255752563477 0.02690800093114376 0.9973747134208679 -0.06722918152809143 -1.300514578819275 -0.9996116161346436 0.026358773931860924 -0.009043432772159576 57.378990173339844
13.34803 -0.0030536449048668146 0.06350647658109665 0.9979767799377441 25.181262969970703 0.030483514070510864 0.9975235462188721 -0.06338436156511307 -1.362874150276184 -0.999530553817749 0.030228279531002045 -0.004981983453035355 57.38738250732422
13.45277 0.0007332079112529755 0.06465420871973038 0.9979074597358704 25.942138671875 0.0351802296936512 0.9972884058952332 -0.06463994830846786 -1.4083988666534424 -0.9993807077407837 0.03515400364995003 -0.0015433304943144321 57.37827682495117
13.55488 0.003557635936886072 0.06919056177139282 0.9975970983505249 26.69949722290039 0.03492782264947891 0.9969860911369324 -0.0692727342247963 -1.4530373811721802 -0.9993835091590881 0.03509033843874931 0.0011302381753921509 57.38276290893555
13.65796 0.0071707833558321 0.06974213570356369 0.9975392818450928 27.461450576782227 0.030948765575885773 0.9970716238021851 -0.06993190199136734 -1.5055136680603027 -0.999495267868042 0.03137407451868057 0.004991352092474699 57.39213180541992
13.76127 0.010362077504396439 0.06959602981805801 0.9975214004516602 28.239639282226562 0.03046097420156002 0.9970901608467102 -0.0698823481798172 -1.5492680072784424 -0.9994822144508362 0.031109604984521866 0.008211961016058922 57.417625427246094
13.86467 0.014105652458965778 0.06661397218704224 0.9976790547370911 28.99774169921875 0.03458605334162712 0.9971488118171692 -0.06706757098436356 -1.5955243110656738 -0.999302089214325 0.03545181080698967 0.011761520989239216 57.42454528808594
13.96817 0.017568837851285934 0.0668405145406723 0.99760901927948 29.767051696777344 0.03889922425150871 0.9969618916511536 -0.06748221814632416 -1.6503689289093018 -0.9990886449813843 0.039991799741983414 0.01491541787981987 57.43595504760742
14.07164 0.021119901910424232 0.0673905611038208 0.9975032210350037 30.54364585876465 0.04205258563160896 0.9967827796936035 -0.06823229044675827 -1.7078197002410889 -0.9988921284675598 0.04338863492012024 0.018218008801341057 57.447105407714844
14.17505 0.024116044864058495 0.06756740063428879 0.9974232316017151 31.313642501831055 0.042619965970516205 0.9967367053031921 -0.06855137646198273 -1.7496042251586914 -0.9988002777099609 0.04416332393884659 0.021157627925276756 57.465091705322266
14.2786 0.027413543313741684 0.06565877050161362 0.9974654912948608 32.077518463134766 0.043890330940485 0.9967992305755615 -0.0668211504817009 -1.8020434379577637 -0.9986600875854492 0.04561089724302292 0.024444010108709335 57.48818588256836
14.38212 0.031064987182617188 0.06461471319198608 0.9974266290664673 32.85934829711914 0.04584110900759697 0.9967660903930664 -0.06599964946508408 -1.8580169677734375 -0.9984655380249023 0.04777343198657036 0.02800252102315426 57.509708404541016
14.4855 0.03409513458609581 0.06483525037765503 0.9973133206367493 33.621665954589844 0.04426875710487366 0.9968160390853882 -0.06631635874509811 -1.904242992401123 -0.9984376430511475 0.04641088470816612 0.031116411089897156 57.535099029541016
14.58897 0.03700065240263939 0.06663871556520462 0.9970908761024475 34.39399719238281 0.04137621447443962 0.9968163967132568 -0.06815578788518906 -1.9488885402679443 -0.9984582662582397 0.04377766326069832 0.03412560001015663 57.56948471069336
14.69245 0.039866961538791656 0.06664744019508362 0.9969797730445862 35.16389465332031 0.043188225477933884 0.9967256188392639 -0.06835746020078659 -1.9972150325775146 -0.9982712268829346 0.045782994478940964 0.03685803711414337 57.60028839111328
14.79597 0.042335961014032364 0.06648015230894089 0.9968891739845276 35.95722961425781 0.040876686573028564 0.9968330264091492 -0.0682123526930809 -2.047236442565918 -0.998266875743866 0.04363735020160675 0.03948438912630081 57.64183044433594
14.89949 0.04478433355689049 0.06733056157827377 0.9967250823974609 36.73625946044922 0.03916551545262337 0.99684077501297 -0.06909811496734619 -2.0877938270568848 -0.9982286095619202 0.04213177412748337 0.042005810886621475 57.681854248046875
15.00287 0.04740343242883682 0.06709137558937073 0.9966201782226562 37.520103454589844 0.03636667877435684 0.9969642758369446 -0.06884429603815079 -2.141079902648926 -0.998213529586792 0.039507221430540085 0.044819630682468414 57.723541259765625
15.1064 0.05076879262924194 0.06901611387729645 0.9963228702545166 38.307010650634766 0.0348905511200428 0.996877908706665 -0.07083243876695633 -2.194566249847412 -0.9981008172035217 0.038358334451913834 0.0482022762298584 57.77094268798828
15.20987 0.05405626818537712 0.07223372161388397 0.9959217309951782 39.08781051635742 0.03357471153140068 0.9966846108436584 -0.07411140203475952 -2.249330520629883 -0.9979732632637024 0.037443965673446655 0.05145181342959404 57.81193161010742
15.31336 0.0572272390127182 0.074570432305336 0.9955722689628601 39.893516540527344 0.034113600850105286 0.9964781999588013 -0.07659918814897537 -2.301563262939453 -0.9977781176567078 0.03834611549973488 0.054481830447912216 57.875587463378906
15.41675 0.06054980307817459 0.07658562809228897 0.9952227473258972 40.68217086791992 0.028082381933927536 0.9965267777442932 -0.07839452475309372 -2.3545079231262207 -0.9977700710296631 0.032694995403289795 0.0581887885928154 57.92414093017578
15.52022 0.0634089931845665 0.0755338966846466 0.9951251149177551 41.4799919128418 0.024132274091243744 0.9967240691184998 -0.07719296216964722 -2.4127702713012695 -0.997695803642273 0.028909364715218544 0.06137847155332565 57.97789001464844
15.62392 0.06684660166501999 0.07612062245607376 0.9948554039001465 42.27531051635742 0.02686508372426033 0.9965866804122925 -0.07805822044610977 -2.4686098098754883 -0.9974015355110168 0.03194480016827583 0.06457345187664032 58.03128433227539
15.7272 0.07052670419216156 0.07777918130159378 0.9944729208946228 43.09040832519531 0.025984514504671097 0.9964739084243774 -0.07977847009897232 -2.526495933532715 -0.9971714019775391 0.031467411667108536 0.06825698167085648 58.10233688354492
15.83062 0.07465396821498871 0.07854170352220535 0.9941116571426392 43.892696380615234 0.02224627137184143 0.9965142607688904 -0.08040212839841843 -2.582000494003296 -0.9969614148139954 0.028117619454860687 0.07264649122953415 58.16384506225586
15.93425 0.07900837063789368 0.07693704217672348 0.9939005970954895 44.70509338378906 0.020911376923322678 0.996670126914978 -0.07881372421979904 -2.63425612449646 -0.9966546297073364 0.027010776102542877 0.07713641226291656 58.228790283203125
16.03941 0.0838066041469574 0.07641109824180603 0.9935480952262878 45.52706527709961 0.021278828382492065 0.996691107749939 -0.07844770699739456 -2.702749729156494 -0.9962548613548279 0.027715979143977165 0.0819033607840538 58.30170440673828
16.14091 0.08855418860912323 0.08000403642654419 0.9928532242774963 46.358253479003906 0.01857827603816986 0.9964630603790283 -0.08195193856954575 -2.768148422241211 -0.9958980083465576 0.025702688843011856 0.08675463497638702 58.38968276977539
16.2443 0.09476348757743835 0.08887159824371338 0.9915249347686768 47.171302795410156 0.01660887710750103 0.9957273602485657 -0.09083563834428787 -2.8256876468658447 -0.9953612089157104 0.025076014921069145 0.09288254380226135 58.46875
16.34828 0.10205154120922089 0.09343669563531876 0.9903813004493713 48.00160217285156 0.01492964569479227 0.995323121547699 -0.0954413115978241 -2.895920753479004 -0.994667112827301 0.024525973945856094 0.10017925500869751 58.56585693359375
16.45345 0.10916939377784729 0.09644261747598648 0.9893335700035095 48.81553268432617 0.010859373025596142 0.995107114315033 -0.09820373356342316 -2.9631989002227783 -0.9939638376235962 0.021464385092258453 0.10758792608976364 58.65995788574219
16.55445 0.11619806289672852 0.09397261589765549 0.988770604133606 49.648193359375 0.007367434911429882 0.9954051375389099 -0.09546898305416107 -3.050811529159546 -0.993198812007904 0.018378011882305145 0.11497180908918381 58.7703971862793
