1403638127.295097 1.0 0.0 0.0 0.0 0.0 1.0 0.0 0.0 0.0 0.0 1.0 0.0
1403638127.345097 1.0 -0.00017860748630482703 -2.1543331968132406e-05 -7.010929402895272e-05 0.0001786061911843717 1.0 -5.97375983488746e-05 2.2630722014582716e-05 2.1554000340984203e-05 5.9733749367296696e-05 1.0 -0.00033528590574860573
1403638127.395097 0.9999997615814209 -0.0006892239907756448 0.00010754723189165816 -0.00022046445519663393 0.0006891891243867576 0.9999997019767761 0.0003237950149923563 7.481965440092608e-05 -0.00010777037095976993 -0.0003237208293285221 0.9999999403953552 -0.00048820124357007444
1403638127.445097 0.9999999403953552 -9.4471855845768e-05 0.0002585514448583126 2.1108955934323603e-06 9.44348648772575e-05 1.0 0.00014308662503026426 0.00010764083708636463 -0.00025856494903564453 -0.00014306220691651106 0.9999999403953552 -0.0002944259613286704
1403638127.4950972 0.9999998211860657 -0.00030074024107307196 0.0005039742100052536 -3.5766650398727506e-05 0.0003011120716109872 0.9999997019767761 -0.0007378567242994905 -8.819112736091483e-06 -0.0005037521477788687 0.00073800835525617 0.9999995827674866 -0.00045851251343265176
1403638127.5450969 0.9999998211860657 -0.0005823804531246424 2.0372954168124124e-05 -0.0001425326190656051 0.0005823796964250505 0.9999998211860657 3.9024511352181435e-05 -9.513418626738712e-05 -2.039567698375322e-05 -3.901263698935509e-05 1.0 -0.0005296572344377637
1403638127.595097 0.9999998807907104 -0.0005137316766194999 -2.596460581116844e-05 -7.201955304481089e-05 0.0005137362168170512 0.9999998807907104 0.0001746706257108599 -2.2186201022122987e-05 2.587486778793391e-05 -0.00017468394071329385 1.0 0.00012870138743892312
1403638127.645097 0.9999997019767761 -0.0006725148996338248 -0.000343301915563643 -0.00012447169865481555 0.0006726187421008945 0.9999997019767761 0.00030230305856093764 -3.8767000660300255e-05 0.00034309850889258087 -0.00030253388104029 0.9999998807907104 -7.263245788635686e-05
1403638127.695097 1.0 -0.00011347200052114204 -0.00018509481742512435 0.00010821816249517724 0.00011347087274771184 1.0 -6.111708898970392e-06 2.0545769075397402e-05 0.00018509550136514008 6.090705937822349e-06 1.0 6.257338100112975e-05
1403638127.745097 0.9999998211860657 -0.0005416936473920941 -0.0001094791732612066 -0.00022981921210885048 0.0005417077918536961 0.9999998211860657 0.00012922949099447578 0.00010261425632052124 0.00010940915672108531 -0.00012928877549711615 1.0 -0.00039363373070955276
1403638127.795097 1.0 -0.0002224742784164846 -7.341358286794275e-05 -0.00031013129046186805 0.0002224934141850099 0.9999999403953552 0.0002606758789625019 5.187496935832314e-05 7.335557893384248e-05 -0.0002606922062113881 0.9999999403953552 -0.0002763839438557625
1403638127.845097 0.9999997019767761 -0.0007948099519126117 -0.00011402689415263012 -0.00021981023019179702 0.0007948343409225345 0.9999996423721313 0.00021359018865041435 2.536887586757075e-05 0.00011385708785383031 -0.00021368074521888047 1.0 -0.00027834478532895446
1403638127.895097 0.9999995231628418 -0.0009448869968764484 -0.00019884940411429852 -0.00020759593462571502 0.0009449154022149742 0.9999995231628418 0.00014263878983911127 3.1868970836512744e-05 0.00019871453696396202 -0.0001428266114089638 0.9999999403953552 -0.0005364753887988627
1403638127.945097 0.9999990463256836 -0.0013003061758354306 -0.00040072796400636435 -0.0001779231970431283 0.001300388015806675 0.9999991059303284 0.00020396019681356847 -7.324649686779594e-06 0.00040046239155344665 -0.00020448111172299832 0.9999998807907104 -0.00048370478907600045
1403638127.9950972 0.9999992847442627 -0.0011588261695578694 -0.00034713331842795014 -0.00015235549653880298 0.0011589964851737022 0.9999992251396179 0.0004906075773760676 0.00010994410695275292 0.00034656451316550374 -0.000491009559482336 0.9999998211860657 4.600953616318293e-05
1403638128.0450969 0.9999999403953552 -0.0003296626964583993 3.123198985122144e-05 -8.62162487464957e-05 0.000329642032738775 0.9999997019767761 0.0006599844782613218 9.311371832154691e-05 -3.1449555535800755e-05 -0.0006599741172976792 0.9999997615814209 -0.00028626128914766014
1403638128.095097 0.9999998211860657 -0.0006233180174604058 0.00011239253217354417 -0.00011944791913265362 0.0006231795996427536 0.9999990463256836 0.0012270768638700247 3.1975108868209645e-05 -0.00011315727897454053 -0.001227006665430963 0.9999992251396179 2.1229252524790354e-05
1403638128.145097 0.999998927116394 -0.0014803120866417885 3.9275942981475964e-05 -0.0001109259101212956 0.0014802406076341867 0.9999973773956299 0.0017625048058107495 -0.00010437973833177239 -4.1884894017130136e-05 -0.0017624447355046868 0.9999984502792358 0.00024024484446272254
1403638128.195097 0.9999976754188538 -0.0021463357843458652 -0.00019257722306065261 -0.00039216617005877197 0.0021466759499162436 0.9999961256980896 0.0017840684158727527 3.29765462083742e-05 0.00018874726083595306 -0.0017844776157289743 0.9999983906745911 -4.460506534087472e-05
1403638128.245097 0.9999995827674866 -0.0008458528900519013 0.0002492500643711537 -0.0003895466506946832 0.0008453974733129144 0.9999979734420776 0.0018214313313364983 1.7620157450437546e-05 -0.0002507902099750936 -0.0018212199211120605 0.9999983310699463 0.00011909406748600304
1403638128.295097 0.9999995827674866 -0.0008159697754308581 0.0003596797469072044 -0.0004451282147783786 0.0008154080715030432 0.9999984502792358 0.0015589805552735925 7.629646279383451e-05 -0.00036095126415602863 -0.0015586867230013013 0.9999987483024597 -0.0005488907918334007
1403638128.345097 0.9999992847442627 -0.0011981482384726405 5.140926077729091e-05 -0.0003342987329233438 0.0011980740819126368 0.9999982714653015 0.0014182947343215346 4.051928044646047e-06 -5.3108502470422536e-05 -0.0014182321028783917 0.9999989867210388 -0.00024588179076090455
1403638128.395097 0.9999995231628418 -0.0008456290233880281 0.00046730870963074267 -0.0002563008456490934 0.0008450535824522376 0.9999988675117493 0.0012302614049986005 5.8340221585240215e-05 -0.00046834853128530085 -0.0012298659421503544 0.9999991059303284 -9.127793418883812e-06
1403638128.445097 0.9999991059303284 -0.0013102155644446611 0.0002512269711587578 -0.00023581247660331428 0.0013098461786285043 0.9999980926513672 0.0014651777455583215 6.7190732806921e-05 -0.0002531461650505662 -0.0014648473588749766 0.9999988675117493 -0.00019209845049772412
1403638128.4950972 0.9999987483024597 -0.001518578501418233 0.0004609800816979259 -0.00036405044374987483 0.001517782686278224 0.9999973773956299 0.0017218977445736527 -5.473065539263189e-05 -0.000463593692984432 -0.0017211958765983582 0.9999983906745911 0.00011279992031631991
1403638128.5450969 0.9999988675117493 -0.0014296968001872301 0.0004549846053123474 -0.000263075198745355 0.001428936724551022 0.999997615814209 0.0016665782313793898 -3.818611003225669e-05 -0.0004573662008624524 -0.001665926189161837 0.9999985098838806 0.00013698783004656434
1403638128.595097 0.9999985098838806 -0.00171168043743819 0.0002175317204091698 -0.00025089457631111145 0.0017113067442551255 0.999997079372406 0.0017065934371203184 2.5277273380197585e-05 -0.00022045221703592688 -0.0017062186961993575 0.9999985098838806 -0.00017267491784878075
1403638128.645097 0.9999985694885254 -0.00165435706730932 0.00031245857826434076 -4.37365633843001e-05 0.0016538213239982724 0.9999971985816956 0.0017072134651243687 -0.00012089427764294669 -0.0003152820572722703 -0.0017066943692043424 0.9999985098838806 -0.00044918592902831733
1403638128.695097 0.9999961853027344 -0.002656318247318268 0.0007777457940392196 -0.0003623399534262717 0.002654645126312971 0.999994158744812 0.002144545316696167 -5.9890549891861156e-05 -0.0007834378047846258 -0.0021424724254757166 0.9999973773956299 1.7501728507340886e-05
1403638128.745097 0.9999935626983643 -0.003328262595459819 0.0013332664966583252 -0.000597973819822073 0.003323750337585807 0.9999887943267822 0.003372425911948085 -0.0004412778071127832 -0.001344475895166397 -0.003367972793057561 0.9999934434890747 0.0004274931561667472
1403638128.795097 0.9999940991401672 -0.0031417456921190023 0.0013817156432196498 -0.0006311541073955595 0.003136988030746579 0.9999892115592957 0.0034320494160056114 -0.0003070513776037842 -0.0013924833619967103 -0.003427694784477353 0.9999931454658508 -0.00016128757852129638
1403638128.845097 0.9999911785125732 -0.00321063119918108 0.0027056538965553045 -0.000634805066511035 0.00320001901127398 0.9999871850013733 0.00391743378713727 -0.00042895713704638183 -0.002718196716159582 -0.003908741287887096 0.9999886751174927 0.0007333014509640634
1403638128.895097 0.999992847442627 -0.0029083637055009604 0.002425856189802289 -0.0005081439740024507 0.0028988064732402563 0.9999880790710449 0.003933946136385202 -0.0002674028801266104 -0.002437268616631627 -0.0039268857799470425 0.9999893307685852 0.0003454705292824656
1403638128.945097 0.9999959468841553 -0.0008737025782465935 0.00270199216902256 -0.00010073050361825153 0.0008643065812066197 0.9999935626983643 0.003476659767329693 -0.0001266742910956964 -0.0027050122153013945 -0.0034743105061352253 0.9999902844429016 -4.964507752447389e-05
1403638128.9950972 0.999995768070221 -0.0010817275615409017 0.0026899618096649647 -0.00034329667687416077 0.0010721971048042178 0.9999931454658508 0.0035419112537056208 -0.00013857215526513755 -0.002693774877116084 -0.0035390122793614864 0.9999901056289673 -0.00029694949625991285
1403638129.0450969 0.9999977946281433 -0.00017381446377839893 0.002099934732541442 -4.650042683351785e-05 0.0001676671818131581 0.9999957084655762 0.0029271908570080996 -0.0004258665139786899 -0.0021004346199333668 -0.002926832064986229 0.9999935030937195 0.0006723979022353888
1403638129.095097 0.9999678134918213 0.007101764436811209 0.0037378270644694567 -8.044893911574036e-05 -0.007112664170563221 0.9999704957008362 0.0029108882881700993 -0.0005421998212113976 -0.0037170443683862686 -0.0029373804572969675 0.9999887943267822 -0.0002356995828449726
1403638129.145097 0.9999163746833801 0.01137007586658001 0.006156900431960821 -0.0006655534962192178 -0.011382181197404861 0.9999333620071411 0.0019347156630828977 -0.0015542191686108708 -0.006134491879492998 -0.0020046329591423273 0.9999791979789734 3.7500858525163494e-06
1403638129.195097 0.9999364614486694 0.009845147840678692 0.005489706061780453 -0.0007126013515517116 -0.009830117225646973 0.9999479055404663 -0.0027583923656493425 -0.0036495388485491276 -0.0055165765807032585 0.0027042527217417955 0.9999811053276062 -0.0008298360044136643
1403638129.245097 0.9999682307243347 -0.007929653860628605 -0.0008377440390177071 -0.0004963810206390917 0.007917724549770355 0.9998789429664612 -0.013394130393862724 -0.008181057870388031 0.0009438534616492689 0.013387071900069714 0.9999099373817444 -0.0016049124533310533
1403638129.295097 0.9991503953933716 -0.04049752280116081 -0.007641150150448084 0.0002836098719853908 0.040220048278570175 0.9986286759376526 -0.033516526222229004 -0.014453424140810966 0.00898800790309906 0.03318072482943535 0.9994090795516968 -0.00448741065338254
1403638129.345097 0.996593177318573 -0.08156555145978928 -0.012201162055134773 0.002069549635052681 0.0807075947523117 0.9949747920036316 -0.05925806611776352 -0.022753462195396423 0.016973266378045082 0.05807146802544594 0.9981681108474731 -0.007181075401604176
1403638129.395097 0.9935330748558044 -0.11246196180582047 -0.015632973983883858 0.00307396799325943 0.11101163923740387 0.9910415410995483 -0.07424990832805634 -0.030820922926068306 0.02384321391582489 0.07203429937362671 0.9971171021461487 -0.00972013734281063
1403638129.445097 0.9920505881309509 -0.12464773654937744 -0.017288099974393845 0.003913248889148235 0.12313051521778107 0.9898388385772705 -0.07111980020999908 -0.03557194024324417 0.0259773638099432 0.06842575967311859 0.997317910194397 -0.011757920496165752
1403638129.4950972 0.9933058023452759 -0.11382192373275757 -0.019703151658177376 0.003638612339273095 0.11264970898628235 0.9922274947166443 -0.0528661273419857 -0.03744650259613991 0.025567330420017242 0.05029267817735672 0.998407244682312 -0.012972010299563408
1403638129.5450969 0.99592125415802 -0.08762171119451523 -0.021525563672184944 0.0027692813891917467 0.08697465062141418 0.9957780838012695 -0.0293546374887228 -0.03817056119441986 0.024006785824894905 0.027362732216715813 0.9993372559547424 -0.013801191933453083
1403638129.595097 0.9982723593711853 -0.05510697886347771 -0.02038232423365116 0.0015964298509061337 0.05489947274327278 0.9984356164932251 -0.010603781789541245 -0.03978247195482254 0.020934779196977615 0.00946648046374321 0.9997360706329346 -0.014646107330918312
1403638129.645097 0.9993616938591003 -0.03053552471101284 -0.018543105572462082 0.0011164152529090643 0.03050985001027584 0.9995331764221191 -0.0016657784581184387 -0.0429023839533329 0.018585311248898506 0.0010989680886268616 0.9998267292976379 -0.016128504648804665
1403638129.695097 0.9996292591094971 -0.021693436428904533 -0.016455618664622307 0.0012215396855026484 0.021644990891218185 0.9997608661651611 -0.0031165704131126404 -0.048536527901887894 0.016519293189048767 0.0027592331171035767 0.9998597502708435 -0.01805688440799713
1403638129.745097 0.9995627999305725 -0.024317586794495583 -0.016819536685943604 0.0010108650894835591 0.024126961827278137 0.9996433258056641 -0.011445021256804466 -0.055701542645692825 0.01709185168147087 0.011034212075173855 0.9997930526733398 -0.020438944920897484
1403638129.795097 0.9994545578956604 -0.026903681457042694 -0.01915149576961994 0.000572723220102489 0.026693416759371758 0.9995813965797424 -0.01115120854228735 -0.06339296698570251 0.019443487748503685 0.010633907280862331 0.9997544288635254 -0.022920269519090652
1403638129.845097 0.9995051622390747 -0.02256001904606819 -0.02191919833421707 -0.00046812999062240124 0.022574532777071 0.9997450113296509 0.0004149605520069599 -0.07165591418743134 0.021904252469539642 -0.0009095717687159777 0.9997596740722656 -0.026319902390241623
1403638129.895097 0.9995712041854858 -0.015150709077715874 -0.02505692094564438 -0.001873787259683013 0.015491040423512459 0.9997896552085876 0.013444601558148861 -0.08184824883937836 0.024847958236932755 -0.013826996088027954 0.999595582485199 -0.031189922243356705
1403638129.945097 0.9996126890182495 -0.007211390417069197 -0.026879237964749336 -0.0031586280092597008 0.007706962525844574 0.9998013973236084 0.018379172310233116 -0.09473738819360733 0.026741355657577515 -0.018579214811325073 0.9994696974754333 -0.036005254834890366
1403638129.9950972 0.99954754114151 -0.008466292172670364 -0.028863778337836266 -0.004564645700156689 0.008767238818109035 0.9999083280563354 0.010315872728824615 -0.11059032380580902 0.02877379208803177 -0.010564261116087437 0.9995301365852356 -0.04122290760278702
1403638130.0450969 0.9992733597755432 -0.02155214734375477 -0.03143906593322754 -0.00535186193883419 0.021354438737034798 0.9997500777244568 -0.00661078467965126 -0.13115252554416656 0.031573690474033356 0.0059346165508031845 0.9994838237762451 -0.04888462275266647
1403638130.095097 0.9988312125205994 -0.033529408276081085 -0.03481518477201462 -0.006219582166522741 0.03276360407471657 0.999213457107544 -0.02233866974711418 -0.15151216089725494 0.03553680330514908 0.021171890199184418 0.9991441369056702 -0.05563374608755112
1403638130.145097 0.9983310699462891 -0.040804050862789154 -0.040867216885089874 -0.006798150017857552 0.03956887498497963 0.9987484216690063 -0.030590299516916275 -0.1695442944765091 0.042064279317855835 0.028922177851200104 0.9986962080001831 -0.06232494115829468
1403638130.195097 0.998207151889801 -0.03749215230345726 -0.04665844514966011 -0.007775663863867521 0.03608369082212448 0.9988779425621033 -0.030671700835227966 -0.18804243206977844 0.04775603860616684 0.028933098539710045 0.9984399080276489 -0.06966987252235413
1403638130.245097 0.9980894923210144 -0.033305007964372635 -0.05204020440578461 -0.008863121271133423 0.03172319754958153 0.9990180134773254 -0.030931886285543442 -0.2071426510810852 0.05301927775144577 0.029221905395388603 0.9981657862663269 -0.0774066224694252
1403638130.295097 0.9975722432136536 -0.03941403701901436 -0.05740981549024582 -0.009615791030228138 0.03717237338423729 0.9985237121582031 -0.03960498794913292 -0.22721070051193237 0.05888604372739792 0.03737477958202362 0.9975647330284119 -0.08478214591741562
1403638130.345097 0.9965611696243286 -0.05571114271879196 -0.06133522465825081 -0.009942890144884586 0.05250489339232445 0.9972290396690369 -0.052700936794281006 -0.2485785037279129 0.06410130113363266 0.04929931089282036 0.9967249631881714 -0.0932423397898674
1403638130.395097 0.9954107403755188 -0.06938499212265015 -0.06590444594621658 -0.010611224919557571 0.0652708038687706 0.9958986639976501 -0.06265397369861603 -0.2686598598957062 0.0699813961982727 0.05806480348110199 0.9958569407463074 -0.10121994465589523
1403638130.445097 0.9946516156196594 -0.07369319349527359 -0.07237035036087036 -0.012316985987126827 0.0689769983291626 0.9954565763473511 -0.06563858687877655 -0.2877275049686432 0.07687865197658539 0.06029564142227173 0.9952155947685242 -0.10871196538209915
1403638130.4950972 0.9948872923851013 -0.06476990878582001 -0.07748713344335556 -0.010865402407944202 0.05995652452111244 0.996216356754303 -0.06291208416223526 -0.3052414655685425 0.08126875758171082 0.05794457346200943 0.9950063824653625 -0.119870126247406
1403638130.5450969 0.9957573413848877 -0.048528529703617096 -0.0781816691160202 -0.015559920109808445 0.04411806911230087 0.9973881840705872 -0.05718596279621124 -0.32168471813201904 0.08075262606143951 0.05349411815404892 0.9952975511550903 -0.12559592723846436
1403638130.595097 0.9961473345756531 -0.04134862497448921 -0.07733512669801712 -0.015101267956197262 0.0369618758559227 0.997671365737915 -0.05732021480798721 -0.34107351303100586 0.07952515780925751 0.05424093082547188 0.995356023311615 -0.133530855178833
1403638130.645097 0.9962164163589478 -0.042150065302848816 -0.07600130140781403 -0.016621047630906105 0.03703232854604721 0.9970294237136841 -0.06753360480070114 -0.3594316840171814 0.07862207293510437 0.06446357071399689 0.9948180317878723 -0.1393250972032547
1403638130.695097 0.9955176115036011 -0.05561666190624237 -0.07649435102939606 -0.015007306821644306 0.049420297145843506 0.9955172538757324 -0.0806407481431961 -0.37890273332595825 0.0806364193558693 0.07649889588356018 0.9938035607337952 -0.15154600143432617
1403638130.745097 0.9935769438743591 -0.07916225492954254 -0.08085838705301285 -0.016059886664152145 0.07133305072784424 0.9928692579269409 -0.09551107883453369 -0.3953687250614166 0.0878426805138588 0.0891297310590744 0.9921388030052185 -0.15496784448623657
1403638130.795097 0.9911772608757019 -0.09991207718849182 -0.08709275722503662 -0.017088981345295906 0.09075938165187836 0.9904926419258118 -0.10337872058153152 -0.413195937871933 0.09659351408481598 0.09456214308738708 0.9908216595649719 -0.16533200442790985
1403638130.845097 0.9903274178504944 -0.1043296754360199 -0.09147077053785324 -0.02055005170404911 0.09445714950561523 0.989834725856781 -0.10632497072219849 -0.41904520988464355 0.10163380950689316 0.09665645658969879 0.9901151657104492 -0.1730947494506836
1403638130.895097 0.9895347356796265 -0.10819355398416519 -0.095473513007164 -0.017232533544301987 0.09750905632972717 0.9891085028648376 -0.11025625467300415 -0.4266672432422638 0.10636268556118011 0.09979285299777985 0.9893069267272949 -0.1779480278491974
1403638130.945097 0.9894273281097412 -0.11231832951307297 -0.0917498841881752 -0.012326031923294067 0.10083430260419846 0.9874638319015503 -0.12143969535827637 -0.44789761304855347 0.1042395830154419 0.11090421676635742 0.9883492588996887 -0.18360063433647156
1403638130.9950972 0.9895009398460388 -0.11808799207210541 -0.08332504332065582 -0.01090081874281168 0.10551843047142029 0.9842515587806702 -0.14182652533054352 -0.4470634460449219 0.09876081347465515 0.13154514133930206 0.9863783121109009 -0.18539872765541077
1403638131.0450969 0.9891972541809082 -0.1245928704738617 -0.07723571360111237 -0.010420827195048332 0.11122037470340729 0.9811176657676697 -0.15823468565940857 -0.44637027382850647 0.09549224376678467 0.147935152053833 0.9843761324882507 -0.18502597510814667
1403638131.095097 0.9898757934570312 -0.12228840589523315 -0.07205211371183395 -0.014161081984639168 0.10921899229288101 0.9804654121398926 -0.1635807454586029 -0.439225435256958 0.09064865112304688 0.1540551632642746 0.9838951826095581 -0.17949098348617554
1403638131.145097 0.9909130930900574 -0.11350676417350769 -0.07216410338878632 -0.010617239400744438 0.10125403106212616 0.9826679229736328 -0.15527838468551636 -0.4301176071166992 0.0885385051369667 0.14656047523021698 0.985231339931488 -0.1763465702533722
1403638131.195097 0.9927431344985962 -0.09607706218957901 -0.07232042402029037 -0.008557586930692196 0.08545513451099396 0.986758828163147 -0.1378571093082428 -0.4167943000793457 0.08460771292448044 0.1306765377521515 0.9878082871437073 -0.1758003681898117
1403638131.245097 0.9946979284286499 -0.0731424018740654 -0.07229351997375488 -0.00793345458805561 0.06439173221588135 0.9910734295845032 -0.11673495173454285 -0.4039355516433716 0.08018646389245987 0.11146089434623718 0.9905284643173218 -0.1694345325231552
1403638131.295097 0.9956085681915283 -0.05813490226864815 -0.07337498664855957 -0.008514216169714928 0.0505676344037056 0.9935922026634216 -0.10108121484518051 -0.3898725211620331 0.07878117263317108 0.09692692756652832 0.992168664932251 -0.15815895795822144
1403638131.345097 0.9959836602210999 -0.051998719573020935 -0.07288853824138641 -0.010648190043866634 0.04508086293935776 0.9945945739746094 -0.09353797882795334 -0.3724498152732849 0.07735840231180191 0.08987642079591751 0.992944061756134 -0.15044432878494263
1403638131.395097 0.9960752129554749 -0.05314163863658905 -0.07078158855438232 -0.006354380398988724 0.04647430032491684 0.9946065545082092 -0.09272366762161255 -0.35992828011512756 0.07532734423875809 0.08907023072242737 0.9931727051734924 -0.14778262376785278
1403638131.445097 0.9961867928504944 -0.05382588133215904 -0.06866425275802612 -0.005716227926313877 0.04717712849378586 0.9943562746047974 -0.09502572566270828 -0.3442109525203705 0.07339158654212952 0.09142399579286575 0.9931038022041321 -0.141569122672081
1403638131.4950972 0.997083842754364 -0.04401069134473801 -0.062345560640096664 -0.005211394280195236 0.03803148865699768 0.9948415160179138 -0.09404173493385315 -0.3268735408782959 0.06616280227899551 0.09139639884233475 0.9936141967773438 -0.1364070326089859
1403638131.5450969 0.9972836375236511 -0.040996670722961426 -0.06119244545698166 -0.0039047030732035637 0.035491377115249634 0.9954444766044617 -0.08849033713340759 -0.30834147334098816 0.06454150378704071 0.08607817441225052 0.9941955804824829 -0.129737988114357
1403638131.595097 0.9974493384361267 -0.037786275148391724 -0.06055707111954689 -0.004487262573093176 0.03274964168667793 0.9960851073265076 -0.08210837841033936 -0.2859106659889221 0.06342258304357529 0.07991571724414825 0.9947818517684937 -0.11875983327627182
1403638131.645097 0.997629702091217 -0.03169191628694534 -0.061078812927007675 -0.002104496583342552 0.02694014459848404 0.9966585636138916 -0.07710907608270645 -0.26924213767051697 0.06331846863031387 0.07528083771467209 0.9951499700546265 -0.11206205934286118
1403638131.695097 0.9978042244911194 -0.027636868879199028 -0.06019221246242523 0.0038974485360085964 0.022965675219893456 0.9967697262763977 -0.0769592672586441 -0.24859686195850372 0.06212469935417175 0.07540792226791382 0.995215654373169 -0.11207343637943268
1403638131.745097 0.9980261921882629 -0.023338034749031067 -0.0583018884062767 0.0012658569030463696 0.018810825422406197 0.99685138463974 -0.07702762633562088 -0.22677770256996155 0.05991600453853607 0.07577887922525406 0.9953228235244751 -0.09765982627868652
1403638131.795097 0.9985113143920898 -0.0120726702734828 -0.05319294333457947 0.0027792248874902725 0.008002454414963722 0.997069776058197 -0.07607696205377579 -0.20498767495155334 0.05395553261041641 0.0755380317568779 0.9956820607185364 -0.09259485453367233
1403638131.845097 0.9988723993301392 -0.001168129383586347 -0.04746049642562866 0.004538591485470533 -0.002269246382638812 0.997379720211029 -0.07230780273675919 -0.18352094292640686 0.04742061346769333 0.07233396172523499 0.9962525367736816 -0.08394527435302734
1403638131.895097 0.999064564704895 0.004978260491043329 -0.0429578498005867 0.006394771859049797 -0.00801595114171505 0.9974558353424072 -0.07083360105752945 -0.16217724978923798 0.042495936155319214 0.07111167907714844 0.9965627193450928 -0.07712273299694061
1403638131.945097 0.9991132616996765 0.010264130309224129 -0.04083339124917984 0.008312753401696682 -0.013108963146805763 0.9974591732025146 -0.07002334296703339 -0.14295312762260437 0.04001091420650482 0.07049654424190521 0.9967092871665955 -0.06979240477085114
1403638131.9950972 0.9989333748817444 0.02353138104081154 -0.0397256463766098 0.009307662025094032 -0.026059016585350037 0.9975866675376892 -0.06435704231262207 -0.1278294026851654 0.03811535984277725 0.0653236135840416 0.9971359968185425 -0.06573079526424408
1403638132.0450969 0.9982625246047974 0.04179484024643898 -0.04153595492243767 0.009441832080483437 -0.04406685382127762 0.9974924921989441 -0.05537954717874527 -0.11680461466312408 0.039117224514484406 0.057113680988550186 0.9976010918617249 -0.06247143819928169
1403638132.095097 0.9972436428070068 0.060417287051677704 -0.04307052865624428 0.009923036210238934 -0.062239982187747955 0.9971638321876526 -0.0423140786588192 -0.11277153342962265 0.040391866117715836 0.04487815126776695 0.9981755614280701 -0.06190599501132965
1403638132.145097 0.9963563680648804 0.07173063606023788 -0.04613841697573662 0.009143591858446598 -0.07341060042381287 0.9966587424278259 -0.035808663815259933 -0.11545421183109283 0.043415673077106476 0.03906524181365967 0.9982930421829224 -0.06379322707653046
1403638132.195097 0.9961825013160706 0.07161027193069458 -0.04992618039250374 0.00881105288863182 -0.0735822468996048 0.9965323805809021 -0.03884517401456833 -0.12623177468776703 0.04697132110595703 0.04237055778503418 0.9979971647262573 -0.06750056147575378
1403638132.245097 0.9967041015625 0.05927788466215134 -0.05538163334131241 0.008231035433709621 -0.062201716005802155 0.9966738820075989 -0.05265279859304428 -0.14387889206409454 0.05207625776529312 0.05592408403754234 0.9970759749412537 -0.07538079470396042
1403638132.295097 0.9971191883087158 0.04375321790575981 -0.06196156516671181 0.0074773384258151054 -0.047975216060876846 0.9965055584907532 -0.06837594509124756 -0.16644695401191711 0.0587533600628376 0.07115156948566437 0.9957336187362671 -0.08528286218643188
1403638132.345097 0.9971952438354492 0.034968893975019455 -0.06617342680692673 0.007241531740874052 -0.04019291326403618 0.9960373640060425 -0.07933470606803894 -0.19197019934654236 0.06313696503639221 0.08177188783884048 0.9946492314338684 -0.09663482010364532
1403638132.395097 0.9968768358230591 0.018767807632684708 -0.07670984417200089 0.006036655977368355 -0.025217071175575256 0.9961475133895874 -0.08398936688899994 -0.2201128751039505 0.07483801990747452 0.08566144108772278 0.9935096502304077 -0.11135778576135635
1403638132.445097 0.9963236451148987 0.002416001632809639 -0.08563601225614548 0.003774000331759453 -0.010563421994447708 0.9954388737678528 -0.09481531381607056 -0.24528101086616516 0.08501634746789932 0.09537135064601898 0.9918046593666077 -0.11981502920389175
1403638132.4950972 0.9952315092086792 -0.022678297013044357 -0.09486877918243408 0.004704877268522978 0.011914204806089401 0.9935773611068726 -0.11252647638320923 -0.2778899371623993 0.09681136906147003 0.11085959523916245 0.9891095161437988 -0.13664717972278595
1403638132.5450969 0.9936487078666687 -0.04951277747750282 -0.10104820877313614 0.005800277926027775 0.035416342318058014 0.9899640083312988 -0.1368105113506317 -0.30935636162757874 0.10680793970823288 0.13236282765865326 0.9854298830032349 -0.15059149265289307
1403638132.595097 0.9918866753578186 -0.07132413983345032 -0.10523249208927155 0.0018351953476667404 0.053939204663038254 0.9856959581375122 -0.15966874361038208 -0.3278234899044037 0.11511548608541489 0.1526971012353897 0.981545627117157 -0.15019303560256958
1403638132.645097 0.9906205534934998 -0.08316325396299362 -0.10841970145702362 -0.00247971061617136 0.0642625167965889 0.9837839007377625 -0.16745026409626007 -0.3558807969093323 0.12058725208044052 0.15891234576702118 0.9799007773399353 -0.16643331944942474
1403638132.695097 0.990107536315918 -0.08544573187828064 -0.11129268258810043 -0.0058925822377204895 0.0672067329287529 0.9850842356681824 -0.15840525925159454 -0.3733416199684143 0.1231677308678627 0.1493586152791977 0.9810819029808044 -0.17537987232208252
1403638132.745097 0.9897382855415344 -0.08563917130231857 -0.11438536643981934 -0.013052595779299736 0.0685761347413063 0.9869689345359802 -0.14556726813316345 -0.38805392384529114 0.12536104023456573 0.13622941076755524 0.9827136397361755 -0.17988048493862152
1403638132.795097 0.9895073771476746 -0.08846625685691833 -0.11423162370920181 -0.01825917884707451 0.07208683341741562 0.9874793887138367 -0.14031293988227844 -0.3981597423553467 0.1252143532037735 0.13060609996318817 0.9834955334663391 -0.1840333342552185
1403638132.845097 0.9887377619743347 -0.09717060625553131 -0.11382242292165756 -0.020001184195280075 0.07961257547140121 0.9855109453201294 -0.14976617693901062 -0.40215933322906494 0.12672612071037292 0.1390177607536316 0.9821478724479675 -0.1892370879650116
1403638132.895097 0.9875379204750061 -0.1106637492775917 -0.11190357059240341 -0.022349733859300613 0.09135746210813522 0.9820602536201477 -0.16495919227600098 -0.4070539176464081 0.1281510591506958 0.15268021821975708 0.9799317121505737 -0.19292640686035156
1403638132.945097 0.9861312508583069 -0.12059535086154938 -0.11402610689401627 -0.02623002976179123 0.09900297969579697 0.9788486957550049 -0.17903514206409454 -0.4052518904209137 0.1332051157951355 0.16526323556900024 0.9772125482559204 -0.18868952989578247
1403638132.9950972 0.9854093790054321 -0.12108148634433746 -0.11961385607719421 -0.026733672246336937 0.09758543968200684 0.9777308702468872 -0.18579381704330444 -0.40257933735847473 0.13944633305072784 0.1714104264974594 0.9752810597419739 -0.1836462914943695
1403638133.0450969 0.9866113662719727 -0.10613347589969635 -0.12382906675338745 -0.025272104889154434 0.08280067145824432 0.9801137447357178 -0.18033571541309357 -0.4007325768470764 0.14050623774528503 0.1676681488752365 0.9757794141769409 -0.18397846817970276
1403638133.095097 0.9886239171028137 -0.08593156188726425 -0.12344440072774887 -0.021074078977108 0.06426216661930084 0.9833666682243347 -0.16988326609134674 -0.3900305926799774 0.13598941266536713 0.16001784801483154 0.9777019619941711 -0.18077397346496582
1403638133.145097 0.9899162650108337 -0.07485239952802658 -0.12026199698448181 -0.013035627081990242 0.05494516342878342 0.9854138493537903 -0.16106078028678894 -0.37171003222465515 0.1305636167526245 0.1528288871049881 0.9795899391174316 -0.17122943699359894
1403638133.195097 0.9917463064193726 -0.06804290413856506 -0.10867123305797577 0.00034695863723754883 0.050465550273656845 0.9863071441650391 -0.15700745582580566 -0.36169877648353577 0.11786646395921707 0.1502274125814438 0.9816002249717712 -0.16433250904083252
1403638133.245097 0.9931941628456116 -0.0687372013926506 -0.09402328729629517 0.017520952969789505 0.053487829864025116 0.9863008260726929 -0.1560438871383667 -0.35156992077827454 0.10346125066280365 0.14995281398296356 0.9832649230957031 -0.15795230865478516
1403638133.295097 0.9952558279037476 -0.06514263153076172 -0.07226557284593582 0.03167019784450531 0.053489357233047485 0.9867981672286987 -0.15286724269390106 -0.3423551321029663 0.08126970380544662 0.14827658236026764 0.985601007938385 -0.15307599306106567
1403638133.345097 0.996774435043335 -0.0591655895113945 -0.05422379449009895 0.05168828368186951 0.050910014659166336 0.9884579181671143 -0.1426846832036972 -0.3346339166164398 0.06203996017575264 0.1394639015197754 0.9882817268371582 -0.14876216650009155
1403638133.395097 0.9978509545326233 -0.0542035773396492 -0.03681871294975281 0.07605937868356705 0.04886980354785919 0.9899255633354187 -0.13288721442222595 -0.31513333320617676 0.043650757521390915 0.13080228865146637 0.9904469847679138 -0.1407223343849182
1403638133.445097 0.9987009763717651 -0.04924088716506958 -0.013109289109706879 0.09975109249353409 0.04722976312041283 0.9910826683044434 -0.1245974451303482 -0.30190733075141907 0.01912766322493553 0.12381642311811447 0.9921206831932068 -0.14376132190227509
1403638133.4950972 0.9985715746879578 -0.052281323820352554 0.01102004200220108 0.11695879697799683 0.053228411823511124 0.9913174510002136 -0.1202346608042717 -0.2966567277908325 -0.004638344049453735 0.12064950168132782 0.9926843047142029 -0.14045968651771545
1403638133.5450969 0.9974154233932495 -0.0636993795633316 0.03324231505393982 0.14800092577934265 0.06720395386219025 0.9907445907592773 -0.11793495714664459 -0.2850770950317383 -0.02542225271463394 0.11986414343118668 0.9924646615982056 -0.1338237076997757
1403638133.595097 0.9956522583961487 -0.07906264066696167 0.049251772463321686 0.16555646061897278 0.08415181934833527 0.9901756644248962 -0.11167214810848236 -0.2706831097602844 -0.039938800036907196 0.1153312474489212 0.9925238490104675 -0.13797679543495178
1403638133.645097 0.9936795830726624 -0.09508862346410751 0.05965852737426758 0.18652242422103882 0.10088331252336502 0.989540159702301 -0.10311458259820938 -0.25909268856048584 -0.04922947287559509 0.10848138481378555 0.9928787350654602 -0.13737261295318604
1403638133.695097 0.9917443990707397 -0.10607441514730453 0.0720505565404892 0.20184455811977386 0.11267314851284027 0.9891080260276794 -0.09470982849597931 -0.24786090850830078 -0.06121949851512909 0.10204609483480453 0.9928941130638123 -0.1414071023464203
1403638133.745097 0.9896975159645081 -0.11136581748723984 0.08998074382543564 0.21920031309127808 0.11921609938144684 0.9890346527099609 -0.08716539293527603 -0.23646225035190582 -0.07928682863712311 0.09699453413486481 0.9921217560768127 -0.14158625900745392
1403638133.795097 0.9875972867012024 -0.11200272291898727 0.11003173887729645 0.23689337074756622 0.12140046805143356 0.98914635181427 -0.08277346193790436 -0.2244812250137329 -0.09956663101911545 0.09510475397109985 0.9904754161834717 -0.14095446467399597
1403638133.845097 0.9856582283973694 -0.10739268362522125 0.13017114996910095 0.24983066320419312 0.11805388331413269 0.9900064468383789 -0.07713960111141205 -0.20593774318695068 -0.12058605253696442 0.09140048176050186 0.9884861707687378 -0.1337982714176178
1403638133.895097 0.9839013814926147 -0.10615986585617065 0.14376439154148102 0.26705944538116455 0.11712387949228287 0.9906432032585144 -0.07005761563777924 -0.2024267017841339 -0.1349818855524063 0.08576802909374237 0.9871290326118469 -0.13300618529319763
1403638133.945097 0.9820860028266907 -0.10683173686265945 0.1552233099937439 0.2729658782482147 0.11851552873849869 0.990617573261261 -0.06805042177438736 -0.19681330025196075 -0.1464969962835312 0.08522772789001465 0.985532820224762 -0.12741371989250183
1403638133.9950972 0.9810922145843506 -0.10658750683069229 0.16154564917087555 0.2750929594039917 0.11906477808952332 0.9904435873031616 -0.06960638612508774 -0.19619230926036835 -0.15258270502090454 0.08752468973398209 0.9844074845314026 -0.12336689978837967
1403638134.0450969 0.9812027812004089 -0.10329519957304001 0.1630067378282547 0.2702822983264923 0.1157294362783432 0.9909021258354187 -0.06870019435882568 -0.19565312564373016 -0.15442731976509094 0.08627351373434067 0.9842301607131958 -0.10863042622804642
1403638134.095097 0.9825247526168823 -0.09552180022001266 0.15975184738636017 0.26456937193870544 0.10655339062213898 0.9923747181892395 -0.06195811927318573 -0.1984071135520935 -0.15261535346508026 0.07789750397205353 0.9852108955383301 -0.101353719830513
1403638134.145097 0.983944833278656 -0.08579005300998688 0.15650133788585663 0.2552759349346161 0.09569048881530762 0.9937863945960999 -0.0568503737449646 -0.20075750350952148 -0.1506516933441162 0.07091333717107773 0.9860402345657349 -0.08911751955747604
1403638134.195097 0.9841493964195251 -0.082069531083107 0.1572083681821823 0.24177676439285278 0.09251386672258377 0.9938837289810181 -0.06030135601758957 -0.20800510048866272 -0.1512979418039322 0.07388950139284134 0.9857227206230164 -0.07578226923942566
1403638134.245097 0.9831730127334595 -0.08892831951379776 0.1595696210861206 0.22730255126953125 0.10207192599773407 0.9918586611747742 -0.07614254206418991 -0.21808360517024994 -0.15149931609630585 0.09114888310432434 0.9842458367347717 -0.059166789054870605
1403638134.295097 0.9820208549499512 -0.09747519344091415 0.16165903210639954 0.20990508794784546 0.11272860318422318 0.9897198677062988 -0.08801670372486115 -0.22944597899913788 -0.15141768753528595 0.1046578511595726 0.9829137325286865 -0.043610211461782455
1403638134.345097 0.9815261363983154 -0.10638179630041122 0.15902653336524963 0.18823494017124176 0.12140494585037231 0.9887012839317322 -0.08792425692081451 -0.23734347522258759 -0.14787620306015015 0.1056065633893013 0.9833513498306274 -0.02382834069430828
1403638134.395097 0.9814980030059814 -0.11579523980617523 0.15248967707157135 0.1715790331363678 0.12932594120502472 0.9882062077522278 -0.08199627697467804 -0.24894773960113525 -0.14119648933410645 0.10020005702972412 0.9848977327346802 -0.015348244458436966
1403638134.445097 0.981247067451477 -0.12319527566432953 0.14824709296226501 0.14865978062152863 0.135524719953537 0.9878450632095337 -0.07612530887126923 -0.2579996883869171 -0.13706691563129425 0.09478887915611267 0.9860160946846008 -0.0013915449380874634
1403638134.4950972 0.980649471282959 -0.13122598826885223 0.14528024196624756 0.12942776083946228 0.14332252740859985 0.9867421388626099 -0.07614896446466446 -0.2715784013271332 -0.13336141407489777 0.09549738466739655 0.9864557385444641 0.008463159203529358
1403638134.5450969 0.9796666502952576 -0.1412777453660965 0.14245609939098358 0.10818985849618912 0.1535327136516571 0.9849799275398254 -0.079007588326931 -0.26768115162849426 -0.12915441393852234 0.09927278757095337 0.9866428375244141 0.028775356709957123
1403638134.595097 0.9791741967201233 -0.15151171386241913 0.1351378858089447 0.08912069350481033 0.1633744239807129 0.9831966757774353 -0.08144403994083405 -0.2768990695476532 -0.12052739411592484 0.10182597488164902 0.9874738454818726 0.0368480309844017
1403638134.645097 0.9791328310966492 -0.15527424216270447 0.13110613822937012 0.061592403799295425 0.16627340018749237 0.983026921749115 -0.07753252238035202 -0.28482571244239807 -0.11684206128120422 0.09771411865949631 0.9883318543434143 0.04467020183801651
1403638134.695097 0.9797012805938721 -0.155622199177742 0.12636075913906097 0.036000918596982956 0.1653381884098053 0.9837226271629333 -0.07037735730409622 -0.28779512643814087 -0.11335171014070511 0.08984106034040451 0.9894846081733704 0.049824655055999756
1403638134.745097 0.980684220790863 -0.1555645912885666 0.11856741458177567 0.016761934384703636 0.1634202003479004 0.984752357006073 -0.05963686853647232 -0.29526659846305847 -0.10748216509819031 0.0778612419962883 0.9911534190177917 0.05285172909498215
1403638134.795097 0.9820011854171753 -0.15066537261009216 0.11390170454978943 -0.004747926257550716 0.1569085717201233 0.9864488244056702 -0.04794245958328247 -0.30010801553726196 -0.10513493418693542 0.06495171040296555 0.9923345446586609 0.05799141526222229
1403638134.845097 0.9827547073364258 -0.14628426730632782 0.11311124265193939 -0.02538692019879818 0.15175510942935944 0.9875537753105164 -0.04132610559463501 -0.3059888482093811 -0.10565807670354843 0.057778626680374146 0.9927225112915039 0.06234951317310333
