0.0 1.0 -1.405169314239174e-10 -1.1641532182693481e-10 2.9802322387695312e-08 -1.405169314239174e-10 1.0 0.0 2.384185791015625e-07 -1.1641532182693481e-10 0.0 1.0 -3.469446951953614e-18
0.1037359 0.9999911189079285 -0.0025859205052256584 -0.0033258956391364336 0.0006605014204978943 0.002579375170171261 0.9999947547912598 -0.0019706771709024906 -0.007136726286262274 0.003330974141135812 0.0019620810635387897 0.9999925494194031 0.6890689730644226
0.2073381 0.9999729990959167 -0.0014586357865482569 -0.007205453235656023 -0.009957975707948208 0.0014326749369502068 0.9999924898147583 -0.0036067578475922346 -0.00846683606505394 0.007210659794509411 0.003596337279304862 0.9999675154685974 1.3922686576843262
0.3110752 0.9999279379844666 -0.0018892105435952544 -0.011852516792714596 -0.013523610308766365 0.0018307939171791077 0.9999861121177673 -0.004937548190355301 -0.011202981695532799 0.011861679144203663 0.0049154930748045444 0.9999175667762756 2.126631021499634
0.4146917 0.9998601078987122 -0.00038767934893257916 -0.01671837456524372 -0.029852936044335365 0.00029711509705521166 0.9999852180480957 -0.005419178865849972 -0.018875587731599808 0.016720226034522057 0.005413453560322523 0.9998454451560974 2.8704824447631836
0.5184302 0.9997811317443848 -0.001314376830123365 -0.02088223770260811 -0.05119163542985916 0.0011869031004607677 0.9999805688858032 -0.006115611642599106 -0.01876385509967804 0.020889870822429657 0.006089488044381142 0.9997632503509521 3.6377406120300293
0.6220448 0.9996805191040039 0.0008696239092387259 -0.025257296860218048 -0.0782262310385704 -0.0010519011411815882 0.9999734163284302 -0.0072044203989207745 -0.032373134046792984 0.025250358507037163 0.007228687405586243 0.99965500831604 4.406564235687256
0.7257977 0.9995384812355042 0.003775927936658263 -0.030140671879053116 -0.10860119014978409 -0.004026837646961212 0.9999576807022095 -0.008268283680081367 -0.033687785267829895 0.030108170583844185 0.008385838940739632 0.9995114803314209 5.2007060050964355
0.8294199 0.9993969202041626 0.003682477166876197 -0.034528106451034546 -0.1408812403678894 -0.0039016881491988897 0.9999725818634033 -0.006283501163125038 -0.04836922138929367 0.03450402244925499 0.006414430215954781 0.9993839263916016 6.0080742835998535
0.9331467 0.9992371201515198 0.0026913322508335114 -0.03896130621433258 -0.17481133341789246 -0.0028205146081745625 0.999990701675415 -0.0032610672060400248 -0.05959419533610344 0.03895217180252075 0.0033684701193124056 0.9992353320121765 6.8316192626953125
1.03691 0.9991099238395691 0.0024611090775579214 -0.04211074858903885 -0.21584273874759674 -0.0024902825243771076 0.9999966621398926 -0.000640337762888521 -0.06892812997102737 0.04210902750492096 0.0007446357049047947 0.9991126656532288 7.6571946144104
1.140497 0.9989951252937317 0.0038883285596966743 -0.04464947432279587 -0.25702014565467834 -0.00395994121208787 0.9999909400939941 -0.0015155484434217215 -0.07243550568819046 0.04464317858219147 0.0016908348770812154 0.9990015029907227 8.4943208694458
1.244242 0.9988885521888733 0.0037553401198238134 -0.04698636382818222 -0.2951100468635559 -0.003829767694696784 0.9999915361404419 -0.0014941098634153605 -0.0838816910982132 0.0469803549349308 0.0016723960870876908 0.9988943934440613 9.336933135986328
1.347979 0.9988114237785339 0.00033802277175709605 -0.04874077066779137 -0.3376309275627136 -0.00045179581502452493 0.9999973177909851 -0.002323238179087639 -0.08715064078569412 0.04873984679579735 0.0023424974642693996 0.998808741569519 10.191999435424805
1.451596 0.9987108111381531 0.0002713249996304512 -0.05076348036527634 -0.37981629371643066 -0.0003479520382825285 0.9999988675117493 -0.0015006569446995854 -0.09368826448917389 0.05076301097869873 0.0015163851203396916 0.9987095594406128 11.046701431274414
1.555212 0.9986584186553955 -0.0013329972280189395 -0.05176633223891258 -0.431464284658432 0.001233098329976201 0.9999973177909851 -0.0019616843201220036 -0.09874355047941208 0.05176880583167076 0.0018952193204313517 0.9986572861671448 11.916542053222656
1.65896 0.9985477328300476 0.00090971146710217 -0.05386834219098091 -0.4869493246078491 -0.0011286316439509392 0.9999911785125732 -0.004033699631690979 -0.11110440641641617 0.05386419594287872 0.004088639281690121 0.9985398650169373 12.815658569335938
1.762569 0.9984715580940247 0.0013297435361891985 -0.05525202304124832 -0.5373793244361877 -0.0016914954176172614 0.9999774098396301 -0.00650105532258749 -0.12196603417396545 0.05524212867021561 0.006584578193724155 0.9984511733055115 13.708242416381836
1.866302 0.9983737468719482 0.005110329482704401 -0.05677654221653938 -0.601038932800293 -0.005584557540714741 0.9999507665634155 -0.00819699652493 -0.1331532895565033 0.056731853634119034 0.008500739932060242 0.9983532428741455 14.593867301940918
1.969923 0.9982963800430298 0.005745109170675278 -0.05806269124150276 -0.6550092101097107 -0.00619853101670742 0.9999516010284424 -0.007632080931216478 -0.14940474927425385 0.058016031980514526 0.007978982292115688 0.9982837438583374 15.505480766296387
2.073666 0.9982179403305054 0.004858111962676048 -0.05947483703494072 -0.7071834802627563 -0.005243006162345409 0.9999662041664124 -0.006317202001810074 -0.16222788393497467 0.05944214388728142 0.006617771461606026 0.9982098340988159 16.41656494140625
2.177281 0.9981483817100525 0.005421939771622419 -0.060582973062992096 -0.7662667036056519 -0.005739270243793726 0.9999707341194153 -0.005065155681222677 -0.17096683382987976 0.06055373698472977 0.005403480492532253 0.9981502890586853 17.34016990661621
2.281017 0.9980929493904114 0.005083728581666946 -0.06151812523603439 -0.83713299036026 -0.005374480038881302 0.9999751448631287 -0.004561735317111015 -0.18790167570114136 0.0614934004843235 0.0048836637288331985 0.9980955123901367 18.278966903686523
2.384639 0.9979561567306519 0.004595960956066847 -0.06373729556798935 -0.886121392250061 -0.004920823499560356 0.9999757409095764 -0.0049408599734306335 -0.20398220419883728 0.06371303647756577 0.005244401283562183 0.9979544281959534 19.217470169067383
2.48825 0.9979162812232971 0.0032421117648482323 -0.06443987786769867 -0.9536944031715393 -0.0036195158027112484 0.9999769926071167 -0.005740792490541935 -0.2163441777229309 0.06441978365182877 0.005962071008980274 0.9979050159454346 20.166263580322266
2.591988 0.9979040622711182 0.0034491096157580614 -0.06461765617132187 -1.0254714488983154 -0.0037393178790807724 0.9999833703041077 -0.004370769020169973 -0.22458717226982117 0.06460151821374893 0.004603234585374594 0.9979004263877869 21.09743881225586
2.695832 0.997895359992981 0.004854414612054825 -0.06466256082057953 -1.0909850597381592 -0.004937482997775078 0.9999871253967285 -0.0011249082162976265 -0.23335492610931396 0.06465627253055573 0.001441810978576541 0.9979064464569092 22.051782608032227
2.799367 0.9979428648948669 0.005342200398445129 -0.06388603150844574 -1.1510837078094482 -0.0051577105186879635 0.9999819397926331 0.0030523622408509254 -0.24622300267219543 0.06390119343996048 -0.002716577146202326 0.9979524612426758 22.999683380126953
2.903084 0.998050332069397 0.003769290866330266 -0.06229954957962036 -1.214202642440796 -0.003428730182349682 0.9999785423278809 0.00557251600548625 -0.25393062829971313 0.06231922656297684 -0.005348040722310543 0.9980418682098389 23.96449851989746
3.006768 0.9981554746627808 0.003988852258771658 -0.06057801470160484 -1.276397466659546 -0.0036477206740528345 0.9999768733978271 0.005740805994719267 -0.2519959807395935 0.06059951335191727 -0.0055092438124120235 0.9981468915939331 24.932613372802734
3.110441 0.998201310634613 0.004290936980396509 -0.05979540944099426 -1.329317331314087 -0.00408438965678215 0.9999852776527405 0.0035760379396378994 -0.26794952154159546 0.05980987101793289 -0.0033253782894462347 0.9982041120529175 25.901081085205078
3.214057 0.9982818365097046 0.0054979268461465836 -0.058335475623607635 -1.3999656438827515 -0.005560533609241247 0.9999841451644897 -0.0009109719539992511 -0.2780349552631378 0.058329541236162186 0.0012337833177298307 0.9982964992523193 26.87263298034668
3.317669 0.9983729720115662 0.0047546206042170525 -0.056822117418050766 -1.4616196155548096 -0.004976076539605856 0.999980628490448 -0.0037565131206065416 -0.2861698865890503 0.056803151965141296 0.004033152014017105 0.9983772039413452 27.846878051757812
3.421285 0.9984093904495239 0.001746920170262456 -0.056352414190769196 -1.512463927268982 -0.0019050153205171227 0.9999944567680359 -0.0027518707793205976 -0.29501083493232727 0.05634729564189911 0.0028548461850732565 0.9984071254730225 28.830535888671875
3.524925 0.9983978271484375 0.0005738689214922488 -0.05657950043678284 -1.5698155164718628 -0.00045158262946642935 0.9999974966049194 0.0021740803495049477 -0.30753156542778015 0.05658060312271118 -0.0021450472995638847 0.9983957409858704 29.844545364379883
3.628545 0.9983581304550171 -0.0027693533338606358 -0.057211972773075104 -1.6268842220306396 0.0030839857645332813 0.9999805688858032 0.005411851219832897 -0.31491243839263916 0.05719587206840515 -0.005579407326877117 0.9983474016189575 30.841754913330078
3.732256 0.9982393980026245 -0.010433726944029331 -0.058388181030750275 -1.674997329711914 0.010747990570962429 0.9999293684959412 0.005070873070508242 -0.32639795541763306 0.05833114683628082 -0.0056894994340837 0.9982810616493225 31.850900650024414
3.835871 0.9981265664100647 -0.012837240472435951 -0.059821367263793945 -1.7316173315048218 0.012933235615491867 0.9999156594276428 0.0012178125325590372 -0.3299202024936676 0.05980068817734718 -0.0019892139825969934 0.9982083439826965 32.85781478881836
3.939488 0.998051106929779 -0.012069281190633774 -0.06122514605522156 -1.7954682111740112 0.01191945280879736 0.9999250173568726 -0.0028118665795773268 -0.3407019078731537 0.06125450134277344 0.002076616045087576 0.9981200098991394 33.86199188232422
4.043107 0.997925877571106 -0.011013495735824108 -0.06342380493879318 -1.8589425086975098 0.01079589780420065 0.9999346137046814 -0.0037725763395428658 -0.34647324681282043 0.06346120685338974 0.003080034628510475 0.9979795217514038 34.87807846069336
4.146888 0.9978727102279663 -0.011343219317495823 -0.06419847160577774 -1.9302289485931396 0.011230736039578915 0.9999346733093262 -0.002112739719450474 -0.3599241375923157 0.06421822309494019 0.0013872494455426931 0.997934877872467 35.91362762451172
4.25046 0.9978440403938293 -0.008419114165008068 -0.06508762389421463 -2.0032243728637695 0.008489130064845085 0.999963641166687 0.0007992016617208719 -0.37328386306762695 0.06507852673530579 -0.0013500157510861754 0.997879147529602 36.92637252807617
4.354202 0.9977594614028931 -0.00834096409380436 -0.06638045608997345 -2.0781335830688477 0.008497104048728943 0.9999619126319885 0.002070229733362794 -0.38160714507102966 0.06636063754558563 -0.002629632828757167 0.9977921843528748 37.971710205078125
4.45794 0.9976761341094971 -0.006879985798150301 -0.0677865594625473 -2.1445858478546143 0.007222635205835104 0.999962329864502 0.00481102941557765 -0.3932425379753113 0.06775090098381042 -0.005289445631206036 0.9976882934570312 39.00659942626953
4.561559 0.9976868033409119 -0.007299478631466627 -0.06758544594049454 -2.215364456176758 0.007854005321860313 0.9999375343322754 0.007942767813801765 -0.4016803205013275 0.06752324849367142 -0.008455212228000164 0.9976818561553955 40.03643035888672
4.665293 0.9976973533630371 -0.0010994059266522527 -0.06781492382287979 -2.297016143798828 0.001771569368429482 0.9999498128890991 0.00985236931592226 -0.4015946388244629 0.06780069321393967 -0.009949822910130024 0.9976492524147034 41.06233215332031
4.768912 0.9977070689201355 -0.0018339958041906357 -0.06765606254339218 -2.3736777305603027 0.002480042167007923 0.9999520778656006 0.009466244839131832 -0.40632134675979614 0.06763546168804169 -0.009612330235540867 0.997663676738739 42.06953048706055
4.872532 0.9976759552955627 -0.0018688766285777092 -0.06811205297708511 -2.445707321166992 0.0024259204510599375 0.9999642968177795 0.008096549659967422 -0.415412038564682 0.06809447705745697 -0.008242965675890446 0.9976447224617004 43.13513946533203
4.976146 0.9976843595504761 0.000418887531850487 -0.06801406294107437 -2.5189242362976074 -2.2951098799239844e-05 0.9999831318855286 0.005822071805596352 -0.4196717143058777 0.06801533699035645 -0.005807026289403439 0.9976673126220703 44.154510498046875
5.079909 0.9976288080215454 -0.00020665970805566758 -0.06882449984550476 -2.5975887775421143 0.0006077257567085326 0.9999829530715942 0.005806484259665012 -0.42409271001815796 0.06882210820913315 -0.005834539886564016 0.9976118803024292 45.174095153808594
5.183503 0.997521698474884 -0.0024088690988719463 -0.07031811773777008 -2.664724349975586 0.002914469689130783 0.9999706745147705 0.007088475860655308 -0.4303804934024811 0.07029898464679718 -0.007275850512087345 0.9974993467330933 46.200950622558594
5.287117 0.9974668622016907 -0.0018522277241572738 -0.07110840082168579 -2.7382233142852783 0.0024020387791097164 0.9999679327011108 0.007647282909601927 -0.43162021040916443 0.07109197229146957 -0.00779871828854084 0.9974392056465149 47.208248138427734
5.390861 0.9974666833877563 0.0004756057169288397 -0.0711338147521019 -2.8132731914520264 -0.00014007894787937403 0.9999889135360718 0.00472175981849432 -0.44679880142211914 0.0711352750658989 -0.004699833691120148 0.9974554777145386 48.19454574584961
5.494473 0.9973841905593872 0.0007692854851484299 -0.07227855920791626 -2.892380714416504 -0.0007398545858450234 0.9999997019767761 0.00043396151158958673 -0.4563349783420563 0.07227886468172073 -0.0003793509094975889 0.9973843097686768 49.21623992919922
5.598233 0.9973574876785278 0.0016987123526632786 -0.0726308524608612 -2.9677329063415527 -0.0017513701459392905 0.999998152256012 -0.0006613220321014524 -0.46622565388679504 0.07262960076332092 0.0007867778185755014 0.9973586797714233 50.210018157958984
5.701829 0.9973611235618591 0.00026604763115756214 -0.07259956747293472 -3.0478153228759766 -4.818739398615435e-05 0.9999954700469971 0.0030025856103748083 -0.47716397047042847 0.07260003685951233 -0.0029911641031503677 0.997356653213501 51.20272445678711
5.805571 0.9973214864730835 -0.0019059110200032592 -0.07311824709177017 -3.1157586574554443 0.0023631686344742775 0.9999781847000122 0.0061676693148911 -0.4914098083972931 0.07310488820075989 -0.006323938723653555 0.9973043203353882 52.206764221191406
5.909185 0.997281014919281 -0.004229455720633268 -0.073571115732193 -3.182081699371338 0.0047700186260044575 0.9999628663063049 0.0071733370423316956 -0.5018167495727539 0.07353804260492325 -0.007504768669605255 0.9972642064094543 53.19015121459961
6.012921 0.9972731471061707 -0.006732887122780085 -0.07349015772342682 -3.2528750896453857 0.007157695479691029 0.9999590516090393 0.005518637131899595 -0.509186327457428 0.0734499916434288 -0.006029609125107527 0.9972805380821228 54.167205810546875
6.116541 0.9972239136695862 -0.009504326619207859 -0.07385081797838211 -3.320361375808716 0.00985594093799591 0.9999416470527649 0.004398161545395851 -0.5195005536079407 0.07380471378564835 -0.005113821476697922 0.9972594976425171 55.13422393798828
6.220278 0.9971189498901367 -0.011268983595073223 -0.07501158863306046 -3.39039945602417 0.011706464923918247 0.9999169111251831 0.005395047832280397 -0.5236941576004028 0.07494456321001053 -0.006257625296711922 0.9971679449081421 56.11144256591797
6.323895 0.9969812035560608 -0.014440839178860188 -0.07628867775201797 -3.4620347023010254 0.015230603516101837 0.999836266040802 0.009780666790902615 -0.5365664958953857 0.07613494247198105 -0.010913066565990448 0.9970377683639526 57.11349868774414
6.427659 0.9969571232795715 -0.014818659983575344 -0.07653002440929413 -3.5394859313964844 0.01599624752998352 0.9997625946998596 0.014797255396842957 -0.5401803851127625 0.07629256695508957 -0.015976423397660255 0.9969574213027954 58.091148376464844
6.531383 0.9969209432601929 -0.013531971722841263 -0.07723648101091385 -3.6193342208862305 0.014858153648674488 0.9997514486312866 0.016621656715869904 -0.5371432304382324 0.07699236273765564 -0.01771807111799717 0.9968741536140442 59.06484603881836
6.634992 0.9968016147613525 -0.012767430394887924 -0.07888820767402649 -3.69539737701416 0.01384161226451397 0.9998185634613037 0.013084717094898224 -0.542107880115509 0.07870684564113617 -0.014134809374809265 0.9967975616455078 60.022857666015625
6.738741 0.9967448115348816 -0.010766367428004742 -0.07989772409200668 -3.7754578590393066 0.011208913289010525 0.9999241828918457 0.00509247463196516 -0.5423333644866943 0.07983686029911041 -0.005971466191112995 0.9967899918556213 60.9703483581543
6.84235 0.9966679215431213 -0.009811075404286385 -0.08097384124994278 -3.8522071838378906 0.009897353127598763 0.9999507665634155 0.0006641708314418793 -0.5540130734443665 0.08096335828304291 -0.0014633843675255775 0.9967159628868103 61.897972106933594
6.945963 0.996619462966919 -0.004681082908064127 -0.08202332258224487 -3.9401142597198486 0.004807736724615097 0.9999874830245972 0.001346672885119915 -0.561435878276825 0.0820159986615181 -0.0017364673549309373 0.9966294169425964 62.8499755859375
7.049705 0.9965842962265015 -0.0022928896360099316 -0.08255062997341156 -4.024899959564209 0.002631119452416897 0.9999885559082031 0.003988687880337238 -0.5762693881988525 0.08254053443670273 -0.0041922638192772865 0.9965788125991821 63.754310607910156
7.153323 0.9964735507965088 0.0006843613809905946 -0.08390462398529053 -4.106382369995117 -0.00023162493016570807 0.9999855160713196 0.005405460484325886 -0.5908569097518921 0.08390709012746811 -0.00536696333438158 0.9964590668678284 64.67021179199219
7.256934 0.996392548084259 0.001341523602604866 -0.08485247194766998 -4.1839447021484375 -0.0008926557493396103 0.99998539686203 0.005327699240297079 -0.598514199256897 0.08485837280750275 -0.00523273553699255 0.9963792562484741 65.55116271972656
7.360549 0.9962330460548401 0.0030134920962154865 -0.08666270971298218 -4.267240524291992 -0.002514138352125883 0.9999794960021973 0.005870608147233725 -0.6055173873901367 0.08667862415313721 -0.005630611442029476 0.9962204098701477 66.43920135498047
7.464167 0.9961047768592834 0.004301003646105528 -0.08807197213172913 -4.348284721374512 -0.0037514588329941034 0.9999723434448242 0.006404300220310688 -0.6152892112731934 0.08809708058834076 -0.006048955954611301 0.9960934519767761 67.30484771728516
7.567786 0.9959802031517029 0.0037797046825289726 -0.08949361741542816 -4.424943447113037 -0.0031577881891280413 0.9999698400497437 0.00708984537050128 -0.6271897554397583 0.0895177349448204 -0.0067787435837090015 0.9959622025489807 68.1479263305664
7.671396 0.995865523815155 0.003606874495744705 -0.0907692238688469 -4.502810478210449 -0.0029025531839579344 0.9999646544456482 0.00789028313010931 -0.6295552253723145 0.09079449623823166 -0.007594197988510132 0.9958407282829285 68.98380279541016
7.775144 0.9957264065742493 0.006339657586067915 -0.09213393926620483 -4.584891319274902 -0.005379267502576113 0.9999287128448486 0.01066843792796135 -0.6374372243881226 0.09219500422477722 -0.010127236135303974 0.9956894516944885 69.81082153320312
7.878754 0.9956223964691162 0.0074651543982326984 -0.0931682288646698 -4.669671058654785 -0.006111485417932272 0.9998716711997986 0.014806170016527176 -0.6405355930328369 0.0932668149471283 -0.014171956107020378 0.9955402612686157 70.61712646484375
7.982493 0.9954211711883545 0.010800223797559738 -0.09497424960136414 -4.750811576843262 -0.009259114973247051 0.9998185038566589 0.016652347519993782 -0.6463203430175781 0.095136858522892 -0.01569671928882599 0.9953404664993286 71.4180679321289
8.086111 0.9952697157859802 0.013344529084861279 -0.09622956812381744 -4.831717491149902 -0.012177885510027409 0.9998452067375183 0.012700692750513554 -0.6522795557975769 0.09638416022062302 -0.011468742042779922 0.9952781796455383 72.18638610839844
8.189849 0.9951578974723816 0.01374843344092369 -0.097322478890419 -4.914157867431641 -0.013294646516442299 0.9998974800109863 0.005309654865413904 -0.6605619192123413 0.09738551825284958 -0.003990075550973415 0.9952387809753418 72.92989349365234
8.29347 0.9950131773948669 0.012811124324798584 -0.09891768544912338 -4.984408378601074 -0.012924723327159882 0.9999163150787354 -0.0005076319212093949 -0.6666570901870728 0.09890291839838028 0.001783583895303309 0.995095431804657 73.6600570678711
8.397102 0.9949602484703064 0.013457218185067177 -0.09936298429965973 -5.058315277099609 -0.01369134709239006 0.9999048709869385 -0.0016747324261814356 -0.672504186630249 0.09933101385831833 0.0030267050024122 0.995049774646759 74.36463165283203
8.500847 0.9948455691337585 0.01637142337858677 -0.10007139295339584 -5.1395111083984375 -0.01624998077750206 0.9998658895492554 0.002028636634349823 -0.687865138053894 0.10009118914604187 -0.00039202123298309743 0.9949781894683838 75.07080841064453
8.604438 0.9947109818458557 0.01671682298183441 -0.101344533264637 -5.213663101196289 -0.016367845237255096 0.9998568892478943 0.004274128936231136 -0.7025582194328308 0.10140149295330048 -0.002592730103060603 0.9948421716690063 75.74610137939453
8.708175 0.9946695566177368 0.01344391331076622 -0.10223406553268433 -5.280847072601318 -0.01339950691908598 0.9999095797538757 0.0011211021337658167 -0.7161737680435181 0.10223990678787231 0.00025476020528003573 0.9947596788406372 76.3974380493164
8.811795 0.994749128818512 0.005640326999127865 -0.10218760371208191 -5.335110187530518 -0.006077862344682217 0.9999735951423645 -0.003970824182033539 -0.7275398969650269 0.10216251760721207 0.004571055993437767 0.9947571754455566 77.02532958984375
8.915403 0.9948602914810181 0.0015351107576861978 -0.10124585032463074 -5.388855934143066 -0.00242733396589756 0.9999592304229736 -0.008689806796610355 -0.7411789298057556 0.10122838616371155 0.008890900760889053 0.9948234558105469 77.64385986328125
9.019162 0.9952055811882019 0.004288964904844761 -0.09771125018596649 -5.4579362869262695 -0.005177418235689402 0.9999474883079529 -0.00884090457111597 -0.7537040710449219 0.09766820818185806 0.009304407984018326 0.9951754808425903 78.2429428100586
9.12289 0.9955655932426453 0.00893058255314827 -0.09364497661590576 -5.516039848327637 -0.009528900496661663 0.9999370574951172 -0.005943994503468275 -0.7651436924934387 0.09358599036931992 0.006809971295297146 0.9955878853797913 78.8156967163086
9.226512 0.9959790706634521 0.007121356204152107 -0.0893041342496872 -5.557002067565918 -0.0074010915122926235 0.9999687075614929 -0.0028016187716275454 -0.7744877934455872 0.08928138762712479 0.0034513005521148443 0.9960005283355713 79.38861846923828
9.330247 0.9964808225631714 0.003343554213643074 -0.08375485986471176 -5.590008735656738 -0.0032672700472176075 0.999994158744812 0.0010478897020220757 -0.7790552377700806 0.08375785499811172 -0.0007705516181886196 0.9964858293533325 79.94186401367188
9.433986 0.9971487522125244 -0.0010601190151646733 -0.07545570284128189 -5.622072219848633 0.0014448423171415925 0.9999861717224121 0.005044281017035246 -0.7990732192993164 0.07544933259487152 -0.0051389215514063835 0.9971364736557007 80.4898681640625
9.537749 0.9978728294372559 0.0028847355861216784 -0.06512670964002609 -5.645814895629883 -0.002583435270935297 0.9999855756759644 0.004710120614618063 -0.808050274848938 0.06513934582471848 -0.0045318519696593285 0.9978657960891724 81.02871704101562
9.641587 0.9987114667892456 0.008212555199861526 -0.05008065700531006 -5.670494556427002 -0.008014841005206108 0.9999592900276184 0.004147461615502834 -0.8106464743614197 0.05011267215013504 -0.003740729298442602 0.998736560344696 81.54670715332031
9.745342 0.9994052052497864 0.013321924023330212 -0.03180771321058273 -5.688534736633301 -0.013188478536903858 0.9999033808708191 0.0044015515595674515 -0.8113573789596558 0.03186327964067459 -0.003979439381510019 0.9994842410087585 82.04685974121094
9.849229 0.9998828172683716 0.01192132756114006 -0.009608462452888489 -5.678648948669434 -0.011871347203850746 0.9999157786369324 0.0052421982400119305 -0.8192363381385803 0.009670138359069824 -0.005127518437802792 0.9999400973320007 82.53793334960938
9.953059 0.9998314380645752 0.008035985752940178 0.016519078984856606 -5.64925479888916 -0.008148705586791039 0.9999437928199768 0.00676764128729701 -0.8328269124031067 -0.01646377332508564 -0.006901107728481293 0.9998407363891602 82.99491119384766
10.05693 0.9989056587219238 0.0071089728735387325 0.0462275892496109 -5.60994815826416 -0.0075044394470751286 0.999936580657959 0.008386831730604172 -0.8397707939147949 -0.046165045350790024 -0.008724565617740154 0.9988957047462463 83.45860290527344
10.16083 0.9968334436416626 0.0065469564869999886 0.07924998551607132 -5.551281929016113 -0.007359236944466829 0.9999232292175293 0.009961872361600399 -0.8449831604957581 -0.07917869091033936 -0.010513545013964176 0.99680495262146 83.91717529296875
10.26466 0.9931066632270813 0.006430682260543108 0.11703714728355408 -5.478184700012207 -0.007761583663523197 0.9999101758003235 0.01091938279569149 -0.8539255857467651 -0.116956427693367 -0.011752507649362087 0.9930675029754639 84.36813354492188
10.36867 0.9873613119125366 0.006350960116833448 0.15835796296596527 -5.379437446594238 -0.008130245842039585 0.9999107718467712 0.010590539313852787 -0.852051854133606 -0.15827658772468567 -0.01174418069422245 0.9873249530792236 84.791748046875
10.47264 0.9790662527084351 0.005964526440948248 0.20345434546470642 -5.259428024291992 -0.008333727717399597 0.9999070167541504 0.01079013291746378 -0.8569740653038025 -0.2033710926771164 -0.012259788811206818 0.9790250062942505 85.21935272216797
10.57663 0.967719316482544 0.008343561552464962 0.25189241766929626 -5.1204833984375 -0.010838321410119534 0.9999048709869385 0.00851825438439846 -0.860016942024231 -0.25179746747016907 -0.0109733697026968 0.9677177667617798 85.62123107910156
10.68062 0.9521868228912354 0.009372714906930923 0.3053726553916931 -4.965513229370117 -0.011770876124501228 0.9999125599861145 0.006012906786054373 -0.8709045648574829 -0.305289626121521 -0.009319914504885674 0.9522138833999634 86.01881408691406
10.78461 0.9322881102561951 0.010048243217170238 0.3615768551826477 -4.7856292724609375 -0.012211630120873451 0.999918520450592 0.003698614425957203 -0.8719810843467712 -0.3615102767944336 -0.007863618433475494 0.9323349595069885 86.4005126953125
10.88875 0.9081660509109497 0.010719005018472672 0.41847288608551025 -4.596477508544922 -0.012558822520077229 0.9999197721481323 0.0016425231005996466 -0.8723806738853455 -0.4184216856956482 -0.006747211795300245 0.9082277417182922 86.72509765625
10.99272 0.8788021206855774 0.011255748569965363 0.47705355286598206 -4.382347106933594 -0.012281287461519241 0.9999241232872009 -0.0009685943368822336 -0.8700460195541382 -0.4770282506942749 -0.00500763114541769 0.8788736462593079 87.0623779296875
11.09659 0.8457973599433899 0.009713214822113514 0.5334159731864929 -4.125755310058594 -0.009615003131330013 0.9999493956565857 -0.0029627555049955845 -0.8753669261932373 -0.5334177017211914 -0.002622906118631363 0.8458478450775146 87.37090301513672
11.20057 0.8088536262512207 0.008840071968734264 0.5879436135292053 -3.8663597106933594 -0.008655089884996414 0.9999576807022095 -0.00312784593552351 -0.8964908719062805 -0.5879462957382202 -0.0025587351992726326 0.8088958859443665 87.6610107421875
11.30431 0.7690697908401489 0.0077734109945595264 0.6391175985336304 -3.5861434936523438 -0.007987303659319878 0.9999648332595825 -0.002550931181758642 -0.9001150131225586 -0.6391149163246155 -0.003142981557175517 0.7691047787666321 87.93154907226562
11.40818 0.7270348072052002 0.0071311877109110355 0.6865635514259338 -3.2819595336914062 -0.009082365781068802 0.9999583959579468 -0.0007686063181608915 -0.9023439288139343 -0.6865404844284058 -0.005676816217601299 0.7270694375038147 88.1826171875
11.51192 0.6827278733253479 0.005965007934719324 0.730648398399353 -2.9663848876953125 -0.007995734922587872 0.9999678134918213 -0.0006924043409526348 -0.9087573289871216 -0.7306289672851562 -0.005369346588850021 0.6827536225318909 88.40243530273438
11.61553 0.6359004378318787 0.004804178141057491 0.771756112575531 -2.6403732299804688 -0.00478323781862855 0.9999859929084778 -0.002283685142174363 -0.9115043878555298 -0.7717562317848206 -0.002239295979961753 0.6359144449234009 88.61894989013672
11.71927 0.5892765522003174 0.0020027454011142254 0.8079289197921753 -2.305522918701172 0.0004780161543749273 0.9999958872795105 -0.0028275034856051207 -0.922736406326294 -0.807931125164032 0.002052384428679943 0.58927321434021 88.80032348632812
11.82277 0.5436782836914062 0.004053725395351648 0.8392840623855591 -1.9578285217285156 -0.00126922526396811 0.9999911189079285 -0.004007749259471893 -0.92779940366745 -0.8392927646636963 0.0011136860121041536 0.5436786413192749 88.96267700195312
11.92638 0.496428906917572 0.0074099767953157425 0.8680458068847656 -1.6111564636230469 -0.005241226404905319 0.9999709129333496 -0.0055387248285114765 -0.9307337403297424 -0.8680615425109863 -0.0018000409472733736 0.4964534640312195 89.12904357910156
12.03 0.45024943351745605 0.010038532316684723 0.8928463459014893 -1.2700538635253906 -0.005953461397439241 0.9999483823776245 -0.008240466937422752 -0.9342106580734253 -0.8928829431533813 -0.001605261117219925 0.45028597116470337 89.27713012695312
12.13361 0.40684881806373596 0.0070857456885278225 0.9134680032730103 -0.9243316650390625 4.694121889770031e-05 0.9999697208404541 -0.007777642924338579 -0.9501407146453857 -0.9134955406188965 0.003207204630598426 0.4068360924720764 89.39598083496094
12.2371 0.3675529956817627 -0.0006425934843719006 0.9300022721290588 -0.5495033264160156 0.015221681445837021 0.9998699426651001 -0.005325001664459705 -0.9534239172935486 -0.9298779964447021 0.016113420948386192 0.367514967918396 89.48490905761719
12.3406 0.33230701088905334 -0.00365832750685513 0.9431641697883606 -0.17441177368164062 0.018719786778092384 0.9998210668563843 -0.0027174949645996094 -0.9533805251121521 -0.9429855346679688 0.018558872863650322 0.3323160409927368 89.57864379882812
12.44411 0.2990032434463501 0.0004164926358498633 0.9542520046234131 0.19379425048828125 0.015804219990968704 0.9998605847358704 -0.00538845919072628 -0.9596564769744873 -0.9541212916374207 0.016692375764250755 0.29895496368408203 89.6761703491211
12.54767 0.26756909489631653 0.007883883081376553 0.9635065197944641 0.5707054138183594 0.004615881014615297 0.9999445080757141 -0.009463883936405182 -0.9764779806137085 -0.9635276198387146 0.006979673635214567 0.2675178349018097 89.78675079345703
12.65107 0.23925350606441498 0.011879888363182545 0.9708845615386963 0.9563350677490234 0.0002589689684100449 0.9999242424964905 -0.01229904219508171 -0.9915492534637451 -0.9709571003913879 0.003194016870111227 0.23923224210739136 89.87129211425781
12.75469 0.2134711742401123 0.01372305117547512 0.9768530130386353 1.354654312133789 0.0010145457927137613 0.9998977184295654 -0.01426849514245987 -1.0048794746398926 -0.9769488573074341 0.004036973230540752 0.2134353369474411 89.93924713134766
12.85806 0.190177321434021 0.014594054780900478 0.9816413521766663 1.7684459686279297 0.00841381587088108 0.9998285174369812 -0.01649448648095131 -1.0184316635131836 -0.9817137122154236 0.011396226473152637 0.19002190232276917 89.99183654785156
12.96167 0.17035675048828125 0.021190712228417397 0.9851546883583069 2.182217597961426 0.014936530962586403 0.9995983242988586 -0.02408428117632866 -1.0166316032409668 -0.9852692484855652 0.018817711621522903 0.1699717938899994 90.02976989746094
13.0652 0.15069366991519928 0.02823142148554325 0.9881772398948669 2.625128746032715 0.01683923974633217 0.9993738532066345 -0.031119225546717644 -1.0123525857925415 -0.9884370565414429 0.021329622715711594 0.1501239687204361 90.09090423583984
13.16877 0.13283663988113403 0.02898663468658924 0.9907140135765076 3.070664405822754 0.014133590273559093 0.9994152784347534 -0.031136270612478256 -1.0249831676483154 -0.9910371899604797 0.018138382583856583 0.13234929740428925 90.1474609375
13.27235 0.11728397011756897 0.024617884308099747 0.9927932024002075 3.5338621139526367 0.013005186803638935 0.9995689988136292 -0.026322266086935997 -1.043889045715332 -0.993013322353363 0.015998639166355133 0.11691325902938843 90.19941711425781
13.37588 0.10293012112379074 0.021260108798742294 0.9944614171981812 4.016008377075195 0.012730575166642666 0.9996615052223206 -0.022688936442136765 -1.0678943395614624 -0.994607150554657 0.014995438046753407 0.10262461751699448 90.24219512939453
13.4795 0.08953727036714554 0.01911991834640503 0.9958000183105469 4.507598876953125 0.015314889140427113 0.9996710419654846 -0.020571282133460045 -1.0799322128295898 -0.9958656430244446 0.01709246076643467 0.08921501040458679 90.27752685546875
13.58311 0.07802967727184296 0.01794145628809929 0.9967896342277527 5.016340732574463 0.018805932253599167 0.9996336698532104 -0.01946479082107544 -1.0975862741470337 -0.9967736005783081 0.020264388993382454 0.07766368985176086 90.30402374267578
13.68672 0.06770254671573639 0.018672369420528412 0.9975308775901794 5.536445140838623 0.021851345896720886 0.9995572566986084 -0.020193351432681084 -1.1105047464370728 -0.9974662065505981 0.0231645330786705 0.06726456433534622 90.3301010131836
13.79034 0.060406412929296494 0.019389688968658447 0.9979855418205261 6.0973801612854 0.024679485708475113 0.9994766116142273 -0.020912468433380127 -1.1192314624786377 -0.9978687167167664 0.025893019512295723 0.059896282851696014 90.35675811767578
13.89395 0.05478318780660629 0.019827133044600487 0.9983014464378357 6.65502405166626 0.026332275941967964 0.9994264245033264 -0.021294495090842247 -1.1315892934799194 -0.9981510639190674 0.02745412476360798 0.05422966554760933 90.38021087646484
13.99767 0.04919597879052162 0.02093266136944294 0.9985697865486145 7.225927829742432 0.027191879227757454 0.9993817210197449 -0.022289326414465904 -1.1472904682159424 -0.998418927192688 0.028249530121684074 0.04859636351466179 90.40353393554688
14.1013 0.04330649599432945 0.02130867727100849 0.9988345503807068 7.820696830749512 0.02746725082397461 0.9993690848350525 -0.022510983049869537 -1.1665894985198975 -0.9986841678619385 0.028410112485289574 0.042693886905908585 90.42666625976562
14.20492 0.03878828138113022 0.02118184231221676 0.9990228414535522 8.432633399963379 0.029621727764606476 0.9993114471435547 -0.022338062524795532 -1.184649109840393 -0.9988083243370056 0.030459238216280937 0.0381341353058815 90.44354248046875
14.30854 0.03595593199133873 0.021182795986533165 0.9991288185119629 9.063549995422363 0.031499750912189484 0.9992545247077942 -0.022319048643112183 -1.1995558738708496 -0.9988568425178528 0.03227481245994568 0.03526187315583229 90.46267700195312
14.41227 0.0331108532845974 0.02040497027337551 0.9992433190345764 9.709754943847656 0.03234057128429413 0.9992460608482361 -0.021476663649082184 -1.22003173828125 -0.9989283084869385 0.03302721306681633 0.032425981014966965 90.48002624511719
14.51589 0.0305799413472414 0.02016451582312584 0.9993289113044739 10.379196166992188 0.03415229544043541 0.9991917014122009 -0.021206820383667946 -1.2346279621124268 -0.9989486932754517 0.03477787226438522 0.02986655943095684 90.49856567382812
14.61968 0.02990194596350193 0.01981181465089321 0.9993564486503601 11.0645751953125 0.03888136148452759 0.9990237355232239 -0.020968597382307053 -1.2513253688812256 -0.9987963438034058 0.039483338594436646 0.029102442786097527 90.51090240478516
14.72326 0.031120095402002335 0.019504832103848457 0.9993252754211426 11.784905433654785 0.042412664741277695 0.9988833069801331 -0.020816979929804802 -1.2683910131454468 -0.9986153841018677 0.043031878769397736 0.030258093029260635 90.5228042602539
14.82686 0.0335308238863945 0.01933436095714569 0.9992506504058838 12.513866424560547 0.04387066140770912 0.9988207221031189 -0.020798159763216972 -1.2909126281738281 -0.9984742999076843 0.044535160064697266 0.03264307603240013 90.54737091064453
14.93048 0.03734438866376877 0.019309133291244507 0.9991159439086914 13.254523277282715 0.04647427052259445 0.9986979365348816 -0.02103813923895359 -1.3091626167297363 -0.9982210993766785 0.04721883684396744 0.03639838844537735 90.57481384277344
15.0341 0.04156949743628502 0.018684741109609604 0.9989608526229858 14.011761665344238 0.04691092669963837 0.9986860156059265 -0.020631687715649605 -1.3276324272155762 -0.9980337619781494 0.04771982878446579 0.04063836485147476 90.60797882080078
15.13784 0.045633554458618164 0.01706688478589058 0.9988124966621399 14.793052673339844 0.04838785156607628 0.9986426830291748 -0.019274717196822166 -1.3493170738220215 -0.9977855682373047 0.04920996353030205 0.044745784252882004 90.64250183105469
15.24145 0.04988429695367813 0.015309080481529236 0.9986376762390137 15.583077430725098 0.04830519109964371 0.9986752867698669 -0.017722617834806442 -1.3685734272003174 -0.9975861310958862 0.04912346228957176 0.04907871037721634 90.67984771728516
15.34508 0.05390352010726929 0.013170620426535606 0.9984593987464905 16.379989624023438 0.04554906487464905 0.9988396167755127 -0.015634683892130852 -1.3876174688339233 -0.9975066781044006 0.04632164537906647 0.0532410703599453 90.72761535644531
15.44881 0.05796206369996071 0.012193928472697735 0.9982443451881409 17.20563507080078 0.044779837131500244 0.9988871216773987 -0.014801879413425922 -1.404824137687683 -0.9973138570785522 0.04555917903780937 0.05735151842236519 90.78205871582031
15.55255 0.06213998794555664 0.013398967683315277 0.9979774951934814 18.02676773071289 0.04174644872546196 0.998999834060669 -0.016012074425816536 -1.4210634231567383 -0.9971939325332642 0.04265700653195381 0.061518486589193344 90.83479309082031
15.65617 0.065373495221138 0.017188485711812973 0.9977127909660339 18.853492736816406 0.03980857506394386 0.9990106225013733 -0.019819237291812897 -1.4477269649505615 -0.9970664381980896 0.04101318120956421 0.06462458521127701 90.89024353027344
15.7599 0.06661205738782883 0.022193899378180504 0.997532069683075 19.69578742980957 0.03373703360557556 0.9991307258605957 -0.024482326582074165 -1.4796335697174072 -0.9972084164619446 0.03528458625078201 0.06580542027950287 90.96295928955078
15.86364 0.06671049445867538 0.02563193067908287 0.9974430203437805 20.533336639404297 0.031002618372440338 0.9991339445114136 -0.02774888463318348 -1.501495122909546 -0.9972906112670898 0.032774485647678375 0.06585808098316193 91.02157592773438
15.96739 0.06671833246946335 0.024885738268494606 0.9974614381790161 21.368473052978516 0.028411470353603363 0.9992361068725586 -0.026830406859517097 -1.5349622964859009 -0.9973673224449158 0.03012942709028721 0.0659603551030159 91.08071899414062
16.07102 0.06632182747125626 0.023271871730685234 0.9975268244743347 22.213464736938477 0.025601955130696297 0.9993590712547302 -0.025016793981194496 -1.565213680267334 -0.9974697828292847 0.02719779871404171 0.0656835213303566 91.15184783935547
16.17474 0.0665118619799614 0.02211996540427208 0.9975404143333435 23.049142837524414 0.026700245216488838 0.9993566870689392 -0.02394050545990467 -1.5964748859405518 -0.997428297996521 0.028226900845766068 0.0658784881234169 91.2044906616211
16.27845 0.06689069420099258 0.02097400464117527 0.9975398778915405 23.88349151611328 0.024089239537715912 0.999453604221344 -0.02262956276535988 -1.6325315237045288 -0.9974694848060608 0.025543682277202606 0.06634891778230667 91.26240539550781
16.38209 0.06679841130971909 0.021649058908224106 0.9975315928459167 24.737375259399414 0.022409357130527496 0.9994799494743347 -0.02319195307791233 -1.6590359210968018 -0.9975147843360901 0.023903226479887962 0.06627852469682693 91.33699035644531
16.48571 0.06662370264530182 0.022186147049069405 0.997531533241272 25.571796417236328 0.019054142758250237 0.9995421767234802 -0.023503469303250313 -1.6899137496948242 -0.9975960850715637 0.020572997629642487 0.06617046147584915 91.40276336669922
