0.0 1.0 0.0 0.0 0.0 0.0 1.0 0.0 0.0 0.0 0.0 1.0 0.0
0.1033914 0.9999986886978149 0.00046652706805616617 0.0015415434027090669 -0.002732436638325453 -0.00045964549644850194 0.999989926815033 -0.004461432341486216 -0.0023647681809961796 -0.0015436093090102077 0.0044607180170714855 0.999988853931427 0.9719564318656921
0.2071056 0.9999961256980896 -0.0019268856849521399 0.0020206014160066843 0.0033201947808265686 0.001937058405019343 0.99998539686203 -0.005044698249548674 -0.002734967041760683 -0.002010851167142391 0.005048592574894428 0.9999852180480957 1.9384030103683472
0.3102615 0.9999933242797852 -0.0028768626507371664 0.0022301163990050554 0.0011889412999153137 0.0028797322884202003 0.9999950528144836 -0.0012847203761339188 -0.0006504454649984837 -0.002226409502327442 0.0012911339290440083 0.9999966621398926 2.9055235385894775
0.4136209 0.9999834895133972 -0.005540391895920038 0.0015279222279787064 0.004170714877545834 0.005533072631806135 0.9999734163284302 0.004753551445901394 -0.0027857832610607147 -0.001554218353703618 -0.004745020065456629 0.9999875426292419 3.8735177516937256
0.5179293 0.9999609589576721 -0.008842673152685165 -5.8085075579583645e-05 0.013741687871515751 0.008842847310006618 0.999950110912323 0.0046363151632249355 0.004398182034492493 1.70848798006773e-05 -0.004636647179722786 0.9999892115592957 4.830216407775879
0.6203887 0.999927818775177 -0.01196172833442688 -0.001123967464081943 0.016266336664557457 0.011963821947574615 0.9999266862869263 0.0018759432714432478 0.00478984834626317 0.0011014456395059824 -0.0018892548978328705 0.9999975562095642 5.784350872039795
0.7242193 0.9999200701713562 -0.012442576698958874 -0.0022468939423561096 0.016332101076841354 0.012439033947885036 0.9999213218688965 -0.0015847792383283377 0.008892635814845562 0.00226643611676991 0.0015567030059173703 0.9999962449073792 6.730158805847168
0.8272107 0.9999253749847412 -0.011954913847148418 -0.0025229935999959707 0.0033284742385149 0.011949117295444012 0.999925971031189 -0.0022997562773525715 0.01010887511074543 0.0025502999778836966 0.0022694370709359646 0.999994158744812 7.686211585998535
0.930557 0.9999262094497681 -0.011608341708779335 -0.0035976404324173927 -0.0014642570167779922 0.011607836931943893 0.999932587146759 -0.0001614862121641636 0.008151880465447903 0.0035992725752294064 0.00011971360072493553 0.9999935030937195 8.635071754455566
1.03407 0.9999268651008606 -0.011302952654659748 -0.004306708928197622 -0.011817680671811104 0.01131553016602993 0.9999317526817322 0.0029068964067846537 0.004567371681332588 0.004273558501154184 -0.002955416217446327 0.9999865293502808 9.582542419433594
1.137438 0.9999176859855652 -0.011710846796631813 -0.005240429658442736 -0.017430536448955536 0.011731930077075958 0.999923050403595 0.004010655917227268 0.010641876608133316 0.005193058401346207 -0.004071805160492659 0.9999781847000122 10.528834342956543
1.244258 0.9999026656150818 -0.012611712329089642 -0.005953628104180098 -0.023627933114767075 0.012640124186873436 0.9999088048934937 0.004759394563734531 0.01702415570616722 0.0058930604718625546 -0.004834187217056751 0.9999709725379944 11.469225883483887
1.344229 0.9998942017555237 -0.012954461388289928 -0.00661612581461668 -0.0332096628844738 0.012986195273697376 0.999904215335846 0.004776559304445982 0.018233411014080048 0.006553614977747202 -0.004861971829086542 0.9999666810035706 12.405311584472656
1.447568 0.9998871684074402 -0.013232220895588398 -0.007105692755430937 -0.04277012124657631 0.013258380815386772 0.9999054670333862 0.0036468878388404846 0.01670561358332634 0.007056764792650938 -0.0037406859919428825 0.9999680519104004 13.322486877441406
1.551083 0.9998676776885986 -0.013880645856261253 -0.008482850156724453 -0.056429266929626465 0.01389415841549635 0.9999023675918579 0.001536030089482665 0.02228798344731331 0.008460700511932373 -0.0016536889597773552 0.9999627470970154 14.253532409667969
1.654521 0.9998345375061035 -0.015119142830371857 -0.010114538483321667 -0.0692828893661499 0.015120103023946285 0.999885618686676 1.8364444258622825e-05 0.028430821374058723 0.010113105177879333 -0.00017129420302808285 0.9999488592147827 15.180604934692383
1.757843 0.9998171329498291 -0.014934906736016273 -0.011946161277592182 -0.07908724248409271 0.014928583987057209 0.9998882412910461 -0.0006185563397593796 0.031122315675020218 0.011954065412282944 0.00044010402052663267 0.9999284148216248 16.105241775512695
1.861353 0.9998230338096619 -0.013611779548227787 -0.01298591960221529 -0.10675086081027985 0.013592216186225414 0.9999063014984131 -0.0015935914125293493 0.03163415938615799 0.013006394729018211 0.0014168020570650697 0.9999144673347473 17.023666381835938
1.964724 0.9998289942741394 -0.011884780600667 -0.014166182838380337 -0.13344109058380127 0.01186660397797823 0.9999286532402039 -0.0013665579026564956 0.028228044509887695 0.014181412756443024 0.001198219833895564 0.9998987913131714 17.9398136138916
2.068236 0.9997931718826294 -0.012591992504894733 -0.015969539061188698 -0.1483035385608673 0.01258524414151907 0.9999207854270935 -0.0005229267408140004 0.025581490248441696 0.015974856913089752 0.0003218380734324455 0.9998723268508911 18.844011306762695
2.17162 0.999776303768158 -0.01189064048230648 -0.017490601167082787 -0.16575728356838226 0.011897189542651176 0.9999291896820068 0.0002703680656850338 0.03270428255200386 0.017486145719885826 -0.00047839651233516634 0.9998469948768616 19.750328063964844
2.275131 0.9997650384902954 -0.011251862160861492 -0.018528668209910393 -0.19256190955638885 0.011277672834694386 0.9999356269836426 0.0012891050428152084 0.025919876992702484 0.018512967973947525 -0.001497762044891715 0.9998274445533752 20.655120849609375
2.378626 0.9997226595878601 -0.012825977988541126 -0.01974661648273468 -0.21517038345336914 0.012849222868680954 0.9999169111251831 0.0010507672559469938 0.02803058922290802 0.01973150297999382 -0.0013042045757174492 0.9998044371604919 21.561458587646484
2.48201 0.9996819496154785 -0.012422899715602398 -0.021943427622318268 -0.23091313242912292 0.012439951300621033 0.9999223947525024 0.0006408761255443096 0.029272887855768204 0.02193376049399376 -0.0009136475273407996 0.9997590184211731 22.448328018188477
2.585514 0.9996508955955505 -0.012209217995405197 -0.023428937420248985 -0.2511456310749054 0.012234414927661419 0.9999247193336487 0.0009324358543381095 0.030938152223825455 0.023415787145495415 -0.001218749675899744 0.9997251033782959 23.333003997802734
2.689023 0.9996287226676941 -0.011922219768166542 -0.024500496685504913 -0.2755865454673767 0.011998407542705536 0.9999236464500427 0.002965024206787348 0.033298321068286896 0.02446327544748783 -0.0032578897662460804 0.9996954202651978 24.208309173583984
2.793694 0.9996017813682556 -0.013212230056524277 -0.024934014305472374 -0.2998230755329132 0.013355373404920101 0.9998952150344849 0.005583122372627258 0.037416428327560425 0.02485763654112816 -0.005913900677114725 0.9996734261512756 25.062820434570312
2.896139 0.9995853900909424 -0.013323337770998478 -0.02552449144423008 -0.32251057028770447 0.013502338901162148 0.9998853802680969 0.006853526458144188 0.0436272919178009 0.02543025091290474 -0.00719532510265708 0.9996506571769714 25.914417266845703
2.999556 0.9995723366737366 -0.012602600269019604 -0.02638855017721653 -0.34869441390037537 0.01276278868317604 0.9999011158943176 0.005910769104957581 0.04540286213159561 0.026311445981264114 -0.006245032884180546 0.999634325504303 26.76169204711914
3.103545 0.9995658993721008 -0.011071482673287392 -0.027302416041493416 -0.37435266375541687 0.011164912022650242 0.9999322891235352 0.0032719639129936695 0.04708779975771904 0.027264343574643135 -0.0035753725096583366 0.9996218681335449 27.585155487060547
3.206573 0.9995607137680054 -0.01052198838442564 -0.02770742028951645 -0.40338605642318726 0.010577267035841942 0.9999423623085022 0.0018493086099624634 0.04876534268260002 0.02768637053668499 -0.002141565317288041 0.9996143579483032 28.3992977142334
3.310078 0.9995436072349548 -0.009472937323153019 -0.02868811972439289 -0.43110984563827515 0.009516371414065361 0.9999537467956543 0.0013778150314465165 0.05277744680643082 0.028673743829131126 -0.001650192542001605 0.9995874166488647 29.203832626342773
3.413963 0.9995039701461792 -0.009122980758547783 -0.03014064021408558 -0.45416876673698425 0.009152469225227833 0.9999576807022095 0.0008405300904996693 0.05023222416639328 0.03013170324265957 -0.0011159746209159493 0.9995453357696533 30.01907730102539
3.517076 0.9994412064552307 -0.00862041860818863 -0.03229513019323349 -0.4807957410812378 0.008621093817055225 0.9999628067016602 -0.00011840241495519876 0.051967523992061615 0.032294947654008865 -0.00016008276725187898 0.9994784593582153 30.80813980102539
3.620721 0.9993718266487122 -0.0085850665345788 -0.034384142607450485 -0.5093256235122681 0.008592120371758938 0.999963104724884 5.737185711041093e-05 0.049922313541173935 0.03438238427042961 -0.00035276857670396566 0.9994087219238281 31.582656860351562
3.724674 0.9992843270301819 -0.00965154729783535 -0.03657403960824013 -0.5339942574501038 0.009706223383545876 0.9999520182609558 0.0013176461216062307 0.04801640659570694 0.0365595668554306 -0.001671699108555913 0.9993301033973694 32.36427307128906
3.827725 0.9992091059684753 -0.0096123106777668 -0.038584496825933456 -0.5655488967895508 0.009754587896168232 0.9999462962150574 0.00350087508559227 0.051190026104450226 0.03854877129197121 -0.0038744823541492224 0.9992492198944092 33.13299560546875
3.931241 0.9991124868392944 -0.008796793408691883 -0.04119185730814934 -0.585834264755249 0.008995730429887772 0.9999487400054932 0.00464671803638339 0.05776652693748474 0.041148871183395386 -0.0050131455063819885 0.9991405606269836 33.89379119873047
4.034871 0.9990745186805725 -0.007341498509049416 -0.04238048568367958 -0.6378408074378967 0.007570845540612936 0.9999575018882751 0.005253632552921772 0.051848769187927246 0.04234011098742485 -0.005569627042859793 0.9990876913070679 34.644744873046875
4.142151 0.9990051984786987 -0.004879770800471306 -0.04432621970772743 -0.6719406247138977 0.005081825889647007 0.9999772310256958 0.004446809645742178 0.056414440274238586 0.04430351033806801 -0.004667644854635 0.9990071654319763 35.37430191040039
4.243437 0.9989148378372192 -0.0032558138482272625 -0.046460431069135666 -0.7044081091880798 0.0034320829436182976 0.9999871253967285 0.003714701160788536 0.05788572132587433 0.04644773527979851 -0.003870125859975815 0.9989132285118103 36.10477066040039
4.345966 0.9988322854042053 -0.0029854895547032356 -0.04822033271193504 -0.7418631315231323 0.0032253069803118706 0.9999827742576599 0.004896319936960936 0.06164918094873428 0.04820488393306732 -0.005046127829700708 0.9988247752189636 36.813087463378906
4.449183 0.9987906217575073 -0.00153154949657619 -0.04914175346493721 -0.7800310850143433 0.0018439858686178923 0.9999783635139465 0.006313154473900795 0.07189653813838959 0.04913102090358734 -0.006396135780960321 0.9987717866897583 37.53758239746094
4.552519 0.99878990650177 0.0010202283738180995 -0.04916849732398987 -0.8208714723587036 -0.0006845698226243258 0.9999763369560242 0.0068430593237280846 0.07593630254268646 0.04917432367801666 -0.006801119074225426 0.9987670183181763 38.235355377197266
4.656235 0.9988331198692322 0.004339020233601332 -0.048097871243953705 -0.8638224601745605 -0.004104877356439829 0.9999792575836182 0.0049657453782856464 0.07412467896938324 0.04811842367053032 -0.004762515891343355 0.998830258846283 38.91886520385742
4.760815 0.998917818069458 0.006278687622398138 -0.04608248174190521 -0.9010550379753113 -0.006211334373801947 0.9999794363975525 0.001604641554877162 0.08015064895153046 0.04609161242842674 -0.0013166724238544703 0.9989362955093384 39.577518463134766
4.863788 0.9989950656890869 0.006568960379809141 -0.044335585087537766 -0.9281800389289856 -0.006575451698154211 0.9999784231185913 -5.774199962615967e-07 0.0825466439127922 0.044334616512060165 0.00029210327193140984 0.9990166425704956 40.240447998046875
4.966824 0.99913090467453 0.007626336999237537 -0.040979281067848206 -0.9621262550354004 -0.007601645775139332 0.9999707937240601 0.000758312875404954 0.08342980593442917 0.04098387062549591 -0.0004461438220459968 0.9991596937179565 40.921844482421875
5.073257 0.9992002248764038 0.01217578910291195 -0.03808927163481712 -0.9845914244651794 -0.012054436840116978 0.9999215006828308 0.0034140271600335836 0.08657708019018173 0.03812785446643829 -0.0029521516989916563 0.9992684721946716 41.573081970214844
5.174268 0.9992915391921997 0.0162346214056015 -0.033952970057725906 -1.018589735031128 -0.01599983684718609 0.9998462796211243 0.0071753342635929585 0.08260419964790344 0.03406423330307007 -0.006627008784562349 0.9993977546691895 42.20341491699219
5.277498 0.999320387840271 0.021711543202400208 -0.029786869883537292 -1.0477538108825684 -0.021479615941643715 0.9997365474700928 0.008084258064627647 0.08235123753547668 0.02995454892516136 -0.007438955828547478 0.9995235204696655 42.81777572631836
5.381142 0.9993769526481628 0.025093352422118187 -0.024817630648612976 -1.061266541481018 -0.024892980232834816 0.9996552467346191 0.008350012823939323 0.089291512966156 0.0250186026096344 -0.007727025542408228 0.9996570944786072 43.41814041137695
5.484644 0.9994179606437683 0.028491061180830002 -0.018760807812213898 -1.0800620317459106 -0.028297636657953262 0.9995444416999817 0.010496187955141068 0.0919712483882904 0.019051305949687958 -0.00995919294655323 0.9997689127922058 44.00456237792969
5.588095 0.9993612170219421 0.03345417603850365 -0.012565573677420616 -1.0879473686218262 -0.03330814465880394 0.9993770718574524 0.011656604707241058 0.09709307551383972 0.012947706505656242 -0.011230623349547386 0.9998530745506287 44.57490539550781
5.691619 0.9992977976799011 0.037122394889593124 -0.00507055688649416 -1.1057449579238892 -0.037063416093587875 0.9992493987083435 0.011267688125371933 0.09885907173156738 0.005485033616423607 -0.011071844957768917 0.9999236464500427 45.13327407836914
5.795223 0.9991685152053833 0.04072250425815582 0.0019488027319312096 -1.1014461517333984 -0.04074180871248245 0.9991071820259094 0.01117983739823103 0.10355719923973083 -0.0014917925000190735 -0.011249941773712635 0.9999356269836426 45.65647888183594
5.898736 0.9989384412765503 0.045069701969623566 0.009520558640360832 -1.1016348600387573 -0.04517066106200218 0.9989222288131714 0.010670721530914307 0.10874176025390625 -0.009029371663928032 -0.011089445091784 0.9998977184295654 46.15958786010742
6.002373 0.9986461997032166 0.04922427609562874 0.016812391579151154 -1.0917351245880127 -0.04935620352625847 0.9987528920173645 0.007524537853896618 0.11960083246231079 -0.016421036794781685 -0.00834414828568697 0.9998303055763245 46.63990020751953
6.10587 0.9983584880828857 0.051495157182216644 0.02507028542459011 -1.0874557495117188 -0.05163225904107094 0.9986543655395508 0.0048522925935685635 0.11321624368429184 -0.024786679074168205 -0.00613876199349761 0.9996738433837891 47.10526657104492
6.209506 0.9980958104133606 0.05218505859375 0.03288428112864494 -1.0692906379699707 -0.05236278101801872 0.9986176490783691 0.004565899260342121 0.11702845990657806 -0.03260054811835289 -0.006279117427766323 0.9994487166404724 47.54998016357422
6.313021 0.9978387951850891 0.05144907161593437 0.0408722385764122 -1.0489826202392578 -0.05174482986330986 0.9986410737037659 0.00621091527864337 0.11253926157951355 -0.040497153997421265 -0.008312421850860119 0.9991450309753418 47.951900482177734
6.416516 0.9973870515823364 0.05320052057504654 0.048874981701374054 -1.0279064178466797 -0.05359295383095741 0.9985400438308716 0.006753269117325544 0.11957864463329315 -0.04844434931874275 -0.009354978799819946 0.9987820386886597 48.349273681640625
6.524037 0.9967866539955139 0.055955324321985245 0.05731990188360214 -1.0028624534606934 -0.05643888935446739 0.998382568359375 0.006851125508546829 0.11644518375396729 -0.0568438321352005 -0.010064180940389633 0.9983323812484741 48.719940185546875
6.623722 0.9959684610366821 0.06086409091949463 0.06589709222316742 -0.9817957878112793 -0.061408016830682755 0.9980930685997009 0.0062584360130131245 0.11858293414115906 -0.06539051234722137 -0.010279814712703228 0.9978068470954895 49.05222702026367
6.727294 0.9950922727584839 0.06442385911941528 0.0751064196228981 -0.9632844924926758 -0.06507424265146255 0.9978609085083008 0.0062421225011348724 0.11579704284667969 -0.07454361766576767 -0.011098980903625488 0.9971559643745422 49.36231994628906
6.830809 0.994384229183197 0.06382586061954498 0.08441770821809769 -0.9302868843078613 -0.06463177502155304 0.9978857040405273 0.00684575829654932 0.1136515736579895 -0.08380230516195297 -0.012263381853699684 0.9964069128036499 49.65156173706055
6.934429 0.9935249090194702 0.06254803389310837 0.09484753757715225 -0.8873014450073242 -0.06331408768892288 0.9979807138442993 0.005085899494588375 0.11366826295852661 -0.09433789551258087 -0.01105815265327692 0.9954787492752075 49.9361686706543
7.038067 0.9923766851425171 0.061544813215732574 0.10677412897348404 -0.854499340057373 -0.061978425830602646 0.9980771541595459 0.0007442759233526886 0.10820645093917847 -0.10652301460504532 -0.00735629303380847 0.9942830204963684 50.201622009277344
7.141701 0.990829586982727 0.062443025410175323 0.11982271820306778 -0.8110647201538086 -0.06247962638735771 0.9980403184890747 -0.0034550039563328028 0.1105380654335022 -0.11980364471673965 -0.004063158296048641 0.9927892684936523 50.476226806640625
7.24533 0.9887022972106934 0.0642152726650238 0.1354396790266037 -0.7691555023193359 -0.06403747200965881 0.9979313611984253 -0.005673635751008987 0.10980364680290222 -0.13552384078502655 -0.003063677344471216 0.9907692670822144 50.748348236083984
7.3533 0.986242413520813 0.0655875951051712 0.15173694491386414 -0.7229623794555664 -0.06528311967849731 0.9978422522544861 -0.00699290307238698 0.11070132255554199 -0.15186817944049835 -0.0030091647058725357 0.9883961081504822 51.015953063964844
7.452592 0.9834586977958679 0.06605919450521469 0.16865718364715576 -0.6666479110717773 -0.06555001437664032 0.9978123307228088 -0.008591021411120892 0.11639538407325745 -0.1688557267189026 -0.0026065665297210217 0.9856372475624084 51.28767013549805
7.55658 0.9802343845367432 0.06535007804632187 0.18673507869243622 -0.6065654754638672 -0.06468856334686279 0.9978589415550232 -0.00964041706174612 0.11012294888496399 -0.18696525692939758 -0.0026297559961676598 0.9823629856109619 51.53347396850586
7.663357 0.9764779210090637 0.06424664705991745 0.20582330226898193 -0.5345401763916016 -0.06356331706047058 0.9979283213615417 -0.009937530383467674 0.10692912340164185 -0.20603534579277039 -0.0033790345769375563 0.9785386919975281 51.769920349121094
7.763356 0.9719369411468506 0.06503129005432129 0.22607433795928955 -0.4599332809448242 -0.06417810171842575 0.9978764057159424 -0.011129632592201233 0.10336995124816895 -0.22631800174713135 -0.0036917212419211864 0.9740464687347412 52.02452087402344
7.866988 0.9666815996170044 0.06702341139316559 0.24705135822296143 -0.38178062438964844 -0.06574703007936478 0.9977460503578186 -0.013421857729554176 0.09803742170333862 -0.2473941147327423 -0.0032682293094694614 0.9689093828201294 52.27833938598633
7.970621 0.960491418838501 0.06839457154273987 0.2697749435901642 -0.29580020904541016 -0.06668523699045181 0.9976534843444824 -0.015507354401051998 0.09257334470748901 -0.27020254731178284 -0.0030953227542340755 0.962798535823822 52.52973937988281
8.07425 0.9532560110092163 0.06947140395641327 0.29406923055648804 -0.19803714752197266 -0.06750848144292831 0.9975767731666565 -0.016833392903208733 0.09037673473358154 -0.29452604055404663 -0.0038056320045143366 0.9556359052658081 52.78061294555664
8.177962 0.944755494594574 0.07282604277133942 0.3195831775665283 -0.10136222839355469 -0.07090448588132858 0.9973268508911133 -0.017660334706306458 0.08310401439666748 -0.32001498341560364 -0.005975181236863136 0.9473936557769775 53.0191650390625
8.283921 0.9350281953811646 0.07461728900671005 0.34663310647010803 0.008298873901367188 -0.07260537892580032 0.9971834421157837 -0.01880674809217453 0.07553917169570923 -0.34706011414527893 -0.007582590915262699 0.9378122091293335 53.256690979003906
8.385961 0.9238994121551514 0.07540399581193924 0.3751319646835327 0.12778663635253906 -0.07316693663597107 0.9971145391464233 -0.02022629976272583 0.06653082370758057 -0.37557467818260193 -0.008760187774896622 0.9267507195472717 53.507442474365234
8.488779 0.9113040566444397 0.07356386631727219 0.4051089286804199 0.2684059143066406 -0.07062847912311554 0.9972553849220276 -0.022211195901036263 0.05379331111907959 -0.40563106536865234 -0.008371076546609402 0.913998544216156 53.74420166015625
8.593446 0.8965666890144348 0.07075929641723633 0.4372200071811676 0.420623779296875 -0.06647905707359314 0.9974718689918518 -0.025107471272349358 0.047129154205322266 -0.43789130449295044 -0.006555459927767515 0.8990040421485901 53.97187805175781
8.696029 0.8792338371276855 0.07026565819978714 0.47117993235588074 0.5823745727539062 -0.06394779682159424 0.997519314289093 -0.02942882478237152 0.03935348987579346 -0.4720788896083832 -0.004256107844412327 0.8815459609031677 54.20626449584961
8.799662 0.8598650693893433 0.07194031774997711 0.5054271221160889 0.7515239715576172 -0.06307332217693329 0.9974067807197571 -0.03466218337416649 0.03190743923187256 -0.5066100358963013 -0.0020741657353937626 0.8621727824211121 54.435760498046875
8.903911 0.8381170034408569 0.07362836599349976 0.5404984951019287 0.9387722015380859 -0.062305331230163574 0.9972854256629944 -0.03924033045768738 0.021751880645751953 -0.5419204831123352 -0.0007879510521888733 0.8404293656349182 54.672607421875
9.008027 0.8136336207389832 0.07689091563224792 0.5762708187103271 1.140533447265625 -0.06378880143165588 0.997037947177887 -0.04297013580799103 0.009499073028564453 -0.577867865562439 -0.0017976732924580574 0.8161283135414124 54.90705871582031
9.11058 0.786117434501648 0.08107995986938477 0.6127360463142395 1.3373088836669922 -0.06692812591791153 0.996695876121521 -0.046020954847335815 -0.0032453536987304688 -0.6144429445266724 -0.004831400234252214 0.7889464497566223 55.13602828979492
9.214197 0.7565277218818665 0.08452723175287247 0.6484758853912354 1.5762100219726562 -0.06955131143331528 0.9963871836662292 -0.04873639717698097 -0.022253036499023438 -0.6502525806427002 -0.00823190901428461 0.7596736550331116 55.370506286621094
9.317832 0.7236568331718445 0.0856187641620636 0.6848285794258118 1.8418464660644531 -0.06913728266954422 0.9962769746780396 -0.05149952322244644 -0.03644704818725586 -0.6866883039474487 -0.01007920317351818 0.7268822193145752 55.60308074951172
9.421456 0.6870940923690796 0.08318683505058289 0.7217905521392822 2.135862350463867 -0.06537039577960968 0.9964728951454163 -0.05261613801121712 -0.0535736083984375 -0.7236217856407166 -0.011031496338546276 0.690108597278595 55.84184646606445
9.525112 0.6477293968200684 0.08210765570402145 0.7574331164360046 2.4437217712402344 -0.06276494264602661 0.9965471625328064 -0.05435390770435333 -0.07338547706604004 -0.7592806220054626 -0.012333624064922333 0.650646448135376 56.072608947753906
9.630085 0.6054311990737915 0.08127394318580627 0.7917369604110718 2.7817916870117188 -0.060323454439640045 0.9965969920158386 -0.05617480352520943 -0.09605848789215088 -0.7936082482337952 -0.013750320300459862 0.6082736253738403 56.29121398925781
9.732384 0.5597242712974548 0.08098871260881424 0.824711799621582 3.1508121490478516 -0.056786734610795975 0.9966219067573547 -0.05933006852865219 -0.12264466285705566 -0.8267309069633484 -0.013624213635921478 0.562432587146759 56.50360870361328
9.836009 0.5116347074508667 0.07954686880111694 0.855512797832489 3.5449085235595703 -0.05313483625650406 0.9967285990715027 -0.060900330543518066 -0.1473407745361328 -0.85755854845047 -0.014298803173005581 0.514187753200531 56.70380783081055
9.939685 0.46258091926574707 0.0779479369521141 0.8831437826156616 3.9633312225341797 -0.051524706184864044 0.9968075156211853 -0.060992028564214706 -0.17022979259490967 -0.8850785493850708 -0.017289988696575165 0.4651203751564026 56.898799896240234
10.0439 0.41261398792266846 0.0757514238357544 0.9077507257461548 4.391851425170898 -0.05136866495013237 0.996885359287262 -0.05984025448560715 -0.19570374488830566 -0.9094563722610474 -0.021939020603895187 0.41522017121315 57.07048416137695
10.14677 0.36340007185935974 0.07605108618736267 0.9285238981246948 4.878290176391602 -0.054309550672769547 0.996696949005127 -0.06037948280572891 -0.2136533260345459 -0.9300488233566284 -0.028485814109444618 0.36633002758026123 57.22700119018555
10.25036 0.3137969374656677 0.07639893889427185 0.9464114904403687 5.348672866821289 -0.052268803119659424 0.9966360926628113 -0.06312280893325806 -0.23526787757873535 -0.948050320148468 -0.02966005727648735 0.3167346715927124 57.362037658691406
10.35367 0.26672613620758057 0.07311895489692688 0.9609946608543396 5.838906288146973 -0.04113924130797386 0.9970728754997253 -0.06444574147462845 -0.26558101177215576 -0.9628939032554626 -0.022345229983329773 0.26895344257354736 57.458133697509766
10.45717 0.22344040870666504 0.0672881007194519 0.9723922610282898 6.359992980957031 -0.027631554752588272 0.9976508021354675 -0.06268664449453354 -0.2971159815788269 -0.9743258357048035 -0.012861987575888634 0.22477468848228455 57.52465057373047
10.56299 0.18134237825870514 0.06623830646276474 0.9811867475509644 6.860393524169922 -0.01858425699174404 0.9977816343307495 -0.06392386555671692 -0.3250828981399536 -0.9832444190979004 -0.006642518565058708 0.18217109143733978 57.57711410522461
10.66453 0.14292529225349426 0.06781173497438431 0.9874077439308167 7.406548500061035 -0.015162003226578236 0.9976829886436462 -0.06632275134325027 -0.34931516647338867 -0.9896174073219299 -0.0054918816313147545 0.14362230896949768 57.633121490478516
10.76705 0.11041392385959625 0.06822970509529114 0.9915409684181213 7.9586286544799805 -0.006238880567252636 0.9976686835289001 -0.06795663386583328 -0.38839900493621826 -0.9938661456108093 0.0013172521721571684 0.11058217287063599 57.6671257019043
10.87022 0.08193925023078918 0.06690329313278198 0.9943892359733582 8.526756286621094 0.0013538524508476257 0.997735857963562 -0.06724002957344055 -0.41872042417526245 -0.9966363906860352 0.006855853833258152 0.08166314661502838 57.68092727661133
10.97342 0.05691879987716675 0.06523021310567856 0.9962456822395325 9.111311912536621 0.008772344328463078 0.9977920651435852 -0.06583268195390701 -0.4511314034461975 -0.9983403086662292 0.012486526742577553 0.05622091144323349 57.69917678833008
11.0772 0.03657415509223938 0.06418786942958832 0.997267484664917 9.676849365234375 0.012751946225762367 0.99782395362854 -0.06469134986400604 -0.4857935905456543 -0.9992495775222778 0.01508313324302435 0.03567604720592499 57.70614242553711
11.18019 0.02067764289677143 0.06575366854667664 0.9976215958595276 10.277030944824219 0.014979653060436249 0.9977025985717773 -0.06606946885585785 -0.5209857821464539 -0.9996739625930786 0.016310187056660652 0.019645173102617264 57.70846939086914
11.28415 0.007787641137838364 0.06581177562475204 0.997801661491394 10.885608673095703 0.016403798013925552 0.9976891875267029 -0.06593239307403564 -0.5504461526870728 -0.9998351335525513 0.016881195828318596 0.00669008307158947 57.697715759277344
11.3859 -0.0039142221212387085 0.06645158678293228 0.9977819919586182 11.502663612365723 0.01721120811998844 0.9976462721824646 -0.0663750171661377 -0.5878008604049683 -0.9998441934585571 0.01691322773694992 -0.005048718303442001 57.68918228149414
11.48898 -0.0129705173894763 0.06940218806266785 0.9975044131278992 12.149378776550293 0.022355252876877785 0.9973591566085815 -0.06910140812397003 -0.6266850233078003 -0.9996659755706787 0.021403182297945023 -0.014487765729427338 57.672611236572266
11.59255 -0.019466716796159744 0.07110217213630676 0.9972789883613586 12.789923667907715 0.02664264664053917 0.997150719165802 -0.07057296484708786 -0.6645330190658569 -0.999455451965332 0.02519632689654827 -0.02130560204386711 57.65031051635742
11.69527 -0.024336066097021103 0.07048709690570831 0.997215747833252 13.446601867675781 0.0269071776419878 0.9971960783004761 -0.0698290541768074 -0.7008798718452454 -0.9993417263031006 0.02513289824128151 -0.02616443857550621 57.63533401489258
11.79949 -0.02755948156118393 0.06765113770961761 0.9973282217979431 14.10940170288086 0.025076257064938545 0.9974400401115417 -0.06696577370166779 -0.7426751852035522 -0.9993056654930115 0.023163719102740288 -0.02918536402285099 57.608421325683594
11.90171 -0.030101854354143143 0.061150845140218735 0.9976744055747986 14.832549095153809 0.02271384373307228 0.9979108572006226 -0.060480013489723206 -0.7764307856559753 -0.9992886781692505 0.020840462297201157 -0.03142793849110603 57.5948486328125
12.00482 -0.03132759407162666 0.05561789870262146 0.99796062707901 15.52692699432373 0.02426525205373764 0.9981986284255981 -0.05486945062875748 -0.8071166276931763 -0.9992145895957947 0.022496839985251427 -0.03262074664235115 57.57027053833008
12.108 -0.031562790274620056 0.05296793580055237 0.9980972409248352 16.23004913330078 0.026961544528603554 0.9982765316963196 -0.05212485417723656 -0.8434873223304749 -0.9991381168365479 0.0252650436013937 -0.03293649107217789 57.53737258911133
12.21119 -0.03147967904806137 0.055215515196323395 0.997978150844574 16.933115005493164 0.029764877632260323 0.9980819225311279 -0.05428237468004227 -0.8806874752044678 -0.9990611672401428 0.02799590490758419 -0.033062782138586044 57.51178741455078
12.3145 -0.030687447637319565 0.0627208948135376 0.997559130191803 17.677467346191406 0.030546333640813828 0.9976219534873962 -0.06178516894578934 -0.9187093377113342 -0.999062180519104 0.02857574261724949 -0.03253035992383957 57.490135192871094
12.41765 -0.02844073995947838 0.07073250412940979 0.997089684009552 18.403547286987305 0.03131883218884468 0.9970665574073792 -0.0698375254869461 -0.9516361951828003 -0.9991047382354736 0.02924145758152008 -0.030572570860385895 57.46945571899414
12.52105 -0.026366110891103745 0.07137859612703323 0.9971007704734802 19.137781143188477 0.03197944164276123 0.9969972968101501 -0.07052556425333023 -0.9916564226150513 -0.999140739440918 0.030027244240045547 -0.02856958657503128 57.45046615600586
12.62455 -0.024134034290909767 0.0672718808054924 0.9974426627159119 19.892410278320312 0.031375154852867126 0.9972928762435913 -0.0665026307106018 -1.0303969383239746 -0.9992163181304932 0.029689941555261612 -0.02617935836315155 57.4350471496582
12.72743 -0.02172885276377201 0.06041412055492401 0.9979368448257446 20.682552337646484 0.0308371651917696 0.9977381229400635 -0.0597306452691555 -1.0871039628982544 -0.9992881417274475 0.02947566844522953 -0.023542705923318863 57.4202880859375
12.83073 -0.018926549702882767 0.058655183762311935 0.9980987906455994 21.436344146728516 0.02921309322118759 0.9978839159011841 -0.05808859318494797 -1.131307601928711 -0.9993939995765686 0.028058141469955444 -0.02059999667108059 57.408935546875
12.93413 -0.015341127291321754 0.06397469341754913 0.9978336095809937 22.189006805419922 0.036801017820835114 0.9973110556602478 -0.06337539851665497 -1.1766939163208008 -0.9992047548294067 0.03574904054403305 -0.017654208466410637 57.3851203918457
13.03771 -0.011673539876937866 0.06914491951465607 0.9975382685661316 22.939939498901367 0.03887315094470978 0.9968835711479187 -0.06864462047815323 -1.2213051319122314 -0.9991759657859802 0.03797613084316254 -0.014325038529932499 57.3669548034668
13.14165 -0.009772318415343761 0.07013101875782013 0.997489869594574 23.703279495239258 0.03247501328587532 0.9970335960388184 -0.06978078931570053 -1.2632125616073608 -0.9994247555732727 0.03171158581972122 -0.01202083658427 57.37925720214844
13.24421 -0.0061560762114822865 0.06721379607915878 0.9977195858955383 24.462411880493164 0.028221670538187027 0.9973528385162354 -0.06701494753360748 -1.3000847101211548 -0.9995827674865723 0.027744771912693977 -0.008036665618419647 57.379371643066406
13.34803 -0.001603548415005207 0.0630292072892189 0.9980103373527527 25.22484588623047 0.032578371465206146 0.9974852204322815 -0.06294369697570801 -1.35456383228302 -0.9994678497314453 0.03241262212395668 -0.0036529041826725006 57.3724479675293
13.45277 0.00130463857203722 0.06387361139059067 0.9979571104049683 26.002513885498047 0.03637471795082092 0.997294545173645 -0.06387875229120255 -1.4151873588562012 -0.999337375164032 0.036383744329214096 -0.0010222746059298515 57.386619567871094
13.55488 0.004506999626755714 0.0685930997133255 0.9976344704627991 26.764551162719727 0.03635828569531441 0.9969738125801086 -0.06871193647384644 -1.4563117027282715 -0.9993286728858948 0.03658197447657585 0.0019994317553937435 57.38848114013672
13.65796 0.008278883993625641 0.06963267922401428 0.9975383281707764 27.532489776611328 0.032697368413209915 0.9970203042030334 -0.06986789405345917 -1.495074987411499 -0.9994310140609741 0.03319530934095383 0.005977409891784191 57.39902877807617
13.76127 0.011426784098148346 0.06889872997999191 0.9975581765174866 28.29343605041504 0.03171771392226219 0.9970963597297668 -0.06923015415668488 -1.5476009845733643 -0.9994316697120667 0.03243134543299675 0.00920829363167286 57.416961669921875
13.86467 0.015286911278963089 0.0654558464884758 0.9977383017539978 29.05792236328125 0.03619938716292381 0.9971645474433899 -0.06597283482551575 -1.6037578582763672 -0.99922776222229 0.03712603822350502 0.012874104082584381 57.4290771484375
13.96817 0.01892012171447277 0.06593582034111023 0.9976444840431213 29.84636878967285 0.04067297279834747 0.9969463348388672 -0.066661037504673 -1.6613774299621582 -0.9989933371543884 0.04183840751647949 0.01618053950369358 57.43486785888672
14.07164 0.022694267332553864 0.06684394925832748 0.9975053071975708 30.610397338867188 0.043238893151283264 0.9967630505561829 -0.06777794659137726 -1.7082130908966064 -0.998806893825531 0.04466919228434563 0.019730549305677414 57.441959381103516
14.17505 0.025444164872169495 0.06676613539457321 0.9974441528320312 31.389057159423828 0.04406528174877167 0.9967224597930908 -0.06784190237522125 -1.75193190574646 -0.9987044930458069 0.04567883908748627 0.022418702021241188 57.463375091552734
14.2786 0.02865603379905224 0.06499258428812027 0.997474193572998 32.15393829345703 0.04530055820941925 0.9967743754386902 -0.06624840945005417 -1.8054389953613281 -0.9985622763633728 0.04708455130457878 0.025619395077228546 57.48945999145508
14.38212 0.03210010379552841 0.06426955759525299 0.9974161386489868 32.94668197631836 0.04727442190051079 0.9967159032821655 -0.06574587523937225 -1.8578100204467773 -0.9983659982681274 0.049262724816799164 0.028956376016139984 57.51828384399414
14.4855 0.035176925361156464 0.06463001668453217 0.9972890615463257 33.709068298339844 0.0456959493458271 0.9967589378356934 -0.06620747596025467 -1.901986837387085 -0.9983358383178711 0.04790104925632477 0.0321095809340477 57.54475402832031
14.58897 0.03807267174124718 0.06622526794672012 0.997078001499176 34.48040008544922 0.043072961270809174 0.9967653155326843 -0.06784920394420624 -1.9490339756011963 -0.9983462691307068 0.04553031176328659 0.03509700298309326 57.57961654663086
14.69245 0.04092051833868027 0.06642420589923859 0.9969519972801208 35.25444412231445 0.044897306710481644 0.99665766954422 -0.06824742257595062 -1.9923343658447266 -0.9981530904769897 0.047553181648254395 0.03780147433280945 57.60875701904297
14.79597 0.043696820735931396 0.06588274240493774 0.9968699812889099 36.04167938232422 0.04263492673635483 0.9967911839485168 -0.06774637848138809 -2.044637441635132 -0.9981346130371094 0.045461785048246384 0.04074769467115402 57.64579772949219
14.89949 0.04571216553449631 0.06665012240409851 0.9967286586761475 36.865631103515625 0.04024399444460869 0.9968388676643372 -0.06850314140319824 -2.097451686859131 -0.9981436729431152 0.04324377328157425 0.042885392904281616 57.70601272583008
15.00287 0.04883372783660889 0.06669633835554123 0.9965775012969971 37.64836120605469 0.03743579238653183 0.9969447255134583 -0.0685553103685379 -2.144817590713501 -0.9981051087379456 0.040655482560396194 0.046187687665224075 57.74468231201172
15.1064 0.05177086964249611 0.06838563084602356 0.9963147044181824 38.42520523071289 0.03594254329800606 0.9968786835670471 -0.07029200345277786 -2.199089288711548 -0.9980120062828064 0.03944915905594826 0.049151331186294556 57.79170227050781
15.20987 0.05504781752824783 0.07192815095186234 0.9958895444869995 39.21438980102539 0.03495193272829056 0.9966518878936768 -0.07391518354415894 -2.247870445251465 -0.9978716969490051 0.03887713700532913 0.05234949290752411 57.83958435058594
15.31336 0.05841289088129997 0.07452532649040222 0.9955068230628967 40.009708404541016 0.03546109050512314 0.9964253902435303 -0.07667482644319534 -2.296001434326172 -0.9976624846458435 0.03978056460618973 0.055561333894729614 57.88800811767578
15.41675 0.0612979494035244 0.07664574682712555 0.9951723217964172 40.809059143066406 0.02945743314921856 0.996474027633667 -0.07856043428182602 -2.3502583503723145 -0.9976847171783447 0.03413081541657448 0.05882402881979942 57.9503288269043
15.52022 0.06461769342422485 0.07555581629276276 0.9950457215309143 41.60536575317383 0.026019584387540817 0.9966630339622498 -0.07736830413341522 -2.4059300422668457 -0.9975707530975342 0.03089004009962082 0.06243613734841347 57.99979782104492
15.62392 0.06785105168819427 0.0763135626912117 0.9947725534439087 42.39800262451172 0.028445439413189888 0.9965170621871948 -0.07838758826255798 -2.461297035217285 -0.9972899556159973 0.03361542150378227 0.06544395536184311 58.05876541137695
15.7272 0.07196173816919327 0.07710086554288864 0.9944229125976562 43.20579147338867 0.027472488582134247 0.9964762330055237 -0.0792481079697609 -2.52787446975708 -0.9970290064811707 0.03302209451794624 0.0695900171995163 58.12069320678711
15.83062 0.07539243251085281 0.07801789790391922 0.9940972328186035 44.01264953613281 0.023960618302226067 0.9965049028396606 -0.08002401888370514 -2.5827603340148926 -0.99686598777771 0.029852386564016342 0.07325957715511322 58.196102142333984
15.93425 0.07959448546171188 0.07677928358316422 0.993865966796875 44.84000778198242 0.02265275828540325 0.99663245677948 -0.07880716025829315 -2.634459972381592 -0.9965699315071106 0.028786418959498405 0.07758717983961105 58.26023483276367
16.03941 0.08475171029567719 0.07652326673269272 0.9934592843055725 45.650970458984375 0.02315497025847435 0.9966260194778442 -0.07874254137277603 -2.696267604827881 -0.996133029460907 0.02967708744108677 0.08269387483596802 58.325111389160156
16.14091 0.0899692252278328 0.07995597273111343 0.9927298426628113 46.46419143676758 0.01972126215696335 0.9964336156845093 -0.08204159885644913 -2.76054048538208 -0.9957492351531982 0.02695910818874836 0.0880715474486351 58.40491485595703
16.2443 0.09626329690217972 0.08866831660270691 0.9913986921310425 47.273292541503906 0.01826576516032219 0.9956991672515869 -0.09082651883363724 -2.8203420639038086 -0.995188295841217 0.026851914823055267 0.09422969818115234 58.48163604736328
16.34828 0.10305607318878174 0.09317708760499954 0.9903017282485962 48.088401794433594 0.01653330773115158 0.9953047633171082 -0.09536836296319962 -2.8913259506225586 -0.9945381879806519 0.026201248168945312 0.10103166103363037 58.58222198486328
16.45345 0.11004389077425003 0.09655352681875229 0.9892258048057556 48.92584991455078 0.011836308985948563 0.9950724244117737 -0.09844089299440384 -2.956552743911743 -0.9938562512397766 0.022541597485542297 0.10835880786180496 58.68673324584961
16.55445 0.117442786693573 0.09446118026971817 0.9885769486427307 49.757469177246094 0.007960357703268528 0.995344340801239 -0.09605353325605392 -3.034229278564453 -0.993047833442688 0.01915021985769272 0.1161440759897232 58.79252243041992
