0.0 1.0000001192092896 -3.9108272176235914e-11 0.0 2.980232594040899e-08 -3.9108272176235914e-11 1.0 0.0 -1.1655173354219173e-18 0.0 0.0 1.0 0.0
0.1037359 0.999991238117218 -0.0025911973789334297 -0.003326124045997858 0.0006714009214192629 0.0025846408680081367 0.999994695186615 -0.0019739556591957808 -0.007025288883596659 0.003331220941618085 0.0019653411582112312 0.9999925494194031 0.6890375018119812
0.2073381 0.9999731779098511 -0.001446287613362074 -0.0071989730931818485 -0.010014559142291546 0.0014203654136508703 0.9999924898147583 -0.003604607656598091 -0.008468840271234512 0.007204131223261356 0.003594285110011697 0.9999675750732422 1.3923908472061157
0.3110752 0.9999299049377441 -0.0017151293577626348 -0.01171007938683033 -0.01745733432471752 0.0016566126141697168 0.9999860525131226 -0.005004972219467163 -0.012598374858498573 0.011718499474227428 0.004985222592949867 0.9999189376831055 2.135345697402954
0.4146917 0.9998633861541748 -0.0002905045112129301 -0.01653067022562027 -0.03611917793750763 0.00020122429123148322 0.9999855160713196 -0.005402300041168928 -0.020623650401830673 0.016531996428966522 0.005398235749453306 0.9998487234115601 2.876668930053711
0.5184302 0.9997848868370056 -0.0011887523578479886 -0.02070879004895687 -0.057013120502233505 0.0010636169463396072 0.9999811053276062 -0.0060525918379426 -0.021960990503430367 0.020715590566396713 0.006029263138771057 0.9997672438621521 3.644174575805664
0.6220448 0.999691367149353 0.0009508593939244747 -0.02482500672340393 -0.0862598568201065 -0.00112915167119354 0.9999735951423645 -0.007168937474489212 -0.03497973829507828 0.024817535653710365 0.007194755598902702 0.9996660947799683 4.399239540100098
0.7257977 0.9995503425598145 0.0038411610294133425 -0.02973717451095581 -0.1157163456082344 -0.00408707233145833 0.9999578595161438 -0.008213123306632042 -0.036562442779541016 0.029704375192523003 0.008330968208611012 0.9995240569114685 5.193853378295898
0.8294199 0.9994137287139893 0.003633093787357211 -0.0340435728430748 -0.149911031126976 -0.0038435161113739014 0.9999738931655884 -0.006117570213973522 -0.05123039707541466 0.03402044251561165 0.006244830321520567 0.9994016289710999 6.006006240844727
0.9331467 0.9992567896842957 0.0025461409240961075 -0.03846420720219612 -0.18368595838546753 -0.0026641259901225567 0.9999918937683105 -0.0030164620839059353 -0.06271252781152725 0.038456209003925323 0.003116693114861846 0.9992554187774658 6.8301615715026855
1.03691 0.9991388916969299 0.0025778026320040226 -0.041411422193050385 -0.23444205522537231 -0.002604117849841714 0.9999964237213135 -0.0005815180484205484 -0.06945637613534927 0.041409775614738464 0.0006888573407195508 0.999142050743103 7.666420936584473
1.140497 0.9990214109420776 0.004011742305010557 -0.044046323746442795 -0.2736683785915375 -0.00408141128718853 0.9999906420707703 -0.0014918983215466142 -0.07286471873521805 0.04403991997241974 0.0016702094580978155 0.9990284442901611 8.503552436828613
1.244242 0.9989185929298401 0.0038271844387054443 -0.046334799379110336 -0.31261736154556274 -0.0038980222307145596 0.9999914169311523 -0.0014385631075128913 -0.08445771783590317 0.046328894793987274 0.0016176215140148997 0.998924970626831 9.346441268920898
1.347979 0.9988482594490051 0.0006373931537382305 -0.04797745496034622 -0.3649327754974365 -0.0007303527090698481 0.9999978542327881 -0.0019200558308511972 -0.09433507174253464 0.04797612875699997 0.0019528844859451056 0.9988465905189514 10.221381187438965
1.451596 0.9987330436706543 0.0004153582558501512 -0.05032085254788399 -0.4017783999443054 -0.00046491858665831387 0.9999994039535522 -0.0009731851168908179 -0.10195432603359222 0.050320420414209366 0.000995346810668707 0.9987326264381409 11.079682350158691
1.555212 0.9986903071403503 -0.0013617809163406491 -0.05114550516009331 -0.4549141824245453 0.0012968300143256783 0.9999983310699463 -0.0013030816335231066 -0.10817625373601913 0.05114719644188881 0.0012350482866168022 0.9986903667449951 11.950480461120605
1.65896 0.9985929727554321 0.0010054343147203326 -0.05302032083272934 -0.5136938095092773 -0.0011826640693470836 0.9999937415122986 -0.003311406122520566 -0.12280132621526718 0.053016647696495056 0.0033694517333060503 0.998587965965271 12.841230392456055
1.762569 0.9985203742980957 0.0015282158274203539 -0.05435844883322716 -0.5646032691001892 -0.0018578291637822986 0.9999802112579346 -0.006013687700033188 -0.13056206703186035 0.0543481707572937 0.006105778738856316 0.9985033869743347 13.732879638671875
1.866302 0.9984322190284729 0.005031137261539698 -0.055747706443071365 -0.6284283399581909 -0.005463364999741316 0.9999561309814453 -0.007603599224239588 -0.14104565978050232 0.05570700392127037 0.007896248251199722 0.998416006565094 14.620429992675781
1.969923 0.9983688592910767 0.006323750130832195 -0.056741949170827866 -0.6931231021881104 -0.006731064058840275 0.9999529719352722 -0.00699011841788888 -0.16026867926120758 0.056695062667131424 0.007360648829489946 0.9983644485473633 15.54057502746582
2.073666 0.9982858896255493 0.005367086734622717 -0.05828162655234337 -0.742732048034668 -0.005708272568881512 0.999967634677887 -0.005689166486263275 -0.17273634672164917 0.05824919790029526 0.006012100726366043 0.9982840418815613 16.45186424255371
2.177281 0.9982234835624695 0.005758547689765692 -0.05930370092391968 -0.8026851415634155 -0.006027641706168652 0.999972403049469 -0.004359672777354717 -0.17929992079734802 0.05927696451544762 0.004709388129413128 0.998230516910553 17.375789642333984
2.281017 0.9981751441955566 0.006111618597060442 -0.060075320303440094 -0.8786932826042175 -0.006360769271850586 0.999971866607666 -0.003956950735300779 -0.2010250985622406 0.060049448162317276 0.004331854172050953 0.998185932636261 18.30612564086914
2.384639 0.9980524778366089 0.005658016074448824 -0.062122002243995667 -0.92905193567276 -0.005938445217907429 0.999972939491272 -0.004330477677285671 -0.21686911582946777 0.062095824629068375 0.00469095166772604 0.998059093952179 19.24460220336914
2.48825 0.998026430606842 0.004217763897031546 -0.0626542940735817 -0.9959907531738281 -0.00454553309828043 0.9999766945838928 -0.005089768674224615 -0.2291337102651596 0.06263136863708496 0.005364520475268364 0.998022198677063 20.196361541748047
2.591988 0.9979959726333618 0.0043481336906552315 -0.06312835216522217 -1.0673773288726807 -0.004574944265186787 0.9999836087226868 -0.0034487261436879635 -0.24096927046775818 0.06311231851577759 0.0037306230515241623 0.9979994893074036 21.1218318939209
2.695832 0.9979883432388306 0.005766565911471844 -0.06313556432723999 -1.132516622543335 -0.005789097398519516 0.9999833106994629 -0.00017394800670444965 -0.24896900355815887 0.06313351541757584 0.0005390963051468134 0.9980049729347229 22.07744598388672
2.799367 0.9980371594429016 0.00616255309432745 -0.062320444732904434 -1.1916733980178833 -0.0059346649795770645 0.9999750852584839 0.003841160563752055 -0.260165810585022 0.06234255060553551 -0.00346376933157444 0.9980488419532776 23.028785705566406
2.903084 0.9981564283370972 0.005153022240847349 -0.060473740100860596 -1.2638323307037354 -0.004765105899423361 0.9999670386314392 0.0065570794977247715 -0.2679019868373871 0.06050553545355797 -0.006256826221942902 0.9981483221054077 23.98954963684082
3.006768 0.9982674717903137 0.005333887878805399 -0.05859728530049324 -1.3254225254058838 -0.004950211849063635 0.9999653100967407 0.0066908677108585835 -0.2650965452194214 0.05863095074892044 -0.00638920534402132 0.9982592463493347 24.955801010131836
3.110441 0.9983277320861816 0.005588605534285307 -0.05753757804632187 -1.3812350034713745 -0.005342197138816118 0.999975860118866 0.004435471259057522 -0.2763977646827698 0.057560984045267105 -0.0041206758469343185 0.9983334541320801 25.92267608642578
3.214057 0.9983925819396973 0.006842719856649637 -0.056262485682964325 -1.4507118463516235 -0.006871279329061508 0.999976396560669 -0.0003141839406453073 -0.2860000729560852 0.056258998811244965 0.0007002744823694229 0.9984158873558044 26.896656036376953
3.317669 0.9984700083732605 0.00615747319534421 -0.05495227873325348 -1.5072659254074097 -0.006346482317894697 0.9999745488166809 -0.0032656737603247166 -0.29250264167785645 0.05493077635765076 0.0036094312090426683 0.9984835982322693 27.870826721191406
3.421285 0.9985288977622986 0.0030178395099937916 -0.05413875728845596 -1.5597176551818848 -0.0031417529098689556 0.9999926686286926 -0.0022038575261831284 -0.30126410722732544 0.05413170903921127 0.002370706293731928 0.9985309839248657 28.853723526000977
3.524925 0.9985187649726868 0.0014017268549650908 -0.05438803881406784 -1.619017481803894 -0.0012331276666373014 0.9999942779541016 0.0031333675142377615 -0.3198109269142151 0.054392121732234955 -0.003061660099774599 0.9985149502754211 29.867172241210938
3.628545 0.9984716773033142 -0.0020034536719322205 -0.05522848293185234 -1.6706818342208862 0.0023573387879878283 0.9999770522117615 0.00634324736893177 -0.3259233236312866 0.05521450936794281 -0.006463746074587107 0.9984536170959473 30.865507125854492
3.732256 0.9983829855918884 -0.00982210598886013 -0.05599002167582512 -1.7253565788269043 0.010179037228226662 0.9999296069145203 0.006093301344662905 -0.3354371190071106 0.055926233530044556 -0.0066533745266497135 0.9984127283096313 31.869619369506836
3.835871 0.9982712268829346 -0.012230531312525272 -0.05748872458934784 -1.7784854173660278 0.012384848669171333 0.9999206066131592 0.0023287965450435877 -0.3397148847579956 0.05745568126440048 -0.003036760725080967 0.9983434081077576 32.877079010009766
3.939488 0.9982255101203918 -0.011791257187724113 -0.05836745351552963 -1.8444734811782837 0.01170325931161642 0.9999297261238098 -0.0018492667004466057 -0.34531116485595703 0.05838515982031822 0.00116289546713233 0.9982934594154358 33.869422912597656
4.043107 0.9980852007865906 -0.010891282930970192 -0.06088763847947121 -1.912062644958496 0.010750100947916508 0.9999387264251709 -0.0026458490174263716 -0.3507069945335388 0.060912713408470154 0.001986235147342086 0.9981411695480347 34.90176010131836
4.146888 0.9980500936508179 -0.01120296772569418 -0.06140328571200371 -1.9754273891448975 0.011157628148794174 0.9999371767044067 -0.0010812494438141584 -0.3609827160835266 0.0614115372300148 0.0003940262831747532 0.9981124997138977 35.92315673828125
4.25046 0.998016357421875 -0.0076832398772239685 -0.06248532608151436 -2.05303692817688 0.007816904224455357 0.999967634677887 0.0018949602963402867 -0.3827497959136963 0.0624687597155571 -0.0023796434979885817 0.9980440735816956 36.9373893737793
4.354202 0.9979403614997864 -0.006998593918979168 -0.06376472860574722 -2.1175074577331543 0.00722330529242754 0.999968409538269 0.003294234862551093 -0.39745742082595825 0.06373966485261917 -0.003748042043298483 0.9979594945907593 37.95195388793945
4.45794 0.9978843331336975 -0.006334175355732441 -0.06470531225204468 -2.1917355060577393 0.006750505417585373 0.9999578595161438 0.006217667367309332 -0.40877702832221985 0.06466320902109146 -0.006641307845711708 0.99788498878479 39.0066032409668
4.561559 0.9978950619697571 -0.006602385547012091 -0.06451353430747986 -2.262998104095459 0.00721288425847888 0.9999313354492188 0.009234827943146229 -0.4120246171951294 0.06444813311100006 -0.009680718183517456 0.9978740811347961 40.03752517700195
4.665293 0.9978756308555603 -0.0006913531688041985 -0.06514424830675125 -2.337812900543213 0.0014415335608646274 0.999933123588562 0.011469374410808086 -0.41674959659576416 0.06513196974992752 -0.011538916267454624 0.997809886932373 41.06732177734375
4.768912 0.9978929758071899 -0.0007938369526527822 -0.06487739086151123 -2.4128873348236084 0.001502562197856605 0.9999396204948425 0.010876002721488476 -0.41907814145088196 0.06486485153436661 -0.01095056813210249 0.9978339076042175 42.08209991455078
4.872532 0.9978505969047546 -0.0007903337245807052 -0.06552565842866898 -2.4666950702667236 0.0013911776477470994 0.9999574422836304 0.009124469943344593 -0.42194750905036926 0.0655156597495079 -0.009196015074849129 0.9978092908859253 43.1176643371582
4.976146 0.9978466033935547 0.0014507195446640253 -0.06557504832744598 -2.5372748374938965 -0.0009834981756284833 0.9999738931655884 0.007156705483794212 -0.4301151633262634 0.065583735704422 -0.007076801732182503 0.9978219866752625 44.138427734375
5.079909 0.9977637529373169 0.0008348835981450975 -0.06683341413736343 -2.6018245220184326 -0.0003689950390253216 0.9999755620956421 0.0069829244166612625 -0.42937394976615906 0.0668376237154007 -0.006942650303244591 0.9977396726608276 45.15481948852539
5.183503 0.9976896643638611 -0.0014260326279327273 -0.06792139261960983 -2.671536684036255 0.0019908128306269646 0.9999639987945557 0.008248251862823963 -0.4349976181983948 0.0679071918129921 -0.008364414796233177 0.997656524181366 46.181724548339844
5.287117 0.9976335167884827 -0.0009614613372832537 -0.0687507763504982 -2.7429497241973877 0.0015818218234926462 0.9999585151672363 0.008969461545348167 -0.4363739490509033 0.06873930245637894 -0.00905698537826538 0.9975935220718384 47.1903190612793
5.390861 0.997627317905426 0.0017876570345833898 -0.0688224658370018 -2.813758611679077 -0.0013855707366019487 0.9999817609786987 0.005889668129384518 -0.44843462109565735 0.06883174180984497 -0.005780335050076246 0.9976115226745605 48.17571258544922
5.494473 0.9975479245185852 0.0021919715218245983 -0.06995275616645813 -2.8889143466949463 -0.002099654171615839 0.9999968409538269 0.001393208047375083 -0.4546237587928772 0.06995557248592377 -0.0012429158668965101 0.997549295425415 49.215354919433594
5.598233 0.997523307800293 0.0030706850811839104 -0.07026926428079605 -2.965070962905884 -0.0030489331111311913 0.9999952912330627 0.0004168021841906011 -0.4650840759277344 0.07027021050453186 -0.00020152423530817032 0.9975278973579407 50.20489501953125
5.701829 0.9975467324256897 0.0017446146812289953 -0.06998137384653091 -3.045475959777832 -0.0014735688455402851 0.999991238117218 0.003924548625946045 -0.4752548635005951 0.06998761743307114 -0.003811798756942153 0.9975404739379883 51.20771408081055
5.805571 0.9974873661994934 -3.6326204281067476e-05 -0.07084409892559052 -3.1040761470794678 0.0005374795291572809 0.9999750256538391 0.0070549799129366875 -0.48638656735420227 0.07084209471940994 -0.007075330708175898 0.9974623918533325 52.20859146118164
5.909185 0.9974560141563416 -0.002064221305772662 -0.0712549015879631 -3.170067071914673 0.0026339672040194273 0.9999654293060303 0.007902850396931171 -0.49470841884613037 0.07123612612485886 -0.008070427924394608 0.9974268078804016 53.19380569458008
6.012921 0.9974365830421448 -0.005527793429791927 -0.0713423565030098 -3.236351490020752 0.006011323072016239 0.9999603629112244 0.006564680021256208 -0.5010897517204285 0.07130322605371475 -0.006976713892072439 0.9974303245544434 54.18217468261719
6.116541 0.9973788261413574 -0.008514609187841415 -0.07185346633195877 -3.3003296852111816 0.008933995850384235 0.9999448657035828 0.005517318844795227 -0.5106322765350342 0.0718025267124176 -0.006144796498119831 0.9973999261856079 55.15236282348633
6.220278 0.9972770810127258 -0.01022933330386877 -0.07303282618522644 -3.367802381515503 0.010731535032391548 0.9999213814735413 0.0064872922375798225 -0.5151951909065247 0.07296072691679001 -0.007253381889313459 0.9973085522651672 56.12382507324219
6.323895 0.9971625208854675 -0.013031763024628162 -0.07414261251688004 -3.438845157623291 0.013866634108126163 0.9998459815979004 0.010756720788776875 -0.5243489742279053 0.07399100810289383 -0.011754307895898819 0.9971896409988403 57.125457763671875
6.427659 0.9971295595169067 -0.01343771442770958 -0.07451257109642029 -3.512300491333008 0.01464647613465786 0.9997695088386536 0.015699606388807297 -0.5258710980415344 0.07428441941738129 -0.01674589142203331 0.9970964789390564 58.105613708496094
6.531383 0.9971092343330383 -0.01198304072022438 -0.07503118366003036 -3.5906238555908203 0.013336953707039356 0.9997567534446716 0.017569687217473984 -0.5223840475082397 0.07480238378047943 -0.018519585952162743 0.9970263242721558 59.06983947753906
6.634992 0.9969664812088013 -0.01128349918872118 -0.07701043784618378 -3.659472942352295 0.012394384481012821 0.9998257160186768 0.01396244391798973 -0.5265041589736938 0.07683944702148438 -0.014874584972858429 0.9969325065612793 60.046566009521484
6.738741 0.9969111680984497 -0.009197547100484371 -0.07799739390611649 -3.7386527061462402 0.00971717108041048 0.9999330043792725 0.006285160314291716 -0.5288465023040771 0.07793436199426651 -0.0070236604660749435 0.9969337582588196 60.99279022216797
6.84235 0.9968547821044922 -0.007277151104062796 -0.0789153054356575 -3.8148059844970703 0.007419563829898834 0.999971330165863 0.0015115607529878616 -0.5397263169288635 0.07890202850103378 -0.002092324197292328 0.9968801736831665 61.917022705078125
6.945963 0.9967886805534363 -0.003365540411323309 -0.08000555634498596 -3.8996620178222656 0.0035741101019084454 0.9999905228614807 0.0024638865143060684 -0.5476399064064026 0.0799965038895607 -0.0027419233229011297 0.9967913627624512 62.86625671386719
7.049705 0.9967262744903564 -0.0008118372643366456 -0.08084644377231598 -3.9798049926757812 0.0012075946433469653 0.9999874830245972 0.004846406169235706 -0.5587841272354126 0.08084151893854141 -0.004928170703351498 0.9967148303985596 63.7723503112793
7.153323 0.9966126084327698 0.0016357740387320518 -0.08222321420907974 -4.053061485290527 -0.0010996676282957196 0.9999778866767883 0.006565007381141186 -0.572838544845581 0.08223213255405426 -0.006452350877225399 0.9965922832489014 64.6727523803711
7.256934 0.9965372085571289 0.002610559342429042 -0.08310690522193909 -4.139462471008301 -0.002124833408743143 0.999980092048645 0.005932508036494255 -0.5740799903869629 0.08312074095010757 -0.005735376384109259 0.9965231418609619 65.58516693115234
7.360549 0.9963866472244263 0.0039397780783474445 -0.08484234660863876 -4.216251373291016 -0.0033716214820742607 0.9999708533287048 0.00683886744081974 -0.5803475975990295 0.08486685156822205 -0.006528100930154324 0.9963709115982056 66.44886779785156
7.464167 0.9962826371192932 0.005088981706649065 -0.08599428087472916 -4.298348903656006 -0.004467957653105259 0.999962568283081 0.007412638049572706 -0.5935413837432861 0.0860287994146347 -0.007000862155109644 0.9962681531906128 67.3184814453125
7.567786 0.9961381554603577 0.004546815529465675 -0.08768166601657867 -4.370393753051758 -0.003841521916911006 0.9999589323997498 0.008210873231291771 -0.6036413311958313 0.08771540224552155 -0.007842332124710083 0.9961147904396057 68.16417694091797
7.671396 0.996043860912323 0.004723849706351757 -0.08873705565929413 -4.452672958374023 -0.003951537888497114 0.9999527335166931 0.008877025917172432 -0.6075687408447266 0.08877478539943695 -0.008491259068250656 0.9960156083106995 69.01129150390625
7.775144 0.9959352612495422 0.007488574367016554 -0.0897599309682846 -4.535220623016357 -0.006477421149611473 0.9999122619628906 0.011551082134246826 -0.6098243594169617 0.08983854949474335 -0.010922715999186039 0.9958965182304382 69.82489776611328
7.878754 0.9957955479621887 0.009098844602704048 -0.09115199744701385 -4.607564449310303 -0.007691281381994486 0.9998459219932556 0.015781303867697716 -0.6178188323974609 0.09128154069185257 -0.015013877302408218 0.9957119226455688 70.63831329345703
7.982493 0.9955822825431824 0.012225259095430374 -0.09309408068656921 -4.6845011711120605 -0.010644064284861088 0.9997908473014832 0.017462534829974174 -0.6172527074813843 0.09328809380531311 -0.016394495964050293 0.9955042004585266 71.43071746826172
8.086111 0.9954490661621094 0.015275395475327969 -0.09406257420778275 -4.769743919372559 -0.014073488302528858 0.9998106956481934 0.01342789363116026 -0.6242179274559021 0.09424988925457001 -0.01204299833625555 0.9954757690429688 72.20089721679688
8.189849 0.9953367710113525 0.015178234316408634 -0.09525930136442184 -4.848270416259766 -0.014654967933893204 0.9998734593391418 0.006190322805196047 -0.6309666633605957 0.09534119814634323 -0.004765433259308338 0.9954332709312439 72.9486312866211
8.29347 0.9952002167701721 0.014186727814376354 -0.09682612866163254 -4.916740417480469 -0.014220443554222584 0.9998987913131714 0.0003418857231736183 -0.6361793279647827 0.09682118147611618 0.0010366662172600627 0.9953013062477112 73.67726135253906
8.397102 0.9951387643814087 0.014964946545660496 -0.09733984619379044 -4.991847038269043 -0.015115488320589066 0.9998854994773865 -0.0008092703064903617 -0.6429487466812134 0.09731657058000565 0.0022766757756471634 0.995250940322876 74.38758850097656
8.500847 0.9950385093688965 0.017580537125468254 -0.09792503714561462 -5.070107460021973 -0.017389725893735886 0.9998448491096497 0.0028017177246510983 -0.6544958353042603 0.09795911610126495 -0.0010849273530766368 0.9951898455619812 75.08489227294922
8.604438 0.9948878288269043 0.018020985648036003 -0.09936448931694031 -5.137714385986328 -0.017612561583518982 0.9998323917388916 0.004986099898815155 -0.6681466102600098 0.09943769127130508 -0.0032105478458106518 0.995038628578186 75.75312805175781
8.708175 0.9948610067367554 0.01461262907832861 -0.10018973052501678 -5.205544471740723 -0.014500133693218231 0.9998931288719177 0.001850991859100759 -0.6810964345932007 0.10020607709884644 -0.0003887148923240602 0.9949666857719421 76.4075927734375
8.811795 0.9949192404747009 0.006847229320555925 -0.10044236481189728 -5.255603790283203 -0.007206253241747618 0.9999688267707825 -0.003212032141163945 -0.6918903589248657 0.10041725635528564 0.003919526934623718 0.9949377775192261 77.03987121582031
8.915403 0.9950622916221619 0.0028714134823530912 -0.09921049326658249 -5.313600540161133 -0.003668690100312233 0.9999623894691467 -0.007854696363210678 -0.7065038681030273 0.09918422996997833 0.00817988533526659 0.9950355291366577 77.65210723876953
9.019162 0.9953464865684509 0.005433532875031233 -0.09620711207389832 -5.368818283081055 -0.006265802774578333 0.9999454617500305 -0.008350816555321217 -0.7139887809753418 0.09615650773048401 0.008914771489799023 0.9953263998031616 78.25007629394531
9.12289 0.9957394599914551 0.010257191956043243 -0.0916392132639885 -5.436688423156738 -0.010774059221148491 0.9999287724494934 -0.0051473104394972324 -0.7289773225784302 0.091579869389534 0.00611270684748888 0.9957790374755859 78.82254791259766
9.226512 0.9961658120155334 0.00838011596351862 -0.08708333224058151 -5.479824066162109 -0.008593491278588772 0.9999609589576721 -0.0020756565500050783 -0.7370176315307617 0.0870625376701355 0.0028160482179373503 0.9961988925933838 79.39678955078125
9.330247 0.9966726303100586 0.004720394499599934 -0.08137151598930359 -5.515140533447266 -0.004573965910822153 0.9999876022338867 0.0019857953302562237 -0.7449969053268433 0.08137987554073334 -0.0016069971024990082 0.9966819286346436 79.95218658447266
9.433986 0.9972983598709106 0.00038972345646470785 -0.07345683872699738 -5.53677225112915 4.3644351535476744e-05 0.9999827146530151 0.005897920578718185 -0.7617086172103882 0.07345786690711975 -0.005885190796107054 0.9972809553146362 80.49536895751953
9.537749 0.9980121850967407 0.004168128129094839 -0.06288539618253708 -5.565629482269287 -0.0038098127115517855 0.9999758005142212 0.005816748831421137 -0.773497462272644 0.06290813535451889 -0.005565604194998741 0.9980037808418274 81.02420806884766
9.641587 0.9988139271736145 0.009467060677707195 -0.047759879380464554 -5.590154647827148 -0.009227472357451916 0.999943733215332 0.005234481766819954 -0.7757209539413452 0.04780673608183861 -0.004787570796906948 0.998845100402832 81.54300689697266
9.745342 0.999453604221344 0.014603094197809696 -0.029652714729309082 -5.605117321014404 -0.014445140957832336 0.999880313873291 0.0055339825339615345 -0.7753347158432007 0.02972998097538948 -0.005102621391415596 0.9995450377464294 82.04308319091797
9.849229 0.9998844265937805 0.013269391842186451 -0.007435940206050873 -5.593601703643799 -0.01322396844625473 0.9998937845230103 0.006124810315668583 -0.7806089520454407 0.007516421377658844 -0.0060257697477936745 0.9999536275863647 82.52985382080078
9.953059 0.999779999256134 0.009551329538226128 0.018678143620491028 -5.5607829093933105 -0.00968694593757391 0.9999273419380188 0.007183711044490337 -0.7861035466194153 -0.018608175218105316 -0.0073630656115710735 0.9997996687889099 82.99955749511719
10.05693 0.9988043308258057 0.008695675991475582 0.04810671508312225 -5.520990371704102 -0.009126467630267143 0.999920129776001 0.008742579258978367 -0.7934277057647705 -0.04802684858441353 -0.009171172976493835 0.9988039135932922 83.45384979248047
10.16083 0.996654748916626 0.008263367228209972 0.0813072919845581 -5.460966110229492 -0.0091087119653821 0.9999081492424011 0.010031481273472309 -0.7959871292114258 -0.08121693134307861 -0.010738532058894634 0.9966384768486023 83.91576385498047
10.26466 0.9928563833236694 0.008237753063440323 0.1190306544303894 -5.385401725769043 -0.009599864482879639 0.9998947978019714 0.010874525643885136 -0.8029482960700989 -0.11892855167388916 -0.011939522810280323 0.9928309917449951 84.3636474609375
10.36867 0.9870139956474304 0.00812342669814825 0.16042861342430115 -5.284796714782715 -0.009962373413145542 0.9998934864997864 0.010661695152521133 -0.8056137561798096 -0.16032490134239197 -0.012121493928134441 0.9869899153709412 84.80404663085938
10.47264 0.9787325263023376 0.007634032052010298 0.20499810576438904 -5.160072326660156 -0.010039377957582474 0.9998923540115356 0.0106959855183959 -0.8106144666671753 -0.20489439368247986 -0.012526562437415123 0.9787039160728455 85.22874450683594
10.57663 0.9671290516853333 0.009883478283882141 0.254093736410141 -5.041614532470703 -0.012521077878773212 0.999883234500885 0.008765174075961113 -0.8185480833053589 -0.2539774179458618 -0.011658581905066967 0.9671398997306824 85.60320281982422
10.68062 0.951617956161499 0.010777201503515244 0.30709484219551086 -4.881259918212891 -0.013234523124992847 0.9998949766159058 0.0059204548597335815 -0.8251522183418274 -0.30699875950813293 -0.00969826802611351 0.9516605138778687 85.99623107910156
10.78461 0.9319487810134888 0.011089570820331573 0.36242032051086426 -4.689477920532227 -0.013327437452971935 0.999904453754425 0.0036752233281731606 -0.8295465111732483 -0.36234498023986816 -0.008255255408585072 0.9320074915885925 86.37454986572266
10.88875 0.907508909702301 0.011625399813055992 0.419871985912323 -4.495719909667969 -0.013593294657766819 0.9999062418937683 0.0016951002180576324 -0.8327803015708923 -0.4198129177093506 -0.007245761342346668 0.9075818061828613 86.72360229492188
10.99272 0.8786007165908813 0.011743984185159206 0.4774128198623657 -4.274509429931641 -0.013077249750494957 0.9999144077301025 -0.0005305670201778412 -0.8358387351036072 -0.4773781895637512 -0.005777089390903711 0.8786789178848267 87.04576110839844
11.09659 0.8450585007667542 0.011157974600791931 0.5345573425292969 -4.0287322998046875 -0.01089708786457777 0.9999340772628784 -0.0036451825872063637 -0.8315401673316956 -0.5345628261566162 -0.002744726836681366 0.8451242446899414 87.36160278320312
11.20057 0.8079772591590881 0.010761775076389313 0.5891152620315552 -3.758544921875 -0.010242407210171223 0.9999387264251709 -0.004219007678329945 -0.8473620414733887 -0.5891245603561401 -0.002625095658004284 0.8080379366874695 87.66957092285156
11.30431 0.768954873085022 0.008449853397905827 0.6392472982406616 -3.4703712463378906 -0.008607315830886364 0.9999588131904602 -0.0028641014359891415 -0.8609338998794556 -0.6392452716827393 -0.003299838863313198 0.7689959406852722 87.92425537109375
11.40818 0.7255899310112 0.008289809338748455 0.688077449798584 -3.180999755859375 -0.010533599182963371 0.9999440312385559 -0.0009392427746206522 -0.8660086989402771 -0.6880466938018799 -0.0065664262510836124 0.7256367802619934 88.18559265136719
11.51192 0.6806204915046692 0.007330266758799553 0.7325993776321411 -2.8657264709472656 -0.009442459791898727 0.9999546408653259 -0.0012328719021752477 -0.8653498888015747 -0.7325752377510071 -0.006078424397855997 0.6806589365005493 88.41757202148438
11.61553 0.6343201398849487 0.006431743502616882 0.7730436325073242 -2.5380935668945312 -0.006546677555888891 0.9999741315841675 -0.002947940956801176 -0.8681755065917969 -0.773042619228363 -0.0031909295357763767 0.6343461275100708 88.61981201171875
11.71927 0.5876404643058777 0.003337099449709058 0.8091151714324951 -2.197734832763672 -0.0010638738749548793 0.9999938011169434 -0.0033516886178404093 -0.8843669295310974 -0.8091214895248413 0.0011087915627285838 0.5876405239105225 88.80712890625
11.82277 0.5411359071731567 0.005533899646252394 0.8409168720245361 -1.8544464111328125 -0.003448028117418289 0.9999845027923584 -0.004361860454082489 -0.8917685747146606 -0.8409280776977539 -0.0005391464219428599 0.5411467552185059 88.98145294189453
11.92638 0.49489426612854004 0.008692499250173569 0.8689097166061401 -1.5105400085449219 -0.007054667919874191 0.9999572038650513 -0.0059854453429579735 -0.8956809043884277 -0.868924617767334 -0.0031677072402089834 0.4949344992637634 89.12487030029297
12.03 0.44836270809173584 0.010447566397488117 0.8937905430793762 -1.1634025573730469 -0.0072577353566884995 0.9999412298202515 -0.00804758258163929 -0.9052505493164062 -0.8938221335411072 -0.002878659637644887 0.4484124779701233 89.28160858154297
12.13361 0.40685123205184937 0.007038193754851818 0.9134673476219177 -0.8054885864257812 -0.000807671807706356 0.9999727010726929 -0.007344978395849466 -0.9259435534477234 -0.9134940505027771 0.002250532153993845 0.4068458080291748 89.37580108642578
12.2371 0.36752235889434814 -0.0004920207429677248 0.9300145506858826 -0.4298381805419922 0.014229055494070053 0.9998857975006104 -0.005094040185213089 -0.9275580048561096 -0.9299058318138123 0.015105404891073704 0.36748743057250977 89.46424102783203
12.3406 0.3321291208267212 -0.003654980333521962 0.9432268738746643 -0.055316925048828125 0.017794767394661903 0.9998388290405273 -0.0023915437050163746 -0.9283269047737122 -0.9430660605430603 0.01757880486547947 0.33214062452316284 89.55946350097656
12.44411 0.2983487844467163 0.0004892298602499068 0.9544568657875061 0.3084545135498047 0.014670214615762234 0.9998794198036194 -0.005098198540508747 -0.9358352422714233 -0.9543440937995911 0.015523125417530537 0.2983056306838989 89.6607666015625
12.54767 0.2670368254184723 0.008681117556989193 0.9636472463607788 0.6852912902832031 0.003564754966646433 0.999943733215332 -0.009995928034186363 -0.9452441930770874 -0.9636797904968262 0.0061044469475746155 0.2669908106327057 89.76744842529297
12.65107 0.23966506123542786 0.012050947174429893 0.9707809090614319 1.0602226257324219 -0.000957324868068099 0.999925434589386 -0.01217639446258545 -0.967699408531189 -0.970855176448822 0.001988903386518359 0.23965871334075928 89.84117126464844
12.75469 0.2140999138355255 0.013676194474101067 0.9767161011695862 1.4593238830566406 0.00022052295389585197 0.999901294708252 -0.014049178920686245 -0.9813313484191895 -0.9768118262290955 0.00322331627830863 0.21407575905323029 89.90534973144531
12.85806 0.19058175384998322 0.01489669643342495 0.9815583229064941 1.874349594116211 0.007438180036842823 0.9998341798782349 -0.01661827601492405 -0.9917851686477661 -0.9816431403160095 0.010468147695064545 0.190439373254776 89.9627685546875
12.96167 0.17079555988311768 0.02115737646818161 0.9850793480873108 2.290947914123535 0.01418550219386816 0.9996129870414734 -0.023929046466946602 -0.991997241973877 -0.9852043986320496 0.018060818314552307 0.17042933404445648 90.00083923339844
13.0652 0.15124429762363434 0.02817898988723755 0.9880946278572083 2.7140493392944336 0.016812948510050774 0.9993756413459778 -0.031074203550815582 -0.9875195622444153 -0.9883534908294678 0.021312586963176727 0.15067611634731293 90.05281829833984
13.16877 0.13348333537578583 0.02907586842775345 0.9906244874000549 3.159489631652832 0.013997932896018028 0.9994144439697266 -0.031220030039548874 -1.000119686126709 -0.9909523129463196 0.01803405024111271 0.13299816846847534 90.10923767089844
13.27235 0.11780689656734467 0.024646779522299767 0.9927306175231934 3.624929428100586 0.013049856759607792 0.9995671510696411 -0.026365133002400398 -1.0186939239501953 -0.992950975894928 0.01606098935008049 0.11743425577878952 90.16417694091797
13.37588 0.10334286838769913 0.021236512809991837 0.9944190382957458 4.10740852355957 0.012867678888142109 0.9996597766876221 -0.02268567867577076 -1.0412352085113525 -0.9945625066757202 0.015140268951654434 0.10303445160388947 90.20868682861328
13.4795 0.0899243876338005 0.019083989784121513 0.9957658052444458 4.601169586181641 0.015493092127144337 0.999668538570404 -0.02055792137980461 -1.0525673627853394 -0.9958281517028809 0.01727614924311638 0.08959892392158508 90.24427795410156
13.58311 0.07850087434053421 0.018148310482501984 0.9967489242553711 5.109189510345459 0.019020505249500275 0.9996249079704285 -0.019698675721883774 -1.0683540105819702 -0.9967325925827026 0.0205050278455019 0.07812625169754028 90.2699966430664
13.68672 0.06817257404327393 0.018542684614658356 0.9975012540817261 5.629249572753906 0.022088246420025826 0.9995540976524353 -0.020090434700250626 -1.0834884643554688 -0.9974289536476135 0.02340267039835453 0.06773260980844498 90.29544067382812
13.79034 0.060888733714818954 0.019231198355555534 0.997959315776825 6.18446683883667 0.02495560608804226 0.9994724988937378 -0.020782984793186188 -1.0932766199111938 -0.9978325366973877 0.02617012709379196 0.06037668138742447 90.32003784179688
13.89395 0.05528724566102028 0.019585276022553444 0.9982784390449524 6.7403483390808105 0.026542816311120987 0.9994254112243652 -0.02107778936624527 -1.106550693511963 -0.9981176257133484 0.027662450447678566 0.05473562702536583 90.34245300292969
13.99767 0.04966425150632858 0.020827867090702057 0.9985488057136536 7.312126159667969 0.027441682294011116 0.9993765950202942 -0.02220998890697956 -1.120866298675537 -0.9983888268470764 0.02850489504635334 0.049061741679906845 90.3670883178711
14.1013 0.04380393028259277 0.02119903266429901 0.9988152384757996 7.9065704345703125 0.027593271806836128 0.9993677735328674 -0.022420885041356087 -1.1396875381469727 -0.9986589550971985 0.02854270301759243 0.04319128766655922 90.3904037475586
14.20492 0.03945372998714447 0.021141622215509415 0.9989977478981018 8.518049240112305 0.029843010008335114 0.9993051290512085 -0.02232673019170761 -1.1564452648162842 -0.9987756013870239 0.030693966895341873 0.03879539296030998 90.40573120117188
14.30854 0.03656068444252014 0.021176006644964218 0.9991070628166199 9.149539947509766 0.031567636877298355 0.9992520213127136 -0.022334247827529907 -1.1712292432785034 -0.9988328814506531 0.03235600143671036 0.03586485981941223 90.42680358886719
14.41227 0.033751364797353745 0.02046666108071804 0.9992206692695618 9.796374320983887 0.03251810744404793 0.9992384910583496 -0.02156541310250759 -1.1915029287338257 -0.9989011883735657 0.033220622688531876 0.03306012228131294 90.44330596923828
14.51589 0.03118470124900341 0.020040983334183693 0.9993127584457397 10.463462829589844 0.034469399601221085 0.9991827011108398 -0.021114036440849304 -1.2076205015182495 -0.9989190101623535 0.03510414808988571 0.03046840988099575 90.4610366821289
14.61968 0.0304995346814394 0.019557150080800056 0.9993435144424438 11.14854621887207 0.039032164961099625 0.9990226030349731 -0.02074211835861206 -1.2256312370300293 -0.998772382736206 0.03963916376233101 0.02970636449754238 90.47394561767578
14.72326 0.03173594921827316 0.01928171142935753 0.9993103742599487 11.870357513427734 0.04282378777861595 0.9988694190979004 -0.02063320018351078 -1.2415575981140137 -0.9985784292221069 0.04344906657934189 0.030874356627464294 90.48580169677734
14.82686 0.03417506441473961 0.019381869584321976 0.9992278814315796 12.599794387817383 0.043993379920721054 0.9988135099411011 -0.020878469571471214 -1.2604960203170776 -0.998447060585022 0.04467293620109558 0.0332818478345871 90.50995635986328
14.93048 0.037997595965862274 0.01934075355529785 0.9990907311439514 13.338237762451172 0.046601809561252594 0.9986904859542847 -0.02110537514090538 -1.2784062623977661 -0.9981905817985535 0.04736138880252838 0.03704652562737465 90.53746795654297
15.0341 0.04211213439702988 0.018848666921257973 0.9989351034164429 14.09498405456543 0.04673822596669197 0.9986901879310608 -0.02081439271569252 -1.2940460443496704 -0.9980190992355347 0.04756498709321022 0.041176024824380875 90.57406616210938
15.13784 0.046247899532318115 0.01707734726369381 0.9987840056419373 14.871875762939453 0.04851648211479187 0.9986354112625122 -0.019321326166391373 -1.3184032440185547 -0.9977511167526245 0.04935105890035629 0.04535625874996185 90.60592651367188
15.24145 0.05048833042383194 0.015256064012646675 0.9986081123352051 15.664030075073242 0.04852336272597313 0.9986649751663208 -0.017710212618112564 -1.338423252105713 -0.9975451827049255 0.04934998229146004 0.04968065023422241 90.64360046386719
15.34508 0.054586343467235565 0.013164975680410862 0.9984222650527954 16.45946502685547 0.04564695432782173 0.9988347887992859 -0.01566605269908905 -1.356929063796997 -0.9974650144577026 0.04643010348081589 0.05392180010676384 90.69190216064453
15.44881 0.05864930897951126 0.012147901579737663 0.99820476770401 17.27503204345703 0.045112911611795425 0.9988721013069153 -0.01480662077665329 -1.3755935430526733 -0.9972587823867798 0.04590032249689102 0.05803512781858444 90.7437973022461
15.55255 0.06246715039014816 0.013109032064676285 0.9979609251022339 18.099937438964844 0.041801806539297104 0.9990019202232361 -0.015739284455776215 -1.3991856575012207 -0.9971712231636047 0.04269976541399956 0.061856817454099655 90.80522155761719
15.65617 0.06586592644453049 0.016855468973517418 0.9976860880851746 18.9301700592041 0.03958502411842346 0.9990260004997253 -0.01949146017432213 -1.425262689590454 -0.9970430135726929 0.04077724739909172 0.06513455510139465 90.85820770263672
15.7599 0.06727604568004608 0.02204480580985546 0.9974908232688904 19.759178161621094 0.03389294072985649 0.9991283416748047 -0.024366913363337517 -1.4481456279754639 -0.9971585869789124 0.03544721007347107 0.06647022813558578 90.9240951538086
15.86364 0.06704384833574295 0.025462739169597626 0.9974250793457031 20.59817886352539 0.030979778617620468 0.999139130115509 -0.02758886106312275 -1.477847695350647 -0.9972689747810364 0.032749664038419724 0.06619731336832047 90.99103546142578
15.96739 0.06717787683010101 0.025115229189395905 0.997424840927124 21.429256439208984 0.028139131143689156 0.9992377161979675 -0.02705608308315277 -1.5084197521209717 -0.9973440766334534 0.029884235933423042 0.06641996651887894 91.04994201660156
16.07102 0.06705191731452942 0.023182541131973267 0.9974801540374756 22.271190643310547 0.025657974183559418 0.9993593096733093 -0.02495097927749157 -1.5379180908203125 -0.997419536113739 0.027266331017017365 0.06641415506601334 91.11531829833984
16.17474 0.06692233681678772 0.021671924740076065 0.9975228309631348 23.11625099182129 0.027209222316741943 0.9993525743484497 -0.023537104949355125 -1.575595498085022 -0.9973871111869812 0.028716975823044777 0.06628934293985367 91.17362213134766
16.27845 0.0675371065735817 0.02100398950278759 0.997495710849762 23.954572677612305 0.02466634288430214 0.999437689781189 -0.022714952006936073 -1.6066275835037231 -0.9974117875099182 0.026138674467802048 0.06698103249073029 91.23410034179688
16.38209 0.06785645335912704 0.02129519358277321 0.9974678158760071 24.7911376953125 0.023262612521648407 0.9994665384292603 -0.022920390591025352 -1.6385579109191895 -0.9974238276481628 0.02475900575518608 0.06732488423585892 91.28902435302734
16.48571 0.0676879733800888 0.0220144335180521 0.9974637031555176 25.631603240966797 0.01979215443134308 0.9995301961898804 -0.023403137922286987 -1.665769100189209 -0.9975101947784424 0.021326065063476562 0.06722044944763184 91.35899353027344
