0.0 1.0 0.0 0.0 0.0 0.0 1.0 0.0 0.0 0.0 0.0 1.0 0.0
0.1033914 0.9999986886978149 0.00046568267862312496 0.0015457312110811472 -0.0029159337282180786 -0.00045878408127464354 0.999989926815033 -0.004460365977138281 -0.0023401700891554356 -0.0015477926936000586 0.004459650721400976 0.999988853931427 0.9722282886505127
0.2071056 0.9999960660934448 -0.0019373469986021519 0.0020237404387444258 0.003369314130395651 0.0019475239096209407 0.99998539686203 -0.00503892358392477 -0.0027393242344260216 -0.0020139487460255623 0.005042845383286476 0.9999852776527405 1.938683271408081
0.3102615 0.9999931454658508 -0.002937089651823044 0.0022645106073468924 0.0004682387225329876 0.0029399055056273937 0.9999949336051941 -0.0012411955976858735 -0.0011733248829841614 -0.002260853536427021 0.0012478441931307316 0.9999966621398926 2.906998634338379
0.4136209 0.9999833703041077 -0.005558616016060114 0.0015474287793040276 0.0037756438832730055 0.0055511328391730785 0.9999730587005615 0.004798300564289093 -0.0033624544739723206 -0.0015740589005872607 -0.00478963041678071 0.9999872446060181 3.8757598400115967
0.5179293 0.9999607801437378 -0.008865228854119778 -6.685196422040462e-05 0.012907836586236954 0.00886544305831194 0.9999497532844543 0.004686874803155661 0.003939084708690643 2.529833000153303e-05 -0.0046872845850884914 0.9999890327453613 4.832785129547119
0.6203887 0.9999299049377441 -0.011781631968915462 -0.0011535469675436616 0.016427665948867798 0.011783834546804428 0.9999287128448486 0.0019201382528990507 0.004663984756916761 0.0011308423709124327 -0.0019335964461788535 0.9999974966049194 5.786073684692383
0.7242193 0.9999194741249084 -0.01245850045233965 -0.002390904352068901 0.017799805849790573 0.012454897165298462 0.9999212622642517 -0.0015157593879848719 0.008480734191834927 0.002409599954262376 0.0014858590438961983 0.9999960064888 6.73265266418457
0.8272107 0.9999256134033203 -0.011920037679374218 -0.002561581786721945 0.0038185156881809235 0.011914370581507683 0.9999265074729919 -0.0022165561094880104 0.009124862030148506 0.0025878148153424263 0.0021858715917915106 0.9999942779541016 7.689422607421875
0.930557 0.9999261498451233 -0.011607171036303043 -0.0036021731793880463 -0.0017624534666538239 0.011607201769948006 0.999932587146759 -1.2053875252604485e-05 0.006266774609684944 0.003602070501074195 -2.975831739604473e-05 0.9999935030937195 8.636449813842773
1.03407 0.999927282333374 -0.011168542318046093 -0.004558469168841839 -0.008867520838975906 0.011182247661054134 0.9999330639839172 0.002992260502651334 0.003992095589637756 0.0045247445814311504 -0.0030430166516453028 0.9999850988388062 9.585172653198242
1.137438 0.9999169111251831 -0.011650262400507927 -0.00551360659301281 -0.01215016096830368 0.011672702617943287 0.999923586845398 0.004055263474583626 0.010327298194169998 0.00546593964099884 -0.004119285847991705 0.9999765753746033 10.53164291381836
1.244258 0.9999014139175415 -0.012554499320685863 -0.006275026593357325 -0.01837468519806862 0.012584829702973366 0.9999091625213623 0.004817256238311529 0.01683267578482628 0.006213978864252567 -0.004895750433206558 0.9999687075614929 11.469344139099121
1.344229 0.9998940229415894 -0.012872787192463875 -0.006796089466661215 -0.02962328866124153 0.012907183729112148 0.9999039769172668 0.005041849799454212 0.014542657881975174 0.006730533204972744 -0.005129033699631691 0.99996417760849 12.41016674041748
1.447568 0.9998874068260193 -0.013144132681190968 -0.007231729105114937 -0.03955509886145592 0.0131724514067173 0.9999057650566101 0.003882270772010088 0.013507701456546783 0.007180016487836838 -0.003977093379944563 0.9999663233757019 13.326117515563965
1.551083 0.9998672008514404 -0.013795015402138233 -0.008670737035572529 -0.05240757763385773 0.013811820186674595 0.9999027848243713 0.0018810960464179516 0.018237795680761337 0.00864394474774599 -0.0020006040576845407 0.9999606609344482 14.256111145019531
1.654521 0.9998335242271423 -0.015078566037118435 -0.010268484242260456 -0.06842973828315735 0.015080399811267853 0.9998862743377686 0.000101095276477281 0.027817081660032272 0.010265792720019817 -0.00025593131431378424 0.999947190284729 15.189180374145508
1.757843 0.999818742275238 -0.014860478229820728 -0.011899178847670555 -0.08050239086151123 0.014854401350021362 0.9998894929885864 -0.0005989319761283696 0.031238175928592682 0.011906765401363373 0.00042206820216961205 0.9999290108680725 16.112377166748047
1.861353 0.9998168349266052 -0.013643091544508934 -0.01342627964913845 -0.10262273252010345 0.013623935170471668 0.999906063079834 -0.001517190132290125 0.03141600266098976 0.013445718213915825 0.0013339932775124907 0.9999087452888489 17.036727905273438
1.964724 0.9998297691345215 -0.011795437894761562 -0.014182766899466515 -0.1353786587715149 0.011779124848544598 0.9999298453330994 -0.0012331337202340364 0.02734564058482647 0.01419631764292717 0.0010658632963895798 0.9998986721038818 17.950925827026367
2.068236 0.9997853636741638 -0.01235781330615282 -0.016636820510029793 -0.1381298005580902 0.012355596758425236 0.9999237656593323 -0.00023603822046425194 0.022131936624646187 0.01663847081363201 3.042970820388291e-05 0.9998615384101868 18.847803115844727
2.17162 0.9997709393501282 -0.01161828450858593 -0.017974387854337692 -0.15865948796272278 0.011651287786662579 0.9999305605888367 0.0017323900246992707 0.01543349213898182 0.01795301027595997 -0.0019414183916524053 0.9998369812965393 19.755239486694336
2.275131 0.9997532367706299 -0.011040803045034409 -0.019278358668088913 -0.18292808532714844 0.011076032184064388 0.9999371767044067 0.001721471082419157 0.021594299003481865 0.01925813965499401 -0.001934574218466878 0.999812662601471 20.6605167388916
2.378626 0.999711811542511 -0.012540831230580807 -0.020472172647714615 -0.20594295859336853 0.012569531798362732 0.9999201893806458 0.001273710047826171 0.026300782337784767 0.020454568788409233 -0.0015306685818359256 0.9997895956039429 21.565418243408203
2.48201 0.9996753334999084 -0.012303237803280354 -0.02231168933212757 -0.22754040360450745 0.012324879877269268 0.9999237060546875 0.0008327180403284729 0.028885286301374435 0.022299746051430702 -0.0011074366047978401 0.9997507333755493 22.453855514526367
2.585514 0.9996416568756104 -0.012102015316486359 -0.023875486105680466 -0.24728867411613464 0.01213089656084776 0.9999257922172546 0.0010651509510353208 0.03129652142524719 0.02386082336306572 -0.001354400534182787 0.9997143745422363 23.338777542114258
2.689023 0.9996190071105957 -0.011840727180242538 -0.024934478104114532 -0.2721101939678192 0.011924272403120995 0.9999237060546875 0.003204496344551444 0.03287436440587044 0.024894634261727333 -0.0035006008110940456 0.9996839761734009 24.213619232177734
2.793694 0.9995883107185364 -0.013219148851931095 -0.025462357327342033 -0.2957581579685211 0.013367429375648499 0.9998946189880371 0.005662074778228998 0.038631707429885864 0.02538483217358589 -0.0060001094825565815 0.9996597170829773 25.068532943725586
2.896139 0.9995731115341187 -0.013266297988593578 -0.026030564680695534 -0.31914767622947693 0.013449523597955704 0.9998859167098999 0.006876389496028423 0.04529696702957153 0.025936370715498924 -0.007223552092909813 0.9996374845504761 25.920225143432617
2.999556 0.9995592832565308 -0.012595731765031815 -0.026881707832217216 -0.3460369110107422 0.01276396494358778 0.9998999834060669 0.0060959020629525185 0.045792847871780396 0.02680223621428013 -0.006436333525925875 0.9996200203895569 26.767824172973633
3.103545 0.9995510578155518 -0.011127936653792858 -0.02781808376312256 -0.37198406457901 0.011229573749005795 0.9999309182167053 0.0035001137293875217 0.04724084585905075 0.027777215465903282 -0.0038109279703348875 0.9996068477630615 27.591588973999023
3.206573 0.9995448589324951 -0.010601023212075233 -0.028244394809007645 -0.40128862857818604 0.010662277229130268 0.9999411106109619 0.0020190586801618338 0.04966221749782562 0.028221331536769867 -0.0023192891385406256 0.9995989799499512 28.406009674072266
3.310078 0.9995267391204834 -0.009550265036523342 -0.029242435470223427 -0.4287431538105011 0.009600390680134296 0.9999526143074036 0.0015742320101708174 0.05348052829504013 0.029226019978523254 -0.0018542258767411113 0.9995710849761963 29.211612701416016
3.413963 0.999489426612854 -0.00909176841378212 -0.030630366876721382 -0.4530782401561737 0.009127294644713402 0.999957799911499 0.0010202875128015876 0.05089502036571503 0.030619800090789795 -0.0012993391137570143 0.9995301961898804 30.026046752929688
3.517076 0.999423623085022 -0.008770226500928402 -0.0327971987426281 -0.4791716933250427 0.008779230527579784 0.9999613761901855 0.0001305589685216546 0.05156577005982399 0.03279478847980499 -0.0004184178542345762 0.9994620084762573 30.816452026367188
3.620721 0.999358057975769 -0.008490987122058868 -0.0348057746887207 -0.5099957585334778 0.008504806086421013 0.9999638199806213 0.0002490151673555374 0.050840362906455994 0.0348023995757103 -0.0005448716110549867 0.9993939995765686 31.59025001525879
3.724674 0.9992667436599731 -0.009707080200314522 -0.03703733906149864 -0.5349734425544739 0.009764323011040688 0.9999513626098633 0.001364974188618362 0.05072097107768059 0.03702228143811226 -0.001725618029013276 0.9993129372596741 32.375579833984375
3.827725 0.9991905093193054 -0.00967863667756319 -0.039047252386808395 -0.5665486454963684 0.009824376553297043 0.9999454617500305 0.0035422933287918568 0.054415829479694366 0.03901083022356033 -0.0039230408146977425 0.9992311000823975 33.14469909667969
3.931241 0.9990928173065186 -0.008844862692058086 -0.041656505316495895 -0.5873717069625854 0.009047502651810646 0.9999480843544006 0.004678523167967796 0.06087951362133026 0.041612960398197174 -0.005051166284829378 0.9991209506988525 33.905086517333984
4.034871 0.9990599155426025 -0.007187890820205212 -0.04274917021393776 -0.6411991715431213 0.007426821161061525 0.9999576807022095 0.005432946141809225 0.05416634678840637 0.04270830750465393 -0.005745330359786749 0.9990710616111755 34.65836715698242
4.142151 0.998989462852478 -0.004717050585895777 -0.0446968600153923 -0.6761960983276367 0.0049325465224683285 0.9999767541885376 0.004712219815701246 0.0578320175409317 0.04467359557747841 -0.004927927162498236 0.998989462852478 35.38520431518555
4.243437 0.9989024996757507 -0.0031692436896264553 -0.04673313722014427 -0.7107139825820923 0.0033535140100866556 0.9999868869781494 0.0038651498034596443 0.06076265871524811 0.04672027751803398 -0.004017626866698265 0.9988999366760254 36.11494064331055
4.345966 0.998822033405304 -0.0028703368734568357 -0.048438604921102524 -0.7488436698913574 0.0031166900880634785 0.9999825358390808 0.0050111268647015095 0.06497888267040253 0.04842337593436241 -0.00515619246289134 0.9988136291503906 36.82246780395508
4.449183 0.9987767934799194 -0.0014760136837139726 -0.04942317679524422 -0.7860559225082397 0.0017953758360818028 0.9999777674674988 0.006418019533157349 0.07611948251724243 0.04941258579492569 -0.0064989011734724045 0.9987574219703674 37.544769287109375
4.552519 0.9987805485725403 0.001254560425877571 -0.04935561865568161 -0.82703697681427 -0.0009143733768723905 0.9999757409095764 0.006914537865668535 0.07970079779624939 0.049363087862730026 -0.006860976107418537 0.9987574219703674 38.24003601074219
4.656235 0.9988120198249817 0.004204276949167252 -0.04854542016983032 -0.8637405633926392 -0.00396378617733717 0.9999793767929077 0.005049136932939291 0.08025672286748886 0.048565641045570374 -0.004850714933127165 0.9988082647323608 38.9215202331543
4.760815 0.9988902807235718 0.005884584970772266 -0.046729300171136856 -0.9002293944358826 -0.005795694887638092 0.9999811053276062 0.0020374776795506477 0.07743383944034576 0.04674040153622627 -0.0017643877072259784 0.9989055395126343 39.603240966796875
4.863788 0.9989777207374573 0.006423140410333872 -0.044747572392225266 -0.9279283285140991 -0.006408479996025562 0.9999793171882629 0.00047106912825256586 0.08037112653255463 0.0447496697306633 -0.00018382351845502853 0.99899822473526 40.26298141479492
4.966824 0.9991059899330139 0.007261543069034815 -0.041647281497716904 -0.9541869759559631 -0.007231933996081352 0.999973475933075 0.0008615668630227447 0.08666469156742096 0.04165242612361908 -0.0005596058908849955 0.9991320371627808 40.918643951416016
5.073257 0.9991739392280579 0.012575575150549412 -0.03864177316427231 -0.9892159700393677 -0.012445855885744095 0.9999160766601562 0.003595673479139805 0.0858195349574089 0.03868374973535538 -0.0031117729377001524 0.9992466568946838 41.59648513793945
5.174268 0.9992473125457764 0.016641266644001007 -0.03504079952836037 -1.0167427062988281 -0.016400832682847977 0.9998399615287781 0.007137797772884369 0.08655822277069092 0.03515397384762764 -0.006557726301252842 0.9993603825569153 42.23027420043945
5.277498 0.999301016330719 0.02176949381828308 -0.030388586223125458 -1.0455293655395508 -0.02153058908879757 0.9997348189353943 0.008166945539414883 0.08843791484832764 0.03055831417441368 -0.007506953086704016 0.9995047450065613 42.84143829345703
5.381142 0.9993644952774048 0.025099806487560272 -0.025309335440397263 -1.061495065689087 -0.024888452142477036 0.9996529221534729 0.008631652221083641 0.0899590253829956 0.025517206639051437 -0.00799625739455223 0.9996423125267029 43.4338264465332
5.484644 0.9993849992752075 0.029164699837565422 -0.019466692581772804 -1.0803602933883667 -0.02896364964544773 0.9995251297950745 0.01053090300410986 0.09103560447692871 0.019764574244618416 -0.009960601106286049 0.9997550249099731 44.04572677612305
5.588095 0.999336302280426 0.03398796170949936 -0.013094745576381683 -1.0886586904525757 -0.033835750073194504 0.9993592500686646 0.011675378307700157 0.09771847724914551 0.01348317414522171 -0.01122455857694149 0.9998461008071899 44.605159759521484
5.691619 0.9992830753326416 0.03745459392666817 -0.005514346994459629 -1.1018755435943604 -0.03739025443792343 0.9992363452911377 0.01134173758327961 0.09982320666313171 0.0059349387884140015 -0.01112742256373167 0.9999203681945801 45.1497802734375
5.795223 0.9991877675056458 0.04027636721730232 0.001218494027853012 -1.09879732131958 -0.04028763249516487 0.9991235136985779 0.011367030441761017 0.10177695751190186 -0.0007595997303724289 -0.011406886391341686 0.9999346137046814 45.68121337890625
5.898736 0.9989559650421143 0.04491560161113739 0.008334634825587273 -1.0938708782196045 -0.045003701001405716 0.998929500579834 0.010702518746256828 0.10924485325813293 -0.007844997569918633 -0.01106643583625555 0.9999079704284668 46.199893951416016
6.002373 0.9986352920532227 0.049623481929302216 0.01627935655415058 -1.0971741676330566 -0.049764130264520645 0.9987260699272156 0.008351225405931473 0.10782501101493835 -0.015844207257032394 -0.009149957448244095 0.9998325705528259 46.69926452636719
6.10587 0.9983702898025513 0.05159744992852211 0.02438182197511196 -1.0901148319244385 -0.051739033311605453 0.9986469745635986 0.0052115339785814285 0.11050339043140411 -0.024079933762550354 -0.0064645325765013695 0.9996891021728516 47.154869079589844
6.209506 0.9981203079223633 0.05205526947975159 0.03234139829874039 -1.0750778913497925 -0.05223829671740532 0.9986228942871094 0.0048395199701189995 0.11538466811180115 -0.03204493224620819 -0.006519882008433342 0.9994651675224304 47.5987548828125
6.313021 0.9978799223899841 0.051339324563741684 0.03999856114387512 -1.051722764968872 -0.05163631588220596 0.9986452460289001 0.006426870822906494 0.11133326590061188 -0.03961442783474922 -0.008478624746203423 0.9991791248321533 48.009891510009766
6.416516 0.9974331855773926 0.05292285233736038 0.04823294281959534 -1.0327785015106201 -0.05332012102007866 0.9985530376434326 0.006986475549638271 0.11332215368747711 -0.04779341444373131 -0.009540327824652195 0.998811662197113 48.4015998840332
6.524037 0.9967966675758362 0.05620722100138664 0.05689601972699165 -1.0100224018096924 -0.05669829994440079 0.9983664155006409 0.007052779197692871 0.11814838647842407 -0.0564066618680954 -0.010256092995405197 0.9983552098274231 48.7667236328125
6.623722 0.9959776401519775 0.06060029938817024 0.06600083410739899 -0.9965786933898926 -0.061159051954746246 0.9981069564819336 0.006476509850472212 0.11649033427238464 -0.06548341363668442 -0.010487006045877934 0.997798502445221 49.103912353515625
6.727294 0.9951300024986267 0.06444460153579712 0.07458634674549103 -0.9691689014434814 -0.06510793417692184 0.9978570938110352 0.006493713241070509 0.1148989200592041 -0.07400801032781601 -0.011318250559270382 0.9971933960914612 49.41439437866211
6.830809 0.9944380521774292 0.06379448622465134 0.08380375057458878 -0.9345817565917969 -0.06460621953010559 0.9978862404823303 0.0070074996910989285 0.11625471711158752 -0.08317956328392029 -0.012382768094539642 0.9964576363563538 49.70732879638672
6.934429 0.9935686588287354 0.06269055604934692 0.09429359436035156 -0.8942122459411621 -0.06346859037876129 0.9979698061943054 0.005271941423416138 0.11533564329147339 -0.09377165883779526 -0.01122271828353405 0.9955304265022278 49.989662170410156
7.038067 0.9924459457397461 0.0615730807185173 0.10611211508512497 -0.8556466102600098 -0.06202927976846695 0.9980738162994385 0.0010010075056925416 0.10587245225906372 -0.10584606230258942 -0.007575501687824726 0.9943537712097168 50.25090026855469
7.141701 0.9908936023712158 0.06238240748643875 0.1193246990442276 -0.8138327598571777 -0.06246213987469673 0.9980425834655762 -0.0030754366889595985 0.10750903189182281 -0.11928298324346542 -0.004405844956636429 0.9928505420684814 50.52531433105469
7.24533 0.9887925982475281 0.06418643891811371 0.1347937285900116 -0.772550106048584 -0.06404197961091995 0.997932493686676 -0.005412023980170488 0.10920634865760803 -0.13486242294311523 -0.0032810878474265337 0.9908589124679565 50.8036003112793
7.3533 0.9863232970237732 0.06567227840423584 0.15117445588111877 -0.7267818450927734 -0.06541337817907333 0.9978359341621399 -0.006690460257232189 0.10886132717132568 -0.15128667652606964 -0.0032898744102567434 0.9884845018386841 51.07048797607422
7.452592 0.9835278391838074 0.06641112267971039 0.1681147813796997 -0.6721458435058594 -0.06596291810274124 0.9977880120277405 -0.008255381137132645 0.11338004469871521 -0.1682911366224289 -0.0029699448496103287 0.985732913017273 51.33876037597656
7.55658 0.9803270697593689 0.06554029881954193 0.18618115782737732 -0.6112565994262695 -0.0649513453245163 0.9978454113006592 -0.009267998859286308 0.10678085684776306 -0.18638740479946136 -0.0030070459470152855 0.982471764087677 51.59269332885742
7.663357 0.9765927791595459 0.06412122398614883 0.20531676709651947 -0.5385494232177734 -0.06346523761749268 0.9979360699653625 -0.00978587381541729 0.10780289769172668 -0.20552045106887817 -0.003473663004115224 0.9786466360092163 51.83257293701172
7.763356 0.9720764756202698 0.06487412005662918 0.22551916539669037 -0.46480846405029297 -0.0640309676527977 0.997886598110199 -0.011059105396270752 0.10625451803207397 -0.22576001286506653 -0.0036899123806506395 0.9741760492324829 52.09437561035156
7.866988 0.9668421149253845 0.06696747243404388 0.24643781781196594 -0.38810157775878906 -0.06572844088077545 0.9977494478225708 -0.01325983926653862 0.09854358434677124 -0.24677115678787231 -0.0033778040669858456 0.9690678715705872 52.33314514160156
7.970621 0.9606889486312866 0.06819278746843338 0.2691218852996826 -0.29947948455810547 -0.06653087586164474 0.9976670145988464 -0.015302457846701145 0.09266507625579834 -0.2695375382900238 -0.0032040125224739313 0.9629845023155212 52.58597946166992
8.07425 0.9534547924995422 0.06931925565004349 0.29346004128456116 -0.20290184020996094 -0.06742575764656067 0.9975865483283997 -0.016576500609517097 0.08907884359359741 -0.29390084743499756 -0.003981820773333311 0.9558275938034058 52.834930419921875
8.177962 0.9449365139007568 0.07257191091775894 0.31910571455955505 -0.10879325866699219 -0.0706830695271492 0.9973451495170593 -0.017512155696749687 0.0835428237915039 -0.3195294141769409 -0.006007499527186155 0.947557270526886 53.075382232666016
8.283921 0.9352177381515503 0.07444043457508087 0.3461593687534332 0.0012149810791015625 -0.07249905914068222 0.9971955418586731 -0.018573105335235596 0.07570284605026245 -0.346571147441864 -0.007726335432380438 0.9379917979240417 53.31542205810547
8.385961 0.923989474773407 0.07551366090774536 0.37488800287246704 0.1206512451171875 -0.07331320643424988 0.9971053004264832 -0.020151186734437943 0.06856632232666016 -0.3753245770931244 -0.008864757604897022 0.9268510341644287 53.57235336303711
8.488779 0.9115162491798401 0.0732521340250969 0.40468791127204895 0.2569599151611328 -0.07037930935621262 0.9972777366638184 -0.02199435792863369 0.054709553718566895 -0.4051973819732666 -0.008433441631495953 0.9141902923583984 53.80198287963867
8.593446 0.8967471718788147 0.0703950896859169 0.43690863251686096 0.40970420837402344 -0.06620538234710693 0.9974969029426575 -0.02483220584690571 0.04773068428039551 -0.4375631511211395 -0.006657495629042387 0.899163007736206 54.03212356567383
8.696029 0.879455029964447 0.06987736374139786 0.4708249866962433 0.5712852478027344 -0.06368586421012878 0.9975459575653076 -0.02909155562520027 0.03899359703063965 -0.47170236706733704 -0.004400185309350491 0.8817468881607056 54.26531982421875
8.799662 0.86005038022995 0.07181338965892792 0.5051299333572388 0.7400550842285156 -0.06310904026031494 0.99741530418396 -0.034349240362644196 0.033361077308654785 -0.5062911510467529 -0.002336192410439253 0.8623594641685486 54.49467468261719
8.903911 0.8384534120559692 0.07335976511240005 0.540013313293457 0.9288234710693359 -0.062215376645326614 0.9973050355911255 -0.03888307884335518 0.022011876106262207 -0.5414104461669922 -0.0009954804554581642 0.8407578468322754 54.72528076171875
9.008027 0.8140896558761597 0.07652100920677185 0.5756757855415344 1.1318416595458984 -0.06353556364774704 0.9970662593841553 -0.04268527030944824 0.012154817581176758 -0.5772533416748047 -0.001826250459998846 0.816563069820404 54.95758819580078
9.11058 0.7867472767829895 0.08036676794290543 0.6120212078094482 1.3421993255615234 -0.06633641570806503 0.9967541098594666 -0.04561266675591469 -0.005127429962158203 -0.6137004494667053 -0.004713652655482292 0.7895249128341675 55.190547943115234
9.214197 0.757042646408081 0.08422424644231796 0.6479141116142273 1.5844364166259766 -0.06943422555923462 0.9964118003845215 -0.048397406935691833 -0.021668672561645508 -0.6496656537055969 -0.008348526433110237 0.7601743936538696 55.43205261230469
9.317832 0.724144697189331 0.08554864674806595 0.6843215227127075 1.8471221923828125 -0.06922099739313126 0.9962815642356873 -0.05129830911755562 -0.0334010124206543 -0.6861653923988342 -0.01022201869636774 0.7273737788200378 55.66455078125
9.421456 0.6874902844429016 0.08338074386119843 0.7213908433914185 2.134035110473633 -0.06581674516201019 0.996452271938324 -0.052449461072683334 -0.0501856803894043 -0.7232049107551575 -0.011421105824410915 0.6905391216278076 55.897308349609375
9.525112 0.648405909538269 0.08218073099851608 0.7568460702896118 2.4509201049804688 -0.06289717555046082 0.9965405464172363 -0.05432219058275223 -0.06739044189453125 -0.7586920857429504 -0.012380645610392094 0.6513317823410034 56.13329315185547
9.630085 0.6062578558921814 0.08109287917613983 0.7911228537559509 2.7952404022216797 -0.06065291166305542 0.9966049194335938 -0.05567564070224762 -0.10530316829681396 -0.7929518818855286 -0.014230119995772839 0.6091181039810181 56.35805892944336
9.732384 0.5605226755142212 0.08050867915153503 0.8242164850234985 3.166780471801758 -0.056646935641765594 0.996659517288208 -0.058829039335250854 -0.1261005401611328 -0.8261995911598206 -0.013714327476918697 0.5632107853889465 56.56874084472656
9.836009 0.5118101239204407 0.0794224888086319 0.8554194569587708 3.548023223876953 -0.05363250523805618 0.9967290759086609 -0.060453444719314575 -0.1515723466873169 -0.8574228286743164 -0.014937606640160084 0.5143956542015076 56.773155212402344
9.939685 0.46302151679992676 0.07804367691278458 0.8829044103622437 3.960081100463867 -0.052154846489429474 0.9967889785766602 -0.06075885891914368 -0.1712017059326172 -0.884811282157898 -0.017915092408657074 0.4656050503253937 56.96111297607422
10.0439 0.41377192735671997 0.07600623369216919 0.9072021842002869 4.420900344848633 -0.05143791809678078 0.9968686103820801 -0.06005791202187538 -0.19132769107818604 -0.9089261889457703 -0.021814310923218727 0.4163859784603119 57.1412467956543
10.14677 0.36381423473358154 0.07547187805175781 0.9284089803695679 4.887382507324219 -0.05370767042040825 0.9967535138130188 -0.05998138338327408 -0.2117931842803955 -0.9299219250679016 -0.02804059535264969 0.36668655276298523 57.303157806396484
10.25036 0.3143545091152191 0.07623430341482162 0.9462395906448364 5.361194610595703 -0.051984626799821854 0.9966570734977722 -0.06302614510059357 -0.23147761821746826 -0.947881281375885 -0.029377365484833717 0.3172666132450104 57.43818664550781
10.35367 0.2679944932460785 0.07274671643972397 0.9606700539588928 5.858893394470215 -0.03978395089507103 0.9971302151679993 -0.0644092932343483 -0.26049160957336426 -0.9625986218452454 -0.02095791883766651 0.2701195478439331 57.52649688720703
10.45717 0.2236892282962799 0.06706031411886215 0.9723507761955261 6.354945182800293 -0.026819514110684395 0.9976759552955627 -0.062637098133564 -0.29329389333724976 -0.9742914438247681 -0.0120667340233922 0.22496788203716278 57.598854064941406
10.56299 0.18141213059425354 0.0661204531788826 0.981181800365448 6.890472412109375 -0.01781049370765686 0.9977943897247314 -0.06394694000482559 -0.32062214612960815 -0.983245849609375 -0.005874578841030598 0.18218961358070374 57.66636276245117
10.66453 0.14306360483169556 0.06756987422704697 0.9874041676521301 7.436412811279297 -0.01466029416769743 0.9977020025253296 -0.06615045666694641 -0.34704697132110596 -0.9896048903465271 -0.0050119138322770596 0.1437254101037979 57.722225189208984
10.76705 0.11096375435590744 0.06794839352369308 0.9914989471435547 7.97797155380249 -0.005837151315063238 0.9976873397827148 -0.0677192360162735 -0.38702458143234253 -0.9938071966171265 0.001726851100102067 0.11110377311706543 57.74529266357422
10.87022 0.08190666139125824 0.06687689572572708 0.9943936467170715 8.534533500671387 0.0014518602984026074 0.9977370500564575 -0.06722132116556168 -0.4167604446411133 -0.9966389536857605 0.006949596107006073 0.08162420988082886 57.76485824584961
10.97342 0.05685411021113396 0.06527412682771683 0.9962464570999146 9.118524551391602 0.008607141673564911 0.9977912902832031 -0.06586654484272003 -0.44781532883644104 -0.9983453750610352 0.012319615110754967 0.05616671219468117 57.780574798583984
11.0772 0.03724118694663048 0.06428811699151993 0.9972361922264099 9.706693649291992 0.013226417824625969 0.9978094100952148 -0.06481900066137314 -0.4771105647087097 -0.999218761920929 0.015603797510266304 0.03630928695201874 57.781124114990234
11.18019 0.021607059985399246 0.06576818972826004 0.9976009130477905 10.296799659729004 0.015392763540148735 0.9976937770843506 -0.06610769033432007 -0.515975832939148 -0.9996480345726013 0.01678422838449478 0.020544856786727905 57.77398681640625
11.28415 0.008042043074965477 0.06555230915546417 0.9978167414665222 10.915447235107422 0.016560807824134827 0.9977033734321594 -0.06567835062742233 -0.5537998080253601 -0.9998304843902588 0.01705283857882023 0.006937975529581308 57.77629852294922
11.3859 -0.0036488519981503487 0.06617426127195358 0.9978014230728149 11.539294242858887 0.017400890588760376 0.9976612329483032 -0.06610133498907089 -0.5910702347755432 -0.9998419284820557 0.017121437937021255 -0.0047918097116053104 57.767845153808594
11.48898 -0.012461930513381958 0.0692310780286789 0.99752277135849 12.175577163696289 0.022661147639155388 0.9973636865615845 -0.06893693655729294 -0.6264521479606628 -0.9996655583381653 0.021745925769209862 -0.013997931033372879 57.74820327758789
11.59255 -0.018997417762875557 0.0710378959774971 0.9972927570343018 12.821690559387207 0.02630402147769928 0.9971631169319153 -0.070527583360672 -0.6669090390205383 -0.9994734525680542 0.02489296719431877 -0.020812105387449265 57.73441696166992
11.69527 -0.023835137486457825 0.07025233656167984 0.9972444772720337 13.487661361694336 0.026594296097755432 0.9972195029258728 -0.069614939391613 -0.7024790048599243 -0.9993622303009033 0.024861732497811317 -0.025637177750468254 57.719261169433594
11.79949 -0.02742096222937107 0.06797800213098526 0.9973099231719971 14.189194679260254 0.02467288076877594 0.9974272847175598 -0.06730762124061584 -0.7389021515846252 -0.9993193745613098 0.022760868072509766 -0.029027631506323814 57.7000617980957
11.90171 -0.03006318211555481 0.06083017215132713 0.9976953268051147 14.867813110351562 0.022876618430018425 0.9979268312454224 -0.06015496328473091 -0.7789235711097717 -0.9992861151695251 0.02101544290781021 -0.03139244765043259 57.681312561035156
12.00482 -0.03126727417111397 0.0554451160132885 0.9979721307754517 15.563788414001465 0.02381213568150997 0.9982181787490845 -0.05471273511648178 -0.8095670342445374 -0.9992274045944214 0.022053128108382225 -0.03253182768821716 57.65991973876953
12.108 -0.03152371942996979 0.05266520008444786 0.9981145262718201 16.272132873535156 0.026379985734820366 0.9983068108558655 -0.051842160522937775 -0.8507810831069946 -0.999154806137085 0.02469599060714245 -0.03285964950919151 57.63188934326172
12.21119 -0.03133475035429001 0.055088840425014496 0.9979895949363708 17.012163162231445 0.029284611344337463 0.9981018304824829 -0.05417556315660477 -0.8901270031929016 -0.9990798234939575 0.02752816304564476 -0.03288853168487549 57.60009002685547
12.3145 -0.030580751597881317 0.06226376071572304 0.9975911378860474 17.725759506225586 0.03051655739545822 0.9976508021354675 -0.06133201718330383 -0.9275995492935181 -0.9990662932395935 0.028567466884851456 -0.03240898624062538 57.5772590637207
12.41765 -0.02834981493651867 0.07052136957645416 0.9971073269844055 18.4519100189209 0.03138377517461777 0.9970793128013611 -0.0696270763874054 -0.9554755687713623 -0.9991053342819214 0.029319075867533684 -0.030480237677693367 57.551536560058594
12.52105 -0.026121504604816437 0.07137048989534378 0.9971078038215637 19.185680389404297 0.03214675933122635 0.9969921708106995 -0.0705200582742691 -0.9906926155090332 -0.9991416931152344 0.030211692675948143 -0.0283372662961483 57.528839111328125
12.62455 -0.023939277976751328 0.06662824004888535 0.9974905848503113 19.942222595214844 0.031362295150756836 0.9973354339599609 -0.06586520373821259 -1.0376721620559692 -0.9992213249206543 0.02970683015882969 -0.02596510760486126 57.51614761352539
12.72743 -0.021343741565942764 0.060338523238897324 0.9979497790336609 20.733402252197266 0.03100796416401863 0.9977368116378784 -0.05966247245669365 -1.0872966051101685 -0.9992913603782654 0.029670968651771545 -0.023166412487626076 57.49753952026367
12.83073 -0.018845047801733017 0.05872340127825737 0.9980964064598083 21.484149932861328 0.0293838232755661 0.997874915599823 -0.05815558508038521 -1.1297756433486938 -0.9993905425071716 0.028231944888830185 -0.020530521869659424 57.489173889160156
12.93413 -0.014780139550566673 0.0638570636510849 0.9978496432304382 22.243331909179688 0.03690824285149574 0.9973132014274597 -0.06327606737613678 -1.1765941381454468 -0.9992092847824097 0.035893648862838745 -0.017097286880016327 57.45841598510742
13.03771 -0.011581961996853352 0.06927185505628586 0.9975306391716003 22.99418830871582 0.038915060460567474 0.9968728423118591 -0.06877435743808746 -1.2190256118774414 -0.9991754293441772 0.03802241384983063 -0.01424146443605423 57.45064926147461
13.14165 -0.008869695477187634 0.07034657895565033 0.9974831342697144 23.744325637817383 0.032670311629772186 0.997010350227356 -0.07002270221710205 -1.2562363147735596 -0.9994268417358398 0.03196701407432556 -0.011141423135995865 57.44670486450195
13.24421 -0.006109807640314102 0.066959910094738 0.997736930847168 24.547515869140625 0.028456561267375946 0.9973631501197815 -0.06676056236028671 -1.3082427978515625 -0.9995762705802917 0.027984267100691795 -0.007999145425856113 57.47190856933594
13.34803 -0.0012614531442523003 0.06348606944084167 0.9979819059371948 25.309560775756836 0.032453753054142 0.9974596500396729 -0.06341181695461273 -1.3544806241989136 -0.9994723200798035 0.03230826556682587 -0.0033186106011271477 57.462188720703125
13.45277 0.002567403484135866 0.06456910073757172 0.9979099631309509 26.07300567626953 0.03703458607196808 0.9972224831581116 -0.06461991369724274 -1.4055938720703125 -0.9993106722831726 0.03712308779358864 0.00016898103058338165 57.45505142211914
13.55488 0.005400786641985178 0.06896158307790756 0.9976046085357666 26.841482162475586 0.03640326112508774 0.9969444870948792 -0.06911301612854004 -1.4520628452301025 -0.9993225932121277 0.036689333617687225 0.002873857505619526 57.46377944946289
13.65796 0.00834809709340334 0.06960481405258179 0.9975396990776062 27.61660385131836 0.03273238614201546 0.9970208406448364 -0.06984255462884903 -1.4989103078842163 -0.9994294047355652 0.03323490545153618 0.0060448963195085526 57.48862075805664
13.76127 0.011757750995457172 0.06905900686979294 0.997543215751648 28.383319854736328 0.03181175887584686 0.997081458568573 -0.06940197944641113 -1.546368956565857 -0.9994247555732727 0.032549623399972916 0.00952654704451561 57.50144577026367
13.86467 0.015715166926383972 0.06589792668819427 0.9977025985717773 29.147233963012695 0.036185719072818756 0.9971347451210022 -0.06643039733171463 -1.5940550565719604 -0.9992214441299438 0.03714656084775925 0.013285575434565544 57.51346969604492
13.96817 0.01929602026939392 0.06650711596012115 0.9975993633270264 29.91230010986328 0.04107220843434334 0.996890127658844 -0.06725426018238068 -1.644914150238037 -0.9989697933197021 0.04227134957909584 0.016504419967532158 57.51949691772461
14.07164 0.02278052642941475 0.06742046773433685 0.9974645376205444 30.67817497253418 0.043781884014606476 0.9966989755630493 -0.06836862862110138 -1.6997296810150146 -0.9987813234329224 0.04522835463285446 0.019753534346818924 57.53010177612305
14.17505 0.025412386283278465 0.06714648753404617 0.9974194169044495 31.44321060180664 0.044367555528879166 0.9966827630996704 -0.06822729855775833 -1.746788740158081 -0.9986920356750488 0.04598687216639519 0.022348957136273384 57.55323028564453
14.2786 0.02902611903846264 0.06544160842895508 0.997434139251709 32.20595932006836 0.04552021250128746 0.996732771396637 -0.06672024726867676 -1.7967479228973389 -0.9985416531562805 0.047340042889118195 0.02595236897468567 57.57303237915039
14.38212 0.032658398151397705 0.06438806653022766 0.9973903894424438 32.987735748291016 0.047365155071020126 0.9967018365859985 -0.06589452177286148 -1.850022315979004 -0.9983436465263367 0.04939355328679085 0.02950093150138855 57.6008415222168
14.4855 0.03523317724466324 0.06489671766757965 0.9972697496414185 33.77058792114258 0.04569258540868759 0.9967412352561951 -0.06647662818431854 -1.898794412612915 -0.9983339905738831 0.04791001230478287 0.03215305507183075 57.631492614746094
14.58897 0.03855396434664726 0.06652911752462387 0.997039258480072 34.54142379760742 0.04279153048992157 0.9967558979988098 -0.0681648775935173 -1.9450538158416748 -0.9983398914337158 0.04529286175966263 0.035582005977630615 57.661624908447266
14.69245 0.0415300689637661 0.06662965565919876 0.9969131350517273 35.316410064697266 0.044666875153779984 0.9966526031494141 -0.06847300380468369 -1.9915952682495117 -0.9981383085250854 0.04737268388271332 0.03841491416096687 57.6903076171875
14.79597 0.044483158737421036 0.06640738248825073 0.9968005418777466 36.09237289428711 0.04219411313533783 0.9967730045318604 -0.06828849017620087 -2.0380990505218506 -0.9981186389923096 0.045096807181835175 0.04153761267662048 57.72336196899414
14.89949 0.046489570289850235 0.06705200672149658 0.9966658353805542 36.869163513183594 0.040872856974601746 0.9967814683914185 -0.06896628439426422 -2.081974506378174 -0.9980822205543518 0.04394279792904854 0.04359932243824005 57.775535583496094
15.00287 0.0489291287958622 0.06678662449121475 0.9965669512748718 37.68004608154297 0.03781173750758171 0.9969228506088257 -0.0686669573187828 -2.141300678253174 -0.9980862140655518 0.04104173555970192 0.04625324532389641 57.829132080078125
15.1064 0.05226139724254608 0.06898066401481628 0.9962481260299683 38.459007263183594 0.03622405603528023 0.9968239068984985 -0.07092077285051346 -2.1875295639038086 -0.9979762434959412 0.039794571697711945 0.04959665238857269 57.87204360961914
15.20987 0.05579426884651184 0.07210388779640198 0.9958353042602539 39.23871994018555 0.03530440852046013 0.9966229200363159 -0.07413893938064575 -2.242443084716797 -0.9978179335594177 0.039293911308050156 0.05306025221943855 57.90700149536133
15.31336 0.0591903030872345 0.074484683573246 0.9954639077186584 40.03791427612305 0.0358528234064579 0.9964104890823364 -0.076687291264534 -2.2936012744903564 -0.997602641582489 0.04022934287786484 0.0563073493540287 57.96140670776367
15.41675 0.061728280037641525 0.07646000385284424 0.9951599836349487 40.84658432006836 0.02922666259109974 0.9964954257011414 -0.07837548851966858 -2.350799560546875 -0.9976649880409241 0.0339231938123703 0.05927727371454239 58.03533172607422
15.52022 0.0642758160829544 0.07590965181589127 0.995041012763977 41.64079666137695 0.025489065796136856 0.9966525435447693 -0.0776791200041771 -2.407078504562378 -0.9976065754890442 0.03035554103553295 0.0621257908642292 58.09492492675781
15.62392 0.06804080307483673 0.0762098878622055 0.9947676658630371 42.44010925292969 0.027935126796364784 0.9965417981147766 -0.07825656235218048 -2.46659517288208 -0.9972913265228271 0.03311359882354736 0.06567656993865967 58.14832305908203
15.7272 0.07191190868616104 0.07747971266508102 0.994396984577179 43.235321044921875 0.027606874704360962 0.996441662311554 -0.07963547110557556 -2.521791934967041 -0.9970288276672363 0.03317893296480179 0.06951704621315002 58.20587921142578
15.83062 0.07553405314683914 0.07835504412651062 0.9940599203109741 44.045982360839844 0.02327892556786537 0.9964975118637085 -0.08031605184078217 -2.581049919128418 -0.9968714714050293 0.029207240790128708 0.07344548404216766 58.27766418457031
15.93425 0.07992807030677795 0.07692943513393402 0.9938277006149292 44.85221862792969 0.022685281932353973 0.9966188073158264 -0.07896995544433594 -2.6305112838745117 -0.9965424537658691 0.02885717898607254 0.07791267335414886 58.33916473388672
16.03941 0.08455580472946167 0.07644367218017578 0.9934821128845215 45.68663787841797 0.022694043815135956 0.9966463446617126 -0.07861866056919098 -2.702117919921875 -0.9961602687835693 0.02919379249215126 0.08253742009401321 58.41881561279297
16.14091 0.08990173041820526 0.07994148135185242 0.9927371144294739 46.498775482177734 0.019313782453536987 0.9964460730552673 -0.08198919892311096 -2.763319969177246 -0.9957633018493652 0.02654448337852955 0.08803824335336685 58.497127532958984
16.2443 0.09600451588630676 0.08831764757633209 0.9914551377296448 47.31205368041992 0.017509087920188904 0.9957519769668579 -0.09039586782455444 -2.8284785747528076 -0.9952268600463867 0.02603788860142231 0.0940503180027008 58.581275939941406
16.34828 0.10327032208442688 0.09305617213249207 0.9902908205986023 48.1338996887207 0.01573309116065502 0.9953365325927734 -0.0951710194349289 -2.8979105949401855 -0.9945288896560669 0.025408675894141197 0.101324662566185 58.67388153076172
16.45345 0.10955347865819931 0.09614741057157516 0.989319920539856 48.956634521484375 0.011541659943759441 0.9951204657554626 -0.09798925369977951 -2.9668264389038086 -0.9939138293266296 0.022153452038764954 0.10790921747684479 58.78953170776367
16.55445 0.11705739051103592 0.0945373922586441 0.9886152744293213 49.795658111572266 0.007409400772303343 0.9953480958938599 -0.09605854004621506 -3.041382312774658 -0.9930974841117859 0.01856940984725952 0.11581241339445114 58.88858413696289
