0.0 1.0 1.5120349416974932e-10 0.0 -7.450580596923828e-09 1.5120349416974932e-10 1.0 4.656612873077393e-10 -5.912289971835016e-19 0.0 4.656612873077393e-10 1.0 1.1496013030409813e-09
0.1037359 0.9999911189079285 -0.0025911969132721424 -0.0033261235803365707 0.0006713636685162783 0.0025846411008387804 0.999994695186615 -0.0019739551935344934 -0.007025288417935371 0.003331220941618085 0.0019653416238725185 0.9999925494194031 0.6890375018119812
0.2073381 0.9999730587005615 -0.0014612104278057814 -0.007190844509750605 -0.009951836429536343 0.0014352670405060053 0.9999924302101135 -0.0036117001436650753 -0.008434358984231949 0.007196067366749048 0.0036012830678373575 0.999967634677887 1.3927921056747437
0.3110752 0.9999250769615173 -0.0024566887877881527 -0.011989405378699303 -0.01074719987809658 0.0023951190523803234 0.9999839067459106 -0.005147030111402273 -0.001875092275440693 0.012001855298876762 0.005117929074913263 0.9999148845672607 2.1329092979431152
0.4146917 0.9998566508293152 -0.0009451895602978766 -0.016907040029764175 -0.026757296174764633 0.0008494795765727758 0.9999836087226868 -0.005667221266776323 -0.008439905010163784 0.01691211760044098 0.005652046762406826 0.9998409748077393 2.876664876937866
0.5184302 0.9997751116752625 -0.001927481614984572 -0.021122191101312637 -0.04783748835325241 0.0017971190391108394 0.9999791979789734 -0.006189046427607536 -0.011460813693702221 0.021133679896593094 0.006149694789201021 0.999757707118988 3.6446566581726074
0.6220448 0.9996737241744995 0.00015505185001529753 -0.025539115071296692 -0.07441063225269318 -0.00034337863326072693 0.9999728202819824 -0.007369835861027241 -0.024595502763986588 0.025537271052598953 0.007376202382147312 0.9996466636657715 4.4145050048828125
0.7257977 0.9995287656784058 0.0029773919377475977 -0.030550718307495117 -0.10204483568668365 -0.003238910809159279 0.9999585747718811 -0.008514242246747017 -0.024198688566684723 0.03052409738302231 0.008609180338680744 0.9994969367980957 5.209234714508057
0.8294199 0.999391496181488 0.0029584099538624287 -0.03475593402981758 -0.13788333535194397 -0.003184062661603093 0.9999743700027466 -0.006438925862312317 -0.03995463624596596 0.03473598137497902 0.006545673124492168 0.99937504529953 6.015871524810791
0.9331467 0.9992366433143616 0.0020078513771295547 -0.039016321301460266 -0.17492355406284332 -0.0021431108471006155 0.9999919533729553 -0.003425203263759613 -0.05117947235703468 0.039009127765893936 0.003506206441670656 0.9992326498031616 6.837470531463623
1.03691 0.9991070032119751 0.0018257407937198877 -0.04221251979470253 -0.21731668710708618 -0.0018647164106369019 0.9999979138374329 -0.0008839769288897514 -0.059082284569740295 0.04221081733703613 0.0009619025513529778 0.9991082549095154 7.665294647216797
1.140497 0.9989974498748779 0.0032487015705555677 -0.044648800045251846 -0.26067909598350525 -0.003323083044961095 0.9999932050704956 -0.0015918095596134663 -0.0651773065328598 0.04464332386851311 0.0017385859973728657 0.9990015029907227 8.499414443969727
1.244242 0.9988880753517151 0.00299623841419816 -0.04704929143190384 -0.2984749376773834 -0.0030780320521444082 0.9999938607215881 -0.0016661231638863683 -0.07500416040420532 0.04704401642084122 0.0018090903759002686 0.9988912343978882 9.344548225402832
1.347979 0.9988154172897339 -2.3997174594114767e-06 -0.0486581064760685 -0.34340524673461914 -0.00010494827438378707 0.9999974966049194 -0.002203592099249363 -0.08518297225236893 0.04865798354148865 0.002206088975071907 0.9988130331039429 10.199599266052246
1.451596 0.9987127780914307 -0.0001713258243398741 -0.05072306469082832 -0.3839055001735687 0.0001034892484312877 0.9999989867210388 -0.0013399964664131403 -0.09229430556297302 0.05072324723005295 0.0013330222573131323 0.9987118244171143 11.056489944458008
1.555212 0.9986551403999329 -0.0017973872600123286 -0.051812879741191864 -0.43469002842903137 0.0017079503741115332 0.9999969005584717 -0.0017703569028526545 -0.09772893786430359 0.051815908402204514 0.0016794821713119745 0.9986551403999329 11.92777156829834
1.65896 0.9985578060150146 0.00026961544062942266 -0.05368528887629509 -0.49125969409942627 -0.00047173001803457737 0.9999927282333374 -0.0037521717604249716 -0.11215564608573914 0.053683895617723465 0.0037720855325460434 0.9985507726669312 12.814866065979004
1.762569 0.9984853267669678 0.000786470016464591 -0.055012259632349014 -0.5423986315727234 -0.0011394047178328037 0.9999788999557495 -0.006384499371051788 -0.12087901681661606 0.055006079375743866 0.006437510251998901 0.9984652400016785 13.70664119720459
1.866302 0.9983972907066345 0.004311708267778158 -0.05642998218536377 -0.6068044900894165 -0.004769458435475826 0.9999567270278931 -0.007979672402143478 -0.13199099898338318 0.05639314278960228 0.008236022666096687 0.9983746409416199 14.5872802734375
1.969923 0.9983142614364624 0.004995209630578756 -0.05782311409711838 -0.6600574254989624 -0.005437483545392752 0.9999571442604065 -0.007493933662772179 -0.14643754065036774 0.057783208787441254 0.007795713376253843 0.9982986450195312 15.503094673156738
2.073666 0.9982309937477112 0.004013747908174992 -0.05931735783815384 -0.7103160619735718 -0.00438926974311471 0.9999711513519287 -0.006201774813234806 -0.15935595333576202 0.059290748089551926 0.006451164372265339 0.9982198476791382 16.415271759033203
2.177281 0.9981661438941956 0.004808749072253704 -0.06034175306558609 -0.7726167440414429 -0.005115996114909649 0.9999747276306152 -0.00493832491338253 -0.16774910688400269 0.06031648814678192 0.005237977020442486 0.998165488243103 17.33816909790039
2.281017 0.9980905055999756 0.0044387998059391975 -0.061608217656612396 -0.8357387781143188 -0.004727471619844437 0.9999784827232361 -0.004540638066828251 -0.18452225625514984 0.061586733907461166 0.004823219496756792 0.9980900287628174 18.26641082763672
2.384639 0.9979692101478577 0.004022613633424044 -0.06357058137655258 -0.8885401487350464 -0.00435219332575798 0.9999778270721436 -0.005046853795647621 -0.20009693503379822 0.06354886293411255 0.0053132763132452965 0.9979645609855652 19.203968048095703
2.48825 0.9979361891746521 0.0026368354447185993 -0.06415848433971405 -0.9569728970527649 -0.003015832742676139 0.9999785423278809 -0.005811064969748259 -0.21176549792289734 0.06414178013801575 0.005992562975734472 0.9979227781295776 20.15296173095703
2.591988 0.9979063272476196 0.0027916112449020147 -0.06461591273546219 -1.023767352104187 -0.0030751689337193966 0.9999860525131226 -0.004289307631552219 -0.22328060865402222 0.06460303068161011 0.004479031544178724 0.9979010820388794 21.071788787841797
2.695832 0.9978927969932556 0.004220183473080397 -0.0647466853260994 -1.0890467166900635 -0.0042890990152955055 0.9999903440475464 -0.0009254321921616793 -0.23298746347427368 0.06474215537309647 0.001201187027618289 0.9979012608528137 22.0268497467041
2.799367 0.9979537129402161 0.004554768092930317 -0.06377781182527542 -1.1506073474884033 -0.004364088177680969 0.9999855160713196 0.0031287427991628647 -0.2458609640598297 0.06379114091396332 -0.0028440086171031 0.9979591965675354 22.973634719848633
2.903084 0.9980545043945312 0.0036107024643570185 -0.06224232539534569 -1.2162038087844849 -0.003256183350458741 0.9999778866767883 0.005796279292553663 -0.2539364695549011 0.062261879444122314 -0.005582330282777548 0.9980441927909851 23.93068504333496
3.006768 0.9981677532196045 0.0037779659032821655 -0.06038868799805641 -1.278816819190979 -0.003419339656829834 0.9999759793281555 0.006040876731276512 -0.2528698146343231 0.06041005998849869 -0.005823318846523762 0.9981566667556763 24.89877700805664
3.110441 0.9982222318649292 0.004076377023011446 -0.059460513293743134 -1.334580659866333 -0.0038643430452793837 0.9999858140945435 0.00368050136603415 -0.2651534676551819 0.05947466939687729 -0.00344418128952384 0.9982238411903381 25.865388870239258
3.214057 0.9982979893684387 0.0052780634723603725 -0.05807843804359436 -1.399409532546997 -0.005342547781765461 0.9999852180480957 -0.0009550713002681732 -0.27286800742149353 0.058072540909051895 0.0012637329054996371 0.9983115196228027 26.838336944580078
3.317669 0.9983848929405212 0.004509750287979841 -0.05663086473941803 -1.4590872526168823 -0.0047356016002595425 0.9999814033508301 -0.0038545704446733 -0.28082332015037537 0.05661242455244064 0.004116526804864407 0.9983876943588257 27.81315803527832
3.421285 0.9984217286109924 0.0013893033610656857 -0.05614231154322624 -1.5098466873168945 -0.0015474770916625857 0.9999949336051941 -0.0027739903889596462 -0.291124165058136 0.05613817647099495 0.002856491832062602 0.9984188079833984 28.800111770629883
3.524925 0.998407781124115 0.0005009177257306874 -0.05640647932887077 -1.568458080291748 -0.00038113785558380187 0.9999975562095642 0.002134248847141862 -0.30352282524108887 0.05640741437673569 -0.0021093511022627354 0.9984055757522583 29.80422592163086
3.628545 0.9983633160591125 -0.002853043144568801 -0.05711763724684715 -1.6241252422332764 0.0031716858502477407 0.9999799132347107 0.00548883993178606 -0.31204691529273987 0.0571008138358593 -0.005661015398800373 0.9983523488044739 30.802526473999023
3.732256 0.9982452392578125 -0.01045263558626175 -0.058284372091293335 -1.6719056367874146 0.010759054683148861 0.9999298453330994 0.004946004133671522 -0.3218514919281006 0.05822858586907387 -0.005564410239458084 0.9982876777648926 31.809831619262695
3.835871 0.998134434223175 -0.012880290858447552 -0.05968010425567627 -1.7280582189559937 0.012981133535504341 0.999914824962616 0.0013023398350924253 -0.32747960090637207 0.05965825542807579 -0.0020746258087456226 0.9982165694236755 32.815711975097656
3.939488 0.9980787634849548 -0.012194682843983173 -0.060745369642972946 -1.7949227094650269 0.012040429748594761 0.9999232888221741 -0.0029047015123069286 -0.3346022367477417 0.06077614054083824 0.002167720813304186 0.998149037361145 33.811119079589844
4.043107 0.9979303479194641 -0.011456258594989777 -0.06327518820762634 -1.8610248565673828 0.011246632784605026 0.9999299645423889 -0.003668081248179078 -0.34409257769584656 0.06331277638673782 0.0029488569125533104 0.9979894161224365 34.83702850341797
4.146888 0.9978961944580078 -0.011840440332889557 -0.06374163925647736 -1.927255392074585 0.011738843284547329 0.9999291300773621 -0.001968136988580227 -0.3560914397239685 0.0637604221701622 0.0012157430173829198 0.9979645609855652 35.857582092285156
4.25046 0.9978362321853638 -0.008334968239068985 -0.06521785259246826 -2.000624656677246 0.008387845940887928 0.9999645948410034 0.0005370033904910088 -0.3699071407318115 0.06521108001470566 -0.0010828780941665173 0.997870922088623 36.87772750854492
4.354202 0.9977661967277527 -0.007605148479342461 -0.06636916846036911 -2.0707476139068604 0.0077451360411942005 0.9999682307243347 0.0018521581077948213 -0.38461247086524963 0.06635300815105438 -0.002362058497965336 0.997793436050415 37.88575744628906
4.45794 0.9976937770843506 -0.006928743328899145 -0.06752023845911026 -2.1429920196533203 0.007257940713316202 0.9999629259109497 0.0046314215287566185 -0.3944821059703827 0.06748566031455994 -0.005110797472298145 0.9977071285247803 38.94377899169922
4.561559 0.9977104663848877 -0.007080768700689077 -0.06725800782442093 -2.219722270965576 0.0076082367449998856 0.9999421834945679 0.007589505985379219 -0.3974788188934326 0.06720039248466492 -0.008083842694759369 0.9977067112922668 39.97542190551758
4.665293 0.9976995587348938 -0.001142568769864738 -0.06778088957071304 -2.298281669616699 0.0018234637100249529 0.9999484419822693 0.009984512813389301 -0.4064677953720093 0.06776601076126099 -0.01008513942360878 0.9976502060890198 41.00159454345703
4.768912 0.997715175151825 -0.001311526750214398 -0.06754648685455322 -2.374985933303833 0.0019541075453162193 0.9999534487724304 0.009447980672121048 -0.41073405742645264 0.06753093749284744 -0.009558387100696564 0.997671365737915 42.01506805419922
4.872532 0.9976762533187866 -0.001280107768252492 -0.06812039017677307 -2.434027910232544 0.0018100070301443338 0.9999685883522034 0.0077177006751298904 -0.4164273738861084 0.06810837239027023 -0.00782306119799614 0.997647225856781 43.048038482666016
4.976146 0.9976822137832642 0.0010564645053818822 -0.06803618371486664 -2.5099620819091797 -0.0006695198244415224 0.9999834299087524 0.005709872115403414 -0.424699991941452 0.06804109364748001 -0.005651083774864674 0.9976664781570435 44.06882858276367
5.079909 0.997600257396698 0.00032624686718918383 -0.06923487782478333 -2.5772485733032227 6.703013059450313e-05 0.9999839067459106 0.005677919834852219 -0.427453875541687 0.06923560798168182 -0.005668933968991041 0.9975842237472534 45.08246612548828
5.183503 0.9975278377532959 -0.0016799517907202244 -0.07025168836116791 -2.654242753982544 0.002170728286728263 0.9999737739562988 0.006910199765115976 -0.435077965259552 0.07023824006319046 -0.007045613136142492 0.9975053668022156 46.106048583984375
5.287117 0.9974769353866577 -0.0010918964399024844 -0.07098206132650375 -2.7283124923706055 0.0016357863787561655 0.9999697208404541 0.007604667916893959 -0.4373648166656494 0.07097160816192627 -0.0077015915885567665 0.9974485635757446 47.11320114135742
5.390861 0.9974550008773804 0.0014757374301552773 -0.07128262519836426 -2.7995119094848633 -0.001162463566288352 0.9999894499778748 0.004436088725924492 -0.4503467082977295 0.07128843665122986 -0.004341934807598591 0.9974462985992432 48.09701919555664
5.494473 0.9974068403244019 0.0017719267634674907 -0.07194672524929047 -2.8876278400421143 -0.0017603684682399035 0.9999983906745911 0.00022405991330742836 -0.4601918160915375 0.07194701582193375 -9.682541713118553e-05 0.9974084496498108 49.12688446044922
5.598233 0.9973716735839844 0.0026695530395954847 -0.07240511476993561 -2.963186025619507 -0.002735943766310811 0.9999959468841553 -0.0008177765412256122 -0.47153428196907043 0.07240262627601624 0.0010137242497876287 0.997374951839447 50.11965560913086
5.701829 0.9973745942115784 0.001256507239304483 -0.07240273058414459 -3.0405807495117188 -0.0010418086312711239 0.9999949932098389 0.0030030240304768085 -0.4853094816207886 0.07240615785121918 -0.0029197095427662134 0.9973708987236023 51.11863327026367
5.805571 0.9973430633544922 -0.00045520946150645614 -0.07284630835056305 -3.1088247299194336 0.0008782199583947659 0.9999829530715942 0.0057749636471271515 -0.4941580593585968 0.07284243404865265 -0.005823594518005848 0.9973265528678894 52.118507385253906
5.909185 0.9973129630088806 -0.002537451684474945 -0.07321492582559586 -3.176511287689209 0.003048274200409651 0.999971866607666 0.0068661305122077465 -0.5067372918128967 0.0731954425573349 -0.007070860825479031 0.9972925186157227 53.10318374633789
6.012921 0.9973000288009644 -0.005545982159674168 -0.07322537899017334 -3.2492406368255615 0.005938338581472635 0.9999691247940063 0.005141557659953833 -0.5113620758056641 0.07319460064172745 -0.0055625103414058685 0.9973021745681763 54.09004211425781
6.116541 0.997234046459198 -0.008630994707345963 -0.07382289320230484 -3.31394100189209 0.00895768217742443 0.9999514818191528 0.0040953438729047775 -0.5224751830101013 0.0737839862704277 -0.0047452980652451515 0.9972628951072693 55.0587043762207
6.220278 0.9971365332603455 -0.010185027495026588 -0.07493395358324051 -3.3836259841918945 0.010590110905468464 0.9999313354492188 0.005010519176721573 -0.5274767875671387 0.0748777762055397 -0.00578972976654768 0.9971758723258972 56.03362274169922
6.323895 0.9970301985740662 -0.013197344727814198 -0.07587297260761261 -3.4591643810272217 0.013931607827544212 0.9998610615730286 0.009156382642686367 -0.5328397154808044 0.07574159651994705 -0.01018622424453497 0.9970754384994507 57.029052734375
6.427659 0.9969891905784607 -0.01351397018879652 -0.07635537534952164 -3.533735513687134 0.014631840400397778 0.9997936487197876 0.014099912717938423 -0.5364507436752319 0.07614908367395401 -0.015174677595496178 0.9969809651374817 58.00736999511719
6.531383 0.996979296207428 -0.01220533438026905 -0.07670358568429947 -3.615459442138672 0.01349408458918333 0.9997760653495789 0.01630590483546257 -0.5376752018928528 0.07648739218711853 -0.017291691154241562 0.996920645236969 58.97209930419922
6.634992 0.9968276023864746 -0.01151206810027361 -0.07875573635101318 -3.6836538314819336 0.012535233981907368 0.999843180179596 0.012509549967944622 -0.5420746207237244 0.07859937101602554 -0.013457085005939007 0.9968154430389404 59.948341369628906
6.738741 0.9967960715293884 -0.009510330855846405 -0.07941841334104538 -3.7680130004882812 0.009930280037224293 0.9999387860298157 0.004894500598311424 -0.5465447902679443 0.07936699688434601 -0.00566746573895216 0.9968293905258179 60.89567565917969
6.84235 0.996716320514679 -0.00827441830188036 -0.08054995536804199 -3.844740867614746 0.008318411186337471 0.9999653697013855 0.00021053850650787354 -0.556965708732605 0.08054544776678085 -0.0008798958733677864 0.99675053358078 61.82505416870117
6.945963 0.9966389536857605 -0.0036865100264549255 -0.08183632045984268 -3.9291110038757324 0.0037756061647087336 0.9999923706054688 0.0009339828393422067 -0.5653176307678223 0.08183228969573975 -0.0012398253893479705 0.9966452717781067 62.773555755615234
7.049705 0.9965799450874329 -0.0010101429652422667 -0.0826285108923912 -4.0110673904418945 0.001264891936443746 0.9999945163726807 0.0030307630077004433 -0.5758815407752991 0.08262502402067184 -0.003124913666397333 0.9965757131576538 63.67699432373047
7.153323 0.9964624643325806 0.0013184779090806842 -0.08402952551841736 -4.086032867431641 -0.0008903007255867124 0.9999863505363464 0.005132824182510376 -0.5947591066360474 0.08403516560792923 -0.005039853975176811 0.9964500069618225 64.5793228149414
7.256934 0.9963871836662292 0.0023265446070581675 -0.08489616215229034 -4.1750640869140625 -0.001946637057699263 0.999987781047821 0.004557470791041851 -0.5983583927154541 0.0849057212471962 -0.004375740885734558 0.9963793754577637 65.4897232055664
7.360549 0.9962382316589355 0.0035540249664336443 -0.08658397197723389 -4.2531633377075195 -0.0030920307617634535 0.9999803304672241 0.005469323135912418 -0.6058386564254761 0.08660168945789337 -0.005181026645004749 0.9962295293807983 66.3564453125
7.464167 0.9961274862289429 0.004664166364818811 -0.08779627084732056 -4.336156845092773 -0.004154267255216837 0.9999734163284302 0.005989577621221542 -0.6186239719390869 0.08782187104225159 -0.005601654294878244 0.9961203932762146 67.22370910644531
7.567786 0.9959893226623535 0.004323175176978111 -0.08936657756567001 -4.409894943237305 -0.003738865489140153 0.9999704957008362 0.006704721134155989 -0.6315810680389404 0.08939294517040253 -0.006343699526041746 0.9959762692451477 68.0672836303711
7.671396 0.9958750605583191 0.004280247259885073 -0.0906343162059784 -4.493507385253906 -0.0036169341765344143 0.9999654293060303 0.007481560111045837 -0.6358343362808228 0.09066320210695267 -0.007122880779206753 0.9958561658859253 68.91596221923828
7.775144 0.9957515597343445 0.006998791825026274 -0.09181422740221024 -4.575926780700684 -0.006098814308643341 0.9999305605888367 0.010079076513648033 -0.6384168863296509 0.09187837690114975 -0.009476298466324806 0.995725154876709 69.73056030273438
7.878754 0.9956188201904297 0.008543425239622593 -0.09311456978321075 -4.6505279541015625 -0.007227370515465736 0.9998692870140076 0.014461798593401909 -0.6482746601104736 0.09322594851255417 -0.013725466094911098 0.995550274848938 70.54021453857422
7.982493 0.9954134821891785 0.01164871733635664 -0.09495338797569275 -4.730480670928955 -0.01014879159629345 0.9998162984848022 0.01626410149037838 -0.650826096534729 0.09512538462877274 -0.015225847251713276 0.9953488111495972 71.33027648925781
8.086111 0.9952766299247742 0.014858059585094452 -0.09593605250120163 -4.818516731262207 -0.013762140646576881 0.9998325109481812 0.012075035832822323 -0.6572885513305664 0.0960993841290474 -0.010697714053094387 0.9953141808509827 72.10057830810547
8.189849 0.9951625466346741 0.014778932556509972 -0.09712410718202591 -4.898470401763916 -0.014372901991009712 0.9998847842216492 0.004878876265138388 -0.6655701398849487 0.09718503057956696 -0.003459319705143571 0.9952601790428162 72.84771728515625
8.29347 0.9950248003005981 0.013551274314522743 -0.09870163351297379 -4.964907169342041 -0.013737804256379604 0.9999049305915833 -0.0012104101479053497 -0.6682896018028259 0.09867584705352783 0.002560331951826811 0.9951162934303284 73.57225799560547
8.397102 0.9949535131454468 0.014474003575742245 -0.09928774833679199 -5.0441179275512695 -0.014765978790819645 0.99988853931427 -0.0022064459044486284 -0.6771895885467529 0.09924473613500595 0.003661392955109477 0.9950563907623291 74.28988647460938
8.500847 0.9948568940162659 0.017160611227154732 -0.09982722997665405 -5.122707366943359 -0.01708882674574852 0.99985271692276 0.0015742613468319178 -0.6918454170227051 0.09983955323696136 0.00013976613990962505 0.9950035214424133 74.97892761230469
8.604438 0.9947165250778198 0.017462879419326782 -0.10116363316774368 -5.194827079772949 -0.01717068813741207 0.9998455047607422 0.003758413018658757 -0.7068037986755371 0.10121362656354904 -0.002001505810767412 0.9948626756668091 75.64878845214844
8.708175 0.9946749806404114 0.014241620898246765 -0.102073073387146 -5.260479927062988 -0.01427317876368761 0.9998980760574341 0.00042119482532143593 -0.7166667580604553 0.10206867009401321 0.0010379550512880087 0.9947768449783325 76.29547882080078
8.811795 0.9947402477264404 0.006321911234408617 -0.10223381221294403 -5.315086841583252 -0.006840765941888094 0.9999654293060303 -0.004725368693470955 -0.7282707095146179 0.10220041871070862 0.0053998734802007675 0.9947490692138672 76.9322738647461
8.915403 0.9948667287826538 0.002272504847496748 -0.10116776078939438 -5.369892120361328 -0.003283684141933918 0.9999462366104126 -0.009829670190811157 -0.7380809783935547 0.10113997012376785 0.010111413896083832 0.9948207139968872 77.5430679321289
9.019162 0.9952128529548645 0.004670428112149239 -0.09761872887611389 -5.443824768066406 -0.005675829481333494 0.9999336004257202 -0.010024100542068481 -0.7484114766120911 0.0975654348731041 0.010530182160437107 0.9951733350753784 78.13967895507812
9.12289 0.9955718517303467 0.009488695301115513 -0.09352318942546844 -5.50432014465332 -0.010160218924283981 0.9999257922172546 -0.006706743501126766 -0.7675935626029968 0.09345261752605438 0.007627261336892843 0.9955944418907166 78.73106384277344
9.226512 0.9959800243377686 0.008125499822199345 -0.08920571208000183 -5.542263984680176 -0.008476387709379196 0.9999577403068542 -0.003555350238457322 -0.779778242111206 0.08917304873466492 0.004297200590372086 0.9960068464279175 79.29225158691406
9.330247 0.9965155720710754 0.004508656449615955 -0.08328472822904587 -5.581978797912598 -0.004458184819668531 0.9999897480010986 0.000791977858170867 -0.7906203866004944 0.08328744024038315 -0.0004179193638265133 0.9965254664421082 79.8497085571289
9.433986 0.997184157371521 0.0001633369829505682 -0.07499098032712936 -5.615006446838379 0.000171275605680421 0.9999901056289673 0.004455600865185261 -0.8028782606124878 0.07499096542596817 -0.004455898888409138 0.9971742630004883 80.39286804199219
9.537749 0.9979272484779358 0.003991902805864811 -0.06422756612300873 -5.646553039550781 -0.003726657945662737 0.9999840259552002 0.004249047487974167 -0.812993049621582 0.06424349546432495 -0.004000888206064701 0.9979262351989746 80.92436981201172
9.641587 0.9987257122993469 0.008678790181875229 -0.04971504956483841 -5.6623663902282715 -0.00850084237754345 0.9999566674232483 0.003789680078625679 -0.8238942623138428 0.04974579066038132 -0.0033622300252318382 0.9987562298774719 81.43495178222656
9.745342 0.9994097352027893 0.013717586174607277 -0.03149819374084473 -5.6754536628723145 -0.013584901578724384 0.9998980164527893 0.004422604572027922 -0.8303076028823853 0.031555648893117905 -0.0039920927956700325 0.9994939565658569 81.9384765625
9.849229 0.9998775124549866 0.012414459139108658 -0.009528230875730515 -5.663310527801514 -0.012364796362817287 0.9999097585678101 0.00525349285453558 -0.838756263256073 0.009592588990926743 -0.005135033279657364 0.999940812587738 82.42029571533203
9.953059 0.9998099207878113 0.008973347023129463 0.017312202602624893 -5.641871452331543 -0.009072179906070232 0.99994295835495 0.005638709291815758 -0.8354556560516357 -0.01726061850786209 -0.00579469557851553 0.9998342394828796 82.90377807617188
10.05693 0.9988619685173035 0.008250068873167038 0.046975474804639816 -5.602079391479492 -0.0086146155372262 0.9999342560768127 0.007563192397356033 -0.8441656231880188 -0.04691000655293465 -0.007959260605275631 0.998867392539978 83.37026977539062
10.16083 0.9968079924583435 0.007380243856459856 0.07949434965848923 -5.533674240112305 -0.008130213245749474 0.9999255537986755 0.009114723652601242 -0.853144109249115 -0.07942114025354385 -0.00973193533718586 0.9967936277389526 83.82173156738281
10.26466 0.993083655834198 0.0072876769118011 0.1171829104423523 -5.456977844238281 -0.008484354242682457 0.9999167919158936 0.009716454893350601 -0.8581083416938782 -0.11710236221551895 -0.010643471032381058 0.9930628538131714 84.27812194824219
10.36867 0.9872690439224243 0.0076221381314098835 0.15887705981731415 -5.359087944030762 -0.009244890883564949 0.9999123215675354 0.009477285668253899 -0.8581430315971375 -0.15879091620445251 -0.01082543097436428 0.9872528314590454 84.71491241455078
10.47264 0.9789415597915649 0.007771843578666449 0.20399320125579834 -5.243379592895508 -0.009939946234226227 0.999904453754425 0.00960584171116352 -0.8615590929985046 -0.20389902591705322 -0.011431236751377583 0.9789251685142517 85.14035034179688
10.57663 0.967532217502594 0.00990085955709219 0.2525535821914673 -5.103902816772461 -0.012195038609206676 0.9998973608016968 0.007520188577473164 -0.8699060082435608 -0.25245317816734314 -0.010355925187468529 0.9675536751747131 85.54750061035156
10.68062 0.9519932866096497 0.010405469685792923 0.30594146251678467 -4.963218688964844 -0.012556008994579315 0.9999083280563354 0.00506215775385499 -0.8809925317764282 -0.3058607578277588 -0.008660544641315937 0.9520368576049805 85.91139221191406
10.78461 0.9321665167808533 0.010523459874093533 0.3618764877319336 -4.782657623291016 -0.012506159953773022 0.9999168515205383 0.003137089777737856 -0.8884907364845276 -0.36181336641311646 -0.00744997663423419 0.9322208166122437 86.28736877441406
10.88875 0.9081676006317139 0.011059818789362907 0.41846030950546265 -4.576271057128906 -0.012534347362816334 0.9999211430549622 0.0007750829681754112 -0.8871786594390869 -0.4184187352657318 -0.005949030630290508 0.9082347750663757 86.63446044921875
10.99272 0.878950297832489 0.012041878886520863 0.4767611622810364 -4.3574371337890625 -0.012962504290044308 0.9999151825904846 -0.0013580322265625 -0.8867953419685364 -0.47673699259757996 -0.004986374638974667 0.8790318369865417 86.97219848632812
11.09659 0.8453868627548218 0.010519299656152725 0.5340508222579956 -4.119300842285156 -0.010245033539831638 0.9999415278434753 -0.0034784451127052307 -0.895577073097229 -0.5340560674667358 -0.0025307354517281055 0.8454452753067017 87.28016662597656
11.20057 0.809002161026001 0.01039548683911562 0.5877137780189514 -3.8469772338867188 -0.009284419938921928 0.9999448657035828 -0.004906804766505957 -0.9034661054611206 -0.5877323150634766 -0.0014869654551148415 0.8090541362762451 87.56956481933594
11.30431 0.7694894075393677 0.008439089171588421 0.6386038064956665 -3.5539169311523438 -0.007194238249212503 0.9999637603759766 -0.0045456853695213795 -0.9053875207901001 -0.638619065284729 -0.0010964105604216456 0.7695221900939941 87.8503646850586
11.40818 0.7262982726097107 0.008181000128388405 0.687330961227417 -3.2623062133789062 -0.00912446342408657 0.9999558329582214 -0.00226027169264853 -0.9141547679901123 -0.6873190402984619 -0.0046298932284116745 0.7263407707214355 88.111328125
11.51192 0.6811805367469788 0.007054371293634176 0.7320815324783325 -2.949920654296875 -0.007891062647104263 0.9999662041664124 -0.002293316414579749 -0.9158732891082764 -0.7320728898048401 -0.004214736167341471 0.6812132000923157 88.34642028808594
11.61553 0.6348425149917603 0.0055112335830926895 0.7726218700408936 -2.624164581298828 -0.00528676575049758 0.9999821186065674 -0.002789036836475134 -0.9304258823394775 -0.7726234793663025 -0.0023140714038163424 0.6348602771759033 88.54780578613281
11.71927 0.5881712436676025 0.0033997746650129557 0.8087292909622192 -2.2823333740234375 0.0006946796784177423 0.9999886751174927 -0.004709023982286453 -0.9292819499969482 -0.8087360262870789 0.0033315212931483984 0.5881621241569519 88.73675537109375
11.82277 0.5415775179862976 0.0051565151661634445 0.8406350612640381 -1.9384498596191406 -0.0014928425662219524 0.9999855756759644 -0.005172220524400473 -0.9419044852256775 -0.8406496047973633 0.0015462235314771533 0.5415772795677185 88.91328430175781
11.92638 0.49495044350624084 0.008419380523264408 0.8688804507255554 -1.5940628051757812 -0.005445027258247137 0.9999634623527527 -0.006587850395590067 -0.9470285773277283 -0.8689041137695312 -0.0014704164350405335 0.49497807025909424 89.06237030029297
12.03 0.4474126994609833 0.010573037900030613 0.8942650556564331 -1.2630615234375 -0.0063265119679272175 0.999942421913147 -0.008657240308821201 -0.9572067260742188 -0.8943051695823669 -0.0017842173110693693 0.44745391607284546 89.21617126464844
12.13361 0.4047316312789917 0.008497370406985283 0.9143959879875183 -0.9027900695800781 0.0007148837321437895 0.9999535083770752 -0.009608868509531021 -0.959183931350708 -0.914435088634491 0.004542700480669737 0.40470677614212036 89.33020782470703
12.2371 0.36548709869384766 0.0007212789496406913 0.930816113948822 -0.5266838073730469 0.0153749268501997 0.999858558177948 -0.006811782252043486 -0.9671786427497864 -0.9306893348693848 0.01680084690451622 0.36542442440986633 89.41952514648438
12.3406 0.3304094076156616 -0.0031886096112430096 0.943832278251648 -0.14664077758789062 0.019334305077791214 0.9998072385787964 -0.0033906884491443634 -0.9747239351272583 -0.9436396360397339 0.01936865597963333 0.33040735125541687 89.51315307617188
12.44411 0.2973567247390747 0.001092938706278801 0.954765796661377 0.21911048889160156 0.016477838158607483 0.999844491481781 -0.006276477128267288 -0.9793379306793213 -0.9546241760253906 0.01759883016347885 0.2972923815250397 89.60588836669922
12.54767 0.2664963901042938 0.008907143957912922 0.9637947082519531 0.5930233001708984 0.00619738083332777 0.9999207854270935 -0.010954635217785835 -0.9873600602149963 -0.9638159275054932 0.00889237504452467 0.2664200961589813 89.71833801269531
12.65107 0.23803295195102692 0.013086607679724693 0.9711688160896301 0.9796199798583984 0.001561663462780416 0.9999026656150818 -0.013856562785804272 -1.0026544332504272 -0.9712557196617126 0.0048149581998586655 0.23798944056034088 89.80323791503906
12.75469 0.21246403455734253 0.014846185222268105 0.9770560264587402 1.37921142578125 0.002647951478138566 0.9998721480369568 -0.01576867513358593 -1.0160651206970215 -0.9771652221679688 0.005937472451478243 0.21239754557609558 89.8683090209961
12.85806 0.18878191709518433 0.016034148633480072 0.9818881750106812 1.7941303253173828 0.009875571355223656 0.9997850656509399 -0.01822512596845627 -1.0293254852294922 -0.9819693565368652 0.013137280009686947 0.18858304619789124 89.927001953125
12.96167 0.16914331912994385 0.022215712815523148 0.9853410124778748 2.2124404907226562 0.01665768399834633 0.9995386600494385 -0.025395270437002182 -1.0302826166152954 -0.9854507446289062 0.02070894092321396 0.16869524121284485 89.96605682373047
13.0652 0.14982576668262482 0.029269589111208916 0.9882790446281433 2.643655776977539 0.018800988793373108 0.9992965459823608 -0.03244617208838463 -1.0253958702087402 -0.9885335564613342 0.023441897705197334 0.1491701453924179 90.01814270019531
13.16877 0.1320510357618332 0.030180487781763077 0.9907832741737366 3.08913516998291 0.01614949107170105 0.9993381500244141 -0.03259347006678581 -1.0373626947402954 -0.9911113381385803 0.020304646342992783 0.1314762383699417 90.074462890625
13.27235 0.1164669543504715 0.025840023532509804 0.9928582906723022 3.5536327362060547 0.014968386851251125 0.9995022416114807 -0.02776879444718361 -1.056854248046875 -0.9930816888809204 0.01809563674032688 0.11602222919464111 90.12608337402344
13.37588 0.10238252580165863 0.022329306229948997 0.9944943785667419 4.031909942626953 0.014704804867506027 0.9996047616004944 -0.02395789511501789 -1.0817058086395264 -0.9946364164352417 0.01707671396434307 0.10201369971036911 90.16704559326172
13.4795 0.08902779221534729 0.020019160583615303 0.9958279132843018 4.523242950439453 0.017087887972593307 0.9996201395988464 -0.02162306196987629 -1.0962724685668945 -0.9958824515342712 0.018941650167107582 0.08865189552307129 90.20136260986328
13.58311 0.07754333317279816 0.019137678667902946 0.9968051910400391 5.031684398651123 0.02075585536658764 0.9995680451393127 -0.02080535516142845 -1.111177682876587 -0.9967730045318604 0.022302860394120216 0.0771126002073288 90.22669219970703
13.68672 0.06711534410715103 0.019733445718884468 0.9975499510765076 5.551532745361328 0.02352895215153694 0.9994950294494629 -0.021354952827095985 -1.1270043849945068 -0.9974677562713623 0.02490455098450184 0.06661715358495712 90.2549057006836
13.79034 0.059909887611866 0.02036370150744915 0.997995913028717 6.099471092224121 0.026512179523706436 0.9994066953659058 -0.02198401466012001 -1.1362396478652954 -0.9978516697883606 0.027776110917329788 0.05933446064591408 90.27603149414062
13.89395 0.054304420948028564 0.02085736393928528 0.998306393623352 6.6565327644348145 0.028148602694272995 0.9993525147438049 -0.022410403937101364 -1.1488398313522339 -0.9981276392936707 0.029317917302250862 0.05368214473128319 90.29873657226562
13.99767 0.04871852695941925 0.021957455202937126 0.9985710382461548 7.228903293609619 0.028950519859790802 0.9993072748184204 -0.02338608354330063 -1.1652017831802368 -0.9983928799629211 0.030048495158553123 0.048049092292785645 90.32235717773438
14.1013 0.04288901016116142 0.02239835634827614 0.9988287091255188 7.819480895996094 0.029664013534784317 0.9992792010307312 -0.023682212457060814 -1.1834627389907837 -0.9986393451690674 0.03064497373998165 0.04219367727637291 90.34256744384766
14.20492 0.038402009755373 0.02223331108689308 0.9990149140357971 8.432605743408203 0.03173677250742912 0.9992209076881409 -0.023457854986190796 -1.2018930912017822 -0.9987581968307495 0.032606340944767 0.037666480988264084 90.35926818847656
14.30854 0.03555405139923096 0.02231183834373951 0.9991186261177063 9.065719604492188 0.0337175689637661 0.9991546869277954 -0.023512497544288635 -1.217811107635498 -0.9987987875938416 0.034523822367191315 0.03477170318365097 90.37813568115234
14.41227 0.032638367265462875 0.021571021527051926 0.9992343783378601 9.712234497070312 0.03454864025115967 0.9991452097892761 -0.02269756980240345 -1.2388797998428345 -0.9988698363304138 0.03526300564408302 0.03186522424221039 90.395263671875
14.51589 0.030130598694086075 0.021221045404672623 0.9993206858634949 10.381866455078125 0.036587830632925034 0.9990812540054321 -0.022319121286273003 -1.2549055814743042 -0.9988760352134705 0.03723546117544174 0.029326487332582474 90.41354370117188
14.61968 0.029506688937544823 0.020745888352394104 0.9993492364883423 11.064088821411133 0.041127096861600876 0.9989127516746521 -0.021951142698526382 -1.273749828338623 -0.9987180233001709 0.0417480394244194 0.028621390461921692 90.42375946044922
14.72326 0.03064730390906334 0.020519044250249863 0.9993195533752441 11.787698745727539 0.04489293321967125 0.9987521171569824 -0.02188417688012123 -1.2905733585357666 -0.9985215067863464 0.04553307965397835 0.029687896370887756 90.43701934814453
14.82686 0.03324751555919647 0.020410796627402306 0.9992386698722839 12.517206192016602 0.04644528031349182 0.9986796975135803 -0.021944748237729073 -1.3121616840362549 -0.9983674883842468 0.04713952913880348 0.0322556346654892 90.45469665527344
14.93048 0.03707701712846756 0.020371079444885254 0.9991046786308289 13.255788803100586 0.04907514899969101 0.9985487461090088 -0.022180931642651558 -1.330711007118225 -0.9981066584587097 0.0498536191880703 0.036023493856191635 90.4814453125
15.0341 0.04124704748392105 0.01984531059861183 0.99895179271698 14.00669002532959 0.04939299821853638 0.9985397458076477 -0.02187657542526722 -1.3478128910064697 -0.9979273080825806 0.050243571400642395 0.040206603705883026 90.51428985595703
15.13784 0.045404158532619476 0.018193867057561874 0.9988029599189758 14.802276611328125 0.051016081124544144 0.9984871745109558 -0.02050723321735859 -1.3718647956848145 -0.9976651668548584 0.051886122673749924 0.044407304376363754 90.54810333251953
15.24145 0.04966483637690544 0.016307959333062172 0.9986327886581421 15.59221076965332 0.05100866034626961 0.9985203146934509 -0.01884292997419834 -1.3933604955673218 -0.9974625706672668 0.05187474563717842 0.04875950515270233 90.58509826660156
15.34508 0.05371379479765892 0.014214618131518364 0.9984551072120667 16.390716552734375 0.04814402759075165 0.9986989498138428 -0.01680808886885643 -1.4129319190979004 -0.9973952174186707 0.0489724799990654 0.05295956879854202 90.63211822509766
15.44881 0.057779036462306976 0.013441423885524273 0.9982388615608215 17.222087860107422 0.04725189134478569 0.9987519383430481 -0.016183311119675636 -1.4299647808074951 -0.9972105026245117 0.04810374230146408 0.05707179382443428 90.6870346069336
15.55255 0.0619010254740715 0.014521029777824879 0.9979767203330994 18.043039321899414 0.04425766319036484 0.9988707304000854 -0.017279187217354774 -1.4483222961425781 -0.9971005320549011 0.045237716287374496 0.061188455671072006 90.740234375
15.65617 0.06515484303236008 0.018303200602531433 0.9977073073387146 18.86992073059082 0.042373545467853546 0.9988793134689331 -0.0210918840020895 -1.4760010242462158 -0.9969751238822937 0.04365064576268196 0.06430624425411224 90.7965087890625
15.7599 0.06647663563489914 0.023311546072363853 0.9975154995918274 19.711532592773438 0.03633146733045578 0.999007523059845 -0.025767626240849495 -1.5100159645080566 -0.9971262812614441 0.03795415163040161 0.06556373834609985 90.86711120605469
15.86364 0.06656438112258911 0.026721788570284843 0.9974241256713867 20.548446655273438 0.033533431589603424 0.9990167617797852 -0.029002346098423004 -1.533388614654541 -0.9972184896469116 0.035377584397792816 0.0656028613448143 90.9248275756836
15.96739 0.06653565913438797 0.025801563635468483 0.9974502325057983 21.386375427246094 0.0310432780534029 0.9991281032562256 -0.027915731072425842 -1.5695793628692627 -0.9973009824752808 0.032821521162986755 0.06567669659852982 90.98396301269531
16.07102 0.06599289178848267 0.02436204068362713 0.9975224733352661 22.229869842529297 0.028180863708257675 0.9992575645446777 -0.026268769055604935 -1.5986077785491943 -0.9974220991134644 0.029844598844647408 0.06525734812021255 91.05826568603516
16.17474 0.0661405622959137 0.023152872920036316 0.9975415468215942 23.065587997436523 0.029227538034319878 0.9992567896842957 -0.02513057179749012 -1.6316386461257935 -0.9973821640014648 0.030817832797765732 0.06541470438241959 91.11096954345703
16.27845 0.06669203191995621 0.022192247211933136 0.9975267052650452 23.899356842041016 0.026492353528738022 0.9993607401847839 -0.0240042582154274 -1.6658341884613037 -0.99742192029953 0.028027722612023354 0.06606147438287735 91.16741180419922
16.38209 0.06647035479545593 0.0228435005992651 0.9975267648696899 24.759580612182617 0.02477424219250679 0.9993919134140015 -0.024537047371268272 -1.6942381858825684 -0.9974808096885681 0.02634395845234394 0.06586401164531708 91.24220275878906
16.48571 0.06638164073228836 0.023311013355851173 0.9975219368934631 25.59346580505371 0.02145344950258732 0.9994625449180603 -0.024784022942185402 -1.7274906635284424 -0.9975637197494507 0.023045489564538002 0.06584586948156357 91.30671691894531
