1403638127.295097 1.0 0.0 0.0 0.0 0.0 1.0 0.0 0.0 0.0 0.0 1.0 0.0
1403638127.345097 1.0 -0.00017860748630482703 -2.1543331968132406e-05 -7.010929402895272e-05 0.0001786061911843717 1.0 -5.97375983488746e-05 2.2630722014582716e-05 2.1554000340984203e-05 5.9733749367296696e-05 1.0 -0.00033528590574860573
1403638127.395097 0.9999997615814209 -0.0007042742799967527 0.00010399632446933538 -0.00022304654703475535 0.0007042427314445376 0.9999997019767761 0.0003032143577001989 0.00010790883243316785 -0.00010420983744552359 -0.0003031410160474479 0.9999999403953552 -0.0004429135879036039
1403638127.445097 0.9999999403953552 -9.44719067774713e-05 0.00025855141575448215 2.1110136003699154e-06 9.44349158089608e-05 1.0 0.00014308652316685766 0.00010764088074211031 -0.0002585649199318141 -0.00014306210505310446 0.9999999403953552 -0.00029442564118653536
1403638127.4950972 0.9999998211860657 -0.00030074024107307196 0.0005039742100052536 -3.5766650398727506e-05 0.0003011120716109872 0.9999997019767761 -0.0007378567242994905 -8.819112736091483e-06 -0.0005037521477788687 0.00073800835525617 0.9999995827674866 -0.00045851251343265176
1403638127.5450969 0.9999998211860657 -0.0005823804531246424 2.0372954168124124e-05 -0.0001425326190656051 0.0005823796964250505 0.9999998211860657 3.9024511352181435e-05 -9.513418626738712e-05 -2.039567698375322e-05 -3.901263698935509e-05 1.0 -0.0005296572344377637
1403638127.595097 0.9999998807907104 -0.0005115358508192003 -2.669697096280288e-05 -7.941532385302708e-05 0.0005115405656397343 0.9999998807907104 0.00017552667122799903 -2.155080255761277e-05 2.6607178369886242e-05 -0.000175540306372568 1.0 9.820688865147531e-05
1403638127.645097 0.9999997019767761 -0.0006769689498469234 -0.0003439627180341631 -0.000113877555122599 0.0006770725012756884 0.9999997019767761 0.00030103177414275706 -3.766257214010693e-05 0.0003437588457018137 -0.00030126457568258047 0.9999998807907104 -5.202709144214168e-05
1403638127.695097 1.0 -0.00011140129208797589 -0.00018330270540900528 0.00010004208161262795 0.00011140046262880787 1.0 -4.5214137571747415e-06 1.9028288079425693e-05 0.00018330321472603828 4.500993782130536e-06 1.0 4.8829409934114665e-05
1403638127.745097 0.9999998807907104 -0.0005340702482499182 -0.00010385191126260906 -0.00025752902729436755 0.0005340840434655547 0.9999998211860657 0.000133130481117405 0.00010200178803643212 0.00010378078877693042 -0.00013318592391442508 1.0 -0.0004302056913729757
1403638127.795097 1.0 -0.00022144772810861468 -7.122410170268267e-05 -0.00031809485517442226 0.00022146647097542882 0.9999999403953552 0.00026328518288210034 4.9846428737509996e-05 7.116579945432022e-05 -0.00026330092805437744 0.9999999403953552 -0.0002972451038658619
1403638127.845097 0.9999997019767761 -0.000792024948168546 -0.00011496189836179838 -0.00021938467398285866 0.0007920479984022677 0.9999996423721313 0.00020060727547388524 2.8221124011906795e-05 0.00011480296961963177 -0.00020069826859980822 1.0 -0.00027750834124162793
1403638127.895097 0.9999995231628418 -0.0009448628406971693 -0.00019884543144144118 -0.00020759667677339166 0.0009448911878280342 0.9999995231628418 0.00014264413039200008 3.186834146617912e-05 0.00019871056429110467 -0.0001428319519618526 0.9999999403953552 -0.0005364767857827246
1403638127.945097 0.9999990463256836 -0.0013110783183947206 -0.0004037956823594868 -0.00016242614947259426 0.0013111602747812867 0.9999991059303284 0.00020269719243515283 -7.111284048733069e-06 0.00040352955693379045 -0.0002032264310400933 0.9999998807907104 -0.0004577853833325207
1403638127.9950972 0.9999992251396179 -0.0011788125848397613 -0.0004271461220923811 -0.00011827493290184066 0.001179045531898737 0.9999991655349731 0.000545486225746572 6.664053216809407e-05 0.0004265027237124741 -0.0005459894309751689 0.9999997615814209 0.00012452126247808337
1403638128.0450969 0.9999999403953552 -0.00032966199796646833 3.123141868854873e-05 -8.621567394584417e-05 0.0003296413051430136 0.9999997019767761 0.000659983663354069 9.311400935985148e-05 -3.144898437312804e-05 -0.0006599733605980873 0.9999997615814209 -0.0002862590772565454
1403638128.095097 0.9999998211860657 -0.0006233180174604058 0.00011239253217354417 -0.00011944791913265362 0.0006231795996427536 0.9999990463256836 0.0012270768638700247 3.1975108868209645e-05 -0.00011315727897454053 -0.001227006665430963 0.9999992251396179 2.1229252524790354e-05
1403638128.145097 0.999998927116394 -0.0014800610952079296 3.901133459294215e-05 -0.00011317309690639377 0.0014799900818616152 0.9999973773956299 0.0017629277426749468 -0.00010494513844605535 -4.162047116551548e-05 -0.0017628680216148496 0.9999984502792358 0.00023330807744059712
1403638128.195097 0.9999974966049194 -0.0022224532440304756 -0.0002127598418155685 -0.0003858637355733663 0.0022228220477700233 0.9999960064888 0.0017485382268205285 3.843133890768513e-05 0.00020887295249849558 -0.001749006798490882 0.9999984502792358 -4.0805556636769325e-05
1403638128.245097 0.9999995231628418 -0.0009870119392871857 0.00017941970145329833 -0.00037079668254591525 0.0009867007611319423 0.9999980330467224 0.0017265841597691178 2.66025908786105e-05 -0.00018112349789589643 -0.0017264062771573663 0.9999985098838806 0.0001181404513772577
1403638128.295097 0.9999995827674866 -0.0008621306624263525 0.0003660788352135569 -0.00041432445868849754 0.0008615605183877051 0.9999983906745911 0.0015546528156846762 7.528352580266073e-05 -0.0003674185718409717 -0.001554336748085916 0.9999987483024597 -0.0004866793751716614
1403638128.345097 0.9999993443489075 -0.0011285532964393497 4.8224610509350896e-05 -0.00030931609217077494 0.0011284826323390007 0.9999983310699463 0.0014416793128475547 4.779064511239994e-06 -4.985154373571277e-05 -0.0014416240155696869 0.9999989867210388 -0.0001927875418914482
1403638128.395097 0.9999995231628418 -0.000854038167744875 0.00047472314327023923 -0.0002588293864391744 0.000853453588206321 0.9999988675117493 0.0012302109971642494 5.805927867186256e-05 -0.0004757732676807791 -0.0012298052897676826 0.9999991059303284 -1.115263603423955e-05
1403638128.445097 0.9999991059303284 -0.0013177276123315096 0.00023756042355671525 -0.00020801373466383666 0.0013173763873055577 0.9999980330467224 0.001472571399062872 7.012191781541333e-05 -0.00023950039758346975 -0.0014722570776939392 0.9999988675117493 -0.00014425063272938132
1403638128.4950972 0.9999987483024597 -0.0015185796655714512 0.00046097906306385994 -0.0003640496579464525 0.0015177837340161204 0.9999973773956299 0.001721897511743009 -5.4730473493691534e-05 -0.000463592674350366 -0.0017211957601830363 0.9999983906745911 0.00011280018952675164
1403638128.5450969 0.999998927116394 -0.0013884871732443571 0.0004960290971212089 -0.00025477047893218696 0.0013876374578103423 0.9999975562095642 0.0017093694768846035 -4.904156594420783e-05 -0.0004984013503417373 -0.0017086793668568134 0.9999983906745911 0.00011307584645692259
1403638128.595097 0.9999985098838806 -0.0017078345408663154 0.00021445893798954785 -0.0002498750982340425 0.0017074651550501585 0.999997079372406 0.0017110757762566209 2.456688707752619e-05 -0.0002173805405618623 -0.001710707088932395 0.9999985098838806 -0.00017264527559746057
1403638128.645097 0.9999986290931702 -0.0016445365035906434 0.00030205390066839755 -4.0655711927684024e-05 0.0016440170584246516 0.9999971985816956 0.0017118108225986362 -0.00012202510697534308 -0.0003048681828659028 -0.001711311866529286 0.9999985098838806 -0.0004477216862142086
1403638128.695097 0.9999961853027344 -0.0026558758690953255 0.0007782167522236705 -0.0003644207608886063 0.002654201351106167 0.999994158744812 0.0021449890919029713 -6.0060086980229244e-05 -0.0007839090540073812 -0.0021429152693599463 0.9999973773956299 1.2344336937530898e-05
1403638128.745097 0.9999935626983643 -0.003327819984406233 0.0013336327392607927 -0.0006004901370033622 0.0033233058638870716 0.9999887943267822 0.003373025683686137 -0.0004414502764120698 -0.001344842603430152 -0.0033685718663036823 0.9999934434890747 0.0004220798145979643
1403638128.795097 0.9999940991401672 -0.0031417456921190023 0.0013817156432196498 -0.0006311541073955595 0.003136988030746579 0.9999892115592957 0.0034320494160056114 -0.0003070513776037842 -0.0013924833619967103 -0.003427694784477353 0.9999931454658508 -0.00016128756396938115
1403638128.845097 0.9999911785125732 -0.00321063119918108 0.0027056538965553045 -0.000634805066511035 0.00320001901127398 0.9999871850013733 0.00391743378713727 -0.00042895713704638183 -0.002718196716159582 -0.003908741287887096 0.9999886751174927 0.0007333014509640634
1403638128.895097 0.999992847442627 -0.002910682000219822 0.002423427300527692 -0.000507441523950547 0.002901148283854127 0.9999880790710449 0.003928203135728836 -0.000266182265477255 -0.0024348320439457893 -0.003921144176274538 0.9999893307685852 0.0003460767038632184
1403638128.945097 0.9999960064888 -0.0008673013653606176 0.002694019814953208 -0.0001158160375780426 0.0008579320274293423 0.9999935626983643 0.003477040445432067 -0.00012536953727249056 -0.0026970182079821825 -0.0034747151657938957 0.9999903440475464 -8.414028707193211e-05
1403638128.9950972 0.9999958276748657 -0.0010813279077410698 0.002678703749552369 -0.0003447374911047518 0.001071844482794404 0.9999931454658508 0.003539213677868247 -0.00013776741980109364 -0.0026825126260519028 -0.0035363277420401573 0.9999901652336121 -0.0003061669413000345
1403638129.0450969 0.9999977946281433 -0.00017383003432769328 0.0020999282132834196 -4.650237679015845e-05 0.00016768275236245245 0.9999957084655762 0.0029271957464516163 -0.0004258597909938544 -0.0021004281006753445 -0.0029268371872603893 0.9999935030937195 0.0006723626283928752
1403638129.095097 0.9999678730964661 0.007092245854437351 0.0037372515071183443 -6.618296902161092e-05 -0.007103136274963617 0.999970555305481 0.0029088836163282394 -0.0005441773682832718 -0.0037165109533816576 -0.0029353362042456865 0.9999887943267822 -0.0002309613482793793
1403638129.145097 0.9999164342880249 0.011365232057869434 0.006164663005620241 -0.0006969482055865228 -0.011377338320016861 0.9999334216117859 0.0019323003944009542 -0.001567642204463482 -0.0061422912403941154 -0.0020022764801979065 0.9999791383743286 -2.2182177417562343e-05
1403638129.195097 0.999937117099762 0.009768246673047543 0.005507696885615587 -0.0006129996618255973 -0.009753204882144928 0.9999486804008484 -0.0027513308450579643 -0.0036780121736228466 -0.005534289870411158 0.0026974400971084833 0.9999810457229614 -0.0006057678256183863
1403638129.245097 0.9999682903289795 -0.007921336218714714 -0.0008272161358036101 -0.0005279410979710519 0.007909564301371574 0.9998792409896851 -0.013376935385167599 -0.008149461820721626 0.0009330793982371688 0.0133699681609869 0.9999101758003235 -0.0016387809300795197
1403638129.295097 0.9991441369056702 -0.04061063006520271 -0.007858396507799625 0.00020615074026864022 0.04033760353922844 0.9986657500267029 -0.03224160894751549 -0.014595258049666882 0.009157263673841953 0.03189701586961746 0.9994491934776306 -0.004103989340364933
1403638129.345097 0.9967219829559326 -0.08000677824020386 -0.012001200579106808 0.001954220235347748 0.07919789105653763 0.9952189326286316 -0.05715705826878548 -0.02320837415754795 0.016516773030161858 0.05601923167705536 0.9982930421829224 -0.006866788491606712
1403638129.395097 0.9934090375900269 -0.113551564514637 -0.01564108580350876 0.0028954437002539635 0.11212307214736938 0.9909946322441101 -0.07319897413253784 -0.03127728030085564 0.02381209097802639 0.07096279412508011 0.9971947073936462 -0.009771221317350864
1403638129.445097 0.9920021891593933 -0.12498224526643753 -0.01764228753745556 0.003929357510060072 0.12347158789634705 0.9898816347122192 -0.06992232799530029 -0.03590312600135803 0.02620282582938671 0.06718477606773376 0.9973965287208557 -0.011923728510737419
1403638129.4950972 0.993289589881897 -0.11389962583780289 -0.020071255043148994 0.0036126847844570875 0.11274479329586029 0.9922895431518555 -0.05147742107510567 -0.037692513316869736 0.025779757648706436 0.048869047313928604 0.9984724521636963 -0.013248058967292309
1403638129.5450969 0.9959626793861389 -0.08714893460273743 -0.021531924605369568 0.0026864358223974705 0.0865349993109703 0.9958561658859253 -0.027966827154159546 -0.038560714572668076 0.02387998439371586 0.02599066123366356 0.9993769526481628 -0.013700134120881557
1403638129.595097 0.9982514977455139 -0.05549932271242142 -0.02034069411456585 0.001433368306607008 0.05531776323914528 0.9984247088432312 -0.009382234886288643 -0.04021618142724037 0.020829355344176292 0.00824064202606678 0.9997491240501404 -0.014707074500620365
1403638129.645097 0.9993625283241272 -0.03052929975092411 -0.01851264387369156 0.0010544550605118275 0.030528126284480095 0.9995338916778564 -0.0003455430269241333 -0.04331456869840622 0.018514562398195267 -0.00021981820464134216 0.999828577041626 -0.015902424231171608
1403638129.695097 0.9996535778045654 -0.020815568044781685 -0.01610622927546501 0.0010746209882199764 0.020769059658050537 0.9997795820236206 -0.0030492120422422886 -0.048589203506708145 0.01616615056991577 0.002713644178584218 0.9998655915260315 -0.017519328743219376
1403638129.745097 0.9995839595794678 -0.02368633821606636 -0.016455749049782753 0.0008279324974864721 0.023500589653849602 0.9996589422225952 -0.011390484869480133 -0.055710334330797195 0.016719931736588478 0.010999026708304882 0.9997996091842651 -0.02001507394015789
1403638129.795097 0.999485433101654 -0.02610459178686142 -0.018637580797076225 0.0002579771098680794 0.025904418900609016 0.9996050000190735 -0.01090192049741745 -0.06350629776716232 0.018914807587862015 0.010413515381515026 0.9997668266296387 -0.022495441138744354
1403638129.845097 0.9995253086090088 -0.02201959677040577 -0.021548021584749222 -0.0007970238802954555 0.02203846536576748 0.999756932258606 0.0006387948524206877 -0.07176268845796585 0.021528717130422592 -0.0011133768130093813 0.999767541885376 -0.025917084887623787
1403638129.895097 0.9995853900909424 -0.014759152196347713 -0.02471690997481346 -0.0020667046774178743 0.015092834830284119 0.9997967481613159 0.013368794694542885 -0.08189412951469421 0.024514570832252502 -0.013736301101744175 0.9996050596237183 -0.030468320474028587
1403638129.945097 0.9996247887611389 -0.006615332327783108 -0.026577673852443695 -0.0032302660401910543 0.00710261007770896 0.9998076558113098 0.018281714990735054 -0.09458006173372269 0.02645162120461464 -0.018463626503944397 0.9994795918464661 -0.03542396426200867
1403638129.9950972 0.9995672106742859 -0.007414492312818766 -0.02846805565059185 -0.005160083994269371 0.007711196318268776 0.9999169707298279 0.010326765477657318 -0.11052914708852768 0.02838912419974804 -0.010541818104684353 0.9995413422584534 -0.040158312767744064
1403638130.0450969 0.9992992281913757 -0.020860379561781883 -0.031078016385436058 -0.005691779777407646 0.02065902017056942 0.999763548374176 -0.006786154583096504 -0.13097704946994781 0.031212227419018745 0.0061393603682518005 0.9994939565658569 -0.04788967967033386
1403638130.095097 0.9988486766815186 -0.0329551100730896 -0.03485950827598572 -0.005876999814063311 0.032182514667510986 0.9992287158966064 -0.02249697782099247 -0.15027296543121338 0.03557401895523071 0.021349210292100906 0.9991390109062195 -0.05504774674773216
1403638130.145097 0.9983941912651062 -0.039671022444963455 -0.040438733994960785 -0.007235314697027206 0.0384465754032135 0.9987913966178894 -0.030620140954852104 -0.16985821723937988 0.04160459712147713 0.029016239568591118 0.9987127184867859 -0.06147819012403488
1403638130.195097 0.9982820749282837 -0.03621223568916321 -0.0460611991584301 -0.008273244835436344 0.034818485379219055 0.9989217519760132 -0.030709415674209595 -0.1883355677127838 0.04712358117103577 0.029052874073386192 0.998466432094574 -0.06861689686775208
1403638130.245097 0.9981569051742554 -0.03213784098625183 -0.05147799476981163 -0.00936863198876381 0.03057650476694107 0.9990566968917847 -0.03083600476384163 -0.20722168684005737 0.05242043361067772 0.02920514903962612 0.9981979131698608 -0.0765451118350029
1403638130.295097 0.9976317286491394 -0.03845277428627014 -0.057031288743019104 -0.010319527238607407 0.03621538355946541 0.9985527396202087 -0.03975912556052208 -0.2278178632259369 0.05847760662436485 0.03759954869747162 0.9975804090499878 -0.08332264423370361
1403638130.345097 0.9966482520103455 -0.05466437339782715 -0.060861099511384964 -0.010965880006551743 0.05145915597677231 0.9972654581069946 -0.053042296320199966 -0.24911333620548248 0.06359419226646423 0.04973266273736954 0.9967359304428101 -0.09157512336969376
1403638130.395097 0.9954872727394104 -0.06859250366687775 -0.06557634472846985 -0.01122255064547062 0.06449398398399353 0.99594646692276 -0.06269819289445877 -0.2695651352405548 0.06961114704608917 0.05818597227334976 0.995875895023346 -0.09995866566896439
1403638130.445097 0.994745135307312 -0.07280390709638596 -0.0719844251871109 -0.01330653391778469 0.06808469444513321 0.9954958558082581 -0.06597364693880081 -0.28797444701194763 0.07646332681179047 0.06072593480348587 0.9952214956283569 -0.10681398212909698
1403638130.4950972 0.9949758648872375 -0.06381657719612122 -0.07713999599218369 -0.012776706367731094 0.05899082496762276 0.9962496161460876 -0.06329797208309174 -0.30547475814819336 0.08089016377925873 0.058429405093193054 0.9950090050697327 -0.11711221933364868
1403638130.5450969 0.9958174228668213 -0.04766499623656273 -0.07794740796089172 -0.01482103019952774 0.043259404599666595 0.9974213242530823 -0.057264458388090134 -0.3231545686721802 0.08047592639923096 0.053652986884117126 0.9953114986419678 -0.12565965950489044
1403638130.595097 0.9962121844291687 -0.040462709963321686 -0.0769679993391037 -0.016095539554953575 0.03608926385641098 0.9976994395256042 -0.05738825723528862 -0.34214523434638977 0.07911302149295807 0.054393164813518524 0.9953805804252625 -0.13163623213768005
1403638130.645097 0.9962618947029114 -0.041477855294942856 -0.0757751315832138 -0.01712391898036003 0.036369677633047104 0.9970499277114868 -0.06759165972471237 -0.3603975772857666 0.07835514843463898 0.06458308547735214 0.9948314428329468 -0.1377193182706833
1403638130.695097 0.9956172704696655 -0.05428878217935562 -0.07615248113870621 -0.015732120722532272 0.048101335763931274 0.995564341545105 -0.08085709810256958 -0.378202348947525 0.08020435273647308 0.07683968544006348 0.9938123226165771 -0.1505419909954071
1403638130.745097 0.9937330484390259 -0.07753743976354599 -0.0805145800113678 -0.016851793974637985 0.06973649561405182 0.9929783940315247 -0.09555475413799286 -0.39543047547340393 0.08735829591751099 0.08934110403060913 0.9921625852584839 -0.15458981692790985
1403638130.795097 0.9913408160209656 -0.0983615443110466 -0.08699669688940048 -0.016574596986174583 0.08921056985855103 0.9906240701675415 -0.1034664437174797 -0.41304436326026917 0.09635815024375916 0.09480948746204376 0.9908210635185242 -0.1661369502544403
1403638130.845097 0.9904773831367493 -0.10302331298589706 -0.09132744371891022 -0.020015977323055267 0.09309719502925873 0.9898917078971863 -0.10699152201414108 -0.41485998034477234 0.10142690688371658 0.09747036546468735 0.990056574344635 -0.17285770177841187
1403638130.895097 0.9897467494010925 -0.10663507133722305 -0.09502853453159332 -0.019268864765763283 0.09596087038516998 0.9892230033874512 -0.11058676242828369 -0.4244893193244934 0.10579682886600494 0.10033385455608368 0.9893129467964172 -0.17730367183685303
1403638130.945097 0.989570140838623 -0.1114487498998642 -0.09126920998096466 -0.014021800830960274 0.10003404319286346 0.9875613451004028 -0.12130878120660782 -0.45026716589927673 0.10365366190671921 0.11091351509094238 0.9884098172187805 -0.1814393401145935
1403638130.9950972 0.9896591901779175 -0.11726841330528259 -0.08260062336921692 -0.014331843703985214 0.10477679967880249 0.9842979907989502 -0.14205405116081238 -0.4470676779747009 0.09796208888292313 0.13193044066429138 0.9864064455032349 -0.18371877074241638
1403638131.0450969 0.9893301129341125 -0.12376429885625839 -0.07686462998390198 -0.011456876993179321 0.11044333130121231 0.9811877608299255 -0.1583443582057953 -0.4465654492378235 0.0950160026550293 0.14816567301750183 0.9843875765800476 -0.18155215680599213
1403638131.095097 0.9900159239768982 -0.12146839499473572 -0.07151120901107788 -0.01630086824297905 0.10846862196922302 0.98050856590271 -0.16382205486297607 -0.4384211599826813 0.09001654386520386 0.15442973375320435 0.9838945865631104 -0.1781989336013794
1403638131.145097 0.9910794496536255 -0.1125076413154602 -0.07143864780664444 -0.014258604496717453 0.10038027167320251 0.9827752709388733 -0.15516656637191772 -0.43161749839782715 0.08766555786132812 0.14661137759685516 0.9853019118309021 -0.1748482584953308
1403638131.195097 0.9929180145263672 -0.09452201426029205 -0.0719669759273529 -0.011142165400087833 0.08395065367221832 0.9868791103363037 -0.1379198282957077 -0.41673415899276733 0.08405914902687073 0.13090141117572784 0.9878252744674683 -0.17116229236125946
1403638131.245097 0.9948402643203735 -0.0719069093465805 -0.07156911492347717 -0.0116276228800416 0.06325966864824295 0.9911723732948303 -0.11651487648487091 -0.40604913234710693 0.07931555807590485 0.1113862544298172 0.9906069040298462 -0.1661824733018875
1403638131.295097 0.9957287311553955 -0.057020403444767 -0.07261531054973602 -0.011964024044573307 0.049534425139427185 0.9936506748199463 -0.10101866722106934 -0.3912016451358795 0.07791438698768616 0.09699024260044098 0.9922308325767517 -0.1559104025363922
1403638131.345097 0.9960758686065674 -0.05041930079460144 -0.07273724675178528 -0.009827674366533756 0.043507933616638184 0.9946532249450684 -0.0936591699719429 -0.3722503185272217 0.07707057148218155 0.09012701362371445 0.9929437041282654 -0.15073126554489136
1403638131.395097 0.9961594343185425 -0.05179457738995552 -0.07059510052204132 -0.005829661153256893 0.04513807222247124 0.9946584701538086 -0.0928279310464859 -0.36029696464538574 0.0750259980559349 0.08928490430116653 0.9931763410568237 -0.14807593822479248
1403638131.445097 0.9962501525878906 -0.05255796015262604 -0.06872579455375671 -0.003374141175299883 0.0458926297724247 0.9943992495536804 -0.09520521014928818 -0.3433012068271637 0.07334467023611069 0.09169420599937439 0.9930824637413025 -0.14149591326713562
1403638131.4950972 0.9971594214439392 -0.042614907026290894 -0.062104467302560806 -0.005421302746981382 0.036648888140916824 0.9948760867118835 -0.09422457218170166 -0.3263167142868042 0.06580162793397903 0.09168087691068649 0.9936119914054871 -0.1359764039516449
1403638131.5450969 0.9973618388175964 -0.039526790380477905 -0.060885097831487656 -0.0046221110969781876 0.03403613343834877 0.995475172996521 -0.08871781826019287 -0.30739784240722656 0.06411635130643845 0.0864114910364151 0.9941942095756531 -0.12861213088035583
1403638131.595097 0.9975196719169617 -0.03628570958971977 -0.0603155642747879 -0.004213379230350256 0.03125958889722824 0.9961187839508057 -0.08228108286857605 -0.28566762804985046 0.06306710839271545 0.08019156754016876 0.9947822690010071 -0.11906961351633072
1403638131.645097 0.9977018237113953 -0.03007398173213005 -0.0607164204120636 -0.0038474174216389656 0.025332555174827576 0.996677815914154 -0.07740470767021179 -0.26652422547340393 0.06284260749816895 0.07568871974945068 0.9951491951942444 -0.11174926906824112
1403638131.695097 0.9978945851325989 -0.025813372805714607 -0.05949975550174713 -0.00020907586440443993 0.02117740362882614 0.9967851638793945 -0.07727057486772537 -0.24660316109657288 0.061303094029426575 0.07584784924983978 0.9952331781387329 -0.1062157079577446
1403638131.745097 0.9980653524398804 -0.02211911603808403 -0.05810585990548134 0.00123532023280859 0.017600009217858315 0.996863067150116 -0.07716547697782516 -0.22604991495609283 0.05963040143251419 0.07599353790283203 0.9953237771987915 -0.0957687720656395
1403638131.795097 0.9985336065292358 -0.01076347753405571 -0.053053539246320724 0.002555458340793848 0.0066973487846553326 0.9970675706863403 -0.07623206824064255 -0.20480239391326904 0.053718481212854385 0.0757649838924408 0.9956777095794678 -0.09096638113260269
1403638131.845097 0.9988842010498047 0.0004935367614962161 -0.04722384735941887 0.004817700944840908 -0.0039214761927723885 0.9973589777946472 -0.07252410054206848 -0.18206943571567535 0.04706333577632904 0.07262837141752243 0.9962480664253235 -0.0830335021018982
1403638131.895097 0.9990694522857666 0.006323742214590311 -0.04266360029578209 0.006534792948514223 -0.009350702166557312 0.9974234104156494 -0.07112732529640198 -0.16130107641220093 0.04210388660430908 0.07146008312702179 0.996554434299469 -0.07600753009319305
1403638131.945097 0.9991176724433899 0.011450191959738731 -0.04040845111012459 0.007595399394631386 -0.014270088635385036 0.9974308013916016 -0.07020110636949539 -0.14317616820335388 0.03950081765651703 0.07071579992771149 0.9967140555381775 -0.06927625089883804
1403638131.9950972 0.9989206194877625 0.02447875589132309 -0.039478130638599396 0.008763683028519154 -0.02699487842619419 0.997551679611206 -0.06451459228992462 -0.12811610102653503 0.03780222684144974 0.06551066786050797 0.9971356987953186 -0.06429261714220047
1403638132.0450969 0.9982224702835083 0.043101176619529724 -0.041162338107824326 0.009157216176390648 -0.04534807428717613 0.9974388480186462 -0.05530977249145508 -0.11706199496984482 0.038673002272844315 0.05707808956503868 0.9976204037666321 -0.06182502955198288
1403638132.095097 0.9971880316734314 0.06161768361926079 -0.04265497997403145 0.009275383315980434 -0.06342843174934387 0.9970815777778625 -0.042485520243644714 -0.11193208396434784 0.0399126335978508 0.04507157951593399 0.9981861114501953 -0.06038045883178711
1403638132.145097 0.9963060021400452 0.0726458877325058 -0.04579319804906845 0.008235810324549675 -0.07431613653898239 0.9965887069702148 -0.03589017316699028 -0.11478126049041748 0.043029699474573135 0.03916076198220253 0.9983060359954834 -0.06410025805234909
1403638132.195097 0.9961267709732056 0.07263287156820297 -0.04955689236521721 0.008490169420838356 -0.07459444552659988 0.9964529871940613 -0.0389508455991745 -0.12520411610603333 0.046552009880542755 0.04249665141105652 0.9980114698410034 -0.06685367971658707
1403638132.245097 0.9966381192207336 0.06078944727778435 -0.05492926761507988 0.007992294616997242 -0.06368869543075562 0.9965789914131165 -0.052669234573841095 -0.14257965981960297 0.05153961852192879 0.0559905469417572 0.9971001744270325 -0.07433141767978668
1403638132.295097 0.9970844388008118 0.045187756419181824 -0.06148650497198105 0.006744196638464928 -0.0493757426738739 0.9964361190795898 -0.06839039921760559 -0.16565380990505219 0.05817696452140808 0.07122693955898285 0.995762050151825 -0.08444467931985855
1403638132.345097 0.9971883893013 0.03601326420903206 -0.06571346521377563 0.006384580861777067 -0.041193194687366486 0.9960029721260071 -0.07925384491682053 -0.19242671132087708 0.06259661912918091 0.08173796534538269 0.9946861267089844 -0.09568396955728531
1403638132.395097 0.9968773126602173 0.020383711904287338 -0.07629082351922989 0.0045125363394618034 -0.026810357347130775 0.9960892796516418 -0.08418633043766022 -0.2193850427865982 0.07427644729614258 0.08596882224082947 0.9935252666473389 -0.10809554159641266
1403638132.445097 0.9963341355323792 0.0036712810397148132 -0.08546814322471619 0.004504404962062836 -0.011804484762251377 0.9954214096069336 -0.09485098719596863 -0.24494273960590363 0.08472859859466553 0.09551218897104263 0.9918157458305359 -0.12019310891628265
1403638132.4950972 0.9952760934829712 -0.021670883521437645 -0.09463591873645782 0.004141247831285 0.010901245288550854 0.9935501217842102 -0.11286792159080505 -0.2763845920562744 0.09647148847579956 0.11130310595035553 0.989093005657196 -0.13583427667617798
1403638132.5450969 0.9936836361885071 -0.048414263874292374 -0.1012362614274025 0.008206184953451157 0.03428172692656517 0.9899846911430359 -0.1369488388299942 -0.308813214302063 0.10685262829065323 0.13261330127716064 0.9853914976119995 -0.1536867767572403
1403638132.595097 0.991996169090271 -0.06980568915605545 -0.10521768778562546 0.002192886546254158 0.05241647735238075 0.9857557415962219 -0.1598060429096222 -0.32716816663742065 0.11487431824207306 0.15301184356212616 0.9815250039100647 -0.1499461978673935
1403638132.645097 0.9906884431838989 -0.08212131261825562 -0.10859248042106628 0.0006672963500022888 0.06312932074069977 0.9837594628334045 -0.16802388429641724 -0.35202664136886597 0.12062721699476242 0.15960398316383362 0.9797835350036621 -0.16630339622497559
1403638132.695097 0.9902328848838806 -0.08427562564611435 -0.11106950044631958 -0.0057436758652329445 0.06599705666303635 0.9850637912750244 -0.1590394526720047 -0.3692456781864166 0.12281371653079987 0.15015585720539093 0.9810045957565308 -0.17363375425338745
1403638132.745097 0.9898567795753479 -0.08444560319185257 -0.11424732208251953 -0.011705901473760605 0.06736081838607788 0.9870012998580933 -0.14591464400291443 -0.38660988211631775 0.12508410215377808 0.1367388218641281 0.9826781749725342 -0.18314605951309204
1403638132.795097 0.9896862506866455 -0.08756252378225327 -0.11337471753358841 -0.022236347198486328 0.07129032164812088 0.9875279664993286 -0.14037850499153137 -0.3990240693092346 0.12425260245800018 0.13084816932678223 0.9835852980613708 -0.17945244908332825
1403638132.845097 0.9889362454414368 -0.09569411724805832 -0.11334733664989471 -0.022914014756679535 0.07817251980304718 0.9855841994285583 -0.15004290640354156 -0.4012061357498169 0.12607155740261078 0.13952220976352692 0.9821606278419495 -0.18512976169586182
1403638132.895097 0.9877327084541321 -0.10955005139112473 -0.11127915978431702 -0.026033172383904457 0.09032393991947174 0.9821262955665588 -0.165134996175766 -0.40574541687965393 0.12738074362277985 0.15305806696414948 0.9799731373786926 -0.1886415332555771
1403638132.945097 0.9863145351409912 -0.11972208321094513 -0.11335848271846771 -0.028868505731225014 0.09821715205907822 0.9788858294487 -0.17926518619060516 -0.4052697718143463 0.13242700695991516 0.16567814350128174 0.9772480726242065 -0.1874924898147583
1403638132.9950972 0.9856002330780029 -0.1201387569308281 -0.11899089068174362 -0.030008703470230103 0.09667189419269562 0.9777053594589233 -0.18640486896038055 -0.3989088535308838 0.13873246312141418 0.17221760749816895 0.9752407073974609 -0.18151167035102844
1403638133.0450969 0.9867703318595886 -0.10509967803955078 -0.12344379723072052 -0.02685423567891121 0.08173961192369461 0.9800745248794556 -0.18103207647800446 -0.39582622051239014 0.1400105357170105 0.16854684054851532 0.9756991863250732 -0.18413510918617249
1403638133.095097 0.9887080788612366 -0.08521892130374908 -0.12326495349407196 -0.019478976726531982 0.06343118846416473 0.9832316637039185 -0.17097340524196625 -0.3807391822338104 0.13576817512512207 0.16122391819953918 0.9775345325469971 -0.17989465594291687
1403638133.145097 0.9900421500205994 -0.07401914894580841 -0.11974025517702103 -0.014940950088202953 0.05422303080558777 0.9854860901832581 -0.16086292266845703 -0.37560462951660156 0.12990927696228027 0.15276838839054108 0.9796863794326782 -0.17286162078380585
1403638133.195097 0.991786539554596 -0.06753993034362793 -0.10861808806657791 0.002447589300572872 0.04996062442660332 0.986315906047821 -0.15711413323879242 -0.36254674196243286 0.11774321645498276 0.15039704740047455 0.981589138507843 -0.16361738741397858
1403638133.245097 0.9933571815490723 -0.06775212287902832 -0.09301165491342545 0.01256368588656187 0.05263145640492439 0.9862990379333496 -0.15634608268737793 -0.3503662347793579 0.10233007371425629 0.1504121869802475 0.9833131432533264 -0.15707476437091827
1403638133.295097 0.9953421950340271 -0.06367158889770508 -0.07238712161779404 0.03559281304478645 0.05199557915329933 0.9868456721305847 -0.15307492017745972 -0.3401376008987427 0.08118144422769547 0.14859811961650848 0.9855598211288452 -0.15301309525966644
1403638133.345097 0.9968197345733643 -0.058203790336847305 -0.05442960932850838 0.05587957054376602 0.04987460374832153 0.9883891940116882 -0.14352472126483917 -0.3274086117744446 0.06215132772922516 0.14035364985466003 0.9881488084793091 -0.14953738451004028
1403638133.395097 0.9979223608970642 -0.05306858941912651 -0.03653213381767273 0.07585915178060532 0.04776032269001007 0.9899147748947144 -0.13337010145187378 -0.3133765161037445 0.043241456151008606 0.13134822249412537 0.990392804145813 -0.14079228043556213
1403638133.445097 0.9987987279891968 -0.04738542437553406 -0.012478433549404144 0.09704263508319855 0.045440878719091415 0.9909900426864624 -0.1259918063879013 -0.29213371872901917 0.018336184322834015 0.1252734363079071 0.9919528365135193 -0.14133678376674652
1403638133.4950972 0.9986299276351929 -0.051178377121686935 0.010905534029006958 0.12000752240419388 0.05212656036019325 0.991195023059845 -0.12171782553195953 -0.28704673051834106 -0.004580192267894745 0.12211956083774567 0.9925048351287842 -0.1371956169605255
1403638133.5450969 0.997450053691864 -0.062449317425489426 0.03454741835594177 0.13777010142803192 0.0661572813987732 0.9906447529792786 -0.11935713142156601 -0.2754771411418915 -0.026770442724227905 0.12133833765983582 0.9922501444816589 -0.13033051788806915
1403638133.595097 0.9956992268562317 -0.07817503064870834 0.04971855878829956 0.16337305307388306 0.0833728164434433 0.9901030659675598 -0.11289361119270325 -0.26444578170776367 -0.04040102660655975 0.11655326187610626 0.9923624396324158 -0.13140100240707397
1403638133.645097 0.9937635064125061 -0.09393888711929321 0.06007879972457886 0.18498530983924866 0.09982718527317047 0.9895572662353516 -0.10397529602050781 -0.25485655665397644 -0.049684107303619385 0.10932435095310211 0.9927636981010437 -0.13535362482070923
1403638133.695097 0.9918326735496521 -0.10500739514827728 0.07239774614572525 0.2009592056274414 0.11167372018098831 0.9891762733459473 -0.09517985582351685 -0.24709779024124146 -0.06161954998970032 0.10248741507530212 0.9928239583969116 -0.13824234902858734
1403638133.745097 0.9898202419281006 -0.11033488065004349 0.08990073949098587 0.2237682044506073 0.11823491752147675 0.9890894293785095 -0.08787735551595688 -0.2337041050195694 -0.07922394573688507 0.09761219471693039 0.9920662045478821 -0.13927938044071198
1403638133.795097 0.9878084063529968 -0.1106434166431427 0.10951057076454163 0.24269801378250122 0.11996623128652573 0.9893403053283691 -0.08254585415124893 -0.2278306931257248 -0.09921006113290787 0.09467708319425583 0.9905521869659424 -0.14046910405158997
1403638133.845097 0.9858503937721252 -0.1070302203297615 0.1290106475353241 0.26269713044166565 0.11745580285787582 0.9901584982872009 -0.07609404623508453 -0.2173314094543457 -0.11959664523601532 0.09017042815685272 0.9887194037437439 -0.14130815863609314
1403638133.895097 0.9839701056480408 -0.10507670044898987 0.144089937210083 0.2687608599662781 0.11602518707513809 0.9907912611961365 -0.06979133188724518 -0.20633211731910706 -0.13542960584163666 0.08539066463708878 0.9871004819869995 -0.1318427324295044
1403638133.945097 0.9821227192878723 -0.10580842941999435 0.15569078922271729 0.2739074230194092 0.1174779087305069 0.9907622933387756 -0.06774124503135681 -0.20177170634269714 -0.14708498120307922 0.084820456802845 0.9854803085327148 -0.12266089022159576
1403638133.9950972 0.9811784029006958 -0.10555323213338852 0.1617014855146408 0.27940690517425537 0.11797691136598587 0.9905996918678284 -0.06923489272594452 -0.20218223333358765 -0.15287348628044128 0.08700884133577347 0.9844080805778503 -0.12387104332447052
1403638134.0450969 0.9812401533126831 -0.10239583998918533 0.16334903240203857 0.2727167010307312 0.11480304598808289 0.9910311102867126 -0.06839267164468765 -0.2004595249891281 -0.1548808515071869 0.08586261421442032 0.9841948747634888 -0.10630854964256287
1403638134.095097 0.9825334548950195 -0.09457613527774811 0.16026093065738678 0.26553109288215637 0.10560285300016403 0.9924906492233276 -0.06172657385468483 -0.20299215614795685 -0.15321964025497437 0.07757243514060974 0.9851427674293518 -0.09700146317481995
1403638134.145097 0.9839391708374023 -0.08524315059185028 0.15683594346046448 0.2571395933628082 0.09506449103355408 0.9938827157020569 -0.0562112033367157 -0.20814967155456543 -0.15108489990234375 0.07021794468164444 0.9860237836837769 -0.08987167477607727
1403638134.195097 0.9841742515563965 -0.08173605799674988 0.1572270691394806 0.24564754962921143 0.0921052023768425 0.993950605392456 -0.05982400104403496 -0.21438418328762054 -0.15138614177703857 0.0733586996793747 0.985748827457428 -0.07361535727977753
1403638134.245097 0.9832015037536621 -0.088518425822258 0.15962260961532593 0.23291467130184174 0.10164698213338852 0.9919103980064392 -0.07603619992733002 -0.22104322910308838 -0.15160071849822998 0.09098408371210098 0.9842455387115479 -0.059387966990470886
1403638134.295097 0.9820719957351685 -0.09697530418634415 0.16164907813072205 0.21419478952884674 0.11219653487205505 0.9897958636283875 -0.08784030377864838 -0.23325541615486145 -0.1514812707901001 0.10440199077129364 0.9829311370849609 -0.04568486660718918
1403638134.345097 0.9815263152122498 -0.10581590235233307 0.1594025194644928 0.1904735416173935 0.12085423618555069 0.988781213760376 -0.08778281509876251 -0.23974524438381195 -0.14832539856433868 0.1054256409406662 0.9833031892776489 -0.024314386770129204
1403638134.395097 0.9814934134483337 -0.11586972326040268 0.1524626612663269 0.1756865382194519 0.1293533742427826 0.9882283210754395 -0.08168376982212067 -0.2521931529045105 -0.14120326936244965 0.09989366680383682 0.9849278330802917 -0.014983102679252625
1403638134.445097 0.9812880754470825 -0.12279751896858215 0.14830633997917175 0.1538325399160385 0.13505388796329498 0.9879515767097473 -0.0755782499909401 -0.26475197076797485 -0.13723865151405334 0.09419339895248413 0.9860492944717407 -0.0032222606241703033
1403638134.4950972 0.9807244539260864 -0.1303987354040146 0.1455186903476715 0.1323327273130417 0.1425694078207016 0.9868191480636597 -0.07656291127204895 -0.26960307359695435 -0.13361690938472748 0.0958336666226387 0.986388623714447 0.013535983860492706
1403638134.5450969 0.9797590970993042 -0.14070913195610046 0.14238449931144714 0.11437331885099411 0.1528414636850357 0.9851558804512024 -0.07814997434616089 -0.27673575282096863 -0.12927451729774475 0.09833041578531265 0.9867214560508728 0.024052590131759644
1403638134.595097 0.9792928099632263 -0.15071001648902893 0.13517414033412933 0.09463857859373093 0.16253270208835602 0.9833635091781616 -0.08111278712749481 -0.28184619545936584 -0.12070080637931824 0.10140341520309448 0.9874961972236633 0.0338854119181633
1403638134.645097 0.9792078137397766 -0.15465113520622253 0.1312836855649948 0.06532968580722809 0.1656690090894699 0.9831264615058899 -0.07756288349628448 -0.2865929901599884 -0.11707327514886856 0.09769982844591141 0.9883059859275818 0.04436865821480751
1403638134.695097 0.9798363447189331 -0.15478044748306274 0.12634825706481934 0.04174076393246651 0.16450193524360657 0.9838564991950989 -0.07046553492546082 -0.28980571031570435 -0.1134018674492836 0.08982923626899719 0.9894800186157227 0.0512869618833065
1403638134.745097 0.980816125869751 -0.15485763549804688 0.1184021383523941 0.024052109569311142 0.1626732498407364 0.9848894476890564 -0.059414900839328766 -0.2996489405632019 -0.10741215944290161 0.0775359570980072 0.9911865592002869 0.052237704396247864
1403638134.795097 0.9820778965950012 -0.15005455911159515 0.11404690891504288 -0.0010276846587657928 0.1562873125076294 0.986555278301239 -0.04778003692626953 -0.30304521322250366 -0.10534397512674332 0.06474783271551132 0.9923257827758789 0.057891931384801865
