0.0 1.0 -1.6501644495292567e-10 0.0 0.0 -1.6501644495292567e-10 1.0 0.0 0.0 0.0 0.0 1.0 -1.862645149230957e-09
0.1037359 0.9999911189079285 -0.0025818452704697847 -0.0033287443220615387 0.000787409720942378 0.0025752843357622623 0.9999947547912598 -0.001973607810214162 -0.007066695485264063 0.0033338223583996296 0.001965017756447196 0.9999924898147583 0.6892953515052795
0.2073381 0.9999730587005615 -0.0014414157485589385 -0.0072000836953520775 -0.010076047852635384 0.0014154714299365878 0.9999924898147583 -0.003607101971283555 -0.008508463390171528 0.007205228786915541 0.0035968131851404905 0.9999675750732422 1.392398476600647
0.3110752 0.999927818775177 -0.0020402350928634405 -0.011841675266623497 -0.012755617499351501 0.001980777131393552 0.9999853372573853 -0.005030659027397633 -0.00850624218583107 0.011851763352751732 0.005006839986890554 0.9999172687530518 2.1326377391815186
0.4146917 0.9998584985733032 -0.0005502550629898906 -0.016807476058602333 -0.027691075578331947 0.00045750694698654115 0.999984622001648 -0.005521608050912619 -0.015749787911772728 0.016810256987810135 0.0055131386034190655 0.9998434782028198 2.878843069076538
0.5184302 0.999779224395752 -0.0014312112471088767 -0.020962458103895187 -0.04912056028842926 0.0013029370456933975 0.9999803304672241 -0.0061316112987697124 -0.017419150099158287 0.020970825105905533 0.006102945189923048 0.9997614622116089 3.646188735961914
0.6220448 0.999678373336792 0.0006391474744305015 -0.02535083144903183 -0.07750247418880463 -0.0008246389916166663 0.9999729990959167 -0.007307192776352167 -0.02928292378783226 0.025345472618937492 0.007325746119022369 0.9996519088745117 4.41485595703125
0.7257977 0.999539315700531 0.003538961987942457 -0.030138995498418808 -0.10895301401615143 -0.003792483825236559 0.9999579191207886 -0.008358719758689404 -0.03092619776725769 0.030108142644166946 0.0084691708907485 0.9995108246803284 5.209597110748291
0.8294199 0.9993969798088074 0.0033387914299964905 -0.034563202410936356 -0.1403922736644745 -0.0035587246529757977 0.999973714351654 -0.0063036661595106125 -0.04594772309064865 0.03454124182462692 0.00642286567017436 0.9993827939033508 6.016352653503418
0.9331467 0.9992372393608093 0.0023042848333716393 -0.03898615390062332 -0.17448574304580688 -0.002434387104585767 0.9999916553497314 -0.003289970336481929 -0.056968335062265396 0.038978248834609985 0.0033823668491095304 0.9992343187332153 6.840237140655518
1.03691 0.9991071820259094 0.0023238100111484528 -0.04218435287475586 -0.21594253182411194 -0.0023626696784049273 0.9999967813491821 -0.0008713582647033036 -0.06328729540109634 0.04218218848109245 0.0009702482493594289 0.9991094470024109 7.672117233276367
1.140497 0.9989898800849915 0.0037590237334370613 -0.0447763130068779 -0.25657832622528076 -0.003841014113277197 0.9999911189079285 -0.0017452109605073929 -0.06738317012786865 0.04476935416460037 0.001915434841066599 0.9989954829216003 8.509130477905273
1.244242 0.9988856315612793 0.0035726255737245083 -0.047061994671821594 -0.29557615518569946 -0.003658619010820985 0.9999918341636658 -0.0017412188462913036 -0.07858630269765854 0.047055382281541824 0.001911460654810071 0.9988904595375061 9.3511962890625
1.347979 0.9988055229187012 0.0003472556418273598 -0.0488615557551384 -0.3393533229827881 -0.0004604798450600356 0.9999972581863403 -0.002306002890691161 -0.08730541169643402 0.04886062443256378 0.0023257483262568712 0.998802900314331 10.208788871765137
1.451596 0.9987056255340576 0.0002835334453266114 -0.05086458846926689 -0.3814152777194977 -0.0003598136827349663 0.9999988675117493 -0.0014905177522450686 -0.0936477854847908 0.05086410418152809 0.0015068899374455214 0.9987044930458069 11.064335823059082
1.555212 0.9986518025398254 -0.0014757635071873665 -0.05188873037695885 -0.4325934052467346 0.0013832749100401998 0.9999974370002747 -0.0018183041829615831 -0.10017126798629761 0.0518912710249424 0.0017440766096115112 0.9986512064933777 11.935760498046875
1.65896 0.9985410571098328 0.0007459257612936199 -0.05399544909596443 -0.4854961037635803 -0.0009530090028420091 0.999992311000824 -0.0038095503114163876 -0.11582909524440765 0.053992196917533875 0.003855450078845024 0.9985339045524597 12.830793380737305
1.762569 0.9984740018844604 0.001306051854044199 -0.05520777776837349 -0.5388708710670471 -0.0016675394726917148 0.9999775290489197 -0.006502211093902588 -0.12373866140842438 0.05519803240895271 0.006584350019693375 0.9984537363052368 13.722689628601074
1.866302 0.9983669519424438 0.004837096203118563 -0.056922003626823425 -0.5993770360946655 -0.005304244812577963 0.9999534487724304 -0.008058611303567886 -0.13579121232032776 0.05688037350773811 0.00834737904369831 0.9983460903167725 14.611045837402344
1.969923 0.998306393623352 0.0055130827240645885 -0.057912908494472504 -0.6580179929733276 -0.005953626707196236 0.9999546408653259 -0.007437221240252256 -0.15225860476493835 0.057869285345077515 0.007769417949020863 0.998293936252594 15.52873706817627
2.073666 0.9982165098190308 0.004602833651006222 -0.05951988697052002 -0.7073788046836853 -0.004973149858415127 0.9999691247940063 -0.00607506837695837 -0.16574957966804504 0.059490084648132324 0.006360233761370182 0.9982085824012756 16.44080924987793
2.177281 0.9981582164764404 0.005211586132645607 -0.06043979153037071 -0.7693321704864502 -0.005519387777894735 0.9999726414680481 -0.004926872439682484 -0.17251558601856232 0.0604124590754509 0.005251388065516949 0.998159646987915 17.36332130432129
2.281017 0.998094916343689 0.004915926139801741 -0.06150086969137192 -0.8385499715805054 -0.005199560429900885 0.9999765157699585 -0.0044526634737849236 -0.19042633473873138 0.06147754564881325 0.004763958975672722 0.9980970621109009 18.308204650878906
2.384639 0.9979598522186279 0.004505710210651159 -0.06368599832057953 -0.8890417814254761 -0.0048378463834524155 0.9999755024909973 -0.005061938427388668 -0.20470909774303436 0.06366164237260818 0.005359714850783348 0.9979571104049683 19.24650001525879
2.48825 0.9979265332221985 0.0030632487032562494 -0.06429175287485123 -0.9567413330078125 -0.0034348329063504934 0.9999779462814331 -0.005669920239597559 -0.2173333317041397 0.06427298486232758 0.005878995172679424 0.9979149699211121 20.19394302368164
2.591988 0.9979063272476196 0.003130792872980237 -0.06459934264421463 -1.0236543416976929 -0.003399298060685396 0.9999859929084778 -0.004046973772346973 -0.22989746928215027 0.06458579003810883 0.004258093889802694 0.9979029893875122 21.124059677124023
2.695832 0.9979105591773987 0.00454600527882576 -0.06444961577653885 -1.0917547941207886 -0.00461135758087039 0.9999889731407166 -0.0008652855176478624 -0.23777413368225098 0.06444497406482697 0.0011606779880821705 0.997920572757721 22.079509735107422
2.799367 0.9979597926139832 0.005070517770946026 -0.0636439397931099 -1.152111530303955 -0.004884938709437847 0.9999832510948181 0.0030711707659065723 -0.24838343262672424 0.0636584535241127 -0.002754008863121271 0.9979678988456726 23.028825759887695
2.903084 0.9980452656745911 0.0037547042593359947 -0.062382251024246216 -1.2121379375457764 -0.0033908027689903975 0.9999765753746033 0.005938258487731218 -0.258029043674469 0.06240309402346611 -0.005715126171708107 0.998034656047821 23.99083709716797
3.006768 0.9981508851051331 0.003979413770139217 -0.0606541745364666 -1.2736982107162476 -0.0036082305014133453 0.9999740123748779 0.006227961275726557 -0.25719764828681946 0.06067739054560661 -0.0059975916519761086 0.9981394410133362 24.959232330322266
3.110441 0.9981942772865295 0.004285131581127644 -0.059916507452726364 -1.3263490200042725 -0.004057637881487608 0.999984085559845 0.003918006084859371 -0.27111509442329407 0.059932347387075424 -0.003667813492938876 0.9981957674026489 25.92670249938965
3.214057 0.9982818961143494 0.0053021167404949665 -0.058354321867227554 -1.3945139646530151 -0.005364885088056326 0.9999850988388062 -0.000919018464628607 -0.27511832118034363 0.05834859237074852 0.0012305033160373569 0.9982954859733582 26.899263381958008
3.317669 0.9983648657798767 0.00462997006252408 -0.056976888328790665 -1.4538512229919434 -0.0048626866191625595 0.9999803304672241 -0.003946409095078707 -0.28158390522003174 0.05695749819278717 0.004217016510665417 0.9983677268028259 27.8759822845459
3.421285 0.9984027743339539 0.0016765868058428168 -0.05647330731153488 -1.505151391029358 -0.0018367698648944497 0.9999943375587463 -0.0027846391312777996 -0.2919749319553375 0.056468330323696136 0.0028839190490543842 0.9984002113342285 28.859529495239258
3.524925 0.9984000325202942 0.0005823751562274992 -0.05654318630695343 -1.5660302639007568 -0.00045672160922549665 0.9999974370002747 0.0022351564839482307 -0.30674201250076294 0.05654432997107506 -0.0022057557944208384 0.998397707939148 29.86090850830078
3.628545 0.9983558058738708 -0.0027870365884155035 -0.057254303246736526 -1.6216824054718018 0.003102871822193265 0.9999805092811584 0.005428198259323835 -0.3132683038711548 0.057238053530454636 -0.005596926435828209 0.9983449578285217 30.85774040222168
3.732256 0.9982341527938843 -0.010654176585376263 -0.0584370456635952 -1.6694955825805664 0.01097478624433279 0.9999264478683472 0.005168212112039328 -0.3255523443222046 0.05837767943739891 -0.005800419487059116 0.9982777237892151 31.866355895996094
3.835871 0.9981142282485962 -0.01302256342023611 -0.05998499318957329 -1.7252893447875977 0.013129042461514473 0.9999129176139832 0.0013812996912747622 -0.3300158679485321 0.059961769729852676 -0.0021662407089024782 0.9981983304023743 32.87451171875
3.939488 0.9980617165565491 -0.012426327913999557 -0.060977693647146225 -1.792531967163086 0.012278531678020954 0.9999207258224487 -0.0027978867292404175 -0.3367553949356079 0.061007630079984665 0.0020437464118003845 0.9981352090835571 33.8653450012207
4.043107 0.9979187250137329 -0.01170699018985033 -0.06341331452131271 -1.8579788208007812 0.01150239072740078 0.9999273419380188 -0.0035905500408262014 -0.3430936932563782 0.06345074623823166 0.002853671321645379 0.9979810118675232 34.886688232421875
4.146888 0.9978833198547363 -0.011708436533808708 -0.06396697461605072 -1.924877405166626 0.01160015631467104 0.9999304413795471 -0.002063881605863571 -0.354613721370697 0.06398670375347137 0.0013174854684621096 0.9979498982429504 35.90725326538086
4.25046 0.997829020023346 -0.008547287434339523 -0.06530063599348068 -1.9993860721588135 0.008609079755842686 0.9999627470970154 0.0006649211863987148 -0.3699832558631897 0.06529249995946884 -0.0012256558984518051 0.9978653788566589 36.92122268676758
4.354202 0.9977415800094604 -0.007794462610036135 -0.06671559810638428 -2.0654373168945312 0.00794481486082077 0.9999663829803467 0.001988594885915518 -0.3848518133163452 0.0666978657245636 -0.0025141467340290546 0.9977700114250183 37.932777404785156
4.45794 0.9976711869239807 -0.007466397248208523 -0.06779634952545166 -2.1395602226257324 0.00782513152807951 0.9999567866325378 0.005027350038290024 -0.3972378671169281 0.06775585561990738 -0.005546157713979483 0.9976865649223328 38.99453353881836
4.561559 0.9976755380630493 -0.0077799162827432156 -0.06769823282957077 -2.2142081260681152 0.008341408334672451 0.999933123588562 0.008015323430299759 -0.40047696232795715 0.06763135641813278 -0.008561389520764351 0.9976736903190613 40.02631759643555
4.665293 0.9976917505264282 -0.0018793059280142188 -0.06787865608930588 -2.2995917797088623 0.00258230441249907 0.9999439716339111 0.010270440950989723 -0.406281441450119 0.06785553693771362 -0.01042202115058899 0.9976407289505005 41.050743103027344
4.768912 0.9976996183395386 -0.002009620890021324 -0.06775958091020584 -2.375309467315674 0.0026686314959079027 0.9999499320983887 0.009636610746383667 -0.409067839384079 0.06773679703474045 -0.00979527086019516 0.9976550936698914 42.06893539428711
4.872532 0.9977095723152161 -0.0020239362493157387 -0.06761190295219421 -2.4405102729797363 0.0025678216479718685 0.9999650120735168 0.00795829202979803 -0.41202306747436523 0.06759341061115265 -0.008113679476082325 0.9976800084114075 43.087955474853516
4.976146 0.997681736946106 9.089736704481766e-05 -0.06805218756198883 -2.5090551376342773 0.00031802611192688346 0.9999819397926331 0.00599810853600502 -0.424079567193985 0.0680515244603157 -0.006005845498293638 0.997663676738739 44.109310150146484
5.079909 0.9976123571395874 -0.0004603890993166715 -0.06906020641326904 -2.5792407989501953 0.0008841547532938421 0.9999809861183167 0.006105732172727585 -0.43001410365104675 0.06905610114336014 -0.006152214016765356 0.997593879699707 45.126739501953125
5.183503 0.997531533241272 -0.0020877139177173376 -0.07018841803073883 -2.651268482208252 0.002606082009151578 0.9999699592590332 0.0072946143336594105 -0.4365873336791992 0.07017109543085098 -0.007459524553269148 0.9975070357322693 46.13339614868164
5.287117 0.9974709749221802 -0.0020642466843128204 -0.07104410231113434 -2.7297191619873047 0.0026595862582325935 0.9999622702598572 0.008286288008093834 -0.44188472628593445 0.07102430611848831 -0.008454281836748123 0.9974387288093567 47.14996337890625
5.390861 0.9974233508110046 7.182599802035838e-05 -0.07174097746610641 -2.7960681915283203 0.00030746732954867184 0.9999860525131226 0.005275927484035492 -0.45670533180236816 0.07174035906791687 -0.005284391809254885 0.9974092841148376 48.155906677246094
5.494473 0.9974221587181091 0.0004629289614968002 -0.07175516337156296 -2.8850202560424805 -0.0003938161244150251 0.9999994039535522 0.000977321993559599 -0.46162930130958557 0.07175558060407639 -0.0009465455077588558 0.9974218010902405 49.14616394042969
5.598233 0.997363805770874 0.0020505026914179325 -0.07253328710794449 -2.961779832839966 -0.0020940073300153017 0.9999975562095642 -0.0005237495643086731 -0.47057774662971497 0.0725320503115654 0.0006742542027495801 0.9973659515380859 50.15742111206055
5.701829 0.9973483085632324 0.0005222884356044233 -0.07277341187000275 -3.0304617881774902 -0.00029064362752251327 0.9999948143959045 0.003193650394678116 -0.4819658398628235 0.07277470082044601 -0.003164030844345689 0.9973434209823608 51.15806198120117
5.805571 0.9973575472831726 -0.0011885236017405987 -0.07264041155576706 -3.1102471351623535 0.0016474762232974172 0.9999790191650391 0.006258555222302675 -0.4935791790485382 0.07263145595788956 -0.006361691281199455 0.997338593006134 52.15159606933594
5.909185 0.9973027110099792 -0.0036436303053051233 -0.07330936193466187 -3.1726880073547363 0.004165171645581722 0.9999670386314392 0.006962630897760391 -0.5027881860733032 0.07328160107135773 -0.007249196991324425 0.9972849488258362 53.137840270996094
6.012921 0.9972746968269348 -0.006698194425553083 -0.0734729990363121 -3.240018367767334 0.007140613626688719 0.9999578595161438 0.005760509986430407 -0.5109483003616333 0.07343132048845291 -0.006269452627748251 0.9972806572914124 54.117881774902344
6.116541 0.9972631335258484 -0.009607500396668911 -0.0733070820569992 -3.322327136993408 0.009976712055504322 0.9999392628669739 0.0046719941310584545 -0.5216473340988159 0.07325773686170578 -0.0053905704990029335 0.9972984790802002 55.10114669799805
6.220278 0.9971359968185425 -0.010394471697509289 -0.07491237670183182 -3.3875882625579834 0.010831679217517376 0.9999265670776367 0.00543232960626483 -0.5303125381469727 0.0748504027724266 -0.006228198297321796 0.9971752762794495 56.09052276611328
6.323895 0.9970453977584839 -0.01351951714605093 -0.07561515271663666 -3.4616918563842773 0.014273619279265404 0.9998535513877869 0.009441346861422062 -0.532868504524231 0.07547639310359955 -0.010492753237485886 0.9970923662185669 57.06349563598633
6.427659 0.9969644546508789 -0.014321687631309032 -0.0765298530459404 -3.5300137996673584 0.015479497611522675 0.9997742176055908 0.014557166025042534 -0.5380115509033203 0.07630406320095062 -0.015697618946433067 0.9969609975814819 58.03789138793945
6.531383 0.9969292879104614 -0.012760769575834274 -0.07726109027862549 -3.6032166481018066 0.014109076000750065 0.9997570514678955 0.01693068817257881 -0.5399254560470581 0.07702627778053284 -0.017968781292438507 0.9968671202659607 59.02224349975586
6.634992 0.9968141317367554 -0.011881495825946331 -0.07887159287929535 -3.679037570953369 0.012943164445459843 0.9998321533203125 0.01296316459774971 -0.541074812412262 0.0787043422460556 -0.013942711055278778 0.9968004822731018 59.97367858886719
6.738741 0.9967575073242188 -0.009758750908076763 -0.07987194508314133 -3.7583303451538086 0.010224318131804466 0.9999328851699829 0.005422010086476803 -0.5487054586410522 0.07981368899345398 -0.006221066229045391 0.9967904090881348 60.91429901123047
6.84235 0.996739387512207 -0.008113117888569832 -0.08028056472539902 -3.8462557792663574 0.008197183720767498 0.9999660849571228 0.0007176399230957031 -0.5557466745376587 0.08027201890945435 -0.0013733729720115662 0.9967719912528992 61.84303283691406
6.945963 0.9966357946395874 -0.00412494782358408 -0.08185385912656784 -3.9253132343292236 0.004266994073987007 0.9999896883964539 0.001560518518090248 -0.5672523379325867 0.08184657245874405 -0.001904538832604885 0.9966431260108948 62.79608154296875
7.049705 0.9965665340423584 -0.0014988700859248638 -0.08278146386146545 -4.008025646209717 0.001841563149355352 0.9999899864196777 0.00406354246661067 -0.580655574798584 0.0827745571732521 -0.004202038049697876 0.9965593814849854 63.7095947265625
7.153323 0.9964783787727356 0.0008199407602660358 -0.08384539932012558 -4.085211753845215 -0.00035062202368862927 0.9999841451644897 0.005612010136246681 -0.5937396883964539 0.08384866267442703 -0.0055628493428230286 0.9964630007743835 64.59807586669922
7.256934 0.9963704943656921 0.001706087845377624 -0.08510560542345047 -4.166194438934326 -0.0012692067539319396 0.9999856948852539 0.005187239032238722 -0.5993317365646362 0.08511322736740112 -0.00506039522588253 0.996358335018158 65.5035171508789
7.360549 0.996221125125885 0.003162846202030778 -0.08679574728012085 -4.245250225067139 -0.0026466886047273874 0.9999780654907227 0.006061238702386618 -0.6059119701385498 0.08681303262710571 -0.005808612797409296 0.9962075352668762 66.36661529541016
7.464167 0.9961113333702087 0.004260654095560312 -0.08800103515386581 -4.32716703414917 -0.003674762323498726 0.9999699592590332 0.006818715482950211 -0.6217188239097595 0.0880274772644043 -0.006468818988651037 0.9960970282554626 67.23729705810547
7.567786 0.9959897398948669 0.0038994355127215385 -0.08938239514827728 -4.403469562530518 -0.0032408563420176506 0.9999664425849915 0.007512051612138748 -0.6330286860466003 0.08940869569778442 -0.007192252203822136 0.9959690570831299 68.07887268066406
7.671396 0.9958710074424744 0.0038283690810203552 -0.09069894999265671 -4.485511779785156 -0.0031038785818964243 0.9999620914459229 0.008127562701702118 -0.6337778568267822 0.09072662144899368 -0.007812485098838806 0.9958451390266418 68.93043518066406
7.775144 0.9957743287086487 0.00655671302229166 -0.09159908443689346 -4.57112979888916 -0.005596089642494917 0.9999265670776367 0.01074016373604536 -0.636448860168457 0.09166278690099716 -0.010182182304561138 0.9957379698753357 69.74415588378906
7.878754 0.9956200122833252 0.008110118098556995 -0.09313952177762985 -4.645744323730469 -0.006723316852003336 0.9998619556427002 0.015193654224276543 -0.6467424631118774 0.09324990957975388 -0.014500899240374565 0.9955371022224426 70.55574798583984
7.982493 0.9954028725624084 0.011449575424194336 -0.09508854895830154 -4.724127769470215 -0.009894780814647675 0.9998098611831665 0.016806475818157196 -0.6463757753372192 0.09526287019252777 -0.015788335353136063 0.9953269362449646 71.34712982177734
8.086111 0.9952836632728577 0.014236369170248508 -0.09595587849617004 -4.814289093017578 -0.01307549886405468 0.9998336434364319 0.012715904042124748 -0.6517738103866577 0.09612095355987549 -0.011401261202991009 0.9953043460845947 72.12147521972656
8.189849 0.9951426386833191 0.014035306870937347 -0.09743726253509521 -4.8900251388549805 -0.0135690001770854 0.999893069267273 0.005446722265332937 -0.6575616598129272 0.09750330448150635 -0.004098139237612486 0.9952267408370972 72.86612701416016
8.29347 0.9950345754623413 0.013070243410766125 -0.0986674427986145 -4.967982292175293 -0.013163666240870953 0.9999133348464966 -0.0002958832774311304 -0.6673437356948853 0.09865502268075943 0.0015932396054267883 0.9951204061508179 73.60189819335938
8.397102 0.9949584603309631 0.01366041786968708 -0.09935332834720612 -5.043898582458496 -0.013875199481844902 0.9999027252197266 -0.0014711031690239906 -0.672572672367096 0.099323570728302 0.00284223398193717 0.9950510859489441 74.31790161132812
8.500847 0.99485182762146 0.016437867656350136 -0.09999800473451614 -5.120248794555664 -0.016307229176163673 0.9998648166656494 0.0021237230394035578 -0.6848467588424683 0.10001940280199051 -0.00048209898523055017 0.9949853420257568 75.01001739501953
8.604438 0.9946839213371277 0.016849540174007416 -0.10158640146255493 -5.183631896972656 -0.01646209880709648 0.9998537302017212 0.004651086404919624 -0.704153835773468 0.10164991021156311 -0.002954034833237529 0.9948157668113708 75.67681884765625
8.708175 0.9946836233139038 0.013452802784740925 -0.10209589451551437 -5.262446403503418 -0.01339955348521471 0.9999094605445862 0.0012073871912434697 -0.7134948372840881 0.10210291296243668 0.0001670713972998783 0.9947737455368042 76.33806610107422
8.811795 0.9947474598884583 0.0058367252349853516 -0.10219329595565796 -5.314144611358643 -0.006243604701012373 0.9999738335609436 -0.003662048140540719 -0.7279496192932129 0.10216925293207169 0.004280867986381054 0.9947577118873596 76.9679183959961
8.915403 0.9948529601097107 0.001748594455420971 -0.10131426155567169 -5.367733001708984 -0.002589199459180236 0.9999632835388184 -0.008166096173226833 -0.7439620494842529 0.10129626840353012 0.00838638748973608 0.9948208928108215 77.59009552001953
9.019162 0.995197594165802 0.003914110362529755 -0.09780770540237427 -5.436027526855469 -0.004817926790565252 0.9999478459358215 -0.009006275795400143 -0.7456417083740234 0.09776733815670013 0.00943425390869379 0.9951645135879517 78.18310546875
9.12289 0.9956060647964478 0.009004183113574982 -0.0932074561715126 -5.506888389587402 -0.009577428922057152 0.999937891960144 -0.005704721435904503 -0.7601988315582275 0.093150295317173 0.006572341546416283 0.9956303238868713 78.76690673828125
9.226512 0.9960142374038696 0.00725377956405282 -0.08889956772327423 -5.548534870147705 -0.007550152484327555 0.9999670386314392 -0.002997972071170807 -0.7664847373962402 0.08887487649917603 0.0036572273820638657 0.9960361123085022 79.3407974243164
9.330247 0.996516227722168 0.0036396468058228493 -0.08332101255655289 -5.581150531768799 -0.003546367632225156 0.999992847442627 0.0012674899771809578 -0.7770740389823914 0.08332503587007523 -0.0009675873443484306 0.9965219497680664 79.9002456665039
9.433986 0.9971492886543274 -0.0005733798607252538 -0.07545196264982224 -5.6045989990234375 0.0009433651575818658 0.9999876022338867 0.004868038464337587 -0.7912921905517578 0.07544825226068497 -0.004925340414047241 0.9971375465393066 80.44629669189453
9.537749 0.9978975057601929 0.0030341108795255423 -0.0647418200969696 -5.6340789794921875 -0.002725103171542287 0.9999843835830688 0.004860682412981987 -0.7992890477180481 0.06475558131933212 -0.00467403419315815 0.997890293598175 80.97535705566406
9.641587 0.9987393021583557 0.00843715388327837 -0.04948364943265915 -5.6636199951171875 -0.00823745597153902 0.9999570250511169 0.004238169174641371 -0.8031115531921387 0.04951729625463486 -0.0038252067752182484 0.9987659454345703 81.49172973632812
9.745342 0.9994226694107056 0.013225678354501724 -0.03129396215081215 -5.679439067840576 -0.013085070997476578 0.9999032616615295 0.004693600349128246 -0.806508481502533 0.031353022903203964 -0.004281406756490469 0.9994991421699524 81.99432373046875
9.849229 0.9998847246170044 0.011815140023827553 -0.009535141289234161 -5.663627624511719 -0.011762804351747036 0.9999154806137085 0.005526216700673103 -0.8176630139350891 0.009599640965461731 -0.005413419101387262 0.9999392628669739 82.4773941040039
9.953059 0.9998230338096619 0.008258317597210407 0.016903702169656754 -5.632110118865967 -0.008373827673494816 0.9999420642852783 0.006774106062948704 -0.8255170583724976 -0.016846777871251106 -0.006914456374943256 0.9998341798782349 82.9511489868164
10.05693 0.9988881945610046 0.0072419107891619205 0.04658330976963043 -5.5910725593566895 -0.007630190812051296 0.9999375939369202 0.00816275179386139 -0.828753650188446 -0.04652129113674164 -0.008509116247296333 0.9988810420036316 83.4170150756836
10.16083 0.9967776536941528 0.006840795278549194 0.07992225885391235 -5.5344367027282715 -0.007674052380025387 0.9999192357063293 0.010123318061232567 -0.8388487696647644 -0.07984655350446701 -0.010704023763537407 0.9967496991157532 83.88232421875
10.26466 0.9930620193481445 0.006734961178153753 0.11739903688430786 -5.45665168762207 -0.0080263651907444 0.9999123215675354 0.010530810803174973 -0.8407840728759766 -0.1173178181052208 -0.01140003465116024 0.993028998374939 84.33119201660156
10.36867 0.9872347712516785 0.0068105789832770824 0.15912608802318573 -5.3640336990356445 -0.008573472499847412 0.9999091625213623 0.010394696146249771 -0.8442589640617371 -0.15904083847999573 -0.011626269668340683 0.9872035384178162 84.76785278320312
10.47264 0.9789649248123169 0.006551535800099373 0.20392338931560516 -5.255949020385742 -0.008915169164538383 0.9999032020568848 0.010674282908439636 -0.8507204651832581 -0.2038336992263794 -0.012267760001122952 0.9789286255836487 85.16041564941406
10.57663 0.967424750328064 0.008672629483044147 0.2530101239681244 -5.121494293212891 -0.011210121214389801 0.999900221824646 0.008589329198002815 -0.8568469285964966 -0.2529103755950928 -0.011145803146064281 0.967425525188446 85.57217407226562
10.68062 0.9520978331565857 0.009702266193926334 0.3056396245956421 -4.957571029663086 -0.012156174518167973 0.999907374382019 0.0061264969408512115 -0.8669928312301636 -0.30555182695388794 -0.009548433125019073 0.9521275162696838 85.95587158203125
10.78461 0.932224452495575 0.010254922322928905 0.3617350459098816 -4.773349761962891 -0.01247322652488947 0.9999149441719055 0.0037978016771376133 -0.8678202033042908 -0.36166536808013916 -0.008052407763898373 0.932273268699646 86.34465026855469
10.88875 0.90791255235672 0.010777551680803299 0.41902095079421997 -4.583095550537109 -0.012697149068117142 0.99991774559021 0.00179283507168293 -0.8691233396530151 -0.4189671576023102 -0.006948109250515699 0.9079748392105103 86.68727111816406
10.99272 0.8790069222450256 0.011013912037014961 0.47668150067329407 -4.353729248046875 -0.012403900735080242 0.999923050403595 -0.00023065321147441864 -0.8734629154205322 -0.47664734721183777 -0.005709963385015726 0.8790761232376099 87.031494140625
11.09659 0.8459057211875916 0.008716674521565437 0.5332613587379456 -4.104301452636719 -0.00899465475231409 0.9999574422836304 -0.002077168319374323 -0.883493185043335 -0.5332567095756531 -0.0030394140630960464 0.8459480404853821 87.32955932617188
11.20057 0.8089109659194946 0.008724394254386425 0.5878666639328003 -3.8406944274902344 -0.008371347561478615 0.9999594688415527 -0.0033211056143045425 -0.8898072242736816 -0.587871789932251 -0.0022347569465637207 0.8089510798454285 87.6251220703125
11.30431 0.7690737247467041 0.007126331329345703 0.6391204595565796 -3.561492919921875 -0.007103899959474802 0.9999713897705078 -0.0026015513576567173 -0.8953714370727539 -0.6391207575798035 -0.0025394633412361145 0.7691022753715515 87.89595794677734
11.40818 0.7266607284545898 0.006576639134436846 0.6869651079177856 -3.2636337280273438 -0.00909436959773302 0.9999586939811707 4.680687561631203e-05 -0.9055739641189575 -0.6869363784790039 -0.006281527690589428 0.726690411567688 88.1469955444336
11.51192 0.6818263530731201 0.0053316932171583176 0.7314947843551636 -2.9517860412597656 -0.00823601521551609 0.9999660849571228 0.00038827257230877876 -0.9125871658325195 -0.7314677238464355 -0.006289335899055004 0.6818469762802124 88.37481689453125
11.61553 0.6358318328857422 0.003992113284766674 0.7718174457550049 -2.6159744262695312 -0.004515401087701321 0.999988853931427 -0.001452457858249545 -0.9134660363197327 -0.7718144655227661 -0.0025615468621253967 0.6358425617218018 88.58267211914062
11.71927 0.5889964699745178 0.0019533319864422083 0.8081333637237549 -2.269489288330078 0.0013119149953126907 0.9999934434890747 -0.0033732466399669647 -0.9084592461585999 -0.8081346154212952 0.00304703158326447 0.5889900326728821 88.78045654296875
11.82277 0.5440664887428284 0.003641298273578286 0.8390341997146606 -1.9269142150878906 -0.0011955868685618043 0.999992847442627 -0.0035645663738250732 -0.9252849221229553 -0.8390411734580994 0.0009362234850414097 0.5440670847892761 88.92476654052734
11.92638 0.4971746504306793 0.006472333334386349 0.867626428604126 -1.5794563293457031 -0.004918564576655626 0.9999770522117615 -0.004641167353838682 -0.9315803647041321 -0.8676365613937378 -0.0019600053783506155 0.49719518423080444 89.08382415771484
12.03 0.4510391652584076 0.008078467100858688 0.8924676179885864 -1.2325859069824219 -0.005659454967826605 0.9999648332595825 -0.0061913151293993 -0.9429028034210205 -0.8924861550331116 -0.0022583540994673967 0.4510689973831177 89.23151397705078
12.13361 0.40820837020874023 0.006072021089494228 0.9128684997558594 -0.8805313110351562 0.001077920664101839 0.9999738931655884 -0.007133424282073975 -0.9445151686668396 -0.9128881096839905 0.003895923960953951 0.4081912040710449 89.34809112548828
12.2371 0.3689937889575958 -0.0017074465285986662 0.9294303059577942 -0.5024776458740234 0.015583600848913193 0.9998690485954285 -0.0043500070460140705 -0.9526549577713013 -0.9293012022972107 0.016088994219899178 0.3689720630645752 89.44129180908203
12.3406 0.33374521136283875 -0.0052539934404194355 0.9426486492156982 -0.13375282287597656 0.01956554315984249 0.9998076558113098 -0.001354610314592719 -0.9554539918899536 -0.9424601793289185 0.018895525485277176 0.3337838649749756 89.53380584716797
12.44411 0.30091893672943115 -0.0008857080829329789 0.9536493420600891 0.24808311462402344 0.016750534996390343 0.9998501539230347 -0.004356923513114452 -0.9570078253746033 -0.9535025954246521 0.017285218462347984 0.30088868737220764 89.63671875
12.54767 0.26965442299842834 0.006695895455777645 0.9629339575767517 0.6193733215332031 0.00572924641892314 0.9999470114707947 -0.008557656779885292 -0.970238983631134 -0.9629400968551636 0.007824495434761047 0.26960185170173645 89.73876190185547
12.65107 0.24145807325839996 0.010980838909745216 0.9703491926193237 1.0065288543701172 0.0007040728814899921 0.9999337196350098 -0.011490829288959503 -0.9855712652206421 -0.970410943031311 0.0034577518235892057 0.24143441021442413 89.82384490966797
12.75469 0.2159220576286316 0.012557708658277988 0.9763298034667969 1.4081764221191406 0.0023568952456116676 0.9999076128005981 -0.013382213190197945 -0.9988460540771484 -0.9764076471328735 0.005190620664507151 0.21587255597114563 89.89314270019531
12.85806 0.19214898347854614 0.013929091393947601 0.981266975402832 1.8271961212158203 0.00995207391679287 0.9998202323913574 -0.016141241416335106 -1.0062686204910278 -0.9813152551651001 0.012867164798080921 0.1919758915901184 89.95697021484375
12.96167 0.17268133163452148 0.020459240302443504 0.9847652912139893 2.244439125061035 0.015857471153140068 0.9995969533920288 -0.023548033088445663 -1.0075150728225708 -0.9848501086235046 0.01968218944966793 0.17228733003139496 89.99625396728516
13.0652 0.15275904536247253 0.02714182436466217 0.9878907799720764 2.6761550903320312 0.018095653504133224 0.9993783831596375 -0.030255600810050964 -1.0064133405685425 -0.9880977869033813 0.022498339414596558 0.15217295289039612 90.05199432373047
13.16877 0.1350613683462143 0.028064396232366562 0.990439772605896 3.1175575256347656 0.014916284941136837 0.9994279146194458 -0.030353136360645294 -1.019396424293518 -0.9907249808311462 0.01887321099638939 0.13456550240516663 90.1050033569336
13.27235 0.1198304295539856 0.023849904537200928 0.9925078749656677 3.586864471435547 0.013256259262561798 0.9995837211608887 -0.025620438158512115 -1.0384626388549805 -0.9927058219909668 0.01622704789042473 0.11946438252925873 90.1588363647461
13.37588 0.10501395910978317 0.020297307521104813 0.9942636489868164 4.063235282897949 0.013554946519434452 0.9996695518493652 -0.021839337423443794 -1.0598955154418945 -0.994378387928009 0.015770625323057175 0.10470413416624069 90.20532989501953
13.4795 0.09198594093322754 0.017970461398363113 0.9955981969833374 4.560345649719238 0.015828965231776237 0.9996843338012695 -0.019506700336933136 -1.0738465785980225 -0.9956344366073608 0.017553631216287613 0.09167247265577316 90.23809814453125
13.58311 0.08062359690666199 0.017052508890628815 0.9965988397598267 5.057397365570068 0.01900419406592846 0.9996455311775208 -0.018642058596014977 -1.0887866020202637 -0.9965633749961853 0.020442545413970947 0.08027096837759018 90.26094055175781
13.68672 0.07034144550561905 0.017640721052885056 0.9973669648170471 5.590855598449707 0.02237126976251602 0.9995642304420471 -0.01925736665725708 -1.1008843183517456 -0.9972720742225647 0.02366695925593376 0.06991614401340485 90.2959976196289
13.79034 0.0623023584485054 0.018112538382411003 0.9978928565979004 6.127791404724121 0.024490222334861755 0.9995065331459045 -0.019670847803354263 -1.1128331422805786 -0.997756838798523 0.02566416747868061 0.06182803213596344 90.32325744628906
13.89395 0.05668316036462784 0.018377697095274925 0.9982230067253113 6.683765411376953 0.026047680526971817 0.9994630217552185 -0.019879618659615517 -1.128622055053711 -0.9980524182319641 0.02712823636829853 0.056174010038375854 90.34685516357422
13.99767 0.05116678774356842 0.019499631598591805 0.9984996914863586 7.259209632873535 0.027104109525680542 0.9994139075279236 -0.020906399935483932 -1.1411670446395874 -0.9983223080635071 0.02813316136598587 0.050608277320861816 90.3739013671875
14.1013 0.045545198023319244 0.02030755579471588 0.9987558126449585 7.85933256149292 0.02799304760992527 0.9993749260902405 -0.021596673876047134 -1.1548285484313965 -0.9985699653625488 0.02894185297191143 0.04494824633002281 90.3958511352539
14.20492 0.04110071063041687 0.02030152454972267 0.9989487528800964 8.471084594726562 0.03008863516151905 0.9993149638175964 -0.021546930074691772 -1.1697620153427124 -0.998701810836792 0.030942600220441818 0.040461696684360504 90.41368865966797
14.30854 0.03829439729452133 0.020220937207341194 0.9990617036819458 9.104440689086914 0.03198133781552315 0.999258279800415 -0.021450765430927277 -1.1865134239196777 -0.998754620552063 0.03277278319001198 0.037619300186634064 90.43576049804688
14.41227 0.035334739834070206 0.019461607560515404 0.9991859793663025 9.752074241638184 0.03275897726416588 0.9992505311965942 -0.02062133513391018 -1.2066231966018677 -0.9988385438919067 0.033460959792137146 0.03467070311307907 90.45523834228516
14.51589 0.03280315920710564 0.019108664244413376 0.9992790818214417 10.418244361877441 0.034701988101005554 0.9991925954818726 -0.020246166735887527 -1.2219884395599365 -0.9988592267036438 0.03534111753106117 0.03211356699466705 90.47335815429688
14.61968 0.032102327793836594 0.018737703561782837 0.9993088245391846 11.106195449829102 0.039360422641038895 0.9990249872207642 -0.01999681442975998 -1.2375084161758423 -0.9987093210220337 0.03997517377138138 0.03133350610733032 90.48876190185547
14.72326 0.03345586732029915 0.018319521099328995 0.9992721676826477 11.826178550720215 0.04306124150753021 0.9988771080970764 -0.01975397765636444 -1.2558459043502808 -0.9985120892524719 0.04369080439209938 0.03262943774461746 90.49897003173828
14.82686 0.03575044125318527 0.01839241199195385 0.9991914629936218 12.557744979858398 0.044467005878686905 0.9988110661506653 -0.019976409152150154 -1.2740002870559692 -0.9983711242675781 0.04514521732926369 0.034890081733465195 90.52706146240234
14.93048 0.03962674364447594 0.01832951419055462 0.9990463852882385 13.29697036743164 0.04711063206195831 0.9986855387687683 -0.020191509276628494 -1.2910387516021729 -0.9981033802032471 0.04786582663655281 0.038711145520210266 90.5553970336914
15.0341 0.043754782527685165 0.01805778034031391 0.998879075050354 14.052214622497559 0.04732026159763336 0.9986768960952759 -0.020126933231949806 -1.3044462203979492 -0.9979211091995239 0.048147864639759064 0.04284239560365677 90.59324645996094
15.13784 0.04795503988862038 0.016075456514954567 0.998720109462738 14.834659576416016 0.049067094922065735 0.9986254572868347 -0.018429959192872047 -1.3310811519622803 -0.9976435303688049 0.04988810792565346 0.04710034653544426 90.6252212524414
15.24145 0.052089981734752655 0.014194613322615623 0.9985414743423462 15.625362396240234 0.04898310825228691 0.9986591339111328 -0.01675153523683548 -1.350934624671936 -0.9974403381347656 0.04978425055742264 0.051324836909770966 90.66556549072266
15.34508 0.05619470775127411 0.011885901913046837 0.9983490705490112 16.42235565185547 0.04632043093442917 0.9988214373588562 -0.014498787932097912 -1.3708471059799194 -0.9973447322845459 0.04705871269106865 0.055577922612428665 90.71478271484375
15.44881 0.06028459593653679 0.011197935789823532 0.9981184005737305 17.250661849975586 0.04541289433836937 0.998870849609375 -0.013949237763881683 -1.3853764533996582 -0.9971476197242737 0.04616837203502655 0.05970801040530205 90.77173614501953
15.55255 0.06434532254934311 0.012257702648639679 0.9978523254394531 18.071910858154297 0.04237130284309387 0.9989892244338989 -0.0150039317086339 -1.4020819664001465 -0.9970278143882751 0.04324573278427124 0.0637609139084816 90.82804107666016
15.65617 0.06762269139289856 0.016180723905563354 0.9975796937942505 18.899124145507812 0.04043428227305412 0.9990025758743286 -0.01894470863044262 -1.4253177642822266 -0.9968912601470947 0.041617512702941895 0.06690099090337753 90.88886260986328
15.7599 0.06902941316366196 0.02139742486178875 0.9973850846290588 19.740833282470703 0.03438861668109894 0.9991247057914734 -0.023814795538783073 -1.4546558856964111 -0.9970217943191528 0.035942625254392624 0.06823316961526871 90.95703125
15.86364 0.06905345618724823 0.024683142080903053 0.997307538986206 20.577116012573242 0.03160985931754112 0.9991376996040344 -0.026917103677988052 -1.477871060371399 -0.9971120953559875 0.03338347375392914 0.06821368634700775 91.01716613769531
15.96739 0.06894762814044952 0.024161040782928467 0.9973275661468506 21.413747787475586 0.029167771339416504 0.9992304444313049 -0.026223577558994293 -1.508014440536499 -0.9971937537193298 0.03089788556098938 0.06818985193967819 91.0813217163086
16.07102 0.0684812143445015 0.02238697186112404 0.997401237487793 22.254798889160156 0.026210706681013107 0.9993627071380615 -0.02423061616718769 -1.5401873588562012 -0.9973080158233643 0.027801932767033577 0.06785079836845398 91.15647888183594
16.17474 0.06839827448129654 0.02135838195681572 0.9974295496940613 23.09040641784668 0.027213947847485542 0.9993588328361511 -0.02326587773859501 -1.569090485572815 -0.9972867965698242 0.028735343366861343 0.06777317821979523 91.21487426757812
16.27845 0.06913880258798599 0.020249992609024048 0.9974015355110168 23.926231384277344 0.02454214356839657 0.9994568228721619 -0.02199295535683632 -1.6035484075546265 -0.997305154800415 0.025998936966061592 0.06860426068305969 91.27108001708984
16.38209 0.06901297718286514 0.020792441442608833 0.9973989725112915 24.77938461303711 0.022968202829360962 0.9994845986366272 -0.022425156086683273 -1.631325125694275 -0.997351348400116 0.024456089362502098 0.068499855697155 91.34565734863281
16.48571 0.0689927414059639 0.021237393841147423 0.9973910450935364 25.613378524780273 0.01972157321870327 0.9995489120483398 -0.022647544741630554 -1.6625185012817383 -0.9974222183227539 0.02123263105750084 0.06854279339313507 91.41157531738281
