0.1033914 0.9999984502792358 0.0008407508721575141 0.0015393274370580912 -0.0004437810566741973 -0.0008335949969477952 0.999988853931427 -0.004643433727324009 -0.00018798524979501963 -0.0015432144282385707 0.004642144311219454 0.9999879598617554 0.06839963793754578
0.2071056 0.9999962449073792 -0.0014482074184343219 0.0023270819801837206 -0.00030598961166106164 0.0014606675831601024 0.9999845027923584 -0.005361570511013269 -0.00012725865235552192 -0.002319281455129385 0.005364949814975262 0.9999828934669495 0.13684000074863434
0.3102615 0.9999925494194031 -0.003109307959675789 0.002297709695994854 -0.0001246636384166777 0.003112212521955371 0.9999942779541016 -0.0012614362640306354 -0.00024922320153564215 -0.00229377462528646 0.0012685779947787523 0.999996542930603 0.2053493708372116
0.4136209 0.9999839067459106 -0.005428954493254423 0.0016086724353954196 -2.498121466487646e-05 0.005421239882707596 0.9999739527702332 0.004761568270623684 -0.0003372511127963662 -0.0016344808973371983 -0.0047527700662612915 0.9999873638153076 0.27371305227279663
0.5179293 0.9999598264694214 -0.00894857570528984 0.0004932701704092324 -6.150413537397981e-05 0.008946186862885952 0.9999490976333618 0.004648106638342142 5.436933133751154e-05 -0.0005348391714505851 -0.0046435073018074036 0.9999890923500061 0.3413638174533844
0.6203887 0.999931275844574 -0.011711500585079193 -0.0005692646955139935 7.3967676144093275e-06 0.011712515726685524 0.9999297857284546 0.0018133578123524785 0.000163399672601372 0.0005479875835590065 -0.001819901168346405 0.9999982118606567 0.4082529544830322
0.7242193 0.9999249577522278 -0.012178019620478153 -0.0013440216425806284 -0.0001323885517194867 0.012175990268588066 0.9999247193336487 -0.0015078929718583822 0.00022099580382928252 0.0013622835977002978 0.0014914151979610324 0.9999979734420776 0.4751054644584656
0.8272107 0.9999284148216248 -0.01179210003465414 -0.0020355242304503918 -0.0005733041907660663 0.011787572875618935 0.9999280571937561 -0.0022230155300348997 0.0003419244894757867 0.0020615917164832354 0.002198862610384822 0.9999954700469971 0.5416603088378906
0.930557 0.999927282333374 -0.011602692306041718 -0.0032834201119840145 -0.0006552853155881166 0.011601503007113934 0.9999326467514038 -0.00038154670619405806 0.00025473901769146323 0.003287625964730978 0.00034342636354267597 0.9999945163726807 0.6082603335380554
1.03407 0.9999314546585083 -0.011089172214269638 -0.0037593557499349117 -0.0014073348138481379 0.011099356226623058 0.999934732913971 0.0026985805016011 0.00017325696535408497 0.0037291855551302433 -0.0027401219122111797 0.9999892711639404 0.6745233535766602
1.137438 0.9999268054962158 -0.011227602139115334 -0.00450399424880743 -0.0022753861267119646 0.01124490611255169 0.9999293684959412 0.0038353600539267063 0.0006723867263644934 0.004460613708943129 -0.0038857257459312677 0.9999825358390808 0.7407211065292358
1.244258 0.9999080300331116 -0.012521838769316673 -0.005193113815039396 -0.0024803366977721453 0.012546833604574203 0.9999096393585205 0.004808763973414898 0.0006666015833616257 0.0051324316300451756 -0.004873479250818491 0.9999749064445496 0.8062205910682678
1.344229 0.9999056458473206 -0.012496893294155598 -0.00568564236164093 -0.003404923714697361 0.012525810860097408 0.9999086260795593 0.005079376511275768 0.00014641787856817245 0.005621646530926228 -0.005150115117430687 0.9999709129333496 0.8729068040847778
1.447568 0.9998946189880371 -0.012862833216786385 -0.0067171803675591946 -0.0037892553955316544 0.012886838056147099 0.9999107122421265 0.0035428490955382586 0.001197347417473793 0.00667100865393877 -0.00362903974018991 0.9999711513519287 0.9370536208152771
1.551083 0.9998754858970642 -0.01384188886731863 -0.0075670648366212845 -0.005094940774142742 0.013853617012500763 0.9999029040336609 0.0014996458776295185 0.0014581138966605067 0.0075455717742443085 -0.0016042909119278193 0.9999702572822571 1.0028318166732788
1.654521 0.9998413920402527 -0.014820143580436707 -0.009874601848423481 -0.005061529576778412 0.014825754798948765 0.9998899698257446 0.0004950565053150058 0.0013718334957957268 0.009866178967058659 -0.0006413764785975218 0.9999510645866394 1.0671768188476562
1.757843 0.9998248815536499 -0.014452796429395676 -0.011887090280652046 -0.005217822268605232 0.01445813849568367 0.999895453453064 0.00036355527117848396 0.0008415101328864694 0.011880592443048954 -0.0005353567539714277 0.9999292492866516 1.1320555210113525
1.861353 0.9998340606689453 -0.013040835969150066 -0.012715890072286129 -0.007720152381807566 0.013031164184212685 0.9999147057533264 -0.0008431111345998943 0.0012066964991390705 0.012725799344480038 0.0006772683700546622 0.9999188184738159 1.196165680885315
1.964724 0.999832034111023 -0.011654342524707317 -0.014142783358693123 -0.008931892924010754 0.011639831587672234 0.9999315738677979 -0.0011077867820858955 0.0014916032087057829 0.014154724776744843 0.0009429811616428196 0.9998994469642639 1.2603858709335327
2.068236 0.999794602394104 -0.01238662376999855 -0.01605042815208435 -0.010046375915408134 0.012386230751872063 0.9999232888221741 -0.00012400124978739768 0.0013787067728117108 0.016050729900598526 -7.482851651730016e-05 0.9998711943626404 1.3237124681472778
2.17162 0.9997801184654236 -0.011289695277810097 -0.01767067424952984 -0.01119439210742712 0.01131716463714838 0.99993497133255 0.0014553323853760958 0.0011929208412766457 0.017653094604611397 -0.0016549942083656788 0.9998428225517273 1.387346863746643
2.275131 0.9997590780258179 -0.011290894821286201 -0.018823303282260895 -0.012928332202136517 0.011324622668325901 0.9999345541000366 0.0016862089978531003 0.0015499381115660071 0.018803033977746964 -0.00189896987285465 0.9998214244842529 1.4513657093048096
2.378626 0.9997261762619019 -0.012316026724874973 -0.01989019848406315 -0.014771150425076485 0.01235937513411045 0.9999215006828308 0.002057985169813037 0.001200566766783595 0.019863290712237358 -0.002303252462297678 0.9998000860214233 1.514742374420166
2.48201 0.9996766448020935 -0.012741409242153168 -0.022006120532751083 -0.015687383711338043 0.012772503308951855 0.9999175667762756 0.0012728746514767408 0.001630411483347416 0.02198808826506138 -0.0015535365091636777 0.9997569918632507 1.5772846937179565
2.585514 0.9996715784072876 -0.012490100227296352 -0.02237970568239689 -0.018452966585755348 0.012524542398750782 0.9999205470085144 0.0013993973843753338 0.0018142831977456808 0.02236044965684414 -0.0016792332753539085 0.9997485280036926 1.6390092372894287
2.689023 0.9996272921562195 -0.012647046707570553 -0.024192700162529945 -0.019403820857405663 0.012742822989821434 0.9999115467071533 0.0038087323773652315 0.0018127267248928547 0.024142391979694366 -0.004115595947951078 0.9997000694274902 1.7012641429901123
2.793694 0.9995752573013306 -0.014132825657725334 -0.025487136095762253 -0.02075704000890255 0.014296533539891243 0.9998781681060791 0.006252334453165531 0.0022995099425315857 0.025395670905709267 -0.0066140564158558846 0.9996556639671326 1.7629598379135132
2.896139 0.9995846748352051 -0.013465756550431252 -0.025477886199951172 -0.023105911910533905 0.013676200062036514 0.9998736381530762 0.008103689178824425 0.0023121070116758347 0.025365548208355904 -0.008448764681816101 0.999642550945282 1.8240375518798828
2.999556 0.9995976090431213 -0.012205121107399464 -0.025605816394090652 -0.025964397937059402 0.012381010688841343 0.999900758266449 0.006721843034029007 0.0025293175131082535 0.025521237403154373 -0.007036165334284306 0.9996495246887207 1.8838478326797485
3.103545 0.9995709657669067 -0.011259017512202263 -0.027036812156438828 -0.02680259756743908 0.011377952061593533 0.9999262690544128 0.004249207675457001 0.0028598271310329437 0.026986977085471153 -0.004555009305477142 0.9996253848075867 1.9415370225906372
3.206573 0.9995735883712769 -0.010552989318966866 -0.02722385711967945 -0.0292317233979702 0.010631527751684189 0.9999397397041321 0.002741814125329256 0.003103741444647312 0.027193278074264526 -0.003030076390132308 0.9996256232261658 1.9998693466186523
3.310078 0.9995373487472534 -0.009976244531571865 -0.028732312843203545 -0.03068544715642929 0.01004828792065382 0.999946653842926 0.002364139072597027 0.003167907241731882 0.028707195073366165 -0.0026517559308558702 0.9995842576026917 2.0565567016601562
3.413963 0.9994922280311584 -0.010024183429777622 -0.030246829614043236 -0.03242035210132599 0.010091625154018402 0.9999468326568604 0.0020778763573616743 0.003191940486431122 0.0302243921905756 -0.002382060745730996 0.9995402097702026 2.1134471893310547
3.517076 0.9994392395019531 -0.009801077656447887 -0.03201628103852272 -0.034611862152814865 0.009839694015681744 0.9999510049819946 0.0010488146217539907 0.003052989486604929 0.032004423439502716 -0.001363256829790771 0.9994868040084839 2.1689109802246094
3.620721 0.9993765354156494 -0.009807954542338848 -0.03391861170530319 -0.037247493863105774 0.009861839935183525 0.9999503493309021 0.001421754714101553 0.002854597754776478 0.03390298783779144 -0.0017553680809214711 0.999423623085022 2.2240402698516846
3.724674 0.9993026852607727 -0.009564056992530823 -0.03609277307987213 -0.03920811042189598 0.009646732360124588 0.9999512434005737 0.002117113908752799 0.0033892737701535225 0.03607076033949852 -0.0024638150352984667 0.999346137046814 2.280179977416992
3.827725 0.9992345571517944 -0.009620722383260727 -0.03791901096701622 -0.04136509448289871 0.009783545508980751 0.999943733215332 0.004110690206289291 0.003760780207812786 0.03787732869386673 -0.004478525370359421 0.999272346496582 2.335597276687622
3.931241 0.9991616010665894 -0.008663167245686054 -0.04001173377037048 -0.044124651700258255 0.008896062150597572 0.9999445080757141 0.0056462897919118404 0.003914522938430309 0.039960600435733795 -0.005997502710670233 0.999183177947998 2.3880302906036377
4.034871 0.9990985989570618 -0.006898149382323027 -0.04188605025410652 -0.04681023955345154 0.007152860518544912 0.9999567270278931 0.005934207700192928 0.004045984707772732 0.041843313723802567 -0.006228462792932987 0.9991047382354736 2.4408488273620605
4.142151 0.9990321397781372 -0.005045539233833551 -0.043695781379938126 -0.049637459218502045 0.005274332594126463 0.9999729990959167 0.005122365429997444 0.004167573526501656 0.04366876184940338 -0.0053478749468922615 0.9990317225456238 2.492675304412842
4.243437 0.9989606738090515 -0.0034368420019745827 -0.04545105621218681 -0.05257679522037506 0.0036497460678219795 0.9999827742576599 0.004602090921252966 0.00422134343534708 0.04543444886803627 -0.004763192497193813 0.9989559650421143 2.543651580810547
4.345966 0.9988889694213867 -0.0026951865293085575 -0.04704665765166283 -0.0551130473613739 0.0029649718198925257 0.999979555606842 0.005665574688464403 0.0046472977846860886 0.04703042656183243 -0.005798771977424622 0.9988765716552734 2.5934133529663086
4.449183 0.9988400936126709 -0.00125777383800596 -0.0481346994638443 -0.05779267102479935 0.001599099370650947 0.9999738335609436 0.007053201086819172 0.005614357069134712 0.04812457039952278 -0.007121991366147995 0.9988159537315369 2.643388032913208
4.552519 0.9988391995429993 0.0013711160281673074 -0.048149749636650085 -0.06069304049015045 -0.0009853474330157042 0.9999672174453735 0.008034671656787395 0.005252214148640633 0.04815918952226639 -0.00797790102660656 0.9988077878952026 2.6921098232269287
4.656235 0.9988818764686584 0.004769556224346161 -0.04703306034207344 -0.0638626366853714 -0.004502751398831606 0.9999731779098511 0.005777005571871996 0.005716475658118725 0.047059353440999985 -0.0055587682873010635 0.9988766312599182 2.740293025970459
4.760815 0.9989596605300903 0.005988177843391895 -0.04520503804087639 -0.06615622341632843 -0.005862543825060129 0.9999786019325256 0.0029112529009580612 0.005343408323824406 0.045221492648124695 -0.0026432082522660494 0.9989734888076782 2.785329580307007
4.863788 0.9990467429161072 0.006564388982951641 -0.0431559719145298 -0.06804664433002472 -0.00653261411935091 0.999978244304657 0.000877278158441186 0.0059536839835345745 0.04316079244017601 -0.0005945204757153988 0.9990679621696472 2.830803394317627
4.966824 0.9991768002510071 0.007849402725696564 -0.039800290018320084 -0.07067407667636871 -0.007779620587825775 0.9999678730964661 0.0019079266348853707 0.005867564119398594 0.039813995361328125 -0.0015967250801622868 0.9992058277130127 2.8779473304748535
5.073257 0.9992351531982422 0.011930502951145172 -0.03723800554871559 -0.07235399633646011 -0.011779007501900196 0.999921441078186 0.004285122733563185 0.00649343291297555 0.03728620707988739 -0.003843219019472599 0.9992972016334534 2.9239065647125244
5.174268 0.9993298649787903 0.016607752069830894 -0.03261960297822952 -0.0749930813908577 -0.01634570211172104 0.9998320937156677 0.008283818140625954 0.0057844724506139755 0.03275171294808388 -0.007745075039565563 0.9994334578514099 2.967986822128296
5.277498 0.9993764162063599 0.021685555577278137 -0.027863530442118645 -0.07758861035108566 -0.021436531096696854 0.9997278451919556 0.00920517835766077 0.005958547815680504 0.028055569157004356 -0.008602140471339226 0.999569296836853 3.011247158050537
5.381142 0.9994156956672668 0.025230877101421356 -0.02306271716952324 -0.07803911715745926 -0.025018680840730667 0.9996423125267029 0.00944363884627819 0.006383361294865608 0.023292744532227516 -0.008861120790243149 0.999689519405365 3.052983522415161
5.484644 0.9994261860847473 0.029252778738737106 -0.01707373932003975 -0.07919776439666748 -0.02906014397740364 0.9995123744010925 0.011423654854297638 0.006814517080783844 0.017399588599801064 -0.010920935310423374 0.9997889995574951 3.094149112701416
5.588095 0.9993565082550049 0.03422665223479271 -0.01072894036769867 -0.07990074902772903 -0.03408980742096901 0.9993381500244141 0.012687856331467628 0.007067978382110596 0.011156106367707253 -0.012313946150243282 0.9998618960380554 3.133995771408081
5.691619 0.9992935657501221 0.03737344592809677 -0.003937625326216221 -0.07948467135429382 -0.037322938442230225 0.9992286562919617 0.012202375568449497 0.00725894421339035 0.0043906341306865215 -0.01204679161310196 0.9999178051948547 3.171881675720215
5.795223 0.9991586804389954 0.04084682837128639 0.0036648716777563095 -0.0805019959807396 -0.04088900238275528 0.9990882277488708 0.012282277457416058 0.007598385214805603 -0.003159837331622839 -0.012421796098351479 0.9999178051948547 3.208017110824585
5.898736 0.9989264607429504 0.04500702768564224 0.010964350774884224 -0.0800875574350357 -0.04513533040881157 0.9989118576049805 0.011750270612537861 0.007988424971699715 -0.010423574596643448 -0.012232537381350994 0.9998708367347717 3.244737148284912
6.002373 0.9985936284065247 0.04953746497631073 0.018890459090471268 -0.08040200918912888 -0.04971345514059067 0.9987233281135559 0.008962986059486866 0.008211586624383926 -0.018422339111566544 -0.009889492765069008 0.9997813701629639 3.277297019958496
6.10587 0.9982978701591492 0.051606547087430954 0.027169978246092796 -0.0801515057682991 -0.05178685113787651 0.9986402988433838 0.005973963066935539 0.008194229565560818 -0.02682473696768284 -0.007370843552052975 0.9996129870414734 3.3091843128204346
6.209506 0.9980354309082031 0.05192578211426735 0.03506018966436386 -0.0788549855351448 -0.05215340480208397 0.9986233115196228 0.005608445033431053 0.008487064391374588 -0.03472070395946503 -0.0074259331449866295 0.9993694424629211 3.339169979095459
6.313021 0.9977701306343079 0.05138975754380226 0.04259149357676506 -0.0766880065202713 -0.05174561217427254 0.998633623123169 0.007294249255210161 0.008187567815184593 -0.042158450931310654 -0.009481905959546566 0.9990659356117249 3.3680832386016846
6.416516 0.9972999691963196 0.05292736366391182 0.0509062185883522 -0.07570825517177582 -0.053390223532915115 0.9985434412956238 0.007774969097226858 0.008479788899421692 -0.05042055994272232 -0.010471871122717857 0.998673141002655 3.3946244716644287
6.524037 0.9966492652893066 0.056068990379571915 0.05955233424901962 -0.07430954277515411 -0.05663822218775749 0.9983633756637573 0.007912523113191128 0.008529454469680786 -0.05901121348142624 -0.011258947663009167 0.9981938600540161 3.419343948364258
6.623722 0.9957868456840515 0.060951683670282364 0.06850886344909668 -0.07339675724506378 -0.06159722059965134 0.9980740547180176 0.007348154205828905 0.008794872090220451 -0.06792902946472168 -0.011537152342498302 0.9976233839988708 3.4427249431610107
6.727294 0.9948862791061401 0.06461986899375916 0.07762560993432999 -0.0716385543346405 -0.06536465883255005 0.9978362917900085 0.00708966376259923 0.009055253118276596 -0.07699951529502869 -0.012127379886806011 0.9969573616981506 3.464334011077881
6.830809 0.994200587272644 0.06357558816671371 0.08673778176307678 -0.06916791200637817 -0.06447340548038483 0.9978906512260437 0.0075860642828047276 0.008981440216302872 -0.08607253432273865 -0.013134348206222057 0.9962023496627808 3.484722375869751
6.934429 0.9932671189308167 0.06287871301174164 0.09729678928852081 -0.06695175170898438 -0.0637764111161232 0.997945249080658 0.006140892393887043 0.008482107892632484 -0.09671077132225037 -0.01230478473007679 0.9952363967895508 3.503303050994873
7.038067 0.9921494722366333 0.06137793883681297 0.10895927250385284 -0.06359216570854187 -0.0619407556951046 0.9980782270431519 0.0017851176671683788 0.008213348686695099 -0.10864032804965973 -0.008520123548805714 0.9940446019172668 3.5215904712677
7.141701 0.9905580282211304 0.06226227432489395 0.1221403181552887 -0.060798585414886475 -0.06244286522269249 0.9980457425117493 -0.0023524239659309387 0.008098089136183262 -0.12204809486865997 -0.005296577699482441 0.9925101399421692 3.540945291519165
7.24533 0.9883323311805725 0.06408502906560898 0.13817456364631653 -0.059087902307510376 -0.0640798881649971 0.9979346990585327 -0.00449034059420228 0.00791020318865776 -0.13817690312862396 -0.004416261799633503 0.9903976917266846 3.559004306793213
7.3533 0.9858957529067993 0.06559024751186371 0.1539715826511383 -0.054822444915771484 -0.0654759407043457 0.997837245464325 -0.005818760953843594 0.00806090235710144 -0.15402022004127502 -0.004344742279499769 0.9880581498146057 3.5775692462921143
7.452592 0.9831342101097107 0.0659211203455925 0.17059138417243958 -0.05078685283660889 -0.06561201065778732 0.9978173971176147 -0.007455362007021904 0.008306678384542465 -0.1707105189561844 -0.003863221500068903 0.9853135943412781 3.5957398414611816
7.55658 0.9798837304115295 0.06485701352357864 0.18873661756515503 -0.04625934362411499 -0.06438762694597244 0.9978877902030945 -0.008623900823295116 0.007893308997154236 -0.1888972818851471 -0.003701884066686034 0.9819898009300232 3.6134462356567383
7.663357 0.9760476350784302 0.06417396664619446 0.20787671208381653 -0.04076117277145386 -0.06374140083789825 0.9979278445243835 -0.008785685524344444 0.007625002413988113 -0.2080097645521164 -0.004675108008086681 0.9781154990196228 3.6309494972229004
7.763356 0.9714805483818054 0.06422941386699677 0.22825467586517334 -0.0357820987701416 -0.06361944228410721 0.997923731803894 -0.010037058964371681 0.0073655471205711365 -0.22842544317245483 -0.00477063050493598 0.9735497236251831 3.6485435962677
7.866988 0.9661346673965454 0.0666932463645935 0.2492702603340149 -0.03180122375488281 -0.06569940596818924 0.9977633953094482 -0.0123143894597888 0.007207389920949936 -0.24953407049179077 -0.004479548893868923 0.9683555960655212 3.6644394397735596
7.970621 0.9598780870437622 0.06812646239995956 0.2720165252685547 -0.025949835777282715 -0.06670792400836945 0.9976676106452942 -0.014470060355961323 0.006707880645990372 -0.272367924451828 -0.004256166517734528 0.9621837735176086 3.6818902492523193
8.07425 0.9525722861289978 0.06896911561489105 0.29639357328414917 -0.01952362060546875 -0.06731227040290833 0.9976067543029785 -0.01580413430929184 0.006762254983186722 -0.2967742085456848 -0.004896342754364014 0.9549351334571838 3.70021915435791
8.177962 0.9440521597862244 0.07233994454145432 0.3217649757862091 -0.012473106384277344 -0.0707312747836113 0.9973555207252502 -0.016703635454177856 0.006274089217185974 -0.3221225142478943 -0.006989744026213884 0.9466721415519714 3.7158546447753906
8.283921 0.9342478513717651 0.07405408471822739 0.3488512337207794 -0.004514098167419434 -0.07236549258232117 0.9972176551818848 -0.01788947731256485 0.005883961915969849 -0.3492054343223572 -0.008531585335731506 0.9370073676109314 3.733105421066284
8.385961 0.9230048060417175 0.07484374195337296 0.3774396777153015 0.0039108991622924805 -0.07294151186943054 0.9971483945846558 -0.0193539559841156 0.0051725879311561584 -0.37781187891960144 -0.00966722797602415 0.9258319139480591 3.7502145767211914
8.488779 0.910351037979126 0.07310928404331207 0.40732792019844055 0.01321399211883545 -0.07048824429512024 0.9972817301750183 -0.02146061509847641 0.004482388496398926 -0.4077897071838379 -0.009175138548016548 0.9130297303199768 3.7669754028320312
8.593446 0.8954422473907471 0.07051026821136475 0.4395585060119629 0.02385556697845459 -0.06659267842769623 0.9974830746650696 -0.024349242448806763 0.004047945141792297 -0.4401690363883972 -0.007468041032552719 0.8978838324546814 3.7835726737976074
8.696029 0.8782524466514587 0.06944523006677628 0.47312790155410767 0.03555417060852051 -0.06361966580152512 0.9975720643997192 -0.02832745760679245 0.0031896233558654785 -0.47394639253616333 -0.005221578758209944 0.8805381059646606 3.7989556789398193
8.799662 0.8588650822639465 0.07160584628582001 0.5071719884872437 0.047205448150634766 -0.06326901167631149 0.9974279403686523 -0.03368116170167923 0.0026144683361053467 -0.5082792639732361 -0.0031606971751898527 0.8611865043640137 3.8150553703308105
8.903911 0.8371008634567261 0.07348980754613876 0.5420898199081421 0.06056392192840576 -0.06281659007072449 0.9972938299179077 -0.03819867596030235 0.0017803385853767395 -0.543429970741272 -0.0020760921761393547 0.8394519090652466 3.83164119720459
9.008027 0.8125981688499451 0.07604788988828659 0.5778418183326721 0.07490015029907227 -0.06351858377456665 0.9971005916595459 -0.04190130531787872 0.0010901540517807007 -0.5793529152870178 -0.002654771087691188 0.8150724172592163 3.8477721214294434
9.11058 0.7852404117584229 0.08070305734872818 0.6139092445373535 0.08988380432128906 -0.06710342317819595 0.9967218041419983 -0.045195888727903366 0.00048629939556121826 -0.6155441999435425 -0.0057057770900428295 0.788081705570221 3.864623546600342
9.214197 0.7552613615989685 0.08466567099094391 0.649932324886322 0.10613000392913818 -0.07021454721689224 0.9963666200637817 -0.04820150136947632 -0.00042814016342163086 -0.651651918888092 -0.009229975752532482 0.7584620714187622 3.88124942779541
9.317832 0.7226517200469971 0.08611752092838287 0.6858266592025757 0.12610483169555664 -0.07011241465806961 0.9962234497070312 -0.05121618136763573 -0.001366928219795227 -0.6876472234725952 -0.01107349805533886 0.7259604334831238 3.8981614112854004
9.421456 0.6858131885528564 0.08345303684473038 0.7229770421981812 0.14592421054840088 -0.06641767919063568 0.9964352250099182 -0.052014682441949844 -0.003052324056625366 -0.7247405052185059 -0.012346111238002777 0.6889112591743469 3.915389060974121
9.525112 0.6467679738998413 0.08184699714183807 0.7582824230194092 0.16852080821990967 -0.06357266753911972 0.9965505599975586 -0.05334148183465004 -0.004863545298576355 -0.7600327134132385 -0.013706471771001816 0.6497402787208557 3.9315671920776367
9.630085 0.6044607162475586 0.08145282417535782 0.7924598455429077 0.19351589679718018 -0.06151752546429634 0.9965612888336182 -0.055507928133010864 -0.006139278411865234 -0.7942561507225037 -0.015197803266346455 0.6073929667472839 3.9482686519622803
9.732384 0.5586891770362854 0.08187307417392731 0.8253260850906372 0.22002041339874268 -0.058186259120702744 0.9965329170227051 -0.0594688281416893 -0.00717589259147644 -0.8273334503173828 -0.01479804515838623 0.5615160465240479 3.9628872871398926
9.836009 0.5102500319480896 0.08040674030780792 0.8562590479850769 0.2481067180633545 -0.0546148344874382 0.9966398477554321 -0.06104382127523422 -0.009033769369125366 -0.8582901358604431 -0.01561683975160122 0.5129269361495972 3.9781219959259033
9.939685 0.4614291191101074 0.07888279110193253 0.8836632370948792 0.2780407667160034 -0.05334223061800003 0.9967041015625 -0.06111958622932434 -0.010918393731117249 -0.8855718970298767 -0.018934216350317 0.4641159176826477 3.9911396503448486
10.0439 0.4124473035335541 0.07669447362422943 0.9077472686767578 0.3108055591583252 -0.05285179987549782 0.9967859387397766 -0.06020330637693405 -0.012669920921325684 -0.9094470143318176 -0.023145392537117004 0.41517511010169983 4.003611087799072
10.14677 0.3626701235771179 0.07634000480175018 0.928785502910614 0.34447336196899414 -0.05538279190659523 0.9966431856155396 -0.060291703790426254 -0.014131918549537659 -0.9302703738212585 -0.029572730883955956 0.36568066477775574 4.014651775360107
10.25036 0.31336507201194763 0.07703673839569092 0.9465028047561646 0.3787407875061035 -0.05391936004161835 0.9965395927429199 -0.06325782835483551 -0.01583714783191681 -0.9481006860733032 -0.031212039291858673 0.31643447279930115 4.02445125579834
10.35367 0.2660623788833618 0.07328550517559052 0.9611659646034241 0.4147167205810547 -0.042422134429216385 0.9970300197601318 -0.0642770379781723 -0.01849544048309326 -0.9630218744277954 -0.023673010990023613 0.26838111877441406 4.031678199768066
10.45717 0.22236314415931702 0.06753789633512497 0.9726218581199646 0.45186614990234375 -0.029304340481758118 0.9976099729537964 -0.06257343292236328 -0.02083428204059601 -0.9745234251022339 -0.014588018879294395 0.22381089627742767 4.036775588989258
10.56299 0.18021811544895172 0.06697545945644379 0.9813438057899475 0.49113237857818604 -0.019447628408670425 0.9977266788482666 -0.06452211737632751 -0.022184953093528748 -0.9834343791007996 -0.007456751074641943 0.1811109483242035 4.041230201721191
10.66453 0.14176739752292633 0.06826960295438766 0.9875430464744568 0.5309692025184631 -0.016882482916116714 0.9976405501365662 -0.06654408574104309 -0.024676069617271423 -0.9897560477256775 -0.00723839458078146 0.14258548617362976 4.045463562011719
10.76705 0.10922999680042267 0.06868152320384979 0.9916409254074097 0.5718843936920166 -0.008571193553507328 0.9976380467414856 -0.06815275549888611 -0.02771536260843277 -0.9939795732498169 -0.0010552199091762304 0.10956071317195892 4.047826766967773
10.87022 0.0802689641714096 0.06759200245141983 0.9944788813591003 0.6150733232498169 -0.000548141950275749 0.9977010488510132 -0.06776677817106247 -0.029762715101242065 -0.9967730045318604 0.0048944526351988316 0.0801214724779129 4.04995584487915
10.97342 0.055949945002794266 0.06595449894666672 0.9962528347969055 0.6571778059005737 0.0067399656400084496 0.9977681040763855 -0.06643331795930862 -0.03227010741829872 -0.9984108805656433 0.010431651026010513 0.05538053810596466 4.050136566162109
11.0772 0.03541141748428345 0.0648893415927887 0.9972639083862305 0.7035951614379883 0.011153094470500946 0.9978019595146179 -0.06532038003206253 -0.03470025956630707 -0.9993105530738831 0.013435667380690575 0.03460986167192459 4.051182746887207
11.18019 0.019183963537216187 0.06607986986637115 0.9976299405097961 0.7483067512512207 0.013223330490291119 0.9977094531059265 -0.066339410841465 -0.03778969869017601 -0.9997285604476929 0.014464642852544785 0.018266228958964348 4.051994800567627
11.28415 0.006284154485911131 0.06641078740358353 0.9977725744247437 0.7948151230812073 0.014538334682583809 0.9976807832717896 -0.06649623811244965 -0.04007502645254135 -0.9998745322227478 0.014923826791346073 0.0053040762431919575 4.050878524780273
11.3859 -0.005560245830565691 0.06728526949882507 0.9977182745933533 0.8411439061164856 0.015451728366315365 0.9976203441619873 -0.06719255447387695 -0.04254772141575813 -0.9998651742935181 0.015042866580188274 -0.006586688570678234 4.05077600479126
11.48898 -0.014640487730503082 0.07022304832935333 0.9974238872528076 0.8894679546356201 0.02017882466316223 0.9973483681678772 -0.06992153823375702 -0.04544999822974205 -0.9996891617774963 0.0191031526774168 -0.016018684953451157 4.049285888671875
11.59255 -0.020854443311691284 0.07196138799190521 0.9971894025802612 0.9380788207054138 0.02446187287569046 0.9971444606781006 -0.07144656032323837 -0.04869214445352554 -0.9994831681251526 0.022903142496943474 -0.022555198520421982 4.047133445739746
11.69527 -0.025898749008774757 0.0714297816157341 0.9971092939376831 0.9890267848968506 0.02493540570139885 0.9971797466278076 -0.07078714668750763 -0.05141623690724373 -0.9993535280227661 0.023030027747154236 -0.027606835588812828 4.046527862548828
11.79949 -0.028931401669979095 0.06876988708972931 0.9972129464149475 1.0393462181091309 0.02285495027899742 0.9974152445793152 -0.06812077015638351 -0.05415236949920654 -0.9993200302124023 0.02082042396068573 -0.03042834997177124 4.044439315795898
11.90171 -0.032048869878053665 0.06196647882461548 0.9975636601448059 1.093238353729248 0.02035820111632347 0.997909665107727 -0.061333928257226944 -0.0570584312081337 -0.9992789626121521 0.018342919647693634 -0.033243414014577866 4.043846130371094
12.00482 -0.03297354280948639 0.056394267827272415 0.9978640079498291 1.1453748941421509 0.02183212712407112 0.9982092976570129 -0.055692363530397415 -0.059433817863464355 -0.9992178082466125 0.019949117675423622 -0.03414570912718773 4.041656970977783
12.108 -0.033399734646081924 0.05368325486779213 0.9979993104934692 1.2006210088729858 0.024243663996458054 0.9983062148094177 -0.05288838967680931 -0.06279082596302032 -0.9991479516029358 0.02242870070040226 -0.03464464843273163 4.039414405822754
12.21119 -0.0329272486269474 0.055783797055482864 0.9978998899459839 1.25480318069458 0.027083024382591248 0.998124361038208 -0.054902710020542145 -0.06603117287158966 -0.9990907311439514 0.02521834708750248 -0.03437628969550133 4.037352085113525
12.3145 -0.03226384520530701 0.06334672123193741 0.9974699020385742 1.3101615905761719 0.02851395308971405 0.9976415634155273 -0.0624353252351284 -0.06838756054639816 -0.9990725517272949 0.026427408680319786 -0.03399402275681496 4.035304069519043
12.41765 -0.029940128326416016 0.07113642990589142 0.9970171451568604 1.364842414855957 0.02909463457763195 0.9971036911010742 -0.0702688992023468 -0.07137169688940048 -0.9991282224655151 0.026903986930847168 -0.03192310780286789 4.03375768661499
12.52105 -0.027843641117215157 0.07228228449821472 0.9969955086708069 1.4226020574569702 0.029942477121949196 0.9969950318336487 -0.0714460164308548 -0.07401971518993378 -0.9991637468338013 0.02786320447921753 -0.029924284666776657 4.032267093658447
12.62455 -0.025405827909708023 0.06789126247167587 0.9973692297935486 1.4806008338928223 0.029260864481329918 0.9973142147064209 -0.06714217364788055 -0.07726480811834335 -0.9992489218711853 0.027478083968162537 -0.027324151247739792 4.030947685241699
12.72743 -0.022895323112607002 0.06137882545590401 0.9978520274162292 1.5385187864303589 0.028776532039046288 0.9977404475212097 -0.06071170046925545 -0.08113793283700943 -0.9993236064910889 0.027324704453349113 -0.024609865620732307 4.029250621795654
12.83073 -0.020152287557721138 0.059612613171339035 0.9980181455612183 1.5957337617874146 0.02697833999991417 0.9978898167610168 -0.05906018614768982 -0.08474284410476685 -0.9994328618049622 0.0257346723228693 -0.021718008443713188 4.029388427734375
12.93413 -0.01674892008304596 0.0650835707783699 0.9977392554283142 1.6536935567855835 0.03450902923941612 0.9973223209381104 -0.06447704881429672 -0.08825746178627014 -0.999264121055603 0.03335108608007431 -0.018950043246150017 4.0270304679870605
13.03771 -0.013408081606030464 0.07090592384338379 0.9973929524421692 1.7102473974227905 0.036203235387802124 0.9968628883361816 -0.07038157433271408 -0.09115761518478394 -0.9992544651031494 0.03516516834497452 -0.015933040529489517 4.0262250900268555
13.14165 -0.011201467365026474 0.07154974341392517 0.9973742365837097 1.7682652473449707 0.030405143275856972 0.9969998598098755 -0.07118142396211624 -0.09456343948841095 -0.999474823474884 0.029527969658374786 -0.013343344442546368 4.026490211486816
13.24421 -0.007701368536800146 0.06795807182788849 0.9976585507392883 1.826361060142517 0.025748100131750107 0.997370719909668 -0.06773972511291504 -0.09818344563245773 -0.9996387362480164 0.025166120380163193 -0.009430911391973495 4.0269246101379395
13.34803 -0.0027017612010240555 0.06422048062086105 0.9979320168495178 1.8850953578948975 0.03009064309298992 0.9974890351295471 -0.06411050260066986 -0.10241760313510895 -0.9995434880256653 0.029855206608772278 -0.004627411253750324 4.026033878326416
13.45277 0.0004087590496055782 0.06509063392877579 0.9978792667388916 1.9429576396942139 0.03472216799855232 0.9972766637802124 -0.06506554037332535 -0.10638664662837982 -0.9993969202041626 0.034675128757953644 -0.0018524420447647572 4.025860786437988
13.55488 0.0036260623019188643 0.06930169463157654 0.9975891709327698 2.0007121562957764 0.03395605459809303 0.9970118403434753 -0.06938499957323074 -0.11037464439868927 -0.9994167685508728 0.03412578999996185 0.0012620155466720462 4.026294231414795
13.65796 0.006989856716245413 0.070335254073143 0.9974989295005798 2.05997896194458 0.030339332297444344 0.9970491528511047 -0.07051613926887512 -0.11370915919542313 -0.9995152354240417 0.030756348744034767 0.004835306201130152 4.027215003967285
13.76127 0.010454108938574791 0.06997769325971603 0.9974937438964844 2.1172800064086914 0.029794935137033463 0.9970835447311401 -0.07026118040084839 -0.11704611033201218 -0.9995013475418091 0.030454788357019424 0.00833863765001297 4.02821683883667
13.86467 0.01356188952922821 0.0668317973613739 0.9976721405982971 2.1761550903320312 0.03361409530043602 0.9971694946289062 -0.06725505739450455 -0.1210947185754776 -0.9993429183959961 0.03444795310497284 0.011277011595666409 4.029826641082764
13.96817 0.017421940341591835 0.06762628257274628 0.99755859375 2.2337963581085205 0.037849292159080505 0.9969502687454224 -0.06824605911970139 -0.12448951601982117 -0.9991315007209778 0.038945868611335754 0.014809198677539825 4.030345439910889
14.07164 0.021285755559802055 0.06805340200662613 0.9974545836448669 2.2922279834747314 0.041322991251945496 0.9967681169509888 -0.06888841092586517 -0.12878596782684326 -0.9989191889762878 0.042684148997068405 0.018404796719551086 4.030410289764404
14.17505 0.02359137311577797 0.06756749004125595 0.9974357485771179 2.351926326751709 0.04177756980061531 0.9967752695083618 -0.06851086765527725 -0.13278089463710785 -0.9988483786582947 0.04328670725226402 0.0206924919039011 4.032667636871338
14.2786 0.027024351060390472 0.06616396456956863 0.9974427819252014 2.4105331897735596 0.04304669797420502 0.9968044757843018 -0.06728792935609818 -0.13660545647144318 -0.9987074732780457 0.04475502297282219 0.024089859798550606 4.0343546867370605
14.38212 0.03137314319610596 0.06536146998405457 0.997368335723877 2.46842098236084 0.04492252320051193 0.9967589974403381 -0.06673461198806763 -0.14044037461280823 -0.998497724533081 0.04689798504114151 0.02833525836467743 4.0347819328308105
14.4855 0.03409836068749428 0.06564715504646301 0.9972602128982544 2.527313232421875 0.043369974941015244 0.9968032836914062 -0.06709998846054077 -0.14385154843330383 -0.9984769821166992 0.04553914815187454 0.031142236664891243 4.037368297576904
14.58897 0.03700012341141701 0.06725997477769852 0.9970491528511047 2.586304187774658 0.04024349898099899 0.9968228340148926 -0.06873810291290283 -0.1478477120399475 -0.998504638671875 0.042668066918849945 0.03417578712105751 4.040349960327148
14.69245 0.03984687849879265 0.06752091646194458 0.9969217777252197 2.645275592803955 0.04235556349158287 0.9967034459114075 -0.06919904798269272 -0.15127801895141602 -0.9983077049255371 0.044982556253671646 0.036855634301900864 4.042203426361084
14.79597 0.042933691293001175 0.06739950180053711 0.9968018531799316 2.7036986351013184 0.040226634591817856 0.9967962503433228 -0.06913173198699951 -0.15412189066410065 -0.9982677698135376 0.04306606575846672 0.04008488729596138 4.044735431671143
14.89949 0.045379865914583206 0.06769675761461258 0.9966733455657959 2.763396978378296 0.038615237921476364 0.9968366622924805 -0.06946603953838348 -0.15820057690143585 -0.9982232451438904 0.041639141738414764 0.04262218996882439 4.04752254486084
15.00287 0.04776304215192795 0.06809078902006149 0.9965351819992065 2.823244333267212 0.03555259481072426 0.9969257712364197 -0.06982146948575974 -0.16191454231739044 -0.9982258081436157 0.038764290511608124 0.04519540071487427 4.0513105392456055
15.1064 0.050763100385665894 0.06999274343252182 0.9962550401687622 2.8829052448272705 0.03415657952427864 0.9968359470367432 -0.0717739537358284 -0.1659519374370575 -0.9981265068054199 0.03767212852835655 0.04821176081895828 4.05485725402832
15.20987 0.05393129587173462 0.07346779108047485 0.9958382844924927 2.9430344104766846 0.03236909955739975 0.9966369867324829 -0.07527969032526016 -0.170317143201828 -0.9980199337005615 0.036294326186180115 0.051371846348047256 4.058699607849121
15.31336 0.057542309165000916 0.07537949085235596 0.9954931735992432 3.0032663345336914 0.0330723412334919 0.9964542388916016 -0.07736393809318542 -0.17453616857528687 -0.997795045375824 0.037374988198280334 0.05484529957175255 4.062304496765137
15.41675 0.06074976548552513 0.07734959572553635 0.9951515197753906 3.06368350982666 0.026798555627465248 0.9965071082115173 -0.0790909081697464 -0.17871615290641785 -0.9977931976318359 0.031473368406295776 0.05846470966935158 4.066177845001221
15.52022 0.06385942548513412 0.07694881409406662 0.9949878454208374 3.1250550746917725 0.02320008911192417 0.9966390132904053 -0.07856551557779312 -0.18272995948791504 -0.9976891875267029 0.028100956231355667 0.06185956671833992 4.070535182952881
15.62392 0.06672313809394836 0.07744012773036957 0.9947617650032043 3.186004638671875 0.02585224062204361 0.9965146780014038 -0.07931060343980789 -0.18714070320129395 -0.9974365830421448 0.031008677557110786 0.06448857486248016 4.075622081756592
15.7272 0.07070563733577728 0.07865790277719498 0.994391143321991 3.2474775314331055 0.024903103709220886 0.9964361190795898 -0.08059040457010269 -0.1917424201965332 -0.9971863627433777 0.030461618676781654 0.06849482655525208 4.079813003540039
15.83062 0.07414750754833221 0.0795811265707016 0.9940668940544128 3.3084583282470703 0.02082679234445095 0.9964698553085327 -0.08132696896791458 -0.19603568315505981 -0.9970297813415527 0.026733417063951492 0.0722283348441124 4.0857367515563965
15.93425 0.07844485342502594 0.07812505960464478 0.9938525557518005 3.370699882507324 0.020191553980112076 0.9965956211090088 -0.07993440330028534 -0.20032106339931488 -0.9967139363288879 0.026337867602705956 0.0766003280878067 4.090716361999512
16.03941 0.08324205130338669 0.07729844748973846 0.9935268759727478 3.432990074157715 0.020305361598730087 0.9966485500335693 -0.07924260944128036 -0.20541715621948242 -0.9963224530220032 0.02677023969590664 0.08139351010322571 4.096275329589844
16.14091 0.08818640559911728 0.08067460358142853 0.9928316473960876 3.494718074798584 0.016744351014494896 0.9964540600776672 -0.08245624601840973 -0.21041330695152283 -0.9959632754325867 0.02389584481716156 0.08652286976575851 4.102257251739502
16.2443 0.09388931095600128 0.08965763449668884 0.99153733253479 3.556934118270874 0.014621746726334095 0.9957051873207092 -0.0914190411567688 -0.21502575278282166 -0.9954752922058105 0.023081280291080475 0.09217512607574463 4.109414100646973
16.34828 0.10119608789682388 0.09444829076528549 0.9903730750083923 3.6196653842926025 0.012773528695106506 0.9952780604362488 -0.09622124582529068 -0.22013889253139496 -0.9947845339775085 0.022387776523828506 0.09951180964708328 4.116408348083496
