0.0 1.0 0.0 0.0 0.0 0.0 1.0 0.0 0.0 0.0 0.0 1.0 0.0
0.1033914 0.9999986886978149 0.00047559707309119403 0.0015464610187336802 -0.0029234657995402813 -0.0004686808679252863 0.999989926815033 -0.004469556733965874 -0.002207215176895261 -0.0015485710464417934 0.004468826111406088 0.9999887943267822 0.9722413420677185
0.2071056 0.9999960660934448 -0.0019473466090857983 0.002008273499086499 0.0037975898012518883 0.0019574542529881 0.9999853372573853 -0.005043372046202421 -0.002624174579977989 -0.0019984229002147913 0.005047283601015806 0.9999852776527405 1.939365267753601
0.3102615 0.9999933242797852 -0.0028569039423018694 0.00226681143976748 -0.0004715896211564541 0.002859822940081358 0.9999951124191284 -0.0012856856919825077 -0.0006031368393450975 -0.002263127127662301 0.0012921600136905909 0.9999966025352478 2.90263032913208
0.4136209 0.9999836087226868 -0.005497715435922146 0.001596106681972742 0.0021888697519898415 0.005490025505423546 0.9999734163284302 0.004783769603818655 -0.003255121409893036 -0.001622364274226129 -0.00477492855861783 0.9999872446060181 3.8697938919067383
0.5179293 0.9999611973762512 -0.008804823271930218 1.7621321603655815e-05 0.011663691140711308 0.008804645389318466 0.9999504089355469 0.004659956321120262 0.004104567691683769 -5.865050479769707e-05 -0.004659620579332113 0.9999890923500061 4.826234340667725
0.6203887 0.9999288320541382 -0.011884189210832119 -0.0010463990038260818 0.014298109337687492 0.011886165477335453 0.9999276399612427 0.0019027742091566324 0.004258219618350267 0.0010237105889245868 -0.0019150767475366592 0.999997615814209 5.779959201812744
0.7242193 0.9999210834503174 -0.012368469499051571 -0.0021855300292372704 0.014455607160925865 0.012365172617137432 0.9999223947525024 -0.0015161349438130856 0.008170139975845814 0.002204112708568573 0.001488990499638021 0.9999964237213135 6.726025581359863
0.8272107 0.9999266862869263 -0.011852052062749863 -0.002473661908879876 0.0018904060125350952 0.011846495792269707 0.999927282333374 -0.002248776610940695 0.009585442021489143 0.002500134287402034 0.002219307469204068 0.9999943971633911 7.681414604187012
0.930557 0.9999278783798218 -0.011478926055133343 -0.0035246610641479492 -0.004235610365867615 0.01147862896323204 0.9999340176582336 -0.000104549340903759 0.007815232500433922 0.003525629173964262 6.408337503671646e-05 0.9999938011169434 8.627973556518555
1.03407 0.9999301433563232 -0.011116770096123219 -0.004025801084935665 -0.017480187118053436 0.011128699406981468 0.9999337196350098 0.002952916081994772 0.004077203571796417 0.003992707468569279 -0.0029975122306495905 0.9999875426292419 9.580693244934082
1.137438 0.9999160766601562 -0.01179511845111847 -0.005358520895242691 -0.015205107629299164 0.011816202662885189 0.9999224543571472 0.003920307848602533 0.012305205687880516 0.005311865359544754 -0.003983295522630215 0.9999778866767883 10.52502727508545
1.244258 0.999900758266449 -0.012702242471277714 -0.006095515564084053 -0.02159798890352249 0.012730862013995647 0.9999079704284668 0.004679575562477112 0.018561318516731262 0.006035513244569302 -0.004756712820380926 0.9999704957008362 11.465968132019043
1.344229 0.9998911619186401 -0.013088137842714787 -0.006806725636124611 -0.030204594135284424 0.013120590709149837 0.9999026656150818 0.004744988400489092 0.01904161274433136 0.006743961479514837 -0.004833781626075506 0.999965488910675 12.405006408691406
1.447568 0.9998842477798462 -0.01336437277495861 -0.007260965649038553 -0.04002155736088753 0.013391281478106976 0.9999036192893982 0.0036704647354781628 0.01697113737463951 0.0072112116031348705 -0.0037672738544642925 0.9999669194221497 13.321346282958984
1.551083 0.9998630881309509 -0.014073606580495834 -0.008701493963599205 -0.05294129252433777 0.014087886549532413 0.9998995065689087 0.0015820791013538837 0.02229023538529873 0.008678351528942585 -0.0017044483684003353 0.9999608397483826 14.252185821533203
1.654521 0.9998316764831543 -0.015375986695289612 -0.010006978176534176 -0.07266337424516678 0.015375541523098946 0.9998818039894104 -0.00012143787898821756 0.030551735311746597 0.010007662698626518 -3.244527761125937e-05 0.9999499320983887 15.187264442443848
1.757843 0.999817430973053 -0.015133817680180073 -0.011659396812319756 -0.0846162661910057 0.01512644812464714 0.9998853802680969 -0.0007199823739938438 0.03251031041145325 0.011668955907225609 0.000543485744856298 0.999931812286377 16.108654022216797
1.861353 0.9998145699501038 -0.01403794065117836 -0.013177099637687206 -0.10621373355388641 0.014017291367053986 0.9999004006385803 -0.0016580565134063363 0.03230353072285652 0.013199063017964363 0.001473041600547731 0.9999117851257324 17.032482147216797
1.964724 0.9998300075531006 -0.012137237936258316 -0.01388030406087637 -0.14008761942386627 0.012116060592234135 0.9999253153800964 -0.0016088099218904972 0.03165475279092789 0.013898794539272785 0.0014403617242351174 0.9999024271965027 17.94467544555664
2.068236 0.9997846484184265 -0.01287189219146967 -0.01627832092344761 -0.1437438577413559 0.012866432778537273 0.9999170899391174 -0.00044021185021847486 0.023043934255838394 0.016282640397548676 0.00023067300207912922 0.9998673796653748 18.849788665771484
2.17162 0.9997711181640625 -0.012105018831789494 -0.01764315739274025 -0.1636684685945511 0.01211490947753191 0.9999265074729919 0.00045375764602795243 0.029549282044172287 0.017636366188526154 -0.0006673989119008183 0.9998442530632019 19.759130477905273
2.275131 0.9997560977935791 -0.01144421100616455 -0.018891384825110435 -0.18882517516613007 0.011470362544059753 0.9999334216117859 0.0012763934209942818 0.02491265907883644 0.018875520676374435 -0.0014927729498595 0.9998207092285156 20.662458419799805
2.378626 0.9997121691703796 -0.01309700682759285 -0.02010156959295273 -0.21037667989730835 0.013121896423399448 0.9999133348464966 0.0011068227468058467 0.025644147768616676 0.020085329189896584 -0.001370274811051786 0.9997972846031189 21.56719398498535
2.48201 0.9996727705001831 -0.012797996401786804 -0.02214851602911949 -0.22858977317810059 0.012817036360502243 0.9999176263809204 0.0007179640233516693 0.02711351215839386 0.02213750220835209 -0.0010016073938459158 0.9997544288635254 22.455049514770508
2.585514 0.9996418356895447 -0.012621602043509483 -0.02360021322965622 -0.24940729141235352 0.012650778517127037 0.9999193549156189 0.0010873485589399934 0.028140375390648842 0.023584585636854172 -0.0013855202123522758 0.9997208714485168 23.339746475219727
2.689023 0.9996147751808167 -0.012354995124042034 -0.02485533244907856 -0.27194246649742126 0.012433676980435848 0.9999181628227234 0.0030135344713926315 0.031818315386772156 0.024816066026687622 -0.003321416210383177 0.9996865391731262 24.215248107910156
2.793694 0.9995877742767334 -0.01359354704618454 -0.02528383396565914 -0.29688164591789246 0.013738547451794147 0.9998900294303894 0.005570125300437212 0.03647837042808533 0.025205334648489952 -0.005915192421525717 0.9996647834777832 25.075916290283203
2.896139 0.9995720386505127 -0.01367146521806717 -0.025861142203211784 -0.319786012172699 0.013851430267095566 0.9998809695243835 0.006792560685425997 0.04295429587364197 0.025765204802155495 -0.007147866766899824 0.9996424317359924 25.927221298217773
2.999556 0.999553382396698 -0.013002592138946056 -0.026905763894319534 -0.34457334876060486 0.013164959847927094 0.9998961091041565 0.005866413936018944 0.044816069304943085 0.02682669460773468 -0.006218007765710354 0.9996207356452942 26.77534294128418
3.103545 0.9995505809783936 -0.0116040650755167 -0.027638984844088554 -0.3732662498950958 0.011699141003191471 0.9999262094497681 0.00328075815923512 0.046235341578722 0.027598874643445015 -0.0036026369780302048 0.9996125102043152 27.597902297973633
3.206573 0.9995469450950623 -0.011194322258234024 -0.02793673239648342 -0.4030986428260803 0.011249808594584465 0.9999350309371948 0.0018298812210559845 0.04843207448720932 0.02791442908346653 -0.002143335063010454 0.9996079802513123 28.412254333496094
3.310078 0.9995313286781311 -0.009941714815795422 -0.02895119972527027 -0.43099579215049744 0.009986701421439648 0.9999491572380066 0.0014097191160544753 0.05165430158376694 0.028935709968209267 -0.0016981854569166899 0.9995798468589783 29.216476440429688
3.413963 0.9994877576828003 -0.009815741330385208 -0.030460719019174576 -0.4539557695388794 0.009848486632108688 0.9999510645866394 0.0009251390001736581 0.048336610198020935 0.03045014478266239 -0.00122465705499053 0.9995355010032654 30.031187057495117
3.517076 0.9994239807128906 -0.009345541708171368 -0.03262331336736679 -0.48038554191589355 0.00934582483023405 0.9999563097953796 -0.00014387548435479403 0.051039643585681915 0.032623231410980225 -0.0001610990148037672 0.9994677305221558 30.820100784301758
3.620721 0.9993652105331421 -0.009041592478752136 -0.034459397196769714 -0.5125084519386292 0.009049531072378159 0.9999589920043945 7.437367457896471e-05 0.04889969527721405 0.034457314759492874 -0.0003861673176288605 0.9994061589241028 31.594289779663086
3.724674 0.9992743730545044 -0.010168767534196377 -0.03670436143875122 -0.5370802283287048 0.010225816629827023 0.9999467134475708 0.0013668877072632313 0.046698905527591705 0.03668851777911186 -0.0017412282759323716 0.999325156211853 32.378334045410156
3.827725 0.9991976618766785 -0.010145521722733974 -0.0387430377304554 -0.5683392286300659 0.010290457867085934 0.9999407529830933 0.0035433487500995398 0.05052418261766434 0.03870479762554169 -0.0039391894824802876 0.999242901802063 33.14766311645508
3.931241 0.9990963339805603 -0.009307848289608955 -0.04147321730852127 -0.587302565574646 0.009512046352028847 0.9999435544013977 0.004729004111140966 0.05688078701496124 0.04142686352133751 -0.005119225475937128 0.9991283416748047 33.91058349609375
4.034871 0.9990670680999756 -0.007748906966298819 -0.04248470813035965 -0.6428653001785278 0.007985521107912064 0.9999535083770752 0.005402505397796631 0.04963381588459015 0.04244086891412735 -0.005736726801842451 0.9990825057029724 34.660118103027344
4.142151 0.998997151851654 -0.005126827396452427 -0.04447858780622482 -0.6768061518669128 0.005339081399142742 0.9999749064445496 0.0046545639634132385 0.05432523787021637 0.04445360600948334 -0.004887371324002743 0.9989995360374451 35.3912353515625
4.243437 0.9989147186279297 -0.0035818032920360565 -0.046440836042165756 -0.7126092910766602 0.003764478489756584 0.9999855160713196 0.0038466278929263353 0.05564606934785843 0.04642638564109802 -0.004017278086394072 0.9989137649536133 36.11470413208008
4.345966 0.9988347887992859 -0.003404566552489996 -0.048137880861759186 -0.7498810291290283 0.003647611476480961 0.9999810457229614 0.004961994476616383 0.05995069444179535 0.04812007397413254 -0.0051318006590008736 0.9988283514976501 36.823211669921875
4.449183 0.9987914562225342 -0.001970814075320959 -0.04910783842206001 -0.7870066165924072 0.002288077026605606 0.9999768733978271 0.006405163090676069 0.07122132182121277 0.049094077199697495 -0.006509785540401936 0.9987728595733643 37.544898986816406
4.552519 0.9987910389900208 0.0006145897204987705 -0.04915255308151245 -0.8283109664916992 -0.0002745857636909932 0.9999759793281555 0.006923775654286146 0.07542802393436432 0.04915562644600868 -0.006901909131556749 0.9987671971321106 38.24415588378906
4.656235 0.9988285899162292 0.003718589199706912 -0.048243198543787 -0.8648935556411743 -0.0034833557438105345 0.9999815821647644 0.004959149286150932 0.0764044001698494 0.04826074838638306 -0.004785291850566864 0.998823344707489 38.921730041503906
4.760815 0.9989060163497925 0.005454287864267826 -0.04644351452589035 -0.9013509750366211 -0.005360567010939121 0.9999832510948181 0.002142274985089898 0.07068900763988495 0.046454425901174545 -0.0018909674836322665 0.9989185929298401 39.5992546081543
4.863788 0.9989944100379944 0.005898460280150175 -0.04444504529237747 -0.9283524751663208 -0.00588228739798069 0.999982476234436 0.0004946572007611394 0.07448790967464447 0.044447191059589386 -0.00023272109683603048 0.9990116357803345 40.25937271118164
4.966824 0.9991205930709839 0.0069265905767679214 -0.041352324187755585 -0.9543325901031494 -0.0068898494355380535 0.9999757409095764 0.0010309376521036029 0.07975755631923676 0.04135846346616745 -0.0007451197598129511 0.9991440773010254 40.91599655151367
5.073257 0.999194860458374 0.012130155228078365 -0.038241881877183914 -0.9904645085334778 -0.011993873864412308 0.9999209046363831 0.0037911508698016405 0.0782611295580864 0.03828484192490578 -0.0033294304739683867 0.9992613196372986 41.58686065673828
5.174268 0.9992711544036865 0.01631130650639534 -0.034511443227529526 -1.0200220346450806 -0.016065502539277077 0.9998436570167542 0.00738778430968523 0.07864552736282349 0.0346265509724617 -0.00682795699685812 0.9993770122528076 42.218955993652344
5.277498 0.9993284940719604 0.02122548222541809 -0.02986646071076393 -1.0471147298812866 -0.020985951647162437 0.99974524974823 0.008310778997838497 0.0816182792186737 0.030035249888896942 -0.007678422145545483 0.999519407749176 42.82992935180664
5.381142 0.9993898272514343 0.024591270834207535 -0.024799557402729988 -1.0645438432693481 -0.024377934634685516 0.9996634721755981 0.008868513628840446 0.08145272731781006 0.02500929683446884 -0.008258541114628315 0.9996530413627625 43.42085266113281
5.484644 0.9994031190872192 0.028694314882159233 -0.019237419590353966 -1.079403281211853 -0.02849244326353073 0.9995368123054504 0.010686811991035938 0.08555316925048828 0.019535159692168236 -0.010132310912013054 0.9997578263282776 44.03504180908203
5.588095 0.9993582367897034 0.03342730179429054 -0.012872273102402687 -1.0876491069793701 -0.033275578171014786 0.9993761777877808 0.011825895868241787 0.09233120083808899 0.01325955055654049 -0.01138997357338667 0.9998472332954407 44.596187591552734
5.691619 0.9993011355400085 0.037022657692432404 -0.0051703741773962975 -1.104861855506897 -0.0369609072804451 0.9992497563362122 0.011567474342882633 0.09442812204360962 0.005594751797616482 -0.011368287727236748 0.999919593334198 45.13840103149414
5.795223 0.9992122054100037 0.039665814489126205 0.0013219621032476425 -1.0980193614959717 -0.03967850282788277 0.9991450905799866 0.011604692786931992 0.09529677033424377 -0.0008605215698480606 -0.011648003943264484 0.9999317526817322 45.672332763671875
5.898736 0.998982310295105 0.044262055307626724 0.008671944960951805 -1.092799186706543 -0.0443565770983696 0.9989548921585083 0.01103029865771532 0.10145306587219238 -0.008174655959010124 -0.011403731070458889 0.999901533126831 46.187957763671875
6.002373 0.9986674785614014 0.048890117555856705 0.016524607315659523 -1.0946381092071533 -0.04903251677751541 0.9987624883651733 0.008325344882905483 0.10569712519645691 -0.01609712839126587 -0.009124495089054108 0.9998287558555603 46.692901611328125
6.10587 0.998390793800354 0.051019035279750824 0.02475985325872898 -1.088919758796692 -0.05116001516580582 0.9986774921417236 0.0050939759239554405 0.10968787968158722 -0.024467218667268753 -0.006352492608129978 0.9996804594993591 47.14710998535156
6.209506 0.9981493353843689 0.051376961171627045 0.032532233744859695 -1.071109414100647 -0.051556773483753204 0.9986589550971985 0.004712194204330444 0.115049347281456 -0.032246507704257965 -0.006380729377269745 0.9994596242904663 47.593238830566406
6.313021 0.9979227185249329 0.050408169627189636 0.040115080773830414 -1.0476380586624146 -0.050704360008239746 0.9986931681632996 0.006400149781256914 0.109068363904953 -0.03974004089832306 -0.008420865051448345 0.9991745948791504 48.00349044799805
6.416516 0.9974555969238281 0.05234048515558243 0.048402298241853714 -1.0288715362548828 -0.05273698642849922 0.9985842704772949 0.006950662471354008 0.11233948171138763 -0.047969963401556015 -0.009485569782555103 0.9988038539886475 48.39638137817383
6.524037 0.9968236088752747 0.05535896122455597 0.05725451558828354 -1.0062453746795654 -0.05585413798689842 0.9984138607978821 0.007083765231072903 0.11596080660820007 -0.056771550327539444 -0.010259168222546577 0.998334527015686 48.762725830078125
6.623722 0.9960095286369324 0.05990832671523094 0.06615208089351654 -0.9905040264129639 -0.06046225130558014 0.998150110244751 0.006401711143553257 0.1165526807308197 -0.06564617156982422 -0.01037586759775877 0.9977890253067017 49.10110092163086
6.727294 0.9951509833335876 0.06388308852910995 0.07478933781385422 -0.9677307605743408 -0.06455449759960175 0.9978923797607422 0.006592183839529753 0.11013314127922058 -0.07421059906482697 -0.011388206854462624 0.9971775412559509 49.40290069580078
6.830809 0.9944590926170349 0.06320957839488983 0.08399726450443268 -0.9330086708068848 -0.06403021514415741 0.9979226589202881 0.007109211757779121 0.1118217408657074 -0.08337341248989105 -0.012448184192180634 0.996440589427948 49.69678497314453
6.934429 0.9935882091522217 0.062010422348976135 0.09453670680522919 -0.8946876525878906 -0.06279215961694717 0.9980124831199646 0.005314018577337265 0.11243963241577148 -0.09401928633451462 -0.011216110549867153 0.9955071210861206 49.97929382324219
7.038067 0.9924669861793518 0.06088079884648323 0.10631461441516876 -0.8548784255981445 -0.061337102204561234 0.9981164932250977 0.0010244863806292415 0.10545158386230469 -0.10605201125144958 -0.007537798956036568 0.994331955909729 50.248085021972656
7.141701 0.9909008145332336 0.06179986521601677 0.11956830322742462 -0.8146886825561523 -0.06187693029642105 0.9980790615081787 -0.0030715817119926214 0.10691644251346588 -0.11952845752239227 -0.004354886244982481 0.992821216583252 50.52057647705078
7.24533 0.9888162016868591 0.06341059505939484 0.13498711585998535 -0.7701659202575684 -0.06327211856842041 0.9979820847511292 -0.0053199706599116325 0.1076900064945221 -0.13505207002162933 -0.003280447795987129 0.990833044052124 50.796302795410156
7.3533 0.9862945079803467 0.06501780450344086 0.15164445340633392 -0.7340655326843262 -0.06474985182285309 0.9978789687156677 -0.006709634326398373 0.10907402634620667 -0.1517590582370758 -0.0032012811861932278 0.9884123206138611 51.070884704589844
7.452592 0.9835842847824097 0.06553749740123749 0.16812731325626373 -0.6661243438720703 -0.0651257336139679 0.9978452324867249 -0.007968083024024963 0.10333523154258728 -0.1682872474193573 -0.003112129168584943 0.9857330322265625 51.31910705566406
7.55658 0.98040771484375 0.06437525898218155 0.18616287410259247 -0.6042013168334961 -0.06378304958343506 0.9979215264320374 -0.009175135754048824 0.10425755381584167 -0.18636661767959595 -0.0028786608017981052 0.9824760556221008 51.57744598388672
7.663357 0.9766148328781128 0.06345351785421371 0.20541930198669434 -0.5333766937255859 -0.0628214105963707 0.9979785084724426 -0.00960440281778574 0.10268604755401611 -0.20561349391937256 -0.003524929517880082 0.9786269664764404 51.829505920410156
7.763356 0.9720881581306458 0.06413250416517258 0.22568026185035706 -0.46361255645751953 -0.06333614885807037 0.9979340434074402 -0.010774930007755756 0.0990418791770935 -0.22590509057044983 -0.0038195361848920584 0.9741417765617371 52.07986831665039
7.866988 0.9668518900871277 0.06614594906568527 0.24662134051322937 -0.3837594985961914 -0.06490519642829895 0.9978045225143433 -0.013165953569114208 0.1018146276473999 -0.24695079028606415 -0.0032774819992482662 0.9690225124359131 52.3319206237793
7.970621 0.9607064127922058 0.06736310571432114 0.2692680358886719 -0.29970264434814453 -0.06574852019548416 0.9977231025695801 -0.015021136030554771 0.09145873785018921 -0.269666850566864 -0.0032730710227042437 0.9629480838775635 52.57044982910156
8.07425 0.9534614086151123 0.06873267889022827 0.29357656836509705 -0.20281696319580078 -0.06693407148122787 0.9976261258125305 -0.016181334853172302 0.08132356405258179 -0.2939918637275696 -0.004222000017762184 0.9557985067367554 52.81521224975586
8.177962 0.9450265169143677 0.07137201726436615 0.319109708070755 -0.09801292419433594 -0.06957707554101944 0.9974310398101807 -0.01703641377389431 0.07529014348983765 -0.319505900144577 -0.006102857179939747 0.9475646018981934 53.06220245361328
8.283921 0.935227632522583 0.07350385189056396 0.34633269906044006 0.00937652587890625 -0.07166639715433121 0.9972639679908752 -0.018128039315342903 0.06847679615020752 -0.3467175364494324 -0.007866576313972473 0.9379366040229797 53.303955078125
8.385961 0.9240644574165344 0.07448617368936539 0.37490910291671753 0.13441848754882812 -0.07233849912881851 0.9971832036972046 -0.01982058957219124 0.06498986482620239 -0.3753293752670288 -0.008804858662188053 0.9268496632575989 53.556617736816406
8.488779 0.9115954637527466 0.07227261364459991 0.40468573570251465 0.2712211608886719 -0.06945472210645676 0.9973499178886414 -0.021662436425685883 0.05111348628997803 -0.40517881512641907 -0.008359957486391068 0.9141992330551147 53.787437438964844
8.593446 0.8967718482017517 0.06974425166845322 0.4369625151157379 0.42330360412597656 -0.06559144705533981 0.9975431561470032 -0.024607013911008835 0.04564034938812256 -0.43760502338409424 -0.00659412844106555 0.8991431593894958 54.03144073486328
8.696029 0.8796185851097107 0.06897808611392975 0.47065186500549316 0.5865821838378906 -0.06281014531850815 0.9976091980934143 -0.02882009744644165 0.03542017936706543 -0.47151461243629456 -0.004211018793284893 0.8818482160568237 54.25733184814453
8.799662 0.8601968884468079 0.07105317711830139 0.5049880146980286 0.7600784301757812 -0.062425363808870316 0.997469961643219 -0.034011341631412506 0.02784895896911621 -0.506126880645752 -0.002267604460939765 0.8624560832977295 54.49251174926758
8.903911 0.8384460210800171 0.0727555975317955 0.5401062965393066 0.9447841644287109 -0.06167614459991455 0.9973493814468384 -0.03860466927289963 0.018978476524353027 -0.5414832234382629 -0.0009437445551156998 0.8407109379768372 54.72003173828125
9.008027 0.8140410780906677 0.07561161369085312 0.5758646726608276 1.1516246795654297 -0.06276742368936539 0.9971356987953186 -0.04219704866409302 0.007079720497131348 -0.5774058103561401 -0.0017954083159565926 0.8164553642272949 54.956539154052734
9.11058 0.7865288257598877 0.07986919581890106 0.6123670339584351 1.3576622009277344 -0.06604500859975815 0.9967932105064392 -0.0451800599694252 -0.005178689956665039 -0.6140117049217224 -0.004908365197479725 0.7892817258834839 55.19774627685547
9.214197 0.7569175362586975 0.08373165130615234 0.6481240391731262 1.6003684997558594 -0.06916087865829468 0.9964518547058105 -0.0479622483253479 -0.022105932235717773 -0.6498403549194336 -0.00852135568857193 0.7600229382514954 55.441925048828125
9.317832 0.7239328622817993 0.08502895385026932 0.6846103668212891 1.8473854064941406 -0.06882810592651367 0.9963259696960449 -0.05096275359392166 -0.033537864685058594 -0.6864283680915833 -0.010226814076304436 0.7271254658699036 55.660301208496094
9.421456 0.6874895095825195 0.08263377100229263 0.7214776873588562 2.139575958251953 -0.06533879041671753 0.996513843536377 -0.0518740713596344 -0.05458498001098633 -0.7232489585876465 -0.01147758960723877 0.6904919147491455 55.891212463378906
9.525112 0.648306131362915 0.0814434066414833 0.7570114135742188 2.451047897338867 -0.06257399171590805 0.9965983033180237 -0.05363098531961441 -0.07295572757720947 -0.7588040828704834 -0.012599935755133629 0.6511968970298767 56.122047424316406
9.630085 0.6060108542442322 0.08084498345851898 0.7913376092910767 2.7889232635498047 -0.060291096568107605 0.99662846326828 -0.05564676970243454 -0.0926358699798584 -0.7931681871414185 -0.013988060876727104 0.6088418960571289 56.34197235107422
9.732384 0.5598741173744202 0.0803615152835846 0.8246715068817139 3.1489925384521484 -0.05680582672357559 0.9966665506362915 -0.058556072413921356 -0.1168975830078125 -0.8266281485557556 -0.014062104746699333 0.562572717666626 56.55574417114258
9.836009 0.5119504928588867 0.07943058758974075 0.8553346991539001 3.562702178955078 -0.053525302559137344 0.9967305660247803 -0.06052436679601669 -0.13981926441192627 -0.8573457598686218 -0.014796577394008636 0.514528214931488 56.76686096191406
9.939685 0.4633556604385376 0.07763443142175674 0.8827652335166931 3.9794273376464844 -0.05165592208504677 0.9968276023864746 -0.06055186316370964 -0.16354060173034668 -0.8846656680107117 -0.0175430066883564 0.4658958315849304 56.95029067993164
10.0439 0.41337206959724426 0.07540653645992279 0.9074344038963318 4.407752990722656 -0.05150240287184715 0.9969059824943542 -0.05938011780381203 -0.18867194652557373 -0.909104585647583 -0.022188980132341385 0.41597673296928406 57.124290466308594
10.14677 0.36341923475265503 0.07555823028087616 0.9285567402839661 4.881736755371094 -0.054186392575502396 0.9967326521873474 -0.05989830568432808 -0.20345604419708252 -0.9300485253334045 -0.028546936810016632 0.36632609367370605 57.29093933105469
10.25036 0.3140494227409363 0.07607899606227875 0.9463534951210022 5.352909088134766 -0.05193767324090004 0.9966682195663452 -0.0628882497549057 -0.22316324710845947 -0.9479849338531494 -0.0294013824313879 0.31695443391799927 57.42145919799805
10.35367 0.2674817442893982 0.07252714037895203 0.9608295559883118 5.849506378173828 -0.0407150499522686 0.9971233010292053 -0.06393222510814667 -0.2559593915939331 -0.9627023339271545 -0.02201952040195465 0.2696652114391327 57.512821197509766
10.45717 0.22341078519821167 0.06674715876579285 0.9724363088607788 6.34652042388916 -0.027345268055796623 0.9976891279220581 -0.06219811365008354 -0.28721314668655396 -0.9743407368659973 -0.012695805169641972 0.22471976280212402 57.58341979980469
10.56299 0.1812393218278885 0.06585609167814255 0.9812314510345459 6.873806953430176 -0.018374985083937645 0.9978078603744507 -0.06357467919588089 -0.31312012672424316 -0.9832673668861389 -0.006507885176688433 0.1820521354675293 57.6445426940918
10.66453 0.1425466537475586 0.06736644357442856 0.9874927997589111 7.422318458557129 -0.015319756232202053 0.9977117776870728 -0.06585213541984558 -0.34104782342910767 -0.9896695017814636 -0.005741150118410587 0.14325247704982758 57.70684051513672
10.76705 0.11028215289115906 0.06785649806261063 0.9915812611579895 7.955715179443359 -0.006031714845448732 0.9976940155029297 -0.06760397553443909 -0.3755972981452942 -0.9938819408416748 0.0014745757216587663 0.11043712496757507 57.73045349121094
10.87022 0.08168500661849976 0.06610113382339478 0.9944638013839722 8.526386260986328 0.0007887394167482853 0.9977936744689941 -0.06638725847005844 -0.4149847626686096 -0.9966579079627991 0.006207214668393135 0.0814526379108429 57.74674987792969
10.97342 0.05636740103363991 0.06447966396808624 0.9963257908821106 9.109918594360352 0.00823532696813345 0.997848391532898 -0.06504412740468979 -0.44568437337875366 -0.998376190662384 0.011871433816850185 0.05571509897708893 57.76810836791992
11.0772 0.03639189526438713 0.06370843946933746 0.9973047971725464 9.691036224365234 0.012759058736264706 0.9978548288345337 -0.06420917063951492 -0.47432392835617065 -0.9992560744285583 0.015061363577842712 0.035500966012477875 57.77287292480469
11.18019 0.02056618593633175 0.06541438400745392 0.9976462721824646 10.287087440490723 0.015186616219580173 0.9977216720581055 -0.06573240458965302 -0.5067593455314636 -0.9996731281280518 0.016502736136317253 0.019525906071066856 57.77553176879883
11.28415 0.007632305845618248 0.06521909683942795 0.9978417754173279 10.902926445007324 0.016219062730669975 0.9977313876152039 -0.0653359517455101 -0.5396910309791565 -0.9998393058776855 0.01668272167444229 0.006557198241353035 57.76698303222656
11.3859 -0.0043647438287734985 0.06580600142478943 0.9978228807449341 11.520687103271484 0.016754088923335075 0.9976971745491028 -0.06572441756725311 -0.5791498422622681 -0.9998500943183899 0.016430743038654327 -0.005457218736410141 57.762489318847656
11.48898 -0.013228959403932095 0.06895279884338379 0.997532308101654 12.177032470703125 0.022143548354506493 0.9973950386047363 -0.06864966452121735 -0.6149388551712036 -0.9996672868728638 0.021180735900998116 -0.014721358194947243 57.743438720703125
11.59255 -0.019787028431892395 0.07082272320985794 0.9972926378250122 12.813409805297852 0.026489771902561188 0.9971747994422913 -0.0702887773513794 -0.6506950259208679 -0.9994533061981201 0.02502724900841713 -0.021607205271720886 57.720821380615234
11.69527 -0.024413809180259705 0.07004683464765549 0.9972448945045471 13.473175048828125 0.026744503527879715 0.9972310066223145 -0.06939112395048141 -0.6887120604515076 -0.9993441104888916 0.024976719170808792 -0.026219574734568596 57.70355224609375
11.79949 -0.027665238827466965 0.06748183816671371 0.9973368048667908 14.137795448303223 0.024819333106279373 0.9974575042724609 -0.0668015331029892 -0.728091835975647 -0.9993091821670532 0.02290515787899494 -0.029269758611917496 57.679344177246094
11.90171 -0.030657336115837097 0.06078323349356651 0.9976800084114075 14.857007026672363 0.022371556609869003 0.9979410767555237 -0.060111675411462784 -0.7625012993812561 -0.9992795586585999 0.020476793870329857 -0.031954023987054825 57.674625396728516
12.00482 -0.03193235769867897 0.05514674633741379 0.997967541217804 15.550368309020996 0.023735538125038147 0.998237133026123 -0.05440215766429901 -0.7950326800346375 -0.9992081522941589 0.02195011079311371 -0.033184997737407684 57.65101623535156
12.108 -0.03202812001109123 0.0525539293885231 0.9981043338775635 16.252151489257812 0.026553474366664886 0.9983089566230774 -0.05171262100338936 -0.8310514688491821 -0.9991342425346375 0.02484687976539135 -0.03336944431066513 57.61481857299805
12.21119 -0.03167176619172096 0.05489995703101158 0.9979894757270813 16.958330154418945 0.029662393033504486 0.9981021881103516 -0.053964804857969284 -0.863736629486084 -0.9990580677986145 0.02789359726011753 -0.03324012830853462 57.58524703979492
12.3145 -0.030970420688390732 0.06234828755259514 0.9975737929344177 17.703617095947266 0.0302255991846323 0.9976545572280884 -0.061414968222379684 -0.9044039845466614 -0.9990631937980652 0.02825021930038929 -0.03278229385614395 57.562042236328125
12.41765 -0.028813229873776436 0.07052718102931976 0.9970934987068176 18.43189811706543 0.03091004304587841 0.9970936179161072 -0.06963396817445755 -0.9347857236862183 -0.999106764793396 0.028813829645514488 -0.030909480527043343 57.541419982910156
12.52105 -0.026557307690382004 0.0710439383983612 0.9971195459365845 19.167484283447266 0.03176632523536682 0.9970276355743408 -0.07019130885601044 -0.9749394655227661 -0.9991424679756165 0.02981073409318924 -0.028735172003507614 57.519630432128906
12.62455 -0.02446645498275757 0.06685831397771835 0.9974623918533325 19.923952102661133 0.03107035532593727 0.9973300099372864 -0.06608733534812927 -1.0151398181915283 -0.999217689037323 0.029374588280916214 -0.026478439569473267 57.509254455566406
12.72743 -0.021939067170023918 0.060078706592321396 0.9979525208473206 20.70914077758789 0.030692651867866516 0.9977626800537109 -0.0593925304710865 -1.0700397491455078 -0.9992880821228027 0.029326794669032097 -0.0237339586019516 57.49055480957031
12.83073 -0.019270246848464012 0.05838675796985626 0.9981080889701843 21.461652755737305 0.029091013595461845 0.9979035258293152 -0.0578131377696991 -1.1134915351867676 -0.9993910193443298 0.027921902015805244 -0.02092837542295456 57.48094177246094
12.93413 -0.015595083124935627 0.06381788849830627 0.9978397488594055 22.214941024780273 0.03670399636030197 0.9973250031471252 -0.06321132928133011 -1.1561481952667236 -0.9992044568061829 0.035638920962810516 -0.017895739525556564 57.45478820800781
13.03771 -0.012368220835924149 0.06925643980503082 0.9975222945213318 22.966306686401367 0.03884196653962135 0.9968788623809814 -0.0687301829457283 -1.1995183229446411 -0.9991688132286072 0.037895653396844864 -0.01501967292279005 57.44461441040039
13.14165 -0.009921223856508732 0.0699736550450325 0.9974995255470276 23.737899780273438 0.032227031886577606 0.9970527291297913 -0.06962177902460098 -1.2442235946655273 -0.9994312524795532 0.03145572543144226 -0.0121470270678401 57.447509765625
13.24421 -0.006545778829604387 0.06665874272584915 0.9977544546127319 24.495758056640625 0.02805725298821926 0.9973952174186707 -0.06645067781209946 -1.285016655921936 -0.9995848536491394 0.02755928412079811 -0.008398989215493202 57.4510498046875
13.34803 -0.0018628407269716263 0.06281334161758423 0.998023509979248 25.26170539855957 0.032312169671058655 0.9975079298019409 -0.06272058188915253 -1.3365997076034546 -0.9994760155677795 0.03213147073984146 -0.003887834958732128 57.44285202026367
13.45277 0.0013852370902895927 0.06350879371166229 0.9979802966117859 26.03287696838379 0.03649475798010826 0.9973133206367493 -0.0635170117020607 -1.3952587842941284 -0.9993329048156738 0.03650904446840286 -0.0009362231940031052 57.44998550415039
13.55488 0.004263310227543116 0.06825168430805206 0.9976589679718018 26.803478240966797 0.036174897104501724 0.9970046877861023 -0.06836149841547012 -1.4399768114089966 -0.9993363618850708 0.036381661891937256 0.0017815417377278209 57.458858489990234
13.65796 0.008118489757180214 0.06949181109666824 0.9975494146347046 27.572071075439453 0.032374653965234756 0.9970411658287048 -0.06971987336874008 -1.4761700630187988 -0.9994427561759949 0.03286133334040642 0.005844695493578911 57.46788787841797
13.76127 0.011198405176401138 0.06871619820594788 0.9975733757019043 28.332355499267578 0.031667791306972504 0.9971111416816711 -0.06903984397649765 -1.5284253358840942 -0.9994356632232666 0.03236407786607742 0.008989964611828327 57.48601531982422
13.86467 0.014972652308642864 0.06551515311002731 0.9977392554283142 29.093961715698242 0.03597618266940117 0.9971696734428406 -0.06601764261722565 -1.5788494348526 -0.9992404580116272 0.036883313208818436 0.012573291547596455 57.496246337890625
13.96817 0.018847018480300903 0.06571846455335617 0.9976601600646973 29.873172760009766 0.04053753614425659 0.9969668388366699 -0.06643858551979065 -1.6389758586883545 -0.9990001916885376 0.04169485345482826 0.016125785186886787 57.50048828125
14.07164 0.02261204645037651 0.06664345413446426 0.9975205063819885 30.636268615722656 0.043106094002723694 0.9967827796936035 -0.06757129728794098 -1.686246395111084 -0.9988145232200623 0.04452713206410408 0.019666559994220734 57.50800323486328
14.17505 0.02516225166618824 0.06650704145431519 0.9974686503410339 31.40821075439453 0.04383651167154312 0.9967513084411621 -0.06756504625082016 -1.7289693355560303 -0.9987217783927917 0.045425623655319214 0.022165074944496155 57.53246307373047
14.2786 0.028596771880984306 0.06506729871034622 0.9974710941314697 32.176673889160156 0.04518888518214226 0.9967747926712036 -0.06631741672754288 -1.7787978649139404 -0.9985690116882324 0.04697106033563614 0.025564225390553474 57.55364990234375
14.38212 0.03224180266261101 0.0641450434923172 0.9974195957183838 32.975624084472656 0.047361649572849274 0.9967193603515625 -0.06563097983598709 -1.8321642875671387 -0.9983572959899902 0.04935549944639206 0.02909800596535206 57.58092498779297
14.4855 0.035400256514549255 0.06435585021972656 0.9972988963127136 33.738948822021484 0.045831099152565 0.9967698454856873 -0.06594853848218918 -1.8774480819702148 -0.9983217716217041 0.048041895031929016 0.03233640640974045 57.60610580444336
14.58897 0.03830129653215408 0.06605753302574158 0.9970805048942566 34.510154724121094 0.043055761605501175 0.9967769384384155 -0.06769133359193802 -1.9237642288208008 -0.9983381628990173 0.045522723346948624 0.035333696752786636 57.64275360107422
14.69245 0.041001833975315094 0.06617274880409241 0.9969654679298401 35.285030364990234 0.04491061717271805 0.9966739416122437 -0.0680004209280014 -1.9680166244506836 -0.9981491565704346 0.04756246879696846 0.03789360076189041 57.672054290771484
14.79597 0.043597228825092316 0.06571274250745773 0.9968856573104858 36.078060150146484 0.042680785059928894 0.9968008995056152 -0.06757372617721558 -2.0193557739257812 -0.9981369972229004 0.04549388960003853 0.04065309092402458 57.71731185913086
14.89949 0.04562053829431534 0.06631045788526535 0.9967557191848755 36.884552001953125 0.04011952504515648 0.9968679547309875 -0.06815415620803833 -2.075420618057251 -0.998153030872345 0.04309859126806259 0.04281730204820633 57.77267837524414
15.00287 0.04864642024040222 0.06645163148641586 0.9966031312942505 37.666038513183594 0.037182409316301346 0.9969723224639893 -0.06829120218753815 -2.121890068054199 -0.9981237649917603 0.040378231555223465 0.04602830111980438 57.81239318847656
15.1064 0.051742419600486755 0.06820296496152878 0.9963288307189941 38.44467544555664 0.03585169464349747 0.9968952536582947 -0.07010363787412643 -2.1741647720336914 -0.9980168342590332 0.03934740647673607 0.04913657531142235 57.8574104309082
15.20987 0.05490119010210037 0.07185476273298264 0.995902955532074 39.23628234863281 0.03472811356186867 0.996666431427002 -0.07382428646087646 -2.22230863571167 -0.9978877305984497 0.0386388786137104 0.05222279578447342 57.90913009643555
15.31336 0.0583299919962883 0.0742795467376709 0.9955300688743591 40.0302848815918 0.035027313977479935 0.9964616298675537 -0.07640137523412704 -2.27382230758667 -0.9976826310157776 0.039327241480350494 0.05552179366350174 57.9555549621582
15.41675 0.06110300496220589 0.07641136646270752 0.995202362537384 40.829837799072266 0.029023025184869766 0.9965078234672546 -0.07829353958368301 -2.3279662132263184 -0.9977093935012817 0.03366774693131447 0.05867193266749382 58.022117614746094
15.52022 0.06454318016767502 0.07528002560138702 0.9950714111328125 41.62702178955078 0.02560378797352314 0.9966973066329956 -0.07706376910209656 -2.383237361907959 -0.9975863695144653 0.030451538041234016 0.06240256875753403 58.07085418701172
15.62392 0.06754890084266663 0.07599440217018127 0.9948176145553589 42.41798782348633 0.028022585436701775 0.9965570569038391 -0.0780300423502922 -2.438650369644165 -0.9973223209381104 0.033148203045129776 0.06518678367137909 58.13045120239258
15.7272 0.07182382792234421 0.07674538344144821 0.99446040391922 43.221893310546875 0.02693844400346279 0.9965224862098694 -0.07885012775659561 -2.5054492950439453 -0.9970534443855286 0.032452523708343506 0.06950666755437851 58.1868782043457
15.83062 0.07499982416629791 0.07770208269357681 0.9941515326499939 44.03278350830078 0.02342855930328369 0.9965470433235168 -0.07965678721666336 -2.55985426902771 -0.9969082474708557 0.029265787452459335 0.07292040437459946 58.267539978027344
15.93425 0.07947182655334473 0.07654918730258942 0.9938935041427612 44.85160827636719 0.02230190299451351 0.9966610074043274 -0.07854559272527695 -2.6096208095550537 -0.9965875744819641 0.028407884761691093 0.07749929279088974 58.33005905151367
16.03941 0.08461522310972214 0.07634492963552475 0.9934845566749573 45.66202926635742 0.022882947698235512 0.9966485500335693 -0.07853700965642929 -2.670487403869629 -0.9961509108543396 0.029379282146692276 0.08258464932441711 58.39491271972656
16.14091 0.08996724337339401 0.07987846434116364 0.992736279964447 46.47442626953125 0.019454529508948326 0.9964473247528076 -0.08194015175104141 -2.7334208488464355 -0.995754599571228 0.026685142889618874 0.08809364587068558 58.47340393066406
16.2443 0.09622222930192947 0.08833396434783936 0.9914325475692749 47.28473663330078 0.017947528511285782 0.9957383871078491 -0.09045948833227158 -2.79597544670105 -0.9951980710029602 0.026497971266508102 0.09422679245471954 58.54860305786133
16.34828 0.10282658040523529 0.09325286746025085 0.9903183579444885 48.09770584106445 0.016025874763727188 0.9953112602233887 -0.09538701176643372 -2.861629009246826 -0.9945701956748962 0.025679035112261772 0.10084999352693558 58.65103530883789
16.45345 0.10988146811723709 0.09635026007890701 0.9892637133598328 48.92626953125 0.0115455137565732 0.9950996041297913 -0.09820105880498886 -2.929797649383545 -0.993877649307251 0.022212034091353416 0.1082305908203125 58.75662612915039
16.55445 0.11713555455207825 0.09445109218358994 0.9886143207550049 49.757568359375 0.007690097205340862 0.9953511357307434 -0.09600585699081421 -3.005202293395996 -0.9930861592292786 0.0188482366502285 0.11586466431617737 58.864322662353516
