1403636579.7635555 1.0 0.0 0.0 0.0 0.0 1.0 0.0 0.0 0.0 0.0 1.0 0.0
1403636579.8135555 0.9999843835830688 0.0013787163188681006 0.005417203530669212 -0.00015083164907991886 -0.0013635782524943352 0.9999951720237732 -0.002797151217237115 0.014619337394833565 -0.005421034060418606 0.002789720194414258 0.9999814033508301 0.006086631212383509
1403636579.8635557 0.9999393224716187 0.004920337349176407 0.00985813606530428 0.00040455651469528675 -0.004935324192047119 0.9999866485595703 0.0014964662259444594 0.033676452934741974 -0.009850641712546349 -0.0015450282953679562 0.9999502897262573 0.013833095319569111
1403636579.9135554 0.9999158382415771 0.005953855346888304 0.01152602769434452 0.0006008755299262702 -0.006087202113121748 0.9999145269393921 0.011568885296583176 0.055518634617328644 -0.011456163600087166 -0.011638072319328785 0.9998666644096375 0.02015184424817562
1403636579.9635556 0.9999158978462219 0.0057736109010875225 0.01161243487149477 -0.0001365976349916309 -0.006051425356417894 0.9996928572654724 0.024032754823565483 0.0795614942908287 -0.011470112949609756 -0.024101005867123604 0.9996437430381775 0.027071209624409676
1403636580.0135555 0.9999299049377441 0.003000776981934905 0.011451262049376965 -0.0007041071658022702 -0.0033921515569090843 0.9994055032730103 0.03431254252791405 0.10549435764551163 -0.011341488920152187 -0.0343489870429039 0.9993455410003662 0.034404952079057693
1403636580.0635555 0.9999272227287292 0.0014774248702451587 0.011965662240982056 -0.0014809309504926205 -0.0019717125687748194 0.9991405606269836 0.041402969509363174 0.13187918066978455 -0.011894210241734982 -0.04142354801297188 0.9990708827972412 0.041679855436086655
1403636580.1135554 0.9999309778213501 -0.0028054697904735804 0.011403007432818413 -0.0022278320975601673 0.002271475736051798 0.9989122152328491 0.0465753935277462 0.15679121017456055 -0.01152126770466566 -0.04654628783464432 0.9988496899604797 0.04916530102491379
1403636580.1635556 0.9999309778213501 -0.0052978526800870895 0.01048979815095663 -0.0028289395850151777 0.0047674099914729595 0.9987397789955139 0.04996228218078613 0.1817939579486847 -0.010741271078586578 -0.04990880936384201 0.9986960291862488 0.055578913539648056
1403636580.2135556 0.9999390840530396 -0.0060093156062066555 0.009262464940547943 -0.0029485835693776608 0.005497322883456945 0.9985071420669556 0.05434369295835495 0.20482532680034637 -0.00957520678639412 -0.05428946018218994 0.9984793066978455 0.062076859176158905
1403636580.2635555 0.9999496340751648 -0.003974318969994783 0.009214309975504875 -0.0038197822868824005 0.003417734755203128 0.9982133507728577 0.059652071446180344 0.22608795762062073 -0.009434923529624939 -0.05961756035685539 0.9981769323348999 0.06676275283098221
1403636580.3135555 0.9999533891677856 0.000438066286733374 0.009642014279961586 -0.004275154322385788 -0.0010872749844565988 0.997723400592804 0.06742924451828003 0.24595226347446442 -0.00959052611142397 -0.067436583340168 0.9976775050163269 0.07088969647884369
1403636580.3635557 0.9999726414680481 0.00113337067887187 0.007316806819289923 -0.005092254839837551 -0.001704207737930119 0.9969136714935303 0.07848882675170898 0.263929545879364 -0.007205264177173376 -0.07849916070699692 0.9968882203102112 0.07377447187900543
1403636580.4135554 0.9999495148658752 0.005196189507842064 0.008571166545152664 -0.006222153548151255 -0.005975146312266588 0.9955999851226807 0.09351394325494766 0.279617577791214 -0.008047536015510559 -0.09356045722961426 0.9955810904502869 0.07476890087127686
1403636580.4635556 0.9999497532844543 0.006334737408906221 0.007744858507066965 -0.0071058450266718864 -0.007154133636504412 0.9938157200813293 0.11081114411354065 0.2920052707195282 -0.006995002273470163 -0.11086098849773407 0.993811309337616 0.07623255252838135
1403636580.5135555 0.9999622106552124 0.005314188078045845 0.006859508343040943 -0.007928037084639072 -0.006148274522274733 0.9917622208595276 0.1279439777135849 0.29847902059555054 -0.0061230785213410854 -0.12798132002353668 0.991757869720459 0.07763113081455231
1403636580.5635555 0.9999789595603943 0.003520566737279296 0.005433350335806608 -0.008776779286563396 -0.004256422631442547 0.9898592233657837 0.14198742806911469 0.2971295416355133 -0.004878375679254532 -0.14200757443904877 0.9898535013198853 0.07596229761838913
1403636580.6135554 0.999997615814209 0.0016394394915550947 0.0013888730900362134 -0.009329725988209248 -0.0018249512650072575 0.9892439246177673 0.14626362919807434 0.28746092319488525 -0.0011341432109475136 -0.14626584947109222 0.989244818687439 0.07275184988975525
1403636580.6635556 0.9999977350234985 0.00187123182695359 0.0009231269359588623 -0.010166899301111698 -0.0019848570227622986 0.9895315766334534 0.14430318772792816 0.26889124512672424 -0.0006434386014007032 -0.14430467784404755 0.9895330667495728 0.06771646440029144
1403636580.7135556 0.9999805688858032 0.004777927882969379 0.003989202901721001 -0.011356793344020844 -0.00527565460652113 0.9907131791114807 0.1358659267425537 0.24452868103981018 -0.0033029967453330755 -0.1358843445777893 0.9907190799713135 0.060864441096782684
1403636580.7635555 0.9998869299888611 0.011908753775060177 0.009185787290334702 -0.011989516206085682 -0.012967335991561413 0.9920176863670349 0.12543049454689026 0.21377241611480713 -0.0076187425293028355 -0.12553544342517853 0.9920598268508911 0.05463801324367523
1403636580.8135555 0.9996739029884338 0.019284633919596672 0.016738545149564743 -0.01199412439018488 -0.02104981243610382 0.9934133887290955 0.11263430863618851 0.17883546650409698 -0.014456185512244701 -0.11294994503259659 0.9934954643249512 0.0491650253534317
1403636580.8635557 0.9993112087249756 0.025721093639731407 0.02674444019794464 -0.012511068023741245 -0.02821812406182289 0.9948238730430603 0.0976177379488945 0.14035014808177948 -0.02409517392516136 -0.09830517321825027 0.9948645830154419 0.0399632602930069
1403636580.9135554 0.998801589012146 0.032168127596378326 0.036880288273096085 -0.012437529861927032 -0.035107098519802094 0.99601149559021 0.082027867436409 0.10180721431970596 -0.03409450128674507 -0.08322431892156601 0.9959474802017212 0.032484784722328186
1403636580.9635556 0.9984880685806274 0.03661135211586952 0.04099930077791214 -0.013678140006959438 -0.039305735379457474 0.9969808459281921 0.06696438044309616 0.06325995177030563 -0.03842386603355408 -0.06847464293241501 0.9969127178192139 0.024126466363668442
1403636581.0135555 0.998377799987793 0.03925706446170807 0.04123655706644058 -0.015491610392928123 -0.0414135567843914 0.9977452754974365 0.05281312018632889 0.027634866535663605 -0.039070289582014084 -0.05443519353866577 0.9977527260780334 0.015963155776262283
1403636581.0635555 0.9984859228134155 0.03842402249574661 0.03936333954334259 -0.017271896824240685 -0.03999185934662819 0.9984052181243896 0.039848487824201584 -0.006606330629438162 -0.037769418209791183 -0.04136236757040024 0.9984300136566162 0.008676156401634216
1403636581.1135554 0.9985337257385254 0.03639151155948639 0.04007749632000923 -0.018450777977705002 -0.03748194873332977 0.9989377856254578 0.026801135390996933 -0.038354918360710144 -0.0390595868229866 -0.028264010325074196 0.9988370537757874 0.0017696274444460869
1403636581.1635556 0.9986988306045532 0.030697626993060112 0.04072201997041702 -0.018756240606307983 -0.03116385079920292 0.9994552135467529 0.010863741859793663 -0.06548561900854111 -0.04036634787917137 -0.01211864035576582 0.9991113543510437 -0.003362284041941166
1403636581.2135556 0.9987654089927673 0.027181902900338173 0.04157499596476555 -0.01908925734460354 -0.026984205469489098 0.9996216297149658 -0.005309033673256636 -0.0910974070429802 -0.04170357808470726 0.004180636256933212 0.9991211295127869 -0.01021179836243391
1403636581.2635555 0.9988548159599304 0.02341955155134201 0.04171822592616081 -0.019158346578478813 -0.022503282874822617 0.9994980692863464 -0.022299183532595634 -0.11626451462507248 -0.04221952706575394 0.02133483998477459 0.9988805651664734 -0.018189312890172005
1403636581.3135555 0.9988415241241455 0.02518174983561039 0.041004862636327744 -0.018555941060185432 -0.023653630167245865 0.9990228414535522 -0.03733500838279724 -0.13151901960372925 -0.041904956102371216 0.03632183372974396 0.9984612464904785 -0.02383408322930336
1403636581.3635557 0.9987989068031311 0.025638887658715248 0.041755083948373795 -0.017042629420757294 -0.023617388680577278 0.9985580444335938 -0.0482073612511158 -0.13932791352272034 -0.042930856347084045 0.04716329649090767 0.9979643225669861 -0.026538407430052757
1403636581.4135554 0.9984697103500366 0.03070368617773056 0.04599492996931076 -0.016249166801571846 -0.02836534008383751 0.9983131289482117 -0.05065705254673958 -0.13989096879959106 -0.04747270792722702 0.04927487298846245 0.9976564049720764 -0.027260111644864082
1403636581.4635556 0.998170018196106 0.036312494426965714 0.0483553372323513 -0.01474369503557682 -0.034077685326337814 0.9983476996421814 -0.0462653823196888 -0.1303640753030777 -0.049955449998378754 0.04453287273645401 0.997758150100708 -0.02586616575717926
1403636581.5135555 0.9978281259536743 0.04192632809281349 0.05080737546086311 -0.012857112102210522 -0.04013679921627045 0.9985545873641968 -0.03574494272470474 -0.11319936811923981 -0.052232593297958374 0.033628057688474655 0.9980685710906982 -0.022076379507780075
1403636581.5635555 0.997842013835907 0.039033178240060806 0.05279843881726265 -0.012133952230215073 -0.03784744441509247 0.9990124702453613 -0.02327454462647438 -0.09036286175251007 -0.05365477874875069 0.021226022392511368 0.9983338713645935 -0.01653672568500042
1403636581.6135554 0.9980924129486084 0.035359110683202744 0.05060263350605965 -0.009863440878689289 -0.03486932814121246 0.9993362426757812 -0.010529156774282455 -0.06261193007230759 -0.0509413443505764 0.008744596503674984 0.9986632466316223 -0.00817679800093174
1403636581.6635556 0.9982991814613342 0.03067847155034542 0.04956968501210213 -0.007954739965498447 -0.03070678561925888 0.9995284080505371 -0.00019018352031707764 -0.03341936320066452 -0.049552131444215775 -0.0013322532176971436 0.9987705945968628 -0.0008883796399459243
1403636581.7135556 0.9982591867446899 0.0337342768907547 0.048374202102422714 -0.005450206808745861 -0.03410841152071953 0.9993940591812134 0.006929732859134674 -0.0023985577281564474 -0.04811111465096474 -0.00856762658804655 0.9988052248954773 0.008140038698911667
1403636581.7635555 0.9984966516494751 0.03027203679084778 0.04569132998585701 -0.0026570064947009087 -0.030770566314458847 0.9994738698005676 0.010247164405882359 0.029737286269664764 -0.04535708203911781 -0.01163769792765379 0.9989029765129089 0.017133120447397232
1403636581.8135555 0.9987512230873108 0.030219944193959236 0.03978583961725235 -0.0015969182131811976 -0.030763054266572 0.999440610408783 0.013109948486089706 0.06356903165578842 -0.03936741501092911 -0.014317492954432964 0.9991223216056824 0.02484947070479393
1403636581.8635557 0.9988663196563721 0.029161959886550903 0.037624191492795944 -0.00024970131926238537 -0.029854213818907738 0.9993926286697388 0.01797037199139595 0.09651482105255127 -0.03707730025053024 -0.019073225557804108 0.9991304874420166 0.03224533796310425
1403636581.9135554 0.9991141557693481 0.024398617446422577 0.03428661823272705 0.0002065299777314067 -0.025342000648379326 0.9993045330047607 0.027354974299669266 0.12979766726493835 -0.03359534963965416 -0.028199616819620132 0.9990378618240356 0.03987384960055351
1403636581.9635556 0.9990145564079285 0.021877003833651543 0.03861737623810768 0.0009752470068633556 -0.02345138043165207 0.9988921284675598 0.04079786688089371 0.16138166189193726 -0.03768206760287285 -0.0416632741689682 0.9984208941459656 0.04734915494918823
1403636582.0135555 0.9989238977432251 0.01826310157775879 0.0426316075026989 0.0010658353567123413 -0.020671384409070015 0.9981743097305298 0.05675088241696358 0.19014295935630798 -0.04151731729507446 -0.05757107585668564 0.997477650642395 0.05403880774974823
1403636582.0635555 0.9987635016441345 0.018242359161376953 0.046245358884334564 0.0009581195190548897 -0.021644357591867447 0.9970111846923828 0.07416443526744843 0.21582551300525665 -0.04475419968366623 -0.07507368922233582 0.9961731433868408 0.059928908944129944
1403636582.1135554 0.9987539052963257 0.020005472004413605 0.04572166129946709 0.0006032851524651051 -0.02412051521241665 0.9955311417579651 0.09130018949508667 0.23747019469738007 -0.043690841645002365 -0.09228925406932831 0.9947731494903564 0.06471323221921921
1403636582.1635556 0.9989551305770874 0.01813364401459694 0.041951797902584076 -0.00042615458369255066 -0.022488640621304512 0.9941346645355225 0.10578480362892151 0.2528109550476074 -0.039787475019693375 -0.10661771893501282 0.9935036897659302 0.06725358217954636
1403636582.2135556 0.9990835189819336 0.018068747594952583 0.03880000859498978 -0.002508211648091674 -0.022510986775159836 0.9928421378135681 0.11729217320680618 0.2608399987220764 -0.03640297055244446 -0.11805811524391174 0.9923391938209534 0.06837823241949081
1403636582.2635555 0.999180257320404 0.017843715846538544 0.03633895143866539 -0.003867202904075384 -0.022240737453103065 0.9919781684875488 0.12443744391202927 0.26048001646995544 -0.03382701799273491 -0.1251436471939087 0.9915618300437927 0.06806792318820953
1403636582.3135555 0.9992415904998779 0.01897616870701313 0.03399958461523056 -0.005527243949472904 -0.02314058132469654 0.9916824698448181 0.12661023437976837 0.250612735748291 -0.03131422400474548 -0.12730099260807037 0.9913697242736816 0.06554897129535675
1403636582.3635557 0.9993242621421814 0.018327467143535614 0.03186247497797012 -0.007184290327131748 -0.022061606869101524 0.9923945665359497 0.12110208719968796 0.2333044409751892 -0.029400663450360298 -0.12172318249940872 0.9921286702156067 0.06128917634487152
1403636582.4135554 0.9993681907653809 0.017910726368427277 0.03069942072033882 -0.009430410340428352 -0.02114306204020977 0.9938794374465942 0.10842522233724594 0.20948724448680878 -0.02856956608593464 -0.10900578647851944 0.993630588054657 0.05486337095499039
1403636582.4635556 0.9993510246276855 0.018124911934137344 0.03112916089594364 -0.011671037413179874 -0.0209578238427639 0.9954236149787903 0.09323253482580185 0.1821150779724121 -0.0292968712747097 -0.09382441639900208 0.9951575398445129 0.04846629127860069
1403636582.5135555 0.9991861581802368 0.02201768383383751 0.03379726782441139 -0.01284844521433115 -0.024681517854332924 0.9964457154273987 0.08053900301456451 0.15128155052661896 -0.031903862953186035 -0.08130760490894318 0.9961782693862915 0.04084373265504837
1403636582.5635555 0.9990476369857788 0.022794481366872787 0.03719789534807205 -0.01388466078788042 -0.025366591289639473 0.997209906578064 0.07020750641822815 0.1195342093706131 -0.03549375757575035 -0.07108422368764877 0.9968386888504028 0.03316999971866608
1403636582.6135554 0.9987054467201233 0.027270279824733734 0.04293251782655716 -0.013861364684998989 -0.02998943068087101 0.9974978566169739 0.06402090936899185 0.08651857823133469 -0.04107922688126564 -0.06522555649280548 0.9970245957374573 0.025073785334825516
1403636582.6635556 0.9984643459320068 0.027182023972272873 0.04827040061354637 -0.014374314807355404 -0.0300245750695467 0.9977960586547852 0.059174031019210815 0.0551786944270134 -0.0465555414557457 -0.06053245812654495 0.9970800876617432 0.017507873475551605
1403636582.7135556 0.9983681440353394 0.026329729706048965 0.050671957433223724 -0.013821562752127647 -0.029084909707307816 0.9980940818786621 0.05442661792039871 0.02295459620654583 -0.04914235323667526 -0.05581158399581909 0.9972313046455383 0.008885313756763935
1403636582.7635555 0.9982402920722961 0.022508632391691208 0.0548582561314106 -0.013026281259953976 -0.02514634095132351 0.9985366463661194 0.04787608981132507 -0.010346218943595886 -0.05370036140084267 -0.049171332269907 0.9973456263542175 0.0019250744953751564
1403636582.8135555 0.9979687929153442 0.017864178866147995 0.06114507466554642 -0.01127726212143898 -0.020223606377840042 0.9990659356117249 0.038188714534044266 -0.04193572700023651 -0.060405753552913666 -0.03934773430228233 0.9973980188369751 -0.004975609946995974
1403636582.8635557 0.9974320530891418 0.01354079507291317 0.07032519578933716 -0.009848508983850479 -0.015321861952543259 0.9995738863945007 0.024848926812410355 -0.07409324496984482 -0.06995875388383865 -0.025862641632556915 0.9972145557403564 -0.012111098505556583
1403636582.9135554 0.9970362782478333 0.009034420363605022 0.07640029489994049 -0.008111110888421535 -0.009715776890516281 0.9999162554740906 0.008551355451345444 -0.10362948477268219 -0.07631662487983704 -0.00926830805838108 0.9970405697822571 -0.01892443373799324
1403636582.9635556 0.9967467784881592 0.00937468372285366 0.08004893362522125 -0.006957165896892548 -0.008725506253540516 0.9999260902404785 -0.00845564529299736 -0.1294286996126175 -0.08012229949235916 0.007729678880423307 0.9967551231384277 -0.026212181895971298
1403636583.0135555 0.9964705109596252 0.009549660608172417 0.08339662104845047 -0.005807987879961729 -0.007489507086575031 0.9996597766876221 -0.024981029331684113 -0.14995832741260529 -0.08360681682825089 0.024268271401524544 0.9962033033370972 -0.032399941235780716
1403636583.0635555 0.9964600801467896 0.012527287937700748 0.08312632888555527 -0.004066882189363241 -0.00959781277924776 0.9993218183517456 -0.035547737032175064 -0.1632865071296692 -0.08351527154445648 0.03462407365441322 0.9959047436714172 -0.03755553439259529
1403636583.1135554 0.9962868094444275 0.014642775990068913 0.08484010398387909 -0.0031438267324119806 -0.011270424351096153 0.9991323351860046 -0.04009299725294113 -0.16924212872982025 -0.0853535607457161 0.03898795321583748 0.9955876469612122 -0.04022681340575218
1403636583.1635556 0.9958781003952026 0.0189969502389431 0.08868733793497086 -0.0015394208021461964 -0.015439501963555813 0.999055027961731 -0.040627382695674896 -0.1659199297428131 -0.0893753319978714 0.03909063711762428 0.9952306151390076 -0.03781961649656296
1403636583.2135556 0.9956974983215332 0.023062005639076233 0.08974624425172806 -0.0009949842933565378 -0.019693035632371902 0.9990742206573486 -0.038245026022195816 -0.15513895452022552 -0.0905451774597168 0.03631310164928436 0.9952300786972046 -0.033926256000995636
1403636583.2635555 0.9957765340805054 0.02533002384006977 0.08824564516544342 -0.00109569332562387 -0.02237592823803425 0.9991609454154968 -0.03430582955479622 -0.13810747861862183 -0.08904056251049042 0.0321863517165184 0.9955078363418579 -0.02973162569105625
1403636583.3135555 0.9959111213684082 0.02540174499154091 0.08669328689575195 -0.000548188341781497 -0.022858457639813423 0.9992824792861938 -0.030204448848962784 -0.1168065294623375 -0.08739831298589706 0.028099264949560165 0.9957770705223083 -0.023452676832675934
1403636583.3635557 0.9960833787918091 0.025513775646686554 0.08465725183486938 0.0023334582801908255 -0.023397531360387802 0.999390721321106 -0.025896655395627022 -0.09029141813516617 -0.08526641875505447 0.023814458400011063 0.9960735440254211 -0.013610627502202988
1403636583.4135554 0.9964955449104309 0.02381807006895542 0.08018233627080917 0.004105212166905403 -0.022183675318956375 0.9995288252830505 -0.021213069558143616 -0.06111392006278038 -0.08064982295036316 0.019359994679689407 0.9965544939041138 -0.004081160761415958
1403636583.4635556 0.996786892414093 0.026927746832370758 0.07543542981147766 0.006632061675190926 -0.025886554270982742 0.9995560646057129 -0.014746527187526226 -0.028738679364323616 -0.07579904794692993 0.012746389023959637 0.997041642665863 0.005391780752688646
1403636583.5135555 0.9969804883003235 0.027777258306741714 0.07251369953155518 0.00847339816391468 -0.02723739482462406 0.9995935559272766 -0.008423388935625553 0.004610606003552675 -0.07271818816661835 0.006422870326787233 0.9973319172859192 0.013702006079256535
1403636583.5635555 0.9968922734260559 0.03165380656719208 0.07213708013296127 0.010733176954090595 -0.03175392001867294 0.9994955658912659 0.00024118274450302124 0.038940563797950745 -0.07209306955337524 -0.002531070727854967 0.997394859790802 0.023045312613248825
1403636583.6135554 0.9964228868484497 0.034492377191782 0.07714810222387314 0.013064509257674217 -0.035472262650728226 0.9993059039115906 0.01136692613363266 0.07328993827104568 -0.07670247554779053 -0.01406288705766201 0.9969549179077148 0.03319529443979263
1403636583.6635556 0.9969701766967773 0.030684787780046463 0.07147746533155441 0.013692174106836319 -0.03277334198355675 0.9990638494491577 0.028232397511601448 0.10659220814704895 -0.07054426521062851 -0.030489422380924225 0.9970426559448242 0.04100450128316879
1403636583.7135556 0.9974486827850342 0.021589068695902824 0.06804419308900833 0.01403969619423151 -0.02497747726738453 0.9984692931175232 0.04934633895754814 0.14015688002109528 -0.06687472760677338 -0.050920020788908005 0.9964612126350403 0.049318403005599976
1403636583.7635555 0.9978730082511902 0.012506552040576935 0.06397673487663269 0.01338118314743042 -0.01715046539902687 0.997216522693634 0.07256145775318146 0.1695035845041275 -0.0628911703824997 -0.07350436598062515 0.9953098297119141 0.056904587894678116
1403636583.8135555 0.9979873895645142 0.00691448338329792 0.06303465366363525 0.014331838116049767 -0.01276993378996849 0.9955872297286987 0.09296886622905731 0.1966320127248764 -0.06211366876959801 -0.09358672052621841 0.9936716556549072 0.06259827315807343
1403636583.8635557 0.9979920983314514 0.00542282173410058 0.06310586631298065 0.014632596634328365 -0.012224378064274788 0.994086742401123 0.1078992560505867 0.22138404846191406 -0.0621475949883461 -0.10845405608415604 0.992156982421875 0.06802533566951752
1403636583.9135554 0.9978936314582825 0.010326739400625229 0.06404351443052292 0.015586047433316708 -0.01788053661584854 0.9927904009819031 0.11852230876684189 0.2422819882631302 -0.06235784292221069 -0.11941781640052795 0.9908838868141174 0.07209837436676025
1403636583.9635556 0.9980068206787109 0.01667086035013199 0.06086223945021629 0.015657098963856697 -0.024144811555743217 0.9919618368148804 0.12421213090419769 0.25962650775909424 -0.05830229073762894 -0.12543407082557678 0.9903873801231384 0.07466182857751846
1403636584.0135555 0.9982966184616089 0.0197244081646204 0.0549095943570137 0.014713544398546219 -0.026588989421725273 0.9915156364440918 0.12723872065544128 0.27073487639427185 -0.051934029906988144 -0.12848198413848877 0.9903510212898254 0.07550735771656036
1403636584.0635555 0.9985538721084595 0.021791325882077217 0.04914451763033867 0.01251298375427723 -0.027931224554777145 0.9913895726203918 0.1279316544532776 0.2750924229621887 -0.0459335595369339 -0.12911930680274963 0.9905646443367004 0.07430215179920197
1403636584.1135554 0.9988598823547363 0.020981859415769577 0.04287981241941452 0.011003650724887848 -0.02632644772529602 0.9914057850837708 0.1281464844942093 0.2726191580295563 -0.0398225411772728 -0.1291292905807495 0.9908277988433838 0.07275627553462982
1403636584.1635556 0.9990204572677612 0.021668478846549988 0.03858379274606705 0.009758472442626953 -0.026471951976418495 0.9913314580917358 0.12869082391262054 0.26216286420822144 -0.03546078875660896 -0.12958617508411407 0.9909338355064392 0.06974427402019501
1403636584.2135556 0.9990255236625671 0.023361673578619957 0.03744710609316826 0.008582809939980507 -0.0279924925416708 0.9913350343704224 0.12834018468856812 0.24531260132789612 -0.03412439301609993 -0.12926335632801056 0.9910230040550232 0.06579886376857758
1403636584.2635555 0.9990170001983643 0.024610402062535286 0.03686833381652832 0.007529051508754492 -0.029008889570832253 0.9918628931045532 0.12396088242530823 0.22459053993225098 -0.03351759538054466 -0.12490852922201157 0.9916019439697266 0.061838824301958084
1403636584.3135555 0.9990280866622925 0.02421385794878006 0.0368286669254303 0.006387354806065559 -0.02847481518983841 0.9923699498176575 0.11996196955442429 0.19821161031723022 -0.03364291414618492 -0.12089405953884125 0.9920951128005981 0.05578771233558655
1403636584.3635557 0.9988188743591309 0.028123363852500916 0.03962366655468941 0.005389226600527763 -0.0325765460729599 0.9926397800445557 0.11663985997438431 0.16863887012004852 -0.03605172410607338 -0.11779287457466125 0.9923835396766663 0.05038557946681976
1403636584.4135554 0.9981985092163086 0.03614312782883644 0.047889675945043564 0.005609793588519096 -0.041341956704854965 0.9927982687950134 0.1124383807182312 0.13634911179542542 -0.04348093271255493 -0.11421569436788559 0.9925038814544678 0.04548031836748123
1403636584.4635556 0.9976893067359924 0.04067458584904671 0.054421402513980865 0.006621003150939941 -0.04625806212425232 0.9933302998542786 0.1056179404258728 0.1017489954829216 -0.04976249113678932 -0.10789135843515396 0.992916464805603 0.03922725468873978
1403636584.5135555 0.9974033236503601 0.04264824837446213 0.0580325685441494 0.0062691159546375275 -0.048074107617139816 0.9942618608474731 0.09556271135807037 0.06558706611394882 -0.05362401157617569 -0.09810443967580795 0.993730366230011 0.03252726048231125
1403636584.5635555 0.9972488880157471 0.041716381907463074 0.06127363070845604 0.005540437065064907 -0.046701204031705856 0.9955117106437683 0.08231232315301895 0.02853950299322605 -0.057564880698919296 -0.08494743704795837 0.9947212338447571 0.026137007400393486
1403636584.6135554 0.9970388412475586 0.04016042500734329 0.06557983160018921 0.00538213923573494 -0.04441193491220474 0.9969151616096497 0.06471329182386398 -0.007850967347621918 -0.06277863681316376 -0.06743420660495758 0.9957467317581177 0.019620420411229134
1403636584.6635556 0.9965126514434814 0.039070975035429 0.07372920960187912 0.003088033525273204 -0.04238717257976532 0.9981335997581482 0.043962255120277405 -0.044496651738882065 -0.07187394797801971 -0.046934109181165695 0.9963088631629944 0.01236138679087162
1403636584.7135556 0.9961082935333252 0.03861435875296593 0.07922907918691635 0.0029103236738592386 -0.04054040089249611 0.9989166855812073 0.02284644916653633 -0.07950922101736069 -0.07826106250286102 -0.02596951834857464 0.9965946078300476 0.00396327069029212
1403636584.7635555 0.9955248236656189 0.03853027895092964 0.08628759533166885 0.003431669669225812 -0.03884178772568703 0.9992436170578003 0.00193359749391675 -0.10879424959421158 -0.08614780753850937 -0.005276506766676903 0.9962684512138367 -0.002841153647750616
1403636584.8135555 0.9951968789100647 0.03916233405470848 0.08971729129552841 0.0024623952340334654 -0.0379861518740654 0.9991689920425415 -0.01478055864572525 -0.13625435531139374 -0.09022156894207001 0.0113015566021204 0.9958576560020447 -0.010801942087709904
1403636584.8635557 0.9951486587524414 0.035352207720279694 0.09181158989667892 0.0007740329019725323 -0.032913051545619965 0.9990674257278442 -0.02794703282415867 -0.1597593128681183 -0.09271395206451416 0.024789653718471527 0.995384156703949 -0.017204249277710915
1403636584.9135554 0.9953476190567017 0.032527875155210495 0.09069307148456573 -0.0003332854248583317 -0.029242999851703644 0.9988754987716675 -0.03731653094291687 -0.17708365619182587 -0.09180492162704468 0.03449077904224396 0.9951794743537903 -0.023338032886385918
1403636584.9635556 0.995357096195221 0.026261914521455765 0.09259914606809616 -0.0013523597735911608 -0.02241726778447628 0.9988526105880737 -0.04231785237789154 -0.18799495697021484 -0.09360425174236298 0.04004555195569992 0.994803786277771 -0.02582632191479206
1403636585.0135555 0.9950985908508301 0.023791808634996414 0.09598304331302643 -0.0008735514711588621 -0.01981819048523903 0.9989150762557983 -0.04214226454496384 -0.19016927480697632 -0.09688156098127365 0.0400334931910038 0.9944905042648315 -0.025185666978359222
1403636585.0635555 0.9948120713233948 0.02111058309674263 0.09951480478048325 -0.0008513013599440455 -0.017303457483649254 0.9990906119346619 -0.03896605223417282 -0.1866675615310669 -0.10024689882993698 0.03704195097088814 0.9942728877067566 -0.022599851712584496
1403636585.1135554 0.9947831630706787 0.020089996978640556 0.10001389682292938 -0.0011804618407040834 -0.016778644174337387 0.9992862939834595 -0.03384080156683922 -0.17878946661949158 -0.10062237828969955 0.03198615834116936 0.9944103956222534 -0.021371904760599136
1403636585.1635556 0.9943053126335144 0.018766123801469803 0.10490407049655914 -0.0004855026490986347 -0.01594550348818302 0.9994901418685913 -0.02766205556690693 -0.1642291247844696 -0.1053696796298027 0.025831783190369606 0.9940975904464722 -0.016731686890125275
1403636585.2135556 0.9936888217926025 0.019757606089115143 0.11041828989982605 0.0018963925540447235 -0.017437554895877838 0.999607264995575 -0.021937889978289604 -0.1430051475763321 -0.1108083575963974 0.019874008372426033 0.9936429858207703 -0.008752386085689068
1403636585.2635555 0.9928495287895203 0.025877732783555984 0.11653373390436172 0.004377191886305809 -0.024210896342992783 0.9995836019515991 -0.01569657400250435 -0.11998329311609268 -0.11689142882823944 0.012762948870658875 0.9930625557899475 -0.0005889844615012407
1403636585.3135555 0.9921498894691467 0.031154295429587364 0.12111184000968933 0.007897131145000458 -0.030140014365315437 0.9994937181472778 -0.01019806694239378 -0.09534034132957458 -0.12136823683977127 0.006467696279287338 0.9925864338874817 0.00756322406232357
1403636585.3635557 0.991503119468689 0.040136080235242844 0.1237364262342453 0.010294861160218716 -0.039900053292512894 0.9991940259933472 -0.004385937005281448 -0.06950698047876358 -0.12381274998188019 -0.0005884170532226562 0.992305338382721 0.017085639759898186
1403636585.4135554 0.9912338852882385 0.04318326711654663 0.1248626708984375 0.011899556964635849 -0.04398880526423454 0.9990251660346985 0.0037002209573984146 -0.044847384095191956 -0.12458114326000214 -0.009160337969660759 0.9921671748161316 0.02268221788108349
1403636585.4635556 0.9918391108512878 0.046842291951179504 0.11857842653989792 0.015333295799791813 -0.04861443489789963 0.9987442493438721 0.012095188722014427 -0.017671415582299232 -0.11786296963691711 -0.01776110753417015 0.992871105670929 0.03044559806585312
1403636585.5135555 0.9922770261764526 0.04903397336602211 0.11393817514181137 0.015578372403979301 -0.05197066068649292 0.9983850121498108 0.022946761921048164 0.008303314447402954 -0.1126289889216423 -0.028690991923213005 0.9932227730751038 0.03601302206516266
1403636585.5635555 0.9934766888618469 0.05005401000380516 0.10246320068836212 0.016580671072006226 -0.053903087973594666 0.9979275465011597 0.035146262496709824 0.03241797164082527 -0.10049162805080414 -0.04044007509946823 0.9941157698631287 0.03830304741859436
1403636585.6135554 0.9948223233222961 0.04854494333267212 0.0892864242196083 0.017556747421622276 -0.05296953395009041 0.9974481463432312 0.04787077382206917 0.05421971157193184 -0.08673468977212906 -0.05235237255692482 0.9948549270629883 0.03852606192231178
1403636585.6635556 0.9960639476776123 0.04400220513343811 0.07694494724273682 0.017879854887723923 -0.048802655190229416 0.9969032406806946 0.06166253983974457 0.07340313494205475 -0.07399337738752365 -0.06517494469881058 0.9951267242431641 0.037407174706459045
1403636585.7135556 0.9972662329673767 0.037514012306928635 0.06366051733493805 0.019063973799347878 -0.0423637218773365 0.996159553527832 0.07662451267242432 0.08834222704172134 -0.0605415478348732 -0.07911194115877151 0.9950258135795593 0.03444948419928551
1403636585.7635555 0.9979894757270813 0.030792076140642166 0.05539563298225403 0.019289424642920494 -0.035845186561346054 0.9950515627861023 0.09266817569732666 0.09928523004055023 -0.052268072962760925 -0.09446753561496735 0.9941551089286804 0.03140274062752724
1403636585.8135555 0.9986589550971985 0.02250286564230919 0.04662487655878067 0.01834031380712986 -0.027455780655145645 0.9937204122543335 0.10846985876560211 0.10724808275699615 -0.04389122873544693 -0.10960453003644943 0.9930059313774109 0.027600865811109543
1403636585.8635557 0.9991119503974915 0.015263563953340054 0.0392715260386467 0.017588546499609947 -0.020150145515799522 0.9916707873344421 0.12721221148967743 0.1113288551568985 -0.03700272738933563 -0.12789058685302734 0.9910979866981506 0.02263651043176651
1403636585.9135554 0.999386727809906 0.008686576969921589 0.03392108529806137 0.017312895506620407 -0.01355473231524229 0.9891860485076904 0.1460385024547577 0.11345681548118591 -0.03228571265935898 -0.14640876650810242 0.9886971712112427 0.017482617869973183
1403636585.9635556 0.9994065761566162 0.0034390543587505817 0.034272439777851105 0.016883553937077522 -0.009118903428316116 0.9859178066253662 0.16698169708251953 0.11424180120229721 -0.03321557492017746 -0.1671951562166214 0.9853641390800476 0.012719390913844109
1403636586.0135555 0.9991708993911743 -0.002106118481606245 0.04065962880849838 0.016635898500680923 -0.005703432951122522 0.9815732836723328 0.19100064039230347 0.11424238979816437 -0.04031270369887352 -0.1910741925239563 0.9807474613189697 0.009685760363936424
1403636586.0635555 0.9985383152961731 -0.005484357476234436 0.05376967787742615 0.016896596178412437 -0.006224893033504486 0.9765488505363464 0.21520572900772095 0.11433519423007965 -0.053689002990722656 -0.21522590517997742 0.9750873446464539 0.006956500932574272
1403636586.1135554 0.9977481961250305 -0.010951995849609375 0.06617045402526855 0.015893086791038513 -0.005030468571931124 0.9715795516967773 0.23665973544120789 0.11288818717002869 -0.06688177585601807 -0.23645970225334167 0.9693366885185242 0.004155173897743225
1403636586.1635556 0.9969527721405029 -0.01747369021177292 0.07602430880069733 0.013865992426872253 -0.00249312212690711 0.9669531583786011 0.25494176149368286 0.11170385032892227 -0.07796674221754074 -0.25435444712638855 0.9639631509780884 0.0014709290117025375
1403636586.2135556 0.996527910232544 -0.023328544571995735 0.07992319762706757 0.011311694979667664 0.000683734193444252 0.9622038006782532 0.2723296284675598 0.10980920493602753 -0.08325546979904175 -0.27132952213287354 0.9588788747787476 -0.002795649692416191
1403636586.2635555 0.9963221549987793 -0.026718132197856903 0.08141374588012695 0.008360229432582855 0.0019002621993422508 0.9567988514900208 0.2907446622848511 0.10926549136638641 -0.08566475659608841 -0.28952062129974365 0.9533306360244751 -0.007193040102720261
1403636586.3135555 0.9960598349571228 -0.03378916531801224 0.08199324458837509 0.0070803603157401085 0.006679900456219912 0.9505294561386108 0.31056249141693115 0.10791882127523422 -0.08843067288398743 -0.3087911605834961 0.9470099210739136 -0.011906208470463753
1403636586.3635557 0.9957969188690186 -0.04005272313952446 0.08236642181873322 0.005265022628009319 0.01069379411637783 0.944004476070404 0.3297593593597412 0.10877417027950287 -0.09096202254295349 -0.3274925947189331 0.9404652118682861 -0.01811688393354416
1403636586.4135554 0.9955558776855469 -0.046916961669921875 0.08165320008993149 0.004818933084607124 0.015505814924836159 0.9368927478790283 0.34927302598953247 0.10920640826225281 -0.09288711100816727 -0.3464547097682953 0.9334565997123718 -0.02384495735168457
1403636586.4635556 0.9955534338951111 -0.04842965304851532 0.08079592138528824 0.005365576129406691 0.015454774722456932 0.9300693273544312 0.3670590817928314 0.11047663539648056 -0.09292234480381012 -0.36417824029922485 0.9266821146011353 -0.030067887157201767
1403636586.5135555 0.995607316493988 -0.04775521531701088 0.08053259551525116 0.006356565281748772 0.013313095085322857 0.9236086010932922 0.3831058144569397 0.11087098717689514 -0.09267588704824448 -0.38035082817077637 0.9201871752738953 -0.03596235439181328
1403636586.5635555 0.9959167838096619 -0.04698697850108147 0.07708398997783661 0.00898717250674963 0.012720991857349873 0.9183954000473022 0.39545929431915283 0.11073025315999985 -0.08937500417232513 -0.39286401867866516 0.9152432084083557 -0.04084141552448273
1403636586.6135554 0.9961802363395691 -0.0461127795279026 0.07415180653333664 0.011966605670750141 0.012332720682024956 0.9149779677391052 0.40331536531448364 0.10877358913421631 -0.08644526451826096 -0.4008603096008301 0.9120516777038574 -0.044529881328344345
1403636586.6635556 0.9961881637573242 -0.04706371948122978 0.0734439343214035 0.01644914411008358 0.013431960716843605 0.9146828651428223 0.4039490222930908 0.10691237449645996 -0.08618926256895065 -0.40142279863357544 0.9118284583091736 -0.04667070135474205
1403636586.7135556 0.9963234663009644 -0.047115977853536606 0.0715520828962326 0.021198352798819542 0.014680080115795135 0.9167288541793823 0.3992402255535126 0.1046660766005516 -0.08440444618463516 -0.3967219889163971 0.9140501022338867 -0.047657113522291183
1403636586.7635555 0.996585488319397 -0.04764021188020706 0.0674360990524292 0.025152316316962242 0.01746448315680027 0.9198983311653137 0.3917679190635681 0.10299817472696304 -0.08069825917482376 -0.3892524838447571 0.9175894260406494 -0.04729117453098297
1403636586.8135555 0.996863603591919 -0.047467105090618134 0.06332358717918396 0.03015405498445034 0.019559815526008606 0.9231089353561401 0.3840407729148865 0.10109838098287582 -0.0766838788986206 -0.3815976679325104 0.9211422204971313 -0.04632675647735596
1403636586.8635557 0.9970567226409912 -0.04495157301425934 0.06210799887776375 0.033455174416303635 0.018238039687275887 0.9258938431739807 0.37734320759773254 0.10030654817819595 -0.07446759939193726 -0.3750998377799988 0.9239885210990906 -0.04427635669708252
1403636586.9135554 0.9974414110183716 -0.039505794644355774 0.05958075821399689 0.035568419843912125 0.014589857310056686 0.9283864498138428 0.37132975459098816 0.10050904750823975 -0.06998365372419357 -0.3695104122161865 0.9265875220298767 -0.04241092875599861
1403636586.9635556 0.9977471828460693 -0.03660224378108978 0.056221045553684235 0.03642317280173302 0.013409801758825779 0.9299460053443909 0.36745163798332214 0.0998435765504837 -0.06573209166526794 -0.3658699691295624 0.928341805934906 -0.03993213549256325
1403636587.0135555 0.9981903433799744 -0.030039755627512932 0.052093371748924255 0.03758867457509041 0.008917810395359993 0.930656373500824 0.3657858371734619 0.09880851954221725 -0.05946915224194527 -0.36465930938720703 0.9292401075363159 -0.03766610845923424
1403636587.0635555 0.9983958005905151 -0.027400556951761246 0.04954772815108299 0.03858448937535286 0.007308772765100002 0.9301484227180481 0.3671112656593323 0.09805208444595337 -0.056145794689655304 -0.3661602735519409 0.9288564920425415 -0.035180047154426575
1403636587.1135554 0.9985550045967102 -0.02320370264351368 0.04846950247883797 0.03973504900932312 0.0035632625222206116 0.9285757541656494 0.3711257576942444 0.0975162610411644 -0.053619083017110825 -0.3704168498516083 0.9273168444633484 -0.03266576677560806
1403636587.1635556 0.9986786246299744 -0.02016829513013363 0.04726775363087654 0.0428905226290226 0.0009573409333825111 0.9269146919250488 0.37527087330818176 0.09685137122869492 -0.05138175189495087 -0.37472978234291077 0.9257092475891113 -0.030398182570934296
1403636587.2135556 0.9987471103668213 -0.019672337919473648 0.04601290449500084 0.0467490628361702 0.000805259682238102 0.9256871938705444 0.3782890737056732 0.09576878696680069 -0.05003538355231285 -0.3777780830860138 0.9245433211326599 -0.027562983334064484
1403636587.2635555 0.9986950159072876 -0.020863443613052368 0.04661455377936363 0.052435342222452164 0.0016120541840791702 0.9251718521118164 0.3795449733734131 0.09574231505393982 -0.05104510486125946 -0.3789745569229126 0.9239982962608337 -0.024538345634937286
1403636587.3135555 0.9986268281936646 -0.023121118545532227 0.04700767248868942 0.06027774140238762 0.003463970497250557 0.9245108366012573 0.3811401128768921 0.09437395632266998 -0.05227147787809372 -0.3804539442062378 0.923321545124054 -0.021236758679151535
