0.1037359 0.9999923706054688 -0.0025665611028671265 -0.002928768750280142 -0.0005313821020536125 0.0025604080874472857 0.9999945163726807 -0.0021027913317084312 -0.0002913423231802881 0.002934149233624339 0.002095276489853859 0.9999935030937195 0.04125917702913284
0.2073381 0.9999752044677734 -0.0012967220973223448 -0.0069167581386864185 -0.0011270781978964806 0.001269849599339068 0.9999916553497314 -0.0038880498614162207 -0.00031784133170731366 0.006921743508428335 0.0038791706319898367 0.9999684691429138 0.08360344916582108
0.3110752 0.999942421913147 -0.0013465045485645533 -0.010655997321009636 -0.002031434327363968 0.0012917653657495975 0.999985933303833 -0.005142157431691885 -0.0006805502343922853 0.010662772692739964 0.005128095857799053 0.9999300241470337 0.12678609788417816
0.4146917 0.9998784065246582 2.244428287667688e-07 -0.0155947245657444 -0.003056827699765563 -9.06433051568456e-05 0.9999831914901733 -0.005797327496111393 -0.0010595357744023204 0.01559446007013321 0.005798035766929388 0.9998615980148315 0.17114408314228058
0.5184302 0.99980628490448 -0.001268771244212985 -0.019640760496258736 -0.004420088138431311 0.0011515170335769653 0.9999814629554749 -0.005980093963444233 -0.0016070683486759663 0.019647983834147453 0.005956318695098162 0.9997892379760742 0.21615830063819885
0.6220448 0.9997171759605408 0.0008169587817974389 -0.023766182363033295 -0.006307485047727823 -0.0009839071426540613 0.9999749064445496 -0.0070138052105903625 -0.0023084450513124466 0.02375985123217106 0.00703520467504859 0.9996929168701172 0.2622518539428711
0.7257977 0.9995828866958618 0.0036835893988609314 -0.028644420206546783 -0.008222631178796291 -0.003911642823368311 0.9999610781669617 -0.007909529842436314 -0.0026025474071502686 0.028614172711968422 0.00801827572286129 0.9995583295822144 0.3093600273132324
0.8294199 0.9994557499885559 0.003975402098149061 -0.03274687007069588 -0.010301711037755013 -0.004193298052996397 0.999969482421875 -0.006587959825992584 -0.002867895644158125 0.032719686627388 0.006721691694110632 0.999441921710968 0.357575923204422
0.9331467 0.9992920160293579 0.002773833926767111 -0.03752133995294571 -0.011952868662774563 -0.0029019645880907774 0.9999901652336121 -0.0033608432859182358 -0.0038311295211315155 0.03751164302229881 0.003467348637059331 0.9992901682853699 0.40644097328186035
1.03691 0.9991694688796997 0.0026691218372434378 -0.04066292196512222 -0.014393646270036697 -0.002710297703742981 0.9999958872795105 -0.00095751928165555 -0.0041144066490232944 0.04066019505262375 0.0010669322218745947 0.9991724491119385 0.4556471109390259
1.140497 0.9990749359130859 0.0038529925514012575 -0.04283076524734497 -0.017504120245575905 -0.003915541339665651 0.9999913573265076 -0.0013765713665634394 -0.004699370823800564 0.042825087904930115 0.0015430034836754203 0.9990813732147217 0.5054482817649841
1.244242 0.9989727735519409 0.0034312810748815536 -0.045183755457401276 -0.01974538527429104 -0.003484582994133234 0.9999933242797852 -0.0011009643785655499 -0.005480978637933731 0.04517966881394386 0.0012572798877954483 0.9989780783653259 0.5559109449386597
1.347979 0.9989086389541626 0.0003442140878178179 -0.04670828953385353 -0.02248496748507023 -0.000433502224041149 0.9999982118606567 -0.0019014955032616854 -0.005746475886553526 0.04670754447579384 0.0019196690991520882 0.9989067316055298 0.6063730120658875
1.451596 0.9988081455230713 0.0005060508847236633 -0.04880686104297638 -0.025009749457240105 -0.0005802829400636256 0.9999987483024597 -0.0015067772474139929 -0.00575231434777379 0.04880603775382042 0.001533303176984191 0.9988070130348206 0.6578332185745239
1.555212 0.9987396001815796 -0.0018759127706289291 -0.050158027559518814 -0.02766113169491291 0.0018263362580910325 0.9999978542327881 -0.001034206128679216 -0.006994291208684444 0.050159845501184464 0.0009412973886355758 0.9987407922744751 0.710004985332489
1.65896 0.9986717104911804 0.0004055640602018684 -0.05152423679828644 -0.031168218702077866 -0.0005463283741846681 0.9999962449073792 -0.002717941999435425 -0.008006557822227478 0.05152292549610138 0.0027424804866313934 0.9986681342124939 0.7614532709121704
1.762569 0.9985769391059875 0.0006841547437943518 -0.0533253476023674 -0.033790472894907 -0.0010199500247836113 0.9999799728393555 -0.006270138081163168 -0.00774015299975872 0.053319983184337616 0.006315605249255896 0.9985575079917908 0.8149629831314087
1.866302 0.9984721541404724 0.004957773722708225 -0.05503488704562187 -0.03741176426410675 -0.005427855998277664 0.9999500513076782 -0.008395316079258919 -0.0080040842294693 0.05499051883816719 0.008681211620569229 0.9984491467475891 0.8683457970619202
1.969923 0.9984301924705505 0.0059202006086707115 -0.05569680407643318 -0.0413353405892849 -0.006367028225213289 0.9999488592147827 -0.007848444394767284 -0.009279239922761917 0.05564749613404274 0.008190744556486607 0.9984170198440552 0.922480583190918
2.073666 0.9983689188957214 0.004880153574049473 -0.056883007287979126 -0.04484250769019127 -0.0051866862922906876 0.9999727606773376 -0.005242432467639446 -0.01085650734603405 0.056855883449316025 0.005528916604816914 0.9983670711517334 0.9766924977302551
2.177281 0.9982792735099792 0.005676401779055595 -0.05836202949285507 -0.04795645549893379 -0.005961016286164522 0.9999711513519287 -0.004703798331320286 -0.010988373309373856 0.058333635330200195 0.005043601617217064 0.9982842803001404 1.031528353691101
2.281017 0.9982689619064331 0.005454591941088438 -0.05856068432331085 -0.05215556174516678 -0.005737682338804007 0.9999726414680481 -0.004667096771299839 -0.0118003124371171 0.058533620089292526 0.004995021037757397 0.9982728362083435 1.0863505601882935
2.384639 0.9981337189674377 0.004817425739020109 -0.060874003916978836 -0.05486195534467697 -0.005162478424608707 0.9999715089797974 -0.005512293893843889 -0.012395791709423065 0.06084570288658142 0.005816267337650061 0.9981303215026855 1.1413843631744385
2.48825 0.9980241656303406 0.003940376453101635 -0.06270547956228256 -0.05786631256341934 -0.004331074655056 0.9999720454216003 -0.00609599007293582 -0.013578372076153755 0.06267969310283661 0.00635552778840065 0.9980134963989258 1.1969573497772217
2.591988 0.9980183243751526 0.0036561349406838417 -0.06281647831201553 -0.06177330017089844 -0.003950733691453934 0.9999817609786987 -0.004566261079162359 -0.013959601521492004 0.0627986490726471 0.004805384203791618 0.9980146288871765 1.2526040077209473
2.695832 0.9980250597000122 0.004771178588271141 -0.06263472139835358 -0.06574998795986176 -0.004858622793108225 0.9999874830245972 -0.0012438676785677671 -0.014771707355976105 0.06262799352407455 0.0015457305125892162 0.998035728931427 1.3090587854385376
2.799367 0.9980834722518921 0.005373953375965357 -0.06164846569299698 -0.06934444606304169 -0.005214122589677572 0.9999825954437256 0.0027531904634088278 -0.01550247985869646 0.06166218966245651 -0.002426471561193466 0.9980941414833069 1.364496111869812
2.903084 0.9981595277786255 0.00442068325355649 -0.060480453073978424 -0.07224999368190765 -0.004125361796468496 0.9999789595603943 0.005006901919841766 -0.015567561611533165 0.060501325875520706 -0.004748183768242598 0.9981567859649658 1.420485019683838
3.006768 0.9983044266700745 0.004486008547246456 -0.05803564935922623 -0.07667379826307297 -0.004118143580853939 0.9999707341194153 0.006456663832068443 -0.016327988356351852 0.05806291103363037 -0.006206718273460865 0.9982936382293701 1.477335810661316
3.110441 0.9983431696891785 0.005309807136654854 -0.05729549005627632 -0.07956913113594055 -0.005126227159053087 0.9999812841415405 0.0033506250474601984 -0.01651144027709961 0.05731219798326492 -0.003051365027204156 0.9983516931533813 1.5346460342407227
3.214057 0.9984215497970581 0.005946220364421606 -0.05584965646266937 -0.08371813595294952 -0.006052052602171898 0.9999802708625793 -0.001725996844470501 -0.016465209424495697 0.05583828687667847 0.0020612748339772224 0.9984377026557922 1.5917145013809204
3.317669 0.9984798431396484 0.005501804873347282 -0.05484188720583916 -0.08677075058221817 -0.005762884858995676 0.9999728202819824 -0.004603588953614235 -0.017159970477223396 0.05481506511569023 0.004912638571113348 0.9984845519065857 1.6491196155548096
3.421285 0.9985167980194092 0.003421128261834383 -0.05433618277311325 -0.08960976451635361 -0.003625699086114764 0.9999866485595703 -0.003666776930913329 -0.017948418855667114 0.054322920739650726 0.0038583450950682163 0.9985159039497375 1.7067980766296387
3.524925 0.9985219836235046 0.001527872052974999 -0.054327089339494705 -0.09277705103158951 -0.0014716451987624168 0.9999982714653015 0.0010749615030363202 -0.01832697167992592 0.054328639060258865 -0.0009934225818142295 0.9985225796699524 1.7656571865081787
3.628545 0.998508632183075 -0.0015161968767642975 -0.05457291379570961 -0.09652502834796906 0.0017410586588084698 0.9999901652336121 0.004073087126016617 -0.018642257899045944 0.05456619709730148 -0.004162026569247246 0.9985014200210571 1.824520468711853
3.732256 0.9983793497085571 -0.00901200994849205 -0.05619034543633461 -0.09855575859546661 0.009252823889255524 0.999949038028717 0.0040269591845571995 -0.019873272627592087 0.05615117773413658 -0.0045403530821204185 0.9984119534492493 1.882917881011963
3.835871 0.9982675313949585 -0.01053907535970211 -0.05788503959774971 -0.10231045633554459 0.010528410784900188 0.9999445080757141 -0.000489190686494112 -0.019800333306193352 0.057886961847543716 -0.00012109475210309029 0.9983231425285339 1.9418308734893799
3.939488 0.9982101321220398 -0.010855395346879959 -0.05881006643176079 -0.10575003176927567 0.010642320849001408 0.9999356269836426 -0.003935137297958136 -0.02056199312210083 0.05884897708892822 0.003302218858152628 0.9982613921165466 2.0005574226379395
4.043107 0.9981196522712708 -0.009617770090699196 -0.06053604930639267 -0.11011932790279388 0.00934743694961071 0.9999450445175171 -0.004747309722006321 -0.02097656950354576 0.0605783611536026 0.004172527231276035 0.9981546401977539 2.0598948001861572
4.146888 0.9980464577674866 -0.010029597207903862 -0.06166842207312584 -0.11367429792881012 0.009853878058493137 0.9999464750289917 -0.003152881981804967 -0.022009793668985367 0.06169675663113594 0.0025390491355210543 0.9980916380882263 2.120636224746704
4.25046 0.9980013370513916 -0.007224231027066708 -0.06278097629547119 -0.11771069467067719 0.007224202621728182 0.9999738931655884 -0.00022744527086615562 -0.022768521681427956 0.06278098374605179 -0.00022655166685581207 0.9980272650718689 2.179644823074341
4.354202 0.997929573059082 -0.006525149568915367 -0.06398531794548035 -0.1219145879149437 0.006604209542274475 0.9999776482582092 0.0010241633281111717 -0.023651907220482826 0.0639771893620491 -0.0014446149580180645 0.9979503154754639 2.2408764362335205
4.45794 0.9978768825531006 -0.005022342782467604 -0.0649351179599762 -0.12636229395866394 0.00525459973141551 0.9999803900718689 0.003406454809010029 -0.024108968675136566 0.06491673737764359 -0.003740430111065507 0.9978837370872498 2.3012051582336426
4.561559 0.9978641271591187 -0.005595544818788767 -0.06508444994688034 -0.12992094457149506 0.006046182010322809 0.9999591112136841 0.006728994660079479 -0.02470945194363594 0.06504413485527039 -0.007108132354915142 0.9978570342063904 2.3616158962249756
4.665293 0.9978757500648499 0.0009743612608872354 -0.065139539539814 -0.13480742275714874 -0.00041970718302764 0.999963641166687 0.008528013713657856 -0.024767661467194557 0.06514547765254974 -0.008482556790113449 0.9978396892547607 2.4212002754211426
4.768912 0.9978517889976501 0.0005401500966399908 -0.06551051139831543 -0.1390339583158493 -1.8213498833574704e-06 0.9999662041664124 0.0082172192633152 -0.025488179177045822 0.06551272422075272 -0.008199446834623814 0.9978180527687073 2.481910467147827
4.872532 0.9978318214416504 0.0006893619429320097 -0.06581370532512665 -0.14216971397399902 -0.00023365727975033224 0.9999759197235107 0.006931603886187077 -0.025938745588064194 0.06581690162420273 -0.006901197135448456 0.9978078603744507 2.541118621826172
4.976146 0.9978538751602173 0.0028187010902911425 -0.06542052328586578 -0.14762818813323975 -0.002557326341047883 0.9999884366989136 0.004078705795109272 -0.025819620117545128 0.06543125957250595 -0.003902650438249111 0.9978494644165039 2.601302146911621
5.079909 0.997788667678833 0.0027686625253409147 -0.06641052663326263 -0.15162745118141174 -0.0025001303292810917 0.9999883770942688 0.004126295447349548 -0.026481453329324722 0.06642118096351624 -0.003951135091483593 0.997783899307251 2.6606955528259277
5.183503 0.9977090358734131 0.0006817977409809828 -0.0676480159163475 -0.15552961826324463 -0.00032531769829802215 0.9999860525131226 0.005280514247715473 -0.026792889460921288 0.06765066087245941 -0.005246409215033054 0.99769526720047 2.7197470664978027
5.287117 0.9976407289505005 0.0015609742840752006 -0.06863462924957275 -0.15958331525325775 -0.0011267280206084251 0.9999791979789734 0.0063651870004832745 -0.027543161064386368 0.06864313781261444 -0.006272836122661829 0.9976215362548828 2.779144763946533
5.390861 0.9976382255554199 0.0033802411053329706 -0.06860358268022537 -0.16426853835582733 -0.003188846865668893 0.9999907612800598 0.0028991778381168842 -0.0279768705368042 0.06861274689435959 -0.0026735644787549973 0.9976397752761841 2.837228775024414
5.494473 0.9975540637969971 0.0038354815915226936 -0.06979284435510635 -0.16816574335098267 -0.003918848000466824 0.9999918341636658 -0.0010575999040156603 -0.028811410069465637 0.06978820264339447 0.0013285204768180847 0.9975609183311462 2.8953583240509033
5.598233 0.9975249171257019 0.005161668173968792 -0.07012330740690231 -0.1728493869304657 -0.005351993255317211 0.999982476234436 -0.0025265465956181288 -0.029338527470827103 0.07010902464389801 0.0028955929446965456 0.9975350499153137 2.9535021781921387
5.701829 0.9975059032440186 0.0037528146058321 -0.07048312574625015 -0.17695656418800354 -0.0036937384866178036 0.9999926686286926 0.0009684690739959478 -0.030042825266718864 0.07048624008893967 -0.000705707585439086 0.9975124597549438 3.0119974613189697
5.805571 0.9975332021713257 0.002248132834210992 -0.07015961408615112 -0.18118660151958466 -0.001962085487321019 0.9999896287918091 0.004145745187997818 -0.030903859063982964 0.07016818970441818 -0.003997859079390764 0.9975271821022034 3.0691821575164795
5.909185 0.9975070357322693 6.136429874459282e-05 -0.07056618481874466 -0.18506234884262085 0.00030093846726231277 0.9999868869781494 0.005123581737279892 -0.031861066818237305 0.07056558132171631 -0.005132044665515423 0.9974939227104187 3.127006769180298
6.012921 0.9975279569625854 -0.003341460833325982 -0.07019072026014328 -0.18944454193115234 0.003639236791059375 0.9999849796295166 0.00411492632701993 -0.03243853524327278 0.0701759085059166 -0.004360193852335215 0.9975250959396362 3.183804988861084
6.116541 0.9974748492240906 -0.0055949389934539795 -0.07080069184303284 -0.19330070912837982 0.005779020022600889 0.9999804496765137 0.002395414048805833 -0.03285624086856842 0.07078589498996735 -0.002798523521050811 0.9974876046180725 3.2403953075408936
6.220278 0.9974049925804138 -0.006073811557143927 -0.07173890620470047 -0.19770824909210205 0.006314885802567005 0.9999750852584839 0.003134113270789385 -0.033051177859306335 0.07171808928251266 -0.0035790023393929005 0.9974185228347778 3.298017740249634
6.323895 0.9972652196884155 -0.010471569374203682 -0.0731605812907219 -0.20085537433624268 0.011075158603489399 0.9999078512191772 0.007849392481148243 -0.033917784690856934 0.07307163625955582 -0.008638187311589718 0.99728924036026 3.3532018661499023
6.427659 0.9972090125083923 -0.011042247526347637 -0.0738399401307106 -0.20504462718963623 0.012043440714478493 0.9998412728309631 0.013127468526363373 -0.0345257930457592 0.07368326932191849 -0.013980112969875336 0.9971837401390076 3.4102416038513184
6.531383 0.9972305297851562 -0.009214318357408047 -0.07379984110593796 -0.20992660522460938 0.010359538719058037 0.99983149766922 0.015150192193686962 -0.03460210561752319 0.07364782691001892 -0.015872763469815254 0.9971579909324646 3.4659945964813232
6.634992 0.9971126317977905 -0.008385324850678444 -0.07547271996736526 -0.2138419896364212 0.00926179252564907 0.9998935461044312 0.011270534247159958 -0.03459393233060837 0.07537019997835159 -0.011937004514038563 0.9970841407775879 3.5216424465179443
6.738741 0.9970704913139343 -0.0060534351505339146 -0.07624830305576324 -0.2189076691865921 0.00632741954177618 0.9999743103981018 0.0033522695302963257 -0.035268381237983704 0.07622607052326202 -0.0038249045610427856 0.9970831871032715 3.576352119445801
6.84235 0.9969730973243713 -0.004786999896168709 -0.07759959250688553 -0.2230759561061859 0.0046937959268689156 0.9999880194664001 -0.0013834275305271149 -0.03558330982923508 0.07760529220104218 0.0010150033049285412 0.9969835877418518 3.630521059036255
6.945963 0.9969087839126587 -0.0005712288548238575 -0.07856574654579163 -0.2277139574289322 0.0005364760290831327 0.9999997019767761 -0.0004634378128685057 -0.036153506487607956 0.07856600731611252 0.0004198566311970353 0.9969087839126587 3.6843721866607666
7.049705 0.9968379735946655 0.0028369338251650333 -0.07941007614135742 -0.23272079229354858 -0.002692203503102064 0.9999945163726807 0.0019295774400234222 -0.037209250032901764 0.07941511273384094 -0.0017096883384510875 0.9968401193618774 3.7374918460845947
7.153323 0.9967652559280396 0.005338877439498901 -0.08019085973501205 -0.23739919066429138 -0.005069349426776171 0.9999808669090271 0.003564300714060664 -0.03809380531311035 0.08020833879709244 -0.0031462563201785088 0.9967731237411499 3.7892351150512695
7.256934 0.9966765642166138 0.0061125182546675205 -0.08122986555099487 -0.24130845069885254 -0.0058785839937627316 0.9999778866767883 0.003118757391348481 -0.038460150361061096 0.08124712109565735 -0.002630876377224922 0.9966905117034912 3.8393619060516357
7.360549 0.9965143203735352 0.008091336116194725 -0.08302779495716095 -0.24610939621925354 -0.007785567548125982 0.9999616146087646 0.004005866590887308 -0.039154961705207825 0.08305703103542328 -0.003345485543832183 0.9965391755104065 3.8904595375061035
7.464167 0.9964333772659302 0.010433872230350971 -0.08373548090457916 -0.25162145495414734 -0.010051349177956581 0.9999369978904724 0.004988513886928558 -0.04107333719730377 0.08378225564956665 -0.004129067528992891 0.9964755177497864 3.9403440952301025
7.567786 0.9962852597236633 0.009029008448123932 -0.0856383666396141 -0.25500425696372986 -0.008597375825047493 0.9999483823776245 0.005407668184489012 -0.041055962443351746 0.08568275719881058 -0.00465131551027298 0.9963117241859436 3.9889516830444336
7.671396 0.9961479902267456 0.008311199955642223 -0.08729357272386551 -0.2591690421104431 -0.007795016746968031 0.9999500513076782 0.006252404302358627 -0.041287459433078766 0.08734118193387985 -0.005547862965613604 0.9961630702018738 4.038753986358643
7.775144 0.9960074424743652 0.01110271830111742 -0.08857719600200653 -0.2637420892715454 -0.010374680161476135 0.999908447265625 0.00867542065680027 -0.04131849855184555 0.0886654257774353 -0.007721823640167713 0.9960315227508545 4.086555480957031
7.878754 0.9958975911140442 0.012454040348529816 -0.08962728828191757 -0.2685161232948303 -0.011353827081620693 0.9998539090156555 0.012774838134646416 -0.04175495728850365 0.08977331221103668 -0.011704815551638603 0.9958934783935547 4.132838726043701
7.982493 0.9956903457641602 0.016113556921482086 -0.09132932871580124 -0.27293121814727783 -0.01482903677970171 0.999781608581543 0.014725947752594948 -0.042109470814466476 0.09154664725065231 -0.013308157213032246 0.9957118630409241 4.179285049438477
8.086111 0.9955030083656311 0.018495017662644386 -0.09290673583745956 -0.2769320607185364 -0.017574064433574677 0.9997881054878235 0.010721107013523579 -0.04245828464627266 0.09308531135320663 -0.00904014427214861 0.995617151260376 4.223810195922852
8.189849 0.9953725337982178 0.018467819318175316 -0.09430104494094849 -0.28175196051597595 -0.018218111246824265 0.9998278617858887 0.0035082735121250153 -0.043333500623703 0.09434959292411804 -0.0017740493640303612 0.9955376386642456 4.267531394958496
8.29347 0.9952917098999023 0.01798889972269535 -0.09524077922105789 -0.28633758425712585 -0.018279271200299263 0.9998304843902588 -0.0021771166939288378 -0.044007159769535065 0.09518547356128693 0.003907798323780298 0.9954518675804138 4.309736728668213
8.397102 0.9952805042266846 0.019015755504369736 -0.09515827149152756 -0.29115068912506104 -0.019454462453722954 0.999803900718689 -0.0036846143193542957 -0.04403670132160187 0.0950695276260376 0.005518476478755474 0.9954553246498108 4.350142002105713
8.500847 0.9951441287994385 0.021297598257660866 -0.0960964635014534 -0.29522567987442017 -0.021409621462225914 0.9997707605361938 -0.0001347241923213005 -0.0445813313126564 0.09607154875993729 0.002191457897424698 0.9953719973564148 4.389743804931641
8.604438 0.9949421882629395 0.02188173122704029 -0.09803704172372818 -0.2987580895423889 -0.021704116836190224 0.9997602105140686 0.002877978142350912 -0.0465911403298378 0.09807652980089188 -0.0007356146816164255 0.9951786398887634 4.4306464195251465
8.708175 0.9949117302894592 0.018652617931365967 -0.09900905191898346 -0.30219757556915283 -0.018755929544568062 0.999824047088623 -0.00011269235983490944 -0.04749143123626709 0.09898953884840012 0.0019691255874931812 0.9950865507125854 4.467901229858398
8.811795 0.994990348815918 0.010760239325463772 -0.09939047694206238 -0.30474260449409485 -0.011343136429786682 0.9999215602874756 -0.005301448982208967 -0.04829839617013931 0.09932563453912735 0.00640229182317853 0.9950344562530518 4.503959655761719
8.915403 0.9951602220535278 0.006802319083362818 -0.09803003072738647 -0.30838441848754883 -0.007822972722351551 0.999919056892395 -0.01003101747483015 -0.049143534153699875 0.09795386344194412 0.01074935682117939 0.9951329827308655 4.539224624633789
9.019162 0.9954455494880676 0.008967356756329536 -0.09490937739610672 -0.31210002303123474 -0.01006424892693758 0.9998879432678223 -0.011084885336458683 -0.04892049357295036 0.09479932487010956 0.011989588849246502 0.995424211025238 4.575501441955566
9.12289 0.9957728385925293 0.013882583007216454 -0.09079507738351822 -0.3156816363334656 -0.014703049324452877 0.9998568296432495 -0.008373812772333622 -0.04948556050658226 0.09066583216190338 0.009673376567661762 0.9958344101905823 4.608634948730469
9.226512 0.9962453246116638 0.012341751717031002 -0.08569172769784927 -0.31880927085876465 -0.012800846248865128 0.9999065399169922 -0.00481007806956768 -0.050716884434223175 0.0856243446469307 0.005888942629098892 0.9963101148605347 4.642301082611084
9.330247 0.9967220425605774 0.008764831349253654 -0.08042614161968231 -0.32053616642951965 -0.008860798552632332 0.9999603629112244 -0.0008364130044355989 -0.05102039501070976 0.08041562885046005 0.0015463109593838453 0.9967602491378784 4.675603866577148
9.433986 0.9973607063293457 0.004333375487476587 -0.07247676700353622 -0.3218972682952881 -0.004201843403279781 0.9999892711639404 0.0019671914633363485 -0.05116148293018341 0.07248452305793762 -0.0016574636101722717 0.9973682165145874 4.706899642944336
9.537749 0.9981162548065186 0.008063387125730515 -0.06081998720765114 -0.32479798793792725 -0.007965868338942528 0.9999666213989258 0.0018457011319696903 -0.051799800246953964 0.06083285063505173 -0.001357739674858749 0.9981470108032227 4.737975597381592
9.641587 0.9988478422164917 0.01312272623181343 -0.046159759163856506 -0.32588401436805725 -0.01305825263261795 0.9999133348464966 0.001698011183179915 -0.05269956961274147 0.04617803543806076 -0.0010932893492281437 0.9989325404167175 4.768056392669678
9.745342 0.9994513392448425 0.018434399738907814 -0.02751861698925495 -0.32693493366241455 -0.018365461379289627 0.9998275637626648 0.0027558235451579094 -0.05339999869465828 0.027564669027924538 -0.0022489195689558983 0.9996173977851868 4.7970290184021
9.849229 0.9998471736907959 0.01658046618103981 -0.00553971529006958 -0.32601892948150635 -0.016566110774874687 0.9998593926429749 0.002627070527523756 -0.05343101918697357 0.00558248907327652 -0.002534897532314062 0.9999812245368958 4.825776100158691
9.953059 0.9997100234031677 0.013258740305900574 0.020105428993701935 -0.32375478744506836 -0.013326170854270458 0.9999060034751892 0.003223391016945243 -0.05354488641023636 -0.02006080001592636 -0.003490384900942445 0.9997926354408264 4.853967189788818
10.05693 0.998686671257019 0.012070887722074986 0.04979346692562103 -0.3213421702384949 -0.012338641099631786 0.9999110102653503 0.0050733331590890884 -0.05430842190980911 -0.04972779005765915 -0.0056810537353158 0.9987466931343079 4.881121635437012
10.16083 0.996469259262085 0.011707860045135021 0.08313914388418198 -0.31798097491264343 -0.012253244407474995 0.9999067187309265 0.0060526542365550995 -0.05439872667193413 -0.08306051045656204 -0.007050007581710815 0.9965196251869202 4.908036708831787
10.26466 0.992601215839386 0.011924502439796925 0.12083298712968826 -0.313551664352417 -0.012822238728404045 0.9998956322669983 0.006654746830463409 -0.054807551205158234 -0.12074100971221924 -0.008154857903718948 0.9926505088806152 4.934336185455322
10.36867 0.9867648482322693 0.011873621493577957 0.16172251105308533 -0.30806994438171387 -0.013040412217378616 0.9998959898948669 0.006155188661068678 -0.0550428181886673 -0.16163259744644165 -0.008182652294635773 0.986816942691803 4.9584550857543945
10.47264 0.978082001209259 0.011853903532028198 0.20788240432739258 -0.3016362190246582 -0.013543844223022461 0.9998857975006104 0.006707824766635895 -0.0557698979973793 -0.2077791541814804 -0.009376331232488155 0.9781307578086853 4.984232425689697
10.57663 0.9663712978363037 0.013765595853328705 0.2567819058895111 -0.2939136028289795 -0.015603141859173775 0.9998651742935181 0.0051198685541749 -0.056760333478450775 -0.2566767930984497 -0.008954297751188278 0.9664558172225952 5.007699489593506
10.68062 0.950893223285675 0.01410146988928318 0.30919787287712097 -0.28415679931640625 -0.015694627538323402 0.9998732209205627 0.0026657069101929665 -0.0577714778482914 -0.30912110209465027 -0.007387547288089991 0.9509940147399902 5.030558109283447
10.78461 0.931056797504425 0.014843837358057499 0.3645724356174469 -0.2731529474258423 -0.015734443441033363 0.9998760223388672 -0.0005275784060359001 -0.05764865502715111 -0.3645350933074951 -0.0052451384253799915 0.9311749339103699 5.052640438079834
10.88875 0.9066430926322937 0.015736006200313568 0.42160487174987793 -0.2612801790237427 -0.015950476750731468 0.9998682141304016 -0.0030183326452970505 -0.05767465755343437 -0.42159679532051086 -0.003988248761743307 0.906774640083313 5.073127746582031
10.99272 0.8769980669021606 0.01630326546728611 0.4802172780036926 -0.2485504150390625 -0.01567871868610382 0.9998629689216614 -0.005311824847012758 -0.057918425649404526 -0.480238139629364 -0.0028707312885671854 0.8771335482597351 5.093516826629639
11.09659 0.8435875773429871 0.014403951354324818 0.5367982983589172 -0.23389220237731934 -0.012623745948076248 0.9998958706855774 -0.006991853471845388 -0.058860376477241516 -0.5368430614471436 -0.0008781632641330361 0.8436816930770874 5.111717224121094
11.20057 0.8067966103553772 0.014712586998939514 0.5906462669372559 -0.21810507774353027 -0.01179127674549818 0.9998916983604431 -0.008800255134701729 -0.05918121337890625 -0.5907118320465088 0.00013554381439462304 0.8068826198577881 5.128780841827393
11.30431 0.7665936946868896 0.012464047409594059 0.6420115828514099 -0.20138216018676758 -0.009868640452623367 0.9999222755432129 -0.007628898601979017 -0.05999894440174103 -0.6420567631721497 -0.00048751506255939603 0.7666569948196411 5.145326614379883
11.40818 0.7236586213111877 0.01256630104035139 0.6900438070297241 -0.18365836143493652 -0.011199845932424068 0.9999164342880249 -0.006463915109634399 -0.06007056683301926 -0.6900672912597656 -0.003050718456506729 0.7237387299537659 5.160761833190918
11.51192 0.6778613328933716 0.011816602200269699 0.7350949048995972 -0.16537094116210938 -0.01100268866866827 0.9999219179153442 -0.00592764699831605 -0.06066816300153732 -0.7351074814796448 -0.004069898743182421 0.6779383420944214 5.174818992614746
11.61553 0.6315035820007324 0.010514229536056519 0.7753017544746399 -0.1456162929534912 -0.007271016016602516 0.9999444484710693 -0.0076382821425795555 -0.0610637366771698 -0.7753389477729797 -0.0008136297110468149 0.631544828414917 5.187295913696289
11.71927 0.5850731134414673 0.007576473522931337 0.8109450936317444 -0.1256239414215088 -0.0017443741671741009 0.9999657273292542 -0.00808393582701683 -0.06207641214132309 -0.8109787702560425 0.003315101144835353 0.5850663781166077 5.1976213455200195
11.82277 0.5391444563865662 0.009665477089583874 0.8421579003334045 -0.10479021072387695 -0.003536116797477007 0.9999512434005737 -0.009212679229676723 -0.06279413402080536 -0.8422059416770935 0.001988994888961315 0.5391523838043213 5.20749568939209
11.92638 0.4918883740901947 0.012435391545295715 0.8705695271492004 -0.08430051803588867 -0.00762269226834178 0.9999212026596069 -0.009976111352443695 -0.0635591521859169 -0.8706249594688416 -0.0017289507668465376 0.491944283246994 5.2169575691223145
12.03 0.4448924958705902 0.01468660868704319 0.8954634666442871 -0.06348705291748047 -0.007856935262680054 0.9998910427093506 -0.012495781295001507 -0.06390979886054993 -0.8955494165420532 -0.00147631939034909 0.4449593722820282 5.226461410522461
12.13361 0.4016183614730835 0.011495501734316349 0.9157350063323975 -0.042752742767333984 -0.0006453552632592618 0.9999244809150696 -0.012269321829080582 -0.06491369009017944 -0.9158068895339966 0.004336610436439514 0.4015955328941345 5.2334303855896
12.2371 0.36317211389541626 0.004776032641530037 0.931709885597229 -0.019188404083251953 0.014570174738764763 0.9998354911804199 -0.010804574936628342 -0.06473751366138458 -0.931608259677887 0.01749909482896328 0.3630427122116089 5.23865270614624
12.3406 0.32828572392463684 0.0012495056726038456 0.944577693939209 0.0034865140914916992 0.018634706735610962 0.9997959733009338 -0.007798997685313225 -0.06502965092658997 -0.9443946480751038 0.020162224769592285 0.32819539308547974 5.2440009117126465
12.44411 0.2954353988170624 0.005630054511129856 0.9553461670875549 0.02644479274749756 0.01571642979979515 0.9998186826705933 -0.010752355679869652 -0.06539129465818405 -0.9552334547042847 0.018191255629062653 0.29529327154159546 5.249960422515869
12.54767 0.2643256187438965 0.013615455478429794 0.9643374681472778 0.049302101135253906 0.005235705990344286 0.9998652935028076 -0.015552185475826263 -0.0660620853304863 -0.9644193053245544 0.009159826673567295 0.2642187178134918 5.2562031745910645
12.65107 0.2357679009437561 0.017459813505411148 0.9716525673866272 0.07321023941040039 0.0011938312090933323 0.9998326301574707 -0.018255868926644325 -0.06728251278400421 -0.971808671951294 0.005464137531816959 0.235707625746727 5.261514186859131
12.75469 0.2104290872812271 0.019076811149716377 0.9774230122566223 0.09765946865081787 0.0019387074280530214 0.9997994899749756 -0.019930921494960785 -0.06838618218898773 -0.977607250213623 0.006088983733206987 0.2103499323129654 5.265285968780518
12.85806 0.18663933873176575 0.020544040948152542 0.9822136163711548 0.12254989147186279 0.009113072417676449 0.9997021555900574 -0.022641483694314957 -0.0691264420747757 -0.9823862910270691 0.013176776468753815 0.186396524310112 5.26862907409668
12.96167 0.16685034334659576 0.02664785645902157 0.985622227191925 0.14812183380126953 0.016602592542767525 0.9994170069694519 -0.02983138896524906 -0.06923845410346985 -0.9858424663543701 0.02134126052260399 0.16631068289279938 5.271059989929199
13.0652 0.14688803255558014 0.033032212406396866 0.988601565361023 0.17447340488433838 0.018327808007597923 0.9991797804832458 -0.03610885143280029 -0.06955738365650177 -0.9889833331108093 0.023422852158546448 0.14616215229034424 5.274138927459717
13.16877 0.12898766994476318 0.03423837199807167 0.991054892539978 0.20232325792312622 0.016497302800416946 0.9991914629936218 -0.036666613072156906 -0.07020097970962524 -0.9915089011192322 0.021079275757074356 0.12831848859786987 5.277782917022705
13.27235 0.11348927021026611 0.029758311808109283 0.9930934309959412 0.2307031750679016 0.014915432780981064 0.9993877410888672 -0.03165142983198166 -0.07167239487171173 -0.9934272170066833 0.01840451918542385 0.11297595500946045 5.2805657386779785
13.37588 0.09828168153762817 0.026347804814577103 0.9948098063468933 0.25992512702941895 0.015483519993722439 0.9994879961013794 -0.028001394122838974 -0.07306982576847076 -0.9950380921363831 0.018155183643102646 0.09782341122627258 5.2830634117126465
13.4795 0.08577914535999298 0.024604937061667442 0.9960103631019592 0.2901713252067566 0.018008647486567497 0.999493420124054 -0.026241935789585114 -0.07354030758142471 -0.9961514472961426 0.02018781192600727 0.08529260009527206 5.284446716308594
13.58311 0.07441417127847672 0.023345421999692917 0.9969542026519775 0.32181069254875183 0.021104156970977783 0.9994652271270752 -0.024979470297694206 -0.07493121922016144 -0.9970040321350098 0.022898705676198006 0.07388169318437576 5.285892486572266
13.68672 0.06327158212661743 0.02403019182384014 0.9977070689201355 0.35254478454589844 0.024262363091111183 0.9993776082992554 -0.025609076023101807 -0.07606736570596695 -0.9977012872695923 0.02582705393433571 0.0626491978764534 5.2878594398498535
13.79034 0.05753246694803238 0.025063378736376762 0.9980290532112122 0.38583904504776 0.026067156344652176 0.9993063807487488 -0.0265981275588274 -0.07696692645549774 -0.9980033040046692 0.02754603885114193 0.056839246302843094 5.287755966186523
13.89395 0.05020852014422417 0.024921735748648643 0.9984277486801147 0.4196411073207855 0.028379259631037712 0.999249279499054 -0.0263693705201149 -0.07808039337396622 -0.9983353614807129 0.02965860441327095 0.04946357011795044 5.2905168533325195
13.99767 0.04539868235588074 0.026229800656437874 0.9986245036125183 0.45504510402679443 0.02930939383804798 0.9991899728775024 -0.027577092871069908 -0.07905574887990952 -0.9985387325286865 0.03052104450762272 0.044593121856451035 5.291260719299316
14.1013 0.03857295960187912 0.026540908962488174 0.998903214931488 0.4907940626144409 0.030128467828035355 0.9991618394851685 -0.02771119400858879 -0.08044639974832535 -0.9988014101982117 0.031164327636361122 0.037741001695394516 5.293017387390137
14.20492 0.03394065797328949 0.026347734034061432 0.9990764856338501 0.5288701057434082 0.032218992710113525 0.9991040825843811 -0.02744300290942192 -0.08175995945930481 -0.9989043474197388 0.033120669424533844 0.03306135535240173 5.294294834136963
14.30854 0.0314938947558403 0.0266738161444664 0.9991479516029358 0.5668240785598755 0.03408248722553253 0.9990338087081909 -0.0277450792491436 -0.08277735114097595 -0.99892258644104 0.03492724522948265 0.03055434487760067 5.295040130615234
14.41227 0.028093555942177773 0.026247113943099976 0.999260663986206 0.6065707802772522 0.03451232612133026 0.9990337491035461 -0.027211444452404976 -0.08413336426019669 -0.9990092515945435 0.035251278430223465 0.027160558849573135 5.296324253082275
14.51589 0.025796042755246162 0.025488410145044327 0.9993423223495483 0.6473928689956665 0.03654724732041359 0.9989826679229736 -0.02642262913286686 -0.08550985157489777 -0.9989988803863525 0.037204809486866 0.024838265031576157 5.297060012817383
14.61968 0.025308804586529732 0.0256488136947155 0.9993506073951721 0.6901038885116577 0.041056834161281586 0.9988006353378296 -0.026674477383494377 -0.08610661327838898 -0.9988362193107605 0.04170527309179306 0.024225395172834396 5.2979865074157715
14.72326 0.026593120768666267 0.024711159989237785 0.999340832233429 0.7333303689956665 0.044421903789043427 0.998677670955658 -0.025876855477690697 -0.08823862671852112 -0.9986587762832642 0.045080769807100296 0.025460239499807358 5.2977681159973145
14.82686 0.02998318523168564 0.02523665875196457 0.9992316961288452 0.777693510055542 0.04657625034451485 0.9985600709915161 -0.026617273688316345 -0.08887790143489838 -0.9984646439552307 0.04733854532241821 0.02876458130776882 5.297502040863037
14.93048 0.03262864053249359 0.024721810594201088 0.9991617202758789 0.8226290345191956 0.04860224202275276 0.9984720945358276 -0.02629190869629383 -0.09108472615480423 -0.9982851147651672 0.049419376999139786 0.03137725591659546 5.3005523681640625
15.0341 0.037276092916727066 0.02412695810198784 0.9990136027336121 0.8698285818099976 0.048815514892339706 0.9984710216522217 -0.025935299694538116 -0.0923711434006691 -0.9981120228767395 0.04973413422703743 0.03604133054614067 5.302085876464844
15.13784 0.040692172944545746 0.022697914391756058 0.9989138245582581 0.9158473610877991 0.05043516308069229 0.998420774936676 -0.024741264060139656 -0.09378430247306824 -0.9978979825973511 0.051387157291173935 0.03948313370347023 5.304750919342041
15.24145 0.04502870887517929 0.020991655066609383 0.9987651109695435 0.9652836918830872 0.050442758947610855 0.9984560608863831 -0.023259341716766357 -0.0951809287071228 -0.9977113604545593 0.051427796483039856 0.04390031844377518 5.306567668914795
15.34508 0.048906199634075165 0.019013699144124985 0.9986223578453064 1.013305902481079 0.047318000346422195 0.9986520409584045 -0.021331602707505226 -0.09625899791717529 -0.9976818561553955 0.04829605668783188 0.04794058948755264 5.309478282928467
15.44881 0.05320088937878609 0.017865285277366638 0.9984239935874939 1.0639564990997314 0.04664991796016693 0.9987038373947144 -0.02035602740943432 -0.09784771502017975 -0.99749356508255 0.047659359872341156 0.05229852348566055 5.312420845031738
15.55255 0.05703023821115494 0.01860380731523037 0.9981991052627563 1.1151617765426636 0.04355429857969284 0.9988281726837158 -0.02110392600297928 -0.09989213943481445 -0.99742192029953 0.044679418206214905 0.056153129786252975 5.315878391265869
15.65617 0.06038784235715866 0.022663947194814682 0.9979175925254822 1.167065978050232 0.04138945788145065 0.9988256096839905 -0.025189196690917015 -0.10168713331222534 -0.9973164200782776 0.0428243950009346 0.05937886983156204 5.319240093231201
15.7599 0.061680156737565994 0.027549143880605698 0.9977157115936279 1.2189708948135376 0.03571286424994469 0.9989180564880371 -0.029790163040161133 -0.10383521020412445 -0.9974567294120789 0.03746875375509262 0.060629554092884064 5.323193073272705
15.86364 0.06117308884859085 0.031139224767684937 0.9976414442062378 1.2676711082458496 0.03262029215693474 0.9989169239997864 -0.03317923843860626 -0.10525590181350708 -0.9975939989089966 0.0345730260014534 0.06009107455611229 5.327059745788574
15.96739 0.06171057000756264 0.031084422022104263 0.9976099729537964 1.320042610168457 0.029844040051102638 0.9990105032920837 -0.032974161207675934 -0.10704289376735687 -0.9976478219032288 0.031807564198970795 0.06072182580828667 5.330119609832764
16.07102 0.0611027292907238 0.02894516848027706 0.9977118968963623 1.3704450130462646 0.027732066810131073 0.9991443753242493 -0.030685123056173325 -0.10949385166168213 -0.9977461695671082 0.02954355627298355 0.060247745364904404 5.334295749664307
16.17474 0.06093217805027962 0.02766657993197441 0.9977585077285767 1.4220348596572876 0.028407160192728043 0.9991629123687744 -0.029440319165587425 -0.11195461452007294 -0.9977375864982605 0.03013734705746174 0.06009523198008537 5.337535858154297
16.27845 0.061158619821071625 0.02649785950779915 0.9977763891220093 1.4749829769134521 0.026241740211844444 0.9992594122886658 -0.02814573422074318 -0.11459715664386749 -0.9977831244468689 0.02790473960340023 0.06041797623038292 5.3412957191467285
16.38209 0.061349011957645416 0.027256861329078674 0.9977441430091858 1.5241281986236572 0.02390914596617222 0.9993000030517578 -0.028769487515091896 -0.11633538454771042 -0.9978299140930176 0.025620190426707268 0.06065438315272331 5.344956874847412
