1403638130.595097 0.999642014503479 -0.006931893993169069 -0.02584119886159897 -0.001892280182801187 0.0062587265856564045 0.9996412992477417 -0.026040637865662575 -0.014721306972205639 0.026012439280748367 0.0258695837110281 0.9993268251419067 -0.005200230050832033
1403638130.645097 0.9996742606163025 -0.006545533891767263 -0.02466951124370098 -0.002193340566009283 0.005642291624099016 0.999317467212677 -0.03650713711977005 -0.017833787947893143 0.024891627952456474 0.03635605424642563 0.9990289807319641 -0.006425024941563606
1403638130.695097 0.9994746446609497 -0.019434263929724693 -0.025935089215636253 -0.002525010146200657 0.01817631721496582 0.9986872673034668 -0.04788827523589134 -0.022849248722195625 0.026831714436411858 0.047391701489686966 0.9985159635543823 -0.008542010560631752
1403638130.745097 0.9986257553100586 -0.04230423644185066 -0.030932357534766197 -0.002850507851690054 0.040279094129800797 0.9971752762794495 -0.06339629739522934 -0.023633841425180435 0.033526912331581116 0.062063250690698624 0.9975089430809021 -0.00960227195173502
1403638130.795097 0.9973363876342773 -0.06188423931598663 -0.03860563412308693 -0.001867606770247221 0.0590069554746151 0.9956809878349304 -0.0716778114438057 -0.025257796049118042 0.042874619364738464 0.06920889019966125 0.9966804385185242 -0.009937862865626812
1403638130.845097 0.9969070553779602 -0.06630811840295792 -0.042182885110378265 -0.003361416282132268 0.06310151517391205 0.9953134059906006 -0.07327614724636078 -0.02654218301177025 0.0468439906835556 0.07038769870996475 0.9964191913604736 -0.010205145925283432
1403638130.895097 0.9963914155960083 -0.07087785005569458 -0.04669486731290817 -0.0027995877899229527 0.06721896678209305 0.9948586821556091 -0.07574804127216339 -0.02968641184270382 0.05182366073131561 0.07233593612909317 0.9960330128669739 -0.01110866665840149
1403638130.945097 0.9962714910507202 -0.07491185516119003 -0.04279644414782524 -0.002791457111015916 0.07090336084365845 0.9935454726219177 -0.08854354172945023 -0.030800821259617805 0.04915318638086319 0.08517898619174957 0.9951525330543518 -0.011804965324699879
1403638130.9950972 0.9962122440338135 -0.07930643111467361 -0.035659655928611755 -0.0018939332803711295 0.0749870240688324 0.9911612868309021 -0.10943618416786194 -0.029751373454928398 0.04402346536517143 0.10634766519069672 0.9933539032936096 -0.011598384939134121
1403638131.0450969 0.9959443807601929 -0.0848361924290657 -0.02995675802230835 -0.0021820715628564358 0.08043740689754486 0.9887725114822388 -0.12593181431293488 -0.03001057170331478 0.040303997695446014 0.12301144748926163 0.9915865063667297 -0.012043595314025879
1403638131.095097 0.996280312538147 -0.0823371559381485 -0.02541768178343773 -0.0022172408644109964 0.07831168919801712 0.9882025122642517 -0.13161730766296387 -0.028806423768401146 0.03595481067895889 0.12913723289966583 0.9909746646881104 -0.011508707888424397
1403638131.145097 0.9969614148139954 -0.07374618947505951 -0.025089336559176445 -0.0016815168783068657 0.07014995068311691 0.9899952411651611 -0.12242679297924042 -0.02846839837729931 0.03386683762073517 0.12029477953910828 0.9921603798866272 -0.011150355450809002
1403638131.195097 0.9980729222297668 -0.05691488832235336 -0.024722112342715263 -0.00141614128369838 0.05403756722807884 0.9930461645126343 -0.10459029674530029 -0.027688350528478622 0.03050294704735279 0.10305280983448029 0.9942080974578857 -0.010331349447369576
1403638131.245097 0.9990885853767395 -0.03544550761580467 -0.02378167398273945 -0.0007232188945636153 0.03333548828959465 0.9959152340888977 -0.08391422778367996 -0.025716286152601242 0.026658914983272552 0.08304497599601746 0.9961892366409302 -0.009749043732881546
1403638131.295097 0.9995192885398865 -0.020839927718043327 -0.022950829938054085 -0.0020062876865267754 0.01922166347503662 0.9974586963653564 -0.06860510259866714 -0.02337370254099369 0.024322230368852615 0.0681309849023819 0.9973799586296082 -0.008645325899124146
1403638131.345097 0.9996205568313599 -0.015157779678702354 -0.02300013042986393 -0.0012958580628037453 0.01370213832706213 0.9979710578918457 -0.06217719241976738 -0.020610686391592026 0.023895936086773872 0.06183844432234764 0.9978000521659851 -0.007979783229529858
1403638131.395097 0.9996373653411865 -0.0163378044962883 -0.021404841914772987 -0.00070624437648803 0.015001480467617512 0.9980145692825317 -0.06116963177919388 -0.01927356608211994 0.022361725568771362 0.06082635372877121 0.9978978037834167 -0.007873207330703735
1403638131.445097 0.9996743202209473 -0.017482513561844826 -0.018586810678243637 -0.000949281791690737 0.016253046691417694 0.997794508934021 -0.06435764580965042 -0.01665407605469227 0.01967095024883747 0.0640346109867096 0.9977537989616394 -0.007098684087395668
1403638131.4950972 0.9998965263366699 -0.007212646771222353 -0.012446697801351547 -0.0006026616902090609 0.006416106130927801 0.9979997873306274 -0.06289040297269821 -0.015056846663355827 0.012875406071543694 0.06280403584241867 0.9979428052902222 -0.006597907282412052
1403638131.5450969 0.9999383091926575 -0.004129305947571993 -0.010308094322681427 -0.0010592130711302161 0.003524899249896407 0.9983115196228027 -0.05797895789146423 -0.012262079864740372 0.010530102998018265 0.057939041405916214 0.9982645511627197 -0.0049697295762598515
1403638131.595097 0.9999464154243469 -0.0014988163020461798 -0.010237716138362885 0.00010604308045003563 0.0009809938492253423 0.9987286329269409 -0.05039885640144348 -0.010311136022210121 0.010300240479409695 0.05038611963391304 0.9986767172813416 -0.004837374202907085
1403638131.645097 0.9999342560768127 0.004053725861012936 -0.010726943612098694 0.0003287899016868323 -0.004542292561382055 0.998934805393219 -0.045920480042696 -0.00774754025042057 0.01052936539053917 0.04596617817878723 0.9988875389099121 -0.003983339294791222
1403638131.695097 0.9999221563339233 0.00861234962940216 -0.00902541447430849 0.0007586059509776533 -0.009020665660500526 0.9988905787467957 -0.046221774071455 -0.005138255190104246 0.008617320097982883 0.04629959166049957 0.9988905191421509 -0.003499909769743681
1403638131.745097 0.9998888373374939 0.012651901692152023 -0.007892478257417679 0.0010237134993076324 -0.013004692271351814 0.9988394379615784 -0.04637724533677101 -0.0024625605437904596 0.007296557538211346 0.04647473618388176 0.9988927841186523 -0.0025559929199516773
1403638131.795097 0.9997297525405884 0.023036498576402664 -0.0031039640307426453 0.0016448466340079904 -0.023152107372879982 0.9987362623214722 -0.04460804536938667 0.0014280038885772228 0.002072427421808243 0.044667862355709076 0.9989997744560242 -0.0016687157331034541
1403638131.845097 0.9994233250617981 0.033802736550569534 0.003213318297639489 0.0016615531640127301 -0.03364276513457298 0.9985921382904053 -0.04101063311100006 0.003807550761848688 -0.0045950631611049175 0.040878891944885254 0.9991534948348999 -0.0003136865852866322
1403638131.895097 0.999184250831604 0.039620205760002136 0.0078084999695420265 0.002154142828658223 -0.039283234626054764 0.9984509944915771 -0.039400260895490646 0.006249640602618456 -0.009357450529932976 0.03906138241291046 0.999193012714386 7.429801917169243e-05
1403638131.945097 0.9989678263664246 0.04424741864204407 0.01026633195579052 0.0023815762251615524 -0.04381616786122322 0.9982784390449524 -0.038992300629615784 0.008657578378915787 -0.011973965913057327 0.038502223789691925 0.9991868734359741 0.0006696816417388618
1403638131.9950972 0.9982627034187317 0.0578024722635746 0.01142562460154295 0.0029273689724504948 -0.057376209646463394 0.997750997543335 -0.03465418517589569 0.011859939433634281 -0.013403032906353474 0.03393842652440071 0.9993339776992798 0.0018065994372591376
1403638132.0450969 0.9970210194587708 0.07647239416837692 0.010055719874799252 0.0029651112854480743 -0.07619279623031616 0.9967607855796814 -0.02574320137500763 0.013605424202978611 -0.011991786770522594 0.024900346994400024 0.9996179938316345 0.002005990594625473
1403638132.095097 0.9955092072486877 0.09424426406621933 0.008921105414628983 0.0030026191379874945 -0.0941239520907402 0.9954747557640076 -0.013063186779618263 0.014269111678004265 -0.010111859068274498 0.01216484047472477 0.9998748898506165 0.0020522666163742542
1403638132.145097 0.9944117069244385 0.10539856553077698 0.00604149978607893 0.0027154749259352684 -0.10536040365695953 0.9944139719009399 -0.006323746871203184 0.011686524376273155 -0.006674265954643488 0.00565187307074666 0.9999617338180542 0.0013879942707717419
1403638132.195097 0.9944290518760681 0.1053745299577713 0.0026452846359461546 0.0026195680256932974 -0.10534561425447464 0.9943914413452148 -0.00937280897051096 0.01038442738354206 -0.003618103452026844 0.009041925892233849 0.9999525547027588 0.00109888706356287
1403638132.245097 0.9955934882164001 0.09370613843202591 -0.003566029481589794 0.002165535232052207 -0.09376243501901627 0.9953473806381226 -0.02218644507229328 0.00714975455775857 0.0014704319182783365 0.022423038259148598 0.9997474551200867 -0.00013440630573313683
1403638132.295097 0.996830403804779 0.0788196250796318 -0.010796924121677876 0.0018944330513477325 -0.07917344570159912 0.9961503148078918 -0.0376320481300354 0.004301259759813547 0.007789216004312038 0.03836760297417641 0.9992333054542542 -0.0013235645601525903
1403638132.345097 0.9973926544189453 0.07052796334028244 -0.015286765061318874 0.001709084608592093 -0.07119445502758026 0.9962759017944336 -0.048638224601745605 0.0015098819276317954 0.011799479834735394 0.04959974065423012 0.998699426651001 -0.002299345564097166
1403638132.395097 0.9981240630149841 0.05518362298607826 -0.026515448465943336 0.0013526416150853038 -0.05652044340968132 0.9970130324363708 -0.052634477615356445 -0.002067782450467348 0.023531686514616013 0.05403440445661545 0.9982618093490601 -0.003917503170669079
1403638132.445097 0.9986163377761841 0.03839459270238876 -0.03593087196350098 0.0014205473707988858 -0.040631912648677826 0.9971376061439514 -0.06376170367002487 -0.0027756618801504374 0.03337991237640381 0.06513345241546631 0.9973180890083313 -0.004582121502608061
1403638132.4950972 0.9988569617271423 0.01356952078640461 -0.04583302512764931 0.0009819634724408388 -0.01725006476044655 0.9965739846229553 -0.08088743686676025 -0.007233031559735537 0.044578395783901215 0.0815855860710144 0.9956688284873962 -0.0063172029331326485
1403638132.5450969 0.9985668659210205 -0.010557040572166443 -0.052466604858636856 5.49370888620615e-05 0.004997794050723314 0.9944617748260498 -0.10497989505529404 -0.010580044239759445 0.05328431725502014 0.10456724464893341 0.9930893182754517 -0.006860261783003807
1403638132.595097 0.9977457523345947 -0.032195404171943665 -0.05887988209724426 0.0007109925500117242 0.02453538216650486 0.9916658401489258 -0.12647807598114014 -0.014084288850426674 0.062461186200380325 0.12474828958511353 0.9902204871177673 -0.009341639466583729
1403638132.645097 0.9970859885215759 -0.044240888208150864 -0.06214795634150505 -0.00010849727550521493 0.03547891229391098 0.9901255369186401 -0.13561995327472687 -0.01627853885293007 0.06753423064947128 0.1330198049545288 0.9888099431991577 -0.009101985022425652
1403638132.695097 0.9968230724334717 -0.04597581550478935 -0.06503715366125107 -0.00021276890765875578 0.03751236945390701 0.991340696811676 -0.12584327161312103 -0.01873418688774109 0.07025972753763199 0.12300380319356918 0.9899158477783203 -0.010291317477822304
1403638132.745097 0.9966010451316833 -0.04776915907859802 -0.06711430102586746 -0.0013336176052689552 0.039962075650691986 0.9927681684494019 -0.11320150643587112 -0.020335175096988678 0.07203648239374161 0.11013473570346832 0.9913026690483093 -0.01083797961473465
1403638132.795097 0.9965335726737976 -0.050126440823078156 -0.06639492511749268 -0.0023227203637361526 0.042801570147275925 0.9932846426963806 -0.1074875146150589 -0.022102730348706245 0.0713370069861412 0.10427308082580566 0.9919871091842651 -0.010900445282459259
1403638132.845097 0.9961422085762024 -0.0575631707906723 -0.06623672693967819 -0.003289465792477131 0.04957706108689308 0.9919564723968506 -0.11646638065576553 -0.023029770702123642 0.07240812480449677 0.11273324489593506 0.9909834861755371 -0.011128174141049385
1403638132.895097 0.9953328371047974 -0.07168538868427277 -0.06460442394018173 -0.004002421163022518 0.06266572326421738 0.9892399907112122 -0.1322014331817627 -0.02294633351266384 0.07338619977235794 0.12753595411777496 0.9891151785850525 -0.011544167064130306
1403638132.945097 0.9944064617156982 -0.08109106868505478 -0.06767618656158447 -0.0038413999136537313 0.07057061791419983 0.986836314201355 -0.14551256597042084 -0.023176221176981926 0.07858508080244064 0.13992266356945038 0.9870389699935913 -0.011782851070165634
1403638132.9950972 0.9939014315605164 -0.08128388971090317 -0.0745173841714859 -0.0028035652358084917 0.06928696483373642 0.9860360026359558 -0.15143370628356934 -0.023456627503037453 0.08578593283891678 0.14534707367420197 0.9856545925140381 -0.011503491550683975
1403638133.0450969 0.9947256445884705 -0.06624533981084824 -0.07830871641635895 -0.0027840067632496357 0.054200418293476105 0.9876481890678406 -0.14701467752456665 -0.021918274462223053 0.08708048611879349 0.1419948935508728 0.9860295653343201 -0.011262491345405579
1403638133.095097 0.9959775805473328 -0.04537438228726387 -0.07726459205150604 -0.002705593593418598 0.03444980829954147 0.9899338483810425 -0.13727369904518127 -0.021476533263921738 0.08271554857492447 0.13405975699424744 0.9875150918960571 -0.010827073827385902
1403638133.145097 0.9966731667518616 -0.03590722009539604 -0.0731659084558487 -0.0022836518473923206 0.026455901563167572 0.9916420578956604 -0.12627768516540527 -0.020858634263277054 0.07708866149187088 0.12392190843820572 0.9892930388450623 -0.010607981123030186
1403638133.195097 0.9977178573608398 -0.02937137335538864 -0.06079772114753723 -0.0010509876301512122 0.02171434834599495 0.9921720027923584 -0.12297596037387848 -0.01919376105070114 0.06393375992774963 0.12137514352798462 0.9905456304550171 -0.009500312618911266
1403638133.245097 0.998480498790741 -0.029843954369425774 -0.046324316412210464 0.0017441249219700694 0.023925330489873886 0.9920639395713806 -0.12343702465295792 -0.016802070662379265 0.04964054003357887 0.12214116752147675 0.9912706017494202 -0.009366163983941078
1403638133.295097 0.9993290305137634 -0.02632608450949192 -0.02545894682407379 0.00434459513053298 0.02304491400718689 0.9923183917999268 -0.12154465168714523 -0.015212291851639748 0.028463177382946014 0.12087643891572952 0.9922593832015991 -0.007803953252732754
1403638133.345097 0.9997578859329224 -0.020909316837787628 -0.006850166246294975 0.00683248694986105 0.020007792860269547 0.9934653043746948 -0.11236657202243805 -0.014776382595300674 0.00915491208434105 0.11220229417085648 0.9936431646347046 -0.007267472799867392
1403638133.395097 0.9998111128807068 -0.015613235533237457 0.011577486991882324 0.008922004140913486 0.016719287261366844 0.9945860505104065 -0.10256324708461761 -0.013450277037918568 -0.009913460351526737 0.1027374342083931 0.9946590662002563 -0.007492751348763704
1403638133.445097 0.9992604851722717 -0.01150839775800705 0.036687809973955154 0.010904079303145409 0.014957605861127377 0.9953483939170837 -0.09517273306846619 -0.011865551583468914 -0.03542187437415123 0.09565111249685287 0.9947844743728638 -0.007448619231581688
1403638133.4950972 0.9980824589729309 -0.0157276950776577 0.05986641347408295 0.014074809849262238 0.021239543333649635 0.9954790472984314 -0.09257657080888748 -0.010509000159800053 -0.05813974142074585 0.09367059171199799 0.9939042329788208 -0.007091511972248554
1403638133.5450969 0.99614018201828 -0.02739167958498001 0.08339323103427887 0.01669728197157383 0.03486654907464981 0.9953727722167969 -0.08954017609357834 -0.009027996100485325 -0.08055468648672104 0.09210220724344254 0.992485761642456 -0.006904927548021078
1403638133.595097 0.9941871166229248 -0.04299671947956085 0.09870817512273788 0.01945313811302185 0.051274314522743225 0.9952368140220642 -0.08291459828615189 -0.008305564522743225 -0.09467294067144394 0.08749382942914963 0.9916561841964722 -0.00742895994335413
1403638133.645097 0.9923786520957947 -0.05952730402350426 0.10789359360933304 0.023619772866368294 0.0678829550743103 0.994832456111908 -0.0754995122551918 -0.006257012486457825 -0.10284173488616943 0.0822482481598854 0.9912914037704468 -0.007371463812887669
1403638133.695097 0.9901328086853027 -0.07063157111406326 0.12102970480918884 0.024730190634727478 0.07902336865663528 0.9946858882904053 -0.06599561125040054 -0.006092388182878494 -0.11572513729333878 0.07490860670804977 0.9904525279998779 -0.008774006739258766
1403638133.745097 0.9875897169113159 -0.0771297812461853 0.1368117779493332 0.029391763731837273 0.08603201806545258 0.9944605827331543 -0.060388267040252686 -0.0033646069932729006 -0.13139614462852478 0.07140903919935226 0.9887546896934509 -0.0077215759083628654
1403638133.795097 0.9844347238540649 -0.0782015398144722 0.15739411115646362 0.031047599390149117 0.08799675107002258 0.994531512260437 -0.05624843388795853 -0.002511209575459361 -0.15213464200496674 0.0692230686545372 0.9859326481819153 -0.008174311369657516
1403638133.845097 0.9811047911643982 -0.07352563738822937 0.178961843252182 0.03136422112584114 0.083794504404068 0.9952024221420288 -0.05050409212708473 -0.0013738905545324087 -0.17438991367816925 0.06454582512378693 0.9825589060783386 -0.008157096803188324
1403638133.895097 0.9784046411514282 -0.07280305027961731 0.19345343112945557 0.0325702503323555 0.0828162282705307 0.9955852627754211 -0.04417679086327553 -0.0005479265819303691 -0.18938317894935608 0.05924385413527489 0.9801144003868103 -0.008120871149003506
1403638133.945097 0.9760981202125549 -0.07350500673055649 0.2045227289199829 0.03358795866370201 0.08368418365716934 0.9956250786781311 -0.04156288132071495 -0.0009175471495836973 -0.20057284832000732 0.057684753090143204 0.9779791831970215 -0.008602219633758068
1403638133.9950972 0.9747015833854675 -0.07387419790029526 0.21094952523708344 0.033837564289569855 0.08482044190168381 0.9954544305801392 -0.04330993816256523 -0.0007846996886655688 -0.20679116249084473 0.06010708585381508 0.9765371084213257 -0.007928094826638699
1403638134.0450969 0.9746870398521423 -0.07037969678640366 0.21220777928829193 0.03356064110994339 0.08113528043031693 0.9958007335662842 -0.04239870235323906 -0.0006588047253899276 -0.20833267271518707 0.05854298919439316 0.9763043522834778 -0.006786359008401632
1403638134.095097 0.9756954908370972 -0.0623856745660305 0.21006305515766144 0.032058220356702805 0.0714329183101654 0.9968043565750122 -0.03575336933135986 -0.0008707747329026461 -0.20716126263141632 0.04988981783390045 0.9770338535308838 -0.004649964161217213
1403638134.145097 0.9769924283027649 -0.053143564611673355 0.20654647052288055 0.030881311744451523 0.060789987444877625 0.9976738095283508 -0.030847353860735893 -0.0012235878966748714 -0.20442669093608856 0.042693592607975006 0.977950394153595 -0.0034727752208709717
1403638134.195097 0.9769593477249146 -0.04909340664744377 0.20770256221294403 0.02893718145787716 0.05737115070223808 0.9977731704711914 -0.03401583060622215 -0.0022582393139600754 -0.20557014644145966 0.04514820873737335 0.9776003956794739 -0.002164981560781598
1403638134.245097 0.976354718208313 -0.055622998625040054 0.208895742893219 0.02818141132593155 0.0675492137670517 0.9964424967765808 -0.05039298161864281 -0.0028203052934259176 -0.20534957945346832 0.06331217288970947 0.9766386151313782 3.1797681003808975e-05
1403638134.295097 0.9755067229270935 -0.06365702301263809 0.21055756509304047 0.02593657560646534 0.07846478372812271 0.9949413537979126 -0.06272829324007034 -0.0037396010011434555 -0.20549936592578888 0.07771321386098862 0.9755668640136719 0.0015107383951544762
1403638134.345097 0.9753199815750122 -0.07286310940980911 0.2084270864725113 0.022718727588653564 0.08757897466421127 0.9942101836204529 -0.06225809454917908 -0.004733896814286709 -0.2026839703321457 0.0789753794670105 0.976054310798645 0.004750221036374569
1403638134.395097 0.9760878086090088 -0.0828382819890976 0.20097346603870392 0.022158857434988022 0.09610393643379211 0.9937289357185364 -0.05715721845626831 -0.005030578933656216 -0.19497832655906677 0.07510480284690857 0.9779276847839355 0.007278236094862223
1403638134.445097 0.9764031171798706 -0.09047831594944 0.19608815014362335 0.020456932485103607 0.10228651016950607 0.9934502243995667 -0.05093207210302353 -0.006034500431269407 -0.19019557535648346 0.06978739798069 0.9792627096176147 0.008545838296413422
1403638134.4950972 0.9761664271354675 -0.09824656695127487 0.19351118803024292 0.017767157405614853 0.11009297519922256 0.9925903081893921 -0.051420751959085464 -0.006829394027590752 -0.18702538311481476 0.07149942964315414 0.9797496795654297 0.010989775881171227
1403638134.5450969 0.9754485487937927 -0.10790156573057175 0.19198276102542877 0.013582166284322739 0.1200539693236351 0.9913622736930847 -0.05280131846666336 -0.007661973126232624 -0.18462711572647095 0.07455325126647949 0.9799769520759583 0.01201547496020794
1403638134.595097 0.9756963849067688 -0.1180247962474823 0.18462559580802917 0.011255644261837006 0.13007047772407532 0.9900051355361938 -0.054511018097400665 -0.008752921596169472 -0.17634661495685577 0.07720054686069489 0.9812961220741272 0.012745309621095657
1403638134.645097 0.9759919047355652 -0.12255135178565979 0.1800580620765686 0.008804844692349434 0.13358615338802338 0.9897522926330566 -0.050447553396224976 -0.009682165458798409 -0.1720304638147354 0.07328967750072479 0.9823615550994873 0.013500348664820194
1403638134.695097 0.9768865704536438 -0.12307143211364746 0.17477455735206604 0.006660349667072296 0.13261139392852783 0.9901930689811707 -0.04395259916782379 -0.009079392068088055 -0.1676512360572815 0.06611379235982895 0.9836271405220032 0.014581981115043163
1403638134.745097 0.9780223965644836 -0.1230192705988884 0.16834001243114471 0.0035964236594736576 0.13030721247196198 0.9909273386001587 -0.032910849899053574 -0.010034751147031784 -0.1627640426158905 0.05412347614765167 0.9851794242858887 0.015340892598032951
1403638134.795097 0.9792378544807434 -0.11858877539634705 0.16440746188163757 0.00086372927762568 0.123679019510746 0.9920992255210876 -0.02104124054312706 -0.010333971120417118 -0.1606132686138153 0.040938135236501694 0.9861680865287781 0.015780648216605186
1403638134.845097 0.9801746010780334 -0.11297129839658737 0.16277340054512024 -0.0010865838266909122 0.11692257970571518 0.9930297136306763 -0.014871519058942795 -0.010679122060537338 -0.15995873510837555 0.033608578145504 0.9865514636039734 0.016398774459958076
1403638134.895097 0.9804192781448364 -0.1094818189740181 0.16368143260478973 -0.0035281667951494455 0.1134907454252243 0.9934210181236267 -0.01531621441245079 -0.011823372915387154 -0.16092771291732788 0.03359265252947807 0.9863942861557007 0.016719317063689232
1403638134.945097 0.9802975058555603 -0.10865341871976852 0.16495811939239502 -0.005976283922791481 0.11395484209060669 0.993219792842865 -0.02299323119223118 -0.012665157206356525 -0.16134139895439148 0.041337981820106506 0.9860324263572693 0.016929039731621742
1403638134.9950972 0.9802284240722656 -0.10932937264442444 0.16492222249507904 -0.007367145270109177 0.11561862379312515 0.9928702712059021 -0.029000161215662956 -0.01285822968930006 -0.16057580709457397 0.04749486967921257 0.9858800768852234 0.016756022348999977
1403638135.0450969 0.9810062050819397 -0.10261818021535873 0.1646098792552948 -0.009053714573383331 0.10842946171760559 0.9937458634376526 -0.026690928265452385 -0.012597176246345043 -0.16084139049053192 0.04403253272175789 0.9859976172447205 0.017296157777309418
1403638135.095097 0.982250988483429 -0.0948093980550766 0.16184531152248383 -0.010597197338938713 0.09908805787563324 0.9949057698249817 -0.01855442114174366 -0.012547679245471954 -0.15926167368888855 0.034262046217918396 0.9866416454315186 0.017869427800178528
1403638135.145097 0.983656108379364 -0.08706680685281754 0.15760661661624908 -0.01201004907488823 0.09005098789930344 0.9958663582801819 -0.011879520490765572 -0.0121698547154665 -0.1559208333492279 0.02587798982858658 0.9874305129051208 0.018068702891469002
1403638135.195097 0.9843182563781738 -0.08172197639942169 0.15632906556129456 -0.012831006199121475 0.08375737816095352 0.996465265750885 -0.006465977057814598 -0.01153187919408083 -0.15524809062480927 0.01945829577744007 0.9876838326454163 0.018078429624438286
1403638135.245097 0.9845749139785767 -0.07782480865716934 0.15670199692249298 -0.01378343254327774 0.0788087323307991 0.9968898296356201 -6.599748303415254e-05 -0.011087740771472454 -0.15620951354503632 0.012414464727044106 0.9876459240913391 0.017918847501277924
1403638135.295097 0.984603762626648 -0.07434617727994919 0.15820303559303284 -0.013520326465368271 0.07546669244766235 0.997147798538208 -0.0010787863284349442 -0.010438209399580956 -0.15767161548137665 0.013001239858567715 0.9874060153961182 0.017605507746338844
1403638135.345097 0.9840816855430603 -0.07461212575435638 0.16129551827907562 -0.013063319958746433 0.07671824842691422 0.997029185295105 -0.006860463414341211 -0.009394860826432705 -0.1603044867515564 0.019125569611787796 0.9868823289871216 0.017928816378116608
1403638135.395097 0.9832170009613037 -0.07391481846570969 0.16679556667804718 -0.012263593263924122 0.07670921087265015 0.9969995617866516 -0.010364480316638947 -0.008456927724182606 -0.16552899777889252 0.02298528514802456 0.9859370589256287 0.017616525292396545
1403638135.445097 0.9821168780326843 -0.06809727102518082 0.1755252480506897 -0.011218206025660038 0.07056736201047897 0.9974760413169861 -0.007862159982323647 -0.007451527286320925 -0.17454683780670166 0.02010791189968586 0.9844436049461365 0.01730748638510704
1403638135.4950972 0.9813770055770874 -0.06324406713247299 0.18138116598129272 -0.009592197835445404 0.06479872763156891 0.9978948831558228 -0.0026522809639573097 -0.0065273623913526535 -0.18083158135414124 0.014356153085827827 0.9834093451499939 0.01663018763065338
1403638135.5450969 0.9806382060050964 -0.061957500874996185 0.1857682764530182 -0.008390872739255428 0.06162683665752411 0.9980707168579102 0.007559579331427813 -0.006122153718024492 -0.18587827682495117 0.004035103600472212 0.9825645089149475 0.016205986961722374
1403638135.595097 0.9792232513427734 -0.05626169964671135 0.19482378661632538 -0.006664793007075787 0.054495178163051605 0.9984099268913269 0.014419629238545895 -0.005664043128490448 -0.19532528519630432 -0.0035030744038522243 0.9807323217391968 0.015858348459005356
1403638135.645097 0.9773963689804077 -0.05608731135725975 0.20383921265602112 -0.004385796375572681 0.05496010184288025 0.9984259009361267 0.011191284283995628 -0.005572806112468243 -0.20414601266384125 0.0002647065557539463 0.978940486907959 0.01451122760772705
1403638135.695097 0.9747127890586853 -0.06509459763765335 0.2137705534696579 -0.0018977951258420944 0.06585643440485 0.9978227019309998 0.0035635363310575485 -0.005628586746752262 -0.2135370820760727 0.010604743845760822 0.9768773913383484 0.012985548004508018
1403638135.745097 0.9723572134971619 -0.07819466292858124 0.2200164794921875 0.0005182514432817698 0.08093380182981491 0.9967135190963745 -0.0034492698032408953 -0.0055064857006073 -0.219023659825325 0.021160699427127838 0.9754900932312012 0.011790113523602486
1403638135.795097 0.9705456495285034 -0.08839210867881775 0.22411637008190155 0.002128178719431162 0.09117366373538971 0.9958328604698181 -0.0020723077468574047 -0.004812439903616905 -0.22299927473068237 0.02244478464126587 0.9745601415634155 0.011483609676361084
1403638135.845097 0.9698682427406311 -0.08451218158006668 0.22850187122821808 0.003832564689218998 0.08635364472866058 0.9962626695632935 0.0019460058538243175 -0.0034388245549052954 -0.22781236469745636 0.01784459874033928 0.9735413789749146 0.010841961950063705
1403638135.895097 0.9690460562705994 -0.07235395163297653 0.23603928089141846 0.005542895756661892 0.07124549895524979 0.9973710775375366 0.013233238831162453 -0.0022755214013159275 -0.23637625575065613 0.003993116319179535 0.9716532826423645 0.009092986583709717
1403638135.945097 0.9686055183410645 -0.06230495125055313 0.24066857993602753 0.00792541354894638 0.057630959898233414 0.9979884028434753 0.02641780860722065 -0.002182708354666829 -0.24183039367198944 -0.011718472465872765 0.9702476859092712 0.007065102458000183
1403638135.9950972 0.966918408870697 -0.05504989996552467 0.24907460808753967 0.009947646409273148 0.048691436648368835 0.9983131885528564 0.03162263706326485 -0.0024903651792556047 -0.25039517879486084 -0.018448704853653908 0.9679678678512573 0.005859226454049349
1403638136.0450969 0.9642032980918884 -0.049438878893852234 0.26051419973373413 0.011685457080602646 0.04458630084991455 0.9987049102783203 0.024507645517587662 -0.002895750105381012 -0.26138836145401 -0.012014986015856266 0.9651588797569275 0.004453304223716259
1403638136.095097 0.9612634778022766 -0.05129104107618332 0.2708171606063843 0.014421951025724411 0.05092628300189972 0.9986671805381775 0.008378816768527031 -0.0031645712442696095 -0.2708859443664551 0.005737457424402237 0.9625943303108215 0.002981556113809347
1403638136.145097 0.9585858583450317 -0.06088336557149887 0.27821993827819824 0.016793807968497276 0.06539575010538101 0.9978350400924683 -0.006958085112273693 -0.004135319497436285 -0.27719396352767944 0.02486432157456875 0.9604921936988831 0.0011151116341352463
1403638136.195097 0.9563798904418945 -0.07150519639253616 0.2832391560077667 0.018829595297574997 0.08061233162879944 0.9965323209762573 -0.020614277571439743 -0.004642728250473738 -0.2807829976081848 0.04254765436053276 0.9588277339935303 -0.0013890499249100685
1403638136.245097 0.9541564583778381 -0.07551846653223038 0.28962454199790955 0.02099459245800972 0.08646316826343536 0.995937168598175 -0.02516269125044346 -0.003821474965661764 -0.28654757142066956 0.04905100539326668 0.9568095207214355 -0.001856239978224039
1403638136.295097 0.9516937136650085 -0.0713723674416542 0.2986384332180023 0.024710437282919884 0.0830196887254715 0.9961959719657898 -0.026481641456484795 -0.0031974974554032087 -0.2956124246120453 0.04999528452754021 0.9539988040924072 -0.0030419649556279182
1403638136.345097 0.948936402797699 -0.06618200987577438 0.30844685435295105 0.027121061459183693 0.07708919793367386 0.9967519640922546 -0.02329643815755844 -0.0024838626850396395 -0.30590322613716125 0.045884761959314346 0.9509562253952026 -0.0044920071959495544
1403638136.395097 0.9471526145935059 -0.06412055343389511 0.3143095374107361 0.028743743896484375 0.07378475368022919 0.9970945119857788 -0.018934110179543495 -0.0011547923786565661 -0.3121821880340576 0.04112473502755165 0.9491317272186279 -0.004903238732367754
1403638136.445097 0.9452757835388184 -0.06043034791946411 0.32062727212905884 0.03025040589272976 0.06828320026397705 0.9975774884223938 -0.013294292613863945 -0.00026877265190705657 -0.31904712319374084 0.03446022793650627 0.9471122026443481 -0.005604996345937252
1403638136.4950972 0.9433159828186035 -0.06239432841539383 0.32597851753234863 0.030778925865888596 0.06903064250946045 0.9975754618644714 -0.008818521164357662 -5.694162246072665e-05 -0.3246379792690277 0.03082115575671196 0.9453360438346863 -0.006206150632351637
1403638136.5450969 0.9411926865577698 -0.07522673159837723 0.3293892443180084 0.03107120469212532 0.08041486889123917 0.9967591166496277 -0.002134077250957489 -0.00011007351713487878 -0.32816118001937866 0.02849636599421501 0.9441918134689331 -0.006536715663969517
1403638136.595097 0.9404364228248596 -0.08690755814313889 0.32867348194122314 0.02880490943789482 0.09200036525726318 0.9957589507102966 5.6216493248939514e-05 -0.002329302718862891 -0.32728445529937744 0.030185213312506676 0.9444437026977539 -0.007893581874668598
1403638136.645097 0.9422268867492676 -0.09686937928199768 0.32066279649734497 0.027982933446764946 0.10319753736257553 0.994657039642334 -0.0027558133006095886 -0.002963932463899255 -0.31868258118629456 0.035688210278749466 0.9471895098686218 -0.008015990257263184
1403638136.695097 0.9452458024024963 -0.10422645509243011 0.3092687427997589 0.028852632269263268 0.11147884279489517 0.993749737739563 -0.005819860380142927 -0.0022765540052205324 -0.30672913789749146 0.03997812420129776 0.9509567618370056 -0.007586010731756687
1403638136.745097 0.9489825367927551 -0.10911716520786285 0.29584720730781555 0.027224166318774223 0.11628647148609161 0.9931930899620056 -0.006690612994134426 -0.0031960553023964167 -0.29310333728790283 0.04075229540467262 0.9552118182182312 -0.0077513959258794785
1403638136.795097 0.953201949596405 -0.1160566657781601 0.2791717052459717 0.02453010343015194 0.12409280240535736 0.9922071099281311 -0.011223345063626766 -0.004253962077200413 -0.2756935954093933 0.04534131661057472 0.9601755142211914 -0.007001694291830063
1403638136.845097 0.9569384455680847 -0.12738651037216187 0.2608475983142853 0.022108063101768494 0.1376841813325882 0.9902424812316895 -0.02151346206665039 -0.0051855603232979774 -0.25556179881095886 0.05650164559483528 0.9651402235031128 -0.006604240275919437
1403638136.895097 0.9590502977371216 -0.14355508983135223 0.24416065216064453 0.01840953342616558 0.15711215138435364 0.9868918657302856 -0.0368819497525692 -0.006762839388102293 -0.23566560447216034 0.07373226433992386 0.9690330624580383 -0.006214232183992863
1403638136.945097 0.9601881504058838 -0.1567365527153015 0.23124080896377563 0.015572754666209221 0.17388750612735748 0.9831934571266174 -0.05562323331832886 -0.007302099838852882 -0.21863624453544617 0.09361865371465683 0.9713051319122314 -0.005626607686281204
1403638136.9950972 0.9610894322395325 -0.16546230018138885 0.22119934856891632 0.014090131036937237 0.18485425412654877 0.9802765846252441 -0.06990364193916321 -0.006279625929892063 -0.2052701711654663 0.10807330906391144 0.9727200269699097 -0.004234921652823687
1403638137.0450969 0.9626632332801819 -0.16990292072296143 0.21074263751506805 0.011674566194415092 0.18934647738933563 0.9789915084838867 -0.0756533220410347 -0.005453747697174549 -0.1934615522623062 0.11273207515478134 0.9746096134185791 -0.003024071455001831
1403638137.095097 0.9649327397346497 -0.16477930545806885 0.20433413982391357 0.009524870663881302 0.1827290952205658 0.9805082678794861 -0.07220400124788284 -0.004107702057808638 -0.18845359981060028 0.10700979828834534 0.9762346148490906 -0.0019183782860636711
1403638137.145097 0.9677592515945435 -0.15430644154548645 0.19907674193382263 0.007848715409636497 0.16998924314975739 0.9833556413650513 -0.0641486719250679 -0.0021986195351928473 -0.18586471676826477 0.09592137485742569 0.9778820872306824 -0.0005760202184319496
1403638137.195097 0.9709782600402832 -0.14233748614788055 0.19220048189163208 0.006062368396669626 0.15475408732891083 0.9866285920143127 -0.051137201488018036 -0.0008172231027856469 -0.182351753115654 0.07939692586660385 0.9800223708152771 -9.152363054454327e-05
1403638137.245097 0.9739680886268616 -0.12907542288303375 0.1863478571176529 0.004334963858127594 0.1382911503314972 0.989689826965332 -0.037277188152074814 0.0015959740849211812 -0.17961500585079193 0.06207707151770592 0.9817762970924377 0.0014639439759775996
1403638137.295097 0.9763117432594299 -0.11841807514429092 0.1810867339372635 0.0030744296964257956 0.1253417581319809 0.9917395710945129 -0.02723979763686657 0.0027101754676550627 -0.1763651818037033 0.049292270094156265 0.983089804649353 0.0022203181870281696
1403638137.345097 0.9777573943138123 -0.11385849863290787 0.1761438101530075 0.001812152797356248 0.11903208494186401 0.9927074909210205 -0.019054405391216278 0.004988694563508034 -0.17268981039524078 0.039597347378730774 0.9841799736022949 0.003145337337628007
1403638137.395097 0.9785955548286438 -0.10595815628767014 0.17641876637935638 0.0009658969356678426 0.10959843546152115 0.9939151406288147 -0.010991559363901615 0.0071282885037362576 -0.17418064177036285 0.03009151481091976 0.9842538237571716 0.004012304823845625
1403638137.445097 0.9791190028190613 -0.09615244716405869 0.17911073565483093 0.000189488404430449 0.09763138741254807 0.9952224493026733 0.0005601173033937812 0.009440219961106777 -0.17830891907215118 0.016938408836722374 0.9838287830352783 0.004780381917953491
1403638137.4950972 0.9795631766319275 -0.0835287943482399 0.18297263979911804 -0.0004561576060950756 0.08234793692827225 0.9965044856071472 0.014055760577321053 0.011512674391269684 -0.18350715935230255 0.001298912800848484 0.9830175638198853 0.005606391467154026
1403638137.5450969 0.9799938201904297 -0.06851987540721893 0.18686097860336304 -0.0009527438087388873 0.06410358101129532 0.997504711151123 0.02958233654499054 0.013575520366430283 -0.18842169642448425 -0.01701204851269722 0.9819408655166626 0.006777964998036623
1403638137.595097 0.9795445203781128 -0.05129656568169594 0.1945795714855194 -0.0012183034559711814 0.04402698948979378 0.9981678128242493 0.04150579124689102 0.015342595055699348 -0.19635216891765594 -0.032090019434690475 0.9800081849098206 0.007518012076616287
1403638137.645097 0.9787399172782898 -0.04658999294042587 0.19974368810653687 -0.0015320702223107219 0.038202784955501556 0.998227059841156 0.045642465353012085 0.01678805984556675 -0.2015160620212555 -0.03704133629798889 0.9787845611572266 0.008152428083121777
1403638137.695097 0.9770923256874084 -0.044055987149477005 0.2082054615020752 -0.0018099703593179584 0.035703811794519424 0.998406171798706 0.04370608180761337 0.018130680546164513 -0.209799125790596 -0.03527114540338516 0.9771081805229187 0.008511984720826149
1403638137.745097 0.9756303429603577 -0.04589642211794853 0.21456682682037354 -0.0018604286015033722 0.038097891956567764 0.9984593391418457 0.04034292697906494 0.019090577960014343 -0.21608786284923553 -0.031185248866677284 0.9758757948875427 0.00883225817233324
1403638137.795097 0.9746611714363098 -0.05039291828870773 0.21793627738952637 -0.0019601231906563044 0.04200237989425659 0.9981932640075684 0.04296569526195526 0.020133718848228455 -0.219707652926445 -0.03272314742207527 0.9750167727470398 0.00934874638915062
1403638137.845097 0.9740084409713745 -0.04762060195207596 0.22144930064678192 -0.002046106616035104 0.03755125775933266 0.9980699419975281 0.049462538212537766 0.02109992317855358 -0.2233772575855255 -0.03986123204231262 0.9739166498184204 0.009643885307013988
1403638137.895097 0.9736870527267456 -0.040596768260002136 0.22424401342868805 -0.0021038942504674196 0.02704048343002796 0.9976348280906677 0.06319797039031982 0.021955350413918495 -0.22627921402454376 -0.05547138303518295 0.9724817276000977 0.009663833305239677
1403638137.945097 0.9734611511230469 -0.032493457198143005 0.22653396427631378 -0.0022070277482271194 0.01476455107331276 0.9967237114906311 0.07952135801315308 0.022798793390393257 -0.22837574779987335 -0.07406627386808395 0.9707515835762024 0.00975173432379961
1403638137.9950972 0.9738746881484985 -0.026302309706807137 0.22555796802043915 -0.002352365292608738 0.00531460577622056 0.9956373572349548 0.09315479546785355 0.02328149601817131 -0.2270241528749466 -0.0895223394036293 0.969765841960907 0.010018298402428627
1403638138.0450969 0.9742127656936646 -0.021484464406967163 0.2246062159538269 -0.0023164290469139814 -0.00023936836805660278 0.9953572750091553 0.0962480828166008 0.02367911860346794 -0.22563126683235168 -0.09381988644599915 0.9696845412254333 0.01044925395399332
1403638138.095097 0.9741595387458801 -0.01843138597905636 0.22510765492916107 -0.0023705312050879 -0.002659061923623085 0.9956596493721008 0.0930299311876297 0.023802047595381737 -0.2258453369140625 -0.0912245661020279 0.9698823690414429 0.011030003428459167
